320 5
1 40 45 45 43 
1 0 0 0 0 0 3 1 2 3 
4 0 4 8 0 0 3 4 6 15 
1 0 5 0 0 5 2 5 13 
5 0 4 0 0 3 2 7 26 
9 0 0 3 0 3 3 14 17 29 
10 0 0 4 3 0 3 9 10 25 
6 0 9 0 2 2 1 20 
1 0 0 4 0 0 3 8 10 28 
9 0 9 5 0 0 2 18 21 
2 0 0 10 7 0 1 16 
8 0 0 0 7 3 3 11 12 19 
8 1 0 0 0 0 1 18 
8 1 0 0 0 0 1 21 
2 0 4 10 0 7 1 21 
2 0 8 0 3 0 3 19 24 27 
10 0 3 2 4 5 1 27 
8 0 7 5 0 0 1 29 
10 0 10 3 0 0 1 22 
2 0 0 0 1 0 1 24 
10 1 0 0 0 0 1 30 
5 0 3 0 5 0 1 23 
3 1 0 0 0 0 1 24 
6 0 9 0 10 3 1 23 
5 0 2 5 0 4 1 25 
10 0 0 0 0 2 1 30 
10 0 5 6 0 10 1 30 
8 0 0 5 0 0 1 27 
10 0 0 5 0 0 1 28 
2 1 0 0 0 0 1 31 
10 1 0 0 0 0 1 31 
3 0 3 0 5 0 1 31 
1 0 0 0 0 0 0 
1 0 0 0 0 0 3 33 34 35 
7 0 5 1 0 0 3 37 48 49 
2 0 0 5 10 10 3 36 42 52 
9 0 6 4 5 7 3 37 38 54 
1 0 3 0 4 2 3 39 49 50 
10 0 6 3 2 1 2 47 51 
7 0 4 9 6 0 2 40 44 
10 0 4 5 8 5 3 40 43 47 
6 0 6 0 5 0 1 41 
8 0 0 9 2 6 2 45 55 
6 0 0 3 3 2 3 49 51 54 
3 0 7 2 0 0 2 57 62 
4 0 0 1 7 9 2 52 53 
2 1 0 0 0 0 1 46 
10 0 0 10 3 0 1 56 
7 0 5 9 4 9 2 55 61 
4 0 2 8 0 2 2 58 59 
4 0 9 0 9 3 2 53 60 
7 0 2 0 7 0 3 51 54 56 
3 1 0 0 0 0 1 58 
2 1 0 0 0 0 1 57 
1 1 0 0 0 0 3 56 57 62 
9 0 10 7 5 5 2 55 60 
10 0 4 6 9 6 1 62 
7 0 5 0 2 0 1 61 
4 1 0 0 0 0 1 58 
3 1 0 0 0 0 1 61 
10 0 1 9 3 0 1 60 
8 0 9 9 3 7 1 63 
9 0 4 8 9 0 1 63 
10 0 1 6 4 9 1 63 
1 0 0 0 0 0 0 
1 0 0 0 0 0 3 65 66 67 
8 0 8 2 2 7 3 71 72 73 
7 0 7 5 5 4 3 69 75 80 
4 0 3 10 1 8 3 68 77 78 
10 0 7 10 8 7 3 70 74 76 
7 0 2 10 10 10 3 79 85 87 
1 0 4 6 1 10 2 79 94 
1 0 7 1 10 3 3 76 81 85 
1 0 6 5 10 2 2 75 82 
5 0 8 10 5 1 3 76 78 81 
3 0 7 9 5 5 3 83 85 90 
4 0 9 1 10 5 3 83 86 87 
8 0 5 3 7 6 3 79 88 90 
7 0 9 9 2 9 3 80 82 86 
10 0 2 9 10 3 3 80 82 87 
5 1 0 0 0 0 1 93 
6 0 5 7 7 3 2 84 91 
10 0 3 10 2 4 3 83 86 90 
5 1 0 0 0 0 2 84 89 
1 1 0 0 0 0 2 84 88 
3 0 7 10 9 1 2 92 94 
6 1 0 0 0 0 1 89 
3 0 6 5 4 10 2 88 93 
4 1 0 0 0 0 1 92 
5 1 0 0 0 0 1 89 
3 0 5 3 5 5 1 91 
3 1 0 0 0 0 2 91 93 
7 0 8 7 1 9 2 92 94 
9 0 1 5 10 2 1 95 
8 0 1 2 4 6 1 95 
3 0 9 2 4 4 1 95 
1 0 0 0 0 0 0 
1 0 0 0 0 0 3 97 98 99 
1 0 2 7 9 1 3 115 122 123 
5 0 4 2 9 1 2 104 121 
9 0 5 8 1 1 3 100 102 103 
6 0 10 8 3 10 3 101 105 106 
1 0 6 3 1 7 1 120 
8 0 5 10 3 1 2 109 110 
3 0 9 6 3 4 1 123 
9 0 8 10 2 9 1 109 
6 0 7 3 10 8 1 111 
7 0 4 3 3 4 2 107 108 
1 1 0 0 0 0 1 125 
8 1 0 0 0 0 2 116 124 
10 0 7 4 5 5 1 112 
2 0 7 2 6 8 1 120 
8 1 0 0 0 0 1 114 
9 0 1 8 1 1 3 113 117 119 
6 0 6 8 4 8 1 122 
10 0 10 8 10 10 1 118 
9 0 2 1 10 6 2 116 124 
7 0 5 10 6 8 1 118 
1 1 0 0 0 0 2 118 120 
7 0 1 1 2 7 1 125 
4 0 4 7 7 9 1 126 
8 0 4 7 4 2 1 123 
10 0 8 1 1 4 1 122 
1 0 10 4 3 1 1 125 
5 0 3 5 6 9 2 124 126 
1 0 9 1 2 1 1 127 
8 0 4 2 5 2 1 127 
8 0 9 2 2 7 1 127 
1 0 0 0 0 0 0 
1 0 0 0 0 0 3 129 130 131 
1 0 4 6 3 4 3 135 136 143 
8 0 2 6 6 2 3 137 142 147 
6 0 6 7 7 6 3 132 135 142 
6 0 1 9 6 2 3 133 138 150 
4 0 7 9 5 6 3 134 143 146 
8 0 9 6 1 6 2 139 145 
7 0 7 3 8 2 3 139 140 146 
9 0 7 5 1 7 3 137 138 152 
4 0 5 4 7 8 2 145 150 
1 0 7 7 2 5 3 145 146 153 
6 1 0 0 0 0 3 141 147 155 
5 0 2 5 6 3 3 141 144 147 
6 0 4 2 2 7 2 151 152 
10 0 5 7 4 10 1 148 
10 0 6 8 2 1 2 152 155 
2 0 4 9 8 1 3 149 150 155 
6 1 0 0 0 0 1 158 
6 0 7 5 8 3 3 148 149 157 
5 0 2 8 3 5 3 148 149 153 
3 0 6 10 6 2 1 151 
2 0 2 10 4 8 1 154 
9 1 0 0 0 0 2 151 154 
10 0 9 5 9 4 2 156 158 
9 0 10 8 8 5 3 153 154 157 
2 0 10 9 8 9 1 156 
8 0 1 10 7 4 1 158 
7 0 7 1 1 7 2 156 157 
3 0 8 5 5 3 1 159 
7 0 5 10 10 7 1 159 
2 0 8 2 3 6 1 159 
1 0 0 0 0 0 0 
1 0 0 0 0 0 3 161 162 163 
7 0 0 0 0 7 3 164 173 182 
6 0 10 0 3 0 3 167 171 179 
5 0 0 0 8 5 3 167 171 177 
10 0 5 0 0 0 3 165 166 180 
9 1 0 0 0 0 1 170 
7 0 8 0 1 0 2 174 175 
10 0 0 9 0 2 3 168 170 187 
2 0 0 0 0 9 3 169 181 185 
9 0 0 2 2 0 1 172 
10 0 0 0 3 4 2 176 181 
3 0 8 0 1 9 1 182 
2 0 0 9 1 0 1 180 
8 0 7 0 10 0 3 178 184 188 
5 1 0 0 0 0 1 179 
8 0 2 1 3 0 1 178 
4 0 0 4 4 7 3 184 188 189 
3 0 8 0 6 4 2 179 186 
6 1 0 0 0 0 3 181 183 185 
5 0 2 3 1 6 2 183 184 
9 0 3 10 6 0 1 189 
9 0 1 0 0 8 1 190 
2 0 9 0 0 2 3 183 186 188 
8 0 0 0 4 4 1 187 
6 0 8 0 0 0 1 185 
2 0 0 3 0 4 1 190 
9 0 0 5 0 9 2 187 189 
1 0 0 0 4 0 1 190 
2 0 5 0 3 4 1 191 
8 0 8 0 0 0 1 191 
6 0 0 0 0 3 1 191 
1 0 0 0 0 0 0 
1 0 0 0 0 0 3 193 194 195 
9 0 0 6 6 0 3 196 198 208 
6 0 7 3 1 0 3 199 206 213 
10 0 0 0 9 1 3 197 203 217 
5 0 5 0 0 5 2 200 202 
6 0 4 7 0 8 2 210 214 
8 0 9 8 8 3 2 201 218 
3 0 0 0 0 9 1 222 
8 0 0 0 0 3 3 204 217 221 
7 0 0 0 9 3 2 205 212 
2 1 0 0 0 0 1 217 
4 0 0 0 6 0 2 207 213 
7 1 0 0 0 0 1 212 
10 0 0 4 8 0 1 220 
8 0 0 5 6 0 1 215 
6 0 3 0 7 6 3 209 211 216 
3 1 0 0 0 0 1 218 
7 1 0 0 0 0 1 219 
5 0 0 8 2 0 1 220 
10 1 0 0 0 0 1 219 
8 0 2 5 0 0 1 220 
1 0 0 0 3 0 1 214 
5 0 8 2 0 1 1 222 
2 0 1 0 0 0 1 219 
1 1 0 0 0 0 1 218 
7 0 0 2 3 0 1 222 
4 0 2 0 0 0 1 221 
8 0 0 0 9 1 1 221 
4 0 3 0 6 0 1 223 
5 0 0 0 7 10 1 223 
10 0 0 6 6 0 1 223 
1 0 0 0 0 0 0 
1 0 0 0 0 0 3 225 226 227 
7 0 0 0 0 7 3 228 237 246 
6 0 10 0 3 0 3 231 235 243 
5 0 0 0 8 5 3 231 235 241 
10 0 5 0 0 0 3 229 230 244 
9 1 0 0 0 0 1 234 
7 0 8 0 1 0 2 238 239 
10 0 0 9 0 2 3 232 234 251 
2 0 0 0 0 9 3 233 245 249 
9 0 0 2 2 0 1 236 
10 0 0 0 3 4 2 240 245 
3 0 8 0 1 9 1 246 
2 0 0 9 1 0 1 244 
8 0 7 0 10 0 3 242 248 252 
5 1 0 0 0 0 1 243 
8 0 2 1 3 0 1 242 
4 0 0 4 4 7 3 248 252 253 
3 0 8 0 6 4 2 243 250 
6 1 0 0 0 0 3 245 247 249 
5 0 2 3 1 6 2 247 248 
9 0 3 10 6 0 1 253 
9 0 1 0 0 8 1 254 
2 0 9 0 0 2 3 247 250 252 
8 0 0 0 4 4 1 251 
6 0 8 0 0 0 1 249 
2 0 0 3 0 4 1 254 
9 0 0 5 0 9 2 251 253 
1 0 0 0 4 0 1 254 
2 0 5 0 3 4 1 255 
8 0 8 0 0 0 1 255 
6 0 0 0 0 3 1 255 
1 0 0 0 0 0 0 
1 0 0 0 0 0 3 257 258 259 
9 1 0 0 0 0 1 280 
2 0 3 10 7 7 2 261 268 
2 0 2 8 1 8 3 260 262 264 
10 0 4 5 9 5 2 263 270 
10 0 9 4 4 7 3 266 279 280 
7 0 9 1 5 7 1 275 
6 0 5 3 5 1 3 265 273 278 
10 0 7 6 9 2 3 267 274 275 
6 0 10 9 6 5 2 274 277 
3 1 0 0 0 0 2 282 285 
10 0 10 10 6 8 3 269 276 281 
8 1 0 0 0 0 2 272 274 
3 1 0 0 0 0 3 271 277 278 
4 0 9 4 6 6 1 271 
7 0 8 6 9 5 3 272 279 282 
8 0 10 6 10 3 1 280 
10 1 0 0 0 0 3 276 281 286 
9 0 4 4 8 5 2 276 283 
6 0 1 1 9 1 2 278 282 
7 0 6 2 4 2 1 284 
9 1 0 0 0 0 2 279 284 
2 0 10 6 10 6 1 286 
8 0 9 6 9 8 2 283 285 
7 0 1 9 6 1 1 284 
3 0 9 1 8 9 1 285 
5 0 6 8 10 4 1 283 
5 0 5 4 1 8 1 286 
6 0 1 2 6 5 1 287 
2 0 7 2 4 10 1 287 
4 0 4 7 5 2 1 287 
1 0 0 0 0 0 0 
1 0 0 0 0 0 3 289 290 291 
8 0 10 9 4 7 3 295 308 316 
8 0 9 5 9 9 3 292 293 307 
5 0 8 10 8 1 3 295 296 305 
2 0 8 5 3 10 1 294 
6 0 10 2 8 6 2 300 301 
10 0 7 1 9 5 2 297 303 
8 0 1 7 6 1 3 299 312 313 
6 0 10 3 8 7 1 298 
5 0 2 5 10 5 3 299 302 304 
3 1 0 0 0 0 2 306 311 
6 0 6 2 2 7 1 315 
7 0 9 2 3 3 3 302 306 314 
3 0 5 6 3 4 3 302 311 314 
10 0 1 1 2 10 2 308 315 
10 1 0 0 0 0 2 306 310 
10 1 0 0 0 0 1 309 
3 1 0 0 0 0 2 307 311 
1 1 0 0 0 0 1 308 
5 0 2 2 9 2 2 310 318 
9 0 1 1 1 3 3 312 313 318 
7 1 0 0 0 0 3 310 314 316 
2 0 8 2 2 1 1 317 
5 0 2 2 5 5 1 316 
7 0 7 10 3 10 1 317 
8 0 1 10 7 4 1 317 
9 0 9 10 7 7 1 315 
8 0 3 6 7 10 1 318 
9 0 6 9 10 2 1 319 
1 0 5 9 7 3 1 319 
6 0 2 8 6 10 1 319 
1 0 0 0 0 0 0 
116.15 104.79 102.75 106.02 105.19 122.36 143.33 168.79 149.12 124.57 109.78 104 100 96 93.22 96.94 97.96 103.58 116.58 128.96 135.69 126.9 112.95 96.51 78.96 73.1 70.01 63.56 65.9 74.28 102.7 115.69 119.54 104.2 82.94 76.69 74.15 87.77 105 116.22 110 96 98.38 114.85 120.28 116.25 108.46 97.23 77.62 70.96 71 70 72.52 79.83 106.47 114.49 117.49 110 80.83 88.1 78.01 78.01 78.01 64.95 71.07 79.09 102.19 120 133.52 130.04 111 102.74 100.59 91.15 89.24 87.18 90.72 96.03 100.67 99.02 95 87.74 78 75.82 73.11 45.76 29.41 47.89 71.56 84.55 102.82 116.52 124.14 117.04 109.61 98.76 93.02 83.2 80.23 77.03 83.79 98.78 110 109.58 106 93.75 70.37 60.32 60.55 57.69 57.87 63.56 71.41 86.5 105.4 120 124.62 110.65 99.79 85.78 78.74 74 68.07 65.67 64.9 65.34 62.08 62.46 59.76 40.04 4.7 0.78 0.26 -0.32 -0.08 0 1.32 25.94 53.68 78.44 87.69 81.06 78.6 73.02 52.2 40.04 33.88 28.75 29.83 27.56 30.73 27.55 20 2.14 0 -0.47 -6.7 -22.47 -22.96 -16.12 -0.41 2.22 41.34 85.49 90.87 91 89.94 83.5 116.15 104.79 102.75 106.02 105.19 122.36 143.33 168.79 149.12 124.57 109.78 104 100 96 93.22 96.94 97.96 103.58 116.58 128.96 135.69 126.9 112.95 96.51 78.96 73.1 70.01 63.56 65.9 74.28 102.7 115.69 119.54 104.2 82.94 76.69 74.15 87.77 105 116.22 110 96 98.38 114.85 120.28 116.25 108.46 97.23 77.62 70.96 71 70 72.52 79.83 106.47 114.49 117.49 110 80.83 88.1 78.01 78.01 78.01 64.95 71.07 79.09 102.19 120 133.52 130.04 111 102.74 100.59 91.15 89.24 87.18 90.72 96.03 100.67 99.02 95 87.74 78 75.82 73.11 45.76 29.41 47.89 71.56 84.55 102.82 116.52 124.14 117.04 109.61 98.76 93.02 83.2 80.23 77.03 83.79 98.78 110 109.58 106 93.75 70.37 60.32 60.55 57.69 57.87 63.56 71.41 86.5 105.4 120 124.62 110.65 99.79 85.78 78.74 74 68.07 65.67 64.9 65.34 62.08 62.46 59.76 40.04 4.7 0.78 0.26 -0.32 -0.08 0 1.32 25.94 53.68 78.44 87.69 81.06 78.6 73.02 52.2 40.04 33.88 28.75 29.83 27.56 30.73 27.55 20 2.14 0 -0.47 -6.7 -22.47 -22.96 -16.12 -0.41 2.22 41.34 85.49 90.87 91 89.94 83.5 116.15 104.79 102.75 106.02 105.19 122.36 143.33 168.79 149.12 124.57 109.78 104 100 96 93.22 96.94 97.96 103.58 116.58 128.96 135.69 126.9 112.95 96.51 78.96 73.1 70.01 63.56 65.9 74.28 102.7 115.69 119.54 104.2 82.94 76.69 74.15 87.77 105 116.22 110 96 98.38 114.85 120.28 116.25 108.46 97.23 77.62 70.96 71 70 72.52 79.83 106.47 114.49 117.49 110 80.83 88.1 78.01 78.01 78.01 64.95 71.07 79.09 102.19 120 133.52 130.04 111 102.74 100.59 91.15 89.24 87.18 90.72 96.03 100.67 99.02 95 87.74 78 75.82 73.11 45.76 29.41 47.89 71.56 84.55 102.82 116.52 124.14 117.04 109.61 98.76 93.02 83.2 80.23 77.03 83.79 98.78 110 109.58 106 93.75 70.37 60.32 60.55 57.69 57.87 63.56 71.41 86.5 105.4 120 124.62 110.65 99.79 85.78 78.74 74 68.07 65.67 64.9 65.34 62.08 62.46 59.76 40.04 4.7 0.78 0.26 -0.32 -0.08 0 1.32 25.94 53.68 78.44 87.69 81.06 78.6 73.02 52.2 40.04 33.88 28.75 29.83 27.56 30.73 27.55 20 2.14 0 -0.47 -6.7 -22.47 -22.96 -16.12 -0.41 2.22 41.34 85.49 90.87 91 89.94 83.5 116.15 104.79 102.75 106.02 105.19 122.36 143.33 168.79 149.12 124.57 109.78 104 100 96 93.22 96.94 97.96 103.58 116.58 128.96 135.69 126.9 112.95 96.51 78.96 73.1 70.01 63.56 65.9 74.28 102.7 115.69 119.54 104.2 82.94 76.69 74.15 87.77 105 116.22 
