320 5
1 30 25 36 32 
1 0 0 0 0 0 3 1 2 3 
10 0 8 1 10 6 1 26 
9 0 4 6 2 9 2 8 9 
5 0 2 4 10 10 3 4 6 7 
1 0 4 1 5 3 3 5 14 22 
1 0 4 1 3 9 2 13 29 
9 0 9 7 2 4 2 10 11 
5 0 6 5 1 8 1 17 
9 0 4 3 5 5 1 18 
4 0 9 2 9 5 2 12 19 
8 0 10 10 2 9 3 13 21 24 
7 0 9 6 10 3 3 13 15 23 
2 1 0 0 0 0 1 25 
3 1 0 0 0 0 1 20 
1 0 8 7 2 2 2 18 29 
8 1 0 0 0 0 1 16 
9 0 8 9 2 10 1 26 
8 0 7 3 1 4 2 26 27 
4 0 4 10 5 2 1 30 
5 0 3 7 3 4 1 23 
2 0 1 10 1 6 1 25 
10 0 10 2 6 2 1 25 
2 0 2 8 1 3 1 28 
4 0 3 3 2 3 1 29 
1 1 0 0 0 0 1 30 
6 0 10 1 7 5 2 27 28 
2 0 9 6 5 5 1 28 
4 0 3 1 5 8 1 30 
1 0 6 6 10 4 1 31 
2 0 7 10 7 3 1 31 
2 0 5 4 5 7 1 31 
1 0 0 0 0 0 0 
1 0 0 0 0 0 3 33 34 35 
5 0 1 0 0 0 3 36 37 43 
1 0 0 0 9 0 3 40 41 42 
1 0 0 1 0 0 3 39 41 53 
10 0 0 0 9 0 3 44 45 62 
4 0 0 0 2 0 3 38 48 53 
2 0 3 0 0 0 3 40 41 44 
6 0 0 0 0 10 3 43 52 58 
7 0 0 0 5 0 3 46 47 50 
3 0 6 0 0 0 1 56 
10 0 0 7 0 0 3 46 50 53 
10 0 1 0 0 0 3 44 51 55 
2 0 0 0 3 0 2 49 57 
6 0 0 0 0 2 3 49 52 58 
1 0 0 0 0 5 3 51 54 58 
4 0 0 0 0 4 2 51 54 
10 0 0 0 10 0 3 49 50 62 
1 1 0 0 0 0 2 59 61 
8 1 0 0 0 0 1 52 
8 0 0 0 0 10 1 57 
6 0 0 0 1 0 3 55 56 59 
2 0 0 0 2 0 3 54 56 62 
7 1 0 0 0 0 2 55 57 
7 0 4 0 0 0 2 60 61 
7 0 6 0 0 0 1 60 
3 0 0 0 10 0 1 59 
7 0 5 0 0 0 1 61 
4 0 0 0 8 0 1 60 
10 0 5 0 0 0 1 63 
1 0 10 0 0 0 1 63 
3 0 2 0 0 0 1 63 
1 0 0 0 0 0 0 
1 0 0 0 0 0 3 65 66 67 
6 0 0 0 8 1 3 68 71 86 
1 0 0 8 6 5 3 71 77 80 
2 0 9 2 0 5 3 69 72 76 
9 0 0 3 0 3 3 70 83 84 
8 0 0 0 0 1 3 70 74 83 
5 0 0 3 0 9 1 77 
5 0 0 7 5 0 3 73 75 79 
6 0 0 0 0 7 3 87 88 89 
4 1 0 0 0 0 2 76 85 
8 0 0 10 0 3 3 79 81 91 
4 0 0 0 0 8 3 78 81 88 
10 0 0 2 5 0 1 90 
9 1 0 0 0 0 2 81 85 
2 1 0 0 0 0 1 93 
7 0 8 0 1 2 2 82 88 
6 0 0 6 7 6 1 82 
1 1 0 0 0 0 1 82 
9 0 8 0 0 9 2 90 93 
10 0 0 10 0 0 1 87 
7 0 1 3 0 8 2 85 87 
10 0 0 0 8 1 1 90 
10 0 0 0 4 10 1 94 
9 0 0 3 0 0 2 91 94 
3 1 0 0 0 0 1 93 
5 0 0 10 0 7 2 91 94 
5 0 2 0 8 10 1 92 
7 0 6 0 10 1 1 92 
8 0 5 0 0 0 1 95 
8 0 5 5 10 0 1 95 
10 0 7 0 3 2 1 95 
1 0 0 0 0 0 0 
1 0 0 0 0 0 3 97 98 99 
1 0 7 0 2 0 2 114 124 
3 0 0 3 3 6 3 102 105 115 
8 0 9 0 3 4 3 100 101 111 
1 0 4 0 7 7 3 103 106 108 
4 0 2 0 0 0 2 107 109 
4 0 9 0 0 8 1 110 
3 0 10 5 10 0 1 104 
7 1 0 0 0 0 1 117 
9 0 8 0 0 0 2 116 119 
2 0 2 0 2 0 1 112 
8 0 0 10 6 0 1 112 
6 0 0 9 2 0 3 118 120 122 
2 1 0 0 0 0 1 121 
8 1 0 0 0 0 2 118 120 
9 0 0 7 0 10 3 113 123 125 
2 1 0 0 0 0 1 126 
10 0 0 0 0 6 2 122 124 
8 0 10 0 0 0 1 120 
7 1 0 0 0 0 1 123 
5 0 5 6 0 0 1 121 
5 0 0 8 10 0 1 118 
8 0 0 9 3 1 1 124 
8 0 6 0 0 10 1 125 
1 1 0 0 0 0 1 121 
10 0 8 0 0 0 1 123 
5 0 6 0 0 4 1 126 
10 0 4 7 3 10 1 126 
3 0 0 1 0 0 1 127 
8 0 0 0 7 0 1 127 
10 0 0 0 2 0 1 127 
1 0 0 0 0 0 0 
1 0 0 0 0 0 3 129 130 131 
7 0 0 0 0 8 3 134 138 145 
6 0 0 0 0 8 3 137 143 145 
2 0 10 0 0 0 3 132 135 137 
1 0 0 0 10 0 3 133 139 145 
10 0 2 0 0 0 2 141 151 
4 0 3 0 0 0 3 136 142 143 
9 0 0 0 0 2 3 138 144 148 
10 0 0 2 0 0 2 144 158 
8 0 0 0 0 1 3 140 141 152 
4 0 0 10 0 0 3 141 142 146 
9 0 0 0 2 0 3 140 146 156 
1 0 0 0 8 0 1 158 
9 1 0 0 0 0 3 149 153 157 
10 1 0 0 0 0 3 150 154 155 
8 0 0 3 0 0 3 144 147 148 
9 0 0 1 0 0 2 153 155 
5 0 0 0 7 0 2 147 148 
3 0 0 0 0 1 2 150 157 
6 0 0 8 0 0 3 149 151 152 
1 1 0 0 0 0 3 149 151 152 
7 0 5 0 0 0 2 150 154 
7 0 9 0 0 0 1 158 
6 1 0 0 0 0 1 155 
1 1 0 0 0 0 1 153 
3 0 0 1 0 0 1 154 
9 0 0 0 8 0 1 156 
2 0 0 0 0 3 2 156 157 
1 0 0 0 8 0 1 159 
2 0 0 0 0 7 1 159 
9 0 0 8 0 0 1 159 
1 0 0 0 0 0 0 
1 0 0 0 0 0 3 161 162 163 
10 0 2 3 9 6 2 165 167 
9 0 10 4 1 6 3 164 165 166 
8 0 5 9 2 6 3 175 177 181 
6 0 4 6 3 6 3 170 171 184 
1 0 2 5 8 7 1 168 
10 0 2 10 8 5 3 171 175 179 
10 0 5 3 4 6 2 168 175 
10 1 0 0 0 0 3 169 181 185 
8 1 0 0 0 0 3 182 184 188 
4 0 4 4 7 7 2 173 181 
10 0 1 7 7 5 3 172 174 190 
4 0 6 5 2 6 2 176 183 
8 0 3 2 5 10 2 174 180 
9 0 3 5 7 5 1 186 
1 1 0 0 0 0 2 176 178 
10 0 5 3 6 3 1 186 
1 0 8 8 2 7 2 185 188 
4 1 0 0 0 0 1 184 
2 0 9 1 9 1 3 182 186 188 
7 0 4 5 9 4 1 190 
2 1 0 0 0 0 2 183 187 
8 0 5 3 2 8 1 183 
6 0 5 4 9 1 1 189 
5 0 3 6 1 5 2 187 189 
6 1 0 0 0 0 1 187 
5 0 4 3 10 9 1 189 
2 0 1 9 9 3 1 190 
7 0 7 3 7 2 1 191 
8 0 6 3 10 3 1 191 
6 0 10 5 6 1 1 191 
1 0 0 0 0 0 0 
1 0 0 0 0 0 3 193 194 195 
10 0 8 6 10 3 3 196 198 199 
7 0 4 0 0 3 3 199 201 204 
10 0 8 7 4 3 3 205 213 214 
10 0 5 7 8 0 3 197 200 204 
8 0 0 2 9 0 3 203 205 207 
8 0 8 1 1 10 3 200 206 213 
8 0 0 5 3 2 3 200 211 215 
6 1 0 0 0 0 3 202 216 220 
3 0 1 0 3 2 3 202 209 219 
1 0 9 0 8 6 3 208 218 222 
10 1 0 0 0 0 3 206 209 210 
5 1 0 0 0 0 3 212 214 215 
6 1 0 0 0 0 3 209 212 217 
1 0 9 9 7 1 2 208 215 
3 1 0 0 0 0 3 208 210 217 
1 0 0 1 6 8 1 214 
3 0 5 5 3 1 2 220 222 
1 1 0 0 0 0 3 211 212 218 
6 0 0 9 3 7 2 213 216 
6 0 0 4 9 0 1 219 
2 0 0 9 1 1 1 221 
5 0 5 1 3 7 1 221 
3 1 0 0 0 0 2 216 217 
2 0 3 1 2 4 1 222 
2 1 0 0 0 0 2 218 219 
9 0 0 0 10 2 1 221 
6 0 9 4 9 3 1 220 
2 0 0 0 10 0 1 223 
6 0 0 6 9 3 1 223 
3 0 3 3 4 0 1 223 
1 0 0 0 0 0 0 
1 0 0 0 0 0 3 225 226 227 
7 0 4 2 0 0 2 250 254 
1 0 0 0 1 0 3 228 229 237 
7 0 0 0 7 0 3 235 237 240 
8 0 0 0 0 10 3 230 231 236 
5 0 0 0 9 0 3 232 233 245 
3 0 2 0 0 0 3 234 238 245 
4 0 7 9 0 8 3 238 240 248 
4 0 8 0 2 8 3 236 243 249 
10 0 0 9 0 0 3 236 238 248 
7 0 1 0 0 3 3 235 239 247 
5 0 0 9 5 0 3 241 242 251 
5 0 0 0 0 1 3 240 244 252 
8 0 0 0 0 3 3 241 242 245 
6 1 0 0 0 0 3 239 241 247 
8 0 4 0 0 2 1 246 
5 0 8 9 0 0 1 253 
8 1 0 0 0 0 3 244 250 252 
10 0 3 0 0 8 1 243 
8 1 0 0 0 0 2 244 250 
5 0 0 7 2 7 1 246 
3 0 0 2 0 7 3 246 247 248 
7 0 0 4 0 2 1 254 
3 1 0 0 0 0 3 249 251 252 
5 1 0 0 0 0 2 249 251 
9 0 0 5 0 3 1 254 
7 0 0 0 7 6 1 253 
7 0 0 0 0 4 1 253 
9 0 10 8 0 7 1 255 
8 0 6 0 5 0 1 255 
8 0 4 6 0 4 1 255 
1 0 0 0 0 0 0 
1 0 0 0 0 0 3 257 258 259 
6 0 0 0 8 0 3 262 275 280 
6 0 8 0 0 0 3 260 276 281 
9 0 8 0 0 0 3 263 264 265 
7 0 0 0 0 5 3 261 282 284 
3 0 9 0 0 0 2 272 277 
2 0 0 0 0 2 2 278 279 
10 0 0 7 0 0 1 266 
4 0 0 0 1 0 2 267 275 
2 0 8 0 0 0 2 277 283 
8 0 0 0 0 6 3 268 270 271 
7 0 0 0 0 10 3 272 274 286 
8 0 9 0 0 0 3 269 278 286 
8 1 0 0 0 0 1 274 
1 1 0 0 0 0 1 273 
10 1 0 0 0 0 3 273 274 280 
9 0 3 0 0 0 1 285 
3 1 0 0 0 0 2 275 279 
8 0 0 0 0 10 2 277 284 
3 1 0 0 0 0 1 278 
7 0 0 0 0 6 2 280 283 
7 0 0 10 0 0 1 285 
9 0 0 0 0 6 2 281 285 
2 1 0 0 0 0 2 281 282 
1 0 0 9 0 0 1 282 
4 0 3 0 0 0 1 283 
6 0 0 0 0 2 1 286 
7 0 0 0 0 2 1 284 
7 0 0 6 0 0 1 287 
8 0 3 0 0 0 1 287 
1 0 0 0 5 0 1 287 
1 0 0 0 0 0 0 
1 0 0 0 0 0 3 289 290 291 
3 0 0 0 3 0 3 292 293 312 
2 0 0 9 9 4 3 297 300 305 
9 0 3 1 0 0 3 294 295 296 
6 0 0 5 1 9 3 296 297 301 
1 0 0 0 0 9 3 297 303 309 
10 0 5 0 1 4 3 298 299 307 
9 1 0 0 0 0 3 301 302 312 
9 0 0 9 2 0 3 305 306 313 
10 0 10 6 0 8 3 299 308 314 
4 0 0 0 4 0 3 300 302 305 
8 0 4 3 0 6 2 302 316 
10 1 0 0 0 0 3 301 304 306 
3 0 1 0 10 0 2 310 315 
9 0 0 9 1 8 1 317 
10 0 0 0 6 5 2 307 311 
4 1 0 0 0 0 3 310 312 316 
1 1 0 0 0 0 2 309 310 
2 1 0 0 0 0 2 308 309 
9 0 0 4 4 0 3 308 313 314 
1 1 0 0 0 0 1 315 
4 0 7 0 0 0 3 311 314 317 
10 0 0 0 6 0 2 311 317 
5 0 0 0 0 9 1 318 
9 0 6 7 0 0 1 313 
1 0 8 0 9 4 1 318 
2 0 0 0 0 9 1 315 
1 0 0 0 10 0 2 316 318 
7 0 1 0 6 0 1 319 
1 0 0 10 2 8 1 319 
5 0 6 0 2 9 1 319 
1 0 0 0 0 0 0 
389.77 328.49 299.23 282.44 289.33 283.78 393.39 424.94 379.72 268.37 258.13 263.43 337.96 309.2 288.54 282.05 385.5 455.23 521.84 642.53 677.22 600.07 530.13 469.86 402.46 368.99 336.73 325.24 318.72 350.98 440 483.86 460.11 297.22 346.71 306.68 341.68 348.63 299.89 318.36 398.61 444.28 483.63 586.87 576.52 475.23 410.07 262.87 228.02 233.88 217.64 205.6 243.07 206.55 330.06 389.44 276.91 262.89 285.04 218.36 236.19 258.67 238.43 310.57 324.66 370 430.36 533.36 547.29 481.67 400.09 353.21 321.21 319.86 326.3 339.4 327.83 285.21 454.74 504.75 501.57 448.5 434.41 409.97 354.54 343.16 304.84 311.29 354.56 397.7 503.07 529.23 536.98 512.86 528.95 396.28 366.35 336.57 324.66 319.86 319.18 325.94 411.39 456.13 444.7 422.93 369.84 362.34 356.05 285.48 250.83 291.68 378.01 426.65 514.68 551.38 560.16 540.03 493.34 431.02 403.51 344.67 351.99 337.01 332.04 331.27 337.03 333.12 343.78 353.08 351.22 338.16 325.35 288.17 261.13 245.55 284.94 343.15 370.22 387.81 408.59 406.07 398.58 370.23 393.26 379.24 355.06 331 316.18 302.82 272.76 260.93 221.38 161.57 173.83 199.31 104.93 137.29 152.11 171.41 191.51 301.82 364.08 405.01 427.76 435.49 420.73 376.56 389.77 328.49 299.23 282.44 289.33 283.78 393.39 424.94 379.72 268.37 258.13 263.43 337.96 309.2 288.54 282.05 385.5 455.23 521.84 642.53 677.22 600.07 530.13 469.86 402.46 368.99 336.73 325.24 318.72 350.98 440 483.86 460.11 297.22 346.71 306.68 341.68 348.63 299.89 318.36 398.61 444.28 483.63 586.87 576.52 475.23 410.07 262.87 228.02 233.88 217.64 205.6 243.07 206.55 330.06 389.44 276.91 262.89 285.04 218.36 236.19 258.67 238.43 310.57 324.66 370 430.36 533.36 547.29 481.67 400.09 353.21 321.21 319.86 326.3 339.4 327.83 285.21 454.74 504.75 501.57 448.5 434.41 409.97 354.54 343.16 304.84 311.29 354.56 397.7 503.07 529.23 536.98 512.86 528.95 396.28 366.35 336.57 324.66 319.86 319.18 325.94 411.39 456.13 444.7 422.93 369.84 362.34 356.05 285.48 250.83 291.68 378.01 426.65 514.68 551.38 560.16 540.03 493.34 431.02 403.51 344.67 351.99 337.01 332.04 331.27 337.03 333.12 343.78 353.08 351.22 338.16 325.35 288.17 261.13 245.55 284.94 343.15 370.22 387.81 408.59 406.07 398.58 370.23 393.26 379.24 355.06 331 316.18 302.82 272.76 260.93 221.38 161.57 173.83 199.31 104.93 137.29 152.11 171.41 191.51 301.82 364.08 405.01 427.76 435.49 420.73 376.56 389.77 328.49 299.23 282.44 289.33 283.78 393.39 424.94 379.72 268.37 258.13 263.43 337.96 309.2 288.54 282.05 385.5 455.23 521.84 642.53 677.22 600.07 530.13 469.86 402.46 368.99 336.73 325.24 318.72 350.98 440 483.86 460.11 297.22 346.71 306.68 341.68 348.63 299.89 318.36 398.61 444.28 483.63 586.87 576.52 475.23 410.07 262.87 228.02 233.88 217.64 205.6 243.07 206.55 330.06 389.44 276.91 262.89 285.04 218.36 236.19 258.67 238.43 310.57 324.66 370 430.36 533.36 547.29 481.67 400.09 353.21 321.21 319.86 326.3 339.4 327.83 285.21 454.74 504.75 501.57 448.5 434.41 409.97 354.54 343.16 304.84 311.29 354.56 397.7 503.07 529.23 536.98 512.86 528.95 396.28 366.35 336.57 324.66 319.86 319.18 325.94 411.39 456.13 444.7 422.93 369.84 362.34 356.05 285.48 250.83 291.68 378.01 426.65 514.68 551.38 560.16 540.03 493.34 431.02 403.51 344.67 351.99 337.01 332.04 331.27 337.03 333.12 343.78 353.08 351.22 338.16 325.35 288.17 261.13 245.55 284.94 343.15 370.22 387.81 408.59 406.07 398.58 370.23 393.26 379.24 355.06 331 316.18 302.82 272.76 260.93 221.38 161.57 173.83 199.31 104.93 137.29 152.11 171.41 191.51 301.82 364.08 405.01 427.76 435.49 420.73 376.56 389.77 328.49 299.23 282.44 289.33 283.78 393.39 424.94 379.72 268.37 258.13 263.43 337.96 309.2 288.54 282.05 385.5 455.23 521.84 642.53 
