320 5
1 31 32 34 32 
1 0 0 0 0 0 3 1 2 3 
1 0 3 7 8 2 3 6 8 10 
7 0 10 8 8 3 3 4 5 7 
6 0 4 3 10 8 3 13 15 21 
5 0 5 3 3 4 3 20 21 24 
8 0 1 2 5 2 2 11 23 
7 0 4 3 5 7 3 9 13 14 
5 0 10 8 7 6 3 13 14 26 
9 0 5 6 10 1 2 11 22 
9 0 2 8 3 7 3 11 15 19 
3 0 8 1 8 7 2 12 16 
6 0 6 6 1 4 2 26 30 
10 0 2 2 7 7 3 17 18 22 
7 1 0 0 0 0 3 16 19 20 
9 0 8 3 2 3 3 15 16 19 
6 1 0 0 0 0 2 17 18 
6 0 7 4 3 9 3 17 24 25 
7 0 3 1 2 3 1 29 
3 1 0 0 0 0 2 20 27 
7 1 0 0 0 0 2 22 23 
9 0 6 3 5 7 2 23 28 
8 0 2 8 3 1 2 25 26 
5 0 2 2 2 3 2 24 27 
1 0 7 5 10 10 1 25 
9 0 6 7 2 1 2 28 30 
6 0 2 2 4 10 2 29 30 
2 0 9 9 9 6 2 27 29 
10 0 6 5 9 5 1 28 
3 0 8 6 2 8 1 31 
4 0 5 5 5 4 1 31 
9 0 9 3 6 4 1 31 
1 0 0 0 0 0 0 
1 0 0 0 0 0 3 33 34 35 
3 0 0 0 0 9 3 41 46 62 
1 0 0 2 0 0 3 42 44 48 
3 0 10 5 0 9 3 36 37 38 
1 0 2 0 2 3 3 47 49 51 
6 0 5 3 1 0 3 39 40 43 
2 0 1 9 3 7 1 41 
9 0 0 6 10 0 1 47 
5 0 0 0 6 0 3 45 54 59 
8 0 7 4 0 1 2 42 58 
10 0 0 3 0 7 2 52 56 
2 0 0 6 0 7 3 47 50 56 
3 0 8 0 9 0 1 60 
5 0 0 6 5 0 2 61 62 
1 0 0 4 0 0 2 52 55 
7 1 0 0 0 0 3 53 54 55 
7 0 0 0 0 2 2 51 53 
7 0 2 0 0 0 1 60 
4 1 0 0 0 0 2 51 52 
1 1 0 0 0 0 2 54 58 
7 0 10 0 0 10 1 57 
1 0 6 0 0 9 1 57 
5 1 0 0 0 0 2 57 62 
10 1 0 0 0 0 1 58 
8 1 0 0 0 0 1 59 
8 0 4 1 3 0 1 61 
3 0 0 9 0 2 2 59 60 
7 0 0 4 7 5 1 61 
4 0 8 3 0 0 1 63 
8 0 0 0 9 0 1 63 
5 0 7 0 0 8 1 63 
1 0 0 0 0 0 0 
1 0 0 0 0 0 3 65 66 67 
10 0 5 0 0 8 2 75 86 
4 0 10 0 5 0 3 68 71 80 
1 0 5 0 1 0 3 69 82 87 
3 0 0 0 10 5 3 70 73 89 
5 0 3 0 0 0 3 79 85 91 
10 0 0 0 5 0 1 72 
1 0 0 4 0 0 1 74 
4 0 5 0 0 7 1 87 
6 0 1 4 4 8 2 76 85 
8 0 2 0 0 1 2 78 88 
7 1 0 0 0 0 1 89 
7 1 0 0 0 0 1 77 
4 1 0 0 0 0 2 83 91 
3 1 0 0 0 0 1 87 
10 0 3 5 0 0 1 84 
3 0 10 4 3 10 1 81 
4 0 0 1 0 1 1 90 
3 0 6 6 0 1 3 83 84 93 
7 0 0 6 0 0 1 92 
5 0 0 0 5 0 1 86 
1 0 2 8 2 1 2 88 93 
10 1 0 0 0 0 1 90 
8 0 1 0 8 2 1 90 
1 0 1 0 0 8 1 94 
6 0 0 3 0 8 1 92 
4 0 0 0 4 0 1 92 
7 0 0 9 0 0 1 94 
6 0 0 7 0 0 1 95 
9 0 0 0 4 4 1 95 
4 0 9 0 1 7 1 95 
1 0 0 0 0 0 0 
1 0 0 0 0 0 3 97 98 99 
10 0 6 0 0 8 3 103 112 119 
3 0 10 6 0 0 1 100 
4 0 0 9 10 10 3 103 106 122 
4 0 0 0 1 0 3 101 106 107 
4 0 1 0 9 4 3 102 105 109 
9 0 9 0 0 0 3 103 104 118 
10 1 0 0 0 0 3 115 117 120 
6 0 0 0 6 7 3 108 115 120 
1 0 0 6 0 0 3 108 116 118 
6 0 0 0 6 0 3 113 116 123 
4 0 2 7 4 0 3 109 112 113 
4 1 0 0 0 0 3 110 112 113 
2 0 6 0 4 0 3 111 115 120 
1 1 0 0 0 0 3 114 117 119 
6 0 0 8 0 4 3 114 118 119 
8 1 0 0 0 0 3 114 117 123 
10 1 0 0 0 0 1 121 
5 0 10 0 8 2 2 122 125 
6 1 0 0 0 0 2 116 124 
5 0 2 0 0 0 1 125 
8 0 6 0 0 7 2 121 126 
8 0 1 0 0 0 1 126 
10 0 0 10 0 0 3 121 122 123 
7 0 0 8 5 9 1 125 
1 0 7 8 5 7 1 124 
8 0 1 0 0 4 1 124 
6 0 0 2 0 8 1 126 
6 0 10 0 0 2 1 127 
5 0 5 7 6 0 1 127 
5 0 8 0 10 0 1 127 
1 0 0 0 0 0 0 
1 0 0 0 0 0 3 129 130 131 
9 0 0 0 0 6 3 133 135 139 
3 0 0 1 0 0 3 132 145 149 
8 0 6 0 0 0 3 134 136 141 
3 0 0 0 0 1 3 135 138 152 
5 0 0 6 0 0 1 143 
5 0 0 0 0 4 3 137 138 145 
5 0 0 0 0 9 2 141 156 
7 0 0 10 0 0 3 137 143 145 
3 0 0 2 0 0 3 140 146 147 
8 0 0 0 0 10 3 142 144 147 
9 0 3 0 0 0 3 141 143 144 
9 0 0 0 0 4 3 142 144 153 
6 0 8 0 0 0 1 157 
10 0 0 0 0 6 2 148 150 
3 1 0 0 0 0 3 146 147 152 
1 1 0 0 0 0 3 148 150 155 
3 1 0 0 0 0 3 148 152 154 
8 0 0 4 0 0 2 154 158 
9 0 0 0 0 2 2 151 154 
9 0 0 0 6 0 1 151 
3 0 0 10 0 0 3 150 151 153 
8 0 0 0 0 4 1 158 
2 0 0 10 0 0 3 156 157 158 
10 1 0 0 0 0 1 153 
1 1 0 0 0 0 2 155 157 
1 1 0 0 0 0 1 155 
3 0 0 0 2 0 1 156 
5 0 0 2 0 0 1 159 
6 0 9 0 0 0 1 159 
4 0 9 0 0 0 1 159 
1 0 0 0 0 0 0 
1 0 0 0 0 0 3 161 162 163 
5 0 0 1 10 0 3 164 167 172 
6 0 6 0 3 0 3 171 176 179 
2 0 6 3 8 6 3 164 165 172 
1 0 5 0 2 0 3 168 173 174 
3 0 7 0 0 0 3 166 176 182 
7 0 0 5 5 3 3 167 174 179 
4 0 0 10 0 0 2 170 180 
7 0 8 10 0 0 3 169 179 182 
10 1 0 0 0 0 3 171 176 177 
1 0 1 0 7 0 2 171 173 
5 1 0 0 0 0 2 175 186 
10 0 0 9 0 0 3 182 184 186 
10 0 0 0 0 8 3 177 183 185 
8 0 0 0 5 2 3 177 180 184 
2 0 0 0 8 0 1 178 
3 1 0 0 0 0 2 178 188 
10 1 0 0 0 0 1 186 
2 1 0 0 0 0 3 181 183 187 
10 1 0 0 0 0 3 180 181 187 
10 0 2 0 0 0 2 183 185 
6 0 1 4 4 0 2 184 185 
10 0 0 0 2 1 3 188 189 190 
7 0 6 0 9 0 1 189 
10 0 7 0 6 0 1 190 
4 0 3 0 0 0 1 190 
2 0 0 0 3 1 2 187 188 
6 0 0 0 0 2 1 189 
4 0 4 0 7 4 1 191 
5 0 6 3 0 0 1 191 
1 0 8 2 3 0 1 191 
1 0 0 0 0 0 0 
1 0 0 0 0 0 3 193 194 195 
8 0 8 3 3 8 2 196 206 
2 0 2 10 0 5 3 197 200 202 
9 0 3 0 10 7 3 199 201 204 
5 0 2 2 0 0 3 197 202 208 
6 0 3 0 9 0 3 198 199 201 
3 0 10 10 0 6 3 203 205 213 
3 1 0 0 0 0 3 203 209 218 
6 0 10 1 6 0 3 206 213 214 
2 0 3 10 9 0 3 205 209 214 
5 0 4 0 1 5 3 210 216 217 
2 0 3 1 9 0 2 211 221 
4 0 1 4 5 0 3 206 207 219 
5 1 0 0 0 0 2 210 215 
8 0 6 3 8 0 3 212 221 222 
10 0 6 0 9 5 3 210 211 216 
7 1 0 0 0 0 3 209 211 215 
8 1 0 0 0 0 2 213 217 
3 1 0 0 0 0 2 212 218 
5 0 9 0 3 6 2 212 214 
10 0 5 7 0 3 1 220 
7 0 8 5 5 1 1 219 
5 0 0 0 9 0 1 217 
7 0 8 9 9 2 3 216 218 219 
8 0 0 4 0 6 1 221 
10 0 2 3 0 3 2 220 222 
2 0 5 4 7 0 1 220 
5 0 4 0 1 4 1 222 
5 0 6 6 2 5 1 223 
3 0 10 9 7 1 1 223 
2 0 5 5 4 6 1 223 
1 0 0 0 0 0 0 
1 0 0 0 0 0 3 225 226 227 
6 0 2 2 2 2 1 228 
4 0 1 9 1 1 2 229 234 
5 0 6 10 6 7 1 236 
6 0 7 4 9 3 3 230 234 242 
1 0 3 2 2 9 3 233 247 254 
10 0 6 1 5 2 1 231 
3 1 0 0 0 0 2 232 235 
7 0 2 9 8 10 3 236 248 250 
7 0 3 3 2 2 1 236 
8 0 6 5 3 10 2 238 239 
4 0 3 5 2 6 2 240 249 
1 1 0 0 0 0 1 237 
10 1 0 0 0 0 1 244 
3 0 6 2 5 4 1 243 
2 0 1 1 5 4 1 247 
6 1 0 0 0 0 2 241 250 
8 0 9 3 8 9 1 251 
5 0 5 1 1 4 1 245 
4 1 0 0 0 0 1 253 
5 0 3 1 4 7 2 246 251 
3 0 1 5 4 5 3 246 248 254 
4 0 3 10 10 1 1 253 
3 1 0 0 0 0 2 251 252 
6 1 0 0 0 0 1 252 
8 1 0 0 0 0 1 254 
9 0 3 3 9 6 1 252 
7 0 1 6 4 8 1 253 
10 0 10 1 1 4 1 255 
10 0 7 6 10 5 1 255 
9 0 7 7 4 10 1 255 
1 0 0 0 0 0 0 
1 0 0 0 0 0 3 257 258 259 
10 0 1 0 0 0 2 263 270 
5 0 0 0 0 10 3 266 268 282 
2 0 4 0 5 8 3 260 262 271 
4 0 2 0 0 8 3 261 274 276 
6 0 0 0 4 2 1 278 
6 0 0 4 7 2 2 265 285 
2 0 0 1 0 2 3 264 267 275 
2 0 7 0 0 6 2 272 277 
7 0 9 0 8 0 2 269 282 
2 0 1 0 4 0 1 267 
2 0 2 2 6 5 1 280 
6 0 1 5 0 0 1 280 
7 0 0 6 0 0 2 273 279 
1 0 0 10 0 0 1 282 
3 0 7 4 1 0 1 283 
5 0 0 4 1 0 2 274 285 
4 1 0 0 0 0 1 280 
4 0 0 0 3 0 1 281 
5 0 0 7 0 3 1 281 
9 0 6 5 0 0 1 285 
2 0 9 6 0 0 1 279 
9 0 7 4 1 10 2 284 286 
7 1 0 0 0 0 1 281 
10 0 6 0 6 0 1 283 
9 0 0 8 0 0 1 284 
1 0 0 0 0 7 1 283 
8 0 0 3 0 8 1 286 
2 0 0 2 0 8 1 287 
6 1 0 0 0 0 1 287 
4 0 7 0 0 6 1 287 
1 0 0 0 0 0 0 
1 0 0 0 0 0 3 289 290 291 
8 0 1 3 6 1 3 293 297 302 
10 0 3 10 9 4 3 293 294 299 
9 0 10 10 7 3 3 292 300 310 
7 0 8 6 4 10 3 309 312 315 
9 0 2 1 5 2 3 295 298 301 
3 0 10 6 3 6 3 296 302 304 
4 0 4 9 7 7 3 303 304 317 
10 0 8 10 7 8 3 297 303 305 
1 1 0 0 0 0 3 300 306 313 
10 0 3 4 1 7 3 300 305 308 
1 0 7 3 1 6 3 303 307 308 
4 0 8 9 6 3 2 311 314 
9 0 3 7 6 2 3 306 307 312 
3 0 2 3 5 6 3 307 310 314 
3 0 7 3 10 3 3 306 312 315 
2 0 4 6 9 9 3 305 313 318 
4 1 0 0 0 0 1 315 
8 1 0 0 0 0 1 318 
10 1 0 0 0 0 3 309 311 316 
5 1 0 0 0 0 2 309 310 
9 0 4 9 7 7 1 317 
5 0 1 1 4 3 2 311 313 
5 0 10 5 1 7 1 317 
1 1 0 0 0 0 1 314 
9 0 9 2 1 2 1 316 
5 1 0 0 0 0 1 318 
3 1 0 0 0 0 1 316 
10 0 4 6 4 10 1 319 
4 0 3 6 7 7 1 319 
7 0 7 8 1 7 1 319 
1 0 0 0 0 0 0 
196.23 191.85 195.91 186.66 178.04 191.65 237.44 299.95 313.92 315 310.41 310.08 300 297.01 299.96 306.45 302.73 315.47 310.82 294.98 267.45 242.23 217.03 195.83 207.01 202.42 197.6 193 194.9 204.45 237.13 293.52 300.02 297.16 275.67 264.4 252.59 248.38 255.01 277.9 289.94 316.4 315.9 309.2 285.33 245.3 236.61 204.57 194.79 183.98 183.06 177.35 178.33 193.5 240.56 273.18 300.1 292.74 275.5 258.65 245.11 232.08 234.77 240.01 255 284.82 285.97 269.03 235.25 191.5 193.69 172.18 142.35 161.69 153.58 147.07 152.47 171.26 192.03 215.24 235.9 219.99 180.08 170.16 152.53 134.13 171.01 201.59 205.38 220.3 212.76 210 192.69 164.46 164.2 122.09 120.04 110.03 108.24 107.46 109.82 140.52 176.04 190.97 216.99 196.91 162.92 160.04 154.01 152.29 186.94 217.18 224.91 262 260.04 234.32 215.04 204.39 194.29 184.9 168.43 170.62 186.01 182.64 187.83 190.58 190.27 204.46 212.84 230 222.39 214.92 208.43 200 203.09 213.98 226.32 260 267.03 261.41 243.62 220.1 212.85 209.41 225.92 216 189.49 181.98 174.98 165.91 118.71 119.45 125.86 129.46 125.99 131.83 140.03 122.49 102.67 121.95 115 125.42 112.4 97.49 90.14 97.09 93.85 87.2 196.23 191.85 195.91 186.66 178.04 191.65 237.44 299.95 313.92 315 310.41 310.08 300 297.01 299.96 306.45 302.73 315.47 310.82 294.98 267.45 242.23 217.03 195.83 207.01 202.42 197.6 193 194.9 204.45 237.13 293.52 300.02 297.16 275.67 264.4 252.59 248.38 255.01 277.9 289.94 316.4 315.9 309.2 285.33 245.3 236.61 204.57 194.79 183.98 183.06 177.35 178.33 193.5 240.56 273.18 300.1 292.74 275.5 258.65 245.11 232.08 234.77 240.01 255 284.82 285.97 269.03 235.25 191.5 193.69 172.18 142.35 161.69 153.58 147.07 152.47 171.26 192.03 215.24 235.9 219.99 180.08 170.16 152.53 134.13 171.01 201.59 205.38 220.3 212.76 210 192.69 164.46 164.2 122.09 120.04 110.03 108.24 107.46 109.82 140.52 176.04 190.97 216.99 196.91 162.92 160.04 154.01 152.29 186.94 217.18 224.91 262 260.04 234.32 215.04 204.39 194.29 184.9 168.43 170.62 186.01 182.64 187.83 190.58 190.27 204.46 212.84 230 222.39 214.92 208.43 200 203.09 213.98 226.32 260 267.03 261.41 243.62 220.1 212.85 209.41 225.92 216 189.49 181.98 174.98 165.91 118.71 119.45 125.86 129.46 125.99 131.83 140.03 122.49 102.67 121.95 115 125.42 112.4 97.49 90.14 97.09 93.85 87.2 196.23 191.85 195.91 186.66 178.04 191.65 237.44 299.95 313.92 315 310.41 310.08 300 297.01 299.96 306.45 302.73 315.47 310.82 294.98 267.45 242.23 217.03 195.83 207.01 202.42 197.6 193 194.9 204.45 237.13 293.52 300.02 297.16 275.67 264.4 252.59 248.38 255.01 277.9 289.94 316.4 315.9 309.2 285.33 245.3 236.61 204.57 194.79 183.98 183.06 177.35 178.33 193.5 240.56 273.18 300.1 292.74 275.5 258.65 245.11 232.08 234.77 240.01 255 284.82 285.97 269.03 235.25 191.5 193.69 172.18 142.35 161.69 153.58 147.07 152.47 171.26 192.03 215.24 235.9 219.99 180.08 170.16 152.53 134.13 171.01 201.59 205.38 220.3 212.76 210 192.69 164.46 164.2 122.09 120.04 110.03 108.24 107.46 109.82 140.52 176.04 190.97 216.99 196.91 162.92 160.04 154.01 152.29 186.94 217.18 224.91 262 260.04 234.32 215.04 204.39 194.29 184.9 168.43 170.62 186.01 182.64 187.83 190.58 190.27 204.46 212.84 230 222.39 214.92 208.43 200 203.09 213.98 226.32 260 267.03 261.41 243.62 220.1 212.85 209.41 225.92 216 189.49 181.98 174.98 165.91 118.71 119.45 125.86 129.46 125.99 131.83 140.03 122.49 102.67 121.95 115 125.42 112.4 97.49 90.14 97.09 93.85 87.2 196.23 191.85 195.91 186.66 178.04 191.65 237.44 299.95 313.92 315 310.41 310.08 300 297.01 299.96 306.45 302.73 315.47 310.82 294.98 267.45 242.23 217.03 195.83 207.01 202.42 197.6 193 194.9 204.45 237.13 293.52 300.02 297.16 275.67 264.4 252.59 248.38 255.01 277.9 289.94 316.4 315.9 309.2 285.33 245.3 236.61 204.57 194.79 183.98 183.06 177.35 178.33 193.5 240.56 273.18 300.1 292.74 275.5 258.65 245.11 232.08 234.77 240.01 255 284.82 285.97 269.03 235.25 191.5 193.69 172.18 142.35 161.69 153.58 147.07 152.47 171.26 192.03 215.24 235.9 219.99 180.08 170.16 152.53 134.13 171.01 201.59 205.38 220.3 212.76 210 192.69 164.46 164.2 122.09 120.04 110.03 108.24 107.46 109.82 140.52 176.04 190.97 216.99 196.91 162.92 160.04 154.01 152.29 186.94 217.18 224.91 262 260.04 234.32 215.04 204.39 194.29 184.9 168.43 170.62 186.01 182.64 187.83 190.58 190.27 204.46 212.84 230 222.39 214.92 208.43 200 203.09 213.98 226.32 260 
