320 5
1 34 33 44 42 
1 0 0 0 0 0 3 1 2 3 
5 0 8 1 10 1 3 4 5 11 
8 0 5 10 6 8 3 4 6 17 
2 0 1 6 2 3 3 12 13 20 
8 0 9 9 1 3 3 9 10 16 
6 0 1 2 8 1 3 9 17 21 
2 0 9 7 2 6 3 7 8 22 
2 0 1 6 1 9 3 11 15 16 
3 0 2 9 4 8 1 16 
4 0 9 1 4 3 3 15 18 22 
1 0 1 9 8 1 3 12 14 18 
9 0 6 5 2 9 3 12 14 19 
4 0 4 3 3 7 2 21 25 
8 0 8 6 2 4 2 17 30 
9 1 0 0 0 0 3 20 21 24 
7 1 0 0 0 0 3 19 20 24 
6 0 7 8 9 4 3 23 25 26 
4 0 10 9 5 5 1 26 
7 1 0 0 0 0 3 19 24 25 
5 1 0 0 0 0 1 27 
9 0 3 1 5 8 1 28 
10 0 7 9 10 8 2 23 26 
10 0 1 1 6 8 1 23 
6 0 5 7 7 5 2 28 30 
10 0 9 10 6 9 2 27 29 
2 1 0 0 0 0 2 27 29 
1 0 10 4 7 1 1 29 
9 0 2 1 5 9 2 28 30 
8 0 9 4 3 7 1 31 
3 0 6 6 7 2 1 31 
3 0 1 1 7 2 1 31 
1 0 0 0 0 0 0 
1 0 0 0 0 0 3 33 34 35 
6 0 0 7 0 10 3 36 37 44 
4 0 6 3 0 7 3 41 43 49 
4 0 0 1 7 1 2 37 59 
10 0 10 7 6 0 2 38 53 
1 0 7 1 7 7 2 39 57 
4 1 0 0 0 0 1 58 
9 0 0 7 0 10 3 40 42 45 
3 0 1 10 2 9 2 47 55 
1 0 6 10 1 0 2 46 50 
8 0 5 2 10 10 2 47 48 
8 0 0 0 7 3 1 55 
5 0 9 4 5 5 2 52 54 
3 0 0 2 0 9 1 46 
9 0 5 5 0 10 1 47 
6 0 5 5 9 6 1 61 
8 0 2 10 0 3 1 56 
2 0 0 2 6 1 1 61 
9 0 0 10 1 0 1 51 
1 0 5 5 9 7 1 59 
1 1 0 0 0 0 1 58 
2 1 0 0 0 0 1 57 
8 0 5 10 4 0 1 56 
1 1 0 0 0 0 1 56 
4 0 6 0 0 2 1 60 
1 1 0 0 0 0 2 58 62 
8 0 10 4 7 10 2 60 61 
8 1 0 0 0 0 1 60 
3 0 7 9 0 3 1 63 
6 0 9 5 3 0 1 63 
3 0 9 0 3 0 1 63 
1 0 0 0 0 0 0 
1 0 0 0 0 0 3 65 66 67 
1 0 2 1 3 7 3 71 73 75 
5 0 7 3 4 10 2 68 69 
1 0 7 6 10 1 3 70 71 78 
9 0 4 8 4 10 2 74 76 
4 0 3 9 7 10 3 74 79 90 
6 0 3 9 10 9 3 75 79 82 
3 0 8 9 10 9 1 72 
8 0 3 7 4 9 3 77 84 90 
10 0 4 3 6 4 1 81 
4 0 2 4 2 1 3 78 86 88 
6 0 9 6 5 10 1 85 
10 0 2 7 9 1 3 80 85 92 
9 0 10 5 4 10 3 79 88 93 
5 1 0 0 0 0 1 91 
1 1 0 0 0 0 1 91 
10 1 0 0 0 0 3 82 86 87 
2 0 5 7 9 2 2 83 87 
4 1 0 0 0 0 2 84 89 
4 1 0 0 0 0 3 88 89 94 
7 0 8 5 7 3 1 94 
3 0 7 5 10 5 1 86 
8 0 7 5 10 10 1 89 
9 0 8 1 1 4 2 90 93 
7 0 7 10 6 10 1 91 
7 0 6 6 7 8 1 93 
2 0 10 9 7 10 1 94 
9 0 8 2 9 2 1 92 
6 0 7 6 2 9 1 95 
5 0 1 8 8 8 1 95 
5 0 10 3 1 4 1 95 
1 0 0 0 0 0 0 
1 0 0 0 0 0 3 97 98 99 
9 0 4 0 7 2 3 101 103 105 
9 0 0 6 9 0 3 107 115 124 
2 0 8 7 8 0 3 100 105 118 
5 0 4 5 2 10 3 102 104 113 
9 0 6 1 0 3 3 102 108 110 
5 0 3 10 7 10 3 109 117 121 
10 0 0 10 1 7 3 104 106 108 
9 0 7 5 1 1 3 112 121 122 
1 1 0 0 0 0 3 107 111 114 
2 0 0 10 1 2 3 110 115 122 
9 1 0 0 0 0 2 109 112 
6 0 10 6 0 2 3 112 114 116 
5 0 8 0 0 0 2 119 125 
4 0 9 10 10 8 3 113 114 118 
2 1 0 0 0 0 3 116 122 126 
10 1 0 0 0 0 2 117 125 
5 1 0 0 0 0 3 121 123 126 
9 1 0 0 0 0 3 117 120 123 
2 0 0 1 8 4 2 116 118 
4 1 0 0 0 0 1 120 
7 0 5 9 10 2 1 119 
3 1 0 0 0 0 2 119 120 
4 0 2 9 6 5 1 126 
2 0 0 0 8 10 1 125 
9 0 6 4 0 0 1 124 
6 0 5 10 9 0 1 123 
9 0 9 0 1 3 1 124 
8 0 5 6 0 9 1 127 
8 0 0 10 7 0 1 127 
10 0 9 0 10 3 1 127 
1 0 0 0 0 0 0 
1 0 0 0 0 0 3 129 130 131 
5 0 5 10 9 7 3 134 138 139 
2 0 10 4 1 9 3 132 133 156 
7 0 4 5 4 6 2 136 137 
4 0 0 6 2 0 1 143 
1 0 9 0 0 8 1 157 
3 0 5 5 0 9 3 135 152 153 
9 0 7 0 7 1 1 148 
8 0 7 0 3 0 1 146 
10 0 9 8 0 7 1 142 
10 0 0 5 0 8 1 149 
8 0 0 0 1 9 2 140 141 
9 0 1 9 6 0 1 147 
10 0 1 3 10 8 1 145 
4 0 9 10 8 10 3 144 145 154 
9 0 7 1 5 9 1 152 
6 1 0 0 0 0 1 150 
3 1 0 0 0 0 3 149 155 158 
9 0 8 0 9 0 2 150 153 
8 1 0 0 0 0 1 152 
4 0 3 0 1 0 2 150 154 
3 1 0 0 0 0 1 151 
4 1 0 0 0 0 1 156 
9 0 4 8 7 4 1 157 
9 0 10 0 2 7 2 154 157 
5 0 8 9 3 6 1 158 
4 0 4 4 7 8 1 158 
7 0 9 0 0 9 1 156 
7 0 0 1 8 1 1 159 
1 0 9 10 1 4 1 159 
9 0 2 3 0 0 1 159 
1 0 0 0 0 0 0 
1 0 0 0 0 0 3 161 162 163 
7 0 2 2 6 2 1 174 
3 0 10 2 5 9 3 165 167 169 
5 0 3 4 4 8 1 164 
4 0 10 5 7 7 2 166 184 
3 0 5 5 8 8 3 168 172 178 
4 0 2 1 8 9 1 170 
1 0 6 3 6 10 2 173 182 
2 0 10 10 10 6 2 171 190 
4 0 6 5 6 8 3 175 179 185 
7 1 0 0 0 0 1 186 
1 0 9 7 1 5 2 176 181 
5 0 1 4 2 3 1 175 
7 0 9 9 6 10 2 177 179 
3 0 8 5 1 2 3 180 182 188 
4 0 6 4 6 9 2 181 187 
9 0 7 6 2 1 1 184 
5 1 0 0 0 0 2 183 189 
6 0 4 7 3 8 1 180 
5 1 0 0 0 0 1 181 
10 0 3 4 1 6 1 189 
6 0 8 6 3 7 1 184 
7 0 3 1 5 8 1 189 
5 0 5 9 1 2 1 187 
3 0 8 3 1 5 1 188 
1 1 0 0 0 0 1 190 
6 0 3 4 3 10 1 187 
3 0 10 7 3 4 1 188 
5 0 6 10 1 10 1 191 
6 0 1 8 5 9 1 191 
6 0 5 8 6 3 1 191 
1 0 0 0 0 0 0 
1 0 0 0 0 0 3 193 194 195 
9 0 0 6 0 1 3 202 215 218 
7 0 0 0 1 0 3 197 199 200 
1 0 5 7 10 0 3 196 201 205 
1 0 6 9 1 0 3 197 198 202 
10 0 0 3 0 0 3 206 212 215 
4 0 7 7 1 0 3 203 209 210 
5 0 2 0 0 0 3 206 214 215 
10 0 0 10 10 0 3 202 203 207 
6 0 0 0 6 0 3 207 216 222 
9 1 0 0 0 0 3 208 209 211 
7 1 0 0 0 0 3 204 206 219 
6 1 0 0 0 0 3 212 213 218 
8 0 0 10 0 6 3 207 210 211 
6 0 8 0 9 0 3 211 217 218 
6 1 0 0 0 0 2 214 217 
7 1 0 0 0 0 3 210 216 220 
9 0 0 0 3 5 1 222 
5 0 0 2 0 9 3 212 213 219 
6 0 0 0 10 6 1 213 
8 0 0 5 0 2 1 214 
8 0 5 0 3 0 1 222 
3 0 3 2 10 0 1 221 
6 0 0 0 5 9 3 216 219 220 
7 0 2 0 0 0 1 217 
2 0 7 1 3 0 1 221 
5 0 6 2 0 2 1 220 
8 0 0 9 0 0 1 221 
10 0 0 10 5 0 1 223 
2 0 4 0 0 3 1 223 
2 0 10 0 8 0 1 223 
1 0 0 0 0 0 0 
1 0 0 0 0 0 3 225 226 227 
9 0 10 8 4 7 3 236 245 251 
10 0 3 6 10 5 2 228 230 
1 0 2 2 8 6 1 229 
5 0 4 10 2 9 3 235 237 244 
9 0 5 10 5 5 3 231 242 254 
9 0 6 10 10 7 2 233 253 
6 0 5 6 7 6 2 232 234 
7 1 0 0 0 0 1 253 
6 0 4 7 1 9 2 238 239 
9 0 1 1 6 3 1 237 
8 1 0 0 0 0 1 243 
9 0 7 2 8 4 1 242 
7 0 4 4 9 7 2 240 247 
8 0 2 6 3 8 2 246 250 
1 1 0 0 0 0 2 241 249 
1 1 0 0 0 0 2 246 249 
9 1 0 0 0 0 1 242 
6 0 9 3 1 8 1 248 
6 0 9 9 2 1 2 245 252 
10 0 8 5 3 10 1 248 
3 0 10 8 10 5 1 253 
4 0 4 2 4 2 1 248 
9 1 0 0 0 0 1 249 
1 0 2 7 8 1 1 252 
4 0 1 6 9 2 1 252 
8 0 10 10 9 7 1 254 
5 0 6 1 9 5 1 254 
3 0 2 3 5 5 1 255 
2 0 1 8 10 5 1 255 
7 0 10 10 6 5 1 255 
1 0 0 0 0 0 0 
1 0 0 0 0 0 3 257 258 259 
6 0 0 2 0 9 3 261 270 273 
9 0 1 0 5 4 3 260 270 273 
1 0 0 2 10 8 3 261 262 271 
9 0 0 10 7 7 3 263 269 271 
1 0 8 5 0 1 3 263 266 269 
5 0 7 0 9 7 3 264 267 278 
7 0 6 0 6 0 3 265 267 272 
1 0 0 10 3 2 3 265 268 275 
10 1 0 0 0 0 2 277 285 
6 0 1 2 7 1 3 274 278 280 
8 1 0 0 0 0 1 276 
5 0 0 2 4 7 3 270 273 274 
9 0 7 10 8 0 3 272 274 280 
5 0 9 0 1 7 2 284 286 
9 0 0 7 2 0 3 278 282 285 
1 0 1 9 2 4 2 275 276 
1 0 8 7 0 0 3 277 280 282 
3 0 10 0 9 0 3 276 281 283 
6 0 0 6 4 7 3 279 281 282 
8 0 7 0 6 9 2 277 285 
6 0 10 4 9 6 1 279 
4 1 0 0 0 0 1 284 
5 0 7 1 6 4 1 284 
4 1 0 0 0 0 2 281 283 
3 0 7 9 7 10 1 286 
2 0 9 0 4 1 1 283 
9 0 1 10 0 3 1 286 
7 0 9 10 3 2 1 287 
3 0 4 10 10 10 1 287 
2 0 10 8 0 10 1 287 
1 0 0 0 0 0 0 
1 0 0 0 0 0 3 289 290 291 
10 0 4 10 5 0 3 295 304 305 
6 0 0 0 7 0 3 292 293 299 
5 0 0 5 0 9 3 297 309 311 
8 0 4 8 0 0 2 294 301 
5 0 0 2 0 0 2 296 301 
10 0 0 0 9 0 2 297 300 
7 0 0 0 9 5 3 297 298 312 
6 0 3 0 10 0 1 304 
9 0 3 3 4 2 3 302 310 314 
8 0 0 8 0 6 1 302 
10 0 0 3 0 0 1 311 
5 1 0 0 0 0 3 302 305 311 
3 0 7 0 0 0 3 303 305 309 
6 1 0 0 0 0 2 306 307 
3 0 2 0 3 0 3 304 308 314 
1 0 6 0 0 10 1 315 
7 0 0 0 8 3 1 316 
2 1 0 0 0 0 1 317 
8 0 0 0 0 2 1 308 
9 0 6 0 1 0 2 313 317 
1 0 9 0 3 0 2 313 317 
4 1 0 0 0 0 2 316 318 
9 1 0 0 0 0 2 314 318 
3 0 9 0 4 2 1 313 
5 0 2 2 0 0 2 315 318 
6 1 0 0 0 0 1 315 
10 0 0 0 0 3 1 316 
1 0 0 0 7 8 1 319 
4 0 0 5 0 10 1 319 
6 0 4 4 0 0 1 319 
1 0 0 0 0 0 0 
133.83 133.97 141.84 135.2 144.21 164.92 270.28 314.69 324.05 308.38 295.44 308.58 300.89 302.05 331.4 328.09 330.77 333.95 315.41 289.8 256 220 199.93 158.17 136.75 121.62 99.97 82.85 91.51 136.62 210.67 250.35 258.57 245.32 242.2 252.49 256.02 261.53 263.61 261.4 259.57 284.96 294.9 280.1 250.75 207.27 195.58 158.73 130.31 126.47 111.56 106.22 110.87 137.75 209.97 258.46 268.55 243.57 245 239.93 232.98 226.14 231.95 239.46 260.7 260 264.36 259.31 212.87 209.34 186.78 157.1 157.16 149.26 143.86 138.49 152 185.8 270.15 300.45 303.42 294.94 295.02 289.9 279.73 276.6 288.23 303.27 305.51 316.94 291.03 284.16 261.56 229.94 217.1 191.19 194.93 175.19 163.07 151.82 168.23 206.79 257.98 303.49 315.91 300.42 289.86 300.47 287.17 286.54 290.82 317.7 327.36 349.9 337.95 316.75 283.86 266.32 269.92 226.03 212.77 210.7 199.98 200 197.99 211.94 214.94 228.07 264.96 280 257.83 254.04 249.99 239.83 257.61 264.02 288.2 315.92 306.1 270.08 232.22 213.37 200 173.69 144.88 135 122.01 99.4 99.4 105.64 129.57 144.02 154 171.71 171.21 186.6 184.01 180 184.47 188.84 215.35 230 228.73 217.64 201.01 183.19 171.05 158.51 133.83 133.97 141.84 135.2 144.21 164.92 270.28 314.69 324.05 308.38 295.44 308.58 300.89 302.05 331.4 328.09 330.77 333.95 315.41 289.8 256 220 199.93 158.17 136.75 121.62 99.97 82.85 91.51 136.62 210.67 250.35 258.57 245.32 242.2 252.49 256.02 261.53 263.61 261.4 259.57 284.96 294.9 280.1 250.75 207.27 195.58 158.73 130.31 126.47 111.56 106.22 110.87 137.75 209.97 258.46 268.55 243.57 245 239.93 232.98 226.14 231.95 239.46 260.7 260 264.36 259.31 212.87 209.34 186.78 157.1 157.16 149.26 143.86 138.49 152 185.8 270.15 300.45 303.42 294.94 295.02 289.9 279.73 276.6 288.23 303.27 305.51 316.94 291.03 284.16 261.56 229.94 217.1 191.19 194.93 175.19 163.07 151.82 168.23 206.79 257.98 303.49 315.91 300.42 289.86 300.47 287.17 286.54 290.82 317.7 327.36 349.9 337.95 316.75 283.86 266.32 269.92 226.03 212.77 210.7 199.98 200 197.99 211.94 214.94 228.07 264.96 280 257.83 254.04 249.99 239.83 257.61 264.02 288.2 315.92 306.1 270.08 232.22 213.37 200 173.69 144.88 135 122.01 99.4 99.4 105.64 129.57 144.02 154 171.71 171.21 186.6 184.01 180 184.47 188.84 215.35 230 228.73 217.64 201.01 183.19 171.05 158.51 133.83 133.97 141.84 135.2 144.21 164.92 270.28 314.69 324.05 308.38 295.44 308.58 300.89 302.05 331.4 328.09 330.77 333.95 315.41 289.8 256 220 199.93 158.17 136.75 121.62 99.97 82.85 91.51 136.62 210.67 250.35 258.57 245.32 242.2 252.49 256.02 261.53 263.61 261.4 259.57 284.96 294.9 280.1 250.75 207.27 195.58 158.73 130.31 126.47 111.56 106.22 110.87 137.75 209.97 258.46 268.55 243.57 245 239.93 232.98 226.14 231.95 239.46 260.7 260 264.36 259.31 212.87 209.34 186.78 157.1 157.16 149.26 143.86 138.49 152 185.8 270.15 300.45 303.42 294.94 295.02 289.9 279.73 276.6 288.23 303.27 305.51 316.94 291.03 284.16 261.56 229.94 217.1 191.19 194.93 175.19 163.07 151.82 168.23 206.79 257.98 303.49 315.91 300.42 289.86 300.47 287.17 286.54 290.82 317.7 327.36 349.9 337.95 316.75 283.86 266.32 269.92 226.03 212.77 210.7 199.98 200 197.99 211.94 214.94 228.07 264.96 280 257.83 254.04 249.99 239.83 257.61 264.02 288.2 315.92 306.1 270.08 232.22 213.37 200 173.69 144.88 135 122.01 99.4 99.4 105.64 129.57 144.02 154 171.71 171.21 186.6 184.01 180 184.47 188.84 215.35 230 228.73 217.64 201.01 183.19 171.05 158.51 133.83 133.97 141.84 135.2 144.21 164.92 270.28 314.69 324.05 308.38 295.44 308.58 300.89 302.05 331.4 328.09 330.77 333.95 315.41 289.8 256 220 199.93 158.17 136.75 121.62 99.97 82.85 91.51 136.62 210.67 250.35 258.57 245.32 242.2 252.49 256.02 261.53 263.61 261.4 259.57 284.96 294.9 280.1 250.75 207.27 195.58 158.73 130.31 126.47 111.56 106.22 110.87 137.75 209.97 258.46 268.55 243.57 245 239.93 232.98 226.14 231.95 239.46 260.7 260 264.36 259.31 212.87 209.34 186.78 157.1 157.16 149.26 143.86 138.49 152 185.8 270.15 300.45 303.42 294.94 295.02 289.9 279.73 276.6 288.23 303.27 
