320 5
1 40 38 32 35 
1 0 0 0 0 0 3 1 2 3 
3 0 0 0 0 1 3 5 7 13 
4 0 3 2 10 0 3 4 9 11 
7 0 2 0 6 2 3 16 17 23 
1 0 0 0 5 3 3 13 14 15 
1 0 0 6 0 10 3 6 9 18 
2 0 0 9 0 8 3 8 10 12 
2 0 0 3 3 0 3 11 14 25 
10 0 0 3 3 0 3 14 17 21 
5 0 0 0 8 0 3 15 17 28 
10 0 0 0 0 5 3 21 23 29 
3 0 2 7 9 0 3 12 16 24 
6 0 0 0 9 0 2 15 27 
10 0 4 1 6 0 3 16 19 23 
8 0 0 6 4 9 2 19 30 
1 1 0 0 0 0 2 22 26 
10 0 0 9 0 0 2 20 29 
9 0 1 0 1 10 2 22 25 
8 0 0 0 4 0 3 19 20 29 
9 0 2 0 4 5 1 24 
4 1 0 0 0 0 1 21 
7 1 0 0 0 0 3 22 26 27 
2 0 5 0 0 0 1 30 
1 0 5 9 8 0 3 24 25 27 
6 0 5 0 9 0 1 28 
6 1 0 0 0 0 1 26 
7 0 8 0 0 5 1 30 
6 0 0 5 0 0 1 28 
6 0 3 6 0 9 1 31 
3 1 0 0 0 0 1 31 
7 0 0 0 9 0 1 31 
1 0 0 0 0 0 0 
1 0 0 0 0 0 3 33 34 35 
4 0 0 10 0 0 3 37 43 50 
4 0 0 4 0 0 3 36 38 42 
2 0 0 6 0 0 3 42 44 61 
4 0 0 0 8 0 3 39 40 44 
5 0 3 0 0 0 3 45 54 58 
2 0 10 0 0 0 2 43 57 
9 0 0 0 3 0 3 45 48 49 
4 0 0 6 0 0 3 41 43 49 
5 0 8 0 0 0 3 46 50 52 
2 0 0 0 0 3 1 57 
3 0 4 0 0 0 3 47 48 51 
3 0 0 0 5 0 3 45 47 53 
5 0 9 0 0 0 2 56 59 
6 0 0 0 0 10 3 47 48 51 
7 1 0 0 0 0 1 55 
6 1 0 0 0 0 1 61 
10 0 0 3 0 0 2 52 59 
5 0 0 0 1 0 3 51 53 61 
4 0 0 0 6 0 3 54 55 59 
6 1 0 0 0 0 2 53 55 
6 1 0 0 0 0 3 54 56 57 
8 0 0 0 0 8 2 60 62 
4 1 0 0 0 0 2 56 58 
8 0 0 6 0 0 1 62 
8 0 0 8 0 0 2 58 60 
3 0 0 0 2 0 1 62 
8 0 0 9 0 0 1 60 
5 0 8 0 0 0 1 63 
2 0 0 0 0 5 1 63 
10 0 1 0 0 0 1 63 
1 0 0 0 0 0 0 
1 0 0 0 0 0 3 65 66 67 
10 0 0 7 0 0 3 70 80 82 
6 0 10 0 4 0 2 72 75 
10 0 9 2 2 0 3 68 69 74 
8 0 4 0 5 0 3 81 87 91 
6 0 2 0 3 4 1 71 
4 0 2 6 8 0 2 73 76 
5 1 0 0 0 0 3 78 83 86 
5 0 0 10 0 3 2 77 94 
9 1 0 0 0 0 1 92 
9 0 8 0 6 0 1 87 
10 0 0 3 0 0 2 82 85 
9 0 0 9 0 0 2 88 90 
9 0 0 0 0 5 2 79 84 
5 0 8 0 6 9 1 90 
9 0 6 0 5 10 1 89 
9 0 7 0 2 3 1 89 
5 0 9 0 0 1 1 93 
4 0 0 2 0 1 2 84 86 
7 0 2 4 1 0 1 87 
4 1 0 0 0 0 1 92 
5 0 0 0 0 3 1 92 
6 1 0 0 0 0 1 91 
5 0 0 0 10 5 1 89 
8 0 2 9 3 0 1 93 
2 0 5 1 3 0 1 93 
7 0 2 0 0 8 1 94 
4 0 0 5 0 0 1 94 
5 0 5 0 0 0 1 95 
8 0 8 10 6 0 1 95 
7 0 0 0 4 5 1 95 
1 0 0 0 0 0 0 
1 0 0 0 0 0 3 97 98 99 
4 0 4 8 0 0 3 100 102 111 
1 0 5 0 0 5 2 101 109 
5 0 4 0 0 3 2 103 122 
9 0 0 3 0 3 3 110 113 125 
10 0 0 4 3 0 3 105 106 121 
6 0 9 0 2 2 1 116 
1 0 0 4 0 0 3 104 106 124 
9 0 9 5 0 0 2 114 117 
2 0 0 10 7 0 1 112 
8 0 0 0 7 3 3 107 108 115 
8 0 0 5 10 0 1 114 
8 1 0 0 0 0 1 117 
2 0 4 10 0 7 1 117 
2 0 8 0 3 0 3 115 120 123 
10 0 3 2 4 5 1 123 
8 0 7 5 0 0 1 125 
10 0 10 3 0 0 1 118 
2 1 0 0 0 0 1 120 
10 1 0 0 0 0 1 126 
5 0 3 0 5 0 1 119 
3 0 2 2 0 9 1 120 
6 1 0 0 0 0 1 119 
5 0 2 5 0 4 1 121 
10 0 0 0 0 2 1 126 
10 0 5 6 0 10 1 126 
8 0 0 5 0 0 1 123 
10 0 0 5 0 0 1 124 
2 1 0 0 0 0 1 127 
10 1 0 0 0 0 1 127 
3 0 3 0 5 0 1 127 
1 0 0 0 0 0 0 
1 0 0 0 0 0 3 129 130 131 
1 0 2 0 0 0 1 133 
4 0 0 0 4 0 3 132 135 146 
8 0 0 7 0 0 3 134 136 140 
6 0 0 1 0 0 2 136 143 
3 0 0 2 0 0 3 137 138 139 
3 0 0 0 0 7 3 141 145 151 
9 0 0 0 6 0 3 144 153 155 
2 0 0 2 0 0 1 149 
6 0 1 0 0 0 2 145 146 
8 0 0 0 8 0 2 142 145 
4 0 0 0 1 0 2 141 154 
9 0 0 0 8 0 1 153 
4 0 0 0 0 1 1 148 
10 0 0 8 0 0 2 146 154 
9 0 0 0 0 5 1 148 
4 0 0 0 6 0 2 147 150 
10 0 7 0 0 0 3 148 153 154 
9 0 8 0 0 0 3 147 150 158 
9 0 0 0 1 0 1 156 
9 0 0 5 0 0 1 150 
7 0 0 5 0 0 2 152 155 
3 0 0 0 1 0 2 152 156 
2 0 0 0 10 0 2 152 155 
4 0 0 8 0 0 1 157 
7 0 0 0 0 10 2 156 157 
1 1 0 0 0 0 2 157 158 
2 0 0 0 9 0 1 158 
1 0 0 1 0 0 1 159 
1 0 0 0 0 8 1 159 
2 0 0 0 7 0 1 159 
1 0 0 0 0 0 0 
1 0 0 0 0 0 3 161 162 163 
6 0 0 9 8 7 3 169 173 176 
10 0 10 1 7 0 3 165 168 178 
10 0 8 2 0 6 3 164 167 168 
5 0 0 7 8 0 3 166 170 176 
8 0 1 6 0 3 2 172 184 
3 1 0 0 0 0 2 172 182 
8 0 8 7 6 6 3 169 170 171 
10 0 6 8 2 5 3 174 176 180 
6 0 0 7 6 3 3 174 178 180 
7 0 0 2 10 10 3 175 181 182 
8 1 0 0 0 0 2 173 188 
5 1 0 0 0 0 3 173 174 180 
2 1 0 0 0 0 2 179 183 
6 1 0 0 0 0 3 177 186 188 
6 1 0 0 0 0 1 183 
9 0 0 3 5 0 3 179 182 188 
10 0 0 6 0 6 2 179 187 
4 1 0 0 0 0 3 181 184 187 
6 0 3 2 4 2 1 181 
10 0 5 4 3 9 1 183 
7 0 6 1 5 8 2 185 190 
7 0 0 0 3 8 2 184 186 
9 0 7 8 3 6 3 185 186 187 
3 0 1 9 10 0 1 185 
6 0 1 0 0 8 1 189 
5 0 1 5 10 7 2 189 190 
3 0 0 1 10 5 2 189 190 
10 0 9 9 0 1 1 191 
3 0 5 5 7 0 1 191 
10 0 0 0 0 5 1 191 
1 0 0 0 0 0 0 
1 0 0 0 0 0 3 193 194 195 
10 0 8 0 4 4 3 196 208 216 
8 0 6 3 0 7 3 197 200 201 
8 0 7 3 3 8 1 208 
4 0 7 1 6 10 2 198 220 
3 0 6 2 0 10 3 199 202 206 
3 1 0 0 0 0 1 204 
2 0 8 3 5 8 1 218 
2 1 0 0 0 0 3 209 212 221 
4 0 0 8 10 0 3 203 205 210 
10 0 0 1 10 0 1 213 
9 0 0 4 5 0 2 207 213 
10 1 0 0 0 0 2 215 222 
9 0 4 6 9 3 2 216 218 
10 0 0 10 7 0 1 210 
5 0 6 0 5 0 1 211 
2 0 9 0 8 0 1 209 
2 0 1 10 4 9 1 222 
3 1 0 0 0 0 1 213 
3 1 0 0 0 0 1 214 
5 0 4 8 9 0 1 217 
2 0 4 7 9 8 1 219 
7 1 0 0 0 0 1 217 
7 0 1 10 10 0 1 218 
4 0 0 4 7 9 2 217 220 
7 0 6 0 1 1 1 222 
6 0 1 8 8 10 1 221 
5 0 7 4 8 0 1 221 
3 0 0 7 10 9 1 223 
8 0 4 0 6 1 1 223 
5 0 9 5 0 1 1 223 
1 0 0 0 0 0 0 
1 0 0 0 0 0 3 225 226 227 
7 0 8 5 0 3 3 230 241 242 
6 0 0 7 2 6 3 228 235 237 
9 0 1 0 5 3 3 229 233 238 
10 0 4 5 0 3 3 231 232 238 
3 0 0 5 0 9 2 234 236 
3 0 9 3 3 10 2 239 245 
10 0 4 2 0 6 1 248 
8 0 8 5 2 4 1 236 
7 0 10 7 6 4 2 243 250 
5 0 7 8 8 7 1 254 
9 0 0 0 9 1 1 236 
5 0 10 9 3 0 1 246 
10 0 1 5 2 0 1 249 
4 0 5 2 0 10 1 240 
7 0 0 6 4 0 1 246 
10 0 0 4 2 10 2 242 245 
5 0 10 10 8 0 1 250 
2 1 0 0 0 0 2 244 251 
4 0 9 7 1 0 1 252 
3 1 0 0 0 0 2 247 248 
9 0 6 10 6 5 1 246 
2 0 10 2 6 2 1 253 
8 0 9 7 2 0 1 254 
10 0 0 10 10 3 1 252 
5 0 7 3 8 8 1 250 
10 1 0 0 0 0 1 252 
7 0 1 7 4 1 2 253 254 
10 0 0 0 5 2 1 255 
8 0 0 0 5 0 1 255 
7 0 7 6 2 7 1 255 
1 0 0 0 0 0 0 
1 0 0 0 0 0 3 257 258 259 
7 0 0 4 1 6 2 262 275 
3 0 0 1 0 0 1 266 
3 0 8 1 5 0 3 260 261 265 
8 0 8 0 0 0 3 269 273 280 
3 0 2 0 3 0 3 262 269 271 
1 0 0 3 8 0 3 263 266 268 
9 0 4 7 0 0 3 264 276 280 
4 0 8 6 0 0 1 267 
3 0 5 0 4 5 1 277 
1 1 0 0 0 0 2 270 272 
8 1 0 0 0 0 3 277 281 282 
8 0 0 10 0 10 2 274 283 
10 0 10 3 0 0 2 276 282 
5 0 0 9 4 0 3 274 279 281 
6 1 0 0 0 0 3 272 274 278 
4 0 10 4 3 0 1 277 
7 0 0 2 10 3 1 279 
6 0 0 7 0 3 1 282 
4 0 0 3 0 0 1 281 
5 1 0 0 0 0 2 278 283 
8 0 0 4 4 0 1 285 
8 0 5 0 6 0 2 279 285 
2 0 5 0 0 0 1 284 
3 1 0 0 0 0 3 283 284 285 
5 0 7 3 0 0 2 284 286 
1 0 3 3 0 7 1 286 
5 0 8 0 0 6 1 286 
6 0 0 0 5 0 1 287 
6 0 0 1 0 0 1 287 
6 0 6 0 0 5 1 287 
1 0 0 0 0 0 0 
1 0 0 0 0 0 3 289 290 291 
7 0 0 0 0 10 1 295 
8 0 9 0 0 0 3 297 299 311 
8 0 0 7 0 0 3 292 293 302 
7 0 0 0 9 0 3 294 298 313 
6 0 0 0 0 1 3 296 305 311 
7 0 0 0 0 2 1 304 
8 0 0 0 7 0 2 296 308 
7 0 0 2 0 0 3 307 310 315 
10 0 0 0 2 0 2 301 303 
5 0 0 0 0 1 3 300 301 312 
3 0 0 0 6 0 3 300 312 313 
3 1 0 0 0 0 1 316 
1 0 4 0 0 0 1 315 
1 0 0 0 7 0 2 305 306 
5 0 0 0 0 9 3 304 307 313 
9 0 0 1 0 0 3 305 306 314 
5 1 0 0 0 0 2 308 310 
1 1 0 0 0 0 2 310 318 
3 1 0 0 0 0 1 317 
9 0 0 0 3 0 1 309 
5 0 0 0 10 0 1 316 
6 0 0 0 7 0 1 316 
8 0 0 0 8 0 2 312 314 
10 0 0 0 6 0 1 318 
3 1 0 0 0 0 2 315 317 
8 0 0 0 9 0 1 317 
8 1 0 0 0 0 1 318 
6 0 8 0 0 0 1 319 
9 0 0 10 0 0 1 319 
6 0 0 0 7 0 1 319 
1 0 0 0 0 0 0 
77.14 70.02 68.99 72.01 72.09 87.11 102.02 117.02 115.08 105 99.94 94.62 87.26 81.31 75.87 72.8 82.36 98.79 117.54 125.59 120 121.33 113.73 104.99 96 86.55 84.95 86.43 87.33 92.26 110.61 144.06 144.22 112.68 101.95 99.98 98.52 89.01 86.05 87.27 98.89 101.63 108.74 125 130 124.76 110.75 98.5 97.96 89.31 86.26 79.65 79.64 86.83 101.77 111.29 115.61 108.04 99.67 93.4 88.5 88.17 85.97 86.38 92.92 101.09 109.57 122.58 104.01 116.06 113.74 98.78 98.36 82.69 76 71.06 71.39 80.34 96.29 103.27 104.3 99.12 96.8 88.2 86.45 80.01 78.33 81.1 92.77 107.76 117.1 123.12 118.59 118.5 115.09 101.48 88.63 79.59 78.13 79.2 80.02 89.53 100.52 111.14 112.99 107.87 99.54 93 85.85 80 75.65 76.1 80 99.47 107.87 112.93 121.93 120 114.65 100.86 103.09 94.91 91.17 85.66 88.97 87.03 85.7 87.91 85.79 81.71 75.5 63.75 57.68 39.87 18.82 19.73 47.81 65.81 90.48 94.59 95.3 104.47 103.95 92.18 84.5 74.9 67.81 57.79 51.6 51.7 47.34 37 29.82 8.48 0.01 9.44 -7.68 -20.94 -29.64 -46.48 -2.61 14.89 37.12 75 84.47 88.46 89.62 70.05 77.14 70.02 68.99 72.01 72.09 87.11 102.02 117.02 115.08 105 99.94 94.62 87.26 81.31 75.87 72.8 82.36 98.79 117.54 125.59 120 121.33 113.73 104.99 96 86.55 84.95 86.43 87.33 92.26 110.61 144.06 144.22 112.68 101.95 99.98 98.52 89.01 86.05 87.27 98.89 101.63 108.74 125 130 124.76 110.75 98.5 97.96 89.31 86.26 79.65 79.64 86.83 101.77 111.29 115.61 108.04 99.67 93.4 88.5 88.17 85.97 86.38 92.92 101.09 109.57 122.58 104.01 116.06 113.74 98.78 98.36 82.69 76 71.06 71.39 80.34 96.29 103.27 104.3 99.12 96.8 88.2 86.45 80.01 78.33 81.1 92.77 107.76 117.1 123.12 118.59 118.5 115.09 101.48 88.63 79.59 78.13 79.2 80.02 89.53 100.52 111.14 112.99 107.87 99.54 93 85.85 80 75.65 76.1 80 99.47 107.87 112.93 121.93 120 114.65 100.86 103.09 94.91 91.17 85.66 88.97 87.03 85.7 87.91 85.79 81.71 75.5 63.75 57.68 39.87 18.82 19.73 47.81 65.81 90.48 94.59 95.3 104.47 103.95 92.18 84.5 74.9 67.81 57.79 51.6 51.7 47.34 37 29.82 8.48 0.01 9.44 -7.68 -20.94 -29.64 -46.48 -2.61 14.89 37.12 75 84.47 88.46 89.62 70.05 77.14 70.02 68.99 72.01 72.09 87.11 102.02 117.02 115.08 105 99.94 94.62 87.26 81.31 75.87 72.8 82.36 98.79 117.54 125.59 120 121.33 113.73 104.99 96 86.55 84.95 86.43 87.33 92.26 110.61 144.06 144.22 112.68 101.95 99.98 98.52 89.01 86.05 87.27 98.89 101.63 108.74 125 130 124.76 110.75 98.5 97.96 89.31 86.26 79.65 79.64 86.83 101.77 111.29 115.61 108.04 99.67 93.4 88.5 88.17 85.97 86.38 92.92 101.09 109.57 122.58 104.01 116.06 113.74 98.78 98.36 82.69 76 71.06 71.39 80.34 96.29 103.27 104.3 99.12 96.8 88.2 86.45 80.01 78.33 81.1 92.77 107.76 117.1 123.12 118.59 118.5 115.09 101.48 88.63 79.59 78.13 79.2 80.02 89.53 100.52 111.14 112.99 107.87 99.54 93 85.85 80 75.65 76.1 80 99.47 107.87 112.93 121.93 120 114.65 100.86 103.09 94.91 91.17 85.66 88.97 87.03 85.7 87.91 85.79 81.71 75.5 63.75 57.68 39.87 18.82 19.73 47.81 65.81 90.48 94.59 95.3 104.47 103.95 92.18 84.5 74.9 67.81 57.79 51.6 51.7 47.34 37 
