320 5
1 30 34 38 35 
1 0 0 0 0 0 3 1 2 3 
4 0 7 1 3 10 1 8 
4 0 10 10 3 4 1 22 
5 0 8 5 7 8 3 4 8 10 
3 0 10 6 7 8 3 5 6 7 
8 0 5 8 5 5 3 15 18 22 
2 0 3 1 10 9 2 12 17 
1 0 3 1 5 4 3 9 11 19 
5 0 3 5 7 1 1 21 
1 0 8 6 8 10 2 15 16 
3 0 2 5 2 9 2 14 23 
6 0 4 4 3 3 2 13 16 
6 0 5 9 7 8 2 16 20 
3 1 0 0 0 0 3 17 23 25 
2 0 7 7 5 7 2 21 28 
8 0 8 1 9 10 1 27 
6 1 0 0 0 0 3 23 24 26 
3 0 4 6 3 1 2 21 22 
4 0 9 6 5 8 3 19 26 29 
2 1 0 0 0 0 1 20 
6 1 0 0 0 0 2 24 25 
5 1 0 0 0 0 1 27 
3 1 0 0 0 0 3 26 29 30 
2 1 0 0 0 0 2 27 28 
7 0 9 5 7 3 1 30 
4 0 4 1 1 3 1 30 
2 1 0 0 0 0 1 28 
10 0 9 5 3 5 1 29 
6 0 2 6 9 5 1 31 
8 0 1 8 3 3 1 31 
5 0 8 8 10 4 1 31 
1 0 0 0 0 0 0 
1 0 0 0 0 0 3 33 34 35 
5 0 0 1 10 0 3 36 39 44 
6 0 6 0 3 0 3 43 48 51 
2 0 6 3 8 6 3 36 37 44 
1 0 5 0 2 0 3 40 45 46 
3 0 7 0 0 0 3 38 48 54 
7 0 0 5 5 3 3 39 46 51 
4 0 0 10 0 0 2 42 52 
7 0 8 10 0 0 3 41 51 54 
10 1 0 0 0 0 3 43 48 49 
1 0 1 0 7 0 2 43 45 
5 1 0 0 0 0 2 47 58 
10 0 0 9 0 0 3 54 56 58 
10 0 0 0 0 8 3 49 55 57 
8 0 0 0 5 2 3 49 52 56 
2 1 0 0 0 0 1 50 
3 0 6 0 10 0 2 50 60 
10 0 0 6 2 0 1 58 
2 1 0 0 0 0 3 53 55 59 
10 1 0 0 0 0 3 52 53 59 
10 1 0 0 0 0 2 55 57 
6 0 1 4 4 0 2 56 57 
10 0 0 0 2 1 3 60 61 62 
7 0 6 0 9 0 1 61 
10 0 7 0 6 0 1 62 
4 0 3 0 0 0 1 62 
2 0 0 0 3 1 2 59 60 
6 0 0 0 0 2 1 61 
4 0 4 0 7 4 1 63 
5 0 6 3 0 0 1 63 
1 0 8 2 3 0 1 63 
1 0 0 0 0 0 0 
1 0 0 0 0 0 3 65 66 67 
5 0 0 9 8 0 3 71 76 79 
9 0 5 1 0 0 3 73 79 83 
1 0 0 0 0 3 3 68 69 70 
5 0 2 5 0 0 3 74 75 78 
5 0 0 3 0 2 3 72 73 81 
7 0 0 6 0 0 3 71 73 77 
5 0 0 6 0 0 3 82 85 94 
6 0 0 0 10 0 3 79 80 89 
2 0 0 9 3 0 3 78 82 91 
5 0 0 0 0 1 3 80 81 89 
7 0 0 1 0 3 2 76 86 
2 1 0 0 0 0 3 80 81 88 
2 0 4 0 0 4 3 82 84 85 
9 0 3 0 2 0 2 85 87 
10 1 0 0 0 0 2 87 91 
3 1 0 0 0 0 2 84 87 
6 0 0 0 3 0 2 92 93 
4 0 0 9 10 0 1 86 
10 0 0 0 0 10 2 84 88 
10 1 0 0 0 0 2 90 91 
1 1 0 0 0 0 1 86 
3 0 1 2 8 5 2 88 90 
1 0 1 0 6 0 2 90 94 
4 0 10 5 0 0 1 89 
5 0 1 0 9 0 1 93 
2 0 3 0 10 7 1 92 
8 0 2 0 5 5 3 92 93 94 
9 0 5 0 0 4 1 95 
5 0 3 7 2 0 1 95 
4 0 1 2 4 0 1 95 
1 0 0 0 0 0 0 
1 0 0 0 0 0 3 97 98 99 
5 0 2 2 3 4 3 102 104 108 
10 0 4 6 1 9 2 105 109 
5 0 10 4 1 3 3 100 101 106 
2 0 1 6 6 1 3 105 114 119 
3 0 9 4 9 1 3 104 108 116 
3 0 7 3 3 4 3 103 109 110 
3 1 0 0 0 0 3 113 115 126 
5 0 1 10 8 5 3 112 115 117 
8 0 8 9 5 8 3 118 122 123 
2 0 9 10 2 1 3 107 110 115 
3 0 8 5 1 3 3 111 114 121 
9 0 1 3 2 8 3 109 110 113 
9 0 1 1 9 3 3 117 119 126 
6 0 10 9 10 6 2 112 121 
3 0 3 6 7 2 3 113 116 117 
5 0 10 2 2 8 3 114 119 123 
5 1 0 0 0 0 2 120 125 
1 1 0 0 0 0 2 118 124 
2 1 0 0 0 0 3 121 122 123 
6 1 0 0 0 0 1 118 
9 1 0 0 0 0 1 120 
9 0 6 4 7 9 1 126 
4 0 5 8 7 6 2 120 125 
7 0 6 7 6 3 1 122 
6 0 4 10 5 8 1 124 
10 0 10 3 10 1 1 124 
10 0 1 3 7 1 1 125 
4 0 8 5 1 1 1 127 
7 0 9 1 3 10 1 127 
6 0 5 7 5 10 1 127 
1 0 0 0 0 0 0 
1 0 0 0 0 0 3 129 130 131 
6 0 4 10 2 2 1 155 
1 0 1 9 8 1 3 132 137 139 
10 0 3 5 6 4 3 133 135 136 
7 0 8 4 4 6 2 134 138 
3 0 10 2 7 8 2 141 142 
9 0 4 4 8 1 3 144 146 153 
8 1 0 0 0 0 1 140 
2 0 6 1 3 4 3 145 148 150 
9 0 10 6 10 2 2 138 154 
8 0 6 5 3 2 2 145 148 
9 0 1 4 1 4 3 143 147 155 
5 1 0 0 0 0 3 146 151 153 
10 0 3 8 4 5 3 144 146 148 
8 0 5 10 6 10 2 157 158 
3 0 10 1 3 10 3 150 151 156 
8 0 6 4 7 1 3 145 147 151 
5 1 0 0 0 0 2 155 157 
6 0 1 1 8 1 1 154 
3 1 0 0 0 0 1 149 
3 1 0 0 0 0 1 153 
6 0 6 6 8 7 1 150 
1 0 10 2 4 9 1 152 
6 0 2 7 5 8 1 158 
2 0 4 6 8 2 2 154 157 
2 0 10 1 5 5 1 156 
5 0 6 10 2 3 1 158 
1 0 7 4 3 3 1 156 
6 0 3 6 5 3 1 159 
8 0 7 8 5 1 1 159 
5 0 7 6 10 1 1 159 
1 0 0 0 0 0 0 
1 0 0 0 0 0 3 161 162 163 
5 0 8 3 5 6 3 166 169 175 
4 0 8 7 3 6 3 164 165 171 
1 1 0 0 0 0 3 176 178 180 
9 0 8 1 7 3 3 170 173 176 
4 0 10 3 2 3 3 167 168 172 
6 0 4 4 1 7 1 167 
3 0 8 5 10 10 3 170 177 183 
9 0 7 7 4 6 3 181 182 186 
1 0 4 10 1 1 3 170 176 177 
1 0 3 2 8 7 3 174 179 184 
10 0 3 10 1 3 3 177 181 183 
3 0 3 8 10 7 3 174 182 183 
9 0 6 3 6 3 3 175 180 185 
10 0 4 10 1 4 2 180 188 
8 1 0 0 0 0 3 178 182 184 
4 1 0 0 0 0 3 179 185 187 
4 1 0 0 0 0 3 178 184 185 
3 0 5 4 6 9 2 179 190 
5 0 2 6 4 3 1 189 
9 0 3 6 5 7 1 181 
8 0 7 4 5 9 1 187 
5 0 2 2 5 7 2 187 190 
10 1 0 0 0 0 2 188 190 
1 0 1 1 6 9 2 186 189 
6 0 4 6 2 10 1 186 
10 0 7 7 10 7 1 188 
2 0 2 8 10 8 1 189 
9 0 3 2 3 4 1 191 
6 0 1 5 2 3 1 191 
10 0 4 4 2 4 1 191 
1 0 0 0 0 0 0 
1 0 0 0 0 0 3 193 194 195 
6 0 0 0 9 0 1 208 
2 0 8 0 0 0 3 196 202 207 
6 0 9 0 0 0 1 198 
2 0 8 0 0 0 3 197 200 210 
1 0 0 0 0 2 2 199 205 
1 0 3 0 0 0 2 201 204 
4 0 0 7 0 0 3 203 209 214 
2 0 4 0 0 0 2 205 213 
10 0 0 0 0 4 2 215 216 
4 0 0 0 1 0 1 206 
10 0 0 0 5 0 1 219 
4 0 0 7 0 0 3 206 212 222 
8 1 0 0 0 0 1 219 
9 0 0 8 0 0 1 211 
1 0 0 0 3 0 1 217 
3 0 6 0 0 0 2 209 215 
4 0 3 0 0 0 1 221 
2 0 0 0 0 5 1 217 
7 0 0 5 0 0 2 220 221 
10 0 5 0 0 0 1 213 
2 1 0 0 0 0 1 218 
8 0 0 0 0 8 1 222 
10 1 0 0 0 0 1 218 
1 1 0 0 0 0 1 217 
7 0 0 5 0 0 1 218 
1 0 0 5 0 0 2 219 220 
10 0 0 0 1 0 1 221 
9 0 0 0 0 3 1 223 
3 0 0 6 0 0 1 223 
4 0 0 0 0 8 1 223 
1 0 0 0 0 0 0 
1 0 0 0 0 0 3 225 226 227 
9 0 4 0 7 2 3 229 231 233 
9 0 0 6 9 0 3 235 243 252 
2 0 8 7 8 0 3 228 233 246 
5 0 4 5 2 10 3 230 232 241 
9 0 6 1 0 3 3 230 236 238 
5 0 3 10 7 10 3 237 245 249 
10 0 0 10 1 7 3 232 234 236 
9 1 0 0 0 0 3 240 249 250 
1 1 0 0 0 0 3 235 239 242 
2 0 0 10 1 2 3 238 243 250 
9 1 0 0 0 0 2 237 240 
6 0 10 6 0 2 3 240 242 244 
5 0 8 0 0 0 2 247 253 
4 0 9 10 10 8 3 241 242 246 
2 1 0 0 0 0 3 244 250 254 
10 1 0 0 0 0 2 245 253 
5 0 7 7 6 2 3 249 251 254 
9 0 4 0 1 9 3 245 248 251 
2 0 0 1 8 4 2 244 246 
4 1 0 0 0 0 1 248 
7 0 5 9 10 2 1 247 
3 1 0 0 0 0 2 247 248 
4 0 2 9 6 5 1 254 
2 0 0 0 8 10 1 253 
9 0 6 4 0 0 1 252 
6 1 0 0 0 0 1 251 
9 0 9 0 1 3 1 252 
8 0 5 6 0 9 1 255 
8 0 0 10 7 0 1 255 
10 0 9 0 10 3 1 255 
1 0 0 0 0 0 0 
1 0 0 0 0 0 3 257 258 259 
5 0 9 4 7 4 1 282 
3 0 3 6 7 2 3 265 268 279 
6 0 7 1 8 10 3 260 264 284 
4 0 6 2 7 1 3 261 262 278 
7 0 9 6 3 5 2 263 271 
2 0 8 9 5 8 2 266 286 
3 1 0 0 0 0 1 269 
8 0 10 8 2 9 3 267 273 274 
2 0 4 8 9 10 2 270 271 
4 0 9 4 1 5 1 275 
4 0 5 10 9 8 1 277 
3 0 3 4 2 9 1 282 
3 1 0 0 0 0 2 275 280 
7 0 3 9 2 7 1 280 
4 1 0 0 0 0 2 272 276 
5 1 0 0 0 0 1 283 
5 1 0 0 0 0 1 280 
3 0 7 10 5 3 1 276 
8 1 0 0 0 0 2 279 282 
7 0 4 8 2 7 1 283 
4 0 10 8 1 3 1 281 
2 1 0 0 0 0 2 279 286 
10 0 2 3 10 9 1 285 
8 0 4 9 3 8 1 281 
6 0 7 6 7 2 1 286 
4 0 1 8 9 7 1 285 
8 0 4 4 5 4 1 285 
1 0 2 4 10 6 1 287 
4 0 7 8 9 9 1 287 
4 0 9 1 4 8 1 287 
1 0 0 0 0 0 0 
1 0 0 0 0 0 3 289 290 291 
9 0 4 6 9 8 3 303 304 315 
10 0 2 3 6 10 3 292 294 297 
6 0 3 7 8 8 3 293 304 310 
6 0 5 1 7 4 3 295 299 300 
8 0 7 10 6 7 3 302 308 312 
3 0 10 10 9 4 2 296 313 
10 0 2 4 7 3 3 310 313 317 
5 0 8 6 3 1 3 298 301 308 
8 0 6 10 10 4 1 303 
10 0 2 4 2 8 1 309 
5 0 1 6 6 7 1 306 
10 0 4 7 10 8 1 306 
5 0 5 1 1 9 2 303 314 
10 0 10 6 1 7 1 311 
6 1 0 0 0 0 1 318 
7 1 0 0 0 0 2 305 318 
5 1 0 0 0 0 3 309 311 313 
8 1 0 0 0 0 3 307 309 311 
9 0 6 9 1 3 2 310 312 
6 0 7 4 6 1 2 314 315 
5 0 7 3 4 5 1 312 
5 0 9 4 2 5 2 315 318 
1 0 5 10 3 2 2 316 317 
7 0 9 7 6 3 1 314 
2 0 2 3 7 10 1 316 
3 0 6 7 3 8 1 317 
4 0 8 5 1 5 1 316 
6 0 9 7 2 6 1 319 
5 0 6 3 2 2 1 319 
6 0 2 10 10 9 1 319 
1 0 0 0 0 0 0 
142.27 140.41 140.51 140.21 142.24 151.06 216 218.98 218.96 216.1 212.92 210.08 207.8 196.66 204.99 207.45 210.05 216.1 215.25 200.09 179.41 151.06 143.95 111.41 121.96 130.91 126.49 120.27 124.69 130.01 146.02 198 185.98 160.76 153.39 149.25 146.01 146.01 152.06 158.59 169.96 201.71 219.54 212.97 197.17 139.82 132.71 123.39 115.08 114.87 118.79 109.58 116.95 119.34 154.4 195.99 202.21 195.97 190 190.04 187.91 167.83 187.73 190.1 190.1 219 249.12 257.28 231.79 215.81 211.79 196.7 200.46 192.61 185.1 172.23 172.91 174.88 203.67 233.46 240.32 225.56 199.99 193.67 169.97 167.9 176.35 184.55 195.98 215.77 229.58 212.49 187.28 179.37 176.91 136.66 180.01 176.73 168.87 164.09 165 171.3 196.95 221.46 221.78 179.53 151.36 145.49 162.28 159.26 140.61 168.15 191.92 220.57 243.35 241.18 221.31 213.13 205.48 190.1 195.91 187.2 184.89 170.24 166 162.45 160.64 162.56 157.24 121.8 115.76 121.27 111.83 109.03 115.34 116.85 171.56 194.89 191.8 148.81 121.12 104.74 109.29 101.7 88.07 98.65 99.78 99.14 104.22 99.91 93.99 88.55 88.06 60 73.03 67.23 30.08 43.25 50.12 81.78 101.6 168.76 136 144.91 142.04 131.02 126 97.65 142.27 140.41 140.51 140.21 142.24 151.06 216 218.98 218.96 216.1 212.92 210.08 207.8 196.66 204.99 207.45 210.05 216.1 215.25 200.09 179.41 151.06 143.95 111.41 121.96 130.91 126.49 120.27 124.69 130.01 146.02 198 185.98 160.76 153.39 149.25 146.01 146.01 152.06 158.59 169.96 201.71 219.54 212.97 197.17 139.82 132.71 123.39 115.08 114.87 118.79 109.58 116.95 119.34 154.4 195.99 202.21 195.97 190 190.04 187.91 167.83 187.73 190.1 190.1 219 249.12 257.28 231.79 215.81 211.79 196.7 200.46 192.61 185.1 172.23 172.91 174.88 203.67 233.46 240.32 225.56 199.99 193.67 169.97 167.9 176.35 184.55 195.98 215.77 229.58 212.49 187.28 179.37 176.91 136.66 180.01 176.73 168.87 164.09 165 171.3 196.95 221.46 221.78 179.53 151.36 145.49 162.28 159.26 140.61 168.15 191.92 220.57 243.35 241.18 221.31 213.13 205.48 190.1 195.91 187.2 184.89 170.24 166 162.45 160.64 162.56 157.24 121.8 115.76 121.27 111.83 109.03 115.34 116.85 171.56 194.89 191.8 148.81 121.12 104.74 109.29 101.7 88.07 98.65 99.78 99.14 104.22 99.91 93.99 88.55 88.06 60 73.03 67.23 30.08 43.25 50.12 81.78 101.6 168.76 136 144.91 142.04 131.02 126 97.65 142.27 140.41 140.51 140.21 142.24 151.06 216 218.98 218.96 216.1 212.92 210.08 207.8 196.66 204.99 207.45 210.05 216.1 215.25 200.09 179.41 151.06 143.95 111.41 121.96 130.91 126.49 120.27 124.69 130.01 146.02 198 185.98 160.76 153.39 149.25 146.01 146.01 152.06 158.59 169.96 201.71 219.54 212.97 197.17 139.82 132.71 123.39 115.08 114.87 118.79 109.58 116.95 119.34 154.4 195.99 202.21 195.97 190 190.04 187.91 167.83 187.73 190.1 190.1 219 249.12 257.28 231.79 215.81 211.79 196.7 200.46 192.61 185.1 172.23 172.91 174.88 203.67 233.46 240.32 225.56 199.99 193.67 169.97 167.9 176.35 184.55 195.98 215.77 229.58 212.49 187.28 179.37 176.91 136.66 180.01 176.73 168.87 164.09 165 171.3 196.95 221.46 221.78 179.53 151.36 145.49 162.28 159.26 140.61 168.15 191.92 220.57 243.35 241.18 221.31 213.13 205.48 190.1 195.91 187.2 184.89 170.24 166 162.45 160.64 162.56 157.24 121.8 115.76 121.27 111.83 109.03 115.34 116.85 171.56 194.89 191.8 148.81 121.12 104.74 109.29 101.7 88.07 98.65 99.78 99.14 104.22 99.91 93.99 88.55 88.06 60 73.03 67.23 30.08 43.25 50.12 81.78 101.6 168.76 136 144.91 142.04 131.02 126 97.65 142.27 140.41 140.51 140.21 142.24 151.06 216 218.98 218.96 216.1 212.92 210.08 207.8 196.66 204.99 207.45 210.05 216.1 215.25 200.09 179.41 151.06 143.95 111.41 121.96 130.91 126.49 120.27 124.69 130.01 146.02 198 185.98 160.76 153.39 149.25 146.01 146.01 152.06 158.59 169.96 201.71 219.54 212.97 197.17 139.82 132.71 123.39 115.08 114.87 118.79 109.58 116.95 119.34 154.4 195.99 202.21 195.97 190 190.04 187.91 167.83 187.73 190.1 190.1 219 249.12 257.28 231.79 215.81 211.79 196.7 200.46 192.61 185.1 172.23 172.91 174.88 203.67 233.46 240.32 225.56 199.99 193.67 169.97 167.9 176.35 184.55 195.98 215.77 229.58 212.49 187.28 179.37 176.91 136.66 180.01 176.73 168.87 164.09 165 171.3 196.95 221.46 221.78 179.53 
