352 5
1 31 33 33 28 
1 0 0 0 0 0 3 1 2 3 
3 0 8 0 6 8 2 4 12 
1 0 9 8 0 0 3 5 7 20 
6 0 0 0 4 0 2 11 30 
6 0 0 9 5 0 2 8 14 
4 0 5 10 3 0 3 6 10 13 
10 0 0 3 10 0 3 9 23 29 
8 0 0 7 6 0 1 15 
9 0 0 0 2 9 1 16 
5 0 0 9 0 2 1 26 
8 0 5 4 8 2 1 15 
5 0 5 9 0 1 2 15 19 
2 0 0 0 4 0 2 19 26 
2 0 0 1 0 0 2 16 19 
5 0 4 9 7 0 1 18 
4 0 4 3 0 0 2 22 29 
8 0 0 3 0 10 2 17 18 
4 0 8 0 0 0 2 21 24 
3 1 0 0 0 0 1 25 
10 0 6 1 0 3 1 28 
7 0 1 0 0 4 1 22 
3 1 0 0 0 0 1 30 
6 0 0 3 9 0 1 27 
6 0 2 10 0 0 1 25 
4 0 6 0 0 10 1 25 
9 0 0 0 0 10 1 26 
9 0 0 3 4 7 1 30 
9 1 0 0 0 0 1 28 
7 0 4 0 0 0 1 31 
9 0 10 0 0 7 1 31 
6 0 7 3 0 4 1 31 
1 0 0 0 0 0 0 
1 0 0 0 0 0 3 33 34 35 
10 0 4 10 5 0 3 39 48 49 
6 0 0 0 7 0 3 36 37 43 
5 0 0 5 0 9 3 41 53 55 
8 0 4 8 0 0 2 38 45 
5 0 0 2 0 0 2 40 45 
10 0 0 0 9 0 2 41 44 
7 0 0 0 9 5 3 41 42 56 
6 0 3 0 10 0 1 48 
9 1 0 0 0 0 3 46 54 58 
8 0 0 8 0 6 1 46 
10 0 0 3 0 0 1 55 
5 1 0 0 0 0 3 46 49 55 
3 0 7 0 0 0 3 47 49 53 
6 1 0 0 0 0 2 50 51 
3 0 2 0 3 0 3 48 52 58 
1 0 6 0 0 10 1 59 
7 1 0 0 0 0 1 60 
2 0 7 9 7 3 1 61 
8 0 0 0 0 2 1 52 
9 0 6 0 1 0 2 57 61 
1 0 9 0 3 0 2 57 61 
4 0 0 6 2 6 2 60 62 
9 1 0 0 0 0 2 58 62 
3 0 9 0 4 2 1 57 
5 0 2 2 0 0 2 59 62 
6 1 0 0 0 0 1 59 
10 0 0 0 0 3 1 60 
1 0 0 0 7 8 1 63 
4 0 0 5 0 10 1 63 
6 0 4 4 0 0 1 63 
1 0 0 0 0 0 0 
1 0 0 0 0 0 3 65 66 67 
1 0 0 4 0 0 3 75 77 90 
3 0 9 0 0 0 3 68 81 82 
6 0 0 9 0 5 3 70 71 73 
8 0 1 0 0 2 3 69 70 72 
1 0 0 1 2 6 3 75 76 79 
10 1 0 0 0 0 3 84 86 93 
5 0 0 0 7 2 3 74 81 83 
10 0 7 10 10 10 3 73 75 83 
2 1 0 0 0 0 3 84 88 90 
3 0 4 0 0 1 3 77 78 94 
3 1 0 0 0 0 3 80 84 85 
1 1 0 0 0 0 3 83 86 90 
10 0 0 6 0 0 3 79 82 89 
3 0 5 0 0 1 3 79 80 82 
2 0 0 9 9 0 1 87 
10 1 0 0 0 0 2 87 89 
1 1 0 0 0 0 1 88 
6 1 0 0 0 0 2 85 86 
8 0 3 9 6 0 2 85 88 
2 1 0 0 0 0 1 91 
4 0 5 5 0 0 2 91 93 
9 0 2 0 7 0 1 87 
2 0 1 0 5 0 1 92 
4 0 0 8 8 1 2 89 94 
1 0 0 4 2 3 2 92 93 
7 1 0 0 0 0 2 91 94 
10 0 6 8 0 10 1 92 
9 0 2 0 0 8 1 95 
4 0 0 0 0 9 1 95 
6 0 0 0 1 8 1 95 
1 0 0 0 0 0 0 
1 0 0 0 0 0 3 97 98 99 
7 0 3 2 0 6 1 103 
1 0 0 0 7 5 3 100 101 102 
7 0 0 0 4 0 2 104 117 
7 0 0 0 2 10 1 103 
4 0 9 2 10 0 3 106 116 120 
10 0 5 10 7 2 2 105 108 
7 0 0 0 8 0 2 111 112 
9 0 10 0 0 4 1 124 
8 1 0 0 0 0 3 107 112 113 
9 0 7 0 0 0 3 110 115 117 
1 0 0 10 8 0 1 109 
3 0 10 0 0 10 1 121 
3 1 0 0 0 0 2 118 126 
10 0 4 0 0 5 1 121 
6 0 0 0 7 1 1 114 
7 0 8 9 0 10 1 125 
8 0 9 5 0 0 3 119 122 123 
7 1 0 0 0 0 1 119 
9 1 0 0 0 0 1 122 
9 0 0 2 0 0 2 117 126 
10 1 0 0 0 0 1 124 
2 0 7 0 7 0 1 121 
1 0 0 0 8 0 1 125 
4 1 0 0 0 0 1 123 
1 0 9 0 0 9 1 125 
3 0 6 7 0 0 1 126 
1 0 3 10 5 0 1 124 
4 0 7 0 7 6 1 127 
7 0 7 6 2 0 1 127 
4 0 0 4 3 0 1 127 
1 0 0 0 0 0 0 
1 0 0 0 0 0 3 129 130 131 
10 0 5 3 6 9 3 139 145 149 
2 0 0 1 0 8 3 132 135 136 
10 0 2 0 6 6 3 133 138 146 
9 0 6 7 6 3 3 134 141 150 
9 0 4 0 0 0 3 137 139 145 
9 0 3 5 10 0 3 137 140 142 
9 0 9 8 10 7 3 143 147 150 
4 0 0 10 8 1 3 140 141 152 
6 1 0 0 0 0 3 143 144 156 
1 0 5 4 6 3 3 144 150 155 
1 1 0 0 0 0 2 148 152 
10 0 1 1 3 10 3 144 146 147 
5 1 0 0 0 0 2 143 148 
5 1 0 0 0 0 3 145 146 149 
1 0 0 4 1 5 2 151 153 
4 0 2 9 0 10 1 153 
1 1 0 0 0 0 2 152 154 
6 0 1 0 5 0 3 154 155 157 
10 0 0 8 9 4 2 148 149 
2 0 7 8 5 0 1 158 
5 0 0 8 8 10 1 151 
8 1 0 0 0 0 3 151 153 156 
10 0 6 5 2 6 1 157 
10 0 0 2 4 0 3 155 156 157 
5 0 6 0 0 6 1 154 
3 0 9 10 7 0 1 158 
4 0 2 2 0 0 1 158 
8 0 5 4 10 0 1 159 
4 0 3 8 5 0 1 159 
8 0 2 5 6 8 1 159 
1 0 0 0 0 0 0 
1 0 0 0 0 0 3 161 162 163 
8 0 4 5 7 5 2 178 179 
7 0 2 3 4 3 3 164 168 174 
1 0 9 7 3 10 3 166 172 190 
10 0 2 10 6 8 3 165 169 185 
6 1 0 0 0 0 3 167 173 178 
5 0 5 4 6 3 2 179 188 
1 1 0 0 0 0 3 177 183 187 
1 0 6 2 4 2 3 170 171 175 
7 0 6 8 8 10 2 176 179 
9 0 5 2 1 7 3 172 177 178 
8 0 9 8 1 4 1 185 
10 1 0 0 0 0 1 173 
10 0 4 3 3 9 1 186 
10 0 2 1 7 3 1 176 
9 0 1 4 8 1 3 177 180 187 
1 0 8 3 5 10 3 181 188 190 
4 0 4 5 8 2 1 182 
1 0 5 7 5 7 2 184 189 
2 0 6 8 8 3 2 181 187 
8 0 5 4 8 10 3 181 184 185 
2 0 10 6 1 7 1 186 
3 0 2 6 5 8 1 190 
9 0 5 3 9 10 1 184 
5 0 8 10 7 2 1 188 
3 0 9 2 10 6 1 186 
2 0 1 6 6 8 1 189 
1 0 8 10 3 7 1 189 
2 0 7 1 1 4 1 191 
1 0 9 6 3 1 1 191 
1 0 1 2 4 2 1 191 
1 0 0 0 0 0 0 
1 0 0 0 0 0 3 193 194 195 
1 0 3 1 3 2 3 196 201 204 
5 0 2 7 6 1 3 197 200 206 
7 0 0 5 10 2 1 219 
2 0 4 2 3 7 2 203 220 
8 0 5 4 6 7 3 198 199 204 
10 0 2 6 0 7 3 207 210 213 
3 0 2 3 0 2 1 222 
7 0 3 7 7 0 1 207 
2 0 4 3 0 7 2 202 205 
10 0 9 10 3 4 1 206 
7 0 4 0 1 0 2 212 214 
9 0 0 0 3 7 1 216 
5 0 0 0 6 0 1 215 
5 0 0 2 6 2 3 208 217 218 
6 1 0 0 0 0 1 215 
9 0 7 3 4 3 2 209 211 
6 0 0 0 9 0 1 212 
6 1 0 0 0 0 1 214 
7 0 0 5 1 5 1 212 
4 0 4 7 0 7 1 221 
8 1 0 0 0 0 1 217 
5 0 3 5 0 4 1 216 
10 0 2 7 5 1 2 219 220 
5 0 6 5 10 3 1 221 
3 0 2 10 0 8 1 220 
7 0 2 10 0 0 1 222 
5 0 6 8 0 3 1 221 
2 0 4 1 10 7 1 223 
4 0 3 3 1 5 1 223 
5 0 0 5 1 1 1 223 
1 0 0 0 0 0 0 
1 0 0 0 0 0 3 225 226 227 
6 0 4 3 7 1 3 229 233 253 
8 0 9 7 9 4 2 238 239 
2 0 7 3 7 5 3 228 230 235 
6 0 8 10 3 6 1 243 
1 0 5 8 10 6 2 232 244 
7 0 7 10 8 9 3 231 234 239 
9 0 7 10 1 4 3 237 241 247 
1 0 4 6 8 3 3 240 241 252 
5 0 3 3 2 8 1 236 
3 0 6 1 1 7 2 236 243 
6 0 8 9 1 2 1 245 
1 0 8 3 6 3 1 248 
8 1 0 0 0 0 1 244 
5 0 6 6 1 10 1 253 
4 0 9 6 4 4 1 242 
3 1 0 0 0 0 1 251 
7 0 5 3 5 2 1 246 
7 0 4 7 3 8 2 244 246 
1 1 0 0 0 0 1 249 
1 0 6 4 3 10 1 250 
4 1 0 0 0 0 1 249 
2 0 3 7 6 8 1 254 
8 0 7 7 2 4 1 253 
4 0 7 9 8 9 1 249 
7 1 0 0 0 0 2 250 252 
5 1 0 0 0 0 1 251 
9 0 10 10 6 10 1 254 
3 0 9 8 9 2 1 255 
1 0 2 4 8 4 1 255 
9 0 3 1 2 4 1 255 
1 0 0 0 0 0 0 
1 0 0 0 0 0 3 257 258 259 
2 0 8 9 10 2 1 260 
5 0 1 4 8 9 2 262 266 
8 0 0 1 6 3 2 263 269 
3 0 6 1 0 8 2 261 264 
4 1 0 0 0 0 3 274 275 285 
1 0 9 0 10 3 2 271 272 
7 0 6 0 2 5 3 265 268 278 
2 0 5 7 5 0 1 282 
3 1 0 0 0 0 2 273 274 
3 0 7 7 3 0 2 267 286 
10 0 6 6 9 0 1 277 
7 0 10 2 3 0 3 270 277 280 
2 0 3 5 0 6 3 272 276 281 
8 0 0 4 7 9 1 276 
10 0 0 4 0 8 1 275 
9 0 7 4 0 6 1 275 
6 1 0 0 0 0 1 280 
6 0 6 0 10 8 1 286 
3 1 0 0 0 0 1 284 
3 1 0 0 0 0 2 279 283 
10 1 0 0 0 0 1 279 
7 0 8 0 6 1 1 282 
10 0 9 0 6 4 1 285 
9 0 0 0 2 7 1 283 
9 0 4 8 7 9 1 283 
7 0 10 0 5 0 1 285 
8 0 5 10 9 1 1 284 
2 0 0 3 0 8 1 287 
7 0 1 7 0 6 1 287 
5 0 9 1 4 2 1 287 
1 0 0 0 0 0 0 
1 0 0 0 0 0 3 289 290 291 
10 0 0 5 2 3 2 302 313 
7 0 7 0 2 7 2 293 295 
7 0 8 10 4 4 3 292 294 311 
5 0 2 1 0 0 1 304 
7 0 10 1 0 0 1 302 
8 0 9 5 1 2 1 316 
3 0 3 8 1 6 3 296 297 300 
1 0 1 4 8 9 2 299 301 
10 0 2 7 10 4 2 298 310 
9 1 0 0 0 0 1 303 
9 0 8 0 0 9 1 314 
3 0 9 6 3 6 3 303 307 309 
4 0 8 10 3 8 1 314 
9 0 1 6 5 0 3 305 306 308 
5 0 4 0 2 9 1 308 
8 1 0 0 0 0 1 318 
3 1 0 0 0 0 2 310 315 
10 0 7 0 3 1 1 312 
9 0 2 3 4 8 1 311 
3 0 8 7 1 0 1 317 
5 0 0 2 2 4 2 313 317 
10 0 10 0 0 3 1 314 
7 0 0 8 5 0 2 315 318 
2 0 1 0 0 8 1 317 
8 0 9 10 9 7 1 315 
2 0 0 4 7 10 1 318 
7 0 7 1 1 0 1 316 
6 0 3 0 0 1 1 319 
10 0 2 2 0 9 1 319 
1 0 3 0 8 10 1 319 
1 0 0 0 0 0 0 
1 0 0 0 0 0 3 321 322 323 
9 0 2 0 0 10 3 328 331 332 
7 0 10 9 9 6 3 324 326 340 
3 1 0 0 0 0 1 342 
6 0 0 10 4 6 3 325 327 334 
7 0 2 0 10 8 2 329 341 
5 0 5 5 3 1 1 330 
9 0 0 6 0 6 2 333 345 
4 0 4 4 3 0 1 329 
10 0 0 7 0 4 3 330 336 349 
9 0 4 9 9 6 1 335 
6 0 0 3 0 6 1 338 
7 0 0 2 7 8 2 339 342 
8 1 0 0 0 0 1 337 
7 1 0 0 0 0 1 346 
8 1 0 0 0 0 1 343 
4 0 5 5 8 9 1 344 
3 0 0 0 3 4 2 338 347 
1 0 10 8 6 9 2 348 350 
4 0 3 7 7 2 1 350 
9 0 1 8 0 9 1 347 
8 0 3 8 0 10 1 344 
9 1 0 0 0 0 2 343 349 
6 0 3 6 1 8 2 346 347 
9 0 0 3 0 0 1 350 
3 0 2 2 0 5 1 349 
6 0 0 3 5 4 1 348 
8 0 7 3 5 2 1 348 
2 0 1 4 0 7 1 351 
7 0 4 8 7 6 1 351 
2 0 9 0 5 10 1 351 
1 0 0 0 0 0 0 
91.11 87.45 82.44 77.4 75 79.05 107.41 124.69 135.4 126.02 112.94 105.46 101.61 103.11 108.31 115.32 122.54 139.21 189.49 221.7 184.5 135.54 120 112.7 104 100.6 99.9 99.52 97.58 112.41 134.32 195.8 193.16 136.2 117.09 107.7 99.96 96.74 102.5 111.85 122.78 145.58 147.19 145 123.69 103.68 100.33 82.15 77.43 55.12 46.59 45.09 49.07 62.15 110.56 137.4 132.78 106.77 72.07 48.84 43.96 40.51 48.32 47.04 80 118.79 137.21 117.38 125 103.77 99.61 89.77 78.31 89.76 92.72 88.53 89.04 102.6 126.5 132.84 148.39 138.52 128.06 121.93 111 104.29 108.38 120 125.28 146.83 170.27 220.98 149.18 129.36 123.5 109.84 123.99 115 107.14 101.4 102.11 110.86 142.55 163.09 147.81 132.05 99 72.02 63.79 49.35 56.16 54.09 70.28 88.47 118.13 100 69.85 61.5 61.68 41.5 32.39 30.53 26.07 34.25 40.23 40.15 52.57 20.68 19.89 20.6 30 22.42 21.81 10.73 24.06 36.55 46.48 83.69 112.35 138.31 106.09 91.54 79.66 52.41 21.64 10.69 7.45 10.69 7.3 8.8 7.66 29.44 22.1 36.81 39.23 46.1 31.08 5.67 4.33 35.19 48.58 88.42 141.63 138.37 136.37 120.16 114.91 89.73 91.11 87.45 82.44 77.4 75 79.05 107.41 124.69 135.4 126.02 112.94 105.46 101.61 103.11 108.31 115.32 122.54 139.21 189.49 221.7 184.5 135.54 120 112.7 104 100.6 99.9 99.52 97.58 112.41 134.32 195.8 193.16 136.2 117.09 107.7 99.96 96.74 102.5 111.85 122.78 145.58 147.19 145 123.69 103.68 100.33 82.15 77.43 55.12 46.59 45.09 49.07 62.15 110.56 137.4 132.78 106.77 72.07 48.84 43.96 40.51 48.32 47.04 80 118.79 137.21 117.38 125 103.77 99.61 89.77 78.31 89.76 92.72 88.53 89.04 102.6 126.5 132.84 148.39 138.52 128.06 121.93 111 104.29 108.38 120 125.28 146.83 170.27 220.98 149.18 129.36 123.5 109.84 123.99 115 107.14 101.4 102.11 110.86 142.55 163.09 147.81 132.05 99 72.02 63.79 49.35 56.16 54.09 70.28 88.47 118.13 100 69.85 61.5 61.68 41.5 32.39 30.53 26.07 34.25 40.23 40.15 52.57 20.68 19.89 20.6 30 22.42 21.81 10.73 24.06 36.55 46.48 83.69 112.35 138.31 106.09 91.54 79.66 52.41 21.64 10.69 7.45 10.69 7.3 8.8 7.66 29.44 22.1 36.81 39.23 46.1 31.08 5.67 4.33 35.19 48.58 88.42 141.63 138.37 136.37 120.16 114.91 89.73 91.11 87.45 82.44 77.4 75 79.05 107.41 124.69 135.4 126.02 112.94 105.46 101.61 103.11 108.31 115.32 122.54 139.21 189.49 221.7 184.5 135.54 120 112.7 104 100.6 99.9 99.52 97.58 112.41 134.32 195.8 193.16 136.2 117.09 107.7 99.96 96.74 102.5 111.85 122.78 145.58 147.19 145 123.69 103.68 100.33 82.15 77.43 55.12 46.59 45.09 49.07 62.15 110.56 137.4 132.78 106.77 72.07 48.84 43.96 40.51 48.32 47.04 80 118.79 137.21 117.38 125 103.77 99.61 89.77 78.31 89.76 92.72 88.53 89.04 102.6 126.5 132.84 148.39 138.52 128.06 121.93 111 104.29 108.38 120 125.28 146.83 170.27 220.98 149.18 129.36 123.5 109.84 123.99 115 107.14 101.4 102.11 110.86 142.55 163.09 147.81 132.05 99 72.02 63.79 49.35 56.16 54.09 70.28 88.47 118.13 100 69.85 61.5 61.68 41.5 32.39 30.53 26.07 34.25 40.23 40.15 52.57 20.68 19.89 20.6 30 22.42 21.81 10.73 24.06 36.55 46.48 83.69 112.35 138.31 106.09 91.54 79.66 52.41 21.64 10.69 7.45 10.69 7.3 8.8 7.66 29.44 22.1 36.81 39.23 46.1 31.08 5.67 4.33 35.19 48.58 88.42 141.63 138.37 136.37 120.16 114.91 89.73 91.11 87.45 82.44 77.4 75 79.05 107.41 124.69 135.4 126.02 112.94 105.46 101.61 103.11 108.31 115.32 122.54 139.21 189.49 221.7 184.5 135.54 120 112.7 104 100.6 99.9 99.52 97.58 112.41 134.32 195.8 193.16 136.2 117.09 107.7 99.96 96.74 102.5 111.85 122.78 145.58 147.19 145 123.69 103.68 100.33 82.15 77.43 55.12 46.59 45.09 49.07 62.15 110.56 137.4 132.78 106.77 72.07 48.84 43.96 40.51 48.32 47.04 80 118.79 137.21 117.38 125 103.77 99.61 89.77 78.31 89.76 92.72 88.53 89.04 102.6 126.5 132.84 148.39 138.52 128.06 121.93 111 104.29 108.38 120 125.28 146.83 170.27 220.98 149.18 129.36 123.5 109.84 123.99 115 107.14 101.4 102.11 110.86 142.55 163.09 147.81 132.05 99 72.02 63.79 49.35 56.16 54.09 70.28 88.47 118.13 100 69.85 61.5 61.68 41.5 32.39 30.53 26.07 34.25 40.23 40.15 52.57 20.68 19.89 20.6 30 22.42 21.81 10.73 24.06 36.55 
