352 5
1 41 48 37 50 
1 0 0 0 0 0 3 1 2 3 
6 0 4 3 7 1 3 5 9 29 
8 0 9 7 9 4 2 14 15 
2 0 7 3 7 5 3 4 6 11 
6 0 8 10 3 6 1 19 
1 0 5 8 10 6 2 8 20 
7 0 7 10 8 9 3 7 10 15 
9 0 7 10 1 4 3 13 17 23 
1 0 4 6 8 3 3 16 17 28 
5 0 3 3 2 8 1 12 
3 0 6 1 1 7 2 12 19 
6 0 8 9 1 2 1 21 
1 0 8 3 6 3 1 24 
8 1 0 0 0 0 1 20 
5 0 6 6 1 10 1 29 
4 0 9 6 4 4 1 18 
3 1 0 0 0 0 1 27 
7 0 5 3 5 2 1 22 
7 1 0 0 0 0 2 20 22 
1 0 9 9 5 1 1 25 
1 1 0 0 0 0 1 26 
4 0 9 2 7 5 1 25 
2 0 3 7 6 8 1 30 
8 0 7 7 2 4 1 29 
4 0 7 9 8 9 1 25 
7 1 0 0 0 0 2 26 28 
5 1 0 0 0 0 1 27 
9 0 10 10 6 10 1 30 
3 0 9 8 9 2 1 31 
1 0 2 4 8 4 1 31 
9 0 3 1 2 4 1 31 
1 0 0 0 0 0 0 
1 0 0 0 0 0 3 33 34 35 
3 0 7 0 0 0 3 36 38 40 
5 0 0 1 0 0 3 42 43 51 
4 0 0 0 0 2 1 37 
10 0 1 0 0 0 3 44 53 57 
8 0 0 0 0 10 1 39 
1 0 0 0 8 0 1 50 
6 0 6 0 0 0 3 41 45 60 
10 0 0 0 0 5 2 46 59 
6 0 0 0 6 0 1 43 
6 0 6 0 0 0 1 47 
5 1 0 0 0 0 1 53 
3 0 0 4 0 0 2 48 58 
7 0 0 0 6 0 1 59 
7 0 9 0 0 0 3 47 52 54 
8 1 0 0 0 0 2 49 56 
10 0 3 0 0 0 2 52 60 
3 1 0 0 0 0 1 62 
8 0 0 0 2 0 1 54 
10 0 0 0 0 6 2 55 62 
5 0 5 0 0 0 1 56 
9 0 7 0 0 0 1 55 
4 0 4 0 0 0 1 55 
7 0 0 1 0 0 1 56 
4 0 7 0 0 0 1 61 
8 0 0 2 0 0 1 58 
8 1 0 0 0 0 1 60 
7 1 0 0 0 0 1 62 
10 0 0 0 0 10 1 63 
7 0 0 3 0 0 1 63 
6 0 0 0 0 4 1 63 
1 0 0 0 0 0 0 
1 0 0 0 0 0 3 65 66 67 
7 0 0 0 0 2 1 69 
1 0 0 8 0 0 1 82 
4 0 0 0 10 0 1 68 
6 0 7 0 0 0 3 70 73 74 
2 0 0 0 7 0 1 86 
10 0 0 0 5 0 3 71 72 75 
7 0 0 0 0 2 2 76 81 
1 0 0 0 0 7 2 77 79 
10 0 0 0 1 0 2 76 89 
6 0 0 10 0 0 2 80 92 
9 0 8 0 0 0 2 83 90 
7 1 0 0 0 0 2 78 84 
6 0 0 0 1 0 2 78 81 
9 1 0 0 0 0 1 88 
9 1 0 0 0 0 2 91 94 
10 0 0 0 7 0 1 81 
10 0 0 0 0 9 3 85 87 93 
10 0 0 5 0 0 1 91 
10 0 6 0 0 0 1 91 
8 1 0 0 0 0 1 92 
1 1 0 0 0 0 1 88 
10 0 0 1 0 0 1 92 
10 0 0 0 3 0 2 88 89 
6 0 0 5 0 0 1 90 
8 0 0 3 0 0 1 90 
8 0 0 8 0 0 1 94 
5 1 0 0 0 0 1 93 
5 0 0 0 0 7 1 95 
1 1 0 0 0 0 1 95 
9 0 0 0 2 0 1 95 
1 0 0 0 0 0 0 
1 0 0 0 0 0 3 97 98 99 
9 0 0 0 8 7 2 113 122 
3 0 5 6 0 6 3 101 106 119 
6 0 6 9 3 9 3 100 108 112 
8 0 7 0 10 6 3 103 104 105 
8 0 0 5 0 0 3 102 103 116 
7 0 0 0 0 3 3 107 110 118 
3 0 0 0 0 2 1 117 
7 0 0 4 0 0 2 110 119 
1 0 0 0 0 5 1 109 
10 1 0 0 0 0 2 111 126 
1 1 0 0 0 0 1 112 
7 0 0 0 8 7 1 114 
7 0 0 6 0 2 1 122 
7 1 0 0 0 0 1 111 
6 0 0 3 0 8 2 115 125 
9 0 3 0 0 6 1 117 
2 0 0 0 4 0 1 116 
7 1 0 0 0 0 1 121 
3 0 0 10 0 3 1 120 
3 0 9 0 8 10 1 117 
8 0 7 0 0 0 1 123 
9 1 0 0 0 0 1 126 
1 1 0 0 0 0 1 126 
1 0 0 0 2 4 1 124 
3 0 0 0 8 4 1 122 
10 0 0 10 0 2 1 124 
3 0 8 5 5 0 2 124 125 
6 0 1 0 0 8 1 127 
4 0 2 0 10 0 1 127 
3 0 9 3 6 1 1 127 
1 0 0 0 0 0 0 
1 0 0 0 0 0 3 129 130 131 
3 0 8 0 6 8 2 132 140 
1 0 9 8 0 0 3 133 135 148 
6 0 0 0 4 0 2 139 158 
6 0 0 9 5 0 2 136 142 
4 0 5 10 3 0 3 134 138 141 
10 0 0 3 10 0 3 137 151 157 
8 0 0 7 6 0 1 143 
9 0 0 0 2 9 1 144 
5 0 0 9 0 2 1 154 
8 0 5 4 8 2 1 143 
5 0 5 9 0 1 2 143 147 
2 0 0 0 4 0 2 147 154 
2 0 0 1 0 0 2 144 147 
5 0 4 9 7 0 1 146 
4 0 4 3 0 0 2 150 157 
8 0 0 3 0 10 2 145 146 
4 1 0 0 0 0 2 149 152 
3 0 0 0 0 10 1 153 
10 0 6 1 0 3 1 156 
7 0 1 0 0 4 1 150 
3 0 0 0 8 0 1 158 
6 0 0 3 9 0 1 155 
6 0 2 10 0 0 1 153 
4 1 0 0 0 0 1 153 
9 0 0 0 0 10 1 154 
9 0 0 3 4 7 1 158 
9 1 0 0 0 0 1 156 
7 0 4 0 0 0 1 159 
9 0 10 0 0 7 1 159 
6 0 7 3 0 4 1 159 
1 0 0 0 0 0 0 
1 0 0 0 0 0 3 161 162 163 
7 0 5 1 4 7 3 164 170 178 
1 0 3 9 2 2 1 175 
8 0 4 7 4 5 3 165 166 173 
2 0 4 4 10 7 3 167 168 171 
5 0 1 1 6 5 2 169 182 
8 0 9 4 2 6 1 183 
7 0 1 4 2 6 1 186 
10 0 2 4 2 3 1 181 
6 0 5 3 10 5 1 172 
4 0 4 10 8 3 1 180 
6 0 3 10 8 6 2 172 174 
4 0 1 10 9 4 3 177 184 185 
5 0 1 7 4 9 1 183 
10 0 6 8 1 3 2 176 181 
9 0 7 8 1 2 2 178 190 
10 0 5 3 2 4 1 179 
7 0 1 5 1 3 1 187 
3 0 2 6 2 7 1 188 
7 0 10 1 10 1 1 188 
5 0 10 8 10 8 1 187 
4 1 0 0 0 0 1 190 
7 0 8 2 3 7 1 189 
7 0 5 6 6 8 3 184 185 190 
5 1 0 0 0 0 2 187 189 
6 1 0 0 0 0 1 186 
4 1 0 0 0 0 1 189 
8 0 2 5 7 3 1 188 
9 0 4 8 5 9 1 191 
3 0 6 9 1 2 1 191 
2 1 0 0 0 0 1 191 
1 0 0 0 0 0 0 
1 0 0 0 0 0 3 193 194 195 
5 0 4 0 7 0 2 197 217 
6 0 2 0 5 0 3 196 212 219 
3 0 10 0 7 0 3 203 205 215 
4 0 0 5 0 7 3 197 200 201 
1 0 0 0 0 7 3 198 199 211 
6 0 0 0 0 3 2 204 210 
7 0 0 0 0 9 3 203 210 214 
9 0 0 3 0 0 2 207 208 
7 0 0 5 0 9 3 202 206 209 
5 0 5 0 0 1 2 207 208 
10 0 0 2 7 0 1 221 
7 0 9 9 0 0 2 205 220 
1 1 0 0 0 0 1 216 
4 1 0 0 0 0 1 208 
1 1 0 0 0 0 3 215 217 222 
9 1 0 0 0 0 3 213 216 217 
4 1 0 0 0 0 3 210 213 214 
10 0 0 6 9 1 1 216 
3 0 10 0 4 0 2 213 221 
7 0 0 9 7 10 1 215 
6 0 0 7 0 3 1 218 
4 1 0 0 0 0 1 218 
9 0 3 5 0 8 1 220 
2 0 0 3 7 0 1 222 
3 0 0 8 5 6 1 218 
10 0 2 9 7 0 1 220 
2 0 0 8 0 9 2 221 222 
3 0 0 0 0 10 1 223 
2 0 0 0 0 3 1 223 
9 0 0 4 7 8 1 223 
1 0 0 0 0 0 0 
1 0 0 0 0 0 3 225 226 227 
1 0 9 2 9 3 1 254 
1 0 9 6 3 9 3 228 231 237 
8 0 10 9 5 7 3 229 234 244 
7 0 9 1 7 4 1 235 
2 0 4 5 3 5 2 230 233 
9 0 9 2 6 2 2 241 248 
9 0 2 1 9 9 1 232 
4 0 4 3 6 9 3 233 236 238 
10 0 1 9 5 9 1 240 
1 1 0 0 0 0 1 249 
3 0 2 9 3 9 1 239 
10 1 0 0 0 0 1 247 
3 0 7 8 10 6 2 243 246 
3 0 7 2 2 2 2 240 242 
10 0 7 6 9 2 1 246 
8 0 1 8 4 1 1 250 
2 1 0 0 0 0 1 249 
9 1 0 0 0 0 1 245 
5 1 0 0 0 0 1 247 
3 0 4 6 9 1 2 247 251 
10 0 2 2 3 8 3 249 251 254 
1 0 3 3 6 6 1 248 
6 0 6 1 2 3 1 253 
4 1 0 0 0 0 2 251 254 
8 0 8 6 5 3 2 252 253 
2 0 1 3 10 3 1 252 
5 0 9 1 4 10 1 253 
1 0 2 3 6 10 1 255 
1 0 4 3 3 3 1 255 
10 0 9 5 10 9 1 255 
1 0 0 0 0 0 0 
1 0 0 0 0 0 3 257 258 259 
1 0 3 7 8 2 3 262 264 266 
7 0 10 8 8 3 3 260 261 263 
6 0 4 3 10 8 3 269 271 277 
5 1 0 0 0 0 3 276 277 280 
8 0 1 2 5 2 2 267 279 
7 0 4 3 5 7 3 265 269 270 
5 0 10 8 7 6 3 269 270 282 
9 0 5 6 10 1 2 267 278 
9 0 2 8 3 7 3 267 271 275 
3 0 8 1 8 7 2 268 272 
6 0 6 6 1 4 2 282 286 
10 0 2 2 7 7 3 273 274 278 
7 0 7 1 6 3 3 272 275 276 
9 0 8 3 2 3 3 271 272 275 
6 1 0 0 0 0 2 273 274 
6 0 7 4 3 9 3 273 280 281 
7 0 3 1 2 3 1 285 
3 1 0 0 0 0 2 276 283 
7 1 0 0 0 0 2 278 279 
9 0 6 3 5 7 2 279 284 
8 0 2 8 3 1 2 281 282 
5 0 2 2 2 3 2 280 283 
1 0 7 5 10 10 1 281 
9 0 6 7 2 1 2 284 286 
6 0 2 2 4 10 2 285 286 
2 0 9 9 9 6 2 283 285 
10 0 6 5 9 5 1 284 
3 0 8 6 2 8 1 287 
4 0 5 5 5 4 1 287 
9 0 9 3 6 4 1 287 
1 0 0 0 0 0 0 
1 0 0 0 0 0 3 289 290 291 
1 0 3 3 3 10 3 292 294 295 
6 0 0 1 0 6 3 302 303 311 
5 0 8 1 10 9 3 293 300 303 
1 0 0 9 7 1 3 299 304 313 
4 0 5 0 2 3 3 298 309 311 
5 0 5 4 7 8 3 296 298 307 
7 0 10 5 7 8 3 297 300 302 
10 0 6 8 0 0 3 300 301 308 
1 0 9 2 5 2 3 299 303 313 
2 0 1 3 0 0 3 304 310 317 
8 0 0 0 10 8 3 305 306 307 
6 0 4 3 4 10 3 312 314 318 
8 1 0 0 0 0 2 302 306 
1 1 0 0 0 0 3 304 305 310 
8 0 5 2 0 6 3 306 307 314 
2 0 4 0 1 9 1 316 
8 0 3 10 10 0 1 309 
4 0 0 2 1 5 2 312 316 
7 1 0 0 0 0 2 309 315 
3 1 0 0 0 0 3 310 311 312 
3 0 10 10 4 0 1 318 
3 1 0 0 0 0 1 315 
5 1 0 0 0 0 2 313 315 
4 0 0 10 9 8 1 317 
10 0 0 9 9 9 2 314 316 
2 0 7 0 4 6 1 317 
9 0 10 2 7 1 1 318 
2 0 9 0 5 4 1 319 
6 0 2 6 0 0 1 319 
6 0 8 2 0 0 1 319 
1 0 0 0 0 0 0 
1 0 0 0 0 0 3 321 322 323 
9 0 8 0 3 9 3 324 326 330 
5 0 6 10 8 0 3 329 337 338 
8 0 9 6 1 6 3 325 327 332 
1 0 7 3 6 7 3 329 331 339 
4 1 0 0 0 0 3 339 342 346 
10 0 7 6 3 6 3 328 329 339 
1 1 0 0 0 0 3 334 336 341 
1 0 2 0 4 0 2 333 349 
7 0 4 0 8 0 3 334 335 346 
3 0 1 2 10 9 3 331 332 337 
9 0 0 9 8 5 3 334 335 341 
3 1 0 0 0 0 3 333 346 348 
2 0 9 9 4 0 3 338 343 345 
7 1 0 0 0 0 3 342 343 347 
6 1 0 0 0 0 3 336 340 345 
6 0 8 10 1 6 3 344 347 348 
1 0 10 6 3 5 3 340 343 349 
4 1 0 0 0 0 1 340 
2 0 6 9 3 10 3 341 344 345 
10 1 0 0 0 0 1 342 
8 0 0 6 10 0 1 348 
10 0 0 4 5 0 1 344 
7 0 1 10 0 5 1 350 
9 0 0 8 6 0 1 350 
8 0 7 8 0 2 1 350 
3 0 9 8 4 2 1 347 
4 0 0 3 3 1 1 349 
2 0 0 2 0 0 1 351 
5 0 10 4 10 6 1 351 
8 0 5 3 1 8 1 351 
1 0 0 0 0 0 0 
100.07 100.19 101.28 100.05 98.59 105.06 143.27 177.22 195.13 151.52 128.07 109.03 102.26 103.22 107 129.08 141.43 160.36 173.38 163.48 141.65 122.45 114.56 92.76 101.33 97.21 94.54 89.46 93.57 97.62 118.08 140.55 141.89 136.35 128.37 125 118.99 112.54 114.76 134.84 137.68 142.71 151.7 153.81 133.45 119.31 114.1 102.78 99.07 94.56 89.49 86.19 87.32 95.33 124.14 150.33 152.87 141.18 129.93 124.91 117.68 115.57 123.44 138.54 145.27 151.88 155.18 158.75 139.46 126.42 120.06 112.8 90 90.53 88.37 87.56 90.22 100 122.55 138.17 146.71 149 146.37 140 131.11 120.09 119.6 122.12 131.83 142.61 151.57 149.41 135.13 120.7 117.06 104.85 104.56 97.15 93.8 92.63 95.05 102.11 127.46 146.07 154.8 152.7 143.81 135.65 121.95 114.48 108.56 114.95 129.88 134.01 143.76 143.63 125.4 102.7 97.69 93.7 84.6 68.61 64.59 55 59.98 67.76 66.19 93.53 98.43 97.56 87.01 69.75 68 65.56 70.74 84.31 110.04 137.55 147.32 124.41 102.3 92.22 81.8 51.81 35.26 22.31 7.94 7.03 6.56 6.68 6.91 19.41 16.35 7.75 7.47 6.89 6.93 5.82 7.45 14.08 36.22 70.79 77.53 78.46 77.4 65.74 57.52 53.53 100.07 100.19 101.28 100.05 98.59 105.06 143.27 177.22 195.13 151.52 128.07 109.03 102.26 103.22 107 129.08 141.43 160.36 173.38 163.48 141.65 122.45 114.56 92.76 101.33 97.21 94.54 89.46 93.57 97.62 118.08 140.55 141.89 136.35 128.37 125 118.99 112.54 114.76 134.84 137.68 142.71 151.7 153.81 133.45 119.31 114.1 102.78 99.07 94.56 89.49 86.19 87.32 95.33 124.14 150.33 152.87 141.18 129.93 124.91 117.68 115.57 123.44 138.54 145.27 151.88 155.18 158.75 139.46 126.42 120.06 112.8 90 90.53 88.37 87.56 90.22 100 122.55 138.17 146.71 149 146.37 140 131.11 120.09 119.6 122.12 131.83 142.61 151.57 149.41 135.13 120.7 117.06 104.85 104.56 97.15 93.8 92.63 95.05 102.11 127.46 146.07 154.8 152.7 143.81 135.65 121.95 114.48 108.56 114.95 129.88 134.01 143.76 143.63 125.4 102.7 97.69 93.7 84.6 68.61 64.59 55 59.98 67.76 66.19 93.53 98.43 97.56 87.01 69.75 68 65.56 70.74 84.31 110.04 137.55 147.32 124.41 102.3 92.22 81.8 51.81 35.26 22.31 7.94 7.03 6.56 6.68 6.91 19.41 16.35 7.75 7.47 6.89 6.93 5.82 7.45 14.08 36.22 70.79 77.53 78.46 77.4 65.74 57.52 53.53 100.07 100.19 101.28 100.05 98.59 105.06 143.27 177.22 195.13 151.52 128.07 109.03 102.26 103.22 107 129.08 141.43 160.36 173.38 163.48 141.65 122.45 114.56 92.76 101.33 97.21 94.54 89.46 93.57 97.62 118.08 140.55 141.89 136.35 128.37 125 118.99 112.54 114.76 134.84 137.68 142.71 151.7 153.81 133.45 119.31 114.1 102.78 99.07 94.56 89.49 86.19 87.32 95.33 124.14 150.33 152.87 141.18 129.93 124.91 117.68 115.57 123.44 138.54 145.27 151.88 155.18 158.75 139.46 126.42 120.06 112.8 90 90.53 88.37 87.56 90.22 100 122.55 138.17 146.71 149 146.37 140 131.11 120.09 119.6 122.12 131.83 142.61 151.57 149.41 135.13 120.7 117.06 104.85 104.56 97.15 93.8 92.63 95.05 102.11 127.46 146.07 154.8 152.7 143.81 135.65 121.95 114.48 108.56 114.95 129.88 134.01 143.76 143.63 125.4 102.7 97.69 93.7 84.6 68.61 64.59 55 59.98 67.76 66.19 93.53 98.43 97.56 87.01 69.75 68 65.56 70.74 84.31 110.04 137.55 147.32 124.41 102.3 92.22 81.8 51.81 35.26 22.31 7.94 7.03 6.56 6.68 6.91 19.41 16.35 7.75 7.47 6.89 6.93 5.82 7.45 14.08 36.22 70.79 77.53 78.46 77.4 65.74 57.52 53.53 100.07 100.19 101.28 100.05 98.59 105.06 143.27 177.22 195.13 151.52 128.07 109.03 102.26 103.22 107 129.08 141.43 160.36 173.38 163.48 141.65 122.45 114.56 92.76 101.33 97.21 94.54 89.46 93.57 97.62 118.08 140.55 141.89 136.35 128.37 125 118.99 112.54 114.76 134.84 137.68 142.71 151.7 153.81 133.45 119.31 114.1 102.78 99.07 94.56 89.49 86.19 87.32 95.33 124.14 150.33 152.87 141.18 129.93 124.91 117.68 115.57 123.44 138.54 145.27 151.88 155.18 158.75 139.46 126.42 120.06 112.8 90 90.53 88.37 87.56 90.22 100 122.55 138.17 146.71 149 146.37 140 131.11 120.09 119.6 122.12 131.83 142.61 151.57 149.41 135.13 120.7 117.06 104.85 104.56 97.15 93.8 92.63 95.05 102.11 127.46 146.07 154.8 152.7 143.81 135.65 121.95 114.48 108.56 114.95 129.88 134.01 143.76 143.63 125.4 102.7 97.69 93.7 84.6 68.61 64.59 55 59.98 67.76 66.19 93.53 98.43 97.56 
