352 5
1 42 39 51 44 
1 0 0 0 0 0 3 1 2 3 
6 0 0 9 8 7 3 9 13 16 
10 0 10 1 7 0 3 5 8 18 
10 0 8 2 0 6 3 4 7 8 
5 0 0 7 8 0 3 6 10 16 
8 1 0 0 0 0 2 12 24 
3 1 0 0 0 0 2 12 22 
8 0 8 7 6 6 3 9 10 11 
10 0 6 8 2 5 3 14 16 20 
6 0 0 7 6 3 3 14 18 20 
7 0 0 2 10 10 3 15 21 22 
8 1 0 0 0 0 2 13 28 
5 1 0 0 0 0 3 13 14 20 
2 0 6 0 7 0 2 19 23 
6 0 2 7 4 0 3 17 26 28 
6 0 0 2 6 8 1 23 
9 1 0 0 0 0 3 19 22 28 
10 0 0 6 0 6 2 19 27 
4 1 0 0 0 0 3 21 24 27 
6 0 3 2 4 2 1 21 
10 0 5 4 3 9 1 23 
7 0 6 1 5 8 2 25 30 
7 1 0 0 0 0 2 24 26 
9 0 7 8 3 6 3 25 26 27 
3 0 1 9 10 0 1 25 
6 0 1 0 0 8 1 29 
5 0 1 5 10 7 2 29 30 
3 0 0 1 10 5 2 29 30 
10 0 9 9 0 1 1 31 
3 0 5 5 7 0 1 31 
10 0 0 0 0 5 1 31 
1 0 0 0 0 0 0 
1 0 0 0 0 0 3 33 34 35 
7 0 8 5 0 3 3 38 49 50 
6 0 0 7 2 6 3 36 43 45 
9 0 1 0 5 3 3 37 41 46 
10 0 4 5 0 3 3 39 40 46 
3 0 0 5 0 9 2 42 44 
3 0 9 3 3 10 2 47 53 
10 0 4 2 0 6 1 56 
8 0 8 5 2 4 1 44 
7 0 10 7 6 4 2 51 58 
5 0 7 8 8 7 1 62 
9 0 0 0 9 1 1 44 
5 1 0 0 0 0 1 54 
10 0 1 5 2 0 1 57 
4 0 5 2 0 10 1 48 
7 0 0 6 4 0 1 54 
10 0 0 4 2 10 2 50 53 
5 0 10 10 8 0 1 58 
2 1 0 0 0 0 2 52 59 
4 0 9 7 1 0 1 60 
3 1 0 0 0 0 2 55 56 
9 0 6 10 6 5 1 54 
2 0 10 2 6 2 1 61 
8 0 9 7 2 0 1 62 
10 0 0 10 10 3 1 60 
5 0 7 3 8 8 1 58 
10 0 6 1 0 0 1 60 
7 0 1 7 4 1 2 61 62 
10 0 0 0 5 2 1 63 
8 0 0 0 5 0 1 63 
7 0 7 6 2 7 1 63 
1 0 0 0 0 0 0 
1 0 0 0 0 0 3 65 66 67 
5 0 8 3 5 6 3 70 73 79 
4 0 8 7 3 6 3 68 69 75 
1 1 0 0 0 0 3 80 82 84 
9 0 8 1 7 3 3 74 77 80 
4 0 10 3 2 3 3 71 72 76 
6 0 4 4 1 7 1 71 
3 0 8 5 10 10 3 74 81 87 
9 0 7 7 4 6 3 85 86 90 
1 0 4 10 1 1 3 74 80 81 
1 0 3 2 8 7 3 78 83 88 
10 0 3 10 1 3 3 81 85 87 
3 0 3 8 10 7 3 78 86 87 
9 0 6 3 6 3 3 79 84 89 
10 0 4 10 1 4 2 84 92 
8 1 0 0 0 0 3 82 86 88 
4 0 3 7 10 5 3 83 89 91 
4 1 0 0 0 0 3 82 88 89 
3 0 5 4 6 9 2 83 94 
5 0 2 6 4 3 1 93 
9 0 3 6 5 7 1 85 
8 0 7 4 5 9 1 91 
5 0 2 2 5 7 2 91 94 
10 1 0 0 0 0 2 92 94 
1 1 0 0 0 0 2 90 93 
6 0 4 6 2 10 1 90 
10 0 7 7 10 7 1 92 
2 0 2 8 10 8 1 93 
9 0 3 2 3 4 1 95 
6 0 1 5 2 3 1 95 
10 0 4 4 2 4 1 95 
1 0 0 0 0 0 0 
1 0 0 0 0 0 3 97 98 99 
7 0 10 3 9 7 3 100 101 106 
9 0 2 7 5 5 3 102 104 116 
5 0 8 4 9 3 3 102 105 110 
5 0 2 1 10 8 3 103 107 123 
10 0 10 4 2 7 3 103 107 117 
7 0 4 8 3 2 3 111 115 117 
4 0 9 8 2 6 3 108 110 113 
5 0 8 3 10 8 3 107 114 120 
1 1 0 0 0 0 3 109 118 123 
6 0 1 1 1 7 2 110 112 
9 0 6 8 1 1 3 115 118 121 
10 1 0 0 0 0 3 109 111 119 
7 1 0 0 0 0 3 114 116 120 
5 0 2 9 2 8 2 119 126 
9 0 8 9 7 8 2 114 124 
2 0 5 1 7 9 2 113 117 
9 0 6 3 5 10 3 115 116 121 
3 0 4 2 6 7 1 126 
7 1 0 0 0 0 1 122 
4 0 8 4 10 8 2 122 125 
8 1 0 0 0 0 3 118 119 123 
9 1 0 0 0 0 1 125 
1 1 0 0 0 0 1 120 
8 0 2 1 4 3 1 121 
4 0 1 10 1 5 2 122 125 
10 0 10 7 8 2 1 124 
3 0 6 8 9 4 2 124 126 
10 0 7 3 5 7 1 127 
9 0 7 6 5 9 1 127 
9 0 7 8 9 10 1 127 
1 0 0 0 0 0 0 
1 0 0 0 0 0 3 129 130 131 
6 0 3 5 9 3 1 132 
6 0 10 2 7 0 1 138 
8 0 0 2 6 10 3 134 135 143 
5 0 9 3 5 9 1 133 
8 1 0 0 0 0 1 146 
2 0 0 6 7 0 3 136 151 155 
5 0 5 5 0 2 2 149 152 
5 0 0 8 0 7 3 137 139 141 
6 0 7 9 5 9 3 140 142 144 
3 0 3 6 4 0 3 145 156 158 
6 0 8 1 5 0 1 144 
4 0 6 0 6 3 2 148 152 
5 0 9 4 3 8 2 147 153 
6 0 0 8 0 8 1 156 
6 1 0 0 0 0 1 149 
5 1 0 0 0 0 1 146 
4 0 3 1 7 0 2 150 154 
4 0 8 6 8 8 2 148 157 
7 1 0 0 0 0 1 148 
9 0 0 3 9 10 1 149 
8 0 3 1 0 10 1 156 
7 0 4 1 8 10 1 157 
2 1 0 0 0 0 1 154 
5 0 0 5 2 5 1 154 
5 1 0 0 0 0 1 158 
3 0 4 0 5 0 1 157 
4 0 8 0 6 1 1 158 
8 0 8 4 7 5 1 159 
7 0 0 2 2 8 1 159 
6 0 10 6 9 0 1 159 
1 0 0 0 0 0 0 
1 0 0 0 0 0 3 161 162 163 
9 0 0 4 0 10 3 164 166 170 
5 0 0 2 0 9 2 167 189 
9 0 1 10 0 0 3 168 174 180 
8 1 0 0 0 0 3 165 175 179 
6 1 0 0 0 0 1 181 
3 0 9 0 0 10 2 172 173 
10 0 0 0 0 3 2 169 174 
10 0 0 5 2 0 2 171 184 
8 0 0 0 9 0 2 176 178 
3 0 1 0 2 0 1 173 
9 1 0 0 0 0 2 185 189 
1 0 0 0 0 4 2 175 181 
7 1 0 0 0 0 2 185 186 
1 0 5 0 3 9 1 177 
4 1 0 0 0 0 1 176 
7 0 0 5 8 0 1 182 
1 0 1 5 0 0 1 188 
2 1 0 0 0 0 2 184 187 
1 0 2 0 1 0 1 189 
8 0 4 0 9 0 1 184 
8 0 5 0 9 7 1 183 
9 0 4 0 2 0 1 190 
7 0 2 0 9 0 1 185 
6 1 0 0 0 0 1 186 
10 0 5 4 0 6 1 188 
9 0 0 8 4 0 1 188 
5 1 0 0 0 0 1 190 
8 0 10 0 3 6 1 191 
4 0 9 0 0 0 1 191 
4 0 0 1 0 5 1 191 
1 0 0 0 0 0 0 
1 0 0 0 0 0 3 193 194 195 
8 0 4 0 0 0 3 197 202 206 
4 0 10 0 0 0 3 198 199 204 
6 0 0 0 0 3 3 196 200 201 
3 0 3 0 0 0 1 211 
8 0 0 0 0 8 1 221 
5 0 4 0 0 0 1 218 
9 0 0 1 0 0 3 203 210 218 
2 0 6 0 0 0 1 205 
7 0 0 0 0 1 2 207 216 
9 1 0 0 0 0 2 211 217 
2 0 0 7 0 0 1 205 
6 0 4 0 0 0 2 208 209 
3 0 0 8 0 0 1 208 
9 0 3 0 0 0 1 216 
10 0 0 0 0 5 2 212 213 
6 0 0 0 0 8 1 213 
5 0 0 0 0 7 2 211 213 
3 0 0 1 0 0 2 215 220 
7 0 0 10 0 0 2 214 216 
2 0 0 0 0 6 1 219 
7 0 2 0 0 0 1 214 
2 0 3 0 0 0 1 215 
3 0 0 9 0 0 1 221 
3 0 4 0 0 0 1 221 
7 0 0 0 4 0 1 222 
8 1 0 0 0 0 1 219 
3 0 0 8 0 0 1 222 
7 1 0 0 0 0 1 223 
2 0 0 7 0 0 1 223 
2 0 0 0 2 0 1 223 
1 0 0 0 0 0 0 
1 0 0 0 0 0 3 225 226 227 
1 0 1 8 7 0 3 228 229 233 
6 0 0 0 9 9 1 249 
10 0 1 10 0 3 3 232 237 240 
10 0 9 5 9 8 2 231 247 
2 0 0 1 1 7 3 230 234 238 
9 0 3 2 9 7 2 245 248 
9 0 5 8 10 6 2 242 250 
7 0 0 6 6 9 1 244 
5 0 0 1 10 6 3 235 236 239 
5 0 0 3 8 8 2 245 248 
1 0 0 1 0 10 1 254 
9 0 7 0 1 0 1 250 
6 0 8 6 2 9 1 241 
7 0 2 6 6 0 1 253 
4 0 0 2 0 8 1 243 
4 0 9 5 2 1 1 253 
9 1 0 0 0 0 1 251 
1 0 5 0 1 5 2 244 252 
8 0 6 1 6 0 1 248 
3 1 0 0 0 0 2 246 251 
2 0 4 6 4 5 1 253 
5 1 0 0 0 0 1 249 
3 0 0 7 9 0 2 249 251 
1 0 9 9 0 0 1 252 
10 0 2 4 0 10 1 254 
8 1 0 0 0 0 1 252 
1 1 0 0 0 0 1 254 
5 0 5 8 6 6 1 255 
7 0 9 2 6 3 1 255 
8 0 0 10 10 3 1 255 
1 0 0 0 0 0 0 
1 0 0 0 0 0 3 257 258 259 
10 0 9 10 0 5 2 272 280 
3 0 0 0 0 6 3 261 263 270 
4 0 4 6 2 9 3 260 267 268 
8 0 6 0 0 0 3 264 270 285 
1 0 0 0 1 3 3 262 265 268 
10 0 10 0 0 9 2 271 272 
3 0 0 2 2 0 3 264 274 276 
5 0 8 0 0 0 3 266 273 275 
6 0 0 4 9 2 3 269 278 280 
5 1 0 0 0 0 2 277 282 
1 0 0 6 3 0 1 278 
7 0 0 0 6 5 2 269 277 
4 1 0 0 0 0 1 283 
4 0 0 0 1 10 1 284 
7 1 0 0 0 0 1 286 
1 1 0 0 0 0 3 273 274 285 
10 0 9 10 0 1 2 279 284 
8 0 6 0 0 0 1 281 
1 1 0 0 0 0 2 279 282 
10 0 0 0 0 5 2 278 283 
1 1 0 0 0 0 1 286 
6 0 6 1 0 4 2 279 281 
1 0 9 0 0 1 1 286 
10 0 0 6 4 2 2 281 283 
3 0 2 0 4 0 1 282 
6 0 0 1 0 6 1 284 
10 0 7 0 0 1 1 285 
4 0 0 0 2 4 1 287 
10 0 0 4 0 0 1 287 
9 0 1 3 7 0 1 287 
1 0 0 0 0 0 0 
1 0 0 0 0 0 3 289 290 291 
5 0 7 0 6 9 3 292 298 301 
4 0 2 0 0 0 3 293 295 297 
6 0 3 0 0 0 3 296 304 312 
4 0 10 2 0 10 3 293 294 302 
7 0 0 6 0 8 3 296 304 314 
6 0 0 0 9 9 3 295 303 306 
10 0 0 0 2 0 2 309 311 
3 0 0 10 0 0 3 311 313 316 
6 0 4 0 9 1 3 299 301 304 
7 0 5 0 5 0 3 302 305 307 
6 0 8 5 5 0 3 300 303 305 
7 0 0 1 0 0 3 307 310 317 
8 0 0 1 0 0 2 302 305 
4 1 0 0 0 0 2 306 308 
1 0 8 0 0 4 2 307 308 
2 0 0 3 5 0 2 311 318 
2 1 0 0 0 0 3 306 310 316 
10 1 0 0 0 0 1 315 
8 0 5 0 3 0 3 312 313 314 
6 1 0 0 0 0 3 309 313 317 
6 0 0 10 6 3 3 310 314 315 
3 0 5 0 1 0 1 312 
7 1 0 0 0 0 1 317 
8 0 0 0 0 2 1 318 
8 0 0 0 10 8 1 315 
6 0 8 1 1 4 1 316 
2 0 0 0 7 7 1 318 
10 0 3 10 7 0 1 319 
10 0 10 0 0 4 1 319 
6 0 0 9 0 3 1 319 
1 0 0 0 0 0 0 
1 0 0 0 0 0 3 321 322 323 
10 0 6 9 7 10 3 324 334 338 
2 0 5 6 6 5 3 325 330 345 
8 0 2 7 6 2 3 328 333 340 
5 0 2 1 4 8 3 326 327 339 
8 0 3 1 9 7 3 329 337 341 
8 0 5 2 3 6 1 331 
1 0 2 3 9 3 1 330 
3 0 6 10 3 2 1 349 
1 1 0 0 0 0 2 335 350 
9 0 8 6 1 5 1 332 
10 0 9 1 8 7 2 336 341 
1 0 5 3 1 10 1 342 
6 0 1 9 5 5 1 344 
9 0 10 6 5 2 2 336 343 
7 0 4 1 9 6 1 346 
3 0 1 5 2 8 2 347 350 
9 0 3 4 5 5 1 349 
9 0 9 1 1 8 1 340 
2 0 3 5 10 3 1 346 
5 1 0 0 0 0 1 345 
2 0 6 8 9 3 1 342 
8 0 1 10 2 3 2 343 348 
2 0 9 3 4 9 1 347 
6 1 0 0 0 0 1 347 
10 0 9 6 6 3 1 346 
9 0 4 3 2 2 1 348 
2 0 7 6 5 6 1 349 
3 0 2 9 4 2 1 351 
4 0 1 5 2 3 1 351 
4 0 5 2 10 1 1 351 
1 0 0 0 0 0 0 
128.31 114.41 105.65 89.64 94.02 124.68 165.02 232.37 262.49 202.23 132.79 122.81 106.34 125.69 131.6 152.22 184.31 234.95 277.19 266.48 249.49 198.62 163.35 145.29 141.64 135.71 140.35 139.95 150.54 154.85 207.72 272.55 286.73 245.8 202.56 180.56 167.39 153.92 154.82 170.24 203.98 230.8 264.24 276.12 225 176.92 163.24 154.14 134.34 125.18 121.42 125.18 133.39 148.76 169.93 239.81 247.74 211.59 182.47 172.73 152.41 146.73 142.91 156.26 169.84 197.44 240.55 235.33 192.01 156.27 152.72 135.47 128.37 116.03 86.78 100.93 104.96 136.26 190.82 210 214.91 167.65 169.83 157.98 156.43 147.67 146.5 168.9 178.33 229.84 227.48 237.83 199.98 174.74 166.27 149.33 132.61 118.62 113.36 111.01 114.08 133.24 170.18 232.38 239.46 221.29 186.24 179.28 174.91 166.59 178.22 188.38 216.65 220.38 229.9 230.94 200.91 178.38 164.21 144.39 146.16 134.74 128.69 132.08 131.99 134.19 134.17 145.61 154.53 156.7 156.39 150.16 144.52 137.01 130.58 130.32 142.89 167.82 181.99 184.37 168.33 143 137.01 132.42 110.66 99.15 93.54 90 91.73 88.56 102.81 109.56 121.19 114.81 96 93.29 83.77 76.17 78.31 88.64 102.37 120.76 132.61 134.88 120.47 107.49 100.97 86.11 128.31 114.41 105.65 89.64 94.02 124.68 165.02 232.37 262.49 202.23 132.79 122.81 106.34 125.69 131.6 152.22 184.31 234.95 277.19 266.48 249.49 198.62 163.35 145.29 141.64 135.71 140.35 139.95 150.54 154.85 207.72 272.55 286.73 245.8 202.56 180.56 167.39 153.92 154.82 170.24 203.98 230.8 264.24 276.12 225 176.92 163.24 154.14 134.34 125.18 121.42 125.18 133.39 148.76 169.93 239.81 247.74 211.59 182.47 172.73 152.41 146.73 142.91 156.26 169.84 197.44 240.55 235.33 192.01 156.27 152.72 135.47 128.37 116.03 86.78 100.93 104.96 136.26 190.82 210 214.91 167.65 169.83 157.98 156.43 147.67 146.5 168.9 178.33 229.84 227.48 237.83 199.98 174.74 166.27 149.33 132.61 118.62 113.36 111.01 114.08 133.24 170.18 232.38 239.46 221.29 186.24 179.28 174.91 166.59 178.22 188.38 216.65 220.38 229.9 230.94 200.91 178.38 164.21 144.39 146.16 134.74 128.69 132.08 131.99 134.19 134.17 145.61 154.53 156.7 156.39 150.16 144.52 137.01 130.58 130.32 142.89 167.82 181.99 184.37 168.33 143 137.01 132.42 110.66 99.15 93.54 90 91.73 88.56 102.81 109.56 121.19 114.81 96 93.29 83.77 76.17 78.31 88.64 102.37 120.76 132.61 134.88 120.47 107.49 100.97 86.11 128.31 114.41 105.65 89.64 94.02 124.68 165.02 232.37 262.49 202.23 132.79 122.81 106.34 125.69 131.6 152.22 184.31 234.95 277.19 266.48 249.49 198.62 163.35 145.29 141.64 135.71 140.35 139.95 150.54 154.85 207.72 272.55 286.73 245.8 202.56 180.56 167.39 153.92 154.82 170.24 203.98 230.8 264.24 276.12 225 176.92 163.24 154.14 134.34 125.18 121.42 125.18 133.39 148.76 169.93 239.81 247.74 211.59 182.47 172.73 152.41 146.73 142.91 156.26 169.84 197.44 240.55 235.33 192.01 156.27 152.72 135.47 128.37 116.03 86.78 100.93 104.96 136.26 190.82 210 214.91 167.65 169.83 157.98 156.43 147.67 146.5 168.9 178.33 229.84 227.48 237.83 199.98 174.74 166.27 149.33 132.61 118.62 113.36 111.01 114.08 133.24 170.18 232.38 239.46 221.29 186.24 179.28 174.91 166.59 178.22 188.38 216.65 220.38 229.9 230.94 200.91 178.38 164.21 144.39 146.16 134.74 128.69 132.08 131.99 134.19 134.17 145.61 154.53 156.7 156.39 150.16 144.52 137.01 130.58 130.32 142.89 167.82 181.99 184.37 168.33 143 137.01 132.42 110.66 99.15 93.54 90 91.73 88.56 102.81 109.56 121.19 114.81 96 93.29 83.77 76.17 78.31 88.64 102.37 120.76 132.61 134.88 120.47 107.49 100.97 86.11 128.31 114.41 105.65 89.64 94.02 124.68 165.02 232.37 262.49 202.23 132.79 122.81 106.34 125.69 131.6 152.22 184.31 234.95 277.19 266.48 249.49 198.62 163.35 145.29 141.64 135.71 140.35 139.95 150.54 154.85 207.72 272.55 286.73 245.8 202.56 180.56 167.39 153.92 154.82 170.24 203.98 230.8 264.24 276.12 225 176.92 163.24 154.14 134.34 125.18 121.42 125.18 133.39 148.76 169.93 239.81 247.74 211.59 182.47 172.73 152.41 146.73 142.91 156.26 169.84 197.44 240.55 235.33 192.01 156.27 152.72 135.47 128.37 116.03 86.78 100.93 104.96 136.26 190.82 210 214.91 167.65 169.83 157.98 156.43 147.67 146.5 168.9 178.33 229.84 227.48 237.83 199.98 174.74 166.27 149.33 132.61 118.62 113.36 111.01 114.08 133.24 170.18 232.38 239.46 221.29 186.24 179.28 174.91 166.59 178.22 188.38 216.65 220.38 229.9 230.94 200.91 178.38 164.21 144.39 146.16 134.74 128.69 132.08 131.99 134.19 134.17 145.61 154.53 156.7 156.39 150.16 144.52 137.01 
