352 5
1 31 32 32 33 
1 0 0 0 0 0 3 1 2 3 
4 0 0 9 4 2 3 4 13 16 
4 0 5 9 3 8 2 7 26 
4 0 0 2 0 9 3 5 8 10 
7 0 0 5 0 3 3 6 7 19 
6 0 9 4 2 4 3 9 12 25 
1 0 5 8 0 2 2 8 9 
7 0 0 4 2 4 3 12 15 27 
4 0 0 6 5 1 2 11 24 
3 0 6 8 2 0 3 14 20 22 
3 0 4 0 7 8 1 15 
5 0 7 0 10 2 3 14 17 18 
7 1 0 0 0 0 3 21 22 29 
6 0 9 4 2 5 2 15 19 
7 1 0 0 0 0 1 27 
6 0 0 6 10 8 2 18 23 
2 0 10 3 5 0 2 17 24 
6 1 0 0 0 0 2 25 27 
7 0 8 4 5 1 1 22 
4 0 0 7 8 7 2 26 28 
10 1 0 0 0 0 1 21 
1 0 9 0 10 4 1 23 
6 0 7 5 0 0 1 30 
1 0 8 8 8 9 2 24 30 
7 0 7 2 0 6 1 28 
1 1 0 0 0 0 1 26 
2 0 2 1 6 3 1 30 
6 0 0 9 10 3 1 28 
9 0 0 8 9 9 1 31 
5 1 0 0 0 0 1 31 
5 0 5 9 5 0 1 31 
1 0 0 0 0 0 0 
1 0 0 0 0 0 3 33 34 35 
4 0 5 10 0 0 3 37 43 51 
10 0 8 0 0 0 2 36 47 
1 0 0 9 3 6 3 36 39 43 
10 0 9 0 5 0 3 38 42 49 
8 0 6 0 4 7 2 38 47 
2 0 8 0 0 10 3 41 54 57 
2 0 3 10 0 5 3 40 44 60 
3 0 0 0 0 8 1 46 
4 1 0 0 0 0 3 48 53 55 
4 0 0 7 0 0 3 44 45 55 
1 1 0 0 0 0 3 44 52 55 
3 0 3 6 0 0 3 48 56 57 
10 1 0 0 0 0 3 48 50 60 
7 0 0 0 0 4 3 47 49 50 
9 0 1 0 9 0 2 57 59 
6 1 0 0 0 0 2 59 62 
8 0 0 0 5 0 3 51 52 62 
6 0 10 0 0 0 3 51 52 58 
8 0 0 4 0 5 2 53 54 
2 1 0 0 0 0 2 53 54 
7 0 0 0 0 7 2 56 59 
5 0 9 1 0 5 1 56 
3 1 0 0 0 0 2 58 60 
7 0 3 1 0 7 1 61 
9 0 0 0 10 10 2 58 61 
7 0 0 4 6 8 1 62 
4 0 0 6 1 0 1 61 
8 1 0 0 0 0 1 63 
1 0 8 0 0 10 1 63 
10 0 8 0 8 4 1 63 
1 0 0 0 0 0 0 
1 0 0 0 0 0 3 65 66 67 
5 0 6 0 6 3 3 69 71 87 
4 0 0 10 0 1 3 74 77 80 
10 0 0 0 7 1 3 68 70 72 
10 0 0 1 6 7 3 74 77 80 
2 0 0 3 6 6 2 81 85 
3 0 9 10 1 3 3 78 85 91 
9 0 6 10 1 0 3 73 74 78 
9 1 0 0 0 0 3 79 87 93 
3 0 9 1 5 4 3 75 77 88 
9 0 2 10 0 2 3 81 82 88 
2 0 9 0 1 9 3 76 82 89 
10 0 10 3 0 5 3 79 84 93 
2 1 0 0 0 0 2 84 86 
4 0 3 5 0 3 3 83 84 89 
1 1 0 0 0 0 2 81 83 
4 1 0 0 0 0 3 82 85 87 
7 1 0 0 0 0 2 86 94 
1 0 4 5 0 2 3 83 86 90 
7 0 3 1 9 0 1 92 
6 0 5 0 2 1 1 94 
2 1 0 0 0 0 3 88 89 92 
8 0 4 0 0 8 1 91 
7 0 10 0 8 6 1 91 
2 1 0 0 0 0 2 90 94 
1 1 0 0 0 0 1 90 
10 0 8 2 7 0 1 93 
1 0 9 2 9 9 1 92 
10 0 3 2 1 8 1 95 
10 0 0 1 4 8 1 95 
3 0 0 4 9 6 1 95 
1 0 0 0 0 0 0 
1 0 0 0 0 0 3 97 98 99 
2 0 1 2 4 0 3 105 106 123 
5 0 0 5 9 10 3 104 110 111 
6 0 8 10 10 0 3 100 101 102 
4 0 8 3 0 8 1 103 
2 0 3 1 8 5 2 113 122 
9 0 5 0 5 10 2 109 113 
9 0 4 0 0 3 3 107 108 114 
4 0 8 0 8 10 1 105 
8 1 0 0 0 0 1 117 
7 0 1 6 6 6 1 120 
10 0 2 10 3 8 1 125 
1 1 0 0 0 0 1 115 
1 0 1 3 6 1 1 126 
1 0 4 0 9 9 2 116 119 
5 0 0 9 6 9 3 112 122 125 
2 1 0 0 0 0 1 113 
5 1 0 0 0 0 1 116 
5 0 2 7 9 0 1 124 
9 0 0 5 4 1 1 118 
10 0 0 8 0 8 1 121 
1 1 0 0 0 0 1 118 
5 0 4 8 3 8 1 121 
4 0 5 7 3 5 1 120 
10 0 9 0 0 1 3 121 122 125 
5 0 1 8 0 7 1 124 
9 0 7 3 4 7 1 126 
10 0 7 0 0 3 1 126 
2 0 1 3 0 10 1 127 
10 0 4 0 3 7 1 127 
3 0 0 4 5 1 1 127 
1 0 0 0 0 0 0 
1 0 0 0 0 0 3 129 130 131 
5 0 0 4 8 1 3 134 138 143 
4 0 6 0 5 0 3 132 139 144 
9 0 0 0 6 0 3 133 137 140 
8 0 0 1 7 0 1 150 
9 0 0 7 0 3 3 135 146 153 
6 0 0 0 0 6 3 136 140 146 
4 0 0 6 0 4 3 141 147 155 
6 0 0 0 0 4 3 139 144 149 
6 0 3 5 10 10 3 138 139 146 
10 0 0 7 0 1 3 142 145 147 
10 1 0 0 0 0 2 141 147 
2 0 6 0 0 4 3 144 145 155 
8 0 4 0 0 0 2 151 158 
7 1 0 0 0 0 2 148 149 
6 0 0 1 7 1 2 145 148 
10 1 0 0 0 0 3 148 150 154 
1 0 9 1 0 0 1 153 
6 0 0 9 9 0 3 149 151 154 
2 0 0 8 0 0 3 152 154 157 
7 0 7 0 8 0 3 151 152 153 
8 0 0 0 8 8 2 150 155 
4 0 0 0 0 1 3 152 157 158 
6 0 0 2 2 5 1 157 
2 0 5 8 0 6 1 156 
2 0 10 5 0 0 1 156 
7 0 0 0 5 0 1 158 
5 0 0 8 7 0 1 156 
6 0 0 0 6 9 1 159 
2 0 0 2 0 2 1 159 
1 0 9 0 0 6 1 159 
1 0 0 0 0 0 0 
1 0 0 0 0 0 3 161 162 163 
10 0 0 5 2 3 2 174 185 
7 0 7 0 2 7 2 165 167 
7 0 8 10 4 4 3 164 166 183 
5 0 2 1 0 0 1 176 
7 0 10 1 0 0 1 174 
8 0 9 5 1 2 1 188 
3 0 3 8 1 6 3 168 169 172 
1 0 1 4 8 9 2 171 173 
10 0 2 7 10 4 2 170 182 
9 1 0 0 0 0 1 175 
9 0 8 0 0 9 1 186 
3 0 9 6 3 6 3 175 179 181 
4 0 8 10 3 8 1 186 
9 0 1 6 5 0 3 177 178 180 
5 0 4 0 2 9 1 180 
8 1 0 0 0 0 1 190 
3 1 0 0 0 0 2 182 187 
10 0 7 0 3 1 1 184 
9 0 2 3 4 8 1 183 
3 0 8 7 1 0 1 189 
5 0 0 2 2 4 2 185 189 
10 0 10 0 0 3 1 186 
7 0 0 8 5 0 2 187 190 
2 0 1 0 0 8 1 189 
8 0 9 10 9 7 1 187 
2 0 0 4 7 10 1 190 
7 0 7 1 1 0 1 188 
6 0 3 0 0 1 1 191 
10 0 2 2 0 9 1 191 
1 0 3 0 8 10 1 191 
1 0 0 0 0 0 0 
1 0 0 0 0 0 3 193 194 195 
4 0 0 0 9 0 1 210 
1 0 8 2 0 0 3 198 199 205 
1 0 6 2 0 0 3 196 200 216 
8 0 0 0 4 0 2 197 205 
4 0 0 4 1 0 3 203 208 214 
8 0 0 8 3 9 1 213 
7 0 9 0 10 0 3 201 216 222 
10 0 2 0 2 8 1 220 
9 0 0 9 0 0 2 202 204 
3 0 0 0 6 0 1 215 
10 0 6 0 0 8 1 207 
8 0 0 10 0 0 3 206 210 218 
5 0 0 0 10 0 1 209 
8 1 0 0 0 0 1 217 
1 1 0 0 0 0 1 219 
4 0 1 0 8 10 1 219 
9 0 0 0 5 6 1 211 
8 1 0 0 0 0 2 212 217 
7 0 10 6 9 4 2 213 215 
8 0 0 0 5 0 2 214 215 
4 0 6 0 1 0 1 222 
10 0 5 0 10 0 1 221 
3 0 0 10 6 3 1 220 
2 1 0 0 0 0 1 219 
4 1 0 0 0 0 1 220 
6 0 9 0 0 0 1 221 
7 0 0 0 3 7 1 221 
3 0 0 1 6 0 1 223 
2 0 0 0 3 5 1 223 
10 0 2 10 0 8 1 223 
1 0 0 0 0 0 0 
1 0 0 0 0 0 3 225 226 227 
2 0 0 0 0 9 3 230 241 242 
5 0 0 0 0 1 3 228 229 233 
4 0 0 0 7 0 3 231 233 244 
6 0 0 0 0 8 3 230 232 239 
9 0 0 2 0 0 3 234 236 238 
8 0 0 3 0 0 3 236 253 254 
1 0 2 0 0 0 3 235 236 239 
9 0 0 0 2 0 3 234 242 248 
5 0 0 0 0 6 3 237 247 248 
10 1 0 0 0 0 3 237 244 251 
9 0 0 0 9 0 2 240 243 
6 0 2 0 0 0 2 237 246 
7 0 0 0 7 0 1 252 
1 0 10 0 0 0 3 239 240 244 
5 0 0 6 0 0 3 246 249 250 
1 0 0 0 0 5 1 241 
4 1 0 0 0 0 3 245 247 248 
10 1 0 0 0 0 3 243 245 254 
4 1 0 0 0 0 2 246 247 
3 0 8 0 0 0 2 245 250 
8 0 0 0 5 0 1 252 
7 0 0 0 0 1 1 252 
2 0 2 0 0 0 2 249 251 
7 0 0 0 0 10 3 249 250 251 
7 0 8 0 0 0 1 253 
8 0 0 4 0 0 1 254 
2 0 0 0 3 0 1 253 
4 0 0 0 1 0 1 255 
8 0 0 0 0 10 1 255 
1 0 0 8 0 0 1 255 
1 0 0 0 0 0 0 
1 0 0 0 0 0 3 257 258 259 
5 0 4 0 7 0 2 261 281 
6 0 2 0 5 0 3 260 276 283 
3 0 10 0 7 0 3 267 269 279 
4 0 0 5 0 7 3 261 264 265 
1 0 0 0 0 7 3 262 263 275 
6 0 0 0 0 3 2 268 274 
7 0 0 0 0 9 3 267 274 278 
9 0 0 3 0 0 2 271 272 
7 0 0 5 0 9 3 266 270 273 
5 0 5 0 0 1 2 271 272 
10 0 0 2 7 0 1 285 
7 0 9 9 0 0 2 269 284 
1 1 0 0 0 0 1 280 
4 1 0 0 0 0 1 272 
1 1 0 0 0 0 3 279 281 286 
9 0 8 0 7 2 3 277 280 281 
4 1 0 0 0 0 3 274 277 278 
10 1 0 0 0 0 1 280 
3 0 10 0 4 0 2 277 285 
7 0 0 9 7 10 1 279 
6 0 0 7 0 3 1 282 
4 0 0 0 0 8 1 282 
9 0 3 5 0 8 1 284 
2 0 0 3 7 0 1 286 
3 0 0 8 5 6 1 282 
10 0 2 9 7 0 1 284 
2 1 0 0 0 0 2 285 286 
3 0 0 0 0 10 1 287 
2 0 0 0 0 3 1 287 
9 0 0 4 7 8 1 287 
1 0 0 0 0 0 0 
1 0 0 0 0 0 3 289 290 291 
4 0 0 10 10 0 3 300 301 305 
10 0 10 3 4 0 2 298 300 
4 0 8 0 0 0 3 292 293 294 
5 0 0 2 1 3 2 295 307 
8 0 6 0 7 0 2 309 317 
2 0 0 0 4 6 1 310 
2 0 0 10 3 0 2 296 297 
10 1 0 0 0 0 1 304 
2 0 0 0 0 1 3 299 302 315 
6 1 0 0 0 0 2 301 313 
7 0 0 1 0 0 1 311 
2 1 0 0 0 0 3 303 314 316 
10 0 0 7 0 2 1 308 
4 0 0 0 0 8 1 318 
9 1 0 0 0 0 1 318 
2 0 0 1 2 4 2 306 312 
8 1 0 0 0 0 1 309 
6 0 0 0 0 6 1 309 
8 0 0 5 10 4 1 310 
4 0 5 0 0 6 1 316 
3 0 0 9 0 7 1 315 
1 0 6 7 0 0 1 315 
2 0 5 0 0 5 1 317 
4 0 5 0 1 5 2 313 314 
6 0 7 0 6 1 1 318 
5 0 0 0 10 0 1 317 
1 0 0 1 10 6 1 316 
6 0 0 4 6 0 1 319 
2 0 3 2 0 1 1 319 
5 0 4 0 0 1 1 319 
1 0 0 0 0 0 0 
1 0 0 0 0 0 3 321 322 323 
7 0 4 1 10 1 3 328 337 340 
4 0 5 3 5 5 3 326 327 329 
1 0 3 9 5 5 3 324 325 344 
3 0 1 9 10 1 3 328 330 331 
6 0 3 5 3 1 2 331 333 
8 0 2 2 5 10 3 333 339 343 
9 0 6 5 10 6 3 340 345 347 
5 0 6 3 1 9 3 336 341 343 
8 0 7 9 8 8 3 334 340 342 
3 0 4 9 6 5 3 332 333 343 
3 0 3 2 7 2 3 332 334 335 
9 0 4 9 10 1 3 336 338 345 
5 0 1 3 5 1 3 335 337 346 
7 0 2 7 2 6 3 337 339 346 
2 0 9 8 5 7 3 338 341 342 
7 1 0 0 0 0 2 339 342 
10 1 0 0 0 0 2 338 341 
2 0 4 5 5 9 1 349 
2 1 0 0 0 0 1 348 
8 1 0 0 0 0 2 344 350 
7 0 2 2 8 6 2 345 347 
8 0 8 4 6 6 2 347 349 
6 1 0 0 0 0 2 346 350 
6 0 1 1 9 10 1 348 
10 0 7 7 6 2 1 350 
5 1 0 0 0 0 1 349 
1 0 1 1 2 4 1 348 
9 0 7 1 9 4 1 351 
3 0 9 4 5 10 1 351 
2 0 2 7 3 9 1 351 
1 0 0 0 0 0 0 
142.27 140.41 140.51 140.21 142.24 151.06 216 218.98 218.96 216.1 212.92 210.08 207.8 196.66 204.99 207.45 210.05 216.1 215.25 200.09 179.41 151.06 143.95 111.41 121.96 130.91 126.49 120.27 124.69 130.01 146.02 198 185.98 160.76 153.39 149.25 146.01 146.01 152.06 158.59 169.96 201.71 219.54 212.97 197.17 139.82 132.71 123.39 115.08 114.87 118.79 109.58 116.95 119.34 154.4 195.99 202.21 195.97 190 190.04 187.91 167.83 187.73 190.1 190.1 219 249.12 257.28 231.79 215.81 211.79 196.7 200.46 192.61 185.1 172.23 172.91 174.88 203.67 233.46 240.32 225.56 199.99 193.67 169.97 167.9 176.35 184.55 195.98 215.77 229.58 212.49 187.28 179.37 176.91 136.66 180.01 176.73 168.87 164.09 165 171.3 196.95 221.46 221.78 179.53 151.36 145.49 162.28 159.26 140.61 168.15 191.92 220.57 243.35 241.18 221.31 213.13 205.48 190.1 195.91 187.2 184.89 170.24 166 162.45 160.64 162.56 157.24 121.8 115.76 121.27 111.83 109.03 115.34 116.85 171.56 194.89 191.8 148.81 121.12 104.74 109.29 101.7 88.07 98.65 99.78 99.14 104.22 99.91 93.99 88.55 88.06 60 73.03 67.23 30.08 43.25 50.12 81.78 101.6 168.76 136 144.91 142.04 131.02 126 97.65 142.27 140.41 140.51 140.21 142.24 151.06 216 218.98 218.96 216.1 212.92 210.08 207.8 196.66 204.99 207.45 210.05 216.1 215.25 200.09 179.41 151.06 143.95 111.41 121.96 130.91 126.49 120.27 124.69 130.01 146.02 198 185.98 160.76 153.39 149.25 146.01 146.01 152.06 158.59 169.96 201.71 219.54 212.97 197.17 139.82 132.71 123.39 115.08 114.87 118.79 109.58 116.95 119.34 154.4 195.99 202.21 195.97 190 190.04 187.91 167.83 187.73 190.1 190.1 219 249.12 257.28 231.79 215.81 211.79 196.7 200.46 192.61 185.1 172.23 172.91 174.88 203.67 233.46 240.32 225.56 199.99 193.67 169.97 167.9 176.35 184.55 195.98 215.77 229.58 212.49 187.28 179.37 176.91 136.66 180.01 176.73 168.87 164.09 165 171.3 196.95 221.46 221.78 179.53 151.36 145.49 162.28 159.26 140.61 168.15 191.92 220.57 243.35 241.18 221.31 213.13 205.48 190.1 195.91 187.2 184.89 170.24 166 162.45 160.64 162.56 157.24 121.8 115.76 121.27 111.83 109.03 115.34 116.85 171.56 194.89 191.8 148.81 121.12 104.74 109.29 101.7 88.07 98.65 99.78 99.14 104.22 99.91 93.99 88.55 88.06 60 73.03 67.23 30.08 43.25 50.12 81.78 101.6 168.76 136 144.91 142.04 131.02 126 97.65 142.27 140.41 140.51 140.21 142.24 151.06 216 218.98 218.96 216.1 212.92 210.08 207.8 196.66 204.99 207.45 210.05 216.1 215.25 200.09 179.41 151.06 143.95 111.41 121.96 130.91 126.49 120.27 124.69 130.01 146.02 198 185.98 160.76 153.39 149.25 146.01 146.01 152.06 158.59 169.96 201.71 219.54 212.97 197.17 139.82 132.71 123.39 115.08 114.87 118.79 109.58 116.95 119.34 154.4 195.99 202.21 195.97 190 190.04 187.91 167.83 187.73 190.1 190.1 219 249.12 257.28 231.79 215.81 211.79 196.7 200.46 192.61 185.1 172.23 172.91 174.88 203.67 233.46 240.32 225.56 199.99 193.67 169.97 167.9 176.35 184.55 195.98 215.77 229.58 212.49 187.28 179.37 176.91 136.66 180.01 176.73 168.87 164.09 165 171.3 196.95 221.46 221.78 179.53 151.36 145.49 162.28 159.26 140.61 168.15 191.92 220.57 243.35 241.18 221.31 213.13 205.48 190.1 195.91 187.2 184.89 170.24 166 162.45 160.64 162.56 157.24 121.8 115.76 121.27 111.83 109.03 115.34 116.85 171.56 194.89 191.8 148.81 121.12 104.74 109.29 101.7 88.07 98.65 99.78 99.14 104.22 99.91 93.99 88.55 88.06 60 73.03 67.23 30.08 43.25 50.12 81.78 101.6 168.76 136 144.91 142.04 131.02 126 97.65 142.27 140.41 140.51 140.21 142.24 151.06 216 218.98 218.96 216.1 212.92 210.08 207.8 196.66 204.99 207.45 210.05 216.1 215.25 200.09 179.41 151.06 143.95 111.41 121.96 130.91 126.49 120.27 124.69 130.01 146.02 198 185.98 160.76 153.39 149.25 146.01 146.01 152.06 158.59 169.96 201.71 219.54 212.97 197.17 139.82 132.71 123.39 115.08 114.87 118.79 109.58 116.95 119.34 154.4 195.99 202.21 195.97 190 190.04 187.91 167.83 187.73 190.1 190.1 219 249.12 257.28 231.79 215.81 211.79 196.7 200.46 192.61 185.1 172.23 172.91 174.88 203.67 233.46 240.32 225.56 199.99 193.67 169.97 167.9 176.35 184.55 195.98 215.77 229.58 212.49 187.28 179.37 176.91 136.66 180.01 176.73 168.87 164.09 165 171.3 196.95 221.46 221.78 179.53 151.36 145.49 162.28 159.26 140.61 168.15 191.92 220.57 243.35 241.18 221.31 213.13 205.48 190.1 195.91 187.2 184.89 170.24 
