384 5
1 28 34 26 28 
1 0 0 0 0 0 3 1 2 3 
4 0 10 0 6 7 3 4 5 8 
2 0 7 0 10 0 3 19 20 22 
3 0 3 1 0 0 3 6 9 11 
1 0 3 6 1 8 3 7 11 20 
3 0 9 5 6 5 3 6 10 17 
2 0 1 0 9 10 3 13 16 29 
4 0 4 3 3 0 3 12 14 21 
4 0 5 5 0 1 3 9 14 19 
9 0 8 5 7 0 3 10 13 15 
6 0 10 1 10 4 3 18 25 30 
7 0 5 0 0 0 2 16 21 
2 0 0 7 3 0 2 13 22 
10 1 0 0 0 0 3 18 24 30 
3 0 8 0 0 0 2 15 16 
9 0 3 10 5 1 3 18 23 29 
7 0 8 10 10 0 1 27 
2 0 0 0 4 0 3 20 21 22 
5 0 9 1 0 6 1 27 
5 0 6 7 0 3 2 23 29 
6 0 2 0 3 0 3 24 25 26 
7 0 8 3 1 5 1 26 
9 0 0 7 8 10 1 23 
9 0 5 9 5 3 3 24 25 26 
4 0 8 0 2 1 1 28 
3 0 8 5 3 6 1 27 
7 0 6 10 7 4 2 28 30 
3 0 6 0 6 9 1 28 
4 0 2 4 1 0 1 31 
6 0 7 1 9 8 1 31 
10 0 7 5 1 9 1 31 
1 0 0 0 0 0 0 
1 0 0 0 0 0 3 33 34 35 
7 0 1 7 3 0 3 37 38 39 
10 0 0 5 0 9 1 36 
3 0 0 0 0 9 3 40 41 56 
1 0 2 0 10 5 1 43 
10 1 0 0 0 0 3 46 57 60 
10 0 0 0 3 1 3 42 50 51 
1 0 6 0 4 0 3 48 52 55 
9 0 6 0 9 3 1 54 
3 0 0 0 0 8 3 44 45 51 
10 0 0 7 0 3 3 48 53 61 
6 0 7 0 0 0 3 45 49 51 
4 0 7 4 0 0 3 46 47 55 
6 0 0 8 0 10 3 46 47 60 
3 0 3 0 9 0 1 62 
9 0 0 8 0 5 1 57 
4 0 0 7 0 0 1 59 
9 1 0 0 0 0 2 53 56 
4 0 0 6 0 0 3 52 56 59 
1 1 0 0 0 0 2 54 62 
2 0 0 0 0 7 1 53 
4 0 3 7 0 0 1 57 
5 1 0 0 0 0 1 58 
3 0 0 8 0 1 2 58 61 
3 0 0 1 4 7 1 61 
4 0 9 4 0 7 1 62 
4 0 0 9 0 10 1 59 
2 0 10 3 0 0 1 60 
10 0 7 2 0 9 1 63 
8 0 5 4 3 0 1 63 
9 0 0 3 0 6 1 63 
1 0 0 0 0 0 0 
1 0 0 0 0 0 3 65 66 67 
6 0 0 0 7 0 3 74 75 78 
4 0 0 0 1 0 3 68 71 79 
2 0 0 0 0 2 1 90 
1 0 0 0 6 0 3 69 75 77 
5 0 2 0 0 0 1 70 
1 0 0 0 0 6 2 72 91 
3 0 0 9 0 0 2 73 83 
5 0 0 8 0 0 2 76 84 
6 0 8 0 0 0 2 80 88 
6 1 0 0 0 0 2 88 91 
4 1 0 0 0 0 2 88 92 
1 0 8 0 0 0 3 85 86 94 
6 0 0 1 0 0 1 80 
5 1 0 0 0 0 1 87 
3 0 0 0 5 0 1 81 
3 0 0 2 0 0 1 89 
2 0 7 0 0 0 2 82 86 
3 0 0 8 0 0 1 85 
3 1 0 0 0 0 1 92 
7 1 0 0 0 0 1 94 
4 1 0 0 0 0 1 87 
8 0 0 0 0 5 1 87 
1 0 0 0 0 5 1 92 
8 0 0 9 0 0 1 93 
8 0 0 5 0 0 1 91 
5 0 0 9 0 0 1 93 
1 0 0 4 0 0 1 93 
5 0 0 4 0 0 1 95 
2 0 0 9 0 0 1 95 
1 0 0 0 0 10 1 95 
1 0 0 0 0 0 0 
1 0 0 0 0 0 3 97 98 99 
7 0 5 1 0 0 3 101 112 113 
2 0 0 5 10 10 3 100 106 116 
9 0 6 4 5 7 3 101 102 118 
1 0 3 0 4 2 3 103 113 114 
10 0 6 3 2 1 2 111 115 
7 0 4 9 6 0 2 104 108 
10 0 4 5 8 5 3 104 107 111 
6 0 6 0 5 0 1 105 
8 1 0 0 0 0 2 109 119 
6 0 0 3 3 2 3 113 115 118 
3 0 7 2 0 0 2 121 126 
4 0 0 1 7 9 2 116 117 
2 0 3 8 0 3 1 110 
10 0 0 10 3 0 1 120 
7 0 5 9 4 9 2 119 125 
4 0 2 8 0 2 2 122 123 
4 0 9 0 9 3 2 117 124 
7 0 2 0 7 0 3 115 118 120 
3 1 0 0 0 0 1 122 
2 0 9 4 0 0 1 121 
1 1 0 0 0 0 3 120 121 126 
9 1 0 0 0 0 2 119 124 
10 0 4 6 9 6 1 126 
7 0 5 0 2 0 1 125 
4 1 0 0 0 0 1 122 
3 1 0 0 0 0 1 125 
10 0 1 9 3 0 1 124 
8 0 9 9 3 7 1 127 
9 0 4 8 9 0 1 127 
10 0 1 6 4 9 1 127 
1 0 0 0 0 0 0 
1 0 0 0 0 0 3 129 130 131 
9 0 3 0 1 0 3 132 135 143 
8 0 8 7 0 0 3 133 139 141 
1 0 2 2 5 2 3 136 137 152 
6 0 5 0 0 10 1 134 
6 1 0 0 0 0 2 146 154 
5 1 0 0 0 0 3 138 144 153 
6 0 3 6 1 0 1 157 
8 0 1 0 0 9 1 140 
1 0 4 5 2 1 3 141 145 147 
6 0 9 7 0 1 1 150 
8 0 2 10 5 4 1 148 
2 0 0 7 9 2 2 146 158 
5 0 0 10 8 8 2 142 151 
5 1 0 0 0 0 1 154 
5 0 0 4 7 0 1 145 
7 1 0 0 0 0 2 149 155 
9 0 0 8 9 5 1 154 
5 0 3 0 6 2 1 157 
6 0 3 4 0 5 1 156 
1 1 0 0 0 0 1 149 
8 0 0 9 6 7 1 156 
2 0 10 0 0 7 1 158 
6 0 3 2 4 9 2 153 155 
9 0 3 10 0 2 1 155 
10 0 4 7 0 10 1 156 
2 0 9 0 7 2 1 157 
4 0 4 10 7 5 1 158 
6 0 9 5 9 6 1 159 
3 0 0 0 1 8 1 159 
4 0 0 10 0 8 1 159 
1 0 0 0 0 0 0 
1 0 0 0 0 0 3 161 162 163 
3 0 9 3 0 1 3 169 171 180 
10 0 0 0 8 9 3 169 185 186 
6 0 7 0 0 6 3 164 165 170 
9 0 3 4 7 7 3 167 175 188 
7 0 0 3 0 10 3 166 167 168 
2 0 1 9 4 10 3 173 177 178 
1 0 4 3 6 1 3 176 179 180 
6 0 4 1 0 7 3 169 171 180 
10 0 0 2 0 10 3 172 175 178 
4 0 0 0 10 7 3 171 173 175 
3 0 1 4 0 0 3 177 179 181 
9 0 3 2 1 9 3 173 177 182 
10 0 1 3 0 5 1 174 
3 0 6 0 5 4 3 176 183 188 
10 0 4 5 10 6 1 184 
6 0 1 5 4 8 1 189 
6 0 0 5 1 8 1 187 
1 1 0 0 0 0 3 182 188 190 
8 1 0 0 0 0 3 183 185 186 
4 0 0 5 0 7 3 181 183 186 
7 1 0 0 0 0 3 182 184 185 
3 0 6 5 9 7 1 189 
5 0 8 0 4 6 2 184 187 
3 0 0 9 10 8 1 190 
10 1 0 0 0 0 1 189 
6 1 0 0 0 0 1 187 
1 0 1 2 0 1 1 190 
10 0 0 3 8 9 1 191 
5 0 7 1 0 2 1 191 
6 0 7 3 10 0 1 191 
1 0 0 0 0 0 0 
1 0 0 0 0 0 3 193 194 195 
10 0 7 0 1 0 3 196 197 200 
9 0 9 4 6 7 3 198 199 200 
2 0 2 0 9 3 3 198 212 216 
3 0 0 2 0 0 3 201 204 206 
8 0 0 1 10 9 3 198 202 204 
5 0 7 0 10 4 3 214 218 222 
5 0 0 3 3 1 3 201 202 204 
7 0 0 2 1 0 2 201 203 
6 0 8 5 1 0 2 207 215 
5 0 3 0 0 8 3 203 205 214 
7 0 0 8 9 7 3 210 217 218 
2 0 6 0 9 2 2 213 214 
4 0 4 6 0 10 2 206 217 
10 1 0 0 0 0 3 207 208 211 
3 0 4 9 7 1 2 210 218 
2 1 0 0 0 0 2 209 210 
1 1 0 0 0 0 3 212 213 215 
4 0 6 4 5 6 3 212 213 216 
4 1 0 0 0 0 3 216 219 220 
4 0 2 6 3 10 1 219 
10 0 6 1 6 0 2 219 222 
10 1 0 0 0 0 2 215 217 
6 0 9 9 0 4 1 220 
2 0 9 8 10 6 1 222 
4 1 0 0 0 0 1 221 
5 0 0 10 0 3 2 220 221 
5 0 9 0 10 5 1 221 
10 0 0 5 7 0 1 223 
5 0 3 7 4 7 1 223 
1 0 8 6 5 3 1 223 
1 0 0 0 0 0 0 
1 0 0 0 0 0 3 225 226 227 
6 0 4 3 7 1 3 229 233 253 
8 0 9 7 9 4 2 238 239 
2 0 7 3 7 5 3 228 230 235 
6 0 8 10 3 6 1 243 
1 0 5 8 10 6 2 232 244 
7 0 7 10 8 9 3 231 234 239 
9 0 7 10 1 4 3 237 241 247 
1 0 4 6 8 3 3 240 241 252 
5 0 3 3 2 8 1 236 
3 0 6 1 1 7 2 236 243 
6 0 8 9 1 2 1 245 
1 0 8 3 6 3 1 248 
8 1 0 0 0 0 1 244 
5 0 6 6 1 10 1 253 
4 0 9 6 4 4 1 242 
3 0 6 3 3 8 1 251 
7 0 5 3 5 2 1 246 
7 1 0 0 0 0 2 244 246 
1 1 0 0 0 0 1 249 
1 1 0 0 0 0 1 250 
4 0 9 2 7 5 1 249 
2 0 3 7 6 8 1 254 
8 0 7 7 2 4 1 253 
4 0 7 9 8 9 1 249 
7 1 0 0 0 0 2 250 252 
5 1 0 0 0 0 1 251 
9 0 10 10 6 10 1 254 
3 0 9 8 9 2 1 255 
1 0 2 4 8 4 1 255 
9 0 3 1 2 4 1 255 
1 0 0 0 0 0 0 
1 0 0 0 0 0 3 257 258 259 
6 0 8 4 7 7 3 260 278 282 
1 0 5 1 5 1 3 262 267 271 
8 0 1 4 1 3 2 263 264 
8 0 6 2 1 9 2 261 265 
9 0 1 2 8 6 3 262 268 280 
8 1 0 0 0 0 1 275 
6 1 0 0 0 0 1 269 
5 1 0 0 0 0 3 266 277 278 
1 0 9 5 3 1 3 270 273 284 
8 0 1 10 4 6 1 286 
4 0 2 3 7 10 1 274 
3 0 2 1 10 6 1 286 
1 1 0 0 0 0 2 272 281 
3 0 5 2 6 6 2 275 276 
1 0 3 10 10 8 1 276 
6 0 10 8 4 8 1 283 
1 0 2 1 4 5 1 279 
7 0 3 9 4 7 1 280 
10 0 8 4 3 5 1 281 
4 0 10 1 7 7 1 280 
2 1 0 0 0 0 2 282 284 
10 0 3 2 8 9 1 286 
2 0 3 1 3 7 1 283 
6 1 0 0 0 0 1 281 
2 0 10 1 10 1 1 283 
3 0 4 9 4 1 1 285 
7 0 8 4 10 1 1 285 
2 0 8 10 7 3 1 287 
2 0 9 7 8 1 1 287 
1 0 9 3 6 6 1 287 
1 0 0 0 0 0 0 
1 0 0 0 0 0 3 289 290 291 
3 0 0 0 5 0 1 303 
1 0 1 0 0 0 3 292 296 307 
6 0 0 0 8 0 3 293 295 300 
6 0 7 0 0 0 3 294 304 306 
1 0 0 0 6 0 1 310 
1 0 0 0 6 0 1 299 
6 0 0 0 2 0 2 304 313 
6 0 0 2 0 0 2 297 299 
6 0 0 0 0 4 3 298 302 313 
7 0 5 0 0 0 1 315 
2 0 0 3 0 0 1 309 
8 0 10 0 0 0 2 301 309 
10 0 4 0 0 0 1 305 
3 0 0 0 6 0 1 308 
9 0 0 8 0 0 1 314 
8 0 0 0 0 10 1 314 
10 1 0 0 0 0 1 317 
8 0 1 0 0 0 1 315 
4 0 0 0 0 8 3 312 316 318 
10 0 0 0 0 3 1 309 
10 1 0 0 0 0 2 311 314 
5 0 0 0 0 1 1 315 
9 0 0 0 9 0 2 312 318 
2 0 0 7 0 0 1 317 
5 1 0 0 0 0 1 316 
4 0 0 0 2 0 1 316 
4 0 0 0 0 6 1 317 
5 0 0 8 0 0 1 319 
10 0 0 0 0 7 1 319 
8 0 0 0 4 0 1 319 
1 0 0 0 0 0 0 
1 0 0 0 0 0 3 321 322 323 
8 0 4 0 3 8 1 324 
2 0 7 0 6 0 3 324 329 332 
9 0 7 0 7 4 3 330 331 332 
1 0 0 4 0 8 3 325 326 327 
5 0 0 10 0 0 3 328 339 343 
2 0 3 0 4 0 2 328 333 
2 0 0 8 0 0 1 338 
6 0 0 0 0 1 3 341 346 350 
4 0 0 3 5 1 2 333 335 
10 0 4 0 0 6 1 350 
7 0 7 0 0 0 1 337 
7 0 7 0 4 0 3 334 340 349 
2 0 0 10 2 0 3 336 345 347 
9 1 0 0 0 0 2 335 338 
3 1 0 0 0 0 1 344 
8 0 0 0 6 6 1 341 
7 1 0 0 0 0 3 341 344 345 
4 0 9 10 9 0 3 342 343 344 
6 1 0 0 0 0 2 342 349 
9 0 0 10 4 0 2 342 343 
7 0 3 0 0 0 2 348 349 
4 0 1 3 0 2 1 346 
2 0 0 7 8 6 2 345 350 
4 0 0 0 0 4 1 346 
6 0 4 0 2 7 1 348 
4 0 10 4 0 0 1 347 
2 0 3 0 7 0 1 348 
3 0 1 9 0 0 1 351 
7 0 8 2 0 0 1 351 
2 0 5 0 0 1 1 351 
1 0 0 0 0 0 0 
1 0 0 0 0 0 3 353 354 355 
3 0 1 0 0 0 2 356 363 
8 1 0 0 0 0 2 365 377 
7 0 0 0 0 3 3 361 362 379 
9 0 0 0 2 0 3 357 359 371 
4 0 0 0 7 0 3 358 360 376 
9 1 0 0 0 0 3 366 367 372 
6 0 0 0 9 0 3 364 365 374 
8 1 0 0 0 0 3 364 369 372 
8 0 10 0 0 0 2 368 370 
10 0 0 0 1 0 2 364 371 
10 0 0 0 0 7 1 374 
5 0 0 0 2 0 1 373 
1 1 0 0 0 0 3 367 373 376 
2 0 0 4 0 0 1 380 
3 0 0 0 9 0 1 382 
1 1 0 0 0 0 2 378 381 
3 0 0 7 0 0 1 373 
8 0 0 0 0 6 3 372 375 376 
3 0 7 0 0 0 2 375 378 
9 0 0 9 0 0 2 377 381 
2 0 0 0 0 9 1 375 
2 1 0 0 0 0 2 377 379 
6 0 0 0 0 8 1 382 
3 0 0 0 3 0 2 378 381 
1 0 6 0 0 0 1 382 
10 0 2 0 0 0 1 380 
9 0 7 0 0 0 1 380 
1 0 0 0 0 1 1 383 
2 0 0 8 0 0 1 383 
1 0 0 0 0 8 1 383 
1 0 0 0 0 0 0 
73.62 81.97 64.87 64.87 73.38 85.97 145 188.09 180 154.01 135.42 122.77 119.56 110.53 114.07 125.08 176.94 189.42 212.62 209.74 167.24 142.66 124.41 109.79 109.06 98.25 87.12 79.22 87.62 100.71 130.51 178.1 180.16 151 138.14 130.43 127.56 111.36 104.08 113.69 131.21 174.14 195.52 201.62 160.44 134.69 124.61 112.33 98.12 91.75 88.61 90.83 98.41 113.84 149.38 155 176.1 154.52 134.6 130.75 125.38 114.57 117.43 133.6 145.67 156.1 207.48 205.5 171.72 168.91 115.41 103.27 115.02 103.99 101 101.67 105.24 133.12 156.21 211.3 211.26 164.94 137.61 128.02 120.26 114.13 119.25 133.11 147.91 173.27 203.35 166.67 150.3 137.32 135.94 109.11 100.01 101.82 94.42 89.17 97.26 108.12 124.6 137.56 148.83 137.21 132.05 123.08 113.87 104.64 111.11 120.01 126.01 133.43 142.08 147.2 128.07 114.46 107.99 97.07 94.68 92.77 90.41 87.98 87 87.46 91.7 100.25 115.04 109 95.48 87 84.74 82.16 84.46 92.44 112.27 134.24 141.2 140.64 121.57 109.9 104.06 97.49 102.97 100.45 100.12 99.37 98.16 98.4 98.98 100.55 109.57 112.24 103.78 97.81 100.03 100 100 109.43 124.61 140.69 156 170.38 165 147.52 139.87 127 73.62 81.97 64.87 64.87 73.38 85.97 145 188.09 180 154.01 135.42 122.77 119.56 110.53 114.07 125.08 176.94 189.42 212.62 209.74 167.24 142.66 124.41 109.79 109.06 98.25 87.12 79.22 87.62 100.71 130.51 178.1 180.16 151 138.14 130.43 127.56 111.36 104.08 113.69 131.21 174.14 195.52 201.62 160.44 134.69 124.61 112.33 98.12 91.75 88.61 90.83 98.41 113.84 149.38 155 176.1 154.52 134.6 130.75 125.38 114.57 117.43 133.6 145.67 156.1 207.48 205.5 171.72 168.91 115.41 103.27 115.02 103.99 101 101.67 105.24 133.12 156.21 211.3 211.26 164.94 137.61 128.02 120.26 114.13 119.25 133.11 147.91 173.27 203.35 166.67 150.3 137.32 135.94 109.11 100.01 101.82 94.42 89.17 97.26 108.12 124.6 137.56 148.83 137.21 132.05 123.08 113.87 104.64 111.11 120.01 126.01 133.43 142.08 147.2 128.07 114.46 107.99 97.07 94.68 92.77 90.41 87.98 87 87.46 91.7 100.25 115.04 109 95.48 87 84.74 82.16 84.46 92.44 112.27 134.24 141.2 140.64 121.57 109.9 104.06 97.49 102.97 100.45 100.12 99.37 98.16 98.4 98.98 100.55 109.57 112.24 103.78 97.81 100.03 100 100 109.43 124.61 140.69 156 170.38 165 147.52 139.87 127 73.62 81.97 64.87 64.87 73.38 85.97 145 188.09 180 154.01 135.42 122.77 119.56 110.53 114.07 125.08 176.94 189.42 212.62 209.74 167.24 142.66 124.41 109.79 109.06 98.25 87.12 79.22 87.62 100.71 130.51 178.1 180.16 151 138.14 130.43 127.56 111.36 104.08 113.69 131.21 174.14 195.52 201.62 160.44 134.69 124.61 112.33 98.12 91.75 88.61 90.83 98.41 113.84 149.38 155 176.1 154.52 134.6 130.75 125.38 114.57 117.43 133.6 145.67 156.1 207.48 205.5 171.72 168.91 115.41 103.27 115.02 103.99 101 101.67 105.24 133.12 156.21 211.3 211.26 164.94 137.61 128.02 120.26 114.13 119.25 133.11 147.91 173.27 203.35 166.67 150.3 137.32 135.94 109.11 100.01 101.82 94.42 89.17 97.26 108.12 124.6 137.56 148.83 137.21 132.05 123.08 113.87 104.64 111.11 120.01 126.01 133.43 142.08 147.2 128.07 114.46 107.99 97.07 94.68 92.77 90.41 87.98 87 87.46 91.7 100.25 115.04 109 95.48 87 84.74 82.16 84.46 92.44 112.27 134.24 141.2 140.64 121.57 109.9 104.06 97.49 102.97 100.45 100.12 99.37 98.16 98.4 98.98 100.55 109.57 112.24 103.78 97.81 100.03 100 100 109.43 124.61 140.69 156 170.38 165 147.52 139.87 127 73.62 81.97 64.87 64.87 73.38 85.97 145 188.09 180 154.01 135.42 122.77 119.56 110.53 114.07 125.08 176.94 189.42 212.62 209.74 167.24 142.66 124.41 109.79 109.06 98.25 87.12 79.22 87.62 100.71 130.51 178.1 180.16 151 138.14 130.43 127.56 111.36 104.08 113.69 131.21 174.14 195.52 201.62 160.44 134.69 124.61 112.33 98.12 91.75 88.61 90.83 98.41 113.84 149.38 155 176.1 154.52 134.6 130.75 125.38 114.57 117.43 133.6 145.67 156.1 207.48 205.5 171.72 168.91 115.41 103.27 115.02 103.99 101 101.67 105.24 133.12 156.21 211.3 211.26 164.94 137.61 128.02 120.26 114.13 119.25 133.11 147.91 173.27 203.35 166.67 150.3 137.32 135.94 109.11 100.01 101.82 94.42 89.17 97.26 108.12 124.6 137.56 148.83 137.21 132.05 123.08 113.87 104.64 111.11 120.01 126.01 133.43 142.08 147.2 128.07 114.46 107.99 97.07 94.68 92.77 90.41 87.98 87 87.46 91.7 100.25 115.04 109 95.48 87 
