384 5
1 34 41 46 37 
1 0 0 0 0 0 3 1 2 3 
1 0 1 0 0 0 2 4 8 
10 0 0 9 4 4 3 5 6 11 
4 0 0 0 9 9 1 13 
4 0 0 0 0 7 3 7 9 10 
3 0 9 0 0 0 2 17 24 
4 0 0 8 5 10 1 20 
9 1 0 0 0 0 3 12 25 28 
10 0 3 0 0 0 3 16 18 21 
2 0 3 4 5 0 1 23 
7 0 0 3 1 9 1 16 
1 0 8 0 1 7 1 22 
1 1 0 0 0 0 1 26 
2 0 9 0 5 0 1 14 
6 0 0 3 0 1 2 15 19 
10 0 10 0 5 9 3 17 26 27 
9 0 0 0 8 0 1 30 
7 0 2 0 5 0 1 28 
5 1 0 0 0 0 1 28 
1 0 0 0 10 8 1 20 
2 1 0 0 0 0 1 23 
6 0 0 0 6 6 3 23 26 29 
3 0 4 0 3 0 1 24 
2 1 0 0 0 0 1 25 
6 0 0 0 7 0 1 29 
8 0 1 4 7 0 1 27 
3 0 1 6 0 0 1 30 
3 0 0 2 0 0 1 30 
9 0 9 0 0 5 1 31 
8 0 9 0 5 5 1 31 
2 0 0 0 0 7 1 31 
1 0 0 0 0 0 0 
1 0 0 0 0 0 3 33 34 35 
7 0 0 0 0 6 3 40 41 42 
10 0 0 0 0 10 3 45 52 61 
10 0 0 2 0 0 2 36 48 
4 0 2 0 0 0 3 37 46 56 
1 0 0 10 0 0 2 38 39 
10 0 0 5 0 0 2 40 57 
5 0 0 0 0 10 2 44 52 
3 0 0 5 0 0 3 47 53 55 
3 0 3 0 0 0 1 43 
1 0 0 0 1 0 1 49 
9 0 6 0 0 0 3 49 51 59 
5 1 0 0 0 0 3 50 54 60 
6 0 0 8 0 0 3 47 54 59 
8 0 0 0 0 1 2 49 51 
4 1 0 0 0 0 1 60 
9 0 6 0 0 0 2 55 56 
3 1 0 0 0 0 2 53 55 
10 1 0 0 0 0 3 51 57 58 
10 0 0 1 0 0 1 61 
3 1 0 0 0 0 2 54 59 
7 1 0 0 0 0 1 58 
3 1 0 0 0 0 2 57 58 
4 1 0 0 0 0 1 62 
3 0 0 7 0 0 1 61 
5 0 0 3 0 0 1 62 
10 0 0 4 0 0 1 62 
1 0 0 0 0 6 1 60 
2 1 0 0 0 0 1 63 
1 0 0 0 5 0 1 63 
9 0 0 0 7 0 1 63 
1 0 0 0 0 0 0 
1 0 0 0 0 0 3 65 66 67 
8 0 8 3 3 8 2 68 78 
2 0 2 10 0 5 3 69 72 74 
9 0 3 0 10 7 3 71 73 76 
5 0 2 2 0 0 3 69 74 80 
6 0 3 0 9 0 3 70 71 73 
3 0 10 10 0 6 3 75 77 85 
3 1 0 0 0 0 3 75 81 90 
6 0 10 1 6 0 3 78 85 86 
2 0 3 10 9 0 3 77 81 86 
5 0 4 0 1 5 3 82 88 89 
2 1 0 0 0 0 2 83 93 
4 0 1 4 5 0 3 78 79 91 
5 1 0 0 0 0 2 82 87 
8 0 6 3 8 0 3 84 93 94 
10 1 0 0 0 0 3 82 83 88 
7 0 0 8 10 7 3 81 83 87 
8 0 7 9 2 5 2 85 89 
3 1 0 0 0 0 2 84 90 
5 0 9 0 3 6 2 84 86 
10 0 5 7 0 3 1 92 
7 0 8 5 5 1 1 91 
5 0 0 0 9 0 1 89 
7 0 8 9 9 2 3 88 90 91 
8 0 0 4 0 6 1 93 
10 0 2 3 0 3 2 92 94 
2 0 5 4 7 0 1 92 
5 0 4 0 1 4 1 94 
5 0 6 6 2 5 1 95 
3 0 10 9 7 1 1 95 
2 0 5 5 4 6 1 95 
1 0 0 0 0 0 0 
1 0 0 0 0 0 3 97 98 99 
4 0 0 6 0 5 2 112 122 
8 0 0 3 0 0 3 101 102 103 
3 0 4 0 1 8 3 100 120 122 
1 0 0 1 6 0 2 113 116 
3 0 0 1 0 8 3 104 111 117 
8 0 0 0 3 0 3 104 107 110 
4 0 6 3 0 10 3 105 109 119 
4 1 0 0 0 0 3 106 108 109 
1 0 0 7 0 3 2 107 110 
8 1 0 0 0 0 2 115 125 
10 1 0 0 0 0 3 113 114 122 
9 0 0 0 0 5 1 114 
10 0 0 0 3 0 1 113 
5 0 0 9 0 8 2 111 115 
9 0 0 0 2 0 1 121 
6 0 3 0 8 1 3 115 116 121 
3 0 4 9 5 0 2 123 125 
2 0 4 7 0 4 1 124 
7 0 0 1 0 8 1 123 
10 0 0 5 9 6 1 118 
4 0 0 0 5 8 2 119 120 
6 0 8 5 5 0 1 119 
10 0 7 7 5 0 1 123 
8 1 0 0 0 0 2 121 125 
3 0 2 0 0 4 2 124 126 
6 0 2 2 0 2 1 124 
5 0 0 5 0 5 1 126 
8 0 0 9 6 0 1 127 
7 0 0 0 0 8 1 127 
2 0 9 0 0 0 1 127 
1 0 0 0 0 0 0 
1 0 0 0 0 0 3 129 130 131 
7 0 1 7 3 0 3 133 134 135 
10 0 0 5 0 9 1 132 
3 0 0 0 0 9 3 136 137 152 
1 0 2 0 10 5 1 139 
10 1 0 0 0 0 3 142 153 156 
10 0 0 0 3 1 3 138 146 147 
1 0 6 0 4 0 3 144 148 151 
9 0 6 0 9 3 1 150 
3 0 0 0 0 8 3 140 141 147 
10 0 0 7 0 3 3 144 149 157 
6 0 7 0 0 0 3 141 145 147 
4 0 7 4 0 0 3 142 143 151 
6 0 0 8 0 10 3 142 143 156 
3 1 0 0 0 0 1 158 
9 0 0 8 0 5 1 153 
4 0 0 7 0 0 1 155 
9 0 7 8 4 0 2 149 152 
4 0 0 6 0 0 3 148 152 155 
1 1 0 0 0 0 2 150 158 
2 0 0 0 0 7 1 149 
4 0 3 7 0 0 1 153 
5 1 0 0 0 0 1 154 
3 0 0 8 0 1 2 154 157 
3 0 0 1 4 7 1 157 
4 0 9 4 0 7 1 158 
4 0 0 9 0 10 1 155 
2 0 10 3 0 0 1 156 
10 0 7 2 0 9 1 159 
8 0 5 4 3 0 1 159 
9 0 0 3 0 6 1 159 
1 0 0 0 0 0 0 
1 0 0 0 0 0 3 161 162 163 
7 0 1 10 9 9 3 165 166 170 
3 0 6 5 5 10 3 164 167 169 
6 0 4 5 4 1 3 171 172 176 
3 0 5 7 3 6 1 175 
3 0 7 10 5 8 2 168 173 
3 0 10 6 7 2 1 171 
10 0 6 9 9 2 1 183 
1 0 3 5 3 4 2 179 187 
5 0 3 4 5 6 2 178 184 
4 0 8 4 8 8 1 186 
5 0 7 7 9 2 1 182 
5 0 4 5 9 8 1 182 
8 0 5 5 5 5 2 174 181 
9 1 0 0 0 0 2 177 180 
5 0 5 5 2 6 2 179 181 
8 0 1 10 8 8 1 177 
10 0 6 2 8 5 1 185 
10 0 2 4 9 1 1 189 
10 1 0 0 0 0 1 186 
2 1 0 0 0 0 1 187 
3 1 0 0 0 0 1 184 
9 0 5 10 1 3 2 184 190 
5 0 2 4 2 3 2 188 190 
1 0 6 9 3 9 1 187 
8 0 9 4 6 1 1 189 
6 0 7 1 6 3 2 188 190 
7 0 2 8 1 3 1 189 
1 0 8 4 7 2 1 191 
3 0 6 6 2 3 1 191 
3 0 3 8 10 4 1 191 
1 0 0 0 0 0 0 
1 0 0 0 0 0 3 193 194 195 
6 0 0 0 6 0 3 196 198 201 
10 0 2 0 0 0 2 212 218 
8 0 0 1 0 0 1 199 
7 0 2 0 0 0 2 197 200 
2 0 4 0 0 0 2 206 220 
4 0 0 0 0 9 2 202 211 
1 0 10 0 0 0 3 209 210 213 
4 0 0 0 0 4 1 203 
7 0 0 3 0 0 3 204 215 216 
9 0 0 0 0 5 2 205 214 
6 1 0 0 0 0 1 215 
2 0 0 0 2 0 1 211 
6 0 3 0 0 0 1 213 
6 0 0 0 1 0 3 207 208 219 
7 0 10 0 0 0 1 222 
4 1 0 0 0 0 2 209 217 
3 1 0 0 0 0 1 221 
9 0 0 9 0 0 1 211 
1 1 0 0 0 0 1 221 
4 0 3 0 0 0 1 214 
7 0 0 0 9 0 1 219 
2 1 0 0 0 0 1 219 
5 1 0 0 0 0 2 218 221 
8 0 0 5 0 0 1 217 
1 0 0 0 0 9 1 218 
6 0 0 0 0 6 1 222 
9 0 6 0 0 0 1 222 
8 0 0 0 9 0 1 223 
8 0 0 0 0 3 1 223 
6 0 0 0 8 0 1 223 
1 0 0 0 0 0 0 
1 0 0 0 0 0 3 225 226 227 
1 0 1 0 0 0 2 228 232 
10 0 0 9 4 4 3 229 230 235 
4 0 0 0 9 9 1 237 
4 0 0 0 0 7 3 231 233 234 
3 0 9 0 0 0 2 241 248 
4 0 0 8 5 10 1 244 
9 0 1 0 4 0 3 236 249 252 
10 0 3 0 0 0 3 240 242 245 
2 0 3 4 5 0 1 247 
7 0 0 3 1 9 1 240 
1 0 8 0 1 7 1 246 
1 1 0 0 0 0 1 250 
2 0 9 0 5 0 1 238 
6 0 0 3 0 1 2 239 243 
10 0 10 0 5 9 3 241 250 251 
9 0 0 0 8 0 1 254 
7 0 2 0 5 0 1 252 
5 1 0 0 0 0 1 252 
1 1 0 0 0 0 1 244 
2 1 0 0 0 0 1 247 
6 1 0 0 0 0 3 247 250 253 
3 0 4 0 3 0 1 248 
2 0 8 9 0 7 1 249 
6 0 0 0 7 0 1 253 
8 0 1 4 7 0 1 251 
3 0 1 6 0 0 1 254 
3 0 0 2 0 0 1 254 
9 0 9 0 0 5 1 255 
8 0 9 0 5 5 1 255 
2 0 0 0 0 7 1 255 
1 0 0 0 0 0 0 
1 0 0 0 0 0 3 257 258 259 
7 0 6 3 5 0 2 270 271 
9 0 2 7 7 0 3 260 268 283 
7 0 3 0 8 6 3 261 262 265 
1 0 3 5 6 9 2 263 275 
1 0 2 1 4 6 1 271 
5 0 7 5 0 7 3 264 270 281 
10 0 0 5 8 0 3 267 269 278 
3 0 10 5 7 9 3 268 273 283 
10 0 1 5 5 4 3 266 273 283 
1 0 10 5 0 1 3 272 275 277 
4 1 0 0 0 0 1 277 
5 1 0 0 0 0 3 269 276 285 
7 1 0 0 0 0 1 279 
6 0 2 9 2 6 2 272 280 
6 0 6 9 4 0 2 273 275 
9 0 0 2 0 8 2 284 286 
9 0 0 0 3 10 2 274 276 
10 0 8 0 2 3 2 282 285 
5 1 0 0 0 0 1 284 
6 1 0 0 0 0 2 280 284 
10 0 5 0 0 7 2 281 282 
3 0 2 9 5 10 1 281 
4 0 3 0 8 6 1 280 
7 0 5 3 7 0 1 282 
8 0 0 0 8 3 1 286 
6 0 0 4 6 1 1 286 
8 1 0 0 0 0 1 285 
8 0 1 5 6 2 1 287 
3 0 10 10 6 0 1 287 
1 0 5 7 0 8 1 287 
1 0 0 0 0 0 0 
1 0 0 0 0 0 3 289 290 291 
1 0 6 7 0 0 3 293 297 298 
2 0 0 6 3 10 3 292 294 318 
10 0 0 1 3 10 3 295 301 307 
9 0 0 3 7 5 3 296 299 317 
5 0 3 6 4 6 1 316 
7 0 0 3 0 3 2 309 310 
3 0 6 10 4 0 2 300 303 
8 0 0 4 3 4 2 302 313 
2 0 6 4 6 1 2 304 305 
3 0 4 1 2 8 1 306 
1 0 0 1 1 3 2 302 315 
2 0 8 1 7 4 2 304 306 
9 0 2 8 1 0 2 302 304 
5 0 6 0 1 6 1 309 
2 1 0 0 0 0 3 305 306 312 
4 1 0 0 0 0 2 308 310 
4 1 0 0 0 0 3 313 314 317 
5 0 7 2 4 3 1 311 
7 0 1 0 9 0 3 310 311 317 
10 1 0 0 0 0 3 311 312 318 
8 0 7 4 0 9 1 314 
6 1 0 0 0 0 1 312 
5 1 0 0 0 0 1 315 
5 1 0 0 0 0 2 313 314 
10 0 0 7 0 7 1 315 
2 0 9 4 10 6 1 316 
5 0 3 10 0 0 1 316 
10 0 0 0 4 1 1 319 
9 0 10 1 5 9 1 319 
3 0 7 10 0 1 1 319 
1 0 0 0 0 0 0 
1 0 0 0 0 0 3 321 322 323 
2 0 0 0 4 0 1 347 
3 0 2 0 1 1 1 331 
7 0 0 10 10 0 3 324 325 330 
1 0 6 9 4 0 2 327 333 
8 0 4 0 8 0 1 326 
3 1 0 0 0 0 1 346 
3 0 0 0 2 8 3 328 329 331 
2 0 0 5 0 6 1 335 
9 0 10 4 0 7 2 332 336 
10 0 7 0 0 4 1 348 
8 0 0 8 0 1 2 338 339 
6 1 0 0 0 0 2 339 345 
3 0 0 1 0 10 1 334 
1 0 0 0 0 8 3 338 343 345 
9 0 0 8 1 0 3 336 337 340 
7 0 5 2 4 0 1 346 
4 0 10 5 0 2 1 349 
1 0 0 1 5 0 1 344 
5 0 0 0 3 4 3 341 342 344 
9 0 10 5 0 10 2 342 343 
4 0 0 0 0 10 1 349 
7 0 3 6 0 0 1 350 
6 0 5 7 6 0 1 346 
5 0 3 7 0 0 1 350 
7 0 0 3 0 10 1 348 
1 0 4 0 0 0 1 349 
6 0 0 2 0 0 1 348 
4 0 6 0 0 7 1 351 
5 0 0 2 0 3 1 351 
3 0 5 0 9 6 1 351 
1 0 0 0 0 0 0 
1 0 0 0 0 0 3 353 354 355 
8 0 0 9 0 0 2 357 361 
3 0 0 4 0 8 3 356 358 367 
5 0 0 4 0 0 3 357 359 360 
7 0 9 0 8 0 3 357 360 366 
4 0 9 3 0 3 3 363 365 382 
8 0 0 0 0 1 2 362 372 
8 0 1 4 0 5 3 361 368 370 
4 0 1 4 0 0 2 363 364 
6 0 8 0 0 8 3 366 369 371 
8 0 7 7 0 0 3 374 378 382 
8 0 5 5 1 1 2 370 372 
2 0 10 0 5 1 3 365 368 379 
10 0 0 0 1 10 3 370 371 373 
9 0 0 5 8 0 3 373 375 382 
8 0 0 4 10 0 3 368 371 379 
7 0 4 0 0 0 3 369 376 377 
7 0 8 0 0 0 2 378 380 
3 1 0 0 0 0 1 375 
9 0 7 8 0 0 3 374 375 377 
4 1 0 0 0 0 3 373 379 380 
2 1 0 0 0 0 2 374 377 
4 0 3 0 0 0 1 376 
6 0 5 5 0 0 2 376 380 
2 0 5 0 10 7 1 381 
10 0 0 0 5 0 1 378 
9 0 0 2 8 8 1 381 
10 0 0 7 10 0 1 381 
6 0 0 0 9 5 1 383 
2 0 4 8 0 0 1 383 
6 1 0 0 0 0 1 383 
1 0 0 0 0 0 0 
68.3 62.68 59.91 59.39 64.4 80.43 104.77 130.48 130 122.16 115.04 111.39 107.25 116.21 123.49 130 136.85 144.55 139.98 130 120 107.01 108.05 97.76 102.75 98.2 96.12 91.17 95.75 101.04 122.46 135.74 141.88 136.92 135 134.72 139.37 139.2 138.38 141.45 142.72 146.64 142.08 132.35 124.79 110.52 110.91 98.04 98 95.01 95.01 92 92.48 94.73 119.92 139.33 150.59 131.54 115.28 104 96.27 106.12 121.81 125.57 131.9 134.1 129.89 119.32 107.19 90.83 91.13 75.07 64.97 46.05 41.12 30.13 58.92 70.41 130.61 124.76 125.57 101.84 89.06 85.9 85 91.21 95 100.1 95.11 105 98.65 114.63 87 72.31 72.15 19.56 11.39 11.26 4.38 2.29 8 32.97 83.69 105.31 117.37 105.17 100 93.71 89.68 90.13 102 109.46 113.02 107.69 109.44 102 89.16 79.09 80.38 76.1 78.07 74.03 72.07 71.61 69.99 74.19 79.81 87.08 94.29 91.63 89.17 87.06 84.72 82.98 90.09 97.02 115.06 124.1 127.56 127.2 121.38 114.28 102.41 89.57 72.58 83.37 76.87 74.67 76.85 76.57 82.01 80.19 78.8 83.95 75.19 93.19 88.98 99.02 115.1 123.26 134.15 143.82 148.59 143.3 135.91 122.41 118.99 99.66 68.3 62.68 59.91 59.39 64.4 80.43 104.77 130.48 130 122.16 115.04 111.39 107.25 116.21 123.49 130 136.85 144.55 139.98 130 120 107.01 108.05 97.76 102.75 98.2 96.12 91.17 95.75 101.04 122.46 135.74 141.88 136.92 135 134.72 139.37 139.2 138.38 141.45 142.72 146.64 142.08 132.35 124.79 110.52 110.91 98.04 98 95.01 95.01 92 92.48 94.73 119.92 139.33 150.59 131.54 115.28 104 96.27 106.12 121.81 125.57 131.9 134.1 129.89 119.32 107.19 90.83 91.13 75.07 64.97 46.05 41.12 30.13 58.92 70.41 130.61 124.76 125.57 101.84 89.06 85.9 85 91.21 95 100.1 95.11 105 98.65 114.63 87 72.31 72.15 19.56 11.39 11.26 4.38 2.29 8 32.97 83.69 105.31 117.37 105.17 100 93.71 89.68 90.13 102 109.46 113.02 107.69 109.44 102 89.16 79.09 80.38 76.1 78.07 74.03 72.07 71.61 69.99 74.19 79.81 87.08 94.29 91.63 89.17 87.06 84.72 82.98 90.09 97.02 115.06 124.1 127.56 127.2 121.38 114.28 102.41 89.57 72.58 83.37 76.87 74.67 76.85 76.57 82.01 80.19 78.8 83.95 75.19 93.19 88.98 99.02 115.1 123.26 134.15 143.82 148.59 143.3 135.91 122.41 118.99 99.66 68.3 62.68 59.91 59.39 64.4 80.43 104.77 130.48 130 122.16 115.04 111.39 107.25 116.21 123.49 130 136.85 144.55 139.98 130 120 107.01 108.05 97.76 102.75 98.2 96.12 91.17 95.75 101.04 122.46 135.74 141.88 136.92 135 134.72 139.37 139.2 138.38 141.45 142.72 146.64 142.08 132.35 124.79 110.52 110.91 98.04 98 95.01 95.01 92 92.48 94.73 119.92 139.33 150.59 131.54 115.28 104 96.27 106.12 121.81 125.57 131.9 134.1 129.89 119.32 107.19 90.83 91.13 75.07 64.97 46.05 41.12 30.13 58.92 70.41 130.61 124.76 125.57 101.84 89.06 85.9 85 91.21 95 100.1 95.11 105 98.65 114.63 87 72.31 72.15 19.56 11.39 11.26 4.38 2.29 8 32.97 83.69 105.31 117.37 105.17 100 93.71 89.68 90.13 102 109.46 113.02 107.69 109.44 102 89.16 79.09 80.38 76.1 78.07 74.03 72.07 71.61 69.99 74.19 79.81 87.08 94.29 91.63 89.17 87.06 84.72 82.98 90.09 97.02 115.06 124.1 127.56 127.2 121.38 114.28 102.41 89.57 72.58 83.37 76.87 74.67 76.85 76.57 82.01 80.19 78.8 83.95 75.19 93.19 88.98 99.02 115.1 123.26 134.15 143.82 148.59 143.3 135.91 122.41 118.99 99.66 68.3 62.68 59.91 59.39 64.4 80.43 104.77 130.48 130 122.16 115.04 111.39 107.25 116.21 123.49 130 136.85 144.55 139.98 130 120 107.01 108.05 97.76 102.75 98.2 96.12 91.17 95.75 101.04 122.46 135.74 141.88 136.92 135 134.72 139.37 139.2 138.38 141.45 142.72 146.64 142.08 132.35 124.79 110.52 110.91 98.04 98 95.01 95.01 92 92.48 94.73 119.92 139.33 150.59 131.54 115.28 104 96.27 106.12 121.81 125.57 131.9 134.1 129.89 119.32 107.19 90.83 91.13 75.07 64.97 46.05 41.12 30.13 58.92 70.41 130.61 124.76 125.57 101.84 89.06 85.9 
