384 5
1 43 40 44 42 
1 0 0 0 0 0 3 1 2 3 
1 0 2 1 3 7 3 7 9 11 
5 0 7 3 4 10 2 4 5 
1 0 7 6 10 1 3 6 7 14 
9 0 4 8 4 10 2 10 12 
4 0 3 9 7 10 3 10 15 26 
6 0 3 9 10 9 3 11 15 18 
3 0 8 9 10 9 1 8 
8 0 3 7 4 9 3 13 20 26 
10 0 4 3 6 4 1 17 
4 1 0 0 0 0 3 14 22 24 
6 0 9 6 5 10 1 21 
10 0 2 7 9 1 3 16 21 28 
9 0 10 5 4 10 3 15 24 29 
5 1 0 0 0 0 1 27 
1 1 0 0 0 0 1 27 
10 1 0 0 0 0 3 18 22 23 
2 0 5 7 9 2 2 19 23 
4 0 10 2 2 9 2 20 25 
4 1 0 0 0 0 3 24 25 30 
7 0 8 5 7 3 1 30 
3 0 7 5 10 5 1 22 
8 0 7 5 10 10 1 25 
9 0 8 1 1 4 2 26 29 
7 0 7 10 6 10 1 27 
7 0 6 6 7 8 1 29 
2 0 10 9 7 10 1 30 
9 0 8 2 9 2 1 28 
6 0 7 6 2 9 1 31 
5 0 1 8 8 8 1 31 
5 0 10 3 1 4 1 31 
1 0 0 0 0 0 0 
1 0 0 0 0 0 3 33 34 35 
7 0 3 8 4 4 3 36 40 46 
10 0 9 9 9 8 2 39 41 
7 0 9 4 4 2 3 37 38 53 
9 0 3 1 8 1 3 47 49 57 
2 0 4 9 9 6 1 55 
3 0 7 4 9 6 3 44 45 48 
8 0 7 1 5 9 2 42 56 
2 0 2 6 2 5 1 43 
3 0 7 10 8 7 1 49 
6 0 3 9 7 1 1 50 
8 0 10 6 9 10 2 51 62 
9 0 2 10 9 8 1 56 
2 0 7 5 5 4 2 46 50 
3 0 4 8 6 2 2 54 60 
8 0 1 6 2 8 1 55 
6 1 0 0 0 0 1 60 
9 1 0 0 0 0 1 58 
8 1 0 0 0 0 2 52 61 
1 0 5 7 5 8 1 55 
2 0 9 1 9 7 2 58 59 
7 0 9 1 8 6 1 57 
10 0 6 6 8 5 1 61 
1 0 3 8 1 3 1 58 
1 0 3 8 9 4 1 61 
5 1 0 0 0 0 1 59 
7 0 2 4 2 5 1 60 
6 0 10 5 9 1 1 62 
3 0 9 1 4 7 1 63 
5 0 5 7 2 2 1 63 
1 0 8 3 1 9 1 63 
1 0 0 0 0 0 0 
1 0 0 0 0 0 3 65 66 67 
3 0 0 0 5 0 1 79 
1 0 1 0 0 0 3 68 72 83 
6 0 0 0 8 0 3 69 71 76 
6 0 7 0 0 0 3 70 80 82 
1 0 0 0 6 0 1 86 
1 0 0 0 6 0 1 75 
6 0 0 0 2 0 2 80 89 
6 0 0 2 0 0 2 73 75 
6 0 0 0 0 4 3 74 78 89 
7 0 5 0 0 0 1 91 
2 0 0 3 0 0 1 85 
8 0 10 0 0 0 2 77 85 
10 0 4 0 0 0 1 81 
3 0 0 0 6 0 1 84 
9 0 0 8 0 0 1 90 
8 0 0 0 0 10 1 90 
10 1 0 0 0 0 1 93 
8 0 1 0 0 0 1 91 
4 0 0 0 0 8 3 88 92 94 
10 0 0 0 0 3 1 85 
10 1 0 0 0 0 2 87 90 
5 0 0 0 0 1 1 91 
9 0 0 0 9 0 2 88 94 
2 0 0 7 0 0 1 93 
5 1 0 0 0 0 1 92 
4 0 0 0 2 0 1 92 
4 0 0 0 0 6 1 93 
5 0 0 8 0 0 1 95 
10 0 0 0 0 7 1 95 
8 0 0 0 4 0 1 95 
1 0 0 0 0 0 0 
1 0 0 0 0 0 3 97 98 99 
6 0 2 0 10 0 2 101 123 
2 0 9 0 3 2 1 112 
8 0 2 3 0 0 3 100 103 104 
2 0 0 8 0 0 2 106 116 
6 0 4 5 0 1 2 102 110 
4 0 1 0 7 0 2 105 115 
5 0 0 0 0 4 2 107 114 
3 0 9 10 5 2 2 120 125 
10 0 0 0 2 0 2 111 113 
2 0 1 8 1 0 1 109 
7 0 1 0 1 0 1 108 
4 1 0 0 0 0 2 113 121 
3 0 6 0 8 0 2 113 124 
9 0 0 10 2 7 1 114 
3 1 0 0 0 0 1 119 
6 0 0 7 0 0 1 121 
1 0 8 0 0 0 1 125 
3 1 0 0 0 0 1 118 
6 0 0 1 0 0 2 118 120 
1 0 0 8 0 2 2 117 118 
10 0 10 3 0 0 2 120 124 
3 0 0 0 5 9 1 125 
6 1 0 0 0 0 2 121 122 
5 1 0 0 0 0 1 122 
10 0 0 4 6 0 1 126 
6 0 0 2 4 0 1 126 
8 0 3 10 4 0 1 124 
10 0 9 6 3 0 1 127 
8 1 0 0 0 0 1 127 
10 0 0 0 0 4 1 127 
1 0 0 0 0 0 0 
1 0 0 0 0 0 3 129 130 131 
5 0 9 5 5 4 2 136 148 
5 0 1 3 10 4 3 133 134 137 
9 0 10 1 7 5 2 132 142 
9 0 3 8 3 2 3 135 140 143 
2 0 1 10 2 5 2 140 152 
6 0 5 1 2 3 3 138 139 147 
4 0 9 8 2 5 1 149 
1 0 1 1 10 6 3 151 155 157 
2 0 6 1 9 6 1 142 
6 0 3 10 4 9 1 149 
10 0 3 9 8 7 3 140 141 144 
2 1 0 0 0 0 2 149 156 
10 1 0 0 0 0 3 150 151 155 
9 0 3 9 7 2 2 145 150 
2 1 0 0 0 0 3 146 148 150 
4 1 0 0 0 0 3 145 148 153 
4 1 0 0 0 0 2 146 155 
3 1 0 0 0 0 1 151 
4 0 4 5 10 8 1 157 
6 0 6 4 9 3 2 152 154 
1 1 0 0 0 0 1 153 
9 0 4 6 8 6 1 158 
5 0 4 1 10 8 2 152 158 
7 0 2 10 7 4 1 156 
7 0 8 2 7 9 1 154 
10 0 4 9 9 2 1 157 
4 0 2 10 10 8 2 156 158 
2 0 4 4 7 10 1 159 
1 0 3 6 6 8 1 159 
3 0 5 8 10 2 1 159 
1 0 0 0 0 0 0 
1 0 0 0 0 0 3 161 162 163 
10 0 0 9 0 0 2 174 175 
9 0 2 0 0 0 3 164 166 167 
3 0 0 6 0 0 1 165 
5 0 3 0 0 0 3 169 176 188 
5 0 0 0 4 0 3 168 169 173 
1 0 0 0 4 0 1 172 
1 0 0 7 0 0 2 168 171 
5 0 0 0 10 0 3 170 179 185 
5 0 0 5 0 0 1 175 
6 1 0 0 0 0 1 182 
4 0 6 0 0 0 3 172 174 176 
10 1 0 0 0 0 2 177 182 
4 0 0 4 0 0 3 179 181 186 
10 0 0 0 0 7 3 178 180 184 
1 1 0 0 0 0 2 184 190 
5 1 0 0 0 0 3 177 180 189 
4 0 0 5 0 0 1 179 
8 0 0 0 0 6 3 183 185 188 
3 0 0 0 5 0 1 190 
8 0 0 10 0 0 1 185 
4 0 0 6 0 0 2 183 187 
1 0 0 0 4 0 3 183 184 187 
4 0 0 0 1 0 1 189 
4 0 0 10 0 0 1 189 
1 0 0 8 0 0 1 190 
7 0 0 0 7 0 1 187 
4 0 0 0 0 6 1 188 
2 0 0 0 0 10 1 191 
1 0 0 4 0 0 1 191 
2 0 0 0 0 5 1 191 
1 0 0 0 0 0 0 
1 0 0 0 0 0 3 193 194 195 
2 0 5 6 8 9 3 199 209 212 
10 0 6 9 1 7 3 202 206 214 
4 0 3 8 2 8 3 196 198 201 
5 0 3 8 6 9 2 197 214 
8 0 9 8 1 1 3 200 204 206 
9 0 8 1 10 5 3 205 207 211 
2 0 10 3 7 6 3 211 213 219 
1 1 0 0 0 0 3 202 210 215 
3 0 10 4 6 1 3 202 204 206 
1 0 8 9 10 1 3 203 205 219 
5 1 0 0 0 0 3 207 208 220 
8 0 5 10 10 8 3 207 210 215 
5 0 4 8 3 5 2 209 217 
6 1 0 0 0 0 3 208 210 219 
8 0 6 10 6 2 2 212 222 
9 1 0 0 0 0 3 209 211 216 
8 0 1 5 4 7 1 222 
2 1 0 0 0 0 3 212 216 217 
3 0 3 9 10 1 1 221 
8 0 1 10 4 8 1 218 
4 0 3 3 2 5 2 214 215 
1 1 0 0 0 0 2 217 218 
2 0 6 9 4 1 1 216 
5 0 9 8 2 2 1 218 
5 0 10 2 2 5 2 220 221 
3 0 10 5 4 7 1 221 
10 0 6 1 7 6 2 220 222 
6 0 8 8 6 5 1 223 
3 0 10 8 3 4 1 223 
6 0 7 3 2 6 1 223 
1 0 0 0 0 0 0 
1 0 0 0 0 0 3 225 226 227 
2 0 7 3 5 0 3 229 231 234 
8 0 0 6 0 3 3 228 230 237 
7 0 1 4 8 5 3 234 239 240 
8 1 0 0 0 0 2 235 246 
3 0 6 2 0 7 2 247 249 
5 0 3 5 0 4 2 243 245 
9 0 0 0 10 3 3 232 233 240 
7 1 0 0 0 0 2 236 247 
8 0 10 10 8 0 3 238 239 247 
8 0 6 4 0 1 1 238 
4 1 0 0 0 0 3 243 245 254 
10 0 8 6 6 0 1 246 
5 0 4 0 10 7 1 248 
7 1 0 0 0 0 2 244 245 
10 1 0 0 0 0 3 241 246 252 
3 1 0 0 0 0 1 249 
1 0 2 6 5 5 2 242 244 
1 0 0 8 8 10 1 253 
7 0 4 4 7 4 2 248 252 
8 0 9 0 6 9 1 250 
4 0 10 3 7 0 1 251 
1 0 0 0 7 9 2 248 254 
1 0 9 0 0 3 2 250 251 
2 0 7 0 8 7 1 253 
2 0 0 2 5 7 2 250 251 
4 0 7 6 7 8 2 253 254 
8 0 4 0 9 2 1 252 
1 0 2 9 4 10 1 255 
2 0 3 0 1 4 1 255 
3 0 0 2 0 1 1 255 
1 0 0 0 0 0 0 
1 0 0 0 0 0 3 257 258 259 
5 0 5 10 9 7 3 262 266 267 
2 0 10 4 1 9 3 260 261 284 
7 0 4 5 4 6 2 264 265 
4 0 0 6 2 0 1 271 
1 0 9 0 0 8 1 285 
3 0 5 5 0 9 3 263 280 281 
9 0 7 0 7 1 1 276 
8 0 7 0 3 0 1 274 
10 0 9 8 0 7 1 270 
10 0 0 5 0 8 1 277 
8 0 0 0 1 9 2 268 269 
9 0 1 9 6 0 1 275 
10 0 1 3 10 8 1 273 
4 0 9 10 8 10 3 272 273 282 
9 0 7 1 5 9 1 280 
6 1 0 0 0 0 1 278 
3 1 0 0 0 0 3 277 283 286 
9 0 8 0 9 0 2 278 281 
8 0 0 1 4 7 1 280 
4 0 3 0 1 0 2 278 282 
3 0 8 7 9 7 1 279 
4 1 0 0 0 0 1 284 
9 0 4 8 7 4 1 285 
9 0 10 0 2 7 2 282 285 
5 1 0 0 0 0 1 286 
4 0 4 4 7 8 1 286 
7 1 0 0 0 0 1 284 
7 0 0 1 8 1 1 287 
1 0 9 10 1 4 1 287 
9 0 2 3 0 0 1 287 
1 0 0 0 0 0 0 
1 0 0 0 0 0 3 289 290 291 
6 0 6 0 0 0 3 292 297 304 
6 0 8 0 0 0 3 293 294 296 
4 0 7 0 0 0 3 295 300 317 
1 0 1 0 0 0 3 294 303 312 
9 0 7 0 0 0 3 301 305 307 
5 0 0 7 0 0 2 298 306 
7 0 0 0 4 0 3 298 302 307 
8 0 0 0 0 7 3 297 305 312 
10 0 1 0 0 0 3 299 311 317 
3 0 5 0 0 0 2 299 308 
10 1 0 0 0 0 3 301 309 310 
4 0 0 0 1 0 2 301 302 
4 1 0 0 0 0 2 313 315 
9 0 0 0 6 0 3 304 310 311 
8 0 1 0 0 0 3 305 307 310 
1 0 0 10 0 0 3 308 309 312 
1 0 0 0 5 0 3 306 311 316 
3 0 0 0 6 0 2 317 318 
3 0 0 0 0 5 3 308 309 314 
1 1 0 0 0 0 1 318 
1 1 0 0 0 0 1 315 
1 1 0 0 0 0 2 313 315 
3 0 0 0 0 7 1 314 
8 0 0 3 0 0 1 313 
9 0 0 0 0 8 2 314 316 
7 0 0 6 0 0 1 318 
4 0 0 0 5 0 1 316 
5 0 0 0 0 9 1 319 
10 1 0 0 0 0 1 319 
7 0 0 0 2 0 1 319 
1 0 0 0 0 0 0 
1 0 0 0 0 0 3 321 322 323 
9 0 1 6 2 3 3 326 338 349 
4 0 5 2 10 6 2 325 331 
9 0 2 3 3 9 3 324 328 339 
8 0 6 4 7 1 3 329 336 342 
4 0 2 6 8 9 3 332 333 339 
2 0 7 7 5 6 1 327 
4 0 9 6 9 10 3 330 334 344 
2 0 8 5 2 6 3 333 334 343 
4 0 1 4 1 10 3 335 337 348 
7 0 9 9 8 9 3 335 339 340 
5 1 0 0 0 0 2 345 349 
10 0 5 7 3 2 1 346 
5 0 4 7 6 4 1 336 
2 0 4 2 2 10 3 340 341 342 
9 1 0 0 0 0 2 341 343 
10 1 0 0 0 0 1 350 
3 0 1 9 3 7 3 340 341 343 
9 0 3 3 7 3 3 344 345 348 
10 0 8 10 6 10 1 348 
6 0 7 4 4 4 1 350 
8 0 1 3 1 7 1 345 
9 0 6 4 8 1 1 347 
1 1 0 0 0 0 1 346 
1 1 0 0 0 0 1 347 
6 0 7 4 8 10 1 346 
9 0 10 9 6 10 1 347 
6 0 7 8 3 1 1 350 
3 0 2 1 9 7 1 351 
10 0 2 5 6 1 1 351 
2 0 5 5 2 8 1 351 
1 0 0 0 0 0 0 
1 0 0 0 0 0 3 353 354 355 
7 0 3 10 4 4 3 356 366 372 
10 0 5 8 9 8 3 358 359 365 
2 0 4 4 3 9 3 362 365 375 
6 0 7 5 9 10 3 357 360 361 
8 0 4 7 3 4 3 359 364 381 
1 0 2 6 9 7 3 364 366 372 
8 0 3 7 9 8 2 367 369 
1 0 10 4 8 3 3 362 367 371 
7 0 10 10 3 1 3 363 369 370 
4 0 4 1 4 5 3 368 374 377 
6 1 0 0 0 0 3 364 365 373 
4 1 0 0 0 0 2 367 382 
9 1 0 0 0 0 3 374 378 380 
10 0 8 1 3 9 3 369 370 371 
1 1 0 0 0 0 1 368 
7 0 10 2 8 5 1 380 
8 0 6 3 3 8 3 375 376 377 
6 0 7 9 1 5 3 373 378 379 
2 1 0 0 0 0 2 376 379 
5 0 6 5 9 1 3 373 374 378 
6 1 0 0 0 0 3 375 376 377 
2 0 2 10 8 4 1 379 
2 0 10 10 7 7 1 380 
6 0 6 7 9 5 1 382 
9 0 8 6 4 7 1 382 
4 0 7 5 7 7 1 381 
10 0 2 10 9 4 1 381 
3 0 7 9 6 6 1 383 
5 0 10 4 6 4 1 383 
8 0 9 4 4 9 1 383 
1 0 0 0 0 0 0 
139.91 132.08 132.05 129.04 132.36 137.26 163.19 196.08 224.26 196.2 173.35 153.92 141.46 139.19 143.27 155.69 167.56 170.85 221.8 206.55 187.86 168.22 160.97 150.12 135.62 132.32 132.16 132.12 132.32 141.93 160.4 199.99 206.98 180.6 148.46 143.44 132.73 131.35 134.43 144.38 160.72 181.27 199.99 192.97 175.81 160.09 151.03 141.73 136.25 130.95 130 130.01 131.71 144.06 163.41 185 188.76 171.22 155.78 141.83 135.2 133.11 137.47 145.18 158.51 171.65 189.75 183.71 164.95 156.34 154.23 134.72 128.89 129.09 128.48 129.49 129.11 146.44 168.45 179.05 177.61 165.36 153.15 139.86 127.82 133.3 139.56 146.65 153.15 166.14 181.46 172.45 161.02 153.88 138.51 127.25 116.28 118.52 119.05 108.08 118.63 137.1 159.76 173.23 181.91 173.66 189.29 183.3 168.79 155.46 154.83 149.85 149.93 145.01 147.78 140.74 119.64 87.06 89.12 84.29 115.7 120.26 108.35 94.1 93.75 86.08 94.1 104.73 111.32 111.6 109.15 105.67 89.92 83.29 86.37 109.37 125.48 132.06 153.56 155.37 140.47 123.03 118.61 114.51 108.14 102.04 96.42 93 92.55 97.78 92.66 103.55 110.96 118.97 118.87 119.47 114.56 99.89 101.25 109.01 123.44 145.48 167.02 166.42 135.33 118.12 111.21 87.34 139.91 132.08 132.05 129.04 132.36 137.26 163.19 196.08 224.26 196.2 173.35 153.92 141.46 139.19 143.27 155.69 167.56 170.85 221.8 206.55 187.86 168.22 160.97 150.12 135.62 132.32 132.16 132.12 132.32 141.93 160.4 199.99 206.98 180.6 148.46 143.44 132.73 131.35 134.43 144.38 160.72 181.27 199.99 192.97 175.81 160.09 151.03 141.73 136.25 130.95 130 130.01 131.71 144.06 163.41 185 188.76 171.22 155.78 141.83 135.2 133.11 137.47 145.18 158.51 171.65 189.75 183.71 164.95 156.34 154.23 134.72 128.89 129.09 128.48 129.49 129.11 146.44 168.45 179.05 177.61 165.36 153.15 139.86 127.82 133.3 139.56 146.65 153.15 166.14 181.46 172.45 161.02 153.88 138.51 127.25 116.28 118.52 119.05 108.08 118.63 137.1 159.76 173.23 181.91 173.66 189.29 183.3 168.79 155.46 154.83 149.85 149.93 145.01 147.78 140.74 119.64 87.06 89.12 84.29 115.7 120.26 108.35 94.1 93.75 86.08 94.1 104.73 111.32 111.6 109.15 105.67 89.92 83.29 86.37 109.37 125.48 132.06 153.56 155.37 140.47 123.03 118.61 114.51 108.14 102.04 96.42 93 92.55 97.78 92.66 103.55 110.96 118.97 118.87 119.47 114.56 99.89 101.25 109.01 123.44 145.48 167.02 166.42 135.33 118.12 111.21 87.34 139.91 132.08 132.05 129.04 132.36 137.26 163.19 196.08 224.26 196.2 173.35 153.92 141.46 139.19 143.27 155.69 167.56 170.85 221.8 206.55 187.86 168.22 160.97 150.12 135.62 132.32 132.16 132.12 132.32 141.93 160.4 199.99 206.98 180.6 148.46 143.44 132.73 131.35 134.43 144.38 160.72 181.27 199.99 192.97 175.81 160.09 151.03 141.73 136.25 130.95 130 130.01 131.71 144.06 163.41 185 188.76 171.22 155.78 141.83 135.2 133.11 137.47 145.18 158.51 171.65 189.75 183.71 164.95 156.34 154.23 134.72 128.89 129.09 128.48 129.49 129.11 146.44 168.45 179.05 177.61 165.36 153.15 139.86 127.82 133.3 139.56 146.65 153.15 166.14 181.46 172.45 161.02 153.88 138.51 127.25 116.28 118.52 119.05 108.08 118.63 137.1 159.76 173.23 181.91 173.66 189.29 183.3 168.79 155.46 154.83 149.85 149.93 145.01 147.78 140.74 119.64 87.06 89.12 84.29 115.7 120.26 108.35 94.1 93.75 86.08 94.1 104.73 111.32 111.6 109.15 105.67 89.92 83.29 86.37 109.37 125.48 132.06 153.56 155.37 140.47 123.03 118.61 114.51 108.14 102.04 96.42 93 92.55 97.78 92.66 103.55 110.96 118.97 118.87 119.47 114.56 99.89 101.25 109.01 123.44 145.48 167.02 166.42 135.33 118.12 111.21 87.34 139.91 132.08 132.05 129.04 132.36 137.26 163.19 196.08 224.26 196.2 173.35 153.92 141.46 139.19 143.27 155.69 167.56 170.85 221.8 206.55 187.86 168.22 160.97 150.12 135.62 132.32 132.16 132.12 132.32 141.93 160.4 199.99 206.98 180.6 148.46 143.44 132.73 131.35 134.43 144.38 160.72 181.27 199.99 192.97 175.81 160.09 151.03 141.73 136.25 130.95 130 130.01 131.71 144.06 163.41 185 188.76 171.22 155.78 141.83 135.2 133.11 137.47 145.18 158.51 171.65 189.75 183.71 164.95 156.34 154.23 134.72 128.89 129.09 128.48 129.49 129.11 146.44 168.45 179.05 177.61 165.36 153.15 139.86 127.82 133.3 139.56 146.65 153.15 166.14 181.46 172.45 161.02 153.88 138.51 127.25 116.28 118.52 119.05 108.08 118.63 137.1 159.76 173.23 181.91 173.66 189.29 183.3 168.79 155.46 154.83 149.85 149.93 145.01 147.78 140.74 119.64 87.06 89.12 84.29 115.7 120.26 108.35 94.1 93.75 86.08 94.1 104.73 111.32 111.6 109.15 105.67 89.92 83.29 86.37 109.37 125.48 132.06 153.56 155.37 140.47 123.03 118.61 114.51 108.14 102.04 96.42 93 92.55 97.78 92.66 103.55 110.96 118.97 
