384 5
1 33 34 38 34 
1 0 0 0 0 0 3 1 2 3 
6 0 0 0 2 0 3 7 10 19 
1 0 2 7 0 7 3 5 6 13 
5 0 0 7 0 0 3 4 8 20 
6 0 9 0 3 10 3 9 14 27 
10 0 6 0 0 0 3 10 11 12 
10 0 8 0 0 5 2 7 18 
4 0 0 1 0 4 3 9 15 16 
9 0 9 2 0 0 3 9 13 21 
2 0 0 0 0 9 3 12 17 30 
4 0 10 5 0 2 3 17 20 24 
6 0 1 10 0 0 3 19 22 24 
7 0 3 0 5 9 1 23 
9 0 10 4 0 0 3 18 24 25 
9 0 10 0 8 3 3 15 16 18 
6 1 0 0 0 0 2 21 26 
5 1 0 0 0 0 2 17 22 
2 1 0 0 0 0 1 25 
8 0 7 2 0 0 3 22 23 30 
9 0 8 0 3 1 3 20 23 27 
6 0 5 1 5 0 2 21 25 
5 0 0 0 0 9 1 29 
4 0 8 0 0 0 1 28 
10 0 0 5 9 4 1 28 
2 1 0 0 0 0 3 26 27 29 
3 0 0 9 7 5 2 26 29 
3 0 0 1 10 0 1 28 
6 0 0 0 10 0 1 30 
5 0 0 0 5 10 1 31 
4 0 2 0 10 0 1 31 
7 0 7 0 2 0 1 31 
1 0 0 0 0 0 0 
1 0 0 0 0 0 3 33 34 35 
10 0 9 10 0 5 2 48 56 
3 0 0 0 0 6 3 37 39 46 
4 0 4 6 2 9 3 36 43 44 
8 0 6 0 0 0 3 40 46 61 
1 0 0 0 1 3 3 38 41 44 
10 0 10 0 0 9 2 47 48 
3 0 0 2 2 0 3 40 50 52 
5 0 8 0 0 0 3 42 49 51 
6 0 0 4 9 2 3 45 54 56 
5 1 0 0 0 0 2 53 58 
1 0 0 6 3 0 1 54 
7 0 0 0 6 5 2 45 53 
4 0 0 0 0 8 1 59 
4 1 0 0 0 0 1 60 
7 0 10 0 0 0 1 62 
1 0 0 1 4 5 3 49 50 61 
10 1 0 0 0 0 2 55 60 
8 1 0 0 0 0 1 57 
1 1 0 0 0 0 2 55 58 
10 0 0 0 0 5 2 54 59 
1 1 0 0 0 0 1 62 
6 0 6 1 0 4 2 55 57 
1 0 9 0 0 1 1 62 
10 0 0 6 4 2 2 57 59 
3 0 2 0 4 0 1 58 
6 0 0 1 0 6 1 60 
10 0 7 0 0 1 1 61 
4 0 0 0 2 4 1 63 
10 0 0 4 0 0 1 63 
9 0 1 3 7 0 1 63 
1 0 0 0 0 0 0 
1 0 0 0 0 0 3 65 66 67 
6 0 4 3 7 1 3 69 73 93 
8 0 9 7 9 4 2 78 79 
2 0 7 3 7 5 3 68 70 75 
6 0 8 10 3 6 1 83 
1 0 5 8 10 6 2 72 84 
7 0 7 10 8 9 3 71 74 79 
9 0 7 10 1 4 3 77 81 87 
1 0 4 6 8 3 3 80 81 92 
5 0 3 3 2 8 1 76 
3 0 6 1 1 7 2 76 83 
6 0 8 9 1 2 1 85 
1 0 8 3 6 3 1 88 
8 0 6 10 10 10 1 84 
5 0 6 6 1 10 1 93 
4 0 9 6 4 4 1 82 
3 1 0 0 0 0 1 91 
7 0 5 3 5 2 1 86 
7 1 0 0 0 0 2 84 86 
1 1 0 0 0 0 1 89 
1 1 0 0 0 0 1 90 
4 1 0 0 0 0 1 89 
2 0 3 7 6 8 1 94 
8 0 7 7 2 4 1 93 
4 0 7 9 8 9 1 89 
7 0 2 5 8 10 2 90 92 
5 1 0 0 0 0 1 91 
9 0 10 10 6 10 1 94 
3 0 9 8 9 2 1 95 
1 0 2 4 8 4 1 95 
9 0 3 1 2 4 1 95 
1 0 0 0 0 0 0 
1 0 0 0 0 0 3 97 98 99 
7 0 0 0 0 8 3 102 106 113 
6 0 0 0 0 8 3 105 111 113 
2 0 10 0 0 0 3 100 103 105 
1 0 0 0 10 0 3 101 107 113 
10 0 2 0 0 0 2 109 119 
4 0 3 0 0 0 3 104 110 111 
9 0 0 0 0 2 3 106 112 116 
10 0 0 2 0 0 2 112 126 
8 0 0 0 0 1 3 108 109 120 
4 0 0 10 0 0 3 109 110 114 
9 0 0 0 2 0 3 108 114 124 
1 0 0 0 8 0 1 126 
9 1 0 0 0 0 3 117 121 125 
10 1 0 0 0 0 3 118 122 123 
8 0 0 3 0 0 3 112 115 116 
9 0 0 1 0 0 2 121 123 
5 0 0 0 7 0 2 115 116 
3 0 0 0 0 1 2 118 125 
6 0 0 8 0 0 3 117 119 120 
1 1 0 0 0 0 3 117 119 120 
7 0 5 0 0 0 2 118 122 
7 0 9 0 0 0 1 126 
6 1 0 0 0 0 1 123 
1 1 0 0 0 0 1 121 
3 0 0 1 0 0 1 122 
9 0 0 0 8 0 1 124 
2 0 0 0 0 3 2 124 125 
1 0 0 0 8 0 1 127 
2 0 0 0 0 7 1 127 
9 0 0 8 0 0 1 127 
1 0 0 0 0 0 0 
1 0 0 0 0 0 3 129 130 131 
3 0 7 0 0 0 3 133 141 150 
10 0 0 8 0 0 1 156 
10 0 0 5 0 0 1 132 
7 0 0 0 10 0 1 135 
6 0 0 0 0 5 3 134 142 146 
9 0 0 0 0 4 3 140 147 151 
7 0 0 0 4 0 3 136 137 149 
9 0 0 0 0 10 1 153 
4 1 0 0 0 0 3 138 139 153 
4 1 0 0 0 0 1 144 
9 0 0 0 3 0 2 147 156 
7 0 0 9 0 0 3 143 145 148 
9 0 0 0 0 9 1 154 
5 1 0 0 0 0 2 143 152 
7 0 0 0 0 9 1 155 
1 1 0 0 0 0 1 156 
7 1 0 0 0 0 1 158 
2 0 0 0 0 10 1 153 
9 0 0 7 0 0 1 157 
2 1 0 0 0 0 1 152 
7 1 0 0 0 0 1 150 
3 1 0 0 0 0 2 152 158 
10 1 0 0 0 0 1 158 
1 0 0 0 0 1 1 155 
4 0 5 0 0 0 1 157 
4 0 0 0 7 0 1 155 
1 0 0 0 1 0 1 157 
10 0 0 6 0 0 1 159 
9 0 0 0 0 6 1 159 
8 0 0 0 0 10 1 159 
1 0 0 0 0 0 0 
1 0 0 0 0 0 3 161 162 163 
10 0 1 0 0 0 2 176 180 
2 0 9 0 0 0 3 168 169 170 
4 0 0 0 0 7 3 164 166 184 
7 0 0 0 10 0 3 165 167 169 
2 0 8 0 0 0 3 171 172 179 
9 0 5 0 0 0 3 173 175 177 
1 0 0 9 0 0 2 178 187 
2 0 0 0 4 0 2 178 187 
8 0 0 0 0 7 2 182 189 
3 0 0 4 0 0 3 175 176 177 
6 0 0 10 0 0 3 176 181 182 
4 0 5 0 0 0 2 174 188 
6 0 0 0 10 0 2 178 186 
6 0 0 0 0 7 2 177 190 
6 0 8 0 0 0 1 179 
6 0 0 3 0 0 2 183 189 
2 1 0 0 0 0 1 180 
9 0 0 9 0 0 2 180 190 
3 0 0 0 0 1 2 181 183 
3 1 0 0 0 0 1 189 
8 0 4 0 0 0 1 185 
8 0 0 0 0 6 1 183 
10 0 0 0 4 0 1 185 
1 0 7 0 0 0 1 188 
8 0 0 0 1 0 1 186 
2 0 0 9 0 0 1 187 
10 0 0 0 0 5 2 188 190 
3 0 0 0 0 6 1 191 
4 1 0 0 0 0 1 191 
4 0 9 0 0 0 1 191 
1 0 0 0 0 0 0 
1 0 0 0 0 0 3 193 194 195 
2 0 3 5 1 1 2 197 219 
8 0 7 2 10 6 3 199 201 202 
2 0 8 1 5 2 2 196 203 
1 0 5 9 9 2 1 207 
10 0 9 6 1 8 2 198 210 
7 0 1 7 5 9 1 200 
7 1 0 0 0 0 1 215 
7 0 6 3 6 7 2 204 213 
7 0 5 1 6 3 3 205 208 209 
4 0 1 9 10 3 1 211 
6 0 6 7 10 6 3 206 211 212 
4 0 10 9 2 10 1 216 
1 1 0 0 0 0 1 220 
7 0 3 7 9 4 2 208 213 
10 1 0 0 0 0 1 213 
2 0 8 1 8 1 2 217 222 
8 0 5 5 3 9 2 220 221 
1 0 5 9 8 3 2 214 217 
5 1 0 0 0 0 1 218 
5 0 8 4 10 8 2 214 215 
2 0 7 9 1 3 1 216 
3 1 0 0 0 0 1 221 
9 0 5 2 6 5 1 221 
10 0 4 7 1 7 1 222 
10 1 0 0 0 0 1 218 
7 0 7 6 7 10 1 220 
1 0 5 6 5 6 1 222 
4 0 1 7 3 4 1 223 
7 0 8 6 5 10 1 223 
3 0 6 1 5 9 1 223 
1 0 0 0 0 0 0 
1 0 0 0 0 0 3 225 226 227 
6 0 0 0 2 0 3 231 234 243 
1 0 2 7 0 7 3 229 230 237 
5 0 0 7 0 0 3 228 232 244 
6 0 9 0 3 10 3 233 238 251 
10 0 6 0 0 0 3 234 235 236 
10 0 8 0 0 5 2 231 242 
4 0 0 1 0 4 3 233 239 240 
9 0 9 2 0 0 3 233 237 245 
2 0 0 0 0 9 3 236 241 254 
4 0 10 5 0 2 3 241 244 248 
6 0 1 10 0 0 3 243 246 248 
7 1 0 0 0 0 1 247 
9 0 10 4 0 0 3 242 248 249 
9 0 10 0 8 3 3 239 240 242 
6 1 0 0 0 0 2 245 250 
5 1 0 0 0 0 2 241 246 
2 1 0 0 0 0 1 249 
8 0 7 2 0 0 3 246 247 254 
9 0 8 0 3 1 3 244 247 251 
6 0 5 1 5 0 2 245 249 
5 0 0 0 0 9 1 253 
4 0 8 0 0 0 1 252 
10 0 0 5 9 4 1 252 
2 0 0 0 5 2 3 250 251 253 
3 0 0 9 7 5 2 250 253 
3 0 0 1 10 0 1 252 
6 0 0 0 10 0 1 254 
5 0 0 0 5 10 1 255 
4 0 2 0 10 0 1 255 
7 0 7 0 2 0 1 255 
1 0 0 0 0 0 0 
1 0 0 0 0 0 3 257 258 259 
1 0 6 3 1 6 3 262 269 273 
2 0 6 5 9 6 2 261 264 
6 0 4 9 5 7 3 260 268 273 
3 0 9 2 5 10 3 261 263 265 
2 0 3 5 6 9 3 275 276 277 
10 0 7 7 3 1 3 266 272 286 
7 0 9 9 9 8 3 267 270 271 
3 0 2 8 1 5 3 273 279 280 
4 0 4 6 9 9 2 269 270 
5 0 8 5 5 9 3 270 271 280 
2 0 3 8 6 5 2 272 277 
2 0 9 4 4 8 3 271 278 286 
7 0 2 9 4 8 3 272 276 277 
1 0 5 8 2 1 1 274 
4 0 3 1 9 6 2 274 281 
3 1 0 0 0 0 3 275 278 279 
7 0 3 5 6 7 3 274 281 286 
5 1 0 0 0 0 3 275 276 282 
2 1 0 0 0 0 2 284 285 
3 1 0 0 0 0 1 285 
6 1 0 0 0 0 3 278 279 280 
8 1 0 0 0 0 1 281 
9 0 8 9 9 7 2 283 284 
2 0 8 4 10 2 1 282 
7 0 10 6 8 2 2 282 284 
2 0 8 1 4 5 1 283 
4 0 3 3 10 3 1 285 
10 0 5 5 7 5 1 287 
7 0 1 3 3 4 1 287 
6 0 7 6 2 5 1 287 
1 0 0 0 0 0 0 
1 0 0 0 0 0 3 289 290 291 
1 0 6 1 0 9 1 296 
7 0 2 2 8 7 3 293 305 310 
6 0 0 0 4 10 2 292 299 
7 0 9 4 3 4 3 295 297 298 
4 0 0 0 1 8 1 294 
10 0 0 1 2 2 2 299 317 
4 0 7 2 4 5 3 302 307 315 
6 0 1 1 5 3 2 298 300 
9 0 0 8 1 5 3 300 303 307 
6 0 5 1 1 4 2 301 309 
9 1 0 0 0 0 1 312 
4 0 3 0 5 2 3 301 304 306 
8 1 0 0 0 0 3 305 314 316 
7 0 5 2 0 3 2 305 309 
3 0 5 4 10 8 3 304 312 313 
2 1 0 0 0 0 2 308 311 
8 0 8 1 9 1 1 317 
1 0 0 6 4 0 3 308 311 312 
1 0 2 1 6 3 1 318 
8 0 7 0 10 0 1 316 
6 1 0 0 0 0 2 310 313 
4 0 3 10 2 0 2 311 314 
6 1 0 0 0 0 1 317 
2 1 0 0 0 0 2 315 318 
9 1 0 0 0 0 1 314 
6 0 10 0 0 4 1 318 
10 0 5 0 0 0 1 316 
8 0 9 3 8 0 1 319 
7 0 0 10 9 0 1 319 
4 0 5 8 8 1 1 319 
1 0 0 0 0 0 0 
1 0 0 0 0 0 3 321 322 323 
1 0 0 0 0 10 3 324 325 331 
7 0 0 0 3 0 2 326 336 
9 0 6 0 0 0 3 327 334 344 
6 0 0 0 0 7 1 327 
8 0 7 0 0 0 1 337 
7 0 0 7 0 0 3 329 335 346 
9 0 0 5 0 0 3 328 330 332 
10 1 0 0 0 0 2 345 348 
8 1 0 0 0 0 1 332 
4 0 0 0 5 0 3 337 340 349 
8 0 0 0 3 0 2 333 343 
9 1 0 0 0 0 1 339 
8 0 0 0 0 10 1 338 
3 0 7 0 0 0 1 337 
4 0 0 0 0 1 3 340 341 342 
1 0 0 0 0 9 1 350 
8 1 0 0 0 0 1 338 
1 0 0 8 0 0 1 341 
10 0 3 0 0 0 1 349 
9 0 0 0 1 0 1 350 
6 0 0 0 8 0 1 347 
3 1 0 0 0 0 1 350 
9 0 0 0 0 8 1 347 
4 0 0 0 0 9 1 347 
8 0 0 0 2 0 1 349 
1 1 0 0 0 0 1 348 
2 0 0 5 0 0 1 348 
4 0 0 1 0 0 1 351 
5 0 0 0 0 7 1 351 
8 0 10 0 0 0 1 351 
1 0 0 0 0 0 0 
1 0 0 0 0 0 3 353 354 355 
8 0 7 9 9 5 2 356 357 
9 0 3 4 8 1 3 360 373 375 
7 0 1 3 10 3 3 356 360 364 
6 0 1 1 10 10 3 358 361 366 
9 0 10 6 10 1 2 358 360 
4 0 6 2 1 4 3 359 363 367 
10 1 0 0 0 0 3 362 365 368 
5 1 0 0 0 0 3 369 370 376 
2 0 1 2 7 9 3 374 377 378 
1 1 0 0 0 0 3 370 372 373 
8 0 4 2 1 8 2 365 372 
5 0 7 1 2 10 3 365 367 376 
1 1 0 0 0 0 3 369 370 375 
9 0 10 5 2 9 3 367 371 381 
10 1 0 0 0 0 1 377 
6 1 0 0 0 0 3 369 371 372 
5 0 4 1 7 7 1 378 
1 0 2 3 10 6 2 378 379 
3 0 1 7 8 6 2 373 376 
4 0 1 7 8 6 2 374 375 
4 0 7 7 9 10 2 374 379 
7 0 9 8 9 3 1 382 
3 0 5 3 3 1 2 377 381 
4 0 9 9 8 7 1 380 
1 0 7 8 6 7 2 379 382 
6 0 8 4 4 4 3 380 381 382 
5 0 9 6 2 9 1 380 
1 0 9 1 3 8 1 383 
3 0 6 5 3 6 1 383 
7 0 3 4 1 1 1 383 
1 0 0 0 0 0 0 
63.02 56.08 52.93 44.39 50.08 71.36 105.08 140.64 146.39 147.87 145.61 143.35 144.38 143.76 148.2 155.34 162.79 170.45 174.74 164.6 153 141.67 134.91 124.22 130.01 120 118.76 115 113.63 116.27 138.92 159.92 169.17 171.18 168.57 169.49 164.5 160.91 163.06 166.42 169.59 165.85 168.23 160.99 149.62 135.03 119.03 104.95 90.34 80.01 77.87 62.38 80.01 88.44 107.48 132.33 135 133.09 125 123.38 129.67 120.92 121.55 115.29 121.43 156.88 133.58 155.83 153.14 149.69 150.09 105.03 112.27 117.85 104.17 56.07 90.74 113.43 120.27 150 153.73 144.97 140.03 144.25 142.2 142.72 151.03 159.48 172.73 193.42 194.67 177.98 163.99 152 144.64 127 107.21 101.1 96.73 82.72 84.99 90.26 100.76 123.33 127.38 128.27 124.89 117.69 117.77 113.38 127.84 138.09 145.28 155.93 163.5 146.74 139.27 129.99 129.94 121.21 101.02 100.92 96.34 89.43 85.01 86.96 97.41 103.21 128.66 135.71 126.08 122.97 120 117.14 122.24 123.58 99.99 103.86 115 104.83 110 98.41 98.74 70.27 57.66 58.82 51.71 39.15 50.25 49.78 55.4 62.86 79.01 97.55 102.4 103.87 101.69 99 104.29 107.91 125.6 133.98 127.83 119.68 120 106.05 100.24 81.35 63.02 56.08 52.93 44.39 50.08 71.36 105.08 140.64 146.39 147.87 145.61 143.35 144.38 143.76 148.2 155.34 162.79 170.45 174.74 164.6 153 141.67 134.91 124.22 130.01 120 118.76 115 113.63 116.27 138.92 159.92 169.17 171.18 168.57 169.49 164.5 160.91 163.06 166.42 169.59 165.85 168.23 160.99 149.62 135.03 119.03 104.95 90.34 80.01 77.87 62.38 80.01 88.44 107.48 132.33 135 133.09 125 123.38 129.67 120.92 121.55 115.29 121.43 156.88 133.58 155.83 153.14 149.69 150.09 105.03 112.27 117.85 104.17 56.07 90.74 113.43 120.27 150 153.73 144.97 140.03 144.25 142.2 142.72 151.03 159.48 172.73 193.42 194.67 177.98 163.99 152 144.64 127 107.21 101.1 96.73 82.72 84.99 90.26 100.76 123.33 127.38 128.27 124.89 117.69 117.77 113.38 127.84 138.09 145.28 155.93 163.5 146.74 139.27 129.99 129.94 121.21 101.02 100.92 96.34 89.43 85.01 86.96 97.41 103.21 128.66 135.71 126.08 122.97 120 117.14 122.24 123.58 99.99 103.86 115 104.83 110 98.41 98.74 70.27 57.66 58.82 51.71 39.15 50.25 49.78 55.4 62.86 79.01 97.55 102.4 103.87 101.69 99 104.29 107.91 125.6 133.98 127.83 119.68 120 106.05 100.24 81.35 63.02 56.08 52.93 44.39 50.08 71.36 105.08 140.64 146.39 147.87 145.61 143.35 144.38 143.76 148.2 155.34 162.79 170.45 174.74 164.6 153 141.67 134.91 124.22 130.01 120 118.76 115 113.63 116.27 138.92 159.92 169.17 171.18 168.57 169.49 164.5 160.91 163.06 166.42 169.59 165.85 168.23 160.99 149.62 135.03 119.03 104.95 90.34 80.01 77.87 62.38 80.01 88.44 107.48 132.33 135 133.09 125 123.38 129.67 120.92 121.55 115.29 121.43 156.88 133.58 155.83 153.14 149.69 150.09 105.03 112.27 117.85 104.17 56.07 90.74 113.43 120.27 150 153.73 144.97 140.03 144.25 142.2 142.72 151.03 159.48 172.73 193.42 194.67 177.98 163.99 152 144.64 127 107.21 101.1 96.73 82.72 84.99 90.26 100.76 123.33 127.38 128.27 124.89 117.69 117.77 113.38 127.84 138.09 145.28 155.93 163.5 146.74 139.27 129.99 129.94 121.21 101.02 100.92 96.34 89.43 85.01 86.96 97.41 103.21 128.66 135.71 126.08 122.97 120 117.14 122.24 123.58 99.99 103.86 115 104.83 110 98.41 98.74 70.27 57.66 58.82 51.71 39.15 50.25 49.78 55.4 62.86 79.01 97.55 102.4 103.87 101.69 99 104.29 107.91 125.6 133.98 127.83 119.68 120 106.05 100.24 81.35 63.02 56.08 52.93 44.39 50.08 71.36 105.08 140.64 146.39 147.87 145.61 143.35 144.38 143.76 148.2 155.34 162.79 170.45 174.74 164.6 153 141.67 134.91 124.22 130.01 120 118.76 115 113.63 116.27 138.92 159.92 169.17 171.18 168.57 169.49 164.5 160.91 163.06 166.42 169.59 165.85 168.23 160.99 149.62 135.03 119.03 104.95 90.34 80.01 77.87 62.38 80.01 88.44 107.48 132.33 135 133.09 125 123.38 129.67 120.92 121.55 115.29 121.43 156.88 133.58 155.83 153.14 149.69 150.09 105.03 112.27 117.85 104.17 56.07 90.74 113.43 120.27 150 153.73 144.97 140.03 144.25 142.2 142.72 151.03 159.48 172.73 193.42 194.67 177.98 163.99 152 144.64 127 107.21 101.1 96.73 82.72 84.99 90.26 100.76 123.33 127.38 128.27 124.89 117.69 117.77 113.38 127.84 138.09 145.28 155.93 163.5 146.74 139.27 129.99 129.94 121.21 101.02 100.92 96.34 89.43 85.01 86.96 97.41 103.21 128.66 135.71 126.08 122.97 120 117.14 122.24 123.58 99.99 103.86 115 104.83 110 98.41 98.74 70.27 57.66 58.82 51.71 39.15 50.25 49.78 55.4 62.86 79.01 97.55 102.4 103.87 101.69 99 104.29 107.91 125.6 133.98 127.83 119.68 120 106.05 100.24 81.35 63.02 56.08 52.93 44.39 50.08 71.36 105.08 140.64 146.39 147.87 145.61 143.35 144.38 143.76 148.2 155.34 162.79 170.45 174.74 164.6 
