384 5
1 30 30 34 31 
1 0 0 0 0 0 3 1 2 3 
5 0 4 0 7 0 2 5 25 
6 0 2 0 5 0 3 4 20 27 
3 0 10 0 7 0 3 11 13 23 
4 0 0 5 0 7 3 5 8 9 
1 0 0 0 0 7 3 6 7 19 
6 0 0 0 0 3 2 12 18 
7 0 0 0 0 9 3 11 18 22 
9 0 0 3 0 0 2 15 16 
7 0 0 5 0 9 3 10 14 17 
5 0 5 0 0 1 2 15 16 
10 0 0 2 7 0 1 29 
7 1 0 0 0 0 2 13 28 
1 0 0 9 0 0 1 24 
4 0 0 2 6 10 1 16 
1 1 0 0 0 0 3 23 25 30 
9 1 0 0 0 0 3 21 24 25 
4 0 1 2 0 2 3 18 21 22 
10 1 0 0 0 0 1 24 
3 0 10 0 4 0 2 21 29 
7 0 0 9 7 10 1 23 
6 0 0 7 0 3 1 26 
4 1 0 0 0 0 1 26 
9 0 3 5 0 8 1 28 
2 0 0 3 7 0 1 30 
3 0 0 8 5 6 1 26 
10 0 2 9 7 0 1 28 
2 1 0 0 0 0 2 29 30 
3 0 0 0 0 10 1 31 
2 0 0 0 0 3 1 31 
9 0 0 4 7 8 1 31 
1 0 0 0 0 0 0 
1 0 0 0 0 0 3 33 34 35 
5 0 0 9 8 0 3 39 44 47 
9 0 5 1 0 0 3 41 47 51 
1 0 0 0 0 3 3 36 37 38 
5 0 2 5 0 0 3 42 43 46 
5 0 0 3 0 2 3 40 41 49 
7 0 0 6 0 0 3 39 41 45 
5 0 0 6 0 0 3 50 53 62 
6 0 0 0 10 0 3 47 48 57 
2 0 0 9 3 0 3 46 50 59 
5 0 0 0 0 1 3 48 49 57 
7 0 0 1 0 3 2 44 54 
2 1 0 0 0 0 3 48 49 56 
2 0 4 0 0 4 3 50 52 53 
9 0 3 0 2 0 2 53 55 
10 1 0 0 0 0 2 55 59 
3 1 0 0 0 0 2 52 55 
6 0 0 0 3 0 2 60 61 
4 1 0 0 0 0 1 54 
10 0 0 0 0 10 2 52 56 
10 1 0 0 0 0 2 58 59 
1 0 0 0 5 3 1 54 
3 0 1 2 8 5 2 56 58 
1 0 1 0 6 0 2 58 62 
4 0 10 5 0 0 1 57 
5 0 1 0 9 0 1 61 
2 0 3 0 10 7 1 60 
8 0 2 0 5 5 3 60 61 62 
9 0 5 0 0 4 1 63 
5 0 3 7 2 0 1 63 
4 0 1 2 4 0 1 63 
1 0 0 0 0 0 0 
1 0 0 0 0 0 3 65 66 67 
1 0 0 0 0 5 2 86 87 
1 0 0 3 0 0 3 68 69 80 
1 0 8 0 0 0 2 70 83 
7 0 0 0 2 0 3 73 85 91 
6 0 0 0 0 3 1 81 
4 0 1 0 0 0 3 71 72 75 
5 0 0 0 10 0 3 77 84 90 
8 0 0 0 3 0 2 74 79 
7 0 0 0 0 1 1 79 
8 0 9 0 0 0 1 80 
1 0 7 0 0 0 3 76 78 79 
2 0 0 3 0 0 1 93 
3 1 0 0 0 0 1 82 
10 0 0 7 0 0 1 89 
10 0 3 0 0 0 1 88 
2 0 0 0 3 0 1 87 
10 0 0 0 4 0 1 84 
1 1 0 0 0 0 1 88 
1 0 0 0 7 0 2 88 90 
7 0 0 2 0 0 1 85 
9 0 0 0 0 10 2 92 93 
9 0 0 0 7 0 1 94 
4 1 0 0 0 0 1 90 
4 0 0 3 0 0 1 89 
1 0 0 0 4 0 1 93 
1 1 0 0 0 0 1 91 
8 0 0 0 0 9 1 94 
1 0 0 0 0 1 1 95 
2 0 0 8 0 0 1 95 
7 0 0 4 0 0 1 95 
1 0 0 0 0 0 0 
1 0 0 0 0 0 3 97 98 99 
1 0 0 4 0 0 3 107 109 122 
3 0 9 0 0 0 3 100 113 114 
6 0 0 9 0 5 3 102 103 105 
8 0 1 0 0 2 3 101 102 104 
1 0 0 1 2 6 3 107 108 111 
10 1 0 0 0 0 3 116 118 125 
5 0 0 0 7 2 3 106 113 115 
10 0 7 10 10 10 3 105 107 115 
2 1 0 0 0 0 3 116 120 122 
3 0 4 0 0 1 3 109 110 126 
3 1 0 0 0 0 3 112 116 117 
1 1 0 0 0 0 3 115 118 122 
10 0 0 6 0 0 3 111 114 121 
3 0 5 0 0 1 3 111 112 114 
2 0 0 9 9 0 1 119 
10 1 0 0 0 0 2 119 121 
1 1 0 0 0 0 1 120 
6 1 0 0 0 0 2 117 118 
8 0 3 9 6 0 2 117 120 
2 1 0 0 0 0 1 123 
4 0 5 5 0 0 2 123 125 
9 0 2 0 7 0 1 119 
2 0 1 0 5 0 1 124 
4 0 0 8 8 1 2 121 126 
1 1 0 0 0 0 2 124 125 
7 0 6 2 0 0 2 123 126 
10 0 6 8 0 10 1 124 
9 0 2 0 0 8 1 127 
4 0 0 0 0 9 1 127 
6 0 0 0 1 8 1 127 
1 0 0 0 0 0 0 
1 0 0 0 0 0 3 129 130 131 
6 0 0 2 2 0 3 135 137 143 
1 0 6 1 7 5 3 132 133 136 
4 0 7 2 5 0 3 140 153 157 
6 0 0 0 9 0 3 148 150 153 
6 0 0 1 0 9 2 134 150 
4 0 0 0 10 0 3 138 139 141 
7 0 0 0 0 1 2 144 147 
2 0 0 8 10 4 2 142 146 
4 0 0 6 0 3 2 145 150 
9 0 10 0 3 8 2 157 158 
10 0 0 5 4 0 2 140 151 
10 0 1 0 5 0 2 147 149 
5 0 0 0 0 9 1 143 
1 0 8 0 0 9 2 151 153 
5 1 0 0 0 0 1 148 
2 0 7 0 6 8 1 148 
8 0 4 0 0 0 3 146 147 149 
9 0 0 2 7 9 1 158 
1 0 6 0 6 3 2 155 156 
10 0 0 10 0 5 3 149 151 152 
2 0 0 0 10 0 2 155 156 
8 0 4 3 0 0 1 154 
3 0 0 7 5 0 1 154 
3 0 8 0 0 0 1 154 
10 0 0 4 1 0 1 156 
4 0 0 9 0 10 2 155 157 
4 0 0 0 2 0 1 158 
4 0 5 0 2 4 1 159 
2 0 6 2 0 10 1 159 
2 0 0 2 0 0 1 159 
1 0 0 0 0 0 0 
1 0 0 0 0 0 3 161 162 163 
2 0 5 7 6 5 3 167 168 182 
8 0 8 6 1 4 1 164 
6 0 7 4 9 4 3 165 166 169 
4 0 4 3 9 5 3 170 172 175 
2 0 1 8 8 1 2 177 178 
5 0 10 7 1 5 1 181 
7 0 4 9 10 6 1 170 
4 0 4 3 1 6 1 180 
10 0 3 8 10 4 3 171 173 174 
5 1 0 0 0 0 1 179 
1 0 7 1 8 4 2 175 185 
6 1 0 0 0 0 3 184 186 187 
5 1 0 0 0 0 2 176 190 
3 1 0 0 0 0 1 179 
10 1 0 0 0 0 2 182 188 
9 1 0 0 0 0 1 177 
5 0 9 2 3 3 1 183 
9 0 7 1 2 10 1 182 
5 0 7 7 5 2 1 180 
7 0 5 2 9 7 1 184 
1 1 0 0 0 0 1 185 
5 0 5 6 1 8 2 186 189 
5 0 7 1 7 5 1 184 
3 0 5 1 8 3 1 189 
8 0 5 8 9 9 1 187 
3 0 2 8 10 8 1 190 
1 0 6 6 3 8 1 188 
1 0 7 2 9 1 1 191 
4 0 4 4 2 7 1 191 
4 0 10 2 8 10 1 191 
1 0 0 0 0 0 0 
1 0 0 0 0 0 3 193 194 195 
9 0 4 0 0 0 3 196 198 212 
5 0 6 0 2 0 3 199 200 201 
6 0 5 0 10 1 2 206 212 
1 0 8 0 0 3 3 197 203 204 
9 1 0 0 0 0 3 202 207 220 
9 0 3 0 0 6 3 202 204 211 
3 0 5 0 2 3 2 205 212 
10 0 0 9 9 0 1 214 
5 0 6 5 0 0 1 202 
5 0 6 7 0 2 1 206 
1 0 0 8 9 0 2 205 206 
2 0 0 5 8 0 1 209 
7 0 0 0 0 7 3 208 216 217 
1 0 9 7 8 0 3 208 210 221 
6 1 0 0 0 0 3 210 211 219 
1 0 2 0 0 7 1 222 
8 1 0 0 0 0 3 213 214 218 
2 0 6 2 0 0 1 215 
1 0 0 10 8 0 1 217 
5 1 0 0 0 0 1 220 
9 1 0 0 0 0 2 215 217 
2 0 10 0 0 0 3 215 219 220 
6 0 0 0 5 2 1 222 
9 0 2 0 8 2 1 218 
2 0 0 2 1 3 2 221 222 
1 0 0 9 0 0 1 219 
3 0 0 0 8 0 1 221 
6 0 0 0 10 0 1 223 
7 0 1 3 6 8 1 223 
10 0 0 9 0 4 1 223 
1 0 0 0 0 0 0 
1 0 0 0 0 0 3 225 226 227 
5 0 7 0 0 3 1 228 
3 0 4 4 0 4 3 229 240 249 
1 0 0 2 0 1 3 233 237 242 
1 0 6 9 0 8 3 235 239 241 
5 0 0 0 8 0 3 230 231 238 
2 0 3 8 0 0 3 232 234 243 
2 0 0 8 4 0 1 245 
8 0 3 0 0 10 1 246 
9 0 4 3 0 9 1 244 
1 0 0 6 9 0 1 236 
4 0 6 0 10 9 2 240 254 
2 0 10 0 0 0 1 252 
4 0 0 1 2 0 1 250 
1 0 5 0 0 0 2 242 252 
1 0 0 0 1 0 2 249 250 
3 0 0 9 0 0 2 250 251 
7 0 9 4 9 0 2 242 248 
6 1 0 0 0 0 1 251 
1 1 0 0 0 0 1 248 
8 0 0 5 0 1 1 253 
3 0 0 5 0 8 1 247 
3 0 0 2 0 0 1 254 
10 0 0 0 8 0 1 251 
8 1 0 0 0 0 1 254 
7 1 0 0 0 0 1 252 
4 1 0 0 0 0 1 253 
5 0 0 2 5 0 1 253 
2 1 0 0 0 0 1 255 
7 0 0 6 9 0 1 255 
5 0 2 9 8 3 1 255 
1 0 0 0 0 0 0 
1 0 0 0 0 0 3 257 258 259 
10 0 0 3 0 6 3 260 262 267 
8 0 7 0 4 7 3 260 261 269 
5 0 3 1 7 9 3 260 261 272 
2 0 1 5 7 8 2 277 284 
5 0 5 3 9 5 3 263 264 274 
10 0 1 3 8 7 2 263 269 
3 0 4 0 1 7 3 266 270 277 
6 0 10 9 5 10 1 265 
4 1 0 0 0 0 3 268 271 273 
4 1 0 0 0 0 2 273 281 
10 0 2 7 10 1 3 272 273 278 
2 1 0 0 0 0 3 276 280 283 
2 0 2 9 7 10 3 271 272 275 
1 0 0 9 10 10 3 275 278 280 
10 1 0 0 0 0 1 278 
7 1 0 0 0 0 3 274 277 279 
1 1 0 0 0 0 3 275 276 279 
6 1 0 0 0 0 3 276 281 284 
6 1 0 0 0 0 1 282 
2 0 1 5 10 4 1 282 
9 1 0 0 0 0 3 280 282 283 
7 0 8 0 1 2 2 279 285 
5 0 0 0 9 9 2 283 284 
8 0 0 9 3 0 2 281 286 
9 0 2 0 10 7 1 285 
9 0 0 5 3 6 2 285 286 
9 0 7 0 7 5 1 286 
7 0 3 1 10 1 1 287 
2 0 1 0 8 0 1 287 
3 0 0 7 9 8 1 287 
1 0 0 0 0 0 0 
1 0 0 0 0 0 3 289 290 291 
6 1 0 0 0 0 2 304 306 
7 0 7 0 1 9 3 295 298 305 
7 0 10 3 1 8 3 292 293 315 
4 0 6 1 3 0 2 294 308 
10 0 0 7 5 0 1 296 
1 0 9 0 2 9 2 299 317 
1 0 2 0 0 3 1 315 
6 0 7 6 6 0 2 297 313 
2 1 0 0 0 0 2 307 312 
9 0 2 9 9 0 1 314 
4 0 4 2 7 7 3 300 303 304 
4 1 0 0 0 0 1 301 
6 1 0 0 0 0 3 302 306 311 
6 0 0 10 2 8 2 310 314 
8 0 7 10 0 9 1 307 
3 0 1 6 4 9 1 309 
2 0 7 2 8 7 1 318 
8 0 4 4 8 7 1 312 
9 1 0 0 0 0 1 309 
8 0 6 3 0 0 1 312 
6 0 5 8 5 2 1 316 
8 0 7 0 7 1 1 313 
4 0 3 9 10 0 2 313 318 
4 0 5 7 0 8 1 316 
1 0 1 7 4 9 1 316 
1 0 0 7 8 5 1 318 
6 0 0 3 6 9 1 317 
4 0 4 9 9 7 1 319 
8 1 0 0 0 0 1 319 
8 0 7 4 6 6 1 319 
1 0 0 0 0 0 0 
1 0 0 0 0 0 3 321 322 323 
9 0 0 7 0 0 3 325 327 333 
10 0 0 0 0 5 3 324 335 336 
5 0 0 0 5 0 3 331 335 336 
1 0 0 2 0 0 3 326 329 332 
3 0 0 0 5 0 3 326 343 347 
5 0 0 0 0 4 2 328 330 
9 0 0 0 9 0 3 334 337 342 
5 1 0 0 0 0 1 350 
10 0 0 9 0 0 3 342 344 350 
8 0 0 0 0 5 2 337 349 
7 0 0 0 4 0 1 339 
2 0 0 9 0 0 2 340 343 
8 0 4 0 0 0 1 337 
3 0 0 0 8 0 1 340 
6 0 0 0 0 6 2 338 339 
1 0 0 5 0 0 3 345 347 349 
10 1 0 0 0 0 2 348 350 
10 0 2 0 0 0 2 343 346 
8 0 0 2 0 0 2 340 342 
9 1 0 0 0 0 3 341 345 349 
1 0 0 0 9 0 1 344 
3 1 0 0 0 0 1 346 
8 0 0 0 8 0 1 345 
6 1 0 0 0 0 1 346 
3 0 0 0 1 0 1 348 
9 0 7 0 0 0 1 347 
7 0 6 0 0 0 1 348 
10 0 0 0 0 5 1 351 
10 0 6 0 0 0 1 351 
10 0 0 2 0 0 1 351 
1 0 0 0 0 0 0 
1 0 0 0 0 0 3 353 354 355 
7 0 7 0 0 0 2 356 364 
10 0 0 3 0 0 1 369 
3 0 0 0 0 10 2 368 379 
10 0 0 9 0 0 3 357 359 363 
5 0 0 0 0 4 3 358 360 362 
2 0 0 3 0 0 1 369 
10 0 0 0 0 7 1 361 
9 1 0 0 0 0 2 367 368 
9 1 0 0 0 0 3 371 379 381 
8 1 0 0 0 0 3 366 367 380 
2 0 0 1 0 0 3 366 371 377 
4 0 0 9 0 0 2 365 373 
8 1 0 0 0 0 1 380 
1 1 0 0 0 0 3 372 374 375 
1 1 0 0 0 0 2 370 374 
9 0 0 0 0 3 2 370 378 
7 1 0 0 0 0 3 377 378 382 
2 0 10 0 0 0 3 372 375 377 
3 1 0 0 0 0 1 372 
1 0 0 0 0 6 1 376 
8 0 0 0 0 4 2 375 378 
4 1 0 0 0 0 2 376 379 
3 0 0 0 0 1 1 376 
8 0 0 0 0 5 1 382 
10 0 10 0 0 0 1 381 
5 0 0 0 3 0 2 380 381 
1 0 0 10 0 0 1 382 
8 0 0 5 0 0 1 383 
1 0 0 0 5 0 1 383 
7 0 5 0 0 0 1 383 
1 0 0 0 0 0 0 
182.38 184.98 184.6 185.68 195.55 220.56 264.91 299.93 285.03 255 214.92 190.71 187.85 181.84 179.98 179.77 182.86 219.39 263.32 296.99 290.37 267.81 247.99 204.4 192.9 188.71 184.13 183 185.55 191.53 229.54 268.78 260.33 219.02 182.51 172.32 136.12 110.02 103.32 118.14 139.9 179.4 215.47 235.09 233.47 205 177.46 137.74 161.67 165.81 163.31 167.63 180.73 212.32 248.74 267.52 273.83 254.25 212.9 192.45 188.72 195.04 200.05 196 200.47 241.25 266.2 298.95 301.63 269.03 250 231.94 232.45 207.63 200.14 198.05 199.97 204.46 254 272.33 282.11 252.78 216.35 212.54 202.24 195.19 193.64 191.99 194.53 212.8 244.94 271.07 272.31 265.46 253.68 234.36 214.9 198.45 194.28 190.49 191.86 196.86 205.33 220.78 209.88 189.92 190.62 186.55 160.03 167.65 157.38 151.11 155.01 179.32 196.21 228.35 235.99 208.84 205.09 196.24 191.16 183.37 178 174.21 171.81 179.54 188.98 191.12 189.6 172.62 146.58 121.99 82.36 61.02 34.61 40.32 65.84 107.71 171.19 195.08 205.81 194.47 175.84 166.88 160.22 139.97 121.76 123.38 133.96 106.67 98.62 122.36 133.55 100 75.92 41.29 26.29 4.87 0 0.08 15 66.2 158.02 182.55 191.54 187.88 171.46 158.07 182.38 184.98 184.6 185.68 195.55 220.56 264.91 299.93 285.03 255 214.92 190.71 187.85 181.84 179.98 179.77 182.86 219.39 263.32 296.99 290.37 267.81 247.99 204.4 192.9 188.71 184.13 183 185.55 191.53 229.54 268.78 260.33 219.02 182.51 172.32 136.12 110.02 103.32 118.14 139.9 179.4 215.47 235.09 233.47 205 177.46 137.74 161.67 165.81 163.31 167.63 180.73 212.32 248.74 267.52 273.83 254.25 212.9 192.45 188.72 195.04 200.05 196 200.47 241.25 266.2 298.95 301.63 269.03 250 231.94 232.45 207.63 200.14 198.05 199.97 204.46 254 272.33 282.11 252.78 216.35 212.54 202.24 195.19 193.64 191.99 194.53 212.8 244.94 271.07 272.31 265.46 253.68 234.36 214.9 198.45 194.28 190.49 191.86 196.86 205.33 220.78 209.88 189.92 190.62 186.55 160.03 167.65 157.38 151.11 155.01 179.32 196.21 228.35 235.99 208.84 205.09 196.24 191.16 183.37 178 174.21 171.81 179.54 188.98 191.12 189.6 172.62 146.58 121.99 82.36 61.02 34.61 40.32 65.84 107.71 171.19 195.08 205.81 194.47 175.84 166.88 160.22 139.97 121.76 123.38 133.96 106.67 98.62 122.36 133.55 100 75.92 41.29 26.29 4.87 0 0.08 15 66.2 158.02 182.55 191.54 187.88 171.46 158.07 182.38 184.98 184.6 185.68 195.55 220.56 264.91 299.93 285.03 255 214.92 190.71 187.85 181.84 179.98 179.77 182.86 219.39 263.32 296.99 290.37 267.81 247.99 204.4 192.9 188.71 184.13 183 185.55 191.53 229.54 268.78 260.33 219.02 182.51 172.32 136.12 110.02 103.32 118.14 139.9 179.4 215.47 235.09 233.47 205 177.46 137.74 161.67 165.81 163.31 167.63 180.73 212.32 248.74 267.52 273.83 254.25 212.9 192.45 188.72 195.04 200.05 196 200.47 241.25 266.2 298.95 301.63 269.03 250 231.94 232.45 207.63 200.14 198.05 199.97 204.46 254 272.33 282.11 252.78 216.35 212.54 202.24 195.19 193.64 191.99 194.53 212.8 244.94 271.07 272.31 265.46 253.68 234.36 214.9 198.45 194.28 190.49 191.86 196.86 205.33 220.78 209.88 189.92 190.62 186.55 160.03 167.65 157.38 151.11 155.01 179.32 196.21 228.35 235.99 208.84 205.09 196.24 191.16 183.37 178 174.21 171.81 179.54 188.98 191.12 189.6 172.62 146.58 121.99 82.36 61.02 34.61 40.32 65.84 107.71 171.19 195.08 205.81 194.47 175.84 166.88 160.22 139.97 121.76 123.38 133.96 106.67 98.62 122.36 133.55 100 75.92 41.29 26.29 4.87 0 0.08 15 66.2 158.02 182.55 191.54 187.88 171.46 158.07 182.38 184.98 184.6 185.68 195.55 220.56 264.91 299.93 285.03 255 214.92 190.71 187.85 181.84 179.98 179.77 182.86 219.39 263.32 296.99 290.37 267.81 247.99 204.4 192.9 188.71 184.13 183 185.55 191.53 229.54 268.78 260.33 219.02 182.51 172.32 136.12 110.02 103.32 118.14 139.9 179.4 215.47 235.09 233.47 205 177.46 137.74 161.67 165.81 163.31 167.63 180.73 212.32 248.74 267.52 273.83 254.25 212.9 192.45 188.72 195.04 200.05 196 200.47 241.25 266.2 298.95 301.63 269.03 250 231.94 232.45 207.63 200.14 198.05 199.97 204.46 254 272.33 282.11 252.78 216.35 212.54 202.24 195.19 193.64 191.99 194.53 212.8 244.94 271.07 272.31 265.46 253.68 234.36 214.9 198.45 194.28 190.49 191.86 196.86 205.33 220.78 209.88 189.92 190.62 186.55 160.03 167.65 157.38 151.11 155.01 179.32 196.21 228.35 235.99 208.84 205.09 196.24 191.16 183.37 178 174.21 171.81 179.54 188.98 191.12 189.6 172.62 146.58 121.99 82.36 61.02 34.61 40.32 65.84 107.71 171.19 195.08 205.81 194.47 175.84 166.88 160.22 139.97 121.76 123.38 133.96 106.67 98.62 122.36 133.55 100 75.92 41.29 26.29 4.87 0 0.08 15 66.2 158.02 182.55 191.54 187.88 171.46 158.07 182.38 184.98 184.6 185.68 195.55 220.56 264.91 299.93 285.03 255 214.92 190.71 187.85 181.84 179.98 179.77 182.86 219.39 263.32 296.99 290.37 267.81 247.99 204.4 192.9 188.71 184.13 183 185.55 191.53 229.54 268.78 260.33 219.02 182.51 172.32 136.12 110.02 103.32 118.14 139.9 179.4 215.47 235.09 233.47 205 177.46 137.74 161.67 165.81 163.31 167.63 180.73 212.32 248.74 267.52 273.83 254.25 212.9 192.45 188.72 195.04 200.05 196 200.47 241.25 266.2 298.95 301.63 269.03 250 231.94 232.45 207.63 200.14 198.05 199.97 204.46 254 272.33 282.11 252.78 216.35 212.54 202.24 195.19 193.64 191.99 194.53 212.8 244.94 271.07 272.31 265.46 253.68 234.36 214.9 198.45 
