384 5
1 38 40 34 28 
1 0 0 0 0 0 3 1 2 3 
8 0 4 5 7 5 2 18 19 
7 0 2 3 4 3 3 4 8 14 
1 0 9 7 3 10 3 6 12 30 
10 0 2 10 6 8 3 5 9 25 
6 1 0 0 0 0 3 7 13 18 
5 0 5 4 6 3 2 19 28 
1 1 0 0 0 0 3 17 23 27 
1 0 6 2 4 2 3 10 11 15 
7 1 0 0 0 0 2 16 19 
9 0 5 2 1 7 3 12 17 18 
8 0 9 8 1 4 1 25 
10 0 8 6 5 1 1 13 
10 0 4 3 3 9 1 26 
10 0 2 1 7 3 1 16 
9 0 1 4 8 1 3 17 20 27 
1 0 8 3 5 10 3 21 28 30 
4 0 4 5 8 2 1 22 
1 0 5 7 5 7 2 24 29 
2 0 6 8 8 3 2 21 27 
8 0 5 4 8 10 3 21 24 25 
2 0 10 6 1 7 1 26 
3 0 2 6 5 8 1 30 
9 0 5 3 9 10 1 24 
5 0 8 10 7 2 1 28 
3 0 9 2 10 6 1 26 
2 0 1 6 6 8 1 29 
1 0 8 10 3 7 1 29 
2 0 7 1 1 4 1 31 
1 0 9 6 3 1 1 31 
1 0 1 2 4 2 1 31 
1 0 0 0 0 0 0 
1 0 0 0 0 0 3 33 34 35 
3 0 5 5 2 10 3 36 41 47 
5 0 6 8 7 5 3 37 38 40 
6 0 1 3 4 3 3 36 41 51 
1 0 1 10 6 10 3 38 44 54 
5 0 6 10 6 7 3 39 42 47 
1 0 10 4 3 3 3 42 45 55 
9 0 9 4 3 9 3 43 45 62 
3 0 8 1 7 3 3 44 52 54 
3 0 8 5 9 5 3 45 49 50 
9 0 4 3 2 1 2 43 50 
2 0 10 9 1 9 3 49 52 57 
4 0 8 7 2 1 3 55 58 59 
6 1 0 0 0 0 1 46 
8 1 0 0 0 0 2 53 56 
5 0 4 10 6 7 3 48 50 51 
8 0 7 2 8 8 3 52 53 62 
6 1 0 0 0 0 2 56 61 
7 1 0 0 0 0 1 62 
8 0 1 7 8 1 3 53 54 58 
10 1 0 0 0 0 2 56 59 
1 0 3 9 9 9 2 57 60 
10 1 0 0 0 0 3 55 57 60 
2 0 6 5 4 3 1 61 
9 0 4 6 1 8 1 58 
4 0 1 5 5 6 1 59 
8 0 5 3 3 4 1 60 
10 0 6 7 9 1 1 61 
2 0 6 9 10 8 1 63 
9 0 6 1 7 10 1 63 
4 0 4 7 5 3 1 63 
1 0 0 0 0 0 0 
1 0 0 0 0 0 3 65 66 67 
1 0 8 0 1 0 3 69 75 76 
6 0 9 6 1 9 3 75 79 89 
7 0 7 0 1 5 3 68 71 72 
9 0 0 0 1 0 3 70 79 83 
1 0 1 0 4 0 3 74 81 86 
8 0 9 0 0 0 3 77 86 87 
10 0 8 0 0 0 2 73 85 
3 0 0 0 9 0 3 74 78 88 
8 0 0 10 0 4 3 74 83 87 
6 1 0 0 0 0 2 80 92 
9 0 3 9 0 3 2 78 82 
9 0 0 2 1 0 3 80 83 86 
10 1 0 0 0 0 3 81 85 88 
9 0 0 7 3 0 3 84 85 87 
7 0 0 0 5 0 3 80 81 90 
6 0 0 0 9 0 2 82 94 
1 1 0 0 0 0 2 82 84 
3 0 0 9 0 5 1 93 
3 1 0 0 0 0 3 84 89 94 
2 0 0 10 10 5 1 91 
8 0 0 0 10 0 2 90 91 
5 1 0 0 0 0 1 88 
1 1 0 0 0 0 3 90 91 93 
10 0 0 1 0 0 2 89 93 
3 0 1 0 5 0 1 92 
1 0 8 4 9 8 1 94 
6 0 0 0 6 0 1 92 
8 0 9 6 6 0 1 95 
5 0 1 5 8 0 1 95 
6 0 0 7 0 0 1 95 
1 0 0 0 0 0 0 
1 0 0 0 0 0 3 97 98 99 
1 0 6 1 0 9 1 104 
7 0 2 2 8 7 3 101 113 118 
6 0 0 0 4 10 2 100 107 
7 0 9 4 3 4 3 103 105 106 
4 0 0 0 1 8 1 102 
10 0 0 1 2 2 2 107 125 
4 0 7 2 4 5 3 110 115 123 
6 0 1 1 5 3 2 106 108 
9 0 0 8 1 5 3 108 111 115 
6 0 5 1 1 4 2 109 117 
9 0 0 10 1 9 1 120 
4 0 3 0 5 2 3 109 112 114 
8 1 0 0 0 0 3 113 122 124 
7 0 5 2 0 3 2 113 117 
3 1 0 0 0 0 3 112 120 121 
2 1 0 0 0 0 2 116 119 
8 0 8 1 9 1 1 125 
1 0 0 6 4 0 3 116 119 120 
1 0 2 1 6 3 1 126 
8 0 7 0 10 0 1 124 
6 1 0 0 0 0 2 118 121 
4 1 0 0 0 0 2 119 122 
6 1 0 0 0 0 1 125 
2 0 10 0 9 0 2 123 126 
9 1 0 0 0 0 1 122 
6 0 10 0 0 4 1 126 
10 0 5 0 0 0 1 124 
8 0 9 3 8 0 1 127 
7 0 0 10 9 0 1 127 
4 0 5 8 8 1 1 127 
1 0 0 0 0 0 0 
1 0 0 0 0 0 3 129 130 131 
1 0 9 5 1 9 3 132 137 155 
7 0 3 7 10 8 3 133 136 138 
1 0 7 4 10 4 3 134 138 151 
7 0 10 6 3 4 3 144 146 149 
7 0 1 7 3 3 3 135 142 149 
1 0 2 10 9 1 2 147 148 
7 0 10 9 10 8 3 147 150 152 
4 0 4 10 7 7 2 154 155 
4 0 4 4 9 9 2 140 151 
2 0 4 9 5 7 2 139 154 
1 0 8 2 4 9 1 145 
1 0 7 2 6 6 3 141 145 146 
6 0 9 2 10 3 1 143 
1 0 2 10 6 8 3 145 150 158 
7 0 1 10 2 3 1 152 
9 1 0 0 0 0 3 147 156 157 
3 1 0 0 0 0 1 148 
10 0 4 5 1 1 2 148 152 
3 1 0 0 0 0 1 158 
10 0 6 1 6 5 2 153 156 
8 1 0 0 0 0 1 158 
1 1 0 0 0 0 2 151 153 
6 1 0 0 0 0 1 154 
1 0 6 8 8 2 1 153 
3 0 4 5 7 5 1 157 
9 0 10 1 7 1 1 157 
8 0 7 5 7 3 1 156 
3 0 10 5 10 6 1 159 
6 0 9 5 8 8 1 159 
8 0 8 4 2 7 1 159 
1 0 0 0 0 0 0 
1 0 0 0 0 0 3 161 162 163 
8 0 4 0 0 0 3 165 170 174 
4 0 10 0 0 0 3 166 167 172 
6 0 0 0 0 3 3 164 168 169 
3 0 3 0 0 0 1 179 
8 0 0 0 0 8 1 189 
5 0 4 0 0 0 1 186 
9 0 0 1 0 0 3 171 178 186 
2 0 6 0 0 0 1 173 
7 0 0 0 0 1 2 175 184 
9 0 0 5 0 0 2 179 185 
2 0 0 7 0 0 1 173 
6 0 4 0 0 0 2 176 177 
3 1 0 0 0 0 1 176 
9 1 0 0 0 0 1 184 
10 0 0 0 0 5 2 180 181 
6 0 0 0 0 8 1 181 
5 0 0 0 0 7 2 179 181 
3 0 0 1 0 0 2 183 188 
7 0 0 10 0 0 2 182 184 
2 0 0 0 0 6 1 187 
7 0 2 0 0 0 1 182 
2 0 3 0 0 0 1 183 
3 0 0 9 0 0 1 189 
3 0 4 0 0 0 1 189 
7 0 0 0 4 0 1 190 
8 1 0 0 0 0 1 187 
3 0 0 8 0 0 1 190 
7 0 0 7 0 0 1 191 
2 0 0 7 0 0 1 191 
2 0 0 0 2 0 1 191 
1 0 0 0 0 0 0 
1 0 0 0 0 0 3 193 194 195 
6 0 1 0 0 2 1 198 
9 0 7 7 3 0 2 199 204 
7 0 10 0 10 3 3 196 197 209 
1 0 1 0 8 9 2 202 206 
2 0 0 0 5 9 3 200 203 208 
5 0 5 0 10 0 2 201 211 
7 0 0 0 3 9 2 213 217 
7 0 0 5 1 0 2 207 215 
7 0 7 2 0 0 2 216 220 
1 0 8 0 3 10 1 204 
3 0 5 6 0 0 2 219 221 
1 0 0 7 0 8 3 205 210 220 
8 0 8 0 10 4 1 214 
1 0 9 0 0 0 1 218 
7 1 0 0 0 0 1 218 
1 0 0 0 10 0 1 210 
2 0 3 7 0 0 1 216 
6 0 0 0 0 8 1 212 
4 0 0 9 5 0 2 215 221 
9 1 0 0 0 0 1 216 
6 0 4 0 0 10 1 222 
5 1 0 0 0 0 1 218 
2 0 0 0 8 0 2 217 222 
9 0 9 0 8 0 1 222 
1 1 0 0 0 0 1 219 
2 1 0 0 0 0 1 221 
8 1 0 0 0 0 1 220 
5 0 0 9 9 5 1 223 
5 0 5 6 0 0 1 223 
10 0 4 4 8 6 1 223 
1 0 0 0 0 0 0 
1 0 0 0 0 0 3 225 226 227 
3 0 7 0 0 0 3 230 233 234 
3 0 0 0 0 3 1 228 
9 0 1 0 0 0 3 229 233 244 
1 0 0 5 0 0 1 251 
7 0 0 6 0 0 3 234 237 248 
4 0 0 0 0 8 2 231 245 
4 0 0 0 6 0 3 232 238 244 
4 0 8 0 0 0 2 236 240 
3 0 10 0 0 0 3 235 241 247 
1 1 0 0 0 0 3 249 250 251 
6 1 0 0 0 0 3 236 242 243 
8 0 0 10 0 0 1 237 
5 0 1 0 0 0 3 249 250 251 
4 0 6 0 0 0 3 239 241 247 
9 1 0 0 0 0 2 242 246 
2 1 0 0 0 0 2 241 254 
5 1 0 0 0 0 1 242 
1 0 7 0 0 0 1 248 
1 0 0 5 0 0 3 246 253 254 
5 0 0 1 0 0 1 253 
3 0 0 0 0 2 1 253 
5 1 0 0 0 0 1 248 
2 0 0 0 8 0 2 249 252 
10 0 3 0 0 0 1 250 
1 0 0 0 4 0 1 254 
1 0 0 0 0 8 1 252 
3 0 0 9 0 0 1 252 
4 0 8 0 0 0 1 255 
9 0 0 0 6 0 1 255 
6 0 0 0 0 3 1 255 
1 0 0 0 0 0 0 
1 0 0 0 0 0 3 257 258 259 
2 0 5 10 0 10 3 268 279 280 
4 0 5 10 10 7 3 260 261 262 
3 0 3 1 1 4 3 267 269 270 
2 0 0 9 9 0 3 265 272 274 
6 0 6 7 8 8 3 263 266 274 
4 0 4 0 0 3 2 264 265 
6 0 10 5 4 1 1 273 
10 0 7 4 7 0 3 266 269 273 
10 0 1 0 1 3 3 268 275 278 
5 0 7 0 3 0 3 267 268 275 
8 0 4 0 9 8 3 272 276 281 
3 1 0 0 0 0 3 281 282 286 
1 1 0 0 0 0 3 272 283 285 
7 0 6 0 10 1 3 271 275 276 
2 0 2 6 0 6 3 274 278 281 
9 0 2 0 1 8 2 277 282 
7 1 0 0 0 0 2 276 283 
6 0 2 0 8 7 3 277 280 283 
5 1 0 0 0 0 3 279 280 282 
4 0 0 9 10 0 3 277 278 285 
4 0 9 1 0 0 1 279 
3 0 3 7 8 0 1 284 
7 0 7 8 3 0 1 286 
5 0 1 0 0 4 1 284 
9 0 0 0 5 2 1 285 
7 0 7 9 0 9 1 284 
7 0 9 1 7 7 1 286 
5 0 2 3 8 10 1 287 
5 0 4 4 9 6 1 287 
2 0 3 6 7 7 1 287 
1 0 0 0 0 0 0 
1 0 0 0 0 0 3 289 290 291 
9 0 6 3 4 9 3 292 293 297 
10 0 3 3 6 10 3 293 309 310 
4 0 8 3 10 1 3 296 297 307 
1 0 4 2 10 7 3 294 295 298 
9 0 6 5 3 10 3 294 301 304 
4 0 6 1 10 4 2 306 308 
6 0 8 2 4 5 3 299 301 310 
1 0 7 4 5 5 3 301 302 315 
1 0 2 5 1 1 3 300 306 308 
2 0 2 10 9 3 3 302 305 312 
3 0 7 3 4 9 3 300 303 304 
4 0 3 10 10 6 3 302 312 314 
7 0 9 4 8 4 1 311 
10 1 0 0 0 0 1 309 
8 0 1 8 5 6 3 305 306 309 
9 0 5 9 3 4 3 305 312 313 
7 1 0 0 0 0 2 307 316 
4 0 5 6 7 8 3 311 313 315 
9 0 5 6 10 3 2 308 311 
10 0 7 2 2 9 2 314 315 
5 0 6 6 1 1 1 313 
10 1 0 0 0 0 2 314 316 
8 0 10 8 6 5 2 317 318 
9 0 2 7 3 4 1 316 
1 0 8 9 2 2 1 318 
5 0 2 4 2 9 2 317 318 
6 0 8 10 9 3 1 317 
8 0 5 10 4 10 1 319 
5 0 1 7 6 8 1 319 
6 0 4 8 1 10 1 319 
1 0 0 0 0 0 0 
1 0 0 0 0 0 3 321 322 323 
4 0 5 2 4 9 2 327 337 
6 0 9 7 10 10 3 324 325 329 
2 0 5 7 6 8 1 326 
7 0 6 2 2 2 3 332 333 345 
2 0 4 6 5 4 2 339 344 
5 0 2 5 9 9 1 350 
9 0 1 6 5 9 3 328 335 340 
8 0 7 10 7 3 2 330 331 
1 0 2 4 7 4 1 338 
8 0 2 6 8 1 1 333 
10 0 1 2 1 8 3 336 341 342 
10 0 4 7 1 3 1 348 
7 0 8 6 3 10 1 334 
10 0 3 10 9 5 1 343 
4 0 3 4 10 2 2 338 347 
8 1 0 0 0 0 1 338 
2 0 3 9 3 7 1 345 
4 1 0 0 0 0 1 348 
9 0 10 8 7 8 3 341 345 347 
10 0 2 3 10 7 2 343 347 
8 0 4 10 4 2 1 350 
9 1 0 0 0 0 1 350 
9 0 8 2 10 10 1 346 
2 0 6 5 6 2 1 348 
1 1 0 0 0 0 1 346 
8 0 2 10 6 5 1 349 
9 0 8 1 8 9 1 349 
3 0 9 3 6 6 1 351 
4 0 9 8 2 10 1 351 
2 0 5 9 5 10 1 351 
1 0 0 0 0 0 0 
1 0 0 0 0 0 3 353 354 355 
4 0 1 3 0 1 1 357 
1 0 1 0 0 0 2 356 359 
8 0 7 4 0 0 1 366 
1 0 3 0 0 0 3 362 372 378 
10 0 1 0 8 0 3 358 361 365 
8 0 0 1 10 0 1 363 
4 0 9 5 8 0 2 360 382 
1 0 0 9 10 0 1 373 
10 0 0 4 6 7 2 367 371 
7 0 8 0 2 0 1 376 
9 1 0 0 0 0 2 364 375 
1 1 0 0 0 0 1 369 
4 0 9 3 0 0 3 369 374 379 
7 0 0 9 6 1 1 377 
10 0 0 6 0 0 3 368 376 379 
1 0 9 0 5 0 1 370 
6 0 4 4 10 0 2 370 380 
1 0 5 0 4 10 1 378 
8 1 0 0 0 0 1 376 
3 0 0 0 4 3 1 379 
10 0 3 0 2 0 3 375 377 380 
3 0 0 0 2 0 1 375 
7 0 0 7 6 0 1 381 
1 0 6 0 0 0 1 381 
9 0 1 0 9 0 1 381 
7 0 8 0 3 8 1 382 
4 0 10 0 1 5 1 380 
7 0 0 4 0 0 1 383 
6 0 0 8 0 0 1 383 
4 0 10 0 1 0 1 383 
1 0 0 0 0 0 0 
88.48 84.81 84.39 83.28 84.1 90.91 103.44 117.83 110.97 100.01 91.8 81.93 81.05 75.59 74.32 78 84.01 97.05 109.74 134.5 141.68 121.99 113.19 100.11 95.96 87.52 84.6 84.17 85.25 92.45 111.58 121 117.88 104.71 86.75 82.28 80.91 81.94 81.77 80.54 84.44 100.06 115.89 121.82 119.33 111.03 104.67 89.93 96.59 90.38 88.38 86.19 88.16 89.49 106.29 120 132.11 113.04 97.55 95.94 92.04 95.36 94.14 99.19 107.83 115.88 122.22 147.01 155.14 137.43 119.43 111.47 100 96.94 96 96.37 96.53 103.72 119.12 148.33 162.7 136.45 109.44 109.01 111.91 99.32 98.84 113.16 114.84 114.73 123.63 146.33 132.8 114.08 113.99 101.66 98.53 90.55 89.84 90 90.82 98.81 115.11 130.05 139.48 115 113.54 116.55 105.16 93.84 88.03 88.88 82.2 95.64 112.65 123.54 124.98 119.46 106.06 97.99 104.91 99.78 95.6 97.97 98.89 99.93 96.36 94.11 94.47 89.08 73.74 33.22 21.13 12.89 2.84 6.17 27.72 76.56 104.37 112.21 119.35 114.92 110 104.96 102.37 98.18 94.3 85.73 86.97 93.35 81.33 73.87 75.69 54.9 25.09 13.89 9.73 1.85 0.16 1.78 31.34 87.23 104.77 115.02 126.23 126.57 118.28 107.41 88.48 84.81 84.39 83.28 84.1 90.91 103.44 117.83 110.97 100.01 91.8 81.93 81.05 75.59 74.32 78 84.01 97.05 109.74 134.5 141.68 121.99 113.19 100.11 95.96 87.52 84.6 84.17 85.25 92.45 111.58 121 117.88 104.71 86.75 82.28 80.91 81.94 81.77 80.54 84.44 100.06 115.89 121.82 119.33 111.03 104.67 89.93 96.59 90.38 88.38 86.19 88.16 89.49 106.29 120 132.11 113.04 97.55 95.94 92.04 95.36 94.14 99.19 107.83 115.88 122.22 147.01 155.14 137.43 119.43 111.47 100 96.94 96 96.37 96.53 103.72 119.12 148.33 162.7 136.45 109.44 109.01 111.91 99.32 98.84 113.16 114.84 114.73 123.63 146.33 132.8 114.08 113.99 101.66 98.53 90.55 89.84 90 90.82 98.81 115.11 130.05 139.48 115 113.54 116.55 105.16 93.84 88.03 88.88 82.2 95.64 112.65 123.54 124.98 119.46 106.06 97.99 104.91 99.78 95.6 97.97 98.89 99.93 96.36 94.11 94.47 89.08 73.74 33.22 21.13 12.89 2.84 6.17 27.72 76.56 104.37 112.21 119.35 114.92 110 104.96 102.37 98.18 94.3 85.73 86.97 93.35 81.33 73.87 75.69 54.9 25.09 13.89 9.73 1.85 0.16 1.78 31.34 87.23 104.77 115.02 126.23 126.57 118.28 107.41 88.48 84.81 84.39 83.28 84.1 90.91 103.44 117.83 110.97 100.01 91.8 81.93 81.05 75.59 74.32 78 84.01 97.05 109.74 134.5 141.68 121.99 113.19 100.11 95.96 87.52 84.6 84.17 85.25 92.45 111.58 121 117.88 104.71 86.75 82.28 80.91 81.94 81.77 80.54 84.44 100.06 115.89 121.82 119.33 111.03 104.67 89.93 96.59 90.38 88.38 86.19 88.16 89.49 106.29 120 132.11 113.04 97.55 95.94 92.04 95.36 94.14 99.19 107.83 115.88 122.22 147.01 155.14 137.43 119.43 111.47 100 96.94 96 96.37 96.53 103.72 119.12 148.33 162.7 136.45 109.44 109.01 111.91 99.32 98.84 113.16 114.84 114.73 123.63 146.33 132.8 114.08 113.99 101.66 98.53 90.55 89.84 90 90.82 98.81 115.11 130.05 139.48 115 113.54 116.55 105.16 93.84 88.03 88.88 82.2 95.64 112.65 123.54 124.98 119.46 106.06 97.99 104.91 99.78 95.6 97.97 98.89 99.93 96.36 94.11 94.47 89.08 73.74 33.22 21.13 12.89 2.84 6.17 27.72 76.56 104.37 112.21 119.35 114.92 110 104.96 102.37 98.18 94.3 85.73 86.97 93.35 81.33 73.87 75.69 54.9 25.09 13.89 9.73 1.85 0.16 1.78 31.34 87.23 104.77 115.02 126.23 126.57 118.28 107.41 88.48 84.81 84.39 83.28 84.1 90.91 103.44 117.83 110.97 100.01 91.8 81.93 81.05 75.59 74.32 78 84.01 97.05 109.74 134.5 141.68 121.99 113.19 100.11 95.96 87.52 84.6 84.17 85.25 92.45 111.58 121 117.88 104.71 86.75 82.28 80.91 81.94 81.77 80.54 84.44 100.06 115.89 121.82 119.33 111.03 104.67 89.93 96.59 90.38 88.38 86.19 88.16 89.49 106.29 120 132.11 113.04 97.55 95.94 92.04 95.36 94.14 99.19 107.83 115.88 122.22 147.01 155.14 137.43 119.43 111.47 100 96.94 96 96.37 96.53 103.72 119.12 148.33 162.7 136.45 109.44 109.01 111.91 99.32 98.84 113.16 114.84 114.73 123.63 146.33 132.8 114.08 113.99 101.66 98.53 90.55 89.84 90 90.82 98.81 115.11 130.05 139.48 115 113.54 116.55 105.16 93.84 88.03 88.88 82.2 95.64 112.65 123.54 124.98 119.46 106.06 97.99 104.91 99.78 95.6 97.97 98.89 99.93 96.36 94.11 94.47 89.08 73.74 33.22 21.13 12.89 2.84 6.17 27.72 76.56 104.37 112.21 119.35 114.92 110 104.96 102.37 98.18 94.3 85.73 86.97 93.35 81.33 73.87 75.69 54.9 25.09 13.89 
