416 5
1 36 33 45 34 
1 0 0 0 0 0 3 1 2 3 
4 0 0 9 0 0 3 4 11 18 
5 0 0 0 7 0 2 8 14 
10 0 2 0 0 0 3 5 6 9 
8 0 0 0 0 8 3 7 13 16 
8 0 0 0 0 6 2 12 13 
5 0 0 0 9 0 3 14 15 23 
7 1 0 0 0 0 1 12 
8 0 0 0 0 3 3 13 16 18 
3 0 0 0 0 1 3 10 14 21 
9 0 0 2 0 0 1 17 
3 0 0 0 0 9 1 21 
6 0 0 0 2 0 1 25 
6 1 0 0 0 0 3 15 22 28 
8 1 0 0 0 0 1 19 
6 0 0 0 8 0 1 29 
10 0 8 0 0 0 2 26 28 
2 0 7 0 0 0 1 20 
6 0 0 1 0 0 2 22 23 
6 1 0 0 0 0 2 25 27 
4 0 0 0 0 9 2 24 30 
1 1 0 0 0 0 2 22 27 
2 1 0 0 0 0 1 24 
8 0 0 0 8 0 3 25 26 27 
5 0 0 8 0 0 1 26 
3 0 0 0 0 1 2 28 30 
5 0 0 2 0 0 1 29 
1 0 0 0 9 0 2 29 30 
3 0 0 0 0 3 1 31 
9 0 0 0 0 2 1 31 
2 0 10 0 0 0 1 31 
1 0 0 0 0 0 0 
1 0 0 0 0 0 3 33 34 35 
1 0 2 7 9 1 3 51 58 59 
5 0 4 2 9 1 2 40 57 
9 0 5 8 1 1 3 36 38 39 
6 0 10 8 3 10 3 37 41 42 
1 0 6 3 1 7 1 56 
8 0 5 10 3 1 2 45 46 
3 1 0 0 0 0 1 59 
9 0 8 10 2 9 1 45 
6 0 7 3 10 8 1 47 
7 0 4 3 3 4 2 43 44 
1 0 7 8 2 6 1 61 
8 1 0 0 0 0 2 52 60 
10 0 7 4 5 5 1 48 
2 0 7 2 6 8 1 56 
8 0 10 4 1 9 1 50 
9 1 0 0 0 0 3 49 53 55 
6 0 6 8 4 8 1 58 
10 0 10 8 10 10 1 54 
9 0 2 1 10 6 2 52 60 
7 0 5 10 6 8 1 54 
1 1 0 0 0 0 2 54 56 
7 0 1 1 2 7 1 61 
4 0 4 7 7 9 1 62 
8 0 4 7 4 2 1 59 
10 0 8 1 1 4 1 58 
1 0 10 4 3 1 1 61 
5 0 3 5 6 9 2 60 62 
1 0 9 1 2 1 1 63 
8 0 4 2 5 2 1 63 
8 0 9 2 2 7 1 63 
1 0 0 0 0 0 0 
1 0 0 0 0 0 3 65 66 67 
3 0 3 0 0 0 1 69 
2 0 3 0 0 0 3 68 77 92 
9 0 8 0 0 0 1 80 
3 0 0 0 3 0 3 71 82 87 
10 0 0 0 0 6 3 70 74 77 
2 0 2 0 0 0 1 81 
2 0 10 0 0 0 3 72 76 78 
10 0 0 0 4 0 1 73 
5 1 0 0 0 0 1 84 
2 0 0 0 4 0 2 75 79 
5 0 0 9 0 0 2 81 83 
3 0 7 0 0 0 1 84 
4 0 5 0 0 0 1 86 
8 0 0 0 6 0 1 81 
3 0 8 0 0 0 1 88 
4 0 6 0 0 0 1 93 
3 1 0 0 0 0 1 91 
10 0 0 0 10 0 2 86 90 
3 1 0 0 0 0 3 85 87 89 
8 0 0 0 0 5 1 89 
10 1 0 0 0 0 2 88 90 
8 1 0 0 0 0 1 89 
8 0 0 0 0 7 1 94 
6 0 0 7 0 0 2 93 94 
10 0 0 0 1 0 1 91 
9 0 0 0 0 5 1 93 
1 0 0 0 8 0 1 94 
9 0 0 0 5 0 1 95 
9 0 2 0 0 0 1 95 
1 0 0 6 0 0 1 95 
1 0 0 0 0 0 0 
1 0 0 0 0 0 3 97 98 99 
2 0 3 9 1 9 3 100 103 109 
4 0 8 8 3 10 3 103 117 126 
4 0 3 4 3 1 3 101 105 106 
1 0 1 7 6 4 3 101 102 107 
10 0 1 2 5 4 2 114 122 
10 0 7 5 7 10 3 110 111 118 
7 0 6 3 1 3 2 104 120 
2 0 1 8 7 6 3 111 112 119 
7 0 2 9 3 4 2 107 108 
2 0 8 5 3 3 3 112 115 122 
3 0 1 6 8 2 3 113 114 116 
4 0 1 9 10 7 3 110 113 115 
3 0 5 8 2 5 3 110 111 118 
3 0 3 10 4 9 3 112 114 116 
5 1 0 0 0 0 1 125 
6 1 0 0 0 0 1 124 
1 0 8 2 6 8 3 118 121 126 
9 0 8 1 7 9 3 117 120 126 
7 1 0 0 0 0 2 116 117 
4 0 5 3 4 10 3 119 120 124 
5 1 0 0 0 0 2 119 121 
5 1 0 0 0 0 2 122 123 
8 0 4 4 4 2 1 123 
4 0 4 10 7 8 2 121 123 
3 0 4 10 3 1 1 125 
8 0 10 10 7 1 1 124 
7 0 7 3 6 6 1 125 
9 0 5 1 10 7 1 127 
6 0 3 2 4 5 1 127 
2 0 7 3 2 8 1 127 
1 0 0 0 0 0 0 
1 0 0 0 0 0 3 129 130 131 
4 0 5 6 7 7 3 137 139 147 
5 0 8 7 6 10 3 133 143 149 
3 0 6 9 4 6 2 132 133 
6 0 8 2 10 4 3 136 139 146 
6 0 5 6 4 10 3 134 137 138 
1 0 7 5 10 6 3 135 144 147 
1 0 4 9 8 9 3 142 145 154 
10 0 8 4 1 7 3 143 147 149 
5 0 4 6 6 5 3 140 142 152 
6 0 2 10 1 9 3 140 150 151 
5 0 3 1 9 4 3 140 143 151 
3 1 0 0 0 0 3 141 144 156 
9 1 0 0 0 0 2 154 157 
9 1 0 0 0 0 3 150 156 158 
7 1 0 0 0 0 3 144 145 155 
9 0 3 2 5 6 3 148 153 157 
6 0 1 9 1 10 1 152 
2 0 4 3 8 10 2 148 149 
4 0 4 6 2 7 2 148 150 
1 0 5 2 9 5 1 154 
4 0 10 7 1 1 3 151 152 155 
9 0 3 1 3 4 1 155 
9 0 2 7 10 4 1 153 
4 0 2 2 5 9 2 153 156 
3 0 9 5 2 7 1 158 
6 0 5 6 9 9 1 158 
8 0 1 9 7 3 1 157 
4 0 2 7 10 8 1 159 
2 0 6 9 4 5 1 159 
1 0 9 6 7 9 1 159 
1 0 0 0 0 0 0 
1 0 0 0 0 0 3 161 162 163 
7 0 9 4 8 9 1 164 
4 0 0 0 3 0 3 165 167 176 
4 0 2 0 0 0 3 168 170 177 
5 0 10 9 5 3 3 166 179 180 
2 0 0 0 0 10 2 174 185 
1 0 8 0 0 0 1 173 
7 0 0 10 8 0 1 181 
3 0 3 10 0 5 1 169 
7 0 7 0 0 0 1 176 
6 0 5 0 9 7 2 171 176 
8 0 0 0 1 6 3 172 178 183 
3 1 0 0 0 0 1 175 
1 0 7 10 6 0 2 182 188 
8 0 4 2 10 0 2 186 189 
5 1 0 0 0 0 1 188 
3 1 0 0 0 0 1 187 
8 0 10 3 10 0 2 179 184 
2 1 0 0 0 0 1 184 
5 0 10 7 0 0 2 185 189 
7 0 0 0 7 2 2 186 190 
8 0 0 9 4 8 1 187 
8 1 0 0 0 0 1 184 
5 0 0 5 7 0 1 185 
7 0 10 0 7 0 1 190 
6 0 0 0 7 0 1 187 
4 1 0 0 0 0 1 188 
2 0 0 1 0 0 1 190 
7 0 0 0 0 3 1 191 
4 0 0 0 1 3 1 191 
10 0 3 0 5 0 1 191 
1 0 0 0 0 0 0 
1 0 0 0 0 0 3 193 194 195 
8 0 9 1 8 9 3 207 209 210 
2 0 7 10 5 2 3 197 204 206 
6 0 8 6 10 10 3 196 198 219 
10 0 10 7 1 4 2 199 203 
1 0 5 3 8 7 3 200 203 214 
8 0 5 7 7 3 2 205 208 
6 1 0 0 0 0 2 207 209 
8 0 9 1 1 9 2 201 202 
8 0 7 6 7 10 1 208 
1 0 7 4 6 2 1 220 
1 1 0 0 0 0 3 209 210 217 
4 0 1 5 8 2 3 218 219 222 
3 0 5 4 6 3 2 206 213 
4 0 7 5 3 8 2 214 221 
5 0 2 8 6 4 2 214 221 
7 1 0 0 0 0 3 210 212 215 
6 1 0 0 0 0 2 211 216 
5 0 6 8 2 5 1 216 
6 0 1 10 2 2 1 215 
10 1 0 0 0 0 1 217 
8 0 5 2 8 3 2 216 217 
8 0 4 5 8 5 1 215 
2 0 1 10 5 9 1 222 
8 0 1 8 4 9 1 218 
4 0 7 6 7 9 3 218 221 222 
2 0 8 1 8 10 1 220 
10 0 6 1 4 5 1 220 
6 0 5 8 9 8 1 223 
9 0 7 10 3 6 1 223 
7 0 10 3 3 2 1 223 
1 0 0 0 0 0 0 
1 0 0 0 0 0 3 225 226 227 
1 0 3 7 8 2 3 230 232 234 
7 0 10 8 8 3 3 228 229 231 
6 0 4 3 10 8 3 237 239 245 
5 1 0 0 0 0 3 244 245 248 
8 0 1 2 5 2 2 235 247 
7 0 4 3 5 7 3 233 237 238 
5 0 10 8 7 6 3 237 238 250 
9 0 5 6 10 1 2 235 246 
9 0 2 8 3 7 3 235 239 243 
3 0 8 1 8 7 2 236 240 
6 0 6 6 1 4 2 250 254 
10 0 2 2 7 7 3 241 242 246 
7 1 0 0 0 0 3 240 243 244 
9 0 8 3 2 3 3 239 240 243 
6 0 8 9 5 6 2 241 242 
6 0 7 4 3 9 3 241 248 249 
7 0 3 1 2 3 1 253 
3 1 0 0 0 0 2 244 251 
7 1 0 0 0 0 2 246 247 
9 0 6 3 5 7 2 247 252 
8 0 2 8 3 1 2 249 250 
5 0 2 2 2 3 2 248 251 
1 0 7 5 10 10 1 249 
9 0 6 7 2 1 2 252 254 
6 0 2 2 4 10 2 253 254 
2 0 9 9 9 6 2 251 253 
10 0 6 5 9 5 1 252 
3 0 8 6 2 8 1 255 
4 0 5 5 5 4 1 255 
9 0 9 3 6 4 1 255 
1 0 0 0 0 0 0 
1 0 0 0 0 0 3 257 258 259 
4 0 10 0 6 7 3 260 261 264 
2 0 7 0 10 0 3 275 276 278 
3 0 3 1 0 0 3 262 265 267 
1 0 3 6 1 8 3 263 267 276 
3 0 9 5 6 5 3 262 266 273 
2 0 1 0 9 10 3 269 272 285 
4 0 4 3 3 0 3 268 270 277 
4 0 5 5 0 1 3 265 270 275 
9 0 8 5 7 0 3 266 269 271 
6 0 10 1 10 4 3 274 281 286 
7 0 5 0 0 0 2 272 277 
2 0 0 7 3 0 2 269 278 
10 1 0 0 0 0 3 274 280 286 
3 0 8 0 0 0 2 271 272 
9 0 3 10 5 1 3 274 279 285 
7 0 8 10 10 0 1 283 
2 0 0 0 4 0 3 276 277 278 
5 0 9 1 0 6 1 283 
5 0 6 7 0 3 2 279 285 
6 0 2 0 3 0 3 280 281 282 
7 0 8 3 1 5 1 282 
9 0 0 7 8 10 1 279 
9 0 5 9 5 3 3 280 281 282 
4 0 8 0 2 1 1 284 
3 0 8 5 3 6 1 283 
7 0 6 10 7 4 2 284 286 
3 0 6 0 6 9 1 284 
4 0 2 4 1 0 1 287 
6 0 7 1 9 8 1 287 
10 0 7 5 1 9 1 287 
1 0 0 0 0 0 0 
1 0 0 0 0 0 3 289 290 291 
6 0 3 5 0 3 1 296 
5 0 8 1 7 0 3 292 295 303 
4 0 0 3 7 3 1 302 
7 0 2 5 9 2 3 293 296 306 
5 0 4 3 5 5 3 294 297 318 
8 0 5 6 8 9 2 298 299 
10 0 0 1 0 2 2 301 310 
10 0 0 9 1 10 1 300 
8 0 9 2 1 2 3 305 308 310 
4 0 8 0 8 0 3 300 302 313 
4 1 0 0 0 0 2 300 307 
4 1 0 0 0 0 2 304 309 
8 0 8 10 9 4 3 304 305 307 
9 0 3 10 0 0 3 304 307 310 
2 0 9 0 7 0 1 313 
9 0 8 9 5 5 1 311 
1 1 0 0 0 0 1 309 
5 0 0 0 2 7 2 314 317 
2 0 8 9 4 2 2 315 316 
4 1 0 0 0 0 2 311 313 
2 1 0 0 0 0 2 312 316 
6 0 9 3 10 4 3 311 312 314 
6 0 8 0 7 0 1 317 
4 0 9 4 8 3 1 315 
6 0 5 0 8 3 2 314 315 
6 0 5 4 4 0 1 316 
1 0 4 1 0 10 1 317 
4 0 2 0 10 0 1 319 
2 0 7 8 2 6 1 319 
9 0 2 3 0 4 1 319 
1 0 0 0 0 0 0 
1 0 0 0 0 0 3 321 322 323 
3 0 5 5 2 10 3 324 329 335 
5 0 6 8 7 5 3 325 326 328 
6 0 1 3 4 3 3 324 329 339 
1 0 1 10 6 10 3 326 332 342 
5 0 6 10 6 7 3 327 330 335 
1 0 10 4 3 3 3 330 333 343 
9 0 9 4 3 9 3 331 333 350 
3 0 8 1 7 3 3 332 340 342 
3 0 8 5 9 5 3 333 337 338 
9 0 4 3 2 1 2 331 338 
2 0 10 9 1 9 3 337 340 345 
4 0 8 7 2 1 3 343 346 347 
6 1 0 0 0 0 1 334 
8 1 0 0 0 0 2 341 344 
5 0 4 10 6 7 3 336 338 339 
8 0 7 2 8 8 3 340 341 350 
6 1 0 0 0 0 2 344 349 
7 1 0 0 0 0 1 350 
8 0 1 7 8 1 3 341 342 346 
10 0 10 2 1 8 2 344 347 
1 1 0 0 0 0 2 345 348 
10 1 0 0 0 0 3 343 345 348 
2 0 6 5 4 3 1 349 
9 0 4 6 1 8 1 346 
4 0 1 5 5 6 1 347 
8 0 5 3 3 4 1 348 
10 0 6 7 9 1 1 349 
2 0 6 9 10 8 1 351 
9 0 6 1 7 10 1 351 
4 0 4 7 5 3 1 351 
1 0 0 0 0 0 0 
1 0 0 0 0 0 3 353 354 355 
7 0 9 3 0 6 3 357 358 364 
4 0 3 5 6 1 2 366 378 
10 0 10 0 0 0 2 356 361 
2 0 1 3 0 2 1 369 
10 0 4 7 3 9 3 360 375 382 
4 0 10 7 1 0 3 359 363 370 
5 1 0 0 0 0 3 369 372 377 
4 0 7 8 2 0 2 365 374 
10 0 6 2 2 7 3 362 368 370 
3 1 0 0 0 0 3 372 379 380 
7 0 7 8 1 0 2 373 374 
9 0 4 7 3 6 2 367 380 
5 0 8 6 3 3 2 368 371 
3 1 0 0 0 0 3 372 373 377 
2 0 5 0 3 10 1 382 
2 0 3 10 8 6 2 373 377 
3 0 5 0 1 4 2 374 378 
5 0 4 3 6 9 2 375 378 
4 0 8 8 0 6 2 376 380 
7 0 0 3 0 0 1 375 
1 0 0 7 0 0 1 376 
1 0 6 8 10 4 1 381 
3 0 7 8 0 8 1 376 
5 0 9 10 0 3 1 381 
1 0 0 8 3 3 1 379 
1 0 0 0 6 4 2 379 382 
4 0 7 7 8 0 1 381 
1 0 10 0 8 5 1 383 
3 0 2 0 4 8 1 383 
6 0 2 5 9 1 1 383 
1 0 0 0 0 0 0 
1 0 0 0 0 0 3 385 386 387 
9 0 0 0 4 0 3 389 390 398 
2 0 1 6 1 0 1 388 
7 0 0 5 0 5 1 391 
4 0 0 2 0 0 1 410 
7 0 4 8 0 7 3 392 396 397 
6 0 7 0 3 4 1 399 
3 0 4 0 9 6 1 399 
6 0 2 2 5 0 3 393 403 413 
7 0 0 4 1 9 3 394 399 405 
7 1 0 0 0 0 2 395 402 
3 0 3 3 0 0 3 400 407 409 
9 0 1 0 3 0 2 401 412 
6 0 10 0 0 3 1 414 
5 0 7 0 5 0 3 403 406 408 
7 0 10 0 0 0 1 404 
6 0 4 10 8 0 1 414 
6 1 0 0 0 0 1 402 
4 1 0 0 0 0 1 404 
6 0 0 0 2 0 1 410 
5 0 0 0 0 2 1 408 
6 1 0 0 0 0 1 406 
7 1 0 0 0 0 1 409 
2 1 0 0 0 0 1 410 
6 0 0 3 5 0 1 411 
1 0 10 0 0 0 2 411 412 
2 1 0 0 0 0 1 411 
9 0 0 6 0 0 1 414 
1 1 0 0 0 0 1 415 
9 0 0 0 10 9 1 415 
7 0 6 8 0 0 1 415 
1 0 0 0 0 0 0 
123.42 120.3 121.43 115.35 122.79 155.66 200.17 217.33 214.2 186.86 164.72 147.08 172.37 185.35 207.32 229.17 238.23 268.92 244.66 226.75 165.88 204.16 174.71 130.93 132 118.29 112.81 103.64 112.81 155.3 232.88 242.89 269.38 248.68 221.26 236.01 232 241.33 245 250 272.53 270.39 263.52 297.31 264.97 174.32 182.69 115.26 96.18 88.34 79.15 75.99 100.5 90.92 153.39 212.04 218.65 193.99 235 245 246.29 232.15 218.73 245 265 265 255.22 244.38 176.25 135.4 110.33 64.91 46.86 13.36 3.93 4.15 9.88 28.59 66.55 111.09 110.07 175 197.55 197.76 185 172.39 185 163.92 170 243.08 252.31 229.96 217.82 205.62 193.69 114.12 136.93 110 113.36 113.36 110 170.23 230.56 267.05 264.15 240 260 258.5 244.16 238.04 243.35 236.74 253.67 244 220.84 217.1 180.06 167.98 136.33 121.16 155.67 157.23 158.5 152.6 143.85 149.96 157.57 191.65 205.7 215.07 198.84 209.56 202.52 200.39 213.34 227.11 243.39 281.98 287.29 260.7 240 232.33 219.51 204.67 193.53 176.14 182.72 176.92 170.47 175.88 180.08 194.19 200.03 215.03 212.03 217.99 210.05 198.85 205.15 224.6 241.95 267.37 273 266.44 244.9 215.1 212.03 162.7 123.42 120.3 121.43 115.35 122.79 155.66 200.17 217.33 214.2 186.86 164.72 147.08 172.37 185.35 207.32 229.17 238.23 268.92 244.66 226.75 165.88 204.16 174.71 130.93 132 118.29 112.81 103.64 112.81 155.3 232.88 242.89 269.38 248.68 221.26 236.01 232 241.33 245 250 272.53 270.39 263.52 297.31 264.97 174.32 182.69 115.26 96.18 88.34 79.15 75.99 100.5 90.92 153.39 212.04 218.65 193.99 235 245 246.29 232.15 218.73 245 265 265 255.22 244.38 176.25 135.4 110.33 64.91 46.86 13.36 3.93 4.15 9.88 28.59 66.55 111.09 110.07 175 197.55 197.76 185 172.39 185 163.92 170 243.08 252.31 229.96 217.82 205.62 193.69 114.12 136.93 110 113.36 113.36 110 170.23 230.56 267.05 264.15 240 260 258.5 244.16 238.04 243.35 236.74 253.67 244 220.84 217.1 180.06 167.98 136.33 121.16 155.67 157.23 158.5 152.6 143.85 149.96 157.57 191.65 205.7 215.07 198.84 209.56 202.52 200.39 213.34 227.11 243.39 281.98 287.29 260.7 240 232.33 219.51 204.67 193.53 176.14 182.72 176.92 170.47 175.88 180.08 194.19 200.03 215.03 212.03 217.99 210.05 198.85 205.15 224.6 241.95 267.37 273 266.44 244.9 215.1 212.03 162.7 123.42 120.3 121.43 115.35 122.79 155.66 200.17 217.33 214.2 186.86 164.72 147.08 172.37 185.35 207.32 229.17 238.23 268.92 244.66 226.75 165.88 204.16 174.71 130.93 132 118.29 112.81 103.64 112.81 155.3 232.88 242.89 269.38 248.68 221.26 236.01 232 241.33 245 250 272.53 270.39 263.52 297.31 264.97 174.32 182.69 115.26 96.18 88.34 79.15 75.99 100.5 90.92 153.39 212.04 218.65 193.99 235 245 246.29 232.15 218.73 245 265 265 255.22 244.38 176.25 135.4 110.33 64.91 46.86 13.36 3.93 4.15 9.88 28.59 66.55 111.09 110.07 175 197.55 197.76 185 172.39 185 163.92 170 243.08 252.31 229.96 217.82 205.62 193.69 114.12 136.93 110 113.36 113.36 110 170.23 230.56 267.05 264.15 240 260 258.5 244.16 238.04 243.35 236.74 253.67 244 220.84 217.1 180.06 167.98 136.33 121.16 155.67 157.23 158.5 152.6 143.85 149.96 157.57 191.65 205.7 215.07 198.84 209.56 202.52 200.39 213.34 227.11 243.39 281.98 287.29 260.7 240 232.33 219.51 204.67 193.53 176.14 182.72 176.92 170.47 175.88 180.08 194.19 200.03 215.03 212.03 217.99 210.05 198.85 205.15 224.6 241.95 267.37 273 266.44 244.9 215.1 212.03 162.7 123.42 120.3 121.43 115.35 122.79 155.66 200.17 217.33 214.2 186.86 164.72 147.08 172.37 185.35 207.32 229.17 238.23 268.92 244.66 226.75 165.88 204.16 174.71 130.93 132 118.29 112.81 103.64 112.81 155.3 232.88 242.89 269.38 248.68 221.26 236.01 232 241.33 245 250 272.53 270.39 263.52 297.31 264.97 174.32 182.69 115.26 96.18 88.34 79.15 75.99 100.5 90.92 153.39 212.04 218.65 193.99 235 245 246.29 232.15 218.73 245 265 265 255.22 244.38 176.25 135.4 110.33 64.91 46.86 13.36 3.93 4.15 9.88 28.59 66.55 111.09 110.07 175 197.55 197.76 185 172.39 185 163.92 170 243.08 252.31 229.96 217.82 205.62 193.69 114.12 136.93 110 113.36 113.36 110 170.23 230.56 267.05 264.15 240 260 258.5 244.16 238.04 243.35 236.74 253.67 244 220.84 217.1 180.06 167.98 136.33 121.16 155.67 157.23 158.5 152.6 143.85 149.96 157.57 191.65 205.7 215.07 198.84 209.56 202.52 200.39 213.34 227.11 243.39 281.98 287.29 260.7 240 232.33 219.51 204.67 193.53 176.14 182.72 176.92 170.47 175.88 180.08 194.19 200.03 215.03 
