416 5
1 52 40 32 37 
1 0 0 0 0 0 3 1 2 3 
6 0 1 8 10 9 3 4 7 8 
6 0 1 1 5 4 3 5 10 18 
9 0 8 8 8 3 3 17 23 30 
6 0 1 7 7 7 3 6 17 30 
5 0 3 8 5 2 1 9 
1 1 0 0 0 0 1 18 
9 0 5 1 9 9 3 12 19 28 
8 0 5 1 9 4 3 12 13 15 
3 0 10 6 1 2 2 11 22 
9 1 0 0 0 0 3 17 23 24 
3 0 10 8 4 3 3 12 13 14 
3 0 5 8 7 1 2 16 24 
3 0 2 3 9 10 1 29 
7 1 0 0 0 0 3 20 25 26 
3 0 6 2 1 3 2 18 25 
6 0 8 7 4 2 3 21 23 26 
1 1 0 0 0 0 1 28 
4 1 0 0 0 0 1 21 
9 1 0 0 0 0 2 21 22 
8 0 5 9 10 6 1 24 
7 0 8 7 1 3 1 27 
3 0 3 8 10 10 1 26 
1 0 5 10 6 1 1 27 
1 0 2 3 6 7 1 27 
7 0 2 10 7 6 2 28 29 
3 0 8 2 3 9 1 30 
2 0 9 10 2 1 1 29 
8 0 6 4 1 8 1 31 
10 0 2 8 5 2 1 31 
7 0 10 4 2 7 1 31 
1 0 0 0 0 0 0 
1 0 0 0 0 0 3 33 34 35 
9 0 2 5 2 1 3 36 38 39 
3 0 4 0 6 3 3 45 48 49 
3 0 0 4 8 0 3 46 49 59 
8 0 4 4 3 6 3 37 41 58 
3 0 8 8 9 4 3 48 50 56 
9 0 6 9 0 3 3 49 58 61 
1 0 5 3 0 4 3 40 44 45 
8 0 3 1 5 1 3 42 43 52 
6 0 0 10 4 7 3 42 53 59 
5 1 0 0 0 0 2 51 55 
10 0 0 3 9 7 3 47 48 55 
4 0 0 6 2 2 3 46 47 55 
9 1 0 0 0 0 3 46 47 50 
2 1 0 0 0 0 2 57 60 
4 0 0 5 0 0 3 51 58 61 
9 0 10 5 10 2 3 53 54 61 
9 0 3 3 0 1 3 50 52 56 
1 1 0 0 0 0 1 51 
4 0 9 0 4 4 2 54 57 
6 1 0 0 0 0 2 53 54 
7 0 4 0 1 1 2 57 60 
4 0 10 0 3 0 1 62 
2 0 9 0 5 7 1 56 
6 0 7 0 0 10 1 60 
6 0 0 0 6 3 1 62 
6 0 1 1 3 1 1 59 
5 0 5 8 6 7 1 62 
3 0 1 0 0 5 1 63 
5 0 3 0 2 8 1 63 
8 0 3 1 6 9 1 63 
1 0 0 0 0 0 0 
1 0 0 0 0 0 3 65 66 67 
8 0 0 9 0 0 2 69 73 
3 0 0 4 0 8 3 68 70 79 
5 0 0 4 0 0 3 69 71 72 
7 0 9 0 8 0 3 69 72 78 
4 0 9 3 0 3 3 75 77 94 
8 0 0 0 0 1 2 74 84 
8 0 1 4 0 5 3 73 80 82 
4 0 1 4 0 0 2 75 76 
6 0 8 0 0 8 3 78 81 83 
8 0 7 7 0 0 3 86 90 94 
8 0 5 5 1 1 2 82 84 
2 0 10 0 5 1 3 77 80 91 
10 0 0 0 1 10 3 82 83 85 
9 0 0 5 8 0 3 85 87 94 
8 0 0 4 10 0 3 80 83 91 
7 0 4 0 0 0 3 81 88 89 
7 0 8 0 0 0 2 90 92 
3 1 0 0 0 0 1 87 
9 1 0 0 0 0 3 86 87 89 
4 1 0 0 0 0 3 85 91 92 
2 1 0 0 0 0 2 86 89 
4 0 3 0 0 0 1 88 
6 0 5 5 0 0 2 88 92 
2 0 5 0 10 7 1 93 
10 0 0 0 5 0 1 90 
9 0 0 2 8 8 1 93 
10 0 0 7 10 0 1 93 
6 0 0 0 9 5 1 95 
2 0 4 8 0 0 1 95 
6 0 0 0 10 0 1 95 
1 0 0 0 0 0 0 
1 0 0 0 0 0 3 97 98 99 
9 0 6 1 8 6 3 100 104 106 
1 0 0 9 5 0 3 103 110 117 
3 0 7 0 0 1 3 108 112 117 
7 0 2 0 7 8 3 101 105 114 
4 0 2 9 8 9 3 102 108 113 
9 0 6 5 9 0 3 107 109 120 
3 0 9 0 3 2 3 105 113 114 
6 0 3 0 0 0 3 108 110 121 
1 0 3 5 2 8 3 116 118 119 
4 0 0 6 4 10 3 115 119 120 
6 1 0 0 0 0 3 111 118 122 
5 0 6 5 3 2 3 111 125 126 
7 1 0 0 0 0 3 111 112 117 
4 0 6 9 0 8 2 112 114 
1 0 0 6 8 10 1 115 
9 0 1 2 0 1 2 115 123 
7 0 7 4 7 10 2 120 122 
4 0 0 10 0 9 2 116 122 
1 0 0 5 1 8 1 116 
10 0 7 0 2 3 1 124 
8 0 1 9 3 10 2 118 119 
7 0 5 9 6 10 2 121 123 
2 0 4 10 0 5 1 125 
5 1 0 0 0 0 1 121 
4 0 4 0 5 3 2 124 126 
8 0 4 6 0 4 3 123 124 125 
8 0 0 8 7 8 1 126 
5 0 4 6 8 0 1 127 
1 0 0 4 9 1 1 127 
6 0 4 9 0 3 1 127 
1 0 0 0 0 0 0 
1 0 0 0 0 0 3 129 130 131 
5 0 10 5 8 5 3 134 137 138 
2 0 9 3 8 7 3 135 143 146 
6 0 5 9 4 1 3 132 133 146 
10 0 5 7 6 4 3 139 140 141 
7 0 9 4 2 10 3 135 144 155 
10 0 7 2 10 6 3 136 139 149 
9 0 4 5 2 6 3 140 141 142 
3 0 6 3 6 6 3 143 146 152 
8 0 8 10 10 9 3 141 144 150 
10 0 4 6 4 8 3 145 148 154 
1 0 9 5 4 4 3 143 144 154 
6 0 10 3 10 9 2 145 148 
6 1 0 0 0 0 3 147 149 151 
9 1 0 0 0 0 2 145 150 
9 0 10 7 9 8 3 147 155 157 
4 0 7 4 10 3 2 152 153 
4 1 0 0 0 0 1 158 
4 0 2 7 3 2 3 147 153 154 
3 0 6 10 3 10 1 156 
9 1 0 0 0 0 2 149 150 
4 0 3 3 5 2 1 156 
3 0 2 5 4 3 2 151 152 
6 0 5 4 9 7 2 153 157 
9 0 5 7 8 5 2 156 157 
3 0 9 1 4 2 1 158 
8 1 0 0 0 0 1 155 
6 1 0 0 0 0 1 158 
10 0 8 7 9 3 1 159 
8 0 1 5 7 8 1 159 
10 0 5 2 8 1 1 159 
1 0 0 0 0 0 0 
1 0 0 0 0 0 3 161 162 163 
1 0 0 0 0 2 3 171 178 184 
2 0 0 0 5 0 2 164 169 
7 0 0 0 10 0 3 167 168 174 
7 0 8 0 0 0 3 165 175 178 
4 0 0 0 3 0 3 166 170 176 
3 0 5 0 0 0 3 172 179 186 
2 0 0 0 2 0 3 172 175 187 
5 0 0 0 0 3 3 169 173 176 
8 0 0 4 0 0 3 170 171 179 
10 0 8 0 0 0 3 172 177 181 
6 1 0 0 0 0 3 175 181 189 
7 1 0 0 0 0 2 180 189 
8 0 0 0 0 6 3 177 178 184 
9 0 0 0 10 0 3 176 180 185 
7 0 0 0 2 0 2 188 190 
6 1 0 0 0 0 3 179 183 188 
9 1 0 0 0 0 3 180 182 185 
4 1 0 0 0 0 3 181 182 185 
1 1 0 0 0 0 1 184 
3 0 0 1 0 0 1 183 
5 1 0 0 0 0 2 183 187 
3 0 10 0 0 0 1 186 
2 0 0 8 0 0 1 190 
4 0 0 0 9 0 1 189 
1 1 0 0 0 0 1 186 
9 0 0 10 0 0 2 187 190 
6 0 8 0 0 0 1 188 
3 0 0 0 0 3 1 191 
1 0 0 0 6 0 1 191 
6 0 0 3 0 0 1 191 
1 0 0 0 0 0 0 
1 0 0 0 0 0 3 193 194 195 
6 0 7 9 7 0 3 205 207 218 
10 0 6 8 9 0 2 197 198 
10 0 6 2 6 8 3 196 199 215 
3 0 0 6 1 6 3 200 202 203 
10 0 9 3 9 0 1 204 
8 0 0 0 3 0 2 201 208 
1 1 0 0 0 0 1 207 
4 0 10 4 3 0 2 206 216 
9 0 0 3 3 0 2 212 217 
5 0 4 10 0 5 3 211 217 219 
4 0 2 7 0 4 1 221 
8 1 0 0 0 0 1 210 
10 0 0 1 0 1 1 209 
9 0 9 0 4 0 1 207 
10 0 10 2 10 5 1 210 
9 0 1 9 4 2 1 220 
6 1 0 0 0 0 1 212 
7 0 2 5 4 2 2 213 214 
8 0 10 2 6 2 1 216 
2 1 0 0 0 0 1 216 
1 0 4 8 9 5 1 220 
10 0 2 9 7 0 1 222 
1 0 2 0 7 0 2 219 222 
6 0 9 5 0 4 1 220 
10 0 9 10 0 2 2 218 222 
6 0 3 6 2 2 1 221 
10 0 1 9 2 9 1 221 
5 0 1 0 10 7 1 223 
4 0 10 7 4 1 1 223 
1 0 0 2 0 0 1 223 
1 0 0 0 0 0 0 
1 0 0 0 0 0 3 225 226 227 
5 0 9 5 5 4 2 232 244 
5 0 1 3 10 4 3 229 230 233 
9 0 10 1 7 5 2 228 238 
9 0 3 8 3 2 3 231 236 239 
2 0 1 10 2 5 2 236 248 
6 0 5 1 2 3 3 234 235 243 
4 1 0 0 0 0 1 245 
1 0 1 1 10 6 3 247 251 253 
2 0 6 1 9 6 1 238 
6 1 0 0 0 0 1 245 
10 0 3 9 8 7 3 236 237 240 
2 1 0 0 0 0 2 245 252 
10 1 0 0 0 0 3 246 247 251 
9 0 3 9 7 2 2 241 246 
2 0 9 7 3 9 3 242 244 246 
4 0 8 1 5 3 3 241 244 249 
4 1 0 0 0 0 2 242 251 
3 0 8 7 4 7 1 247 
4 1 0 0 0 0 1 253 
6 0 6 4 9 3 2 248 250 
1 1 0 0 0 0 1 249 
9 0 4 6 8 6 1 254 
5 0 4 1 10 8 2 248 254 
7 0 2 10 7 4 1 252 
7 0 8 2 7 9 1 250 
10 0 4 9 9 2 1 253 
4 0 2 10 10 8 2 252 254 
2 0 4 4 7 10 1 255 
1 0 3 6 6 8 1 255 
3 0 5 8 10 2 1 255 
1 0 0 0 0 0 0 
1 0 0 0 0 0 3 257 258 259 
1 0 0 8 0 2 3 260 265 268 
5 0 7 0 6 0 3 261 263 266 
4 0 3 10 0 5 2 262 279 
3 0 0 1 0 5 3 264 267 276 
4 0 7 0 0 7 1 271 
7 0 5 0 0 10 2 273 284 
4 0 0 4 6 0 1 267 
8 0 5 9 0 10 2 269 278 
8 0 10 7 2 0 3 279 282 285 
8 0 0 6 0 2 1 267 
2 0 0 4 10 0 1 286 
1 0 1 0 0 0 3 270 272 275 
3 0 5 0 0 10 1 270 
7 1 0 0 0 0 1 273 
7 0 0 7 0 0 2 273 274 
6 0 4 0 7 10 1 277 
8 0 10 5 6 1 1 286 
3 0 4 5 0 0 1 281 
9 0 0 1 0 0 1 285 
4 0 1 4 0 0 1 280 
7 0 6 0 1 3 1 278 
1 1 0 0 0 0 1 280 
1 0 3 9 0 4 1 284 
3 1 0 0 0 0 2 281 286 
6 0 0 2 0 0 1 283 
2 0 0 0 8 9 1 284 
6 0 9 7 0 0 1 285 
4 0 0 0 10 8 1 287 
3 0 0 8 9 0 1 287 
5 0 3 0 0 0 1 287 
1 0 0 0 0 0 0 
1 0 0 0 0 0 3 289 290 291 
5 0 0 0 0 8 3 293 294 297 
3 0 0 7 0 0 1 307 
7 0 4 0 0 0 1 292 
3 0 0 0 6 0 2 295 304 
4 0 0 9 0 0 1 300 
6 0 8 0 0 0 1 299 
7 0 5 0 0 0 3 296 301 303 
2 1 0 0 0 0 3 306 308 309 
10 0 0 3 0 0 3 298 302 311 
6 0 0 0 5 0 1 318 
5 0 0 0 10 0 1 317 
5 0 2 0 0 0 1 301 
8 0 0 6 0 0 2 314 318 
7 0 4 0 0 0 1 305 
7 0 7 0 0 0 1 313 
3 0 0 0 0 5 1 312 
6 0 0 8 0 0 3 309 312 314 
7 1 0 0 0 0 1 310 
8 0 0 8 0 0 2 313 316 
9 1 0 0 0 0 2 312 313 
10 0 0 0 0 7 2 316 318 
7 0 0 0 0 5 1 316 
6 0 0 0 0 10 1 317 
5 0 0 0 0 3 1 315 
1 0 0 0 0 9 1 315 
1 0 9 0 0 0 1 315 
5 0 0 0 8 0 1 317 
1 0 5 0 0 0 1 319 
4 0 0 1 0 0 1 319 
2 0 0 6 0 0 1 319 
1 0 0 0 0 0 0 
1 0 0 0 0 0 3 321 322 323 
5 0 0 0 9 0 3 324 329 341 
1 0 0 0 0 4 3 335 337 345 
7 0 0 0 0 7 3 325 327 328 
6 0 0 0 0 10 3 325 326 328 
8 0 0 0 0 1 3 331 334 344 
6 0 0 7 0 0 3 332 336 338 
10 0 0 0 0 10 3 329 330 335 
2 0 0 0 0 8 3 331 336 338 
7 0 8 0 0 0 2 334 340 
6 0 9 0 0 0 3 333 338 344 
2 0 0 0 6 0 2 337 340 
3 0 0 0 0 5 3 340 342 344 
8 1 0 0 0 0 3 334 336 339 
4 1 0 0 0 0 3 342 343 348 
1 0 0 0 0 10 2 339 350 
4 1 0 0 0 0 3 337 347 348 
2 0 0 0 0 10 1 343 
2 0 6 0 0 0 2 342 343 
10 1 0 0 0 0 1 341 
6 1 0 0 0 0 2 345 346 
10 0 10 0 0 0 1 347 
8 0 0 0 8 0 2 346 349 
2 1 0 0 0 0 1 346 
8 1 0 0 0 0 3 345 347 348 
9 0 0 0 0 2 2 349 350 
10 0 0 8 0 0 1 350 
7 0 0 0 0 4 1 349 
3 1 0 0 0 0 1 351 
6 0 0 0 5 0 1 351 
8 0 0 0 1 0 1 351 
1 0 0 0 0 0 0 
1 0 0 0 0 0 3 353 354 355 
2 0 0 7 9 9 3 357 359 360 
4 0 6 0 0 1 2 358 380 
2 0 2 2 3 0 2 356 362 
10 0 9 6 8 2 1 364 
5 0 3 2 0 0 3 361 365 366 
5 0 0 0 10 2 3 359 363 381 
7 0 10 3 8 5 2 367 377 
8 0 9 0 1 0 1 371 
6 0 10 8 0 4 3 373 374 376 
2 0 4 7 3 0 1 369 
6 0 4 6 6 0 1 379 
5 0 4 7 4 0 1 382 
3 0 4 9 0 3 1 372 
5 0 6 5 3 1 2 368 371 
1 1 0 0 0 0 1 373 
6 0 8 7 0 10 2 370 375 
4 0 0 2 5 7 1 378 
6 1 0 0 0 0 1 380 
3 0 5 9 4 0 3 372 374 380 
8 0 2 4 0 0 1 376 
3 1 0 0 0 0 1 378 
7 1 0 0 0 0 1 381 
6 0 8 3 0 0 1 382 
2 0 3 7 4 4 1 381 
7 1 0 0 0 0 1 379 
1 1 0 0 0 0 1 379 
8 0 5 10 8 0 1 382 
6 0 0 1 4 1 1 383 
4 0 7 6 0 8 1 383 
6 0 4 8 10 5 1 383 
1 0 0 0 0 0 0 
1 0 0 0 0 0 3 385 386 387 
1 0 0 5 7 7 3 393 394 398 
9 0 0 8 5 4 3 388 391 395 
5 0 0 10 0 8 1 402 
6 0 0 6 10 2 3 389 390 392 
4 0 2 0 0 10 3 397 403 411 
9 0 5 0 4 0 3 396 399 413 
7 0 0 0 7 0 1 405 
4 0 0 0 10 0 3 394 400 409 
8 0 0 1 0 0 2 395 401 
10 0 2 0 0 8 1 406 
4 0 2 0 0 0 1 409 
10 1 0 0 0 0 3 402 405 407 
2 1 0 0 0 0 2 404 410 
8 0 0 7 0 1 3 399 400 408 
9 0 0 5 0 0 3 402 406 412 
10 0 0 10 0 7 3 405 411 412 
3 0 8 2 0 0 2 403 404 
10 0 10 6 0 6 1 414 
4 1 0 0 0 0 2 407 408 
5 1 0 0 0 0 1 408 
3 1 0 0 0 0 1 406 
6 0 5 3 8 0 1 414 
5 1 0 0 0 0 1 409 
6 0 0 6 7 6 1 413 
4 0 0 0 0 10 1 410 
4 0 9 0 1 0 2 412 414 
4 0 0 8 9 1 1 413 
5 0 0 0 3 0 1 415 
3 0 7 10 9 1 1 415 
6 0 9 0 5 5 1 415 
1 0 0 0 0 0 0 
98.21 81.85 78.14 71.9 70 72.96 80 76.86 68.64 54.52 23.18 14.46 11.09 -2 -0.01 1.38 11.18 22.07 127.1 153.73 215.84 204.14 226.35 186.99 79.64 2.42 2.89 1.09 6.16 68.91 131.93 200.65 200 200 87.71 105 56.81 52.97 41.51 70.89 130 105 130.8 162.46 165.38 141.39 130.8 111 97.68 86.57 81.44 79.97 81.48 97.84 127.18 145 136.41 131.99 120 111.56 100.71 97.36 97.62 97.07 100.34 109.99 133.59 151.36 145 125 109.3 97.95 97.23 85.09 88.03 72.86 88.03 94.78 153.37 161.55 153.4 140.74 170.57 98.19 92.85 99.44 108.6 115.71 112.78 127.33 139.03 171.12 180.57 159.81 138.99 131.82 118.09 112.8 116.54 112.8 113.14 127.4 144.74 171.95 171.31 151.11 132.96 121.11 108.92 106.59 107.2 109.38 106.29 116.65 138.16 149.36 150.58 126.2 124.98 120.29 123.9 112 114.38 108 105.14 103.55 105.56 104.85 106.21 101.89 98.27 93.97 88.23 83.02 82.68 82.56 92.8 98.81 112.66 132.79 134.51 127.8 127.71 119.3 111.55 103.49 102.68 101.09 102.63 103.5 103.5 103.37 110.43 114.68 111.04 107.83 104.05 98.16 94.49 94.04 95.82 100.74 115.21 132.88 140 135 129.97 125.35 98.21 81.85 78.14 71.9 70 72.96 80 76.86 68.64 54.52 23.18 14.46 11.09 -2 -0.01 1.38 11.18 22.07 127.1 153.73 215.84 204.14 226.35 186.99 79.64 2.42 2.89 1.09 6.16 68.91 131.93 200.65 200 200 87.71 105 56.81 52.97 41.51 70.89 130 105 130.8 162.46 165.38 141.39 130.8 111 97.68 86.57 81.44 79.97 81.48 97.84 127.18 145 136.41 131.99 120 111.56 100.71 97.36 97.62 97.07 100.34 109.99 133.59 151.36 145 125 109.3 97.95 97.23 85.09 88.03 72.86 88.03 94.78 153.37 161.55 153.4 140.74 170.57 98.19 92.85 99.44 108.6 115.71 112.78 127.33 139.03 171.12 180.57 159.81 138.99 131.82 118.09 112.8 116.54 112.8 113.14 127.4 144.74 171.95 171.31 151.11 132.96 121.11 108.92 106.59 107.2 109.38 106.29 116.65 138.16 149.36 150.58 126.2 124.98 120.29 123.9 112 114.38 108 105.14 103.55 105.56 104.85 106.21 101.89 98.27 93.97 88.23 83.02 82.68 82.56 92.8 98.81 112.66 132.79 134.51 127.8 127.71 119.3 111.55 103.49 102.68 101.09 102.63 103.5 103.5 103.37 110.43 114.68 111.04 107.83 104.05 98.16 94.49 94.04 95.82 100.74 115.21 132.88 140 135 129.97 125.35 98.21 81.85 78.14 71.9 70 72.96 80 76.86 68.64 54.52 23.18 14.46 11.09 -2 -0.01 1.38 11.18 22.07 127.1 153.73 215.84 204.14 226.35 186.99 79.64 2.42 2.89 1.09 6.16 68.91 131.93 200.65 200 200 87.71 105 56.81 52.97 41.51 70.89 130 105 130.8 162.46 165.38 141.39 130.8 111 97.68 86.57 81.44 79.97 81.48 97.84 127.18 145 136.41 131.99 120 111.56 100.71 97.36 97.62 97.07 100.34 109.99 133.59 151.36 145 125 109.3 97.95 97.23 85.09 88.03 72.86 88.03 94.78 153.37 161.55 153.4 140.74 170.57 98.19 92.85 99.44 108.6 115.71 112.78 127.33 139.03 171.12 180.57 159.81 138.99 131.82 118.09 112.8 116.54 112.8 113.14 127.4 144.74 171.95 171.31 151.11 132.96 121.11 108.92 106.59 107.2 109.38 106.29 116.65 138.16 149.36 150.58 126.2 124.98 120.29 123.9 112 114.38 108 105.14 103.55 105.56 104.85 106.21 101.89 98.27 93.97 88.23 83.02 82.68 82.56 92.8 98.81 112.66 132.79 134.51 127.8 127.71 119.3 111.55 103.49 102.68 101.09 102.63 103.5 103.5 103.37 110.43 114.68 111.04 107.83 104.05 98.16 94.49 94.04 95.82 100.74 115.21 132.88 140 135 129.97 125.35 98.21 81.85 78.14 71.9 70 72.96 80 76.86 68.64 54.52 23.18 14.46 11.09 -2 -0.01 1.38 11.18 22.07 127.1 153.73 215.84 204.14 226.35 186.99 79.64 2.42 2.89 1.09 6.16 68.91 131.93 200.65 200 200 87.71 105 56.81 52.97 41.51 70.89 130 105 130.8 162.46 165.38 141.39 130.8 111 97.68 86.57 81.44 79.97 81.48 97.84 127.18 145 136.41 131.99 120 111.56 100.71 97.36 97.62 97.07 100.34 109.99 133.59 151.36 145 125 109.3 97.95 97.23 85.09 88.03 72.86 88.03 94.78 153.37 161.55 153.4 140.74 170.57 98.19 92.85 99.44 108.6 115.71 112.78 127.33 139.03 171.12 180.57 159.81 138.99 131.82 118.09 112.8 116.54 112.8 113.14 127.4 144.74 171.95 171.31 151.11 132.96 121.11 108.92 106.59 107.2 109.38 106.29 116.65 138.16 149.36 150.58 126.2 124.98 120.29 123.9 112 114.38 108 105.14 103.55 105.56 104.85 106.21 101.89 98.27 93.97 88.23 83.02 82.68 82.56 92.8 98.81 112.66 132.79 134.51 127.8 127.71 119.3 111.55 103.49 102.68 101.09 102.63 103.5 103.5 103.37 110.43 114.68 111.04 107.83 104.05 98.16 94.49 94.04 95.82 100.74 115.21 132.88 140 135 129.97 125.35 98.21 81.85 78.14 71.9 70 72.96 80 76.86 68.64 54.52 23.18 14.46 11.09 -2 -0.01 1.38 11.18 22.07 127.1 153.73 215.84 204.14 226.35 186.99 79.64 2.42 2.89 1.09 6.16 68.91 131.93 200.65 200 200 87.71 105 56.81 52.97 
