416 5
1 32 39 51 43 
1 0 0 0 0 0 3 1 2 3 
6 0 0 0 0 9 2 16 18 
7 0 7 0 1 9 3 7 10 17 
7 0 10 3 1 8 3 4 5 27 
4 0 6 1 3 0 2 6 20 
10 0 0 7 5 0 1 8 
1 0 9 0 2 9 2 11 29 
1 0 2 0 0 3 1 27 
6 1 0 0 0 0 2 9 25 
2 1 0 0 0 0 2 19 24 
9 0 2 9 9 0 1 26 
4 0 4 2 7 7 3 12 15 16 
4 1 0 0 0 0 1 13 
6 1 0 0 0 0 3 14 18 23 
6 0 0 10 2 8 2 22 26 
8 0 7 10 0 9 1 19 
3 0 1 6 4 9 1 21 
2 0 7 2 8 7 1 30 
8 0 4 4 8 7 1 24 
9 1 0 0 0 0 1 21 
8 0 6 3 0 0 1 24 
6 0 5 8 5 2 1 28 
8 0 7 0 7 1 1 25 
4 0 3 9 10 0 2 25 30 
4 0 5 7 0 8 1 28 
1 0 1 7 4 9 1 28 
1 0 0 7 8 5 1 30 
6 0 0 3 6 9 1 29 
4 0 4 9 9 7 1 31 
8 1 0 0 0 0 1 31 
8 0 7 4 6 6 1 31 
1 0 0 0 0 0 0 
1 0 0 0 0 0 3 33 34 35 
1 0 0 5 7 7 3 41 42 46 
9 0 0 8 5 4 3 36 39 43 
5 1 0 0 0 0 1 50 
6 0 0 6 10 2 3 37 38 40 
4 0 2 0 0 10 3 45 51 59 
9 0 5 0 4 0 3 44 47 61 
7 0 0 0 7 0 1 53 
4 0 0 0 10 0 3 42 48 57 
8 0 0 1 0 0 2 43 49 
10 0 2 0 0 8 1 54 
4 0 2 0 0 0 1 57 
10 1 0 0 0 0 3 50 53 55 
2 0 9 0 0 0 2 52 58 
8 0 0 7 0 1 3 47 48 56 
9 0 0 5 0 0 3 50 54 60 
10 0 0 10 0 7 3 53 59 60 
3 0 8 2 0 0 2 51 52 
10 0 10 6 0 6 1 62 
4 1 0 0 0 0 2 55 56 
5 1 0 0 0 0 1 56 
3 1 0 0 0 0 1 54 
6 0 5 3 8 0 1 62 
5 1 0 0 0 0 1 57 
6 0 0 6 7 6 1 61 
4 0 0 0 0 10 1 58 
4 0 9 0 1 0 2 60 62 
4 0 0 8 9 1 1 61 
5 0 0 0 3 0 1 63 
3 0 7 10 9 1 1 63 
6 0 9 0 5 5 1 63 
1 0 0 0 0 0 0 
1 0 0 0 0 0 3 65 66 67 
9 0 4 2 1 1 1 88 
5 0 5 4 8 10 3 68 69 76 
10 0 9 6 7 6 3 72 77 78 
4 0 3 4 3 4 3 70 71 79 
7 0 1 6 9 10 1 94 
9 0 6 8 8 2 3 74 80 91 
8 0 4 9 9 7 3 75 81 93 
8 0 9 5 8 4 2 73 90 
10 1 0 0 0 0 2 75 80 
9 1 0 0 0 0 1 77 
2 1 0 0 0 0 1 87 
2 0 2 8 8 4 1 93 
1 1 0 0 0 0 3 84 85 89 
2 0 7 9 9 10 1 83 
5 0 2 2 8 1 1 82 
5 0 2 4 7 10 1 84 
3 0 4 4 3 10 1 86 
4 0 2 2 10 2 1 94 
3 0 4 5 3 10 1 85 
8 0 3 1 9 7 1 88 
6 0 1 7 10 1 1 92 
10 0 1 3 1 10 1 90 
3 0 9 4 7 5 2 88 94 
3 0 10 9 1 2 1 92 
9 0 7 3 3 5 1 90 
4 0 8 1 2 9 1 92 
10 1 0 0 0 0 1 93 
4 0 8 4 4 4 1 95 
9 0 8 5 3 9 1 95 
9 0 7 2 7 7 1 95 
1 0 0 0 0 0 0 
1 0 0 0 0 0 3 97 98 99 
6 0 1 0 0 2 1 102 
9 0 7 7 3 0 2 103 108 
7 0 10 0 10 3 3 100 101 113 
1 0 1 0 8 9 2 106 110 
2 0 0 0 5 9 3 104 107 112 
5 0 5 0 10 0 2 105 115 
7 0 0 0 3 9 2 117 121 
7 0 0 5 1 0 2 111 119 
7 0 7 2 0 0 2 120 124 
1 0 8 0 3 10 1 108 
3 0 5 6 0 0 2 123 125 
1 0 0 7 0 8 3 109 114 124 
8 0 8 0 10 4 1 118 
1 0 9 0 0 0 1 122 
7 1 0 0 0 0 1 122 
1 0 0 0 10 0 1 114 
2 0 3 7 0 0 1 120 
6 0 0 0 0 8 1 116 
4 0 0 9 5 0 2 119 125 
9 1 0 0 0 0 1 120 
6 1 0 0 0 0 1 126 
5 0 0 0 9 0 1 122 
2 1 0 0 0 0 2 121 126 
9 0 9 0 8 0 1 126 
1 1 0 0 0 0 1 123 
2 1 0 0 0 0 1 125 
8 0 0 0 0 4 1 124 
5 0 0 9 9 5 1 127 
5 0 5 6 0 0 1 127 
10 0 4 4 8 6 1 127 
1 0 0 0 0 0 0 
1 0 0 0 0 0 3 129 130 131 
1 0 0 6 0 0 3 136 138 147 
9 0 9 4 9 3 2 132 135 
4 0 4 1 7 9 2 133 139 
10 0 0 0 7 0 1 134 
10 0 2 8 0 4 3 149 152 153 
7 0 10 4 2 0 3 137 148 151 
2 0 0 0 0 5 1 143 
5 0 4 10 0 0 1 142 
7 1 0 0 0 0 1 146 
8 0 8 4 0 0 2 141 158 
9 0 0 0 0 2 3 140 141 145 
7 0 0 0 0 2 1 152 
3 0 0 7 0 0 1 144 
10 0 2 0 2 0 1 155 
3 0 0 6 0 0 1 146 
3 0 3 0 6 0 1 157 
9 0 0 2 7 0 1 148 
5 1 0 0 0 0 2 150 154 
8 0 7 3 0 0 2 153 157 
8 1 0 0 0 0 3 149 152 155 
9 0 0 5 1 0 1 154 
7 0 0 4 0 2 1 153 
7 0 0 8 8 0 1 156 
8 0 0 10 8 0 1 158 
9 0 1 6 6 0 1 156 
10 0 5 0 6 0 1 158 
7 0 0 4 0 0 1 157 
1 0 0 3 1 9 1 159 
8 0 9 6 7 4 1 159 
4 0 6 0 0 6 1 159 
1 0 0 0 0 0 0 
1 0 0 0 0 0 3 161 162 163 
7 0 1 6 4 9 3 169 170 188 
4 0 9 1 3 9 3 164 165 167 
1 0 3 4 8 5 3 170 171 172 
5 0 5 7 4 8 2 166 186 
7 0 2 9 1 7 3 169 180 182 
9 0 1 5 6 7 2 171 185 
8 0 8 6 8 3 3 168 173 174 
5 0 2 9 2 10 3 169 175 179 
6 1 0 0 0 0 1 189 
10 0 5 9 3 1 1 183 
2 1 0 0 0 0 2 173 179 
10 0 4 1 8 3 2 173 184 
4 1 0 0 0 0 2 181 187 
7 0 10 8 6 5 2 177 190 
5 0 1 7 6 10 3 176 184 187 
4 0 9 1 1 3 1 178 
9 0 1 4 5 4 1 185 
6 0 5 2 1 10 2 180 186 
6 1 0 0 0 0 2 181 183 
10 1 0 0 0 0 1 181 
7 0 1 3 5 10 2 188 190 
9 0 2 6 3 2 2 183 185 
9 0 4 8 4 9 2 187 189 
4 0 10 10 5 8 1 186 
10 0 7 6 10 10 1 188 
8 0 1 7 7 10 1 189 
6 0 2 6 5 3 1 190 
3 0 6 3 7 4 1 191 
6 0 5 5 3 5 1 191 
1 0 7 10 4 10 1 191 
1 0 0 0 0 0 0 
1 0 0 0 0 0 3 193 194 195 
7 0 7 0 0 0 2 196 204 
10 0 0 3 0 0 1 209 
3 0 0 0 0 10 2 208 219 
10 0 0 9 0 0 3 197 199 203 
5 0 0 0 0 4 3 198 200 202 
2 1 0 0 0 0 1 209 
10 0 0 0 0 7 1 201 
9 0 0 0 0 3 2 207 208 
9 1 0 0 0 0 3 211 219 221 
8 1 0 0 0 0 3 206 207 220 
2 0 0 1 0 0 3 206 211 217 
4 0 0 9 0 0 2 205 213 
8 0 0 1 0 0 1 220 
1 1 0 0 0 0 3 212 214 215 
1 1 0 0 0 0 2 210 214 
9 1 0 0 0 0 2 210 218 
7 0 0 3 0 0 3 217 218 222 
2 0 10 0 0 0 3 212 215 217 
3 0 0 1 0 0 1 212 
1 0 0 0 0 6 1 216 
8 1 0 0 0 0 2 215 218 
4 1 0 0 0 0 2 216 219 
3 0 0 0 0 1 1 216 
8 0 0 0 0 5 1 222 
10 0 10 0 0 0 1 221 
5 0 0 0 3 0 2 220 221 
1 1 0 0 0 0 1 222 
8 0 0 5 0 0 1 223 
1 0 0 0 5 0 1 223 
7 0 5 0 0 0 1 223 
1 0 0 0 0 0 0 
1 0 0 0 0 0 3 225 226 227 
10 0 8 1 10 6 1 250 
9 0 4 6 2 9 2 232 233 
5 0 2 4 10 10 3 228 230 231 
1 0 4 1 5 3 3 229 238 246 
1 0 4 1 3 9 2 237 253 
9 0 9 7 2 4 2 234 235 
5 0 6 5 1 8 1 241 
9 0 4 3 5 5 1 242 
4 0 9 2 9 5 2 236 243 
8 0 10 10 2 9 3 237 245 248 
7 0 9 6 10 3 3 237 239 247 
2 1 0 0 0 0 1 249 
3 0 4 9 6 6 1 244 
1 0 8 7 2 2 2 242 253 
8 1 0 0 0 0 1 240 
9 0 8 9 2 10 1 250 
8 0 7 3 1 4 2 250 251 
4 0 4 10 5 2 1 254 
5 1 0 0 0 0 1 247 
2 0 1 10 1 6 1 249 
10 0 10 2 6 2 1 249 
2 0 2 8 1 3 1 252 
4 0 3 3 2 3 1 253 
1 1 0 0 0 0 1 254 
6 0 10 1 7 5 2 251 252 
2 0 9 6 5 5 1 252 
4 0 3 1 5 8 1 254 
1 0 6 6 10 4 1 255 
2 0 7 10 7 3 1 255 
2 0 5 4 5 7 1 255 
1 0 0 0 0 0 0 
1 0 0 0 0 0 3 257 258 259 
4 0 0 10 0 0 3 260 261 263 
8 0 0 0 0 5 3 265 270 277 
10 0 0 4 0 0 2 262 278 
8 0 0 0 3 0 1 266 
4 0 0 0 2 0 3 264 266 267 
9 0 9 0 0 0 1 281 
2 0 0 0 9 0 3 271 273 279 
2 0 2 0 0 0 1 283 
2 0 0 0 8 0 1 274 
3 0 0 2 0 0 1 281 
4 0 0 7 0 0 2 268 269 
8 0 6 0 0 0 2 272 285 
1 0 9 0 0 0 1 274 
4 0 10 0 0 0 1 283 
1 0 10 0 0 0 2 276 284 
9 0 0 0 2 0 1 277 
10 0 0 3 0 0 2 275 282 
6 1 0 0 0 0 1 280 
5 0 3 0 0 0 1 283 
3 0 0 0 0 6 1 281 
6 0 2 0 0 0 1 286 
10 0 0 0 10 0 1 286 
1 0 5 0 0 0 2 280 286 
2 1 0 0 0 0 2 282 284 
3 0 0 0 7 0 1 282 
6 0 9 0 0 0 1 285 
3 1 0 0 0 0 1 284 
4 0 0 0 0 7 1 287 
8 0 0 0 10 0 1 287 
3 0 0 0 1 0 1 287 
1 0 0 0 0 0 0 
1 0 0 0 0 0 3 289 290 291 
2 0 0 0 0 9 3 294 305 306 
5 0 0 0 0 1 3 292 293 297 
4 0 0 0 7 0 3 295 297 308 
6 0 0 0 0 8 3 294 296 303 
9 0 0 2 0 0 3 298 300 302 
8 0 0 3 0 0 3 300 317 318 
1 0 2 0 0 0 3 299 300 303 
9 0 0 0 2 0 3 298 306 312 
5 0 0 0 0 6 3 301 311 312 
10 1 0 0 0 0 3 301 308 315 
9 0 0 0 9 0 2 304 307 
6 1 0 0 0 0 2 301 310 
7 0 0 0 7 0 1 316 
1 0 10 0 0 0 3 303 304 308 
5 0 0 6 0 0 3 310 313 314 
1 0 0 0 0 5 1 305 
4 0 0 9 0 0 3 309 311 312 
10 1 0 0 0 0 3 307 309 318 
4 0 5 0 0 0 2 310 311 
3 0 8 0 0 0 2 309 314 
8 0 0 0 5 0 1 316 
7 0 0 0 0 1 1 316 
2 0 2 0 0 0 2 313 315 
7 1 0 0 0 0 3 313 314 315 
7 0 8 0 0 0 1 317 
8 0 0 4 0 0 1 318 
2 0 0 0 3 0 1 317 
4 0 0 0 1 0 1 319 
8 0 0 0 0 10 1 319 
1 0 0 8 0 0 1 319 
1 0 0 0 0 0 0 
1 0 0 0 0 0 3 321 322 323 
6 0 0 0 6 0 3 324 329 339 
10 0 0 0 1 0 3 325 330 341 
8 0 0 0 0 5 3 329 330 338 
7 0 7 0 0 0 3 326 327 332 
2 0 0 0 8 0 3 335 340 346 
1 0 0 0 0 1 3 328 331 336 
5 0 0 0 0 7 3 328 333 337 
9 0 1 0 0 0 3 330 338 346 
7 0 0 4 0 0 3 331 335 337 
6 0 6 0 0 0 3 340 342 348 
9 0 0 0 2 0 3 342 344 350 
10 0 0 8 0 0 3 334 337 340 
3 0 5 0 0 0 3 334 336 344 
4 1 0 0 0 0 3 335 341 346 
7 1 0 0 0 0 2 343 347 
9 1 0 0 0 0 2 338 342 
4 1 0 0 0 0 1 345 
6 1 0 0 0 0 3 341 343 345 
2 0 7 0 0 0 3 344 345 349 
2 1 0 0 0 0 1 349 
1 0 0 0 0 1 1 350 
1 0 0 8 0 0 1 343 
7 0 10 0 0 0 1 349 
4 1 0 0 0 0 1 348 
10 0 10 0 0 0 1 347 
7 1 0 0 0 0 1 347 
6 0 0 0 0 6 2 348 350 
7 0 10 0 0 0 1 351 
8 0 0 2 0 0 1 351 
3 0 6 0 0 0 1 351 
1 0 0 0 0 0 0 
1 0 0 0 0 0 3 353 354 355 
4 0 4 0 0 0 3 357 362 364 
7 0 8 0 0 0 3 356 358 367 
8 0 10 0 0 0 3 356 360 364 
5 0 0 0 0 8 3 363 365 372 
7 0 0 0 6 0 3 361 368 377 
5 0 0 0 0 1 3 359 364 374 
1 0 0 5 0 0 3 363 366 381 
1 0 0 0 0 1 3 365 367 370 
4 0 0 0 2 0 3 365 367 375 
10 0 2 0 0 0 3 363 377 378 
2 0 0 0 10 0 2 368 371 
8 0 3 0 0 0 3 366 368 375 
7 1 0 0 0 0 3 366 369 376 
1 0 0 10 0 0 2 373 380 
5 0 0 0 1 0 3 374 376 380 
2 0 0 0 6 0 1 373 
3 0 0 0 7 0 1 371 
1 0 3 0 0 0 3 372 376 377 
1 0 0 0 5 0 1 380 
7 1 0 0 0 0 3 373 374 375 
4 0 10 0 0 0 1 382 
7 0 7 0 0 0 2 379 382 
8 1 0 0 0 0 2 378 379 
7 1 0 0 0 0 2 378 381 
4 0 0 0 0 10 1 379 
7 0 6 0 0 0 1 382 
4 0 0 8 0 0 1 381 
5 0 0 5 0 0 1 383 
7 0 2 0 0 0 1 383 
7 0 0 0 6 0 1 383 
1 0 0 0 0 0 0 
1 0 0 0 0 0 3 385 386 387 
9 0 0 6 0 1 3 394 407 410 
7 0 0 0 1 0 3 389 391 392 
1 0 5 7 10 0 3 388 393 397 
1 0 6 9 1 0 3 389 390 394 
10 0 0 3 0 0 3 398 404 407 
4 0 7 7 1 0 3 395 401 402 
5 0 2 0 0 0 3 398 406 407 
10 0 0 10 10 0 3 394 395 399 
6 0 0 0 6 0 3 399 408 414 
9 1 0 0 0 0 3 400 401 403 
7 1 0 0 0 0 3 396 398 411 
6 1 0 0 0 0 3 404 405 410 
8 0 0 10 0 6 3 399 402 403 
6 1 0 0 0 0 3 403 409 410 
6 1 0 0 0 0 2 406 409 
7 0 0 10 4 5 3 402 408 412 
9 0 0 0 3 5 1 414 
5 0 0 2 0 9 3 404 405 411 
6 0 0 0 10 6 1 405 
8 0 0 5 0 2 1 406 
8 0 5 0 3 0 1 414 
3 0 3 2 10 0 1 413 
6 0 0 0 5 9 3 408 411 412 
7 0 2 0 0 0 1 409 
2 0 7 1 3 0 1 413 
5 0 6 2 0 2 1 412 
8 0 0 9 0 0 1 413 
10 0 0 10 5 0 1 415 
2 0 4 0 0 3 1 415 
2 0 10 0 8 0 1 415 
1 0 0 0 0 0 0 
114.75 111.14 108.96 99.56 110 112.79 136.43 168.8 165.83 130.51 126.86 101.76 101.76 101.36 97.42 96.88 96.83 100.99 122.33 143.61 142.78 134.25 122.82 109.16 105.31 102.07 101.1 101.29 100.55 101.27 127 140.27 154.88 133.99 106.21 108.62 125 121.81 113.75 125 123.89 98.45 108.21 130.46 135.14 121.53 109.78 100.61 103.12 97.54 99.92 98.95 101.33 105.87 130 140.34 140.28 122.83 103.95 102.51 91.93 108.46 106.49 84.21 113.4 115.6 128.65 141.82 130.76 122.82 109.9 101.66 100.19 94.35 96.76 94.98 97.18 102.78 127.97 144.48 144.69 130.02 107.41 96.94 94.23 89.61 88.7 87.63 92.09 103.76 128.99 142.1 146.21 134.57 129.6 97.48 91.52 87.19 90.26 92.52 92.58 97.05 122.07 135.39 134.57 106.88 90.16 75.44 89.06 96.47 95 97.65 88.08 99.85 126 143.12 148.85 130 118.4 100.03 102.18 96.06 94.02 92.99 91.29 96 99.82 103.19 100.63 88.95 76.56 48.96 29.7 13.09 8.44 32.78 77.12 95 112.97 131.92 130.47 127 105.81 101.26 105.1 97.26 94.89 89.29 86.56 88.54 89.64 92.8 92.83 88.1 81.95 48.24 35.76 10.1 4.9 34.77 64.27 99.56 125.3 137 136.08 125.02 116.95 109.26 114.75 111.14 108.96 99.56 110 112.79 136.43 168.8 165.83 130.51 126.86 101.76 101.76 101.36 97.42 96.88 96.83 100.99 122.33 143.61 142.78 134.25 122.82 109.16 105.31 102.07 101.1 101.29 100.55 101.27 127 140.27 154.88 133.99 106.21 108.62 125 121.81 113.75 125 123.89 98.45 108.21 130.46 135.14 121.53 109.78 100.61 103.12 97.54 99.92 98.95 101.33 105.87 130 140.34 140.28 122.83 103.95 102.51 91.93 108.46 106.49 84.21 113.4 115.6 128.65 141.82 130.76 122.82 109.9 101.66 100.19 94.35 96.76 94.98 97.18 102.78 127.97 144.48 144.69 130.02 107.41 96.94 94.23 89.61 88.7 87.63 92.09 103.76 128.99 142.1 146.21 134.57 129.6 97.48 91.52 87.19 90.26 92.52 92.58 97.05 122.07 135.39 134.57 106.88 90.16 75.44 89.06 96.47 95 97.65 88.08 99.85 126 143.12 148.85 130 118.4 100.03 102.18 96.06 94.02 92.99 91.29 96 99.82 103.19 100.63 88.95 76.56 48.96 29.7 13.09 8.44 32.78 77.12 95 112.97 131.92 130.47 127 105.81 101.26 105.1 97.26 94.89 89.29 86.56 88.54 89.64 92.8 92.83 88.1 81.95 48.24 35.76 10.1 4.9 34.77 64.27 99.56 125.3 137 136.08 125.02 116.95 109.26 114.75 111.14 108.96 99.56 110 112.79 136.43 168.8 165.83 130.51 126.86 101.76 101.76 101.36 97.42 96.88 96.83 100.99 122.33 143.61 142.78 134.25 122.82 109.16 105.31 102.07 101.1 101.29 100.55 101.27 127 140.27 154.88 133.99 106.21 108.62 125 121.81 113.75 125 123.89 98.45 108.21 130.46 135.14 121.53 109.78 100.61 103.12 97.54 99.92 98.95 101.33 105.87 130 140.34 140.28 122.83 103.95 102.51 91.93 108.46 106.49 84.21 113.4 115.6 128.65 141.82 130.76 122.82 109.9 101.66 100.19 94.35 96.76 94.98 97.18 102.78 127.97 144.48 144.69 130.02 107.41 96.94 94.23 89.61 88.7 87.63 92.09 103.76 128.99 142.1 146.21 134.57 129.6 97.48 91.52 87.19 90.26 92.52 92.58 97.05 122.07 135.39 134.57 106.88 90.16 75.44 89.06 96.47 95 97.65 88.08 99.85 126 143.12 148.85 130 118.4 100.03 102.18 96.06 94.02 92.99 91.29 96 99.82 103.19 100.63 88.95 76.56 48.96 29.7 13.09 8.44 32.78 77.12 95 112.97 131.92 130.47 127 105.81 101.26 105.1 97.26 94.89 89.29 86.56 88.54 89.64 92.8 92.83 88.1 81.95 48.24 35.76 10.1 4.9 34.77 64.27 99.56 125.3 137 136.08 125.02 116.95 109.26 114.75 111.14 108.96 99.56 110 112.79 136.43 168.8 165.83 130.51 126.86 101.76 101.76 101.36 97.42 96.88 96.83 100.99 122.33 143.61 142.78 134.25 122.82 109.16 105.31 102.07 101.1 101.29 100.55 101.27 127 140.27 154.88 133.99 106.21 108.62 125 121.81 113.75 125 123.89 98.45 108.21 130.46 135.14 121.53 109.78 100.61 103.12 97.54 99.92 98.95 101.33 105.87 130 140.34 140.28 122.83 103.95 102.51 91.93 108.46 106.49 84.21 113.4 115.6 128.65 141.82 130.76 122.82 109.9 101.66 100.19 94.35 96.76 94.98 97.18 102.78 127.97 144.48 144.69 130.02 107.41 96.94 94.23 89.61 88.7 87.63 92.09 103.76 128.99 142.1 146.21 134.57 129.6 97.48 91.52 87.19 90.26 92.52 92.58 97.05 122.07 135.39 134.57 106.88 90.16 75.44 89.06 96.47 95 97.65 88.08 99.85 126 143.12 148.85 130 118.4 100.03 102.18 96.06 94.02 92.99 91.29 96 99.82 103.19 100.63 88.95 76.56 48.96 29.7 13.09 8.44 32.78 77.12 95 112.97 131.92 130.47 127 105.81 101.26 105.1 97.26 94.89 89.29 86.56 88.54 89.64 92.8 92.83 88.1 81.95 48.24 35.76 10.1 4.9 34.77 64.27 99.56 125.3 137 136.08 125.02 116.95 109.26 114.75 111.14 108.96 99.56 110 112.79 136.43 168.8 165.83 130.51 126.86 101.76 101.76 101.36 97.42 96.88 96.83 100.99 122.33 143.61 142.78 134.25 122.82 109.16 105.31 102.07 101.1 101.29 100.55 101.27 127 140.27 154.88 133.99 106.21 108.62 125 121.81 113.75 125 123.89 98.45 108.21 130.46 135.14 121.53 109.78 100.61 103.12 97.54 99.92 98.95 101.33 105.87 130 140.34 140.28 122.83 103.95 102.51 91.93 108.46 106.49 84.21 113.4 115.6 128.65 141.82 130.76 122.82 109.9 101.66 100.19 94.35 96.76 94.98 97.18 102.78 127.97 144.48 144.69 130.02 107.41 96.94 94.23 89.61 88.7 87.63 92.09 103.76 128.99 142.1 146.21 134.57 129.6 97.48 91.52 87.19 90.26 92.52 92.58 97.05 122.07 135.39 134.57 106.88 90.16 75.44 89.06 96.47 
