416 5
1 42 39 51 44 
1 0 0 0 0 0 3 1 2 3 
7 0 0 0 0 7 3 4 13 22 
6 0 10 0 3 0 3 7 11 19 
5 0 0 0 8 5 3 7 11 17 
10 0 5 0 0 0 3 5 6 20 
9 1 0 0 0 0 1 10 
7 0 8 0 1 0 2 14 15 
10 0 0 9 0 2 3 8 10 27 
2 0 0 0 0 9 3 9 21 25 
9 0 0 2 2 0 1 12 
10 0 0 0 3 4 2 16 21 
3 0 8 0 1 9 1 22 
2 0 0 9 1 0 1 20 
8 0 7 0 10 0 3 18 24 28 
5 1 0 0 0 0 1 19 
8 0 2 1 3 0 1 18 
4 0 0 4 4 7 3 24 28 29 
3 0 8 0 6 4 2 19 26 
6 1 0 0 0 0 3 21 23 25 
5 0 2 3 1 6 2 23 24 
9 0 3 10 6 0 1 29 
9 0 1 0 0 8 1 30 
2 0 9 0 0 2 3 23 26 28 
8 0 0 0 4 4 1 27 
6 0 8 0 0 0 1 25 
2 0 0 3 0 4 1 30 
9 0 0 5 0 9 2 27 29 
1 0 0 0 4 0 1 30 
2 0 5 0 3 4 1 31 
8 0 8 0 0 0 1 31 
6 0 0 0 0 3 1 31 
1 0 0 0 0 0 0 
1 0 0 0 0 0 3 33 34 35 
7 0 5 1 0 0 3 37 48 49 
2 0 0 5 10 10 3 36 42 52 
9 0 6 4 5 7 3 37 38 54 
1 0 3 0 4 2 3 39 49 50 
10 0 6 3 2 1 2 47 51 
7 0 4 9 6 0 2 40 44 
10 0 4 5 8 5 3 40 43 47 
6 0 6 0 5 0 1 41 
8 0 0 9 2 6 2 45 55 
6 0 0 3 3 2 3 49 51 54 
3 0 7 2 0 0 2 57 62 
4 0 0 1 7 9 2 52 53 
2 1 0 0 0 0 1 46 
10 0 0 10 3 0 1 56 
7 0 5 9 4 9 2 55 61 
4 0 2 8 0 2 2 58 59 
4 0 9 0 9 3 2 53 60 
7 0 2 0 7 0 3 51 54 56 
3 0 0 7 8 9 1 58 
2 1 0 0 0 0 1 57 
1 1 0 0 0 0 3 56 57 62 
9 1 0 0 0 0 2 55 60 
10 0 4 6 9 6 1 62 
7 0 5 0 2 0 1 61 
4 1 0 0 0 0 1 58 
3 1 0 0 0 0 1 61 
10 0 1 9 3 0 1 60 
8 0 9 9 3 7 1 63 
9 0 4 8 9 0 1 63 
10 0 1 6 4 9 1 63 
1 0 0 0 0 0 0 
1 0 0 0 0 0 3 65 66 67 
7 0 1 9 7 2 1 68 
7 0 6 10 2 1 3 69 72 78 
6 0 6 5 2 4 3 70 82 92 
7 0 5 9 9 2 3 71 75 84 
7 0 10 2 7 7 2 74 81 
7 0 7 2 5 2 1 79 
3 0 3 5 7 8 2 73 86 
4 1 0 0 0 0 1 85 
6 1 0 0 0 0 3 87 91 93 
2 0 6 8 1 10 2 75 84 
1 0 8 8 2 8 3 76 77 79 
1 1 0 0 0 0 1 80 
5 0 6 9 7 4 3 83 85 86 
3 0 4 7 8 5 2 79 81 
4 0 5 6 1 7 1 94 
1 1 0 0 0 0 2 85 90 
6 0 9 5 3 9 3 86 88 93 
5 0 8 10 10 7 2 88 90 
4 1 0 0 0 0 2 87 89 
10 0 2 8 5 4 3 87 89 91 
5 0 9 9 8 1 1 89 
9 0 8 5 1 9 1 91 
7 1 0 0 0 0 2 88 90 
10 0 9 1 10 4 1 94 
5 0 5 9 10 9 2 92 93 
6 0 5 8 6 5 1 94 
6 0 1 8 5 10 1 92 
7 0 2 3 9 10 1 95 
7 0 8 5 6 9 1 95 
7 0 3 1 4 5 1 95 
1 0 0 0 0 0 0 
1 0 0 0 0 0 3 97 98 99 
6 0 0 3 0 0 3 105 112 121 
2 0 9 9 9 0 3 100 101 107 
8 0 8 0 4 0 3 100 101 102 
1 0 0 9 4 0 3 109 111 126 
9 0 0 0 8 0 2 108 117 
5 0 0 9 0 3 3 103 109 113 
3 0 0 5 0 9 3 104 105 110 
3 0 0 0 9 0 3 106 108 117 
1 0 9 5 2 0 2 122 123 
9 1 0 0 0 0 2 111 114 
8 0 0 0 0 8 3 112 113 123 
3 1 0 0 0 0 3 111 115 120 
3 0 9 0 3 5 3 112 115 120 
9 0 3 6 0 8 2 114 126 
9 1 0 0 0 0 3 119 121 123 
1 0 1 9 0 7 1 124 
1 0 0 0 2 0 3 114 115 117 
1 1 0 0 0 0 3 116 118 120 
10 0 8 0 8 0 2 116 118 
6 0 8 0 0 6 2 119 124 
1 1 0 0 0 0 2 118 126 
8 0 1 0 5 0 2 119 121 
9 0 0 6 6 0 1 125 
5 1 0 0 0 0 2 122 125 
4 0 0 3 3 4 1 122 
5 0 0 9 5 0 1 124 
8 0 4 0 0 0 1 125 
1 0 5 7 7 3 1 127 
9 0 0 0 10 0 1 127 
10 0 9 0 0 9 1 127 
1 0 0 0 0 0 0 
1 0 0 0 0 0 3 129 130 131 
1 0 1 8 7 0 3 132 133 137 
6 0 0 0 9 9 1 153 
10 0 1 10 0 3 3 136 141 144 
10 0 9 5 9 8 2 135 151 
2 0 0 1 1 7 3 134 138 142 
9 0 3 2 9 7 2 149 152 
9 0 5 8 10 6 2 146 154 
7 0 0 6 6 9 1 148 
5 0 0 1 10 6 3 139 140 143 
5 0 0 3 8 8 2 149 152 
1 0 0 1 0 10 1 158 
9 0 7 0 1 0 1 154 
6 0 8 6 2 9 1 145 
7 0 2 6 6 0 1 157 
4 0 0 2 0 8 1 147 
4 0 9 5 2 1 1 157 
9 1 0 0 0 0 1 155 
1 1 0 0 0 0 2 148 156 
8 0 6 1 6 0 1 152 
3 1 0 0 0 0 2 150 155 
2 0 4 6 4 5 1 157 
5 0 7 4 9 10 1 153 
3 0 0 7 9 0 2 153 155 
1 1 0 0 0 0 1 156 
10 0 2 4 0 10 1 158 
8 1 0 0 0 0 1 156 
1 0 2 0 0 6 1 158 
5 0 5 8 6 6 1 159 
7 0 9 2 6 3 1 159 
8 0 0 10 10 3 1 159 
1 0 0 0 0 0 0 
1 0 0 0 0 0 3 161 162 163 
5 0 2 2 3 4 3 166 168 172 
10 0 4 6 1 9 2 169 173 
5 0 10 4 1 3 3 164 165 170 
2 0 1 6 6 1 3 169 178 183 
3 0 9 4 9 1 3 168 172 180 
3 0 7 3 3 4 3 167 173 174 
3 1 0 0 0 0 3 177 179 190 
5 0 1 10 8 5 3 176 179 181 
8 0 8 9 5 8 3 182 186 187 
2 0 9 10 2 1 3 171 174 179 
3 0 8 5 1 3 3 175 178 185 
9 0 1 3 2 8 3 173 174 177 
9 0 1 1 9 3 3 181 183 190 
6 0 10 9 10 6 2 176 185 
3 0 3 6 7 2 3 177 180 181 
5 0 10 2 2 8 3 178 183 187 
5 1 0 0 0 0 2 184 189 
1 1 0 0 0 0 2 182 188 
2 1 0 0 0 0 3 185 186 187 
6 1 0 0 0 0 1 182 
9 1 0 0 0 0 1 184 
9 0 6 4 7 9 1 190 
4 0 5 8 7 6 2 184 189 
7 0 6 7 6 3 1 186 
6 0 4 10 5 8 1 188 
10 0 10 3 10 1 1 188 
10 0 1 3 7 1 1 189 
4 0 8 5 1 1 1 191 
7 0 9 1 3 10 1 191 
6 0 5 7 5 10 1 191 
1 0 0 0 0 0 0 
1 0 0 0 0 0 3 193 194 195 
1 0 4 0 7 0 3 196 197 199 
6 0 4 3 2 0 3 198 203 207 
5 0 4 6 1 2 3 200 202 217 
6 0 9 3 4 10 3 198 200 206 
6 0 8 7 0 10 3 200 210 211 
6 0 6 8 3 7 3 201 208 215 
7 0 9 9 0 4 1 218 
1 0 7 7 9 4 3 203 208 222 
4 0 6 7 10 0 1 204 
1 0 0 7 7 2 2 205 209 
4 0 0 2 8 8 2 219 220 
3 0 2 8 9 10 1 212 
2 0 4 10 1 2 2 211 212 
7 0 6 0 2 0 2 215 221 
7 0 3 3 3 7 2 214 216 
8 0 10 0 6 5 1 221 
9 0 5 6 7 0 2 211 212 
1 0 3 0 2 0 2 216 218 
2 0 6 10 0 0 2 213 215 
7 0 10 3 6 2 3 214 220 222 
5 1 0 0 0 0 1 214 
5 1 0 0 0 0 1 218 
9 1 0 0 0 0 1 222 
4 1 0 0 0 0 2 217 220 
1 1 0 0 0 0 1 219 
10 0 8 6 0 0 1 219 
10 0 9 2 7 2 1 221 
7 0 10 1 4 0 1 223 
8 0 8 1 0 0 1 223 
8 1 0 0 0 0 1 223 
1 0 0 0 0 0 0 
1 0 0 0 0 0 3 225 226 227 
9 0 4 0 0 0 3 228 230 244 
5 0 6 0 2 0 3 231 232 233 
6 0 5 0 10 1 2 238 244 
1 0 8 0 0 3 3 229 235 236 
9 0 2 0 0 8 3 234 239 252 
9 0 3 0 0 6 3 234 236 243 
3 0 5 0 2 3 2 237 244 
10 0 0 9 9 0 1 246 
5 0 6 5 0 0 1 234 
5 0 6 7 0 2 1 238 
1 0 0 8 9 0 2 237 238 
2 1 0 0 0 0 1 241 
7 0 0 0 0 7 3 240 248 249 
1 0 9 7 8 0 3 240 242 253 
6 1 0 0 0 0 3 242 243 251 
1 0 2 0 0 7 1 254 
8 1 0 0 0 0 3 245 246 250 
2 0 6 2 0 0 1 247 
1 0 0 10 8 0 1 249 
5 0 0 0 0 9 1 252 
9 1 0 0 0 0 2 247 249 
2 0 10 0 0 0 3 247 251 252 
6 0 0 0 5 2 1 254 
9 1 0 0 0 0 1 250 
2 0 0 2 1 3 2 253 254 
1 0 0 9 0 0 1 251 
3 0 0 0 8 0 1 253 
6 0 0 0 10 0 1 255 
7 0 1 3 6 8 1 255 
10 0 0 9 0 4 1 255 
1 0 0 0 0 0 0 
1 0 0 0 0 0 3 257 258 259 
9 0 7 6 3 0 3 260 267 269 
3 0 7 2 7 5 3 261 265 278 
1 0 4 0 0 8 3 263 265 274 
2 1 0 0 0 0 3 263 271 279 
9 0 10 8 8 0 3 262 264 266 
4 1 0 0 0 0 3 270 272 275 
1 1 0 0 0 0 3 280 282 286 
5 0 9 9 0 7 3 273 281 286 
5 0 1 8 0 7 3 266 267 268 
6 0 2 9 4 4 3 271 272 273 
2 0 5 1 9 1 3 270 279 280 
6 0 4 1 4 7 3 270 273 275 
6 0 0 2 0 7 3 272 274 275 
10 0 2 10 9 0 1 271 
6 0 1 3 3 0 2 277 281 
5 0 4 8 2 0 2 277 286 
4 0 8 0 0 5 1 276 
1 0 0 1 0 0 3 276 278 279 
9 1 0 0 0 0 2 282 284 
2 1 0 0 0 0 3 277 280 285 
1 0 0 5 6 4 1 284 
4 0 0 1 3 0 2 282 283 
3 0 7 3 5 10 2 281 283 
3 0 9 10 10 4 1 283 
8 0 1 3 7 7 1 285 
4 0 3 2 0 0 1 285 
9 0 10 0 8 7 1 284 
5 0 5 9 5 0 1 287 
2 0 6 8 5 4 1 287 
4 0 10 8 0 0 1 287 
1 0 0 0 0 0 0 
1 0 0 0 0 0 3 289 290 291 
3 0 0 0 0 9 3 299 303 313 
8 0 0 0 0 7 3 295 300 309 
4 0 0 7 0 0 3 292 293 299 
4 0 0 3 0 0 3 301 305 309 
6 0 0 0 9 0 2 294 295 
5 0 0 0 3 0 3 300 305 309 
7 0 10 0 0 0 3 296 297 306 
2 1 0 0 0 0 3 298 301 302 
5 0 0 0 7 0 3 302 307 310 
1 1 0 0 0 0 2 304 312 
9 0 0 0 5 0 3 300 304 306 
9 0 0 0 0 5 3 301 307 317 
5 0 9 0 0 0 1 311 
10 0 0 0 0 3 2 308 312 
8 1 0 0 0 0 2 306 308 
10 1 0 0 0 0 2 305 310 
2 0 0 0 0 7 3 308 311 314 
8 1 0 0 0 0 3 307 310 315 
8 0 0 5 0 0 2 311 316 
9 0 0 4 0 0 1 318 
1 0 0 0 2 0 2 313 315 
3 1 0 0 0 0 1 314 
7 0 3 0 0 0 1 318 
10 0 0 0 3 0 2 313 315 
6 0 0 0 0 9 3 314 316 317 
5 0 0 0 0 7 1 318 
10 0 0 0 4 0 2 316 317 
10 0 0 0 0 9 1 319 
10 0 2 0 0 0 1 319 
8 0 0 2 0 0 1 319 
1 0 0 0 0 0 0 
1 0 0 0 0 0 3 321 322 323 
9 0 10 8 4 7 3 332 341 347 
10 0 3 6 10 5 2 324 326 
1 0 2 2 8 6 1 325 
5 0 4 10 2 9 3 331 333 340 
9 0 5 10 5 5 3 327 338 350 
9 0 6 10 10 7 2 329 349 
6 0 5 6 7 6 2 328 330 
7 1 0 0 0 0 1 349 
6 0 4 7 1 9 2 334 335 
9 0 1 1 6 3 1 333 
8 1 0 0 0 0 1 339 
9 0 7 2 8 4 1 338 
7 1 0 0 0 0 2 336 343 
8 0 2 6 3 8 2 342 346 
1 0 5 1 1 5 2 337 345 
1 1 0 0 0 0 2 342 345 
9 1 0 0 0 0 1 338 
6 0 9 3 1 8 1 344 
6 0 9 9 2 1 2 341 348 
10 0 8 5 3 10 1 344 
3 0 10 8 10 5 1 349 
4 0 4 2 4 2 1 344 
9 1 0 0 0 0 1 345 
1 0 2 7 8 1 1 348 
4 0 1 6 9 2 1 348 
8 0 10 10 9 7 1 350 
5 0 6 1 9 5 1 350 
3 0 2 3 5 5 1 351 
2 0 1 8 10 5 1 351 
7 0 10 10 6 5 1 351 
1 0 0 0 0 0 0 
1 0 0 0 0 0 3 353 354 355 
10 0 8 0 4 4 3 356 368 376 
8 0 6 3 0 7 3 357 360 361 
8 0 7 3 3 8 1 368 
4 0 7 1 6 10 2 358 380 
3 0 6 2 0 10 3 359 362 366 
3 0 0 1 0 3 1 364 
2 0 8 3 5 8 1 378 
2 0 8 2 1 2 3 369 372 381 
4 0 0 8 10 0 3 363 365 370 
10 0 0 1 10 0 1 373 
9 0 0 4 5 0 2 367 373 
10 1 0 0 0 0 2 375 382 
9 0 4 6 9 3 2 376 378 
10 0 0 10 7 0 1 370 
5 0 6 0 5 0 1 371 
2 0 9 0 8 0 1 369 
2 0 1 10 4 9 1 382 
3 1 0 0 0 0 1 373 
3 1 0 0 0 0 1 374 
5 1 0 0 0 0 1 377 
2 0 4 7 9 8 1 379 
7 1 0 0 0 0 1 377 
7 0 1 10 10 0 1 378 
4 1 0 0 0 0 2 377 380 
7 0 6 0 1 1 1 382 
6 0 1 8 8 10 1 381 
5 0 7 4 8 0 1 381 
3 0 0 7 10 9 1 383 
8 0 4 0 6 1 1 383 
5 0 9 5 0 1 1 383 
1 0 0 0 0 0 0 
1 0 0 0 0 0 3 385 386 387 
6 0 7 4 8 9 3 388 390 392 
7 0 3 4 7 5 3 394 396 411 
8 0 8 5 10 3 3 389 392 400 
6 0 4 4 8 5 3 389 391 396 
2 0 4 4 4 9 3 402 408 410 
2 0 4 10 8 7 2 393 407 
3 0 1 5 10 7 3 393 398 399 
8 1 0 0 0 0 3 404 411 413 
6 0 7 7 1 9 3 405 406 410 
6 0 7 2 1 6 3 395 399 400 
2 0 2 4 5 9 3 398 401 409 
7 0 2 4 6 5 3 397 399 409 
4 0 2 2 4 8 2 398 401 
6 0 2 8 3 1 2 402 403 
7 0 4 3 1 2 3 401 402 403 
2 1 0 0 0 0 2 403 407 
6 0 5 9 7 9 3 404 405 410 
2 0 4 2 1 3 1 407 
10 1 0 0 0 0 2 404 405 
5 0 4 2 8 3 1 414 
6 0 4 2 5 7 1 408 
9 1 0 0 0 0 3 408 409 411 
4 0 3 1 1 8 1 412 
4 0 4 7 7 2 2 412 413 
9 0 7 7 1 9 1 412 
9 0 8 6 3 6 2 413 414 
8 0 10 5 1 2 1 414 
7 0 4 6 10 5 1 415 
10 0 7 2 1 8 1 415 
6 0 2 1 3 3 1 415 
1 0 0 0 0 0 0 
91.11 87.45 82.44 77.4 75 79.05 107.41 124.69 135.4 126.02 112.94 105.46 101.61 103.11 108.31 115.32 122.54 139.21 189.49 221.7 184.5 135.54 120 112.7 104 100.6 99.9 99.52 97.58 112.41 134.32 195.8 193.16 136.2 117.09 107.7 99.96 96.74 102.5 111.85 122.78 145.58 147.19 145 123.69 103.68 100.33 82.15 77.43 55.12 46.59 45.09 49.07 62.15 110.56 137.4 132.78 106.77 72.07 48.84 43.96 40.51 48.32 47.04 80 118.79 137.21 117.38 125 103.77 99.61 89.77 78.31 89.76 92.72 88.53 89.04 102.6 126.5 132.84 148.39 138.52 128.06 121.93 111 104.29 108.38 120 125.28 146.83 170.27 220.98 149.18 129.36 123.5 109.84 123.99 115 107.14 101.4 102.11 110.86 142.55 163.09 147.81 132.05 99 72.02 63.79 49.35 56.16 54.09 70.28 88.47 118.13 100 69.85 61.5 61.68 41.5 32.39 30.53 26.07 34.25 40.23 40.15 52.57 20.68 19.89 20.6 30 22.42 21.81 10.73 24.06 36.55 46.48 83.69 112.35 138.31 106.09 91.54 79.66 52.41 21.64 10.69 7.45 10.69 7.3 8.8 7.66 29.44 22.1 36.81 39.23 46.1 31.08 5.67 4.33 35.19 48.58 88.42 141.63 138.37 136.37 120.16 114.91 89.73 91.11 87.45 82.44 77.4 75 79.05 107.41 124.69 135.4 126.02 112.94 105.46 101.61 103.11 108.31 115.32 122.54 139.21 189.49 221.7 184.5 135.54 120 112.7 104 100.6 99.9 99.52 97.58 112.41 134.32 195.8 193.16 136.2 117.09 107.7 99.96 96.74 102.5 111.85 122.78 145.58 147.19 145 123.69 103.68 100.33 82.15 77.43 55.12 46.59 45.09 49.07 62.15 110.56 137.4 132.78 106.77 72.07 48.84 43.96 40.51 48.32 47.04 80 118.79 137.21 117.38 125 103.77 99.61 89.77 78.31 89.76 92.72 88.53 89.04 102.6 126.5 132.84 148.39 138.52 128.06 121.93 111 104.29 108.38 120 125.28 146.83 170.27 220.98 149.18 129.36 123.5 109.84 123.99 115 107.14 101.4 102.11 110.86 142.55 163.09 147.81 132.05 99 72.02 63.79 49.35 56.16 54.09 70.28 88.47 118.13 100 69.85 61.5 61.68 41.5 32.39 30.53 26.07 34.25 40.23 40.15 52.57 20.68 19.89 20.6 30 22.42 21.81 10.73 24.06 36.55 46.48 83.69 112.35 138.31 106.09 91.54 79.66 52.41 21.64 10.69 7.45 10.69 7.3 8.8 7.66 29.44 22.1 36.81 39.23 46.1 31.08 5.67 4.33 35.19 48.58 88.42 141.63 138.37 136.37 120.16 114.91 89.73 91.11 87.45 82.44 77.4 75 79.05 107.41 124.69 135.4 126.02 112.94 105.46 101.61 103.11 108.31 115.32 122.54 139.21 189.49 221.7 184.5 135.54 120 112.7 104 100.6 99.9 99.52 97.58 112.41 134.32 195.8 193.16 136.2 117.09 107.7 99.96 96.74 102.5 111.85 122.78 145.58 147.19 145 123.69 103.68 100.33 82.15 77.43 55.12 46.59 45.09 49.07 62.15 110.56 137.4 132.78 106.77 72.07 48.84 43.96 40.51 48.32 47.04 80 118.79 137.21 117.38 125 103.77 99.61 89.77 78.31 89.76 92.72 88.53 89.04 102.6 126.5 132.84 148.39 138.52 128.06 121.93 111 104.29 108.38 120 125.28 146.83 170.27 220.98 149.18 129.36 123.5 109.84 123.99 115 107.14 101.4 102.11 110.86 142.55 163.09 147.81 132.05 99 72.02 63.79 49.35 56.16 54.09 70.28 88.47 118.13 100 69.85 61.5 61.68 41.5 32.39 30.53 26.07 34.25 40.23 40.15 52.57 20.68 19.89 20.6 30 22.42 21.81 10.73 24.06 36.55 46.48 83.69 112.35 138.31 106.09 91.54 79.66 52.41 21.64 10.69 7.45 10.69 7.3 8.8 7.66 29.44 22.1 36.81 39.23 46.1 31.08 5.67 4.33 35.19 48.58 88.42 141.63 138.37 136.37 120.16 114.91 89.73 91.11 87.45 82.44 77.4 75 79.05 107.41 124.69 135.4 126.02 112.94 105.46 101.61 103.11 108.31 115.32 122.54 139.21 189.49 221.7 184.5 135.54 120 112.7 104 100.6 99.9 99.52 97.58 112.41 134.32 195.8 193.16 136.2 117.09 107.7 99.96 96.74 102.5 111.85 122.78 145.58 147.19 145 123.69 103.68 100.33 82.15 77.43 55.12 46.59 45.09 49.07 62.15 110.56 137.4 132.78 106.77 72.07 48.84 43.96 40.51 48.32 47.04 80 118.79 137.21 117.38 125 103.77 99.61 89.77 78.31 89.76 92.72 88.53 89.04 102.6 126.5 132.84 148.39 138.52 128.06 121.93 111 104.29 108.38 120 125.28 146.83 170.27 220.98 149.18 129.36 123.5 109.84 123.99 115 107.14 101.4 102.11 110.86 142.55 163.09 147.81 132.05 99 72.02 63.79 49.35 56.16 54.09 70.28 88.47 118.13 100 69.85 61.5 61.68 41.5 32.39 30.53 26.07 34.25 40.23 40.15 52.57 20.68 19.89 20.6 30 22.42 21.81 10.73 24.06 36.55 46.48 83.69 112.35 138.31 106.09 91.54 79.66 52.41 21.64 10.69 7.45 10.69 7.3 8.8 7.66 29.44 22.1 36.81 39.23 46.1 31.08 5.67 4.33 35.19 48.58 88.42 141.63 138.37 136.37 120.16 114.91 89.73 91.11 87.45 82.44 77.4 75 79.05 107.41 124.69 135.4 126.02 112.94 105.46 101.61 103.11 108.31 115.32 122.54 139.21 189.49 221.7 184.5 135.54 120 112.7 104 100.6 99.9 99.52 97.58 112.41 134.32 195.8 193.16 136.2 117.09 107.7 99.96 96.74 102.5 111.85 122.78 145.58 147.19 145 123.69 103.68 100.33 82.15 77.43 55.12 46.59 45.09 49.07 62.15 
