448 5
1 46 40 37 46 
1 0 0 0 0 0 3 1 2 3 
4 0 0 9 0 0 3 4 11 18 
5 0 0 0 7 0 2 8 14 
10 0 2 0 0 0 3 5 6 9 
8 0 0 0 0 8 3 7 13 16 
8 0 0 0 0 6 2 12 13 
5 0 0 0 9 0 3 14 15 23 
7 0 0 0 6 0 1 12 
8 0 0 0 0 3 3 13 16 18 
3 0 0 0 0 1 3 10 14 21 
9 0 0 2 0 0 1 17 
3 0 0 0 0 9 1 21 
6 0 0 0 2 0 1 25 
6 1 0 0 0 0 3 15 22 28 
8 1 0 0 0 0 1 19 
6 0 0 0 8 0 1 29 
10 0 8 0 0 0 2 26 28 
2 0 7 0 0 0 1 20 
6 0 0 1 0 0 2 22 23 
6 1 0 0 0 0 2 25 27 
4 0 0 0 0 9 2 24 30 
1 1 0 0 0 0 2 22 27 
2 1 0 0 0 0 1 24 
8 1 0 0 0 0 3 25 26 27 
5 0 0 8 0 0 1 26 
3 0 0 0 0 1 2 28 30 
5 0 0 2 0 0 1 29 
1 0 0 0 9 0 2 29 30 
3 0 0 0 0 3 1 31 
9 0 0 0 0 2 1 31 
2 0 10 0 0 0 1 31 
1 0 0 0 0 0 0 
1 0 0 0 0 0 3 33 34 35 
6 0 0 3 0 0 3 43 49 58 
4 0 0 3 0 0 2 37 41 
9 0 0 0 7 0 3 36 38 53 
5 0 1 0 0 0 2 45 61 
10 0 0 4 0 0 3 39 50 55 
10 0 0 3 0 0 3 40 42 54 
1 0 6 0 0 0 1 57 
1 1 0 0 0 0 3 44 51 62 
7 0 9 0 0 0 1 46 
2 1 0 0 0 0 1 56 
7 0 0 7 0 0 1 52 
6 1 0 0 0 0 1 48 
1 0 8 0 0 0 2 47 48 
10 0 0 0 0 3 1 54 
9 1 0 0 0 0 1 51 
4 0 0 8 0 0 1 56 
6 0 0 0 9 0 1 55 
10 0 0 2 0 0 1 52 
2 0 0 3 0 0 1 56 
5 0 0 3 0 0 1 53 
4 0 0 0 8 0 2 60 61 
7 0 0 0 2 0 1 59 
6 1 0 0 0 0 2 57 62 
4 0 0 0 0 8 1 60 
10 0 0 0 0 4 1 60 
4 1 0 0 0 0 1 62 
4 0 0 6 0 0 1 61 
3 0 5 0 0 0 1 63 
10 0 0 0 9 0 1 63 
8 0 0 1 0 0 1 63 
1 0 0 0 0 0 0 
1 0 0 0 0 0 3 65 66 67 
1 0 0 0 3 0 3 68 69 70 
2 0 0 1 0 0 2 88 93 
2 0 0 0 10 0 3 72 73 84 
2 0 0 2 0 0 1 81 
1 0 0 8 0 0 1 80 
2 0 0 1 0 0 1 71 
10 0 0 0 6 0 2 79 92 
8 0 0 0 1 0 2 74 76 
5 0 0 0 0 3 1 80 
4 0 0 0 3 0 3 75 77 87 
1 0 3 0 0 0 2 78 90 
3 0 0 2 0 0 1 81 
10 0 7 0 0 0 3 83 86 91 
1 1 0 0 0 0 1 80 
6 0 0 0 10 0 2 82 94 
4 1 0 0 0 0 1 89 
7 0 0 0 0 10 2 82 94 
10 0 0 3 0 0 2 85 89 
10 0 5 0 0 0 1 94 
10 0 0 6 0 0 1 89 
9 0 2 0 0 0 1 90 
10 1 0 0 0 0 1 90 
4 0 0 1 0 0 1 92 
2 0 3 0 0 0 1 92 
7 0 0 0 0 4 1 91 
4 0 10 0 0 0 1 93 
4 0 0 0 7 0 1 93 
5 1 0 0 0 0 1 95 
10 0 8 0 0 0 1 95 
9 0 0 0 0 6 1 95 
1 0 0 0 0 0 0 
1 0 0 0 0 0 3 97 98 99 
3 0 7 0 0 0 3 101 109 118 
10 0 0 8 0 0 1 124 
10 0 0 5 0 0 1 100 
7 0 0 0 10 0 1 103 
6 0 0 0 0 5 3 102 110 114 
9 0 0 0 0 4 3 108 115 119 
7 0 0 0 4 0 3 104 105 117 
9 1 0 0 0 0 1 121 
4 1 0 0 0 0 3 106 107 121 
4 1 0 0 0 0 1 112 
9 0 0 0 3 0 2 115 124 
7 0 0 9 0 0 3 111 113 116 
9 0 0 0 0 9 1 122 
5 0 0 5 0 0 2 111 120 
7 0 0 0 0 9 1 123 
1 1 0 0 0 0 1 124 
7 1 0 0 0 0 1 126 
2 0 0 0 0 10 1 121 
9 0 0 7 0 0 1 125 
2 1 0 0 0 0 1 120 
7 1 0 0 0 0 1 118 
3 1 0 0 0 0 2 120 126 
10 1 0 0 0 0 1 126 
1 0 0 0 0 1 1 123 
4 0 5 0 0 0 1 125 
4 0 0 0 7 0 1 123 
1 0 0 0 1 0 1 125 
10 0 0 6 0 0 1 127 
9 0 0 0 0 6 1 127 
8 0 0 0 0 10 1 127 
1 0 0 0 0 0 0 
1 0 0 0 0 0 3 129 130 131 
4 0 6 9 9 5 1 140 
6 0 5 6 2 3 3 135 148 154 
1 0 2 3 3 2 2 132 136 
9 0 2 10 4 5 3 133 148 153 
1 0 4 9 4 8 3 134 137 142 
9 0 10 9 3 3 2 140 143 
2 0 2 4 4 5 1 136 
4 0 5 4 4 6 2 141 149 
2 0 8 7 10 7 2 138 140 
2 0 9 7 1 9 2 139 144 
4 0 4 2 10 1 3 141 145 154 
7 1 0 0 0 0 2 146 149 
9 0 8 9 4 7 3 143 147 151 
2 0 7 9 4 6 2 149 150 
2 1 0 0 0 0 1 152 
3 1 0 0 0 0 3 145 146 150 
7 0 1 10 2 9 2 147 151 
3 0 4 7 6 3 1 154 
8 0 9 4 2 10 1 152 
7 1 0 0 0 0 1 157 
5 1 0 0 0 0 2 155 156 
2 1 0 0 0 0 2 152 157 
4 0 5 2 8 3 2 157 158 
9 0 5 8 9 3 1 158 
7 0 5 5 10 1 2 155 156 
2 0 9 5 10 1 2 155 156 
2 0 9 5 5 4 1 158 
2 0 6 6 9 7 1 159 
3 0 4 5 7 4 1 159 
6 0 1 7 9 10 1 159 
1 0 0 0 0 0 0 
1 0 0 0 0 0 3 161 162 163 
1 0 0 4 0 0 3 171 173 186 
3 0 9 0 0 0 3 164 177 178 
6 0 0 9 0 5 3 166 167 169 
8 0 1 0 0 2 3 165 166 168 
1 0 0 1 2 6 3 171 172 175 
10 1 0 0 0 0 3 180 182 189 
5 0 0 0 7 2 3 170 177 179 
10 0 7 10 10 10 3 169 171 179 
2 1 0 0 0 0 3 180 184 186 
3 0 4 0 0 1 3 173 174 190 
3 1 0 0 0 0 3 176 180 181 
1 1 0 0 0 0 3 179 182 186 
10 0 0 6 0 0 3 175 178 185 
3 0 5 0 0 1 3 175 176 178 
2 0 0 9 9 0 1 183 
10 1 0 0 0 0 2 183 185 
1 1 0 0 0 0 1 184 
6 0 7 4 6 0 2 181 182 
8 0 3 9 6 0 2 181 184 
2 1 0 0 0 0 1 187 
4 0 5 5 0 0 2 187 189 
9 0 2 0 7 0 1 183 
2 0 1 0 5 0 1 188 
4 1 0 0 0 0 2 185 190 
1 1 0 0 0 0 2 188 189 
7 0 6 2 0 0 2 187 190 
10 0 6 8 0 10 1 188 
9 0 2 0 0 8 1 191 
4 0 0 0 0 9 1 191 
6 0 0 0 1 8 1 191 
1 0 0 0 0 0 0 
1 0 0 0 0 0 3 193 194 195 
10 0 0 0 0 8 2 200 204 
5 0 0 8 0 0 3 196 199 207 
2 0 3 0 0 0 1 197 
3 0 0 0 0 6 3 198 208 210 
5 0 8 0 0 0 3 203 205 217 
1 0 0 0 10 0 3 200 206 216 
8 0 0 0 0 7 2 201 204 
5 0 0 0 0 9 2 219 222 
9 0 8 0 0 0 3 202 212 222 
8 1 0 0 0 0 2 213 215 
3 0 4 0 0 0 2 213 218 
5 1 0 0 0 0 1 214 
10 0 0 5 0 0 3 209 210 219 
4 0 0 0 2 0 2 209 211 
3 0 9 0 0 0 3 208 209 215 
7 0 0 9 0 0 2 216 221 
2 0 0 0 1 0 2 212 220 
10 0 6 0 0 0 1 220 
7 0 0 0 3 0 2 217 219 
10 0 1 0 0 0 1 213 
4 0 0 8 0 0 1 221 
3 0 10 0 0 0 3 215 216 217 
9 0 0 2 0 0 1 218 
10 0 0 0 3 0 1 218 
8 1 0 0 0 0 1 222 
10 0 0 0 0 2 1 220 
1 0 0 8 0 0 1 221 
6 0 0 0 0 5 1 223 
3 0 0 0 0 9 1 223 
10 0 2 0 0 0 1 223 
1 0 0 0 0 0 0 
1 0 0 0 0 0 3 225 226 227 
2 0 9 0 0 0 3 233 235 236 
8 0 0 6 0 0 3 232 237 238 
3 0 0 8 0 0 3 228 229 231 
9 0 0 0 0 9 3 230 233 234 
7 0 0 6 0 0 3 238 248 251 
7 0 0 1 0 0 2 239 243 
10 0 0 0 0 4 3 235 240 242 
3 0 2 0 0 0 2 233 242 
3 0 2 0 0 0 3 241 248 249 
10 0 4 0 0 0 3 236 237 242 
8 0 0 9 0 0 3 239 246 249 
10 0 0 1 0 0 2 238 243 
9 0 0 0 9 0 3 239 240 250 
10 1 0 0 0 0 2 241 249 
9 1 0 0 0 0 2 244 252 
4 0 0 0 1 0 2 241 243 
7 0 0 0 0 9 1 246 
3 0 0 10 0 0 3 247 250 251 
10 0 10 0 0 0 3 244 246 251 
8 0 0 0 0 10 1 245 
9 0 0 0 2 0 2 247 248 
7 0 0 0 0 6 1 247 
1 0 0 9 0 0 1 253 
1 0 4 0 0 0 2 253 254 
2 0 7 0 0 0 2 250 254 
2 0 0 7 0 0 1 252 
1 0 0 0 0 9 3 252 253 254 
7 0 0 7 0 0 1 255 
2 0 1 0 0 0 1 255 
4 0 9 0 0 0 1 255 
1 0 0 0 0 0 0 
1 0 0 0 0 0 3 257 258 259 
7 0 4 6 10 3 3 260 266 270 
9 0 5 8 1 4 1 272 
9 0 1 1 1 2 3 263 267 269 
6 0 9 3 5 1 3 261 262 264 
1 0 3 7 1 6 1 267 
3 0 10 4 10 10 2 268 275 
3 0 6 2 3 6 1 277 
2 0 3 4 6 10 1 265 
2 0 6 2 1 10 1 274 
10 0 6 7 8 5 2 267 273 
5 1 0 0 0 0 1 285 
5 0 8 4 9 7 2 271 279 
4 0 5 3 3 7 1 274 
7 0 4 6 1 5 2 276 280 
1 0 10 9 3 3 1 278 
5 0 6 4 9 10 1 282 
3 1 0 0 0 0 1 274 
6 1 0 0 0 0 1 284 
2 0 8 4 10 4 2 279 285 
10 0 7 6 1 10 2 277 279 
8 1 0 0 0 0 2 278 281 
7 0 1 1 10 3 1 283 
4 1 0 0 0 0 1 281 
7 0 10 6 3 4 1 283 
1 1 0 0 0 0 1 284 
4 0 1 5 5 3 3 283 284 286 
5 0 5 4 2 1 1 285 
6 0 2 3 8 3 1 287 
7 0 1 6 4 5 1 287 
4 0 2 8 2 8 1 287 
1 0 0 0 0 0 0 
1 0 0 0 0 0 3 289 290 291 
2 0 3 4 7 1 1 298 
8 0 0 0 0 3 2 293 295 
8 0 7 8 0 3 2 292 294 
10 0 6 1 7 0 1 314 
8 0 4 7 4 0 3 300 301 303 
7 0 9 1 4 4 1 295 
7 0 4 0 7 4 3 296 301 303 
1 0 2 9 5 2 2 297 299 
9 1 0 0 0 0 3 302 306 311 
7 0 7 7 4 7 1 310 
7 1 0 0 0 0 2 308 309 
9 0 0 1 1 0 3 307 311 317 
5 0 2 4 0 8 1 304 
5 1 0 0 0 0 2 304 315 
1 1 0 0 0 0 1 305 
9 0 10 1 10 7 1 312 
3 1 0 0 0 0 1 308 
10 0 6 0 1 3 1 313 
9 1 0 0 0 0 1 312 
3 1 0 0 0 0 2 314 318 
6 1 0 0 0 0 2 310 314 
10 0 5 2 5 6 1 318 
8 0 9 0 6 10 1 313 
10 0 0 10 0 0 1 318 
4 0 3 3 0 0 1 315 
1 0 8 2 4 2 1 316 
1 0 2 5 10 7 1 316 
9 0 4 2 9 8 1 319 
10 1 0 0 0 0 1 319 
4 0 7 1 8 1 1 319 
1 0 0 0 0 0 0 
1 0 0 0 0 0 3 321 322 323 
4 0 0 0 0 3 3 326 335 337 
4 0 0 0 9 0 3 324 330 332 
1 0 0 0 0 1 2 325 337 
9 0 0 8 0 0 3 333 344 348 
9 0 0 3 0 0 3 328 330 334 
9 0 1 0 0 0 3 327 328 343 
5 1 0 0 0 0 3 331 336 340 
6 1 0 0 0 0 3 329 338 345 
4 1 0 0 0 0 3 341 342 347 
8 0 3 0 0 0 1 335 
1 1 0 0 0 0 3 339 344 345 
1 0 0 0 2 0 2 334 346 
2 1 0 0 0 0 1 346 
3 1 0 0 0 0 2 339 349 
6 0 0 0 8 0 1 349 
7 0 2 0 0 0 1 342 
2 0 0 0 0 5 3 338 341 344 
9 0 0 0 3 0 2 339 350 
5 0 0 0 5 0 1 348 
9 0 0 0 3 0 2 341 342 
1 0 10 0 0 0 1 350 
3 0 3 0 0 0 1 349 
2 1 0 0 0 0 1 347 
10 0 0 0 0 4 1 346 
1 0 0 0 0 10 1 347 
8 0 7 0 0 0 1 350 
10 0 0 0 0 8 1 348 
2 0 9 0 0 0 1 351 
5 0 0 0 0 8 1 351 
2 0 0 0 4 0 1 351 
1 0 0 0 0 0 0 
1 0 0 0 0 0 3 353 354 355 
3 0 7 0 0 0 3 358 361 362 
3 0 0 0 0 3 1 356 
9 0 1 0 0 0 3 357 361 372 
1 0 0 5 0 0 1 379 
7 0 0 6 0 0 3 362 365 376 
4 0 0 0 0 8 2 359 373 
4 0 0 0 6 0 3 360 366 372 
4 1 0 0 0 0 2 364 368 
3 0 10 0 0 0 3 363 369 375 
1 0 5 0 0 0 3 377 378 379 
6 1 0 0 0 0 3 364 370 371 
8 1 0 0 0 0 1 365 
5 0 1 0 0 0 3 377 378 379 
4 0 6 0 0 0 3 367 369 375 
9 1 0 0 0 0 2 370 374 
2 0 0 0 6 0 2 369 382 
5 0 0 0 5 0 1 370 
1 0 7 0 0 0 1 376 
1 1 0 0 0 0 3 374 381 382 
5 0 0 1 0 0 1 381 
3 0 0 0 0 2 1 381 
5 1 0 0 0 0 1 376 
2 0 0 0 8 0 2 377 380 
10 0 3 0 0 0 1 378 
1 0 0 0 4 0 1 382 
1 0 0 0 0 8 1 380 
3 0 0 9 0 0 1 380 
4 0 8 0 0 0 1 383 
9 0 0 0 6 0 1 383 
6 0 0 0 0 3 1 383 
1 0 0 0 0 0 0 
1 0 0 0 0 0 3 385 386 387 
9 0 4 8 9 0 3 388 389 392 
8 0 0 4 1 9 1 398 
10 0 9 2 7 0 3 391 392 394 
7 0 0 7 3 0 3 390 403 407 
4 0 8 9 6 6 3 399 402 403 
10 0 0 10 0 3 1 395 
4 0 10 10 0 9 2 405 406 
8 0 5 0 7 0 2 393 404 
9 0 4 0 3 0 3 397 402 411 
8 0 2 0 7 10 1 400 
3 0 3 7 0 10 1 396 
8 1 0 0 0 0 2 400 401 
4 0 8 0 1 2 2 403 409 
7 0 2 0 2 9 3 401 406 410 
1 0 0 8 5 2 2 404 408 
6 1 0 0 0 0 2 405 411 
8 1 0 0 0 0 2 412 413 
4 0 0 8 3 3 1 407 
10 1 0 0 0 0 3 410 412 414 
6 0 7 10 1 0 3 406 409 411 
9 0 10 8 5 0 1 408 
2 0 2 7 0 1 1 412 
6 1 0 0 0 0 1 408 
4 0 9 0 2 0 2 409 414 
10 0 8 2 10 5 1 410 
4 0 5 3 0 10 1 413 
2 1 0 0 0 0 2 413 414 
8 0 7 6 1 3 1 415 
3 0 5 5 3 3 1 415 
3 0 0 3 9 2 1 415 
1 0 0 0 0 0 0 
1 0 0 0 0 0 3 417 418 419 
5 0 0 7 1 0 3 425 427 446 
8 0 0 7 0 5 2 423 436 
10 0 5 0 0 3 2 420 441 
10 0 4 7 0 0 3 421 424 430 
9 0 2 0 0 10 2 422 443 
7 1 0 0 0 0 3 432 433 442 
1 0 5 7 10 0 1 425 
5 0 2 6 0 0 3 426 437 439 
10 0 9 8 0 0 2 431 434 
10 1 0 0 0 0 2 432 436 
8 0 3 3 4 8 2 428 429 
4 0 0 0 0 8 2 431 434 
9 0 9 8 3 0 1 436 
8 0 7 5 0 0 3 431 435 438 
8 1 0 0 0 0 2 432 439 
1 1 0 0 0 0 1 440 
9 1 0 0 0 0 2 434 440 
10 0 0 0 4 7 2 437 445 
8 1 0 0 0 0 2 437 446 
5 0 1 0 10 0 3 438 440 442 
6 0 9 4 0 0 1 444 
5 0 3 6 0 0 1 443 
9 1 0 0 0 0 2 442 443 
6 0 3 10 0 0 1 444 
1 0 0 0 10 0 1 446 
10 0 0 9 0 0 1 445 
8 0 5 0 0 0 2 444 445 
8 0 0 0 0 1 1 447 
2 0 7 0 0 4 1 447 
10 0 6 6 7 7 1 447 
1 0 0 0 0 0 0 
53.68 43.34 22.78 7 6.1 6.08 66.14 72.69 70.84 47.24 10 6.45 6.53 5 2.21 27.68 18.09 22.6 17.83 29.93 56.07 50.46 1.81 3.95 -4.28 -4.99 -18.59 -5.92 -1.4 -1.98 5.62 19.37 10.3 8.68 0 -3.13 -7.09 -9 -12.51 -9.28 -2.07 5.58 34.61 88.07 76.99 88.2 87.59 60.54 80.13 71.19 69.23 67.47 74.12 83.95 98.16 105.7 106.44 99.22 88.97 81.65 66.88 62.93 45.71 62.88 72.18 88.66 99.29 119.15 139.08 131.45 122.47 100.96 96.27 91.99 89.15 79.98 84.88 92.32 115 99.14 103.39 94.99 78.64 67.65 67.05 42.31 45.72 67.46 80.01 92.54 101.57 144.37 154.76 134.78 107.89 96.48 106.82 101.22 99.48 97.25 98.86 102.31 113.64 110.75 94.73 67.74 43.3 39.03 30.2 16.94 18.14 58.01 84.58 97.98 110.96 133.93 150 131.18 110.5 100.6 103.54 97.26 96.92 94.07 93.91 88.94 88.43 52.34 42.09 37.59 13.67 20.06 16.07 9.29 6 6.92 20.4 67.58 92.49 106.47 111.16 112.28 107.44 97.19 90.1 82.38 78.8 69.66 69 72.02 75.17 60.3 33.44 17.84 11.34 8.2 2.02 0.55 1.37 6.76 17.45 72.64 99.06 107.19 115.49 120 107 102.73 53.68 43.34 22.78 7 6.1 6.08 66.14 72.69 70.84 47.24 10 6.45 6.53 5 2.21 27.68 18.09 22.6 17.83 29.93 56.07 50.46 1.81 3.95 -4.28 -4.99 -18.59 -5.92 -1.4 -1.98 5.62 19.37 10.3 8.68 0 -3.13 -7.09 -9 -12.51 -9.28 -2.07 5.58 34.61 88.07 76.99 88.2 87.59 60.54 80.13 71.19 69.23 67.47 74.12 83.95 98.16 105.7 106.44 99.22 88.97 81.65 66.88 62.93 45.71 62.88 72.18 88.66 99.29 119.15 139.08 131.45 122.47 100.96 96.27 91.99 89.15 79.98 84.88 92.32 115 99.14 103.39 94.99 78.64 67.65 67.05 42.31 45.72 67.46 80.01 92.54 101.57 144.37 154.76 134.78 107.89 96.48 106.82 101.22 99.48 97.25 98.86 102.31 113.64 110.75 94.73 67.74 43.3 39.03 30.2 16.94 18.14 58.01 84.58 97.98 110.96 133.93 150 131.18 110.5 100.6 103.54 97.26 96.92 94.07 93.91 88.94 88.43 52.34 42.09 37.59 13.67 20.06 16.07 9.29 6 6.92 20.4 67.58 92.49 106.47 111.16 112.28 107.44 97.19 90.1 82.38 78.8 69.66 69 72.02 75.17 60.3 33.44 17.84 11.34 8.2 2.02 0.55 1.37 6.76 17.45 72.64 99.06 107.19 115.49 120 107 102.73 53.68 43.34 22.78 7 6.1 6.08 66.14 72.69 70.84 47.24 10 6.45 6.53 5 2.21 27.68 18.09 22.6 17.83 29.93 56.07 50.46 1.81 3.95 -4.28 -4.99 -18.59 -5.92 -1.4 -1.98 5.62 19.37 10.3 8.68 0 -3.13 -7.09 -9 -12.51 -9.28 -2.07 5.58 34.61 88.07 76.99 88.2 87.59 60.54 80.13 71.19 69.23 67.47 74.12 83.95 98.16 105.7 106.44 99.22 88.97 81.65 66.88 62.93 45.71 62.88 72.18 88.66 99.29 119.15 139.08 131.45 122.47 100.96 96.27 91.99 89.15 79.98 84.88 92.32 115 99.14 103.39 94.99 78.64 67.65 67.05 42.31 45.72 67.46 80.01 92.54 101.57 144.37 154.76 134.78 107.89 96.48 106.82 101.22 99.48 97.25 98.86 102.31 113.64 110.75 94.73 67.74 43.3 39.03 30.2 16.94 18.14 58.01 84.58 97.98 110.96 133.93 150 131.18 110.5 100.6 103.54 97.26 96.92 94.07 93.91 88.94 88.43 52.34 42.09 37.59 13.67 20.06 16.07 9.29 6 6.92 20.4 67.58 92.49 106.47 111.16 112.28 107.44 97.19 90.1 82.38 78.8 69.66 69 72.02 75.17 60.3 33.44 17.84 11.34 8.2 2.02 0.55 1.37 6.76 17.45 72.64 99.06 107.19 115.49 120 107 102.73 53.68 43.34 22.78 7 6.1 6.08 66.14 72.69 70.84 47.24 10 6.45 6.53 5 2.21 27.68 18.09 22.6 17.83 29.93 56.07 50.46 1.81 3.95 -4.28 -4.99 -18.59 -5.92 -1.4 -1.98 5.62 19.37 10.3 8.68 0 -3.13 -7.09 -9 -12.51 -9.28 -2.07 5.58 34.61 88.07 76.99 88.2 87.59 60.54 80.13 71.19 69.23 67.47 74.12 83.95 98.16 105.7 106.44 99.22 88.97 81.65 66.88 62.93 45.71 62.88 72.18 88.66 99.29 119.15 139.08 131.45 122.47 100.96 96.27 91.99 89.15 79.98 84.88 92.32 115 99.14 103.39 94.99 78.64 67.65 67.05 42.31 45.72 67.46 80.01 92.54 101.57 144.37 154.76 134.78 107.89 96.48 106.82 101.22 99.48 97.25 98.86 102.31 113.64 110.75 94.73 67.74 43.3 39.03 30.2 16.94 18.14 58.01 84.58 97.98 110.96 133.93 150 131.18 110.5 100.6 103.54 97.26 96.92 94.07 93.91 88.94 88.43 52.34 42.09 37.59 13.67 20.06 16.07 9.29 6 6.92 20.4 67.58 92.49 106.47 111.16 112.28 107.44 97.19 90.1 82.38 78.8 69.66 69 72.02 75.17 60.3 33.44 17.84 11.34 8.2 2.02 0.55 1.37 6.76 17.45 72.64 99.06 107.19 115.49 120 107 102.73 53.68 43.34 22.78 7 6.1 6.08 66.14 72.69 70.84 47.24 10 6.45 6.53 5 2.21 27.68 18.09 22.6 17.83 29.93 56.07 50.46 1.81 3.95 -4.28 -4.99 -18.59 -5.92 -1.4 -1.98 5.62 19.37 10.3 8.68 0 -3.13 -7.09 -9 -12.51 -9.28 -2.07 5.58 34.61 88.07 76.99 88.2 87.59 60.54 80.13 71.19 69.23 67.47 74.12 83.95 98.16 105.7 106.44 99.22 88.97 81.65 66.88 62.93 45.71 62.88 72.18 88.66 99.29 119.15 139.08 131.45 122.47 100.96 96.27 91.99 89.15 79.98 84.88 92.32 115 99.14 103.39 94.99 78.64 67.65 67.05 42.31 45.72 67.46 80.01 92.54 101.57 144.37 154.76 134.78 107.89 96.48 106.82 101.22 99.48 97.25 98.86 102.31 113.64 110.75 94.73 67.74 43.3 39.03 30.2 16.94 18.14 58.01 84.58 97.98 110.96 133.93 150 131.18 110.5 100.6 103.54 97.26 96.92 94.07 93.91 88.94 88.43 52.34 42.09 37.59 13.67 20.06 16.07 9.29 6 6.92 20.4 67.58 92.49 106.47 111.16 112.28 107.44 97.19 90.1 82.38 78.8 69.66 69 72.02 75.17 60.3 33.44 17.84 11.34 8.2 2.02 0.55 1.37 6.76 17.45 72.64 99.06 107.19 115.49 120 107 102.73 53.68 43.34 22.78 7 6.1 6.08 66.14 72.69 70.84 47.24 10 6.45 6.53 5 2.21 27.68 18.09 22.6 17.83 29.93 56.07 50.46 1.81 3.95 -4.28 -4.99 -18.59 -5.92 -1.4 -1.98 5.62 19.37 10.3 8.68 0 -3.13 -7.09 -9 -12.51 -9.28 -2.07 5.58 34.61 88.07 76.99 88.2 87.59 60.54 80.13 71.19 69.23 67.47 74.12 83.95 98.16 105.7 106.44 99.22 88.97 81.65 66.88 62.93 45.71 62.88 72.18 88.66 99.29 119.15 139.08 131.45 122.47 100.96 96.27 91.99 89.15 79.98 84.88 92.32 115 99.14 103.39 94.99 78.64 67.65 
