448 5
1 35 40 43 39 
1 0 0 0 0 0 3 1 2 3 
10 0 9 0 0 0 3 4 5 14 
8 0 9 4 10 0 3 6 12 17 
10 0 4 6 10 0 3 13 14 25 
2 0 4 0 0 0 3 7 10 12 
9 0 5 0 0 5 3 9 10 17 
9 0 0 10 6 0 3 8 10 13 
2 1 0 0 0 0 3 17 18 19 
9 1 0 0 0 0 2 11 14 
10 0 0 5 0 0 3 12 16 21 
10 1 0 0 0 0 3 19 26 27 
8 0 0 9 0 1 3 15 18 21 
9 0 0 5 6 0 2 20 22 
9 1 0 0 0 0 2 22 24 
3 1 0 0 0 0 1 15 
6 1 0 0 0 0 2 16 26 
6 0 7 0 6 2 3 20 23 29 
10 0 9 5 0 0 2 26 27 
9 0 0 0 10 4 3 20 23 25 
2 1 0 0 0 0 2 21 22 
4 0 0 0 0 5 2 24 27 
10 0 0 5 0 10 3 23 24 25 
1 0 3 2 1 4 2 29 30 
9 0 4 0 0 3 1 30 
5 0 0 0 5 5 1 28 
2 0 0 0 0 3 1 28 
8 0 0 7 0 0 1 29 
8 0 1 3 3 0 2 28 30 
1 0 4 2 0 0 1 31 
8 0 4 7 2 6 1 31 
1 0 0 10 4 7 1 31 
1 0 0 0 0 0 0 
1 0 0 0 0 0 3 33 34 35 
3 0 7 0 0 0 3 38 41 42 
3 0 0 0 0 3 1 36 
9 0 1 0 0 0 3 37 41 52 
1 0 0 5 0 0 1 59 
7 0 0 6 0 0 3 42 45 56 
4 0 0 0 0 8 2 39 53 
4 0 0 0 6 0 3 40 46 52 
4 0 8 0 0 0 2 44 48 
3 0 10 0 0 0 3 43 49 55 
1 1 0 0 0 0 3 57 58 59 
6 1 0 0 0 0 3 44 50 51 
8 0 0 10 0 0 1 45 
5 0 1 0 0 0 3 57 58 59 
4 0 6 0 0 0 3 47 49 55 
9 1 0 0 0 0 2 50 54 
2 1 0 0 0 0 2 49 62 
5 0 0 0 5 0 1 50 
1 0 7 0 0 0 1 56 
1 1 0 0 0 0 3 54 61 62 
5 0 0 1 0 0 1 61 
3 0 0 0 0 2 1 61 
5 1 0 0 0 0 1 56 
2 0 0 0 8 0 2 57 60 
10 0 3 0 0 0 1 58 
1 0 0 0 4 0 1 62 
1 0 0 0 0 8 1 60 
3 0 0 9 0 0 1 60 
4 0 8 0 0 0 1 63 
9 0 0 0 6 0 1 63 
6 0 0 0 0 3 1 63 
1 0 0 0 0 0 0 
1 0 0 0 0 0 3 65 66 67 
3 0 9 0 9 0 3 80 88 92 
5 0 0 10 3 0 3 72 73 79 
9 0 6 2 2 0 3 68 69 70 
10 0 0 0 10 1 1 80 
1 0 10 1 2 0 3 76 79 85 
7 0 0 0 0 2 1 71 
2 0 9 8 3 10 1 75 
10 0 6 8 2 5 3 74 78 82 
9 0 9 3 9 9 2 86 87 
10 0 0 7 5 9 1 88 
5 0 0 5 2 6 1 94 
2 0 0 3 0 0 2 77 90 
5 0 8 10 10 8 1 83 
7 0 0 0 5 0 1 84 
7 0 5 6 0 10 2 83 89 
7 0 0 0 7 8 2 81 89 
9 0 0 1 3 8 1 87 
10 0 4 9 10 1 1 92 
6 0 1 8 10 8 1 88 
6 0 8 5 3 0 1 85 
9 1 0 0 0 0 2 86 87 
9 0 3 0 8 2 1 94 
6 0 5 4 10 0 1 91 
9 1 0 0 0 0 1 93 
10 1 0 0 0 0 1 90 
4 1 0 0 0 0 1 91 
10 0 1 1 0 8 1 93 
2 1 0 0 0 0 1 95 
10 0 10 10 5 10 1 95 
6 0 6 0 3 7 1 95 
1 0 0 0 0 0 0 
1 0 0 0 0 0 3 97 98 99 
4 0 6 0 3 0 1 100 
3 0 5 8 5 9 3 102 111 118 
7 0 0 10 9 1 3 102 105 106 
3 0 0 9 0 0 3 101 103 108 
9 0 9 3 9 7 3 104 109 118 
7 0 7 0 9 8 2 115 119 
7 1 0 0 0 0 2 110 116 
8 0 8 0 1 8 3 111 119 126 
9 0 8 1 5 7 3 113 116 119 
7 0 6 2 10 1 3 107 120 122 
3 0 0 3 6 0 1 112 
6 0 7 1 0 3 1 110 
2 0 4 0 4 0 2 112 124 
6 1 0 0 0 0 2 115 117 
4 0 3 0 2 0 2 122 123 
10 0 10 3 2 6 2 113 116 
1 0 0 9 1 6 3 114 115 123 
4 0 0 9 9 5 1 117 
9 0 6 7 7 6 1 121 
1 0 8 4 0 8 1 123 
2 0 1 5 8 10 1 121 
9 1 0 0 0 0 1 120 
1 0 3 6 7 8 2 122 125 
2 1 0 0 0 0 3 121 124 125 
3 0 7 2 9 8 1 126 
1 0 0 7 0 9 1 124 
2 0 7 10 10 2 1 125 
3 0 0 3 0 0 1 127 
6 0 5 6 7 0 1 127 
8 0 10 0 6 10 1 127 
1 0 0 0 0 0 0 
1 0 0 0 0 0 3 129 130 131 
1 0 0 5 7 7 3 137 138 142 
9 0 0 8 5 4 3 132 135 139 
5 0 0 10 0 8 1 146 
6 0 0 6 10 2 3 133 134 136 
4 0 2 0 0 10 3 141 147 155 
9 0 5 0 4 0 3 140 143 157 
7 0 0 0 7 0 1 149 
4 0 0 0 10 0 3 138 144 153 
8 0 0 1 0 0 2 139 145 
10 0 2 0 0 8 1 150 
4 0 2 0 0 0 1 153 
10 1 0 0 0 0 3 146 149 151 
2 1 0 0 0 0 2 148 154 
8 0 0 7 0 1 3 143 144 152 
9 1 0 0 0 0 3 146 150 156 
10 0 0 10 0 7 3 149 155 156 
3 0 8 2 0 0 2 147 148 
10 0 10 6 0 6 1 158 
4 1 0 0 0 0 2 151 152 
5 0 0 2 4 0 1 152 
3 1 0 0 0 0 1 150 
6 0 5 3 8 0 1 158 
5 1 0 0 0 0 1 153 
6 0 0 6 7 6 1 157 
4 0 0 0 0 10 1 154 
4 0 9 0 1 0 2 156 158 
4 0 0 8 9 1 1 157 
5 0 0 0 3 0 1 159 
3 0 7 10 9 1 1 159 
6 0 9 0 5 5 1 159 
1 0 0 0 0 0 0 
1 0 0 0 0 0 3 161 162 163 
2 0 5 0 3 0 3 171 184 187 
5 0 10 7 5 5 3 166 167 169 
9 0 4 9 8 0 3 164 176 182 
7 0 3 0 6 2 3 165 168 171 
6 0 0 10 1 0 3 178 179 183 
7 0 1 7 2 7 3 171 173 177 
9 0 9 0 8 7 3 170 175 180 
2 0 5 0 0 0 3 173 177 183 
5 0 3 0 8 8 3 172 173 176 
2 0 6 10 9 0 3 172 174 185 
10 0 7 0 1 0 3 172 175 180 
8 0 0 1 5 7 2 189 190 
5 1 0 0 0 0 3 175 178 181 
8 0 0 3 6 6 3 181 182 187 
6 0 0 9 4 9 3 185 186 190 
7 0 5 0 10 5 3 179 180 186 
7 0 9 7 5 5 2 178 179 
5 1 0 0 0 0 3 184 185 190 
9 0 0 0 1 1 1 187 
10 0 0 4 0 5 1 181 
8 0 8 2 7 0 1 189 
10 1 0 0 0 0 1 183 
7 0 4 6 9 10 1 184 
1 0 4 1 10 10 2 186 189 
2 0 1 2 9 8 1 188 
4 0 4 8 9 7 1 188 
7 0 7 8 0 4 1 188 
9 0 0 1 0 10 1 191 
2 0 5 7 10 10 1 191 
1 0 0 1 8 1 1 191 
1 0 0 0 0 0 0 
1 0 0 0 0 0 3 193 194 195 
7 0 4 0 6 0 3 196 200 203 
1 0 0 7 8 1 3 199 207 211 
10 0 0 2 1 0 3 197 198 201 
5 0 9 0 10 0 3 197 198 204 
7 0 0 10 0 5 3 199 205 206 
5 0 0 0 7 9 3 208 217 219 
6 0 0 0 6 0 3 208 210 218 
10 0 2 0 0 2 3 202 209 212 
5 0 0 0 0 9 3 202 203 204 
4 0 0 3 0 0 3 205 206 213 
1 0 0 4 6 0 3 205 210 213 
10 0 3 0 7 0 3 207 209 212 
7 1 0 0 0 0 3 207 211 214 
8 1 0 0 0 0 3 211 218 219 
10 1 0 0 0 0 3 208 218 222 
2 1 0 0 0 0 1 221 
4 1 0 0 0 0 2 215 217 
2 0 8 0 0 4 2 212 217 
10 1 0 0 0 0 1 220 
7 1 0 0 0 0 1 214 
7 0 2 1 0 7 1 214 
5 1 0 0 0 0 2 215 221 
1 1 0 0 0 0 2 216 220 
9 0 6 4 0 8 1 219 
2 0 4 0 0 3 2 221 222 
6 0 0 5 10 0 1 220 
3 0 9 0 6 0 1 222 
3 0 0 0 4 0 1 223 
1 0 9 0 5 2 1 223 
8 0 7 10 7 0 1 223 
1 0 0 0 0 0 0 
1 0 0 0 0 0 3 225 226 227 
2 0 8 10 8 7 3 230 232 247 
3 0 3 7 7 3 3 229 244 253 
2 0 8 8 7 7 3 228 232 236 
7 0 10 6 1 8 3 234 242 245 
6 0 8 2 5 1 3 233 237 241 
6 0 2 7 1 3 3 231 239 240 
4 0 1 5 2 1 1 246 
8 0 10 7 5 1 3 235 238 242 
2 0 9 4 9 7 2 239 249 
4 0 5 6 8 4 3 241 247 250 
7 0 8 1 6 7 1 250 
10 0 10 6 4 1 2 243 250 
8 0 6 8 7 3 2 238 252 
5 0 7 9 2 10 1 239 
1 0 6 5 4 8 1 254 
9 0 10 5 5 10 1 248 
1 1 0 0 0 0 1 246 
7 0 5 3 8 1 2 243 244 
7 0 8 4 6 1 2 246 251 
6 1 0 0 0 0 1 252 
8 0 6 2 4 10 3 248 249 254 
8 0 3 5 5 1 2 249 254 
9 0 1 10 6 3 2 248 251 
8 0 8 1 10 9 1 253 
3 0 10 9 9 5 1 252 
6 1 0 0 0 0 1 251 
9 0 7 8 5 7 1 253 
9 0 4 10 5 1 1 255 
8 0 6 7 2 10 1 255 
5 0 3 1 2 5 1 255 
1 0 0 0 0 0 0 
1 0 0 0 0 0 3 257 258 259 
9 0 0 0 8 7 2 273 282 
3 0 5 6 0 6 3 261 266 279 
6 0 6 9 3 9 3 260 268 272 
8 0 7 0 10 6 3 263 264 265 
8 0 0 5 0 0 3 262 263 276 
7 0 0 0 0 3 3 267 270 278 
3 0 0 0 0 2 1 277 
7 0 0 4 0 0 2 270 279 
1 0 0 0 0 5 1 269 
10 0 8 0 9 9 2 271 286 
1 1 0 0 0 0 1 272 
7 0 0 0 8 7 1 274 
7 0 0 6 0 2 1 282 
7 1 0 0 0 0 1 271 
6 0 0 3 0 8 2 275 285 
9 0 3 0 0 6 1 277 
2 0 0 0 4 0 1 276 
7 1 0 0 0 0 1 281 
3 0 0 10 0 3 1 280 
3 1 0 0 0 0 1 277 
8 0 7 0 0 0 1 283 
9 0 0 9 6 0 1 286 
1 1 0 0 0 0 1 286 
1 0 0 0 2 4 1 284 
3 1 0 0 0 0 1 282 
10 0 0 10 0 2 1 284 
3 0 8 5 5 0 2 284 285 
6 0 1 0 0 8 1 287 
4 0 2 0 10 0 1 287 
3 0 9 3 6 1 1 287 
1 0 0 0 0 0 0 
1 0 0 0 0 0 3 289 290 291 
4 0 0 6 0 5 2 304 314 
8 0 0 3 0 0 3 293 294 295 
3 0 4 0 1 8 3 292 312 314 
1 0 0 1 6 0 2 305 308 
3 0 0 1 0 8 3 296 303 309 
8 0 0 0 3 0 3 296 299 302 
4 0 6 3 0 10 3 297 301 311 
4 0 5 0 0 9 3 298 300 301 
1 0 0 7 0 3 2 299 302 
8 1 0 0 0 0 2 307 317 
10 0 0 5 5 0 3 305 306 314 
9 0 0 0 0 5 1 306 
10 0 0 0 3 0 1 305 
5 1 0 0 0 0 2 303 307 
9 0 0 0 2 0 1 313 
6 0 3 0 8 1 3 307 308 313 
3 0 4 9 5 0 2 315 317 
2 0 4 7 0 4 1 316 
7 0 0 1 0 8 1 315 
10 0 0 5 9 6 1 310 
4 0 0 0 5 8 2 311 312 
6 1 0 0 0 0 1 311 
10 0 7 7 5 0 1 315 
8 1 0 0 0 0 2 313 317 
3 0 2 0 0 4 2 316 318 
6 0 2 2 0 2 1 316 
5 0 0 5 0 5 1 318 
8 0 0 9 6 0 1 319 
7 0 0 0 0 8 1 319 
2 0 9 0 0 0 1 319 
1 0 0 0 0 0 0 
1 0 0 0 0 0 3 321 322 323 
5 0 5 9 3 4 3 324 339 349 
6 0 7 8 1 8 3 325 326 327 
2 0 10 10 7 5 3 327 329 332 
10 0 1 4 3 1 3 329 336 338 
8 0 3 8 3 7 3 330 332 341 
6 0 6 7 1 7 3 328 331 334 
3 0 5 8 9 1 3 338 342 345 
5 0 3 5 5 8 3 335 336 340 
2 1 0 0 0 0 2 330 337 
9 1 0 0 0 0 3 335 340 350 
10 0 1 8 6 9 3 336 339 349 
1 1 0 0 0 0 3 333 335 339 
2 0 3 9 5 4 3 334 338 346 
1 1 0 0 0 0 2 337 342 
6 0 10 7 1 3 2 344 345 
2 1 0 0 0 0 1 337 
2 0 10 4 7 2 2 345 347 
8 1 0 0 0 0 1 343 
10 0 1 1 1 4 3 340 346 350 
8 0 6 6 10 4 2 343 344 
1 0 3 1 6 2 3 342 346 350 
1 1 0 0 0 0 3 343 344 349 
9 0 9 8 4 1 1 347 
5 0 9 4 9 7 1 347 
3 0 1 1 5 6 1 348 
7 0 6 8 4 4 1 348 
6 0 1 10 10 4 1 348 
3 0 5 2 3 3 1 351 
1 0 7 3 1 4 1 351 
9 0 1 1 9 1 1 351 
1 0 0 0 0 0 0 
1 0 0 0 0 0 3 353 354 355 
6 0 3 5 0 3 1 360 
5 0 8 1 7 0 3 356 359 367 
4 0 0 3 7 3 1 366 
7 0 2 5 9 2 3 357 360 370 
5 0 4 3 5 5 3 358 361 382 
8 0 5 6 8 9 2 362 363 
10 0 0 1 0 2 2 365 374 
10 0 0 9 1 10 1 364 
8 0 9 2 1 2 3 369 372 374 
4 1 0 0 0 0 3 364 366 377 
4 1 0 0 0 0 2 364 371 
4 1 0 0 0 0 2 368 373 
8 0 8 10 9 4 3 368 369 371 
9 0 3 10 0 0 3 368 371 374 
2 0 9 0 7 0 1 377 
9 0 8 9 5 5 1 375 
1 0 0 10 4 10 1 373 
5 0 0 0 2 7 2 378 381 
2 0 8 9 4 2 2 379 380 
4 0 0 1 10 9 2 375 377 
2 1 0 0 0 0 2 376 380 
6 0 9 3 10 4 3 375 376 378 
6 0 8 0 7 0 1 381 
4 0 9 4 8 3 1 379 
6 1 0 0 0 0 2 378 379 
6 0 5 4 4 0 1 380 
1 0 4 1 0 10 1 381 
4 0 2 0 10 0 1 383 
2 0 7 8 2 6 1 383 
9 0 2 3 0 4 1 383 
1 0 0 0 0 0 0 
1 0 0 0 0 0 3 385 386 387 
9 0 2 0 0 0 3 389 401 404 
3 0 0 0 2 0 2 388 389 
2 0 0 0 0 4 1 408 
4 0 10 0 0 0 3 390 392 397 
10 0 0 0 1 0 1 405 
2 0 0 0 4 0 3 391 393 394 
7 0 0 9 0 0 3 399 413 414 
6 0 0 0 4 0 2 394 414 
9 0 8 0 0 0 2 395 411 
2 0 8 0 0 0 2 396 406 
5 0 3 0 0 0 1 410 
6 1 0 0 0 0 3 399 400 401 
5 0 0 0 3 0 2 398 402 
9 0 0 0 6 0 3 399 403 404 
9 1 0 0 0 0 1 412 
8 0 0 7 0 0 2 402 404 
5 1 0 0 0 0 2 402 408 
3 0 0 9 0 0 1 411 
2 1 0 0 0 0 3 405 407 408 
2 1 0 0 0 0 1 409 
9 1 0 0 0 0 1 406 
8 0 0 0 0 4 1 410 
3 0 0 0 1 0 2 409 414 
6 0 0 0 0 9 1 409 
5 0 0 6 0 0 2 410 411 
8 0 0 4 0 0 2 412 413 
8 0 0 0 0 5 2 412 413 
4 0 0 0 0 1 1 415 
3 0 0 0 0 2 1 415 
3 0 0 0 2 0 1 415 
1 0 0 0 0 0 0 
1 0 0 0 0 0 3 417 418 419 
2 0 1 7 2 2 3 422 425 437 
5 0 7 3 3 6 1 437 
8 0 9 7 3 8 3 420 421 423 
6 0 6 5 1 1 3 427 436 440 
8 0 1 7 1 1 3 422 424 429 
1 0 10 1 1 3 1 438 
4 0 10 9 6 2 2 426 441 
1 0 6 3 8 3 3 431 432 433 
8 0 5 7 4 8 2 430 436 
5 0 3 3 7 9 3 434 439 440 
2 0 1 8 1 4 1 428 
4 0 3 5 9 2 1 431 
9 1 0 0 0 0 2 435 436 
5 0 1 10 6 1 2 434 445 
9 1 0 0 0 0 3 439 441 443 
2 1 0 0 0 0 2 434 444 
7 0 5 2 5 9 2 435 442 
2 1 0 0 0 0 1 446 
4 1 0 0 0 0 1 443 
1 0 5 1 1 5 2 438 442 
9 0 2 9 4 7 3 438 440 441 
5 0 7 9 8 4 1 443 
3 1 0 0 0 0 2 442 444 
3 0 1 8 5 10 1 444 
4 0 3 6 2 1 2 445 446 
10 0 6 6 4 7 1 446 
2 0 8 8 9 8 1 445 
5 0 7 2 1 6 1 447 
1 0 7 9 1 9 1 447 
8 0 9 1 5 3 1 447 
1 0 0 0 0 0 0 
196.23 191.85 195.91 186.66 178.04 191.65 237.44 299.95 313.92 315 310.41 310.08 300 297.01 299.96 306.45 302.73 315.47 310.82 294.98 267.45 242.23 217.03 195.83 207.01 202.42 197.6 193 194.9 204.45 237.13 293.52 300.02 297.16 275.67 264.4 252.59 248.38 255.01 277.9 289.94 316.4 315.9 309.2 285.33 245.3 236.61 204.57 194.79 183.98 183.06 177.35 178.33 193.5 240.56 273.18 300.1 292.74 275.5 258.65 245.11 232.08 234.77 240.01 255 284.82 285.97 269.03 235.25 191.5 193.69 172.18 142.35 161.69 153.58 147.07 152.47 171.26 192.03 215.24 235.9 219.99 180.08 170.16 152.53 134.13 171.01 201.59 205.38 220.3 212.76 210 192.69 164.46 164.2 122.09 120.04 110.03 108.24 107.46 109.82 140.52 176.04 190.97 216.99 196.91 162.92 160.04 154.01 152.29 186.94 217.18 224.91 262 260.04 234.32 215.04 204.39 194.29 184.9 168.43 170.62 186.01 182.64 187.83 190.58 190.27 204.46 212.84 230 222.39 214.92 208.43 200 203.09 213.98 226.32 260 267.03 261.41 243.62 220.1 212.85 209.41 225.92 216 189.49 181.98 174.98 165.91 118.71 119.45 125.86 129.46 125.99 131.83 140.03 122.49 102.67 121.95 115 125.42 112.4 97.49 90.14 97.09 93.85 87.2 196.23 191.85 195.91 186.66 178.04 191.65 237.44 299.95 313.92 315 310.41 310.08 300 297.01 299.96 306.45 302.73 315.47 310.82 294.98 267.45 242.23 217.03 195.83 207.01 202.42 197.6 193 194.9 204.45 237.13 293.52 300.02 297.16 275.67 264.4 252.59 248.38 255.01 277.9 289.94 316.4 315.9 309.2 285.33 245.3 236.61 204.57 194.79 183.98 183.06 177.35 178.33 193.5 240.56 273.18 300.1 292.74 275.5 258.65 245.11 232.08 234.77 240.01 255 284.82 285.97 269.03 235.25 191.5 193.69 172.18 142.35 161.69 153.58 147.07 152.47 171.26 192.03 215.24 235.9 219.99 180.08 170.16 152.53 134.13 171.01 201.59 205.38 220.3 212.76 210 192.69 164.46 164.2 122.09 120.04 110.03 108.24 107.46 109.82 140.52 176.04 190.97 216.99 196.91 162.92 160.04 154.01 152.29 186.94 217.18 224.91 262 260.04 234.32 215.04 204.39 194.29 184.9 168.43 170.62 186.01 182.64 187.83 190.58 190.27 204.46 212.84 230 222.39 214.92 208.43 200 203.09 213.98 226.32 260 267.03 261.41 243.62 220.1 212.85 209.41 225.92 216 189.49 181.98 174.98 165.91 118.71 119.45 125.86 129.46 125.99 131.83 140.03 122.49 102.67 121.95 115 125.42 112.4 97.49 90.14 97.09 93.85 87.2 196.23 191.85 195.91 186.66 178.04 191.65 237.44 299.95 313.92 315 310.41 310.08 300 297.01 299.96 306.45 302.73 315.47 310.82 294.98 267.45 242.23 217.03 195.83 207.01 202.42 197.6 193 194.9 204.45 237.13 293.52 300.02 297.16 275.67 264.4 252.59 248.38 255.01 277.9 289.94 316.4 315.9 309.2 285.33 245.3 236.61 204.57 194.79 183.98 183.06 177.35 178.33 193.5 240.56 273.18 300.1 292.74 275.5 258.65 245.11 232.08 234.77 240.01 255 284.82 285.97 269.03 235.25 191.5 193.69 172.18 142.35 161.69 153.58 147.07 152.47 171.26 192.03 215.24 235.9 219.99 180.08 170.16 152.53 134.13 171.01 201.59 205.38 220.3 212.76 210 192.69 164.46 164.2 122.09 120.04 110.03 108.24 107.46 109.82 140.52 176.04 190.97 216.99 196.91 162.92 160.04 154.01 152.29 186.94 217.18 224.91 262 260.04 234.32 215.04 204.39 194.29 184.9 168.43 170.62 186.01 182.64 187.83 190.58 190.27 204.46 212.84 230 222.39 214.92 208.43 200 203.09 213.98 226.32 260 267.03 261.41 243.62 220.1 212.85 209.41 225.92 216 189.49 181.98 174.98 165.91 118.71 119.45 125.86 129.46 125.99 131.83 140.03 122.49 102.67 121.95 115 125.42 112.4 97.49 90.14 97.09 93.85 87.2 196.23 191.85 195.91 186.66 178.04 191.65 237.44 299.95 313.92 315 310.41 310.08 300 297.01 299.96 306.45 302.73 315.47 310.82 294.98 267.45 242.23 217.03 195.83 207.01 202.42 197.6 193 194.9 204.45 237.13 293.52 300.02 297.16 275.67 264.4 252.59 248.38 255.01 277.9 289.94 316.4 315.9 309.2 285.33 245.3 236.61 204.57 194.79 183.98 183.06 177.35 178.33 193.5 240.56 273.18 300.1 292.74 275.5 258.65 245.11 232.08 234.77 240.01 255 284.82 285.97 269.03 235.25 191.5 193.69 172.18 142.35 161.69 153.58 147.07 152.47 171.26 192.03 215.24 235.9 219.99 180.08 170.16 152.53 134.13 171.01 201.59 205.38 220.3 212.76 210 192.69 164.46 164.2 122.09 120.04 110.03 108.24 107.46 109.82 140.52 176.04 190.97 216.99 196.91 162.92 160.04 154.01 152.29 186.94 217.18 224.91 262 260.04 234.32 215.04 204.39 194.29 184.9 168.43 170.62 186.01 182.64 187.83 190.58 190.27 204.46 212.84 230 222.39 214.92 208.43 200 203.09 213.98 226.32 260 267.03 261.41 243.62 220.1 212.85 209.41 225.92 216 189.49 181.98 174.98 165.91 118.71 119.45 125.86 129.46 125.99 131.83 140.03 122.49 102.67 121.95 115 125.42 112.4 97.49 90.14 97.09 93.85 87.2 196.23 191.85 195.91 186.66 178.04 191.65 237.44 299.95 313.92 315 310.41 310.08 300 297.01 299.96 306.45 302.73 315.47 310.82 294.98 267.45 242.23 217.03 195.83 207.01 202.42 197.6 193 194.9 204.45 237.13 293.52 300.02 297.16 275.67 264.4 252.59 248.38 255.01 277.9 289.94 316.4 315.9 309.2 285.33 245.3 236.61 204.57 194.79 183.98 183.06 177.35 178.33 193.5 240.56 273.18 300.1 292.74 275.5 258.65 245.11 232.08 234.77 240.01 255 284.82 285.97 269.03 235.25 191.5 193.69 172.18 142.35 161.69 153.58 147.07 152.47 171.26 192.03 215.24 235.9 219.99 180.08 170.16 152.53 134.13 171.01 201.59 205.38 220.3 212.76 210 192.69 164.46 164.2 122.09 120.04 110.03 108.24 107.46 109.82 140.52 176.04 190.97 216.99 196.91 162.92 160.04 154.01 152.29 186.94 217.18 224.91 262 260.04 234.32 215.04 204.39 194.29 184.9 168.43 170.62 186.01 182.64 187.83 190.58 190.27 204.46 212.84 230 222.39 214.92 208.43 200 203.09 213.98 226.32 260 267.03 261.41 243.62 220.1 
