448 5
1 32 30 31 34 
1 0 0 0 0 0 3 1 2 3 
9 0 3 0 1 0 3 4 7 15 
8 0 8 7 0 0 3 5 11 13 
1 0 2 2 5 2 3 8 9 24 
6 0 5 0 0 10 1 6 
6 1 0 0 0 0 2 18 26 
5 1 0 0 0 0 3 10 16 25 
6 0 3 6 1 0 1 29 
8 0 1 0 0 9 1 12 
1 0 4 5 2 1 3 13 17 19 
6 0 9 7 0 1 1 22 
8 0 2 10 5 4 1 20 
2 1 0 0 0 0 2 18 30 
5 0 0 10 8 8 2 14 23 
5 0 6 8 7 7 1 26 
5 0 0 4 7 0 1 17 
7 0 5 9 5 4 2 21 27 
9 1 0 0 0 0 1 26 
5 0 3 0 6 2 1 29 
6 0 3 4 0 5 1 28 
1 1 0 0 0 0 1 21 
8 0 0 9 6 7 1 28 
2 0 10 0 0 7 1 30 
6 0 3 2 4 9 2 25 27 
9 0 3 10 0 2 1 27 
10 0 4 7 0 10 1 28 
2 0 9 0 7 2 1 29 
4 0 4 10 7 5 1 30 
6 0 9 5 9 6 1 31 
3 0 0 0 1 8 1 31 
4 0 0 10 0 8 1 31 
1 0 0 0 0 0 0 
1 0 0 0 0 0 3 33 34 35 
3 0 0 0 1 0 3 37 39 56 
8 0 8 0 0 0 1 62 
6 0 0 0 0 9 3 36 40 44 
5 0 0 6 0 0 3 37 38 54 
4 0 0 0 0 9 3 47 48 53 
1 0 3 0 0 0 3 42 47 59 
6 0 0 0 0 7 3 40 46 52 
10 0 0 5 0 0 2 41 55 
2 1 0 0 0 0 3 48 50 53 
5 0 0 0 5 0 1 43 
3 1 0 0 0 0 2 50 58 
8 0 4 0 0 0 3 45 51 57 
7 0 0 4 0 0 2 48 60 
1 0 5 0 0 0 1 60 
3 1 0 0 0 0 2 49 57 
2 0 3 0 0 0 3 49 58 62 
8 0 0 3 0 0 1 61 
4 1 0 0 0 0 1 61 
8 1 0 0 0 0 1 52 
2 1 0 0 0 0 2 53 55 
3 0 0 7 0 0 1 62 
10 0 0 0 0 1 2 55 56 
7 0 0 0 1 0 1 59 
8 0 0 0 0 7 2 57 59 
2 0 0 0 0 4 1 58 
10 0 0 3 0 0 1 61 
5 0 0 0 9 0 1 60 
1 0 9 0 0 0 1 63 
1 0 0 0 3 0 1 63 
9 0 0 0 2 0 1 63 
1 0 0 0 0 0 0 
1 0 0 0 0 0 3 65 66 67 
4 0 5 10 0 0 3 69 75 83 
10 0 8 0 0 0 2 68 79 
1 0 0 9 3 6 3 68 71 75 
10 0 9 0 5 0 3 70 74 81 
8 0 6 0 4 7 2 70 79 
2 0 8 0 0 10 3 73 86 89 
2 0 3 10 0 5 3 72 76 92 
3 0 0 0 0 8 1 78 
4 1 0 0 0 0 3 80 85 87 
4 0 0 7 0 0 3 76 77 87 
1 1 0 0 0 0 3 76 84 87 
3 1 0 0 0 0 3 80 88 89 
10 0 0 0 4 2 3 80 82 92 
7 0 0 0 0 4 3 79 81 82 
9 0 1 0 9 0 2 89 91 
6 0 0 9 5 0 2 91 94 
8 0 0 0 5 0 3 83 84 94 
6 1 0 0 0 0 3 83 84 90 
8 0 0 4 0 5 2 85 86 
2 0 8 2 0 3 2 85 86 
7 0 0 0 0 7 2 88 91 
5 0 9 1 0 5 1 88 
3 1 0 0 0 0 2 90 92 
7 0 3 1 0 7 1 93 
9 1 0 0 0 0 2 90 93 
7 0 0 4 6 8 1 94 
4 0 0 6 1 0 1 93 
8 1 0 0 0 0 1 95 
1 0 8 0 0 10 1 95 
10 0 8 0 8 4 1 95 
1 0 0 0 0 0 0 
1 0 0 0 0 0 3 97 98 99 
8 0 0 5 0 0 3 103 106 120 
5 0 0 2 0 0 3 100 104 122 
8 0 0 3 0 0 3 101 105 107 
9 0 0 0 2 0 3 102 110 117 
1 0 0 0 1 0 2 112 118 
6 0 0 0 0 1 3 108 113 124 
10 0 10 0 0 0 1 121 
10 0 0 0 0 7 3 110 115 125 
7 0 0 3 0 0 3 113 115 116 
10 0 8 0 0 0 2 107 108 
2 1 0 0 0 0 2 109 114 
10 1 0 0 0 0 2 111 114 
3 1 0 0 0 0 1 119 
8 0 0 0 4 0 2 113 124 
1 1 0 0 0 0 3 112 118 121 
5 0 0 0 9 0 2 115 125 
7 0 0 0 3 0 1 114 
1 0 0 0 7 0 1 118 
3 0 0 0 0 4 1 126 
5 0 0 8 0 0 1 124 
6 0 10 0 0 0 2 119 120 
10 0 2 0 0 0 2 119 123 
2 0 5 0 0 0 1 126 
8 1 0 0 0 0 1 121 
5 0 0 0 0 4 2 123 125 
1 0 2 0 0 0 1 123 
2 0 0 9 0 0 1 126 
4 1 0 0 0 0 1 127 
7 0 0 0 5 0 1 127 
8 0 0 0 0 1 1 127 
1 0 0 0 0 0 0 
1 0 0 0 0 0 3 129 130 131 
8 0 7 9 9 5 2 132 133 
9 0 3 4 8 1 3 136 149 151 
7 0 1 3 10 3 3 132 136 140 
6 0 1 1 10 10 3 134 137 142 
9 0 10 6 10 1 2 134 136 
4 0 6 2 1 4 3 135 139 143 
10 0 6 1 3 5 3 138 141 144 
5 1 0 0 0 0 3 145 146 152 
2 0 1 2 7 9 3 150 153 154 
1 1 0 0 0 0 3 146 148 149 
8 0 4 2 1 8 2 141 148 
5 0 7 1 2 10 3 141 143 152 
1 1 0 0 0 0 3 145 146 151 
9 0 10 5 2 9 3 143 147 157 
10 1 0 0 0 0 1 153 
6 1 0 0 0 0 3 145 147 148 
5 0 4 1 7 7 1 154 
1 1 0 0 0 0 2 154 155 
3 0 1 7 8 6 2 149 152 
4 0 1 7 8 6 2 150 151 
4 0 7 7 9 10 2 150 155 
7 0 9 8 9 3 1 158 
3 0 5 3 3 1 2 153 157 
4 0 9 9 8 7 1 156 
1 0 7 8 6 7 2 155 158 
6 0 8 4 4 4 3 156 157 158 
5 0 9 6 2 9 1 156 
1 0 9 1 3 8 1 159 
3 0 6 5 3 6 1 159 
7 0 3 4 1 1 1 159 
1 0 0 0 0 0 0 
1 0 0 0 0 0 3 161 162 163 
6 0 0 0 2 0 3 167 170 179 
1 0 2 7 0 7 3 165 166 173 
5 0 0 7 0 0 3 164 168 180 
6 0 9 0 3 10 3 169 174 187 
10 0 6 0 0 0 3 170 171 172 
10 0 8 0 0 5 2 167 178 
4 0 0 1 0 4 3 169 175 176 
9 0 9 2 0 0 3 169 173 181 
2 0 0 0 0 9 3 172 177 190 
4 0 10 5 0 2 3 177 180 184 
6 0 1 10 0 0 3 179 182 184 
7 1 0 0 0 0 1 183 
9 0 10 4 0 0 3 178 184 185 
9 0 10 0 8 3 3 175 176 178 
6 0 0 7 1 7 2 181 186 
5 1 0 0 0 0 2 177 182 
2 0 0 0 0 2 1 185 
8 0 7 2 0 0 3 182 183 190 
9 1 0 0 0 0 3 180 183 187 
6 0 5 1 5 0 2 181 185 
5 0 0 0 0 9 1 189 
4 0 8 0 0 0 1 188 
10 0 0 5 9 4 1 188 
2 1 0 0 0 0 3 186 187 189 
3 0 0 9 7 5 2 186 189 
3 0 0 1 10 0 1 188 
6 0 0 0 10 0 1 190 
5 0 0 0 5 10 1 191 
4 0 2 0 10 0 1 191 
7 0 7 0 2 0 1 191 
1 0 0 0 0 0 0 
1 0 0 0 0 0 3 193 194 195 
5 0 0 3 0 0 3 196 200 214 
1 0 4 0 0 0 3 197 198 199 
8 0 2 0 8 0 3 201 206 215 
4 0 10 0 0 10 3 201 204 215 
4 0 0 8 7 0 3 203 209 222 
1 0 9 2 0 2 3 205 210 214 
7 0 0 1 5 0 1 212 
10 0 0 5 3 0 3 201 202 204 
5 0 0 1 2 0 1 217 
6 0 2 0 5 0 2 206 210 
9 0 9 0 0 0 2 206 208 
7 0 4 1 0 5 3 207 208 211 
4 0 7 4 4 0 1 220 
6 1 0 0 0 0 1 216 
6 1 0 0 0 0 2 217 221 
2 1 0 0 0 0 2 218 219 
9 0 2 10 0 4 1 216 
9 1 0 0 0 0 1 213 
5 0 0 0 0 10 2 216 221 
8 0 4 0 0 10 1 213 
2 1 0 0 0 0 2 215 217 
8 0 0 0 3 8 2 219 221 
5 0 0 3 0 1 2 218 222 
5 1 0 0 0 0 1 219 
3 0 2 0 0 1 2 218 222 
8 0 0 0 9 6 1 220 
1 1 0 0 0 0 1 220 
8 0 0 6 0 0 1 223 
7 0 4 10 0 0 1 223 
1 0 0 9 8 10 1 223 
1 0 0 0 0 0 0 
1 0 0 0 0 0 3 225 226 227 
9 0 1 0 2 0 2 231 250 
7 0 4 0 0 5 3 228 229 230 
1 0 1 3 0 0 3 232 235 242 
8 0 5 2 0 8 3 231 232 246 
10 0 3 0 0 0 2 234 243 
8 0 4 0 3 7 2 243 248 
3 0 0 3 8 0 3 233 237 244 
7 0 0 1 0 10 2 233 244 
4 0 8 0 5 0 3 236 238 251 
1 0 0 7 0 6 3 235 238 240 
6 0 0 0 2 4 1 247 
7 1 0 0 0 0 2 239 241 
3 1 0 0 0 0 3 239 252 253 
1 1 0 0 0 0 1 239 
2 0 0 7 4 6 1 254 
1 1 0 0 0 0 1 245 
6 0 0 7 4 6 1 253 
6 0 0 0 0 2 3 243 248 249 
4 0 0 10 0 0 2 251 252 
10 1 0 0 0 0 1 253 
2 0 0 9 10 3 2 246 247 
9 1 0 0 0 0 1 254 
3 1 0 0 0 0 3 248 249 252 
2 1 0 0 0 0 1 250 
3 1 0 0 0 0 1 250 
10 0 0 0 0 2 1 251 
3 0 0 5 10 0 1 254 
5 1 0 0 0 0 1 255 
8 0 0 8 0 0 1 255 
10 0 0 9 0 1 1 255 
1 0 0 0 0 0 0 
1 0 0 0 0 0 3 257 258 259 
2 0 9 8 3 9 3 260 266 270 
3 0 1 3 3 10 3 261 264 270 
3 0 10 6 7 9 3 260 263 269 
5 1 0 0 0 0 3 272 274 276 
6 0 4 1 7 1 3 262 266 274 
2 0 2 7 4 7 3 265 268 273 
8 0 4 10 8 8 3 264 267 272 
1 0 6 7 10 9 3 268 274 278 
10 0 6 6 5 8 3 269 277 282 
1 0 9 4 4 4 3 267 269 272 
8 0 3 8 5 5 3 268 271 273 
8 0 2 6 9 6 2 276 280 
9 0 7 3 3 7 1 286 
9 0 9 4 8 10 2 277 278 
8 0 9 9 10 5 3 275 278 279 
9 0 5 2 9 3 2 279 286 
5 1 0 0 0 0 3 275 284 285 
4 1 0 0 0 0 2 279 281 
7 0 5 4 10 2 1 276 
5 0 1 6 4 5 2 277 282 
6 0 1 1 7 9 1 281 
7 0 1 1 5 10 2 280 282 
1 0 7 2 5 3 2 284 285 
2 0 9 2 9 1 3 281 284 285 
1 0 4 6 2 9 1 283 
8 0 5 5 1 3 1 283 
3 0 4 4 4 3 1 286 
8 0 5 1 3 8 1 287 
3 0 6 2 5 2 1 287 
8 0 1 10 3 3 1 287 
1 0 0 0 0 0 0 
1 0 0 0 0 0 3 289 290 291 
10 0 2 0 6 9 3 297 299 303 
4 0 6 0 8 0 3 293 305 311 
6 0 0 1 0 10 3 292 294 315 
8 0 6 0 0 0 2 298 302 
7 0 0 0 3 0 1 295 
10 0 9 0 5 0 2 296 306 
8 0 3 6 0 2 1 309 
3 0 2 0 3 0 1 310 
7 0 0 10 3 6 3 300 301 316 
5 0 4 0 0 0 2 307 317 
5 1 0 0 0 0 1 301 
9 0 1 0 7 6 3 304 307 313 
1 0 7 9 0 0 1 308 
9 0 1 0 4 8 1 314 
5 0 0 0 1 3 1 317 
4 1 0 0 0 0 1 308 
8 0 1 0 0 0 2 309 312 
8 0 0 3 0 8 1 316 
6 1 0 0 0 0 1 310 
4 0 0 1 0 0 1 312 
3 1 0 0 0 0 1 314 
4 0 0 6 0 0 1 311 
4 0 3 0 0 5 1 318 
2 0 0 0 8 0 2 315 317 
5 1 0 0 0 0 1 314 
7 1 0 0 0 0 1 318 
9 0 0 1 5 10 1 318 
1 0 0 0 10 2 1 319 
5 0 0 5 9 6 1 319 
9 0 4 0 8 0 1 319 
1 0 0 0 0 0 0 
1 0 0 0 0 0 3 321 322 323 
5 0 0 0 5 0 3 326 339 346 
6 0 0 10 0 0 2 324 329 
2 0 0 0 0 2 3 325 327 328 
8 0 0 0 0 5 1 331 
2 0 8 0 0 0 2 347 348 
4 0 0 0 4 0 3 334 335 344 
9 0 1 0 0 0 2 330 343 
1 0 0 0 0 10 1 345 
1 0 0 6 0 0 3 332 333 336 
6 1 0 0 0 0 1 346 
7 0 0 0 0 9 1 335 
3 0 0 0 0 9 1 350 
8 0 0 0 9 0 2 337 338 
7 0 7 0 0 0 1 341 
5 0 0 5 0 0 1 349 
9 0 0 0 0 1 2 345 346 
3 0 0 0 0 7 1 344 
4 1 0 0 0 0 1 340 
2 0 0 2 0 0 1 343 
4 1 0 0 0 0 2 341 342 
10 0 0 0 3 0 1 349 
5 0 0 0 0 7 1 344 
4 0 0 0 0 3 1 345 
2 0 0 3 0 0 1 350 
8 1 0 0 0 0 1 349 
5 0 6 0 0 0 2 347 348 
8 0 0 0 0 9 1 350 
9 0 0 6 0 0 1 351 
1 0 0 6 0 0 1 351 
1 0 0 0 0 3 1 351 
1 0 0 0 0 0 0 
1 0 0 0 0 0 3 353 354 355 
3 0 7 7 0 0 3 357 363 378 
5 0 4 7 5 9 2 371 378 
2 0 6 8 6 0 3 356 367 377 
8 0 8 0 0 1 3 359 365 372 
5 0 0 10 0 5 1 358 
7 0 6 0 0 10 3 360 361 364 
5 0 0 8 0 3 3 366 379 382 
9 0 5 0 5 4 2 362 371 
5 0 4 0 2 1 3 365 374 375 
8 1 0 0 0 0 3 367 368 374 
3 0 4 2 3 8 1 377 
7 0 8 10 5 0 3 367 368 376 
1 0 3 2 3 4 2 366 376 
9 0 0 9 4 0 2 369 371 
10 0 1 0 6 2 3 373 381 382 
10 0 0 4 4 8 2 375 377 
3 1 0 0 0 0 1 370 
7 0 0 8 6 6 1 373 
3 0 9 9 6 0 1 380 
3 1 0 0 0 0 3 374 375 380 
1 0 4 6 0 9 1 380 
9 0 10 9 5 4 1 376 
10 0 0 6 6 1 1 379 
4 0 7 4 0 0 1 379 
2 0 6 5 7 5 1 381 
7 0 0 9 1 4 1 382 
4 0 3 0 0 0 1 381 
3 0 4 9 3 1 1 383 
2 0 8 5 3 5 1 383 
3 0 1 9 10 9 1 383 
1 0 0 0 0 0 0 
1 0 0 0 0 0 3 385 386 387 
2 0 0 0 0 8 3 388 391 394 
10 0 0 3 0 0 3 389 396 403 
10 0 0 0 6 0 3 388 401 405 
6 0 0 2 0 0 3 393 395 396 
10 0 0 0 0 9 3 390 392 404 
6 1 0 0 0 0 3 397 400 408 
1 0 0 0 8 0 3 401 402 408 
5 1 0 0 0 0 3 394 397 398 
2 0 0 0 0 10 3 399 403 407 
7 0 2 0 0 0 3 402 406 411 
5 0 0 0 4 0 3 399 400 403 
7 0 0 0 5 0 3 397 399 400 
6 1 0 0 0 0 1 411 
8 0 0 0 0 10 3 405 407 408 
5 1 0 0 0 0 1 413 
10 1 0 0 0 0 3 402 406 409 
8 0 0 0 8 0 3 404 407 409 
6 0 0 3 0 0 2 412 413 
5 0 10 0 0 0 2 404 406 
9 1 0 0 0 0 1 414 
9 0 7 0 0 0 3 410 412 413 
2 1 0 0 0 0 1 414 
4 1 0 0 0 0 2 410 412 
3 1 0 0 0 0 1 409 
5 0 0 0 0 3 1 410 
4 0 0 0 0 8 1 411 
10 0 0 0 1 0 1 414 
3 0 0 0 5 0 1 415 
5 0 0 0 0 4 1 415 
3 0 3 0 0 0 1 415 
1 0 0 0 0 0 0 
1 0 0 0 0 0 3 417 418 419 
6 0 6 5 7 6 1 436 
3 0 8 5 7 3 2 420 421 
7 0 4 9 2 2 1 423 
8 0 5 9 7 6 3 422 425 428 
7 0 3 10 1 9 2 430 439 
5 0 2 7 2 8 3 427 438 439 
1 0 5 10 3 10 1 424 
10 0 9 7 4 9 2 426 437 
9 0 10 8 8 5 1 435 
6 1 0 0 0 0 2 432 442 
9 1 0 0 0 0 2 429 431 
4 0 10 2 6 2 2 438 446 
5 0 7 7 5 9 2 441 443 
10 1 0 0 0 0 1 434 
1 1 0 0 0 0 1 433 
8 0 9 10 4 3 2 441 446 
1 0 9 9 6 6 1 442 
7 1 0 0 0 0 2 442 445 
2 0 2 10 4 7 1 443 
2 0 10 6 5 1 2 440 444 
10 0 7 5 1 8 1 439 
3 0 3 8 6 4 2 441 444 
6 0 1 6 2 4 1 444 
8 0 2 4 7 1 1 443 
9 0 2 4 4 1 1 445 
1 0 6 4 5 10 1 446 
2 0 4 2 1 2 1 445 
9 0 5 8 7 1 1 447 
3 0 4 1 9 4 1 447 
9 0 2 9 7 10 1 447 
1 0 0 0 0 0 0 
145 143.73 145.19 141.8 140.1 148.93 175.75 200.65 213.39 200.92 185.1 179.26 168.16 158.99 162.77 169.42 181.8 198.94 213.5 205.38 186.21 166.52 159.7 154 146.39 143.13 140.96 140.21 141.62 149.15 170.54 198.04 214.16 191.85 173.16 151.91 151.24 148.36 158 171.98 189.98 222.26 245.6 229 199.07 188.18 173.45 163.2 160.14 155.24 150.01 148.02 145.97 151.51 175.71 196.64 216.85 178.92 141.24 137.26 136.57 136.67 143.01 150.74 163.27 183.99 192.45 170.43 157.15 146.27 133.88 127.17 117.02 123.95 120.74 120.15 125.13 137.96 161.87 184.3 159.44 144.69 128.32 112.26 109.82 109.88 118.86 154.83 168.45 170 170 150.65 161.22 133.29 120.44 116.12 125.6 124.9 115.96 118.01 120.79 129.64 155.74 185.52 197.02 157.68 130.62 136.89 126.24 124.62 130.54 145.51 160 170 167.74 150.29 142.1 151.52 118.64 115.92 120.01 120.01 119.39 120.01 120.01 164.64 140 155 157 157 156.1 134.79 121.18 140 131.12 126.24 141.47 159.98 160 146.61 143.56 137.97 143.8 138.77 130.6 126.28 131.77 127.92 125.38 125.2 126.39 129.47 149.4 145.04 145.56 140.07 129.89 120 120 124.63 135.16 158.54 168.42 170.04 160.9 148.49 156.69 144.95 145 143.73 145.19 141.8 140.1 148.93 175.75 200.65 213.39 200.92 185.1 179.26 168.16 158.99 162.77 169.42 181.8 198.94 213.5 205.38 186.21 166.52 159.7 154 146.39 143.13 140.96 140.21 141.62 149.15 170.54 198.04 214.16 191.85 173.16 151.91 151.24 148.36 158 171.98 189.98 222.26 245.6 229 199.07 188.18 173.45 163.2 160.14 155.24 150.01 148.02 145.97 151.51 175.71 196.64 216.85 178.92 141.24 137.26 136.57 136.67 143.01 150.74 163.27 183.99 192.45 170.43 157.15 146.27 133.88 127.17 117.02 123.95 120.74 120.15 125.13 137.96 161.87 184.3 159.44 144.69 128.32 112.26 109.82 109.88 118.86 154.83 168.45 170 170 150.65 161.22 133.29 120.44 116.12 125.6 124.9 115.96 118.01 120.79 129.64 155.74 185.52 197.02 157.68 130.62 136.89 126.24 124.62 130.54 145.51 160 170 167.74 150.29 142.1 151.52 118.64 115.92 120.01 120.01 119.39 120.01 120.01 164.64 140 155 157 157 156.1 134.79 121.18 140 131.12 126.24 141.47 159.98 160 146.61 143.56 137.97 143.8 138.77 130.6 126.28 131.77 127.92 125.38 125.2 126.39 129.47 149.4 145.04 145.56 140.07 129.89 120 120 124.63 135.16 158.54 168.42 170.04 160.9 148.49 156.69 144.95 145 143.73 145.19 141.8 140.1 148.93 175.75 200.65 213.39 200.92 185.1 179.26 168.16 158.99 162.77 169.42 181.8 198.94 213.5 205.38 186.21 166.52 159.7 154 146.39 143.13 140.96 140.21 141.62 149.15 170.54 198.04 214.16 191.85 173.16 151.91 151.24 148.36 158 171.98 189.98 222.26 245.6 229 199.07 188.18 173.45 163.2 160.14 155.24 150.01 148.02 145.97 151.51 175.71 196.64 216.85 178.92 141.24 137.26 136.57 136.67 143.01 150.74 163.27 183.99 192.45 170.43 157.15 146.27 133.88 127.17 117.02 123.95 120.74 120.15 125.13 137.96 161.87 184.3 159.44 144.69 128.32 112.26 109.82 109.88 118.86 154.83 168.45 170 170 150.65 161.22 133.29 120.44 116.12 125.6 124.9 115.96 118.01 120.79 129.64 155.74 185.52 197.02 157.68 130.62 136.89 126.24 124.62 130.54 145.51 160 170 167.74 150.29 142.1 151.52 118.64 115.92 120.01 120.01 119.39 120.01 120.01 164.64 140 155 157 157 156.1 134.79 121.18 140 131.12 126.24 141.47 159.98 160 146.61 143.56 137.97 143.8 138.77 130.6 126.28 131.77 127.92 125.38 125.2 126.39 129.47 149.4 145.04 145.56 140.07 129.89 120 120 124.63 135.16 158.54 168.42 170.04 160.9 148.49 156.69 144.95 145 143.73 145.19 141.8 140.1 148.93 175.75 200.65 213.39 200.92 185.1 179.26 168.16 158.99 162.77 169.42 181.8 198.94 213.5 205.38 186.21 166.52 159.7 154 146.39 143.13 140.96 140.21 141.62 149.15 170.54 198.04 214.16 191.85 173.16 151.91 151.24 148.36 158 171.98 189.98 222.26 245.6 229 199.07 188.18 173.45 163.2 160.14 155.24 150.01 148.02 145.97 151.51 175.71 196.64 216.85 178.92 141.24 137.26 136.57 136.67 143.01 150.74 163.27 183.99 192.45 170.43 157.15 146.27 133.88 127.17 117.02 123.95 120.74 120.15 125.13 137.96 161.87 184.3 159.44 144.69 128.32 112.26 109.82 109.88 118.86 154.83 168.45 170 170 150.65 161.22 133.29 120.44 116.12 125.6 124.9 115.96 118.01 120.79 129.64 155.74 185.52 197.02 157.68 130.62 136.89 126.24 124.62 130.54 145.51 160 170 167.74 150.29 142.1 151.52 118.64 115.92 120.01 120.01 119.39 120.01 120.01 164.64 140 155 157 157 156.1 134.79 121.18 140 131.12 126.24 141.47 159.98 160 146.61 143.56 137.97 143.8 138.77 130.6 126.28 131.77 127.92 125.38 125.2 126.39 129.47 149.4 145.04 145.56 140.07 129.89 120 120 124.63 135.16 158.54 168.42 170.04 160.9 148.49 156.69 144.95 145 143.73 145.19 141.8 140.1 148.93 175.75 200.65 213.39 200.92 185.1 179.26 168.16 158.99 162.77 169.42 181.8 198.94 213.5 205.38 186.21 166.52 159.7 154 146.39 143.13 140.96 140.21 141.62 149.15 170.54 198.04 214.16 191.85 173.16 151.91 151.24 148.36 158 171.98 189.98 222.26 245.6 229 199.07 188.18 173.45 163.2 160.14 155.24 150.01 148.02 145.97 151.51 175.71 196.64 216.85 178.92 141.24 137.26 136.57 136.67 143.01 150.74 163.27 183.99 192.45 170.43 157.15 146.27 133.88 127.17 117.02 123.95 120.74 120.15 125.13 137.96 161.87 184.3 159.44 144.69 128.32 112.26 109.82 109.88 118.86 154.83 168.45 170 170 150.65 161.22 133.29 120.44 116.12 125.6 124.9 115.96 118.01 120.79 129.64 155.74 185.52 197.02 157.68 130.62 136.89 126.24 124.62 130.54 145.51 160 170 167.74 150.29 142.1 151.52 118.64 115.92 120.01 120.01 
