448 5
1 32 25 34 42 
1 0 0 0 0 0 3 1 2 3 
6 0 6 0 0 0 3 4 9 16 
6 0 8 0 0 0 3 5 6 8 
4 0 7 0 0 0 3 7 12 29 
1 0 1 0 0 0 3 6 15 24 
9 0 7 0 0 0 3 13 17 19 
5 0 0 7 0 0 2 10 18 
7 0 0 0 4 0 3 10 14 19 
8 0 0 0 0 7 3 9 17 24 
10 0 1 0 0 0 3 11 23 29 
3 0 5 0 0 0 2 11 20 
10 1 0 0 0 0 3 13 21 22 
4 0 0 0 1 0 2 13 14 
4 1 0 0 0 0 2 25 27 
9 0 0 0 6 0 3 16 22 23 
8 0 1 0 0 0 3 17 19 22 
1 0 0 10 0 0 3 20 21 24 
1 0 0 0 5 0 3 18 23 28 
3 0 0 0 6 0 2 29 30 
3 0 0 0 0 5 3 20 21 26 
1 1 0 0 0 0 1 30 
1 1 0 0 0 0 1 27 
1 1 0 0 0 0 2 25 27 
3 0 0 0 0 7 1 26 
8 1 0 0 0 0 1 25 
9 0 0 0 0 8 2 26 28 
7 0 0 6 0 0 1 30 
4 0 0 0 5 0 1 28 
5 0 0 0 0 9 1 31 
10 0 5 0 0 0 1 31 
7 0 0 0 2 0 1 31 
1 0 0 0 0 0 0 
1 0 0 0 0 0 3 33 34 35 
2 0 3 0 0 3 1 48 
9 0 6 5 10 1 1 40 
8 0 7 9 6 4 2 36 44 
6 0 9 1 9 8 3 37 38 50 
2 0 5 3 2 0 3 41 45 52 
3 0 0 1 9 7 3 39 53 56 
9 0 5 1 10 3 3 42 43 46 
9 0 5 0 7 2 2 41 49 
4 1 0 0 0 0 3 46 48 59 
6 0 0 8 7 10 2 60 62 
5 0 10 6 10 9 1 55 
10 0 4 2 4 10 2 57 60 
8 0 10 4 3 8 2 47 56 
2 1 0 0 0 0 1 54 
9 1 0 0 0 0 2 54 62 
2 0 7 0 4 9 1 61 
3 0 4 0 0 9 3 51 52 56 
1 0 5 0 9 2 2 52 53 
2 0 9 0 0 5 3 53 55 57 
10 0 10 5 10 6 2 54 57 
7 0 0 4 3 0 2 58 59 
7 0 6 1 2 0 1 55 
9 0 6 0 0 0 1 58 
6 0 10 0 0 0 2 59 61 
6 0 7 4 0 8 2 58 62 
2 0 3 0 1 0 1 61 
1 0 0 7 10 5 1 60 
7 0 1 0 0 6 1 63 
5 0 9 7 10 8 1 63 
2 0 9 7 9 8 1 63 
1 0 0 0 0 0 0 
1 0 0 0 0 0 3 65 66 67 
2 0 2 7 3 5 3 69 70 72 
4 0 4 10 10 4 3 68 75 83 
5 0 0 0 3 7 2 70 71 
1 0 5 7 3 0 3 71 82 88 
8 0 6 6 3 8 1 94 
7 0 0 8 6 5 1 92 
2 1 0 0 0 0 1 89 
4 0 0 6 0 0 3 73 78 89 
2 0 4 1 0 9 2 74 76 
9 0 0 2 0 0 2 77 83 
1 0 3 10 2 0 3 77 78 79 
3 0 4 7 3 7 1 77 
9 0 1 1 0 8 3 82 84 90 
8 0 2 0 9 4 2 86 87 
1 1 0 0 0 0 3 80 84 85 
9 1 0 0 0 0 2 81 86 
5 0 0 9 7 1 2 88 91 
3 1 0 0 0 0 1 91 
5 0 6 2 7 0 2 87 93 
1 1 0 0 0 0 1 87 
4 0 0 7 8 4 2 86 89 
9 0 8 0 7 1 2 90 92 
8 0 9 0 1 1 2 88 94 
5 0 1 1 0 8 1 92 
7 0 2 3 10 8 1 90 
2 0 5 7 9 0 2 91 94 
1 0 7 3 7 0 1 93 
7 0 8 3 10 7 1 95 
4 0 0 7 0 0 1 95 
1 0 1 6 2 2 1 95 
1 0 0 0 0 0 0 
1 0 0 0 0 0 3 97 98 99 
7 0 3 9 6 5 3 102 103 107 
9 0 10 5 8 10 2 100 107 
7 0 5 5 9 2 1 101 
4 0 5 4 8 8 1 125 
9 0 9 8 10 4 3 104 109 111 
7 0 1 9 5 5 1 124 
5 0 6 8 6 8 3 108 118 120 
7 0 8 5 7 2 3 105 106 113 
5 0 3 7 2 6 1 115 
4 1 0 0 0 0 3 117 122 123 
9 0 7 9 7 4 1 109 
3 1 0 0 0 0 3 110 114 116 
2 0 6 2 4 9 1 112 
5 1 0 0 0 0 1 124 
8 1 0 0 0 0 1 112 
2 0 6 5 2 3 1 119 
9 0 7 8 6 1 1 122 
1 1 0 0 0 0 1 115 
10 0 9 6 5 3 1 117 
5 1 0 0 0 0 1 121 
2 0 8 1 2 2 2 119 121 
2 0 3 4 9 10 1 123 
10 0 6 3 4 3 1 125 
8 0 9 4 8 8 2 121 126 
1 0 7 2 9 5 1 124 
9 0 4 1 4 2 1 126 
4 0 10 5 7 6 1 126 
8 0 10 4 5 7 1 127 
4 0 1 3 1 5 1 127 
1 0 4 2 3 8 1 127 
1 0 0 0 0 0 0 
1 0 0 0 0 0 3 129 130 131 
1 0 2 9 9 4 3 132 134 141 
10 0 2 10 0 2 3 142 143 144 
6 0 7 3 0 0 1 135 
1 0 3 7 5 1 1 133 
3 1 0 0 0 0 2 146 147 
9 0 6 1 0 0 3 136 138 140 
2 1 0 0 0 0 1 146 
10 0 0 7 0 6 1 137 
2 0 8 2 0 0 1 139 
5 0 4 0 9 0 2 148 150 
4 1 0 0 0 0 1 151 
8 0 0 6 10 9 2 149 152 
3 0 4 1 0 6 1 156 
6 0 1 7 0 5 1 155 
5 0 1 5 9 4 1 158 
3 0 5 0 5 0 3 145 146 151 
1 1 0 0 0 0 2 148 150 
7 0 5 8 2 2 1 158 
8 1 0 0 0 0 1 154 
2 1 0 0 0 0 2 149 153 
8 0 7 0 8 8 1 155 
8 0 9 3 5 0 2 156 158 
2 0 8 10 9 3 1 156 
7 0 0 4 7 5 1 153 
8 0 3 0 1 4 2 154 155 
10 0 1 0 9 3 1 157 
1 0 0 7 5 1 1 157 
1 0 4 9 2 5 1 159 
4 0 5 1 7 0 1 159 
1 0 10 0 1 1 1 159 
1 0 0 0 0 0 0 
1 0 0 0 0 0 3 161 162 163 
2 0 0 1 8 0 2 164 168 
2 0 4 0 0 4 3 165 166 167 
10 0 0 8 0 6 3 169 182 187 
6 0 3 0 5 10 3 173 175 179 
5 0 8 0 6 8 1 176 
5 0 6 6 7 0 1 170 
8 0 4 5 5 1 1 190 
5 0 5 0 4 0 3 171 172 177 
10 0 8 6 6 9 2 175 188 
3 0 6 0 10 0 2 177 181 
8 0 1 6 8 1 1 178 
3 0 0 10 2 9 2 174 186 
9 0 4 0 3 6 1 190 
1 0 2 9 2 2 1 184 
1 1 0 0 0 0 3 178 180 183 
1 0 9 8 5 0 1 179 
3 1 0 0 0 0 1 184 
2 0 1 1 5 0 1 186 
6 1 0 0 0 0 1 189 
10 1 0 0 0 0 1 185 
10 1 0 0 0 0 2 184 188 
2 0 0 0 5 8 1 185 
7 0 0 3 2 0 1 189 
3 0 3 0 0 10 1 189 
9 0 10 8 6 0 1 186 
3 0 0 8 9 2 1 190 
2 0 5 7 8 0 1 188 
4 0 8 8 10 3 1 191 
6 0 3 5 4 10 1 191 
6 0 6 4 9 0 1 191 
1 0 0 0 0 0 0 
1 0 0 0 0 0 3 193 194 195 
3 0 2 0 5 5 1 200 
3 0 0 0 2 2 3 197 198 206 
8 0 0 7 6 4 2 196 203 
6 0 0 10 0 4 2 199 201 
8 0 2 0 0 7 2 211 215 
8 0 0 10 3 5 2 204 211 
5 1 0 0 0 0 3 210 219 220 
4 0 0 8 0 9 2 205 218 
8 0 0 0 5 0 1 202 
9 0 0 8 4 0 3 207 212 213 
3 0 2 0 10 0 1 209 
5 0 10 0 8 8 1 207 
10 1 0 0 0 0 2 208 215 
3 0 8 3 2 0 1 216 
4 0 0 2 0 0 1 209 
9 0 4 0 3 8 2 209 217 
7 0 0 0 0 4 1 222 
8 0 0 1 0 0 3 213 215 217 
10 0 0 1 0 4 1 212 
4 0 2 0 0 3 1 220 
6 0 0 7 10 1 1 214 
1 0 0 2 7 0 1 221 
3 0 9 2 0 3 1 221 
5 0 0 0 0 7 1 220 
9 0 0 0 0 8 1 222 
6 1 0 0 0 0 1 222 
8 0 0 10 6 0 1 221 
4 0 0 9 0 6 1 223 
5 0 0 0 4 5 1 223 
1 0 0 0 9 3 1 223 
1 0 0 0 0 0 0 
1 0 0 0 0 0 3 225 226 227 
1 0 1 0 0 0 2 228 232 
10 0 0 9 4 4 3 229 230 235 
4 0 0 0 9 9 1 237 
4 0 0 0 0 7 3 231 233 234 
3 0 9 0 0 0 2 241 248 
4 0 0 8 5 10 1 244 
9 1 0 0 0 0 3 236 249 252 
10 0 3 0 0 0 3 240 242 245 
2 0 3 4 5 0 1 247 
7 0 0 3 1 9 1 240 
1 0 8 0 1 7 1 246 
1 1 0 0 0 0 1 250 
2 0 9 0 5 0 1 238 
6 0 0 3 0 1 2 239 243 
10 0 10 0 5 9 3 241 250 251 
9 0 0 0 8 0 1 254 
7 0 2 0 5 0 1 252 
5 0 0 0 3 10 1 252 
1 1 0 0 0 0 1 244 
2 1 0 0 0 0 1 247 
6 1 0 0 0 0 3 247 250 253 
3 0 4 0 3 0 1 248 
2 0 8 9 0 7 1 249 
6 0 0 0 7 0 1 253 
8 0 1 4 7 0 1 251 
3 0 1 6 0 0 1 254 
3 0 0 2 0 0 1 254 
9 0 9 0 0 5 1 255 
8 0 9 0 5 5 1 255 
2 0 0 0 0 7 1 255 
1 0 0 0 0 0 0 
1 0 0 0 0 0 3 257 258 259 
2 0 0 0 8 0 3 260 261 262 
6 0 0 0 8 0 3 263 264 270 
10 0 5 0 0 0 3 271 277 278 
4 0 0 2 0 0 3 267 269 283 
3 0 0 1 0 0 3 265 269 286 
4 0 5 0 0 0 3 263 266 270 
8 0 0 3 0 0 3 268 273 283 
7 0 6 0 0 0 3 265 266 268 
2 0 0 0 0 3 3 271 274 281 
10 0 0 0 3 0 3 267 269 274 
5 1 0 0 0 0 3 273 275 276 
10 0 8 0 0 0 3 275 277 286 
1 0 4 0 0 0 2 271 272 
2 0 8 0 0 0 3 272 276 278 
10 1 0 0 0 0 2 279 280 
1 1 0 0 0 0 2 273 282 
6 1 0 0 0 0 1 277 
9 1 0 0 0 0 2 275 278 
2 0 8 0 0 0 2 279 282 
3 1 0 0 0 0 2 280 286 
6 0 3 0 0 0 2 279 280 
8 1 0 0 0 0 2 282 285 
4 0 0 0 0 8 1 284 
1 0 0 0 0 1 1 285 
3 0 0 6 0 0 2 283 284 
10 0 0 0 0 1 1 284 
8 1 0 0 0 0 1 285 
10 0 0 8 0 0 1 287 
1 0 0 0 1 0 1 287 
3 1 0 0 0 0 1 287 
1 0 0 0 0 0 0 
1 0 0 0 0 0 3 289 290 291 
8 0 0 9 7 7 2 292 294 
6 0 10 2 8 5 2 295 300 
3 0 0 0 10 6 3 302 310 312 
7 0 2 0 9 8 2 293 298 
1 0 0 5 10 9 2 297 305 
4 0 0 7 4 6 3 296 299 303 
6 0 3 7 0 0 1 307 
3 0 10 1 7 3 2 308 314 
4 0 1 4 0 9 2 306 309 
4 0 0 0 8 0 2 310 316 
9 0 0 0 9 6 2 301 313 
10 0 0 0 3 1 2 303 313 
7 1 0 0 0 0 2 304 311 
9 0 2 0 9 3 1 318 
7 1 0 0 0 0 1 317 
1 1 0 0 0 0 1 307 
10 1 0 0 0 0 1 307 
3 0 7 2 2 6 1 315 
7 0 0 7 10 4 1 315 
2 0 0 2 4 6 1 317 
9 1 0 0 0 0 1 312 
2 0 5 1 6 6 1 318 
10 0 6 3 10 2 1 316 
7 0 8 1 2 7 1 317 
7 1 0 0 0 0 2 314 315 
9 0 8 0 2 8 1 318 
2 0 3 1 0 5 1 316 
8 0 0 8 6 4 1 319 
10 0 7 0 8 9 1 319 
3 0 0 1 3 6 1 319 
1 0 0 0 0 0 0 
1 0 0 0 0 0 3 321 322 323 
5 0 0 0 0 8 3 325 326 329 
3 0 0 7 0 0 1 339 
7 0 4 0 0 0 1 324 
3 0 0 0 6 0 2 327 336 
4 0 0 9 0 0 1 332 
6 0 8 0 0 0 1 331 
7 0 5 0 0 0 3 328 333 335 
2 1 0 0 0 0 3 338 340 341 
10 0 0 3 0 0 3 330 334 343 
6 0 0 0 5 0 1 350 
5 0 0 0 10 0 1 349 
5 0 2 0 0 0 1 333 
8 0 0 6 0 0 2 346 350 
7 0 4 0 0 0 1 337 
7 0 7 0 0 0 1 345 
3 0 0 0 0 5 1 344 
6 1 0 0 0 0 3 341 344 346 
7 1 0 0 0 0 1 342 
8 0 0 8 0 0 2 345 348 
9 0 6 0 0 0 2 344 345 
10 0 0 0 0 7 2 348 350 
7 0 0 0 0 5 1 348 
6 0 0 0 0 10 1 349 
5 0 0 0 0 3 1 347 
1 0 0 0 0 9 1 347 
1 0 9 0 0 0 1 347 
5 0 0 0 8 0 1 349 
1 0 5 0 0 0 1 351 
4 0 0 1 0 0 1 351 
2 0 0 6 0 0 1 351 
1 0 0 0 0 0 0 
1 0 0 0 0 0 3 353 354 355 
5 0 4 0 7 0 2 357 377 
6 0 2 0 5 0 3 356 372 379 
3 0 10 0 7 0 3 363 365 375 
4 0 0 5 0 7 3 357 360 361 
1 0 0 0 0 7 3 358 359 371 
6 0 0 0 0 3 2 364 370 
7 0 0 0 0 9 3 363 370 374 
9 0 0 3 0 0 2 367 368 
7 0 0 5 0 9 3 362 366 369 
5 0 5 0 0 1 2 367 368 
10 0 0 2 7 0 1 381 
7 1 0 0 0 0 2 365 380 
1 1 0 0 0 0 1 376 
4 0 0 2 6 10 1 368 
1 1 0 0 0 0 3 375 377 382 
9 1 0 0 0 0 3 373 376 377 
4 0 1 2 0 2 3 370 373 374 
10 1 0 0 0 0 1 376 
3 0 10 0 4 0 2 373 381 
7 0 0 9 7 10 1 375 
6 0 0 7 0 3 1 378 
4 1 0 0 0 0 1 378 
9 0 3 5 0 8 1 380 
2 0 0 3 7 0 1 382 
3 0 0 8 5 6 1 378 
10 0 2 9 7 0 1 380 
2 0 0 8 0 9 2 381 382 
3 0 0 0 0 10 1 383 
2 0 0 0 0 3 1 383 
9 0 0 4 7 8 1 383 
1 0 0 0 0 0 0 
1 0 0 0 0 0 3 385 386 387 
6 0 8 4 1 3 3 388 389 397 
7 0 0 0 3 7 3 388 393 395 
5 0 0 0 3 5 3 401 402 407 
5 0 1 5 0 2 3 390 392 400 
7 0 10 9 0 8 3 392 393 400 
10 0 2 9 4 4 3 391 402 403 
6 1 0 0 0 0 2 394 413 
4 0 1 2 4 6 3 394 396 406 
1 0 1 0 1 5 3 394 399 406 
3 1 0 0 0 0 3 401 404 410 
1 0 8 2 2 6 3 396 397 403 
10 0 6 2 10 0 2 398 402 
7 1 0 0 0 0 3 404 409 413 
9 1 0 0 0 0 3 399 405 413 
2 0 0 7 4 10 1 408 
8 0 4 8 9 1 1 404 
5 0 7 4 0 0 2 411 414 
2 0 4 2 0 1 3 405 408 409 
10 0 7 4 1 6 3 406 408 409 
5 1 0 0 0 0 2 405 407 
10 0 6 3 6 5 1 411 
8 0 6 0 1 8 3 407 410 412 
5 0 3 6 4 0 1 414 
2 0 10 5 0 6 2 410 412 
5 0 9 0 4 2 1 411 
4 0 7 3 0 0 1 414 
7 0 0 6 0 7 1 412 
5 0 10 8 0 1 1 415 
5 0 5 1 0 1 1 415 
3 0 0 0 10 0 1 415 
1 0 0 0 0 0 0 
1 0 0 0 0 0 3 417 418 419 
6 0 1 0 0 2 1 422 
9 0 7 7 3 0 2 423 428 
7 0 10 0 10 3 3 420 421 433 
1 0 1 0 8 9 2 426 430 
2 0 0 0 5 9 3 424 427 432 
5 0 5 0 10 0 2 425 435 
7 0 0 0 3 9 2 437 441 
7 0 0 5 1 0 2 431 439 
7 0 7 2 0 0 2 440 444 
1 0 8 0 3 10 1 428 
3 0 5 6 0 0 2 443 445 
1 0 0 7 0 8 3 429 434 444 
8 0 8 0 10 4 1 438 
1 0 9 0 0 0 1 442 
7 1 0 0 0 0 1 442 
1 0 0 0 10 0 1 434 
2 0 3 7 0 0 1 440 
6 0 0 0 0 8 1 436 
4 0 0 9 5 0 2 439 445 
9 0 0 6 0 0 1 440 
6 0 4 0 0 10 1 446 
5 1 0 0 0 0 1 442 
2 1 0 0 0 0 2 441 446 
9 0 9 0 8 0 1 446 
1 1 0 0 0 0 1 443 
2 1 0 0 0 0 1 445 
8 1 0 0 0 0 1 444 
5 0 0 9 9 5 1 447 
5 0 5 6 0 0 1 447 
10 0 4 4 8 6 1 447 
1 0 0 0 0 0 0 
142.27 140.41 140.51 140.21 142.24 151.06 216 218.98 218.96 216.1 212.92 210.08 207.8 196.66 204.99 207.45 210.05 216.1 215.25 200.09 179.41 151.06 143.95 111.41 121.96 130.91 126.49 120.27 124.69 130.01 146.02 198 185.98 160.76 153.39 149.25 146.01 146.01 152.06 158.59 169.96 201.71 219.54 212.97 197.17 139.82 132.71 123.39 115.08 114.87 118.79 109.58 116.95 119.34 154.4 195.99 202.21 195.97 190 190.04 187.91 167.83 187.73 190.1 190.1 219 249.12 257.28 231.79 215.81 211.79 196.7 200.46 192.61 185.1 172.23 172.91 174.88 203.67 233.46 240.32 225.56 199.99 193.67 169.97 167.9 176.35 184.55 195.98 215.77 229.58 212.49 187.28 179.37 176.91 136.66 180.01 176.73 168.87 164.09 165 171.3 196.95 221.46 221.78 179.53 151.36 145.49 162.28 159.26 140.61 168.15 191.92 220.57 243.35 241.18 221.31 213.13 205.48 190.1 195.91 187.2 184.89 170.24 166 162.45 160.64 162.56 157.24 121.8 115.76 121.27 111.83 109.03 115.34 116.85 171.56 194.89 191.8 148.81 121.12 104.74 109.29 101.7 88.07 98.65 99.78 99.14 104.22 99.91 93.99 88.55 88.06 60 73.03 67.23 30.08 43.25 50.12 81.78 101.6 168.76 136 144.91 142.04 131.02 126 97.65 142.27 140.41 140.51 140.21 142.24 151.06 216 218.98 218.96 216.1 212.92 210.08 207.8 196.66 204.99 207.45 210.05 216.1 215.25 200.09 179.41 151.06 143.95 111.41 121.96 130.91 126.49 120.27 124.69 130.01 146.02 198 185.98 160.76 153.39 149.25 146.01 146.01 152.06 158.59 169.96 201.71 219.54 212.97 197.17 139.82 132.71 123.39 115.08 114.87 118.79 109.58 116.95 119.34 154.4 195.99 202.21 195.97 190 190.04 187.91 167.83 187.73 190.1 190.1 219 249.12 257.28 231.79 215.81 211.79 196.7 200.46 192.61 185.1 172.23 172.91 174.88 203.67 233.46 240.32 225.56 199.99 193.67 169.97 167.9 176.35 184.55 195.98 215.77 229.58 212.49 187.28 179.37 176.91 136.66 180.01 176.73 168.87 164.09 165 171.3 196.95 221.46 221.78 179.53 151.36 145.49 162.28 159.26 140.61 168.15 191.92 220.57 243.35 241.18 221.31 213.13 205.48 190.1 195.91 187.2 184.89 170.24 166 162.45 160.64 162.56 157.24 121.8 115.76 121.27 111.83 109.03 115.34 116.85 171.56 194.89 191.8 148.81 121.12 104.74 109.29 101.7 88.07 98.65 99.78 99.14 104.22 99.91 93.99 88.55 88.06 60 73.03 67.23 30.08 43.25 50.12 81.78 101.6 168.76 136 144.91 142.04 131.02 126 97.65 142.27 140.41 140.51 140.21 142.24 151.06 216 218.98 218.96 216.1 212.92 210.08 207.8 196.66 204.99 207.45 210.05 216.1 215.25 200.09 179.41 151.06 143.95 111.41 121.96 130.91 126.49 120.27 124.69 130.01 146.02 198 185.98 160.76 153.39 149.25 146.01 146.01 152.06 158.59 169.96 201.71 219.54 212.97 197.17 139.82 132.71 123.39 115.08 114.87 118.79 109.58 116.95 119.34 154.4 195.99 202.21 195.97 190 190.04 187.91 167.83 187.73 190.1 190.1 219 249.12 257.28 231.79 215.81 211.79 196.7 200.46 192.61 185.1 172.23 172.91 174.88 203.67 233.46 240.32 225.56 199.99 193.67 169.97 167.9 176.35 184.55 195.98 215.77 229.58 212.49 187.28 179.37 176.91 136.66 180.01 176.73 168.87 164.09 165 171.3 196.95 221.46 221.78 179.53 151.36 145.49 162.28 159.26 140.61 168.15 191.92 220.57 243.35 241.18 221.31 213.13 205.48 190.1 195.91 187.2 184.89 170.24 166 162.45 160.64 162.56 157.24 121.8 115.76 121.27 111.83 109.03 115.34 116.85 171.56 194.89 191.8 148.81 121.12 104.74 109.29 101.7 88.07 98.65 99.78 99.14 104.22 99.91 93.99 88.55 88.06 60 73.03 67.23 30.08 43.25 50.12 81.78 101.6 168.76 136 144.91 142.04 131.02 126 97.65 142.27 140.41 140.51 140.21 142.24 151.06 216 218.98 218.96 216.1 212.92 210.08 207.8 196.66 204.99 207.45 210.05 216.1 215.25 200.09 179.41 151.06 143.95 111.41 121.96 130.91 126.49 120.27 124.69 130.01 146.02 198 185.98 160.76 153.39 149.25 146.01 146.01 152.06 158.59 169.96 201.71 219.54 212.97 197.17 139.82 132.71 123.39 115.08 114.87 118.79 109.58 116.95 119.34 154.4 195.99 202.21 195.97 190 190.04 187.91 167.83 187.73 190.1 190.1 219 249.12 257.28 231.79 215.81 211.79 196.7 200.46 192.61 185.1 172.23 172.91 174.88 203.67 233.46 240.32 225.56 199.99 193.67 169.97 167.9 176.35 184.55 195.98 215.77 229.58 212.49 187.28 179.37 176.91 136.66 180.01 176.73 168.87 164.09 165 171.3 196.95 221.46 221.78 179.53 151.36 145.49 162.28 159.26 140.61 168.15 191.92 220.57 243.35 241.18 221.31 213.13 205.48 190.1 195.91 187.2 184.89 170.24 166 162.45 160.64 162.56 157.24 121.8 115.76 121.27 111.83 109.03 115.34 116.85 171.56 194.89 191.8 148.81 121.12 104.74 109.29 101.7 88.07 98.65 99.78 99.14 104.22 99.91 93.99 88.55 88.06 60 73.03 67.23 30.08 43.25 50.12 81.78 101.6 168.76 136 144.91 142.04 131.02 126 97.65 142.27 140.41 140.51 140.21 142.24 151.06 216 218.98 218.96 216.1 212.92 210.08 207.8 196.66 204.99 207.45 210.05 216.1 215.25 200.09 179.41 151.06 143.95 111.41 121.96 130.91 126.49 120.27 124.69 130.01 146.02 198 185.98 160.76 153.39 149.25 146.01 146.01 152.06 158.59 169.96 201.71 219.54 212.97 197.17 139.82 132.71 123.39 115.08 114.87 118.79 109.58 116.95 119.34 154.4 195.99 202.21 195.97 190 190.04 187.91 167.83 187.73 190.1 190.1 219 249.12 257.28 231.79 215.81 211.79 196.7 
