448 5
1 41 39 31 32 
1 0 0 0 0 0 3 1 2 3 
8 0 1 3 1 10 3 13 20 24 
6 0 6 9 2 1 1 15 
6 0 4 7 9 7 3 4 5 7 
5 0 4 1 1 10 3 6 10 12 
9 0 7 10 9 3 1 17 
5 0 4 8 2 9 2 9 11 
7 0 8 4 9 5 2 8 26 
3 0 3 2 4 4 1 24 
1 0 7 6 1 7 1 14 
6 0 5 5 5 8 1 16 
6 0 5 6 8 9 3 13 17 30 
8 0 1 5 2 7 1 19 
2 1 0 0 0 0 1 28 
2 1 0 0 0 0 1 27 
2 0 7 8 10 9 3 17 24 29 
4 0 9 5 10 3 3 18 21 22 
2 0 8 9 5 4 1 28 
9 0 3 7 4 4 2 20 29 
6 0 5 3 5 8 1 28 
6 1 0 0 0 0 1 26 
8 1 0 0 0 0 1 25 
5 1 0 0 0 0 1 23 
1 0 9 5 9 3 1 25 
4 1 0 0 0 0 1 30 
10 0 4 2 9 2 1 26 
5 0 1 9 6 7 1 27 
2 0 10 6 2 3 1 30 
6 0 2 7 3 10 1 31 
8 0 8 3 6 7 1 31 
8 0 3 1 6 9 1 31 
1 0 0 0 0 0 0 
1 0 0 0 0 0 3 33 34 35 
5 0 0 1 10 0 3 36 39 44 
6 0 6 0 3 0 3 43 48 51 
2 0 6 3 8 6 3 36 37 44 
1 0 5 0 2 0 3 40 45 46 
3 0 7 0 0 0 3 38 48 54 
7 0 0 5 5 3 3 39 46 51 
4 0 0 10 0 0 2 42 52 
7 0 8 10 0 0 3 41 51 54 
10 1 0 0 0 0 3 43 48 49 
1 0 1 0 7 0 2 43 45 
5 1 0 0 0 0 2 47 58 
10 0 0 9 0 0 3 54 56 58 
10 0 0 0 0 8 3 49 55 57 
8 0 0 0 5 2 3 49 52 56 
2 0 0 0 8 0 1 50 
3 1 0 0 0 0 2 50 60 
10 1 0 0 0 0 1 58 
2 1 0 0 0 0 3 53 55 59 
10 1 0 0 0 0 3 52 53 59 
10 0 2 0 0 0 2 55 57 
6 0 1 4 4 0 2 56 57 
10 0 0 0 2 1 3 60 61 62 
7 0 6 0 9 0 1 61 
10 0 7 0 6 0 1 62 
4 0 3 0 0 0 1 62 
2 0 0 0 3 1 2 59 60 
6 0 0 0 0 2 1 61 
4 0 4 0 7 4 1 63 
5 0 6 3 0 0 1 63 
1 0 8 2 3 0 1 63 
1 0 0 0 0 0 0 
1 0 0 0 0 0 3 65 66 67 
2 0 6 0 0 0 3 68 84 85 
6 0 0 0 1 0 2 71 77 
4 0 0 4 0 0 3 69 70 72 
1 0 10 0 0 0 3 74 81 83 
5 0 0 0 2 0 1 79 
9 0 1 0 0 0 3 73 74 79 
2 0 0 0 3 0 2 75 89 
6 0 0 8 0 0 3 76 83 85 
2 0 0 0 0 5 3 84 88 92 
1 0 3 0 0 0 3 78 80 90 
10 0 0 0 0 3 3 76 82 87 
4 0 3 0 0 0 1 80 
10 0 0 1 0 0 1 82 
5 0 0 0 6 0 1 86 
3 0 0 0 1 0 3 84 86 88 
1 1 0 0 0 0 1 92 
9 0 0 0 2 0 2 88 92 
7 0 0 0 0 2 3 85 86 90 
9 1 0 0 0 0 1 93 
8 1 0 0 0 0 1 87 
7 0 0 4 0 0 1 91 
4 1 0 0 0 0 2 91 93 
4 1 0 0 0 0 2 90 94 
8 0 0 0 0 8 1 89 
4 1 0 0 0 0 1 91 
3 1 0 0 0 0 1 93 
10 0 0 0 6 0 1 94 
6 0 8 0 0 0 1 95 
10 0 0 0 4 0 1 95 
7 0 0 5 0 0 1 95 
1 0 0 0 0 0 0 
1 0 0 0 0 0 3 97 98 99 
1 0 6 5 3 5 3 103 109 110 
6 0 2 9 9 5 3 100 101 106 
9 0 4 5 9 8 3 102 106 108 
6 0 7 6 8 6 3 104 113 121 
2 0 6 7 4 5 3 102 103 105 
5 0 7 1 4 1 2 125 126 
7 0 10 5 8 5 3 111 114 115 
2 0 3 5 4 10 3 114 115 126 
7 0 1 6 6 8 3 111 112 117 
4 0 7 1 5 2 3 107 109 117 
5 0 8 4 5 4 3 110 111 118 
3 0 10 2 9 10 3 110 114 120 
7 0 4 3 8 10 3 112 116 120 
8 0 4 10 2 10 2 112 115 
7 0 6 7 8 8 2 122 124 
5 1 0 0 0 0 3 113 119 121 
1 1 0 0 0 0 1 122 
5 0 10 3 10 9 3 116 117 119 
6 1 0 0 0 0 2 116 125 
9 0 5 8 8 7 1 124 
6 1 0 0 0 0 1 123 
2 1 0 0 0 0 3 119 120 121 
9 0 9 9 5 7 1 123 
6 0 6 1 9 5 1 124 
7 1 0 0 0 0 2 122 126 
9 0 5 3 4 6 1 123 
8 0 6 10 4 7 1 125 
7 0 8 6 8 4 1 127 
4 0 9 1 1 2 1 127 
9 0 8 4 3 6 1 127 
1 0 0 0 0 0 0 
1 0 0 0 0 0 3 129 130 131 
1 0 0 0 0 2 3 133 134 136 
9 0 10 0 0 3 3 137 140 146 
5 0 5 4 7 7 3 132 138 142 
2 0 0 0 6 2 3 135 147 158 
7 0 4 8 0 3 3 139 141 143 
9 0 1 9 1 10 1 149 
6 0 4 10 2 4 2 143 148 
7 1 0 0 0 0 3 144 145 150 
10 0 10 0 9 8 3 147 150 151 
6 1 0 0 0 0 1 144 
5 0 0 7 10 0 2 142 153 
10 0 1 0 0 3 3 141 147 151 
5 0 6 0 2 8 2 142 145 
6 0 4 3 5 0 3 144 152 157 
10 1 0 0 0 0 1 149 
2 0 0 7 3 2 1 155 
5 0 9 9 1 3 1 154 
10 0 0 9 4 2 2 148 152 
9 0 0 5 3 9 2 154 156 
3 0 2 0 3 7 1 156 
1 0 6 2 0 4 2 150 154 
7 0 9 10 0 0 1 157 
2 0 3 10 2 0 2 152 153 
2 0 1 7 9 0 1 158 
9 0 5 0 7 10 1 158 
8 0 4 10 0 9 1 157 
1 0 2 4 1 0 1 156 
1 0 10 5 0 9 1 159 
1 0 5 1 9 1 1 159 
3 0 8 0 7 4 1 159 
1 0 0 0 0 0 0 
1 0 0 0 0 0 3 161 162 163 
3 0 9 2 4 2 3 164 166 168 
9 0 7 2 6 8 2 165 172 
3 0 7 1 6 9 3 171 172 180 
1 0 10 2 2 4 3 167 174 176 
9 0 7 1 7 6 3 171 175 180 
2 0 2 8 2 10 3 170 173 186 
7 0 2 5 1 5 3 169 173 186 
10 0 6 8 2 6 3 170 171 174 
10 0 7 7 4 7 3 175 179 190 
4 0 1 10 4 2 3 172 176 189 
5 0 3 6 3 1 3 177 179 185 
9 0 6 5 3 5 2 175 179 
2 0 4 4 6 10 2 180 184 
10 0 3 7 6 7 3 181 182 190 
6 0 6 2 1 8 2 178 181 
8 1 0 0 0 0 3 178 183 185 
8 1 0 0 0 0 3 178 182 183 
8 0 4 1 6 7 2 184 187 
4 1 0 0 0 0 1 181 
3 0 5 9 8 2 2 185 189 
5 1 0 0 0 0 2 183 187 
6 0 7 9 4 3 2 186 187 
10 0 4 4 4 5 1 184 
8 0 9 5 2 10 1 188 
1 0 2 5 10 3 2 188 190 
8 0 3 5 10 9 1 189 
6 0 8 10 1 5 1 188 
5 0 10 10 5 3 1 191 
7 0 6 7 4 6 1 191 
5 0 1 5 4 5 1 191 
1 0 0 0 0 0 0 
1 0 0 0 0 0 3 193 194 195 
9 0 3 0 1 0 3 196 199 207 
8 0 8 7 0 0 3 197 203 205 
1 0 2 2 5 2 3 200 201 216 
6 0 5 0 0 10 1 198 
6 0 7 2 1 5 2 210 218 
5 1 0 0 0 0 3 202 208 217 
6 0 3 6 1 0 1 221 
8 0 1 0 0 9 1 204 
1 0 4 5 2 1 3 205 209 211 
6 0 9 7 0 1 1 214 
8 0 2 10 5 4 1 212 
2 1 0 0 0 0 2 210 222 
5 0 0 10 8 8 2 206 215 
5 1 0 0 0 0 1 218 
5 0 0 4 7 0 1 209 
7 0 5 9 5 4 2 213 219 
9 1 0 0 0 0 1 218 
5 0 3 0 6 2 1 221 
6 0 3 4 0 5 1 220 
1 1 0 0 0 0 1 213 
8 0 0 9 6 7 1 220 
2 0 10 0 0 7 1 222 
6 0 3 2 4 9 2 217 219 
9 0 3 10 0 2 1 219 
10 0 4 7 0 10 1 220 
2 0 9 0 7 2 1 221 
4 0 4 10 7 5 1 222 
6 0 9 5 9 6 1 223 
3 0 0 0 1 8 1 223 
4 0 0 10 0 8 1 223 
1 0 0 0 0 0 0 
1 0 0 0 0 0 3 225 226 227 
9 0 0 4 0 0 3 231 241 244 
3 0 9 0 0 0 3 228 232 238 
1 0 0 4 0 0 3 229 230 246 
7 0 0 6 0 0 2 242 250 
4 0 0 0 8 0 3 238 241 254 
3 0 0 0 1 0 1 254 
6 0 0 0 5 0 1 245 
6 0 0 0 9 0 3 233 235 244 
3 0 0 0 10 0 3 234 237 245 
8 0 3 0 0 0 1 236 
6 0 0 0 0 2 1 252 
1 0 0 0 0 8 3 240 243 248 
9 0 0 0 2 0 3 239 248 249 
6 0 10 0 0 0 2 248 250 
3 0 5 0 0 0 1 242 
2 1 0 0 0 0 3 242 246 251 
5 0 0 0 4 0 3 245 249 250 
3 1 0 0 0 0 2 247 253 
4 1 0 0 0 0 2 247 249 
7 0 0 0 0 3 1 246 
3 1 0 0 0 0 1 251 
6 1 0 0 0 0 1 247 
6 0 0 0 0 9 1 254 
7 0 0 4 0 0 1 252 
9 0 0 5 0 0 1 253 
8 1 0 0 0 0 2 251 252 
10 0 0 0 0 6 1 253 
4 0 1 0 0 0 1 255 
2 0 0 0 7 0 1 255 
6 0 8 0 0 0 1 255 
1 0 0 0 0 0 0 
1 0 0 0 0 0 3 257 258 259 
4 0 1 3 0 1 1 261 
1 0 1 0 0 0 2 260 263 
8 0 7 4 0 0 1 270 
1 0 3 0 0 0 3 266 276 282 
10 0 1 0 8 0 3 262 265 269 
8 0 0 1 10 0 1 267 
4 0 9 5 8 0 2 264 286 
1 0 0 9 10 0 1 277 
10 0 0 4 6 7 2 271 275 
7 0 8 0 2 0 1 280 
9 1 0 0 0 0 2 268 279 
1 1 0 0 0 0 1 273 
4 0 9 3 0 0 3 273 278 283 
7 0 0 9 6 1 1 281 
10 0 0 6 0 0 3 272 280 283 
1 0 9 0 5 0 1 274 
6 0 4 4 10 0 2 274 284 
1 0 5 0 4 10 1 282 
8 0 5 0 0 2 1 280 
3 0 0 0 4 3 1 283 
10 0 3 0 2 0 3 279 281 284 
3 1 0 0 0 0 1 279 
7 0 0 7 6 0 1 285 
1 0 6 0 0 0 1 285 
9 0 1 0 9 0 1 285 
7 0 8 0 3 8 1 286 
4 0 10 0 1 5 1 284 
7 0 0 4 0 0 1 287 
6 0 0 8 0 0 1 287 
4 0 10 0 1 0 1 287 
1 0 0 0 0 0 0 
1 0 0 0 0 0 3 289 290 291 
2 0 0 9 0 0 3 292 293 294 
7 0 0 0 2 0 3 297 301 302 
9 0 8 6 0 3 3 292 294 295 
7 1 0 0 0 0 3 299 300 304 
6 0 8 0 2 0 3 298 300 305 
2 0 0 8 0 0 3 296 301 315 
2 0 0 10 7 0 3 301 309 312 
8 0 0 3 0 0 3 299 308 318 
6 0 1 0 0 10 1 298 
8 0 10 6 0 6 2 303 304 
2 1 0 0 0 0 2 303 311 
1 1 0 0 0 0 3 303 306 309 
9 1 0 0 0 0 3 308 310 311 
3 0 0 4 0 2 3 307 309 312 
7 0 0 9 5 0 1 317 
2 1 0 0 0 0 2 306 307 
3 0 0 0 5 9 3 306 308 312 
7 0 3 3 0 7 3 310 315 316 
8 1 0 0 0 0 2 310 314 
6 1 0 0 0 0 2 313 316 
6 1 0 0 0 0 2 311 314 
2 0 6 10 0 5 2 313 318 
3 0 4 7 0 0 1 316 
8 0 7 0 6 0 3 313 314 318 
6 0 6 10 5 0 1 317 
9 0 0 3 0 9 1 315 
4 0 0 0 0 8 1 317 
8 0 4 8 9 10 1 319 
2 0 0 4 0 5 1 319 
9 0 5 0 0 5 1 319 
1 0 0 0 0 0 0 
1 0 0 0 0 0 3 321 322 323 
1 0 2 1 3 7 3 327 329 331 
5 0 7 3 4 10 2 324 325 
1 0 7 6 10 1 3 326 327 334 
9 0 4 8 4 10 2 330 332 
4 0 3 9 7 10 3 330 335 346 
6 0 3 9 10 9 3 331 335 338 
3 0 8 9 10 9 1 328 
8 0 3 7 4 9 3 333 340 346 
10 0 4 3 6 4 1 337 
4 1 0 0 0 0 3 334 342 344 
6 0 9 6 5 10 1 341 
10 0 2 7 9 1 3 336 341 348 
9 0 10 5 4 10 3 335 344 349 
5 1 0 0 0 0 1 347 
1 1 0 0 0 0 1 347 
10 0 2 3 10 8 3 338 342 343 
2 0 5 7 9 2 2 339 343 
4 0 10 2 2 9 2 340 345 
4 1 0 0 0 0 3 344 345 350 
7 0 8 5 7 3 1 350 
3 1 0 0 0 0 1 342 
8 0 7 5 10 10 1 345 
9 0 8 1 1 4 2 346 349 
7 0 7 10 6 10 1 347 
7 0 6 6 7 8 1 349 
2 0 10 9 7 10 1 350 
9 0 8 2 9 2 1 348 
6 0 7 6 2 9 1 351 
5 0 1 8 8 8 1 351 
5 0 10 3 1 4 1 351 
1 0 0 0 0 0 0 
1 0 0 0 0 0 3 353 354 355 
8 0 0 0 0 3 3 356 361 362 
4 0 0 1 0 0 3 356 359 366 
9 0 0 0 0 4 1 358 
9 0 8 0 0 0 3 357 367 369 
2 0 0 0 0 2 1 379 
5 0 0 0 4 0 3 363 366 371 
1 0 0 3 0 0 3 360 368 375 
2 0 0 0 0 5 2 365 381 
6 0 0 10 0 0 2 364 374 
9 0 4 0 0 0 1 380 
1 0 0 0 9 0 3 365 367 377 
10 0 7 0 0 0 1 370 
10 1 0 0 0 0 1 376 
5 0 2 0 0 0 2 368 372 
7 0 0 10 0 0 2 374 375 
9 1 0 0 0 0 2 373 380 
4 0 0 0 8 0 3 371 373 378 
1 1 0 0 0 0 3 371 377 379 
4 0 0 0 2 0 1 381 
2 1 0 0 0 0 3 373 374 378 
3 1 0 0 0 0 2 377 382 
7 0 2 0 0 0 1 380 
4 1 0 0 0 0 1 376 
8 0 0 5 0 0 2 378 379 
6 0 0 8 0 0 1 381 
10 0 0 0 0 4 1 382 
9 0 0 9 0 0 1 382 
3 0 0 0 5 0 1 383 
4 0 0 0 8 0 1 383 
1 0 9 0 0 0 1 383 
1 0 0 0 0 0 0 
1 0 0 0 0 0 3 385 386 387 
9 0 10 7 0 7 3 389 390 400 
7 0 8 0 1 7 3 395 398 403 
8 0 8 0 5 4 2 388 389 
6 0 1 9 0 5 1 409 
4 0 7 0 10 6 2 393 396 
2 0 9 0 10 5 3 391 412 413 
2 0 9 2 10 8 3 392 394 405 
4 0 9 3 10 2 1 397 
8 0 0 10 6 5 3 398 399 401 
6 0 0 1 0 5 2 397 407 
5 0 1 3 0 4 2 402 404 
2 0 10 10 1 9 3 397 402 403 
6 0 6 0 7 0 2 406 409 
1 1 0 0 0 0 3 402 408 410 
2 1 0 0 0 0 1 405 
5 0 2 6 4 4 2 404 406 
3 1 0 0 0 0 3 405 409 411 
6 1 0 0 0 0 2 406 407 
10 0 10 7 4 0 1 413 
9 0 1 3 0 0 1 408 
5 1 0 0 0 0 2 407 410 
9 0 2 2 3 2 1 414 
7 0 9 5 9 0 1 414 
10 0 8 5 0 3 2 411 412 
4 0 8 4 0 3 1 410 
7 0 2 7 0 5 1 414 
9 0 0 0 5 1 1 413 
3 0 8 10 3 0 1 415 
6 0 4 1 4 0 1 415 
4 0 5 0 0 8 1 415 
1 0 0 0 0 0 0 
1 0 0 0 0 0 3 417 418 419 
1 0 0 1 0 0 3 424 429 437 
6 0 0 7 0 0 3 420 428 440 
1 0 0 0 6 0 2 422 439 
5 0 0 7 0 0 2 421 425 
3 0 0 7 0 0 3 423 434 437 
1 0 7 0 0 0 3 426 427 433 
7 0 1 0 0 0 2 431 436 
7 0 0 0 0 3 2 432 445 
4 0 0 0 0 4 1 446 
5 0 0 0 0 2 1 442 
3 0 0 0 4 0 1 431 
7 0 0 0 4 0 2 430 444 
3 0 9 0 0 0 1 442 
2 0 0 0 0 10 1 437 
1 0 0 0 6 0 1 435 
5 0 0 10 0 0 1 443 
9 0 7 0 0 0 1 438 
7 0 7 0 0 0 1 442 
10 0 0 0 1 0 1 441 
7 1 0 0 0 0 1 441 
1 0 0 0 0 4 1 439 
9 0 9 0 0 0 2 441 445 
2 0 0 0 0 9 1 446 
4 0 0 8 0 0 1 445 
10 0 0 0 6 0 2 443 444 
10 1 0 0 0 0 1 443 
9 0 0 0 0 2 1 446 
5 0 9 0 0 0 1 447 
5 1 0 0 0 0 1 447 
9 0 0 0 0 8 1 447 
1 0 0 0 0 0 0 
375.03 361.09 360.64 350 352.99 369.18 391.51 428.38 466.77 452.8 431.41 407.06 402.31 392.13 392.77 380.09 400.05 448.84 495 520.01 555.72 536.69 507 475.42 329.79 339.71 349.78 340.48 338.2 409.22 416.78 514.41 514.9 488.44 450 424.95 417.08 410.06 410.09 418.06 442.53 506.91 600.05 650 604 560.46 437.94 498.65 523.94 483.88 472.13 460.73 467.15 492.65 550.19 597.18 616.33 575.1 549.97 526.89 511.39 495.95 504.4 514.54 541.6 593.3 676.04 747.93 681 629.09 552.03 509.36 523.92 479.9 480 476.49 481.25 503.54 550 598.9 620.83 613.59 610.08 578.28 561.86 562.98 543.32 543.44 586.04 592.88 641.79 657.69 646.92 600.06 562.49 524.93 510.09 467.63 450.1 438.86 439.39 469.62 530.07 571.56 588.25 574.59 565.59 548.41 538.13 493.22 471.6 470.38 490.86 517.42 545.56 568.99 569.4 550 530.58 504.93 512.09 500.05 480.09 460.04 452.61 452.15 471.69 475.03 484.93 480.02 464.5 443.19 434.11 394.74 388.21 377.54 417.53 402.56 475.06 529.91 551.72 540.01 513.36 461.45 430.27 381 374.94 344.27 323 324.07 365.99 348.35 332 317.26 254.52 279.75 278.38 222.95 189.43 236.13 319.77 455 530 592 623.89 609.4 593.98 569.29 375.03 361.09 360.64 350 352.99 369.18 391.51 428.38 466.77 452.8 431.41 407.06 402.31 392.13 392.77 380.09 400.05 448.84 495 520.01 555.72 536.69 507 475.42 329.79 339.71 349.78 340.48 338.2 409.22 416.78 514.41 514.9 488.44 450 424.95 417.08 410.06 410.09 418.06 442.53 506.91 600.05 650 604 560.46 437.94 498.65 523.94 483.88 472.13 460.73 467.15 492.65 550.19 597.18 616.33 575.1 549.97 526.89 511.39 495.95 504.4 514.54 541.6 593.3 676.04 747.93 681 629.09 552.03 509.36 523.92 479.9 480 476.49 481.25 503.54 550 598.9 620.83 613.59 610.08 578.28 561.86 562.98 543.32 543.44 586.04 592.88 641.79 657.69 646.92 600.06 562.49 524.93 510.09 467.63 450.1 438.86 439.39 469.62 530.07 571.56 588.25 574.59 565.59 548.41 538.13 493.22 471.6 470.38 490.86 517.42 545.56 568.99 569.4 550 530.58 504.93 512.09 500.05 480.09 460.04 452.61 452.15 471.69 475.03 484.93 480.02 464.5 443.19 434.11 394.74 388.21 377.54 417.53 402.56 475.06 529.91 551.72 540.01 513.36 461.45 430.27 381 374.94 344.27 323 324.07 365.99 348.35 332 317.26 254.52 279.75 278.38 222.95 189.43 236.13 319.77 455 530 592 623.89 609.4 593.98 569.29 375.03 361.09 360.64 350 352.99 369.18 391.51 428.38 466.77 452.8 431.41 407.06 402.31 392.13 392.77 380.09 400.05 448.84 495 520.01 555.72 536.69 507 475.42 329.79 339.71 349.78 340.48 338.2 409.22 416.78 514.41 514.9 488.44 450 424.95 417.08 410.06 410.09 418.06 442.53 506.91 600.05 650 604 560.46 437.94 498.65 523.94 483.88 472.13 460.73 467.15 492.65 550.19 597.18 616.33 575.1 549.97 526.89 511.39 495.95 504.4 514.54 541.6 593.3 676.04 747.93 681 629.09 552.03 509.36 523.92 479.9 480 476.49 481.25 503.54 550 598.9 620.83 613.59 610.08 578.28 561.86 562.98 543.32 543.44 586.04 592.88 641.79 657.69 646.92 600.06 562.49 524.93 510.09 467.63 450.1 438.86 439.39 469.62 530.07 571.56 588.25 574.59 565.59 548.41 538.13 493.22 471.6 470.38 490.86 517.42 545.56 568.99 569.4 550 530.58 504.93 512.09 500.05 480.09 460.04 452.61 452.15 471.69 475.03 484.93 480.02 464.5 443.19 434.11 394.74 388.21 377.54 417.53 402.56 475.06 529.91 551.72 540.01 513.36 461.45 430.27 381 374.94 344.27 323 324.07 365.99 348.35 332 317.26 254.52 279.75 278.38 222.95 189.43 236.13 319.77 455 530 592 623.89 609.4 593.98 569.29 375.03 361.09 360.64 350 352.99 369.18 391.51 428.38 466.77 452.8 431.41 407.06 402.31 392.13 392.77 380.09 400.05 448.84 495 520.01 555.72 536.69 507 475.42 329.79 339.71 349.78 340.48 338.2 409.22 416.78 514.41 514.9 488.44 450 424.95 417.08 410.06 410.09 418.06 442.53 506.91 600.05 650 604 560.46 437.94 498.65 523.94 483.88 472.13 460.73 467.15 492.65 550.19 597.18 616.33 575.1 549.97 526.89 511.39 495.95 504.4 514.54 541.6 593.3 676.04 747.93 681 629.09 552.03 509.36 523.92 479.9 480 476.49 481.25 503.54 550 598.9 620.83 613.59 610.08 578.28 561.86 562.98 543.32 543.44 586.04 592.88 641.79 657.69 646.92 600.06 562.49 524.93 510.09 467.63 450.1 438.86 439.39 469.62 530.07 571.56 588.25 574.59 565.59 548.41 538.13 493.22 471.6 470.38 490.86 517.42 545.56 568.99 569.4 550 530.58 504.93 512.09 500.05 480.09 460.04 452.61 452.15 471.69 475.03 484.93 480.02 464.5 443.19 434.11 394.74 388.21 377.54 417.53 402.56 475.06 529.91 551.72 540.01 513.36 461.45 430.27 381 374.94 344.27 323 324.07 365.99 348.35 332 317.26 254.52 279.75 278.38 222.95 189.43 236.13 319.77 455 530 592 623.89 609.4 593.98 569.29 375.03 361.09 360.64 350 352.99 369.18 391.51 428.38 466.77 452.8 431.41 407.06 402.31 392.13 392.77 380.09 400.05 448.84 495 520.01 555.72 536.69 507 475.42 329.79 339.71 349.78 340.48 338.2 409.22 416.78 514.41 514.9 488.44 450 424.95 417.08 410.06 410.09 418.06 442.53 506.91 600.05 650 604 560.46 437.94 498.65 523.94 483.88 472.13 460.73 467.15 492.65 550.19 597.18 616.33 575.1 
