480 5
1 30 26 31 30 
1 0 0 0 0 0 3 1 2 3 
4 0 0 10 0 0 3 4 5 7 
8 0 0 0 0 5 3 9 14 21 
10 0 0 4 0 0 2 6 22 
8 0 0 0 3 0 1 10 
4 0 0 0 2 0 3 8 10 11 
9 0 9 0 0 0 1 25 
2 0 0 0 9 0 3 15 17 23 
2 0 2 0 0 0 1 27 
2 0 0 0 8 0 1 18 
3 0 0 2 0 0 1 25 
4 0 0 7 0 0 2 12 13 
8 0 6 0 0 0 2 16 29 
1 0 9 0 0 0 1 18 
4 0 10 0 0 0 1 27 
1 0 10 0 0 0 2 20 28 
9 0 0 0 2 0 1 21 
10 0 0 3 0 0 2 19 26 
6 1 0 0 0 0 1 24 
5 1 0 0 0 0 1 27 
3 0 0 0 0 6 1 25 
6 0 2 0 0 0 1 30 
10 0 0 0 10 0 1 30 
1 0 5 0 0 0 2 24 30 
2 1 0 0 0 0 2 26 28 
3 0 0 0 7 0 1 26 
6 0 9 0 0 0 1 29 
3 0 0 10 0 0 1 28 
4 0 0 0 0 7 1 31 
8 0 0 0 10 0 1 31 
3 0 0 0 1 0 1 31 
1 0 0 0 0 0 0 
1 0 0 0 0 0 3 33 34 35 
6 0 7 4 8 9 3 36 38 40 
7 0 3 4 7 5 3 42 44 59 
8 0 8 5 10 3 3 37 40 48 
6 0 4 4 8 5 3 37 39 44 
2 1 0 0 0 0 3 50 56 58 
2 0 4 10 8 7 2 41 55 
3 0 1 5 10 7 3 41 46 47 
8 0 8 10 9 9 3 52 59 61 
6 0 7 7 1 9 3 53 54 58 
6 0 7 2 1 6 3 43 47 48 
2 0 2 4 5 9 3 46 49 57 
7 0 2 4 6 5 3 45 47 57 
4 0 2 2 4 8 2 46 49 
6 0 2 8 3 1 2 50 51 
7 0 4 3 1 2 3 49 50 51 
2 1 0 0 0 0 2 51 55 
6 0 5 9 7 9 3 52 53 58 
2 0 4 2 1 3 1 55 
10 1 0 0 0 0 2 52 53 
5 0 4 2 8 3 1 62 
6 0 4 2 5 7 1 56 
9 1 0 0 0 0 3 56 57 59 
4 0 3 1 1 8 1 60 
4 0 4 7 7 2 2 60 61 
9 0 7 7 1 9 1 60 
9 0 8 6 3 6 2 61 62 
8 0 10 5 1 2 1 62 
7 0 4 6 10 5 1 63 
10 0 7 2 1 8 1 63 
6 0 2 1 3 3 1 63 
1 0 0 0 0 0 0 
1 0 0 0 0 0 3 65 66 67 
3 0 1 0 0 0 2 68 75 
8 0 8 0 0 0 2 77 89 
7 0 0 0 0 3 3 73 74 91 
9 0 0 0 2 0 3 69 71 83 
4 0 0 0 7 0 3 70 72 88 
9 1 0 0 0 0 3 78 79 84 
6 1 0 0 0 0 3 76 77 86 
8 1 0 0 0 0 3 76 81 84 
8 0 10 0 0 0 2 80 82 
10 0 0 0 1 0 2 76 83 
10 0 0 0 0 7 1 86 
5 0 0 0 2 0 1 85 
1 1 0 0 0 0 3 79 85 88 
2 0 0 4 0 0 1 92 
3 0 0 0 9 0 1 94 
1 1 0 0 0 0 2 90 93 
3 0 0 7 0 0 1 85 
8 1 0 0 0 0 3 84 87 88 
3 0 7 0 0 0 2 87 90 
9 0 0 9 0 0 2 89 93 
2 0 0 0 0 9 1 87 
2 0 0 5 0 0 2 89 91 
6 0 0 0 0 8 1 94 
3 0 0 0 3 0 2 90 93 
1 0 6 0 0 0 1 94 
10 0 2 0 0 0 1 92 
9 0 7 0 0 0 1 92 
1 0 0 0 0 1 1 95 
2 0 0 8 0 0 1 95 
1 0 0 0 0 8 1 95 
1 0 0 0 0 0 0 
1 0 0 0 0 0 3 97 98 99 
3 0 0 0 9 0 2 105 126 
9 0 0 7 0 0 3 100 109 117 
4 0 9 0 0 2 2 101 102 
10 0 10 3 3 10 2 103 110 
9 0 0 0 8 4 2 104 114 
2 0 2 6 1 0 1 126 
4 0 8 0 8 4 3 106 111 112 
4 0 0 0 4 0 1 107 
10 0 0 0 8 0 2 108 114 
7 0 10 0 0 0 1 108 
7 1 0 0 0 0 2 109 121 
1 0 3 0 0 0 2 124 125 
6 0 0 10 8 0 1 123 
7 1 0 0 0 0 1 113 
1 1 0 0 0 0 1 115 
1 1 0 0 0 0 2 114 116 
4 0 10 6 1 0 1 126 
6 1 0 0 0 0 1 124 
6 1 0 0 0 0 1 125 
5 1 0 0 0 0 1 118 
6 0 5 0 0 0 2 119 122 
6 1 0 0 0 0 2 119 121 
10 0 0 8 0 5 1 120 
4 0 0 4 0 9 2 123 124 
7 0 9 0 5 0 1 122 
3 0 0 9 0 5 1 123 
6 0 2 8 3 8 1 125 
9 0 0 0 0 7 1 127 
1 0 0 0 0 4 1 127 
10 0 5 0 0 7 1 127 
1 0 0 0 0 0 0 
1 0 0 0 0 0 3 129 130 131 
6 0 9 1 4 0 3 132 141 142 
4 0 0 4 0 0 2 133 135 
1 0 9 0 5 0 3 134 139 151 
8 0 8 2 1 0 3 136 146 152 
7 0 3 5 0 0 3 137 138 157 
4 0 9 3 0 0 2 140 155 
6 0 3 3 0 0 2 137 144 
8 0 0 7 3 9 1 154 
8 0 0 0 4 0 1 154 
4 0 0 0 0 7 2 147 153 
8 0 0 0 0 1 1 157 
5 0 0 2 5 0 1 149 
2 0 3 0 3 0 1 147 
8 0 4 0 1 0 3 143 145 147 
6 1 0 0 0 0 1 146 
8 0 0 0 7 5 1 150 
6 1 0 0 0 0 1 148 
3 1 0 0 0 0 2 150 154 
2 1 0 0 0 0 1 155 
3 0 0 6 0 0 1 156 
8 0 1 0 0 5 1 150 
4 0 0 0 2 0 1 158 
9 0 1 2 3 7 1 156 
7 1 0 0 0 0 1 157 
4 1 0 0 0 0 1 158 
7 0 0 9 2 0 1 155 
1 0 0 7 4 0 1 158 
4 0 2 6 6 1 1 159 
7 0 0 0 0 3 1 159 
8 0 0 0 0 4 1 159 
1 0 0 0 0 0 0 
1 0 0 0 0 0 3 161 162 163 
10 0 2 0 0 0 3 176 179 180 
3 0 8 0 0 0 3 168 169 172 
1 0 0 5 0 0 3 164 167 171 
1 0 0 0 6 0 3 165 166 173 
7 0 5 0 0 0 2 170 178 
10 0 0 6 0 0 2 169 187 
4 0 0 0 6 0 3 168 177 184 
7 0 0 3 0 0 3 175 176 179 
2 0 0 0 0 3 2 170 184 
4 0 0 0 7 0 2 174 182 
2 0 0 5 0 0 1 183 
1 0 0 3 0 0 3 177 183 185 
4 0 0 0 8 0 3 174 175 190 
7 0 0 0 7 0 2 185 188 
9 0 2 0 0 0 1 188 
10 0 1 0 0 0 1 181 
8 0 0 7 0 0 1 178 
5 1 0 0 0 0 1 186 
10 0 0 5 0 0 1 182 
9 1 0 0 0 0 1 184 
2 1 0 0 0 0 3 182 187 188 
3 0 0 8 0 0 2 183 185 
6 0 0 0 0 9 1 189 
9 0 5 0 0 0 1 190 
2 0 0 0 0 9 1 189 
9 0 4 0 0 0 2 187 189 
4 0 0 10 0 0 1 190 
7 0 0 0 0 10 1 191 
2 0 0 0 0 4 1 191 
1 0 0 0 6 0 1 191 
1 0 0 0 0 0 0 
1 0 0 0 0 0 3 193 194 195 
2 0 0 5 5 9 1 210 
10 0 2 9 10 0 2 197 205 
4 0 5 0 0 5 3 196 208 213 
6 0 6 8 0 0 3 199 202 203 
5 0 2 8 7 0 2 198 200 
4 1 0 0 0 0 2 208 222 
7 0 0 0 3 2 1 221 
2 0 0 7 0 0 1 201 
1 0 0 4 0 2 3 206 210 211 
7 0 0 0 0 9 1 222 
10 0 10 8 0 0 1 204 
6 0 0 2 0 0 2 214 217 
5 0 0 0 5 0 1 207 
2 1 0 0 0 0 1 219 
3 0 2 0 1 0 1 215 
8 0 7 1 9 0 3 209 212 216 
3 0 7 3 0 0 2 218 220 
8 1 0 0 0 0 1 217 
3 1 0 0 0 0 1 215 
8 0 5 1 0 0 1 215 
8 1 0 0 0 0 1 220 
8 0 9 10 8 8 1 221 
1 0 0 0 1 0 2 218 220 
3 0 0 4 0 5 2 217 218 
8 0 1 0 6 9 1 219 
3 0 0 7 5 9 1 219 
2 0 2 0 0 3 1 221 
1 0 0 0 0 1 1 223 
2 0 0 4 0 0 1 223 
6 1 0 0 0 0 1 223 
1 0 0 0 0 0 0 
1 0 0 0 0 0 3 225 226 227 
9 0 0 9 0 6 1 236 
3 0 0 6 3 9 2 228 229 
9 0 0 5 1 10 2 231 235 
2 0 2 4 0 0 3 230 236 244 
7 0 0 10 8 6 2 241 243 
10 0 4 6 9 9 3 232 238 240 
7 0 0 4 6 10 3 233 234 247 
3 0 5 4 0 0 3 233 234 242 
7 1 0 0 0 0 1 241 
5 0 1 0 4 10 2 248 253 
7 0 0 9 9 5 3 236 237 250 
10 1 0 0 0 0 3 242 253 254 
9 1 0 0 0 0 1 239 
2 0 5 7 8 6 2 242 247 
1 0 4 0 1 5 2 244 249 
7 0 8 0 8 2 2 241 243 
5 1 0 0 0 0 2 248 249 
3 1 0 0 0 0 1 252 
7 0 4 1 0 0 2 245 248 
4 0 2 5 0 0 2 251 252 
3 1 0 0 0 0 1 246 
2 0 2 0 7 6 1 247 
10 0 2 10 3 0 1 250 
7 0 4 6 1 9 3 250 251 252 
10 0 8 0 4 0 2 251 253 
5 0 3 4 10 3 1 254 
5 0 8 10 1 1 1 254 
5 0 2 2 9 1 1 255 
3 0 5 0 7 6 1 255 
10 0 7 6 7 5 1 255 
1 0 0 0 0 0 0 
1 0 0 0 0 0 3 257 258 259 
3 0 7 0 0 0 3 261 269 278 
10 0 0 8 0 0 1 284 
10 0 0 5 0 0 1 260 
7 0 0 0 10 0 1 263 
6 0 0 0 0 5 3 262 270 274 
9 0 0 0 0 4 3 268 275 279 
7 0 0 0 4 0 3 264 265 277 
9 1 0 0 0 0 1 281 
4 1 0 0 0 0 3 266 267 281 
4 1 0 0 0 0 1 272 
9 0 0 0 3 0 2 275 284 
7 0 0 9 0 0 3 271 273 276 
9 0 0 0 0 9 1 282 
5 1 0 0 0 0 2 271 280 
7 0 0 0 0 9 1 283 
1 1 0 0 0 0 1 284 
7 1 0 0 0 0 1 286 
2 0 0 0 0 10 1 281 
9 0 0 7 0 0 1 285 
2 0 0 0 3 0 1 280 
7 1 0 0 0 0 1 278 
3 1 0 0 0 0 2 280 286 
10 1 0 0 0 0 1 286 
1 0 0 0 0 1 1 283 
4 0 5 0 0 0 1 285 
4 0 0 0 7 0 1 283 
1 0 0 0 1 0 1 285 
10 0 0 6 0 0 1 287 
9 0 0 0 0 6 1 287 
8 0 0 0 0 10 1 287 
1 0 0 0 0 0 0 
1 0 0 0 0 0 3 289 290 291 
6 0 0 2 2 0 3 295 297 303 
1 0 6 1 7 5 3 292 293 296 
4 0 7 2 5 0 3 300 313 317 
6 0 0 0 9 0 3 308 310 313 
6 0 0 1 0 9 2 294 310 
4 0 0 0 10 0 3 298 299 301 
7 0 0 0 0 1 2 304 307 
2 0 0 8 10 4 2 302 306 
4 0 0 6 0 3 2 305 310 
9 0 10 0 3 8 2 317 318 
10 0 0 5 4 0 2 300 311 
10 0 1 0 5 0 2 307 309 
5 0 0 0 0 9 1 303 
1 0 8 0 0 9 2 311 313 
5 0 2 0 0 8 1 308 
2 0 7 0 6 8 1 308 
8 0 4 0 0 0 3 306 307 309 
9 1 0 0 0 0 1 318 
1 0 6 0 6 3 2 315 316 
10 0 0 10 0 5 3 309 311 312 
2 0 0 0 10 0 2 315 316 
8 0 4 3 0 0 1 314 
3 0 0 7 5 0 1 314 
3 0 8 0 0 0 1 314 
10 0 0 4 1 0 1 316 
4 0 0 9 0 10 2 315 317 
4 0 0 0 2 0 1 318 
4 0 5 0 2 4 1 319 
2 0 6 2 0 10 1 319 
2 0 0 2 0 0 1 319 
1 0 0 0 0 0 0 
1 0 0 0 0 0 3 321 322 323 
10 0 0 6 0 10 1 326 
4 0 1 8 7 3 3 325 332 333 
5 0 1 4 10 6 3 324 327 328 
6 0 4 5 7 3 2 339 346 
2 0 5 4 0 0 3 334 340 347 
9 0 10 7 10 1 3 329 330 331 
5 0 6 0 5 7 3 335 338 348 
8 0 4 0 3 3 2 342 344 
4 0 1 7 9 6 1 334 
2 1 0 0 0 0 1 336 
1 0 0 0 9 0 1 340 
4 0 0 4 5 8 1 336 
7 0 5 10 10 10 1 346 
4 0 0 0 8 8 2 341 343 
5 0 3 0 0 1 1 347 
10 0 7 0 5 8 1 337 
1 0 6 3 9 8 1 343 
5 1 0 0 0 0 1 345 
2 1 0 0 0 0 2 343 345 
6 0 3 4 6 10 1 344 
9 0 3 0 3 4 1 349 
2 0 0 1 1 4 1 347 
4 0 0 0 8 2 1 349 
10 1 0 0 0 0 1 346 
9 0 4 1 4 4 1 350 
9 0 6 5 5 6 1 350 
7 1 0 0 0 0 2 349 350 
7 1 0 0 0 0 1 351 
1 0 8 7 0 9 1 351 
7 0 10 4 4 9 1 351 
1 0 0 0 0 0 0 
1 0 0 0 0 0 3 353 354 355 
1 0 0 6 0 0 3 360 362 371 
9 0 9 4 9 3 2 356 359 
4 0 4 1 7 9 2 357 363 
10 0 0 0 7 0 1 358 
10 0 2 8 0 4 3 373 376 377 
7 1 0 0 0 0 3 361 372 375 
2 0 0 0 0 5 1 367 
5 0 4 10 0 0 1 366 
7 1 0 0 0 0 1 370 
8 0 8 4 0 0 2 365 382 
9 0 0 0 0 2 3 364 365 369 
7 0 0 0 0 2 1 376 
3 0 0 7 0 0 1 368 
10 0 2 0 2 0 1 379 
3 0 0 6 0 0 1 370 
3 0 3 0 6 0 1 381 
9 0 0 2 7 0 1 372 
5 0 0 0 8 7 2 374 378 
8 0 7 3 0 0 2 377 381 
8 1 0 0 0 0 3 373 376 379 
9 0 0 5 1 0 1 378 
7 0 0 4 0 2 1 377 
7 0 0 8 8 0 1 380 
8 0 0 10 8 0 1 382 
9 0 1 6 6 0 1 380 
10 0 5 0 6 0 1 382 
7 0 0 4 0 0 1 381 
1 0 0 3 1 9 1 383 
8 0 9 6 7 4 1 383 
4 0 6 0 0 6 1 383 
1 0 0 0 0 0 0 
1 0 0 0 0 0 3 385 386 387 
3 0 0 0 3 0 3 388 389 408 
2 0 0 9 9 4 3 393 396 401 
9 0 3 1 0 0 3 390 391 392 
6 0 0 5 1 9 3 392 393 397 
1 0 0 0 0 9 3 393 399 405 
10 0 5 0 1 4 3 394 395 403 
9 0 6 0 0 9 3 397 398 408 
9 0 0 9 2 0 3 401 402 409 
10 0 10 6 0 8 3 395 404 410 
4 0 0 0 4 0 3 396 398 401 
8 1 0 0 0 0 2 398 412 
10 1 0 0 0 0 3 397 400 402 
3 1 0 0 0 0 2 406 411 
9 0 0 9 1 8 1 413 
10 0 0 0 6 5 2 403 407 
4 1 0 0 0 0 3 406 408 412 
1 1 0 0 0 0 2 405 406 
2 0 2 0 0 0 2 404 405 
9 0 0 4 4 0 3 404 409 410 
1 1 0 0 0 0 1 411 
4 0 7 0 0 0 3 407 410 413 
10 0 0 0 6 0 2 407 413 
5 0 0 0 0 9 1 414 
9 0 6 7 0 0 1 409 
1 0 8 0 9 4 1 414 
2 0 0 0 0 9 1 411 
1 0 0 0 10 0 2 412 414 
7 0 1 0 6 0 1 415 
1 0 0 10 2 8 1 415 
5 0 6 0 2 9 1 415 
1 0 0 0 0 0 0 
1 0 0 0 0 0 3 417 418 419 
5 0 4 10 5 9 3 422 431 438 
4 0 1 8 2 1 2 421 424 
2 0 4 4 9 8 3 420 425 426 
7 0 6 8 1 10 2 429 440 
6 0 7 4 7 5 2 438 443 
8 0 8 7 4 5 2 423 427 
7 0 9 9 2 2 3 428 429 430 
7 0 1 2 8 9 1 431 
5 0 4 6 6 9 1 432 
2 0 1 9 1 1 1 433 
6 1 0 0 0 0 1 445 
1 0 4 6 8 6 2 432 439 
6 1 0 0 0 0 2 435 437 
1 0 9 5 10 9 2 444 445 
8 0 6 6 3 6 1 434 
3 1 0 0 0 0 2 436 442 
10 0 6 6 9 8 2 434 437 
4 1 0 0 0 0 1 441 
7 0 4 10 6 8 1 446 
9 0 6 8 2 10 1 437 
5 0 7 1 3 2 1 443 
8 0 4 8 5 8 1 442 
9 0 7 3 9 5 1 441 
10 0 9 1 6 7 1 442 
5 0 8 10 3 8 1 443 
3 0 7 5 1 2 1 445 
4 0 6 2 2 10 1 446 
5 0 6 7 8 4 1 447 
2 0 7 5 10 9 1 447 
5 0 10 5 1 8 1 447 
1 0 0 0 0 0 0 
1 0 0 0 0 0 3 449 450 451 
6 0 0 0 6 0 3 452 454 457 
10 0 2 0 0 0 2 468 474 
8 0 0 1 0 0 1 455 
7 0 2 0 0 0 2 453 456 
2 0 4 0 0 0 2 462 476 
4 0 0 0 0 9 2 458 467 
1 0 10 0 0 0 3 465 466 469 
4 0 0 0 0 4 1 459 
7 0 0 3 0 0 3 460 471 472 
9 0 0 0 0 5 2 461 470 
6 1 0 0 0 0 1 471 
2 0 0 0 2 0 1 467 
6 1 0 0 0 0 1 469 
6 0 0 0 1 0 3 463 464 475 
7 1 0 0 0 0 1 478 
4 0 0 8 0 0 2 465 473 
3 1 0 0 0 0 1 477 
9 0 0 9 0 0 1 467 
1 0 6 0 0 0 1 477 
4 0 3 0 0 0 1 470 
7 0 0 0 9 0 1 475 
2 1 0 0 0 0 1 475 
5 1 0 0 0 0 2 474 477 
8 0 0 5 0 0 1 473 
1 0 0 0 0 9 1 474 
6 0 0 0 0 6 1 478 
9 0 6 0 0 0 1 478 
8 0 0 0 9 0 1 479 
8 0 0 0 0 3 1 479 
6 0 0 0 8 0 1 479 
1 0 0 0 0 0 0 
109.09 102.03 95.61 88.4 90.59 97.85 119.84 130.08 112.54 94.61 72.84 70.65 78.04 124.7 110.55 77.39 85.66 105.03 102.7 117.33 119.78 128.45 131.67 114.52 102.15 97.28 87.79 85.61 86.76 96.03 103.98 114.49 110 94.11 84.18 79.35 80.81 85.12 91.65 89.95 78.04 114.21 135 168.37 188.29 158.97 139.26 118.02 108.11 101.81 97.25 96.75 98.78 104.17 126.07 124.33 117.96 99.9 96.42 91.16 86.88 83.87 85.11 78.7 86.2 80.88 125.81 108.49 132.5 126.76 121.83 107.67 101.27 97 87.55 88.71 90.47 92.04 106.74 114.45 111.45 98.69 86.49 80.91 81.27 73.03 78.27 75.56 76.97 84.07 102.43 111.9 132.18 130.39 126.34 111.55 101.2 97.44 92.38 88.5 88 96.2 117.02 140.55 121.58 103.09 97.5 92.78 92.36 86.67 87.75 88.55 93.11 105.12 113.47 136.76 143.06 124.09 123.37 107.33 100.49 100.41 93 94.36 89.93 88 88.8 86.18 82.93 71.76 59.08 46.56 39.43 22.34 19.52 29.05 45 62.48 72.62 84.62 85.59 105.67 95.79 91.77 79.99 75 65.94 33.22 15 11.09 5.07 2.88 3.42 0.09 0 0 -0.02 -4.48 -4.96 -9.99 -16.52 -15.43 44.38 70 67.06 70 93.15 84.55 109.09 102.03 95.61 88.4 90.59 97.85 119.84 130.08 112.54 94.61 72.84 70.65 78.04 124.7 110.55 77.39 85.66 105.03 102.7 117.33 119.78 128.45 131.67 114.52 102.15 97.28 87.79 85.61 86.76 96.03 103.98 114.49 110 94.11 84.18 79.35 80.81 85.12 91.65 89.95 78.04 114.21 135 168.37 188.29 158.97 139.26 118.02 108.11 101.81 97.25 96.75 98.78 104.17 126.07 124.33 117.96 99.9 96.42 91.16 86.88 83.87 85.11 78.7 86.2 80.88 125.81 108.49 132.5 126.76 121.83 107.67 101.27 97 87.55 88.71 90.47 92.04 106.74 114.45 111.45 98.69 86.49 80.91 81.27 73.03 78.27 75.56 76.97 84.07 102.43 111.9 132.18 130.39 126.34 111.55 101.2 97.44 92.38 88.5 88 96.2 117.02 140.55 121.58 103.09 97.5 92.78 92.36 86.67 87.75 88.55 93.11 105.12 113.47 136.76 143.06 124.09 123.37 107.33 100.49 100.41 93 94.36 89.93 88 88.8 86.18 82.93 71.76 59.08 46.56 39.43 22.34 19.52 29.05 45 62.48 72.62 84.62 85.59 105.67 95.79 91.77 79.99 75 65.94 33.22 15 11.09 5.07 2.88 3.42 0.09 0 0 -0.02 -4.48 -4.96 -9.99 -16.52 -15.43 44.38 70 67.06 70 93.15 84.55 109.09 102.03 95.61 88.4 90.59 97.85 119.84 130.08 112.54 94.61 72.84 70.65 78.04 124.7 110.55 77.39 85.66 105.03 102.7 117.33 119.78 128.45 131.67 114.52 102.15 97.28 87.79 85.61 86.76 96.03 103.98 114.49 110 94.11 84.18 79.35 80.81 85.12 91.65 89.95 78.04 114.21 135 168.37 188.29 158.97 139.26 118.02 108.11 101.81 97.25 96.75 98.78 104.17 126.07 124.33 117.96 99.9 96.42 91.16 86.88 83.87 85.11 78.7 86.2 80.88 125.81 108.49 132.5 126.76 121.83 107.67 101.27 97 87.55 88.71 90.47 92.04 106.74 114.45 111.45 98.69 86.49 80.91 81.27 73.03 78.27 75.56 76.97 84.07 102.43 111.9 132.18 130.39 126.34 111.55 101.2 97.44 92.38 88.5 88 96.2 117.02 140.55 121.58 103.09 97.5 92.78 92.36 86.67 87.75 88.55 93.11 105.12 113.47 136.76 143.06 124.09 123.37 107.33 100.49 100.41 93 94.36 89.93 88 88.8 86.18 82.93 71.76 59.08 46.56 39.43 22.34 19.52 29.05 45 62.48 72.62 84.62 85.59 105.67 95.79 91.77 79.99 75 65.94 33.22 15 11.09 5.07 2.88 3.42 0.09 0 0 -0.02 -4.48 -4.96 -9.99 -16.52 -15.43 44.38 70 67.06 70 93.15 84.55 109.09 102.03 95.61 88.4 90.59 97.85 119.84 130.08 112.54 94.61 72.84 70.65 78.04 124.7 110.55 77.39 85.66 105.03 102.7 117.33 119.78 128.45 131.67 114.52 102.15 97.28 87.79 85.61 86.76 96.03 103.98 114.49 110 94.11 84.18 79.35 80.81 85.12 91.65 89.95 78.04 114.21 135 168.37 188.29 158.97 139.26 118.02 108.11 101.81 97.25 96.75 98.78 104.17 126.07 124.33 117.96 99.9 96.42 91.16 86.88 83.87 85.11 78.7 86.2 80.88 125.81 108.49 132.5 126.76 121.83 107.67 101.27 97 87.55 88.71 90.47 92.04 106.74 114.45 111.45 98.69 86.49 80.91 81.27 73.03 78.27 75.56 76.97 84.07 102.43 111.9 132.18 130.39 126.34 111.55 101.2 97.44 92.38 88.5 88 96.2 117.02 140.55 121.58 103.09 97.5 92.78 92.36 86.67 87.75 88.55 93.11 105.12 113.47 136.76 143.06 124.09 123.37 107.33 100.49 100.41 93 94.36 89.93 88 88.8 86.18 82.93 71.76 59.08 46.56 39.43 22.34 19.52 29.05 45 62.48 72.62 84.62 85.59 105.67 95.79 91.77 79.99 75 65.94 33.22 15 11.09 5.07 2.88 3.42 0.09 0 0 -0.02 -4.48 -4.96 -9.99 -16.52 -15.43 44.38 70 67.06 70 93.15 84.55 109.09 102.03 95.61 88.4 90.59 97.85 119.84 130.08 112.54 94.61 72.84 70.65 78.04 124.7 110.55 77.39 85.66 105.03 102.7 117.33 119.78 128.45 131.67 114.52 102.15 97.28 87.79 85.61 86.76 96.03 103.98 114.49 110 94.11 84.18 79.35 80.81 85.12 91.65 89.95 78.04 114.21 135 168.37 188.29 158.97 139.26 118.02 108.11 101.81 97.25 96.75 98.78 104.17 126.07 124.33 117.96 99.9 96.42 91.16 86.88 83.87 85.11 78.7 86.2 80.88 125.81 108.49 132.5 126.76 121.83 107.67 101.27 97 87.55 88.71 90.47 92.04 106.74 114.45 111.45 98.69 86.49 80.91 81.27 73.03 78.27 75.56 76.97 84.07 102.43 111.9 132.18 130.39 126.34 111.55 101.2 97.44 92.38 88.5 88 96.2 117.02 140.55 121.58 103.09 97.5 92.78 92.36 86.67 87.75 88.55 93.11 105.12 113.47 136.76 143.06 124.09 123.37 107.33 100.49 100.41 93 94.36 89.93 88 88.8 86.18 82.93 71.76 59.08 46.56 39.43 22.34 19.52 29.05 45 62.48 72.62 84.62 85.59 105.67 95.79 91.77 79.99 75 65.94 33.22 15 11.09 5.07 2.88 3.42 0.09 0 0 -0.02 -4.48 
