480 5
1 42 48 42 42 
1 0 0 0 0 0 3 1 2 3 
10 0 8 6 10 3 3 4 6 7 
7 0 4 0 0 3 3 7 9 12 
10 0 8 7 4 3 3 13 21 22 
10 0 5 7 8 0 3 5 8 12 
8 0 0 2 9 0 3 11 13 15 
8 0 8 1 1 10 3 8 14 21 
8 1 0 0 0 0 3 8 19 23 
6 0 6 0 4 6 3 10 24 28 
3 0 1 0 3 2 3 10 17 27 
1 0 9 0 8 6 3 16 26 30 
10 1 0 0 0 0 3 14 17 18 
5 0 5 5 4 10 3 20 22 23 
6 0 0 2 3 0 3 17 20 25 
1 1 0 0 0 0 2 16 23 
3 1 0 0 0 0 3 16 18 25 
1 0 0 1 6 8 1 22 
3 1 0 0 0 0 2 28 30 
1 1 0 0 0 0 3 19 20 26 
6 0 0 9 3 7 2 21 24 
6 0 0 4 9 0 1 27 
2 0 0 9 1 1 1 29 
5 0 5 1 3 7 1 29 
3 1 0 0 0 0 2 24 25 
2 0 3 1 2 4 1 30 
2 1 0 0 0 0 2 26 27 
9 0 0 0 10 2 1 29 
6 0 9 4 9 3 1 28 
2 0 0 0 10 0 1 31 
6 0 0 6 9 3 1 31 
3 0 3 3 4 0 1 31 
1 0 0 0 0 0 0 
1 0 0 0 0 0 3 33 34 35 
1 0 3 1 3 2 3 36 41 44 
5 0 2 7 6 1 3 37 40 46 
7 0 0 5 10 2 1 59 
2 0 4 2 3 7 2 43 60 
8 0 5 4 6 7 3 38 39 44 
10 0 2 6 0 7 3 47 50 53 
3 0 2 3 0 2 1 62 
7 0 3 7 7 0 1 47 
2 0 4 3 0 7 2 42 45 
10 0 9 10 3 4 1 46 
7 0 4 0 1 0 2 52 54 
9 0 0 0 3 7 1 56 
5 0 0 0 6 0 1 55 
5 0 0 2 6 2 3 48 57 58 
6 0 9 0 7 2 1 55 
9 1 0 0 0 0 2 49 51 
6 0 0 0 9 0 1 52 
6 1 0 0 0 0 1 54 
7 0 0 5 1 5 1 52 
4 0 4 7 0 7 1 61 
8 1 0 0 0 0 1 57 
5 0 3 5 0 4 1 56 
10 0 2 7 5 1 2 59 60 
5 0 6 5 10 3 1 61 
3 0 2 10 0 8 1 60 
7 0 2 10 0 0 1 62 
5 0 6 8 0 3 1 61 
2 0 4 1 10 7 1 63 
4 0 3 3 1 5 1 63 
5 0 0 5 1 1 1 63 
1 0 0 0 0 0 0 
1 0 0 0 0 0 3 65 66 67 
7 0 9 8 5 9 2 74 87 
4 0 6 5 6 7 1 73 
5 0 2 9 4 5 3 68 70 71 
1 0 8 6 8 6 3 69 76 80 
1 0 2 7 5 9 2 88 93 
2 0 8 3 8 8 3 78 82 92 
7 0 3 7 2 2 2 72 90 
4 0 3 10 2 3 2 78 83 
4 0 10 5 5 3 2 75 77 
9 0 9 3 5 7 1 75 
10 1 0 0 0 0 3 79 81 94 
7 0 8 9 4 2 1 91 
2 0 9 8 9 3 1 82 
4 0 4 5 3 3 1 91 
2 1 0 0 0 0 1 82 
7 0 2 9 7 4 1 85 
9 0 4 6 6 4 1 84 
2 0 2 8 8 4 2 83 91 
5 0 8 10 3 10 1 86 
3 0 4 5 8 10 1 89 
8 0 6 3 7 8 1 89 
5 0 10 8 10 2 1 93 
4 0 4 4 10 1 2 88 90 
5 0 3 2 6 9 1 89 
2 0 2 8 3 3 1 92 
8 0 5 9 8 8 1 94 
1 0 5 10 7 4 1 93 
4 0 9 5 10 10 1 95 
1 0 4 1 5 3 1 95 
7 0 4 5 4 9 1 95 
1 0 0 0 0 0 0 
1 0 0 0 0 0 3 97 98 99 
2 0 0 6 7 6 3 102 103 104 
6 0 0 0 8 1 3 100 108 114 
9 0 9 2 6 3 3 100 101 105 
9 0 0 7 0 0 3 110 115 117 
10 0 1 4 9 10 3 111 116 123 
7 0 2 9 6 0 3 105 107 113 
10 0 8 8 0 0 2 108 112 
7 0 0 1 3 8 3 108 110 119 
5 0 4 8 0 0 3 106 110 117 
8 0 3 3 9 8 3 109 114 119 
10 0 10 0 0 7 3 112 118 120 
2 0 8 6 4 0 3 109 115 121 
8 1 0 0 0 0 3 111 116 118 
6 1 0 0 0 0 2 111 112 
1 1 0 0 0 0 1 124 
7 0 5 6 8 8 1 126 
5 0 9 6 0 0 3 114 117 125 
2 0 0 3 8 5 3 116 120 121 
4 1 0 0 0 0 2 122 125 
3 1 0 0 0 0 2 124 126 
10 1 0 0 0 0 3 118 120 121 
10 0 0 8 4 0 1 124 
3 0 0 8 0 5 2 123 125 
3 1 0 0 0 0 1 122 
7 0 7 9 1 2 1 122 
8 0 4 0 9 0 1 123 
7 0 2 7 8 0 1 126 
4 0 4 4 8 4 1 127 
9 1 0 0 0 0 1 127 
1 0 1 8 2 2 1 127 
1 0 0 0 0 0 0 
1 0 0 0 0 0 3 129 130 131 
7 0 1 7 3 0 3 133 134 135 
10 0 0 5 0 9 1 132 
3 0 0 0 0 9 3 136 137 152 
1 0 2 0 10 5 1 139 
10 1 0 0 0 0 3 142 153 156 
10 0 0 0 3 1 3 138 146 147 
1 0 6 0 4 0 3 144 148 151 
9 0 6 0 9 3 1 150 
3 0 0 0 0 8 3 140 141 147 
10 0 0 7 0 3 3 144 149 157 
6 0 7 0 0 0 3 141 145 147 
4 0 7 4 0 0 3 142 143 151 
6 0 0 8 0 10 3 142 143 156 
3 1 0 0 0 0 1 158 
9 0 0 8 0 5 1 153 
4 0 0 7 0 0 1 155 
9 1 0 0 0 0 2 149 152 
4 0 0 6 0 0 3 148 152 155 
1 0 0 6 0 0 2 150 158 
2 0 0 0 0 7 1 149 
4 0 3 7 0 0 1 153 
5 1 0 0 0 0 1 154 
3 0 0 8 0 1 2 154 157 
3 0 0 1 4 7 1 157 
4 0 9 4 0 7 1 158 
4 0 0 9 0 10 1 155 
2 0 10 3 0 0 1 156 
10 0 7 2 0 9 1 159 
8 0 5 4 3 0 1 159 
9 0 0 3 0 6 1 159 
1 0 0 0 0 0 0 
1 0 0 0 0 0 3 161 162 163 
10 0 6 0 10 0 3 164 169 177 
8 0 10 0 0 1 2 167 189 
5 0 6 0 0 2 3 165 166 169 
10 0 0 0 6 4 3 168 171 182 
4 0 0 4 7 7 2 178 182 
2 0 5 0 8 0 2 170 176 
3 0 0 0 2 0 3 172 176 179 
6 1 0 0 0 0 3 170 173 178 
2 0 8 0 0 6 3 172 174 176 
6 0 0 6 2 0 3 179 184 186 
7 0 6 0 10 0 2 175 185 
3 0 6 6 9 0 1 188 
6 1 0 0 0 0 3 179 180 187 
9 0 0 7 0 4 1 181 
4 1 0 0 0 0 1 181 
7 0 5 0 2 0 2 181 183 
3 0 4 0 0 2 3 180 184 186 
1 0 0 0 6 6 1 190 
5 0 10 1 2 9 2 183 188 
5 0 5 0 1 0 1 183 
9 0 6 0 0 1 1 190 
5 1 0 0 0 0 1 187 
3 0 1 0 0 5 1 190 
4 0 0 0 5 2 1 187 
9 0 0 8 0 5 1 186 
3 0 0 10 0 2 1 189 
1 0 8 0 8 0 2 188 189 
4 0 5 0 0 5 1 191 
5 0 0 7 6 2 1 191 
6 0 0 0 9 0 1 191 
1 0 0 0 0 0 0 
1 0 0 0 0 0 3 193 194 195 
1 0 6 3 1 6 3 198 205 209 
2 0 6 5 9 6 2 197 200 
6 0 4 9 5 7 3 196 204 209 
3 0 9 2 5 10 3 197 199 201 
2 0 3 5 6 9 3 211 212 213 
10 0 7 7 3 1 3 202 208 222 
7 0 9 9 9 8 3 203 206 207 
3 0 2 8 1 5 3 209 215 216 
4 0 4 6 9 9 2 205 206 
5 0 8 5 5 9 3 206 207 216 
2 0 3 8 6 5 2 208 213 
2 0 9 4 4 8 3 207 214 222 
7 0 2 9 4 8 3 208 212 213 
1 0 5 8 2 1 1 210 
4 0 3 1 9 6 2 210 217 
3 1 0 0 0 0 3 211 214 215 
7 0 3 5 6 7 3 210 217 222 
5 1 0 0 0 0 3 211 212 218 
2 1 0 0 0 0 2 220 221 
3 0 7 8 1 3 1 221 
6 1 0 0 0 0 3 214 215 216 
8 1 0 0 0 0 1 217 
9 1 0 0 0 0 2 219 220 
2 0 8 4 10 2 1 218 
7 0 10 6 8 2 2 218 220 
2 0 8 1 4 5 1 219 
4 0 3 3 10 3 1 221 
10 0 5 5 7 5 1 223 
7 0 1 3 3 4 1 223 
6 0 7 6 2 5 1 223 
1 0 0 0 0 0 0 
1 0 0 0 0 0 3 225 226 227 
8 0 9 4 10 10 1 230 
7 0 5 7 2 7 3 228 233 240 
9 0 5 9 3 10 3 228 229 250 
10 0 9 5 10 3 1 231 
3 0 1 10 7 2 3 232 234 240 
9 0 1 1 7 3 3 235 238 241 
7 1 0 0 0 0 2 242 248 
8 1 0 0 0 0 2 236 243 
8 0 9 1 9 5 3 235 238 241 
2 0 5 7 6 7 3 237 239 246 
4 1 0 0 0 0 2 244 251 
7 0 8 3 7 7 2 237 249 
4 0 8 4 8 2 1 252 
4 1 0 0 0 0 2 250 254 
10 0 3 8 1 3 3 241 242 247 
6 0 7 2 3 10 1 243 
10 0 6 8 2 5 3 248 249 253 
4 1 0 0 0 0 1 252 
8 0 1 4 6 8 1 245 
3 1 0 0 0 0 3 246 250 253 
5 0 10 5 10 1 3 246 249 251 
2 0 4 1 8 9 1 248 
10 0 8 3 8 6 1 251 
7 0 7 2 6 6 1 254 
5 0 9 1 5 10 1 254 
10 0 2 10 6 8 1 252 
7 0 8 2 2 4 1 253 
8 0 3 1 6 9 1 255 
2 0 6 4 2 4 1 255 
1 0 6 2 3 4 1 255 
1 0 0 0 0 0 0 
1 0 0 0 0 0 3 257 258 259 
5 0 0 6 10 9 3 265 271 284 
4 0 7 10 6 0 3 260 267 270 
7 0 0 8 7 6 3 263 266 279 
2 0 3 0 7 0 3 261 262 277 
6 0 2 1 2 6 2 268 272 
4 0 5 10 5 5 1 264 
10 0 6 0 0 3 2 265 276 
10 0 3 7 0 9 2 279 281 
5 1 0 0 0 0 1 278 
2 0 0 6 8 0 1 276 
10 0 8 1 1 3 1 269 
1 0 2 0 3 7 1 275 
3 0 5 0 8 0 1 282 
8 0 6 3 10 6 1 275 
9 0 2 4 3 6 3 273 274 281 
9 0 0 0 7 7 2 275 278 
7 0 8 0 0 0 1 283 
2 0 9 9 0 0 1 286 
8 0 9 7 9 2 1 276 
6 0 1 1 1 1 1 280 
6 0 2 1 0 7 1 280 
8 0 7 9 6 6 1 283 
1 1 0 0 0 0 1 283 
4 0 7 3 0 0 1 286 
1 1 0 0 0 0 1 285 
10 0 4 9 9 5 1 284 
1 0 9 5 2 8 2 285 286 
10 0 0 5 0 8 1 287 
3 0 2 0 8 5 1 287 
5 0 0 5 8 0 1 287 
1 0 0 0 0 0 0 
1 0 0 0 0 0 3 289 290 291 
9 0 0 0 6 0 3 292 294 301 
7 0 0 6 0 0 2 300 306 
1 0 0 5 0 0 3 293 294 303 
10 0 0 5 0 0 2 302 312 
8 0 0 0 1 0 3 295 296 310 
8 0 0 0 1 0 1 307 
2 0 0 6 0 0 2 297 299 
7 0 10 0 0 0 3 300 301 305 
3 1 0 0 0 0 3 298 302 304 
6 0 0 0 0 10 1 314 
1 0 0 7 0 0 3 306 309 315 
10 0 0 0 0 10 3 309 312 314 
9 0 1 0 0 0 1 317 
7 1 0 0 0 0 1 307 
7 0 0 0 7 0 1 311 
6 1 0 0 0 0 3 305 308 309 
5 1 0 0 0 0 2 312 315 
8 1 0 0 0 0 3 308 311 316 
5 0 0 0 0 2 1 311 
1 1 0 0 0 0 1 313 
4 0 4 0 0 0 1 316 
2 0 0 0 0 8 2 313 314 
6 0 0 0 0 10 1 318 
4 1 0 0 0 0 1 317 
3 0 0 0 4 0 2 317 318 
7 0 0 0 0 3 2 315 318 
10 0 4 0 0 0 1 316 
7 0 4 0 0 0 1 319 
4 0 6 0 0 0 1 319 
10 0 0 0 8 0 1 319 
1 0 0 0 0 0 0 
1 0 0 0 0 0 3 321 322 323 
2 0 0 0 3 4 3 327 332 336 
5 0 0 0 5 0 3 324 325 336 
5 0 8 0 0 0 2 337 338 
1 0 7 0 2 8 3 327 328 337 
4 0 10 7 6 0 3 326 329 337 
2 0 8 2 0 0 3 328 330 335 
9 0 0 0 2 4 3 329 333 341 
5 1 0 0 0 0 3 333 334 343 
4 0 0 6 6 8 3 331 338 346 
9 0 4 0 5 4 3 339 340 342 
10 1 0 0 0 0 2 334 344 
9 1 0 0 0 0 2 334 335 
5 0 0 9 0 2 3 340 346 349 
5 1 0 0 0 0 2 339 340 
2 0 0 10 0 0 3 338 341 342 
1 0 0 0 0 3 1 347 
1 0 10 0 0 0 3 341 343 349 
3 0 2 2 0 8 3 339 344 349 
2 0 9 0 10 0 1 345 
5 0 0 9 8 0 2 345 350 
5 0 0 0 7 6 1 348 
1 0 0 0 10 0 3 343 345 346 
2 0 0 0 2 0 1 344 
8 0 5 0 0 0 2 347 350 
3 0 6 6 0 0 1 347 
6 0 0 0 0 6 2 348 350 
2 0 1 1 2 1 1 348 
2 0 8 6 10 0 1 351 
5 0 3 3 0 2 1 351 
1 0 0 0 8 6 1 351 
1 0 0 0 0 0 0 
1 0 0 0 0 0 3 353 354 355 
7 0 0 4 1 6 2 358 371 
3 0 0 1 0 0 1 362 
3 0 8 1 5 0 3 356 357 361 
8 0 8 0 0 0 3 365 369 376 
3 0 2 0 3 0 3 358 365 367 
1 0 0 3 8 0 3 359 362 364 
9 0 4 7 0 0 3 360 372 376 
4 1 0 0 0 0 1 363 
3 0 5 0 4 5 1 373 
1 1 0 0 0 0 2 366 368 
8 0 0 0 0 8 3 373 377 378 
8 0 0 10 0 10 2 370 379 
10 0 10 3 0 0 2 372 378 
5 1 0 0 0 0 3 370 375 377 
6 1 0 0 0 0 3 368 370 374 
4 0 10 4 3 0 1 373 
7 0 0 2 10 3 1 375 
6 0 0 7 0 3 1 378 
4 0 0 3 0 0 1 377 
5 1 0 0 0 0 2 374 379 
8 0 0 4 4 0 1 381 
8 0 5 0 6 0 2 375 381 
2 0 5 0 0 0 1 380 
3 0 1 4 0 0 3 379 380 381 
5 0 7 3 0 0 2 380 382 
1 0 3 3 0 7 1 382 
5 0 8 0 0 6 1 382 
6 0 0 0 5 0 1 383 
6 0 0 1 0 0 1 383 
6 0 6 0 0 5 1 383 
1 0 0 0 0 0 0 
1 0 0 0 0 0 3 385 386 387 
2 0 5 0 0 0 2 389 401 
10 0 5 0 0 0 3 388 398 405 
10 0 0 4 0 0 2 392 397 
8 0 0 7 0 0 3 393 399 401 
4 0 0 0 9 0 3 390 394 396 
7 0 0 0 0 2 2 391 406 
6 0 0 9 0 0 1 400 
5 0 0 2 0 0 2 404 410 
7 1 0 0 0 0 2 397 409 
2 0 0 1 0 0 3 395 398 414 
10 0 0 7 0 0 3 402 407 413 
5 0 9 0 0 0 2 397 402 
2 1 0 0 0 0 3 407 411 413 
2 0 0 0 4 0 2 403 413 
8 0 0 0 0 8 2 406 409 
1 0 0 0 9 0 2 412 414 
10 0 0 1 0 0 3 404 406 410 
8 0 0 0 0 4 2 403 408 
4 1 0 0 0 0 1 404 
3 1 0 0 0 0 1 409 
6 0 0 5 0 0 1 408 
8 1 0 0 0 0 2 408 414 
6 0 0 3 0 0 1 410 
10 0 0 0 0 10 1 411 
9 0 0 0 0 10 1 411 
3 0 0 0 5 0 1 412 
6 0 0 1 0 0 1 412 
1 0 2 0 0 0 1 415 
7 0 0 0 0 9 1 415 
10 0 0 0 10 0 1 415 
1 0 0 0 0 0 0 
1 0 0 0 0 0 3 417 418 419 
1 0 9 5 1 9 3 420 425 443 
7 0 3 7 10 8 3 421 424 426 
1 0 7 4 10 4 3 422 426 439 
7 0 10 6 3 4 3 432 434 437 
7 0 1 7 3 3 3 423 430 437 
1 0 2 10 9 1 2 435 436 
7 0 10 9 10 8 3 435 438 440 
4 0 4 10 7 7 2 442 443 
4 0 4 4 9 9 2 428 439 
2 0 4 9 5 7 2 427 442 
1 0 8 2 4 9 1 433 
1 0 7 2 6 6 3 429 433 434 
6 0 9 2 10 3 1 431 
1 0 2 10 6 8 3 433 438 446 
7 0 1 10 2 3 1 440 
9 1 0 0 0 0 3 435 444 445 
3 1 0 0 0 0 1 436 
10 0 4 5 1 1 2 436 440 
3 1 0 0 0 0 1 446 
10 1 0 0 0 0 2 441 444 
8 1 0 0 0 0 1 446 
1 0 5 2 9 4 2 439 441 
6 0 4 4 1 5 1 442 
1 1 0 0 0 0 1 441 
3 0 4 5 7 5 1 445 
9 0 10 1 7 1 1 445 
8 0 7 5 7 3 1 444 
3 0 10 5 10 6 1 447 
6 0 9 5 8 8 1 447 
8 0 8 4 2 7 1 447 
1 0 0 0 0 0 0 
1 0 0 0 0 0 3 449 450 451 
4 0 2 0 8 5 3 454 456 465 
2 0 0 10 3 10 3 457 458 462 
1 0 10 0 0 1 3 452 462 469 
2 0 9 10 8 9 3 453 461 473 
3 0 0 4 8 0 3 464 465 468 
9 0 5 9 7 0 3 455 460 461 
9 0 1 6 8 0 3 463 466 471 
3 0 0 4 0 3 3 457 462 473 
7 0 0 10 0 1 3 459 463 478 
10 0 8 9 2 2 3 459 463 467 
8 0 0 3 3 6 2 461 466 
4 0 4 9 8 0 3 466 469 470 
6 1 0 0 0 0 2 464 471 
3 0 1 5 3 2 2 464 472 
9 0 3 9 8 10 2 468 475 
6 0 8 1 10 6 2 470 476 
8 0 3 1 5 4 2 472 478 
4 0 0 0 4 9 2 468 475 
3 0 6 1 6 7 3 469 470 473 
4 0 10 0 6 0 2 474 477 
5 1 0 0 0 0 2 471 474 
6 0 3 8 0 5 1 475 
7 0 3 0 4 5 2 472 476 
9 0 5 10 10 4 1 477 
5 0 0 8 4 9 2 474 478 
1 0 3 7 3 7 1 476 
4 0 0 0 2 3 1 477 
5 0 6 4 2 7 1 479 
5 0 1 7 6 0 1 479 
1 1 0 0 0 0 1 479 
1 0 0 0 0 0 0 
320.08 278.04 276.37 269.64 272.56 298 395.95 415.08 433.97 417.26 405.17 396.9 382.27 369.8 321.83 285.04 323.16 379.26 400.34 458.03 469.9 452.12 450.05 419.15 395.49 349.57 330.04 331.5 334.34 362.1 419.64 453.66 448.9 388.88 328.99 318.21 310.48 260.07 260.89 283.21 313.94 388.64 416.77 484.23 506.94 480 463.69 400.45 416.05 365.61 321.83 319.95 325.04 332.22 411.97 435 457.37 397.64 321.45 299.67 261.99 240.72 190.02 193.6 212.55 285.16 339.64 415.78 440.35 439.41 420.99 344.72 392.39 378.06 345.47 334.1 335.01 371.63 421.32 433.31 434.07 419.96 379.9 361.64 312.28 313.34 317.22 330.01 360.72 386.67 395.25 444.36 438.55 436.09 426.4 400.04 350 320.07 298 305.01 307.55 330 404.9 429.92 416.58 334.06 262.45 243.92 252.71 244.63 230.62 265.14 241.02 371.72 390.05 424.64 433.23 434.04 432.89 397.42 384.91 349.96 275.34 219.42 146.06 79.5 56.64 74.08 63.84 34.82 35.53 26.11 49.81 45.11 39.98 35.24 33.48 81.46 160 264.3 295 346.57 357.55 331.77 290.06 240.8 186.81 172.68 169.58 106.49 93.84 166.3 189.51 137.37 88.71 80.66 82.17 62.49 72 82.5 109.3 94.46 344.42 416.54 427.92 434.95 431.82 407.23 320.08 278.04 276.37 269.64 272.56 298 395.95 415.08 433.97 417.26 405.17 396.9 382.27 369.8 321.83 285.04 323.16 379.26 400.34 458.03 469.9 452.12 450.05 419.15 395.49 349.57 330.04 331.5 334.34 362.1 419.64 453.66 448.9 388.88 328.99 318.21 310.48 260.07 260.89 283.21 313.94 388.64 416.77 484.23 506.94 480 463.69 400.45 416.05 365.61 321.83 319.95 325.04 332.22 411.97 435 457.37 397.64 321.45 299.67 261.99 240.72 190.02 193.6 212.55 285.16 339.64 415.78 440.35 439.41 420.99 344.72 392.39 378.06 345.47 334.1 335.01 371.63 421.32 433.31 434.07 419.96 379.9 361.64 312.28 313.34 317.22 330.01 360.72 386.67 395.25 444.36 438.55 436.09 426.4 400.04 350 320.07 298 305.01 307.55 330 404.9 429.92 416.58 334.06 262.45 243.92 252.71 244.63 230.62 265.14 241.02 371.72 390.05 424.64 433.23 434.04 432.89 397.42 384.91 349.96 275.34 219.42 146.06 79.5 56.64 74.08 63.84 34.82 35.53 26.11 49.81 45.11 39.98 35.24 33.48 81.46 160 264.3 295 346.57 357.55 331.77 290.06 240.8 186.81 172.68 169.58 106.49 93.84 166.3 189.51 137.37 88.71 80.66 82.17 62.49 72 82.5 109.3 94.46 344.42 416.54 427.92 434.95 431.82 407.23 320.08 278.04 276.37 269.64 272.56 298 395.95 415.08 433.97 417.26 405.17 396.9 382.27 369.8 321.83 285.04 323.16 379.26 400.34 458.03 469.9 452.12 450.05 419.15 395.49 349.57 330.04 331.5 334.34 362.1 419.64 453.66 448.9 388.88 328.99 318.21 310.48 260.07 260.89 283.21 313.94 388.64 416.77 484.23 506.94 480 463.69 400.45 416.05 365.61 321.83 319.95 325.04 332.22 411.97 435 457.37 397.64 321.45 299.67 261.99 240.72 190.02 193.6 212.55 285.16 339.64 415.78 440.35 439.41 420.99 344.72 392.39 378.06 345.47 334.1 335.01 371.63 421.32 433.31 434.07 419.96 379.9 361.64 312.28 313.34 317.22 330.01 360.72 386.67 395.25 444.36 438.55 436.09 426.4 400.04 350 320.07 298 305.01 307.55 330 404.9 429.92 416.58 334.06 262.45 243.92 252.71 244.63 230.62 265.14 241.02 371.72 390.05 424.64 433.23 434.04 432.89 397.42 384.91 349.96 275.34 219.42 146.06 79.5 56.64 74.08 63.84 34.82 35.53 26.11 49.81 45.11 39.98 35.24 33.48 81.46 160 264.3 295 346.57 357.55 331.77 290.06 240.8 186.81 172.68 169.58 106.49 93.84 166.3 189.51 137.37 88.71 80.66 82.17 62.49 72 82.5 109.3 94.46 344.42 416.54 427.92 434.95 431.82 407.23 320.08 278.04 276.37 269.64 272.56 298 395.95 415.08 433.97 417.26 405.17 396.9 382.27 369.8 321.83 285.04 323.16 379.26 400.34 458.03 469.9 452.12 450.05 419.15 395.49 349.57 330.04 331.5 334.34 362.1 419.64 453.66 448.9 388.88 328.99 318.21 310.48 260.07 260.89 283.21 313.94 388.64 416.77 484.23 506.94 480 463.69 400.45 416.05 365.61 321.83 319.95 325.04 332.22 411.97 435 457.37 397.64 321.45 299.67 261.99 240.72 190.02 193.6 212.55 285.16 339.64 415.78 440.35 439.41 420.99 344.72 392.39 378.06 345.47 334.1 335.01 371.63 421.32 433.31 434.07 419.96 379.9 361.64 312.28 313.34 317.22 330.01 360.72 386.67 395.25 444.36 438.55 436.09 426.4 400.04 350 320.07 298 305.01 307.55 330 404.9 429.92 416.58 334.06 262.45 243.92 252.71 244.63 230.62 265.14 241.02 371.72 390.05 424.64 433.23 434.04 432.89 397.42 384.91 349.96 275.34 219.42 146.06 79.5 56.64 74.08 63.84 34.82 35.53 26.11 49.81 45.11 39.98 35.24 33.48 81.46 160 264.3 295 346.57 357.55 331.77 290.06 240.8 186.81 172.68 169.58 106.49 93.84 166.3 189.51 137.37 88.71 80.66 82.17 62.49 72 82.5 109.3 94.46 344.42 416.54 427.92 434.95 431.82 407.23 320.08 278.04 276.37 269.64 272.56 298 395.95 415.08 433.97 417.26 405.17 396.9 382.27 369.8 321.83 285.04 323.16 379.26 400.34 458.03 469.9 452.12 450.05 419.15 395.49 349.57 330.04 331.5 334.34 362.1 419.64 453.66 448.9 388.88 328.99 318.21 310.48 260.07 260.89 283.21 313.94 388.64 416.77 484.23 506.94 480 463.69 400.45 416.05 365.61 321.83 319.95 325.04 332.22 411.97 435 457.37 397.64 321.45 299.67 261.99 240.72 190.02 193.6 212.55 285.16 339.64 415.78 440.35 439.41 420.99 344.72 392.39 378.06 345.47 334.1 335.01 371.63 421.32 433.31 434.07 419.96 379.9 361.64 312.28 313.34 317.22 330.01 360.72 386.67 395.25 444.36 438.55 436.09 426.4 400.04 350 320.07 298 305.01 
