480 5
1 30 32 28 31 
1 0 0 0 0 0 3 1 2 3 
10 0 5 3 6 9 3 11 17 21 
2 0 0 1 0 8 3 4 7 8 
10 0 2 0 6 6 3 5 10 18 
9 0 6 7 6 3 3 6 13 22 
9 0 4 0 0 0 3 9 11 17 
9 0 3 5 10 0 3 9 12 14 
9 0 9 8 10 7 3 15 19 22 
4 0 0 10 8 1 3 12 13 24 
6 1 0 0 0 0 3 15 16 28 
1 0 5 4 6 3 3 16 22 27 
1 1 0 0 0 0 2 20 24 
10 1 0 0 0 0 3 16 18 19 
5 0 4 5 5 0 2 15 20 
5 1 0 0 0 0 3 17 18 21 
1 1 0 0 0 0 2 23 25 
4 0 2 9 0 10 1 25 
1 0 9 0 5 1 2 24 26 
6 0 1 0 5 0 3 26 27 29 
10 0 0 8 9 4 2 20 21 
2 0 7 8 5 0 1 30 
5 0 0 8 8 10 1 23 
8 1 0 0 0 0 3 23 25 28 
10 0 6 5 2 6 1 29 
10 0 0 2 4 0 3 27 28 29 
5 0 6 0 0 6 1 26 
3 0 9 10 7 0 1 30 
4 0 2 2 0 0 1 30 
8 0 5 4 10 0 1 31 
4 0 3 8 5 0 1 31 
8 0 2 5 6 8 1 31 
1 0 0 0 0 0 0 
1 0 0 0 0 0 3 33 34 35 
9 0 1 5 1 3 3 39 55 60 
10 0 7 5 8 7 3 42 43 48 
7 0 5 4 4 7 3 36 37 41 
2 0 10 10 10 1 3 40 54 56 
9 0 4 10 9 5 2 38 49 
8 0 8 6 6 7 3 45 46 58 
6 0 6 3 10 2 3 43 44 50 
4 0 4 3 10 2 2 51 52 
9 1 0 0 0 0 1 50 
2 0 1 8 2 9 3 47 49 51 
10 0 5 7 3 2 2 45 61 
7 1 0 0 0 0 2 51 52 
2 0 10 10 9 4 1 56 
8 1 0 0 0 0 1 53 
5 0 2 5 8 1 1 62 
6 0 2 5 8 7 2 58 60 
7 0 9 7 3 8 3 53 60 61 
10 0 5 5 3 4 3 52 54 56 
7 1 0 0 0 0 1 58 
9 0 8 10 6 8 2 53 57 
5 0 9 9 5 1 1 59 
4 0 10 6 4 1 1 62 
7 1 0 0 0 0 2 57 61 
3 0 4 3 9 8 1 57 
2 0 10 5 5 5 1 59 
7 0 10 7 4 10 1 59 
2 0 1 9 6 1 1 62 
9 0 5 8 7 6 1 63 
6 0 9 3 6 4 1 63 
8 0 5 3 4 3 1 63 
1 0 0 0 0 0 0 
1 0 0 0 0 0 3 65 66 67 
4 0 5 0 0 0 2 72 84 
3 0 0 0 0 3 3 70 74 76 
10 0 7 0 0 1 3 68 69 80 
4 0 10 0 0 10 3 71 73 75 
9 0 3 2 7 4 3 79 81 84 
2 0 0 0 3 0 3 85 86 94 
8 0 0 8 1 0 3 79 81 89 
6 0 3 0 0 0 1 93 
8 0 10 0 9 7 1 77 
5 0 9 3 5 4 3 78 83 87 
1 0 0 2 9 0 2 78 82 
3 0 3 0 0 10 2 82 89 
3 1 0 0 0 0 3 87 90 94 
1 0 8 0 0 0 1 88 
5 1 0 0 0 0 2 82 85 
6 0 0 0 2 6 2 81 85 
8 0 6 10 0 9 1 83 
5 1 0 0 0 0 2 90 94 
7 0 4 0 0 1 1 91 
1 0 9 0 9 0 1 86 
4 0 0 0 0 7 2 88 92 
2 1 0 0 0 0 3 87 88 92 
3 1 0 0 0 0 1 89 
4 1 0 0 0 0 1 90 
3 1 0 0 0 0 1 91 
8 0 7 0 5 0 1 91 
5 0 0 1 10 7 1 93 
6 1 0 0 0 0 1 95 
10 0 10 0 7 7 1 95 
1 1 0 0 0 0 1 95 
1 0 0 0 0 0 0 
1 0 0 0 0 0 3 97 98 99 
8 0 0 0 0 3 3 100 105 106 
4 0 0 1 0 0 3 100 103 110 
9 0 0 0 0 4 1 102 
9 0 8 0 0 0 3 101 111 113 
2 0 0 0 0 2 1 123 
5 0 0 0 4 0 3 107 110 115 
1 0 0 3 0 0 3 104 112 119 
2 0 0 0 0 5 2 109 125 
6 0 0 10 0 0 2 108 118 
9 0 4 0 0 0 1 124 
1 0 0 0 9 0 3 109 111 121 
10 0 7 0 0 0 1 114 
10 1 0 0 0 0 1 120 
5 0 2 0 0 0 2 112 116 
7 0 0 10 0 0 2 118 119 
9 0 7 0 0 0 2 117 124 
4 0 0 0 8 0 3 115 117 122 
1 1 0 0 0 0 3 115 121 123 
4 1 0 0 0 0 1 125 
2 1 0 0 0 0 3 117 118 122 
3 0 0 0 0 8 2 121 126 
7 1 0 0 0 0 1 124 
4 1 0 0 0 0 1 120 
8 0 0 5 0 0 2 122 123 
6 0 0 8 0 0 1 125 
10 0 0 0 0 4 1 126 
9 0 0 9 0 0 1 126 
3 0 0 0 5 0 1 127 
4 0 0 0 8 0 1 127 
1 0 9 0 0 0 1 127 
1 0 0 0 0 0 0 
1 0 0 0 0 0 3 129 130 131 
7 0 0 0 0 7 3 132 141 150 
6 0 10 0 3 0 3 135 139 147 
5 0 0 0 8 5 3 135 139 145 
10 0 5 0 0 0 3 133 134 148 
9 1 0 0 0 0 1 138 
7 0 8 0 1 0 2 142 143 
10 0 0 9 0 2 3 136 138 155 
2 0 0 0 0 9 3 137 149 153 
9 0 0 2 2 0 1 140 
10 0 0 0 3 4 2 144 149 
3 0 8 0 1 9 1 150 
2 1 0 0 0 0 1 148 
8 0 7 0 10 0 3 146 152 156 
5 0 5 9 0 2 1 147 
8 1 0 0 0 0 1 146 
4 0 0 4 4 7 3 152 156 157 
3 0 8 0 6 4 2 147 154 
6 0 0 0 0 6 3 149 151 153 
5 0 2 3 1 6 2 151 152 
9 0 3 10 6 0 1 157 
9 0 1 0 0 8 1 158 
2 0 9 0 0 2 3 151 154 156 
8 0 0 0 4 4 1 155 
6 0 8 0 0 0 1 153 
2 0 0 3 0 4 1 158 
9 0 0 5 0 9 2 155 157 
1 0 0 0 4 0 1 158 
2 0 5 0 3 4 1 159 
8 0 8 0 0 0 1 159 
6 0 0 0 0 3 1 159 
1 0 0 0 0 0 0 
1 0 0 0 0 0 3 161 162 163 
2 0 6 8 6 9 3 164 166 167 
4 0 9 9 10 8 3 173 174 180 
3 0 9 4 8 8 3 172 174 184 
9 0 6 7 3 8 3 165 170 176 
6 0 4 5 7 8 3 171 172 179 
6 0 1 8 1 2 3 168 170 174 
3 0 5 8 2 9 3 168 169 176 
5 0 2 8 7 5 2 181 184 
10 0 8 9 10 4 1 175 
6 0 5 10 4 5 3 171 182 184 
4 0 4 9 4 10 2 177 187 
4 1 0 0 0 0 2 175 178 
1 0 3 3 4 2 3 177 179 181 
2 0 4 2 9 1 3 178 179 181 
9 0 3 10 8 4 3 180 182 190 
5 1 0 0 0 0 3 178 180 188 
3 0 10 6 1 6 2 183 186 
8 0 1 8 3 6 3 185 186 189 
8 1 0 0 0 0 2 182 183 
7 0 2 5 5 10 1 189 
9 0 9 9 9 9 2 183 186 
4 0 1 9 4 1 1 187 
5 0 9 1 5 7 2 185 188 
2 0 2 3 6 10 3 185 187 188 
1 0 4 9 2 1 1 190 
6 0 6 4 4 2 1 190 
9 0 3 5 1 2 1 189 
2 0 3 8 10 8 1 191 
2 0 1 2 1 1 1 191 
6 0 2 7 9 2 1 191 
1 0 0 0 0 0 0 
1 0 0 0 0 0 3 193 194 195 
2 0 5 7 6 5 3 199 200 214 
8 0 8 6 1 4 1 196 
6 0 7 4 9 4 3 197 198 201 
4 0 4 3 9 5 3 202 204 207 
2 0 1 8 8 1 2 209 210 
5 0 10 7 1 5 1 213 
7 0 4 9 10 6 1 202 
4 0 4 3 1 6 1 212 
10 0 3 8 10 4 3 203 205 206 
5 1 0 0 0 0 1 211 
1 1 0 0 0 0 2 207 217 
6 1 0 0 0 0 3 216 218 219 
5 1 0 0 0 0 2 208 222 
3 0 10 2 6 8 1 211 
10 1 0 0 0 0 2 214 220 
9 0 1 1 1 5 1 209 
5 0 9 2 3 3 1 215 
9 0 7 1 2 10 1 214 
5 1 0 0 0 0 1 212 
7 0 5 2 9 7 1 216 
1 1 0 0 0 0 1 217 
5 0 5 6 1 8 2 218 221 
5 0 7 1 7 5 1 216 
3 0 5 1 8 3 1 221 
8 0 5 8 9 9 1 219 
3 0 2 8 10 8 1 222 
1 0 6 6 3 8 1 220 
1 0 7 2 9 1 1 223 
4 0 4 4 2 7 1 223 
4 0 10 2 8 10 1 223 
1 0 0 0 0 0 0 
1 0 0 0 0 0 3 225 226 227 
9 0 8 4 0 4 3 230 241 244 
7 0 7 4 4 0 3 228 232 235 
8 0 0 6 0 4 3 229 231 252 
9 0 0 0 4 0 3 234 238 239 
3 0 3 8 0 1 3 233 239 241 
6 0 3 0 0 0 3 233 234 235 
6 0 6 0 0 1 3 237 241 245 
7 0 0 1 0 0 3 233 242 247 
3 0 0 0 8 0 3 237 245 246 
6 0 9 6 6 0 3 237 247 248 
4 0 0 0 0 9 3 236 240 242 
10 0 0 10 5 9 3 239 243 247 
4 0 3 0 0 3 2 240 243 
9 0 0 0 1 0 3 240 244 249 
6 1 0 0 0 0 3 245 250 253 
2 1 0 0 0 0 1 250 
1 0 0 1 1 0 3 242 246 254 
8 0 0 1 0 0 1 248 
7 1 0 0 0 0 1 249 
9 1 0 0 0 0 3 246 251 252 
1 0 0 3 6 0 1 251 
6 0 7 8 6 0 1 248 
1 1 0 0 0 0 2 249 252 
8 0 0 10 0 4 1 253 
1 0 8 0 0 0 2 250 253 
5 0 4 0 0 9 1 251 
1 0 0 5 0 1 1 254 
5 0 3 0 4 0 1 255 
5 0 10 4 0 0 1 255 
9 0 9 4 9 0 1 255 
1 0 0 0 0 0 0 
1 0 0 0 0 0 3 257 258 259 
7 0 3 8 1 4 2 269 274 
7 0 7 8 1 2 1 278 
4 0 9 7 8 5 3 260 264 266 
8 0 9 9 9 2 3 261 273 276 
9 0 7 10 2 4 2 262 265 
3 1 0 0 0 0 3 263 267 274 
9 1 0 0 0 0 3 268 270 277 
10 0 3 9 1 2 2 270 271 
6 1 0 0 0 0 2 269 274 
2 0 4 7 7 4 1 273 
7 1 0 0 0 0 3 272 279 281 
9 0 6 5 10 4 2 275 283 
10 0 8 6 3 5 3 270 279 282 
9 0 2 9 10 5 1 278 
4 0 6 5 10 1 3 276 281 282 
5 0 2 2 9 2 2 280 282 
3 0 6 3 8 4 1 278 
3 0 10 10 1 6 3 275 280 285 
2 0 4 3 6 9 1 279 
3 1 0 0 0 0 1 285 
3 0 2 2 9 4 1 281 
10 0 1 5 4 5 1 286 
7 0 3 2 3 5 1 284 
9 0 1 5 1 9 2 283 286 
1 0 5 2 10 5 2 284 286 
2 0 5 4 7 8 2 283 285 
1 0 3 9 10 8 1 284 
3 0 9 9 6 1 1 287 
8 0 2 1 4 10 1 287 
2 0 3 10 8 8 1 287 
1 0 0 0 0 0 0 
1 0 0 0 0 0 3 289 290 291 
4 0 0 10 10 0 3 300 301 305 
10 0 10 3 4 0 2 298 300 
4 0 8 0 0 0 3 292 293 294 
5 0 0 2 1 3 2 295 307 
8 0 6 0 7 0 2 309 317 
2 0 0 0 4 6 1 310 
2 0 0 10 3 0 2 296 297 
10 1 0 0 0 0 1 304 
2 0 0 0 0 1 3 299 302 315 
6 0 1 0 0 6 2 301 313 
7 0 0 1 0 0 1 311 
2 1 0 0 0 0 3 303 314 316 
10 0 0 7 0 2 1 308 
4 0 0 0 0 8 1 318 
9 1 0 0 0 0 1 318 
2 1 0 0 0 0 2 306 312 
8 1 0 0 0 0 1 309 
6 0 0 0 0 6 1 309 
8 0 0 5 10 4 1 310 
4 0 5 0 0 6 1 316 
3 0 0 9 0 7 1 315 
1 0 6 7 0 0 1 315 
2 0 5 0 0 5 1 317 
4 0 5 0 1 5 2 313 314 
6 0 7 0 6 1 1 318 
5 0 0 0 10 0 1 317 
1 0 0 1 10 6 1 316 
6 0 0 4 6 0 1 319 
2 0 3 2 0 1 1 319 
5 0 4 0 0 1 1 319 
1 0 0 0 0 0 0 
1 0 0 0 0 0 3 321 322 323 
2 0 0 0 0 8 3 324 327 330 
10 0 0 3 0 0 3 325 332 339 
10 0 0 0 6 0 3 324 337 341 
6 0 0 2 0 0 3 329 331 332 
10 0 0 0 0 9 3 326 328 340 
6 1 0 0 0 0 3 333 336 344 
1 0 0 0 8 0 3 337 338 344 
5 1 0 0 0 0 3 330 333 334 
2 0 0 0 0 10 3 335 339 343 
7 0 2 0 0 0 3 338 342 347 
5 0 0 0 4 0 3 335 336 339 
7 0 0 0 5 0 3 333 335 336 
6 1 0 0 0 0 1 347 
8 1 0 0 0 0 3 341 343 344 
5 1 0 0 0 0 1 349 
10 1 0 0 0 0 3 338 342 345 
8 0 0 0 8 0 3 340 343 345 
6 0 0 3 0 0 2 348 349 
5 0 10 0 0 0 2 340 342 
9 1 0 0 0 0 1 350 
9 0 7 0 0 0 3 346 348 349 
2 1 0 0 0 0 1 350 
4 1 0 0 0 0 2 346 348 
3 0 0 0 0 6 1 345 
5 0 0 0 0 3 1 346 
4 0 0 0 0 8 1 347 
10 0 0 0 1 0 1 350 
3 0 0 0 5 0 1 351 
5 0 0 0 0 4 1 351 
3 0 3 0 0 0 1 351 
1 0 0 0 0 0 0 
1 0 0 0 0 0 3 353 354 355 
10 0 8 6 10 3 3 356 358 359 
7 0 4 0 0 3 3 359 361 364 
10 0 8 7 4 3 3 365 373 374 
10 0 5 7 8 0 3 357 360 364 
8 0 0 2 9 0 3 363 365 367 
8 0 8 1 1 10 3 360 366 373 
8 1 0 0 0 0 3 360 371 375 
6 1 0 0 0 0 3 362 376 380 
3 0 1 0 3 2 3 362 369 379 
1 0 9 0 8 6 3 368 378 382 
10 0 10 1 5 10 3 366 369 370 
5 1 0 0 0 0 3 372 374 375 
6 1 0 0 0 0 3 369 372 377 
1 1 0 0 0 0 2 368 375 
3 1 0 0 0 0 3 368 370 377 
1 0 0 1 6 8 1 374 
3 0 5 5 3 1 2 380 382 
1 0 10 0 0 0 3 371 372 378 
6 0 0 9 3 7 2 373 376 
6 0 0 4 9 0 1 379 
2 0 0 9 1 1 1 381 
5 0 5 1 3 7 1 381 
3 1 0 0 0 0 2 376 377 
2 0 3 1 2 4 1 382 
2 1 0 0 0 0 2 378 379 
9 0 0 0 10 2 1 381 
6 0 9 4 9 3 1 380 
2 0 0 0 10 0 1 383 
6 0 0 6 9 3 1 383 
3 0 3 3 4 0 1 383 
1 0 0 0 0 0 0 
1 0 0 0 0 0 3 385 386 387 
7 0 5 1 0 0 3 389 400 401 
2 0 0 5 10 10 3 388 394 404 
9 0 6 4 5 7 3 389 390 406 
1 0 3 0 4 2 3 391 401 402 
10 0 6 3 2 1 2 399 403 
7 0 4 9 6 0 2 392 396 
10 0 4 5 8 5 3 392 395 399 
6 0 6 0 5 0 1 393 
8 0 0 9 2 6 2 397 407 
6 0 0 3 3 2 3 401 403 406 
3 0 7 2 0 0 2 409 414 
4 0 0 1 7 9 2 404 405 
2 1 0 0 0 0 1 398 
10 0 0 10 3 0 1 408 
7 0 5 9 4 9 2 407 413 
4 0 2 8 0 2 2 410 411 
4 0 9 0 9 3 2 405 412 
7 0 2 0 7 0 3 403 406 408 
3 1 0 0 0 0 1 410 
2 1 0 0 0 0 1 409 
1 1 0 0 0 0 3 408 409 414 
9 1 0 0 0 0 2 407 412 
10 0 4 6 9 6 1 414 
7 0 5 0 2 0 1 413 
4 1 0 0 0 0 1 410 
3 0 6 4 0 0 1 413 
10 0 1 9 3 0 1 412 
8 0 9 9 3 7 1 415 
9 0 4 8 9 0 1 415 
10 0 1 6 4 9 1 415 
1 0 0 0 0 0 0 
1 0 0 0 0 0 3 417 418 419 
10 0 7 8 3 10 3 421 429 431 
9 0 6 7 2 4 3 420 421 424 
6 0 5 7 6 4 3 422 424 432 
5 0 1 6 7 4 3 422 426 431 
1 1 0 0 0 0 3 425 426 432 
9 0 1 8 7 8 3 423 427 443 
6 1 0 0 0 0 3 428 434 435 
3 1 0 0 0 0 3 426 430 431 
2 1 0 0 0 0 3 428 430 444 
3 1 0 0 0 0 3 434 436 446 
8 0 2 4 10 2 3 428 429 441 
2 1 0 0 0 0 2 433 438 
7 1 0 0 0 0 3 430 438 442 
6 1 0 0 0 0 2 433 437 
2 0 3 6 8 4 3 436 437 446 
1 0 2 6 4 6 3 433 434 438 
3 0 10 5 3 8 1 439 
3 1 0 0 0 0 2 437 441 
2 0 6 6 3 7 1 436 
8 0 10 1 3 4 2 440 441 
1 0 3 2 8 1 1 439 
2 0 4 6 10 7 1 439 
9 0 7 2 8 9 1 440 
8 0 4 8 10 4 1 445 
7 0 1 3 5 2 2 442 445 
3 0 4 7 7 10 1 444 
7 0 1 6 2 1 3 444 445 446 
2 0 1 10 3 7 1 447 
1 0 1 6 4 10 1 447 
7 0 4 9 5 4 1 447 
1 0 0 0 0 0 0 
1 0 0 0 0 0 3 449 450 451 
1 0 0 5 7 7 3 457 458 462 
9 0 0 8 5 4 3 452 455 459 
5 1 0 0 0 0 1 466 
6 0 0 6 10 2 3 453 454 456 
4 0 2 0 0 10 3 461 467 475 
9 0 5 0 4 0 3 460 463 477 
7 0 0 0 7 0 1 469 
4 0 0 0 10 0 3 458 464 473 
8 0 0 1 0 0 2 459 465 
10 1 0 0 0 0 1 470 
4 0 2 0 0 0 1 473 
10 0 0 7 5 0 3 466 469 471 
2 1 0 0 0 0 2 468 474 
8 0 0 7 0 1 3 463 464 472 
9 1 0 0 0 0 3 466 470 476 
10 0 0 10 0 7 3 469 475 476 
3 0 8 2 0 0 2 467 468 
10 0 10 6 0 6 1 478 
4 1 0 0 0 0 2 471 472 
5 0 0 2 4 0 1 472 
3 1 0 0 0 0 1 470 
6 0 5 3 8 0 1 478 
5 0 7 1 8 0 1 473 
6 0 0 6 7 6 1 477 
4 0 0 0 0 10 1 474 
4 0 9 0 1 0 2 476 478 
4 0 0 8 9 1 1 477 
5 0 0 0 3 0 1 479 
3 0 7 10 9 1 1 479 
6 0 9 0 5 5 1 479 
1 0 0 0 0 0 0 
320.08 278.04 276.37 269.64 272.56 298 395.95 415.08 433.97 417.26 405.17 396.9 382.27 369.8 321.83 285.04 323.16 379.26 400.34 458.03 469.9 452.12 450.05 419.15 395.49 349.57 330.04 331.5 334.34 362.1 419.64 453.66 448.9 388.88 328.99 318.21 310.48 260.07 260.89 283.21 313.94 388.64 416.77 484.23 506.94 480 463.69 400.45 416.05 365.61 321.83 319.95 325.04 332.22 411.97 435 457.37 397.64 321.45 299.67 261.99 240.72 190.02 193.6 212.55 285.16 339.64 415.78 440.35 439.41 420.99 344.72 392.39 378.06 345.47 334.1 335.01 371.63 421.32 433.31 434.07 419.96 379.9 361.64 312.28 313.34 317.22 330.01 360.72 386.67 395.25 444.36 438.55 436.09 426.4 400.04 350 320.07 298 305.01 307.55 330 404.9 429.92 416.58 334.06 262.45 243.92 252.71 244.63 230.62 265.14 241.02 371.72 390.05 424.64 433.23 434.04 432.89 397.42 384.91 349.96 275.34 219.42 146.06 79.5 56.64 74.08 63.84 34.82 35.53 26.11 49.81 45.11 39.98 35.24 33.48 81.46 160 264.3 295 346.57 357.55 331.77 290.06 240.8 186.81 172.68 169.58 106.49 93.84 166.3 189.51 137.37 88.71 80.66 82.17 62.49 72 82.5 109.3 94.46 344.42 416.54 427.92 434.95 431.82 407.23 320.08 278.04 276.37 269.64 272.56 298 395.95 415.08 433.97 417.26 405.17 396.9 382.27 369.8 321.83 285.04 323.16 379.26 400.34 458.03 469.9 452.12 450.05 419.15 395.49 349.57 330.04 331.5 334.34 362.1 419.64 453.66 448.9 388.88 328.99 318.21 310.48 260.07 260.89 283.21 313.94 388.64 416.77 484.23 506.94 480 463.69 400.45 416.05 365.61 321.83 319.95 325.04 332.22 411.97 435 457.37 397.64 321.45 299.67 261.99 240.72 190.02 193.6 212.55 285.16 339.64 415.78 440.35 439.41 420.99 344.72 392.39 378.06 345.47 334.1 335.01 371.63 421.32 433.31 434.07 419.96 379.9 361.64 312.28 313.34 317.22 330.01 360.72 386.67 395.25 444.36 438.55 436.09 426.4 400.04 350 320.07 298 305.01 307.55 330 404.9 429.92 416.58 334.06 262.45 243.92 252.71 244.63 230.62 265.14 241.02 371.72 390.05 424.64 433.23 434.04 432.89 397.42 384.91 349.96 275.34 219.42 146.06 79.5 56.64 74.08 63.84 34.82 35.53 26.11 49.81 45.11 39.98 35.24 33.48 81.46 160 264.3 295 346.57 357.55 331.77 290.06 240.8 186.81 172.68 169.58 106.49 93.84 166.3 189.51 137.37 88.71 80.66 82.17 62.49 72 82.5 109.3 94.46 344.42 416.54 427.92 434.95 431.82 407.23 320.08 278.04 276.37 269.64 272.56 298 395.95 415.08 433.97 417.26 405.17 396.9 382.27 369.8 321.83 285.04 323.16 379.26 400.34 458.03 469.9 452.12 450.05 419.15 395.49 349.57 330.04 331.5 334.34 362.1 419.64 453.66 448.9 388.88 328.99 318.21 310.48 260.07 260.89 283.21 313.94 388.64 416.77 484.23 506.94 480 463.69 400.45 416.05 365.61 321.83 319.95 325.04 332.22 411.97 435 457.37 397.64 321.45 299.67 261.99 240.72 190.02 193.6 212.55 285.16 339.64 415.78 440.35 439.41 420.99 344.72 392.39 378.06 345.47 334.1 335.01 371.63 421.32 433.31 434.07 419.96 379.9 361.64 312.28 313.34 317.22 330.01 360.72 386.67 395.25 444.36 438.55 436.09 426.4 400.04 350 320.07 298 305.01 307.55 330 404.9 429.92 416.58 334.06 262.45 243.92 252.71 244.63 230.62 265.14 241.02 371.72 390.05 424.64 433.23 434.04 432.89 397.42 384.91 349.96 275.34 219.42 146.06 79.5 56.64 74.08 63.84 34.82 35.53 26.11 49.81 45.11 39.98 35.24 33.48 81.46 160 264.3 295 346.57 357.55 331.77 290.06 240.8 186.81 172.68 169.58 106.49 93.84 166.3 189.51 137.37 88.71 80.66 82.17 62.49 72 82.5 109.3 94.46 344.42 416.54 427.92 434.95 431.82 407.23 320.08 278.04 276.37 269.64 272.56 298 395.95 415.08 433.97 417.26 405.17 396.9 382.27 369.8 321.83 285.04 323.16 379.26 400.34 458.03 469.9 452.12 450.05 419.15 395.49 349.57 330.04 331.5 334.34 362.1 419.64 453.66 448.9 388.88 328.99 318.21 310.48 260.07 260.89 283.21 313.94 388.64 416.77 484.23 506.94 480 463.69 400.45 416.05 365.61 321.83 319.95 325.04 332.22 411.97 435 457.37 397.64 321.45 299.67 261.99 240.72 190.02 193.6 212.55 285.16 339.64 415.78 440.35 439.41 420.99 344.72 392.39 378.06 345.47 334.1 335.01 371.63 421.32 433.31 434.07 419.96 379.9 361.64 312.28 313.34 317.22 330.01 360.72 386.67 395.25 444.36 438.55 436.09 426.4 400.04 350 320.07 298 305.01 307.55 330 404.9 429.92 416.58 334.06 262.45 243.92 252.71 244.63 230.62 265.14 241.02 371.72 390.05 424.64 433.23 434.04 432.89 397.42 384.91 349.96 275.34 219.42 146.06 79.5 56.64 74.08 63.84 34.82 35.53 26.11 49.81 45.11 39.98 35.24 33.48 81.46 160 264.3 295 346.57 357.55 331.77 290.06 240.8 186.81 172.68 169.58 106.49 93.84 166.3 189.51 137.37 88.71 80.66 82.17 62.49 72 82.5 109.3 94.46 344.42 416.54 427.92 434.95 431.82 407.23 320.08 278.04 276.37 269.64 272.56 298 395.95 415.08 433.97 417.26 405.17 396.9 382.27 369.8 321.83 285.04 323.16 379.26 400.34 458.03 469.9 452.12 450.05 419.15 395.49 349.57 330.04 331.5 334.34 362.1 419.64 453.66 448.9 388.88 328.99 318.21 310.48 260.07 260.89 283.21 313.94 388.64 416.77 484.23 506.94 480 463.69 400.45 416.05 365.61 321.83 319.95 325.04 332.22 411.97 435 457.37 397.64 321.45 299.67 261.99 240.72 190.02 193.6 212.55 285.16 339.64 415.78 440.35 439.41 420.99 344.72 392.39 378.06 345.47 334.1 335.01 371.63 421.32 433.31 434.07 419.96 379.9 361.64 312.28 313.34 317.22 330.01 360.72 386.67 395.25 444.36 438.55 436.09 426.4 400.04 350 320.07 298 305.01 307.55 330 404.9 429.92 416.58 334.06 262.45 243.92 252.71 244.63 230.62 265.14 241.02 371.72 390.05 424.64 433.23 434.04 432.89 397.42 384.91 349.96 275.34 219.42 146.06 79.5 56.64 74.08 63.84 34.82 35.53 26.11 49.81 45.11 39.98 35.24 33.48 81.46 160 264.3 295 346.57 357.55 331.77 290.06 240.8 186.81 172.68 169.58 106.49 93.84 166.3 189.51 137.37 88.71 80.66 82.17 62.49 72 82.5 109.3 94.46 344.42 416.54 427.92 434.95 431.82 407.23 320.08 278.04 276.37 269.64 272.56 298 395.95 415.08 433.97 417.26 405.17 396.9 382.27 369.8 321.83 285.04 323.16 379.26 400.34 458.03 469.9 452.12 450.05 419.15 395.49 349.57 330.04 331.5 334.34 362.1 419.64 453.66 448.9 388.88 328.99 318.21 310.48 260.07 260.89 283.21 313.94 388.64 416.77 484.23 506.94 480 463.69 400.45 416.05 365.61 321.83 319.95 325.04 332.22 411.97 435 457.37 397.64 321.45 299.67 261.99 240.72 190.02 193.6 212.55 285.16 339.64 415.78 440.35 439.41 420.99 344.72 392.39 378.06 345.47 334.1 335.01 371.63 421.32 433.31 
