480 5
1 36 34 29 37 
1 0 0 0 0 0 3 1 2 3 
7 0 1 6 4 9 3 9 10 28 
4 0 9 1 3 9 3 4 5 7 
1 0 3 4 8 5 3 10 11 12 
5 0 5 7 4 8 2 6 26 
7 0 2 9 1 7 3 9 20 22 
9 0 1 5 6 7 2 11 25 
8 0 8 6 8 3 3 8 13 14 
5 0 2 9 2 10 3 9 15 19 
6 1 0 0 0 0 1 29 
10 1 0 0 0 0 1 23 
2 1 0 0 0 0 2 13 19 
10 0 4 1 8 3 2 13 24 
4 0 1 1 9 7 2 21 27 
7 0 10 8 6 5 2 17 30 
5 0 1 7 6 10 3 16 24 27 
4 0 9 1 1 3 1 18 
9 0 1 4 5 4 1 25 
6 0 5 2 1 10 2 20 26 
6 1 0 0 0 0 2 21 23 
10 1 0 0 0 0 1 21 
7 0 1 3 5 10 2 28 30 
9 0 2 6 3 2 2 23 25 
9 0 4 8 4 9 2 27 29 
4 0 10 10 5 8 1 26 
10 0 7 6 10 10 1 28 
8 0 1 7 7 10 1 29 
6 0 2 6 5 3 1 30 
3 0 6 3 7 4 1 31 
6 0 5 5 3 5 1 31 
1 0 7 10 4 10 1 31 
1 0 0 0 0 0 0 
1 0 0 0 0 0 3 33 34 35 
3 0 1 6 8 7 3 36 37 50 
1 0 8 2 6 9 2 39 51 
7 0 1 3 2 9 3 42 51 53 
5 0 2 9 4 2 1 38 
7 0 1 4 1 3 3 39 40 41 
10 0 1 4 3 5 1 45 
9 0 3 9 2 4 1 43 
9 0 8 6 6 6 3 47 56 57 
9 0 7 7 9 3 2 44 49 
9 0 5 9 8 10 1 52 
3 1 0 0 0 0 3 44 55 58 
7 1 0 0 0 0 2 46 59 
6 1 0 0 0 0 2 48 58 
5 1 0 0 0 0 1 57 
9 1 0 0 0 0 1 51 
8 0 1 6 2 1 1 55 
5 1 0 0 0 0 1 61 
10 0 5 7 3 7 1 55 
6 0 5 8 9 2 1 60 
7 0 4 7 9 10 1 57 
5 0 8 9 8 3 1 54 
7 0 8 3 5 5 1 56 
3 0 4 5 9 9 1 60 
5 0 5 4 7 8 1 61 
8 0 1 7 8 9 1 62 
1 0 8 5 7 7 2 60 61 
1 0 7 3 10 8 1 62 
5 0 9 2 8 6 1 63 
3 0 2 6 3 8 1 63 
3 0 8 1 10 10 1 63 
1 0 0 0 0 0 0 
1 0 0 0 0 0 3 65 66 67 
10 0 0 6 0 10 1 70 
4 0 1 8 7 3 3 69 76 77 
5 0 1 4 10 6 3 68 71 72 
6 0 4 5 7 3 2 83 90 
2 0 5 4 0 0 3 78 84 91 
9 0 10 7 10 1 3 73 74 75 
5 0 6 0 5 7 3 79 82 92 
8 0 4 0 3 3 2 86 88 
4 0 1 7 9 6 1 78 
2 0 4 5 0 5 1 80 
1 0 0 0 9 0 1 84 
4 0 0 4 5 8 1 80 
7 0 5 10 10 10 1 90 
4 0 0 0 8 8 2 85 87 
5 0 3 0 0 1 1 91 
10 0 7 0 5 8 1 81 
1 0 6 3 9 8 1 87 
5 1 0 0 0 0 1 89 
2 1 0 0 0 0 2 87 89 
6 0 3 4 6 10 1 88 
9 0 3 0 3 4 1 93 
2 0 0 1 1 4 1 91 
4 0 0 0 8 2 1 93 
10 1 0 0 0 0 1 90 
9 1 0 0 0 0 1 94 
9 0 6 5 5 6 1 94 
7 1 0 0 0 0 2 93 94 
7 1 0 0 0 0 1 95 
1 0 8 7 0 9 1 95 
7 0 10 4 4 9 1 95 
1 0 0 0 0 0 0 
1 0 0 0 0 0 3 97 98 99 
5 0 2 4 0 1 3 100 102 103 
6 0 0 1 3 0 3 106 108 112 
1 0 0 4 0 0 2 104 109 
10 0 0 10 8 3 3 101 111 116 
7 0 0 4 7 0 3 107 110 125 
8 0 0 2 0 6 3 105 107 110 
6 0 6 0 0 0 3 106 111 126 
10 0 0 5 8 1 3 117 119 126 
8 0 1 0 10 0 3 113 114 123 
7 0 10 0 0 0 3 109 113 114 
4 1 0 0 0 0 3 120 121 123 
1 0 9 0 0 10 3 109 110 115 
9 0 8 5 0 0 3 116 118 121 
5 0 4 6 0 0 2 120 123 
3 0 3 0 2 0 3 114 118 121 
4 0 4 6 0 0 3 113 116 118 
2 1 0 0 0 0 2 115 119 
6 1 0 0 0 0 2 115 122 
8 0 3 10 9 0 2 117 125 
3 1 0 0 0 0 2 117 122 
3 0 0 6 0 0 1 124 
3 1 0 0 0 0 2 119 122 
10 0 0 0 2 5 1 120 
10 0 0 3 0 0 1 124 
10 0 0 0 3 7 1 124 
8 0 5 0 2 0 1 125 
9 0 7 5 10 1 1 126 
3 0 0 0 7 6 1 127 
3 0 0 6 0 9 1 127 
10 0 0 0 8 0 1 127 
1 0 0 0 0 0 0 
1 0 0 0 0 0 3 129 130 131 
7 0 0 0 4 0 3 135 137 142 
10 0 0 0 5 0 3 132 133 137 
7 0 0 3 0 0 3 133 134 139 
1 0 0 0 5 0 3 139 140 141 
6 0 0 0 9 0 3 136 151 157 
8 0 0 6 0 0 3 138 141 151 
7 0 0 0 5 0 3 139 140 145 
10 0 0 0 2 0 3 142 143 147 
8 0 0 0 0 6 3 143 149 158 
1 0 0 2 0 0 3 140 142 149 
4 0 5 0 0 0 3 143 146 150 
3 1 0 0 0 0 3 144 146 150 
4 0 0 0 7 0 3 146 148 150 
6 0 0 8 0 0 2 152 153 
4 1 0 0 0 0 1 155 
9 1 0 0 0 0 3 148 156 158 
6 0 0 0 4 0 3 148 151 152 
8 1 0 0 0 0 2 147 154 
6 0 0 2 0 0 1 153 
3 0 0 5 0 0 1 154 
1 0 5 0 0 0 2 152 154 
1 1 0 0 0 0 3 153 156 157 
7 1 0 0 0 0 1 155 
4 0 0 1 0 0 1 155 
6 0 0 4 0 0 1 158 
8 0 1 0 0 0 1 157 
7 0 5 0 0 0 1 156 
4 0 0 0 0 9 1 159 
2 0 0 10 0 0 1 159 
6 0 4 0 0 0 1 159 
1 0 0 0 0 0 0 
1 0 0 0 0 0 3 161 162 163 
4 0 0 0 0 3 3 166 175 177 
4 0 0 0 9 0 3 164 170 172 
1 0 0 0 0 1 2 165 177 
9 0 0 8 0 0 3 173 184 188 
9 0 0 3 0 0 3 168 170 174 
9 0 1 0 0 0 3 167 168 183 
5 0 0 0 0 8 3 171 176 180 
6 1 0 0 0 0 3 169 178 185 
4 0 0 0 5 0 3 181 182 187 
8 0 3 0 0 0 1 175 
1 0 6 0 0 0 3 179 184 185 
1 0 0 0 2 0 2 174 186 
2 1 0 0 0 0 1 186 
3 1 0 0 0 0 2 179 189 
6 1 0 0 0 0 1 189 
7 1 0 0 0 0 1 182 
2 0 0 0 0 5 3 178 181 184 
9 0 0 0 3 0 2 179 190 
5 0 0 0 5 0 1 188 
9 0 0 0 3 0 2 181 182 
1 0 10 0 0 0 1 190 
3 0 3 0 0 0 1 189 
2 1 0 0 0 0 1 187 
10 0 0 0 0 4 1 186 
1 1 0 0 0 0 1 187 
8 0 7 0 0 0 1 190 
10 0 0 0 0 8 1 188 
2 0 9 0 0 0 1 191 
5 0 0 0 0 8 1 191 
2 0 0 0 4 0 1 191 
1 0 0 0 0 0 0 
1 0 0 0 0 0 3 193 194 195 
3 0 0 10 0 0 3 197 198 212 
8 0 0 7 0 0 3 196 197 215 
7 0 2 0 0 0 3 196 204 221 
5 0 0 0 0 8 1 219 
9 0 10 0 0 0 3 199 202 210 
9 0 0 6 0 0 1 201 
6 0 0 3 0 0 3 200 203 209 
1 1 0 0 0 0 2 205 213 
3 0 0 0 10 0 3 207 208 210 
8 0 0 7 0 0 2 208 218 
7 1 0 0 0 0 1 216 
4 0 0 0 1 0 3 206 207 210 
9 1 0 0 0 0 1 216 
8 0 0 0 0 7 3 211 213 215 
6 0 6 0 0 0 2 209 215 
8 1 0 0 0 0 2 213 214 
9 0 0 3 0 0 2 220 222 
2 0 0 0 0 3 1 219 
8 1 0 0 0 0 1 212 
1 1 0 0 0 0 2 217 218 
6 1 0 0 0 0 2 217 220 
4 0 8 0 0 0 1 216 
6 0 0 0 0 9 2 218 222 
9 0 0 2 0 0 2 217 221 
3 0 0 2 0 0 1 219 
9 1 0 0 0 0 1 220 
9 0 0 9 0 0 1 222 
10 0 6 0 0 0 1 223 
9 0 8 0 0 0 1 223 
9 0 0 0 5 0 1 223 
1 0 0 0 0 0 0 
1 0 0 0 0 0 3 225 226 227 
7 0 0 0 10 0 3 233 244 251 
8 0 0 8 0 0 3 229 230 237 
9 0 8 0 0 0 3 228 235 251 
3 0 0 3 0 0 3 237 242 249 
6 0 0 0 10 0 3 238 244 248 
4 0 0 0 1 0 3 231 236 238 
6 0 0 0 0 3 3 232 234 251 
8 1 0 0 0 0 3 240 241 244 
2 0 6 0 0 0 3 234 238 239 
5 0 0 0 10 0 3 240 247 250 
8 0 0 8 0 0 3 237 246 253 
4 0 0 7 0 0 3 239 241 253 
10 1 0 0 0 0 2 243 247 
4 0 0 10 0 0 2 241 242 
4 1 0 0 0 0 2 240 246 
4 1 0 0 0 0 3 242 243 248 
1 1 0 0 0 0 3 243 250 254 
4 0 7 0 0 0 2 245 254 
2 0 0 3 0 0 1 245 
2 1 0 0 0 0 2 245 246 
2 0 0 0 0 6 1 252 
1 0 4 0 0 0 3 247 249 250 
9 0 5 0 0 0 1 252 
5 0 0 0 0 5 1 249 
4 0 0 0 0 9 1 254 
7 0 2 0 0 0 1 252 
4 0 0 0 0 10 1 253 
8 0 0 0 0 8 1 255 
7 1 0 0 0 0 1 255 
4 0 0 0 0 8 1 255 
1 0 0 0 0 0 0 
1 0 0 0 0 0 3 257 258 259 
3 0 0 0 0 3 3 265 270 271 
2 0 10 0 0 0 3 262 266 271 
8 0 0 7 7 0 3 260 261 285 
4 0 2 0 9 6 3 269 273 274 
3 0 0 0 8 0 3 263 267 270 
4 0 0 5 0 0 3 264 268 272 
1 0 9 0 0 0 3 264 272 275 
5 0 0 0 3 0 3 269 279 280 
3 0 4 0 8 0 3 269 274 275 
4 0 2 0 4 4 3 268 277 278 
2 0 5 3 2 2 3 275 276 281 
8 0 0 10 1 0 3 270 273 285 
10 0 5 9 0 9 1 277 
3 0 0 4 0 5 3 274 282 286 
9 0 2 3 0 0 1 278 
2 0 0 0 0 3 3 273 276 277 
2 0 1 0 0 0 2 279 283 
7 1 0 0 0 0 2 276 281 
10 0 0 0 10 0 3 280 283 286 
6 1 0 0 0 0 1 279 
4 1 0 0 0 0 2 281 282 
9 1 0 0 0 0 3 280 285 286 
10 0 6 0 0 2 1 284 
8 0 0 0 2 1 1 282 
3 1 0 0 0 0 1 283 
2 0 3 5 1 10 1 284 
5 0 0 4 0 5 1 284 
9 0 8 2 0 0 1 287 
8 0 10 10 10 7 1 287 
4 1 0 0 0 0 1 287 
1 0 0 0 0 0 0 
1 0 0 0 0 0 3 289 290 291 
6 0 1 8 10 9 3 292 295 296 
6 0 1 1 5 4 3 293 298 306 
9 0 8 8 8 3 3 305 311 318 
6 0 1 7 7 7 3 294 305 318 
5 0 3 8 5 2 1 297 
1 1 0 0 0 0 1 306 
9 0 5 1 9 9 3 300 307 316 
8 0 5 1 9 4 3 300 301 303 
3 0 10 6 1 2 2 299 310 
9 0 2 7 7 6 3 305 311 312 
3 0 10 8 4 3 3 300 301 302 
3 1 0 0 0 0 2 304 312 
3 0 2 3 9 10 1 317 
7 1 0 0 0 0 3 308 313 314 
3 0 6 2 1 3 2 306 313 
6 0 8 7 4 2 3 309 311 314 
1 0 9 9 6 10 1 316 
4 1 0 0 0 0 1 309 
9 1 0 0 0 0 2 309 310 
8 0 5 9 10 6 1 312 
7 0 8 7 1 3 1 315 
3 0 3 8 10 10 1 314 
1 0 5 10 6 1 1 315 
1 0 2 3 6 7 1 315 
7 1 0 0 0 0 2 316 317 
3 0 8 2 3 9 1 318 
2 0 9 10 2 1 1 317 
8 0 6 4 1 8 1 319 
10 0 2 8 5 2 1 319 
7 0 10 4 2 7 1 319 
1 0 0 0 0 0 0 
1 0 0 0 0 0 3 321 322 323 
4 0 2 0 8 5 3 326 328 337 
2 0 0 10 3 10 3 329 330 334 
1 0 10 0 0 1 3 324 334 341 
2 0 9 10 8 9 3 325 333 345 
3 0 0 4 8 0 3 336 337 340 
9 0 5 9 7 0 3 327 332 333 
9 0 1 6 8 0 3 335 338 343 
3 0 0 4 0 3 3 329 334 345 
7 0 0 10 0 1 3 331 335 350 
10 0 8 9 2 2 3 331 335 339 
8 0 0 3 3 6 2 333 338 
4 0 4 9 8 0 3 338 341 342 
6 1 0 0 0 0 2 336 343 
3 0 1 5 3 2 2 336 344 
9 0 3 9 8 10 2 340 347 
6 0 8 1 10 6 2 342 348 
8 0 3 1 5 4 2 344 350 
4 0 0 0 4 9 2 340 347 
3 0 6 1 6 7 3 341 342 345 
4 0 10 0 6 0 2 346 349 
5 1 0 0 0 0 2 343 346 
6 0 3 8 0 5 1 347 
7 0 3 0 4 5 2 344 348 
9 0 5 10 10 4 1 349 
5 0 0 8 4 9 2 346 350 
1 0 3 7 3 7 1 348 
4 0 0 0 2 3 1 349 
5 0 6 4 2 7 1 351 
5 0 1 7 6 0 1 351 
1 1 0 0 0 0 1 351 
1 0 0 0 0 0 0 
1 0 0 0 0 0 3 353 354 355 
3 0 0 0 9 0 2 361 382 
9 0 0 7 0 0 3 356 365 373 
4 0 9 0 0 2 2 357 358 
10 0 10 3 3 10 2 359 366 
9 0 0 0 8 4 2 360 370 
2 0 2 6 1 0 1 382 
4 0 8 0 8 4 3 362 367 368 
4 0 0 0 4 0 1 363 
10 0 0 0 8 0 2 364 370 
7 1 0 0 0 0 1 364 
7 1 0 0 0 0 2 365 377 
1 1 0 0 0 0 2 380 381 
6 0 0 10 8 0 1 379 
7 1 0 0 0 0 1 369 
1 1 0 0 0 0 1 371 
1 0 3 0 0 0 2 370 372 
4 0 10 6 1 0 1 382 
6 1 0 0 0 0 1 380 
6 1 0 0 0 0 1 381 
5 0 6 0 4 0 1 374 
6 0 5 0 0 0 2 375 378 
6 1 0 0 0 0 2 375 377 
10 0 0 8 0 5 1 376 
4 0 0 4 0 9 2 379 380 
7 0 9 0 5 0 1 378 
3 0 0 9 0 5 1 379 
6 0 2 8 3 8 1 381 
9 0 0 0 0 7 1 383 
1 0 0 0 0 4 1 383 
10 0 5 0 0 7 1 383 
1 0 0 0 0 0 0 
1 0 0 0 0 0 3 385 386 387 
5 0 5 0 8 6 3 388 395 407 
3 0 7 8 0 9 3 389 391 398 
6 0 5 3 2 1 1 396 
2 0 3 3 0 8 1 402 
2 0 0 4 0 3 3 390 392 406 
9 0 4 8 8 8 3 393 399 408 
8 0 3 0 0 8 3 402 408 410 
8 0 8 1 3 0 1 394 
10 0 0 6 10 3 2 397 403 
7 0 4 0 6 4 2 402 404 
4 0 8 0 9 10 2 400 414 
1 0 10 0 7 2 2 398 403 
5 1 0 0 0 0 1 409 
8 0 7 0 8 2 3 399 406 410 
5 0 2 0 0 0 2 405 411 
4 0 10 7 0 3 1 401 
6 0 1 9 0 6 2 405 411 
4 0 6 2 0 7 2 403 405 
5 1 0 0 0 0 1 413 
10 0 10 6 4 2 3 407 409 410 
8 1 0 0 0 0 1 412 
7 0 5 4 10 2 2 407 409 
6 1 0 0 0 0 1 408 
7 0 5 9 0 8 2 411 412 
3 1 0 0 0 0 2 413 414 
7 1 0 0 0 0 2 412 414 
9 0 10 4 0 0 1 413 
2 0 8 5 0 0 1 415 
7 0 1 2 0 10 1 415 
8 0 5 10 8 3 1 415 
1 0 0 0 0 0 0 
1 0 0 0 0 0 3 417 418 419 
3 0 8 0 0 9 3 422 423 426 
7 0 3 0 1 9 3 420 424 435 
6 0 10 7 6 9 3 428 430 431 
4 0 7 6 8 10 3 421 428 429 
6 0 10 4 7 0 2 427 437 
7 0 6 6 0 9 1 438 
9 0 0 8 3 7 2 425 440 
9 0 2 2 10 4 2 428 429 
3 0 1 9 3 8 3 434 436 446 
7 0 5 7 9 6 2 433 439 
8 0 0 0 2 10 1 432 
1 0 1 10 10 4 3 434 436 438 
5 0 1 7 4 1 2 438 439 
5 0 10 1 0 6 3 432 437 445 
5 0 5 6 7 6 2 434 443 
10 1 0 0 0 0 1 433 
5 0 0 0 2 8 1 440 
1 1 0 0 0 0 1 444 
10 0 0 5 0 1 3 442 443 445 
2 0 4 0 6 8 3 437 442 445 
7 0 3 4 0 0 1 444 
8 1 0 0 0 0 1 441 
4 0 10 3 9 0 1 446 
4 0 1 5 0 10 2 441 442 
9 0 0 8 0 4 1 443 
8 0 9 4 0 0 1 444 
5 0 1 6 0 3 1 446 
10 0 0 3 0 2 1 447 
4 1 0 0 0 0 1 447 
1 0 5 6 6 0 1 447 
1 0 0 0 0 0 0 
1 0 0 0 0 0 3 449 450 451 
6 0 6 0 0 0 3 452 457 464 
6 0 8 0 0 0 3 453 454 456 
4 0 7 0 0 0 3 455 460 477 
1 0 1 0 0 0 3 454 463 472 
9 0 7 0 0 0 3 461 465 467 
5 0 0 7 0 0 2 458 466 
7 0 0 0 4 0 3 458 462 467 
8 0 0 0 0 7 3 457 465 472 
10 0 1 0 0 0 3 459 471 477 
3 0 5 0 0 0 2 459 468 
10 1 0 0 0 0 3 461 469 470 
4 0 0 0 1 0 2 461 462 
4 1 0 0 0 0 2 473 475 
9 0 0 0 6 0 3 464 470 471 
8 0 1 0 0 0 3 465 467 470 
1 0 0 10 0 0 3 468 469 472 
1 0 0 0 5 0 3 466 471 476 
3 0 0 0 6 0 2 477 478 
3 0 0 0 0 5 3 468 469 474 
1 1 0 0 0 0 1 478 
1 0 4 0 0 0 1 475 
1 1 0 0 0 0 2 473 475 
3 1 0 0 0 0 1 474 
8 0 0 3 0 0 1 473 
9 0 0 0 0 8 2 474 476 
7 0 0 6 0 0 1 478 
4 0 0 0 5 0 1 476 
5 0 0 0 0 9 1 479 
10 1 0 0 0 0 1 479 
7 0 0 0 2 0 1 479 
1 0 0 0 0 0 0 
95.9 81 84 81 85.25 92.31 95.23 105 108.65 101.18 95.51 82.92 75.98 61.17 45 60.58 82.92 121.25 189.84 240.3 250.73 226.6 221.23 202 205 192.98 191.14 190.95 190 200.61 251.27 291.43 295.43 255.71 235.75 227.95 221.6 214.98 214.93 214.64 214.94 201.16 224.93 239.03 240.01 223.6 200 184.2 191 189.55 183.1 183.28 183.38 197.96 227.24 249.92 249.9 209.96 193.5 190 201.93 201.92 198.95 175 175.87 196.15 222.95 249 250 239.18 220.1 201.97 188.55 179.92 181.08 178.92 180.5 199.92 229.76 256.02 256.25 232.26 207.93 199.48 205.2 179.23 171.44 178.67 178.15 187.69 204.96 220.62 223.61 220.44 199.71 174.62 191.07 185.37 187.01 179.41 176.09 189.58 218.07 239.95 244.1 221.05 200.01 209.99 216.92 216.16 212.96 216.95 218.98 230 192.3 209.61 209.97 191.24 190.17 147.32 130.46 116.44 108.65 119.04 119.4 122.32 128.32 143.64 141.5 124.57 112.16 103.66 102.45 93.65 98.38 107.81 103.38 109.65 138.87 168.19 171.36 138.05 118.9 99.5 100.58 93.14 91.92 87.88 84.06 87.84 87.81 95.1 96.51 91.33 79.98 86.31 76.61 56.89 51.74 77.26 86.23 111.73 165.01 198.65 224.95 216.66 205.73 186.99 95.9 81 84 81 85.25 92.31 95.23 105 108.65 101.18 95.51 82.92 75.98 61.17 45 60.58 82.92 121.25 189.84 240.3 250.73 226.6 221.23 202 205 192.98 191.14 190.95 190 200.61 251.27 291.43 295.43 255.71 235.75 227.95 221.6 214.98 214.93 214.64 214.94 201.16 224.93 239.03 240.01 223.6 200 184.2 191 189.55 183.1 183.28 183.38 197.96 227.24 249.92 249.9 209.96 193.5 190 201.93 201.92 198.95 175 175.87 196.15 222.95 249 250 239.18 220.1 201.97 188.55 179.92 181.08 178.92 180.5 199.92 229.76 256.02 256.25 232.26 207.93 199.48 205.2 179.23 171.44 178.67 178.15 187.69 204.96 220.62 223.61 220.44 199.71 174.62 191.07 185.37 187.01 179.41 176.09 189.58 218.07 239.95 244.1 221.05 200.01 209.99 216.92 216.16 212.96 216.95 218.98 230 192.3 209.61 209.97 191.24 190.17 147.32 130.46 116.44 108.65 119.04 119.4 122.32 128.32 143.64 141.5 124.57 112.16 103.66 102.45 93.65 98.38 107.81 103.38 109.65 138.87 168.19 171.36 138.05 118.9 99.5 100.58 93.14 91.92 87.88 84.06 87.84 87.81 95.1 96.51 91.33 79.98 86.31 76.61 56.89 51.74 77.26 86.23 111.73 165.01 198.65 224.95 216.66 205.73 186.99 95.9 81 84 81 85.25 92.31 95.23 105 108.65 101.18 95.51 82.92 75.98 61.17 45 60.58 82.92 121.25 189.84 240.3 250.73 226.6 221.23 202 205 192.98 191.14 190.95 190 200.61 251.27 291.43 295.43 255.71 235.75 227.95 221.6 214.98 214.93 214.64 214.94 201.16 224.93 239.03 240.01 223.6 200 184.2 191 189.55 183.1 183.28 183.38 197.96 227.24 249.92 249.9 209.96 193.5 190 201.93 201.92 198.95 175 175.87 196.15 222.95 249 250 239.18 220.1 201.97 188.55 179.92 181.08 178.92 180.5 199.92 229.76 256.02 256.25 232.26 207.93 199.48 205.2 179.23 171.44 178.67 178.15 187.69 204.96 220.62 223.61 220.44 199.71 174.62 191.07 185.37 187.01 179.41 176.09 189.58 218.07 239.95 244.1 221.05 200.01 209.99 216.92 216.16 212.96 216.95 218.98 230 192.3 209.61 209.97 191.24 190.17 147.32 130.46 116.44 108.65 119.04 119.4 122.32 128.32 143.64 141.5 124.57 112.16 103.66 102.45 93.65 98.38 107.81 103.38 109.65 138.87 168.19 171.36 138.05 118.9 99.5 100.58 93.14 91.92 87.88 84.06 87.84 87.81 95.1 96.51 91.33 79.98 86.31 76.61 56.89 51.74 77.26 86.23 111.73 165.01 198.65 224.95 216.66 205.73 186.99 95.9 81 84 81 85.25 92.31 95.23 105 108.65 101.18 95.51 82.92 75.98 61.17 45 60.58 82.92 121.25 189.84 240.3 250.73 226.6 221.23 202 205 192.98 191.14 190.95 190 200.61 251.27 291.43 295.43 255.71 235.75 227.95 221.6 214.98 214.93 214.64 214.94 201.16 224.93 239.03 240.01 223.6 200 184.2 191 189.55 183.1 183.28 183.38 197.96 227.24 249.92 249.9 209.96 193.5 190 201.93 201.92 198.95 175 175.87 196.15 222.95 249 250 239.18 220.1 201.97 188.55 179.92 181.08 178.92 180.5 199.92 229.76 256.02 256.25 232.26 207.93 199.48 205.2 179.23 171.44 178.67 178.15 187.69 204.96 220.62 223.61 220.44 199.71 174.62 191.07 185.37 187.01 179.41 176.09 189.58 218.07 239.95 244.1 221.05 200.01 209.99 216.92 216.16 212.96 216.95 218.98 230 192.3 209.61 209.97 191.24 190.17 147.32 130.46 116.44 108.65 119.04 119.4 122.32 128.32 143.64 141.5 124.57 112.16 103.66 102.45 93.65 98.38 107.81 103.38 109.65 138.87 168.19 171.36 138.05 118.9 99.5 100.58 93.14 91.92 87.88 84.06 87.84 87.81 95.1 96.51 91.33 79.98 86.31 76.61 56.89 51.74 77.26 86.23 111.73 165.01 198.65 224.95 216.66 205.73 186.99 95.9 81 84 81 85.25 92.31 95.23 105 108.65 101.18 95.51 82.92 75.98 61.17 45 60.58 82.92 121.25 189.84 240.3 250.73 226.6 221.23 202 205 192.98 191.14 190.95 190 200.61 251.27 291.43 295.43 255.71 235.75 227.95 221.6 214.98 214.93 214.64 214.94 201.16 224.93 239.03 240.01 223.6 200 184.2 191 189.55 183.1 183.28 183.38 197.96 227.24 249.92 249.9 209.96 193.5 190 201.93 201.92 198.95 175 175.87 196.15 222.95 249 250 239.18 220.1 201.97 188.55 179.92 181.08 178.92 180.5 199.92 229.76 256.02 256.25 232.26 207.93 199.48 205.2 179.23 171.44 178.67 178.15 187.69 204.96 220.62 223.61 220.44 199.71 174.62 191.07 185.37 187.01 179.41 176.09 189.58 218.07 239.95 244.1 221.05 200.01 209.99 216.92 216.16 212.96 216.95 218.98 230 192.3 209.61 209.97 191.24 190.17 147.32 130.46 116.44 108.65 119.04 119.4 122.32 128.32 143.64 141.5 124.57 112.16 103.66 102.45 93.65 98.38 107.81 103.38 109.65 138.87 168.19 171.36 138.05 118.9 99.5 100.58 93.14 91.92 87.88 84.06 87.84 87.81 95.1 96.51 91.33 79.98 86.31 76.61 56.89 51.74 77.26 86.23 111.73 165.01 198.65 224.95 216.66 205.73 186.99 95.9 81 84 81 85.25 92.31 95.23 105 108.65 101.18 95.51 82.92 75.98 61.17 45 60.58 82.92 121.25 189.84 240.3 250.73 226.6 221.23 202 205 192.98 191.14 190.95 190 200.61 251.27 291.43 295.43 255.71 235.75 227.95 221.6 214.98 214.93 214.64 214.94 201.16 224.93 239.03 240.01 223.6 200 184.2 191 189.55 183.1 183.28 183.38 197.96 227.24 249.92 249.9 209.96 193.5 190 201.93 201.92 198.95 175 175.87 196.15 222.95 249 250 239.18 220.1 201.97 188.55 179.92 181.08 178.92 180.5 199.92 229.76 256.02 256.25 232.26 207.93 199.48 205.2 179.23 171.44 178.67 178.15 187.69 204.96 220.62 223.61 220.44 199.71 174.62 191.07 185.37 187.01 179.41 176.09 189.58 218.07 239.95 244.1 221.05 200.01 209.99 216.92 216.16 212.96 216.95 218.98 230 192.3 209.61 209.97 191.24 190.17 147.32 130.46 116.44 108.65 119.04 119.4 122.32 
