480 5
1 30 28 26 38 
1 0 0 0 0 0 3 1 2 3 
1 0 0 4 0 0 3 11 13 26 
3 0 9 0 0 0 3 4 17 18 
6 0 0 9 0 5 3 6 7 9 
8 0 1 0 0 2 3 5 6 8 
1 0 0 1 2 6 3 11 12 15 
10 1 0 0 0 0 3 20 22 29 
5 0 0 0 7 2 3 10 17 19 
10 0 7 10 10 10 3 9 11 19 
2 0 4 0 0 0 3 20 24 26 
3 0 4 0 0 1 3 13 14 30 
3 1 0 0 0 0 3 16 20 21 
1 1 0 0 0 0 3 19 22 26 
10 0 0 6 0 0 3 15 18 25 
3 0 5 0 0 1 3 15 16 18 
2 0 0 9 9 0 1 23 
10 1 0 0 0 0 2 23 25 
1 0 10 0 0 0 1 24 
6 1 0 0 0 0 2 21 22 
8 0 3 9 6 0 2 21 24 
2 1 0 0 0 0 1 27 
4 0 5 5 0 0 2 27 29 
9 0 2 0 7 0 1 23 
2 0 1 0 5 0 1 28 
4 1 0 0 0 0 2 25 30 
1 1 0 0 0 0 2 28 29 
7 1 0 0 0 0 2 27 30 
10 0 6 8 0 10 1 28 
9 0 2 0 0 8 1 31 
4 0 0 0 0 9 1 31 
6 0 0 0 1 8 1 31 
1 0 0 0 0 0 0 
1 0 0 0 0 0 3 33 34 35 
4 0 6 9 9 5 1 44 
6 0 5 6 2 3 3 39 52 58 
1 0 2 3 3 2 2 36 40 
9 0 2 10 4 5 3 37 52 57 
1 0 4 9 4 8 3 38 41 46 
9 0 10 9 3 3 2 44 47 
2 0 2 4 4 5 1 40 
4 0 5 4 4 6 2 45 53 
2 0 8 7 10 7 2 42 44 
2 0 9 7 1 9 2 43 48 
4 0 4 2 10 1 3 45 49 58 
7 1 0 0 0 0 2 50 53 
9 0 8 9 4 7 3 47 51 55 
2 0 7 9 4 6 2 53 54 
2 1 0 0 0 0 1 56 
3 1 0 0 0 0 3 49 50 54 
7 1 0 0 0 0 2 51 55 
3 0 4 7 6 3 1 58 
8 0 9 4 2 10 1 56 
7 0 3 4 2 7 1 61 
5 1 0 0 0 0 2 59 60 
2 1 0 0 0 0 2 56 61 
4 0 5 2 8 3 2 61 62 
9 0 5 8 9 3 1 62 
7 0 5 5 10 1 2 59 60 
2 0 9 5 10 1 2 59 60 
2 0 9 5 5 4 1 62 
2 0 6 6 9 7 1 63 
3 0 4 5 7 4 1 63 
6 0 1 7 9 10 1 63 
1 0 0 0 0 0 0 
1 0 0 0 0 0 3 65 66 67 
10 0 0 0 0 9 3 71 74 85 
3 0 10 8 10 6 3 68 72 73 
4 0 0 0 0 1 3 69 75 83 
9 0 7 6 0 0 3 70 76 82 
6 0 0 7 9 0 3 73 74 78 
4 0 10 0 2 6 3 77 84 94 
7 0 10 3 0 0 3 73 75 81 
2 1 0 0 0 0 3 78 83 89 
2 0 2 0 4 7 3 79 84 90 
4 0 6 2 7 0 3 82 87 88 
9 0 0 6 1 8 3 79 80 87 
7 0 5 0 0 0 3 78 79 81 
2 1 0 0 0 0 3 80 85 87 
3 1 0 0 0 0 3 80 91 93 
1 1 0 0 0 0 2 86 94 
1 0 5 0 1 4 1 92 
6 1 0 0 0 0 2 86 88 
6 0 6 7 0 10 3 84 86 90 
1 1 0 0 0 0 3 85 88 92 
2 0 0 10 0 10 1 89 
3 1 0 0 0 0 1 93 
8 1 0 0 0 0 1 89 
2 1 0 0 0 0 1 90 
3 1 0 0 0 0 1 94 
9 0 0 0 0 9 1 91 
5 1 0 0 0 0 2 91 93 
10 0 0 7 0 9 1 92 
9 0 3 0 0 0 1 95 
10 0 0 0 0 4 1 95 
5 0 4 0 9 0 1 95 
1 0 0 0 0 0 0 
1 0 0 0 0 0 3 97 98 99 
10 0 0 0 2 2 3 102 103 110 
3 0 5 7 10 7 2 104 111 
9 0 6 7 4 0 3 100 101 121 
2 0 3 5 0 1 1 102 
10 0 2 0 5 4 1 115 
4 0 6 8 1 9 3 105 106 109 
6 1 0 0 0 0 3 108 115 119 
3 0 10 0 7 8 3 109 116 117 
8 0 7 4 0 9 3 111 114 120 
6 0 0 8 5 0 2 107 112 
6 0 9 0 0 0 3 108 113 119 
2 1 0 0 0 0 2 124 126 
8 0 9 4 1 2 2 118 120 
3 1 0 0 0 0 1 125 
9 1 0 0 0 0 1 112 
6 0 3 5 2 0 3 113 117 118 
1 0 6 0 0 9 3 115 122 124 
2 1 0 0 0 0 3 118 123 125 
2 0 3 2 0 0 1 116 
6 0 7 9 6 3 1 126 
2 0 4 7 0 7 2 122 123 
7 0 3 2 7 10 1 119 
7 0 1 0 6 0 1 122 
4 1 0 0 0 0 1 123 
5 0 5 3 6 0 1 125 
2 0 2 4 5 2 1 126 
4 0 5 10 6 1 1 124 
3 0 1 0 4 0 1 127 
2 0 0 8 6 10 1 127 
5 0 4 9 9 0 1 127 
1 0 0 0 0 0 0 
1 0 0 0 0 0 3 129 130 131 
10 0 9 0 0 0 3 132 133 142 
8 0 9 4 10 0 3 134 140 145 
10 0 4 6 10 0 3 141 142 153 
2 1 0 0 0 0 3 135 138 140 
9 0 5 0 0 5 3 137 138 145 
9 0 0 10 6 0 3 136 138 141 
2 1 0 0 0 0 3 145 146 147 
9 0 0 0 4 7 2 139 142 
10 1 0 0 0 0 3 140 144 149 
10 0 3 3 0 0 3 147 154 155 
8 1 0 0 0 0 3 143 146 149 
9 0 0 5 6 0 2 148 150 
9 1 0 0 0 0 2 150 152 
3 0 0 0 8 0 1 143 
6 1 0 0 0 0 2 144 154 
6 0 7 0 6 2 3 148 151 157 
10 0 9 5 0 0 2 154 155 
9 0 0 0 10 4 3 148 151 153 
2 1 0 0 0 0 2 149 150 
4 0 0 0 0 5 2 152 155 
10 0 0 5 0 10 3 151 152 153 
1 0 3 2 1 4 2 157 158 
9 0 4 0 0 3 1 158 
5 0 0 0 5 5 1 156 
2 0 0 0 0 3 1 156 
8 0 0 7 0 0 1 157 
8 0 1 3 3 0 2 156 158 
1 0 4 2 0 0 1 159 
8 0 4 7 2 6 1 159 
1 0 0 10 4 7 1 159 
1 0 0 0 0 0 0 
1 0 0 0 0 0 3 161 162 163 
6 0 0 9 8 7 3 169 173 176 
10 0 10 1 7 0 3 165 168 178 
10 0 8 2 0 6 3 164 167 168 
5 0 0 7 8 0 3 166 170 176 
8 1 0 0 0 0 2 172 184 
3 0 6 2 0 1 2 172 182 
8 0 8 7 6 6 3 169 170 171 
10 0 6 8 2 5 3 174 176 180 
6 0 0 7 6 3 3 174 178 180 
7 0 0 2 10 10 3 175 181 182 
8 1 0 0 0 0 2 173 188 
5 0 8 5 10 0 3 173 174 180 
2 1 0 0 0 0 2 179 183 
6 1 0 0 0 0 3 177 186 188 
6 1 0 0 0 0 1 183 
9 1 0 0 0 0 3 179 182 188 
10 0 0 6 0 6 2 179 187 
4 1 0 0 0 0 3 181 184 187 
6 0 3 2 4 2 1 181 
10 0 5 4 3 9 1 183 
7 0 6 1 5 8 2 185 190 
7 0 0 0 3 8 2 184 186 
9 0 7 8 3 6 3 185 186 187 
3 0 1 9 10 0 1 185 
6 0 1 0 0 8 1 189 
5 0 1 5 10 7 2 189 190 
3 0 0 1 10 5 2 189 190 
10 0 9 9 0 1 1 191 
3 0 5 5 7 0 1 191 
10 0 0 0 0 5 1 191 
1 0 0 0 0 0 0 
1 0 0 0 0 0 3 193 194 195 
9 0 1 5 1 3 3 199 215 220 
10 0 7 5 8 7 3 202 203 208 
7 0 5 4 4 7 3 196 197 201 
2 0 10 10 10 1 3 200 214 216 
9 0 4 10 9 5 2 198 209 
8 0 8 6 6 7 3 205 206 218 
6 0 6 3 10 2 3 203 204 210 
4 0 4 3 10 2 2 211 212 
9 1 0 0 0 0 1 210 
2 0 1 8 2 9 3 207 209 211 
10 1 0 0 0 0 2 205 221 
7 0 6 7 8 1 2 211 212 
2 0 10 10 9 4 1 216 
8 1 0 0 0 0 1 213 
5 1 0 0 0 0 1 222 
6 0 2 5 8 7 2 218 220 
7 0 9 7 3 8 3 213 220 221 
10 0 5 5 3 4 3 212 214 216 
7 0 3 3 2 10 1 218 
9 0 8 10 6 8 2 213 217 
5 0 9 9 5 1 1 219 
4 0 10 6 4 1 1 222 
7 1 0 0 0 0 2 217 221 
3 0 4 3 9 8 1 217 
2 0 10 5 5 5 1 219 
7 0 10 7 4 10 1 219 
2 0 1 9 6 1 1 222 
9 0 5 8 7 6 1 223 
6 0 9 3 6 4 1 223 
8 0 5 3 4 3 1 223 
1 0 0 0 0 0 0 
1 0 0 0 0 0 3 225 226 227 
8 0 6 0 0 0 3 230 242 249 
7 0 10 0 4 6 3 228 232 250 
3 0 8 0 0 8 2 233 240 
7 0 0 10 5 3 3 229 231 246 
3 0 0 9 0 10 2 241 243 
9 0 0 0 0 4 1 244 
3 1 0 0 0 0 1 235 
9 0 0 6 0 0 1 236 
4 0 0 10 8 10 3 234 237 239 
3 0 7 0 0 8 2 245 249 
9 1 0 0 0 0 1 247 
4 1 0 0 0 0 1 238 
10 0 5 9 0 5 2 244 247 
7 0 1 2 0 7 1 247 
2 1 0 0 0 0 1 253 
8 0 10 0 1 7 1 252 
6 1 0 0 0 0 2 245 251 
1 1 0 0 0 0 1 244 
9 1 0 0 0 0 2 253 254 
2 0 0 8 4 8 1 245 
6 0 0 8 5 8 2 248 252 
3 1 0 0 0 0 1 251 
4 0 0 6 0 0 1 248 
10 0 0 0 0 5 1 254 
7 0 6 0 8 0 1 254 
1 0 8 0 3 4 1 253 
1 1 0 0 0 0 1 252 
9 0 0 0 6 0 1 255 
4 0 10 10 0 4 1 255 
1 0 0 0 0 7 1 255 
1 0 0 0 0 0 0 
1 0 0 0 0 0 3 257 258 259 
1 0 3 7 8 2 3 262 264 266 
7 0 10 8 8 3 3 260 261 263 
6 0 4 3 10 8 3 269 271 277 
5 1 0 0 0 0 3 276 277 280 
8 0 1 2 5 2 2 267 279 
7 0 4 3 5 7 3 265 269 270 
5 0 10 8 7 6 3 269 270 282 
9 0 5 6 10 1 2 267 278 
9 0 2 8 3 7 3 267 271 275 
3 0 8 1 8 7 2 268 272 
6 0 6 6 1 4 2 282 286 
10 0 2 2 7 7 3 273 274 278 
7 1 0 0 0 0 3 272 275 276 
9 0 8 3 2 3 3 271 272 275 
6 0 8 9 5 6 2 273 274 
6 1 0 0 0 0 3 273 280 281 
7 0 3 1 2 3 1 285 
3 0 2 5 8 5 2 276 283 
7 1 0 0 0 0 2 278 279 
9 0 6 3 5 7 2 279 284 
8 0 2 8 3 1 2 281 282 
5 0 2 2 2 3 2 280 283 
1 0 7 5 10 10 1 281 
9 0 6 7 2 1 2 284 286 
6 0 2 2 4 10 2 285 286 
2 0 9 9 9 6 2 283 285 
10 0 6 5 9 5 1 284 
3 0 8 6 2 8 1 287 
4 0 5 5 5 4 1 287 
9 0 9 3 6 4 1 287 
1 0 0 0 0 0 0 
1 0 0 0 0 0 3 289 290 291 
9 0 5 0 0 2 3 292 296 306 
4 0 0 5 0 9 3 297 300 301 
5 0 4 0 0 0 3 293 294 295 
7 0 3 2 7 0 1 293 
1 0 6 2 0 0 1 313 
3 0 0 0 0 3 1 315 
9 0 0 0 0 9 1 313 
8 0 7 0 5 3 3 298 301 304 
10 0 0 1 0 0 3 299 303 305 
6 0 0 4 4 9 2 302 318 
5 0 0 1 0 0 1 316 
10 0 0 0 9 0 2 310 311 
3 0 8 4 0 7 3 307 315 317 
6 1 0 0 0 0 1 309 
9 0 0 0 2 0 1 314 
3 0 0 0 0 5 2 315 318 
4 0 0 9 8 7 1 317 
10 0 0 2 1 0 1 308 
7 1 0 0 0 0 1 312 
10 1 0 0 0 0 1 313 
6 1 0 0 0 0 1 310 
7 0 4 9 5 2 1 314 
8 0 0 7 0 10 1 312 
1 1 0 0 0 0 1 314 
7 0 6 0 4 10 1 317 
3 0 9 0 8 0 1 316 
7 0 0 0 0 3 1 316 
8 0 0 5 5 0 1 319 
3 0 4 0 1 5 1 319 
3 0 2 0 0 3 1 319 
1 0 0 0 0 0 0 
1 0 0 0 0 0 3 321 322 323 
5 0 7 0 0 0 3 332 335 338 
3 0 6 0 0 0 3 324 326 331 
5 0 0 0 7 0 3 327 331 336 
3 0 0 0 1 0 3 325 333 343 
10 0 0 0 0 5 2 335 336 
5 0 0 0 0 9 3 330 334 336 
1 0 0 0 7 0 3 328 329 335 
4 0 0 0 0 5 3 330 334 343 
1 0 0 5 0 0 3 330 334 342 
1 0 0 0 0 1 2 332 341 
8 0 0 0 1 0 3 333 338 344 
8 0 0 0 0 8 2 337 345 
8 1 0 0 0 0 3 340 342 346 
7 0 0 0 6 0 3 341 344 349 
6 0 0 0 0 1 3 337 345 346 
5 1 0 0 0 0 3 337 338 345 
8 0 9 0 0 0 1 339 
1 1 0 0 0 0 3 340 342 349 
3 0 0 0 0 7 1 344 
2 0 0 0 6 0 2 341 348 
6 0 0 0 0 10 1 350 
3 0 0 0 0 2 2 347 350 
7 0 0 0 4 0 1 346 
1 0 0 0 4 0 1 347 
9 0 0 0 0 5 2 348 349 
9 0 1 0 0 0 2 347 350 
3 0 0 0 6 0 1 348 
10 0 0 1 0 0 1 351 
9 0 0 6 0 0 1 351 
5 0 0 0 0 4 1 351 
1 0 0 0 0 0 0 
1 0 0 0 0 0 3 353 354 355 
8 0 7 10 3 0 3 358 365 368 
3 0 8 6 1 2 3 356 357 371 
7 0 9 10 0 9 1 375 
2 0 10 0 0 8 1 369 
3 0 1 3 2 0 3 359 370 372 
6 0 1 10 3 9 1 361 
7 0 9 0 3 0 2 360 367 
9 0 2 3 0 0 2 363 375 
9 0 7 10 5 10 1 362 
3 1 0 0 0 0 2 364 366 
1 0 0 4 7 3 1 365 
2 0 0 1 4 8 2 372 373 
5 1 0 0 0 0 2 376 382 
2 1 0 0 0 0 2 377 378 
5 0 7 3 6 0 1 380 
9 0 2 3 8 4 1 372 
3 0 5 9 4 6 1 380 
2 0 8 1 7 0 1 376 
3 0 4 2 6 0 1 375 
3 1 0 0 0 0 1 379 
8 1 0 0 0 0 1 374 
9 0 1 7 10 4 3 376 378 382 
4 0 9 3 0 1 2 377 382 
7 0 0 8 0 0 1 381 
3 1 0 0 0 0 1 379 
9 0 3 1 7 0 1 379 
9 0 8 7 6 5 1 380 
4 0 0 2 2 7 1 383 
5 0 0 9 8 4 1 383 
2 0 9 9 0 0 1 383 
1 0 0 0 0 0 0 
1 0 0 0 0 0 3 385 386 387 
10 0 7 9 0 10 3 389 392 396 
5 0 0 1 8 0 2 388 391 
7 0 8 5 7 1 2 393 399 
5 0 1 8 0 0 3 390 398 407 
4 0 9 10 9 6 1 412 
6 0 4 0 2 2 3 395 402 410 
2 0 10 3 9 5 3 395 397 412 
2 0 0 0 1 3 3 394 402 403 
5 0 9 1 4 0 3 394 400 401 
9 1 0 0 0 0 2 405 410 
1 1 0 0 0 0 1 399 
8 0 9 0 6 8 3 401 405 408 
6 0 5 5 9 0 3 399 402 406 
10 0 7 0 3 8 1 414 
9 0 2 10 4 2 2 405 408 
4 0 0 7 4 8 3 404 409 413 
8 1 0 0 0 0 1 409 
4 1 0 0 0 0 1 411 
1 1 0 0 0 0 3 404 407 408 
6 0 10 2 2 8 1 406 
1 0 7 9 9 5 1 411 
4 1 0 0 0 0 1 410 
6 1 0 0 0 0 1 409 
3 0 10 10 0 0 1 411 
10 0 2 3 1 5 2 412 414 
6 0 9 0 6 9 1 414 
5 0 4 0 8 3 1 413 
5 0 9 7 6 0 1 415 
1 0 0 1 1 0 1 415 
3 0 5 2 0 1 1 415 
1 0 0 0 0 0 0 
1 0 0 0 0 0 3 417 418 419 
2 0 3 5 1 1 2 421 443 
8 0 7 2 10 6 3 423 425 426 
2 0 8 1 5 2 2 420 427 
1 0 5 9 9 2 1 431 
10 0 9 6 1 8 2 422 434 
7 0 1 7 5 9 1 424 
7 1 0 0 0 0 1 439 
7 1 0 0 0 0 2 428 437 
7 0 5 1 6 3 3 429 432 433 
4 1 0 0 0 0 1 435 
6 0 6 7 10 6 3 430 435 436 
4 0 10 9 2 10 1 440 
1 0 10 8 4 9 1 444 
7 0 3 7 9 4 2 432 437 
10 0 10 10 8 3 1 437 
2 0 8 1 8 1 2 441 446 
8 0 5 5 3 9 2 444 445 
1 0 5 9 8 3 2 438 441 
5 1 0 0 0 0 1 442 
5 0 8 4 10 8 2 438 439 
2 0 7 9 1 3 1 440 
3 1 0 0 0 0 1 445 
9 0 5 2 6 5 1 445 
10 0 4 7 1 7 1 446 
10 1 0 0 0 0 1 442 
7 0 7 6 7 10 1 444 
1 0 5 6 5 6 1 446 
4 0 1 7 3 4 1 447 
7 0 8 6 5 10 1 447 
3 0 6 1 5 9 1 447 
1 0 0 0 0 0 0 
1 0 0 0 0 0 3 449 450 451 
8 0 9 10 7 4 3 456 457 462 
7 0 9 3 4 6 3 455 461 472 
9 0 1 7 2 5 3 452 453 458 
7 0 5 4 5 2 3 459 462 465 
5 0 7 5 10 5 3 454 455 472 
10 0 3 5 10 2 3 456 461 465 
5 0 8 8 9 9 3 460 463 468 
7 1 0 0 0 0 3 460 467 468 
8 0 1 10 5 10 3 460 463 465 
10 0 7 6 5 2 3 463 466 470 
7 0 10 7 3 5 3 468 472 474 
5 1 0 0 0 0 2 464 476 
8 0 7 1 8 10 2 475 478 
7 1 0 0 0 0 3 466 469 470 
8 0 3 4 2 5 1 467 
8 1 0 0 0 0 3 466 471 473 
8 0 9 9 3 9 2 469 475 
7 0 5 6 6 10 1 474 
3 0 1 10 5 5 2 474 476 
7 0 5 7 7 2 2 469 470 
6 0 4 2 1 2 2 471 473 
9 0 7 7 10 8 3 471 473 476 
2 0 5 2 4 7 1 477 
2 0 5 3 6 9 2 477 478 
10 0 7 9 8 4 1 478 
3 0 9 1 1 2 1 475 
3 0 2 4 1 7 1 477 
4 0 4 6 10 10 1 479 
7 0 4 8 9 4 1 479 
1 0 9 6 7 9 1 479 
1 0 0 0 0 0 0 
112.49 102 94.3 91.94 93.31 105.13 121.38 132.61 134.27 117.95 105.28 95.88 90.08 84.3 83.02 89.59 100.22 113.79 134.8 165.49 175.85 178.3 162.77 133.7 124.41 115.63 105.25 100.33 98.83 111.52 123.26 125.45 120.95 105.1 95.44 88.23 75.8 73.72 81.19 90.01 101.41 110.01 132.49 170.01 179.38 133.62 131.53 103.18 98.47 91 90 82.09 83.67 85.28 102.32 118.08 120 112.16 120 135 200 192.74 193.59 185.63 117.5 113.2 106.19 125.46 142.55 154.32 130.23 115.5 106.37 98.73 95.38 93.94 93.64 95.93 107.53 122.51 119.1 104.69 95.44 107.43 95.01 106.4 100.58 95.01 93.99 102.03 111.86 130.78 140.32 144.29 135.04 117.72 101 96.36 92.46 92.68 92.38 97.89 111.61 112.49 102.6 85.07 79.71 76.54 73.95 69.9 74.87 79.17 85.6 96.43 112.34 136.65 137.45 123.36 100.53 84.52 84.85 61.69 29.15 19.93 16.42 13.69 19.21 22.6 29.95 17.41 4.63 0 -0.01 -0.13 -1.02 -0.1 -0.41 12.9 68.34 77.51 81.56 76.13 82.92 71.82 54.38 19.6 -0.35 -1.91 -1.77 -2.17 -3.43 -1.1 -1.76 -5.26 -8.26 -10.55 -12.24 -17.3 -22.01 -7.65 11.69 19.76 48.96 95.47 102.85 111.84 116.26 114.43 112.49 102 94.3 91.94 93.31 105.13 121.38 132.61 134.27 117.95 105.28 95.88 90.08 84.3 83.02 89.59 100.22 113.79 134.8 165.49 175.85 178.3 162.77 133.7 124.41 115.63 105.25 100.33 98.83 111.52 123.26 125.45 120.95 105.1 95.44 88.23 75.8 73.72 81.19 90.01 101.41 110.01 132.49 170.01 179.38 133.62 131.53 103.18 98.47 91 90 82.09 83.67 85.28 102.32 118.08 120 112.16 120 135 200 192.74 193.59 185.63 117.5 113.2 106.19 125.46 142.55 154.32 130.23 115.5 106.37 98.73 95.38 93.94 93.64 95.93 107.53 122.51 119.1 104.69 95.44 107.43 95.01 106.4 100.58 95.01 93.99 102.03 111.86 130.78 140.32 144.29 135.04 117.72 101 96.36 92.46 92.68 92.38 97.89 111.61 112.49 102.6 85.07 79.71 76.54 73.95 69.9 74.87 79.17 85.6 96.43 112.34 136.65 137.45 123.36 100.53 84.52 84.85 61.69 29.15 19.93 16.42 13.69 19.21 22.6 29.95 17.41 4.63 0 -0.01 -0.13 -1.02 -0.1 -0.41 12.9 68.34 77.51 81.56 76.13 82.92 71.82 54.38 19.6 -0.35 -1.91 -1.77 -2.17 -3.43 -1.1 -1.76 -5.26 -8.26 -10.55 -12.24 -17.3 -22.01 -7.65 11.69 19.76 48.96 95.47 102.85 111.84 116.26 114.43 112.49 102 94.3 91.94 93.31 105.13 121.38 132.61 134.27 117.95 105.28 95.88 90.08 84.3 83.02 89.59 100.22 113.79 134.8 165.49 175.85 178.3 162.77 133.7 124.41 115.63 105.25 100.33 98.83 111.52 123.26 125.45 120.95 105.1 95.44 88.23 75.8 73.72 81.19 90.01 101.41 110.01 132.49 170.01 179.38 133.62 131.53 103.18 98.47 91 90 82.09 83.67 85.28 102.32 118.08 120 112.16 120 135 200 192.74 193.59 185.63 117.5 113.2 106.19 125.46 142.55 154.32 130.23 115.5 106.37 98.73 95.38 93.94 93.64 95.93 107.53 122.51 119.1 104.69 95.44 107.43 95.01 106.4 100.58 95.01 93.99 102.03 111.86 130.78 140.32 144.29 135.04 117.72 101 96.36 92.46 92.68 92.38 97.89 111.61 112.49 102.6 85.07 79.71 76.54 73.95 69.9 74.87 79.17 85.6 96.43 112.34 136.65 137.45 123.36 100.53 84.52 84.85 61.69 29.15 19.93 16.42 13.69 19.21 22.6 29.95 17.41 4.63 0 -0.01 -0.13 -1.02 -0.1 -0.41 12.9 68.34 77.51 81.56 76.13 82.92 71.82 54.38 19.6 -0.35 -1.91 -1.77 -2.17 -3.43 -1.1 -1.76 -5.26 -8.26 -10.55 -12.24 -17.3 -22.01 -7.65 11.69 19.76 48.96 95.47 102.85 111.84 116.26 114.43 112.49 102 94.3 91.94 93.31 105.13 121.38 132.61 134.27 117.95 105.28 95.88 90.08 84.3 83.02 89.59 100.22 113.79 134.8 165.49 175.85 178.3 162.77 133.7 124.41 115.63 105.25 100.33 98.83 111.52 123.26 125.45 120.95 105.1 95.44 88.23 75.8 73.72 81.19 90.01 101.41 110.01 132.49 170.01 179.38 133.62 131.53 103.18 98.47 91 90 82.09 83.67 85.28 102.32 118.08 120 112.16 120 135 200 192.74 193.59 185.63 117.5 113.2 106.19 125.46 142.55 154.32 130.23 115.5 106.37 98.73 95.38 93.94 93.64 95.93 107.53 122.51 119.1 104.69 95.44 107.43 95.01 106.4 100.58 95.01 93.99 102.03 111.86 130.78 140.32 144.29 135.04 117.72 101 96.36 92.46 92.68 92.38 97.89 111.61 112.49 102.6 85.07 79.71 76.54 73.95 69.9 74.87 79.17 85.6 96.43 112.34 136.65 137.45 123.36 100.53 84.52 84.85 61.69 29.15 19.93 16.42 13.69 19.21 22.6 29.95 17.41 4.63 0 -0.01 -0.13 -1.02 -0.1 -0.41 12.9 68.34 77.51 81.56 76.13 82.92 71.82 54.38 19.6 -0.35 -1.91 -1.77 -2.17 -3.43 -1.1 -1.76 -5.26 -8.26 -10.55 -12.24 -17.3 -22.01 -7.65 11.69 19.76 48.96 95.47 102.85 111.84 116.26 114.43 112.49 102 94.3 91.94 93.31 105.13 121.38 132.61 134.27 117.95 105.28 95.88 90.08 84.3 83.02 89.59 100.22 113.79 134.8 165.49 175.85 178.3 162.77 133.7 124.41 115.63 105.25 100.33 98.83 111.52 123.26 125.45 120.95 105.1 95.44 88.23 75.8 73.72 81.19 90.01 101.41 110.01 132.49 170.01 179.38 133.62 131.53 103.18 98.47 91 90 82.09 83.67 85.28 102.32 118.08 120 112.16 120 135 200 192.74 193.59 185.63 117.5 113.2 106.19 125.46 142.55 154.32 130.23 115.5 106.37 98.73 95.38 93.94 93.64 95.93 107.53 122.51 119.1 104.69 95.44 107.43 95.01 106.4 100.58 95.01 93.99 102.03 111.86 130.78 140.32 144.29 135.04 117.72 101 96.36 92.46 92.68 92.38 97.89 111.61 112.49 102.6 85.07 79.71 76.54 73.95 69.9 74.87 79.17 85.6 96.43 112.34 136.65 137.45 123.36 100.53 84.52 84.85 61.69 29.15 19.93 16.42 13.69 19.21 22.6 29.95 17.41 4.63 0 -0.01 -0.13 -1.02 -0.1 -0.41 12.9 68.34 77.51 81.56 76.13 82.92 71.82 54.38 19.6 -0.35 -1.91 -1.77 -2.17 -3.43 -1.1 -1.76 -5.26 -8.26 -10.55 -12.24 -17.3 -22.01 -7.65 11.69 19.76 48.96 95.47 102.85 111.84 116.26 114.43 112.49 102 94.3 91.94 93.31 105.13 121.38 132.61 134.27 117.95 105.28 95.88 90.08 84.3 83.02 89.59 100.22 113.79 134.8 165.49 175.85 178.3 162.77 133.7 124.41 115.63 105.25 100.33 98.83 111.52 123.26 125.45 120.95 105.1 95.44 88.23 75.8 73.72 81.19 90.01 101.41 110.01 132.49 170.01 179.38 133.62 131.53 103.18 98.47 91 90 82.09 83.67 85.28 102.32 118.08 120 112.16 120 135 200 192.74 193.59 185.63 117.5 113.2 106.19 125.46 142.55 154.32 130.23 115.5 106.37 98.73 95.38 93.94 93.64 95.93 107.53 122.51 119.1 104.69 95.44 107.43 95.01 106.4 100.58 95.01 93.99 102.03 111.86 130.78 140.32 144.29 135.04 117.72 101 96.36 92.46 92.68 92.38 97.89 111.61 112.49 102.6 85.07 79.71 76.54 73.95 69.9 74.87 79.17 85.6 96.43 112.34 136.65 137.45 123.36 100.53 84.52 84.85 61.69 29.15 19.93 16.42 13.69 19.21 22.6 29.95 17.41 4.63 0 -0.01 -0.13 -1.02 -0.1 
