480 5
1 36 28 28 36 
1 0 0 0 0 0 3 1 2 3 
4 0 5 10 0 0 3 5 11 19 
10 0 8 0 0 0 2 4 15 
1 0 0 9 3 6 3 4 7 11 
10 0 9 0 5 0 3 6 10 17 
8 0 6 0 4 7 2 6 15 
2 0 8 0 0 10 3 9 22 25 
2 0 3 10 0 5 3 8 12 28 
3 0 0 0 0 8 1 14 
4 1 0 0 0 0 3 16 21 23 
4 0 0 7 0 0 3 12 13 23 
1 1 0 0 0 0 3 12 20 23 
3 0 3 6 0 0 3 16 24 25 
10 1 0 0 0 0 3 16 18 28 
7 0 0 0 0 4 3 15 17 18 
9 0 1 0 9 0 2 25 27 
6 1 0 0 0 0 2 27 30 
8 0 0 0 5 0 3 19 20 30 
6 1 0 0 0 0 3 19 20 26 
8 0 0 4 0 5 2 21 22 
2 1 0 0 0 0 2 21 22 
7 0 0 0 0 7 2 24 27 
5 0 9 1 0 5 1 24 
3 0 0 1 2 0 2 26 28 
7 0 3 1 0 7 1 29 
9 1 0 0 0 0 2 26 29 
7 0 0 4 6 8 1 30 
4 0 0 6 1 0 1 29 
8 0 5 0 0 6 1 31 
1 0 8 0 0 10 1 31 
10 0 8 0 8 4 1 31 
1 0 0 0 0 0 0 
1 0 0 0 0 0 3 33 34 35 
8 0 1 3 1 10 3 45 52 56 
6 0 6 9 2 1 1 47 
6 0 4 7 9 7 3 36 37 39 
5 0 4 1 1 10 3 38 42 44 
9 0 7 10 9 3 1 49 
5 0 4 8 2 9 2 41 43 
7 0 8 4 9 5 2 40 58 
3 0 3 2 4 4 1 56 
1 0 7 6 1 7 1 46 
6 0 5 5 5 8 1 48 
6 0 5 6 8 9 3 45 49 62 
8 0 1 5 2 7 1 51 
2 1 0 0 0 0 1 60 
2 1 0 0 0 0 1 59 
2 0 7 8 10 9 3 49 56 61 
4 0 9 5 10 3 3 50 53 54 
2 0 8 9 5 4 1 60 
9 1 0 0 0 0 2 52 61 
6 0 5 3 5 8 1 60 
6 0 2 1 2 10 1 58 
8 1 0 0 0 0 1 57 
5 1 0 0 0 0 1 55 
1 0 9 5 9 3 1 57 
4 1 0 0 0 0 1 62 
10 0 4 2 9 2 1 58 
5 0 1 9 6 7 1 59 
2 0 10 6 2 3 1 62 
6 0 2 7 3 10 1 63 
8 0 8 3 6 7 1 63 
8 0 3 1 6 9 1 63 
1 0 0 0 0 0 0 
1 0 0 0 0 0 3 65 66 67 
6 0 7 3 4 0 3 74 79 91 
3 0 7 5 9 0 3 68 73 74 
10 0 0 5 6 0 3 69 71 72 
6 0 2 4 0 7 1 83 
9 0 7 7 3 0 1 70 
2 0 7 6 9 0 1 76 
8 0 0 9 10 10 3 75 83 84 
6 0 0 0 1 3 3 78 80 84 
7 0 0 5 2 0 1 92 
3 0 8 1 7 3 1 90 
9 0 7 0 10 3 2 79 85 
10 0 9 2 0 5 1 77 
4 1 0 0 0 0 3 81 83 87 
5 0 0 0 9 0 2 82 86 
1 0 2 2 0 4 2 87 94 
3 0 2 1 3 1 2 85 86 
6 1 0 0 0 0 3 88 89 90 
4 1 0 0 0 0 3 85 87 88 
8 1 0 0 0 0 2 86 89 
4 1 0 0 0 0 1 88 
5 0 3 6 1 2 2 89 93 
5 0 4 4 0 8 1 94 
5 1 0 0 0 0 2 90 93 
5 1 0 0 0 0 2 91 93 
10 0 0 0 3 3 2 91 92 
2 1 0 0 0 0 1 92 
2 0 7 3 10 7 1 94 
9 0 5 10 0 4 1 95 
8 0 4 10 2 1 1 95 
9 0 1 8 8 7 1 95 
1 0 0 0 0 0 0 
1 0 0 0 0 0 3 97 98 99 
4 0 0 1 0 0 3 106 107 108 
10 0 0 0 0 3 3 102 109 114 
7 0 0 7 0 0 3 100 103 116 
6 0 0 0 0 8 3 101 105 111 
5 0 3 0 0 0 3 108 110 112 
4 0 0 0 0 6 3 103 107 113 
5 0 0 0 6 0 2 104 110 
1 1 0 0 0 0 2 120 123 
9 0 2 0 0 0 3 108 109 124 
4 0 1 0 0 0 3 109 114 119 
7 0 9 0 0 0 3 110 116 120 
6 1 0 0 0 0 2 113 125 
8 0 0 0 0 6 2 118 122 
5 1 0 0 0 0 3 115 117 119 
1 0 7 0 0 0 3 115 119 122 
10 0 0 0 7 0 3 113 115 117 
10 0 0 0 0 5 1 123 
9 0 0 0 0 5 2 116 120 
4 1 0 0 0 0 3 118 124 126 
10 1 0 0 0 0 1 117 
3 0 0 9 0 0 2 118 122 
8 0 6 0 0 0 1 121 
1 0 0 0 0 8 2 121 124 
2 1 0 0 0 0 2 121 126 
6 0 0 0 0 2 1 125 
4 0 0 5 0 0 2 123 125 
5 0 1 0 0 0 1 126 
3 1 0 0 0 0 1 127 
8 0 0 0 9 0 1 127 
8 0 0 1 0 0 1 127 
1 0 0 0 0 0 0 
1 0 0 0 0 0 3 129 130 131 
9 0 0 0 8 7 2 145 154 
3 0 5 6 0 6 3 133 138 151 
6 0 6 9 3 9 3 132 140 144 
8 0 7 0 10 6 3 135 136 137 
8 0 0 5 0 0 3 134 135 148 
7 0 0 0 0 3 3 139 142 150 
3 0 0 0 0 2 1 149 
7 0 0 4 0 0 2 142 151 
1 0 0 0 0 5 1 141 
10 0 8 0 9 9 2 143 158 
1 1 0 0 0 0 1 144 
7 0 0 0 8 7 1 146 
7 0 0 6 0 2 1 154 
7 1 0 0 0 0 1 143 
6 0 0 3 0 8 2 147 157 
9 0 3 0 0 6 1 149 
2 0 0 0 4 0 1 148 
7 1 0 0 0 0 1 153 
3 0 0 10 0 3 1 152 
3 1 0 0 0 0 1 149 
8 0 7 0 0 0 1 155 
9 0 0 9 6 0 1 158 
1 1 0 0 0 0 1 158 
1 0 0 0 2 4 1 156 
3 1 0 0 0 0 1 154 
10 0 0 10 0 2 1 156 
3 0 8 5 5 0 2 156 157 
6 0 1 0 0 8 1 159 
4 0 2 0 10 0 1 159 
3 0 9 3 6 1 1 159 
1 0 0 0 0 0 0 
1 0 0 0 0 0 3 161 162 163 
5 0 5 0 8 3 2 165 168 
4 0 6 7 8 0 1 170 
7 0 8 0 4 5 3 164 166 176 
3 1 0 0 0 0 3 167 172 181 
10 0 5 3 6 9 1 171 
4 0 1 8 1 8 3 169 178 187 
2 0 5 5 0 3 1 188 
7 0 2 3 0 0 3 172 177 179 
7 0 1 0 0 8 1 177 
3 0 5 9 0 6 2 175 190 
2 0 2 10 4 0 1 174 
4 1 0 0 0 0 2 173 178 
2 1 0 0 0 0 1 185 
2 0 0 1 0 2 1 183 
7 1 0 0 0 0 1 187 
5 1 0 0 0 0 1 180 
3 0 6 10 9 0 1 182 
6 0 5 6 0 8 1 186 
4 0 5 3 9 0 2 181 184 
6 0 8 8 10 8 2 185 186 
5 0 1 4 0 2 1 185 
7 0 0 0 10 2 2 186 189 
3 1 0 0 0 0 2 184 189 
2 0 0 10 8 4 1 190 
6 0 4 9 10 2 1 187 
1 0 1 7 3 2 1 188 
4 0 0 4 6 5 1 188 
4 0 5 0 8 0 1 191 
9 0 0 6 4 3 1 191 
1 0 0 5 1 6 1 191 
1 0 0 0 0 0 0 
1 0 0 0 0 0 3 193 194 195 
8 0 8 3 3 8 2 196 206 
2 0 2 10 0 5 3 197 200 202 
9 0 3 0 10 7 3 199 201 204 
5 0 2 2 0 0 3 197 202 208 
6 0 3 0 9 0 3 198 199 201 
3 0 10 10 0 6 3 203 205 213 
3 0 3 10 9 0 3 203 209 218 
6 0 10 1 6 0 3 206 213 214 
2 0 3 10 9 0 3 205 209 214 
5 0 4 0 1 5 3 210 216 217 
2 0 3 1 9 0 2 211 221 
4 0 1 4 5 0 3 206 207 219 
5 1 0 0 0 0 2 210 215 
8 0 6 3 8 0 3 212 221 222 
10 1 0 0 0 0 3 210 211 216 
7 1 0 0 0 0 3 209 211 215 
8 1 0 0 0 0 2 213 217 
3 1 0 0 0 0 2 212 218 
5 0 9 0 3 6 2 212 214 
10 0 5 7 0 3 1 220 
7 0 8 5 5 1 1 219 
5 0 0 0 9 0 1 217 
7 0 8 9 9 2 3 216 218 219 
8 0 0 4 0 6 1 221 
10 0 2 3 0 3 2 220 222 
2 0 5 4 7 0 1 220 
5 0 4 0 1 4 1 222 
5 0 6 6 2 5 1 223 
3 0 10 9 7 1 1 223 
2 0 5 5 4 6 1 223 
1 0 0 0 0 0 0 
1 0 0 0 0 0 3 225 226 227 
9 0 0 0 1 7 3 229 232 237 
8 0 0 1 0 0 3 230 231 233 
3 0 10 0 1 0 3 228 243 246 
9 0 0 0 1 6 2 233 241 
1 0 4 3 6 0 3 239 240 247 
5 0 6 0 0 0 1 234 
5 0 0 0 2 0 2 236 238 
4 0 0 0 0 4 2 249 253 
9 0 0 5 10 10 2 235 250 
10 0 1 0 10 2 3 236 251 252 
2 0 8 0 0 0 3 238 240 251 
1 1 0 0 0 0 3 241 246 248 
1 0 0 9 0 0 2 238 245 
8 1 0 0 0 0 2 242 244 
8 1 0 0 0 0 2 241 244 
7 1 0 0 0 0 1 244 
9 0 3 9 0 0 1 253 
4 0 4 8 0 7 1 247 
1 0 0 0 6 6 3 247 249 251 
9 0 0 9 6 8 1 254 
10 0 0 2 4 0 3 248 249 250 
4 1 0 0 0 0 1 253 
5 0 0 9 1 0 1 248 
5 0 0 0 0 8 1 254 
8 1 0 0 0 0 1 252 
2 0 8 0 4 4 1 252 
8 0 9 1 0 0 1 254 
9 0 4 6 7 0 1 255 
5 0 6 8 3 0 1 255 
3 0 5 7 0 10 1 255 
1 0 0 0 0 0 0 
1 0 0 0 0 0 3 257 258 259 
10 0 2 0 6 9 3 265 267 271 
4 0 6 0 8 0 3 261 273 279 
6 0 0 1 0 10 3 260 262 283 
8 0 6 0 0 0 2 266 270 
7 0 0 0 3 0 1 263 
10 0 9 0 5 0 2 264 274 
8 0 3 6 0 2 1 277 
3 0 2 0 3 0 1 278 
7 0 0 10 3 6 3 268 269 284 
5 0 4 0 0 0 2 275 285 
5 1 0 0 0 0 1 269 
9 0 1 0 7 6 3 272 275 281 
1 1 0 0 0 0 1 276 
9 0 1 0 4 8 1 282 
5 0 0 0 1 3 1 285 
4 0 10 8 0 0 1 276 
8 0 1 0 0 0 2 277 280 
8 1 0 0 0 0 1 284 
6 0 9 0 10 0 1 278 
4 0 0 1 0 0 1 280 
3 1 0 0 0 0 1 282 
4 0 0 6 0 0 1 279 
4 0 3 0 0 5 1 286 
2 0 0 0 8 0 2 283 285 
5 1 0 0 0 0 1 282 
7 1 0 0 0 0 1 286 
9 0 0 1 5 10 1 286 
1 0 0 0 10 2 1 287 
5 0 0 5 9 6 1 287 
9 0 4 0 8 0 1 287 
1 0 0 0 0 0 0 
1 0 0 0 0 0 3 289 290 291 
3 0 8 0 0 0 3 292 293 314 
10 0 5 0 0 0 3 310 313 314 
2 0 0 0 5 0 3 296 300 303 
5 0 9 0 0 0 3 295 298 300 
10 0 2 0 0 0 3 294 301 317 
1 0 6 0 0 0 3 299 306 309 
1 0 0 0 4 0 3 302 304 305 
10 0 7 0 0 0 3 297 299 309 
3 0 0 0 0 3 3 301 304 308 
9 0 1 0 0 0 3 299 301 302 
5 1 0 0 0 0 2 304 305 
10 0 0 0 0 8 3 302 308 312 
5 0 0 1 0 0 3 305 306 312 
4 1 0 0 0 0 3 306 309 311 
4 0 0 0 0 5 2 307 308 
6 1 0 0 0 0 2 312 313 
6 0 8 0 0 0 1 310 
6 1 0 0 0 0 1 318 
8 0 0 0 0 4 3 310 311 314 
1 1 0 0 0 0 2 311 317 
8 0 0 0 2 0 2 315 318 
8 0 0 0 0 7 1 315 
3 1 0 0 0 0 2 313 316 
4 0 0 6 0 0 1 315 
1 0 0 0 7 0 1 318 
9 0 0 0 3 0 2 316 317 
3 0 0 1 0 0 1 316 
5 0 0 0 0 3 1 319 
7 0 0 0 0 7 1 319 
2 0 0 0 8 0 1 319 
1 0 0 0 0 0 0 
1 0 0 0 0 0 3 321 322 323 
10 0 0 0 2 2 3 326 327 334 
3 0 5 7 10 7 2 328 335 
9 0 6 7 4 0 3 324 325 345 
2 0 3 5 0 1 1 326 
10 0 2 0 5 4 1 339 
4 0 6 8 1 9 3 329 330 333 
6 1 0 0 0 0 3 332 339 343 
3 0 10 0 7 8 3 333 340 341 
8 0 7 4 0 9 3 335 338 344 
6 0 0 8 5 0 2 331 336 
6 1 0 0 0 0 3 332 337 343 
2 1 0 0 0 0 2 348 350 
8 0 9 4 1 2 2 342 344 
3 1 0 0 0 0 1 349 
9 1 0 0 0 0 1 336 
6 0 3 5 2 0 3 337 341 342 
1 0 6 0 0 9 3 339 346 348 
2 1 0 0 0 0 3 342 347 349 
2 0 3 2 0 0 1 340 
6 0 7 9 6 3 1 350 
2 0 4 7 0 7 2 346 347 
7 0 3 2 7 10 1 343 
7 0 1 0 6 0 1 346 
4 0 5 0 3 5 1 347 
5 0 5 3 6 0 1 349 
2 0 2 4 5 2 1 350 
4 0 5 10 6 1 1 348 
3 0 1 0 4 0 1 351 
2 0 0 8 6 10 1 351 
5 0 4 9 9 0 1 351 
1 0 0 0 0 0 0 
1 0 0 0 0 0 3 353 354 355 
5 0 0 9 8 0 3 359 364 367 
9 0 5 1 0 0 3 361 367 371 
1 0 0 0 0 3 3 356 357 358 
5 0 2 5 0 0 3 362 363 366 
5 0 0 3 0 2 3 360 361 369 
7 0 0 6 0 0 3 359 361 365 
5 0 0 6 0 0 3 370 373 382 
6 0 0 0 10 0 3 367 368 377 
2 0 0 9 3 0 3 366 370 379 
5 0 0 0 0 1 3 368 369 377 
7 0 0 1 0 3 2 364 374 
2 0 0 4 10 1 3 368 369 376 
2 0 4 0 0 4 3 370 372 373 
9 0 3 0 2 0 2 373 375 
10 1 0 0 0 0 2 375 379 
3 1 0 0 0 0 2 372 375 
6 1 0 0 0 0 2 380 381 
4 0 0 9 10 0 1 374 
10 0 0 0 0 10 2 372 376 
10 1 0 0 0 0 2 378 379 
1 1 0 0 0 0 1 374 
3 0 1 2 8 5 2 376 378 
1 0 1 0 6 0 2 378 382 
4 0 10 5 0 0 1 377 
5 0 1 0 9 0 1 381 
2 0 3 0 10 7 1 380 
8 0 2 0 5 5 3 380 381 382 
9 0 5 0 0 4 1 383 
5 0 3 7 2 0 1 383 
4 0 1 2 4 0 1 383 
1 0 0 0 0 0 0 
1 0 0 0 0 0 3 385 386 387 
5 0 5 0 8 6 3 388 395 407 
3 0 7 8 0 9 3 389 391 398 
6 0 5 3 2 1 1 396 
2 0 3 3 0 8 1 402 
2 0 0 4 0 3 3 390 392 406 
9 0 4 8 8 8 3 393 399 408 
8 0 3 0 0 8 3 402 408 410 
8 0 8 1 3 0 1 394 
10 0 0 6 10 3 2 397 403 
7 0 4 0 6 4 2 402 404 
4 0 8 0 9 10 2 400 414 
1 0 10 0 7 2 2 398 403 
5 1 0 0 0 0 1 409 
8 0 7 0 8 2 3 399 406 410 
5 0 2 0 0 0 2 405 411 
4 0 10 7 0 3 1 401 
6 0 1 9 0 6 2 405 411 
4 1 0 0 0 0 2 403 405 
5 0 1 9 6 6 1 413 
10 1 0 0 0 0 3 407 409 410 
8 1 0 0 0 0 1 412 
7 0 5 4 10 2 2 407 409 
6 1 0 0 0 0 1 408 
7 0 5 9 0 8 2 411 412 
3 0 7 2 1 3 2 413 414 
7 1 0 0 0 0 2 412 414 
9 0 10 4 0 0 1 413 
2 0 8 5 0 0 1 415 
7 0 1 2 0 10 1 415 
8 0 5 10 8 3 1 415 
1 0 0 0 0 0 0 
1 0 0 0 0 0 3 417 418 419 
10 0 0 9 0 0 2 430 431 
9 0 2 0 0 0 3 420 422 423 
3 0 0 6 0 0 1 421 
5 0 3 0 0 0 3 425 432 444 
5 0 0 0 4 0 3 424 425 429 
1 0 0 0 4 0 1 428 
1 0 0 7 0 0 2 424 427 
5 0 0 0 10 0 3 426 435 441 
5 0 0 5 0 0 1 431 
6 1 0 0 0 0 1 438 
4 0 6 0 0 0 3 428 430 432 
10 1 0 0 0 0 2 433 438 
4 0 0 4 0 0 3 435 437 442 
10 1 0 0 0 0 3 434 436 440 
1 1 0 0 0 0 2 440 446 
5 0 0 8 0 0 3 433 436 445 
4 0 0 5 0 0 1 435 
8 0 0 0 0 6 3 439 441 444 
3 0 0 0 5 0 1 446 
8 0 0 10 0 0 1 441 
4 0 0 6 0 0 2 439 443 
1 0 0 0 4 0 3 439 440 443 
4 0 0 0 1 0 1 445 
4 0 0 10 0 0 1 445 
1 0 0 8 0 0 1 446 
7 0 0 0 7 0 1 443 
4 0 0 0 0 6 1 444 
2 0 0 0 0 10 1 447 
1 0 0 4 0 0 1 447 
2 0 0 0 0 5 1 447 
1 0 0 0 0 0 0 
1 0 0 0 0 0 3 449 450 451 
4 0 5 0 0 0 2 456 468 
3 0 0 0 0 3 3 454 458 460 
10 0 7 0 0 1 3 452 453 464 
4 0 10 0 0 10 3 455 457 459 
9 0 3 2 7 4 3 463 465 468 
2 0 0 0 3 0 3 469 470 478 
8 0 0 8 1 0 3 463 465 473 
6 0 3 0 0 0 1 477 
8 0 10 0 9 7 1 461 
5 0 9 3 5 4 3 462 467 471 
1 0 0 2 9 0 2 462 466 
3 0 3 0 0 10 2 466 473 
3 0 0 1 0 2 3 471 474 478 
1 0 8 0 0 0 1 472 
5 1 0 0 0 0 2 466 469 
6 0 0 0 2 6 2 465 469 
8 1 0 0 0 0 1 467 
5 1 0 0 0 0 2 474 478 
7 1 0 0 0 0 1 475 
1 0 9 0 9 0 1 470 
4 1 0 0 0 0 2 472 476 
2 0 4 0 0 0 3 471 472 476 
3 1 0 0 0 0 1 473 
4 1 0 0 0 0 1 474 
3 1 0 0 0 0 1 475 
8 0 7 0 5 0 1 475 
5 0 0 1 10 7 1 477 
6 1 0 0 0 0 1 479 
10 0 10 0 7 7 1 479 
1 0 0 0 7 0 1 479 
1 0 0 0 0 0 0 
91.26 86.82 87 86.93 88 92.11 123.45 139.83 149.84 131.54 121.14 121.58 119.48 117.47 114.66 115.27 108.46 94.18 88.51 86.7 85.76 70.08 56.86 17.38 16.04 8.47 7.34 7.12 7.03 15.13 76.84 110 100 88.31 74.53 72.82 76.77 86.47 90.35 106.92 108.22 116.84 119.23 116.86 98.51 86.43 89.45 85.5 81.1 76.42 72.9 70.69 74.45 81.4 102.22 122.51 128.15 120.69 111.97 99.25 96.53 99.95 104.64 120 122.65 125 129.9 121.08 110.18 97.63 91.66 84.21 85.47 83.26 75.96 74.75 81.28 88.44 104.91 126.9 129.99 128.59 120.1 116.62 122.63 129.32 142.34 154.49 154.42 178.18 141.42 125.43 121.19 115 110.2 100.85 106 100 95.84 92.77 95.7 103.2 120.05 131.03 141.92 134.75 127.97 125.21 120 116.09 123.91 129.9 136.99 146.32 148.14 139.57 128.15 120 116.95 101.21 110.56 97.38 90.61 86.11 82.72 82.48 86.45 92.08 100.65 97.76 96.17 94.55 94.91 94.73 96.19 105.41 105.62 113.53 114.8 101.71 92.2 81.82 73.95 58.62 21.63 7.48 4.1 0.13 0.07 0.09 2.33 5.59 14.89 18.96 13.1 13.24 12.18 17.87 33.34 73.18 88.25 95.99 104.36 103.62 88.92 85.26 88.05 80.05 91.26 86.82 87 86.93 88 92.11 123.45 139.83 149.84 131.54 121.14 121.58 119.48 117.47 114.66 115.27 108.46 94.18 88.51 86.7 85.76 70.08 56.86 17.38 16.04 8.47 7.34 7.12 7.03 15.13 76.84 110 100 88.31 74.53 72.82 76.77 86.47 90.35 106.92 108.22 116.84 119.23 116.86 98.51 86.43 89.45 85.5 81.1 76.42 72.9 70.69 74.45 81.4 102.22 122.51 128.15 120.69 111.97 99.25 96.53 99.95 104.64 120 122.65 125 129.9 121.08 110.18 97.63 91.66 84.21 85.47 83.26 75.96 74.75 81.28 88.44 104.91 126.9 129.99 128.59 120.1 116.62 122.63 129.32 142.34 154.49 154.42 178.18 141.42 125.43 121.19 115 110.2 100.85 106 100 95.84 92.77 95.7 103.2 120.05 131.03 141.92 134.75 127.97 125.21 120 116.09 123.91 129.9 136.99 146.32 148.14 139.57 128.15 120 116.95 101.21 110.56 97.38 90.61 86.11 82.72 82.48 86.45 92.08 100.65 97.76 96.17 94.55 94.91 94.73 96.19 105.41 105.62 113.53 114.8 101.71 92.2 81.82 73.95 58.62 21.63 7.48 4.1 0.13 0.07 0.09 2.33 5.59 14.89 18.96 13.1 13.24 12.18 17.87 33.34 73.18 88.25 95.99 104.36 103.62 88.92 85.26 88.05 80.05 91.26 86.82 87 86.93 88 92.11 123.45 139.83 149.84 131.54 121.14 121.58 119.48 117.47 114.66 115.27 108.46 94.18 88.51 86.7 85.76 70.08 56.86 17.38 16.04 8.47 7.34 7.12 7.03 15.13 76.84 110 100 88.31 74.53 72.82 76.77 86.47 90.35 106.92 108.22 116.84 119.23 116.86 98.51 86.43 89.45 85.5 81.1 76.42 72.9 70.69 74.45 81.4 102.22 122.51 128.15 120.69 111.97 99.25 96.53 99.95 104.64 120 122.65 125 129.9 121.08 110.18 97.63 91.66 84.21 85.47 83.26 75.96 74.75 81.28 88.44 104.91 126.9 129.99 128.59 120.1 116.62 122.63 129.32 142.34 154.49 154.42 178.18 141.42 125.43 121.19 115 110.2 100.85 106 100 95.84 92.77 95.7 103.2 120.05 131.03 141.92 134.75 127.97 125.21 120 116.09 123.91 129.9 136.99 146.32 148.14 139.57 128.15 120 116.95 101.21 110.56 97.38 90.61 86.11 82.72 82.48 86.45 92.08 100.65 97.76 96.17 94.55 94.91 94.73 96.19 105.41 105.62 113.53 114.8 101.71 92.2 81.82 73.95 58.62 21.63 7.48 4.1 0.13 0.07 0.09 2.33 5.59 14.89 18.96 13.1 13.24 12.18 17.87 33.34 73.18 88.25 95.99 104.36 103.62 88.92 85.26 88.05 80.05 91.26 86.82 87 86.93 88 92.11 123.45 139.83 149.84 131.54 121.14 121.58 119.48 117.47 114.66 115.27 108.46 94.18 88.51 86.7 85.76 70.08 56.86 17.38 16.04 8.47 7.34 7.12 7.03 15.13 76.84 110 100 88.31 74.53 72.82 76.77 86.47 90.35 106.92 108.22 116.84 119.23 116.86 98.51 86.43 89.45 85.5 81.1 76.42 72.9 70.69 74.45 81.4 102.22 122.51 128.15 120.69 111.97 99.25 96.53 99.95 104.64 120 122.65 125 129.9 121.08 110.18 97.63 91.66 84.21 85.47 83.26 75.96 74.75 81.28 88.44 104.91 126.9 129.99 128.59 120.1 116.62 122.63 129.32 142.34 154.49 154.42 178.18 141.42 125.43 121.19 115 110.2 100.85 106 100 95.84 92.77 95.7 103.2 120.05 131.03 141.92 134.75 127.97 125.21 120 116.09 123.91 129.9 136.99 146.32 148.14 139.57 128.15 120 116.95 101.21 110.56 97.38 90.61 86.11 82.72 82.48 86.45 92.08 100.65 97.76 96.17 94.55 94.91 94.73 96.19 105.41 105.62 113.53 114.8 101.71 92.2 81.82 73.95 58.62 21.63 7.48 4.1 0.13 0.07 0.09 2.33 5.59 14.89 18.96 13.1 13.24 12.18 17.87 33.34 73.18 88.25 95.99 104.36 103.62 88.92 85.26 88.05 80.05 91.26 86.82 87 86.93 88 92.11 123.45 139.83 149.84 131.54 121.14 121.58 119.48 117.47 114.66 115.27 108.46 94.18 88.51 86.7 85.76 70.08 56.86 17.38 16.04 8.47 7.34 7.12 7.03 15.13 76.84 110 100 88.31 74.53 72.82 76.77 86.47 90.35 106.92 108.22 116.84 119.23 116.86 98.51 86.43 89.45 85.5 81.1 76.42 72.9 70.69 74.45 81.4 102.22 122.51 128.15 120.69 111.97 99.25 96.53 99.95 104.64 120 122.65 125 129.9 121.08 110.18 97.63 91.66 84.21 85.47 83.26 75.96 74.75 81.28 88.44 104.91 126.9 129.99 128.59 120.1 116.62 122.63 129.32 142.34 154.49 154.42 178.18 141.42 125.43 121.19 115 110.2 100.85 106 100 95.84 92.77 95.7 103.2 120.05 131.03 141.92 134.75 127.97 125.21 120 116.09 123.91 129.9 136.99 146.32 148.14 139.57 128.15 120 116.95 101.21 110.56 97.38 90.61 86.11 82.72 82.48 86.45 92.08 100.65 97.76 96.17 94.55 94.91 94.73 96.19 105.41 105.62 113.53 114.8 101.71 92.2 81.82 73.95 58.62 21.63 7.48 4.1 0.13 0.07 0.09 2.33 5.59 14.89 18.96 13.1 13.24 12.18 17.87 33.34 73.18 88.25 95.99 104.36 103.62 88.92 85.26 88.05 80.05 91.26 86.82 87 86.93 88 92.11 123.45 139.83 149.84 131.54 121.14 121.58 119.48 117.47 114.66 115.27 108.46 94.18 88.51 86.7 85.76 70.08 56.86 17.38 16.04 8.47 7.34 7.12 7.03 15.13 76.84 110 100 88.31 74.53 72.82 76.77 86.47 90.35 106.92 108.22 116.84 119.23 116.86 98.51 86.43 89.45 85.5 81.1 76.42 72.9 70.69 74.45 81.4 102.22 122.51 128.15 120.69 111.97 99.25 96.53 99.95 104.64 120 122.65 125 129.9 121.08 110.18 97.63 91.66 84.21 85.47 83.26 75.96 74.75 81.28 88.44 104.91 126.9 129.99 128.59 120.1 116.62 122.63 129.32 142.34 154.49 154.42 178.18 141.42 125.43 121.19 115 110.2 100.85 106 100 95.84 92.77 95.7 103.2 120.05 131.03 141.92 134.75 127.97 125.21 120 116.09 123.91 129.9 136.99 146.32 148.14 139.57 128.15 120 116.95 101.21 110.56 97.38 90.61 86.11 82.72 82.48 86.45 92.08 
