512 5
1 32 30 37 39 
1 0 0 0 0 0 3 1 2 3 
1 0 8 0 0 0 3 4 5 6 
3 0 0 0 0 6 2 12 22 
4 0 0 10 0 0 2 8 10 
7 0 4 0 0 0 3 9 14 19 
4 0 0 0 0 8 1 7 
3 0 2 0 0 0 1 30 
1 0 10 0 0 0 2 11 15 
2 0 0 0 0 9 1 12 
10 0 0 3 0 0 1 16 
8 0 0 1 0 0 2 11 14 
4 0 0 9 0 0 1 21 
8 0 0 8 0 0 1 13 
1 0 0 5 0 0 1 17 
3 0 0 0 0 8 1 28 
1 0 0 0 8 0 2 18 21 
6 0 0 0 0 7 1 22 
8 0 0 0 10 0 1 24 
10 0 0 10 0 0 2 20 23 
4 0 8 0 0 0 1 24 
8 0 4 0 0 0 2 25 26 
5 0 0 4 0 0 2 22 23 
9 1 0 0 0 0 1 30 
9 0 0 0 3 0 1 24 
10 0 0 0 0 10 2 25 27 
1 0 0 2 0 0 3 28 29 30 
6 1 0 0 0 0 1 27 
9 0 0 3 0 0 1 29 
7 0 0 0 0 5 1 31 
8 0 0 1 0 0 1 31 
10 0 0 0 4 0 1 31 
1 0 0 0 0 0 0 
1 0 0 0 0 0 3 33 34 35 
7 0 0 10 0 5 3 36 37 51 
9 0 10 5 5 5 1 49 
8 0 5 5 0 1 3 48 57 58 
9 0 0 10 4 4 3 38 40 43 
5 0 1 0 8 7 2 50 61 
9 0 8 4 10 0 1 39 
3 1 0 0 0 0 2 45 62 
2 0 10 5 6 7 2 41 42 
6 0 10 6 3 0 1 46 
2 0 0 3 2 0 1 60 
7 0 0 7 8 2 3 44 47 53 
3 1 0 0 0 0 1 54 
7 1 0 0 0 0 3 52 53 54 
6 0 5 0 0 5 1 48 
4 1 0 0 0 0 2 55 56 
1 0 6 8 0 5 1 59 
10 0 10 0 1 1 1 58 
10 1 0 0 0 0 1 62 
2 0 6 1 0 7 1 59 
8 0 10 10 7 0 1 56 
10 0 1 10 4 9 1 60 
6 0 0 1 8 5 1 60 
6 1 0 0 0 0 1 57 
10 0 0 0 0 10 1 58 
1 0 1 9 4 0 1 59 
3 0 0 8 0 10 1 61 
8 0 9 6 8 3 2 61 62 
6 0 7 1 1 1 1 63 
6 0 0 1 1 5 1 63 
9 0 4 6 10 9 1 63 
1 0 0 0 0 0 0 
1 0 0 0 0 0 3 65 66 67 
5 0 2 4 0 1 3 68 70 71 
6 0 0 1 3 0 3 74 76 80 
1 0 0 4 0 0 2 72 77 
10 0 0 10 8 3 3 69 79 84 
7 0 0 4 7 0 3 75 78 93 
8 0 0 2 0 6 3 73 75 78 
6 0 6 0 0 0 3 74 79 94 
10 0 0 5 8 1 3 85 87 94 
8 0 1 0 10 0 3 81 82 91 
7 0 10 0 0 0 3 77 81 82 
4 0 2 2 0 2 3 88 89 91 
1 0 9 0 0 10 3 77 78 83 
9 1 0 0 0 0 3 84 86 89 
5 1 0 0 0 0 2 88 91 
3 0 3 0 2 0 3 82 86 89 
4 0 4 6 0 0 3 81 84 86 
2 1 0 0 0 0 2 83 87 
6 1 0 0 0 0 2 83 90 
8 0 3 10 9 0 2 85 93 
3 0 3 0 2 0 2 85 90 
3 0 0 6 0 0 1 92 
3 1 0 0 0 0 2 87 90 
10 0 0 0 2 5 1 88 
10 0 0 3 0 0 1 92 
10 0 0 0 3 7 1 92 
8 0 5 0 2 0 1 93 
9 0 7 5 10 1 1 94 
3 0 0 0 7 6 1 95 
3 0 0 6 0 9 1 95 
10 0 0 0 8 0 1 95 
1 0 0 0 0 0 0 
1 0 0 0 0 0 3 97 98 99 
8 0 4 5 7 5 2 114 115 
7 0 2 3 4 3 3 100 104 110 
1 0 9 7 3 10 3 102 108 126 
10 0 2 10 6 8 3 101 105 121 
6 0 7 3 8 1 3 103 109 114 
5 0 5 4 6 3 2 115 124 
1 0 7 10 10 4 3 113 119 123 
1 0 6 2 4 2 3 106 107 111 
7 1 0 0 0 0 2 112 115 
9 0 5 2 1 7 3 108 113 114 
8 0 9 8 1 4 1 121 
10 1 0 0 0 0 1 109 
10 0 4 3 3 9 1 122 
10 0 2 1 7 3 1 112 
9 0 1 4 8 1 3 113 116 123 
1 0 8 3 5 10 3 117 124 126 
4 0 4 5 8 2 1 118 
1 0 5 7 5 7 2 120 125 
2 1 0 0 0 0 2 117 123 
8 0 5 4 8 10 3 117 120 121 
2 0 10 6 1 7 1 122 
3 0 2 6 5 8 1 126 
9 0 5 3 9 10 1 120 
5 0 8 10 7 2 1 124 
3 0 9 2 10 6 1 122 
2 0 1 6 6 8 1 125 
1 0 8 10 3 7 1 125 
2 0 7 1 1 4 1 127 
1 0 9 6 3 1 1 127 
1 0 1 2 4 2 1 127 
1 0 0 0 0 0 0 
1 0 0 0 0 0 3 129 130 131 
2 0 5 6 8 9 3 135 145 148 
10 0 6 9 1 7 3 138 142 150 
4 0 3 8 2 8 3 132 134 137 
5 0 3 8 6 9 2 133 150 
8 0 9 8 1 1 3 136 140 142 
9 0 8 1 10 5 3 141 143 147 
2 0 10 3 7 6 3 147 149 155 
1 1 0 0 0 0 3 138 146 151 
3 0 10 4 6 1 3 138 140 142 
1 0 8 9 10 1 3 139 141 155 
5 1 0 0 0 0 3 143 144 156 
8 0 5 10 10 8 3 143 146 151 
5 1 0 0 0 0 2 145 153 
6 1 0 0 0 0 3 144 146 155 
8 0 6 10 6 2 2 148 158 
9 1 0 0 0 0 3 145 147 152 
8 0 1 5 4 7 1 158 
2 0 1 7 5 4 3 148 152 153 
3 0 3 9 10 1 1 157 
8 0 1 10 4 8 1 154 
4 0 3 3 2 5 2 150 151 
1 1 0 0 0 0 2 153 154 
2 0 6 9 4 1 1 152 
5 0 9 8 2 2 1 154 
5 0 10 2 2 5 2 156 157 
3 0 10 5 4 7 1 157 
10 0 6 1 7 6 2 156 158 
6 0 8 8 6 5 1 159 
3 0 10 8 3 4 1 159 
6 0 7 3 2 6 1 159 
1 0 0 0 0 0 0 
1 0 0 0 0 0 3 161 162 163 
6 0 7 4 8 9 3 164 166 168 
7 0 3 4 7 5 3 170 172 187 
8 0 8 5 10 3 3 165 168 176 
6 0 4 4 8 5 3 165 167 172 
2 1 0 0 0 0 3 178 184 186 
2 0 4 10 8 7 2 169 183 
3 0 1 5 10 7 3 169 174 175 
8 1 0 0 0 0 3 180 187 189 
6 0 7 7 1 9 3 181 182 186 
6 0 7 2 1 6 3 171 175 176 
2 0 2 4 5 9 3 174 177 185 
7 0 2 4 6 5 3 173 175 185 
4 0 2 2 4 8 2 174 177 
6 0 2 8 3 1 2 178 179 
7 1 0 0 0 0 3 177 178 179 
2 1 0 0 0 0 2 179 183 
6 0 5 9 7 9 3 180 181 186 
2 0 4 2 1 3 1 183 
10 0 7 10 3 7 2 180 181 
5 0 4 2 8 3 1 190 
6 0 4 2 5 7 1 184 
9 0 3 2 3 7 3 184 185 187 
4 0 3 1 1 8 1 188 
4 0 4 7 7 2 2 188 189 
9 0 7 7 1 9 1 188 
9 0 8 6 3 6 2 189 190 
8 0 10 5 1 2 1 190 
7 0 4 6 10 5 1 191 
10 0 7 2 1 8 1 191 
6 0 2 1 3 3 1 191 
1 0 0 0 0 0 0 
1 0 0 0 0 0 3 193 194 195 
2 0 3 9 1 9 3 196 199 205 
4 0 8 8 3 10 3 199 213 222 
4 0 3 4 3 1 3 197 201 202 
1 0 1 7 6 4 3 197 198 203 
10 1 0 0 0 0 2 210 218 
10 0 7 5 7 10 3 206 207 214 
7 0 6 3 1 3 2 200 216 
2 0 1 8 7 6 3 207 208 215 
7 0 2 9 3 4 2 203 204 
2 0 8 5 3 3 3 208 211 218 
3 0 1 6 8 2 3 209 210 212 
4 0 1 9 10 7 3 206 209 211 
3 0 5 8 2 5 3 206 207 214 
3 0 3 10 4 9 3 208 210 212 
5 0 8 9 10 7 1 221 
6 0 9 8 8 5 1 220 
1 0 8 2 6 8 3 214 217 222 
9 1 0 0 0 0 3 213 216 222 
7 1 0 0 0 0 2 212 213 
4 0 5 3 4 10 3 215 216 220 
5 1 0 0 0 0 2 215 217 
5 1 0 0 0 0 2 218 219 
8 0 4 4 4 2 1 219 
4 0 4 10 7 8 2 217 219 
3 0 4 10 3 1 1 221 
8 0 10 10 7 1 1 220 
7 0 7 3 6 6 1 221 
9 0 5 1 10 7 1 223 
6 0 3 2 4 5 1 223 
2 0 7 3 2 8 1 223 
1 0 0 0 0 0 0 
1 0 0 0 0 0 3 225 226 227 
1 0 6 5 3 5 3 231 237 238 
6 0 2 9 9 5 3 228 229 234 
9 0 4 5 9 8 3 230 234 236 
6 0 7 6 8 6 3 232 241 249 
2 0 6 7 4 5 3 230 231 233 
5 0 7 1 4 1 2 253 254 
7 0 10 5 8 5 3 239 242 243 
2 0 3 5 4 10 3 242 243 254 
7 0 1 6 6 8 3 239 240 245 
4 0 7 1 5 2 3 235 237 245 
5 0 8 4 5 4 3 238 239 246 
3 0 10 2 9 10 3 238 242 248 
7 0 4 3 8 10 3 240 244 248 
8 0 4 10 2 10 2 240 243 
7 0 6 7 8 8 2 250 252 
5 1 0 0 0 0 3 241 247 249 
1 1 0 0 0 0 1 250 
5 0 10 3 10 9 3 244 245 247 
6 0 3 5 6 2 2 244 253 
9 0 5 8 8 7 1 252 
6 1 0 0 0 0 1 251 
2 1 0 0 0 0 3 247 248 249 
9 0 9 9 5 7 1 251 
6 1 0 0 0 0 1 252 
7 1 0 0 0 0 2 250 254 
9 0 5 3 4 6 1 251 
8 0 6 10 4 7 1 253 
7 0 8 6 8 4 1 255 
4 0 9 1 1 2 1 255 
9 0 8 4 3 6 1 255 
1 0 0 0 0 0 0 
1 0 0 0 0 0 3 257 258 259 
4 0 4 0 0 0 3 261 266 268 
7 0 8 0 0 0 3 260 262 271 
8 0 10 0 0 0 3 260 264 268 
5 0 0 0 0 8 3 267 269 276 
7 0 0 0 6 0 3 265 272 281 
5 0 0 0 0 1 3 263 268 278 
1 0 0 5 0 0 3 267 270 285 
1 0 0 0 0 1 3 269 271 274 
4 0 0 0 2 0 3 269 271 279 
10 0 2 0 0 0 3 267 281 282 
2 0 0 0 10 0 2 272 275 
8 0 3 0 0 0 3 270 272 279 
7 0 0 10 0 0 3 270 273 280 
1 1 0 0 0 0 2 277 284 
5 0 0 0 1 0 3 278 280 284 
2 0 0 0 6 0 1 277 
3 0 0 0 7 0 1 275 
1 0 3 0 0 0 3 276 280 281 
1 0 0 0 5 0 1 284 
7 1 0 0 0 0 3 277 278 279 
4 0 10 0 0 0 1 286 
7 0 7 0 0 0 2 283 286 
8 1 0 0 0 0 2 282 283 
7 0 0 0 10 0 2 282 285 
4 1 0 0 0 0 1 283 
7 0 6 0 0 0 1 286 
4 0 0 8 0 0 1 285 
5 0 0 5 0 0 1 287 
7 0 2 0 0 0 1 287 
7 0 0 0 6 0 1 287 
1 0 0 0 0 0 0 
1 0 0 0 0 0 3 289 290 291 
5 0 0 0 9 0 3 292 297 309 
1 0 0 0 0 4 3 303 305 313 
7 0 0 0 0 7 3 293 295 296 
6 0 0 0 0 10 3 293 294 296 
8 0 0 0 0 1 3 299 302 312 
6 0 0 7 0 0 3 300 304 306 
10 0 0 0 0 10 3 297 298 303 
2 0 0 0 0 8 3 299 304 306 
7 0 8 0 0 0 2 302 308 
6 0 9 0 0 0 3 301 306 312 
2 0 0 0 6 0 2 305 308 
3 0 0 0 0 5 3 308 310 312 
8 1 0 0 0 0 3 302 304 307 
4 1 0 0 0 0 3 310 311 316 
1 0 0 0 0 10 2 307 318 
4 0 0 9 0 0 3 305 315 316 
2 1 0 0 0 0 1 311 
2 0 6 0 0 0 2 310 311 
10 1 0 0 0 0 1 309 
6 1 0 0 0 0 2 313 314 
10 0 10 0 0 0 1 315 
8 0 0 0 8 0 2 314 317 
2 1 0 0 0 0 1 314 
8 1 0 0 0 0 3 313 315 316 
9 0 0 0 0 2 2 317 318 
10 0 0 8 0 0 1 318 
7 0 0 0 0 4 1 317 
3 1 0 0 0 0 1 319 
6 0 0 0 5 0 1 319 
8 0 0 0 1 0 1 319 
1 0 0 0 0 0 0 
1 0 0 0 0 0 3 321 322 323 
8 0 9 10 7 4 3 328 329 334 
7 0 9 3 4 6 3 327 333 344 
9 0 1 7 2 5 3 324 325 330 
7 0 5 4 5 2 3 331 334 337 
5 0 7 5 10 5 3 326 327 344 
10 0 3 5 10 2 3 328 333 337 
5 0 8 8 9 9 3 332 335 340 
7 0 6 10 10 3 3 332 339 340 
8 0 1 10 5 10 3 332 335 337 
10 0 7 6 5 2 3 335 338 342 
7 0 10 7 3 5 3 340 344 346 
5 0 7 8 4 8 2 336 348 
8 1 0 0 0 0 2 347 350 
7 1 0 0 0 0 3 338 341 342 
8 0 3 4 2 5 1 339 
8 1 0 0 0 0 3 338 343 345 
8 0 9 9 3 9 2 341 347 
7 0 5 6 6 10 1 346 
3 0 1 10 5 5 2 346 348 
7 1 0 0 0 0 2 341 342 
6 0 4 2 1 2 2 343 345 
9 0 7 7 10 8 3 343 345 348 
2 0 5 2 4 7 1 349 
2 0 5 3 6 9 2 349 350 
10 0 7 9 8 4 1 350 
3 0 9 1 1 2 1 347 
3 0 2 4 1 7 1 349 
4 0 4 6 10 10 1 351 
7 0 4 8 9 4 1 351 
1 0 9 6 7 9 1 351 
1 0 0 0 0 0 0 
1 0 0 0 0 0 3 353 354 355 
10 0 0 6 4 0 3 356 371 372 
2 0 6 0 6 0 3 357 358 361 
5 0 0 8 9 5 2 366 378 
7 0 2 0 7 3 3 362 373 379 
2 0 10 5 5 10 3 359 363 376 
7 0 0 0 3 3 2 364 365 
9 0 3 5 4 8 3 360 368 369 
6 1 0 0 0 0 1 381 
3 0 0 9 10 1 1 374 
9 0 0 10 1 10 1 377 
9 0 4 0 1 7 2 366 368 
4 0 7 0 6 1 3 367 370 380 
10 0 0 0 7 5 1 373 
5 1 0 0 0 0 1 375 
6 0 0 4 2 6 1 374 
5 0 2 0 5 10 1 382 
5 0 0 4 7 1 1 379 
7 1 0 0 0 0 1 377 
10 0 0 7 0 8 1 374 
6 1 0 0 0 0 1 379 
5 0 9 3 6 0 1 381 
4 0 1 9 0 1 1 376 
9 0 3 4 0 8 1 380 
1 0 8 0 8 6 1 382 
2 0 4 2 2 10 1 381 
2 0 3 5 7 10 1 380 
10 0 9 9 8 10 1 382 
8 0 10 9 5 4 1 383 
4 0 0 8 8 5 1 383 
3 0 0 4 2 10 1 383 
1 0 0 0 0 0 0 
1 0 0 0 0 0 3 385 386 387 
7 0 6 0 0 0 3 389 391 392 
10 0 0 8 0 0 3 390 394 401 
2 0 4 0 0 0 3 388 390 391 
3 0 5 0 0 0 3 404 405 407 
2 0 6 0 0 0 2 390 393 
1 0 0 0 0 10 2 395 397 
3 0 0 9 0 0 3 396 398 403 
5 0 9 0 0 0 3 393 395 397 
10 0 0 0 1 0 3 398 399 403 
9 0 0 0 0 3 2 397 407 
9 0 0 5 0 0 3 399 404 408 
3 0 0 0 2 0 3 400 402 404 
5 0 0 0 0 10 2 412 413 
1 0 0 0 0 8 1 400 
6 0 6 0 0 0 2 402 411 
6 1 0 0 0 0 3 401 407 411 
9 1 0 0 0 0 3 405 406 408 
5 1 0 0 0 0 2 406 410 
2 1 0 0 0 0 3 405 409 413 
9 1 0 0 0 0 3 406 409 411 
3 0 1 0 0 0 2 410 414 
5 0 0 0 4 0 1 413 
8 1 0 0 0 0 2 408 409 
2 0 0 0 6 0 1 412 
3 0 9 0 0 0 2 410 414 
10 0 0 0 10 0 1 412 
2 0 0 0 3 0 1 414 
8 0 0 0 0 5 1 415 
1 0 0 0 3 0 1 415 
9 0 0 0 0 6 1 415 
1 0 0 0 0 0 0 
1 0 0 0 0 0 3 417 418 419 
6 0 0 0 5 0 2 425 428 
6 0 6 0 6 3 3 420 421 422 
3 0 0 3 0 0 3 424 427 436 
5 0 0 0 4 0 3 426 434 435 
7 0 8 5 0 2 3 425 429 435 
3 0 0 0 9 3 2 423 431 
9 0 6 0 4 0 3 425 434 436 
8 0 10 4 0 0 3 431 433 434 
9 0 0 0 0 4 1 433 
7 0 0 3 0 5 3 427 428 432 
6 0 5 1 6 0 3 431 433 445 
9 0 10 0 0 7 3 430 437 445 
10 0 0 0 10 0 3 430 432 437 
9 0 0 7 5 0 3 436 438 446 
5 1 0 0 0 0 2 441 442 
8 0 2 0 10 6 2 439 440 
10 1 0 0 0 0 3 437 438 439 
9 0 0 0 7 0 3 438 439 440 
2 0 8 0 8 5 2 440 443 
10 0 10 9 8 0 2 441 443 
6 0 3 0 4 1 2 442 446 
2 0 1 0 4 0 3 441 442 443 
1 1 0 0 0 0 1 446 
3 1 0 0 0 0 1 445 
2 0 10 10 0 5 1 444 
3 0 0 0 10 7 1 444 
1 0 6 6 6 0 1 444 
9 0 0 1 0 0 1 447 
5 0 1 0 8 0 1 447 
2 0 3 0 0 10 1 447 
1 0 0 0 0 0 0 
1 0 0 0 0 0 3 449 450 451 
2 0 8 9 10 2 1 452 
5 0 1 4 8 9 2 454 458 
8 0 0 1 6 3 2 455 461 
3 0 6 1 0 8 2 453 456 
4 0 2 3 5 1 3 466 467 477 
1 0 9 0 10 3 2 463 464 
7 0 6 0 2 5 3 457 460 470 
2 0 5 7 5 0 1 474 
3 0 6 0 9 9 2 465 466 
3 0 7 7 3 0 2 459 478 
10 0 6 6 9 0 1 469 
7 0 10 2 3 0 3 462 469 472 
2 0 3 5 0 6 3 464 468 473 
8 0 0 4 7 9 1 468 
10 0 0 4 0 8 1 467 
9 0 7 4 0 6 1 467 
6 1 0 0 0 0 1 472 
6 0 6 0 10 8 1 478 
3 1 0 0 0 0 1 476 
3 1 0 0 0 0 2 471 475 
10 1 0 0 0 0 1 471 
7 1 0 0 0 0 1 474 
10 0 9 0 6 4 1 477 
9 0 0 0 2 7 1 475 
9 0 4 8 7 9 1 475 
7 1 0 0 0 0 1 477 
8 0 5 10 9 1 1 476 
2 0 0 3 0 8 1 479 
7 0 1 7 0 6 1 479 
5 0 9 1 4 2 1 479 
1 0 0 0 0 0 0 
1 0 0 0 0 0 3 481 482 483 
5 0 0 3 0 0 3 484 486 492 
1 0 7 0 0 0 1 490 
6 0 9 0 0 0 3 485 487 493 
8 0 0 0 1 0 2 490 495 
5 0 0 0 0 3 2 490 497 
1 0 8 0 0 0 3 488 495 498 
4 0 0 0 1 0 3 489 491 510 
10 0 0 0 9 0 1 499 
7 0 0 9 0 0 3 497 498 501 
3 0 6 0 0 0 1 504 
1 0 0 0 5 0 1 494 
10 0 0 0 8 0 3 500 505 506 
4 0 0 0 2 0 3 499 500 506 
4 0 0 7 0 0 1 499 
4 1 0 0 0 0 3 496 502 504 
5 1 0 0 0 0 1 503 
7 1 0 0 0 0 3 502 505 509 
3 1 0 0 0 0 1 503 
7 0 0 10 0 0 2 504 505 
3 0 1 0 0 0 3 501 507 510 
2 1 0 0 0 0 1 508 
4 0 3 0 0 0 1 503 
1 0 0 0 0 10 1 507 
1 0 9 0 0 0 1 509 
5 0 0 0 0 8 1 508 
9 1 0 0 0 0 3 507 509 510 
4 0 0 3 0 0 1 508 
6 0 5 0 0 0 1 511 
10 0 0 9 0 0 1 511 
2 0 0 5 0 0 1 511 
1 0 0 0 0 0 0 
123.42 120.3 121.43 115.35 122.79 155.66 200.17 217.33 214.2 186.86 164.72 147.08 172.37 185.35 207.32 229.17 238.23 268.92 244.66 226.75 165.88 204.16 174.71 130.93 132 118.29 112.81 103.64 112.81 155.3 232.88 242.89 269.38 248.68 221.26 236.01 232 241.33 245 250 272.53 270.39 263.52 297.31 264.97 174.32 182.69 115.26 96.18 88.34 79.15 75.99 100.5 90.92 153.39 212.04 218.65 193.99 235 245 246.29 232.15 218.73 245 265 265 255.22 244.38 176.25 135.4 110.33 64.91 46.86 13.36 3.93 4.15 9.88 28.59 66.55 111.09 110.07 175 197.55 197.76 185 172.39 185 163.92 170 243.08 252.31 229.96 217.82 205.62 193.69 114.12 136.93 110 113.36 113.36 110 170.23 230.56 267.05 264.15 240 260 258.5 244.16 238.04 243.35 236.74 253.67 244 220.84 217.1 180.06 167.98 136.33 121.16 155.67 157.23 158.5 152.6 143.85 149.96 157.57 191.65 205.7 215.07 198.84 209.56 202.52 200.39 213.34 227.11 243.39 281.98 287.29 260.7 240 232.33 219.51 204.67 193.53 176.14 182.72 176.92 170.47 175.88 180.08 194.19 200.03 215.03 212.03 217.99 210.05 198.85 205.15 224.6 241.95 267.37 273 266.44 244.9 215.1 212.03 162.7 123.42 120.3 121.43 115.35 122.79 155.66 200.17 217.33 214.2 186.86 164.72 147.08 172.37 185.35 207.32 229.17 238.23 268.92 244.66 226.75 165.88 204.16 174.71 130.93 132 118.29 112.81 103.64 112.81 155.3 232.88 242.89 269.38 248.68 221.26 236.01 232 241.33 245 250 272.53 270.39 263.52 297.31 264.97 174.32 182.69 115.26 96.18 88.34 79.15 75.99 100.5 90.92 153.39 212.04 218.65 193.99 235 245 246.29 232.15 218.73 245 265 265 255.22 244.38 176.25 135.4 110.33 64.91 46.86 13.36 3.93 4.15 9.88 28.59 66.55 111.09 110.07 175 197.55 197.76 185 172.39 185 163.92 170 243.08 252.31 229.96 217.82 205.62 193.69 114.12 136.93 110 113.36 113.36 110 170.23 230.56 267.05 264.15 240 260 258.5 244.16 238.04 243.35 236.74 253.67 244 220.84 217.1 180.06 167.98 136.33 121.16 155.67 157.23 158.5 152.6 143.85 149.96 157.57 191.65 205.7 215.07 198.84 209.56 202.52 200.39 213.34 227.11 243.39 281.98 287.29 260.7 240 232.33 219.51 204.67 193.53 176.14 182.72 176.92 170.47 175.88 180.08 194.19 200.03 215.03 212.03 217.99 210.05 198.85 205.15 224.6 241.95 267.37 273 266.44 244.9 215.1 212.03 162.7 123.42 120.3 121.43 115.35 122.79 155.66 200.17 217.33 214.2 186.86 164.72 147.08 172.37 185.35 207.32 229.17 238.23 268.92 244.66 226.75 165.88 204.16 174.71 130.93 132 118.29 112.81 103.64 112.81 155.3 232.88 242.89 269.38 248.68 221.26 236.01 232 241.33 245 250 272.53 270.39 263.52 297.31 264.97 174.32 182.69 115.26 96.18 88.34 79.15 75.99 100.5 90.92 153.39 212.04 218.65 193.99 235 245 246.29 232.15 218.73 245 265 265 255.22 244.38 176.25 135.4 110.33 64.91 46.86 13.36 3.93 4.15 9.88 28.59 66.55 111.09 110.07 175 197.55 197.76 185 172.39 185 163.92 170 243.08 252.31 229.96 217.82 205.62 193.69 114.12 136.93 110 113.36 113.36 110 170.23 230.56 267.05 264.15 240 260 258.5 244.16 238.04 243.35 236.74 253.67 244 220.84 217.1 180.06 167.98 136.33 121.16 155.67 157.23 158.5 152.6 143.85 149.96 157.57 191.65 205.7 215.07 198.84 209.56 202.52 200.39 213.34 227.11 243.39 281.98 287.29 260.7 240 232.33 219.51 204.67 193.53 176.14 182.72 176.92 170.47 175.88 180.08 194.19 200.03 215.03 212.03 217.99 210.05 198.85 205.15 224.6 241.95 267.37 273 266.44 244.9 215.1 212.03 162.7 123.42 120.3 121.43 115.35 122.79 155.66 200.17 217.33 214.2 186.86 164.72 147.08 172.37 185.35 207.32 229.17 238.23 268.92 244.66 226.75 165.88 204.16 174.71 130.93 132 118.29 112.81 103.64 112.81 155.3 232.88 242.89 269.38 248.68 221.26 236.01 232 241.33 245 250 272.53 270.39 263.52 297.31 264.97 174.32 182.69 115.26 96.18 88.34 79.15 75.99 100.5 90.92 153.39 212.04 218.65 193.99 235 245 246.29 232.15 218.73 245 265 265 255.22 244.38 176.25 135.4 110.33 64.91 46.86 13.36 3.93 4.15 9.88 28.59 66.55 111.09 110.07 175 197.55 197.76 185 172.39 185 163.92 170 243.08 252.31 229.96 217.82 205.62 193.69 114.12 136.93 110 113.36 113.36 110 170.23 230.56 267.05 264.15 240 260 258.5 244.16 238.04 243.35 236.74 253.67 244 220.84 217.1 180.06 167.98 136.33 121.16 155.67 157.23 158.5 152.6 143.85 149.96 157.57 191.65 205.7 215.07 198.84 209.56 202.52 200.39 213.34 227.11 243.39 281.98 287.29 260.7 240 232.33 219.51 204.67 193.53 176.14 182.72 176.92 170.47 175.88 180.08 194.19 200.03 215.03 212.03 217.99 210.05 198.85 205.15 224.6 241.95 267.37 273 266.44 244.9 215.1 212.03 162.7 123.42 120.3 121.43 115.35 122.79 155.66 200.17 217.33 214.2 186.86 164.72 147.08 172.37 185.35 207.32 229.17 238.23 268.92 244.66 226.75 165.88 204.16 174.71 130.93 132 118.29 112.81 103.64 112.81 155.3 232.88 242.89 269.38 248.68 221.26 236.01 232 241.33 245 250 272.53 270.39 263.52 297.31 264.97 174.32 182.69 115.26 96.18 88.34 79.15 75.99 100.5 90.92 153.39 212.04 218.65 193.99 235 245 246.29 232.15 218.73 245 265 265 255.22 244.38 176.25 135.4 110.33 64.91 46.86 13.36 3.93 4.15 9.88 28.59 66.55 111.09 110.07 175 197.55 197.76 185 172.39 185 163.92 170 243.08 252.31 229.96 217.82 205.62 193.69 114.12 136.93 110 113.36 113.36 110 170.23 230.56 267.05 264.15 240 260 258.5 244.16 238.04 243.35 236.74 253.67 244 220.84 217.1 180.06 167.98 136.33 121.16 155.67 157.23 158.5 152.6 143.85 149.96 157.57 191.65 205.7 215.07 198.84 209.56 202.52 200.39 213.34 227.11 243.39 281.98 287.29 260.7 240 232.33 219.51 204.67 193.53 176.14 182.72 176.92 170.47 175.88 180.08 194.19 200.03 215.03 212.03 217.99 210.05 198.85 205.15 224.6 241.95 267.37 273 266.44 244.9 215.1 212.03 162.7 123.42 120.3 121.43 115.35 122.79 155.66 200.17 217.33 214.2 186.86 164.72 147.08 172.37 185.35 207.32 229.17 238.23 268.92 244.66 226.75 165.88 204.16 174.71 130.93 132 118.29 112.81 103.64 112.81 155.3 232.88 242.89 269.38 248.68 221.26 236.01 232 241.33 245 250 272.53 270.39 263.52 297.31 264.97 174.32 182.69 115.26 96.18 88.34 79.15 75.99 100.5 90.92 153.39 212.04 
