512 5
1 40 40 38 38 
1 0 0 0 0 0 3 1 2 3 
9 0 0 10 4 8 3 5 6 9 
3 0 7 3 3 4 1 5 
1 0 10 7 5 10 3 4 8 19 
7 0 4 0 0 9 3 5 7 13 
7 0 6 10 0 3 1 10 
4 0 10 6 2 5 3 11 12 18 
3 0 5 4 10 3 1 16 
9 1 0 0 0 0 3 11 26 29 
1 0 6 2 10 2 2 21 29 
2 1 0 0 0 0 1 24 
2 0 2 7 7 0 2 25 27 
6 0 1 0 0 6 1 17 
1 0 5 9 0 9 2 14 15 
3 0 5 0 6 1 1 24 
6 0 1 6 7 0 1 29 
6 1 0 0 0 0 1 25 
9 0 3 6 0 1 1 20 
4 0 0 3 0 5 1 19 
3 1 0 0 0 0 2 22 28 
10 0 3 8 8 2 1 21 
6 0 10 7 4 1 2 23 30 
3 0 9 10 8 9 1 24 
4 0 8 10 0 0 1 25 
8 0 2 0 8 1 1 26 
1 0 0 9 5 9 1 28 
6 0 9 7 10 6 1 27 
7 0 7 0 0 1 1 30 
4 0 7 1 0 4 1 31 
3 0 7 6 0 1 1 31 
1 0 7 9 5 0 1 31 
1 0 0 0 0 0 0 
1 0 0 0 0 0 3 33 34 35 
9 0 4 0 0 0 3 36 38 52 
5 0 6 0 2 0 3 39 40 41 
6 0 5 0 10 1 2 46 52 
1 0 8 0 0 3 3 37 43 44 
9 0 2 0 0 8 3 42 47 60 
9 0 3 0 0 6 3 42 44 51 
3 0 5 0 2 3 2 45 52 
10 0 0 9 9 0 1 54 
5 0 6 5 0 0 1 42 
5 0 6 7 0 2 1 46 
1 0 0 8 9 0 2 45 46 
2 1 0 0 0 0 1 49 
7 0 0 0 0 7 3 48 56 57 
1 0 9 7 8 0 3 48 50 61 
6 1 0 0 0 0 3 50 51 59 
1 0 2 0 0 7 1 62 
8 1 0 0 0 0 3 53 54 58 
2 0 6 2 0 0 1 55 
1 0 0 10 8 0 1 57 
5 1 0 0 0 0 1 60 
9 0 0 0 8 0 2 55 57 
2 0 10 0 0 0 3 55 59 60 
6 0 0 0 5 2 1 62 
9 1 0 0 0 0 1 58 
2 0 0 2 1 3 2 61 62 
1 0 0 9 0 0 1 59 
3 0 0 0 8 0 1 61 
6 0 0 0 10 0 1 63 
7 0 1 3 6 8 1 63 
10 0 0 9 0 4 1 63 
1 0 0 0 0 0 0 
1 0 0 0 0 0 3 65 66 67 
10 0 0 0 0 8 2 72 76 
5 0 0 8 0 0 3 68 71 79 
2 0 3 0 0 0 1 69 
3 0 0 0 0 6 3 70 80 82 
5 0 8 0 0 0 3 75 77 89 
1 0 0 0 10 0 3 72 78 88 
8 0 0 0 0 7 2 73 76 
5 0 0 0 0 9 2 91 94 
9 0 8 0 0 0 3 74 84 94 
8 0 4 0 0 0 2 85 87 
3 0 4 0 0 0 2 85 90 
5 1 0 0 0 0 1 86 
10 0 0 5 0 0 3 81 82 91 
4 0 0 0 2 0 2 81 83 
3 0 9 0 0 0 3 80 81 87 
7 0 0 9 0 0 2 88 93 
2 0 0 0 1 0 2 84 92 
10 0 6 0 0 0 1 92 
7 0 0 0 3 0 2 89 91 
10 0 1 0 0 0 1 85 
4 0 0 8 0 0 1 93 
3 1 0 0 0 0 3 87 88 89 
9 0 0 2 0 0 1 90 
10 0 0 0 3 0 1 90 
8 0 2 0 0 0 1 94 
10 0 0 0 0 2 1 92 
1 1 0 0 0 0 1 93 
6 0 0 0 0 5 1 95 
3 0 0 0 0 9 1 95 
10 0 2 0 0 0 1 95 
1 0 0 0 0 0 0 
1 0 0 0 0 0 3 97 98 99 
1 0 9 5 1 9 3 100 105 123 
7 0 3 7 10 8 3 101 104 106 
1 0 7 4 10 4 3 102 106 119 
7 0 10 6 3 4 3 112 114 117 
7 0 1 7 3 3 3 103 110 117 
1 0 2 10 9 1 2 115 116 
7 0 10 9 10 8 3 115 118 120 
4 0 4 10 7 7 2 122 123 
4 0 4 4 9 9 2 108 119 
2 0 4 9 5 7 2 107 122 
1 0 8 2 4 9 1 113 
1 0 7 2 6 6 3 109 113 114 
6 0 9 2 10 3 1 111 
1 0 2 10 6 8 3 113 118 126 
7 0 1 10 2 3 1 120 
9 1 0 0 0 0 3 115 124 125 
3 1 0 0 0 0 1 116 
10 0 4 5 1 1 2 116 120 
3 0 9 5 2 4 1 126 
10 1 0 0 0 0 2 121 124 
8 1 0 0 0 0 1 126 
1 0 5 2 9 4 2 119 121 
6 1 0 0 0 0 1 122 
1 1 0 0 0 0 1 121 
3 0 4 5 7 5 1 125 
9 0 10 1 7 1 1 125 
8 0 7 5 7 3 1 124 
3 0 10 5 10 6 1 127 
6 0 9 5 8 8 1 127 
8 0 8 4 2 7 1 127 
1 0 0 0 0 0 0 
1 0 0 0 0 0 3 129 130 131 
6 0 0 1 9 2 3 134 136 147 
10 0 2 0 0 0 2 132 138 
8 0 0 0 5 8 3 137 147 149 
3 0 0 3 6 8 3 133 135 158 
1 0 10 0 0 0 2 143 151 
8 0 5 0 10 1 2 145 153 
10 0 2 0 3 0 3 139 141 143 
1 0 0 2 5 8 3 138 150 156 
9 0 4 0 0 0 1 139 
4 0 0 1 5 0 1 154 
10 0 0 1 10 9 3 140 142 150 
4 1 0 0 0 0 3 144 146 148 
9 1 0 0 0 0 1 144 
5 1 0 0 0 0 1 145 
3 0 9 0 2 0 3 144 146 149 
7 0 0 0 0 6 3 152 153 155 
9 0 0 4 5 5 2 148 155 
2 1 0 0 0 0 3 152 153 157 
6 0 9 0 0 0 1 150 
1 0 9 3 0 0 1 152 
1 1 0 0 0 0 1 154 
1 1 0 0 0 0 2 151 154 
3 0 0 8 3 0 1 155 
6 0 0 3 0 0 1 156 
9 0 7 0 0 0 1 156 
10 0 0 3 5 0 1 157 
5 0 0 1 2 0 1 157 
6 0 0 5 0 1 1 159 
9 0 8 0 0 1 1 159 
3 0 0 0 9 0 1 159 
1 0 0 0 0 0 0 
1 0 0 0 0 0 3 161 162 163 
2 0 3 2 6 6 3 164 165 169 
10 0 3 8 10 4 3 165 166 167 
8 0 10 9 7 7 3 164 173 174 
3 0 8 1 10 1 3 166 171 177 
10 0 6 8 0 0 3 168 170 171 
8 0 3 7 10 2 3 180 184 190 
6 0 4 0 4 0 3 168 178 187 
10 1 0 0 0 0 3 173 175 176 
9 0 4 4 0 0 2 172 189 
4 0 9 3 5 7 3 172 174 180 
9 1 0 0 0 0 3 175 180 181 
7 1 0 0 0 0 2 178 179 
5 1 0 0 0 0 3 179 181 182 
2 1 0 0 0 0 3 175 183 184 
8 0 0 4 1 0 3 179 182 186 
6 0 2 0 0 0 1 181 
7 0 3 3 5 10 3 178 183 184 
7 0 3 6 0 0 2 182 190 
2 0 6 1 10 6 2 188 190 
6 1 0 0 0 0 2 183 185 
3 0 0 1 0 3 1 186 
8 0 1 0 6 6 1 188 
7 0 4 7 0 4 3 186 187 188 
10 0 5 6 8 0 1 185 
5 0 2 0 9 6 1 187 
8 0 7 5 9 2 1 189 
10 0 9 3 0 3 1 189 
5 0 2 3 5 8 1 191 
2 0 10 7 3 7 1 191 
9 0 0 6 0 10 1 191 
1 0 0 0 0 0 0 
1 0 0 0 0 0 3 193 194 195 
5 0 2 2 3 4 3 198 200 204 
10 0 4 6 1 9 2 201 205 
5 0 10 4 1 3 3 196 197 202 
2 0 1 6 6 1 3 201 210 215 
3 0 9 4 9 1 3 200 204 212 
3 0 7 3 3 4 3 199 205 206 
3 0 5 10 8 10 3 209 211 222 
5 0 1 10 8 5 3 208 211 213 
8 0 8 9 5 8 3 214 218 219 
2 0 9 10 2 1 3 203 206 211 
3 0 8 5 1 3 3 207 210 217 
9 0 1 3 2 8 3 205 206 209 
9 0 1 1 9 3 3 213 215 222 
6 0 10 9 10 6 2 208 217 
3 0 3 6 7 2 3 209 212 213 
5 1 0 0 0 0 3 210 215 219 
5 1 0 0 0 0 2 216 221 
1 1 0 0 0 0 2 214 220 
2 1 0 0 0 0 3 217 218 219 
6 1 0 0 0 0 1 214 
9 0 2 10 7 2 1 216 
9 0 6 4 7 9 1 222 
4 1 0 0 0 0 2 216 221 
7 0 6 7 6 3 1 218 
6 0 4 10 5 8 1 220 
10 0 10 3 10 1 1 220 
10 0 1 3 7 1 1 221 
4 0 8 5 1 1 1 223 
7 0 9 1 3 10 1 223 
6 0 5 7 5 10 1 223 
1 0 0 0 0 0 0 
1 0 0 0 0 0 3 225 226 227 
9 0 0 10 4 8 3 229 230 233 
3 0 7 3 3 4 1 229 
1 0 10 7 5 10 3 228 232 243 
7 0 4 0 0 9 3 229 231 237 
7 0 6 10 0 3 1 234 
4 0 10 6 2 5 3 235 236 242 
3 0 5 4 10 3 1 240 
9 1 0 0 0 0 3 235 250 253 
1 0 6 2 10 2 2 245 253 
2 1 0 0 0 0 1 248 
2 0 2 7 7 0 2 249 251 
6 0 1 0 0 6 1 241 
1 0 5 9 0 9 2 238 239 
3 0 5 0 6 1 1 248 
6 0 1 6 7 0 1 253 
6 0 0 1 0 9 1 249 
9 1 0 0 0 0 1 244 
4 0 0 3 0 5 1 243 
3 1 0 0 0 0 2 246 252 
10 0 3 8 8 2 1 245 
6 0 10 7 4 1 2 247 254 
3 0 9 10 8 9 1 248 
4 0 8 10 0 0 1 249 
8 0 2 0 8 1 1 250 
1 0 0 9 5 9 1 252 
6 0 9 7 10 6 1 251 
7 0 7 0 0 1 1 254 
4 0 7 1 0 4 1 255 
3 0 7 6 0 1 1 255 
1 0 7 9 5 0 1 255 
1 0 0 0 0 0 0 
1 0 0 0 0 0 3 257 258 259 
8 0 10 0 0 0 3 264 272 280 
3 0 0 4 0 0 3 260 265 266 
6 0 0 5 0 0 3 263 270 274 
9 0 0 4 0 0 3 261 262 268 
8 0 0 0 6 0 1 270 
6 0 0 0 0 8 2 285 286 
4 0 0 0 0 5 2 267 269 
5 1 0 0 0 0 3 273 277 278 
4 0 0 0 0 1 2 267 269 
5 0 8 0 0 0 2 268 284 
7 0 10 0 0 0 1 282 
1 1 0 0 0 0 1 283 
10 0 0 8 0 0 1 271 
1 1 0 0 0 0 1 283 
5 0 0 0 0 3 1 273 
4 0 0 0 0 9 2 274 275 
10 0 0 0 10 0 1 276 
3 1 0 0 0 0 1 281 
5 0 0 0 5 0 1 281 
10 0 0 2 0 0 1 284 
1 0 0 0 5 0 1 282 
1 1 0 0 0 0 1 279 
3 1 0 0 0 0 1 282 
10 0 0 8 0 0 1 281 
1 0 0 0 0 3 1 283 
1 0 0 1 0 0 1 284 
7 0 0 0 5 0 1 286 
8 0 0 10 0 0 1 287 
9 0 0 0 7 0 1 287 
2 0 0 6 0 0 1 287 
1 0 0 0 0 0 0 
1 0 0 0 0 0 3 289 290 291 
10 0 4 6 6 3 3 292 293 295 
8 0 1 9 0 5 2 297 300 
4 0 3 5 4 0 2 304 316 
10 0 1 4 3 2 3 294 298 303 
7 0 10 0 3 5 1 300 
1 1 0 0 0 0 2 296 299 
3 0 2 2 0 0 2 305 309 
2 1 0 0 0 0 2 308 312 
5 0 4 1 9 5 2 306 310 
6 1 0 0 0 0 1 301 
9 0 1 5 0 3 1 313 
7 0 7 0 4 0 1 308 
5 1 0 0 0 0 2 302 315 
3 1 0 0 0 0 2 305 310 
3 0 4 10 6 0 1 305 
4 0 6 10 8 0 1 310 
5 0 2 8 2 8 1 314 
10 0 1 0 0 3 2 307 317 
9 0 10 8 0 4 1 316 
3 1 0 0 0 0 1 311 
1 0 4 5 2 0 3 313 314 318 
6 0 2 4 7 0 1 314 
1 1 0 0 0 0 1 316 
5 1 0 0 0 0 1 318 
1 1 0 0 0 0 1 317 
3 0 10 0 9 1 1 317 
7 0 5 5 7 3 1 318 
9 0 6 4 0 3 1 319 
10 0 3 7 10 0 1 319 
2 0 9 10 7 8 1 319 
1 0 0 0 0 0 0 
1 0 0 0 0 0 3 321 322 323 
5 0 8 2 4 9 3 325 326 335 
5 0 10 6 4 7 3 330 334 348 
10 0 8 10 10 9 3 324 327 329 
4 0 5 3 5 3 2 341 347 
4 0 6 6 10 9 3 328 334 348 
8 0 6 5 8 10 3 329 331 336 
1 0 7 9 2 1 3 330 340 341 
9 0 9 10 9 6 3 330 331 344 
1 0 1 8 7 1 3 337 338 339 
6 0 8 5 8 3 2 337 343 
2 0 6 4 4 8 1 332 
6 0 5 10 1 5 2 333 339 
10 1 0 0 0 0 3 338 340 343 
8 0 8 3 7 3 3 336 337 341 
1 0 4 9 10 10 3 336 343 348 
1 0 3 9 10 9 3 338 339 344 
1 0 8 1 1 2 2 342 346 
10 0 7 3 5 5 2 342 347 
4 1 0 0 0 0 2 340 342 
9 0 4 9 6 10 2 345 346 
2 0 5 3 9 1 3 344 345 350 
1 0 6 8 3 3 2 345 350 
9 0 1 8 8 1 1 346 
2 0 2 1 3 3 1 349 
3 0 6 4 8 3 1 349 
6 0 4 4 8 9 1 347 
8 0 8 6 8 9 2 349 350 
1 0 2 5 3 8 1 351 
4 0 9 8 4 3 1 351 
1 0 10 2 1 10 1 351 
1 0 0 0 0 0 0 
1 0 0 0 0 0 3 353 354 355 
10 0 1 2 5 3 3 356 363 367 
9 0 3 10 6 10 1 359 
6 0 2 2 4 7 3 357 364 373 
1 0 2 8 7 3 3 358 361 374 
1 0 9 7 5 4 3 360 365 372 
10 0 3 3 10 5 3 362 364 368 
7 0 8 5 10 6 3 360 365 367 
5 0 4 7 1 7 1 375 
4 0 6 3 9 5 2 370 376 
9 1 0 0 0 0 2 380 382 
10 0 9 5 3 1 1 374 
6 1 0 0 0 0 1 372 
4 0 9 9 3 8 3 366 371 377 
7 1 0 0 0 0 3 376 378 379 
7 0 10 2 9 3 2 377 382 
8 1 0 0 0 0 3 369 371 379 
1 0 2 5 2 10 3 372 378 381 
4 0 1 2 10 10 1 373 
4 0 10 9 9 4 2 375 381 
7 0 3 1 8 1 2 376 380 
2 1 0 0 0 0 1 375 
1 1 0 0 0 0 1 377 
9 0 5 10 1 7 1 378 
10 0 5 10 6 7 1 382 
9 0 7 4 3 8 1 379 
10 0 10 9 1 10 1 380 
7 0 8 6 10 4 1 381 
2 0 3 6 2 9 1 383 
1 0 9 9 9 2 1 383 
3 0 2 7 9 6 1 383 
1 0 0 0 0 0 0 
1 0 0 0 0 0 3 385 386 387 
4 0 4 8 0 0 3 388 390 399 
1 0 5 0 0 5 2 389 397 
5 0 4 0 0 3 2 391 410 
9 0 0 3 0 3 3 398 401 413 
10 0 0 4 3 0 3 393 394 409 
6 0 9 0 2 2 1 404 
1 0 0 4 0 0 3 392 394 412 
9 0 9 5 0 0 2 402 405 
2 0 0 10 7 0 1 400 
8 0 0 0 7 3 3 395 396 403 
8 1 0 0 0 0 1 402 
8 1 0 0 0 0 1 405 
2 0 4 10 0 7 1 405 
2 0 8 0 3 0 3 403 408 411 
10 0 3 2 4 5 1 411 
8 0 7 5 0 0 1 413 
10 0 10 3 0 0 1 406 
2 1 0 0 0 0 1 408 
10 0 0 0 2 7 1 414 
5 0 3 0 5 0 1 407 
3 1 0 0 0 0 1 408 
6 1 0 0 0 0 1 407 
5 0 2 5 0 4 1 409 
10 0 0 0 0 2 1 414 
10 0 5 6 0 10 1 414 
8 0 0 5 0 0 1 411 
10 0 0 5 0 0 1 412 
2 0 0 0 3 1 1 415 
10 1 0 0 0 0 1 415 
3 0 3 0 5 0 1 415 
1 0 0 0 0 0 0 
1 0 0 0 0 0 3 417 418 419 
6 0 10 10 4 0 2 438 444 
6 0 9 3 0 0 3 425 428 441 
9 0 1 0 2 2 3 420 421 422 
1 0 1 0 8 6 3 433 435 439 
5 0 0 9 5 4 3 426 429 438 
10 0 0 9 6 0 3 423 424 432 
2 1 0 0 0 0 2 427 435 
6 0 2 0 4 10 1 431 
7 0 3 5 0 2 3 427 430 432 
1 0 0 4 8 0 1 430 
6 1 0 0 0 0 1 436 
1 0 8 3 5 5 1 437 
10 0 0 3 9 9 2 434 442 
8 1 0 0 0 0 2 434 435 
5 1 0 0 0 0 2 436 440 
7 1 0 0 0 0 2 436 442 
9 0 7 6 7 0 1 434 
5 0 2 3 2 8 3 437 443 446 
10 0 2 3 4 7 2 443 445 
3 0 0 8 0 3 3 437 438 443 
5 0 1 1 5 3 1 445 
2 0 7 6 7 8 1 446 
4 0 0 8 5 8 1 441 
8 0 0 4 6 4 3 441 442 445 
2 0 1 0 7 3 1 446 
2 0 6 0 7 4 1 444 
6 0 10 8 10 1 1 444 
2 0 0 7 4 3 1 447 
10 0 6 8 1 6 1 447 
9 0 0 4 0 2 1 447 
1 0 0 0 0 0 0 
1 0 0 0 0 0 3 449 450 451 
2 0 0 0 0 9 3 454 465 466 
5 0 0 0 0 1 3 452 453 457 
4 0 0 0 7 0 3 455 457 468 
6 0 0 0 0 8 3 454 456 463 
9 0 0 2 0 0 3 458 460 462 
8 0 0 3 0 0 3 460 477 478 
1 0 2 0 0 0 3 459 460 463 
9 0 0 0 2 0 3 458 466 472 
5 0 0 0 0 6 3 461 471 472 
10 1 0 0 0 0 3 461 468 475 
9 0 0 0 9 0 2 464 467 
6 0 2 0 0 0 2 461 470 
7 0 0 0 7 0 1 476 
1 0 10 0 0 0 3 463 464 468 
5 0 0 6 0 0 3 470 473 474 
1 0 0 0 0 5 1 465 
4 1 0 0 0 0 3 469 471 472 
10 1 0 0 0 0 3 467 469 478 
4 0 5 0 0 0 2 470 471 
3 0 8 0 0 0 2 469 474 
8 0 0 0 5 0 1 476 
7 0 0 0 0 1 1 476 
2 0 2 0 0 0 2 473 475 
7 1 0 0 0 0 3 473 474 475 
7 0 8 0 0 0 1 477 
8 0 0 4 0 0 1 478 
2 0 0 0 3 0 1 477 
4 0 0 0 1 0 1 479 
8 0 0 0 0 10 1 479 
1 0 0 8 0 0 1 479 
1 0 0 0 0 0 0 
1 0 0 0 0 0 3 481 482 483 
3 0 0 1 0 0 3 486 489 490 
4 0 0 0 9 0 3 485 492 497 
10 0 0 0 8 0 3 484 487 488 
7 0 7 0 0 0 3 491 496 498 
2 0 4 0 0 0 3 489 495 502 
6 0 0 6 0 0 2 493 501 
9 0 0 10 0 0 3 496 499 502 
8 0 0 9 0 0 3 489 493 494 
8 0 0 10 0 0 1 500 
7 0 0 0 0 3 3 491 495 497 
2 0 8 0 0 0 3 492 502 503 
7 0 0 0 0 2 2 509 510 
6 0 0 0 0 8 3 498 500 504 
3 0 0 0 7 0 2 495 503 
6 1 0 0 0 0 3 498 499 500 
9 0 5 0 0 0 3 497 501 503 
7 1 0 0 0 0 2 505 508 
5 1 0 0 0 0 1 506 
7 1 0 0 0 0 2 501 506 
4 0 1 0 0 0 1 507 
9 0 0 0 0 4 2 504 505 
9 0 0 0 2 0 3 504 505 508 
1 0 0 0 0 2 2 506 510 
3 0 0 9 0 0 2 509 510 
5 0 0 1 0 0 1 507 
5 1 0 0 0 0 2 507 508 
8 0 7 0 0 0 1 509 
3 0 0 0 8 0 1 511 
3 0 0 0 0 10 1 511 
3 0 0 5 0 0 1 511 
1 0 0 0 0 0 0 
142.27 140.41 140.51 140.21 142.24 151.06 216 218.98 218.96 216.1 212.92 210.08 207.8 196.66 204.99 207.45 210.05 216.1 215.25 200.09 179.41 151.06 143.95 111.41 121.96 130.91 126.49 120.27 124.69 130.01 146.02 198 185.98 160.76 153.39 149.25 146.01 146.01 152.06 158.59 169.96 201.71 219.54 212.97 197.17 139.82 132.71 123.39 115.08 114.87 118.79 109.58 116.95 119.34 154.4 195.99 202.21 195.97 190 190.04 187.91 167.83 187.73 190.1 190.1 219 249.12 257.28 231.79 215.81 211.79 196.7 200.46 192.61 185.1 172.23 172.91 174.88 203.67 233.46 240.32 225.56 199.99 193.67 169.97 167.9 176.35 184.55 195.98 215.77 229.58 212.49 187.28 179.37 176.91 136.66 180.01 176.73 168.87 164.09 165 171.3 196.95 221.46 221.78 179.53 151.36 145.49 162.28 159.26 140.61 168.15 191.92 220.57 243.35 241.18 221.31 213.13 205.48 190.1 195.91 187.2 184.89 170.24 166 162.45 160.64 162.56 157.24 121.8 115.76 121.27 111.83 109.03 115.34 116.85 171.56 194.89 191.8 148.81 121.12 104.74 109.29 101.7 88.07 98.65 99.78 99.14 104.22 99.91 93.99 88.55 88.06 60 73.03 67.23 30.08 43.25 50.12 81.78 101.6 168.76 136 144.91 142.04 131.02 126 97.65 142.27 140.41 140.51 140.21 142.24 151.06 216 218.98 218.96 216.1 212.92 210.08 207.8 196.66 204.99 207.45 210.05 216.1 215.25 200.09 179.41 151.06 143.95 111.41 121.96 130.91 126.49 120.27 124.69 130.01 146.02 198 185.98 160.76 153.39 149.25 146.01 146.01 152.06 158.59 169.96 201.71 219.54 212.97 197.17 139.82 132.71 123.39 115.08 114.87 118.79 109.58 116.95 119.34 154.4 195.99 202.21 195.97 190 190.04 187.91 167.83 187.73 190.1 190.1 219 249.12 257.28 231.79 215.81 211.79 196.7 200.46 192.61 185.1 172.23 172.91 174.88 203.67 233.46 240.32 225.56 199.99 193.67 169.97 167.9 176.35 184.55 195.98 215.77 229.58 212.49 187.28 179.37 176.91 136.66 180.01 176.73 168.87 164.09 165 171.3 196.95 221.46 221.78 179.53 151.36 145.49 162.28 159.26 140.61 168.15 191.92 220.57 243.35 241.18 221.31 213.13 205.48 190.1 195.91 187.2 184.89 170.24 166 162.45 160.64 162.56 157.24 121.8 115.76 121.27 111.83 109.03 115.34 116.85 171.56 194.89 191.8 148.81 121.12 104.74 109.29 101.7 88.07 98.65 99.78 99.14 104.22 99.91 93.99 88.55 88.06 60 73.03 67.23 30.08 43.25 50.12 81.78 101.6 168.76 136 144.91 142.04 131.02 126 97.65 142.27 140.41 140.51 140.21 142.24 151.06 216 218.98 218.96 216.1 212.92 210.08 207.8 196.66 204.99 207.45 210.05 216.1 215.25 200.09 179.41 151.06 143.95 111.41 121.96 130.91 126.49 120.27 124.69 130.01 146.02 198 185.98 160.76 153.39 149.25 146.01 146.01 152.06 158.59 169.96 201.71 219.54 212.97 197.17 139.82 132.71 123.39 115.08 114.87 118.79 109.58 116.95 119.34 154.4 195.99 202.21 195.97 190 190.04 187.91 167.83 187.73 190.1 190.1 219 249.12 257.28 231.79 215.81 211.79 196.7 200.46 192.61 185.1 172.23 172.91 174.88 203.67 233.46 240.32 225.56 199.99 193.67 169.97 167.9 176.35 184.55 195.98 215.77 229.58 212.49 187.28 179.37 176.91 136.66 180.01 176.73 168.87 164.09 165 171.3 196.95 221.46 221.78 179.53 151.36 145.49 162.28 159.26 140.61 168.15 191.92 220.57 243.35 241.18 221.31 213.13 205.48 190.1 195.91 187.2 184.89 170.24 166 162.45 160.64 162.56 157.24 121.8 115.76 121.27 111.83 109.03 115.34 116.85 171.56 194.89 191.8 148.81 121.12 104.74 109.29 101.7 88.07 98.65 99.78 99.14 104.22 99.91 93.99 88.55 88.06 60 73.03 67.23 30.08 43.25 50.12 81.78 101.6 168.76 136 144.91 142.04 131.02 126 97.65 142.27 140.41 140.51 140.21 142.24 151.06 216 218.98 218.96 216.1 212.92 210.08 207.8 196.66 204.99 207.45 210.05 216.1 215.25 200.09 179.41 151.06 143.95 111.41 121.96 130.91 126.49 120.27 124.69 130.01 146.02 198 185.98 160.76 153.39 149.25 146.01 146.01 152.06 158.59 169.96 201.71 219.54 212.97 197.17 139.82 132.71 123.39 115.08 114.87 118.79 109.58 116.95 119.34 154.4 195.99 202.21 195.97 190 190.04 187.91 167.83 187.73 190.1 190.1 219 249.12 257.28 231.79 215.81 211.79 196.7 200.46 192.61 185.1 172.23 172.91 174.88 203.67 233.46 240.32 225.56 199.99 193.67 169.97 167.9 176.35 184.55 195.98 215.77 229.58 212.49 187.28 179.37 176.91 136.66 180.01 176.73 168.87 164.09 165 171.3 196.95 221.46 221.78 179.53 151.36 145.49 162.28 159.26 140.61 168.15 191.92 220.57 243.35 241.18 221.31 213.13 205.48 190.1 195.91 187.2 184.89 170.24 166 162.45 160.64 162.56 157.24 121.8 115.76 121.27 111.83 109.03 115.34 116.85 171.56 194.89 191.8 148.81 121.12 104.74 109.29 101.7 88.07 98.65 99.78 99.14 104.22 99.91 93.99 88.55 88.06 60 73.03 67.23 30.08 43.25 50.12 81.78 101.6 168.76 136 144.91 142.04 131.02 126 97.65 142.27 140.41 140.51 140.21 142.24 151.06 216 218.98 218.96 216.1 212.92 210.08 207.8 196.66 204.99 207.45 210.05 216.1 215.25 200.09 179.41 151.06 143.95 111.41 121.96 130.91 126.49 120.27 124.69 130.01 146.02 198 185.98 160.76 153.39 149.25 146.01 146.01 152.06 158.59 169.96 201.71 219.54 212.97 197.17 139.82 132.71 123.39 115.08 114.87 118.79 109.58 116.95 119.34 154.4 195.99 202.21 195.97 190 190.04 187.91 167.83 187.73 190.1 190.1 219 249.12 257.28 231.79 215.81 211.79 196.7 200.46 192.61 185.1 172.23 172.91 174.88 203.67 233.46 240.32 225.56 199.99 193.67 169.97 167.9 176.35 184.55 195.98 215.77 229.58 212.49 187.28 179.37 176.91 136.66 180.01 176.73 168.87 164.09 165 171.3 196.95 221.46 221.78 179.53 151.36 145.49 162.28 159.26 140.61 168.15 191.92 220.57 243.35 241.18 221.31 213.13 205.48 190.1 195.91 187.2 184.89 170.24 166 162.45 160.64 162.56 157.24 121.8 115.76 121.27 111.83 109.03 115.34 116.85 171.56 194.89 191.8 148.81 121.12 104.74 109.29 101.7 88.07 98.65 99.78 99.14 104.22 99.91 93.99 88.55 88.06 60 73.03 67.23 30.08 43.25 50.12 81.78 101.6 168.76 136 144.91 142.04 131.02 126 97.65 
