512 5
1 35 34 34 32 
1 0 0 0 0 0 3 1 2 3 
1 0 2 0 9 0 1 10 
5 0 2 8 3 0 3 4 6 14 
7 0 6 7 0 0 3 5 7 8 
10 0 0 0 1 0 2 16 18 
1 0 0 8 0 0 3 9 12 23 
5 0 0 5 0 0 3 11 15 16 
1 0 6 0 0 6 3 12 17 22 
5 0 0 3 1 0 3 10 21 23 
9 0 0 0 0 10 2 25 29 
3 0 1 9 7 0 1 13 
7 0 2 10 0 8 2 12 28 
4 1 0 0 0 0 1 20 
2 1 0 0 0 0 2 18 20 
7 0 4 7 3 1 1 15 
6 0 0 7 9 0 2 17 27 
7 1 0 0 0 0 2 17 19 
8 0 10 0 10 10 2 20 21 
8 0 3 0 0 6 1 24 
8 0 0 4 6 0 3 21 22 27 
4 0 0 1 1 6 1 25 
5 0 0 0 4 0 1 26 
3 0 0 2 0 7 2 26 30 
5 0 0 1 10 0 2 24 25 
10 0 0 0 3 2 2 26 27 
3 0 4 0 1 3 1 30 
4 0 7 0 0 0 2 28 29 
3 0 0 1 3 0 1 28 
1 0 0 2 0 0 1 31 
3 0 0 0 6 6 1 31 
1 0 0 7 0 0 1 31 
1 0 0 0 0 0 0 
1 0 0 0 0 0 3 33 34 35 
1 0 4 6 3 4 3 39 40 47 
8 0 2 6 6 2 3 41 46 51 
6 0 6 7 7 6 3 36 39 46 
6 0 1 9 6 2 3 37 42 54 
4 0 7 9 5 6 3 38 47 50 
8 0 9 6 1 6 2 43 49 
7 0 7 3 8 2 3 43 44 50 
9 0 7 5 1 7 3 41 42 56 
4 0 5 4 7 8 2 49 54 
1 0 7 7 2 5 3 49 50 57 
6 1 0 0 0 0 3 45 51 59 
5 0 2 5 6 3 3 45 48 51 
6 1 0 0 0 0 2 55 56 
10 0 5 7 4 10 1 52 
10 0 6 8 2 1 2 56 59 
2 0 4 9 8 1 3 53 54 59 
6 1 0 0 0 0 1 62 
6 0 7 5 8 3 3 52 53 61 
5 0 2 8 3 5 3 52 53 57 
3 0 6 10 6 2 1 55 
2 0 2 10 4 8 1 58 
9 0 6 6 7 3 2 55 58 
10 0 9 5 9 4 2 60 62 
9 0 10 8 8 5 3 57 58 61 
2 0 10 9 8 9 1 60 
8 0 1 10 7 4 1 62 
7 0 7 1 1 7 2 60 61 
3 0 8 5 5 3 1 63 
7 0 5 10 10 7 1 63 
2 0 8 2 3 6 1 63 
1 0 0 0 0 0 0 
1 0 0 0 0 0 3 65 66 67 
6 0 0 0 2 0 3 69 75 81 
9 0 9 0 0 0 2 86 89 
5 0 0 0 2 0 3 68 73 93 
7 0 0 0 0 6 3 70 82 84 
5 0 0 3 0 0 3 71 72 77 
9 0 0 6 0 0 2 78 81 
9 0 0 0 0 9 2 74 85 
9 0 0 0 0 6 1 76 
1 0 4 0 0 0 1 86 
1 1 0 0 0 0 1 79 
6 0 0 3 0 0 2 80 90 
5 1 0 0 0 0 1 79 
3 0 0 8 0 0 2 80 91 
3 1 0 0 0 0 1 91 
2 0 0 7 0 0 2 88 92 
5 1 0 0 0 0 1 87 
4 0 0 0 0 8 1 86 
8 0 0 0 0 1 1 83 
8 0 0 0 10 0 1 87 
2 0 0 3 0 0 1 89 
2 1 0 0 0 0 1 93 
3 0 0 0 3 0 2 90 91 
6 0 0 0 0 4 1 94 
9 0 0 0 9 0 1 94 
4 1 0 0 0 0 1 92 
2 0 0 2 0 0 1 92 
2 0 2 0 0 0 1 94 
3 0 2 0 0 0 1 95 
2 0 0 0 0 6 1 95 
3 0 0 0 9 0 1 95 
1 0 0 0 0 0 0 
1 0 0 0 0 0 3 97 98 99 
3 0 7 0 0 0 3 102 105 106 
3 0 0 0 0 3 1 100 
9 0 1 0 0 0 3 101 105 116 
1 0 0 5 0 0 1 123 
7 0 0 6 0 0 3 106 109 120 
4 0 0 0 0 8 2 103 117 
4 0 0 0 6 0 3 104 110 116 
4 0 8 0 0 0 2 108 112 
3 0 10 0 0 0 3 107 113 119 
1 1 0 0 0 0 3 121 122 123 
6 1 0 0 0 0 3 108 114 115 
8 0 0 10 0 0 1 109 
5 0 1 0 0 0 3 121 122 123 
4 0 6 0 0 0 3 111 113 119 
9 1 0 0 0 0 2 114 118 
2 1 0 0 0 0 2 113 126 
5 1 0 0 0 0 1 114 
1 0 7 0 0 0 1 120 
1 0 0 5 0 0 3 118 125 126 
5 0 0 1 0 0 1 125 
3 0 0 0 0 2 1 125 
5 1 0 0 0 0 1 120 
2 0 0 0 8 0 2 121 124 
10 0 3 0 0 0 1 122 
1 0 0 0 4 0 1 126 
1 0 0 0 0 8 1 124 
3 0 0 9 0 0 1 124 
4 0 8 0 0 0 1 127 
9 0 0 0 6 0 1 127 
6 0 0 0 0 3 1 127 
1 0 0 0 0 0 0 
1 0 0 0 0 0 3 129 130 131 
8 0 7 10 3 0 3 134 141 144 
3 0 8 6 1 2 3 132 133 147 
7 0 9 10 0 9 1 151 
2 0 10 0 0 8 1 145 
3 0 1 3 2 0 3 135 146 148 
6 0 1 10 3 9 1 137 
7 0 9 0 3 0 2 136 143 
9 0 2 3 0 0 2 139 151 
9 0 7 10 5 10 1 138 
3 1 0 0 0 0 2 140 142 
1 0 0 4 7 3 1 141 
2 1 0 0 0 0 2 148 149 
5 1 0 0 0 0 2 152 158 
2 0 7 3 6 8 2 153 154 
5 0 7 3 6 0 1 156 
9 0 2 3 8 4 1 148 
3 0 5 9 4 6 1 156 
2 1 0 0 0 0 1 152 
3 0 4 2 6 0 1 151 
3 0 0 0 9 8 1 155 
8 1 0 0 0 0 1 150 
9 0 1 7 10 4 3 152 154 158 
4 0 9 3 0 1 2 153 158 
7 0 0 8 0 0 1 157 
3 1 0 0 0 0 1 155 
9 0 3 1 7 0 1 155 
9 0 8 7 6 5 1 156 
4 0 0 2 2 7 1 159 
5 0 0 9 8 4 1 159 
2 0 9 9 0 0 1 159 
1 0 0 0 0 0 0 
1 0 0 0 0 0 3 161 162 163 
1 0 4 6 3 4 3 167 168 175 
8 0 2 6 6 2 3 169 174 179 
6 0 6 7 7 6 3 164 167 174 
6 0 1 9 6 2 3 165 170 182 
4 0 7 9 5 6 3 166 175 178 
8 0 9 6 1 6 2 171 177 
7 0 7 3 8 2 3 171 172 178 
9 0 7 5 1 7 3 169 170 184 
4 0 5 4 7 8 2 177 182 
1 0 7 7 2 5 3 177 178 185 
6 1 0 0 0 0 3 173 179 187 
5 0 2 5 6 3 3 173 176 179 
6 0 4 2 2 7 2 183 184 
10 0 5 7 4 10 1 180 
10 0 6 8 2 1 2 184 187 
2 0 4 9 8 1 3 181 182 187 
6 0 10 10 7 3 1 190 
6 0 7 5 8 3 3 180 181 189 
5 1 0 0 0 0 3 180 181 185 
3 0 6 10 6 2 1 183 
2 0 2 10 4 8 1 186 
9 1 0 0 0 0 2 183 186 
10 0 9 5 9 4 2 188 190 
9 0 10 8 8 5 3 185 186 189 
2 0 10 9 8 9 1 188 
8 0 1 10 7 4 1 190 
7 0 7 1 1 7 2 188 189 
3 0 8 5 5 3 1 191 
7 0 5 10 10 7 1 191 
2 0 8 2 3 6 1 191 
1 0 0 0 0 0 0 
1 0 0 0 0 0 3 193 194 195 
8 0 5 4 10 10 2 201 212 
6 0 0 5 6 0 3 196 208 209 
4 0 7 7 8 0 3 197 199 220 
4 0 0 3 7 5 3 197 198 210 
8 0 0 5 5 0 1 222 
3 0 3 4 5 10 3 200 205 214 
5 0 10 7 7 2 2 202 218 
3 0 5 0 1 0 3 203 211 215 
4 0 4 5 0 10 1 216 
1 0 3 7 0 10 2 208 213 
10 0 0 3 8 0 1 204 
2 1 0 0 0 0 2 206 217 
7 0 1 6 8 5 2 206 207 
5 0 6 3 0 9 2 212 221 
2 0 0 1 4 8 3 211 212 213 
7 1 0 0 0 0 2 210 221 
1 0 5 6 10 0 2 211 216 
10 0 0 0 3 2 1 222 
3 1 0 0 0 0 2 217 219 
4 0 0 3 4 5 2 218 219 
1 1 0 0 0 0 1 215 
10 0 9 7 1 10 3 215 216 217 
5 0 0 8 0 5 1 221 
10 1 0 0 0 0 2 218 219 
10 0 9 2 10 0 1 220 
8 0 4 8 10 10 1 222 
10 0 8 0 5 2 1 220 
8 0 4 6 9 0 1 223 
9 0 9 5 3 4 1 223 
1 0 8 0 7 6 1 223 
1 0 0 0 0 0 0 
1 0 0 0 0 0 3 225 226 227 
7 0 2 1 5 5 3 229 234 241 
4 0 5 1 4 10 1 228 
4 0 7 6 1 4 3 231 232 239 
2 0 4 6 5 5 3 230 236 242 
3 0 2 3 2 5 1 235 
10 0 8 4 2 7 2 238 243 
3 0 9 9 3 1 3 242 243 246 
3 0 3 7 5 5 2 233 238 
3 0 7 2 7 2 2 234 237 
10 0 3 3 10 9 2 235 244 
3 1 0 0 0 0 3 236 247 253 
8 0 7 4 3 8 1 245 
5 1 0 0 0 0 2 240 249 
7 0 5 5 4 2 2 248 251 
5 0 8 2 4 7 1 243 
4 1 0 0 0 0 3 250 251 252 
1 0 5 7 8 10 2 245 246 
5 0 4 4 6 10 2 244 248 
9 1 0 0 0 0 3 244 247 250 
6 0 3 9 7 1 1 254 
5 0 1 1 7 6 1 254 
10 0 2 2 8 9 3 247 248 252 
2 0 7 3 5 5 1 251 
9 0 7 10 7 8 1 250 
4 1 0 0 0 0 2 252 253 
2 0 10 9 5 3 1 253 
10 0 9 4 1 1 1 254 
8 0 2 10 10 1 1 255 
2 0 2 9 4 3 1 255 
4 0 2 1 2 2 1 255 
1 0 0 0 0 0 0 
1 0 0 0 0 0 3 257 258 259 
5 0 9 5 5 4 2 264 276 
5 0 1 3 10 4 3 261 262 265 
9 0 10 1 7 5 2 260 270 
9 0 3 8 3 2 3 263 268 271 
2 0 1 10 2 5 2 268 280 
6 0 5 1 2 3 3 266 267 275 
4 1 0 0 0 0 1 277 
1 0 1 1 10 6 3 279 283 285 
2 0 6 1 9 6 1 270 
6 0 3 10 4 9 1 277 
10 0 3 9 8 7 3 268 269 272 
2 0 5 5 5 4 2 277 284 
10 1 0 0 0 0 3 278 279 283 
9 0 3 9 7 2 2 273 278 
2 1 0 0 0 0 3 274 276 278 
4 1 0 0 0 0 3 273 276 281 
4 1 0 0 0 0 2 274 283 
3 0 8 7 4 7 1 279 
4 1 0 0 0 0 1 285 
6 0 6 4 9 3 2 280 282 
1 1 0 0 0 0 1 281 
9 0 4 6 8 6 1 286 
5 0 4 1 10 8 2 280 286 
7 0 2 10 7 4 1 284 
7 0 8 2 7 9 1 282 
10 0 4 9 9 2 1 285 
4 0 2 10 10 8 2 284 286 
2 0 4 4 7 10 1 287 
1 0 3 6 6 8 1 287 
3 0 5 8 10 2 1 287 
1 0 0 0 0 0 0 
1 0 0 0 0 0 3 289 290 291 
5 0 6 0 6 3 3 293 295 311 
4 0 0 10 0 1 3 298 301 304 
10 0 0 0 7 1 3 292 294 296 
10 0 0 1 6 7 3 298 301 304 
2 0 0 3 6 6 2 305 309 
3 0 9 10 1 3 3 302 309 315 
9 0 6 10 1 0 3 297 298 302 
9 0 5 0 7 5 3 303 311 317 
3 0 9 1 5 4 3 299 301 312 
9 0 2 10 0 2 3 305 306 312 
2 0 9 0 1 9 3 300 306 313 
10 0 10 3 0 5 3 303 308 317 
2 1 0 0 0 0 2 308 310 
4 0 3 5 0 3 3 307 308 313 
1 1 0 0 0 0 2 305 307 
4 1 0 0 0 0 3 306 309 311 
7 1 0 0 0 0 2 310 318 
1 1 0 0 0 0 3 307 310 314 
7 0 3 1 9 0 1 316 
6 0 5 0 2 1 1 318 
2 1 0 0 0 0 3 312 313 316 
8 0 4 0 0 8 1 315 
7 0 10 0 8 6 1 315 
2 1 0 0 0 0 2 314 318 
1 1 0 0 0 0 1 314 
10 0 8 2 7 0 1 317 
1 0 9 2 9 9 1 316 
10 0 3 2 1 8 1 319 
10 0 0 1 4 8 1 319 
3 0 0 4 9 6 1 319 
1 0 0 0 0 0 0 
1 0 0 0 0 0 3 321 322 323 
10 0 4 10 5 0 3 327 336 337 
6 0 0 0 7 0 3 324 325 331 
5 0 0 5 0 9 3 329 341 343 
8 0 4 8 0 0 2 326 333 
5 0 0 2 0 0 2 328 333 
10 0 0 0 9 0 2 329 332 
7 0 0 0 9 5 3 329 330 344 
6 0 3 0 10 0 1 336 
9 0 3 3 4 2 3 334 342 346 
8 0 0 8 0 6 1 334 
10 0 0 3 0 0 1 343 
5 1 0 0 0 0 3 334 337 343 
3 0 7 0 0 0 3 335 337 341 
6 1 0 0 0 0 2 338 339 
3 0 2 0 3 0 3 336 340 346 
1 0 6 0 0 10 1 347 
7 1 0 0 0 0 1 348 
2 1 0 0 0 0 1 349 
8 0 0 0 0 2 1 340 
9 0 6 0 1 0 2 345 349 
1 0 9 0 3 0 2 345 349 
4 1 0 0 0 0 2 348 350 
9 0 3 10 0 10 2 346 350 
3 0 9 0 4 2 1 345 
5 0 2 2 0 0 2 347 350 
6 1 0 0 0 0 1 347 
10 0 0 0 0 3 1 348 
1 0 0 0 7 8 1 351 
4 0 0 5 0 10 1 351 
6 0 4 4 0 0 1 351 
1 0 0 0 0 0 0 
1 0 0 0 0 0 3 353 354 355 
9 0 4 0 0 0 2 363 365 
1 0 7 0 0 0 3 356 361 362 
9 0 0 0 0 5 3 357 360 373 
5 0 0 0 0 3 3 358 359 364 
2 0 0 0 10 0 2 361 367 
1 0 0 0 0 7 3 363 365 366 
1 0 0 5 0 0 2 365 373 
9 0 0 0 1 0 2 370 378 
9 0 0 0 0 7 3 372 375 379 
5 0 0 6 0 0 3 363 364 366 
6 0 0 4 0 0 3 369 371 374 
1 0 0 0 1 0 3 370 371 377 
6 0 6 0 0 0 3 372 376 377 
6 0 0 0 5 0 3 367 372 373 
5 0 0 0 10 0 3 368 374 377 
5 1 0 0 0 0 2 369 371 
10 1 0 0 0 0 2 370 378 
6 0 0 0 1 0 3 375 376 379 
2 1 0 0 0 0 2 376 381 
8 0 0 0 0 4 2 374 380 
3 0 0 0 0 9 2 375 379 
9 0 0 0 3 0 2 381 382 
3 0 0 0 0 6 1 380 
7 0 0 0 8 0 1 380 
3 1 0 0 0 0 2 378 382 
7 0 8 0 0 0 1 381 
10 0 0 0 0 8 1 382 
3 0 5 0 0 0 1 383 
8 0 4 0 0 0 1 383 
7 0 0 0 10 0 1 383 
1 0 0 0 0 0 0 
1 0 0 0 0 0 3 385 386 387 
2 0 5 3 7 2 3 388 396 405 
10 0 9 3 7 2 2 389 391 
3 0 3 2 4 7 3 390 394 409 
5 0 9 7 4 9 2 395 401 
9 0 6 9 10 10 1 399 
1 0 4 4 1 2 2 392 400 
3 0 9 4 1 3 2 393 398 
3 0 3 3 7 5 1 410 
10 0 5 10 6 1 1 397 
5 0 6 5 2 3 2 403 410 
8 0 7 9 9 8 1 409 
7 0 7 5 6 5 1 399 
3 0 8 5 2 1 3 402 404 414 
9 0 7 10 9 1 1 408 
10 1 0 0 0 0 2 406 411 
1 0 5 10 8 8 2 403 408 
5 1 0 0 0 0 2 409 413 
7 0 2 6 3 10 1 403 
9 0 10 6 10 6 1 412 
10 0 2 5 9 10 1 407 
3 0 6 5 7 9 2 408 414 
5 0 1 3 7 5 1 412 
6 0 2 9 2 5 1 411 
3 0 6 8 9 7 1 410 
6 0 5 7 6 1 1 411 
2 0 10 10 3 2 1 413 
2 0 2 5 1 4 1 412 
2 0 4 10 1 8 1 415 
1 0 9 3 10 10 1 415 
1 0 7 5 6 9 1 415 
1 0 0 0 0 0 0 
1 0 0 0 0 0 3 417 418 419 
6 0 9 9 10 8 3 423 426 427 
7 0 9 1 6 0 3 421 438 439 
4 0 5 0 8 4 3 420 421 425 
8 0 0 6 0 1 3 422 428 430 
1 0 8 9 5 4 3 440 442 444 
8 0 1 10 9 0 3 424 429 434 
6 0 2 3 0 10 1 441 
8 0 0 4 4 2 3 432 433 437 
8 0 9 0 7 3 2 426 431 
1 0 9 7 7 6 1 434 
1 0 2 6 10 1 3 430 432 436 
6 0 9 6 0 0 3 437 443 446 
6 0 1 0 8 3 1 435 
5 0 9 9 0 0 1 438 
3 0 4 1 3 10 3 433 436 442 
7 1 0 0 0 0 1 439 
4 0 1 0 0 9 1 441 
5 0 7 0 10 5 2 435 436 
8 1 0 0 0 0 2 439 440 
7 1 0 0 0 0 2 437 446 
8 1 0 0 0 0 1 438 
10 0 8 9 0 4 2 441 445 
5 0 0 0 2 10 1 443 
3 0 6 0 10 3 1 446 
8 0 7 10 0 5 1 444 
4 0 6 0 0 7 1 445 
2 0 8 0 10 3 1 445 
8 0 4 3 1 4 1 447 
9 0 8 0 5 5 1 447 
3 0 0 4 8 9 1 447 
1 0 0 0 0 0 0 
1 0 0 0 0 0 3 449 450 451 
9 0 4 0 7 2 3 453 455 457 
9 0 0 6 9 0 3 459 467 476 
2 0 8 7 8 0 3 452 457 470 
5 0 4 5 2 10 3 454 456 465 
9 0 6 1 0 3 3 454 460 462 
5 0 3 10 7 10 3 461 469 473 
10 0 0 10 1 7 3 456 458 460 
9 0 7 5 1 1 3 464 473 474 
1 1 0 0 0 0 3 459 463 466 
2 0 0 10 1 2 3 462 467 474 
9 1 0 0 0 0 2 461 464 
6 0 10 6 0 2 3 464 466 468 
5 0 8 0 0 0 2 471 477 
4 0 9 10 10 8 3 465 466 470 
2 1 0 0 0 0 3 468 474 478 
10 0 2 3 0 10 2 469 477 
5 1 0 0 0 0 3 473 475 478 
9 1 0 0 0 0 3 469 472 475 
2 1 0 0 0 0 2 468 470 
4 0 8 10 1 0 1 472 
7 0 5 9 10 2 1 471 
3 1 0 0 0 0 2 471 472 
4 0 2 9 6 5 1 478 
2 0 0 0 8 10 1 477 
9 0 6 4 0 0 1 476 
6 1 0 0 0 0 1 475 
9 0 9 0 1 3 1 476 
8 0 5 6 0 9 1 479 
8 0 0 10 7 0 1 479 
10 0 9 0 10 3 1 479 
1 0 0 0 0 0 0 
1 0 0 0 0 0 3 481 482 483 
4 0 10 0 6 7 3 484 485 488 
2 0 7 0 10 0 3 499 500 502 
3 0 3 1 0 0 3 486 489 491 
1 0 3 6 1 8 3 487 491 500 
3 0 9 5 6 5 3 486 490 497 
2 0 1 0 9 10 3 493 496 509 
4 0 4 3 3 0 3 492 494 501 
4 0 5 5 0 1 3 489 494 499 
9 0 8 5 7 0 3 490 493 495 
6 0 10 1 10 4 3 498 505 510 
7 0 5 0 0 0 2 496 501 
2 0 0 7 3 0 2 493 502 
10 1 0 0 0 0 3 498 504 510 
3 0 8 0 0 0 2 495 496 
9 0 3 10 5 1 3 498 503 509 
7 0 8 10 10 0 1 507 
2 0 0 0 4 0 3 500 501 502 
5 0 9 1 0 6 1 507 
5 0 6 7 0 3 2 503 509 
6 0 2 0 3 0 3 504 505 506 
7 0 8 3 1 5 1 506 
9 0 0 7 8 10 1 503 
9 0 5 9 5 3 3 504 505 506 
4 0 8 0 2 1 1 508 
3 0 8 5 3 6 1 507 
7 0 6 10 7 4 2 508 510 
3 0 6 0 6 9 1 508 
4 0 2 4 1 0 1 511 
6 0 7 1 9 8 1 511 
10 0 7 5 1 9 1 511 
1 0 0 0 0 0 0 
196.23 191.85 195.91 186.66 178.04 191.65 237.44 299.95 313.92 315 310.41 310.08 300 297.01 299.96 306.45 302.73 315.47 310.82 294.98 267.45 242.23 217.03 195.83 207.01 202.42 197.6 193 194.9 204.45 237.13 293.52 300.02 297.16 275.67 264.4 252.59 248.38 255.01 277.9 289.94 316.4 315.9 309.2 285.33 245.3 236.61 204.57 194.79 183.98 183.06 177.35 178.33 193.5 240.56 273.18 300.1 292.74 275.5 258.65 245.11 232.08 234.77 240.01 255 284.82 285.97 269.03 235.25 191.5 193.69 172.18 142.35 161.69 153.58 147.07 152.47 171.26 192.03 215.24 235.9 219.99 180.08 170.16 152.53 134.13 171.01 201.59 205.38 220.3 212.76 210 192.69 164.46 164.2 122.09 120.04 110.03 108.24 107.46 109.82 140.52 176.04 190.97 216.99 196.91 162.92 160.04 154.01 152.29 186.94 217.18 224.91 262 260.04 234.32 215.04 204.39 194.29 184.9 168.43 170.62 186.01 182.64 187.83 190.58 190.27 204.46 212.84 230 222.39 214.92 208.43 200 203.09 213.98 226.32 260 267.03 261.41 243.62 220.1 212.85 209.41 225.92 216 189.49 181.98 174.98 165.91 118.71 119.45 125.86 129.46 125.99 131.83 140.03 122.49 102.67 121.95 115 125.42 112.4 97.49 90.14 97.09 93.85 87.2 196.23 191.85 195.91 186.66 178.04 191.65 237.44 299.95 313.92 315 310.41 310.08 300 297.01 299.96 306.45 302.73 315.47 310.82 294.98 267.45 242.23 217.03 195.83 207.01 202.42 197.6 193 194.9 204.45 237.13 293.52 300.02 297.16 275.67 264.4 252.59 248.38 255.01 277.9 289.94 316.4 315.9 309.2 285.33 245.3 236.61 204.57 194.79 183.98 183.06 177.35 178.33 193.5 240.56 273.18 300.1 292.74 275.5 258.65 245.11 232.08 234.77 240.01 255 284.82 285.97 269.03 235.25 191.5 193.69 172.18 142.35 161.69 153.58 147.07 152.47 171.26 192.03 215.24 235.9 219.99 180.08 170.16 152.53 134.13 171.01 201.59 205.38 220.3 212.76 210 192.69 164.46 164.2 122.09 120.04 110.03 108.24 107.46 109.82 140.52 176.04 190.97 216.99 196.91 162.92 160.04 154.01 152.29 186.94 217.18 224.91 262 260.04 234.32 215.04 204.39 194.29 184.9 168.43 170.62 186.01 182.64 187.83 190.58 190.27 204.46 212.84 230 222.39 214.92 208.43 200 203.09 213.98 226.32 260 267.03 261.41 243.62 220.1 212.85 209.41 225.92 216 189.49 181.98 174.98 165.91 118.71 119.45 125.86 129.46 125.99 131.83 140.03 122.49 102.67 121.95 115 125.42 112.4 97.49 90.14 97.09 93.85 87.2 196.23 191.85 195.91 186.66 178.04 191.65 237.44 299.95 313.92 315 310.41 310.08 300 297.01 299.96 306.45 302.73 315.47 310.82 294.98 267.45 242.23 217.03 195.83 207.01 202.42 197.6 193 194.9 204.45 237.13 293.52 300.02 297.16 275.67 264.4 252.59 248.38 255.01 277.9 289.94 316.4 315.9 309.2 285.33 245.3 236.61 204.57 194.79 183.98 183.06 177.35 178.33 193.5 240.56 273.18 300.1 292.74 275.5 258.65 245.11 232.08 234.77 240.01 255 284.82 285.97 269.03 235.25 191.5 193.69 172.18 142.35 161.69 153.58 147.07 152.47 171.26 192.03 215.24 235.9 219.99 180.08 170.16 152.53 134.13 171.01 201.59 205.38 220.3 212.76 210 192.69 164.46 164.2 122.09 120.04 110.03 108.24 107.46 109.82 140.52 176.04 190.97 216.99 196.91 162.92 160.04 154.01 152.29 186.94 217.18 224.91 262 260.04 234.32 215.04 204.39 194.29 184.9 168.43 170.62 186.01 182.64 187.83 190.58 190.27 204.46 212.84 230 222.39 214.92 208.43 200 203.09 213.98 226.32 260 267.03 261.41 243.62 220.1 212.85 209.41 225.92 216 189.49 181.98 174.98 165.91 118.71 119.45 125.86 129.46 125.99 131.83 140.03 122.49 102.67 121.95 115 125.42 112.4 97.49 90.14 97.09 93.85 87.2 196.23 191.85 195.91 186.66 178.04 191.65 237.44 299.95 313.92 315 310.41 310.08 300 297.01 299.96 306.45 302.73 315.47 310.82 294.98 267.45 242.23 217.03 195.83 207.01 202.42 197.6 193 194.9 204.45 237.13 293.52 300.02 297.16 275.67 264.4 252.59 248.38 255.01 277.9 289.94 316.4 315.9 309.2 285.33 245.3 236.61 204.57 194.79 183.98 183.06 177.35 178.33 193.5 240.56 273.18 300.1 292.74 275.5 258.65 245.11 232.08 234.77 240.01 255 284.82 285.97 269.03 235.25 191.5 193.69 172.18 142.35 161.69 153.58 147.07 152.47 171.26 192.03 215.24 235.9 219.99 180.08 170.16 152.53 134.13 171.01 201.59 205.38 220.3 212.76 210 192.69 164.46 164.2 122.09 120.04 110.03 108.24 107.46 109.82 140.52 176.04 190.97 216.99 196.91 162.92 160.04 154.01 152.29 186.94 217.18 224.91 262 260.04 234.32 215.04 204.39 194.29 184.9 168.43 170.62 186.01 182.64 187.83 190.58 190.27 204.46 212.84 230 222.39 214.92 208.43 200 203.09 213.98 226.32 260 267.03 261.41 243.62 220.1 212.85 209.41 225.92 216 189.49 181.98 174.98 165.91 118.71 119.45 125.86 129.46 125.99 131.83 140.03 122.49 102.67 121.95 115 125.42 112.4 97.49 90.14 97.09 93.85 87.2 196.23 191.85 195.91 186.66 178.04 191.65 237.44 299.95 313.92 315 310.41 310.08 300 297.01 299.96 306.45 302.73 315.47 310.82 294.98 267.45 242.23 217.03 195.83 207.01 202.42 197.6 193 194.9 204.45 237.13 293.52 300.02 297.16 275.67 264.4 252.59 248.38 255.01 277.9 289.94 316.4 315.9 309.2 285.33 245.3 236.61 204.57 194.79 183.98 183.06 177.35 178.33 193.5 240.56 273.18 300.1 292.74 275.5 258.65 245.11 232.08 234.77 240.01 255 284.82 285.97 269.03 
