512 5
1 43 40 44 36 
1 0 0 0 0 0 3 1 2 3 
1 0 6 5 3 5 3 7 13 14 
6 0 2 9 9 5 3 4 5 10 
9 0 4 5 9 8 3 6 10 12 
6 0 7 6 8 6 3 8 17 25 
2 0 6 7 4 5 3 6 7 9 
5 0 7 1 4 1 2 29 30 
7 0 10 5 8 5 3 15 18 19 
2 0 3 5 4 10 3 18 19 30 
7 0 1 6 6 8 3 15 16 21 
4 0 7 1 5 2 3 11 13 21 
5 0 8 4 5 4 3 14 15 22 
3 0 10 2 9 10 3 14 18 24 
7 0 4 3 8 10 3 16 20 24 
8 0 4 10 2 10 2 16 19 
7 0 6 7 8 8 2 26 28 
5 1 0 0 0 0 3 17 23 25 
1 0 9 2 5 9 1 26 
5 1 0 0 0 0 3 20 21 23 
6 1 0 0 0 0 2 20 29 
9 0 5 8 8 7 1 28 
6 1 0 0 0 0 1 27 
2 0 8 10 5 3 3 23 24 25 
9 0 9 9 5 7 1 27 
6 1 0 0 0 0 1 28 
7 1 0 0 0 0 2 26 30 
9 0 5 3 4 6 1 27 
8 0 6 10 4 7 1 29 
7 0 8 6 8 4 1 31 
4 0 9 1 1 2 1 31 
9 0 8 4 3 6 1 31 
1 0 0 0 0 0 0 
1 0 0 0 0 0 3 33 34 35 
8 0 9 9 8 1 2 36 59 
6 0 10 10 6 8 3 38 39 40 
10 1 0 0 0 0 1 45 
10 0 6 3 3 7 2 37 49 
6 0 10 9 9 8 2 43 44 
4 0 2 7 9 10 1 46 
2 0 7 5 6 5 3 41 44 52 
6 0 2 9 1 10 3 42 57 62 
5 0 7 4 6 4 1 49 
3 1 0 0 0 0 1 50 
7 0 1 3 10 8 2 53 54 
6 0 6 8 8 10 1 48 
4 1 0 0 0 0 1 47 
4 0 4 2 10 8 2 58 61 
2 0 7 7 10 1 3 48 52 62 
8 0 2 1 3 6 2 51 56 
7 1 0 0 0 0 2 50 58 
9 0 6 4 2 6 1 51 
3 0 8 10 6 1 1 55 
1 0 1 6 8 1 1 56 
6 0 8 7 2 4 1 58 
1 0 10 8 7 2 1 60 
6 0 6 10 10 4 1 61 
6 0 6 3 3 9 1 61 
5 0 1 8 9 2 1 60 
1 0 2 6 5 3 1 62 
6 0 9 8 5 6 1 60 
4 0 3 3 4 2 1 63 
3 0 4 4 6 4 1 63 
1 0 8 4 7 1 1 63 
1 0 0 0 0 0 0 
1 0 0 0 0 0 3 65 66 67 
4 0 0 5 5 4 3 69 83 87 
2 0 5 0 2 0 1 74 
8 0 0 0 4 0 3 68 82 86 
1 0 3 5 10 3 1 72 
8 0 0 0 1 2 3 70 71 75 
4 0 0 0 0 2 3 72 73 76 
10 0 9 0 10 5 2 78 93 
10 0 8 1 0 6 2 77 80 
8 1 0 0 0 0 2 84 92 
3 0 0 0 0 2 1 87 
10 0 5 8 9 0 1 86 
1 1 0 0 0 0 2 77 84 
3 0 9 0 7 5 3 79 91 94 
2 0 2 3 2 0 2 79 91 
5 0 10 0 0 0 1 85 
6 1 0 0 0 0 3 81 85 88 
4 1 0 0 0 0 1 89 
1 0 0 0 3 1 3 83 85 87 
4 0 0 1 0 1 3 84 88 89 
2 1 0 0 0 0 2 93 94 
2 0 0 0 6 0 1 92 
6 1 0 0 0 0 1 90 
7 0 0 10 0 0 3 88 89 94 
5 0 0 2 7 0 2 90 93 
5 0 10 0 0 3 1 90 
5 0 7 0 2 0 1 91 
4 0 0 8 0 7 1 92 
10 0 6 0 0 8 1 95 
3 0 0 0 9 10 1 95 
3 0 0 5 0 0 1 95 
1 0 0 0 0 0 0 
1 0 0 0 0 0 3 97 98 99 
10 0 10 7 8 10 3 103 107 114 
3 0 1 5 2 10 3 100 101 102 
7 0 3 3 4 10 1 109 
2 0 6 9 4 9 2 106 124 
5 0 3 4 7 5 3 115 123 125 
6 0 10 9 3 8 2 104 111 
7 0 7 2 3 10 2 105 118 
1 0 8 6 10 3 1 112 
3 0 8 7 5 10 1 112 
4 0 10 9 10 4 1 117 
8 0 1 7 5 6 2 108 110 
4 1 0 0 0 0 3 112 121 123 
6 0 9 4 2 7 1 115 
1 1 0 0 0 0 2 115 121 
3 1 0 0 0 0 1 125 
1 0 4 9 4 5 2 113 122 
2 1 0 0 0 0 1 116 
4 1 0 0 0 0 1 124 
4 1 0 0 0 0 1 117 
2 1 0 0 0 0 1 119 
4 1 0 0 0 0 1 126 
4 0 2 4 1 6 1 122 
1 1 0 0 0 0 1 120 
10 0 8 10 4 9 1 124 
4 0 3 2 2 4 2 122 125 
10 0 3 6 8 5 1 126 
7 1 0 0 0 0 1 126 
10 0 9 9 3 5 1 127 
2 1 0 0 0 0 1 127 
2 0 8 6 8 8 1 127 
1 0 0 0 0 0 0 
1 0 0 0 0 0 3 129 130 131 
7 0 7 8 0 0 2 142 149 
1 0 0 2 1 0 3 132 140 145 
3 0 3 0 0 0 3 135 139 153 
9 0 0 6 6 8 3 133 134 137 
6 0 7 0 0 0 1 136 
3 0 4 0 10 0 2 144 146 
5 0 5 8 0 0 2 151 155 
6 0 0 4 8 2 1 146 
1 0 7 0 0 0 2 138 147 
9 0 0 8 4 0 2 155 157 
10 0 0 0 0 6 2 141 142 
8 0 6 2 1 6 3 143 148 153 
5 1 0 0 0 0 2 147 148 
7 0 8 1 0 0 2 143 148 
4 1 0 0 0 0 3 144 146 150 
4 0 0 1 0 3 2 152 155 
4 1 0 0 0 0 1 154 
4 0 0 3 0 8 1 151 
1 1 0 0 0 0 2 149 151 
9 1 0 0 0 0 1 150 
7 1 0 0 0 0 2 150 152 
8 0 0 0 1 0 1 154 
5 0 10 5 0 0 2 156 158 
9 0 0 8 7 9 2 154 157 
2 0 0 5 6 3 1 157 
6 0 6 0 0 0 2 156 158 
9 0 7 0 1 0 2 156 158 
1 0 9 0 0 2 1 159 
1 0 0 0 0 2 1 159 
5 0 10 0 0 0 1 159 
1 0 0 0 0 0 0 
1 0 0 0 0 0 3 161 162 163 
3 0 7 0 0 0 3 164 166 168 
5 0 0 1 0 0 3 170 171 179 
4 0 0 0 0 2 1 165 
10 0 1 0 0 0 3 172 181 185 
8 0 0 0 0 10 1 167 
1 0 0 0 8 0 1 178 
6 0 6 0 0 0 3 169 173 188 
10 0 0 0 0 5 2 174 187 
6 0 0 0 6 0 1 171 
6 0 6 0 0 0 1 175 
5 1 0 0 0 0 1 181 
3 0 0 4 0 0 2 176 186 
7 0 0 0 6 0 1 187 
7 0 9 0 0 0 3 175 180 182 
8 1 0 0 0 0 2 177 184 
10 0 3 0 0 0 2 180 188 
3 1 0 0 0 0 1 190 
8 0 0 0 2 0 1 182 
10 0 0 0 0 6 2 183 190 
5 1 0 0 0 0 1 184 
9 0 7 0 0 0 1 183 
4 0 4 0 0 0 1 183 
7 0 0 1 0 0 1 184 
4 0 7 0 0 0 1 189 
8 0 0 2 0 0 1 186 
8 0 8 0 0 0 1 188 
7 1 0 0 0 0 1 190 
10 0 0 0 0 10 1 191 
7 0 0 3 0 0 1 191 
6 0 0 0 0 4 1 191 
1 0 0 0 0 0 0 
1 0 0 0 0 0 3 193 194 195 
2 0 9 0 8 0 3 198 200 218 
2 0 3 0 3 8 2 200 214 
10 0 0 7 10 2 3 196 208 213 
6 0 7 0 0 3 2 197 214 
2 1 0 0 0 0 1 206 
5 0 0 0 8 7 3 199 201 202 
2 0 5 3 7 0 1 204 
8 0 7 0 0 7 3 203 205 219 
9 0 2 0 7 2 2 211 213 
6 0 4 0 3 0 3 207 211 217 
4 0 0 3 0 0 3 207 209 222 
1 0 10 0 1 0 3 205 208 210 
2 0 0 6 3 1 3 206 209 220 
7 1 0 0 0 0 2 216 222 
4 1 0 0 0 0 1 216 
7 0 0 0 5 4 1 215 
1 0 0 9 0 10 1 213 
7 0 4 0 0 0 3 212 215 219 
4 0 0 6 0 0 2 214 219 
3 1 0 0 0 0 2 217 220 
5 1 0 0 0 0 2 215 217 
2 1 0 0 0 0 1 216 
8 0 1 0 0 6 1 221 
5 0 6 0 0 0 1 221 
5 0 4 0 0 9 1 221 
2 0 0 4 0 0 1 220 
8 0 10 6 0 3 1 222 
10 0 6 0 0 6 1 223 
10 0 2 0 7 0 1 223 
2 0 7 0 0 0 1 223 
1 0 0 0 0 0 0 
1 0 0 0 0 0 3 225 226 227 
7 0 3 10 4 4 3 228 238 244 
10 0 5 8 9 8 3 230 231 237 
2 0 4 4 3 9 3 234 237 247 
6 0 7 5 9 10 3 229 232 233 
8 0 4 7 3 4 3 231 236 253 
1 0 2 6 9 7 3 236 238 244 
8 0 3 7 9 8 2 239 241 
1 0 10 4 8 3 3 234 239 243 
7 0 10 10 3 1 3 235 241 242 
4 0 4 1 4 5 3 240 246 249 
6 1 0 0 0 0 3 236 237 245 
4 0 7 7 8 10 2 239 254 
9 1 0 0 0 0 3 246 250 252 
10 0 8 1 3 9 3 241 242 243 
1 1 0 0 0 0 1 240 
7 0 10 2 8 5 1 252 
8 0 6 3 3 8 3 247 248 249 
6 1 0 0 0 0 3 245 250 251 
2 1 0 0 0 0 2 248 251 
5 0 6 5 9 1 3 245 246 250 
6 1 0 0 0 0 3 247 248 249 
2 0 2 10 8 4 1 251 
2 0 10 10 7 7 1 252 
6 0 6 7 9 5 1 254 
9 0 8 6 4 7 1 254 
4 0 7 5 7 7 1 253 
10 0 2 10 9 4 1 253 
3 0 7 9 6 6 1 255 
5 0 10 4 6 4 1 255 
8 0 9 4 4 9 1 255 
1 0 0 0 0 0 0 
1 0 0 0 0 0 3 257 258 259 
3 0 0 0 3 0 3 260 261 280 
2 0 0 9 9 4 3 265 268 273 
9 0 3 1 0 0 3 262 263 264 
6 0 0 5 1 9 3 264 265 269 
1 0 0 0 0 9 3 265 271 277 
10 0 5 0 1 4 3 266 267 275 
9 1 0 0 0 0 3 269 270 280 
9 0 0 9 2 0 3 273 274 281 
10 0 10 6 0 8 3 267 276 282 
4 0 0 0 4 0 3 268 270 273 
8 0 4 3 0 6 2 270 284 
10 1 0 0 0 0 3 269 272 274 
3 1 0 0 0 0 2 278 283 
9 0 0 9 1 8 1 285 
10 0 0 0 6 5 2 275 279 
4 1 0 0 0 0 3 278 280 284 
1 1 0 0 0 0 2 277 278 
2 0 2 0 0 0 2 276 277 
9 0 0 4 4 0 3 276 281 282 
1 1 0 0 0 0 1 283 
4 0 7 0 0 0 3 279 282 285 
10 0 0 0 6 0 2 279 285 
5 0 0 0 0 9 1 286 
9 0 6 7 0 0 1 281 
1 0 8 0 9 4 1 286 
2 0 0 0 0 9 1 283 
1 0 0 0 10 0 2 284 286 
7 0 1 0 6 0 1 287 
1 0 0 10 2 8 1 287 
5 0 6 0 2 9 1 287 
1 0 0 0 0 0 0 
1 0 0 0 0 0 3 289 290 291 
5 0 5 0 8 6 3 292 299 311 
3 0 7 8 0 9 3 293 295 302 
6 0 5 3 2 1 1 300 
2 0 3 3 0 8 1 306 
2 0 0 4 0 3 3 294 296 310 
9 0 4 8 8 8 3 297 303 312 
8 0 3 0 0 8 3 306 312 314 
8 0 8 1 3 0 1 298 
10 0 0 6 10 3 2 301 307 
7 0 4 0 6 4 2 306 308 
4 0 8 0 9 10 2 304 318 
1 0 10 0 7 2 2 302 307 
5 0 0 10 0 6 1 313 
8 0 7 0 8 2 3 303 310 314 
5 0 2 0 0 0 2 309 315 
4 0 10 7 0 3 1 305 
6 0 1 9 0 6 2 309 315 
4 1 0 0 0 0 2 307 309 
5 1 0 0 0 0 1 317 
10 1 0 0 0 0 3 311 313 314 
8 1 0 0 0 0 1 316 
7 0 5 4 10 2 2 311 313 
6 1 0 0 0 0 1 312 
7 0 5 9 0 8 2 315 316 
3 1 0 0 0 0 2 317 318 
7 0 6 0 4 6 2 316 318 
9 0 10 4 0 0 1 317 
2 0 8 5 0 0 1 319 
7 0 1 2 0 10 1 319 
8 0 5 10 8 3 1 319 
1 0 0 0 0 0 0 
1 0 0 0 0 0 3 321 322 323 
7 0 0 0 0 10 1 327 
8 0 9 0 0 0 3 329 331 343 
8 0 0 7 0 0 3 324 325 334 
7 0 0 0 9 0 3 326 330 345 
6 0 0 0 0 1 3 328 337 343 
7 0 0 0 0 2 1 336 
8 0 0 0 7 0 2 328 340 
7 0 0 2 0 0 3 339 342 347 
10 0 0 0 2 0 2 333 335 
5 0 0 0 0 1 3 332 333 344 
3 0 0 0 6 0 3 332 344 345 
3 0 0 6 0 0 1 348 
1 1 0 0 0 0 1 347 
1 0 0 0 7 0 2 337 338 
5 0 0 0 0 9 3 336 339 345 
9 0 0 1 0 0 3 337 338 346 
5 1 0 0 0 0 2 340 342 
1 1 0 0 0 0 2 342 350 
3 1 0 0 0 0 1 349 
9 0 0 0 3 0 1 341 
5 0 0 0 10 0 1 348 
6 0 0 0 7 0 1 348 
8 0 0 0 8 0 2 344 346 
10 1 0 0 0 0 1 350 
3 1 0 0 0 0 2 347 349 
8 0 0 0 9 0 1 349 
8 0 1 0 0 0 1 350 
6 0 8 0 0 0 1 351 
9 0 0 10 0 0 1 351 
6 0 0 0 7 0 1 351 
1 0 0 0 0 0 0 
1 0 0 0 0 0 3 353 354 355 
4 0 8 4 9 5 3 356 360 375 
4 0 5 3 6 2 3 359 365 374 
8 0 5 0 0 9 2 358 366 
2 0 0 1 4 0 2 357 362 
7 0 3 0 9 0 2 368 370 
4 1 0 0 0 0 1 361 
1 0 3 3 5 3 1 380 
9 0 4 7 1 4 3 362 364 371 
8 0 0 6 0 6 2 369 378 
5 1 0 0 0 0 3 363 372 373 
10 1 0 0 0 0 1 376 
10 0 1 7 0 8 1 367 
10 1 0 0 0 0 1 371 
4 0 0 1 4 3 1 374 
3 1 0 0 0 0 1 370 
2 0 0 9 8 7 2 372 374 
4 0 2 0 10 9 1 377 
7 0 8 1 1 10 1 381 
5 0 3 5 0 1 1 381 
7 0 7 2 5 1 1 379 
6 0 0 9 5 0 1 376 
5 1 0 0 0 0 2 377 378 
10 0 6 8 3 6 1 381 
1 0 5 3 4 0 1 377 
2 0 0 5 0 3 1 382 
1 0 1 10 8 10 2 379 382 
1 0 5 4 6 8 1 380 
10 0 0 7 0 1 1 383 
8 0 0 0 9 1 1 383 
3 0 4 1 0 0 1 383 
1 0 0 0 0 0 0 
1 0 0 0 0 0 3 385 386 387 
3 0 3 6 0 7 3 388 389 390 
5 0 8 6 0 2 3 396 399 404 
8 0 10 0 10 3 3 391 393 403 
5 0 0 6 6 0 3 392 394 395 
3 0 0 1 4 1 3 391 405 408 
5 0 7 7 7 10 3 392 397 398 
3 0 9 3 9 3 2 394 411 
10 0 0 1 7 2 3 400 403 407 
6 0 0 7 5 2 3 395 398 404 
7 0 6 1 2 6 3 396 397 398 
8 0 3 3 4 0 3 399 401 412 
7 1 0 0 0 0 2 400 402 
1 0 5 2 0 2 3 402 406 409 
8 0 0 0 1 8 3 400 401 407 
4 1 0 0 0 0 2 405 407 
6 0 1 2 0 6 2 406 410 
3 1 0 0 0 0 1 402 
9 1 0 0 0 0 1 413 
6 1 0 0 0 0 2 404 405 
5 0 9 7 8 8 3 406 408 409 
6 0 9 0 7 0 1 414 
7 0 2 6 0 3 2 412 414 
3 1 0 0 0 0 2 409 413 
9 0 2 0 8 0 3 410 411 413 
10 0 2 8 1 0 1 410 
6 0 1 0 5 7 1 414 
2 0 10 3 6 5 1 412 
9 0 5 2 10 8 1 415 
1 0 5 9 8 5 1 415 
5 0 7 0 6 7 1 415 
1 0 0 0 0 0 0 
1 0 0 0 0 0 3 417 418 419 
2 0 5 6 8 9 3 423 433 436 
10 0 6 9 1 7 3 426 430 438 
4 0 3 8 2 8 3 420 422 425 
5 0 3 8 6 9 2 421 438 
8 0 9 8 1 1 3 424 428 430 
9 0 8 1 10 5 3 429 431 435 
2 0 10 3 7 6 3 435 437 443 
1 1 0 0 0 0 3 426 434 439 
3 0 10 4 6 1 3 426 428 430 
1 1 0 0 0 0 3 427 429 443 
5 0 6 10 5 6 3 431 432 444 
8 0 5 10 10 8 3 431 434 439 
5 1 0 0 0 0 2 433 441 
6 0 3 1 10 4 3 432 434 443 
8 0 6 10 6 2 2 436 446 
9 1 0 0 0 0 3 433 435 440 
8 0 1 5 4 7 1 446 
2 1 0 0 0 0 3 436 440 441 
3 0 3 9 10 1 1 445 
8 0 1 10 4 8 1 442 
4 0 3 3 2 5 2 438 439 
1 1 0 0 0 0 2 441 442 
2 0 6 9 4 1 1 440 
5 0 9 8 2 2 1 442 
5 0 10 2 2 5 2 444 445 
3 0 10 5 4 7 1 445 
10 0 6 1 7 6 2 444 446 
6 0 8 8 6 5 1 447 
3 0 10 8 3 4 1 447 
6 0 7 3 2 6 1 447 
1 0 0 0 0 0 0 
1 0 0 0 0 0 3 449 450 451 
10 0 9 0 0 0 3 452 453 462 
8 0 9 4 10 0 3 454 460 465 
10 0 4 6 10 0 3 461 462 473 
2 1 0 0 0 0 3 455 458 460 
9 0 5 0 0 5 3 457 458 465 
9 0 0 10 6 0 3 456 458 461 
2 1 0 0 0 0 3 465 466 467 
9 1 0 0 0 0 2 459 462 
10 1 0 0 0 0 3 460 464 469 
10 1 0 0 0 0 3 467 474 475 
8 1 0 0 0 0 3 463 466 469 
9 0 0 5 6 0 2 468 470 
9 0 0 0 8 0 2 470 472 
3 0 0 0 8 0 1 463 
6 0 1 0 0 1 2 464 474 
6 0 7 0 6 2 3 468 471 477 
10 0 9 5 0 0 2 474 475 
9 0 0 0 10 4 3 468 471 473 
2 1 0 0 0 0 2 469 470 
4 0 0 0 0 5 2 472 475 
10 0 0 5 0 10 3 471 472 473 
1 0 3 2 1 4 2 477 478 
9 0 4 0 0 3 1 478 
5 0 0 0 5 5 1 476 
2 0 0 0 0 3 1 476 
8 0 0 7 0 0 1 477 
8 0 1 3 3 0 2 476 478 
1 0 4 2 0 0 1 479 
8 0 4 7 2 6 1 479 
1 0 0 10 4 7 1 479 
1 0 0 0 0 0 0 
1 0 0 0 0 0 3 481 482 483 
1 0 10 3 7 10 2 485 491 
3 0 8 6 8 2 3 484 488 508 
5 0 6 0 3 0 3 486 499 503 
4 0 10 0 0 8 2 487 504 
2 0 10 9 9 10 3 492 498 509 
5 0 4 2 6 2 2 490 501 
10 0 8 7 3 0 3 489 499 505 
8 0 8 10 4 4 1 500 
4 0 1 3 5 0 2 493 502 
9 0 10 0 0 2 3 495 497 498 
6 0 7 0 0 0 2 492 503 
4 0 0 1 6 8 3 494 496 501 
9 1 0 0 0 0 3 494 496 498 
2 1 0 0 0 0 2 495 500 
3 0 4 0 0 2 1 510 
8 0 5 0 8 3 2 500 506 
5 1 0 0 0 0 3 502 504 505 
5 1 0 0 0 0 1 507 
9 0 4 0 10 4 2 501 509 
7 0 6 2 9 1 1 510 
6 1 0 0 0 0 1 502 
10 0 0 10 0 6 1 507 
9 0 3 0 2 9 2 504 506 
8 0 1 3 7 9 1 509 
1 1 0 0 0 0 1 506 
9 0 1 0 1 9 1 507 
3 0 9 2 7 9 1 510 
9 0 10 3 1 9 1 511 
2 1 0 0 0 0 1 511 
7 0 6 4 0 1 1 511 
1 0 0 0 0 0 0 
68.3 62.68 59.91 59.39 64.4 80.43 104.77 130.48 130 122.16 115.04 111.39 107.25 116.21 123.49 130 136.85 144.55 139.98 130 120 107.01 108.05 97.76 102.75 98.2 96.12 91.17 95.75 101.04 122.46 135.74 141.88 136.92 135 134.72 139.37 139.2 138.38 141.45 142.72 146.64 142.08 132.35 124.79 110.52 110.91 98.04 98 95.01 95.01 92 92.48 94.73 119.92 139.33 150.59 131.54 115.28 104 96.27 106.12 121.81 125.57 131.9 134.1 129.89 119.32 107.19 90.83 91.13 75.07 64.97 46.05 41.12 30.13 58.92 70.41 130.61 124.76 125.57 101.84 89.06 85.9 85 91.21 95 100.1 95.11 105 98.65 114.63 87 72.31 72.15 19.56 11.39 11.26 4.38 2.29 8 32.97 83.69 105.31 117.37 105.17 100 93.71 89.68 90.13 102 109.46 113.02 107.69 109.44 102 89.16 79.09 80.38 76.1 78.07 74.03 72.07 71.61 69.99 74.19 79.81 87.08 94.29 91.63 89.17 87.06 84.72 82.98 90.09 97.02 115.06 124.1 127.56 127.2 121.38 114.28 102.41 89.57 72.58 83.37 76.87 74.67 76.85 76.57 82.01 80.19 78.8 83.95 75.19 93.19 88.98 99.02 115.1 123.26 134.15 143.82 148.59 143.3 135.91 122.41 118.99 99.66 68.3 62.68 59.91 59.39 64.4 80.43 104.77 130.48 130 122.16 115.04 111.39 107.25 116.21 123.49 130 136.85 144.55 139.98 130 120 107.01 108.05 97.76 102.75 98.2 96.12 91.17 95.75 101.04 122.46 135.74 141.88 136.92 135 134.72 139.37 139.2 138.38 141.45 142.72 146.64 142.08 132.35 124.79 110.52 110.91 98.04 98 95.01 95.01 92 92.48 94.73 119.92 139.33 150.59 131.54 115.28 104 96.27 106.12 121.81 125.57 131.9 134.1 129.89 119.32 107.19 90.83 91.13 75.07 64.97 46.05 41.12 30.13 58.92 70.41 130.61 124.76 125.57 101.84 89.06 85.9 85 91.21 95 100.1 95.11 105 98.65 114.63 87 72.31 72.15 19.56 11.39 11.26 4.38 2.29 8 32.97 83.69 105.31 117.37 105.17 100 93.71 89.68 90.13 102 109.46 113.02 107.69 109.44 102 89.16 79.09 80.38 76.1 78.07 74.03 72.07 71.61 69.99 74.19 79.81 87.08 94.29 91.63 89.17 87.06 84.72 82.98 90.09 97.02 115.06 124.1 127.56 127.2 121.38 114.28 102.41 89.57 72.58 83.37 76.87 74.67 76.85 76.57 82.01 80.19 78.8 83.95 75.19 93.19 88.98 99.02 115.1 123.26 134.15 143.82 148.59 143.3 135.91 122.41 118.99 99.66 68.3 62.68 59.91 59.39 64.4 80.43 104.77 130.48 130 122.16 115.04 111.39 107.25 116.21 123.49 130 136.85 144.55 139.98 130 120 107.01 108.05 97.76 102.75 98.2 96.12 91.17 95.75 101.04 122.46 135.74 141.88 136.92 135 134.72 139.37 139.2 138.38 141.45 142.72 146.64 142.08 132.35 124.79 110.52 110.91 98.04 98 95.01 95.01 92 92.48 94.73 119.92 139.33 150.59 131.54 115.28 104 96.27 106.12 121.81 125.57 131.9 134.1 129.89 119.32 107.19 90.83 91.13 75.07 64.97 46.05 41.12 30.13 58.92 70.41 130.61 124.76 125.57 101.84 89.06 85.9 85 91.21 95 100.1 95.11 105 98.65 114.63 87 72.31 72.15 19.56 11.39 11.26 4.38 2.29 8 32.97 83.69 105.31 117.37 105.17 100 93.71 89.68 90.13 102 109.46 113.02 107.69 109.44 102 89.16 79.09 80.38 76.1 78.07 74.03 72.07 71.61 69.99 74.19 79.81 87.08 94.29 91.63 89.17 87.06 84.72 82.98 90.09 97.02 115.06 124.1 127.56 127.2 121.38 114.28 102.41 89.57 72.58 83.37 76.87 74.67 76.85 76.57 82.01 80.19 78.8 83.95 75.19 93.19 88.98 99.02 115.1 123.26 134.15 143.82 148.59 143.3 135.91 122.41 118.99 99.66 68.3 62.68 59.91 59.39 64.4 80.43 104.77 130.48 130 122.16 115.04 111.39 107.25 116.21 123.49 130 136.85 144.55 139.98 130 120 107.01 108.05 97.76 102.75 98.2 96.12 91.17 95.75 101.04 122.46 135.74 141.88 136.92 135 134.72 139.37 139.2 138.38 141.45 142.72 146.64 142.08 132.35 124.79 110.52 110.91 98.04 98 95.01 95.01 92 92.48 94.73 119.92 139.33 150.59 131.54 115.28 104 96.27 106.12 121.81 125.57 131.9 134.1 129.89 119.32 107.19 90.83 91.13 75.07 64.97 46.05 41.12 30.13 58.92 70.41 130.61 124.76 125.57 101.84 89.06 85.9 85 91.21 95 100.1 95.11 105 98.65 114.63 87 72.31 72.15 19.56 11.39 11.26 4.38 2.29 8 32.97 83.69 105.31 117.37 105.17 100 93.71 89.68 90.13 102 109.46 113.02 107.69 109.44 102 89.16 79.09 80.38 76.1 78.07 74.03 72.07 71.61 69.99 74.19 79.81 87.08 94.29 91.63 89.17 87.06 84.72 82.98 90.09 97.02 115.06 124.1 127.56 127.2 121.38 114.28 102.41 89.57 72.58 83.37 76.87 74.67 76.85 76.57 82.01 80.19 78.8 83.95 75.19 93.19 88.98 99.02 115.1 123.26 134.15 143.82 148.59 143.3 135.91 122.41 118.99 99.66 68.3 62.68 59.91 59.39 64.4 80.43 104.77 130.48 130 122.16 115.04 111.39 107.25 116.21 123.49 130 136.85 144.55 139.98 130 120 107.01 108.05 97.76 102.75 98.2 96.12 91.17 95.75 101.04 122.46 135.74 141.88 136.92 135 134.72 139.37 139.2 138.38 141.45 142.72 146.64 142.08 132.35 124.79 110.52 110.91 98.04 98 95.01 95.01 92 92.48 94.73 119.92 139.33 150.59 131.54 115.28 104 96.27 106.12 121.81 125.57 131.9 134.1 129.89 119.32 107.19 90.83 91.13 75.07 64.97 46.05 41.12 30.13 58.92 70.41 130.61 124.76 125.57 101.84 89.06 85.9 85 91.21 95 100.1 95.11 105 98.65 114.63 87 72.31 72.15 19.56 11.39 11.26 4.38 2.29 8 32.97 83.69 105.31 117.37 105.17 100 93.71 89.68 90.13 102 109.46 113.02 107.69 109.44 102 89.16 79.09 80.38 76.1 78.07 74.03 72.07 71.61 69.99 74.19 79.81 87.08 94.29 91.63 89.17 87.06 84.72 82.98 90.09 97.02 115.06 124.1 127.56 127.2 121.38 114.28 102.41 89.57 72.58 83.37 76.87 74.67 76.85 76.57 82.01 80.19 78.8 83.95 75.19 93.19 88.98 99.02 115.1 123.26 134.15 143.82 148.59 143.3 135.91 122.41 118.99 99.66 68.3 62.68 59.91 59.39 64.4 80.43 104.77 130.48 130 122.16 115.04 111.39 107.25 116.21 123.49 130 136.85 144.55 139.98 130 120 107.01 108.05 97.76 102.75 98.2 96.12 91.17 95.75 101.04 122.46 135.74 141.88 136.92 135 134.72 139.37 139.2 138.38 141.45 142.72 146.64 142.08 132.35 124.79 110.52 110.91 98.04 98 95.01 95.01 92 92.48 94.73 119.92 139.33 150.59 131.54 115.28 104 96.27 106.12 121.81 125.57 131.9 134.1 129.89 119.32 107.19 90.83 91.13 75.07 64.97 46.05 41.12 30.13 58.92 70.41 130.61 124.76 125.57 101.84 89.06 85.9 85 91.21 95 100.1 95.11 105 98.65 114.63 87 72.31 72.15 19.56 11.39 11.26 4.38 2.29 8 32.97 83.69 105.31 117.37 105.17 100 93.71 89.68 90.13 102 109.46 113.02 107.69 109.44 102 89.16 79.09 80.38 76.1 78.07 74.03 
