544 5
1 40 34 45 34 
1 0 0 0 0 0 3 1 2 3 
5 0 6 0 6 3 3 5 7 23 
4 0 0 10 0 1 3 10 13 16 
10 0 0 0 7 1 3 4 6 8 
10 0 0 1 6 7 3 10 13 16 
2 0 0 3 6 6 2 17 21 
3 0 9 10 1 3 3 14 21 27 
9 0 6 10 1 0 3 9 10 14 
9 1 0 0 0 0 3 15 23 29 
3 0 9 1 5 4 3 11 13 24 
9 1 0 0 0 0 3 17 18 24 
2 0 9 0 1 9 3 12 18 25 
10 1 0 0 0 0 3 15 20 29 
2 1 0 0 0 0 2 20 22 
4 0 3 5 0 3 3 19 20 25 
1 1 0 0 0 0 2 17 19 
4 0 0 8 0 0 3 18 21 23 
7 0 2 3 0 9 2 22 30 
1 1 0 0 0 0 3 19 22 26 
7 0 3 1 9 0 1 28 
6 0 5 0 2 1 1 30 
2 1 0 0 0 0 3 24 25 28 
8 0 4 0 0 8 1 27 
7 0 10 0 8 6 1 27 
2 1 0 0 0 0 2 26 30 
1 0 1 9 7 8 1 26 
10 0 8 2 7 0 1 29 
1 0 9 2 9 9 1 28 
10 0 3 2 1 8 1 31 
10 0 0 1 4 8 1 31 
3 0 0 4 9 6 1 31 
1 0 0 0 0 0 0 
1 0 0 0 0 0 3 33 34 35 
1 0 7 0 2 0 2 50 60 
3 0 0 3 3 6 3 38 41 51 
8 0 9 0 3 4 3 36 37 47 
1 0 4 0 7 7 3 39 42 44 
4 0 2 0 0 0 2 43 45 
4 0 9 0 0 8 1 46 
3 0 10 5 10 0 1 40 
7 1 0 0 0 0 1 53 
9 0 8 0 0 0 2 52 55 
2 0 2 0 2 0 1 48 
8 0 0 10 6 0 1 48 
6 0 0 9 2 0 3 54 56 58 
2 1 0 0 0 0 1 57 
8 1 0 0 0 0 2 54 56 
9 0 0 7 0 10 3 49 59 61 
2 1 0 0 0 0 1 62 
10 0 0 0 0 6 2 58 60 
8 0 10 0 0 0 1 56 
7 0 0 4 3 8 1 59 
5 0 5 6 0 0 1 57 
5 1 0 0 0 0 1 54 
8 0 0 9 3 1 1 60 
8 0 6 0 0 10 1 61 
1 1 0 0 0 0 1 57 
10 0 8 0 0 0 1 59 
5 0 6 0 0 4 1 62 
10 0 4 7 3 10 1 62 
3 0 0 1 0 0 1 63 
8 0 0 0 7 0 1 63 
10 0 0 0 2 0 1 63 
1 0 0 0 0 0 0 
1 0 0 0 0 0 3 65 66 67 
7 0 0 7 0 1 3 71 79 83 
5 0 0 0 6 6 3 70 72 84 
8 0 10 8 5 1 3 68 69 90 
1 0 4 0 1 0 1 75 
3 0 0 9 0 10 2 73 84 
3 0 0 10 0 4 2 73 81 
1 0 2 2 9 0 2 82 84 
6 0 0 8 0 6 2 74 78 
2 0 0 0 10 0 2 80 85 
8 0 4 0 0 3 3 75 76 86 
2 1 0 0 0 0 1 88 
5 0 0 8 0 0 3 77 87 90 
5 1 0 0 0 0 3 81 93 94 
7 0 0 0 0 1 2 79 82 
10 1 0 0 0 0 3 81 85 91 
1 0 0 5 3 0 1 83 
2 1 0 0 0 0 1 92 
9 1 0 0 0 0 1 91 
3 0 0 3 3 0 2 88 89 
5 0 4 6 1 0 2 93 94 
7 1 0 0 0 0 2 87 92 
10 0 6 0 0 8 3 88 89 90 
4 0 0 2 0 2 1 89 
10 0 9 0 1 6 1 94 
9 0 0 0 6 0 1 93 
2 0 0 0 2 0 1 91 
6 0 6 0 6 9 1 92 
4 0 6 5 0 0 1 95 
5 0 0 2 0 0 1 95 
8 0 0 0 8 0 1 95 
1 0 0 0 0 0 0 
1 0 0 0 0 0 3 97 98 99 
6 0 5 0 0 0 2 100 103 
5 0 5 2 8 10 3 104 106 115 
3 0 8 0 0 0 2 104 107 
3 0 3 0 5 0 1 101 
8 0 7 6 0 0 2 102 117 
6 0 1 0 1 0 1 124 
8 0 0 7 0 9 3 109 110 120 
8 0 0 0 9 0 3 105 108 118 
6 0 0 8 2 0 1 114 
10 0 9 0 0 0 2 107 116 
8 0 0 0 2 7 1 124 
8 0 5 2 2 0 2 111 112 
6 0 0 0 0 5 2 113 119 
5 0 10 7 2 4 2 113 117 
2 1 0 0 0 0 2 113 116 
9 0 0 0 0 9 2 119 126 
7 1 0 0 0 0 1 123 
5 1 0 0 0 0 1 119 
4 0 2 0 8 0 1 122 
3 1 0 0 0 0 1 125 
10 1 0 0 0 0 1 123 
8 0 0 0 0 9 1 124 
6 0 0 7 0 3 1 121 
1 0 9 5 6 0 1 121 
8 0 7 0 4 0 1 122 
6 0 5 0 8 7 1 125 
5 0 0 0 10 0 1 126 
8 1 0 0 0 0 1 127 
1 0 10 0 5 7 1 127 
9 0 0 8 0 0 1 127 
1 0 0 0 0 0 0 
1 0 0 0 0 0 3 129 130 131 
6 0 0 0 6 0 3 132 134 137 
10 0 2 0 0 0 2 148 154 
8 0 0 1 0 0 1 135 
7 0 2 0 0 0 2 133 136 
2 0 4 0 0 0 2 142 156 
4 0 0 0 0 9 2 138 147 
1 0 10 0 0 0 3 145 146 149 
4 0 0 0 0 4 1 139 
7 0 0 3 0 0 3 140 151 152 
9 0 0 0 0 5 2 141 150 
6 0 0 0 9 0 1 151 
2 0 0 0 2 0 1 147 
6 1 0 0 0 0 1 149 
6 0 0 0 1 0 3 143 144 155 
7 1 0 0 0 0 1 158 
4 0 0 8 0 0 2 145 153 
3 1 0 0 0 0 1 157 
9 0 0 9 0 0 1 147 
1 0 6 0 0 0 1 157 
4 0 3 0 0 0 1 150 
7 0 0 0 9 0 1 155 
2 1 0 0 0 0 1 155 
5 1 0 0 0 0 2 154 157 
8 0 0 5 0 0 1 153 
1 1 0 0 0 0 1 154 
6 0 0 0 0 6 1 158 
9 0 6 0 0 0 1 158 
8 0 0 0 9 0 1 159 
8 0 0 0 0 3 1 159 
6 0 0 0 8 0 1 159 
1 0 0 0 0 0 0 
1 0 0 0 0 0 3 161 162 163 
1 0 0 0 0 2 3 171 178 184 
2 0 0 0 5 0 2 164 169 
7 0 0 0 10 0 3 167 168 174 
7 0 8 0 0 0 3 165 175 178 
4 0 0 0 3 0 3 166 170 176 
3 1 0 0 0 0 3 172 179 186 
2 0 0 0 2 0 3 172 175 187 
5 0 0 0 0 3 3 169 173 176 
8 0 0 4 0 0 3 170 171 179 
10 1 0 0 0 0 3 172 177 181 
6 0 0 0 1 0 3 175 181 189 
7 0 1 0 0 0 2 180 189 
8 0 0 0 0 6 3 177 178 184 
9 0 0 0 10 0 3 176 180 185 
7 0 0 0 2 0 2 188 190 
6 1 0 0 0 0 3 179 183 188 
9 1 0 0 0 0 3 180 182 185 
4 1 0 0 0 0 3 181 182 185 
1 1 0 0 0 0 1 184 
3 0 0 1 0 0 1 183 
5 1 0 0 0 0 2 183 187 
3 0 10 0 0 0 1 186 
2 0 0 8 0 0 1 190 
4 0 0 0 9 0 1 189 
1 1 0 0 0 0 1 186 
9 0 0 10 0 0 2 187 190 
6 0 8 0 0 0 1 188 
3 0 0 0 0 3 1 191 
1 0 0 0 6 0 1 191 
6 0 0 3 0 0 1 191 
1 0 0 0 0 0 0 
1 0 0 0 0 0 3 193 194 195 
10 0 8 10 7 4 2 197 199 
8 0 1 5 2 7 1 202 
6 0 8 5 1 10 2 196 202 
3 0 2 2 10 4 1 199 
4 0 6 7 4 7 3 198 205 208 
10 0 10 4 6 8 3 200 206 207 
5 0 7 7 1 8 2 201 213 
10 1 0 0 0 0 2 204 219 
10 0 3 6 6 8 3 203 209 214 
7 0 9 1 4 1 1 204 
6 0 7 9 3 4 3 207 216 218 
5 0 8 5 3 3 2 218 221 
10 0 9 8 6 5 3 212 217 220 
4 1 0 0 0 0 1 211 
9 1 0 0 0 0 2 215 217 
7 0 2 10 4 5 3 209 210 212 
6 1 0 0 0 0 2 211 217 
8 0 6 3 8 1 3 211 213 215 
7 0 3 3 1 5 3 216 218 221 
9 0 8 1 4 4 1 214 
10 0 5 7 5 4 1 216 
4 0 3 2 8 5 1 215 
4 0 4 6 3 7 1 222 
3 0 4 1 4 9 2 220 222 
10 0 1 8 8 4 2 219 222 
2 0 1 8 6 4 1 220 
3 0 9 3 5 9 1 221 
8 0 8 3 9 4 1 223 
10 0 10 6 8 4 1 223 
6 0 7 5 3 10 1 223 
1 0 0 0 0 0 0 
1 0 0 0 0 0 3 225 226 227 
4 0 4 0 0 0 3 229 234 236 
7 0 8 0 0 0 3 228 230 239 
8 0 10 0 0 0 3 228 232 236 
5 0 0 0 0 8 3 235 237 244 
7 0 0 0 6 0 3 233 240 249 
5 0 0 0 0 1 3 231 236 246 
1 0 0 5 0 0 3 235 238 253 
1 0 0 0 0 1 3 237 239 242 
4 0 0 0 2 0 3 237 239 247 
10 0 2 0 0 0 3 235 249 250 
2 0 0 0 10 0 2 240 243 
8 0 3 0 0 0 3 238 240 247 
7 0 0 10 0 0 3 238 241 248 
1 1 0 0 0 0 2 245 252 
5 0 0 0 1 0 3 246 248 252 
2 0 0 0 6 0 1 245 
3 0 0 0 7 0 1 243 
1 0 3 0 0 0 3 244 248 249 
1 0 0 0 5 0 1 252 
7 1 0 0 0 0 3 245 246 247 
4 0 10 0 0 0 1 254 
7 0 7 0 0 0 2 251 254 
8 1 0 0 0 0 2 250 251 
7 0 0 0 10 0 2 250 253 
4 1 0 0 0 0 1 251 
7 0 6 0 0 0 1 254 
4 0 0 8 0 0 1 253 
5 0 0 5 0 0 1 255 
7 0 2 0 0 0 1 255 
7 0 0 0 6 0 1 255 
1 0 0 0 0 0 0 
1 0 0 0 0 0 3 257 258 259 
6 0 1 0 0 2 1 262 
9 0 7 7 3 0 2 263 268 
7 0 10 0 10 3 3 260 261 273 
1 0 1 0 8 9 2 266 270 
2 0 0 0 5 9 3 264 267 272 
5 0 5 0 10 0 2 265 275 
7 0 0 0 3 9 2 277 281 
7 0 0 5 1 0 2 271 279 
7 0 7 2 0 0 2 280 284 
1 0 8 0 3 10 1 268 
3 0 5 6 0 0 2 283 285 
1 0 0 7 0 8 3 269 274 284 
8 0 8 0 10 4 1 278 
1 0 9 0 0 0 1 282 
7 1 0 0 0 0 1 282 
1 0 0 0 10 0 1 274 
2 0 3 7 0 0 1 280 
6 0 0 0 0 8 1 276 
4 0 0 9 5 0 2 279 285 
9 1 0 0 0 0 1 280 
6 0 4 0 0 10 1 286 
5 1 0 0 0 0 1 282 
2 1 0 0 0 0 2 281 286 
9 0 9 0 8 0 1 286 
1 1 0 0 0 0 1 283 
2 0 5 4 0 0 1 285 
8 1 0 0 0 0 1 284 
5 0 0 9 9 5 1 287 
5 0 5 6 0 0 1 287 
10 0 4 4 8 6 1 287 
1 0 0 0 0 0 0 
1 0 0 0 0 0 3 289 290 291 
9 0 3 0 0 5 3 295 304 307 
10 0 6 8 4 3 3 292 293 298 
6 0 3 1 1 4 3 296 298 301 
9 0 5 5 1 4 3 301 303 309 
4 0 3 9 1 7 2 294 305 
8 0 3 1 6 1 3 297 300 302 
3 0 2 4 10 0 3 296 298 301 
4 0 3 0 6 0 3 300 303 311 
7 1 0 0 0 0 3 299 303 309 
5 0 5 0 9 5 3 299 305 308 
2 0 9 0 9 0 3 310 317 318 
1 1 0 0 0 0 3 306 314 316 
10 0 6 3 8 4 2 305 313 
9 1 0 0 0 0 2 307 316 
1 1 0 0 0 0 3 306 308 310 
8 0 6 10 6 10 3 306 310 314 
6 1 0 0 0 0 3 311 312 318 
9 1 0 0 0 0 1 313 
2 1 0 0 0 0 2 309 311 
5 1 0 0 0 0 2 312 315 
1 1 0 0 0 0 2 313 315 
5 0 5 6 2 0 1 312 
10 0 7 10 3 3 2 314 315 
4 0 5 6 3 9 1 316 
6 0 3 4 3 10 1 318 
7 0 9 6 0 0 1 317 
8 0 0 5 1 0 1 317 
10 0 10 0 7 2 1 319 
10 0 0 0 9 2 1 319 
4 0 8 3 0 1 1 319 
1 0 0 0 0 0 0 
1 0 0 0 0 0 3 321 322 323 
8 0 10 9 4 7 3 327 340 348 
8 0 9 5 9 9 3 324 325 339 
5 0 8 10 8 1 3 327 328 337 
2 0 8 5 3 10 1 326 
6 0 10 2 8 6 2 332 333 
10 0 7 1 9 5 2 329 335 
8 1 0 0 0 0 3 331 344 345 
6 0 10 3 8 7 1 330 
5 0 2 5 10 5 3 331 334 336 
3 1 0 0 0 0 2 338 343 
6 0 6 2 2 7 1 347 
7 0 9 2 3 3 3 334 338 346 
3 0 5 6 3 4 3 334 343 346 
10 1 0 0 0 0 2 340 347 
10 1 0 0 0 0 2 338 342 
10 0 7 1 8 6 1 341 
3 1 0 0 0 0 2 339 343 
1 1 0 0 0 0 1 340 
5 0 2 2 9 2 2 342 350 
9 0 1 1 1 3 3 344 345 350 
7 0 9 5 7 8 3 342 346 348 
2 0 8 2 2 1 1 349 
5 0 2 2 5 5 1 348 
7 0 7 10 3 10 1 349 
8 0 1 10 7 4 1 349 
9 0 9 10 7 7 1 347 
8 0 3 6 7 10 1 350 
9 0 6 9 10 2 1 351 
1 0 5 9 7 3 1 351 
6 0 2 8 6 10 1 351 
1 0 0 0 0 0 0 
1 0 0 0 0 0 3 353 354 355 
1 0 0 4 0 0 3 363 365 378 
3 0 9 0 0 0 3 356 369 370 
6 0 0 9 0 5 3 358 359 361 
8 0 1 0 0 2 3 357 358 360 
1 0 0 1 2 6 3 363 364 367 
10 0 0 4 8 2 3 372 374 381 
5 0 0 0 7 2 3 362 369 371 
10 0 7 10 10 10 3 361 363 371 
2 0 4 0 0 0 3 372 376 378 
3 0 4 0 0 1 3 365 366 382 
3 1 0 0 0 0 3 368 372 373 
1 1 0 0 0 0 3 371 374 378 
10 0 0 6 0 0 3 367 370 377 
3 0 5 0 0 1 3 367 368 370 
2 0 0 9 9 0 1 375 
10 1 0 0 0 0 2 375 377 
1 1 0 0 0 0 1 376 
6 0 7 4 6 0 2 373 374 
8 1 0 0 0 0 2 373 376 
2 1 0 0 0 0 1 379 
4 0 5 5 0 0 2 379 381 
9 0 2 0 7 0 1 375 
2 0 1 0 5 0 1 380 
4 1 0 0 0 0 2 377 382 
1 1 0 0 0 0 2 380 381 
7 1 0 0 0 0 2 379 382 
10 0 6 8 0 10 1 380 
9 0 2 0 0 8 1 383 
4 0 0 0 0 9 1 383 
6 0 0 0 1 8 1 383 
1 0 0 0 0 0 0 
1 0 0 0 0 0 3 385 386 387 
4 0 5 6 7 7 3 393 395 403 
5 0 8 7 6 10 3 389 399 405 
3 0 6 9 4 6 2 388 389 
6 0 8 2 10 4 3 392 395 402 
6 0 5 6 4 10 3 390 393 394 
1 0 7 5 10 6 3 391 400 403 
1 0 4 9 8 9 3 398 401 410 
10 0 8 4 1 7 3 399 403 405 
5 0 4 6 6 5 3 396 398 408 
6 0 2 10 1 9 3 396 406 407 
5 0 3 1 9 4 3 396 399 407 
3 1 0 0 0 0 3 397 400 412 
9 1 0 0 0 0 2 410 413 
9 0 6 9 3 6 3 406 412 414 
7 0 6 1 10 8 3 400 401 411 
9 0 3 2 5 6 3 404 409 413 
6 0 1 9 1 10 1 408 
2 0 4 3 8 10 2 404 405 
4 1 0 0 0 0 2 404 406 
1 0 5 2 9 5 1 410 
4 1 0 0 0 0 3 407 408 411 
9 0 3 1 3 4 1 411 
9 0 2 7 10 4 1 409 
4 0 2 2 5 9 2 409 412 
3 0 9 5 2 7 1 414 
6 0 5 6 9 9 1 414 
8 0 1 9 7 3 1 413 
4 0 2 7 10 8 1 415 
2 0 6 9 4 5 1 415 
1 0 9 6 7 9 1 415 
1 0 0 0 0 0 0 
1 0 0 0 0 0 3 417 418 419 
3 0 3 0 0 0 1 421 
2 0 3 0 0 0 3 420 429 444 
9 0 8 0 0 0 1 432 
3 0 0 0 3 0 3 423 434 439 
10 0 0 0 0 6 3 422 426 429 
2 0 2 0 0 0 1 433 
2 0 10 0 0 0 3 424 428 430 
10 0 0 0 4 0 1 425 
5 0 0 0 3 0 1 436 
2 0 0 0 4 0 2 427 431 
5 0 0 9 0 0 2 433 435 
3 0 7 0 0 0 1 436 
4 0 5 0 0 0 1 438 
8 0 0 0 6 0 1 433 
3 0 8 0 0 0 1 440 
4 1 0 0 0 0 1 445 
3 1 0 0 0 0 1 443 
10 0 0 0 10 0 2 438 442 
3 0 0 6 0 0 3 437 439 441 
8 1 0 0 0 0 1 441 
10 1 0 0 0 0 2 440 442 
8 1 0 0 0 0 1 441 
8 0 0 0 0 7 1 446 
6 0 0 7 0 0 2 445 446 
10 0 0 0 1 0 1 443 
9 0 0 0 0 5 1 445 
1 0 0 0 8 0 1 446 
9 0 0 0 5 0 1 447 
9 0 2 0 0 0 1 447 
1 0 0 6 0 0 1 447 
1 0 0 0 0 0 0 
1 0 0 0 0 0 3 449 450 451 
7 0 9 4 8 9 1 452 
4 0 0 0 3 0 3 453 455 464 
4 0 2 0 0 0 3 456 458 465 
5 0 10 9 5 3 3 454 467 468 
2 0 0 0 0 10 2 462 473 
1 0 8 0 0 0 1 461 
7 0 0 10 8 0 1 469 
3 0 3 10 0 5 1 457 
7 0 7 0 0 0 1 464 
6 0 5 0 9 7 2 459 464 
8 0 0 0 1 6 3 460 466 471 
3 1 0 0 0 0 1 463 
1 0 7 10 6 0 2 470 476 
8 0 4 2 10 0 2 474 477 
5 1 0 0 0 0 1 476 
3 0 0 0 3 7 1 475 
8 0 10 3 10 0 2 467 472 
2 1 0 0 0 0 1 472 
5 0 10 7 0 0 2 473 477 
7 0 0 0 7 2 2 474 478 
8 0 0 9 4 8 1 475 
8 1 0 0 0 0 1 472 
5 1 0 0 0 0 1 473 
7 0 10 0 7 0 1 478 
6 0 0 0 7 0 1 475 
4 1 0 0 0 0 1 476 
2 0 0 1 0 0 1 478 
7 0 0 0 0 3 1 479 
4 0 0 0 1 3 1 479 
10 0 3 0 5 0 1 479 
1 0 0 0 0 0 0 
1 0 0 0 0 0 3 481 482 483 
10 0 8 10 7 4 2 485 487 
8 0 1 5 2 7 1 490 
6 0 8 5 1 10 2 484 490 
3 0 2 2 10 4 1 487 
4 0 6 7 4 7 3 486 493 496 
10 0 10 4 6 8 3 488 494 495 
5 0 7 7 1 8 2 489 501 
10 1 0 0 0 0 2 492 507 
10 0 3 6 6 8 3 491 497 502 
7 0 9 1 4 1 1 492 
6 1 0 0 0 0 3 495 504 506 
5 0 8 5 3 3 2 506 509 
10 1 0 0 0 0 3 500 505 508 
4 0 5 10 5 6 1 499 
9 1 0 0 0 0 2 503 505 
7 0 2 10 4 5 3 497 498 500 
6 0 1 1 3 5 2 499 505 
8 0 6 3 8 1 3 499 501 503 
7 0 3 3 1 5 3 504 506 509 
9 0 8 1 4 4 1 502 
10 0 5 7 5 4 1 504 
4 0 3 2 8 5 1 503 
4 0 4 6 3 7 1 510 
3 0 4 1 4 9 2 508 510 
10 0 1 8 8 4 2 507 510 
2 0 1 8 6 4 1 508 
3 0 9 3 5 9 1 509 
8 0 8 3 9 4 1 511 
10 0 10 6 8 4 1 511 
6 0 7 5 3 10 1 511 
1 0 0 0 0 0 0 
1 0 0 0 0 0 3 513 514 515 
6 0 0 0 0 2 3 522 531 539 
6 0 0 0 0 8 2 517 521 
7 0 0 0 0 2 3 516 518 521 
6 0 4 0 0 0 3 519 520 532 
10 0 0 0 8 0 3 522 532 537 
7 0 0 6 0 0 3 523 524 532 
10 0 0 0 0 9 3 526 527 530 
4 0 0 7 0 0 3 522 524 534 
6 0 2 0 0 0 3 525 531 536 
8 1 0 0 0 0 2 529 533 
8 0 0 4 0 0 3 525 528 533 
8 0 1 0 0 0 3 530 533 542 
4 1 0 0 0 0 3 526 527 541 
2 1 0 0 0 0 2 529 534 
5 0 2 0 0 0 3 535 538 542 
2 1 0 0 0 0 3 529 530 534 
8 0 0 0 0 4 1 538 
1 1 0 0 0 0 3 531 536 538 
2 1 0 0 0 0 2 535 537 
7 1 0 0 0 0 3 535 539 541 
6 0 0 3 0 0 1 536 
9 1 0 0 0 0 2 537 539 
1 0 0 0 3 0 1 540 
5 0 10 0 0 0 1 541 
5 0 0 0 8 0 1 540 
2 0 0 0 2 0 1 540 
7 0 2 0 0 0 1 542 
2 0 0 0 3 0 1 543 
10 0 7 0 0 0 1 543 
9 0 0 0 0 8 1 543 
1 0 0 0 0 0 0 
109.09 102.03 95.61 88.4 90.59 97.85 119.84 130.08 112.54 94.61 72.84 70.65 78.04 124.7 110.55 77.39 85.66 105.03 102.7 117.33 119.78 128.45 131.67 114.52 102.15 97.28 87.79 85.61 86.76 96.03 103.98 114.49 110 94.11 84.18 79.35 80.81 85.12 91.65 89.95 78.04 114.21 135 168.37 188.29 158.97 139.26 118.02 108.11 101.81 97.25 96.75 98.78 104.17 126.07 124.33 117.96 99.9 96.42 91.16 86.88 83.87 85.11 78.7 86.2 80.88 125.81 108.49 132.5 126.76 121.83 107.67 101.27 97 87.55 88.71 90.47 92.04 106.74 114.45 111.45 98.69 86.49 80.91 81.27 73.03 78.27 75.56 76.97 84.07 102.43 111.9 132.18 130.39 126.34 111.55 101.2 97.44 92.38 88.5 88 96.2 117.02 140.55 121.58 103.09 97.5 92.78 92.36 86.67 87.75 88.55 93.11 105.12 113.47 136.76 143.06 124.09 123.37 107.33 100.49 100.41 93 94.36 89.93 88 88.8 86.18 82.93 71.76 59.08 46.56 39.43 22.34 19.52 29.05 45 62.48 72.62 84.62 85.59 105.67 95.79 91.77 79.99 75 65.94 33.22 15 11.09 5.07 2.88 3.42 0.09 0 0 -0.02 -4.48 -4.96 -9.99 -16.52 -15.43 44.38 70 67.06 70 93.15 84.55 109.09 102.03 95.61 88.4 90.59 97.85 119.84 130.08 112.54 94.61 72.84 70.65 78.04 124.7 110.55 77.39 85.66 105.03 102.7 117.33 119.78 128.45 131.67 114.52 102.15 97.28 87.79 85.61 86.76 96.03 103.98 114.49 110 94.11 84.18 79.35 80.81 85.12 91.65 89.95 78.04 114.21 135 168.37 188.29 158.97 139.26 118.02 108.11 101.81 97.25 96.75 98.78 104.17 126.07 124.33 117.96 99.9 96.42 91.16 86.88 83.87 85.11 78.7 86.2 80.88 125.81 108.49 132.5 126.76 121.83 107.67 101.27 97 87.55 88.71 90.47 92.04 106.74 114.45 111.45 98.69 86.49 80.91 81.27 73.03 78.27 75.56 76.97 84.07 102.43 111.9 132.18 130.39 126.34 111.55 101.2 97.44 92.38 88.5 88 96.2 117.02 140.55 121.58 103.09 97.5 92.78 92.36 86.67 87.75 88.55 93.11 105.12 113.47 136.76 143.06 124.09 123.37 107.33 100.49 100.41 93 94.36 89.93 88 88.8 86.18 82.93 71.76 59.08 46.56 39.43 22.34 19.52 29.05 45 62.48 72.62 84.62 85.59 105.67 95.79 91.77 79.99 75 65.94 33.22 15 11.09 5.07 2.88 3.42 0.09 0 0 -0.02 -4.48 -4.96 -9.99 -16.52 -15.43 44.38 70 67.06 70 93.15 84.55 109.09 102.03 95.61 88.4 90.59 97.85 119.84 130.08 112.54 94.61 72.84 70.65 78.04 124.7 110.55 77.39 85.66 105.03 102.7 117.33 119.78 128.45 131.67 114.52 102.15 97.28 87.79 85.61 86.76 96.03 103.98 114.49 110 94.11 84.18 79.35 80.81 85.12 91.65 89.95 78.04 114.21 135 168.37 188.29 158.97 139.26 118.02 108.11 101.81 97.25 96.75 98.78 104.17 126.07 124.33 117.96 99.9 96.42 91.16 86.88 83.87 85.11 78.7 86.2 80.88 125.81 108.49 132.5 126.76 121.83 107.67 101.27 97 87.55 88.71 90.47 92.04 106.74 114.45 111.45 98.69 86.49 80.91 81.27 73.03 78.27 75.56 76.97 84.07 102.43 111.9 132.18 130.39 126.34 111.55 101.2 97.44 92.38 88.5 88 96.2 117.02 140.55 121.58 103.09 97.5 92.78 92.36 86.67 87.75 88.55 93.11 105.12 113.47 136.76 143.06 124.09 123.37 107.33 100.49 100.41 93 94.36 89.93 88 88.8 86.18 82.93 71.76 59.08 46.56 39.43 22.34 19.52 29.05 45 62.48 72.62 84.62 85.59 105.67 95.79 91.77 79.99 75 65.94 33.22 15 11.09 5.07 2.88 3.42 0.09 0 0 -0.02 -4.48 -4.96 -9.99 -16.52 -15.43 44.38 70 67.06 70 93.15 84.55 109.09 102.03 95.61 88.4 90.59 97.85 119.84 130.08 112.54 94.61 72.84 70.65 78.04 124.7 110.55 77.39 85.66 105.03 102.7 117.33 119.78 128.45 131.67 114.52 102.15 97.28 87.79 85.61 86.76 96.03 103.98 114.49 110 94.11 84.18 79.35 80.81 85.12 91.65 89.95 78.04 114.21 135 168.37 188.29 158.97 139.26 118.02 108.11 101.81 97.25 96.75 98.78 104.17 126.07 124.33 117.96 99.9 96.42 91.16 86.88 83.87 85.11 78.7 86.2 80.88 125.81 108.49 132.5 126.76 121.83 107.67 101.27 97 87.55 88.71 90.47 92.04 106.74 114.45 111.45 98.69 86.49 80.91 81.27 73.03 78.27 75.56 76.97 84.07 102.43 111.9 132.18 130.39 126.34 111.55 101.2 97.44 92.38 88.5 88 96.2 117.02 140.55 121.58 103.09 97.5 92.78 92.36 86.67 87.75 88.55 93.11 105.12 113.47 136.76 143.06 124.09 123.37 107.33 100.49 100.41 93 94.36 89.93 88 88.8 86.18 82.93 71.76 59.08 46.56 39.43 22.34 19.52 29.05 45 62.48 72.62 84.62 85.59 105.67 95.79 91.77 79.99 75 65.94 33.22 15 11.09 5.07 2.88 3.42 0.09 0 0 -0.02 -4.48 -4.96 -9.99 -16.52 -15.43 44.38 70 67.06 70 93.15 84.55 109.09 102.03 95.61 88.4 90.59 97.85 119.84 130.08 112.54 94.61 72.84 70.65 78.04 124.7 110.55 77.39 85.66 105.03 102.7 117.33 119.78 128.45 131.67 114.52 102.15 97.28 87.79 85.61 86.76 96.03 103.98 114.49 110 94.11 84.18 79.35 80.81 85.12 91.65 89.95 78.04 114.21 135 168.37 188.29 158.97 139.26 118.02 108.11 101.81 97.25 96.75 98.78 104.17 126.07 124.33 117.96 99.9 96.42 91.16 86.88 83.87 85.11 78.7 86.2 80.88 125.81 108.49 132.5 126.76 121.83 107.67 101.27 97 87.55 88.71 90.47 92.04 106.74 114.45 111.45 98.69 86.49 80.91 81.27 73.03 78.27 75.56 76.97 84.07 102.43 111.9 132.18 130.39 126.34 111.55 101.2 97.44 92.38 88.5 88 96.2 117.02 140.55 121.58 103.09 97.5 92.78 92.36 86.67 87.75 88.55 93.11 105.12 113.47 136.76 143.06 124.09 123.37 107.33 100.49 100.41 93 94.36 89.93 88 88.8 86.18 82.93 71.76 59.08 46.56 39.43 22.34 19.52 29.05 45 62.48 72.62 84.62 85.59 105.67 95.79 91.77 79.99 75 65.94 33.22 15 11.09 5.07 2.88 3.42 0.09 0 0 -0.02 -4.48 -4.96 -9.99 -16.52 -15.43 44.38 70 67.06 70 93.15 84.55 109.09 102.03 95.61 88.4 90.59 97.85 119.84 130.08 112.54 94.61 72.84 70.65 78.04 124.7 110.55 77.39 85.66 105.03 102.7 117.33 119.78 128.45 131.67 114.52 102.15 97.28 87.79 85.61 86.76 96.03 103.98 114.49 110 94.11 84.18 79.35 80.81 85.12 91.65 89.95 78.04 114.21 135 168.37 188.29 158.97 139.26 118.02 108.11 101.81 97.25 96.75 98.78 104.17 126.07 124.33 117.96 99.9 96.42 91.16 86.88 83.87 85.11 78.7 86.2 80.88 125.81 108.49 132.5 126.76 121.83 107.67 101.27 97 87.55 88.71 90.47 92.04 106.74 114.45 111.45 98.69 86.49 80.91 81.27 73.03 78.27 75.56 76.97 84.07 102.43 111.9 132.18 130.39 126.34 111.55 101.2 97.44 92.38 88.5 88 96.2 117.02 140.55 121.58 103.09 97.5 92.78 92.36 86.67 87.75 88.55 93.11 105.12 113.47 136.76 143.06 124.09 123.37 107.33 100.49 100.41 93 94.36 89.93 88 88.8 86.18 82.93 71.76 59.08 46.56 39.43 22.34 19.52 29.05 45 62.48 72.62 84.62 85.59 105.67 95.79 91.77 79.99 75 65.94 33.22 15 11.09 5.07 2.88 3.42 0.09 0 0 -0.02 -4.48 -4.96 -9.99 -16.52 -15.43 44.38 70 67.06 70 93.15 84.55 109.09 102.03 95.61 88.4 90.59 97.85 119.84 130.08 112.54 94.61 72.84 70.65 78.04 124.7 110.55 77.39 85.66 105.03 102.7 117.33 119.78 128.45 131.67 114.52 102.15 97.28 87.79 85.61 86.76 96.03 103.98 114.49 110 94.11 84.18 79.35 80.81 85.12 91.65 89.95 78.04 114.21 135 168.37 188.29 158.97 139.26 118.02 108.11 101.81 97.25 96.75 98.78 104.17 126.07 124.33 117.96 99.9 96.42 91.16 86.88 83.87 85.11 78.7 86.2 80.88 125.81 108.49 132.5 126.76 121.83 107.67 101.27 97 87.55 88.71 90.47 92.04 106.74 114.45 111.45 98.69 
