544 5
1 43 45 45 43 
1 0 0 0 0 0 3 1 2 3 
5 0 0 0 2 0 2 5 23 
9 0 2 0 0 0 3 4 6 12 
5 0 0 0 0 6 2 14 16 
10 0 0 0 0 4 2 7 22 
3 0 3 0 0 0 3 8 11 26 
9 0 4 0 0 0 2 10 22 
10 1 0 0 0 0 1 9 
10 0 0 0 0 10 2 21 25 
5 0 0 0 9 0 1 27 
4 1 0 0 0 0 1 13 
5 0 0 5 0 0 1 20 
10 0 0 0 8 0 1 28 
1 0 0 0 0 8 2 15 24 
1 0 0 10 0 0 3 18 19 22 
8 0 0 1 0 0 1 17 
6 0 10 0 0 0 1 18 
2 0 6 0 0 0 1 18 
1 0 0 0 8 0 3 20 21 23 
7 0 0 0 0 4 2 25 29 
1 0 5 0 0 0 1 30 
1 0 6 0 0 0 1 29 
6 0 0 0 9 0 1 30 
2 0 4 0 0 0 1 26 
5 1 0 0 0 0 1 29 
10 1 0 0 0 0 1 27 
3 0 0 0 8 0 1 30 
10 0 10 0 0 0 1 28 
1 0 0 0 0 3 1 31 
6 0 0 0 6 0 1 31 
1 0 0 0 4 0 1 31 
1 0 0 0 0 0 0 
1 0 0 0 0 0 3 33 34 35 
10 0 0 5 0 0 3 36 40 61 
6 0 0 10 0 0 3 37 39 43 
8 0 0 0 0 1 2 44 54 
6 0 0 2 0 0 1 48 
5 1 0 0 0 0 3 38 46 48 
9 0 0 0 0 10 1 41 
1 0 0 0 7 0 1 55 
6 0 6 0 0 0 3 42 47 50 
6 0 0 2 0 0 1 60 
6 0 0 8 0 0 2 53 56 
1 0 0 0 3 0 2 45 49 
4 0 2 0 0 0 1 58 
1 0 0 0 4 0 1 58 
7 1 0 0 0 0 1 57 
8 1 0 0 0 0 3 49 52 55 
4 1 0 0 0 0 1 53 
3 1 0 0 0 0 1 51 
3 1 0 0 0 0 2 51 60 
2 1 0 0 0 0 1 59 
1 1 0 0 0 0 1 53 
3 1 0 0 0 0 2 57 59 
6 0 0 0 1 0 1 55 
10 0 0 0 0 3 1 59 
1 1 0 0 0 0 1 62 
4 1 0 0 0 0 1 62 
6 1 0 0 0 0 1 60 
6 0 0 2 0 0 1 62 
3 0 0 0 10 0 1 63 
4 0 0 0 0 9 1 63 
8 0 1 0 0 0 1 63 
1 0 0 0 0 0 0 
1 0 0 0 0 0 3 65 66 67 
3 0 0 0 0 1 3 69 71 77 
4 0 3 2 10 0 3 68 73 75 
7 0 2 0 6 2 3 80 81 87 
1 0 0 0 5 3 3 77 78 79 
1 0 0 6 0 10 3 70 73 82 
2 0 0 9 0 8 3 72 74 76 
2 0 0 3 3 0 3 75 78 89 
10 0 0 3 3 0 3 78 81 85 
5 0 0 0 8 0 3 79 81 92 
10 0 0 0 0 5 3 85 87 93 
3 0 2 7 9 0 3 76 80 88 
6 0 0 0 9 0 2 79 91 
10 0 4 1 6 0 3 80 83 87 
8 1 0 0 0 0 2 83 94 
1 1 0 0 0 0 2 86 90 
10 0 0 9 0 0 2 84 93 
9 0 1 0 1 10 2 86 89 
8 0 0 0 4 0 3 83 84 93 
9 0 2 0 4 5 1 88 
4 1 0 0 0 0 1 85 
7 0 3 8 0 0 3 86 90 91 
2 0 5 0 0 0 1 94 
1 1 0 0 0 0 3 88 89 91 
6 0 5 0 9 0 1 92 
6 0 0 0 0 8 1 90 
7 0 8 0 0 5 1 94 
6 0 0 5 0 0 1 92 
6 0 3 6 0 9 1 95 
3 1 0 0 0 0 1 95 
7 0 0 0 9 0 1 95 
1 0 0 0 0 0 0 
1 0 0 0 0 0 3 97 98 99 
2 0 10 9 2 5 3 100 102 103 
2 0 10 7 8 3 3 100 103 111 
10 0 0 0 10 0 3 108 110 119 
6 0 2 1 8 0 3 101 107 118 
1 0 2 9 0 3 2 115 116 
2 0 2 5 6 0 3 104 111 115 
9 0 8 4 10 9 3 104 105 112 
1 0 0 6 10 9 3 106 108 110 
6 0 2 5 0 0 3 108 113 117 
10 0 0 10 0 6 1 109 
6 0 8 10 6 4 3 110 112 116 
7 0 3 0 10 0 3 118 120 123 
5 1 0 0 0 0 2 114 116 
7 0 4 4 2 0 2 121 122 
10 0 7 3 9 10 3 117 120 122 
10 0 5 0 5 6 3 114 115 121 
4 0 7 2 3 4 3 114 118 119 
4 1 0 0 0 0 1 122 
8 0 6 6 0 10 3 120 124 125 
6 1 0 0 0 0 1 117 
4 1 0 0 0 0 1 119 
1 1 0 0 0 0 1 126 
5 0 2 4 5 2 3 121 123 126 
2 0 7 5 4 1 1 126 
5 0 0 7 8 2 2 124 125 
1 1 0 0 0 0 1 123 
8 0 5 0 9 9 2 124 125 
6 0 7 0 0 0 1 127 
1 0 1 3 9 0 1 127 
3 0 5 0 7 3 1 127 
1 0 0 0 0 0 0 
1 0 0 0 0 0 3 129 130 131 
6 0 0 9 8 7 3 137 141 144 
10 0 10 1 7 0 3 133 136 146 
10 0 8 2 0 6 3 132 135 136 
5 0 0 7 8 0 3 134 138 144 
8 1 0 0 0 0 2 140 152 
3 1 0 0 0 0 2 140 150 
8 0 8 7 6 6 3 137 138 139 
10 0 6 8 2 5 3 142 144 148 
6 0 0 7 6 3 3 142 146 148 
7 0 0 2 10 10 3 143 149 150 
8 1 0 0 0 0 2 141 156 
5 1 0 0 0 0 3 141 142 148 
2 1 0 0 0 0 2 147 151 
6 0 2 7 4 0 3 145 154 156 
6 1 0 0 0 0 1 151 
9 0 0 3 5 0 3 147 150 156 
10 0 0 6 0 6 2 147 155 
4 0 3 5 3 6 3 149 152 155 
6 0 3 2 4 2 1 149 
10 0 5 4 3 9 1 151 
7 0 6 1 5 8 2 153 158 
7 1 0 0 0 0 2 152 154 
9 0 7 8 3 6 3 153 154 155 
3 0 1 9 10 0 1 153 
6 0 1 0 0 8 1 157 
5 0 1 5 10 7 2 157 158 
3 0 0 1 10 5 2 157 158 
10 0 9 9 0 1 1 159 
3 0 5 5 7 0 1 159 
10 0 0 0 0 5 1 159 
1 0 0 0 0 0 0 
1 0 0 0 0 0 3 161 162 163 
2 0 0 0 2 0 1 169 
10 0 0 8 0 0 3 164 168 174 
7 0 0 0 7 0 2 166 172 
1 0 8 0 0 0 2 165 176 
3 0 0 0 0 8 3 172 175 177 
6 0 0 0 5 0 3 167 170 178 
2 0 0 9 0 0 1 186 
10 0 0 0 0 2 2 173 187 
5 0 1 0 0 0 2 171 181 
9 0 2 0 0 0 2 180 185 
4 0 0 0 6 0 1 183 
4 0 0 5 0 0 1 184 
2 0 0 0 10 0 1 184 
4 0 0 0 0 10 1 180 
10 0 10 0 0 0 2 179 185 
10 0 0 0 7 0 3 180 185 188 
7 0 5 0 0 0 1 182 
10 1 0 0 0 0 1 184 
7 0 0 0 3 0 1 190 
2 1 0 0 0 0 1 190 
1 0 10 0 0 0 2 186 188 
2 0 8 0 0 0 1 190 
2 1 0 0 0 0 1 188 
2 0 0 0 0 7 1 189 
9 0 7 0 0 0 1 186 
1 0 0 0 0 1 1 189 
4 0 8 0 0 0 1 189 
7 1 0 0 0 0 1 191 
8 0 0 0 8 0 1 191 
9 0 0 6 0 0 1 191 
1 0 0 0 0 0 0 
1 0 0 0 0 0 3 193 194 195 
8 0 8 2 2 7 3 199 200 201 
7 0 7 5 5 4 3 197 203 208 
4 0 3 10 1 8 3 196 205 206 
10 0 7 10 8 7 3 198 202 204 
7 0 2 10 10 10 3 207 213 215 
1 0 4 6 1 10 2 207 222 
1 0 7 1 10 3 3 204 209 213 
1 0 6 5 10 2 2 203 210 
5 0 8 10 5 1 3 204 206 209 
3 0 7 9 5 5 3 211 213 218 
4 0 9 1 10 5 3 211 214 215 
8 0 5 3 7 6 3 207 216 218 
7 0 9 9 2 9 3 208 210 214 
10 0 2 9 10 3 3 208 210 215 
5 0 8 9 1 4 1 221 
6 1 0 0 0 0 2 212 219 
10 0 3 10 2 4 3 211 214 218 
5 1 0 0 0 0 2 212 217 
1 1 0 0 0 0 2 212 216 
3 0 7 10 9 1 2 220 222 
6 0 2 2 6 5 1 217 
3 1 0 0 0 0 2 216 221 
4 1 0 0 0 0 1 220 
5 1 0 0 0 0 1 217 
3 0 5 3 5 5 1 219 
3 1 0 0 0 0 2 219 221 
7 0 8 7 1 9 2 220 222 
9 0 1 5 10 2 1 223 
8 0 1 2 4 6 1 223 
3 0 9 2 4 4 1 223 
1 0 0 0 0 0 0 
1 0 0 0 0 0 3 225 226 227 
9 0 6 3 4 9 3 228 229 233 
10 0 3 3 6 10 3 229 245 246 
4 0 8 3 10 1 3 232 233 243 
1 0 4 2 10 7 3 230 231 234 
9 0 6 5 3 10 3 230 237 240 
4 0 6 1 10 4 2 242 244 
6 0 8 2 4 5 3 235 237 246 
1 0 7 4 5 5 3 237 238 251 
1 0 2 5 1 1 3 236 242 244 
2 0 2 10 9 3 3 238 241 248 
3 0 7 3 4 9 3 236 239 240 
4 0 3 10 10 6 3 238 248 250 
7 0 9 4 8 4 1 247 
10 1 0 0 0 0 1 245 
8 0 1 8 5 6 3 241 242 245 
9 0 5 9 3 4 3 241 248 249 
7 0 5 4 4 4 2 243 252 
4 1 0 0 0 0 3 247 249 251 
9 0 5 6 10 3 2 244 247 
10 0 7 2 2 9 2 250 251 
5 0 6 6 1 1 1 249 
10 1 0 0 0 0 2 250 252 
8 0 10 8 6 5 2 253 254 
9 0 2 7 3 4 1 252 
1 0 8 9 2 2 1 254 
5 0 2 4 2 9 2 253 254 
6 0 8 10 9 3 1 253 
8 0 5 10 4 10 1 255 
5 0 1 7 6 8 1 255 
6 0 4 8 1 10 1 255 
1 0 0 0 0 0 0 
1 0 0 0 0 0 3 257 258 259 
6 0 1 6 8 6 3 260 263 265 
7 0 4 7 7 4 2 272 284 
6 0 5 4 1 7 3 261 262 272 
4 0 6 10 3 9 3 262 273 277 
7 0 4 9 8 3 3 266 267 268 
6 0 10 2 2 5 1 264 
7 0 3 6 1 5 3 269 280 284 
8 0 2 9 1 2 2 266 274 
7 0 4 3 2 3 3 271 275 281 
9 0 3 10 3 8 1 275 
5 1 0 0 0 0 3 276 278 282 
9 0 2 6 1 1 3 269 270 279 
7 1 0 0 0 0 2 275 286 
1 1 0 0 0 0 2 280 285 
10 0 9 1 7 10 2 278 282 
2 0 6 4 3 1 1 276 
6 0 2 3 10 9 1 274 
10 0 7 6 10 5 1 279 
10 0 10 5 4 4 1 278 
3 1 0 0 0 0 3 277 279 280 
5 0 3 6 10 2 1 283 
1 0 1 1 4 6 1 283 
3 1 0 0 0 0 1 283 
9 0 4 9 8 4 1 286 
2 1 0 0 0 0 2 282 284 
8 0 10 4 7 2 2 285 286 
6 0 1 10 6 9 1 285 
3 1 0 0 0 0 1 287 
5 0 6 6 10 10 1 287 
8 0 9 5 4 9 1 287 
1 0 0 0 0 0 0 
1 0 0 0 0 0 3 289 290 291 
10 0 2 10 7 2 3 292 294 312 
9 0 10 10 8 8 2 297 299 
3 0 3 7 5 7 3 294 295 301 
5 0 1 1 6 5 1 293 
10 0 10 5 6 7 3 296 300 311 
4 1 0 0 0 0 3 302 303 318 
9 0 1 9 5 8 1 306 
3 0 2 9 3 6 2 298 309 
6 0 8 10 3 9 1 313 
2 1 0 0 0 0 2 303 308 
3 0 7 3 8 9 1 304 
2 1 0 0 0 0 2 305 314 
6 1 0 0 0 0 1 310 
8 0 8 7 3 8 1 309 
2 0 9 5 7 2 2 306 316 
5 0 3 5 3 3 1 307 
7 1 0 0 0 0 2 306 310 
4 0 6 9 2 2 1 317 
9 0 1 8 3 10 1 316 
6 0 3 9 3 5 1 317 
5 0 4 4 8 1 1 314 
7 0 8 6 9 6 1 315 
2 0 3 9 9 7 1 313 
8 0 9 7 9 8 1 316 
10 0 5 2 7 3 2 314 315 
2 0 8 4 2 9 1 317 
7 0 7 4 8 5 1 318 
8 0 1 7 7 2 1 319 
5 0 2 1 5 8 1 319 
10 0 5 5 7 3 1 319 
1 0 0 0 0 0 0 
1 0 0 0 0 0 3 321 322 323 
7 0 0 0 0 2 1 325 
1 0 0 8 0 0 1 338 
4 0 0 0 10 0 1 324 
6 0 7 0 0 0 3 326 329 330 
2 0 0 0 7 0 1 342 
10 0 0 0 5 0 3 327 328 331 
7 0 0 0 0 2 2 332 337 
1 0 0 0 0 7 2 333 335 
10 0 0 0 1 0 2 332 345 
6 0 0 10 0 0 2 336 348 
9 0 8 0 0 0 2 339 346 
7 1 0 0 0 0 2 334 340 
6 0 0 0 1 0 2 334 337 
9 1 0 0 0 0 1 344 
9 1 0 0 0 0 2 347 350 
10 0 0 0 7 0 1 337 
10 0 0 0 0 9 3 341 343 349 
10 0 0 5 0 0 1 347 
10 1 0 0 0 0 1 347 
8 1 0 0 0 0 1 348 
1 0 0 0 5 0 1 344 
10 0 0 1 0 0 1 348 
10 0 0 0 3 0 2 344 345 
6 0 0 5 0 0 1 346 
8 0 0 3 0 0 1 346 
8 0 0 8 0 0 1 350 
5 1 0 0 0 0 1 349 
5 0 0 0 0 7 1 351 
1 1 0 0 0 0 1 351 
9 0 0 0 2 0 1 351 
1 0 0 0 0 0 0 
1 0 0 0 0 0 3 353 354 355 
2 0 3 9 6 8 3 358 362 367 
10 0 8 2 8 2 3 356 361 363 
5 0 8 6 4 3 3 359 370 373 
4 0 4 8 1 9 2 357 366 
3 1 0 0 0 0 2 373 382 
7 1 0 0 0 0 3 360 374 379 
1 0 9 3 3 3 3 365 369 376 
2 0 7 1 8 1 3 364 377 381 
6 0 1 5 5 10 2 368 372 
1 0 1 8 3 6 3 369 371 373 
10 0 5 3 7 5 2 368 374 
6 1 0 0 0 0 2 370 382 
4 0 10 5 8 2 2 371 372 
8 1 0 0 0 0 2 372 378 
8 0 5 10 3 7 1 368 
9 0 2 1 5 2 1 375 
5 0 9 7 8 1 2 375 379 
2 0 3 3 2 1 1 380 
1 0 6 10 5 3 1 380 
5 1 0 0 0 0 1 374 
1 0 1 1 3 10 2 375 376 
6 0 3 9 7 4 1 382 
1 0 4 2 9 7 2 378 381 
4 1 0 0 0 0 2 377 379 
9 0 8 7 1 10 1 378 
5 0 4 6 1 10 1 380 
6 0 8 5 3 6 1 381 
4 0 3 6 5 10 1 383 
6 0 6 9 3 9 1 383 
2 0 2 8 6 5 1 383 
1 0 0 0 0 0 0 
1 0 0 0 0 0 3 385 386 387 
5 0 0 0 2 0 2 389 407 
9 0 2 0 0 0 3 388 390 396 
5 0 0 0 0 6 2 398 400 
10 0 0 0 0 4 2 391 406 
3 0 3 0 0 0 3 392 395 410 
9 0 4 0 0 0 2 394 406 
10 1 0 0 0 0 1 393 
10 0 0 0 0 10 2 405 409 
5 0 0 0 9 0 1 411 
4 0 0 0 1 0 1 397 
5 0 0 5 0 0 1 404 
10 0 0 0 8 0 1 412 
1 1 0 0 0 0 2 399 408 
1 0 0 10 0 0 3 402 403 406 
8 0 0 1 0 0 1 401 
6 0 10 0 0 0 1 402 
2 0 6 0 0 0 1 402 
1 0 0 0 8 0 3 404 405 407 
7 0 0 0 0 4 2 409 413 
1 0 5 0 0 0 1 414 
1 0 6 0 0 0 1 413 
6 1 0 0 0 0 1 414 
2 0 4 0 0 0 1 410 
5 1 0 0 0 0 1 413 
10 0 0 0 5 0 1 411 
3 0 0 0 8 0 1 414 
10 0 10 0 0 0 1 412 
1 0 0 0 0 3 1 415 
6 0 0 0 6 0 1 415 
1 0 0 0 4 0 1 415 
1 0 0 0 0 0 0 
1 0 0 0 0 0 3 417 418 419 
6 0 6 0 0 0 3 420 425 432 
6 0 8 0 0 0 3 421 422 424 
4 0 7 0 0 0 3 423 428 445 
1 0 1 0 0 0 3 422 431 440 
9 0 7 0 0 0 3 429 433 435 
5 0 0 7 0 0 2 426 434 
7 0 0 0 4 0 3 426 430 435 
8 0 0 0 0 7 3 425 433 440 
10 0 1 0 0 0 3 427 439 445 
3 0 5 0 0 0 2 427 436 
10 1 0 0 0 0 3 429 437 438 
4 0 0 0 1 0 2 429 430 
4 1 0 0 0 0 2 441 443 
9 0 0 0 6 0 3 432 438 439 
8 0 1 0 0 0 3 433 435 438 
1 0 0 10 0 0 3 436 437 440 
1 0 0 0 5 0 3 434 439 444 
3 0 0 0 6 0 2 445 446 
3 0 0 0 0 5 3 436 437 442 
1 1 0 0 0 0 1 446 
1 0 4 0 0 0 1 443 
1 1 0 0 0 0 2 441 443 
3 1 0 0 0 0 1 442 
8 0 0 3 0 0 1 441 
9 0 0 0 0 8 2 442 444 
7 0 0 6 0 0 1 446 
4 0 0 0 5 0 1 444 
5 0 0 0 0 9 1 447 
10 1 0 0 0 0 1 447 
7 0 0 0 2 0 1 447 
1 0 0 0 0 0 0 
1 0 0 0 0 0 3 449 450 451 
7 0 3 10 4 4 3 452 462 468 
10 0 5 8 9 8 3 454 455 461 
2 0 4 4 3 9 3 458 461 471 
6 0 7 5 9 10 3 453 456 457 
8 0 4 7 3 4 3 455 460 477 
1 0 2 6 9 7 3 460 462 468 
8 1 0 0 0 0 2 463 465 
1 0 10 4 8 3 3 458 463 467 
7 0 10 10 3 1 3 459 465 466 
4 0 4 1 4 5 3 464 470 473 
6 1 0 0 0 0 3 460 461 469 
4 1 0 0 0 0 2 463 478 
9 1 0 0 0 0 3 470 474 476 
10 0 8 1 3 9 3 465 466 467 
1 1 0 0 0 0 1 464 
7 0 10 2 8 5 1 476 
8 0 6 3 3 8 3 471 472 473 
6 0 7 9 1 5 3 469 474 475 
2 0 6 2 1 2 2 472 475 
5 0 6 5 9 1 3 469 470 474 
6 1 0 0 0 0 3 471 472 473 
2 0 2 10 8 4 1 475 
2 0 10 10 7 7 1 476 
6 0 6 7 9 5 1 478 
9 0 8 6 4 7 1 478 
4 0 7 5 7 7 1 477 
10 0 2 10 9 4 1 477 
3 0 7 9 6 6 1 479 
5 0 10 4 6 4 1 479 
8 0 9 4 4 9 1 479 
1 0 0 0 0 0 0 
1 0 0 0 0 0 3 481 482 483 
3 0 0 0 0 9 3 489 494 510 
1 0 0 2 0 0 3 490 492 496 
3 0 10 5 0 9 3 484 485 486 
1 0 2 0 2 3 3 495 497 499 
6 0 5 3 1 0 3 487 488 491 
2 0 1 9 3 7 1 489 
9 0 0 6 10 0 1 495 
5 0 0 0 6 0 3 493 502 507 
8 0 7 4 0 1 2 490 506 
10 0 0 3 0 7 2 500 504 
2 0 0 6 0 7 3 495 498 504 
3 0 8 0 9 0 1 508 
5 0 0 6 5 0 2 509 510 
1 0 0 4 0 0 2 500 503 
7 1 0 0 0 0 3 501 502 503 
7 0 0 0 0 2 2 499 501 
7 0 2 0 0 0 1 508 
4 1 0 0 0 0 2 499 500 
1 1 0 0 0 0 2 502 506 
7 1 0 0 0 0 1 505 
1 1 0 0 0 0 1 505 
5 1 0 0 0 0 2 505 510 
10 0 0 9 0 7 1 506 
8 0 5 5 0 0 1 507 
8 0 4 1 3 0 1 509 
3 0 0 9 0 2 2 507 508 
7 0 0 4 7 5 1 509 
4 0 8 3 0 0 1 511 
8 0 0 0 9 0 1 511 
5 0 7 0 0 8 1 511 
1 0 0 0 0 0 0 
1 0 0 0 0 0 3 513 514 515 
9 0 0 0 4 0 3 517 518 526 
2 0 1 6 1 0 1 516 
7 0 0 5 0 5 1 519 
4 0 0 2 0 0 1 538 
7 0 4 8 0 7 3 520 524 525 
6 0 7 0 3 4 1 527 
3 0 4 0 9 6 1 527 
6 0 2 2 5 0 3 521 531 541 
7 0 0 4 1 9 3 522 527 533 
7 1 0 0 0 0 2 523 530 
3 1 0 0 0 0 3 528 535 537 
9 0 1 0 3 0 2 529 540 
6 0 10 0 0 3 1 542 
5 0 7 0 5 0 3 531 534 536 
7 1 0 0 0 0 1 532 
6 0 4 10 8 0 1 542 
6 0 0 7 1 5 1 530 
4 1 0 0 0 0 1 532 
6 0 0 0 2 0 1 538 
5 0 0 0 0 2 1 536 
6 1 0 0 0 0 1 534 
7 1 0 0 0 0 1 537 
2 1 0 0 0 0 1 538 
6 0 0 3 5 0 1 539 
1 0 10 0 0 0 2 539 540 
2 1 0 0 0 0 1 539 
9 0 0 6 0 0 1 542 
1 0 0 0 7 10 1 543 
9 0 0 0 10 9 1 543 
7 0 6 8 0 0 1 543 
1 0 0 0 0 0 0 
116.15 104.79 102.75 106.02 105.19 122.36 143.33 168.79 149.12 124.57 109.78 104 100 96 93.22 96.94 97.96 103.58 116.58 128.96 135.69 126.9 112.95 96.51 78.96 73.1 70.01 63.56 65.9 74.28 102.7 115.69 119.54 104.2 82.94 76.69 74.15 87.77 105 116.22 110 96 98.38 114.85 120.28 116.25 108.46 97.23 77.62 70.96 71 70 72.52 79.83 106.47 114.49 117.49 110 80.83 88.1 78.01 78.01 78.01 64.95 71.07 79.09 102.19 120 133.52 130.04 111 102.74 100.59 91.15 89.24 87.18 90.72 96.03 100.67 99.02 95 87.74 78 75.82 73.11 45.76 29.41 47.89 71.56 84.55 102.82 116.52 124.14 117.04 109.61 98.76 93.02 83.2 80.23 77.03 83.79 98.78 110 109.58 106 93.75 70.37 60.32 60.55 57.69 57.87 63.56 71.41 86.5 105.4 120 124.62 110.65 99.79 85.78 78.74 74 68.07 65.67 64.9 65.34 62.08 62.46 59.76 40.04 4.7 0.78 0.26 -0.32 -0.08 0 1.32 25.94 53.68 78.44 87.69 81.06 78.6 73.02 52.2 40.04 33.88 28.75 29.83 27.56 30.73 27.55 20 2.14 0 -0.47 -6.7 -22.47 -22.96 -16.12 -0.41 2.22 41.34 85.49 90.87 91 89.94 83.5 116.15 104.79 102.75 106.02 105.19 122.36 143.33 168.79 149.12 124.57 109.78 104 100 96 93.22 96.94 97.96 103.58 116.58 128.96 135.69 126.9 112.95 96.51 78.96 73.1 70.01 63.56 65.9 74.28 102.7 115.69 119.54 104.2 82.94 76.69 74.15 87.77 105 116.22 110 96 98.38 114.85 120.28 116.25 108.46 97.23 77.62 70.96 71 70 72.52 79.83 106.47 114.49 117.49 110 80.83 88.1 78.01 78.01 78.01 64.95 71.07 79.09 102.19 120 133.52 130.04 111 102.74 100.59 91.15 89.24 87.18 90.72 96.03 100.67 99.02 95 87.74 78 75.82 73.11 45.76 29.41 47.89 71.56 84.55 102.82 116.52 124.14 117.04 109.61 98.76 93.02 83.2 80.23 77.03 83.79 98.78 110 109.58 106 93.75 70.37 60.32 60.55 57.69 57.87 63.56 71.41 86.5 105.4 120 124.62 110.65 99.79 85.78 78.74 74 68.07 65.67 64.9 65.34 62.08 62.46 59.76 40.04 4.7 0.78 0.26 -0.32 -0.08 0 1.32 25.94 53.68 78.44 87.69 81.06 78.6 73.02 52.2 40.04 33.88 28.75 29.83 27.56 30.73 27.55 20 2.14 0 -0.47 -6.7 -22.47 -22.96 -16.12 -0.41 2.22 41.34 85.49 90.87 91 89.94 83.5 116.15 104.79 102.75 106.02 105.19 122.36 143.33 168.79 149.12 124.57 109.78 104 100 96 93.22 96.94 97.96 103.58 116.58 128.96 135.69 126.9 112.95 96.51 78.96 73.1 70.01 63.56 65.9 74.28 102.7 115.69 119.54 104.2 82.94 76.69 74.15 87.77 105 116.22 110 96 98.38 114.85 120.28 116.25 108.46 97.23 77.62 70.96 71 70 72.52 79.83 106.47 114.49 117.49 110 80.83 88.1 78.01 78.01 78.01 64.95 71.07 79.09 102.19 120 133.52 130.04 111 102.74 100.59 91.15 89.24 87.18 90.72 96.03 100.67 99.02 95 87.74 78 75.82 73.11 45.76 29.41 47.89 71.56 84.55 102.82 116.52 124.14 117.04 109.61 98.76 93.02 83.2 80.23 77.03 83.79 98.78 110 109.58 106 93.75 70.37 60.32 60.55 57.69 57.87 63.56 71.41 86.5 105.4 120 124.62 110.65 99.79 85.78 78.74 74 68.07 65.67 64.9 65.34 62.08 62.46 59.76 40.04 4.7 0.78 0.26 -0.32 -0.08 0 1.32 25.94 53.68 78.44 87.69 81.06 78.6 73.02 52.2 40.04 33.88 28.75 29.83 27.56 30.73 27.55 20 2.14 0 -0.47 -6.7 -22.47 -22.96 -16.12 -0.41 2.22 41.34 85.49 90.87 91 89.94 83.5 116.15 104.79 102.75 106.02 105.19 122.36 143.33 168.79 149.12 124.57 109.78 104 100 96 93.22 96.94 97.96 103.58 116.58 128.96 135.69 126.9 112.95 96.51 78.96 73.1 70.01 63.56 65.9 74.28 102.7 115.69 119.54 104.2 82.94 76.69 74.15 87.77 105 116.22 110 96 98.38 114.85 120.28 116.25 108.46 97.23 77.62 70.96 71 70 72.52 79.83 106.47 114.49 117.49 110 80.83 88.1 78.01 78.01 78.01 64.95 71.07 79.09 102.19 120 133.52 130.04 111 102.74 100.59 91.15 89.24 87.18 90.72 96.03 100.67 99.02 95 87.74 78 75.82 73.11 45.76 29.41 47.89 71.56 84.55 102.82 116.52 124.14 117.04 109.61 98.76 93.02 83.2 80.23 77.03 83.79 98.78 110 109.58 106 93.75 70.37 60.32 60.55 57.69 57.87 63.56 71.41 86.5 105.4 120 124.62 110.65 99.79 85.78 78.74 74 68.07 65.67 64.9 65.34 62.08 62.46 59.76 40.04 4.7 0.78 0.26 -0.32 -0.08 0 1.32 25.94 53.68 78.44 87.69 81.06 78.6 73.02 52.2 40.04 33.88 28.75 29.83 27.56 30.73 27.55 20 2.14 0 -0.47 -6.7 -22.47 -22.96 -16.12 -0.41 2.22 41.34 85.49 90.87 91 89.94 83.5 116.15 104.79 102.75 106.02 105.19 122.36 143.33 168.79 149.12 124.57 109.78 104 100 96 93.22 96.94 97.96 103.58 116.58 128.96 135.69 126.9 112.95 96.51 78.96 73.1 70.01 63.56 65.9 74.28 102.7 115.69 119.54 104.2 82.94 76.69 74.15 87.77 105 116.22 110 96 98.38 114.85 120.28 116.25 108.46 97.23 77.62 70.96 71 70 72.52 79.83 106.47 114.49 117.49 110 80.83 88.1 78.01 78.01 78.01 64.95 71.07 79.09 102.19 120 133.52 130.04 111 102.74 100.59 91.15 89.24 87.18 90.72 96.03 100.67 99.02 95 87.74 78 75.82 73.11 45.76 29.41 47.89 71.56 84.55 102.82 116.52 124.14 117.04 109.61 98.76 93.02 83.2 80.23 77.03 83.79 98.78 110 109.58 106 93.75 70.37 60.32 60.55 57.69 57.87 63.56 71.41 86.5 105.4 120 124.62 110.65 99.79 85.78 78.74 74 68.07 65.67 64.9 65.34 62.08 62.46 59.76 40.04 4.7 0.78 0.26 -0.32 -0.08 0 1.32 25.94 53.68 78.44 87.69 81.06 78.6 73.02 52.2 40.04 33.88 28.75 29.83 27.56 30.73 27.55 20 2.14 0 -0.47 -6.7 -22.47 -22.96 -16.12 -0.41 2.22 41.34 85.49 90.87 91 89.94 83.5 116.15 104.79 102.75 106.02 105.19 122.36 143.33 168.79 149.12 124.57 109.78 104 100 96 93.22 96.94 97.96 103.58 116.58 128.96 135.69 126.9 112.95 96.51 78.96 73.1 70.01 63.56 65.9 74.28 102.7 115.69 119.54 104.2 82.94 76.69 74.15 87.77 105 116.22 110 96 98.38 114.85 120.28 116.25 108.46 97.23 77.62 70.96 71 70 72.52 79.83 106.47 114.49 117.49 110 80.83 88.1 78.01 78.01 78.01 64.95 71.07 79.09 102.19 120 133.52 130.04 111 102.74 100.59 91.15 89.24 87.18 90.72 96.03 100.67 99.02 95 87.74 78 75.82 73.11 45.76 29.41 47.89 71.56 84.55 102.82 116.52 124.14 117.04 109.61 98.76 93.02 83.2 80.23 77.03 83.79 98.78 110 109.58 106 93.75 70.37 60.32 60.55 57.69 57.87 63.56 71.41 86.5 105.4 120 124.62 110.65 99.79 85.78 78.74 74 68.07 65.67 64.9 65.34 62.08 62.46 59.76 40.04 4.7 0.78 0.26 -0.32 -0.08 0 1.32 25.94 53.68 78.44 87.69 81.06 78.6 73.02 52.2 40.04 33.88 28.75 29.83 27.56 30.73 27.55 20 2.14 0 -0.47 -6.7 -22.47 -22.96 -16.12 -0.41 2.22 41.34 85.49 90.87 91 89.94 83.5 
