544 5
1 31 28 30 34 
1 0 0 0 0 0 3 1 2 3 
8 0 0 6 0 0 3 4 8 9 
6 0 1 0 0 0 1 5 
6 0 0 0 0 7 1 14 
2 0 0 9 0 0 2 11 19 
3 0 0 0 0 6 2 6 8 
6 0 1 0 0 0 2 7 12 
10 0 1 0 0 0 2 13 25 
2 0 0 0 0 5 2 16 17 
3 0 10 0 0 0 2 10 15 
6 0 0 0 7 0 2 13 17 
1 0 10 0 0 0 1 22 
7 0 0 0 3 0 1 23 
1 1 0 0 0 0 2 18 24 
8 0 7 0 0 0 1 29 
9 0 0 0 1 0 3 18 21 24 
5 0 0 8 0 0 1 25 
8 0 5 0 0 0 1 30 
8 0 0 0 0 4 2 20 26 
8 0 0 10 0 0 1 22 
3 0 7 0 0 0 1 23 
8 1 0 0 0 0 1 29 
6 0 0 0 0 4 2 28 29 
3 0 0 0 1 0 1 28 
3 1 0 0 0 0 1 27 
9 0 10 0 0 0 1 26 
5 0 4 0 0 0 2 27 30 
7 0 0 0 7 0 1 28 
9 0 9 0 0 0 1 31 
10 0 0 0 0 9 1 31 
1 0 0 4 0 0 1 31 
1 0 0 0 0 0 0 
1 0 0 0 0 0 3 33 34 35 
9 0 0 0 2 0 3 40 41 56 
2 0 0 0 0 1 3 36 37 39 
4 0 0 0 1 0 3 38 39 40 
5 0 0 0 0 3 3 42 44 45 
9 0 0 0 1 0 3 40 41 53 
7 0 0 0 9 0 3 43 44 46 
9 0 1 0 0 0 3 50 51 57 
3 0 4 0 0 0 2 43 45 
10 0 0 0 0 9 2 50 62 
3 0 0 1 0 0 3 43 46 47 
8 1 0 0 0 0 2 58 61 
1 0 2 0 0 0 3 48 53 62 
8 1 0 0 0 0 3 52 54 57 
6 0 0 0 10 0 3 51 52 57 
5 0 0 3 0 0 2 48 49 
3 0 0 0 7 0 3 50 54 56 
5 0 0 8 0 0 1 51 
7 0 1 0 0 0 2 52 61 
8 1 0 0 0 0 2 53 54 
10 1 0 0 0 0 1 58 
8 0 0 0 0 10 2 55 56 
1 1 0 0 0 0 2 55 60 
2 0 0 0 1 0 1 59 
9 0 0 0 1 0 2 58 59 
6 1 0 0 0 0 3 59 60 62 
9 0 9 0 0 0 1 60 
3 0 0 0 9 0 1 61 
4 0 0 0 0 8 1 63 
10 0 0 10 0 0 1 63 
6 0 2 0 0 0 1 63 
1 0 0 0 0 0 0 
1 0 0 0 0 0 3 65 66 67 
3 0 3 6 0 7 3 68 69 70 
5 0 8 6 0 2 3 76 79 84 
8 0 10 0 10 3 3 71 73 83 
5 0 0 6 6 0 3 72 74 75 
3 0 0 1 4 1 3 71 85 88 
5 0 7 7 7 10 3 72 77 78 
3 0 9 3 9 3 2 74 91 
10 0 0 1 7 2 3 80 83 87 
6 0 0 7 5 2 3 75 78 84 
7 0 6 1 2 6 3 76 77 78 
8 0 3 3 4 0 3 79 81 92 
7 1 0 0 0 0 2 80 82 
1 1 0 0 0 0 3 82 86 89 
8 0 0 0 1 8 3 80 81 87 
4 1 0 0 0 0 2 85 87 
6 0 1 2 0 6 2 86 90 
3 1 0 0 0 0 1 82 
9 0 0 8 10 0 1 93 
6 1 0 0 0 0 2 84 85 
5 1 0 0 0 0 3 86 88 89 
6 0 9 0 7 0 1 94 
7 0 2 6 0 3 2 92 94 
3 0 5 0 8 1 2 89 93 
9 0 2 0 8 0 3 90 91 93 
10 0 2 8 1 0 1 90 
6 0 1 0 5 7 1 94 
2 0 10 3 6 5 1 92 
9 0 5 2 10 8 1 95 
1 0 5 9 8 5 1 95 
5 0 7 0 6 7 1 95 
1 0 0 0 0 0 0 
1 0 0 0 0 0 3 97 98 99 
6 0 5 0 1 0 3 106 117 119 
4 0 6 0 1 3 3 100 103 110 
6 0 3 0 0 0 3 101 107 113 
8 0 7 0 4 2 3 102 105 106 
8 0 0 0 9 0 3 104 109 124 
8 0 0 0 4 0 3 104 109 114 
3 0 7 0 4 5 3 106 108 120 
9 0 7 0 0 5 2 111 120 
7 0 8 9 7 0 3 115 116 123 
2 0 0 9 2 10 1 125 
6 0 3 3 0 3 3 109 111 116 
5 0 0 0 3 8 3 112 113 114 
8 0 9 0 0 0 3 112 121 123 
9 0 10 2 0 0 3 114 115 116 
8 1 0 0 0 0 2 112 119 
10 0 3 0 0 0 1 118 
5 0 0 10 9 7 3 115 119 121 
3 0 5 10 0 0 1 124 
8 0 1 8 0 0 2 117 118 
9 0 8 0 0 0 3 117 118 120 
7 1 0 0 0 0 2 124 126 
6 0 6 0 8 4 1 122 
10 0 0 3 7 0 2 122 123 
8 1 0 0 0 0 1 121 
10 0 2 10 0 0 1 122 
5 0 0 10 3 0 2 125 126 
6 0 0 9 0 2 2 125 126 
2 0 10 0 0 1 1 127 
9 0 0 0 1 0 1 127 
5 0 0 0 6 8 1 127 
1 0 0 0 0 0 0 
1 0 0 0 0 0 3 129 130 131 
5 0 0 0 0 8 3 133 134 137 
3 0 0 7 0 0 1 147 
7 0 4 0 0 0 1 132 
3 0 0 0 6 0 2 135 144 
4 0 0 9 0 0 1 140 
6 0 8 0 0 0 1 139 
7 0 5 0 0 0 3 136 141 143 
2 1 0 0 0 0 3 146 148 149 
10 0 0 3 0 0 3 138 142 151 
6 0 0 0 5 0 1 158 
5 0 0 0 10 0 1 157 
5 1 0 0 0 0 1 141 
8 0 0 6 0 0 2 154 158 
7 0 4 0 0 0 1 145 
7 0 7 0 0 0 1 153 
3 0 0 0 0 5 1 152 
6 1 0 0 0 0 3 149 152 154 
7 0 6 0 0 0 1 150 
8 0 0 8 0 0 2 153 156 
9 0 6 0 0 0 2 152 153 
10 0 0 0 0 7 2 156 158 
7 0 0 0 0 5 1 156 
6 0 0 0 0 10 1 157 
5 0 0 0 0 3 1 155 
1 0 0 0 0 9 1 155 
1 0 9 0 0 0 1 155 
5 0 0 0 8 0 1 157 
1 0 5 0 0 0 1 159 
4 0 0 1 0 0 1 159 
2 0 0 6 0 0 1 159 
1 0 0 0 0 0 0 
1 0 0 0 0 0 3 161 162 163 
9 0 4 8 9 0 3 164 165 168 
8 0 0 4 1 9 1 174 
10 0 9 2 7 0 3 167 168 170 
7 0 0 7 3 0 3 166 179 183 
4 0 8 9 6 6 3 175 178 179 
10 0 0 10 0 3 1 171 
4 0 10 10 0 9 2 181 182 
8 0 5 0 7 0 2 169 180 
9 0 4 0 3 0 3 173 178 187 
8 0 2 0 7 10 1 176 
3 0 3 7 0 10 1 172 
8 1 0 0 0 0 2 176 177 
4 0 8 0 1 2 2 179 185 
7 0 2 0 2 9 3 177 182 186 
1 0 0 8 5 2 2 180 184 
6 1 0 0 0 0 2 181 187 
8 0 3 3 1 8 2 188 189 
4 1 0 0 0 0 1 183 
10 1 0 0 0 0 3 186 188 190 
6 0 7 10 1 0 3 182 185 187 
9 0 10 8 5 0 1 184 
2 0 2 7 0 1 1 188 
6 1 0 0 0 0 1 184 
4 0 9 0 2 0 2 185 190 
10 0 8 2 10 5 1 186 
4 0 5 3 0 10 1 189 
2 1 0 0 0 0 2 189 190 
8 0 7 6 1 3 1 191 
3 0 5 5 3 3 1 191 
3 0 0 3 9 2 1 191 
1 0 0 0 0 0 0 
1 0 0 0 0 0 3 193 194 195 
7 0 3 10 7 0 3 202 206 210 
2 0 4 0 0 0 3 199 201 203 
4 0 0 0 0 4 3 196 197 198 
7 0 4 8 0 0 1 201 
9 0 0 8 1 3 3 209 211 214 
6 0 2 0 7 7 3 200 216 217 
3 0 0 9 2 2 3 212 218 220 
5 0 4 9 0 0 1 204 
9 0 0 0 10 1 2 211 214 
9 0 8 7 0 0 2 203 204 
6 1 0 0 0 0 2 205 207 
1 1 0 0 0 0 1 212 
1 1 0 0 0 0 3 208 214 215 
4 0 0 2 3 4 3 211 217 221 
3 0 4 0 0 0 1 208 
2 0 0 2 4 0 1 219 
3 0 8 7 0 0 2 210 213 
6 1 0 0 0 0 1 215 
6 0 3 6 0 2 3 212 213 220 
9 0 10 0 0 3 1 222 
6 0 0 2 0 0 1 218 
6 1 0 0 0 0 2 216 221 
3 1 0 0 0 0 2 219 221 
8 0 10 0 2 2 1 218 
5 0 5 10 9 0 1 219 
4 0 0 7 4 0 1 222 
1 0 0 0 9 5 2 220 222 
1 0 9 9 0 6 1 223 
5 0 0 7 3 0 1 223 
5 0 0 0 0 3 1 223 
1 0 0 0 0 0 0 
1 0 0 0 0 0 3 225 226 227 
8 0 2 3 3 8 3 228 245 249 
5 0 2 3 0 1 3 233 244 254 
9 0 7 0 0 0 3 231 232 235 
3 0 5 1 0 1 3 229 239 250 
6 0 4 8 1 0 2 230 241 
8 1 0 0 0 0 2 232 248 
8 0 0 0 0 5 3 237 240 253 
10 0 5 0 0 0 3 238 246 252 
1 0 0 7 0 0 3 234 236 238 
5 0 2 3 0 0 2 240 248 
7 0 10 6 0 8 2 242 245 
10 0 0 0 4 0 1 250 
3 0 1 0 6 0 2 245 248 
2 0 7 7 0 0 1 253 
6 0 3 10 0 4 2 241 243 
4 1 0 0 0 0 2 247 249 
5 0 10 0 3 0 2 242 251 
6 1 0 0 0 0 1 246 
6 1 0 0 0 0 3 244 246 253 
7 1 0 0 0 0 1 247 
3 1 0 0 0 0 2 247 254 
8 0 3 0 3 5 1 254 
8 0 0 0 7 0 1 251 
4 1 0 0 0 0 1 251 
2 0 2 1 0 0 1 250 
3 1 0 0 0 0 1 252 
5 0 1 7 9 0 1 252 
3 0 0 0 9 7 1 255 
2 0 0 5 0 8 1 255 
8 0 0 0 0 2 1 255 
1 0 0 0 0 0 0 
1 0 0 0 0 0 3 257 258 259 
10 0 5 3 8 10 3 267 275 279 
10 0 8 2 3 8 3 260 261 269 
3 0 8 2 1 10 3 262 268 278 
2 0 1 1 4 4 2 264 280 
10 0 7 10 3 6 3 271 275 276 
9 0 8 1 1 4 3 263 271 279 
6 0 4 1 3 9 3 265 266 272 
6 0 10 5 5 3 2 270 279 
2 1 0 0 0 0 2 274 284 
1 1 0 0 0 0 2 280 285 
5 0 5 10 5 7 3 271 277 283 
3 0 4 7 9 8 1 269 
1 0 9 8 10 8 1 272 
3 1 0 0 0 0 3 273 277 283 
5 1 0 0 0 0 1 284 
2 0 2 1 8 4 2 280 281 
10 1 0 0 0 0 2 278 282 
1 0 5 2 2 9 1 281 
8 1 0 0 0 0 2 278 282 
1 1 0 0 0 0 2 277 282 
8 0 2 5 5 1 2 285 286 
6 0 6 3 10 1 1 281 
2 1 0 0 0 0 1 286 
2 1 0 0 0 0 1 283 
8 0 3 10 4 6 1 285 
6 0 7 1 3 3 1 284 
4 1 0 0 0 0 1 286 
3 0 9 8 1 9 1 287 
8 0 4 3 10 8 1 287 
1 1 0 0 0 0 1 287 
1 0 0 0 0 0 0 
1 0 0 0 0 0 3 289 290 291 
5 0 0 0 2 0 2 293 311 
9 0 2 0 0 0 3 292 294 300 
5 0 0 0 0 6 2 302 304 
10 0 0 0 0 4 2 295 310 
3 0 3 0 0 0 3 296 299 314 
9 0 4 0 0 0 2 298 310 
10 1 0 0 0 0 1 297 
10 0 0 0 0 10 2 309 313 
5 0 0 0 9 0 1 315 
4 0 0 0 1 0 1 301 
5 0 0 5 0 0 1 308 
10 0 0 0 8 0 1 316 
1 1 0 0 0 0 2 303 312 
1 0 0 10 0 0 3 306 307 310 
8 0 0 1 0 0 1 305 
6 0 10 0 0 0 1 306 
2 0 6 0 0 0 1 306 
1 0 0 0 8 0 3 308 309 311 
7 0 0 0 0 4 2 313 317 
1 0 5 0 0 0 1 318 
1 0 6 0 0 0 1 317 
6 1 0 0 0 0 1 318 
2 0 4 0 0 0 1 314 
5 1 0 0 0 0 1 317 
10 0 0 0 5 0 1 315 
3 0 0 0 8 0 1 318 
10 0 10 0 0 0 1 316 
1 0 0 0 0 3 1 319 
6 0 0 0 6 0 1 319 
1 0 0 0 4 0 1 319 
1 0 0 0 0 0 0 
1 0 0 0 0 0 3 321 322 323 
6 1 0 0 0 0 2 336 338 
7 0 7 0 1 9 3 327 330 337 
7 0 10 3 1 8 3 324 325 347 
4 0 6 1 3 0 2 326 340 
10 0 0 7 5 0 1 328 
1 0 9 0 2 9 2 331 349 
1 0 2 0 0 3 1 347 
6 1 0 0 0 0 2 329 345 
2 1 0 0 0 0 2 339 344 
9 0 2 9 9 0 1 346 
4 0 4 2 7 7 3 332 335 336 
4 1 0 0 0 0 1 333 
6 0 0 9 2 8 3 334 338 343 
6 0 0 10 2 8 2 342 346 
8 0 7 10 0 9 1 339 
3 0 1 6 4 9 1 341 
2 0 7 2 8 7 1 350 
8 0 4 4 8 7 1 344 
9 0 10 0 4 2 1 341 
8 0 6 3 0 0 1 344 
6 0 5 8 5 2 1 348 
8 0 7 0 7 1 1 345 
4 1 0 0 0 0 2 345 350 
4 0 5 7 0 8 1 348 
1 0 1 7 4 9 1 348 
1 0 0 7 8 5 1 350 
6 0 0 3 6 9 1 349 
4 0 4 9 9 7 1 351 
8 1 0 0 0 0 1 351 
8 0 7 4 6 6 1 351 
1 0 0 0 0 0 0 
1 0 0 0 0 0 3 353 354 355 
1 0 0 0 0 5 2 374 375 
1 0 0 3 0 0 3 356 357 368 
1 0 8 0 0 0 2 358 371 
7 0 0 0 2 0 3 361 373 379 
6 0 0 0 0 3 1 369 
4 0 1 0 0 0 3 359 360 363 
5 0 0 0 10 0 3 365 372 378 
8 0 0 0 3 0 2 362 367 
7 0 0 0 0 1 1 367 
8 0 9 0 0 0 1 368 
1 0 7 0 0 0 3 364 366 367 
2 0 0 3 0 0 1 381 
3 1 0 0 0 0 1 370 
10 0 0 7 0 0 1 377 
10 0 3 0 0 0 1 376 
2 0 0 0 3 0 1 375 
10 1 0 0 0 0 1 372 
1 1 0 0 0 0 1 376 
1 0 0 0 7 0 2 376 378 
7 0 0 2 0 0 1 373 
9 0 0 0 0 10 2 380 381 
9 0 0 0 7 0 1 382 
4 1 0 0 0 0 1 378 
4 0 0 3 0 0 1 377 
1 0 0 0 4 0 1 381 
1 0 9 0 0 0 1 379 
8 0 0 0 0 9 1 382 
1 0 0 0 0 1 1 383 
2 0 0 8 0 0 1 383 
7 0 0 4 0 0 1 383 
1 0 0 0 0 0 0 
1 0 0 0 0 0 3 385 386 387 
4 0 0 0 0 2 3 392 394 401 
2 0 0 0 2 0 3 390 400 406 
6 0 0 0 0 3 3 388 389 390 
9 0 0 7 0 0 3 391 393 399 
4 0 0 10 0 0 3 396 398 408 
6 0 0 0 8 0 3 396 403 413 
2 0 0 0 4 0 3 402 404 407 
2 0 0 0 3 0 2 393 399 
8 0 0 0 0 7 3 395 397 400 
9 0 9 0 0 0 3 399 400 407 
7 1 0 0 0 0 3 398 406 407 
7 0 4 0 0 0 1 401 
9 1 0 0 0 0 3 403 404 413 
9 0 0 2 0 0 3 402 403 404 
10 0 6 0 0 0 2 406 411 
5 1 0 0 0 0 3 405 410 414 
5 0 0 0 8 0 3 402 405 409 
4 0 0 0 0 9 1 410 
7 0 0 0 0 4 2 405 411 
4 0 5 0 0 0 1 409 
9 0 7 0 0 0 1 412 
6 1 0 0 0 0 1 408 
2 1 0 0 0 0 2 408 409 
2 0 3 0 0 0 3 410 413 414 
5 0 0 0 3 0 1 411 
2 0 0 0 0 2 1 412 
3 0 6 0 0 0 2 412 414 
4 0 0 9 0 0 1 415 
8 0 0 0 0 10 1 415 
8 0 0 7 0 0 1 415 
1 0 0 0 0 0 0 
1 0 0 0 0 0 3 417 418 419 
4 0 0 9 0 0 1 445 
5 0 6 0 0 0 3 420 422 426 
6 0 0 0 4 0 2 427 430 
3 0 0 0 10 0 3 421 423 432 
3 0 0 8 0 0 1 442 
3 0 0 0 0 8 2 425 444 
5 0 3 0 0 0 3 424 428 438 
7 0 0 0 0 2 1 434 
1 0 0 6 0 0 1 440 
10 0 2 0 0 0 1 435 
1 0 0 0 7 0 2 432 439 
8 0 0 0 6 0 2 429 439 
7 1 0 0 0 0 2 431 433 
9 0 0 0 6 0 1 436 
8 1 0 0 0 0 1 442 
7 0 5 0 0 0 2 437 442 
6 0 0 4 0 0 2 435 446 
1 1 0 0 0 0 1 441 
3 1 0 0 0 0 2 436 443 
10 0 9 0 0 0 2 437 441 
5 0 0 0 0 1 1 444 
10 0 0 6 0 0 1 441 
8 1 0 0 0 0 1 440 
1 0 0 0 0 5 1 446 
4 0 0 0 0 7 1 445 
5 0 0 6 0 0 1 443 
2 0 0 9 0 0 1 444 
8 0 5 0 0 0 1 447 
7 0 0 0 0 10 1 447 
8 0 0 0 0 3 1 447 
1 0 0 0 0 0 0 
1 0 0 0 0 0 3 449 450 451 
10 0 2 10 7 2 3 452 454 472 
9 0 10 10 8 8 2 457 459 
3 0 3 7 5 7 3 454 455 461 
5 0 1 1 6 5 1 453 
10 0 10 5 6 7 3 456 460 471 
4 1 0 0 0 0 3 462 463 478 
9 0 1 9 5 8 1 466 
3 0 2 9 3 6 2 458 469 
6 0 8 10 3 9 1 473 
2 1 0 0 0 0 2 463 468 
3 0 7 3 8 9 1 464 
2 1 0 0 0 0 2 465 474 
6 1 0 0 0 0 1 470 
8 0 8 7 3 8 1 469 
2 0 9 5 7 2 2 466 476 
5 0 3 5 3 3 1 467 
7 1 0 0 0 0 2 466 470 
4 0 6 9 2 2 1 477 
9 0 1 8 3 10 1 476 
6 0 3 9 3 5 1 477 
5 0 4 4 8 1 1 474 
7 0 8 6 9 6 1 475 
2 0 3 9 9 7 1 473 
8 0 9 7 9 8 1 476 
10 0 5 2 7 3 2 474 475 
2 0 8 4 2 9 1 477 
7 0 7 4 8 5 1 478 
8 0 1 7 7 2 1 479 
5 0 2 1 5 8 1 479 
10 0 5 5 7 3 1 479 
1 0 0 0 0 0 0 
1 0 0 0 0 0 3 481 482 483 
10 0 0 0 5 0 1 486 
4 0 0 9 0 0 1 485 
3 0 0 0 1 0 3 484 485 488 
1 0 6 0 0 0 3 487 498 500 
5 0 0 0 4 0 1 502 
4 0 0 10 0 0 1 498 
6 0 0 0 0 7 3 489 494 496 
4 0 5 0 0 0 3 493 497 503 
4 0 0 0 0 8 3 490 497 502 
7 0 10 0 0 0 3 491 492 501 
2 1 0 0 0 0 1 495 
3 0 3 0 0 0 2 499 507 
5 0 0 0 0 3 2 499 506 
6 0 0 0 8 0 2 503 510 
10 1 0 0 0 0 2 499 505 
4 0 0 0 8 0 3 501 502 506 
3 1 0 0 0 0 1 504 
7 0 7 0 0 0 3 501 505 510 
9 1 0 0 0 0 1 504 
4 0 0 2 0 0 2 504 505 
3 0 0 0 3 0 1 509 
9 1 0 0 0 0 2 503 507 
3 1 0 0 0 0 2 508 509 
10 0 0 0 2 0 2 508 510 
8 1 0 0 0 0 2 506 508 
4 0 0 0 4 0 1 507 
8 0 0 0 4 0 1 509 
1 0 0 8 0 0 1 511 
10 0 0 3 0 0 1 511 
9 0 0 4 0 0 1 511 
1 0 0 0 0 0 0 
1 0 0 0 0 0 3 513 514 515 
7 0 7 0 0 0 3 520 523 528 
3 0 0 8 0 0 3 516 521 522 
10 0 0 0 0 2 3 517 525 535 
2 0 0 5 0 0 3 518 520 529 
6 0 0 0 0 4 2 518 519 
8 0 0 0 1 0 3 523 526 527 
7 0 0 0 0 1 2 521 523 
1 0 3 0 0 0 3 525 535 540 
6 0 0 5 0 0 3 526 527 529 
9 0 0 2 0 0 3 524 530 533 
3 1 0 0 0 0 1 532 
4 0 0 0 10 0 3 525 527 532 
1 0 0 0 3 0 1 542 
7 1 0 0 0 0 3 528 533 534 
8 1 0 0 0 0 2 531 534 
9 1 0 0 0 0 3 530 531 538 
8 1 0 0 0 0 3 532 533 534 
1 0 8 0 0 0 3 536 539 541 
6 0 0 0 6 0 3 536 539 541 
8 0 0 0 0 8 2 537 538 
3 0 0 3 0 0 1 537 
8 0 2 0 0 0 2 536 538 
2 0 0 0 0 7 2 537 539 
2 0 0 7 0 0 1 540 
2 0 0 0 2 0 2 541 542 
10 0 0 0 0 5 1 540 
6 0 4 0 0 0 1 542 
6 0 0 6 0 0 1 543 
2 0 1 0 0 0 1 543 
7 0 0 0 0 5 1 543 
1 0 0 0 0 0 0 
100.07 100.19 101.28 100.05 98.59 105.06 143.27 177.22 195.13 151.52 128.07 109.03 102.26 103.22 107 129.08 141.43 160.36 173.38 163.48 141.65 122.45 114.56 92.76 101.33 97.21 94.54 89.46 93.57 97.62 118.08 140.55 141.89 136.35 128.37 125 118.99 112.54 114.76 134.84 137.68 142.71 151.7 153.81 133.45 119.31 114.1 102.78 99.07 94.56 89.49 86.19 87.32 95.33 124.14 150.33 152.87 141.18 129.93 124.91 117.68 115.57 123.44 138.54 145.27 151.88 155.18 158.75 139.46 126.42 120.06 112.8 90 90.53 88.37 87.56 90.22 100 122.55 138.17 146.71 149 146.37 140 131.11 120.09 119.6 122.12 131.83 142.61 151.57 149.41 135.13 120.7 117.06 104.85 104.56 97.15 93.8 92.63 95.05 102.11 127.46 146.07 154.8 152.7 143.81 135.65 121.95 114.48 108.56 114.95 129.88 134.01 143.76 143.63 125.4 102.7 97.69 93.7 84.6 68.61 64.59 55 59.98 67.76 66.19 93.53 98.43 97.56 87.01 69.75 68 65.56 70.74 84.31 110.04 137.55 147.32 124.41 102.3 92.22 81.8 51.81 35.26 22.31 7.94 7.03 6.56 6.68 6.91 19.41 16.35 7.75 7.47 6.89 6.93 5.82 7.45 14.08 36.22 70.79 77.53 78.46 77.4 65.74 57.52 53.53 100.07 100.19 101.28 100.05 98.59 105.06 143.27 177.22 195.13 151.52 128.07 109.03 102.26 103.22 107 129.08 141.43 160.36 173.38 163.48 141.65 122.45 114.56 92.76 101.33 97.21 94.54 89.46 93.57 97.62 118.08 140.55 141.89 136.35 128.37 125 118.99 112.54 114.76 134.84 137.68 142.71 151.7 153.81 133.45 119.31 114.1 102.78 99.07 94.56 89.49 86.19 87.32 95.33 124.14 150.33 152.87 141.18 129.93 124.91 117.68 115.57 123.44 138.54 145.27 151.88 155.18 158.75 139.46 126.42 120.06 112.8 90 90.53 88.37 87.56 90.22 100 122.55 138.17 146.71 149 146.37 140 131.11 120.09 119.6 122.12 131.83 142.61 151.57 149.41 135.13 120.7 117.06 104.85 104.56 97.15 93.8 92.63 95.05 102.11 127.46 146.07 154.8 152.7 143.81 135.65 121.95 114.48 108.56 114.95 129.88 134.01 143.76 143.63 125.4 102.7 97.69 93.7 84.6 68.61 64.59 55 59.98 67.76 66.19 93.53 98.43 97.56 87.01 69.75 68 65.56 70.74 84.31 110.04 137.55 147.32 124.41 102.3 92.22 81.8 51.81 35.26 22.31 7.94 7.03 6.56 6.68 6.91 19.41 16.35 7.75 7.47 6.89 6.93 5.82 7.45 14.08 36.22 70.79 77.53 78.46 77.4 65.74 57.52 53.53 100.07 100.19 101.28 100.05 98.59 105.06 143.27 177.22 195.13 151.52 128.07 109.03 102.26 103.22 107 129.08 141.43 160.36 173.38 163.48 141.65 122.45 114.56 92.76 101.33 97.21 94.54 89.46 93.57 97.62 118.08 140.55 141.89 136.35 128.37 125 118.99 112.54 114.76 134.84 137.68 142.71 151.7 153.81 133.45 119.31 114.1 102.78 99.07 94.56 89.49 86.19 87.32 95.33 124.14 150.33 152.87 141.18 129.93 124.91 117.68 115.57 123.44 138.54 145.27 151.88 155.18 158.75 139.46 126.42 120.06 112.8 90 90.53 88.37 87.56 90.22 100 122.55 138.17 146.71 149 146.37 140 131.11 120.09 119.6 122.12 131.83 142.61 151.57 149.41 135.13 120.7 117.06 104.85 104.56 97.15 93.8 92.63 95.05 102.11 127.46 146.07 154.8 152.7 143.81 135.65 121.95 114.48 108.56 114.95 129.88 134.01 143.76 143.63 125.4 102.7 97.69 93.7 84.6 68.61 64.59 55 59.98 67.76 66.19 93.53 98.43 97.56 87.01 69.75 68 65.56 70.74 84.31 110.04 137.55 147.32 124.41 102.3 92.22 81.8 51.81 35.26 22.31 7.94 7.03 6.56 6.68 6.91 19.41 16.35 7.75 7.47 6.89 6.93 5.82 7.45 14.08 36.22 70.79 77.53 78.46 77.4 65.74 57.52 53.53 100.07 100.19 101.28 100.05 98.59 105.06 143.27 177.22 195.13 151.52 128.07 109.03 102.26 103.22 107 129.08 141.43 160.36 173.38 163.48 141.65 122.45 114.56 92.76 101.33 97.21 94.54 89.46 93.57 97.62 118.08 140.55 141.89 136.35 128.37 125 118.99 112.54 114.76 134.84 137.68 142.71 151.7 153.81 133.45 119.31 114.1 102.78 99.07 94.56 89.49 86.19 87.32 95.33 124.14 150.33 152.87 141.18 129.93 124.91 117.68 115.57 123.44 138.54 145.27 151.88 155.18 158.75 139.46 126.42 120.06 112.8 90 90.53 88.37 87.56 90.22 100 122.55 138.17 146.71 149 146.37 140 131.11 120.09 119.6 122.12 131.83 142.61 151.57 149.41 135.13 120.7 117.06 104.85 104.56 97.15 93.8 92.63 95.05 102.11 127.46 146.07 154.8 152.7 143.81 135.65 121.95 114.48 108.56 114.95 129.88 134.01 143.76 143.63 125.4 102.7 97.69 93.7 84.6 68.61 64.59 55 59.98 67.76 66.19 93.53 98.43 97.56 87.01 69.75 68 65.56 70.74 84.31 110.04 137.55 147.32 124.41 102.3 92.22 81.8 51.81 35.26 22.31 7.94 7.03 6.56 6.68 6.91 19.41 16.35 7.75 7.47 6.89 6.93 5.82 7.45 14.08 36.22 70.79 77.53 78.46 77.4 65.74 57.52 53.53 100.07 100.19 101.28 100.05 98.59 105.06 143.27 177.22 195.13 151.52 128.07 109.03 102.26 103.22 107 129.08 141.43 160.36 173.38 163.48 141.65 122.45 114.56 92.76 101.33 97.21 94.54 89.46 93.57 97.62 118.08 140.55 141.89 136.35 128.37 125 118.99 112.54 114.76 134.84 137.68 142.71 151.7 153.81 133.45 119.31 114.1 102.78 99.07 94.56 89.49 86.19 87.32 95.33 124.14 150.33 152.87 141.18 129.93 124.91 117.68 115.57 123.44 138.54 145.27 151.88 155.18 158.75 139.46 126.42 120.06 112.8 90 90.53 88.37 87.56 90.22 100 122.55 138.17 146.71 149 146.37 140 131.11 120.09 119.6 122.12 131.83 142.61 151.57 149.41 135.13 120.7 117.06 104.85 104.56 97.15 93.8 92.63 95.05 102.11 127.46 146.07 154.8 152.7 143.81 135.65 121.95 114.48 108.56 114.95 129.88 134.01 143.76 143.63 125.4 102.7 97.69 93.7 84.6 68.61 64.59 55 59.98 67.76 66.19 93.53 98.43 97.56 87.01 69.75 68 65.56 70.74 84.31 110.04 137.55 147.32 124.41 102.3 92.22 81.8 51.81 35.26 22.31 7.94 7.03 6.56 6.68 6.91 19.41 16.35 7.75 7.47 6.89 6.93 5.82 7.45 14.08 36.22 70.79 77.53 78.46 77.4 65.74 57.52 53.53 100.07 100.19 101.28 100.05 98.59 105.06 143.27 177.22 195.13 151.52 128.07 109.03 102.26 103.22 107 129.08 141.43 160.36 173.38 163.48 141.65 122.45 114.56 92.76 101.33 97.21 94.54 89.46 93.57 97.62 118.08 140.55 141.89 136.35 128.37 125 118.99 112.54 114.76 134.84 137.68 142.71 151.7 153.81 133.45 119.31 114.1 102.78 99.07 94.56 89.49 86.19 87.32 95.33 124.14 150.33 152.87 141.18 129.93 124.91 117.68 115.57 123.44 138.54 145.27 151.88 155.18 158.75 139.46 126.42 120.06 112.8 90 90.53 88.37 87.56 90.22 100 122.55 138.17 146.71 149 146.37 140 131.11 120.09 119.6 122.12 131.83 142.61 151.57 149.41 135.13 120.7 117.06 104.85 104.56 97.15 93.8 92.63 95.05 102.11 127.46 146.07 154.8 152.7 143.81 135.65 121.95 114.48 108.56 114.95 129.88 134.01 143.76 143.63 125.4 102.7 97.69 93.7 84.6 68.61 64.59 55 
