544 5
1 40 40 32 37 
1 0 0 0 0 0 3 1 2 3 
4 0 0 9 4 2 3 4 13 16 
4 0 5 9 3 8 2 7 26 
4 0 0 2 0 9 3 5 8 10 
7 0 0 5 0 3 3 6 7 19 
6 0 9 4 2 4 3 9 12 25 
1 0 5 8 0 2 2 8 9 
7 0 0 4 2 4 3 12 15 27 
4 0 0 6 5 1 2 11 24 
3 1 0 0 0 0 3 14 20 22 
3 0 4 0 7 8 1 15 
5 0 7 0 10 2 3 14 17 18 
7 1 0 0 0 0 3 21 22 29 
6 0 9 4 2 5 2 15 19 
7 0 4 1 0 0 1 27 
6 0 0 6 10 8 2 18 23 
2 0 10 3 5 0 2 17 24 
6 1 0 0 0 0 2 25 27 
7 1 0 0 0 0 1 22 
4 0 0 7 8 7 2 26 28 
10 0 1 6 2 7 1 21 
1 0 9 0 10 4 1 23 
6 0 7 5 0 0 1 30 
1 0 8 8 8 9 2 24 30 
7 0 7 2 0 6 1 28 
1 1 0 0 0 0 1 26 
2 0 2 1 6 3 1 30 
6 0 0 9 10 3 1 28 
9 0 0 8 9 9 1 31 
5 1 0 0 0 0 1 31 
5 0 5 9 5 0 1 31 
1 0 0 0 0 0 0 
1 0 0 0 0 0 3 33 34 35 
4 0 0 0 9 0 1 50 
1 0 8 2 0 0 3 38 39 45 
1 0 6 2 0 0 3 36 40 56 
8 0 0 0 4 0 2 37 45 
4 0 0 4 1 0 3 43 48 54 
8 0 0 8 3 9 1 53 
7 0 9 0 10 0 3 41 56 62 
10 0 2 0 2 8 1 60 
9 0 0 9 0 0 2 42 44 
3 1 0 0 0 0 1 55 
10 0 6 0 0 8 1 47 
8 0 0 10 0 0 3 46 50 58 
5 0 0 0 10 0 1 49 
8 1 0 0 0 0 1 57 
1 1 0 0 0 0 1 59 
4 0 1 0 8 10 1 59 
9 1 0 0 0 0 1 51 
8 0 0 0 3 0 2 52 57 
7 0 10 6 9 4 2 53 55 
8 0 0 0 5 0 2 54 55 
4 0 6 0 1 0 1 62 
10 0 5 0 10 0 1 61 
3 0 0 10 6 3 1 60 
2 1 0 0 0 0 1 59 
4 0 3 5 0 0 1 60 
6 0 9 0 0 0 1 61 
7 0 0 0 3 7 1 61 
3 0 0 1 6 0 1 63 
2 0 0 0 3 5 1 63 
10 0 2 10 0 8 1 63 
1 0 0 0 0 0 0 
1 0 0 0 0 0 3 65 66 67 
6 0 0 2 0 9 3 69 78 81 
9 0 1 0 5 4 3 68 78 81 
1 0 0 2 10 8 3 69 70 79 
9 0 0 10 7 7 3 71 77 79 
1 0 8 5 0 1 3 71 74 77 
5 0 7 0 9 7 3 72 75 86 
7 0 6 0 6 0 3 73 75 80 
1 0 0 10 3 2 3 73 76 83 
10 1 0 0 0 0 2 85 93 
6 0 1 2 7 1 3 82 86 88 
8 0 0 0 7 5 1 84 
5 0 0 2 4 7 3 78 81 82 
9 0 7 10 8 0 3 80 82 88 
5 0 9 0 1 7 2 92 94 
9 0 0 7 2 0 3 86 90 93 
1 0 1 9 2 4 2 83 84 
1 0 8 7 0 0 3 85 88 90 
3 1 0 0 0 0 3 84 89 91 
6 0 0 6 4 7 3 87 89 90 
8 0 7 0 6 9 2 85 93 
6 0 10 4 9 6 1 87 
4 1 0 0 0 0 1 92 
5 0 7 1 6 4 1 92 
4 1 0 0 0 0 2 89 91 
3 0 7 9 7 10 1 94 
2 0 9 0 4 1 1 91 
9 0 1 10 0 3 1 94 
7 0 9 10 3 2 1 95 
3 0 4 10 10 10 1 95 
2 0 10 8 0 10 1 95 
1 0 0 0 0 0 0 
1 0 0 0 0 0 3 97 98 99 
7 0 6 3 5 0 2 110 111 
9 0 2 7 7 0 3 100 108 123 
7 0 3 0 8 6 3 101 102 105 
1 0 3 5 6 9 2 103 115 
1 0 2 1 4 6 1 111 
5 0 7 5 0 7 3 104 110 121 
10 0 0 5 8 0 3 107 109 118 
3 0 10 5 7 9 3 108 113 123 
10 0 1 5 5 4 3 106 113 123 
1 1 0 0 0 0 3 112 115 117 
4 1 0 0 0 0 1 117 
5 1 0 0 0 0 3 109 116 125 
7 1 0 0 0 0 1 119 
6 0 2 9 2 6 2 112 120 
6 0 6 9 4 0 2 113 115 
9 0 0 2 0 8 2 124 126 
9 0 0 0 3 10 2 114 116 
10 0 8 0 2 3 2 122 125 
5 1 0 0 0 0 1 124 
6 1 0 0 0 0 2 120 124 
10 0 5 0 0 7 2 121 122 
3 0 2 9 5 10 1 121 
4 0 3 0 8 6 1 120 
7 0 5 3 7 0 1 122 
8 0 0 0 8 3 1 126 
6 0 0 4 6 1 1 126 
8 0 0 0 10 0 1 125 
8 0 1 5 6 2 1 127 
3 0 10 10 6 0 1 127 
1 0 5 7 0 8 1 127 
1 0 0 0 0 0 0 
1 0 0 0 0 0 3 129 130 131 
7 0 0 0 0 6 3 136 137 138 
10 0 0 0 0 10 3 141 148 157 
10 0 0 2 0 0 2 132 144 
4 0 2 0 0 0 3 133 142 152 
1 0 0 10 0 0 2 134 135 
10 0 0 5 0 0 2 136 153 
5 0 0 0 0 10 2 140 148 
3 0 0 5 0 0 3 143 149 151 
3 0 3 0 0 0 1 139 
1 0 0 0 1 0 1 145 
9 0 6 0 0 0 3 145 147 155 
5 1 0 0 0 0 3 146 150 156 
6 0 0 8 0 0 3 143 150 155 
8 0 0 0 0 1 2 145 147 
4 1 0 0 0 0 1 156 
9 0 6 0 0 0 2 151 152 
3 1 0 0 0 0 2 149 151 
10 0 2 0 0 0 3 147 153 154 
10 0 0 1 0 0 1 157 
3 1 0 0 0 0 2 150 155 
7 1 0 0 0 0 1 154 
3 0 0 6 0 0 2 153 154 
4 1 0 0 0 0 1 158 
3 1 0 0 0 0 1 157 
5 0 0 3 0 0 1 158 
10 0 0 4 0 0 1 158 
1 1 0 0 0 0 1 156 
2 1 0 0 0 0 1 159 
1 0 0 0 5 0 1 159 
9 0 0 0 7 0 1 159 
1 0 0 0 0 0 0 
1 0 0 0 0 0 3 161 162 163 
9 0 0 8 5 4 3 164 166 169 
5 0 7 0 8 7 3 164 180 181 
3 0 0 0 7 2 3 165 175 177 
3 0 8 3 0 4 3 168 178 184 
4 0 3 5 2 1 3 167 169 172 
5 0 7 3 5 10 3 171 182 183 
4 0 6 8 2 0 3 170 173 174 
9 0 0 6 10 9 1 176 
9 0 6 9 8 7 3 170 171 174 
8 0 0 4 0 7 1 189 
4 1 0 0 0 0 2 176 185 
5 0 7 9 9 3 2 186 188 
4 1 0 0 0 0 3 181 183 188 
6 1 0 0 0 0 2 181 182 
3 0 7 6 3 0 1 180 
6 0 0 10 0 1 1 187 
3 0 3 5 0 8 1 186 
6 0 1 0 7 0 1 179 
9 0 5 7 7 0 2 183 185 
7 0 4 0 10 0 1 182 
10 0 5 0 1 8 2 187 190 
7 0 6 0 2 7 2 184 189 
1 0 1 5 8 0 1 190 
8 0 5 6 3 6 1 185 
2 0 0 4 2 6 2 188 190 
3 0 0 6 0 1 1 187 
10 0 2 5 7 0 1 189 
4 0 4 0 2 3 1 191 
2 0 0 8 5 2 1 191 
6 0 0 5 2 9 1 191 
1 0 0 0 0 0 0 
1 0 0 0 0 0 3 193 194 195 
7 0 8 5 0 3 3 198 209 210 
6 0 0 7 2 6 3 196 203 205 
9 0 1 0 5 3 3 197 201 206 
10 0 4 5 0 3 3 199 200 206 
3 0 0 5 0 9 2 202 204 
3 0 9 3 3 10 2 207 213 
10 0 4 2 0 6 1 216 
8 0 8 5 2 4 1 204 
7 0 10 7 6 4 2 211 218 
5 0 7 8 8 7 1 222 
9 0 0 0 9 1 1 204 
5 1 0 0 0 0 1 214 
10 0 1 5 2 0 1 217 
4 0 5 2 0 10 1 208 
7 0 0 6 4 0 1 214 
10 0 0 4 2 10 2 210 213 
5 0 10 10 8 0 1 218 
2 0 0 0 6 0 2 212 219 
4 0 9 7 1 0 1 220 
3 1 0 0 0 0 2 215 216 
9 0 6 10 6 5 1 214 
2 0 10 2 6 2 1 221 
8 0 9 7 2 0 1 222 
10 0 0 10 10 3 1 220 
5 0 7 3 8 8 1 218 
10 1 0 0 0 0 1 220 
7 0 1 7 4 1 2 221 222 
10 0 0 0 5 2 1 223 
8 0 0 0 5 0 1 223 
7 0 7 6 2 7 1 223 
1 0 0 0 0 0 0 
1 0 0 0 0 0 3 225 226 227 
9 0 4 0 0 0 3 228 230 244 
5 0 6 0 2 0 3 231 232 233 
6 0 5 0 10 1 2 238 244 
1 0 8 0 0 3 3 229 235 236 
9 0 2 0 0 8 3 234 239 252 
9 0 3 0 0 6 3 234 236 243 
3 0 5 0 2 3 2 237 244 
10 0 0 9 9 0 1 246 
5 0 6 5 0 0 1 234 
5 0 6 7 0 2 1 238 
1 0 0 8 9 0 2 237 238 
2 1 0 0 0 0 1 241 
7 0 0 0 0 7 3 240 248 249 
1 0 9 7 8 0 3 240 242 253 
6 1 0 0 0 0 3 242 243 251 
1 0 2 0 0 7 1 254 
8 0 10 7 0 0 3 245 246 250 
2 0 6 2 0 0 1 247 
1 0 0 10 8 0 1 249 
5 1 0 0 0 0 1 252 
9 1 0 0 0 0 2 247 249 
2 0 10 0 0 0 3 247 251 252 
6 0 0 0 5 2 1 254 
9 1 0 0 0 0 1 250 
2 0 0 2 1 3 2 253 254 
1 0 0 9 0 0 1 251 
3 0 0 0 8 0 1 253 
6 0 0 0 10 0 1 255 
7 0 1 3 6 8 1 255 
10 0 0 9 0 4 1 255 
1 0 0 0 0 0 0 
1 0 0 0 0 0 3 257 258 259 
1 0 9 5 1 9 3 260 265 283 
7 0 3 7 10 8 3 261 264 266 
1 0 7 4 10 4 3 262 266 279 
7 0 10 6 3 4 3 272 274 277 
7 0 1 7 3 3 3 263 270 277 
1 0 2 10 9 1 2 275 276 
7 0 10 9 10 8 3 275 278 280 
4 0 4 10 7 7 2 282 283 
4 0 4 4 9 9 2 268 279 
2 0 4 9 5 7 2 267 282 
1 0 8 2 4 9 1 273 
1 0 7 2 6 6 3 269 273 274 
6 0 9 2 10 3 1 271 
1 0 2 10 6 8 3 273 278 286 
7 0 1 10 2 3 1 280 
9 1 0 0 0 0 3 275 284 285 
3 1 0 0 0 0 1 276 
10 0 4 5 1 1 2 276 280 
3 1 0 0 0 0 1 286 
10 0 6 1 6 5 2 281 284 
8 1 0 0 0 0 1 286 
1 1 0 0 0 0 2 279 281 
6 0 4 4 1 5 1 282 
1 1 0 0 0 0 1 281 
3 0 4 5 7 5 1 285 
9 0 10 1 7 1 1 285 
8 0 7 5 7 3 1 284 
3 0 10 5 10 6 1 287 
6 0 9 5 8 8 1 287 
8 0 8 4 2 7 1 287 
1 0 0 0 0 0 0 
1 0 0 0 0 0 3 289 290 291 
8 0 6 0 0 0 3 292 298 299 
6 0 0 8 0 0 3 292 294 309 
2 0 0 0 7 0 3 295 297 303 
6 0 0 0 1 0 3 293 296 304 
4 0 0 8 0 0 2 301 311 
4 0 0 2 0 0 3 302 306 308 
7 0 0 5 0 0 3 300 301 302 
3 0 9 0 0 0 3 305 307 314 
8 0 0 1 0 0 3 302 306 312 
5 0 0 0 0 7 3 303 304 307 
10 0 0 0 3 0 3 300 305 310 
6 0 10 0 0 0 3 306 307 309 
10 0 1 0 0 0 2 305 317 
7 0 5 0 0 0 2 304 313 
4 0 6 0 0 0 3 308 309 310 
9 0 0 0 0 5 1 315 
5 1 0 0 0 0 1 318 
4 0 0 9 0 0 1 316 
6 1 0 0 0 0 1 308 
1 1 0 0 0 0 2 312 318 
4 1 0 0 0 0 2 311 314 
8 0 0 7 0 0 3 311 312 314 
6 1 0 0 0 0 2 313 318 
2 0 0 1 0 0 2 313 315 
5 0 0 0 0 10 2 316 317 
9 1 0 0 0 0 2 315 316 
10 0 0 6 0 0 1 317 
3 0 0 0 8 0 1 319 
10 0 0 0 4 0 1 319 
7 0 0 0 4 0 1 319 
1 0 0 0 0 0 0 
1 0 0 0 0 0 3 321 322 323 
1 0 2 0 0 0 1 325 
4 0 0 0 4 0 3 324 327 338 
8 0 0 7 0 0 3 326 328 332 
6 0 0 1 0 0 2 328 335 
3 0 0 2 0 0 3 329 330 331 
3 0 0 0 0 7 3 333 337 343 
9 0 0 0 6 0 3 336 345 347 
2 0 0 2 0 0 1 341 
6 0 1 0 0 0 2 337 338 
8 0 0 0 8 0 2 334 337 
4 0 0 0 1 0 2 333 346 
9 0 0 0 8 0 1 345 
4 0 0 0 0 1 1 340 
10 0 0 8 0 0 2 338 346 
9 0 0 0 0 5 1 340 
4 0 0 0 6 0 2 339 342 
10 0 7 0 0 0 3 340 345 346 
9 0 8 0 0 0 3 339 342 350 
9 0 0 0 1 0 1 348 
9 0 0 5 0 0 1 342 
7 0 0 5 0 0 2 344 347 
3 0 0 0 1 0 2 344 348 
2 0 0 0 10 0 2 344 347 
4 0 0 8 0 0 1 349 
7 0 0 0 0 10 2 348 349 
1 1 0 0 0 0 2 349 350 
2 0 0 0 9 0 1 350 
1 0 0 1 0 0 1 351 
1 0 0 0 0 8 1 351 
2 0 0 0 7 0 1 351 
1 0 0 0 0 0 0 
1 0 0 0 0 0 3 353 354 355 
2 0 6 8 6 9 3 356 358 359 
4 0 9 9 10 8 3 365 366 372 
3 0 9 4 8 8 3 364 366 376 
9 0 6 7 3 8 3 357 362 368 
6 0 4 5 7 8 3 363 364 371 
6 0 1 8 1 2 3 360 362 366 
3 0 5 8 2 9 3 360 361 368 
5 1 0 0 0 0 2 373 376 
10 0 8 9 10 4 1 367 
6 0 5 10 4 5 3 363 374 376 
4 0 4 9 4 10 2 369 379 
4 1 0 0 0 0 2 367 370 
1 0 3 3 4 2 3 369 371 373 
2 0 4 2 9 1 3 370 371 373 
9 0 3 10 8 4 3 372 374 382 
5 0 7 9 10 8 3 370 372 380 
3 0 10 6 1 6 2 375 378 
8 0 1 8 3 6 3 377 378 381 
8 1 0 0 0 0 2 374 375 
7 0 2 5 5 10 1 381 
9 0 9 9 9 9 2 375 378 
4 0 1 9 4 1 1 379 
5 0 9 1 5 7 2 377 380 
2 0 2 3 6 10 3 377 379 380 
1 0 4 9 2 1 1 382 
6 0 6 4 4 2 1 382 
9 0 3 5 1 2 1 381 
2 0 3 8 10 8 1 383 
2 0 1 2 1 1 1 383 
6 0 2 7 9 2 1 383 
1 0 0 0 0 0 0 
1 0 0 0 0 0 3 385 386 387 
5 0 6 3 5 5 3 404 409 410 
9 0 9 10 10 9 3 388 392 393 
9 0 8 10 2 9 3 389 395 396 
1 0 6 4 1 4 3 390 391 394 
6 0 4 2 5 10 3 398 401 402 
7 0 10 3 1 5 1 400 
8 0 6 1 10 3 3 395 396 397 
9 0 6 8 1 6 1 413 
5 0 9 2 9 3 3 406 407 411 
10 0 3 8 4 10 2 405 412 
2 0 4 5 1 2 1 404 
3 0 7 1 3 6 2 398 399 
9 0 10 8 3 4 3 400 403 408 
6 1 0 0 0 0 1 406 
2 0 3 1 8 6 2 401 404 
3 1 0 0 0 0 1 406 
9 1 0 0 0 0 3 407 410 413 
8 0 6 10 5 5 2 403 411 
7 1 0 0 0 0 1 405 
9 1 0 0 0 0 2 407 412 
7 0 1 10 7 5 2 409 413 
1 0 5 7 1 1 1 414 
10 0 3 10 2 5 1 414 
9 1 0 0 0 0 2 409 410 
7 0 4 6 2 6 1 414 
9 0 8 10 10 9 1 411 
4 0 10 10 8 2 1 412 
4 0 2 3 1 3 1 415 
10 0 6 9 2 1 1 415 
9 0 10 2 1 2 1 415 
1 0 0 0 0 0 0 
1 0 0 0 0 0 3 417 418 419 
5 0 0 4 8 1 3 422 426 431 
4 0 6 0 5 0 3 420 427 432 
9 0 0 0 6 0 3 421 425 428 
8 0 0 1 7 0 1 438 
9 0 0 7 0 3 3 423 434 441 
6 0 0 0 0 6 3 424 428 434 
4 0 0 6 0 4 3 429 435 443 
6 0 0 0 0 4 3 427 432 437 
6 0 3 5 10 10 3 426 427 434 
10 0 0 7 0 1 3 430 433 435 
10 1 0 0 0 0 2 429 435 
2 0 6 0 0 4 3 432 433 443 
8 0 4 0 0 0 2 439 446 
7 0 9 0 8 4 2 436 437 
6 0 0 1 7 1 2 433 436 
10 0 6 0 6 0 3 436 438 442 
1 1 0 0 0 0 1 441 
6 1 0 0 0 0 3 437 439 442 
2 0 0 8 0 0 3 440 442 445 
7 0 7 0 8 0 3 439 440 441 
8 0 0 0 8 8 2 438 443 
4 0 0 0 0 1 3 440 445 446 
6 0 0 2 2 5 1 445 
2 0 5 8 0 6 1 444 
2 0 10 5 0 0 1 444 
7 0 0 0 5 0 1 446 
5 0 0 8 7 0 1 444 
6 0 0 0 6 9 1 447 
2 0 0 2 0 2 1 447 
1 0 9 0 0 6 1 447 
1 0 0 0 0 0 0 
1 0 0 0 0 0 3 449 450 451 
9 0 9 0 0 0 3 453 459 472 
3 0 0 0 4 0 3 452 454 475 
9 0 8 0 0 0 3 456 458 464 
3 0 0 0 3 0 2 464 465 
7 0 0 0 5 0 3 457 467 469 
10 0 0 8 0 0 3 455 460 461 
1 0 0 0 5 0 2 463 470 
5 0 0 0 0 10 3 461 462 473 
9 0 0 0 2 0 3 468 471 475 
3 0 0 6 0 0 3 463 466 471 
4 0 5 0 0 0 1 473 
8 0 0 0 3 0 1 472 
9 0 1 0 0 0 2 468 469 
9 0 0 0 0 4 1 467 
1 0 0 0 0 7 2 468 474 
9 0 0 0 0 3 1 467 
1 0 0 0 0 10 2 471 474 
2 0 0 0 6 0 1 475 
2 0 0 0 0 8 1 470 
6 0 7 0 0 0 2 476 478 
4 1 0 0 0 0 2 470 474 
9 0 0 0 0 10 2 476 478 
9 0 0 5 0 0 2 477 478 
8 0 5 0 0 0 1 473 
4 0 9 0 0 0 1 477 
1 1 0 0 0 0 1 477 
1 1 0 0 0 0 1 476 
7 0 0 5 0 0 1 479 
9 0 0 0 1 0 1 479 
4 0 0 7 0 0 1 479 
1 0 0 0 0 0 0 
1 0 0 0 0 0 3 481 482 483 
5 0 0 3 0 0 3 484 488 502 
1 0 4 0 0 0 3 485 486 487 
8 0 2 0 8 0 3 489 494 503 
4 0 10 0 0 10 3 489 492 503 
4 0 0 8 7 0 3 491 497 510 
1 0 9 2 0 2 3 493 498 502 
7 0 0 1 5 0 1 500 
10 0 0 5 3 0 3 489 490 492 
5 0 0 1 2 0 1 505 
6 0 2 0 5 0 2 494 498 
9 0 9 0 0 0 2 494 496 
7 0 4 1 0 5 3 495 496 499 
4 0 7 4 4 0 1 508 
6 0 0 0 6 4 1 504 
6 1 0 0 0 0 2 505 509 
2 1 0 0 0 0 2 506 507 
9 0 2 10 0 4 1 504 
9 0 0 4 0 9 1 501 
5 0 0 0 0 10 2 504 509 
8 0 4 0 0 10 1 501 
2 1 0 0 0 0 2 503 505 
8 0 0 0 3 8 2 507 509 
5 0 0 3 0 1 2 506 510 
5 1 0 0 0 0 1 507 
3 1 0 0 0 0 2 506 510 
8 0 0 0 9 6 1 508 
1 1 0 0 0 0 1 508 
8 0 0 6 0 0 1 511 
7 1 0 0 0 0 1 511 
1 0 0 9 8 10 1 511 
1 0 0 0 0 0 0 
1 0 0 0 0 0 3 513 514 515 
4 0 0 0 10 6 2 518 522 
6 0 6 0 0 3 2 524 537 
5 0 0 2 0 0 3 516 529 531 
5 0 0 0 0 9 2 517 519 
5 0 0 0 1 9 3 520 523 526 
8 0 0 4 0 7 1 525 
8 0 1 1 0 8 2 521 536 
7 0 7 0 0 3 1 528 
1 0 1 0 0 0 1 533 
4 0 7 9 10 0 3 530 536 539 
5 0 10 7 8 7 2 527 542 
4 0 7 0 0 0 1 526 
6 0 0 0 10 5 2 532 535 
10 0 0 4 7 0 1 532 
2 1 0 0 0 0 3 532 536 539 
5 0 0 4 4 5 1 530 
6 1 0 0 0 0 1 533 
8 0 0 0 10 8 1 534 
10 0 10 0 0 0 1 540 
8 1 0 0 0 0 1 538 
7 1 0 0 0 0 1 539 
7 0 0 7 0 0 1 541 
7 1 0 0 0 0 1 538 
7 1 0 0 0 0 1 537 
10 0 7 0 0 0 2 538 540 
10 0 0 2 6 0 1 541 
10 0 7 0 0 7 1 541 
3 0 7 0 0 5 1 543 
9 0 9 5 0 8 1 543 
1 0 0 4 0 0 1 543 
1 0 0 0 0 0 0 
20.89 9.7 9.7 7.07 8.99 15.34 80 102.48 131.47 135.53 107.46 110.08 119.78 117 111.57 111.39 124.51 148.49 138 117.64 117.71 95.95 105.68 95.26 103.7 108.27 105.92 103.41 102.71 114.23 156.91 182.64 178.91 190 189.88 182.42 182.46 179.59 179 180.93 166.69 189.88 184.94 178.99 156.12 140.92 137.92 97.56 105.31 97.29 84.5 75.38 79.11 94.79 118.04 124.69 147.74 147.18 138.56 129.99 131.97 130.67 134.6 146.61 161.18 170 139.88 135.75 119.93 98.09 118.71 99.68 99.85 101.32 110.01 111.55 123.37 149.94 185.92 228.25 228.92 212.9 215.5 231.9 226 209.2 216.06 230.77 245.95 274.11 273.44 245.48 226.14 208.31 178.75 124.7 128.92 118.4 103.01 101.91 101.98 114.99 140.19 170.53 175.66 161.85 161.37 166.06 166.54 166.04 169.43 189.7 201.97 243.11 253.81 237.05 224.33 213.81 185.94 148.32 164.17 152.83 166 160.86 160 154.3 166 182.91 215.89 231 228.95 215.39 206.68 185 169.52 162.8 200.89 189.9 177.11 140.23 162.02 102.18 102.29 114.11 85.03 84.4 80.24 55.46 49.29 62.06 74.29 84.44 97.26 119.97 134.96 149.4 165.13 165.06 170.09 189.04 190.96 223.3 243.94 240 230.82 214.02 215.88 203.8 20.89 9.7 9.7 7.07 8.99 15.34 80 102.48 131.47 135.53 107.46 110.08 119.78 117 111.57 111.39 124.51 148.49 138 117.64 117.71 95.95 105.68 95.26 103.7 108.27 105.92 103.41 102.71 114.23 156.91 182.64 178.91 190 189.88 182.42 182.46 179.59 179 180.93 166.69 189.88 184.94 178.99 156.12 140.92 137.92 97.56 105.31 97.29 84.5 75.38 79.11 94.79 118.04 124.69 147.74 147.18 138.56 129.99 131.97 130.67 134.6 146.61 161.18 170 139.88 135.75 119.93 98.09 118.71 99.68 99.85 101.32 110.01 111.55 123.37 149.94 185.92 228.25 228.92 212.9 215.5 231.9 226 209.2 216.06 230.77 245.95 274.11 273.44 245.48 226.14 208.31 178.75 124.7 128.92 118.4 103.01 101.91 101.98 114.99 140.19 170.53 175.66 161.85 161.37 166.06 166.54 166.04 169.43 189.7 201.97 243.11 253.81 237.05 224.33 213.81 185.94 148.32 164.17 152.83 166 160.86 160 154.3 166 182.91 215.89 231 228.95 215.39 206.68 185 169.52 162.8 200.89 189.9 177.11 140.23 162.02 102.18 102.29 114.11 85.03 84.4 80.24 55.46 49.29 62.06 74.29 84.44 97.26 119.97 134.96 149.4 165.13 165.06 170.09 189.04 190.96 223.3 243.94 240 230.82 214.02 215.88 203.8 20.89 9.7 9.7 7.07 8.99 15.34 80 102.48 131.47 135.53 107.46 110.08 119.78 117 111.57 111.39 124.51 148.49 138 117.64 117.71 95.95 105.68 95.26 103.7 108.27 105.92 103.41 102.71 114.23 156.91 182.64 178.91 190 189.88 182.42 182.46 179.59 179 180.93 166.69 189.88 184.94 178.99 156.12 140.92 137.92 97.56 105.31 97.29 84.5 75.38 79.11 94.79 118.04 124.69 147.74 147.18 138.56 129.99 131.97 130.67 134.6 146.61 161.18 170 139.88 135.75 119.93 98.09 118.71 99.68 99.85 101.32 110.01 111.55 123.37 149.94 185.92 228.25 228.92 212.9 215.5 231.9 226 209.2 216.06 230.77 245.95 274.11 273.44 245.48 226.14 208.31 178.75 124.7 128.92 118.4 103.01 101.91 101.98 114.99 140.19 170.53 175.66 161.85 161.37 166.06 166.54 166.04 169.43 189.7 201.97 243.11 253.81 237.05 224.33 213.81 185.94 148.32 164.17 152.83 166 160.86 160 154.3 166 182.91 215.89 231 228.95 215.39 206.68 185 169.52 162.8 200.89 189.9 177.11 140.23 162.02 102.18 102.29 114.11 85.03 84.4 80.24 55.46 49.29 62.06 74.29 84.44 97.26 119.97 134.96 149.4 165.13 165.06 170.09 189.04 190.96 223.3 243.94 240 230.82 214.02 215.88 203.8 20.89 9.7 9.7 7.07 8.99 15.34 80 102.48 131.47 135.53 107.46 110.08 119.78 117 111.57 111.39 124.51 148.49 138 117.64 117.71 95.95 105.68 95.26 103.7 108.27 105.92 103.41 102.71 114.23 156.91 182.64 178.91 190 189.88 182.42 182.46 179.59 179 180.93 166.69 189.88 184.94 178.99 156.12 140.92 137.92 97.56 105.31 97.29 84.5 75.38 79.11 94.79 118.04 124.69 147.74 147.18 138.56 129.99 131.97 130.67 134.6 146.61 161.18 170 139.88 135.75 119.93 98.09 118.71 99.68 99.85 101.32 110.01 111.55 123.37 149.94 185.92 228.25 228.92 212.9 215.5 231.9 226 209.2 216.06 230.77 245.95 274.11 273.44 245.48 226.14 208.31 178.75 124.7 128.92 118.4 103.01 101.91 101.98 114.99 140.19 170.53 175.66 161.85 161.37 166.06 166.54 166.04 169.43 189.7 201.97 243.11 253.81 237.05 224.33 213.81 185.94 148.32 164.17 152.83 166 160.86 160 154.3 166 182.91 215.89 231 228.95 215.39 206.68 185 169.52 162.8 200.89 189.9 177.11 140.23 162.02 102.18 102.29 114.11 85.03 84.4 80.24 55.46 49.29 62.06 74.29 84.44 97.26 119.97 134.96 149.4 165.13 165.06 170.09 189.04 190.96 223.3 243.94 240 230.82 214.02 215.88 203.8 20.89 9.7 9.7 7.07 8.99 15.34 80 102.48 131.47 135.53 107.46 110.08 119.78 117 111.57 111.39 124.51 148.49 138 117.64 117.71 95.95 105.68 95.26 103.7 108.27 105.92 103.41 102.71 114.23 156.91 182.64 178.91 190 189.88 182.42 182.46 179.59 179 180.93 166.69 189.88 184.94 178.99 156.12 140.92 137.92 97.56 105.31 97.29 84.5 75.38 79.11 94.79 118.04 124.69 147.74 147.18 138.56 129.99 131.97 130.67 134.6 146.61 161.18 170 139.88 135.75 119.93 98.09 118.71 99.68 99.85 101.32 110.01 111.55 123.37 149.94 185.92 228.25 228.92 212.9 215.5 231.9 226 209.2 216.06 230.77 245.95 274.11 273.44 245.48 226.14 208.31 178.75 124.7 128.92 118.4 103.01 101.91 101.98 114.99 140.19 170.53 175.66 161.85 161.37 166.06 166.54 166.04 169.43 189.7 201.97 243.11 253.81 237.05 224.33 213.81 185.94 148.32 164.17 152.83 166 160.86 160 154.3 166 182.91 215.89 231 228.95 215.39 206.68 185 169.52 162.8 200.89 189.9 177.11 140.23 
