544 5
1 42 37 43 48 
1 0 0 0 0 0 3 1 2 3 
2 0 5 8 10 6 3 5 11 16 
2 0 0 10 6 7 3 7 9 10 
7 0 10 10 5 0 2 4 15 
5 0 8 6 5 0 1 13 
9 0 3 0 8 6 3 6 8 12 
9 0 0 8 5 0 3 17 20 22 
3 0 3 10 6 7 2 12 18 
10 0 0 3 0 4 2 9 10 
10 0 6 5 0 0 3 17 21 25 
6 1 0 0 0 0 3 14 27 29 
3 0 5 8 2 4 3 17 21 24 
7 0 10 6 0 7 2 13 21 
5 1 0 0 0 0 2 20 28 
8 1 0 0 0 0 1 26 
1 0 3 2 0 4 1 25 
7 0 2 3 0 0 3 18 23 26 
3 0 2 0 9 0 1 19 
3 0 2 7 9 5 2 19 28 
8 0 6 2 7 6 1 29 
9 1 0 0 0 0 1 24 
6 0 3 1 7 0 1 30 
3 1 0 0 0 0 1 26 
6 0 8 7 3 8 2 24 25 
7 0 4 9 1 2 2 27 29 
9 0 0 3 9 0 1 27 
2 0 10 1 1 5 2 28 30 
7 0 5 8 2 0 1 30 
1 0 5 0 0 8 1 31 
7 0 0 1 10 0 1 31 
6 0 0 0 7 2 1 31 
1 0 0 0 0 0 0 
1 0 0 0 0 0 3 33 34 35 
10 0 9 0 0 0 3 37 39 43 
6 0 1 0 0 0 3 36 38 48 
10 0 2 0 0 0 1 57 
9 0 0 8 0 0 2 42 51 
7 0 0 0 0 2 3 46 55 57 
3 0 0 0 0 4 2 40 49 
10 0 9 0 0 0 2 45 52 
8 0 0 0 0 10 2 41 57 
10 0 0 0 3 0 3 43 44 47 
7 0 0 0 6 0 3 45 50 56 
6 0 0 0 0 3 2 56 62 
10 0 7 0 0 0 2 46 55 
3 0 0 0 7 0 2 49 58 
7 1 0 0 0 0 3 50 51 52 
10 0 0 5 0 0 2 54 59 
4 0 0 0 4 0 1 49 
3 0 0 0 0 1 1 62 
3 0 8 0 0 0 2 54 59 
10 1 0 0 0 0 2 54 60 
10 0 0 0 6 0 2 53 61 
6 0 2 0 0 0 2 58 62 
9 0 2 0 0 0 1 61 
4 1 0 0 0 0 1 56 
5 1 0 0 0 0 1 58 
7 0 0 0 3 0 2 60 61 
7 0 6 0 0 0 1 59 
9 0 5 0 0 0 1 60 
7 0 1 0 0 0 1 63 
4 0 0 0 0 1 1 63 
6 0 0 6 0 0 1 63 
1 0 0 0 0 0 0 
1 0 0 0 0 0 3 65 66 67 
6 0 1 7 6 0 2 72 74 
5 0 0 0 0 4 3 68 71 73 
7 0 0 6 9 5 3 69 73 81 
7 0 9 8 6 0 1 83 
4 0 0 5 7 0 3 70 74 76 
9 0 5 0 3 5 1 72 
9 0 6 5 0 8 1 75 
5 0 6 0 0 1 3 79 84 87 
4 0 5 0 9 0 1 78 
2 0 1 10 0 5 1 88 
10 0 0 2 7 10 2 80 87 
7 1 0 0 0 0 1 77 
7 0 5 10 0 8 3 82 85 94 
1 0 4 1 3 3 2 80 91 
3 0 5 5 1 10 2 83 90 
6 1 0 0 0 0 1 85 
2 0 1 4 9 0 2 92 93 
5 0 9 10 7 0 1 88 
10 0 8 0 6 7 1 91 
4 1 0 0 0 0 1 86 
1 0 9 0 9 7 1 90 
4 0 8 6 2 1 1 91 
8 0 1 8 8 5 1 93 
2 0 0 9 5 2 1 89 
7 0 10 1 6 10 1 93 
3 0 9 3 7 7 1 92 
9 0 6 0 5 9 1 94 
9 0 5 10 2 0 1 95 
3 0 1 0 9 9 1 95 
5 0 0 0 3 0 1 95 
1 0 0 0 0 0 0 
1 0 0 0 0 0 3 97 98 99 
8 0 1 3 1 10 3 109 116 120 
6 0 6 9 2 1 1 111 
6 0 4 7 9 7 3 100 101 103 
5 0 4 1 1 10 3 102 106 108 
9 0 7 10 9 3 1 113 
5 0 4 8 2 9 2 105 107 
7 0 8 4 9 5 2 104 122 
3 0 3 2 4 4 1 120 
1 0 7 6 1 7 1 110 
6 0 5 5 5 8 1 112 
6 1 0 0 0 0 3 109 113 126 
8 0 1 5 2 7 1 115 
2 0 4 4 6 1 1 124 
2 1 0 0 0 0 1 123 
2 0 7 8 10 9 3 113 120 125 
4 0 9 5 10 3 3 114 117 118 
2 0 8 9 5 4 1 124 
9 1 0 0 0 0 2 116 125 
6 0 5 3 5 8 1 124 
6 1 0 0 0 0 1 122 
8 1 0 0 0 0 1 121 
5 0 3 5 5 7 1 119 
1 0 9 5 9 3 1 121 
4 1 0 0 0 0 1 126 
10 0 4 2 9 2 1 122 
5 0 1 9 6 7 1 123 
2 0 10 6 2 3 1 126 
6 0 2 7 3 10 1 127 
8 0 8 3 6 7 1 127 
8 0 3 1 6 9 1 127 
1 0 0 0 0 0 0 
1 0 0 0 0 0 3 129 130 131 
2 0 0 1 8 0 2 132 136 
2 0 4 0 0 4 3 133 134 135 
10 0 0 8 0 6 3 137 150 155 
6 0 3 0 5 10 3 141 143 147 
5 0 8 0 6 8 1 144 
5 0 6 6 7 0 1 138 
8 0 4 5 5 1 1 158 
5 0 5 0 4 0 3 139 140 145 
10 0 8 6 6 9 2 143 156 
3 0 6 0 10 0 2 145 149 
8 0 1 6 8 1 1 146 
3 0 0 10 2 9 2 142 154 
9 0 4 0 3 6 1 158 
1 0 2 9 2 2 1 152 
1 1 0 0 0 0 3 146 148 151 
1 0 9 8 5 0 1 147 
3 1 0 0 0 0 1 152 
2 0 1 1 5 0 1 154 
6 0 7 4 6 6 1 157 
10 1 0 0 0 0 1 153 
10 1 0 0 0 0 2 152 156 
2 0 0 0 5 8 1 153 
7 1 0 0 0 0 1 157 
3 0 3 0 0 10 1 157 
9 0 10 8 6 0 1 154 
3 0 0 8 9 2 1 158 
2 0 5 7 8 0 1 156 
4 0 8 8 10 3 1 159 
6 0 3 5 4 10 1 159 
6 0 6 4 9 0 1 159 
1 0 0 0 0 0 0 
1 0 0 0 0 0 3 161 162 163 
4 0 0 0 3 0 3 165 166 168 
7 0 0 0 6 0 2 169 181 
7 0 4 0 0 0 1 164 
8 0 0 0 4 0 1 180 
2 0 0 0 3 0 3 167 178 189 
2 0 0 0 10 0 1 171 
2 0 0 0 6 0 2 170 185 
2 0 0 0 0 6 1 173 
2 0 0 0 10 0 2 175 177 
9 0 0 0 6 0 3 172 177 183 
2 0 0 0 6 0 2 174 175 
3 1 0 0 0 0 1 174 
7 0 0 0 0 6 1 178 
3 0 0 0 0 7 3 176 179 190 
7 0 0 0 1 0 1 182 
4 1 0 0 0 0 1 187 
1 1 0 0 0 0 1 188 
5 0 0 0 0 9 2 184 186 
1 1 0 0 0 0 1 187 
3 0 0 5 0 0 2 182 189 
2 0 0 8 0 0 1 182 
10 1 0 0 0 0 2 184 186 
6 0 0 10 0 0 1 190 
8 0 0 5 0 0 1 185 
5 0 3 0 0 0 1 190 
5 0 0 0 0 10 1 187 
4 0 0 7 0 0 1 188 
6 0 0 0 4 0 1 191 
7 1 0 0 0 0 1 191 
8 0 0 0 0 2 1 191 
1 0 0 0 0 0 0 
1 0 0 0 0 0 3 193 194 195 
4 0 4 10 10 0 3 197 199 203 
6 1 0 0 0 0 2 198 218 
1 0 1 0 0 5 1 196 
6 0 0 6 8 0 3 205 207 210 
9 0 0 10 9 9 2 200 201 
3 1 0 0 0 0 1 219 
7 0 0 0 0 1 2 212 220 
2 0 4 0 0 5 1 202 
8 0 8 0 0 0 3 204 213 221 
7 0 0 0 7 1 1 217 
7 0 10 0 0 7 1 218 
2 1 0 0 0 0 1 206 
8 0 8 0 3 0 3 211 213 216 
5 1 0 0 0 0 3 208 209 214 
4 0 0 8 0 0 2 215 222 
1 0 6 4 0 0 2 212 216 
10 0 9 0 5 4 1 218 
9 0 6 0 9 0 1 212 
8 0 0 0 0 9 1 214 
6 0 1 8 9 0 1 217 
8 1 0 0 0 0 1 217 
1 0 0 3 2 0 1 219 
6 1 0 0 0 0 1 216 
1 0 0 10 4 2 1 219 
8 0 0 8 0 0 1 222 
10 0 1 0 0 0 1 222 
2 0 1 0 0 6 1 220 
4 0 0 0 3 5 1 223 
10 0 0 4 0 7 1 223 
2 0 0 9 8 0 1 223 
1 0 0 0 0 0 0 
1 0 0 0 0 0 3 225 226 227 
6 0 3 0 0 9 3 230 232 242 
3 0 7 0 0 8 2 232 233 
6 0 0 0 0 9 3 228 234 236 
7 0 0 4 0 9 3 229 230 232 
9 0 0 5 0 9 3 237 240 243 
10 0 3 0 0 7 3 231 235 239 
9 1 0 0 0 0 2 240 249 
2 0 5 0 0 1 3 238 239 240 
6 0 0 0 0 10 3 234 237 243 
3 0 6 2 2 0 2 242 250 
3 0 6 10 0 0 3 238 241 246 
4 0 5 4 0 0 3 244 246 251 
9 1 0 0 0 0 3 242 246 247 
7 1 0 0 0 0 3 244 245 248 
4 1 0 0 0 0 3 245 247 254 
1 0 0 7 0 5 3 247 250 252 
1 0 8 0 0 0 2 243 248 
6 1 0 0 0 0 2 244 254 
10 1 0 0 0 0 2 245 254 
4 1 0 0 0 0 1 249 
10 0 7 3 10 8 3 249 250 251 
2 0 3 2 4 0 1 252 
6 1 0 0 0 0 2 248 251 
6 0 3 0 3 1 1 253 
10 0 3 3 2 0 1 252 
8 0 7 8 3 0 1 253 
2 0 4 0 0 0 1 253 
8 0 10 4 0 0 1 255 
10 0 4 6 10 0 1 255 
5 1 0 0 0 0 1 255 
1 0 0 0 0 0 0 
1 0 0 0 0 0 3 257 258 259 
8 0 6 0 0 0 3 262 274 281 
7 0 10 0 4 6 3 260 264 282 
3 0 8 0 0 8 2 265 272 
7 0 0 10 5 3 3 261 263 278 
3 1 0 0 0 0 2 273 275 
9 0 0 0 0 4 1 276 
3 1 0 0 0 0 1 267 
9 0 0 6 0 0 1 268 
4 0 0 10 8 10 3 266 269 271 
3 0 7 0 0 8 2 277 281 
9 1 0 0 0 0 1 279 
4 1 0 0 0 0 1 270 
10 0 5 9 0 5 2 276 279 
7 1 0 0 0 0 1 279 
2 0 0 5 0 7 1 285 
8 0 10 0 1 7 1 284 
6 0 7 0 0 0 2 277 283 
1 1 0 0 0 0 1 276 
9 1 0 0 0 0 2 285 286 
2 0 0 8 4 8 1 277 
6 0 0 8 5 8 2 280 284 
3 1 0 0 0 0 1 283 
4 0 0 6 0 0 1 280 
10 0 0 0 0 5 1 286 
7 0 6 0 8 0 1 286 
1 0 8 0 3 4 1 285 
1 1 0 0 0 0 1 284 
9 0 0 0 6 0 1 287 
4 0 10 10 0 4 1 287 
1 0 0 0 0 7 1 287 
1 0 0 0 0 0 0 
1 0 0 0 0 0 3 289 290 291 
5 0 0 4 8 1 3 294 298 303 
4 0 6 0 5 0 3 292 299 304 
9 0 0 0 6 0 3 293 297 300 
8 0 0 1 7 0 1 310 
9 0 0 7 0 3 3 295 306 313 
6 0 0 0 0 6 3 296 300 306 
4 0 0 6 0 4 3 301 307 315 
6 0 0 0 0 4 3 299 304 309 
6 0 3 5 10 10 3 298 299 306 
10 0 0 7 0 1 3 302 305 307 
10 1 0 0 0 0 2 301 307 
2 0 6 0 0 4 3 304 305 315 
8 0 4 0 0 0 2 311 318 
7 1 0 0 0 0 2 308 309 
6 0 0 1 7 1 2 305 308 
10 0 6 0 6 0 3 308 310 314 
1 1 0 0 0 0 1 313 
6 0 0 9 9 0 3 309 311 314 
2 0 0 8 0 0 3 312 314 317 
7 0 7 0 8 0 3 311 312 313 
8 0 0 0 8 8 2 310 315 
4 0 0 0 0 1 3 312 317 318 
6 0 0 2 2 5 1 317 
2 0 5 8 0 6 1 316 
2 0 10 5 0 0 1 316 
7 0 0 0 5 0 1 318 
5 0 0 8 7 0 1 316 
6 0 0 0 6 9 1 319 
2 0 0 2 0 2 1 319 
1 0 9 0 0 6 1 319 
1 0 0 0 0 0 0 
1 0 0 0 0 0 3 321 322 323 
6 0 0 2 0 9 3 325 334 337 
9 0 1 0 5 4 3 324 334 337 
1 0 0 2 10 8 3 325 326 335 
9 0 0 10 7 7 3 327 333 335 
1 0 8 5 0 1 3 327 330 333 
5 0 7 0 9 7 3 328 331 342 
7 0 6 0 6 0 3 329 331 336 
1 0 0 10 3 2 3 329 332 339 
10 0 0 3 7 10 2 341 349 
6 0 1 2 7 1 3 338 342 344 
8 1 0 0 0 0 1 340 
5 0 0 2 4 7 3 334 337 338 
9 0 7 10 8 0 3 336 338 344 
5 0 9 0 1 7 2 348 350 
9 0 0 7 2 0 3 342 346 349 
1 1 0 0 0 0 2 339 340 
1 0 8 7 0 0 3 341 344 346 
3 0 10 0 9 0 3 340 345 347 
6 0 0 6 4 7 3 343 345 346 
8 0 7 0 6 9 2 341 349 
6 0 10 4 9 6 1 343 
4 1 0 0 0 0 1 348 
5 0 7 1 6 4 1 348 
4 1 0 0 0 0 2 345 347 
3 0 7 9 7 10 1 350 
2 0 9 0 4 1 1 347 
9 0 1 10 0 3 1 350 
7 0 9 10 3 2 1 351 
3 0 4 10 10 10 1 351 
2 0 10 8 0 10 1 351 
1 0 0 0 0 0 0 
1 0 0 0 0 0 3 353 354 355 
6 0 0 2 0 0 3 360 373 375 
4 0 0 0 9 0 2 357 363 
10 0 7 0 0 0 3 356 358 381 
9 0 0 5 0 0 3 359 365 368 
3 0 0 0 7 0 1 379 
4 0 0 0 9 0 1 380 
4 0 5 0 0 0 2 362 364 
3 0 0 9 0 0 2 361 366 
8 0 4 0 0 0 1 370 
5 1 0 0 0 0 2 375 377 
6 0 0 0 2 0 1 372 
2 1 0 0 0 0 3 367 371 374 
8 0 0 0 8 0 1 372 
4 0 0 0 0 7 1 367 
10 1 0 0 0 0 1 372 
8 0 0 0 0 10 1 369 
2 0 0 0 2 0 1 378 
4 0 8 0 0 0 1 381 
10 1 0 0 0 0 2 376 377 
4 0 9 0 0 0 1 382 
4 0 0 0 8 0 1 378 
5 1 0 0 0 0 1 376 
1 0 0 0 10 0 2 380 382 
6 0 0 0 3 0 1 378 
10 0 0 0 8 0 1 379 
1 0 0 6 0 0 2 379 382 
8 0 0 0 1 0 1 380 
6 0 5 0 0 0 1 383 
8 1 0 0 0 0 1 383 
9 0 0 0 1 0 1 383 
1 0 0 0 0 0 0 
1 0 0 0 0 0 3 385 386 387 
6 0 1 6 8 6 3 388 391 393 
7 0 4 7 7 4 2 400 412 
6 0 5 4 1 7 3 389 390 400 
4 0 6 10 3 9 3 390 401 405 
7 0 4 9 8 3 3 394 395 396 
6 0 10 2 2 5 1 392 
7 0 3 6 1 5 3 397 408 412 
8 0 2 9 1 2 2 394 402 
7 0 4 3 2 3 3 399 403 409 
9 0 3 10 3 8 1 403 
5 1 0 0 0 0 3 404 406 410 
9 0 2 6 1 1 3 397 398 407 
7 1 0 0 0 0 2 403 414 
1 1 0 0 0 0 2 408 413 
10 0 9 1 7 10 2 406 410 
2 1 0 0 0 0 1 404 
6 0 2 3 10 9 1 402 
10 0 7 6 10 5 1 407 
10 0 10 5 4 4 1 406 
3 1 0 0 0 0 3 405 407 408 
5 0 3 6 10 2 1 411 
1 0 1 1 4 6 1 411 
3 1 0 0 0 0 1 411 
9 0 4 9 8 4 1 414 
2 1 0 0 0 0 2 410 412 
8 0 10 4 7 2 2 413 414 
6 0 1 10 6 9 1 413 
3 0 6 6 6 10 1 415 
5 0 6 6 10 10 1 415 
8 0 9 5 4 9 1 415 
1 0 0 0 0 0 0 
1 0 0 0 0 0 3 417 418 419 
1 0 2 5 2 8 3 420 427 435 
4 0 6 7 6 9 2 426 431 
2 0 5 8 7 3 3 424 426 428 
2 0 10 5 4 3 3 421 422 423 
5 0 3 7 7 4 1 434 
6 0 4 1 2 4 3 429 438 439 
4 0 1 4 3 8 2 425 426 
10 0 4 1 3 7 3 430 431 445 
7 0 1 7 1 4 1 432 
7 0 4 6 10 4 1 432 
9 0 7 2 7 3 3 436 439 440 
5 0 8 9 9 10 2 433 437 
3 0 7 6 3 9 1 444 
2 1 0 0 0 0 1 434 
3 1 0 0 0 0 2 432 446 
5 1 0 0 0 0 3 433 434 441 
3 0 4 10 6 3 1 436 
3 1 0 0 0 0 1 444 
5 0 7 2 6 3 2 436 437 
1 0 8 8 6 4 1 443 
5 0 5 7 1 10 2 438 439 
6 0 10 7 1 3 2 440 442 
9 1 0 0 0 0 3 441 442 445 
3 1 0 0 0 0 2 441 446 
8 0 6 3 8 10 1 443 
3 0 8 2 4 8 2 443 446 
2 0 4 7 1 3 1 444 
4 0 1 2 8 9 1 447 
8 0 8 3 2 3 1 447 
9 0 5 8 8 10 1 447 
1 0 0 0 0 0 0 
1 0 0 0 0 0 3 449 450 451 
10 0 7 0 1 0 3 452 453 456 
9 0 9 4 6 7 3 454 455 456 
2 0 2 0 9 3 3 454 468 472 
3 0 0 2 0 0 3 457 460 462 
8 0 0 1 10 9 3 454 458 460 
5 0 7 0 10 4 3 470 474 478 
5 0 0 3 3 1 3 457 458 460 
7 0 0 2 1 0 2 457 459 
6 0 8 5 1 0 2 463 471 
5 0 3 0 0 8 3 459 461 470 
7 0 0 8 9 7 3 466 473 474 
2 0 6 0 9 2 2 469 470 
4 1 0 0 0 0 2 462 473 
10 1 0 0 0 0 3 463 464 467 
3 0 4 9 7 1 2 466 474 
2 0 9 4 3 0 2 465 466 
1 1 0 0 0 0 3 468 469 471 
4 0 6 4 5 6 3 468 469 472 
4 1 0 0 0 0 3 472 475 476 
4 0 2 6 3 10 1 475 
10 0 6 1 6 0 2 475 478 
10 1 0 0 0 0 2 471 473 
6 0 9 9 0 4 1 476 
2 0 9 8 10 6 1 478 
4 1 0 0 0 0 1 477 
5 0 0 10 0 3 2 476 477 
5 0 9 0 10 5 1 477 
10 0 0 5 7 0 1 479 
5 0 3 7 4 7 1 479 
1 0 8 6 5 3 1 479 
1 0 0 0 0 0 0 
1 0 0 0 0 0 3 481 482 483 
6 0 5 7 7 2 3 484 487 493 
8 0 6 9 5 6 2 485 491 
5 0 7 10 5 9 1 500 
9 0 9 9 10 9 3 486 494 502 
7 0 9 8 4 5 2 488 501 
8 0 7 9 2 5 2 489 497 
10 0 4 9 2 9 2 497 499 
6 0 7 9 10 1 1 490 
1 0 9 2 2 6 3 496 505 506 
10 1 0 0 0 0 1 492 
6 0 4 7 9 6 1 504 
3 1 0 0 0 0 2 495 504 
6 0 2 5 6 3 1 495 
8 0 2 4 1 10 2 498 503 
2 0 4 4 1 8 1 507 
8 1 0 0 0 0 1 500 
6 1 0 0 0 0 2 503 507 
9 1 0 0 0 0 1 501 
6 1 0 0 0 0 1 508 
9 0 1 8 5 5 1 509 
10 0 4 3 4 4 2 509 510 
3 0 1 1 10 3 1 504 
4 0 4 9 8 1 2 506 510 
10 0 8 2 1 7 1 506 
4 1 0 0 0 0 1 507 
9 0 9 9 10 8 1 508 
9 0 5 8 6 9 1 510 
3 0 4 9 8 2 1 511 
9 0 5 7 7 9 1 511 
1 0 9 7 3 3 1 511 
1 0 0 0 0 0 0 
1 0 0 0 0 0 3 513 514 515 
1 0 1 6 4 10 3 517 521 538 
9 0 5 5 4 5 2 517 522 
10 0 3 3 4 8 3 516 518 519 
4 1 0 0 0 0 3 524 534 536 
8 1 0 0 0 0 3 526 530 533 
2 0 6 10 4 2 3 522 523 525 
4 0 3 8 10 4 3 520 523 526 
7 0 10 6 3 2 3 524 527 528 
4 0 6 3 6 7 2 526 528 
10 0 10 9 8 10 3 527 534 538 
1 0 10 10 8 8 2 532 533 
7 0 2 4 3 8 3 529 538 539 
3 0 4 8 10 5 2 529 533 
6 0 10 6 5 10 3 529 535 537 
3 1 0 0 0 0 2 530 531 
9 0 6 8 5 10 2 530 531 
4 0 9 8 10 1 3 540 541 542 
1 1 0 0 0 0 1 532 
1 0 6 7 5 3 2 532 535 
5 1 0 0 0 0 1 536 
6 1 0 0 0 0 2 534 536 
2 1 0 0 0 0 3 535 537 539 
1 0 7 4 1 3 1 541 
3 1 0 0 0 0 2 537 539 
4 0 5 7 6 3 1 542 
10 0 7 1 7 3 2 540 541 
10 0 10 9 8 8 2 540 542 
7 0 2 5 5 1 1 543 
4 0 4 3 2 7 1 543 
9 0 8 2 7 9 1 543 
1 0 0 0 0 0 0 
77.14 70.02 68.99 72.01 72.09 87.11 102.02 117.02 115.08 105 99.94 94.62 87.26 81.31 75.87 72.8 82.36 98.79 117.54 125.59 120 121.33 113.73 104.99 96 86.55 84.95 86.43 87.33 92.26 110.61 144.06 144.22 112.68 101.95 99.98 98.52 89.01 86.05 87.27 98.89 101.63 108.74 125 130 124.76 110.75 98.5 97.96 89.31 86.26 79.65 79.64 86.83 101.77 111.29 115.61 108.04 99.67 93.4 88.5 88.17 85.97 86.38 92.92 101.09 109.57 122.58 104.01 116.06 113.74 98.78 98.36 82.69 76 71.06 71.39 80.34 96.29 103.27 104.3 99.12 96.8 88.2 86.45 80.01 78.33 81.1 92.77 107.76 117.1 123.12 118.59 118.5 115.09 101.48 88.63 79.59 78.13 79.2 80.02 89.53 100.52 111.14 112.99 107.87 99.54 93 85.85 80 75.65 76.1 80 99.47 107.87 112.93 121.93 120 114.65 100.86 103.09 94.91 91.17 85.66 88.97 87.03 85.7 87.91 85.79 81.71 75.5 63.75 57.68 39.87 18.82 19.73 47.81 65.81 90.48 94.59 95.3 104.47 103.95 92.18 84.5 74.9 67.81 57.79 51.6 51.7 47.34 37 29.82 8.48 0.01 9.44 -7.68 -20.94 -29.64 -46.48 -2.61 14.89 37.12 75 84.47 88.46 89.62 70.05 77.14 70.02 68.99 72.01 72.09 87.11 102.02 117.02 115.08 105 99.94 94.62 87.26 81.31 75.87 72.8 82.36 98.79 117.54 125.59 120 121.33 113.73 104.99 96 86.55 84.95 86.43 87.33 92.26 110.61 144.06 144.22 112.68 101.95 99.98 98.52 89.01 86.05 87.27 98.89 101.63 108.74 125 130 124.76 110.75 98.5 97.96 89.31 86.26 79.65 79.64 86.83 101.77 111.29 115.61 108.04 99.67 93.4 88.5 88.17 85.97 86.38 92.92 101.09 109.57 122.58 104.01 116.06 113.74 98.78 98.36 82.69 76 71.06 71.39 80.34 96.29 103.27 104.3 99.12 96.8 88.2 86.45 80.01 78.33 81.1 92.77 107.76 117.1 123.12 118.59 118.5 115.09 101.48 88.63 79.59 78.13 79.2 80.02 89.53 100.52 111.14 112.99 107.87 99.54 93 85.85 80 75.65 76.1 80 99.47 107.87 112.93 121.93 120 114.65 100.86 103.09 94.91 91.17 85.66 88.97 87.03 85.7 87.91 85.79 81.71 75.5 63.75 57.68 39.87 18.82 19.73 47.81 65.81 90.48 94.59 95.3 104.47 103.95 92.18 84.5 74.9 67.81 57.79 51.6 51.7 47.34 37 29.82 8.48 0.01 9.44 -7.68 -20.94 -29.64 -46.48 -2.61 14.89 37.12 75 84.47 88.46 89.62 70.05 77.14 70.02 68.99 72.01 72.09 87.11 102.02 117.02 115.08 105 99.94 94.62 87.26 81.31 75.87 72.8 82.36 98.79 117.54 125.59 120 121.33 113.73 104.99 96 86.55 84.95 86.43 87.33 92.26 110.61 144.06 144.22 112.68 101.95 99.98 98.52 89.01 86.05 87.27 98.89 101.63 108.74 125 130 124.76 110.75 98.5 97.96 89.31 86.26 79.65 79.64 86.83 101.77 111.29 115.61 108.04 99.67 93.4 88.5 88.17 85.97 86.38 92.92 101.09 109.57 122.58 104.01 116.06 113.74 98.78 98.36 82.69 76 71.06 71.39 80.34 96.29 103.27 104.3 99.12 96.8 88.2 86.45 80.01 78.33 81.1 92.77 107.76 117.1 123.12 118.59 118.5 115.09 101.48 88.63 79.59 78.13 79.2 80.02 89.53 100.52 111.14 112.99 107.87 99.54 93 85.85 80 75.65 76.1 80 99.47 107.87 112.93 121.93 120 114.65 100.86 103.09 94.91 91.17 85.66 88.97 87.03 85.7 87.91 85.79 81.71 75.5 63.75 57.68 39.87 18.82 19.73 47.81 65.81 90.48 94.59 95.3 104.47 103.95 92.18 84.5 74.9 67.81 57.79 51.6 51.7 47.34 37 29.82 8.48 0.01 9.44 -7.68 -20.94 -29.64 -46.48 -2.61 14.89 37.12 75 84.47 88.46 89.62 70.05 77.14 70.02 68.99 72.01 72.09 87.11 102.02 117.02 115.08 105 99.94 94.62 87.26 81.31 75.87 72.8 82.36 98.79 117.54 125.59 120 121.33 113.73 104.99 96 86.55 84.95 86.43 87.33 92.26 110.61 144.06 144.22 112.68 101.95 99.98 98.52 89.01 86.05 87.27 98.89 101.63 108.74 125 130 124.76 110.75 98.5 97.96 89.31 86.26 79.65 79.64 86.83 101.77 111.29 115.61 108.04 99.67 93.4 88.5 88.17 85.97 86.38 92.92 101.09 109.57 122.58 104.01 116.06 113.74 98.78 98.36 82.69 76 71.06 71.39 80.34 96.29 103.27 104.3 99.12 96.8 88.2 86.45 80.01 78.33 81.1 92.77 107.76 117.1 123.12 118.59 118.5 115.09 101.48 88.63 79.59 78.13 79.2 80.02 89.53 100.52 111.14 112.99 107.87 99.54 93 85.85 80 75.65 76.1 80 99.47 107.87 112.93 121.93 120 114.65 100.86 103.09 94.91 91.17 85.66 88.97 87.03 85.7 87.91 85.79 81.71 75.5 63.75 57.68 39.87 18.82 19.73 47.81 65.81 90.48 94.59 95.3 104.47 103.95 92.18 84.5 74.9 67.81 57.79 51.6 51.7 47.34 37 29.82 8.48 0.01 9.44 -7.68 -20.94 -29.64 -46.48 -2.61 14.89 37.12 75 84.47 88.46 89.62 70.05 77.14 70.02 68.99 72.01 72.09 87.11 102.02 117.02 115.08 105 99.94 94.62 87.26 81.31 75.87 72.8 82.36 98.79 117.54 125.59 120 121.33 113.73 104.99 96 86.55 84.95 86.43 87.33 92.26 110.61 144.06 144.22 112.68 101.95 99.98 98.52 89.01 86.05 87.27 98.89 101.63 108.74 125 130 124.76 110.75 98.5 97.96 89.31 86.26 79.65 79.64 86.83 101.77 111.29 115.61 108.04 99.67 93.4 88.5 88.17 85.97 86.38 92.92 101.09 109.57 122.58 104.01 116.06 113.74 98.78 98.36 82.69 76 71.06 71.39 80.34 96.29 103.27 104.3 99.12 96.8 88.2 86.45 80.01 78.33 81.1 92.77 107.76 117.1 123.12 118.59 118.5 115.09 101.48 88.63 79.59 78.13 79.2 80.02 89.53 100.52 111.14 112.99 107.87 99.54 93 85.85 80 75.65 76.1 80 99.47 107.87 112.93 121.93 120 114.65 100.86 103.09 94.91 91.17 85.66 88.97 87.03 85.7 87.91 85.79 81.71 75.5 63.75 57.68 39.87 18.82 19.73 47.81 65.81 90.48 94.59 95.3 104.47 103.95 92.18 84.5 74.9 67.81 57.79 51.6 51.7 47.34 37 29.82 8.48 0.01 9.44 -7.68 -20.94 -29.64 -46.48 -2.61 14.89 37.12 75 84.47 88.46 89.62 70.05 77.14 70.02 68.99 72.01 72.09 87.11 102.02 117.02 115.08 105 99.94 94.62 87.26 81.31 75.87 72.8 82.36 98.79 117.54 125.59 120 121.33 113.73 104.99 96 86.55 84.95 86.43 87.33 92.26 110.61 144.06 144.22 112.68 101.95 99.98 98.52 89.01 86.05 87.27 98.89 101.63 108.74 125 130 124.76 110.75 98.5 97.96 89.31 86.26 79.65 79.64 86.83 101.77 111.29 115.61 108.04 99.67 93.4 88.5 88.17 85.97 86.38 92.92 101.09 109.57 122.58 104.01 116.06 113.74 98.78 98.36 82.69 76 71.06 71.39 80.34 96.29 103.27 104.3 99.12 96.8 88.2 86.45 80.01 78.33 81.1 92.77 107.76 117.1 123.12 118.59 118.5 115.09 101.48 88.63 79.59 78.13 79.2 80.02 89.53 100.52 111.14 112.99 107.87 99.54 93 85.85 80 75.65 76.1 80 99.47 107.87 112.93 121.93 120 114.65 100.86 103.09 94.91 91.17 85.66 88.97 87.03 85.7 87.91 85.79 81.71 75.5 63.75 57.68 39.87 18.82 19.73 47.81 65.81 90.48 94.59 95.3 104.47 103.95 92.18 84.5 74.9 67.81 57.79 51.6 51.7 47.34 37 29.82 8.48 0.01 9.44 -7.68 -20.94 -29.64 -46.48 -2.61 14.89 37.12 75 84.47 88.46 89.62 70.05 77.14 70.02 68.99 72.01 72.09 87.11 102.02 117.02 115.08 105 99.94 94.62 87.26 81.31 75.87 72.8 82.36 98.79 117.54 125.59 120 121.33 113.73 104.99 96 86.55 84.95 86.43 87.33 92.26 110.61 144.06 144.22 112.68 101.95 99.98 98.52 89.01 86.05 87.27 98.89 101.63 108.74 125 130 124.76 110.75 98.5 97.96 89.31 86.26 79.65 79.64 86.83 101.77 111.29 
