576 5
1 32 31 38 35 
1 0 0 0 0 0 3 1 2 3 
3 0 0 0 0 10 3 7 12 13 
7 0 0 0 5 0 3 4 5 8 
5 0 0 0 0 6 3 13 16 17 
2 0 0 10 0 0 3 9 10 11 
3 0 0 0 8 0 3 6 19 21 
3 0 0 0 0 10 2 9 16 
8 0 0 0 0 1 3 8 14 15 
3 0 0 0 2 0 3 23 28 29 
2 0 0 0 0 6 3 12 13 24 
2 0 4 0 0 0 2 15 16 
1 0 0 0 0 9 3 14 15 22 
4 1 0 0 0 0 3 14 26 27 
5 1 0 0 0 0 3 18 22 23 
7 0 0 0 0 7 2 18 25 
6 0 0 0 0 3 2 17 23 
8 0 0 0 5 0 3 18 20 22 
1 1 0 0 0 0 3 19 20 21 
2 1 0 0 0 0 1 28 
6 1 0 0 0 0 3 25 27 30 
6 0 0 0 1 0 1 24 
9 0 0 10 0 0 1 24 
5 1 0 0 0 0 2 26 27 
5 0 0 0 0 6 1 26 
3 0 7 0 0 0 3 25 29 30 
6 0 0 5 0 0 1 28 
9 0 0 0 0 10 1 30 
10 0 0 0 10 0 1 29 
3 0 0 0 6 0 1 31 
6 0 0 0 6 0 1 31 
3 0 0 5 0 0 1 31 
1 0 0 0 0 0 0 
1 0 0 0 0 0 3 33 34 35 
5 0 7 0 6 9 3 36 42 45 
4 0 2 0 0 0 3 37 39 41 
6 0 3 0 0 0 3 40 48 56 
4 0 10 2 0 10 3 37 38 46 
7 0 0 6 0 8 3 40 48 58 
6 0 0 0 9 9 3 39 47 50 
10 0 0 0 2 0 2 53 55 
3 0 0 10 0 0 3 55 57 60 
6 0 4 0 9 1 3 43 45 48 
7 0 5 0 5 0 3 46 49 51 
6 0 8 5 5 0 3 44 47 49 
7 0 0 1 0 0 3 51 54 61 
8 0 0 1 0 0 2 46 49 
4 0 0 0 6 0 2 50 52 
1 0 8 0 0 4 2 51 52 
2 0 0 3 5 0 2 55 62 
2 1 0 0 0 0 3 50 54 60 
10 0 1 0 2 0 1 59 
8 1 0 0 0 0 3 56 57 58 
6 1 0 0 0 0 3 53 57 61 
6 1 0 0 0 0 3 54 58 59 
3 0 5 0 1 0 1 56 
7 1 0 0 0 0 1 61 
8 0 0 0 0 2 1 62 
8 0 0 0 10 8 1 59 
6 0 8 1 1 4 1 60 
2 0 0 0 7 7 1 62 
10 0 3 10 7 0 1 63 
10 0 10 0 0 4 1 63 
6 0 0 9 0 3 1 63 
1 0 0 0 0 0 0 
1 0 0 0 0 0 3 65 66 67 
10 0 0 0 6 1 2 85 93 
1 0 7 0 0 8 3 68 69 74 
9 0 0 0 2 4 1 80 
5 0 3 0 0 3 3 70 82 89 
2 0 4 9 0 0 3 71 75 85 
2 0 0 0 10 9 3 73 76 77 
5 0 0 8 0 2 3 72 81 88 
6 0 0 10 0 5 2 78 79 
7 0 0 5 5 3 3 75 81 91 
3 0 0 0 7 10 3 78 82 92 
1 1 0 0 0 0 1 94 
7 1 0 0 0 0 2 81 87 
7 0 0 8 0 0 2 83 84 
4 0 2 0 1 0 2 84 93 
8 0 10 10 0 0 2 80 83 
9 1 0 0 0 0 3 82 87 89 
9 1 0 0 0 0 2 84 93 
9 0 6 0 0 8 1 90 
3 0 3 0 4 0 1 86 
9 0 5 0 0 0 1 94 
6 0 4 0 4 0 2 88 90 
5 1 0 0 0 0 2 87 90 
9 0 0 0 2 0 1 91 
6 1 0 0 0 0 1 89 
7 0 4 0 0 4 1 91 
6 0 6 1 5 0 1 94 
7 0 0 8 0 7 1 92 
6 0 1 1 0 0 1 95 
8 0 0 5 0 0 1 95 
9 0 5 0 0 0 1 95 
1 0 0 0 0 0 0 
1 0 0 0 0 0 3 97 98 99 
9 0 9 0 0 0 3 101 107 120 
3 0 0 0 4 0 3 100 102 123 
9 0 8 0 0 0 3 104 106 112 
3 0 0 0 3 0 2 112 113 
7 0 0 0 5 0 3 105 115 117 
10 0 0 8 0 0 3 103 108 109 
1 0 0 0 5 0 2 111 118 
5 0 0 0 0 10 3 109 110 121 
9 1 0 0 0 0 3 116 119 123 
3 0 0 6 0 0 3 111 114 119 
4 0 5 0 0 0 1 121 
8 0 0 0 3 0 1 120 
9 0 1 0 0 0 2 116 117 
9 0 0 0 0 4 1 115 
1 0 0 0 0 7 2 116 122 
9 0 0 0 0 3 1 115 
1 0 0 0 0 10 2 119 122 
2 0 0 0 6 0 1 123 
2 0 0 0 0 8 1 118 
6 0 7 0 0 0 2 124 126 
4 1 0 0 0 0 2 118 122 
9 0 0 0 0 10 2 124 126 
9 0 0 5 0 0 2 125 126 
8 0 5 0 0 0 1 121 
4 0 9 0 0 0 1 125 
1 1 0 0 0 0 1 125 
1 0 0 0 0 3 1 124 
7 0 0 5 0 0 1 127 
9 0 0 0 1 0 1 127 
4 0 0 7 0 0 1 127 
1 0 0 0 0 0 0 
1 0 0 0 0 0 3 129 130 131 
3 0 8 0 0 0 3 132 133 154 
10 0 5 0 0 0 3 150 153 154 
2 0 0 0 5 0 3 136 140 143 
5 0 9 0 0 0 3 135 138 140 
10 0 2 0 0 0 3 134 141 157 
1 0 6 0 0 0 3 139 146 149 
1 0 0 0 4 0 3 142 144 145 
10 0 7 0 0 0 3 137 139 149 
3 0 0 0 0 3 3 141 144 148 
9 0 1 0 0 0 3 139 141 142 
5 1 0 0 0 0 2 144 145 
10 0 0 0 0 8 3 142 148 152 
5 1 0 0 0 0 3 145 146 152 
4 0 0 1 0 0 3 146 149 151 
4 0 0 0 0 5 2 147 148 
6 0 0 0 9 0 2 152 153 
6 1 0 0 0 0 1 150 
6 1 0 0 0 0 1 158 
8 0 0 0 0 4 3 150 151 154 
1 0 0 0 8 0 2 151 157 
8 0 0 0 2 0 2 155 158 
8 0 0 0 0 7 1 155 
3 1 0 0 0 0 2 153 156 
4 0 0 6 0 0 1 155 
1 1 0 0 0 0 1 158 
9 0 0 0 3 0 2 156 157 
3 0 0 1 0 0 1 156 
5 0 0 0 0 3 1 159 
7 0 0 0 0 7 1 159 
2 0 0 0 8 0 1 159 
1 0 0 0 0 0 0 
1 0 0 0 0 0 3 161 162 163 
5 0 0 0 6 3 3 167 171 180 
4 0 0 0 2 8 3 164 165 172 
9 0 10 6 9 10 3 165 172 184 
10 0 0 10 0 5 3 166 167 174 
5 0 6 5 3 10 3 168 170 174 
8 1 0 0 0 0 3 168 171 178 
4 0 9 0 4 10 3 175 178 179 
5 0 0 0 8 1 2 169 181 
8 0 9 4 5 10 3 182 183 186 
7 0 8 0 5 3 3 176 177 179 
10 0 1 9 3 0 2 183 184 
6 0 5 10 4 3 3 173 177 179 
9 1 0 0 0 0 3 176 180 185 
6 0 0 2 3 0 3 177 178 180 
4 1 0 0 0 0 2 184 188 
8 1 0 0 0 0 2 181 182 
5 0 8 3 7 9 1 185 
10 1 0 0 0 0 1 186 
1 0 9 2 0 7 3 181 182 185 
3 1 0 0 0 0 2 187 189 
4 0 1 10 8 7 2 183 186 
3 0 8 0 7 10 2 188 190 
6 0 6 0 1 0 1 189 
9 0 10 4 0 3 1 190 
1 1 0 0 0 0 2 187 188 
6 0 0 6 3 10 2 187 189 
10 0 7 2 5 6 1 190 
6 0 0 0 0 1 1 191 
5 0 3 10 6 5 1 191 
4 0 0 4 4 5 1 191 
1 0 0 0 0 0 0 
1 0 0 0 0 0 3 193 194 195 
5 0 5 0 8 3 2 197 200 
4 0 6 7 8 0 1 202 
7 0 8 0 4 5 3 196 198 208 
3 0 3 9 2 8 3 199 204 213 
10 0 5 3 6 9 1 203 
4 0 1 8 1 8 3 201 210 219 
2 0 5 5 0 3 1 220 
7 0 2 3 0 0 3 204 209 211 
7 0 1 0 0 8 1 209 
3 0 5 9 0 6 2 207 222 
2 1 0 0 0 0 1 206 
4 0 0 4 7 4 2 205 210 
2 1 0 0 0 0 1 217 
2 0 0 1 0 2 1 215 
7 1 0 0 0 0 1 219 
5 1 0 0 0 0 1 212 
3 0 6 10 9 0 1 214 
6 0 5 6 0 8 1 218 
4 1 0 0 0 0 2 213 216 
6 0 8 8 10 8 2 217 218 
5 0 1 4 0 2 1 217 
7 0 0 0 10 2 2 218 221 
3 1 0 0 0 0 2 216 221 
2 0 0 10 8 4 1 222 
6 0 4 9 10 2 1 219 
1 0 1 7 3 2 1 220 
4 0 0 4 6 5 1 220 
4 0 5 0 8 0 1 223 
9 0 0 6 4 3 1 223 
1 0 0 5 1 6 1 223 
1 0 0 0 0 0 0 
1 0 0 0 0 0 3 225 226 227 
9 0 0 7 0 0 3 229 231 237 
10 0 0 0 0 5 3 228 239 240 
5 0 0 0 5 0 3 235 239 240 
1 0 0 2 0 0 3 230 233 236 
3 0 0 0 5 0 3 230 247 251 
5 0 0 0 0 4 2 232 234 
9 0 0 0 9 0 3 238 241 246 
5 0 0 3 0 0 1 254 
10 0 0 9 0 0 3 246 248 254 
8 0 0 0 0 5 2 241 253 
7 0 0 0 4 0 1 243 
2 0 0 9 0 0 2 244 247 
8 0 4 0 0 0 1 241 
3 0 0 0 8 0 1 244 
6 0 0 0 0 6 2 242 243 
1 0 0 5 0 0 3 249 251 253 
10 1 0 0 0 0 2 252 254 
10 0 2 0 0 0 2 247 250 
8 0 0 2 0 0 2 244 246 
9 1 0 0 0 0 3 245 249 253 
1 1 0 0 0 0 1 248 
3 1 0 0 0 0 1 250 
8 1 0 0 0 0 1 249 
6 0 4 0 0 0 1 250 
3 0 0 0 1 0 1 252 
9 0 7 0 0 0 1 251 
7 0 6 0 0 0 1 252 
10 0 0 0 0 5 1 255 
10 0 6 0 0 0 1 255 
10 0 0 2 0 0 1 255 
1 0 0 0 0 0 0 
1 0 0 0 0 0 3 257 258 259 
5 0 3 0 0 0 3 260 263 265 
9 0 0 5 3 6 1 270 
2 0 0 0 4 0 2 265 269 
10 0 2 0 1 0 2 261 271 
10 0 4 6 4 0 1 262 
1 0 0 0 0 6 3 264 266 267 
9 0 6 0 4 0 2 273 278 
8 0 2 8 5 0 3 273 282 284 
7 0 0 0 9 7 3 281 284 285 
5 0 9 0 3 0 3 268 276 281 
2 1 0 0 0 0 3 274 277 280 
4 1 0 0 0 0 3 272 278 283 
4 0 0 4 0 0 2 270 276 
1 0 9 5 0 0 2 271 274 
7 0 0 9 4 1 1 272 
6 1 0 0 0 0 1 277 
3 0 9 9 2 0 2 275 280 
8 1 0 0 0 0 3 275 278 282 
5 0 0 4 0 0 1 283 
9 0 0 3 0 0 2 279 286 
5 1 0 0 0 0 1 279 
8 1 0 0 0 0 2 279 286 
9 0 4 0 5 6 2 284 285 
3 0 0 0 6 0 1 281 
7 0 2 0 6 1 1 283 
6 0 0 0 8 0 1 285 
2 0 10 6 0 0 1 286 
1 0 7 0 8 0 1 287 
5 0 7 10 1 4 1 287 
10 0 0 9 8 0 1 287 
1 0 0 0 0 0 0 
1 0 0 0 0 0 3 289 290 291 
10 0 1 0 1 0 2 293 301 
4 0 4 0 0 3 3 292 300 309 
5 0 0 2 6 4 3 294 296 297 
1 0 0 0 7 5 1 299 
5 0 8 4 7 6 3 295 297 304 
9 0 8 6 0 0 3 303 306 311 
3 0 0 0 7 7 1 306 
9 0 0 0 10 8 3 298 309 312 
7 0 0 2 0 0 1 298 
9 1 0 0 0 0 3 302 305 315 
8 0 4 0 0 6 1 305 
1 0 0 6 0 1 2 310 315 
7 0 2 0 0 0 2 303 314 
9 1 0 0 0 0 2 308 311 
5 0 0 0 0 10 3 307 312 313 
4 1 0 0 0 0 2 309 310 
2 0 0 0 9 7 2 314 316 
8 0 8 0 0 0 2 308 310 
6 1 0 0 0 0 2 315 317 
2 1 0 0 0 0 1 313 
3 0 1 9 0 0 2 311 316 
4 1 0 0 0 0 2 313 318 
7 0 0 0 8 6 1 314 
1 0 0 6 0 0 2 317 318 
7 0 0 1 9 0 1 317 
7 0 0 0 0 2 1 318 
8 0 5 5 4 0 1 316 
5 0 1 0 7 6 1 319 
10 0 0 5 0 0 1 319 
9 0 0 10 0 10 1 319 
1 0 0 0 0 0 0 
1 0 0 0 0 0 3 321 322 323 
4 0 6 0 0 0 3 326 330 333 
3 0 4 0 0 0 3 324 326 327 
10 0 2 0 0 0 3 325 328 329 
10 0 5 0 0 0 3 330 342 346 
2 0 0 4 0 0 3 334 339 348 
7 0 5 0 0 0 3 337 339 343 
7 0 0 0 8 0 3 328 342 346 
1 0 6 0 0 0 3 335 340 347 
10 0 0 2 0 0 3 330 331 333 
9 1 0 0 0 0 3 337 340 344 
9 0 0 0 0 9 2 332 338 
4 1 0 0 0 0 3 336 339 340 
6 1 0 0 0 0 3 334 336 344 
10 0 0 10 0 0 3 335 337 345 
2 0 0 4 0 0 1 341 
8 0 6 0 0 0 3 342 345 346 
3 0 0 0 2 0 1 338 
1 0 0 4 0 0 2 341 350 
7 0 7 0 0 0 3 341 344 345 
2 0 0 0 0 2 2 343 349 
3 0 0 3 0 0 1 349 
8 0 0 0 2 0 2 343 347 
4 0 0 0 1 0 1 348 
1 0 0 2 0 0 1 350 
2 0 0 0 5 0 1 349 
10 0 0 0 3 0 1 347 
2 0 0 0 0 10 2 348 350 
5 0 0 0 0 6 1 351 
1 0 0 9 0 0 1 351 
5 0 0 0 5 0 1 351 
1 0 0 0 0 0 0 
1 0 0 0 0 0 3 353 354 355 
4 0 7 1 3 10 1 360 
4 0 10 10 3 4 1 374 
5 0 8 5 7 8 3 356 360 362 
3 0 10 6 7 8 3 357 358 359 
8 0 5 8 5 5 3 367 370 374 
2 0 3 1 10 9 2 364 369 
1 0 3 1 5 4 3 361 363 371 
5 0 3 5 7 1 1 373 
1 0 8 6 8 10 2 367 368 
3 0 2 5 2 9 2 366 375 
6 0 4 4 3 3 2 365 368 
6 0 5 9 7 8 2 368 372 
3 1 0 0 0 0 3 369 375 377 
2 0 7 7 5 7 2 373 380 
8 1 0 0 0 0 1 379 
6 1 0 0 0 0 3 375 376 378 
3 1 0 0 0 0 2 373 374 
4 1 0 0 0 0 3 371 378 381 
2 1 0 0 0 0 1 372 
6 0 5 4 10 3 2 376 377 
5 0 1 6 1 6 1 379 
3 1 0 0 0 0 3 378 381 382 
2 0 6 1 1 5 2 379 380 
7 0 9 5 7 3 1 382 
4 0 4 1 1 3 1 382 
2 1 0 0 0 0 1 380 
10 0 9 5 3 5 1 381 
6 0 2 6 9 5 1 383 
8 0 1 8 3 3 1 383 
5 0 8 8 10 4 1 383 
1 0 0 0 0 0 0 
1 0 0 0 0 0 3 385 386 387 
1 0 8 0 0 0 3 388 389 390 
3 0 0 0 0 6 2 396 406 
4 0 0 10 0 0 2 392 394 
7 0 4 0 0 0 3 393 398 403 
4 0 0 0 0 8 1 391 
3 0 2 0 0 0 1 414 
1 0 10 0 0 0 2 395 399 
2 0 0 0 0 9 1 396 
10 0 0 3 0 0 1 400 
8 0 0 1 0 0 2 395 398 
4 0 0 9 0 0 1 405 
8 0 0 8 0 0 1 397 
1 0 0 5 0 0 1 401 
3 0 0 0 0 8 1 412 
1 0 0 0 8 0 2 402 405 
6 0 0 0 0 7 1 406 
8 0 0 0 10 0 1 408 
10 0 0 10 0 0 2 404 407 
4 0 8 0 0 0 1 408 
8 0 4 0 0 0 2 409 410 
5 0 0 4 0 0 2 406 407 
9 1 0 0 0 0 1 414 
9 0 0 0 3 0 1 408 
10 0 0 0 0 10 2 409 411 
1 0 0 2 0 0 3 412 413 414 
6 1 0 0 0 0 1 411 
9 0 0 3 0 0 1 413 
7 0 0 0 0 5 1 415 
8 0 0 1 0 0 1 415 
10 0 0 0 4 0 1 415 
1 0 0 0 0 0 0 
1 0 0 0 0 0 3 417 418 419 
2 0 7 0 0 0 2 428 443 
1 0 6 0 0 0 1 425 
3 0 0 1 0 0 3 420 422 436 
10 0 0 0 4 0 3 421 424 427 
10 0 0 0 0 4 3 423 431 435 
2 0 0 0 0 3 2 424 425 
2 0 0 0 8 0 1 440 
3 0 0 3 0 0 3 431 432 433 
3 0 0 0 0 8 2 426 442 
3 0 2 0 0 0 2 430 437 
4 0 0 0 0 1 2 429 439 
8 0 0 8 0 0 3 434 437 438 
2 0 0 0 0 8 2 441 442 
2 0 5 0 0 0 1 433 
1 1 0 0 0 0 2 440 442 
2 0 0 0 0 9 3 434 437 438 
7 0 0 10 0 0 2 434 439 
7 1 0 0 0 0 1 446 
3 1 0 0 0 0 2 440 443 
3 0 0 3 0 0 2 438 439 
8 0 0 0 4 0 1 441 
4 1 0 0 0 0 1 444 
8 1 0 0 0 0 2 441 443 
10 0 10 0 0 0 2 445 446 
5 0 0 4 0 0 1 446 
3 1 0 0 0 0 1 444 
5 0 5 0 0 0 2 444 445 
6 0 1 0 0 0 1 447 
8 0 0 0 3 0 1 447 
1 0 6 0 0 0 1 447 
1 0 0 0 0 0 0 
1 0 0 0 0 0 3 449 450 451 
5 0 0 0 8 0 3 452 453 454 
6 0 0 0 0 5 3 455 464 467 
8 0 5 0 0 0 3 458 463 473 
6 0 0 0 0 4 2 456 466 
5 0 0 0 4 0 1 465 
4 0 0 0 1 0 2 465 472 
6 0 0 0 6 0 3 457 462 474 
5 0 0 3 0 0 3 459 460 461 
8 0 0 0 0 3 1 458 
10 1 0 0 0 0 1 476 
8 0 0 0 0 8 1 472 
9 0 0 0 0 4 3 463 474 476 
7 0 0 0 0 1 2 467 478 
3 0 0 0 2 0 3 463 466 469 
9 1 0 0 0 0 3 465 468 470 
1 0 0 10 0 0 1 469 
1 1 0 0 0 0 1 477 
6 0 0 0 0 1 3 468 471 472 
6 0 0 0 0 8 2 473 474 
6 0 5 0 0 0 1 475 
7 0 0 0 9 0 3 470 471 473 
5 0 0 0 0 4 1 478 
6 1 0 0 0 0 1 477 
8 1 0 0 0 0 1 478 
5 0 0 0 10 0 2 475 476 
3 1 0 0 0 0 1 475 
8 0 0 9 0 0 1 477 
6 0 0 0 3 0 1 479 
10 0 0 0 0 6 1 479 
8 0 0 0 0 10 1 479 
1 0 0 0 0 0 0 
1 0 0 0 0 0 3 481 482 483 
10 0 10 7 8 10 3 487 491 498 
3 0 1 5 2 10 3 484 485 486 
7 0 3 3 4 10 1 493 
2 0 6 9 4 9 2 490 508 
5 0 3 4 7 5 3 499 507 509 
6 0 10 9 3 8 2 488 495 
7 0 7 2 3 10 2 489 502 
1 0 8 6 10 3 1 496 
3 1 0 0 0 0 1 496 
4 0 10 9 10 4 1 501 
8 0 1 7 5 6 2 492 494 
4 1 0 0 0 0 3 496 505 507 
6 0 9 4 2 7 1 499 
1 0 6 2 10 8 2 499 505 
3 1 0 0 0 0 1 509 
1 1 0 0 0 0 2 497 506 
2 1 0 0 0 0 1 500 
4 0 8 7 8 9 1 508 
4 0 4 3 2 6 1 501 
2 0 8 6 8 1 1 503 
4 1 0 0 0 0 1 510 
4 1 0 0 0 0 1 506 
1 1 0 0 0 0 1 504 
10 0 8 10 4 9 1 508 
4 1 0 0 0 0 2 506 509 
10 0 3 6 8 5 1 510 
7 1 0 0 0 0 1 510 
10 0 9 9 3 5 1 511 
2 1 0 0 0 0 1 511 
2 0 8 6 8 8 1 511 
1 0 0 0 0 0 0 
1 0 0 0 0 0 3 513 514 515 
10 0 3 1 0 0 2 516 522 
5 0 2 2 0 0 3 517 521 523 
9 0 7 7 0 4 3 520 525 526 
2 0 3 0 5 10 3 518 519 524 
3 0 0 6 0 0 3 519 525 537 
4 0 7 5 3 0 3 520 526 528 
10 0 0 7 0 0 3 531 536 538 
5 0 0 8 0 0 3 527 534 535 
5 0 0 8 2 2 3 522 525 526 
6 0 10 2 0 7 3 524 527 535 
3 0 0 0 2 0 3 527 538 542 
3 1 0 0 0 0 3 528 532 533 
10 0 9 6 0 0 2 528 541 
10 0 0 9 10 7 3 529 532 533 
9 1 0 0 0 0 2 531 532 
8 1 0 0 0 0 2 531 536 
9 0 0 0 6 0 1 530 
1 1 0 0 0 0 3 534 535 536 
7 1 0 0 0 0 1 539 
4 1 0 0 0 0 2 540 541 
1 0 6 0 0 3 1 534 
4 0 2 0 0 0 2 537 540 
5 0 3 2 2 4 2 537 539 
7 0 5 0 9 0 2 539 542 
7 0 0 0 10 6 2 538 542 
3 0 0 0 0 2 1 541 
6 0 0 0 0 2 1 540 
9 0 1 9 0 5 1 543 
1 0 0 3 0 5 1 543 
10 0 0 0 1 2 1 543 
1 0 0 0 0 0 0 
1 0 0 0 0 0 3 545 546 547 
6 0 3 0 0 9 3 550 552 562 
3 0 7 0 0 8 2 552 553 
6 0 0 0 0 9 3 548 554 556 
7 0 0 4 0 9 3 549 550 552 
9 0 0 5 0 9 3 557 560 563 
10 0 3 0 0 7 3 551 555 559 
9 1 0 0 0 0 2 560 569 
2 0 5 0 0 1 3 558 559 560 
6 0 0 0 0 10 3 554 557 563 
3 0 6 2 2 0 2 562 570 
3 1 0 0 0 0 3 558 561 566 
4 0 5 4 0 0 3 564 566 571 
9 0 0 0 1 8 3 562 566 567 
7 1 0 0 0 0 3 564 565 568 
4 1 0 0 0 0 3 565 567 574 
1 0 0 7 0 5 3 567 570 572 
1 1 0 0 0 0 2 563 568 
6 1 0 0 0 0 2 564 574 
10 1 0 0 0 0 2 565 574 
4 0 0 0 4 1 1 569 
10 0 7 3 10 8 3 569 570 571 
2 1 0 0 0 0 1 572 
6 0 0 8 0 3 2 568 571 
6 0 3 0 3 1 1 573 
10 0 3 3 2 0 1 572 
8 0 7 8 3 0 1 573 
2 0 4 0 0 0 1 573 
8 0 10 4 0 0 1 575 
10 0 4 6 10 0 1 575 
5 1 0 0 0 0 1 575 
1 0 0 0 0 0 0 
20.89 9.7 9.7 7.07 8.99 15.34 80 102.48 131.47 135.53 107.46 110.08 119.78 117 111.57 111.39 124.51 148.49 138 117.64 117.71 95.95 105.68 95.26 103.7 108.27 105.92 103.41 102.71 114.23 156.91 182.64 178.91 190 189.88 182.42 182.46 179.59 179 180.93 166.69 189.88 184.94 178.99 156.12 140.92 137.92 97.56 105.31 97.29 84.5 75.38 79.11 94.79 118.04 124.69 147.74 147.18 138.56 129.99 131.97 130.67 134.6 146.61 161.18 170 139.88 135.75 119.93 98.09 118.71 99.68 99.85 101.32 110.01 111.55 123.37 149.94 185.92 228.25 228.92 212.9 215.5 231.9 226 209.2 216.06 230.77 245.95 274.11 273.44 245.48 226.14 208.31 178.75 124.7 128.92 118.4 103.01 101.91 101.98 114.99 140.19 170.53 175.66 161.85 161.37 166.06 166.54 166.04 169.43 189.7 201.97 243.11 253.81 237.05 224.33 213.81 185.94 148.32 164.17 152.83 166 160.86 160 154.3 166 182.91 215.89 231 228.95 215.39 206.68 185 169.52 162.8 200.89 189.9 177.11 140.23 162.02 102.18 102.29 114.11 85.03 84.4 80.24 55.46 49.29 62.06 74.29 84.44 97.26 119.97 134.96 149.4 165.13 165.06 170.09 189.04 190.96 223.3 243.94 240 230.82 214.02 215.88 203.8 20.89 9.7 9.7 7.07 8.99 15.34 80 102.48 131.47 135.53 107.46 110.08 119.78 117 111.57 111.39 124.51 148.49 138 117.64 117.71 95.95 105.68 95.26 103.7 108.27 105.92 103.41 102.71 114.23 156.91 182.64 178.91 190 189.88 182.42 182.46 179.59 179 180.93 166.69 189.88 184.94 178.99 156.12 140.92 137.92 97.56 105.31 97.29 84.5 75.38 79.11 94.79 118.04 124.69 147.74 147.18 138.56 129.99 131.97 130.67 134.6 146.61 161.18 170 139.88 135.75 119.93 98.09 118.71 99.68 99.85 101.32 110.01 111.55 123.37 149.94 185.92 228.25 228.92 212.9 215.5 231.9 226 209.2 216.06 230.77 245.95 274.11 273.44 245.48 226.14 208.31 178.75 124.7 128.92 118.4 103.01 101.91 101.98 114.99 140.19 170.53 175.66 161.85 161.37 166.06 166.54 166.04 169.43 189.7 201.97 243.11 253.81 237.05 224.33 213.81 185.94 148.32 164.17 152.83 166 160.86 160 154.3 166 182.91 215.89 231 228.95 215.39 206.68 185 169.52 162.8 200.89 189.9 177.11 140.23 162.02 102.18 102.29 114.11 85.03 84.4 80.24 55.46 49.29 62.06 74.29 84.44 97.26 119.97 134.96 149.4 165.13 165.06 170.09 189.04 190.96 223.3 243.94 240 230.82 214.02 215.88 203.8 20.89 9.7 9.7 7.07 8.99 15.34 80 102.48 131.47 135.53 107.46 110.08 119.78 117 111.57 111.39 124.51 148.49 138 117.64 117.71 95.95 105.68 95.26 103.7 108.27 105.92 103.41 102.71 114.23 156.91 182.64 178.91 190 189.88 182.42 182.46 179.59 179 180.93 166.69 189.88 184.94 178.99 156.12 140.92 137.92 97.56 105.31 97.29 84.5 75.38 79.11 94.79 118.04 124.69 147.74 147.18 138.56 129.99 131.97 130.67 134.6 146.61 161.18 170 139.88 135.75 119.93 98.09 118.71 99.68 99.85 101.32 110.01 111.55 123.37 149.94 185.92 228.25 228.92 212.9 215.5 231.9 226 209.2 216.06 230.77 245.95 274.11 273.44 245.48 226.14 208.31 178.75 124.7 128.92 118.4 103.01 101.91 101.98 114.99 140.19 170.53 175.66 161.85 161.37 166.06 166.54 166.04 169.43 189.7 201.97 243.11 253.81 237.05 224.33 213.81 185.94 148.32 164.17 152.83 166 160.86 160 154.3 166 182.91 215.89 231 228.95 215.39 206.68 185 169.52 162.8 200.89 189.9 177.11 140.23 162.02 102.18 102.29 114.11 85.03 84.4 80.24 55.46 49.29 62.06 74.29 84.44 97.26 119.97 134.96 149.4 165.13 165.06 170.09 189.04 190.96 223.3 243.94 240 230.82 214.02 215.88 203.8 20.89 9.7 9.7 7.07 8.99 15.34 80 102.48 131.47 135.53 107.46 110.08 119.78 117 111.57 111.39 124.51 148.49 138 117.64 117.71 95.95 105.68 95.26 103.7 108.27 105.92 103.41 102.71 114.23 156.91 182.64 178.91 190 189.88 182.42 182.46 179.59 179 180.93 166.69 189.88 184.94 178.99 156.12 140.92 137.92 97.56 105.31 97.29 84.5 75.38 79.11 94.79 118.04 124.69 147.74 147.18 138.56 129.99 131.97 130.67 134.6 146.61 161.18 170 139.88 135.75 119.93 98.09 118.71 99.68 99.85 101.32 110.01 111.55 123.37 149.94 185.92 228.25 228.92 212.9 215.5 231.9 226 209.2 216.06 230.77 245.95 274.11 273.44 245.48 226.14 208.31 178.75 124.7 128.92 118.4 103.01 101.91 101.98 114.99 140.19 170.53 175.66 161.85 161.37 166.06 166.54 166.04 169.43 189.7 201.97 243.11 253.81 237.05 224.33 213.81 185.94 148.32 164.17 152.83 166 160.86 160 154.3 166 182.91 215.89 231 228.95 215.39 206.68 185 169.52 162.8 200.89 189.9 177.11 140.23 162.02 102.18 102.29 114.11 85.03 84.4 80.24 55.46 49.29 62.06 74.29 84.44 97.26 119.97 134.96 149.4 165.13 165.06 170.09 189.04 190.96 223.3 243.94 240 230.82 214.02 215.88 203.8 20.89 9.7 9.7 7.07 8.99 15.34 80 102.48 131.47 135.53 107.46 110.08 119.78 117 111.57 111.39 124.51 148.49 138 117.64 117.71 95.95 105.68 95.26 103.7 108.27 105.92 103.41 102.71 114.23 156.91 182.64 178.91 190 189.88 182.42 182.46 179.59 179 180.93 166.69 189.88 184.94 178.99 156.12 140.92 137.92 97.56 105.31 97.29 84.5 75.38 79.11 94.79 118.04 124.69 147.74 147.18 138.56 129.99 131.97 130.67 134.6 146.61 161.18 170 139.88 135.75 119.93 98.09 118.71 99.68 99.85 101.32 110.01 111.55 123.37 149.94 185.92 228.25 228.92 212.9 215.5 231.9 226 209.2 216.06 230.77 245.95 274.11 273.44 245.48 226.14 208.31 178.75 124.7 128.92 118.4 103.01 101.91 101.98 114.99 140.19 170.53 175.66 161.85 161.37 166.06 166.54 166.04 169.43 189.7 201.97 243.11 253.81 237.05 224.33 213.81 185.94 148.32 164.17 152.83 166 160.86 160 154.3 166 182.91 215.89 231 228.95 215.39 206.68 185 169.52 162.8 200.89 189.9 177.11 140.23 162.02 102.18 102.29 114.11 85.03 84.4 80.24 55.46 49.29 62.06 74.29 84.44 97.26 119.97 134.96 149.4 165.13 165.06 170.09 189.04 190.96 223.3 243.94 240 230.82 214.02 215.88 203.8 20.89 9.7 9.7 7.07 8.99 15.34 80 102.48 131.47 135.53 107.46 110.08 119.78 117 111.57 111.39 124.51 148.49 138 117.64 117.71 95.95 105.68 95.26 103.7 108.27 105.92 103.41 102.71 114.23 156.91 182.64 178.91 190 189.88 182.42 182.46 179.59 179 180.93 166.69 189.88 184.94 178.99 156.12 140.92 137.92 97.56 105.31 97.29 84.5 75.38 79.11 94.79 118.04 124.69 147.74 147.18 138.56 129.99 131.97 130.67 134.6 146.61 161.18 170 139.88 135.75 119.93 98.09 118.71 99.68 99.85 101.32 110.01 111.55 123.37 149.94 185.92 228.25 228.92 212.9 215.5 231.9 226 209.2 216.06 230.77 245.95 274.11 273.44 245.48 226.14 208.31 178.75 124.7 128.92 118.4 103.01 101.91 101.98 114.99 140.19 170.53 175.66 161.85 161.37 166.06 166.54 166.04 169.43 189.7 201.97 243.11 253.81 237.05 224.33 213.81 185.94 148.32 164.17 152.83 166 160.86 160 154.3 166 182.91 215.89 231 228.95 215.39 206.68 185 169.52 162.8 200.89 189.9 177.11 140.23 162.02 102.18 102.29 114.11 85.03 84.4 80.24 55.46 49.29 62.06 74.29 84.44 97.26 119.97 134.96 149.4 165.13 165.06 170.09 189.04 190.96 223.3 243.94 240 230.82 214.02 215.88 203.8 20.89 9.7 9.7 7.07 8.99 15.34 80 102.48 131.47 135.53 107.46 110.08 119.78 117 111.57 111.39 124.51 148.49 138 117.64 117.71 95.95 105.68 95.26 103.7 108.27 105.92 103.41 102.71 114.23 156.91 182.64 178.91 190 189.88 182.42 182.46 179.59 179 180.93 166.69 189.88 184.94 178.99 156.12 140.92 137.92 97.56 105.31 97.29 84.5 75.38 79.11 94.79 118.04 124.69 147.74 147.18 138.56 129.99 131.97 130.67 134.6 146.61 161.18 170 139.88 135.75 119.93 98.09 118.71 99.68 99.85 101.32 110.01 111.55 123.37 149.94 185.92 228.25 
