576 5
1 43 40 44 42 
1 0 0 0 0 0 3 1 2 3 
7 0 0 2 0 0 3 6 11 27 
4 0 0 0 4 0 3 4 10 15 
1 0 0 0 7 0 3 5 7 12 
5 0 0 0 0 4 3 12 14 27 
9 0 0 0 6 0 3 9 14 22 
7 0 0 0 5 0 3 7 15 16 
5 0 0 0 0 7 3 8 13 17 
7 0 0 0 2 0 3 19 20 24 
10 0 0 0 0 2 3 16 18 24 
8 0 0 0 0 9 3 13 23 25 
2 0 0 10 0 0 3 12 17 21 
6 0 0 8 0 0 3 16 23 24 
2 1 0 0 0 0 2 14 22 
6 1 0 0 0 0 2 21 26 
5 1 0 0 0 0 3 17 21 26 
7 1 0 0 0 0 2 20 28 
4 0 10 0 0 0 3 19 22 23 
9 1 0 0 0 0 3 19 20 27 
3 0 6 0 0 0 1 29 
7 0 0 0 2 0 2 25 26 
7 1 0 0 0 0 1 28 
6 0 0 0 0 9 1 29 
5 0 0 8 0 0 1 28 
6 1 0 0 0 0 1 25 
10 0 8 0 0 0 2 29 30 
2 0 0 5 0 0 1 30 
5 0 0 0 3 0 1 30 
3 0 0 9 0 0 1 31 
7 0 0 0 1 0 1 31 
5 0 5 0 0 0 1 31 
1 0 0 0 0 0 0 
1 0 0 0 0 0 3 33 34 35 
3 0 8 0 0 9 3 38 39 42 
7 0 3 0 1 9 3 36 40 51 
6 0 10 7 6 9 3 44 46 47 
4 0 7 6 8 10 3 37 44 45 
6 0 10 4 7 0 2 43 53 
7 0 6 6 0 9 1 54 
9 0 0 8 3 7 2 41 56 
9 0 2 2 10 4 2 44 45 
3 0 1 9 3 8 3 50 52 62 
7 0 5 7 9 6 2 49 55 
8 0 0 0 2 10 1 48 
1 0 1 10 10 4 3 50 52 54 
5 0 1 7 4 1 2 54 55 
5 0 10 1 0 6 3 48 53 61 
5 0 5 6 7 6 2 50 59 
10 0 7 3 3 7 1 49 
5 1 0 0 0 0 1 56 
1 1 0 0 0 0 1 60 
10 0 0 5 0 1 3 58 59 61 
2 0 4 0 6 8 3 53 58 61 
7 0 3 4 0 0 1 60 
8 1 0 0 0 0 1 57 
4 0 10 3 9 0 1 62 
4 0 1 5 0 10 2 57 58 
9 0 0 8 0 4 1 59 
8 0 9 4 0 0 1 60 
5 0 1 6 0 3 1 62 
10 0 0 3 0 2 1 63 
4 1 0 0 0 0 1 63 
1 0 5 6 6 0 1 63 
1 0 0 0 0 0 0 
1 0 0 0 0 0 3 65 66 67 
9 0 10 0 0 0 3 68 76 79 
10 0 0 6 3 0 3 69 72 85 
9 0 0 7 0 0 3 68 71 72 
9 0 5 2 5 0 2 74 81 
2 0 0 0 6 3 3 70 71 75 
6 0 0 1 0 7 3 73 74 77 
10 0 5 0 8 0 3 76 78 79 
10 1 0 0 0 0 1 84 
3 1 0 0 0 0 3 76 81 86 
10 1 0 0 0 0 3 82 86 94 
9 0 4 0 0 0 2 83 93 
4 1 0 0 0 0 3 80 82 91 
8 0 5 2 8 0 3 80 81 86 
2 1 0 0 0 0 3 80 82 94 
3 0 0 0 0 8 3 87 89 91 
9 1 0 0 0 0 3 83 84 89 
1 0 2 10 0 7 3 88 90 91 
6 1 0 0 0 0 3 83 84 89 
8 0 7 0 0 0 1 87 
2 1 0 0 0 0 1 88 
8 0 10 1 0 0 1 92 
3 1 0 0 0 0 2 87 93 
7 0 10 2 0 0 2 88 90 
3 0 6 0 7 6 1 92 
10 0 4 1 0 7 2 90 93 
8 0 0 8 0 7 1 92 
1 0 6 0 9 6 1 94 
2 0 5 0 0 0 1 95 
5 0 0 9 0 8 1 95 
6 0 2 0 3 0 1 95 
1 0 0 0 0 0 0 
1 0 0 0 0 0 3 97 98 99 
1 0 7 0 2 0 2 114 124 
3 0 0 3 3 6 3 102 105 115 
8 0 9 0 3 4 3 100 101 111 
1 0 4 0 7 7 3 103 106 108 
4 0 2 0 0 0 2 107 109 
4 0 9 0 0 8 1 110 
3 0 10 5 10 0 1 104 
7 1 0 0 0 0 1 117 
9 0 8 0 0 0 2 116 119 
2 0 2 0 2 0 1 112 
8 0 0 10 6 0 1 112 
6 0 0 9 2 0 3 118 120 122 
2 0 8 6 3 0 1 121 
8 1 0 0 0 0 2 118 120 
9 0 0 7 0 10 3 113 123 125 
2 1 0 0 0 0 1 126 
10 0 0 0 0 6 2 122 124 
8 1 0 0 0 0 1 120 
7 1 0 0 0 0 1 123 
5 0 5 6 0 0 1 121 
5 0 0 8 10 0 1 118 
8 0 0 9 3 1 1 124 
8 0 6 0 0 10 1 125 
1 1 0 0 0 0 1 121 
10 0 8 0 0 0 1 123 
5 0 6 0 0 4 1 126 
10 0 4 7 3 10 1 126 
3 0 0 1 0 0 1 127 
8 0 0 0 7 0 1 127 
10 0 0 0 2 0 1 127 
1 0 0 0 0 0 0 
1 0 0 0 0 0 3 129 130 131 
5 0 8 2 2 10 3 132 138 147 
6 0 9 8 3 8 3 133 144 146 
4 0 6 3 10 3 3 135 137 139 
3 0 5 6 3 9 3 134 136 142 
3 0 9 5 9 3 2 134 136 
10 0 3 5 4 1 1 140 
9 0 6 10 8 4 2 141 145 
2 1 0 0 0 0 1 151 
1 0 2 3 2 3 1 141 
4 0 4 6 2 6 1 149 
5 0 3 2 5 7 1 143 
7 0 6 6 4 6 1 156 
10 0 8 9 2 4 1 158 
5 1 0 0 0 0 1 153 
2 0 8 9 4 8 3 145 148 153 
2 1 0 0 0 0 3 151 154 156 
6 0 7 10 9 3 1 155 
4 0 8 6 6 1 1 149 
9 0 3 5 6 6 2 150 154 
9 0 3 7 5 5 1 150 
2 0 9 2 4 9 1 152 
4 0 7 6 9 1 1 158 
3 1 0 0 0 0 1 153 
2 0 3 6 1 6 1 158 
3 0 8 1 8 5 1 155 
9 1 0 0 0 0 1 157 
6 0 1 1 1 5 1 157 
6 0 1 10 1 3 1 159 
2 0 9 7 10 9 1 159 
4 0 9 5 3 6 1 159 
1 0 0 0 0 0 0 
1 0 0 0 0 0 3 161 162 163 
4 0 6 9 9 5 1 172 
6 0 5 6 2 3 3 167 180 186 
1 0 2 3 3 2 2 164 168 
9 0 2 10 4 5 3 165 180 185 
1 0 4 9 4 8 3 166 169 174 
9 0 10 9 3 3 2 172 175 
2 0 2 4 4 5 1 168 
4 0 5 4 4 6 2 173 181 
2 0 8 7 10 7 2 170 172 
2 0 9 7 1 9 2 171 176 
4 0 4 2 10 1 3 173 177 186 
7 1 0 0 0 0 2 178 181 
9 0 8 9 4 7 3 175 179 183 
2 0 7 9 4 6 2 181 182 
2 1 0 0 0 0 1 184 
3 1 0 0 0 0 3 177 178 182 
7 1 0 0 0 0 2 179 183 
3 0 4 7 6 3 1 186 
8 0 9 4 2 10 1 184 
7 0 3 4 2 7 1 189 
5 1 0 0 0 0 2 187 188 
2 1 0 0 0 0 2 184 189 
4 0 5 2 8 3 2 189 190 
9 0 5 8 9 3 1 190 
7 0 5 5 10 1 2 187 188 
2 0 9 5 10 1 2 187 188 
2 0 9 5 5 4 1 190 
2 0 6 6 9 7 1 191 
3 0 4 5 7 4 1 191 
6 0 1 7 9 10 1 191 
1 0 0 0 0 0 0 
1 0 0 0 0 0 3 193 194 195 
5 0 7 0 6 9 3 196 202 205 
4 0 2 0 0 0 3 197 199 201 
6 0 3 0 0 0 3 200 208 216 
4 0 10 2 0 10 3 197 198 206 
7 0 0 6 0 8 3 200 208 218 
6 0 0 0 9 9 3 199 207 210 
10 0 0 0 2 0 2 213 215 
3 0 0 10 0 0 3 215 217 220 
6 0 4 0 9 1 3 203 205 208 
7 0 5 0 5 0 3 206 209 211 
6 0 8 5 5 0 3 204 207 209 
7 0 0 1 0 0 3 211 214 221 
8 0 0 1 0 0 2 206 209 
4 1 0 0 0 0 2 210 212 
1 0 8 0 0 4 2 211 212 
2 0 0 3 5 0 2 215 222 
2 0 7 8 6 0 3 210 214 220 
10 1 0 0 0 0 1 219 
8 1 0 0 0 0 3 216 217 218 
6 0 6 0 2 0 3 213 217 221 
6 1 0 0 0 0 3 214 218 219 
3 0 5 0 1 0 1 216 
7 1 0 0 0 0 1 221 
8 0 0 0 0 2 1 222 
8 0 0 0 10 8 1 219 
6 0 8 1 1 4 1 220 
2 0 0 0 7 7 1 222 
10 0 3 10 7 0 1 223 
10 0 10 0 0 4 1 223 
6 0 0 9 0 3 1 223 
1 0 0 0 0 0 0 
1 0 0 0 0 0 3 225 226 227 
7 0 3 10 4 4 3 228 238 244 
10 0 5 8 9 8 3 230 231 237 
2 0 4 4 3 9 3 234 237 247 
6 0 7 5 9 10 3 229 232 233 
8 0 4 7 3 4 3 231 236 253 
1 0 2 6 9 7 3 236 238 244 
8 0 3 7 9 8 2 239 241 
1 0 10 4 8 3 3 234 239 243 
7 0 10 10 3 1 3 235 241 242 
4 0 4 1 4 5 3 240 246 249 
6 1 0 0 0 0 3 236 237 245 
4 1 0 0 0 0 2 239 254 
9 1 0 0 0 0 3 246 250 252 
10 0 8 1 3 9 3 241 242 243 
1 1 0 0 0 0 1 240 
7 0 10 2 8 5 1 252 
8 0 6 3 3 8 3 247 248 249 
6 1 0 0 0 0 3 245 250 251 
2 1 0 0 0 0 2 248 251 
5 0 6 5 9 1 3 245 246 250 
6 0 2 3 9 7 3 247 248 249 
2 0 2 10 8 4 1 251 
2 0 10 10 7 7 1 252 
6 0 6 7 9 5 1 254 
9 0 8 6 4 7 1 254 
4 0 7 5 7 7 1 253 
10 0 2 10 9 4 1 253 
3 0 7 9 6 6 1 255 
5 0 10 4 6 4 1 255 
8 0 9 4 4 9 1 255 
1 0 0 0 0 0 0 
1 0 0 0 0 0 3 257 258 259 
6 0 6 5 7 6 1 276 
3 0 8 5 7 3 2 260 261 
7 0 4 9 2 2 1 263 
8 0 5 9 7 6 3 262 265 268 
7 0 3 10 1 9 2 270 279 
5 0 2 7 2 8 3 267 278 279 
1 0 5 10 3 10 1 264 
10 0 9 7 4 9 2 266 277 
9 0 10 8 8 5 1 275 
6 1 0 0 0 0 2 272 282 
9 1 0 0 0 0 2 269 271 
4 0 10 2 6 2 2 278 286 
5 0 7 7 5 9 2 281 283 
10 0 1 1 7 3 1 274 
1 1 0 0 0 0 1 273 
8 0 9 10 4 3 2 281 286 
1 1 0 0 0 0 1 282 
7 1 0 0 0 0 2 282 285 
2 0 2 10 4 7 1 283 
2 0 10 6 5 1 2 280 284 
10 0 7 5 1 8 1 279 
3 0 3 8 6 4 2 281 284 
6 0 1 6 2 4 1 284 
8 0 2 4 7 1 1 283 
9 0 2 4 4 1 1 285 
1 0 6 4 5 10 1 286 
2 0 4 2 1 2 1 285 
9 0 5 8 7 1 1 287 
3 0 4 1 9 4 1 287 
9 0 2 9 7 10 1 287 
1 0 0 0 0 0 0 
1 0 0 0 0 0 3 289 290 291 
5 0 0 1 10 0 3 292 295 300 
6 0 6 0 3 0 3 299 304 307 
2 0 6 3 8 6 3 292 293 300 
1 0 5 0 2 0 3 296 301 302 
3 0 7 0 0 0 3 294 304 310 
7 0 0 5 5 3 3 295 302 307 
4 0 0 10 0 0 2 298 308 
7 0 8 10 0 0 3 297 307 310 
10 0 7 5 6 0 3 299 304 305 
1 0 1 0 7 0 2 299 301 
5 1 0 0 0 0 2 303 314 
10 0 0 9 0 0 3 310 312 314 
10 0 0 0 0 8 3 305 311 313 
8 0 0 0 5 2 3 305 308 312 
2 1 0 0 0 0 1 306 
3 1 0 0 0 0 2 306 316 
10 1 0 0 0 0 1 314 
2 0 4 6 2 9 3 309 311 315 
10 1 0 0 0 0 3 308 309 315 
10 1 0 0 0 0 2 311 313 
6 0 1 4 4 0 2 312 313 
10 0 0 0 2 1 3 316 317 318 
7 0 6 0 9 0 1 317 
10 0 7 0 6 0 1 318 
4 0 3 0 0 0 1 318 
2 0 0 0 3 1 2 315 316 
6 0 0 0 0 2 1 317 
4 0 4 0 7 4 1 319 
5 0 6 3 0 0 1 319 
1 0 8 2 3 0 1 319 
1 0 0 0 0 0 0 
1 0 0 0 0 0 3 321 322 323 
7 0 6 5 4 0 3 327 329 332 
9 0 5 4 6 5 3 324 328 338 
1 0 4 7 1 4 3 325 335 336 
1 0 5 2 0 10 3 329 337 350 
9 0 8 8 4 5 2 326 341 
8 0 7 0 7 0 1 347 
3 0 7 7 8 5 2 330 331 
1 0 1 0 6 4 2 333 346 
10 0 7 2 0 0 1 349 
9 0 6 8 8 6 1 343 
10 0 5 4 2 2 2 334 340 
2 0 1 9 1 10 1 336 
1 0 4 7 0 7 1 339 
5 0 3 0 4 0 1 349 
3 0 0 0 0 7 1 344 
9 1 0 0 0 0 1 340 
8 0 2 2 0 10 1 348 
4 0 0 1 9 0 3 339 342 343 
10 0 9 0 8 5 1 340 
5 0 4 4 8 3 1 347 
3 1 0 0 0 0 1 345 
4 0 0 4 5 9 1 345 
5 1 0 0 0 0 2 344 348 
7 0 0 4 6 7 1 349 
5 0 10 3 9 9 1 347 
2 0 1 0 8 9 1 350 
2 0 8 0 8 9 1 350 
2 0 5 0 0 4 1 351 
6 0 0 7 0 8 1 351 
6 0 7 1 0 8 1 351 
1 0 0 0 0 0 0 
1 0 0 0 0 0 3 353 354 355 
8 0 2 3 3 8 3 356 373 377 
5 0 2 3 0 1 3 361 372 382 
9 0 7 0 0 0 3 359 360 363 
3 0 5 1 0 1 3 357 367 378 
6 0 4 8 1 0 2 358 369 
8 0 0 10 0 0 2 360 376 
8 0 0 0 0 5 3 365 368 381 
10 0 5 0 0 0 3 366 374 380 
1 0 0 7 0 0 3 362 364 366 
5 0 2 3 0 0 2 368 376 
7 0 10 6 0 8 2 370 373 
10 0 0 0 4 0 1 378 
3 0 1 0 6 0 2 373 376 
2 0 7 7 0 0 1 381 
6 0 3 10 0 4 2 369 371 
4 1 0 0 0 0 2 375 377 
5 1 0 0 0 0 2 370 379 
6 1 0 0 0 0 1 374 
6 1 0 0 0 0 3 372 374 381 
7 1 0 0 0 0 1 375 
3 1 0 0 0 0 2 375 382 
8 0 3 0 3 5 1 382 
8 0 0 0 7 0 1 379 
4 1 0 0 0 0 1 379 
2 0 2 1 0 0 1 378 
3 1 0 0 0 0 1 380 
5 0 1 7 9 0 1 380 
3 0 0 0 9 7 1 383 
2 0 0 5 0 8 1 383 
8 0 0 0 0 2 1 383 
1 0 0 0 0 0 0 
1 0 0 0 0 0 3 385 386 387 
2 0 3 9 1 9 3 388 391 397 
4 0 8 8 3 10 3 391 405 414 
4 0 3 4 3 1 3 389 393 394 
1 0 1 7 6 4 3 389 390 395 
10 1 0 0 0 0 2 402 410 
10 0 7 5 7 10 3 398 399 406 
7 0 6 3 1 3 2 392 408 
2 0 1 8 7 6 3 399 400 407 
7 0 2 9 3 4 2 395 396 
2 0 8 5 3 3 3 400 403 410 
3 0 1 6 8 2 3 401 402 404 
4 0 1 9 10 7 3 398 401 403 
3 0 5 8 2 5 3 398 399 406 
3 0 3 10 4 9 3 400 402 404 
5 0 8 9 10 7 1 413 
6 0 9 8 8 5 1 412 
1 0 8 2 6 8 3 406 409 414 
9 1 0 0 0 0 3 405 408 414 
7 1 0 0 0 0 2 404 405 
4 0 5 3 4 10 3 407 408 412 
5 1 0 0 0 0 2 407 409 
5 1 0 0 0 0 2 410 411 
8 0 4 4 4 2 1 411 
4 0 4 10 7 8 2 409 411 
3 0 4 10 3 1 1 413 
8 0 10 10 7 1 1 412 
7 0 7 3 6 6 1 413 
9 0 5 1 10 7 1 415 
6 0 3 2 4 5 1 415 
2 0 7 3 2 8 1 415 
1 0 0 0 0 0 0 
1 0 0 0 0 0 3 417 418 419 
8 0 0 9 7 7 2 420 422 
6 0 10 2 8 5 2 423 428 
3 0 0 0 10 6 3 430 438 440 
7 0 2 0 9 8 2 421 426 
1 0 0 5 10 9 2 425 433 
4 0 0 7 4 6 3 424 427 431 
6 0 3 7 0 0 1 435 
3 0 10 1 7 3 2 436 442 
4 0 1 4 0 9 2 434 437 
4 0 0 0 8 0 2 438 444 
9 0 0 0 9 6 2 429 441 
10 0 0 0 3 1 2 431 441 
7 1 0 0 0 0 2 432 439 
9 0 2 0 9 3 1 446 
7 1 0 0 0 0 1 445 
1 0 0 10 4 6 1 435 
10 1 0 0 0 0 1 435 
3 1 0 0 0 0 1 443 
7 0 0 7 10 4 1 443 
2 0 0 2 4 6 1 445 
9 0 7 3 0 7 1 440 
2 1 0 0 0 0 1 446 
10 0 6 3 10 2 1 444 
7 0 8 1 2 7 1 445 
7 1 0 0 0 0 2 442 443 
9 0 8 0 2 8 1 446 
2 0 3 1 0 5 1 444 
8 0 0 8 6 4 1 447 
10 0 7 0 8 9 1 447 
3 0 0 1 3 6 1 447 
1 0 0 0 0 0 0 
1 0 0 0 0 0 3 449 450 451 
7 0 6 7 8 2 3 453 455 465 
6 0 4 3 8 1 3 452 456 458 
1 0 1 5 2 9 3 456 457 460 
6 0 5 6 3 7 3 454 459 468 
5 0 2 6 1 4 3 458 459 467 
9 0 10 3 4 5 2 462 476 
9 0 6 10 10 5 3 456 461 468 
6 1 0 0 0 0 2 466 478 
3 0 6 2 7 6 3 463 465 467 
3 1 0 0 0 0 3 471 474 478 
1 1 0 0 0 0 3 463 469 471 
5 0 4 1 4 10 3 461 463 469 
2 0 4 6 9 6 3 462 464 467 
9 0 10 10 6 8 2 472 478 
2 1 0 0 0 0 3 464 470 477 
9 0 2 4 9 7 1 466 
1 0 6 5 1 1 3 468 469 471 
2 0 3 4 10 3 1 473 
8 1 0 0 0 0 3 470 472 473 
1 1 0 0 0 0 2 473 477 
6 1 0 0 0 0 3 470 472 474 
8 0 1 10 4 9 1 475 
4 0 8 7 8 1 1 475 
8 0 5 9 8 2 1 477 
2 0 5 8 1 6 2 474 475 
7 0 2 1 9 8 1 476 
9 0 9 10 1 10 1 476 
7 0 5 1 7 3 1 479 
3 0 8 1 10 1 1 479 
6 0 10 3 3 4 1 479 
1 0 0 0 0 0 0 
1 0 0 0 0 0 3 481 482 483 
9 0 2 5 2 1 3 484 486 487 
3 0 4 0 6 3 3 493 496 497 
3 0 0 4 8 0 3 494 497 507 
8 0 4 4 3 6 3 485 489 506 
3 0 8 8 9 4 3 496 498 504 
9 0 6 9 0 3 3 497 506 509 
1 0 5 3 0 4 3 488 492 493 
8 0 3 1 5 1 3 490 491 500 
6 1 0 0 0 0 3 490 501 507 
5 0 1 6 0 7 2 499 503 
10 0 0 3 9 7 3 495 496 503 
4 0 0 6 2 2 3 494 495 503 
9 1 0 0 0 0 3 494 495 498 
2 1 0 0 0 0 2 505 508 
4 0 0 5 0 0 3 499 506 509 
9 1 0 0 0 0 3 501 502 509 
9 0 3 3 0 1 3 498 500 504 
1 1 0 0 0 0 1 499 
4 0 9 0 4 4 2 502 505 
6 0 1 9 7 0 2 501 502 
7 0 4 0 1 1 2 505 508 
4 0 10 0 3 0 1 510 
2 0 9 0 5 7 1 504 
6 0 7 0 0 10 1 508 
6 0 0 0 6 3 1 510 
6 0 1 1 3 1 1 507 
5 0 5 8 6 7 1 510 
3 0 1 0 0 5 1 511 
5 0 3 0 2 8 1 511 
8 0 3 1 6 9 1 511 
1 0 0 0 0 0 0 
1 0 0 0 0 0 3 513 514 515 
6 0 5 0 1 0 3 522 533 535 
4 0 6 0 1 3 3 516 519 526 
6 0 3 0 0 0 3 517 523 529 
8 0 7 0 4 2 3 518 521 522 
8 0 0 0 9 0 3 520 525 540 
8 0 0 0 4 0 3 520 525 530 
3 0 7 0 4 5 3 522 524 536 
9 0 7 0 0 5 2 527 536 
7 0 8 9 7 0 3 531 532 539 
2 0 0 9 2 10 1 541 
6 0 3 3 0 3 3 525 527 532 
5 0 0 0 3 8 3 528 529 530 
8 0 9 0 0 0 3 528 537 539 
9 0 10 2 0 0 3 530 531 532 
8 1 0 0 0 0 2 528 535 
10 0 3 0 0 0 1 534 
5 0 0 10 9 7 3 531 535 537 
3 0 5 10 0 0 1 540 
8 0 1 8 0 0 2 533 534 
9 0 8 0 0 0 3 533 534 536 
7 0 9 0 0 0 2 540 542 
6 0 6 0 8 4 1 538 
10 0 0 3 7 0 2 538 539 
8 1 0 0 0 0 1 537 
10 0 2 10 0 0 1 538 
5 0 0 10 3 0 2 541 542 
6 0 0 9 0 2 2 541 542 
2 1 0 0 0 0 1 543 
9 0 0 0 1 0 1 543 
5 0 0 0 6 8 1 543 
1 0 0 0 0 0 0 
1 0 0 0 0 0 3 545 546 547 
6 0 10 10 4 0 2 566 572 
6 0 9 3 0 0 3 553 556 569 
9 0 1 0 2 2 3 548 549 550 
1 0 1 0 8 6 3 561 563 567 
5 0 0 9 5 4 3 554 557 566 
10 0 0 9 6 0 3 551 552 560 
2 0 3 5 2 0 2 555 563 
6 1 0 0 0 0 1 559 
7 0 3 5 0 2 3 555 558 560 
1 0 0 4 8 0 1 558 
6 0 4 4 4 8 1 564 
1 0 8 3 5 5 1 565 
10 0 0 3 9 9 2 562 570 
8 1 0 0 0 0 2 562 563 
5 1 0 0 0 0 2 564 568 
7 1 0 0 0 0 2 564 570 
9 0 7 6 7 0 1 562 
5 1 0 0 0 0 3 565 571 574 
10 0 2 3 4 7 2 571 573 
3 0 0 8 0 3 3 565 566 571 
5 0 1 1 5 3 1 573 
2 0 7 6 7 8 1 574 
4 0 0 8 5 8 1 569 
8 0 0 4 6 4 3 569 570 573 
2 0 1 0 7 3 1 574 
2 0 6 0 7 4 1 572 
6 0 10 8 10 1 1 572 
2 0 0 7 4 3 1 575 
10 0 6 8 1 6 1 575 
9 0 0 4 0 2 1 575 
1 0 0 0 0 0 0 
389.77 328.49 299.23 282.44 289.33 283.78 393.39 424.94 379.72 268.37 258.13 263.43 337.96 309.2 288.54 282.05 385.5 455.23 521.84 642.53 677.22 600.07 530.13 469.86 402.46 368.99 336.73 325.24 318.72 350.98 440 483.86 460.11 297.22 346.71 306.68 341.68 348.63 299.89 318.36 398.61 444.28 483.63 586.87 576.52 475.23 410.07 262.87 228.02 233.88 217.64 205.6 243.07 206.55 330.06 389.44 276.91 262.89 285.04 218.36 236.19 258.67 238.43 310.57 324.66 370 430.36 533.36 547.29 481.67 400.09 353.21 321.21 319.86 326.3 339.4 327.83 285.21 454.74 504.75 501.57 448.5 434.41 409.97 354.54 343.16 304.84 311.29 354.56 397.7 503.07 529.23 536.98 512.86 528.95 396.28 366.35 336.57 324.66 319.86 319.18 325.94 411.39 456.13 444.7 422.93 369.84 362.34 356.05 285.48 250.83 291.68 378.01 426.65 514.68 551.38 560.16 540.03 493.34 431.02 403.51 344.67 351.99 337.01 332.04 331.27 337.03 333.12 343.78 353.08 351.22 338.16 325.35 288.17 261.13 245.55 284.94 343.15 370.22 387.81 408.59 406.07 398.58 370.23 393.26 379.24 355.06 331 316.18 302.82 272.76 260.93 221.38 161.57 173.83 199.31 104.93 137.29 152.11 171.41 191.51 301.82 364.08 405.01 427.76 435.49 420.73 376.56 389.77 328.49 299.23 282.44 289.33 283.78 393.39 424.94 379.72 268.37 258.13 263.43 337.96 309.2 288.54 282.05 385.5 455.23 521.84 642.53 677.22 600.07 530.13 469.86 402.46 368.99 336.73 325.24 318.72 350.98 440 483.86 460.11 297.22 346.71 306.68 341.68 348.63 299.89 318.36 398.61 444.28 483.63 586.87 576.52 475.23 410.07 262.87 228.02 233.88 217.64 205.6 243.07 206.55 330.06 389.44 276.91 262.89 285.04 218.36 236.19 258.67 238.43 310.57 324.66 370 430.36 533.36 547.29 481.67 400.09 353.21 321.21 319.86 326.3 339.4 327.83 285.21 454.74 504.75 501.57 448.5 434.41 409.97 354.54 343.16 304.84 311.29 354.56 397.7 503.07 529.23 536.98 512.86 528.95 396.28 366.35 336.57 324.66 319.86 319.18 325.94 411.39 456.13 444.7 422.93 369.84 362.34 356.05 285.48 250.83 291.68 378.01 426.65 514.68 551.38 560.16 540.03 493.34 431.02 403.51 344.67 351.99 337.01 332.04 331.27 337.03 333.12 343.78 353.08 351.22 338.16 325.35 288.17 261.13 245.55 284.94 343.15 370.22 387.81 408.59 406.07 398.58 370.23 393.26 379.24 355.06 331 316.18 302.82 272.76 260.93 221.38 161.57 173.83 199.31 104.93 137.29 152.11 171.41 191.51 301.82 364.08 405.01 427.76 435.49 420.73 376.56 389.77 328.49 299.23 282.44 289.33 283.78 393.39 424.94 379.72 268.37 258.13 263.43 337.96 309.2 288.54 282.05 385.5 455.23 521.84 642.53 677.22 600.07 530.13 469.86 402.46 368.99 336.73 325.24 318.72 350.98 440 483.86 460.11 297.22 346.71 306.68 341.68 348.63 299.89 318.36 398.61 444.28 483.63 586.87 576.52 475.23 410.07 262.87 228.02 233.88 217.64 205.6 243.07 206.55 330.06 389.44 276.91 262.89 285.04 218.36 236.19 258.67 238.43 310.57 324.66 370 430.36 533.36 547.29 481.67 400.09 353.21 321.21 319.86 326.3 339.4 327.83 285.21 454.74 504.75 501.57 448.5 434.41 409.97 354.54 343.16 304.84 311.29 354.56 397.7 503.07 529.23 536.98 512.86 528.95 396.28 366.35 336.57 324.66 319.86 319.18 325.94 411.39 456.13 444.7 422.93 369.84 362.34 356.05 285.48 250.83 291.68 378.01 426.65 514.68 551.38 560.16 540.03 493.34 431.02 403.51 344.67 351.99 337.01 332.04 331.27 337.03 333.12 343.78 353.08 351.22 338.16 325.35 288.17 261.13 245.55 284.94 343.15 370.22 387.81 408.59 406.07 398.58 370.23 393.26 379.24 355.06 331 316.18 302.82 272.76 260.93 221.38 161.57 173.83 199.31 104.93 137.29 152.11 171.41 191.51 301.82 364.08 405.01 427.76 435.49 420.73 376.56 389.77 328.49 299.23 282.44 289.33 283.78 393.39 424.94 379.72 268.37 258.13 263.43 337.96 309.2 288.54 282.05 385.5 455.23 521.84 642.53 677.22 600.07 530.13 469.86 402.46 368.99 336.73 325.24 318.72 350.98 440 483.86 460.11 297.22 346.71 306.68 341.68 348.63 299.89 318.36 398.61 444.28 483.63 586.87 576.52 475.23 410.07 262.87 228.02 233.88 217.64 205.6 243.07 206.55 330.06 389.44 276.91 262.89 285.04 218.36 236.19 258.67 238.43 310.57 324.66 370 430.36 533.36 547.29 481.67 400.09 353.21 321.21 319.86 326.3 339.4 327.83 285.21 454.74 504.75 501.57 448.5 434.41 409.97 354.54 343.16 304.84 311.29 354.56 397.7 503.07 529.23 536.98 512.86 528.95 396.28 366.35 336.57 324.66 319.86 319.18 325.94 411.39 456.13 444.7 422.93 369.84 362.34 356.05 285.48 250.83 291.68 378.01 426.65 514.68 551.38 560.16 540.03 493.34 431.02 403.51 344.67 351.99 337.01 332.04 331.27 337.03 333.12 343.78 353.08 351.22 338.16 325.35 288.17 261.13 245.55 284.94 343.15 370.22 387.81 408.59 406.07 398.58 370.23 393.26 379.24 355.06 331 316.18 302.82 272.76 260.93 221.38 161.57 173.83 199.31 104.93 137.29 152.11 171.41 191.51 301.82 364.08 405.01 427.76 435.49 420.73 376.56 389.77 328.49 299.23 282.44 289.33 283.78 393.39 424.94 379.72 268.37 258.13 263.43 337.96 309.2 288.54 282.05 385.5 455.23 521.84 642.53 677.22 600.07 530.13 469.86 402.46 368.99 336.73 325.24 318.72 350.98 440 483.86 460.11 297.22 346.71 306.68 341.68 348.63 299.89 318.36 398.61 444.28 483.63 586.87 576.52 475.23 410.07 262.87 228.02 233.88 217.64 205.6 243.07 206.55 330.06 389.44 276.91 262.89 285.04 218.36 236.19 258.67 238.43 310.57 324.66 370 430.36 533.36 547.29 481.67 400.09 353.21 321.21 319.86 326.3 339.4 327.83 285.21 454.74 504.75 501.57 448.5 434.41 409.97 354.54 343.16 304.84 311.29 354.56 397.7 503.07 529.23 536.98 512.86 528.95 396.28 366.35 336.57 324.66 319.86 319.18 325.94 411.39 456.13 444.7 422.93 369.84 362.34 356.05 285.48 250.83 291.68 378.01 426.65 514.68 551.38 560.16 540.03 493.34 431.02 403.51 344.67 351.99 337.01 332.04 331.27 337.03 333.12 343.78 353.08 351.22 338.16 325.35 288.17 261.13 245.55 284.94 343.15 370.22 387.81 408.59 406.07 398.58 370.23 393.26 379.24 355.06 331 316.18 302.82 272.76 260.93 221.38 161.57 173.83 199.31 104.93 137.29 152.11 171.41 191.51 301.82 364.08 405.01 427.76 435.49 420.73 376.56 389.77 328.49 299.23 282.44 289.33 283.78 393.39 424.94 379.72 268.37 258.13 263.43 337.96 309.2 288.54 282.05 385.5 455.23 521.84 642.53 677.22 600.07 530.13 469.86 402.46 368.99 336.73 325.24 318.72 350.98 440 483.86 460.11 297.22 346.71 306.68 341.68 348.63 299.89 318.36 398.61 444.28 483.63 586.87 576.52 475.23 410.07 262.87 228.02 233.88 217.64 205.6 243.07 206.55 330.06 389.44 276.91 262.89 285.04 218.36 236.19 258.67 238.43 310.57 324.66 370 430.36 533.36 547.29 481.67 400.09 353.21 321.21 319.86 326.3 339.4 327.83 285.21 454.74 504.75 501.57 448.5 434.41 409.97 354.54 343.16 304.84 311.29 354.56 397.7 503.07 529.23 536.98 512.86 528.95 396.28 366.35 336.57 324.66 319.86 319.18 325.94 411.39 456.13 444.7 422.93 369.84 362.34 356.05 285.48 250.83 291.68 378.01 426.65 514.68 551.38 560.16 540.03 493.34 431.02 403.51 344.67 351.99 337.01 332.04 331.27 337.03 333.12 343.78 353.08 351.22 338.16 325.35 288.17 261.13 245.55 284.94 343.15 370.22 387.81 408.59 406.07 398.58 370.23 393.26 379.24 355.06 331 316.18 302.82 272.76 260.93 221.38 161.57 173.83 199.31 104.93 137.29 152.11 171.41 191.51 301.82 364.08 405.01 427.76 435.49 420.73 376.56 389.77 328.49 299.23 282.44 289.33 283.78 393.39 424.94 379.72 268.37 258.13 263.43 337.96 309.2 288.54 282.05 385.5 455.23 521.84 642.53 677.22 600.07 530.13 469.86 402.46 368.99 336.73 325.24 318.72 350.98 440 483.86 460.11 297.22 346.71 306.68 341.68 348.63 299.89 318.36 398.61 444.28 483.63 586.87 576.52 475.23 410.07 262.87 228.02 233.88 217.64 205.6 243.07 206.55 330.06 389.44 276.91 262.89 285.04 218.36 236.19 258.67 238.43 310.57 324.66 370 430.36 533.36 547.29 481.67 400.09 353.21 321.21 319.86 326.3 339.4 327.83 285.21 454.74 504.75 501.57 448.5 434.41 409.97 354.54 343.16 304.84 311.29 354.56 397.7 
