576 5
1 42 39 43 48 
1 0 0 0 0 0 3 1 2 3 
2 0 0 5 5 9 1 18 
10 0 2 9 10 0 2 5 13 
4 0 5 0 0 5 3 4 16 21 
6 0 6 8 0 0 3 7 10 11 
5 0 2 8 7 0 2 6 8 
4 1 0 0 0 0 2 16 30 
7 0 0 0 3 2 1 29 
2 0 0 7 0 0 1 9 
1 0 0 4 0 2 3 14 18 19 
7 0 0 0 0 9 1 30 
10 0 10 8 0 0 1 12 
6 1 0 0 0 0 2 22 25 
5 0 0 0 5 0 1 15 
2 1 0 0 0 0 1 27 
3 0 2 0 1 0 1 23 
8 0 7 1 9 0 3 17 20 24 
3 0 7 3 0 0 2 26 28 
8 1 0 0 0 0 1 25 
3 1 0 0 0 0 1 23 
8 0 5 1 0 0 1 23 
8 1 0 0 0 0 1 28 
8 0 9 10 8 8 1 29 
1 0 0 0 1 0 2 26 28 
3 0 0 4 0 5 2 25 26 
8 0 1 0 6 9 1 27 
3 0 0 7 5 9 1 27 
2 0 2 0 0 3 1 29 
1 0 0 0 0 1 1 31 
2 0 0 4 0 0 1 31 
6 0 8 0 10 8 1 31 
1 0 0 0 0 0 0 
1 0 0 0 0 0 3 33 34 35 
1 0 6 1 0 9 1 40 
7 0 2 2 8 7 3 37 49 54 
6 0 0 0 4 10 2 36 43 
7 0 9 4 3 4 3 39 41 42 
4 0 0 0 1 8 1 38 
10 0 0 1 2 2 2 43 61 
4 0 7 2 4 5 3 46 51 59 
6 0 1 1 5 3 2 42 44 
9 0 0 8 1 5 3 44 47 51 
6 0 5 1 1 4 2 45 53 
9 0 0 10 1 9 1 56 
4 0 3 0 5 2 3 45 48 50 
8 1 0 0 0 0 3 49 58 60 
7 0 5 2 0 3 2 49 53 
3 1 0 0 0 0 3 48 56 57 
2 1 0 0 0 0 2 52 55 
8 0 8 1 9 1 1 61 
1 0 0 6 4 0 3 52 55 56 
1 0 2 1 6 3 1 62 
8 0 7 0 10 0 1 60 
6 1 0 0 0 0 2 54 57 
4 0 3 10 2 0 2 55 58 
6 1 0 0 0 0 1 61 
2 1 0 0 0 0 2 59 62 
9 1 0 0 0 0 1 58 
6 0 10 0 0 4 1 62 
10 0 5 0 0 0 1 60 
8 0 9 3 8 0 1 63 
7 0 0 10 9 0 1 63 
4 0 5 8 8 1 1 63 
1 0 0 0 0 0 0 
1 0 0 0 0 0 3 65 66 67 
1 0 0 1 0 0 3 72 77 85 
6 0 0 7 0 0 3 68 76 88 
1 0 0 0 6 0 2 70 87 
5 0 0 7 0 0 2 69 73 
3 0 0 7 0 0 3 71 82 85 
1 0 7 0 0 0 3 74 75 81 
7 0 1 0 0 0 2 79 84 
7 0 0 0 0 3 2 80 93 
4 0 0 0 0 4 1 94 
5 0 0 0 0 2 1 90 
3 0 0 0 4 0 1 79 
7 0 0 0 4 0 2 78 92 
3 0 9 0 0 0 1 90 
2 0 0 0 0 10 1 85 
1 0 0 0 6 0 1 83 
5 0 0 10 0 0 1 91 
9 0 7 0 0 0 1 86 
7 0 7 0 0 0 1 90 
10 1 0 0 0 0 1 89 
7 0 8 0 0 0 1 89 
1 0 0 0 0 4 1 87 
9 0 9 0 0 0 2 89 93 
2 0 0 0 0 9 1 94 
4 0 0 8 0 0 1 93 
10 0 0 0 6 0 2 91 92 
10 1 0 0 0 0 1 91 
9 0 0 0 0 2 1 94 
5 0 9 0 0 0 1 95 
5 1 0 0 0 0 1 95 
9 0 0 0 0 8 1 95 
1 0 0 0 0 0 0 
1 0 0 0 0 0 3 97 98 99 
6 0 1 0 0 2 1 102 
9 0 7 7 3 0 2 103 108 
7 0 10 0 10 3 3 100 101 113 
1 0 1 0 8 9 2 106 110 
2 0 0 0 5 9 3 104 107 112 
5 0 5 0 10 0 2 105 115 
7 0 0 0 3 9 2 117 121 
7 0 0 5 1 0 2 111 119 
7 0 7 2 0 0 2 120 124 
1 0 8 0 3 10 1 108 
3 0 5 6 0 0 2 123 125 
1 0 0 7 0 8 3 109 114 124 
8 0 8 0 10 4 1 118 
1 0 9 0 0 0 1 122 
7 0 0 0 0 9 1 122 
1 0 0 0 10 0 1 114 
2 0 3 7 0 0 1 120 
6 0 0 0 0 8 1 116 
4 0 0 9 5 0 2 119 125 
9 1 0 0 0 0 1 120 
6 1 0 0 0 0 1 126 
5 0 0 0 9 0 1 122 
2 1 0 0 0 0 2 121 126 
9 0 9 0 8 0 1 126 
1 1 0 0 0 0 1 123 
2 1 0 0 0 0 1 125 
8 1 0 0 0 0 1 124 
5 0 0 9 9 5 1 127 
5 0 5 6 0 0 1 127 
10 0 4 4 8 6 1 127 
1 0 0 0 0 0 0 
1 0 0 0 0 0 3 129 130 131 
1 0 6 1 0 9 1 136 
7 0 2 2 8 7 3 133 145 150 
6 0 0 0 4 10 2 132 139 
7 0 9 4 3 4 3 135 137 138 
4 0 0 0 1 8 1 134 
10 0 0 1 2 2 2 139 157 
4 0 7 2 4 5 3 142 147 155 
6 0 1 1 5 3 2 138 140 
9 0 0 8 1 5 3 140 143 147 
6 0 5 1 1 4 2 141 149 
9 1 0 0 0 0 1 152 
4 0 3 0 5 2 3 141 144 146 
8 1 0 0 0 0 3 145 154 156 
7 0 5 2 0 3 2 145 149 
3 1 0 0 0 0 3 144 152 153 
2 0 1 2 0 7 2 148 151 
8 0 8 1 9 1 1 157 
1 0 0 6 4 0 3 148 151 152 
1 0 2 1 6 3 1 158 
8 0 7 0 10 0 1 156 
6 1 0 0 0 0 2 150 153 
4 1 0 0 0 0 2 151 154 
6 0 8 6 5 1 1 157 
2 1 0 0 0 0 2 155 158 
9 1 0 0 0 0 1 154 
6 0 10 0 0 4 1 158 
10 0 5 0 0 0 1 156 
8 0 9 3 8 0 1 159 
7 0 0 10 9 0 1 159 
4 0 5 8 8 1 1 159 
1 0 0 0 0 0 0 
1 0 0 0 0 0 3 161 162 163 
9 0 1 9 6 10 2 164 165 
4 0 3 7 0 7 3 171 175 184 
1 0 6 8 2 1 1 169 
8 0 7 5 8 2 3 166 167 178 
4 0 8 4 0 2 2 171 177 
4 0 6 0 8 9 3 168 172 187 
3 0 4 0 7 2 1 170 
9 0 4 4 0 4 3 173 176 179 
2 0 1 1 3 2 3 178 182 184 
4 0 0 2 0 10 2 174 183 
7 0 10 0 9 0 2 176 187 
2 0 2 2 3 0 1 174 
5 1 0 0 0 0 1 177 
8 1 0 0 0 0 2 180 184 
4 0 4 0 8 9 2 176 183 
8 1 0 0 0 0 3 180 181 186 
7 1 0 0 0 0 2 180 183 
7 0 1 7 10 5 3 181 186 189 
1 0 4 5 7 6 3 181 182 185 
4 1 0 0 0 0 1 190 
4 1 0 0 0 0 1 190 
4 0 8 7 9 5 1 189 
8 0 4 0 0 0 2 185 186 
10 0 7 10 0 1 1 185 
9 0 10 9 4 0 1 190 
9 0 5 0 4 9 1 188 
3 0 10 0 8 8 2 188 189 
10 0 3 0 0 7 1 191 
3 1 0 0 0 0 1 191 
5 0 10 0 0 7 1 191 
1 0 0 0 0 0 0 
1 0 0 0 0 0 3 193 194 195 
4 0 4 10 10 0 3 197 199 203 
6 1 0 0 0 0 2 198 218 
1 0 1 0 0 5 1 196 
6 0 0 6 8 0 3 205 207 210 
9 0 0 10 9 9 2 200 201 
3 1 0 0 0 0 1 219 
7 0 0 0 0 1 2 212 220 
2 0 4 0 0 5 1 202 
8 0 8 0 0 0 3 204 213 221 
7 0 0 0 7 1 1 217 
7 0 10 0 0 7 1 218 
2 1 0 0 0 0 1 206 
8 0 8 0 3 0 3 211 213 216 
5 0 0 5 0 0 3 208 209 214 
4 0 0 8 0 0 2 215 222 
1 1 0 0 0 0 2 212 216 
10 0 9 0 5 4 1 218 
9 0 6 0 9 0 1 212 
8 0 0 0 0 9 1 214 
6 0 1 8 9 0 1 217 
8 1 0 0 0 0 1 217 
1 0 0 3 2 0 1 219 
6 1 0 0 0 0 1 216 
1 0 0 10 4 2 1 219 
8 0 0 8 0 0 1 222 
10 0 1 0 0 0 1 222 
2 0 1 0 0 6 1 220 
4 0 0 0 3 5 1 223 
10 0 0 4 0 7 1 223 
2 0 0 9 8 0 1 223 
1 0 0 0 0 0 0 
1 0 0 0 0 0 3 225 226 227 
9 0 4 0 7 2 3 229 231 233 
9 0 0 6 9 0 3 235 243 252 
2 0 8 7 8 0 3 228 233 246 
5 0 4 5 2 10 3 230 232 241 
9 0 6 1 0 3 3 230 236 238 
5 0 3 10 7 10 3 237 245 249 
10 0 0 10 1 7 3 232 234 236 
9 0 7 5 1 1 3 240 249 250 
1 1 0 0 0 0 3 235 239 242 
2 0 0 10 1 2 3 238 243 250 
9 0 5 8 0 1 2 237 240 
6 0 10 6 0 2 3 240 242 244 
5 0 8 0 0 0 2 247 253 
4 0 9 10 10 8 3 241 242 246 
2 1 0 0 0 0 3 244 250 254 
10 1 0 0 0 0 2 245 253 
5 1 0 0 0 0 3 249 251 254 
9 0 4 0 1 9 3 245 248 251 
2 1 0 0 0 0 2 244 246 
4 1 0 0 0 0 1 248 
7 0 5 9 10 2 1 247 
3 1 0 0 0 0 2 247 248 
4 0 2 9 6 5 1 254 
2 0 0 0 8 10 1 253 
9 0 6 4 0 0 1 252 
6 1 0 0 0 0 1 251 
9 0 9 0 1 3 1 252 
8 0 5 6 0 9 1 255 
8 0 0 10 7 0 1 255 
10 0 9 0 10 3 1 255 
1 0 0 0 0 0 0 
1 0 0 0 0 0 3 257 258 259 
10 0 10 10 10 0 3 266 270 272 
9 0 10 9 2 0 3 260 261 262 
4 0 2 9 0 0 3 265 268 269 
8 0 4 9 7 0 3 263 267 283 
1 0 6 9 5 1 3 265 269 274 
5 0 10 2 9 0 3 265 275 281 
8 0 3 3 8 0 2 264 266 
1 1 0 0 0 0 3 268 271 280 
7 0 2 1 2 7 2 267 283 
9 1 0 0 0 0 3 273 274 276 
6 0 9 9 2 4 3 272 273 277 
4 1 0 0 0 0 3 270 279 282 
10 1 0 0 0 0 3 275 276 283 
2 0 4 0 2 1 2 278 281 
9 1 0 0 0 0 3 272 273 276 
5 1 0 0 0 0 1 286 
1 0 6 0 0 0 3 278 279 282 
6 0 5 0 4 3 3 275 278 280 
10 0 0 6 6 3 2 277 279 
6 1 0 0 0 0 1 277 
9 0 9 3 10 10 2 282 286 
2 1 0 0 0 0 2 284 285 
5 0 1 5 5 3 1 284 
10 0 9 9 6 4 2 281 284 
8 0 0 0 1 6 1 286 
10 0 0 9 8 3 1 285 
5 1 0 0 0 0 1 285 
2 0 4 0 9 9 1 287 
6 0 5 1 0 1 1 287 
1 0 2 5 0 0 1 287 
1 0 0 0 0 0 0 
1 0 0 0 0 0 3 289 290 291 
5 0 0 0 9 0 3 293 300 302 
7 0 4 0 0 0 3 292 295 298 
4 0 0 3 0 0 3 299 305 311 
5 0 0 0 1 0 2 294 314 
4 0 0 0 0 5 1 317 
4 0 0 0 0 4 1 297 
4 0 0 0 0 6 1 296 
9 0 0 0 0 3 1 307 
10 0 0 0 2 0 1 303 
4 0 6 0 0 0 2 304 318 
5 0 0 1 0 0 1 309 
2 0 8 0 0 0 3 301 303 306 
1 0 0 0 7 0 1 317 
10 0 8 0 0 0 3 307 310 312 
6 1 0 0 0 0 1 313 
1 0 0 6 0 0 2 305 316 
8 0 0 0 1 0 1 317 
1 0 0 8 0 0 2 309 315 
9 0 0 8 0 0 1 308 
6 1 0 0 0 0 1 313 
1 0 0 5 0 0 1 318 
1 0 0 0 0 9 1 314 
8 0 0 0 7 0 1 312 
8 0 0 0 0 5 1 315 
3 0 0 0 0 4 1 315 
3 1 0 0 0 0 1 316 
6 0 3 0 0 0 2 316 318 
10 0 10 0 0 0 1 319 
5 0 0 0 7 0 1 319 
5 0 0 0 0 3 1 319 
1 0 0 0 0 0 0 
1 0 0 0 0 0 3 321 322 323 
7 0 6 3 5 0 2 334 335 
9 0 2 7 7 0 3 324 332 347 
7 0 3 0 8 6 3 325 326 329 
1 0 3 5 6 9 2 327 339 
1 0 2 1 4 6 1 335 
5 0 7 5 0 7 3 328 334 345 
10 0 0 5 8 0 3 331 333 342 
3 0 10 5 7 9 3 332 337 347 
10 0 1 5 5 4 3 330 337 347 
1 1 0 0 0 0 3 336 339 341 
4 1 0 0 0 0 1 341 
5 1 0 0 0 0 3 333 340 349 
7 1 0 0 0 0 1 343 
6 0 2 9 2 6 2 336 344 
6 0 6 9 4 0 2 337 339 
9 0 0 2 0 8 2 348 350 
9 1 0 0 0 0 2 338 340 
10 0 8 0 2 3 2 346 349 
5 0 0 1 2 1 1 348 
6 1 0 0 0 0 2 344 348 
10 0 5 0 0 7 2 345 346 
3 0 2 9 5 10 1 345 
4 0 3 0 8 6 1 344 
7 0 5 3 7 0 1 346 
8 0 0 0 8 3 1 350 
6 0 0 4 6 1 1 350 
8 0 0 0 10 0 1 349 
8 0 1 5 6 2 1 351 
3 0 10 10 6 0 1 351 
1 0 5 7 0 8 1 351 
1 0 0 0 0 0 0 
1 0 0 0 0 0 3 353 354 355 
5 0 0 0 9 0 3 357 364 366 
7 0 4 0 0 0 3 356 359 362 
4 0 0 3 0 0 3 363 369 375 
5 0 0 0 1 0 2 358 378 
4 0 0 0 0 5 1 381 
4 0 0 0 0 4 1 361 
4 0 0 0 0 6 1 360 
9 0 0 0 0 3 1 371 
10 0 0 0 2 0 1 367 
4 0 6 0 0 0 2 368 382 
5 0 0 1 0 0 1 373 
2 0 8 0 0 0 3 365 367 370 
1 0 0 0 7 0 1 381 
10 0 8 0 0 0 3 371 374 376 
6 0 0 0 2 0 1 377 
1 0 0 6 0 0 2 369 380 
8 0 0 0 1 0 1 381 
1 0 0 8 0 0 2 373 379 
9 0 0 8 0 0 1 372 
6 1 0 0 0 0 1 377 
1 0 0 5 0 0 1 382 
1 0 0 0 0 9 1 378 
8 0 0 0 7 0 1 376 
8 0 0 0 0 5 1 379 
3 0 0 0 0 4 1 379 
3 1 0 0 0 0 1 380 
6 0 3 0 0 0 2 380 382 
10 0 10 0 0 0 1 383 
5 1 0 0 0 0 1 383 
5 0 0 0 0 3 1 383 
1 0 0 0 0 0 0 
1 0 0 0 0 0 3 385 386 387 
8 0 9 9 8 1 2 388 411 
6 0 10 10 6 8 3 390 391 392 
10 1 0 0 0 0 1 397 
10 0 6 3 3 7 2 389 401 
6 1 0 0 0 0 2 395 396 
4 0 2 7 9 10 1 398 
2 0 7 5 6 5 3 393 396 404 
6 0 2 9 1 10 3 394 409 414 
5 0 7 4 6 4 1 401 
3 1 0 0 0 0 1 402 
7 0 1 3 10 8 2 405 406 
6 1 0 0 0 0 1 400 
4 0 9 6 3 2 1 399 
4 0 4 2 10 8 2 410 413 
2 0 7 7 10 1 3 400 404 414 
8 0 2 1 3 6 2 403 408 
7 0 4 6 10 5 2 402 410 
9 0 6 4 2 6 1 403 
3 0 8 10 6 1 1 407 
1 0 1 6 8 1 1 408 
6 0 8 7 2 4 1 410 
1 0 10 8 7 2 1 412 
6 0 6 10 10 4 1 413 
6 0 6 3 3 9 1 413 
5 0 1 8 9 2 1 412 
1 0 2 6 5 3 1 414 
6 0 9 8 5 6 1 412 
4 0 3 3 4 2 1 415 
3 0 4 4 6 4 1 415 
1 0 8 4 7 1 1 415 
1 0 0 0 0 0 0 
1 0 0 0 0 0 3 417 418 419 
5 0 0 0 8 0 3 420 421 422 
6 0 0 0 0 5 3 423 432 435 
8 0 5 0 0 0 3 426 431 441 
6 0 0 0 0 4 2 424 434 
5 0 0 0 4 0 1 433 
4 0 0 0 1 0 2 433 440 
6 0 0 0 6 0 3 425 430 442 
5 0 0 3 0 0 3 427 428 429 
8 0 0 0 0 3 1 426 
10 1 0 0 0 0 1 444 
8 0 0 0 0 8 1 440 
9 0 0 0 0 4 3 431 442 444 
7 0 0 0 0 1 2 435 446 
3 0 0 0 2 0 3 431 434 437 
9 1 0 0 0 0 3 433 436 438 
1 0 0 10 0 0 1 437 
1 1 0 0 0 0 1 445 
6 0 0 0 0 1 3 436 439 440 
6 1 0 0 0 0 2 441 442 
6 0 5 0 0 0 1 443 
7 0 0 0 9 0 3 438 439 441 
5 0 0 0 0 4 1 446 
6 0 0 0 0 2 1 445 
8 0 9 0 0 0 1 446 
5 1 0 0 0 0 2 443 444 
3 1 0 0 0 0 1 443 
8 0 0 9 0 0 1 445 
6 0 0 0 3 0 1 447 
10 0 0 0 0 6 1 447 
8 0 0 0 0 10 1 447 
1 0 0 0 0 0 0 
1 0 0 0 0 0 3 449 450 451 
4 0 4 5 6 2 2 452 454 
1 0 3 4 7 6 3 452 453 459 
8 0 5 6 4 5 2 460 467 
8 0 10 2 2 2 1 476 
6 0 5 8 5 6 2 458 462 
2 0 9 9 1 8 3 455 456 457 
10 0 1 2 1 3 3 470 476 477 
1 0 9 2 3 5 1 461 
1 0 4 5 8 1 1 468 
5 0 2 2 4 10 2 463 475 
8 0 5 1 3 3 3 464 471 478 
6 0 3 1 4 6 1 463 
6 0 9 6 2 10 2 466 470 
4 0 2 5 2 6 1 469 
7 0 3 6 3 8 2 465 472 
3 0 2 4 9 4 2 466 468 
1 1 0 0 0 0 1 474 
7 0 5 1 10 3 1 469 
5 0 5 9 8 4 1 476 
2 0 3 6 10 3 1 472 
5 0 6 5 7 5 1 475 
8 0 8 8 10 6 1 473 
1 0 8 8 5 1 1 475 
3 1 0 0 0 0 1 477 
10 0 3 3 2 2 1 474 
4 0 10 5 10 2 1 478 
9 0 7 3 6 7 1 477 
4 1 0 0 0 0 1 479 
6 0 8 7 2 3 1 479 
9 0 1 8 1 3 1 479 
1 0 0 0 0 0 0 
1 0 0 0 0 0 3 481 482 483 
4 0 0 0 9 0 1 498 
1 0 8 2 0 0 3 486 487 493 
1 0 6 2 0 0 3 484 488 504 
8 0 0 0 4 0 2 485 493 
4 0 0 4 1 0 3 491 496 502 
8 0 0 8 3 9 1 501 
7 0 9 0 10 0 3 489 504 510 
10 0 2 0 2 8 1 508 
9 0 0 9 0 0 2 490 492 
3 1 0 0 0 0 1 503 
10 0 6 0 0 8 1 495 
8 0 0 10 0 0 3 494 498 506 
5 0 0 0 10 0 1 497 
8 1 0 0 0 0 1 505 
1 0 10 7 9 5 1 507 
4 0 1 0 8 10 1 507 
9 1 0 0 0 0 1 499 
8 1 0 0 0 0 2 500 505 
7 0 10 6 9 4 2 501 503 
8 0 0 0 5 0 2 502 503 
4 0 6 0 1 0 1 510 
10 0 5 0 10 0 1 509 
3 0 0 10 6 3 1 508 
2 0 1 0 0 7 1 507 
4 1 0 0 0 0 1 508 
6 0 9 0 0 0 1 509 
7 0 0 0 3 7 1 509 
3 0 0 1 6 0 1 511 
2 0 0 0 3 5 1 511 
10 0 2 10 0 8 1 511 
1 0 0 0 0 0 0 
1 0 0 0 0 0 3 513 514 515 
2 0 9 0 8 0 3 518 520 538 
2 0 3 0 3 8 2 520 534 
10 0 0 7 10 2 3 516 528 533 
6 0 7 0 0 3 2 517 534 
2 0 0 8 0 2 1 526 
5 0 0 0 8 7 3 519 521 522 
2 0 5 3 7 0 1 524 
8 0 7 0 0 7 3 523 525 539 
9 0 2 0 7 2 2 531 533 
6 0 4 0 3 0 3 527 531 537 
4 0 0 3 0 0 3 527 529 542 
1 0 10 0 1 0 3 525 528 530 
2 0 0 6 3 1 3 526 529 540 
7 0 0 0 9 1 2 536 542 
4 1 0 0 0 0 1 536 
7 0 0 0 5 4 1 535 
1 1 0 0 0 0 1 533 
7 0 4 0 0 0 3 532 535 539 
4 1 0 0 0 0 2 534 539 
3 1 0 0 0 0 2 537 540 
5 1 0 0 0 0 2 535 537 
2 1 0 0 0 0 1 536 
8 0 1 0 0 6 1 541 
5 0 6 0 0 0 1 541 
5 0 4 0 0 9 1 541 
2 0 0 4 0 0 1 540 
8 0 10 6 0 3 1 542 
10 0 6 0 0 6 1 543 
10 0 2 0 7 0 1 543 
2 0 7 0 0 0 1 543 
1 0 0 0 0 0 0 
1 0 0 0 0 0 3 545 546 547 
1 0 2 5 2 8 3 548 555 563 
4 0 6 7 6 9 2 554 559 
2 0 5 8 7 3 3 552 554 556 
2 0 10 5 4 3 3 549 550 551 
5 0 3 7 7 4 1 562 
6 0 4 1 2 4 3 557 566 567 
4 0 1 4 3 8 2 553 554 
10 0 4 1 3 7 3 558 559 573 
7 0 1 7 1 4 1 560 
7 0 4 6 10 4 1 560 
9 0 7 2 7 3 3 564 567 568 
5 0 8 9 9 10 2 561 565 
3 0 7 6 3 9 1 572 
2 1 0 0 0 0 1 562 
3 1 0 0 0 0 2 560 574 
5 1 0 0 0 0 3 561 562 569 
3 1 0 0 0 0 1 564 
3 1 0 0 0 0 1 572 
5 0 7 2 6 3 2 564 565 
1 0 8 8 6 4 1 571 
5 0 5 7 1 10 2 566 567 
6 0 10 7 1 3 2 568 570 
9 1 0 0 0 0 3 569 570 573 
3 0 10 1 6 4 2 569 574 
8 0 6 3 8 10 1 571 
3 0 8 2 4 8 2 571 574 
2 0 4 7 1 3 1 572 
4 0 1 2 8 9 1 575 
8 0 8 3 2 3 1 575 
9 0 5 8 8 10 1 575 
1 0 0 0 0 0 0 
91.11 87.45 82.44 77.4 75 79.05 107.41 124.69 135.4 126.02 112.94 105.46 101.61 103.11 108.31 115.32 122.54 139.21 189.49 221.7 184.5 135.54 120 112.7 104 100.6 99.9 99.52 97.58 112.41 134.32 195.8 193.16 136.2 117.09 107.7 99.96 96.74 102.5 111.85 122.78 145.58 147.19 145 123.69 103.68 100.33 82.15 77.43 55.12 46.59 45.09 49.07 62.15 110.56 137.4 132.78 106.77 72.07 48.84 43.96 40.51 48.32 47.04 80 118.79 137.21 117.38 125 103.77 99.61 89.77 78.31 89.76 92.72 88.53 89.04 102.6 126.5 132.84 148.39 138.52 128.06 121.93 111 104.29 108.38 120 125.28 146.83 170.27 220.98 149.18 129.36 123.5 109.84 123.99 115 107.14 101.4 102.11 110.86 142.55 163.09 147.81 132.05 99 72.02 63.79 49.35 56.16 54.09 70.28 88.47 118.13 100 69.85 61.5 61.68 41.5 32.39 30.53 26.07 34.25 40.23 40.15 52.57 20.68 19.89 20.6 30 22.42 21.81 10.73 24.06 36.55 46.48 83.69 112.35 138.31 106.09 91.54 79.66 52.41 21.64 10.69 7.45 10.69 7.3 8.8 7.66 29.44 22.1 36.81 39.23 46.1 31.08 5.67 4.33 35.19 48.58 88.42 141.63 138.37 136.37 120.16 114.91 89.73 91.11 87.45 82.44 77.4 75 79.05 107.41 124.69 135.4 126.02 112.94 105.46 101.61 103.11 108.31 115.32 122.54 139.21 189.49 221.7 184.5 135.54 120 112.7 104 100.6 99.9 99.52 97.58 112.41 134.32 195.8 193.16 136.2 117.09 107.7 99.96 96.74 102.5 111.85 122.78 145.58 147.19 145 123.69 103.68 100.33 82.15 77.43 55.12 46.59 45.09 49.07 62.15 110.56 137.4 132.78 106.77 72.07 48.84 43.96 40.51 48.32 47.04 80 118.79 137.21 117.38 125 103.77 99.61 89.77 78.31 89.76 92.72 88.53 89.04 102.6 126.5 132.84 148.39 138.52 128.06 121.93 111 104.29 108.38 120 125.28 146.83 170.27 220.98 149.18 129.36 123.5 109.84 123.99 115 107.14 101.4 102.11 110.86 142.55 163.09 147.81 132.05 99 72.02 63.79 49.35 56.16 54.09 70.28 88.47 118.13 100 69.85 61.5 61.68 41.5 32.39 30.53 26.07 34.25 40.23 40.15 52.57 20.68 19.89 20.6 30 22.42 21.81 10.73 24.06 36.55 46.48 83.69 112.35 138.31 106.09 91.54 79.66 52.41 21.64 10.69 7.45 10.69 7.3 8.8 7.66 29.44 22.1 36.81 39.23 46.1 31.08 5.67 4.33 35.19 48.58 88.42 141.63 138.37 136.37 120.16 114.91 89.73 91.11 87.45 82.44 77.4 75 79.05 107.41 124.69 135.4 126.02 112.94 105.46 101.61 103.11 108.31 115.32 122.54 139.21 189.49 221.7 184.5 135.54 120 112.7 104 100.6 99.9 99.52 97.58 112.41 134.32 195.8 193.16 136.2 117.09 107.7 99.96 96.74 102.5 111.85 122.78 145.58 147.19 145 123.69 103.68 100.33 82.15 77.43 55.12 46.59 45.09 49.07 62.15 110.56 137.4 132.78 106.77 72.07 48.84 43.96 40.51 48.32 47.04 80 118.79 137.21 117.38 125 103.77 99.61 89.77 78.31 89.76 92.72 88.53 89.04 102.6 126.5 132.84 148.39 138.52 128.06 121.93 111 104.29 108.38 120 125.28 146.83 170.27 220.98 149.18 129.36 123.5 109.84 123.99 115 107.14 101.4 102.11 110.86 142.55 163.09 147.81 132.05 99 72.02 63.79 49.35 56.16 54.09 70.28 88.47 118.13 100 69.85 61.5 61.68 41.5 32.39 30.53 26.07 34.25 40.23 40.15 52.57 20.68 19.89 20.6 30 22.42 21.81 10.73 24.06 36.55 46.48 83.69 112.35 138.31 106.09 91.54 79.66 52.41 21.64 10.69 7.45 10.69 7.3 8.8 7.66 29.44 22.1 36.81 39.23 46.1 31.08 5.67 4.33 35.19 48.58 88.42 141.63 138.37 136.37 120.16 114.91 89.73 91.11 87.45 82.44 77.4 75 79.05 107.41 124.69 135.4 126.02 112.94 105.46 101.61 103.11 108.31 115.32 122.54 139.21 189.49 221.7 184.5 135.54 120 112.7 104 100.6 99.9 99.52 97.58 112.41 134.32 195.8 193.16 136.2 117.09 107.7 99.96 96.74 102.5 111.85 122.78 145.58 147.19 145 123.69 103.68 100.33 82.15 77.43 55.12 46.59 45.09 49.07 62.15 110.56 137.4 132.78 106.77 72.07 48.84 43.96 40.51 48.32 47.04 80 118.79 137.21 117.38 125 103.77 99.61 89.77 78.31 89.76 92.72 88.53 89.04 102.6 126.5 132.84 148.39 138.52 128.06 121.93 111 104.29 108.38 120 125.28 146.83 170.27 220.98 149.18 129.36 123.5 109.84 123.99 115 107.14 101.4 102.11 110.86 142.55 163.09 147.81 132.05 99 72.02 63.79 49.35 56.16 54.09 70.28 88.47 118.13 100 69.85 61.5 61.68 41.5 32.39 30.53 26.07 34.25 40.23 40.15 52.57 20.68 19.89 20.6 30 22.42 21.81 10.73 24.06 36.55 46.48 83.69 112.35 138.31 106.09 91.54 79.66 52.41 21.64 10.69 7.45 10.69 7.3 8.8 7.66 29.44 22.1 36.81 39.23 46.1 31.08 5.67 4.33 35.19 48.58 88.42 141.63 138.37 136.37 120.16 114.91 89.73 91.11 87.45 82.44 77.4 75 79.05 107.41 124.69 135.4 126.02 112.94 105.46 101.61 103.11 108.31 115.32 122.54 139.21 189.49 221.7 184.5 135.54 120 112.7 104 100.6 99.9 99.52 97.58 112.41 134.32 195.8 193.16 136.2 117.09 107.7 99.96 96.74 102.5 111.85 122.78 145.58 147.19 145 123.69 103.68 100.33 82.15 77.43 55.12 46.59 45.09 49.07 62.15 110.56 137.4 132.78 106.77 72.07 48.84 43.96 40.51 48.32 47.04 80 118.79 137.21 117.38 125 103.77 99.61 89.77 78.31 89.76 92.72 88.53 89.04 102.6 126.5 132.84 148.39 138.52 128.06 121.93 111 104.29 108.38 120 125.28 146.83 170.27 220.98 149.18 129.36 123.5 109.84 123.99 115 107.14 101.4 102.11 110.86 142.55 163.09 147.81 132.05 99 72.02 63.79 49.35 56.16 54.09 70.28 88.47 118.13 100 69.85 61.5 61.68 41.5 32.39 30.53 26.07 34.25 40.23 40.15 52.57 20.68 19.89 20.6 30 22.42 21.81 10.73 24.06 36.55 46.48 83.69 112.35 138.31 106.09 91.54 79.66 52.41 21.64 10.69 7.45 10.69 7.3 8.8 7.66 29.44 22.1 36.81 39.23 46.1 31.08 5.67 4.33 35.19 48.58 88.42 141.63 138.37 136.37 120.16 114.91 89.73 91.11 87.45 82.44 77.4 75 79.05 107.41 124.69 135.4 126.02 112.94 105.46 101.61 103.11 108.31 115.32 122.54 139.21 189.49 221.7 184.5 135.54 120 112.7 104 100.6 99.9 99.52 97.58 112.41 134.32 195.8 193.16 136.2 117.09 107.7 99.96 96.74 102.5 111.85 122.78 145.58 147.19 145 123.69 103.68 100.33 82.15 77.43 55.12 46.59 45.09 49.07 62.15 110.56 137.4 132.78 106.77 72.07 48.84 43.96 40.51 48.32 47.04 80 118.79 137.21 117.38 125 103.77 99.61 89.77 78.31 89.76 92.72 88.53 89.04 102.6 126.5 132.84 148.39 138.52 128.06 121.93 111 104.29 108.38 120 125.28 146.83 170.27 220.98 149.18 129.36 123.5 109.84 123.99 115 107.14 101.4 102.11 110.86 142.55 163.09 147.81 132.05 99 72.02 63.79 49.35 56.16 54.09 70.28 88.47 118.13 100 69.85 61.5 61.68 41.5 32.39 30.53 26.07 34.25 40.23 40.15 52.57 20.68 19.89 20.6 30 22.42 21.81 10.73 24.06 36.55 46.48 83.69 112.35 138.31 106.09 91.54 79.66 52.41 21.64 10.69 7.45 10.69 7.3 8.8 7.66 29.44 22.1 36.81 39.23 46.1 31.08 5.67 4.33 35.19 48.58 88.42 141.63 138.37 136.37 120.16 114.91 89.73 91.11 87.45 82.44 77.4 75 79.05 107.41 124.69 135.4 126.02 112.94 105.46 101.61 103.11 108.31 115.32 122.54 139.21 189.49 221.7 184.5 135.54 120 112.7 
