576 5
1 57 48 51 47 
1 0 0 0 0 0 3 1 2 3 
5 0 7 0 6 9 3 4 10 13 
4 0 2 0 0 0 3 5 7 9 
6 0 3 0 0 0 3 8 16 24 
4 0 10 2 0 10 3 5 6 14 
7 0 0 6 0 8 3 8 16 26 
6 0 0 0 9 9 3 7 15 18 
10 0 0 0 2 0 2 21 23 
3 0 0 10 0 0 3 23 25 28 
6 0 4 0 9 1 3 11 13 16 
7 0 5 0 5 0 3 14 17 19 
6 0 8 5 5 0 3 12 15 17 
7 0 0 1 0 0 3 19 22 29 
8 0 0 1 0 0 2 14 17 
4 1 0 0 0 0 2 18 20 
1 0 8 0 0 4 2 19 20 
2 0 0 3 5 0 2 23 30 
2 0 7 8 6 0 3 18 22 28 
10 1 0 0 0 0 1 27 
8 0 5 0 3 0 3 24 25 26 
6 1 0 0 0 0 3 21 25 29 
6 1 0 0 0 0 3 22 26 27 
3 0 5 0 1 0 1 24 
7 1 0 0 0 0 1 29 
8 0 0 0 0 2 1 30 
8 0 0 0 10 8 1 27 
6 0 8 1 1 4 1 28 
2 0 0 0 7 7 1 30 
10 0 3 10 7 0 1 31 
10 0 10 0 0 4 1 31 
6 0 0 9 0 3 1 31 
1 0 0 0 0 0 0 
1 0 0 0 0 0 3 33 34 35 
3 0 0 0 3 0 3 36 37 56 
2 0 0 9 9 4 3 41 44 49 
9 0 3 1 0 0 3 38 39 40 
6 0 0 5 1 9 3 40 41 45 
1 0 0 0 0 9 3 41 47 53 
10 0 5 0 1 4 3 42 43 51 
9 1 0 0 0 0 3 45 46 56 
9 0 0 9 2 0 3 49 50 57 
10 0 10 6 0 8 3 43 52 58 
4 0 0 0 4 0 3 44 46 49 
8 0 4 3 0 6 2 46 60 
10 1 0 0 0 0 3 45 48 50 
3 0 1 0 10 0 2 54 59 
9 0 0 9 1 8 1 61 
10 0 0 0 6 5 2 51 55 
4 1 0 0 0 0 3 54 56 60 
1 1 0 0 0 0 2 53 54 
2 1 0 0 0 0 2 52 53 
9 0 0 4 4 0 3 52 57 58 
1 1 0 0 0 0 1 59 
4 0 7 0 0 0 3 55 58 61 
10 0 0 0 6 0 2 55 61 
5 0 0 0 0 9 1 62 
9 0 6 7 0 0 1 57 
1 0 8 0 9 4 1 62 
2 0 0 0 0 9 1 59 
1 0 0 0 10 0 2 60 62 
7 0 1 0 6 0 1 63 
1 0 0 10 2 8 1 63 
5 0 6 0 2 9 1 63 
1 0 0 0 0 0 0 
1 0 0 0 0 0 3 65 66 67 
10 0 0 8 0 0 3 70 78 84 
2 0 0 2 8 0 3 68 69 73 
8 0 0 0 8 3 2 71 75 
6 0 2 8 0 0 3 72 81 86 
2 0 0 1 0 0 3 72 77 79 
6 0 0 4 0 7 3 76 85 86 
10 0 10 9 1 2 3 77 79 80 
4 0 0 3 0 8 2 74 80 
1 0 5 8 7 0 3 75 77 82 
5 1 0 0 0 0 3 82 84 89 
1 1 0 0 0 0 3 76 84 90 
6 0 0 2 0 0 2 81 83 
8 1 0 0 0 0 3 81 89 91 
1 0 2 0 0 8 3 80 82 83 
6 0 0 0 0 4 3 83 85 87 
4 0 10 0 3 0 3 85 87 94 
6 1 0 0 0 0 1 88 
4 1 0 0 0 0 3 90 92 94 
3 1 0 0 0 0 2 88 93 
3 1 0 0 0 0 3 88 91 92 
9 1 0 0 0 0 1 89 
8 0 3 7 0 0 1 87 
9 0 0 5 5 0 2 90 92 
7 0 2 9 0 2 1 94 
1 1 0 0 0 0 1 93 
9 0 3 0 6 0 1 91 
9 0 2 0 3 0 1 93 
3 0 0 3 5 8 1 95 
4 0 0 7 7 9 1 95 
9 0 0 0 0 7 1 95 
1 0 0 0 0 0 0 
1 0 0 0 0 0 3 97 98 99 
5 0 0 0 8 0 3 100 101 102 
6 0 0 0 0 5 3 103 112 115 
8 0 5 0 0 0 3 106 111 121 
6 0 0 0 0 4 2 104 114 
5 0 0 0 4 0 1 113 
4 0 0 0 1 0 2 113 120 
6 0 0 0 6 0 3 105 110 122 
5 0 0 3 0 0 3 107 108 109 
8 0 0 0 0 3 1 106 
10 1 0 0 0 0 1 124 
8 0 0 0 0 8 1 120 
9 0 0 0 0 4 3 111 122 124 
7 0 0 0 0 1 2 115 126 
3 0 0 0 2 0 3 111 114 117 
9 1 0 0 0 0 3 113 116 118 
1 0 0 10 0 0 1 117 
1 1 0 0 0 0 1 125 
6 0 0 0 0 1 3 116 119 120 
6 1 0 0 0 0 2 121 122 
6 0 5 0 0 0 1 123 
7 0 0 0 9 0 3 118 119 121 
5 0 0 0 0 4 1 126 
6 1 0 0 0 0 1 125 
8 0 9 0 0 0 1 126 
5 1 0 0 0 0 2 123 124 
3 0 2 0 0 0 1 123 
8 0 0 9 0 0 1 125 
6 0 0 0 3 0 1 127 
10 0 0 0 0 6 1 127 
8 0 0 0 0 10 1 127 
1 0 0 0 0 0 0 
1 0 0 0 0 0 3 129 130 131 
9 0 0 0 6 0 3 133 141 157 
1 0 0 4 4 6 2 132 156 
1 0 2 0 0 0 3 134 135 137 
2 0 0 5 0 0 3 136 139 144 
9 0 9 0 0 8 1 150 
8 0 4 7 5 0 3 136 138 151 
5 0 4 7 3 2 1 155 
1 0 0 0 9 0 1 149 
8 0 0 7 4 0 2 142 148 
2 0 3 0 5 3 1 142 
10 0 5 0 0 0 2 140 143 
4 0 3 0 0 0 1 146 
4 0 0 3 7 0 1 145 
8 0 0 1 0 0 1 153 
7 0 0 0 9 0 1 147 
10 0 0 6 0 0 1 147 
10 0 0 10 0 3 2 153 154 
7 1 0 0 0 0 2 152 155 
7 0 0 9 4 6 2 149 157 
10 0 7 2 6 0 1 152 
4 0 6 0 0 5 1 155 
3 1 0 0 0 0 1 153 
7 0 1 0 8 10 2 152 158 
9 0 0 5 0 0 1 157 
6 0 0 3 9 10 1 156 
4 0 5 0 3 0 1 156 
5 0 0 9 0 0 1 158 
10 0 8 4 0 7 1 159 
4 0 10 5 0 1 1 159 
5 0 4 6 9 0 1 159 
1 0 0 0 0 0 0 
1 0 0 0 0 0 3 161 162 163 
1 0 1 0 0 0 2 164 168 
10 0 0 9 4 4 3 165 166 171 
4 0 0 0 9 9 1 173 
4 0 0 0 0 7 3 167 169 170 
3 0 9 0 0 0 2 177 184 
4 0 0 8 5 10 1 180 
9 1 0 0 0 0 3 172 185 188 
10 0 3 0 0 0 3 176 178 181 
2 0 3 4 5 0 1 183 
7 0 0 3 1 9 1 176 
1 0 8 0 1 7 1 182 
1 1 0 0 0 0 1 186 
2 0 9 0 5 0 1 174 
6 0 0 3 0 1 2 175 179 
10 0 10 0 5 9 3 177 186 187 
9 0 0 0 8 0 1 190 
7 0 2 0 5 0 1 188 
5 0 0 0 3 10 1 188 
1 1 0 0 0 0 1 180 
2 0 3 6 3 0 1 183 
6 1 0 0 0 0 3 183 186 189 
3 0 4 0 3 0 1 184 
2 1 0 0 0 0 1 185 
6 0 0 0 7 0 1 189 
8 0 1 4 7 0 1 187 
3 0 1 6 0 0 1 190 
3 0 0 2 0 0 1 190 
9 0 9 0 0 5 1 191 
8 0 9 0 5 5 1 191 
2 0 0 0 0 7 1 191 
1 0 0 0 0 0 0 
1 0 0 0 0 0 3 193 194 195 
6 0 2 0 10 0 2 197 219 
2 0 9 0 3 2 1 208 
8 0 2 3 0 0 3 196 199 200 
2 0 0 8 0 0 2 202 212 
6 0 4 5 0 1 2 198 206 
4 0 1 0 7 0 2 201 211 
5 0 0 0 0 4 2 203 210 
3 0 9 10 5 2 2 216 221 
10 0 0 0 2 0 2 207 209 
2 0 1 8 1 0 1 205 
7 0 1 0 1 0 1 204 
4 1 0 0 0 0 2 209 217 
3 0 6 0 8 0 2 209 220 
9 0 0 10 2 7 1 210 
3 0 0 8 4 0 1 215 
6 0 0 7 0 0 1 217 
1 0 8 0 0 0 1 221 
3 1 0 0 0 0 1 214 
6 0 0 1 0 0 2 214 216 
1 0 0 8 0 2 2 213 214 
10 0 10 3 0 0 2 216 220 
3 1 0 0 0 0 1 221 
6 1 0 0 0 0 2 217 218 
5 1 0 0 0 0 1 218 
10 0 0 4 6 0 1 222 
6 0 0 2 4 0 1 222 
8 0 3 10 4 0 1 220 
10 0 9 6 3 0 1 223 
8 1 0 0 0 0 1 223 
10 0 0 0 0 4 1 223 
1 0 0 0 0 0 0 
1 0 0 0 0 0 3 225 226 227 
4 0 6 0 3 0 1 228 
3 0 5 8 5 9 3 230 239 246 
7 0 0 10 9 1 3 230 233 234 
3 0 0 9 0 0 3 229 231 236 
9 0 9 3 9 7 3 232 237 246 
7 0 7 0 9 8 2 243 247 
7 0 0 2 4 7 2 238 244 
8 0 8 0 1 8 3 239 247 254 
9 0 8 1 5 7 3 241 244 247 
7 0 6 2 10 1 3 235 248 250 
3 0 0 3 6 0 1 240 
6 0 7 1 0 3 1 238 
2 0 4 0 4 0 2 240 252 
6 1 0 0 0 0 2 243 245 
4 0 3 0 2 0 2 250 251 
10 1 0 0 0 0 2 241 244 
1 1 0 0 0 0 3 242 243 251 
4 0 0 9 9 5 1 245 
9 0 6 7 7 6 1 249 
1 0 8 4 0 8 1 251 
2 0 1 5 8 10 1 249 
9 0 8 0 7 4 1 248 
1 0 3 6 7 8 2 250 253 
2 1 0 0 0 0 3 249 252 253 
3 0 7 2 9 8 1 254 
1 0 0 7 0 9 1 252 
2 0 7 10 10 2 1 253 
3 0 0 3 0 0 1 255 
6 0 5 6 7 0 1 255 
8 0 10 0 6 10 1 255 
1 0 0 0 0 0 0 
1 0 0 0 0 0 3 257 258 259 
4 0 0 1 0 0 3 266 267 268 
10 0 0 0 0 3 3 262 269 274 
7 0 0 7 0 0 3 260 263 276 
6 0 0 0 0 8 3 261 265 271 
5 0 3 0 0 0 3 268 270 272 
4 0 0 0 0 6 3 263 267 273 
5 0 0 0 6 0 2 264 270 
1 0 0 0 5 0 2 280 283 
9 0 2 0 0 0 3 268 269 284 
4 0 1 0 0 0 3 269 274 279 
7 0 9 0 0 0 3 270 276 280 
6 1 0 0 0 0 2 273 285 
8 0 0 0 0 6 2 278 282 
5 1 0 0 0 0 3 275 277 279 
1 0 7 0 0 0 3 275 279 282 
10 0 0 0 7 0 3 273 275 277 
10 0 0 0 0 5 1 283 
9 0 0 0 0 5 2 276 280 
4 1 0 0 0 0 3 278 284 286 
10 1 0 0 0 0 1 277 
3 0 0 9 0 0 2 278 282 
8 0 6 0 0 0 1 281 
1 1 0 0 0 0 2 281 284 
2 1 0 0 0 0 2 281 286 
6 0 0 0 0 2 1 285 
4 0 0 5 0 0 2 283 285 
5 0 1 0 0 0 1 286 
3 1 0 0 0 0 1 287 
8 0 0 0 9 0 1 287 
8 0 0 1 0 0 1 287 
1 0 0 0 0 0 0 
1 0 0 0 0 0 3 289 290 291 
7 0 1 10 9 9 3 293 294 298 
3 0 6 5 5 10 3 292 295 297 
6 0 4 5 4 1 3 299 300 304 
3 0 5 7 3 6 1 303 
3 0 7 10 5 8 2 296 301 
3 0 10 6 7 2 1 299 
10 0 6 9 9 2 1 311 
1 0 3 5 3 4 2 307 315 
5 0 3 4 5 6 2 306 312 
4 0 8 4 8 8 1 314 
5 0 7 7 9 2 1 310 
5 0 4 5 9 8 1 310 
8 0 5 5 5 5 2 302 309 
9 1 0 0 0 0 2 305 308 
5 0 5 5 2 6 2 307 309 
8 0 1 10 8 8 1 305 
10 0 6 2 8 5 1 313 
10 0 2 4 9 1 1 317 
10 1 0 0 0 0 1 314 
2 0 2 2 8 1 1 315 
3 0 3 9 9 8 1 312 
9 0 5 10 1 3 2 312 318 
5 0 2 4 2 3 2 316 318 
1 1 0 0 0 0 1 315 
8 0 9 4 6 1 1 317 
6 1 0 0 0 0 2 316 318 
7 0 2 8 1 3 1 317 
1 0 8 4 7 2 1 319 
3 0 6 6 2 3 1 319 
3 0 3 8 10 4 1 319 
1 0 0 0 0 0 0 
1 0 0 0 0 0 3 321 322 323 
2 0 5 10 0 10 3 332 343 344 
4 0 5 10 10 7 3 324 325 326 
3 0 3 1 1 4 3 331 333 334 
2 0 0 9 9 0 3 329 336 338 
6 0 6 7 8 8 3 327 330 338 
4 0 4 0 0 3 2 328 329 
6 0 10 5 4 1 1 337 
10 0 7 4 7 0 3 330 333 337 
10 0 1 0 1 3 3 332 339 342 
5 0 7 0 3 0 3 331 332 339 
8 1 0 0 0 0 3 336 340 345 
3 1 0 0 0 0 3 345 346 350 
1 0 4 1 9 0 3 336 347 349 
7 0 6 0 10 1 3 335 339 340 
2 0 2 6 0 6 3 338 342 345 
9 0 2 0 1 8 2 341 346 
7 1 0 0 0 0 2 340 347 
6 1 0 0 0 0 3 341 344 347 
5 0 0 6 3 0 3 343 344 346 
4 0 0 9 10 0 3 341 342 349 
4 0 9 1 0 0 1 343 
3 0 3 7 8 0 1 348 
7 0 7 8 3 0 1 350 
5 0 1 0 0 4 1 348 
9 0 0 0 5 2 1 349 
7 0 7 9 0 9 1 348 
7 0 9 1 7 7 1 350 
5 0 2 3 8 10 1 351 
5 0 4 4 9 6 1 351 
2 0 3 6 7 7 1 351 
1 0 0 0 0 0 0 
1 0 0 0 0 0 3 353 354 355 
5 0 5 4 5 2 3 357 358 360 
2 0 7 3 3 10 3 363 364 369 
9 0 7 1 2 5 3 356 363 367 
3 0 6 7 4 6 3 373 376 378 
2 0 9 2 7 2 3 359 361 362 
6 0 4 9 7 4 3 361 362 369 
5 0 1 3 5 2 3 365 366 373 
7 0 5 7 3 1 3 364 366 367 
1 0 5 1 4 2 3 367 377 380 
2 0 6 9 2 3 3 375 379 381 
7 0 4 9 2 1 3 365 366 370 
10 0 2 8 10 9 3 370 372 374 
7 0 2 8 8 1 2 368 374 
8 0 10 3 2 5 3 372 380 381 
1 1 0 0 0 0 1 382 
9 1 0 0 0 0 2 371 375 
9 0 7 10 8 4 3 371 372 374 
2 0 7 7 7 3 3 371 373 375 
4 1 0 0 0 0 2 376 378 
10 1 0 0 0 0 1 377 
10 1 0 0 0 0 1 381 
9 1 0 0 0 0 2 376 377 
6 0 6 7 10 6 2 378 380 
7 0 6 10 4 8 1 379 
8 0 1 3 2 5 1 379 
9 0 6 3 4 6 1 382 
8 0 8 2 9 9 1 382 
6 0 5 5 8 3 1 383 
9 0 7 5 3 8 1 383 
9 0 6 9 1 7 1 383 
1 0 0 0 0 0 0 
1 0 0 0 0 0 3 385 386 387 
7 0 0 2 0 0 3 390 395 411 
4 0 0 0 4 0 3 388 394 399 
1 0 0 0 7 0 3 389 391 396 
5 0 0 0 0 4 3 396 398 411 
9 0 0 0 6 0 3 393 398 406 
7 0 0 0 5 0 3 391 399 400 
5 0 0 0 0 7 3 392 397 401 
7 0 0 0 2 0 3 403 404 408 
10 0 0 0 0 2 3 400 402 408 
8 0 0 0 0 9 3 397 407 409 
2 0 0 10 0 0 3 396 401 405 
6 0 0 8 0 0 3 400 407 408 
2 1 0 0 0 0 2 398 406 
6 0 0 4 0 0 2 405 410 
5 1 0 0 0 0 3 401 405 410 
7 1 0 0 0 0 2 404 412 
4 1 0 0 0 0 3 403 406 407 
9 1 0 0 0 0 3 403 404 411 
3 1 0 0 0 0 1 413 
7 0 0 0 2 0 2 409 410 
7 1 0 0 0 0 1 412 
6 0 0 0 0 9 1 413 
5 0 0 8 0 0 1 412 
6 0 0 7 0 0 1 409 
10 0 8 0 0 0 2 413 414 
2 0 0 5 0 0 1 414 
5 0 0 0 3 0 1 414 
3 0 0 9 0 0 1 415 
7 0 0 0 1 0 1 415 
5 0 5 0 0 0 1 415 
1 0 0 0 0 0 0 
1 0 0 0 0 0 3 417 418 419 
1 0 1 8 7 0 3 420 421 425 
6 0 0 0 9 9 1 441 
10 0 1 10 0 3 3 424 429 432 
10 0 9 5 9 8 2 423 439 
2 0 0 1 1 7 3 422 426 430 
9 0 3 2 9 7 2 437 440 
9 0 5 8 10 6 2 434 442 
7 0 0 6 6 9 1 436 
5 0 0 1 10 6 3 427 428 431 
5 0 0 3 8 8 2 437 440 
1 0 0 1 0 10 1 446 
9 0 7 0 1 0 1 442 
6 0 8 6 2 9 1 433 
7 0 2 6 6 0 1 445 
4 0 0 2 0 8 1 435 
4 0 9 5 2 1 1 445 
9 0 9 3 4 5 1 443 
1 1 0 0 0 0 2 436 444 
8 0 6 1 6 0 1 440 
3 1 0 0 0 0 2 438 443 
2 0 4 6 4 5 1 445 
5 0 7 4 9 10 1 441 
3 0 0 7 9 0 2 441 443 
1 1 0 0 0 0 1 444 
10 0 2 4 0 10 1 446 
8 1 0 0 0 0 1 444 
1 1 0 0 0 0 1 446 
5 0 5 8 6 6 1 447 
7 0 9 2 6 3 1 447 
8 0 0 10 10 3 1 447 
1 0 0 0 0 0 0 
1 0 0 0 0 0 3 449 450 451 
6 0 0 0 8 1 3 452 455 470 
1 0 0 8 6 5 3 455 461 464 
2 0 9 2 0 5 3 453 456 460 
9 0 0 3 0 3 3 454 467 468 
8 0 0 0 0 1 3 454 458 467 
5 0 0 3 0 9 1 461 
5 0 0 7 5 0 3 457 459 463 
6 0 0 0 0 7 3 471 472 473 
4 0 8 9 1 3 2 460 469 
8 0 0 10 0 3 3 463 465 475 
4 0 0 0 0 8 3 462 465 472 
10 0 0 2 5 0 1 474 
9 1 0 0 0 0 2 465 469 
2 1 0 0 0 0 1 477 
7 0 8 0 1 2 2 466 472 
6 0 0 6 7 6 1 466 
1 1 0 0 0 0 1 466 
9 0 8 0 0 9 2 474 477 
10 0 0 10 0 0 1 471 
7 0 1 3 0 8 2 469 471 
10 0 0 0 8 1 1 474 
10 0 0 0 4 10 1 478 
9 0 0 3 0 0 2 475 478 
3 1 0 0 0 0 1 477 
5 1 0 0 0 0 2 475 478 
5 0 2 0 8 10 1 476 
7 0 6 0 10 1 1 476 
8 0 5 0 0 0 1 479 
8 0 5 5 10 0 1 479 
10 0 7 0 3 2 1 479 
1 0 0 0 0 0 0 
1 0 0 0 0 0 3 481 482 483 
8 0 9 9 8 1 2 484 507 
6 0 10 10 6 8 3 486 487 488 
10 1 0 0 0 0 1 493 
10 0 6 3 3 7 2 485 497 
6 1 0 0 0 0 2 491 492 
4 0 2 7 9 10 1 494 
2 0 7 5 6 5 3 489 492 500 
6 0 2 9 1 10 3 490 505 510 
5 0 7 4 6 4 1 497 
3 1 0 0 0 0 1 498 
7 0 1 3 10 8 2 501 502 
6 0 6 8 8 10 1 496 
4 1 0 0 0 0 1 495 
4 0 4 2 10 8 2 506 509 
2 0 7 7 10 1 3 496 500 510 
8 0 2 1 3 6 2 499 504 
7 0 4 6 10 5 2 498 506 
9 0 6 4 2 6 1 499 
3 0 8 10 6 1 1 503 
1 0 1 6 8 1 1 504 
6 0 8 7 2 4 1 506 
1 0 10 8 7 2 1 508 
6 0 6 10 10 4 1 509 
6 0 6 3 3 9 1 509 
5 0 1 8 9 2 1 508 
1 0 2 6 5 3 1 510 
6 0 9 8 5 6 1 508 
4 0 3 3 4 2 1 511 
3 0 4 4 6 4 1 511 
1 0 8 4 7 1 1 511 
1 0 0 0 0 0 0 
1 0 0 0 0 0 3 513 514 515 
5 0 10 4 6 3 1 525 
5 0 2 4 4 10 2 534 542 
1 0 6 4 7 4 3 516 526 530 
4 0 5 4 9 8 3 517 518 522 
6 0 7 1 9 10 1 520 
3 0 5 10 5 9 3 519 521 523 
4 0 1 3 7 2 1 529 
4 0 7 5 6 9 1 533 
3 0 2 4 2 2 2 535 541 
8 0 7 7 10 8 2 528 538 
3 0 3 8 5 6 3 524 527 531 
3 0 1 7 5 4 2 538 539 
4 0 2 3 5 2 1 526 
9 0 10 3 3 2 2 533 541 
8 0 10 10 2 10 2 528 539 
3 1 0 0 0 0 1 536 
9 0 2 6 1 2 1 537 
6 0 9 4 2 4 2 531 540 
4 0 6 4 1 4 1 532 
7 1 0 0 0 0 1 538 
3 0 6 7 7 2 1 537 
10 0 8 4 4 4 1 536 
5 0 6 2 9 4 1 540 
1 1 0 0 0 0 1 540 
8 0 8 9 5 3 1 542 
3 0 5 9 8 5 1 542 
10 0 4 5 6 6 1 541 
10 0 7 10 10 7 1 543 
7 0 4 10 5 4 1 543 
6 0 1 1 7 2 1 543 
1 0 0 0 0 0 0 
1 0 0 0 0 0 3 545 546 547 
5 0 0 6 10 9 3 553 559 572 
4 0 7 10 6 0 3 548 555 558 
7 0 0 8 7 6 3 551 554 567 
2 0 3 0 7 0 3 549 550 565 
6 0 2 1 2 6 2 556 560 
4 0 5 10 5 5 1 552 
10 0 6 0 0 3 2 553 564 
10 0 3 7 0 9 2 567 569 
5 1 0 0 0 0 1 566 
2 0 0 6 8 0 1 564 
10 0 8 1 1 3 1 557 
1 0 2 0 3 7 1 563 
3 0 5 0 8 0 1 570 
8 0 6 3 10 6 1 563 
9 0 2 4 3 6 3 561 562 569 
9 0 0 0 7 7 2 563 566 
7 0 8 0 0 0 1 571 
2 0 9 9 0 0 1 574 
8 1 0 0 0 0 1 564 
6 0 1 1 1 1 1 568 
6 0 2 1 0 7 1 568 
8 0 7 9 6 6 1 571 
1 1 0 0 0 0 1 571 
4 0 7 3 0 0 1 574 
1 0 0 7 1 10 1 573 
10 0 4 9 9 5 1 572 
1 0 9 5 2 8 2 573 574 
10 0 0 5 0 8 1 575 
3 0 2 0 8 5 1 575 
5 0 0 5 8 0 1 575 
1 0 0 0 0 0 0 
68.3 62.68 59.91 59.39 64.4 80.43 104.77 130.48 130 122.16 115.04 111.39 107.25 116.21 123.49 130 136.85 144.55 139.98 130 120 107.01 108.05 97.76 102.75 98.2 96.12 91.17 95.75 101.04 122.46 135.74 141.88 136.92 135 134.72 139.37 139.2 138.38 141.45 142.72 146.64 142.08 132.35 124.79 110.52 110.91 98.04 98 95.01 95.01 92 92.48 94.73 119.92 139.33 150.59 131.54 115.28 104 96.27 106.12 121.81 125.57 131.9 134.1 129.89 119.32 107.19 90.83 91.13 75.07 64.97 46.05 41.12 30.13 58.92 70.41 130.61 124.76 125.57 101.84 89.06 85.9 85 91.21 95 100.1 95.11 105 98.65 114.63 87 72.31 72.15 19.56 11.39 11.26 4.38 2.29 8 32.97 83.69 105.31 117.37 105.17 100 93.71 89.68 90.13 102 109.46 113.02 107.69 109.44 102 89.16 79.09 80.38 76.1 78.07 74.03 72.07 71.61 69.99 74.19 79.81 87.08 94.29 91.63 89.17 87.06 84.72 82.98 90.09 97.02 115.06 124.1 127.56 127.2 121.38 114.28 102.41 89.57 72.58 83.37 76.87 74.67 76.85 76.57 82.01 80.19 78.8 83.95 75.19 93.19 88.98 99.02 115.1 123.26 134.15 143.82 148.59 143.3 135.91 122.41 118.99 99.66 68.3 62.68 59.91 59.39 64.4 80.43 104.77 130.48 130 122.16 115.04 111.39 107.25 116.21 123.49 130 136.85 144.55 139.98 130 120 107.01 108.05 97.76 102.75 98.2 96.12 91.17 95.75 101.04 122.46 135.74 141.88 136.92 135 134.72 139.37 139.2 138.38 141.45 142.72 146.64 142.08 132.35 124.79 110.52 110.91 98.04 98 95.01 95.01 92 92.48 94.73 119.92 139.33 150.59 131.54 115.28 104 96.27 106.12 121.81 125.57 131.9 134.1 129.89 119.32 107.19 90.83 91.13 75.07 64.97 46.05 41.12 30.13 58.92 70.41 130.61 124.76 125.57 101.84 89.06 85.9 85 91.21 95 100.1 95.11 105 98.65 114.63 87 72.31 72.15 19.56 11.39 11.26 4.38 2.29 8 32.97 83.69 105.31 117.37 105.17 100 93.71 89.68 90.13 102 109.46 113.02 107.69 109.44 102 89.16 79.09 80.38 76.1 78.07 74.03 72.07 71.61 69.99 74.19 79.81 87.08 94.29 91.63 89.17 87.06 84.72 82.98 90.09 97.02 115.06 124.1 127.56 127.2 121.38 114.28 102.41 89.57 72.58 83.37 76.87 74.67 76.85 76.57 82.01 80.19 78.8 83.95 75.19 93.19 88.98 99.02 115.1 123.26 134.15 143.82 148.59 143.3 135.91 122.41 118.99 99.66 68.3 62.68 59.91 59.39 64.4 80.43 104.77 130.48 130 122.16 115.04 111.39 107.25 116.21 123.49 130 136.85 144.55 139.98 130 120 107.01 108.05 97.76 102.75 98.2 96.12 91.17 95.75 101.04 122.46 135.74 141.88 136.92 135 134.72 139.37 139.2 138.38 141.45 142.72 146.64 142.08 132.35 124.79 110.52 110.91 98.04 98 95.01 95.01 92 92.48 94.73 119.92 139.33 150.59 131.54 115.28 104 96.27 106.12 121.81 125.57 131.9 134.1 129.89 119.32 107.19 90.83 91.13 75.07 64.97 46.05 41.12 30.13 58.92 70.41 130.61 124.76 125.57 101.84 89.06 85.9 85 91.21 95 100.1 95.11 105 98.65 114.63 87 72.31 72.15 19.56 11.39 11.26 4.38 2.29 8 32.97 83.69 105.31 117.37 105.17 100 93.71 89.68 90.13 102 109.46 113.02 107.69 109.44 102 89.16 79.09 80.38 76.1 78.07 74.03 72.07 71.61 69.99 74.19 79.81 87.08 94.29 91.63 89.17 87.06 84.72 82.98 90.09 97.02 115.06 124.1 127.56 127.2 121.38 114.28 102.41 89.57 72.58 83.37 76.87 74.67 76.85 76.57 82.01 80.19 78.8 83.95 75.19 93.19 88.98 99.02 115.1 123.26 134.15 143.82 148.59 143.3 135.91 122.41 118.99 99.66 68.3 62.68 59.91 59.39 64.4 80.43 104.77 130.48 130 122.16 115.04 111.39 107.25 116.21 123.49 130 136.85 144.55 139.98 130 120 107.01 108.05 97.76 102.75 98.2 96.12 91.17 95.75 101.04 122.46 135.74 141.88 136.92 135 134.72 139.37 139.2 138.38 141.45 142.72 146.64 142.08 132.35 124.79 110.52 110.91 98.04 98 95.01 95.01 92 92.48 94.73 119.92 139.33 150.59 131.54 115.28 104 96.27 106.12 121.81 125.57 131.9 134.1 129.89 119.32 107.19 90.83 91.13 75.07 64.97 46.05 41.12 30.13 58.92 70.41 130.61 124.76 125.57 101.84 89.06 85.9 85 91.21 95 100.1 95.11 105 98.65 114.63 87 72.31 72.15 19.56 11.39 11.26 4.38 2.29 8 32.97 83.69 105.31 117.37 105.17 100 93.71 89.68 90.13 102 109.46 113.02 107.69 109.44 102 89.16 79.09 80.38 76.1 78.07 74.03 72.07 71.61 69.99 74.19 79.81 87.08 94.29 91.63 89.17 87.06 84.72 82.98 90.09 97.02 115.06 124.1 127.56 127.2 121.38 114.28 102.41 89.57 72.58 83.37 76.87 74.67 76.85 76.57 82.01 80.19 78.8 83.95 75.19 93.19 88.98 99.02 115.1 123.26 134.15 143.82 148.59 143.3 135.91 122.41 118.99 99.66 68.3 62.68 59.91 59.39 64.4 80.43 104.77 130.48 130 122.16 115.04 111.39 107.25 116.21 123.49 130 136.85 144.55 139.98 130 120 107.01 108.05 97.76 102.75 98.2 96.12 91.17 95.75 101.04 122.46 135.74 141.88 136.92 135 134.72 139.37 139.2 138.38 141.45 142.72 146.64 142.08 132.35 124.79 110.52 110.91 98.04 98 95.01 95.01 92 92.48 94.73 119.92 139.33 150.59 131.54 115.28 104 96.27 106.12 121.81 125.57 131.9 134.1 129.89 119.32 107.19 90.83 91.13 75.07 64.97 46.05 41.12 30.13 58.92 70.41 130.61 124.76 125.57 101.84 89.06 85.9 85 91.21 95 100.1 95.11 105 98.65 114.63 87 72.31 72.15 19.56 11.39 11.26 4.38 2.29 8 32.97 83.69 105.31 117.37 105.17 100 93.71 89.68 90.13 102 109.46 113.02 107.69 109.44 102 89.16 79.09 80.38 76.1 78.07 74.03 72.07 71.61 69.99 74.19 79.81 87.08 94.29 91.63 89.17 87.06 84.72 82.98 90.09 97.02 115.06 124.1 127.56 127.2 121.38 114.28 102.41 89.57 72.58 83.37 76.87 74.67 76.85 76.57 82.01 80.19 78.8 83.95 75.19 93.19 88.98 99.02 115.1 123.26 134.15 143.82 148.59 143.3 135.91 122.41 118.99 99.66 68.3 62.68 59.91 59.39 64.4 80.43 104.77 130.48 130 122.16 115.04 111.39 107.25 116.21 123.49 130 136.85 144.55 139.98 130 120 107.01 108.05 97.76 102.75 98.2 96.12 91.17 95.75 101.04 122.46 135.74 141.88 136.92 135 134.72 139.37 139.2 138.38 141.45 142.72 146.64 142.08 132.35 124.79 110.52 110.91 98.04 98 95.01 95.01 92 92.48 94.73 119.92 139.33 150.59 131.54 115.28 104 96.27 106.12 121.81 125.57 131.9 134.1 129.89 119.32 107.19 90.83 91.13 75.07 64.97 46.05 41.12 30.13 58.92 70.41 
