608 5
1 42 37 43 48 
1 0 0 0 0 0 3 1 2 3 
5 0 0 0 8 0 3 4 5 6 
6 0 0 0 0 5 3 7 16 19 
8 0 5 0 0 0 3 10 15 25 
6 0 0 0 0 4 2 8 18 
5 0 0 0 4 0 1 17 
4 0 0 0 1 0 2 17 24 
6 0 0 0 6 0 3 9 14 26 
5 0 0 3 0 0 3 11 12 13 
8 0 0 0 0 3 1 10 
10 1 0 0 0 0 1 28 
8 0 0 0 0 8 1 24 
9 0 0 0 0 4 3 15 26 28 
7 0 0 0 0 1 2 19 30 
3 0 0 0 2 0 3 15 18 21 
9 1 0 0 0 0 3 17 20 22 
1 0 0 10 0 0 1 21 
1 0 0 7 0 0 1 29 
6 0 0 0 0 1 3 20 23 24 
6 1 0 0 0 0 2 25 26 
6 0 5 0 0 0 1 27 
7 0 0 0 9 0 3 22 23 25 
5 0 0 0 0 4 1 30 
6 1 0 0 0 0 1 29 
8 1 0 0 0 0 1 30 
5 0 0 0 10 0 2 27 28 
3 1 0 0 0 0 1 27 
8 0 0 9 0 0 1 29 
6 0 0 0 3 0 1 31 
10 0 0 0 0 6 1 31 
8 0 0 0 0 10 1 31 
1 0 0 0 0 0 0 
1 0 0 0 0 0 3 33 34 35 
2 0 5 0 3 0 3 43 56 59 
5 0 10 7 5 5 3 38 39 41 
9 0 4 9 8 0 3 36 48 54 
7 0 3 0 6 2 3 37 40 43 
6 0 0 10 1 0 3 50 51 55 
7 0 1 7 2 7 3 43 45 49 
9 0 9 0 8 7 3 42 47 52 
2 0 5 0 0 0 3 45 49 55 
5 0 3 0 8 8 3 44 45 48 
2 0 6 10 9 0 3 44 46 57 
10 0 7 0 1 0 3 44 47 52 
8 0 0 1 5 7 2 61 62 
5 1 0 0 0 0 3 47 50 53 
8 0 0 3 6 6 3 53 54 59 
6 0 0 9 4 9 3 57 58 62 
7 0 5 0 10 5 3 51 52 58 
7 0 9 7 5 5 2 50 51 
5 1 0 0 0 0 3 56 57 62 
9 0 0 0 1 1 1 59 
10 0 0 4 0 5 1 53 
8 0 8 2 7 0 1 61 
10 1 0 0 0 0 1 55 
7 0 4 6 9 10 1 56 
1 0 4 1 10 10 2 58 61 
2 0 1 2 9 8 1 60 
4 0 4 8 9 7 1 60 
7 0 7 8 0 4 1 60 
9 0 0 1 0 10 1 63 
2 0 5 7 10 10 1 63 
1 0 0 1 8 1 1 63 
1 0 0 0 0 0 0 
1 0 0 0 0 0 3 65 66 67 
1 0 0 0 0 10 3 68 69 75 
7 0 0 0 3 0 2 70 80 
9 0 6 0 0 0 3 71 78 88 
6 0 0 0 0 7 1 71 
8 0 7 0 0 0 1 81 
7 0 0 7 0 0 3 73 79 90 
9 0 0 5 0 0 3 72 74 76 
10 1 0 0 0 0 2 89 92 
8 0 0 10 0 0 1 76 
4 1 0 0 0 0 3 81 84 93 
8 0 0 0 3 0 2 77 87 
9 0 0 0 10 0 1 83 
8 0 0 0 0 10 1 82 
3 0 7 0 0 0 1 81 
4 0 0 0 0 1 3 84 85 86 
1 0 0 0 0 9 1 94 
8 1 0 0 0 0 1 82 
1 1 0 0 0 0 1 85 
10 0 3 0 0 0 1 93 
9 0 0 0 1 0 1 94 
6 0 0 0 8 0 1 91 
3 1 0 0 0 0 1 94 
9 0 0 0 0 8 1 91 
4 0 0 0 0 9 1 91 
8 0 0 0 2 0 1 93 
1 1 0 0 0 0 1 92 
2 0 0 5 0 0 1 92 
4 0 0 1 0 0 1 95 
5 0 0 0 0 7 1 95 
8 0 10 0 0 0 1 95 
1 0 0 0 0 0 0 
1 0 0 0 0 0 3 97 98 99 
10 0 9 10 0 5 2 112 120 
3 0 0 0 0 6 3 101 103 110 
4 0 4 6 2 9 3 100 107 108 
8 0 6 0 0 0 3 104 110 125 
1 0 0 0 1 3 3 102 105 108 
10 0 10 0 0 9 2 111 112 
3 0 0 2 2 0 3 104 114 116 
5 0 8 0 0 0 3 106 113 115 
6 0 0 4 9 2 3 109 118 120 
5 1 0 0 0 0 2 117 122 
1 0 0 6 3 0 1 118 
7 0 0 0 6 5 2 109 117 
4 1 0 0 0 0 1 123 
4 1 0 0 0 0 1 124 
7 1 0 0 0 0 1 126 
1 0 0 1 4 5 3 113 114 125 
10 1 0 0 0 0 2 119 124 
8 1 0 0 0 0 1 121 
1 0 0 0 0 2 2 119 122 
10 0 0 0 0 5 2 118 123 
1 0 9 3 2 0 1 126 
6 0 6 1 0 4 2 119 121 
1 0 9 0 0 1 1 126 
10 0 0 6 4 2 2 121 123 
3 0 2 0 4 0 1 122 
6 0 0 1 0 6 1 124 
10 0 7 0 0 1 1 125 
4 0 0 0 2 4 1 127 
10 0 0 4 0 0 1 127 
9 0 1 3 7 0 1 127 
1 0 0 0 0 0 0 
1 0 0 0 0 0 3 129 130 131 
9 0 0 0 6 0 3 132 136 141 
10 0 7 0 0 0 3 134 145 147 
8 0 9 0 0 0 3 139 150 151 
9 0 0 0 0 10 3 133 134 142 
7 0 0 0 4 0 3 135 137 139 
1 0 0 0 0 6 3 143 144 148 
4 0 0 5 0 0 3 138 140 147 
1 0 0 0 10 0 3 138 139 140 
4 1 0 0 0 0 3 145 148 150 
8 1 0 0 0 0 3 144 149 154 
5 1 0 0 0 0 1 146 
10 0 0 5 0 0 3 144 145 150 
5 0 0 0 6 0 2 151 156 
6 0 7 0 0 0 1 147 
5 0 0 0 0 4 2 146 153 
4 0 0 0 0 8 3 146 152 155 
3 1 0 0 0 0 3 149 152 157 
4 0 0 2 0 0 1 156 
10 1 0 0 0 0 3 148 151 155 
10 1 0 0 0 0 2 149 152 
1 0 0 6 0 0 1 158 
7 1 0 0 0 0 3 153 154 155 
5 0 7 0 0 0 2 154 158 
8 0 4 0 0 0 2 153 158 
9 0 0 0 5 0 1 156 
1 0 0 3 0 0 1 157 
10 0 9 0 0 0 1 157 
10 0 1 0 0 0 1 159 
1 0 5 0 0 0 1 159 
9 0 0 0 9 0 1 159 
1 0 0 0 0 0 0 
1 0 0 0 0 0 3 161 162 163 
9 0 1 9 6 10 2 164 165 
4 0 3 7 0 7 3 171 175 184 
1 0 6 8 2 1 1 169 
8 0 7 5 8 2 3 166 167 178 
4 0 8 4 0 2 2 171 177 
4 0 6 0 8 9 3 168 172 187 
3 0 4 0 7 2 1 170 
9 0 4 4 0 4 3 173 176 179 
2 0 1 1 3 2 3 178 182 184 
4 0 0 2 0 10 2 174 183 
7 0 10 0 9 0 2 176 187 
2 0 2 2 3 0 1 174 
5 1 0 0 0 0 1 177 
8 1 0 0 0 0 2 180 184 
4 0 4 0 8 9 2 176 183 
8 1 0 0 0 0 3 180 181 186 
7 1 0 0 0 0 2 180 183 
7 0 1 7 10 5 3 181 186 189 
1 1 0 0 0 0 3 181 182 185 
4 1 0 0 0 0 1 190 
4 0 9 9 0 3 1 190 
4 1 0 0 0 0 1 189 
8 0 4 0 0 0 2 185 186 
10 0 7 10 0 1 1 185 
9 0 10 9 4 0 1 190 
9 0 5 0 4 9 1 188 
3 0 10 0 8 8 2 188 189 
10 0 3 0 0 7 1 191 
3 0 4 7 0 6 1 191 
5 0 10 0 0 7 1 191 
1 0 0 0 0 0 0 
1 0 0 0 0 0 3 193 194 195 
4 0 5 10 0 0 3 197 203 211 
10 0 8 0 0 0 2 196 207 
1 0 0 9 3 6 3 196 199 203 
10 0 9 0 5 0 3 198 202 209 
8 0 6 0 4 7 2 198 207 
2 0 8 0 0 10 3 201 214 217 
2 0 3 10 0 5 3 200 204 220 
3 0 0 0 0 8 1 206 
4 0 5 0 6 0 3 208 213 215 
4 0 0 7 0 0 3 204 205 215 
1 1 0 0 0 0 3 204 212 215 
3 1 0 0 0 0 3 208 216 217 
10 1 0 0 0 0 3 208 210 220 
7 0 0 0 0 4 3 207 209 210 
9 0 1 0 9 0 2 217 219 
6 0 0 9 5 0 2 219 222 
8 0 0 0 5 0 3 211 212 222 
6 1 0 0 0 0 3 211 212 218 
8 0 0 4 0 5 2 213 214 
2 1 0 0 0 0 2 213 214 
7 0 0 0 0 7 2 216 219 
5 0 9 1 0 5 1 216 
3 0 0 1 2 0 2 218 220 
7 0 3 1 0 7 1 221 
9 1 0 0 0 0 2 218 221 
7 0 0 4 6 8 1 222 
4 0 0 6 1 0 1 221 
8 1 0 0 0 0 1 223 
1 0 8 0 0 10 1 223 
10 0 8 0 8 4 1 223 
1 0 0 0 0 0 0 
1 0 0 0 0 0 3 225 226 227 
2 0 1 7 2 2 3 230 233 245 
5 0 7 3 3 6 1 245 
8 0 9 7 3 8 3 228 229 231 
6 0 6 5 1 1 3 235 244 248 
8 0 1 7 1 1 3 230 232 237 
1 0 10 1 1 3 1 246 
4 0 10 9 6 2 2 234 249 
1 0 6 3 8 3 3 239 240 241 
8 0 5 7 4 8 2 238 244 
5 0 3 3 7 9 3 242 247 248 
2 0 1 8 1 4 1 236 
4 0 3 5 9 2 1 239 
9 1 0 0 0 0 2 243 244 
5 0 1 10 6 1 2 242 253 
9 1 0 0 0 0 3 247 249 251 
2 1 0 0 0 0 2 242 252 
7 0 5 2 5 9 2 243 250 
2 0 5 3 9 8 1 254 
4 1 0 0 0 0 1 251 
1 1 0 0 0 0 2 246 250 
9 0 2 9 4 7 3 246 248 249 
5 0 7 9 8 4 1 251 
3 1 0 0 0 0 2 250 252 
3 0 1 8 5 10 1 252 
4 0 3 6 2 1 2 253 254 
10 0 6 6 4 7 1 254 
2 0 8 8 9 8 1 253 
5 0 7 2 1 6 1 255 
1 0 7 9 1 9 1 255 
8 0 9 1 5 3 1 255 
1 0 0 0 0 0 0 
1 0 0 0 0 0 3 257 258 259 
7 0 6 7 0 0 1 277 
3 0 0 0 1 6 3 260 261 266 
5 0 2 0 2 0 1 286 
1 0 0 0 7 0 3 262 275 282 
10 0 4 0 5 0 3 263 265 270 
5 0 9 6 3 10 3 264 269 283 
9 0 0 0 6 7 1 281 
1 0 0 0 2 3 1 278 
5 0 0 8 0 0 3 267 268 274 
2 0 0 9 4 10 1 279 
1 1 0 0 0 0 1 276 
7 1 0 0 0 0 2 271 273 
4 0 0 10 8 7 1 279 
5 0 3 9 0 4 2 272 279 
7 1 0 0 0 0 1 272 
8 0 0 10 0 0 1 284 
5 1 0 0 0 0 2 277 286 
1 0 0 3 3 0 2 285 286 
1 0 4 0 3 4 1 283 
10 0 5 0 0 0 1 281 
3 1 0 0 0 0 1 282 
4 0 2 0 1 3 1 284 
3 1 0 0 0 0 1 280 
1 0 2 0 0 0 1 284 
7 0 9 0 2 0 2 282 283 
9 0 9 9 5 0 1 285 
10 0 3 0 0 9 1 285 
6 0 9 0 9 0 1 287 
5 0 0 0 0 8 1 287 
10 0 3 0 5 3 1 287 
1 0 0 0 0 0 0 
1 0 0 0 0 0 3 289 290 291 
4 0 5 5 0 10 2 295 299 
8 0 5 3 6 4 3 293 301 310 
8 0 2 5 0 10 3 292 294 299 
4 0 3 7 7 0 3 293 302 303 
1 0 9 0 1 5 3 296 297 309 
7 0 4 9 7 0 3 296 297 298 
9 0 2 0 0 10 3 298 301 306 
3 0 4 0 0 4 3 305 311 312 
8 1 0 0 0 0 2 305 311 
5 1 0 0 0 0 2 307 313 
2 0 0 6 10 8 3 300 308 309 
10 0 9 1 5 0 3 303 306 307 
3 0 7 9 0 9 2 303 304 
3 0 0 0 1 4 3 307 308 314 
8 1 0 0 0 0 3 312 313 315 
4 0 7 5 8 1 3 305 309 312 
7 0 4 4 5 3 2 308 315 
10 0 8 10 6 7 3 310 314 317 
4 1 0 0 0 0 1 310 
7 0 3 0 3 9 1 316 
4 1 0 0 0 0 3 311 313 315 
1 0 8 0 9 0 1 318 
10 0 0 1 7 4 1 317 
8 0 4 10 10 9 1 318 
4 0 0 10 0 0 1 314 
8 0 0 2 7 6 1 316 
2 0 1 7 3 4 3 316 317 318 
2 0 4 2 4 6 1 319 
6 0 6 3 1 0 1 319 
2 0 0 4 7 4 1 319 
1 0 0 0 0 0 0 
1 0 0 0 0 0 3 321 322 323 
8 0 0 6 0 0 3 324 328 329 
6 0 1 0 0 0 1 325 
6 0 0 0 0 7 1 334 
2 0 0 9 0 0 2 331 339 
3 0 0 0 0 6 2 326 328 
6 0 1 0 0 0 2 327 332 
10 0 1 0 0 0 2 333 345 
2 0 0 0 0 5 2 336 337 
3 0 10 0 0 0 2 330 335 
6 0 0 0 7 0 2 333 337 
1 0 10 0 0 0 1 342 
7 0 0 0 3 0 1 343 
1 1 0 0 0 0 2 338 344 
8 0 7 0 0 0 1 349 
9 0 0 0 1 0 3 338 341 344 
5 0 0 8 0 0 1 345 
8 0 5 0 0 0 1 350 
8 0 0 0 0 4 2 340 346 
8 0 0 10 0 0 1 342 
3 0 7 0 0 0 1 343 
8 1 0 0 0 0 1 349 
6 0 0 0 0 4 2 348 349 
3 0 0 0 1 0 1 348 
3 0 7 0 0 0 1 347 
9 1 0 0 0 0 1 346 
5 0 4 0 0 0 2 347 350 
7 0 0 0 7 0 1 348 
9 0 9 0 0 0 1 351 
10 0 0 0 0 9 1 351 
1 0 0 4 0 0 1 351 
1 0 0 0 0 0 0 
1 0 0 0 0 0 3 353 354 355 
8 0 0 0 2 1 1 357 
9 0 1 8 1 6 2 356 358 
1 0 2 1 4 6 1 369 
4 0 4 6 0 9 1 363 
4 0 7 9 0 0 2 360 368 
8 0 8 4 7 0 2 359 367 
3 0 5 6 2 6 2 361 366 
3 0 0 6 7 7 2 362 364 
9 1 0 0 0 0 2 371 373 
6 0 2 0 5 0 1 367 
3 1 0 0 0 0 2 365 370 
5 1 0 0 0 0 3 367 374 376 
4 0 3 0 8 5 2 371 378 
9 0 3 5 5 9 1 375 
5 1 0 0 0 0 2 372 379 
9 0 1 4 4 0 2 370 372 
9 0 6 0 5 0 3 378 380 381 
7 1 0 0 0 0 1 377 
7 0 0 0 6 8 2 372 377 
8 0 7 4 8 0 1 375 
6 0 3 0 7 6 1 374 
10 0 8 0 8 2 1 377 
2 0 4 0 0 2 1 381 
1 1 0 0 0 0 1 382 
9 0 10 3 9 3 1 381 
3 1 0 0 0 0 1 382 
7 0 10 0 6 0 1 382 
10 0 6 4 6 8 1 383 
7 0 9 0 8 1 1 383 
9 0 0 7 8 9 1 383 
1 0 0 0 0 0 0 
1 0 0 0 0 0 3 385 386 387 
5 0 5 0 8 6 3 388 395 407 
3 0 7 8 0 9 3 389 391 398 
6 0 5 3 2 1 1 396 
2 0 3 3 0 8 1 402 
2 0 0 4 0 3 3 390 392 406 
9 0 4 8 8 8 3 393 399 408 
8 0 3 0 0 8 3 402 408 410 
8 0 8 1 3 0 1 394 
10 0 0 6 10 3 2 397 403 
7 0 4 0 6 4 2 402 404 
4 0 8 0 9 10 2 400 414 
1 0 10 0 7 2 2 398 403 
5 1 0 0 0 0 1 409 
8 0 7 0 8 2 3 399 406 410 
5 0 2 0 0 0 2 405 411 
4 0 10 7 0 3 1 401 
6 0 1 9 0 6 2 405 411 
4 0 6 2 0 7 2 403 405 
5 1 0 0 0 0 1 413 
10 1 0 0 0 0 3 407 409 410 
8 1 0 0 0 0 1 412 
7 0 5 4 10 2 2 407 409 
6 0 10 2 7 0 1 408 
7 0 5 9 0 8 2 411 412 
3 1 0 0 0 0 2 413 414 
7 1 0 0 0 0 2 412 414 
9 0 10 4 0 0 1 413 
2 0 8 5 0 0 1 415 
7 0 1 2 0 10 1 415 
8 0 5 10 8 3 1 415 
1 0 0 0 0 0 0 
1 0 0 0 0 0 3 417 418 419 
1 0 0 4 0 0 3 421 422 431 
10 0 4 0 0 0 3 423 437 440 
5 0 0 0 5 0 2 420 423 
8 0 6 0 0 0 3 425 436 446 
5 0 0 1 0 0 3 426 427 430 
9 0 0 0 0 1 2 424 433 
1 0 7 0 0 0 2 435 438 
8 0 1 0 0 0 3 428 437 438 
8 0 0 0 6 0 2 426 429 
6 0 0 0 10 0 2 428 432 
6 0 0 7 0 0 2 438 441 
6 0 0 0 10 0 2 442 443 
6 1 0 0 0 0 1 439 
1 0 1 0 0 0 1 433 
6 0 0 0 0 6 2 434 435 
1 1 0 0 0 0 3 434 441 442 
3 0 8 0 0 0 2 435 439 
7 0 0 7 0 0 1 437 
10 0 10 0 0 0 2 436 446 
8 1 0 0 0 0 2 444 445 
10 0 0 8 0 0 1 443 
8 0 0 0 0 2 1 446 
3 0 0 7 0 0 1 440 
3 0 3 0 0 0 2 441 442 
7 0 0 0 0 1 2 443 445 
7 0 1 0 0 0 1 445 
3 0 0 3 0 0 1 444 
5 0 0 0 6 0 1 447 
5 0 0 2 0 0 1 447 
1 1 0 0 0 0 1 447 
1 0 0 0 0 0 0 
1 0 0 0 0 0 3 449 450 451 
1 0 2 5 2 8 3 452 459 467 
4 0 6 7 6 9 2 458 463 
2 0 5 8 7 3 3 456 458 460 
2 0 10 5 4 3 3 453 454 455 
5 0 3 7 7 4 1 466 
6 0 4 1 2 4 3 461 470 471 
4 0 1 4 3 8 2 457 458 
10 0 4 1 3 7 3 462 463 477 
7 0 1 7 1 4 1 464 
7 0 4 6 10 4 1 464 
9 0 7 2 7 3 3 468 471 472 
5 0 8 9 9 10 2 465 469 
3 0 7 6 3 9 1 476 
2 0 10 5 2 2 1 466 
3 1 0 0 0 0 2 464 478 
5 1 0 0 0 0 3 465 466 473 
3 1 0 0 0 0 1 468 
3 1 0 0 0 0 1 476 
5 0 7 2 6 3 2 468 469 
1 0 8 8 6 4 1 475 
5 0 5 7 1 10 2 470 471 
6 1 0 0 0 0 2 472 474 
9 1 0 0 0 0 3 473 474 477 
3 0 10 1 6 4 2 473 478 
8 0 6 3 8 10 1 475 
3 0 8 2 4 8 2 475 478 
2 0 4 7 1 3 1 476 
4 0 1 2 8 9 1 479 
8 0 8 3 2 3 1 479 
9 0 5 8 8 10 1 479 
1 0 0 0 0 0 0 
1 0 0 0 0 0 3 481 482 483 
6 0 0 9 8 7 3 489 493 496 
10 0 10 1 7 0 3 485 488 498 
10 0 8 2 0 6 3 484 487 488 
5 0 0 7 8 0 3 486 490 496 
8 0 1 6 0 3 2 492 504 
3 1 0 0 0 0 2 492 502 
8 0 8 7 6 6 3 489 490 491 
10 0 6 8 2 5 3 494 496 500 
6 0 0 7 6 3 3 494 498 500 
7 0 0 2 10 10 3 495 501 502 
8 1 0 0 0 0 2 493 508 
5 1 0 0 0 0 3 493 494 500 
2 0 6 0 7 0 2 499 503 
6 1 0 0 0 0 3 497 506 508 
6 1 0 0 0 0 1 503 
9 0 0 3 5 0 3 499 502 508 
10 0 0 6 0 6 2 499 507 
4 1 0 0 0 0 3 501 504 507 
6 0 3 2 4 2 1 501 
10 0 5 4 3 9 1 503 
7 0 6 1 5 8 2 505 510 
7 1 0 0 0 0 2 504 506 
9 0 7 8 3 6 3 505 506 507 
3 0 1 9 10 0 1 505 
6 0 1 0 0 8 1 509 
5 0 1 5 10 7 2 509 510 
3 0 0 1 10 5 2 509 510 
10 0 9 9 0 1 1 511 
3 0 5 5 7 0 1 511 
10 0 0 0 0 5 1 511 
1 0 0 0 0 0 0 
1 0 0 0 0 0 3 513 514 515 
2 0 6 0 0 0 3 516 532 533 
6 0 0 0 1 0 2 519 525 
4 0 0 4 0 0 3 517 518 520 
1 0 10 0 0 0 3 522 529 531 
5 0 0 0 2 0 1 527 
9 0 1 0 0 0 3 521 522 527 
2 0 0 0 3 0 2 523 537 
6 0 0 8 0 0 3 524 531 533 
2 0 0 0 0 5 3 532 536 540 
1 0 3 0 0 0 3 526 528 538 
10 0 0 0 0 3 3 524 530 535 
4 0 3 0 0 0 1 528 
10 0 0 1 0 0 1 530 
5 0 0 0 6 0 1 534 
3 0 0 0 1 0 3 532 534 536 
1 0 9 0 0 0 1 540 
9 0 0 0 2 0 2 536 540 
7 1 0 0 0 0 3 533 534 538 
9 0 0 0 0 4 1 541 
8 1 0 0 0 0 1 535 
7 1 0 0 0 0 1 539 
4 1 0 0 0 0 2 539 541 
4 1 0 0 0 0 2 538 542 
8 0 0 0 0 8 1 537 
4 1 0 0 0 0 1 539 
3 1 0 0 0 0 1 541 
10 0 0 0 6 0 1 542 
6 0 8 0 0 0 1 543 
10 0 0 0 4 0 1 543 
7 0 0 5 0 0 1 543 
1 0 0 0 0 0 0 
1 0 0 0 0 0 3 545 546 547 
5 0 8 2 4 9 3 549 550 559 
5 0 10 6 4 7 3 554 558 572 
10 0 8 10 10 9 3 548 551 553 
4 0 5 3 5 3 2 565 571 
4 0 6 6 10 9 3 552 558 572 
8 0 6 5 8 10 3 553 555 560 
1 0 7 9 2 1 3 554 564 565 
9 0 9 10 9 6 3 554 555 568 
1 0 1 8 7 1 3 561 562 563 
6 0 8 5 8 3 2 561 567 
2 0 6 4 4 8 1 556 
6 0 5 10 1 5 2 557 563 
10 0 7 9 3 4 3 562 564 567 
8 0 8 3 7 3 3 560 561 565 
1 0 4 9 10 10 3 560 567 572 
1 0 3 9 10 9 3 562 563 568 
1 1 0 0 0 0 2 566 570 
10 0 7 3 5 5 2 566 571 
4 1 0 0 0 0 2 564 566 
9 0 4 9 6 10 2 569 570 
2 0 5 3 9 1 3 568 569 574 
1 0 6 8 3 3 2 569 574 
9 0 1 8 8 1 1 570 
2 0 2 1 3 3 1 573 
3 0 6 4 8 3 1 573 
6 0 4 4 8 9 1 571 
8 0 8 6 8 9 2 573 574 
1 0 2 5 3 8 1 575 
4 0 9 8 4 3 1 575 
1 0 10 2 1 10 1 575 
1 0 0 0 0 0 0 
1 0 0 0 0 0 3 577 578 579 
2 0 1 2 4 0 3 585 586 603 
5 0 0 5 9 10 3 584 590 591 
6 0 8 10 10 0 3 580 581 582 
4 0 8 3 0 8 1 583 
2 0 3 1 8 5 2 593 602 
9 0 5 0 5 10 2 589 593 
9 0 4 0 0 3 3 587 588 594 
4 0 8 0 8 10 1 585 
8 1 0 0 0 0 1 597 
7 0 1 6 6 6 1 600 
10 0 2 10 3 8 1 605 
1 1 0 0 0 0 1 595 
1 1 0 0 0 0 1 606 
1 0 4 0 9 9 2 596 599 
5 0 0 9 6 9 3 592 602 605 
2 0 4 3 9 10 1 593 
5 1 0 0 0 0 1 596 
5 0 2 7 9 0 1 604 
9 0 0 5 4 1 1 598 
10 0 0 8 0 8 1 601 
1 0 9 0 0 6 1 598 
5 0 4 8 3 8 1 601 
4 1 0 0 0 0 1 600 
10 0 9 0 0 1 3 601 602 605 
5 0 1 8 0 7 1 604 
9 0 7 3 4 7 1 606 
10 0 7 0 0 3 1 606 
2 0 1 3 0 10 1 607 
10 0 4 0 3 7 1 607 
3 0 0 4 5 1 1 607 
1 0 0 0 0 0 0 
68.3 62.68 59.91 59.39 64.4 80.43 104.77 130.48 130 122.16 115.04 111.39 107.25 116.21 123.49 130 136.85 144.55 139.98 130 120 107.01 108.05 97.76 102.75 98.2 96.12 91.17 95.75 101.04 122.46 135.74 141.88 136.92 135 134.72 139.37 139.2 138.38 141.45 142.72 146.64 142.08 132.35 124.79 110.52 110.91 98.04 98 95.01 95.01 92 92.48 94.73 119.92 139.33 150.59 131.54 115.28 104 96.27 106.12 121.81 125.57 131.9 134.1 129.89 119.32 107.19 90.83 91.13 75.07 64.97 46.05 41.12 30.13 58.92 70.41 130.61 124.76 125.57 101.84 89.06 85.9 85 91.21 95 100.1 95.11 105 98.65 114.63 87 72.31 72.15 19.56 11.39 11.26 4.38 2.29 8 32.97 83.69 105.31 117.37 105.17 100 93.71 89.68 90.13 102 109.46 113.02 107.69 109.44 102 89.16 79.09 80.38 76.1 78.07 74.03 72.07 71.61 69.99 74.19 79.81 87.08 94.29 91.63 89.17 87.06 84.72 82.98 90.09 97.02 115.06 124.1 127.56 127.2 121.38 114.28 102.41 89.57 72.58 83.37 76.87 74.67 76.85 76.57 82.01 80.19 78.8 83.95 75.19 93.19 88.98 99.02 115.1 123.26 134.15 143.82 148.59 143.3 135.91 122.41 118.99 99.66 68.3 62.68 59.91 59.39 64.4 80.43 104.77 130.48 130 122.16 115.04 111.39 107.25 116.21 123.49 130 136.85 144.55 139.98 130 120 107.01 108.05 97.76 102.75 98.2 96.12 91.17 95.75 101.04 122.46 135.74 141.88 136.92 135 134.72 139.37 139.2 138.38 141.45 142.72 146.64 142.08 132.35 124.79 110.52 110.91 98.04 98 95.01 95.01 92 92.48 94.73 119.92 139.33 150.59 131.54 115.28 104 96.27 106.12 121.81 125.57 131.9 134.1 129.89 119.32 107.19 90.83 91.13 75.07 64.97 46.05 41.12 30.13 58.92 70.41 130.61 124.76 125.57 101.84 89.06 85.9 85 91.21 95 100.1 95.11 105 98.65 114.63 87 72.31 72.15 19.56 11.39 11.26 4.38 2.29 8 32.97 83.69 105.31 117.37 105.17 100 93.71 89.68 90.13 102 109.46 113.02 107.69 109.44 102 89.16 79.09 80.38 76.1 78.07 74.03 72.07 71.61 69.99 74.19 79.81 87.08 94.29 91.63 89.17 87.06 84.72 82.98 90.09 97.02 115.06 124.1 127.56 127.2 121.38 114.28 102.41 89.57 72.58 83.37 76.87 74.67 76.85 76.57 82.01 80.19 78.8 83.95 75.19 93.19 88.98 99.02 115.1 123.26 134.15 143.82 148.59 143.3 135.91 122.41 118.99 99.66 68.3 62.68 59.91 59.39 64.4 80.43 104.77 130.48 130 122.16 115.04 111.39 107.25 116.21 123.49 130 136.85 144.55 139.98 130 120 107.01 108.05 97.76 102.75 98.2 96.12 91.17 95.75 101.04 122.46 135.74 141.88 136.92 135 134.72 139.37 139.2 138.38 141.45 142.72 146.64 142.08 132.35 124.79 110.52 110.91 98.04 98 95.01 95.01 92 92.48 94.73 119.92 139.33 150.59 131.54 115.28 104 96.27 106.12 121.81 125.57 131.9 134.1 129.89 119.32 107.19 90.83 91.13 75.07 64.97 46.05 41.12 30.13 58.92 70.41 130.61 124.76 125.57 101.84 89.06 85.9 85 91.21 95 100.1 95.11 105 98.65 114.63 87 72.31 72.15 19.56 11.39 11.26 4.38 2.29 8 32.97 83.69 105.31 117.37 105.17 100 93.71 89.68 90.13 102 109.46 113.02 107.69 109.44 102 89.16 79.09 80.38 76.1 78.07 74.03 72.07 71.61 69.99 74.19 79.81 87.08 94.29 91.63 89.17 87.06 84.72 82.98 90.09 97.02 115.06 124.1 127.56 127.2 121.38 114.28 102.41 89.57 72.58 83.37 76.87 74.67 76.85 76.57 82.01 80.19 78.8 83.95 75.19 93.19 88.98 99.02 115.1 123.26 134.15 143.82 148.59 143.3 135.91 122.41 118.99 99.66 68.3 62.68 59.91 59.39 64.4 80.43 104.77 130.48 130 122.16 115.04 111.39 107.25 116.21 123.49 130 136.85 144.55 139.98 130 120 107.01 108.05 97.76 102.75 98.2 96.12 91.17 95.75 101.04 122.46 135.74 141.88 136.92 135 134.72 139.37 139.2 138.38 141.45 142.72 146.64 142.08 132.35 124.79 110.52 110.91 98.04 98 95.01 95.01 92 92.48 94.73 119.92 139.33 150.59 131.54 115.28 104 96.27 106.12 121.81 125.57 131.9 134.1 129.89 119.32 107.19 90.83 91.13 75.07 64.97 46.05 41.12 30.13 58.92 70.41 130.61 124.76 125.57 101.84 89.06 85.9 85 91.21 95 100.1 95.11 105 98.65 114.63 87 72.31 72.15 19.56 11.39 11.26 4.38 2.29 8 32.97 83.69 105.31 117.37 105.17 100 93.71 89.68 90.13 102 109.46 113.02 107.69 109.44 102 89.16 79.09 80.38 76.1 78.07 74.03 72.07 71.61 69.99 74.19 79.81 87.08 94.29 91.63 89.17 87.06 84.72 82.98 90.09 97.02 115.06 124.1 127.56 127.2 121.38 114.28 102.41 89.57 72.58 83.37 76.87 74.67 76.85 76.57 82.01 80.19 78.8 83.95 75.19 93.19 88.98 99.02 115.1 123.26 134.15 143.82 148.59 143.3 135.91 122.41 118.99 99.66 68.3 62.68 59.91 59.39 64.4 80.43 104.77 130.48 130 122.16 115.04 111.39 107.25 116.21 123.49 130 136.85 144.55 139.98 130 120 107.01 108.05 97.76 102.75 98.2 96.12 91.17 95.75 101.04 122.46 135.74 141.88 136.92 135 134.72 139.37 139.2 138.38 141.45 142.72 146.64 142.08 132.35 124.79 110.52 110.91 98.04 98 95.01 95.01 92 92.48 94.73 119.92 139.33 150.59 131.54 115.28 104 96.27 106.12 121.81 125.57 131.9 134.1 129.89 119.32 107.19 90.83 91.13 75.07 64.97 46.05 41.12 30.13 58.92 70.41 130.61 124.76 125.57 101.84 89.06 85.9 85 91.21 95 100.1 95.11 105 98.65 114.63 87 72.31 72.15 19.56 11.39 11.26 4.38 2.29 8 32.97 83.69 105.31 117.37 105.17 100 93.71 89.68 90.13 102 109.46 113.02 107.69 109.44 102 89.16 79.09 80.38 76.1 78.07 74.03 72.07 71.61 69.99 74.19 79.81 87.08 94.29 91.63 89.17 87.06 84.72 82.98 90.09 97.02 115.06 124.1 127.56 127.2 121.38 114.28 102.41 89.57 72.58 83.37 76.87 74.67 76.85 76.57 82.01 80.19 78.8 83.95 75.19 93.19 88.98 99.02 115.1 123.26 134.15 143.82 148.59 143.3 135.91 122.41 118.99 99.66 68.3 62.68 59.91 59.39 64.4 80.43 104.77 130.48 130 122.16 115.04 111.39 107.25 116.21 123.49 130 136.85 144.55 139.98 130 120 107.01 108.05 97.76 102.75 98.2 96.12 91.17 95.75 101.04 122.46 135.74 141.88 136.92 135 134.72 139.37 139.2 138.38 141.45 142.72 146.64 142.08 132.35 124.79 110.52 110.91 98.04 98 95.01 95.01 92 92.48 94.73 119.92 139.33 150.59 131.54 115.28 104 96.27 106.12 121.81 125.57 131.9 134.1 129.89 119.32 107.19 90.83 91.13 75.07 64.97 46.05 41.12 30.13 58.92 70.41 130.61 124.76 125.57 101.84 89.06 85.9 85 91.21 95 100.1 95.11 105 98.65 114.63 87 72.31 72.15 19.56 11.39 11.26 4.38 2.29 8 32.97 83.69 105.31 117.37 105.17 100 93.71 89.68 90.13 102 109.46 113.02 107.69 109.44 102 89.16 79.09 80.38 76.1 78.07 74.03 72.07 71.61 69.99 74.19 79.81 87.08 94.29 91.63 89.17 87.06 84.72 82.98 90.09 97.02 115.06 124.1 127.56 127.2 121.38 114.28 102.41 89.57 72.58 83.37 76.87 74.67 76.85 76.57 82.01 80.19 78.8 83.95 75.19 93.19 88.98 99.02 115.1 123.26 134.15 143.82 148.59 143.3 135.91 122.41 118.99 99.66 68.3 62.68 59.91 59.39 64.4 80.43 104.77 130.48 130 122.16 115.04 111.39 107.25 116.21 123.49 130 136.85 144.55 139.98 130 120 107.01 108.05 97.76 102.75 98.2 96.12 91.17 95.75 101.04 122.46 135.74 141.88 136.92 135 134.72 139.37 139.2 138.38 141.45 142.72 146.64 142.08 132.35 124.79 110.52 110.91 98.04 98 95.01 95.01 92 92.48 94.73 119.92 139.33 150.59 131.54 115.28 104 96.27 106.12 121.81 125.57 131.9 134.1 129.89 119.32 107.19 90.83 91.13 75.07 64.97 46.05 41.12 30.13 58.92 70.41 130.61 124.76 125.57 101.84 89.06 85.9 85 91.21 95 100.1 95.11 105 98.65 114.63 87 72.31 72.15 19.56 11.39 11.26 4.38 2.29 8 32.97 83.69 105.31 117.37 105.17 100 93.71 89.68 90.13 102 109.46 113.02 107.69 109.44 102 89.16 79.09 80.38 76.1 78.07 74.03 72.07 71.61 69.99 74.19 79.81 87.08 94.29 91.63 89.17 87.06 84.72 82.98 90.09 97.02 115.06 124.1 127.56 127.2 
