32 5
1 16 17 20 19 
1 0 0 0 0 0 3 1 2 3 
2 0 0 0 3 4 3 6 13 20 
3 0 8 5 0 4 3 5 13 14 
6 0 0 2 6 6 3 4 5 11 
1 0 0 0 6 6 3 7 9 12 
5 0 2 8 0 7 3 7 15 18 
5 0 10 10 7 0 3 10 11 17 
5 0 0 5 5 0 3 8 17 29 
7 1 0 0 0 0 3 16 21 23 
7 0 1 1 0 0 2 13 18 
5 0 0 0 8 0 2 14 16 
8 0 0 0 0 3 3 15 19 27 
3 0 0 6 3 0 2 22 29 
10 0 0 1 0 0 3 15 16 23 
1 0 9 7 0 0 3 19 21 22 
9 0 0 0 0 6 2 24 30 
1 1 0 0 0 0 1 25 
6 1 0 0 0 0 2 21 22 
3 0 0 0 6 8 2 19 20 
5 0 0 2 0 0 3 26 28 29 
7 0 4 0 9 0 3 23 25 26 
8 1 0 0 0 0 2 25 27 
10 1 0 0 0 0 2 24 26 
10 1 0 0 0 0 2 24 27 
9 0 9 0 0 2 1 28 
2 0 8 0 7 0 1 30 
6 0 0 0 5 0 1 30 
9 0 5 1 2 0 1 28 
10 0 7 0 3 0 1 31 
7 0 8 0 5 3 1 31 
1 0 0 8 1 0 1 31 
1 0 0 0 0 0 0 
209.08 199.21 196.07 191.11 193.68 210.72 240 256.23 250.04 219.21 199.95 194.39 185.51 183.46 179.55 183.94 190.63 220.93 247.97 280 280 250.44 237.08 204.25 216.41 205.61 184.72 169.98 167.73 187.06 224.08 237.95 232.72 210.25 185 165.46 166.01 123.09 166.01 166.01 168.5 184.43 209.78 234.92 239.95 236.96 229.09 201.49 207.15 192.8 185.5 179 179.46 185.72 216.37 233.22 224 200 148.46 147.3 168 152.77 158.01 158 158.04 158.11 184.18 219.3 221.93 220 206.01 192.93 149.9 145.01 140.01 145.66 148.91 172.42 211.94 230.56 223.46 189.21 144.04 150.72 130 108.96 110.24 118.92 145.57 184.63 217.9 233.5 241.77 233.17 224.32 205.56 210 202.71 189 174.74 176.26 203.2 226.93 242.74 242.29 225.1 188 150.73 160.11 160.09 160.11 160.84 160.11 140.01 189.99 220.77 231.09 229 220.36 196.57 181 158.66 150.01 133.9 155.18 168.99 184.07 194.3 184.94 160 124.05 98.46 99.99 97.42 93.12 96.36 97.23 162.02 206.38 225 240.04 241.87 239 224.15 214.91 196.35 185.43 174.15 170.17 170.25 162.92 158.57 154.98 110.6 95.98 90 
