640 5
1 37 45 39 44 
1 0 0 0 0 0 3 1 2 3 
9 0 10 6 9 4 3 4 10 22 
6 0 8 8 2 5 3 17 18 24 
10 0 1 1 3 4 3 5 6 12 
3 0 3 9 8 8 3 7 9 24 
1 0 7 3 9 9 2 19 25 
9 0 6 2 8 6 3 8 9 13 
6 0 2 8 8 8 1 16 
5 1 0 0 0 0 2 18 21 
2 1 0 0 0 0 3 25 27 29 
6 0 2 2 6 1 2 11 12 
1 0 10 3 2 10 1 28 
3 0 10 10 8 6 2 14 19 
9 1 0 0 0 0 3 15 17 24 
1 0 3 9 9 3 2 16 20 
2 0 8 6 4 10 2 21 23 
10 1 0 0 0 0 1 17 
4 1 0 0 0 0 2 23 29 
6 0 2 10 1 3 1 29 
4 0 3 3 7 6 1 27 
7 1 0 0 0 0 2 23 26 
2 1 0 0 0 0 3 22 26 30 
8 0 8 8 1 1 1 27 
10 0 9 4 9 9 1 30 
6 1 0 0 0 0 2 25 26 
2 1 0 0 0 0 1 30 
9 0 2 1 4 2 1 28 
10 0 6 8 1 4 1 28 
4 0 5 7 3 10 1 31 
9 0 5 6 6 4 1 31 
5 0 3 4 2 3 1 31 
1 0 0 0 0 0 0 
1 0 0 0 0 0 3 33 34 35 
9 0 7 1 6 8 3 43 44 60 
10 0 0 0 6 6 2 37 38 
9 0 10 4 1 7 2 36 40 
10 0 3 0 3 8 1 58 
7 0 5 10 8 0 2 39 50 
1 0 3 2 5 3 1 53 
4 0 4 7 0 10 3 41 48 52 
4 0 1 9 0 8 1 59 
4 0 0 2 6 1 2 42 53 
8 0 10 0 0 2 1 47 
9 0 1 8 9 5 3 46 55 61 
3 0 8 5 6 0 3 45 51 54 
2 0 8 2 4 7 2 46 57 
1 0 1 0 2 2 1 50 
3 1 0 0 0 0 1 49 
7 0 3 3 7 6 1 57 
7 0 0 3 0 1 1 56 
4 0 10 1 0 9 1 58 
6 0 0 5 1 0 1 59 
9 0 2 4 0 7 1 62 
9 0 0 0 8 8 2 55 61 
8 1 0 0 0 0 1 61 
8 1 0 0 0 0 1 62 
6 1 0 0 0 0 2 57 60 
10 0 7 10 6 0 1 58 
7 0 2 0 0 0 1 59 
6 0 10 6 9 9 1 62 
4 1 0 0 0 0 1 63 
1 1 0 0 0 0 1 63 
9 0 0 3 7 0 1 63 
1 0 0 0 0 0 0 
1 0 0 0 0 0 3 65 66 67 
5 0 2 2 3 4 3 70 72 76 
10 0 4 6 1 9 2 73 77 
5 0 10 4 1 3 3 68 69 74 
2 0 1 6 6 1 3 73 82 87 
3 0 9 4 9 1 3 72 76 84 
3 0 7 3 3 4 3 71 77 78 
3 1 0 0 0 0 3 81 83 94 
5 0 1 10 8 5 3 80 83 85 
8 0 8 9 5 8 3 86 90 91 
2 0 9 10 2 1 3 75 78 83 
3 0 8 5 1 3 3 79 82 89 
9 0 1 3 2 8 3 77 78 81 
9 0 1 1 9 3 3 85 87 94 
6 0 10 9 10 6 2 80 89 
3 0 3 6 7 2 3 81 84 85 
5 0 10 2 2 8 3 82 87 91 
5 1 0 0 0 0 2 88 93 
1 1 0 0 0 0 2 86 92 
2 1 0 0 0 0 3 89 90 91 
6 0 6 2 5 8 1 86 
9 1 0 0 0 0 1 88 
9 0 6 4 7 9 1 94 
4 1 0 0 0 0 2 88 93 
7 0 6 7 6 3 1 90 
6 0 4 10 5 8 1 92 
10 0 10 3 10 1 1 92 
10 0 1 3 7 1 1 93 
4 0 8 5 1 1 1 95 
7 0 9 1 3 10 1 95 
6 0 5 7 5 10 1 95 
1 0 0 0 0 0 0 
1 0 0 0 0 0 3 97 98 99 
9 0 0 0 4 0 3 101 102 110 
2 0 1 6 1 0 1 100 
7 0 0 5 0 5 1 103 
4 0 0 2 0 0 1 122 
7 0 4 8 0 7 3 104 108 109 
6 0 7 0 3 4 1 111 
3 0 4 0 9 6 1 111 
6 0 2 2 5 0 3 105 115 125 
7 0 0 4 1 9 3 106 111 117 
7 1 0 0 0 0 2 107 114 
3 1 0 0 0 0 3 112 119 121 
9 0 1 0 3 0 2 113 124 
6 0 10 0 0 3 1 126 
5 0 7 0 5 0 3 115 118 120 
7 1 0 0 0 0 1 116 
6 0 4 10 8 0 1 126 
6 1 0 0 0 0 1 114 
4 1 0 0 0 0 1 116 
6 0 0 0 2 0 1 122 
5 0 0 0 0 2 1 120 
6 0 0 0 6 0 1 118 
7 1 0 0 0 0 1 121 
2 1 0 0 0 0 1 122 
6 0 0 3 5 0 1 123 
1 1 0 0 0 0 2 123 124 
2 0 0 10 0 2 1 123 
9 0 0 6 0 0 1 126 
1 0 0 0 7 10 1 127 
9 0 0 0 10 9 1 127 
7 0 6 8 0 0 1 127 
1 0 0 0 0 0 0 
1 0 0 0 0 0 3 129 130 131 
10 0 0 10 0 0 3 135 151 155 
3 0 0 0 6 0 3 133 140 142 
10 0 0 0 0 4 3 132 134 135 
4 0 0 0 0 8 3 136 140 141 
10 0 0 9 0 0 3 143 146 149 
10 0 0 0 4 0 3 137 138 139 
3 0 0 0 0 8 3 140 145 153 
3 0 0 0 9 0 3 143 145 155 
8 0 0 4 0 0 2 142 149 
8 0 0 0 6 0 2 144 149 
7 0 9 0 0 0 3 144 145 152 
1 0 0 0 0 4 2 143 158 
10 0 0 0 0 4 3 147 152 154 
7 1 0 0 0 0 3 144 146 150 
3 0 10 0 0 0 1 148 
10 1 0 0 0 0 3 147 151 158 
4 0 3 0 0 0 3 148 150 158 
4 1 0 0 0 0 3 147 148 151 
10 0 0 0 6 0 1 155 
7 0 0 0 0 7 1 154 
10 1 0 0 0 0 3 150 152 154 
10 0 8 0 0 0 2 156 157 
4 0 0 0 6 0 2 153 156 
2 1 0 0 0 0 1 153 
1 0 0 0 10 0 1 157 
7 0 6 0 0 0 1 157 
2 0 0 3 0 0 1 156 
2 0 0 0 9 0 1 159 
10 0 0 0 9 0 1 159 
5 0 0 0 0 10 1 159 
1 0 0 0 0 0 0 
1 0 0 0 0 0 3 161 162 163 
6 0 6 7 0 0 2 168 176 
10 0 0 0 6 6 3 165 175 180 
10 0 0 0 0 3 3 164 169 180 
6 0 1 5 8 0 3 167 172 173 
6 0 3 0 1 0 2 166 167 
10 0 0 7 0 0 3 169 170 174 
7 0 0 0 5 0 2 168 171 
3 1 0 0 0 0 1 179 
9 1 0 0 0 0 1 190 
5 1 0 0 0 0 1 189 
1 0 0 9 2 10 1 190 
3 0 6 4 2 0 3 178 182 184 
4 0 6 0 0 0 2 179 183 
5 1 0 0 0 0 3 177 178 185 
4 0 1 8 0 2 2 181 183 
6 0 0 0 3 0 2 184 186 
1 1 0 0 0 0 2 182 187 
8 1 0 0 0 0 2 179 181 
7 0 0 8 0 6 1 188 
1 0 0 0 0 7 3 181 182 183 
9 0 0 4 0 5 2 186 188 
1 0 8 10 2 0 2 186 189 
3 0 9 6 1 0 1 184 
6 0 3 0 9 0 1 187 
2 1 0 0 0 0 1 187 
5 0 5 0 8 4 1 190 
9 0 0 3 0 0 2 188 189 
9 0 0 3 0 0 1 191 
10 0 0 2 10 6 1 191 
8 0 0 0 0 4 1 191 
1 0 0 0 0 0 0 
1 0 0 0 0 0 3 193 194 195 
5 0 4 9 10 4 3 200 208 218 
1 0 4 10 9 4 3 196 201 204 
1 0 0 1 0 1 2 197 216 
6 0 3 0 5 0 1 202 
7 0 0 1 0 8 1 198 
9 0 0 5 0 10 2 199 203 
5 0 2 2 6 0 3 206 217 220 
3 0 4 7 3 0 1 204 
7 0 9 0 4 1 1 212 
1 0 8 6 4 8 2 209 210 
9 0 9 0 7 0 2 205 215 
6 0 10 6 3 8 1 207 
5 1 0 0 0 0 2 217 220 
5 1 0 0 0 0 1 210 
7 1 0 0 0 0 2 213 219 
7 0 4 6 9 4 1 209 
4 0 10 5 10 4 2 211 222 
4 0 5 3 9 8 1 219 
10 0 4 0 5 5 1 214 
1 1 0 0 0 0 2 214 216 
7 0 3 3 3 10 1 221 
8 0 3 0 6 6 1 215 
3 0 8 1 9 5 1 219 
3 1 0 0 0 0 1 220 
9 0 1 7 9 0 2 218 222 
4 0 3 0 9 0 1 221 
5 0 10 1 3 0 1 221 
8 0 0 8 0 6 1 223 
8 0 0 1 9 0 1 223 
3 0 8 5 0 0 1 223 
1 0 0 0 0 0 0 
1 0 0 0 0 0 3 225 226 227 
1 0 2 7 9 1 3 243 250 251 
5 0 4 2 9 1 2 232 249 
9 0 5 8 1 1 3 228 230 231 
6 0 10 8 3 10 3 229 233 234 
1 0 6 3 1 7 1 248 
8 0 5 10 3 1 2 237 238 
3 1 0 0 0 0 1 251 
9 0 8 10 2 9 1 237 
6 0 7 3 10 8 1 239 
7 0 4 3 3 4 2 235 236 
1 1 0 0 0 0 1 253 
8 0 6 3 1 4 2 244 252 
10 0 7 4 5 5 1 240 
2 0 7 2 6 8 1 248 
8 0 10 4 1 9 1 242 
9 1 0 0 0 0 3 241 245 247 
6 0 6 8 4 8 1 250 
10 0 10 8 10 10 1 246 
9 0 2 1 10 6 2 244 252 
7 0 5 10 6 8 1 246 
1 1 0 0 0 0 2 246 248 
7 0 1 1 2 7 1 253 
4 0 4 7 7 9 1 254 
8 0 4 7 4 2 1 251 
10 0 8 1 1 4 1 250 
1 0 10 4 3 1 1 253 
5 0 3 5 6 9 2 252 254 
1 0 9 1 2 1 1 255 
8 0 4 2 5 2 1 255 
8 0 9 2 2 7 1 255 
1 0 0 0 0 0 0 
1 0 0 0 0 0 3 257 258 259 
6 0 5 7 7 2 3 260 263 269 
8 0 6 9 5 6 2 261 267 
5 0 7 10 5 9 1 276 
9 0 9 9 10 9 3 262 270 278 
7 0 9 8 4 5 2 264 277 
8 0 7 9 2 5 2 265 273 
10 0 4 9 2 9 2 273 275 
6 0 7 9 10 1 1 266 
1 0 9 2 2 6 3 272 281 282 
10 1 0 0 0 0 1 268 
6 0 4 7 9 6 1 280 
3 1 0 0 0 0 2 271 280 
6 1 0 0 0 0 1 271 
8 0 2 4 1 10 2 274 279 
2 0 4 4 1 8 1 283 
8 1 0 0 0 0 1 276 
6 1 0 0 0 0 2 279 283 
9 1 0 0 0 0 1 277 
6 0 3 8 6 9 1 284 
9 0 1 8 5 5 1 285 
10 0 4 3 4 4 2 285 286 
3 0 1 1 10 3 1 280 
4 0 4 9 8 1 2 282 286 
10 0 8 2 1 7 1 282 
4 1 0 0 0 0 1 283 
9 0 9 9 10 8 1 284 
9 0 5 8 6 9 1 286 
3 0 4 9 8 2 1 287 
9 0 5 7 7 9 1 287 
1 0 9 7 3 3 1 287 
1 0 0 0 0 0 0 
1 0 0 0 0 0 3 289 290 291 
4 0 9 1 3 8 2 292 304 
4 0 10 4 5 10 3 293 299 304 
1 0 8 9 9 10 3 296 300 304 
3 0 1 2 9 8 3 294 301 303 
5 0 2 2 8 5 3 295 297 298 
3 0 1 1 4 5 3 296 298 311 
1 0 4 10 9 4 3 300 305 307 
5 0 8 10 4 4 3 305 310 312 
3 0 2 2 3 9 3 301 303 308 
1 0 2 3 6 4 2 300 312 
8 1 0 0 0 0 3 302 306 310 
6 0 9 8 1 1 3 302 315 318 
5 0 2 1 7 8 3 302 306 309 
8 0 2 3 10 4 2 316 317 
3 0 5 8 3 2 2 307 314 
5 0 7 5 3 6 3 305 307 310 
2 0 9 4 4 6 3 306 308 313 
10 0 3 4 6 1 1 318 
9 0 1 10 3 3 2 311 313 
8 1 0 0 0 0 2 314 318 
4 1 0 0 0 0 2 311 312 
10 0 5 9 3 3 1 315 
2 0 7 7 10 10 1 316 
5 0 8 2 5 5 2 313 314 
10 0 4 6 4 5 1 317 
9 0 6 9 7 4 2 315 317 
6 0 1 1 10 8 1 316 
7 0 5 8 3 8 1 319 
4 0 7 7 1 4 1 319 
6 0 9 1 5 10 1 319 
1 0 0 0 0 0 0 
1 0 0 0 0 0 3 321 322 323 
2 0 6 8 6 9 3 324 326 327 
4 0 9 9 10 8 3 333 334 340 
3 0 9 4 8 8 3 332 334 344 
9 0 6 7 3 8 3 325 330 336 
6 0 4 5 7 8 3 331 332 339 
6 0 1 8 1 2 3 328 330 334 
3 0 5 8 2 9 3 328 329 336 
5 1 0 0 0 0 2 341 344 
10 0 8 9 10 4 1 335 
6 0 5 10 4 5 3 331 342 344 
4 0 4 9 4 10 2 337 347 
4 1 0 0 0 0 2 335 338 
1 0 3 3 4 2 3 337 339 341 
2 0 4 2 9 1 3 338 339 341 
9 0 3 10 8 4 3 340 342 350 
5 0 7 9 10 8 3 338 340 348 
3 0 10 6 1 6 2 343 346 
8 0 1 8 3 6 3 345 346 349 
8 1 0 0 0 0 2 342 343 
7 0 2 5 5 10 1 349 
9 0 9 9 9 9 2 343 346 
4 0 1 9 4 1 1 347 
5 0 9 1 5 7 2 345 348 
2 0 2 3 6 10 3 345 347 348 
1 0 4 9 2 1 1 350 
6 0 6 4 4 2 1 350 
9 0 3 5 1 2 1 349 
2 0 3 8 10 8 1 351 
2 0 1 2 1 1 1 351 
6 0 2 7 9 2 1 351 
1 0 0 0 0 0 0 
1 0 0 0 0 0 3 353 354 355 
2 0 8 9 10 2 1 356 
5 0 1 4 8 9 2 358 362 
8 0 0 1 6 3 2 359 365 
3 0 6 1 0 8 2 357 360 
4 1 0 0 0 0 3 370 371 381 
1 0 9 0 10 3 2 367 368 
7 0 6 0 2 5 3 361 364 374 
2 0 5 7 5 0 1 378 
3 1 0 0 0 0 2 369 370 
3 0 7 7 3 0 2 363 382 
10 0 6 6 9 0 1 373 
7 0 10 2 3 0 3 366 373 376 
2 0 3 5 0 6 3 368 372 377 
8 0 0 4 7 9 1 372 
10 0 0 4 0 8 1 371 
9 0 7 4 0 6 1 371 
6 1 0 0 0 0 1 376 
6 0 6 0 10 8 1 382 
3 0 1 9 7 3 1 380 
3 1 0 0 0 0 2 375 379 
10 0 2 0 5 7 1 375 
7 1 0 0 0 0 1 378 
10 0 9 0 6 4 1 381 
9 0 0 0 2 7 1 379 
9 0 4 8 7 9 1 379 
7 1 0 0 0 0 1 381 
8 0 5 10 9 1 1 380 
2 0 0 3 0 8 1 383 
7 0 1 7 0 6 1 383 
5 0 9 1 4 2 1 383 
1 0 0 0 0 0 0 
1 0 0 0 0 0 3 385 386 387 
7 0 0 0 4 0 3 391 393 398 
10 0 0 0 5 0 3 388 389 393 
7 0 0 3 0 0 3 389 390 395 
1 0 0 0 5 0 3 395 396 397 
6 0 0 0 9 0 3 392 407 413 
8 0 0 6 0 0 3 394 397 407 
7 0 0 0 5 0 3 395 396 401 
10 1 0 0 0 0 3 398 399 403 
8 0 0 0 0 6 3 399 405 414 
1 0 0 2 0 0 3 396 398 405 
4 0 5 0 0 0 3 399 402 406 
3 1 0 0 0 0 3 400 402 406 
4 1 0 0 0 0 3 402 404 406 
6 0 0 8 0 0 2 408 409 
4 1 0 0 0 0 1 411 
9 0 1 0 0 0 3 404 412 414 
6 0 0 0 4 0 3 404 407 408 
8 1 0 0 0 0 2 403 410 
6 0 0 2 0 0 1 409 
3 0 0 5 0 0 1 410 
1 1 0 0 0 0 2 408 410 
1 0 9 0 0 0 3 409 412 413 
7 0 0 0 1 0 1 411 
4 0 0 1 0 0 1 411 
6 0 0 4 0 0 1 414 
8 0 1 0 0 0 1 413 
7 0 5 0 0 0 1 412 
4 0 0 0 0 9 1 415 
2 0 0 10 0 0 1 415 
6 0 4 0 0 0 1 415 
1 0 0 0 0 0 0 
1 0 0 0 0 0 3 417 418 419 
7 0 3 10 7 0 3 426 430 434 
2 0 4 0 0 0 3 423 425 427 
4 0 0 0 0 4 3 420 421 422 
7 0 4 8 0 0 1 425 
9 0 0 8 1 3 3 433 435 438 
6 0 2 0 7 7 3 424 440 441 
3 0 0 9 2 2 3 436 442 444 
5 0 4 9 0 0 1 428 
9 0 0 0 10 1 2 435 438 
9 0 8 7 0 0 2 427 428 
6 0 0 9 7 0 2 429 431 
1 1 0 0 0 0 1 436 
1 0 0 0 0 1 3 432 438 439 
4 0 0 2 3 4 3 435 441 445 
3 0 4 0 0 0 1 432 
2 1 0 0 0 0 1 443 
3 0 8 7 0 0 2 434 437 
6 1 0 0 0 0 1 439 
6 1 0 0 0 0 3 436 437 444 
9 0 10 0 0 3 1 446 
6 0 0 2 0 0 1 442 
6 1 0 0 0 0 2 440 445 
3 1 0 0 0 0 2 443 445 
8 0 10 0 2 2 1 442 
5 0 5 10 9 0 1 443 
4 0 0 7 4 0 1 446 
1 0 0 0 9 5 2 444 446 
1 0 9 9 0 6 1 447 
5 0 0 7 3 0 1 447 
5 0 0 0 0 3 1 447 
1 0 0 0 0 0 0 
1 0 0 0 0 0 3 449 450 451 
7 0 0 0 0 10 1 455 
8 0 9 0 0 0 3 457 459 471 
8 0 0 7 0 0 3 452 453 462 
7 0 0 0 9 0 3 454 458 473 
6 0 0 0 0 1 3 456 465 471 
7 0 0 0 0 2 1 464 
8 0 0 0 7 0 2 456 468 
7 0 0 2 0 0 3 467 470 475 
10 0 0 0 2 0 2 461 463 
5 0 0 0 0 1 3 460 461 472 
3 0 0 0 6 0 3 460 472 473 
3 1 0 0 0 0 1 476 
1 0 4 0 0 0 1 475 
1 0 0 0 7 0 2 465 466 
5 0 0 0 0 9 3 464 467 473 
9 1 0 0 0 0 3 465 466 474 
5 0 0 0 0 7 2 468 470 
1 1 0 0 0 0 2 470 478 
3 1 0 0 0 0 1 477 
9 0 0 0 3 0 1 469 
5 0 0 0 10 0 1 476 
6 0 0 0 7 0 1 476 
8 0 0 0 8 0 2 472 474 
10 1 0 0 0 0 1 478 
3 1 0 0 0 0 2 475 477 
8 0 0 0 9 0 1 477 
8 0 1 0 0 0 1 478 
6 0 8 0 0 0 1 479 
9 0 0 10 0 0 1 479 
6 0 0 0 7 0 1 479 
1 0 0 0 0 0 0 
1 0 0 0 0 0 3 481 482 483 
7 0 0 0 5 4 3 486 487 488 
1 0 0 3 0 0 3 484 485 489 
3 0 3 9 0 2 3 487 492 507 
5 0 0 0 9 9 3 486 494 502 
8 0 0 6 0 0 3 487 492 500 
4 0 1 0 0 0 2 490 493 
4 0 0 0 7 0 3 494 496 508 
5 0 10 0 0 0 3 495 498 501 
1 0 4 10 0 0 3 493 497 499 
10 0 3 0 9 10 3 491 495 501 
10 0 10 3 0 2 2 497 505 
9 0 1 9 0 0 3 494 496 504 
10 0 4 5 0 0 1 501 
6 1 0 0 0 0 2 498 505 
4 1 0 0 0 0 3 497 504 507 
6 1 0 0 0 0 2 498 502 
9 0 4 0 3 0 2 500 508 
9 1 0 0 0 0 2 503 509 
7 0 5 8 4 7 2 500 502 
4 0 0 0 0 8 2 503 506 
6 1 0 0 0 0 3 504 507 508 
1 1 0 0 0 0 3 503 505 506 
2 0 0 0 3 1 1 510 
9 0 0 8 9 0 2 506 509 
1 0 10 10 0 2 1 509 
1 0 8 0 4 0 1 510 
4 0 0 0 3 0 1 510 
7 0 8 3 0 9 1 511 
3 0 10 0 0 0 1 511 
8 0 2 5 2 5 1 511 
1 0 0 0 0 0 0 
1 0 0 0 0 0 3 513 514 515 
6 0 5 0 0 8 3 524 527 530 
6 0 0 0 0 9 2 522 541 
10 0 0 8 4 0 3 516 525 540 
1 0 10 7 0 0 2 517 521 
7 0 4 0 0 7 3 518 519 520 
10 0 0 0 6 6 2 526 529 
5 0 3 7 10 0 2 528 532 
6 0 0 10 8 0 2 526 533 
4 0 7 0 3 0 3 523 524 527 
8 0 0 1 0 5 3 535 536 540 
8 1 0 0 0 0 1 532 
10 0 6 10 0 0 2 529 532 
3 0 6 0 4 6 1 534 
6 1 0 0 0 0 3 527 531 538 
3 1 0 0 0 0 1 542 
7 1 0 0 0 0 1 530 
4 0 0 0 2 0 3 531 538 541 
4 1 0 0 0 0 3 531 537 538 
3 1 0 0 0 0 2 535 536 
5 1 0 0 0 0 1 533 
3 1 0 0 0 0 2 534 536 
1 0 5 8 10 2 2 535 537 
3 1 0 0 0 0 1 542 
9 0 0 1 5 10 1 539 
3 0 0 0 0 1 1 541 
3 1 0 0 0 0 1 539 
8 0 0 0 4 10 1 542 
9 1 0 0 0 0 1 543 
7 0 0 0 0 4 1 543 
9 0 0 8 7 0 1 543 
1 0 0 0 0 0 0 
1 0 0 0 0 0 3 545 546 547 
4 0 0 0 0 3 3 550 559 561 
4 0 0 0 9 0 3 548 554 556 
1 0 0 0 0 1 2 549 561 
9 0 0 8 0 0 3 557 568 572 
9 0 0 3 0 0 3 552 554 558 
9 0 1 0 0 0 3 551 552 567 
5 1 0 0 0 0 3 555 560 564 
6 1 0 0 0 0 3 553 562 569 
4 1 0 0 0 0 3 565 566 571 
8 0 3 0 0 0 1 559 
1 1 0 0 0 0 3 563 568 569 
1 0 0 0 2 0 2 558 570 
2 1 0 0 0 0 1 570 
3 0 0 3 0 0 2 563 573 
6 0 0 0 8 0 1 573 
7 1 0 0 0 0 1 566 
2 0 0 0 0 5 3 562 565 568 
9 0 0 0 3 0 2 563 574 
5 0 0 0 5 0 1 572 
9 0 0 0 3 0 2 565 566 
1 0 10 0 0 0 1 574 
3 0 3 0 0 0 1 573 
2 0 0 9 0 0 1 571 
10 0 0 0 0 4 1 570 
1 1 0 0 0 0 1 571 
8 0 7 0 0 0 1 574 
10 0 0 0 0 8 1 572 
2 0 9 0 0 0 1 575 
5 0 0 0 0 8 1 575 
2 0 0 0 4 0 1 575 
1 0 0 0 0 0 0 
1 0 0 0 0 0 3 577 578 579 
8 0 0 0 0 4 3 580 581 582 
2 0 7 4 5 3 1 584 
10 0 9 8 0 0 1 605 
1 0 4 10 8 6 2 592 595 
10 0 6 7 2 6 3 583 586 588 
2 0 1 10 2 4 1 599 
5 1 0 0 0 0 2 591 594 
2 0 1 10 0 2 3 585 587 593 
6 0 6 0 8 0 1 589 
6 0 0 1 8 2 3 590 591 599 
3 0 0 4 1 2 1 603 
3 1 0 0 0 0 1 596 
1 0 4 7 2 9 2 594 601 
8 0 9 6 0 1 1 603 
6 1 0 0 0 0 1 595 
9 0 0 10 8 0 1 597 
10 0 7 10 1 0 1 603 
7 0 3 9 5 1 2 602 604 
9 0 1 0 5 4 1 606 
5 1 0 0 0 0 2 604 605 
5 0 10 4 9 2 3 598 600 602 
4 1 0 0 0 0 1 601 
3 1 0 0 0 0 1 600 
4 1 0 0 0 0 1 605 
10 0 9 0 2 0 1 606 
9 0 7 10 2 0 1 606 
7 0 0 0 3 0 1 604 
7 0 1 7 5 7 1 607 
7 0 1 8 9 0 1 607 
8 0 0 8 2 5 1 607 
1 0 0 0 0 0 0 
1 0 0 0 0 0 3 609 610 611 
3 0 0 1 0 0 3 614 617 618 
4 0 0 0 9 0 3 613 620 625 
10 0 0 0 8 0 3 612 615 616 
7 0 7 0 0 0 3 619 624 626 
2 0 4 0 0 0 3 617 623 630 
6 0 0 6 0 0 2 621 629 
9 0 0 10 0 0 3 624 627 630 
8 0 0 9 0 0 3 617 621 622 
8 0 0 10 0 0 1 628 
7 0 0 0 0 3 3 619 623 625 
2 0 8 0 0 0 3 620 630 631 
7 0 0 0 0 2 2 637 638 
6 0 0 0 0 8 3 626 628 632 
3 0 0 0 7 0 2 623 631 
6 0 0 0 8 0 3 626 627 628 
9 0 5 0 0 0 3 625 629 631 
7 1 0 0 0 0 2 633 636 
5 0 0 6 0 0 1 634 
7 1 0 0 0 0 2 629 634 
4 1 0 0 0 0 1 635 
9 0 0 0 0 4 2 632 633 
9 0 0 0 2 0 3 632 633 636 
1 1 0 0 0 0 2 634 638 
3 0 0 9 0 0 2 637 638 
5 0 0 1 0 0 1 635 
5 1 0 0 0 0 2 635 636 
8 0 7 0 0 0 1 637 
3 0 0 0 8 0 1 639 
3 0 0 0 0 10 1 639 
3 0 0 5 0 0 1 639 
1 0 0 0 0 0 0 
100.07 100.19 101.28 100.05 98.59 105.06 143.27 177.22 195.13 151.52 128.07 109.03 102.26 103.22 107 129.08 141.43 160.36 173.38 163.48 141.65 122.45 114.56 92.76 101.33 97.21 94.54 89.46 93.57 97.62 118.08 140.55 141.89 136.35 128.37 125 118.99 112.54 114.76 134.84 137.68 142.71 151.7 153.81 133.45 119.31 114.1 102.78 99.07 94.56 89.49 86.19 87.32 95.33 124.14 150.33 152.87 141.18 129.93 124.91 117.68 115.57 123.44 138.54 145.27 151.88 155.18 158.75 139.46 126.42 120.06 112.8 90 90.53 88.37 87.56 90.22 100 122.55 138.17 146.71 149 146.37 140 131.11 120.09 119.6 122.12 131.83 142.61 151.57 149.41 135.13 120.7 117.06 104.85 104.56 97.15 93.8 92.63 95.05 102.11 127.46 146.07 154.8 152.7 143.81 135.65 121.95 114.48 108.56 114.95 129.88 134.01 143.76 143.63 125.4 102.7 97.69 93.7 84.6 68.61 64.59 55 59.98 67.76 66.19 93.53 98.43 97.56 87.01 69.75 68 65.56 70.74 84.31 110.04 137.55 147.32 124.41 102.3 92.22 81.8 51.81 35.26 22.31 7.94 7.03 6.56 6.68 6.91 19.41 16.35 7.75 7.47 6.89 6.93 5.82 7.45 14.08 36.22 70.79 77.53 78.46 77.4 65.74 57.52 53.53 100.07 100.19 101.28 100.05 98.59 105.06 143.27 177.22 195.13 151.52 128.07 109.03 102.26 103.22 107 129.08 141.43 160.36 173.38 163.48 141.65 122.45 114.56 92.76 101.33 97.21 94.54 89.46 93.57 97.62 118.08 140.55 141.89 136.35 128.37 125 118.99 112.54 114.76 134.84 137.68 142.71 151.7 153.81 133.45 119.31 114.1 102.78 99.07 94.56 89.49 86.19 87.32 95.33 124.14 150.33 152.87 141.18 129.93 124.91 117.68 115.57 123.44 138.54 145.27 151.88 155.18 158.75 139.46 126.42 120.06 112.8 90 90.53 88.37 87.56 90.22 100 122.55 138.17 146.71 149 146.37 140 131.11 120.09 119.6 122.12 131.83 142.61 151.57 149.41 135.13 120.7 117.06 104.85 104.56 97.15 93.8 92.63 95.05 102.11 127.46 146.07 154.8 152.7 143.81 135.65 121.95 114.48 108.56 114.95 129.88 134.01 143.76 143.63 125.4 102.7 97.69 93.7 84.6 68.61 64.59 55 59.98 67.76 66.19 93.53 98.43 97.56 87.01 69.75 68 65.56 70.74 84.31 110.04 137.55 147.32 124.41 102.3 92.22 81.8 51.81 35.26 22.31 7.94 7.03 6.56 6.68 6.91 19.41 16.35 7.75 7.47 6.89 6.93 5.82 7.45 14.08 36.22 70.79 77.53 78.46 77.4 65.74 57.52 53.53 100.07 100.19 101.28 100.05 98.59 105.06 143.27 177.22 195.13 151.52 128.07 109.03 102.26 103.22 107 129.08 141.43 160.36 173.38 163.48 141.65 122.45 114.56 92.76 101.33 97.21 94.54 89.46 93.57 97.62 118.08 140.55 141.89 136.35 128.37 125 118.99 112.54 114.76 134.84 137.68 142.71 151.7 153.81 133.45 119.31 114.1 102.78 99.07 94.56 89.49 86.19 87.32 95.33 124.14 150.33 152.87 141.18 129.93 124.91 117.68 115.57 123.44 138.54 145.27 151.88 155.18 158.75 139.46 126.42 120.06 112.8 90 90.53 88.37 87.56 90.22 100 122.55 138.17 146.71 149 146.37 140 131.11 120.09 119.6 122.12 131.83 142.61 151.57 149.41 135.13 120.7 117.06 104.85 104.56 97.15 93.8 92.63 95.05 102.11 127.46 146.07 154.8 152.7 143.81 135.65 121.95 114.48 108.56 114.95 129.88 134.01 143.76 143.63 125.4 102.7 97.69 93.7 84.6 68.61 64.59 55 59.98 67.76 66.19 93.53 98.43 97.56 87.01 69.75 68 65.56 70.74 84.31 110.04 137.55 147.32 124.41 102.3 92.22 81.8 51.81 35.26 22.31 7.94 7.03 6.56 6.68 6.91 19.41 16.35 7.75 7.47 6.89 6.93 5.82 7.45 14.08 36.22 70.79 77.53 78.46 77.4 65.74 57.52 53.53 100.07 100.19 101.28 100.05 98.59 105.06 143.27 177.22 195.13 151.52 128.07 109.03 102.26 103.22 107 129.08 141.43 160.36 173.38 163.48 141.65 122.45 114.56 92.76 101.33 97.21 94.54 89.46 93.57 97.62 118.08 140.55 141.89 136.35 128.37 125 118.99 112.54 114.76 134.84 137.68 142.71 151.7 153.81 133.45 119.31 114.1 102.78 99.07 94.56 89.49 86.19 87.32 95.33 124.14 150.33 152.87 141.18 129.93 124.91 117.68 115.57 123.44 138.54 145.27 151.88 155.18 158.75 139.46 126.42 120.06 112.8 90 90.53 88.37 87.56 90.22 100 122.55 138.17 146.71 149 146.37 140 131.11 120.09 119.6 122.12 131.83 142.61 151.57 149.41 135.13 120.7 117.06 104.85 104.56 97.15 93.8 92.63 95.05 102.11 127.46 146.07 154.8 152.7 143.81 135.65 121.95 114.48 108.56 114.95 129.88 134.01 143.76 143.63 125.4 102.7 97.69 93.7 84.6 68.61 64.59 55 59.98 67.76 66.19 93.53 98.43 97.56 87.01 69.75 68 65.56 70.74 84.31 110.04 137.55 147.32 124.41 102.3 92.22 81.8 51.81 35.26 22.31 7.94 7.03 6.56 6.68 6.91 19.41 16.35 7.75 7.47 6.89 6.93 5.82 7.45 14.08 36.22 70.79 77.53 78.46 77.4 65.74 57.52 53.53 100.07 100.19 101.28 100.05 98.59 105.06 143.27 177.22 195.13 151.52 128.07 109.03 102.26 103.22 107 129.08 141.43 160.36 173.38 163.48 141.65 122.45 114.56 92.76 101.33 97.21 94.54 89.46 93.57 97.62 118.08 140.55 141.89 136.35 128.37 125 118.99 112.54 114.76 134.84 137.68 142.71 151.7 153.81 133.45 119.31 114.1 102.78 99.07 94.56 89.49 86.19 87.32 95.33 124.14 150.33 152.87 141.18 129.93 124.91 117.68 115.57 123.44 138.54 145.27 151.88 155.18 158.75 139.46 126.42 120.06 112.8 90 90.53 88.37 87.56 90.22 100 122.55 138.17 146.71 149 146.37 140 131.11 120.09 119.6 122.12 131.83 142.61 151.57 149.41 135.13 120.7 117.06 104.85 104.56 97.15 93.8 92.63 95.05 102.11 127.46 146.07 154.8 152.7 143.81 135.65 121.95 114.48 108.56 114.95 129.88 134.01 143.76 143.63 125.4 102.7 97.69 93.7 84.6 68.61 64.59 55 59.98 67.76 66.19 93.53 98.43 97.56 87.01 69.75 68 65.56 70.74 84.31 110.04 137.55 147.32 124.41 102.3 92.22 81.8 51.81 35.26 22.31 7.94 7.03 6.56 6.68 6.91 19.41 16.35 7.75 7.47 6.89 6.93 5.82 7.45 14.08 36.22 70.79 77.53 78.46 77.4 65.74 57.52 53.53 100.07 100.19 101.28 100.05 98.59 105.06 143.27 177.22 195.13 151.52 128.07 109.03 102.26 103.22 107 129.08 141.43 160.36 173.38 163.48 141.65 122.45 114.56 92.76 101.33 97.21 94.54 89.46 93.57 97.62 118.08 140.55 141.89 136.35 128.37 125 118.99 112.54 114.76 134.84 137.68 142.71 151.7 153.81 133.45 119.31 114.1 102.78 99.07 94.56 89.49 86.19 87.32 95.33 124.14 150.33 152.87 141.18 129.93 124.91 117.68 115.57 123.44 138.54 145.27 151.88 155.18 158.75 139.46 126.42 120.06 112.8 90 90.53 88.37 87.56 90.22 100 122.55 138.17 146.71 149 146.37 140 131.11 120.09 119.6 122.12 131.83 142.61 151.57 149.41 135.13 120.7 117.06 104.85 104.56 97.15 93.8 92.63 95.05 102.11 127.46 146.07 154.8 152.7 143.81 135.65 121.95 114.48 108.56 114.95 129.88 134.01 143.76 143.63 125.4 102.7 97.69 93.7 84.6 68.61 64.59 55 59.98 67.76 66.19 93.53 98.43 97.56 87.01 69.75 68 65.56 70.74 84.31 110.04 137.55 147.32 124.41 102.3 92.22 81.8 51.81 35.26 22.31 7.94 7.03 6.56 6.68 6.91 19.41 16.35 7.75 7.47 6.89 6.93 5.82 7.45 14.08 36.22 70.79 77.53 78.46 77.4 65.74 57.52 53.53 100.07 100.19 101.28 100.05 98.59 105.06 143.27 177.22 195.13 151.52 128.07 109.03 102.26 103.22 107 129.08 141.43 160.36 173.38 163.48 141.65 122.45 114.56 92.76 101.33 97.21 94.54 89.46 93.57 97.62 118.08 140.55 141.89 136.35 128.37 125 118.99 112.54 114.76 134.84 137.68 142.71 151.7 153.81 133.45 119.31 114.1 102.78 99.07 94.56 89.49 86.19 87.32 95.33 124.14 150.33 152.87 141.18 129.93 124.91 117.68 115.57 123.44 138.54 145.27 151.88 155.18 158.75 139.46 126.42 120.06 112.8 90 90.53 88.37 87.56 90.22 100 122.55 138.17 146.71 149 146.37 140 131.11 120.09 119.6 122.12 131.83 142.61 151.57 149.41 135.13 120.7 117.06 104.85 104.56 97.15 93.8 92.63 95.05 102.11 127.46 146.07 154.8 152.7 143.81 135.65 121.95 114.48 108.56 114.95 129.88 134.01 143.76 143.63 125.4 102.7 97.69 93.7 84.6 68.61 64.59 55 59.98 67.76 66.19 93.53 98.43 97.56 87.01 69.75 68 65.56 70.74 84.31 110.04 137.55 147.32 124.41 102.3 92.22 81.8 51.81 35.26 22.31 7.94 7.03 6.56 6.68 6.91 19.41 16.35 7.75 7.47 6.89 6.93 5.82 7.45 14.08 36.22 70.79 77.53 78.46 77.4 65.74 57.52 53.53 100.07 100.19 101.28 100.05 98.59 105.06 143.27 177.22 195.13 151.52 128.07 109.03 102.26 103.22 107 129.08 141.43 160.36 173.38 163.48 141.65 122.45 114.56 92.76 101.33 97.21 94.54 89.46 93.57 97.62 118.08 140.55 141.89 136.35 128.37 125 118.99 112.54 
