640 5
1 43 40 44 35 
1 0 0 0 0 0 3 1 2 3 
7 0 6 3 5 0 2 14 15 
9 0 2 7 7 0 3 4 12 27 
7 0 3 0 8 6 3 5 6 9 
1 0 3 5 6 9 2 7 19 
1 0 2 1 4 6 1 15 
5 0 7 5 0 7 3 8 14 25 
10 0 0 5 8 0 3 11 13 22 
3 0 10 5 7 9 3 12 17 27 
10 0 1 5 5 4 3 10 17 27 
1 0 10 5 0 1 3 16 19 21 
4 1 0 0 0 0 1 21 
5 1 0 0 0 0 3 13 20 29 
7 0 6 5 8 10 1 23 
6 0 2 9 2 6 2 16 24 
6 0 6 9 4 0 2 17 19 
9 0 0 2 0 8 2 28 30 
9 1 0 0 0 0 2 18 20 
10 0 8 0 2 3 2 26 29 
5 1 0 0 0 0 1 28 
6 1 0 0 0 0 2 24 28 
10 0 5 0 0 7 2 25 26 
3 0 2 9 5 10 1 25 
4 0 3 0 8 6 1 24 
7 0 5 3 7 0 1 26 
8 0 0 0 8 3 1 30 
6 0 0 4 6 1 1 30 
8 1 0 0 0 0 1 29 
8 0 1 5 6 2 1 31 
3 0 10 10 6 0 1 31 
1 0 5 7 0 8 1 31 
1 0 0 0 0 0 0 
1 0 0 0 0 0 3 33 34 35 
4 0 6 0 3 0 1 36 
3 0 5 8 5 9 3 38 47 54 
7 0 0 10 9 1 3 38 41 42 
3 0 0 9 0 0 3 37 39 44 
9 0 9 3 9 7 3 40 45 54 
7 0 7 0 9 8 2 51 55 
7 0 0 2 4 7 2 46 52 
8 0 8 0 1 8 3 47 55 62 
9 0 8 1 5 7 3 49 52 55 
7 0 6 2 10 1 3 43 56 58 
3 0 0 3 6 0 1 48 
6 0 7 1 0 3 1 46 
2 0 4 0 4 0 2 48 60 
6 1 0 0 0 0 2 51 53 
4 0 3 0 2 0 2 58 59 
10 1 0 0 0 0 2 49 52 
1 0 0 9 1 6 3 50 51 59 
4 0 0 9 9 5 1 53 
9 0 6 7 7 6 1 57 
1 0 8 4 0 8 1 59 
2 0 1 5 8 10 1 57 
9 1 0 0 0 0 1 56 
1 0 3 6 7 8 2 58 61 
2 1 0 0 0 0 3 57 60 61 
3 0 7 2 9 8 1 62 
1 0 0 7 0 9 1 60 
2 0 7 10 10 2 1 61 
3 0 0 3 0 0 1 63 
6 0 5 6 7 0 1 63 
8 0 10 0 6 10 1 63 
1 0 0 0 0 0 0 
1 0 0 0 0 0 3 65 66 67 
4 0 4 8 0 0 3 68 70 79 
1 0 5 0 0 5 2 69 77 
5 0 4 0 0 3 2 71 90 
9 0 0 3 0 3 3 78 81 93 
10 0 0 4 3 0 3 73 74 89 
6 0 9 0 2 2 1 84 
1 0 0 4 0 0 3 72 74 92 
9 0 9 5 0 0 2 82 85 
2 0 0 10 7 0 1 80 
8 0 0 0 7 3 3 75 76 83 
8 1 0 0 0 0 1 82 
8 1 0 0 0 0 1 85 
2 0 4 10 0 7 1 85 
2 0 8 0 3 0 3 83 88 91 
10 0 3 2 4 5 1 91 
8 0 7 5 0 0 1 93 
10 0 10 3 0 0 1 86 
2 0 0 0 1 0 1 88 
10 1 0 0 0 0 1 94 
5 0 3 0 5 0 1 87 
3 1 0 0 0 0 1 88 
6 1 0 0 0 0 1 87 
5 0 2 5 0 4 1 89 
10 0 0 0 0 2 1 94 
10 0 5 6 0 10 1 94 
8 0 0 5 0 0 1 91 
10 0 0 5 0 0 1 92 
2 0 0 0 3 1 1 95 
10 1 0 0 0 0 1 95 
3 0 3 0 5 0 1 95 
1 0 0 0 0 0 0 
1 0 0 0 0 0 3 97 98 99 
6 0 0 0 9 0 1 112 
2 0 8 0 0 0 3 100 106 111 
6 0 9 0 0 0 1 102 
2 0 8 0 0 0 3 101 104 114 
1 0 0 0 0 2 2 103 109 
1 0 3 0 0 0 2 105 108 
4 0 0 7 0 0 3 107 113 118 
2 0 4 0 0 0 2 109 117 
10 0 0 0 0 4 2 119 120 
4 0 0 0 1 0 1 110 
10 1 0 0 0 0 1 123 
4 0 0 7 0 0 3 110 116 126 
8 0 0 0 0 8 1 123 
9 0 0 8 0 0 1 115 
1 0 0 0 3 0 1 121 
3 0 6 0 0 0 2 113 119 
4 1 0 0 0 0 1 125 
2 0 0 0 0 5 1 121 
7 0 0 5 0 0 2 124 125 
10 0 5 0 0 0 1 117 
2 1 0 0 0 0 1 122 
8 0 0 0 0 8 1 126 
10 0 0 8 0 0 1 122 
1 1 0 0 0 0 1 121 
7 0 0 5 0 0 1 122 
1 0 0 5 0 0 2 123 124 
10 0 0 0 1 0 1 125 
9 0 0 0 0 3 1 127 
3 0 0 6 0 0 1 127 
4 0 0 0 0 8 1 127 
1 0 0 0 0 0 0 
1 0 0 0 0 0 3 129 130 131 
2 0 9 4 0 0 1 132 
10 0 10 0 0 4 3 133 150 158 
4 0 0 0 0 7 3 147 149 154 
2 0 3 0 9 0 3 135 139 145 
1 0 8 0 8 1 3 134 136 148 
4 0 0 4 7 5 3 137 138 140 
1 1 0 0 0 0 1 142 
10 0 0 0 8 9 2 138 147 
10 0 0 0 3 0 3 139 144 154 
6 1 0 0 0 0 3 141 143 153 
6 1 0 0 0 0 1 146 
1 0 0 0 3 7 3 144 145 149 
3 0 4 7 0 8 3 145 149 155 
3 1 0 0 0 0 3 143 146 151 
7 1 0 0 0 0 2 144 155 
7 0 8 2 2 0 1 157 
9 0 8 9 0 0 1 154 
1 1 0 0 0 0 1 147 
9 0 0 0 0 5 1 152 
3 0 9 1 0 0 1 153 
2 1 0 0 0 0 1 156 
7 0 6 2 0 0 2 152 156 
9 0 0 0 4 9 2 152 158 
1 0 0 2 7 0 1 153 
5 0 3 0 0 4 1 155 
9 0 7 2 0 0 2 156 157 
7 0 3 0 0 7 1 157 
10 0 3 0 0 7 1 159 
3 0 0 7 0 0 1 159 
8 0 2 0 0 10 1 159 
1 0 0 0 0 0 0 
1 0 0 0 0 0 3 161 162 163 
3 0 7 7 0 0 3 165 171 186 
5 0 4 7 5 9 2 179 186 
2 0 6 8 6 0 3 164 175 185 
8 0 8 0 0 1 3 167 173 180 
5 0 0 10 0 5 1 166 
7 0 6 0 0 10 3 168 169 172 
5 0 0 8 0 3 3 174 187 190 
9 0 5 0 5 4 2 170 179 
5 0 4 0 2 1 3 173 182 183 
8 1 0 0 0 0 3 175 176 182 
3 0 4 2 3 8 1 185 
7 0 8 10 5 0 3 175 176 184 
1 0 3 2 3 4 2 174 184 
9 1 0 0 0 0 2 177 179 
10 0 1 0 6 2 3 181 189 190 
10 0 0 4 4 8 2 183 185 
3 1 0 0 0 0 1 178 
7 0 0 8 6 6 1 181 
3 0 9 9 6 0 1 188 
3 0 8 6 0 7 3 182 183 188 
1 0 4 6 0 9 1 188 
9 0 10 9 5 4 1 184 
10 0 0 6 6 1 1 187 
4 0 7 4 0 0 1 187 
2 0 6 5 7 5 1 189 
7 0 0 9 1 4 1 190 
4 0 3 0 0 0 1 189 
3 0 4 9 3 1 1 191 
2 0 8 5 3 5 1 191 
3 0 1 9 10 9 1 191 
1 0 0 0 0 0 0 
1 0 0 0 0 0 3 193 194 195 
7 0 3 10 4 4 3 196 206 212 
10 0 5 8 9 8 3 198 199 205 
2 0 4 4 3 9 3 202 205 215 
6 0 7 5 9 10 3 197 200 201 
8 0 4 7 3 4 3 199 204 221 
1 0 2 6 9 7 3 204 206 212 
8 0 3 7 9 8 2 207 209 
1 0 10 4 8 3 3 202 207 211 
7 0 10 10 3 1 3 203 209 210 
4 0 4 1 4 5 3 208 214 217 
6 1 0 0 0 0 3 204 205 213 
4 1 0 0 0 0 2 207 222 
9 1 0 0 0 0 3 214 218 220 
10 0 8 1 3 9 3 209 210 211 
1 1 0 0 0 0 1 208 
7 0 10 2 8 5 1 220 
8 0 6 3 3 8 3 215 216 217 
6 1 0 0 0 0 3 213 218 219 
2 1 0 0 0 0 2 216 219 
5 0 6 5 9 1 3 213 214 218 
6 0 2 3 9 7 3 215 216 217 
2 0 2 10 8 4 1 219 
2 0 10 10 7 7 1 220 
6 0 6 7 9 5 1 222 
9 0 8 6 4 7 1 222 
4 0 7 5 7 7 1 221 
10 0 2 10 9 4 1 221 
3 0 7 9 6 6 1 223 
5 0 10 4 6 4 1 223 
8 0 9 4 4 9 1 223 
1 0 0 0 0 0 0 
1 0 0 0 0 0 3 225 226 227 
6 0 0 0 8 0 3 230 243 248 
6 0 8 0 0 0 3 228 244 249 
9 0 8 0 0 0 3 231 232 233 
7 0 0 0 0 5 3 229 250 252 
3 0 9 0 0 0 2 240 245 
2 0 0 0 0 2 2 246 247 
10 0 0 7 0 0 1 234 
4 0 0 0 1 0 2 235 243 
2 0 8 0 0 0 2 245 251 
8 0 0 0 0 6 3 236 238 239 
7 0 0 0 0 10 3 240 242 254 
8 0 9 0 0 0 3 237 246 254 
8 0 0 0 1 0 1 242 
1 1 0 0 0 0 1 241 
10 1 0 0 0 0 3 241 242 248 
9 0 3 0 0 0 1 253 
3 1 0 0 0 0 2 243 247 
8 0 0 0 0 10 2 245 252 
3 1 0 0 0 0 1 246 
7 0 0 0 0 6 2 248 251 
7 0 0 10 0 0 1 253 
9 0 0 0 0 6 2 249 253 
2 1 0 0 0 0 2 249 250 
1 1 0 0 0 0 1 250 
4 0 3 0 0 0 1 251 
6 0 0 0 0 2 1 254 
7 0 0 0 0 2 1 252 
7 0 0 6 0 0 1 255 
8 0 3 0 0 0 1 255 
1 0 0 0 5 0 1 255 
1 0 0 0 0 0 0 
1 0 0 0 0 0 3 257 258 259 
2 0 0 7 4 7 3 261 262 263 
6 0 3 4 7 0 3 260 262 278 
8 0 7 0 10 8 3 266 270 277 
6 0 0 9 3 10 3 261 265 272 
8 0 4 5 0 4 3 264 266 275 
3 0 1 8 2 7 3 271 277 279 
3 0 0 2 8 6 3 265 269 272 
4 0 8 8 2 0 3 267 268 282 
7 0 10 3 6 10 3 267 275 282 
6 1 0 0 0 0 3 273 276 286 
4 1 0 0 0 0 3 271 276 280 
2 0 7 3 5 0 3 273 277 279 
5 0 1 8 0 3 3 273 278 279 
10 0 4 2 7 2 3 271 274 278 
5 1 0 0 0 0 1 281 
3 1 0 0 0 0 3 274 276 286 
10 0 8 0 6 4 1 283 
7 1 0 0 0 0 2 275 284 
1 1 0 0 0 0 1 281 
7 0 7 1 0 0 2 283 285 
3 0 10 2 4 0 2 284 285 
1 1 0 0 0 0 2 280 282 
1 1 0 0 0 0 1 280 
7 0 1 2 7 0 1 281 
4 0 3 8 4 5 1 285 
4 0 0 10 7 0 2 283 286 
2 0 0 4 0 0 1 284 
7 0 3 3 1 9 1 287 
8 0 5 5 10 2 1 287 
10 0 3 9 2 4 1 287 
1 0 0 0 0 0 0 
1 0 0 0 0 0 3 289 290 291 
7 0 6 3 5 0 2 302 303 
9 0 2 7 7 0 3 292 300 315 
7 0 3 0 8 6 3 293 294 297 
1 0 3 5 6 9 2 295 307 
1 0 2 1 4 6 1 303 
5 0 7 5 0 7 3 296 302 313 
10 0 0 5 8 0 3 299 301 310 
3 0 10 5 7 9 3 300 305 315 
10 0 1 5 5 4 3 298 305 315 
1 1 0 0 0 0 3 304 307 309 
4 0 7 1 0 0 1 309 
5 1 0 0 0 0 3 301 308 317 
7 1 0 0 0 0 1 311 
6 0 2 9 2 6 2 304 312 
6 0 6 9 4 0 2 305 307 
9 0 0 2 0 8 2 316 318 
9 1 0 0 0 0 2 306 308 
10 0 8 0 2 3 2 314 317 
5 1 0 0 0 0 1 316 
6 0 8 4 1 8 2 312 316 
10 0 5 0 0 7 2 313 314 
3 0 2 9 5 10 1 313 
4 0 3 0 8 6 1 312 
7 0 5 3 7 0 1 314 
8 0 0 0 8 3 1 318 
6 0 0 4 6 1 1 318 
8 1 0 0 0 0 1 317 
8 0 1 5 6 2 1 319 
3 0 10 10 6 0 1 319 
1 0 5 7 0 8 1 319 
1 0 0 0 0 0 0 
1 0 0 0 0 0 3 321 322 323 
6 0 10 10 4 0 2 342 348 
6 0 9 3 0 0 3 329 332 345 
9 0 1 0 2 2 3 324 325 326 
1 0 1 0 8 6 3 337 339 343 
5 0 0 9 5 4 3 330 333 342 
10 0 0 9 6 0 3 327 328 336 
2 0 3 5 2 0 2 331 339 
6 0 2 0 4 10 1 335 
7 0 3 5 0 2 3 331 334 336 
1 0 0 4 8 0 1 334 
6 1 0 0 0 0 1 340 
1 0 8 3 5 5 1 341 
10 0 0 3 9 9 2 338 346 
8 1 0 0 0 0 2 338 339 
5 1 0 0 0 0 2 340 344 
7 1 0 0 0 0 2 340 346 
9 0 7 6 7 0 1 338 
5 1 0 0 0 0 3 341 347 350 
10 0 2 3 4 7 2 347 349 
3 0 0 8 0 3 3 341 342 347 
5 0 1 1 5 3 1 349 
2 0 7 6 7 8 1 350 
4 0 0 8 5 8 1 345 
8 0 0 4 6 4 3 345 346 349 
2 0 1 0 7 3 1 350 
2 0 6 0 7 4 1 348 
6 0 10 8 10 1 1 348 
2 0 0 7 4 3 1 351 
10 0 6 8 1 6 1 351 
9 0 0 4 0 2 1 351 
1 0 0 0 0 0 0 
1 0 0 0 0 0 3 353 354 355 
1 1 0 0 0 0 1 382 
1 0 9 6 3 9 3 356 359 365 
8 0 10 9 5 7 3 357 362 372 
7 0 9 1 7 4 1 363 
2 0 4 5 3 5 2 358 361 
9 0 9 2 6 2 2 369 376 
9 0 2 1 9 9 1 360 
4 0 4 3 6 9 3 361 364 366 
10 0 1 9 5 9 1 368 
1 1 0 0 0 0 1 377 
3 0 2 9 3 9 1 367 
10 1 0 0 0 0 1 375 
3 0 7 8 10 6 2 371 374 
3 0 7 2 2 2 2 368 370 
10 0 7 6 9 2 1 374 
8 0 1 8 4 1 1 378 
2 0 10 10 2 3 1 377 
9 1 0 0 0 0 1 373 
5 0 7 9 8 7 1 375 
3 0 4 6 9 1 2 375 379 
10 0 2 2 3 8 3 377 379 382 
1 1 0 0 0 0 1 376 
6 0 6 1 2 3 1 381 
4 1 0 0 0 0 2 379 382 
8 0 8 6 5 3 2 380 381 
2 0 1 3 10 3 1 380 
5 0 9 1 4 10 1 381 
1 0 2 3 6 10 1 383 
1 0 4 3 3 3 1 383 
10 0 9 5 10 9 1 383 
1 0 0 0 0 0 0 
1 0 0 0 0 0 3 385 386 387 
5 0 5 0 8 3 2 389 392 
4 0 6 7 8 0 1 394 
7 0 8 0 4 5 3 388 390 400 
3 1 0 0 0 0 3 391 396 405 
10 0 5 3 6 9 1 395 
4 0 1 8 1 8 3 393 402 411 
2 0 5 5 0 3 1 412 
7 0 2 3 0 0 3 396 401 403 
7 0 1 0 0 8 1 401 
3 0 5 9 0 6 2 399 414 
2 1 0 0 0 0 1 398 
4 1 0 0 0 0 2 397 402 
2 1 0 0 0 0 1 409 
2 0 0 1 0 2 1 407 
7 1 0 0 0 0 1 411 
5 0 9 0 0 10 1 404 
3 0 6 10 9 0 1 406 
6 0 5 6 0 8 1 410 
4 0 5 3 9 0 2 405 408 
6 0 8 8 10 8 2 409 410 
5 0 1 4 0 2 1 409 
7 0 0 0 10 2 2 410 413 
3 1 0 0 0 0 2 408 413 
2 0 0 10 8 4 1 414 
6 0 4 9 10 2 1 411 
1 0 1 7 3 2 1 412 
4 0 0 4 6 5 1 412 
4 0 5 0 8 0 1 415 
9 0 0 6 4 3 1 415 
1 0 0 5 1 6 1 415 
1 0 0 0 0 0 0 
1 0 0 0 0 0 3 417 418 419 
1 0 2 1 3 7 3 423 425 427 
5 0 7 3 4 10 2 420 421 
1 0 7 6 10 1 3 422 423 430 
9 0 4 8 4 10 2 426 428 
4 0 3 9 7 10 3 426 431 442 
6 0 3 9 10 9 3 427 431 434 
3 0 8 9 10 9 1 424 
8 0 3 7 4 9 3 429 436 442 
10 0 4 3 6 4 1 433 
4 0 2 4 2 1 3 430 438 440 
6 0 9 6 5 10 1 437 
10 0 2 7 9 1 3 432 437 444 
9 0 10 5 4 10 3 431 440 445 
5 0 4 8 6 3 1 443 
1 1 0 0 0 0 1 443 
10 1 0 0 0 0 3 434 438 439 
2 0 5 7 9 2 2 435 439 
4 1 0 0 0 0 2 436 441 
4 1 0 0 0 0 3 440 441 446 
7 0 8 5 7 3 1 446 
3 1 0 0 0 0 1 438 
8 0 7 5 10 10 1 441 
9 0 8 1 1 4 2 442 445 
7 0 7 10 6 10 1 443 
7 0 6 6 7 8 1 445 
2 0 10 9 7 10 1 446 
9 0 8 2 9 2 1 444 
6 0 7 6 2 9 1 447 
5 0 1 8 8 8 1 447 
5 0 10 3 1 4 1 447 
1 0 0 0 0 0 0 
1 0 0 0 0 0 3 449 450 451 
8 0 7 10 3 0 3 454 461 464 
3 0 8 6 1 2 3 452 453 467 
7 0 9 10 0 9 1 471 
2 0 10 0 0 8 1 465 
3 0 1 3 2 0 3 455 466 468 
6 0 1 10 3 9 1 457 
7 0 9 0 3 0 2 456 463 
9 0 2 3 0 0 2 459 471 
9 0 7 10 5 10 1 458 
3 0 0 5 3 6 2 460 462 
1 0 0 4 7 3 1 461 
2 1 0 0 0 0 2 468 469 
5 1 0 0 0 0 2 472 478 
2 1 0 0 0 0 2 473 474 
5 0 7 3 6 0 1 476 
9 0 2 3 8 4 1 468 
3 0 5 9 4 6 1 476 
2 1 0 0 0 0 1 472 
3 0 4 2 6 0 1 471 
3 0 0 0 9 8 1 475 
8 1 0 0 0 0 1 470 
9 0 1 7 10 4 3 472 474 478 
4 0 9 3 0 1 2 473 478 
7 0 0 8 0 0 1 477 
3 1 0 0 0 0 1 475 
9 0 3 1 7 0 1 475 
9 0 8 7 6 5 1 476 
4 0 0 2 2 7 1 479 
5 0 0 9 8 4 1 479 
2 0 9 9 0 0 1 479 
1 0 0 0 0 0 0 
1 0 0 0 0 0 3 481 482 483 
2 0 7 3 5 0 3 485 487 490 
8 0 0 6 0 3 3 484 486 493 
7 0 1 4 8 5 3 490 495 496 
8 1 0 0 0 0 2 491 502 
3 0 6 2 0 7 2 503 505 
5 0 3 5 0 4 2 499 501 
9 0 0 0 10 3 3 488 489 496 
7 1 0 0 0 0 2 492 503 
8 0 10 10 8 0 3 494 495 503 
8 0 6 4 0 1 1 494 
4 1 0 0 0 0 3 499 501 510 
10 0 8 6 6 0 1 502 
5 0 4 0 10 7 1 504 
7 0 4 0 2 0 2 500 501 
10 1 0 0 0 0 3 497 502 508 
3 0 10 0 4 8 1 505 
1 1 0 0 0 0 2 498 500 
1 0 0 8 8 10 1 509 
7 0 4 4 7 4 2 504 508 
8 0 9 0 6 9 1 506 
4 0 10 3 7 0 1 507 
1 0 0 0 7 9 2 504 510 
1 0 9 0 0 3 2 506 507 
2 0 7 0 8 7 1 509 
2 1 0 0 0 0 2 506 507 
4 0 7 6 7 8 2 509 510 
8 0 4 0 9 2 1 508 
1 0 2 9 4 10 1 511 
2 0 3 0 1 4 1 511 
3 0 0 2 0 1 1 511 
1 0 0 0 0 0 0 
1 0 0 0 0 0 3 513 514 515 
10 0 6 9 7 10 3 516 526 530 
2 0 5 6 6 5 3 517 522 537 
8 0 2 7 6 2 3 520 525 532 
5 0 2 1 4 8 3 518 519 531 
8 0 3 1 9 7 3 521 529 533 
8 0 5 2 3 6 1 523 
1 0 2 3 9 3 1 522 
3 0 6 10 3 2 1 541 
1 1 0 0 0 0 2 527 542 
9 0 8 6 1 5 1 524 
10 1 0 0 0 0 2 528 533 
1 0 5 3 1 10 1 534 
6 0 1 9 5 5 1 536 
9 0 10 6 5 2 2 528 535 
7 0 4 1 9 6 1 538 
3 0 1 5 2 8 2 539 542 
9 0 3 4 5 5 1 541 
9 0 9 1 1 8 1 532 
2 0 3 5 10 3 1 538 
5 0 3 7 8 9 1 537 
2 0 6 8 9 3 1 534 
8 0 1 10 2 3 2 535 540 
2 0 9 3 4 9 1 539 
6 1 0 0 0 0 1 539 
10 0 9 6 6 3 1 538 
9 0 4 3 2 2 1 540 
2 0 7 6 5 6 1 541 
3 0 2 9 4 2 1 543 
4 0 1 5 2 3 1 543 
4 0 5 2 10 1 1 543 
1 0 0 0 0 0 0 
1 0 0 0 0 0 3 545 546 547 
6 0 8 0 0 0 3 552 564 566 
3 0 0 0 0 2 3 548 549 551 
5 0 0 0 0 1 3 550 553 555 
6 0 7 0 0 0 3 554 560 562 
10 0 6 0 0 0 3 550 553 558 
5 0 6 0 0 0 3 562 564 570 
2 0 0 0 7 0 3 552 555 561 
10 0 0 0 0 4 2 560 565 
10 0 0 0 0 10 3 557 563 570 
7 0 0 0 10 0 3 556 557 563 
10 0 0 0 0 8 3 559 560 565 
3 0 4 0 0 0 3 559 567 569 
6 1 0 0 0 0 3 561 564 566 
8 0 5 0 0 0 2 559 574 
10 0 0 0 2 0 1 572 
1 0 1 0 0 0 2 568 570 
1 1 0 0 0 0 1 568 
1 0 0 0 8 0 2 563 569 
8 1 0 0 0 0 3 565 566 567 
3 1 0 0 0 0 3 567 569 572 
3 0 0 0 0 10 2 572 573 
8 0 0 0 3 0 1 574 
10 1 0 0 0 0 1 568 
6 0 0 0 0 8 2 571 573 
5 1 0 0 0 0 1 571 
10 0 0 0 0 7 2 571 573 
9 0 0 3 0 0 1 574 
8 1 0 0 0 0 1 575 
1 0 0 3 0 0 1 575 
9 0 0 0 2 0 1 575 
1 0 0 0 0 0 0 
1 0 0 0 0 0 3 577 578 579 
10 0 0 3 0 6 3 580 582 587 
8 0 7 0 4 7 3 580 581 589 
5 0 3 1 7 9 3 580 581 592 
2 0 1 5 7 8 2 597 604 
5 0 5 3 9 5 3 583 584 594 
10 0 1 3 8 7 2 583 589 
3 0 4 0 1 7 3 586 590 597 
6 0 10 9 5 10 1 585 
4 0 1 0 0 6 3 588 591 593 
4 1 0 0 0 0 2 593 601 
10 0 2 7 10 1 3 592 593 598 
2 1 0 0 0 0 3 596 600 603 
2 1 0 0 0 0 3 591 592 595 
1 1 0 0 0 0 3 595 598 600 
10 0 3 4 9 0 1 598 
7 1 0 0 0 0 3 594 597 599 
1 1 0 0 0 0 3 595 596 599 
6 0 0 8 8 0 3 596 601 604 
6 1 0 0 0 0 1 602 
2 1 0 0 0 0 1 602 
9 1 0 0 0 0 3 600 602 603 
7 0 8 0 1 2 2 599 605 
5 0 0 0 9 9 2 603 604 
8 0 0 9 3 0 2 601 606 
9 0 2 0 10 7 1 605 
9 0 0 5 3 6 2 605 606 
9 0 7 0 7 5 1 606 
7 0 3 1 10 1 1 607 
2 0 1 0 8 0 1 607 
3 0 0 7 9 8 1 607 
1 0 0 0 0 0 0 
1 0 0 0 0 0 3 609 610 611 
3 0 0 0 0 9 3 617 622 638 
1 0 0 2 0 0 3 618 620 624 
3 0 10 5 0 9 3 612 613 614 
1 0 2 0 2 3 3 623 625 627 
6 0 5 3 1 0 3 615 616 619 
2 0 1 9 3 7 1 617 
9 0 0 6 10 0 1 623 
5 0 0 0 6 0 3 621 630 635 
8 0 7 4 0 1 2 618 634 
10 0 0 3 0 7 2 628 632 
2 0 0 6 0 7 3 623 626 632 
3 0 8 0 9 0 1 636 
5 0 0 6 5 0 2 637 638 
1 0 0 4 0 0 2 628 631 
7 1 0 0 0 0 3 629 630 631 
7 0 0 0 0 2 2 627 629 
7 0 2 0 0 0 1 636 
4 0 0 7 2 0 2 627 628 
1 1 0 0 0 0 2 630 634 
7 1 0 0 0 0 1 633 
1 0 6 0 0 9 1 633 
5 1 0 0 0 0 2 633 638 
10 1 0 0 0 0 1 634 
8 1 0 0 0 0 1 635 
8 0 4 1 3 0 1 637 
3 0 0 9 0 2 2 635 636 
7 0 0 4 7 5 1 637 
4 0 8 3 0 0 1 639 
8 0 0 0 9 0 1 639 
5 0 7 0 0 8 1 639 
1 0 0 0 0 0 0 
320.08 278.04 276.37 269.64 272.56 298 395.95 415.08 433.97 417.26 405.17 396.9 382.27 369.8 321.83 285.04 323.16 379.26 400.34 458.03 469.9 452.12 450.05 419.15 395.49 349.57 330.04 331.5 334.34 362.1 419.64 453.66 448.9 388.88 328.99 318.21 310.48 260.07 260.89 283.21 313.94 388.64 416.77 484.23 506.94 480 463.69 400.45 416.05 365.61 321.83 319.95 325.04 332.22 411.97 435 457.37 397.64 321.45 299.67 261.99 240.72 190.02 193.6 212.55 285.16 339.64 415.78 440.35 439.41 420.99 344.72 392.39 378.06 345.47 334.1 335.01 371.63 421.32 433.31 434.07 419.96 379.9 361.64 312.28 313.34 317.22 330.01 360.72 386.67 395.25 444.36 438.55 436.09 426.4 400.04 350 320.07 298 305.01 307.55 330 404.9 429.92 416.58 334.06 262.45 243.92 252.71 244.63 230.62 265.14 241.02 371.72 390.05 424.64 433.23 434.04 432.89 397.42 384.91 349.96 275.34 219.42 146.06 79.5 56.64 74.08 63.84 34.82 35.53 26.11 49.81 45.11 39.98 35.24 33.48 81.46 160 264.3 295 346.57 357.55 331.77 290.06 240.8 186.81 172.68 169.58 106.49 93.84 166.3 189.51 137.37 88.71 80.66 82.17 62.49 72 82.5 109.3 94.46 344.42 416.54 427.92 434.95 431.82 407.23 320.08 278.04 276.37 269.64 272.56 298 395.95 415.08 433.97 417.26 405.17 396.9 382.27 369.8 321.83 285.04 323.16 379.26 400.34 458.03 469.9 452.12 450.05 419.15 395.49 349.57 330.04 331.5 334.34 362.1 419.64 453.66 448.9 388.88 328.99 318.21 310.48 260.07 260.89 283.21 313.94 388.64 416.77 484.23 506.94 480 463.69 400.45 416.05 365.61 321.83 319.95 325.04 332.22 411.97 435 457.37 397.64 321.45 299.67 261.99 240.72 190.02 193.6 212.55 285.16 339.64 415.78 440.35 439.41 420.99 344.72 392.39 378.06 345.47 334.1 335.01 371.63 421.32 433.31 434.07 419.96 379.9 361.64 312.28 313.34 317.22 330.01 360.72 386.67 395.25 444.36 438.55 436.09 426.4 400.04 350 320.07 298 305.01 307.55 330 404.9 429.92 416.58 334.06 262.45 243.92 252.71 244.63 230.62 265.14 241.02 371.72 390.05 424.64 433.23 434.04 432.89 397.42 384.91 349.96 275.34 219.42 146.06 79.5 56.64 74.08 63.84 34.82 35.53 26.11 49.81 45.11 39.98 35.24 33.48 81.46 160 264.3 295 346.57 357.55 331.77 290.06 240.8 186.81 172.68 169.58 106.49 93.84 166.3 189.51 137.37 88.71 80.66 82.17 62.49 72 82.5 109.3 94.46 344.42 416.54 427.92 434.95 431.82 407.23 320.08 278.04 276.37 269.64 272.56 298 395.95 415.08 433.97 417.26 405.17 396.9 382.27 369.8 321.83 285.04 323.16 379.26 400.34 458.03 469.9 452.12 450.05 419.15 395.49 349.57 330.04 331.5 334.34 362.1 419.64 453.66 448.9 388.88 328.99 318.21 310.48 260.07 260.89 283.21 313.94 388.64 416.77 484.23 506.94 480 463.69 400.45 416.05 365.61 321.83 319.95 325.04 332.22 411.97 435 457.37 397.64 321.45 299.67 261.99 240.72 190.02 193.6 212.55 285.16 339.64 415.78 440.35 439.41 420.99 344.72 392.39 378.06 345.47 334.1 335.01 371.63 421.32 433.31 434.07 419.96 379.9 361.64 312.28 313.34 317.22 330.01 360.72 386.67 395.25 444.36 438.55 436.09 426.4 400.04 350 320.07 298 305.01 307.55 330 404.9 429.92 416.58 334.06 262.45 243.92 252.71 244.63 230.62 265.14 241.02 371.72 390.05 424.64 433.23 434.04 432.89 397.42 384.91 349.96 275.34 219.42 146.06 79.5 56.64 74.08 63.84 34.82 35.53 26.11 49.81 45.11 39.98 35.24 33.48 81.46 160 264.3 295 346.57 357.55 331.77 290.06 240.8 186.81 172.68 169.58 106.49 93.84 166.3 189.51 137.37 88.71 80.66 82.17 62.49 72 82.5 109.3 94.46 344.42 416.54 427.92 434.95 431.82 407.23 320.08 278.04 276.37 269.64 272.56 298 395.95 415.08 433.97 417.26 405.17 396.9 382.27 369.8 321.83 285.04 323.16 379.26 400.34 458.03 469.9 452.12 450.05 419.15 395.49 349.57 330.04 331.5 334.34 362.1 419.64 453.66 448.9 388.88 328.99 318.21 310.48 260.07 260.89 283.21 313.94 388.64 416.77 484.23 506.94 480 463.69 400.45 416.05 365.61 321.83 319.95 325.04 332.22 411.97 435 457.37 397.64 321.45 299.67 261.99 240.72 190.02 193.6 212.55 285.16 339.64 415.78 440.35 439.41 420.99 344.72 392.39 378.06 345.47 334.1 335.01 371.63 421.32 433.31 434.07 419.96 379.9 361.64 312.28 313.34 317.22 330.01 360.72 386.67 395.25 444.36 438.55 436.09 426.4 400.04 350 320.07 298 305.01 307.55 330 404.9 429.92 416.58 334.06 262.45 243.92 252.71 244.63 230.62 265.14 241.02 371.72 390.05 424.64 433.23 434.04 432.89 397.42 384.91 349.96 275.34 219.42 146.06 79.5 56.64 74.08 63.84 34.82 35.53 26.11 49.81 45.11 39.98 35.24 33.48 81.46 160 264.3 295 346.57 357.55 331.77 290.06 240.8 186.81 172.68 169.58 106.49 93.84 166.3 189.51 137.37 88.71 80.66 82.17 62.49 72 82.5 109.3 94.46 344.42 416.54 427.92 434.95 431.82 407.23 320.08 278.04 276.37 269.64 272.56 298 395.95 415.08 433.97 417.26 405.17 396.9 382.27 369.8 321.83 285.04 323.16 379.26 400.34 458.03 469.9 452.12 450.05 419.15 395.49 349.57 330.04 331.5 334.34 362.1 419.64 453.66 448.9 388.88 328.99 318.21 310.48 260.07 260.89 283.21 313.94 388.64 416.77 484.23 506.94 480 463.69 400.45 416.05 365.61 321.83 319.95 325.04 332.22 411.97 435 457.37 397.64 321.45 299.67 261.99 240.72 190.02 193.6 212.55 285.16 339.64 415.78 440.35 439.41 420.99 344.72 392.39 378.06 345.47 334.1 335.01 371.63 421.32 433.31 434.07 419.96 379.9 361.64 312.28 313.34 317.22 330.01 360.72 386.67 395.25 444.36 438.55 436.09 426.4 400.04 350 320.07 298 305.01 307.55 330 404.9 429.92 416.58 334.06 262.45 243.92 252.71 244.63 230.62 265.14 241.02 371.72 390.05 424.64 433.23 434.04 432.89 397.42 384.91 349.96 275.34 219.42 146.06 79.5 56.64 74.08 63.84 34.82 35.53 26.11 49.81 45.11 39.98 35.24 33.48 81.46 160 264.3 295 346.57 357.55 331.77 290.06 240.8 186.81 172.68 169.58 106.49 93.84 166.3 189.51 137.37 88.71 80.66 82.17 62.49 72 82.5 109.3 94.46 344.42 416.54 427.92 434.95 431.82 407.23 320.08 278.04 276.37 269.64 272.56 298 395.95 415.08 433.97 417.26 405.17 396.9 382.27 369.8 321.83 285.04 323.16 379.26 400.34 458.03 469.9 452.12 450.05 419.15 395.49 349.57 330.04 331.5 334.34 362.1 419.64 453.66 448.9 388.88 328.99 318.21 310.48 260.07 260.89 283.21 313.94 388.64 416.77 484.23 506.94 480 463.69 400.45 416.05 365.61 321.83 319.95 325.04 332.22 411.97 435 457.37 397.64 321.45 299.67 261.99 240.72 190.02 193.6 212.55 285.16 339.64 415.78 440.35 439.41 420.99 344.72 392.39 378.06 345.47 334.1 335.01 371.63 421.32 433.31 434.07 419.96 379.9 361.64 312.28 313.34 317.22 330.01 360.72 386.67 395.25 444.36 438.55 436.09 426.4 400.04 350 320.07 298 305.01 307.55 330 404.9 429.92 416.58 334.06 262.45 243.92 252.71 244.63 230.62 265.14 241.02 371.72 390.05 424.64 433.23 434.04 432.89 397.42 384.91 349.96 275.34 219.42 146.06 79.5 56.64 74.08 63.84 34.82 35.53 26.11 49.81 45.11 39.98 35.24 33.48 81.46 160 264.3 295 346.57 357.55 331.77 290.06 240.8 186.81 172.68 169.58 106.49 93.84 166.3 189.51 137.37 88.71 80.66 82.17 62.49 72 82.5 109.3 94.46 344.42 416.54 427.92 434.95 431.82 407.23 320.08 278.04 276.37 269.64 272.56 298 395.95 415.08 433.97 417.26 405.17 396.9 382.27 369.8 321.83 285.04 323.16 379.26 400.34 458.03 469.9 452.12 450.05 419.15 395.49 349.57 330.04 331.5 334.34 362.1 419.64 453.66 448.9 388.88 328.99 318.21 310.48 260.07 260.89 283.21 313.94 388.64 416.77 484.23 506.94 480 463.69 400.45 416.05 365.61 321.83 319.95 325.04 332.22 411.97 435 457.37 397.64 321.45 299.67 261.99 240.72 190.02 193.6 212.55 285.16 339.64 415.78 440.35 439.41 420.99 344.72 392.39 378.06 345.47 334.1 335.01 371.63 421.32 433.31 434.07 419.96 379.9 361.64 312.28 313.34 317.22 330.01 360.72 386.67 395.25 444.36 438.55 436.09 426.4 400.04 350 320.07 298 305.01 307.55 330 404.9 429.92 416.58 334.06 262.45 243.92 252.71 244.63 230.62 265.14 241.02 371.72 390.05 424.64 433.23 434.04 432.89 397.42 384.91 349.96 275.34 219.42 146.06 79.5 56.64 74.08 63.84 34.82 35.53 26.11 49.81 45.11 39.98 35.24 
