640 5
1 40 40 43 42 
1 0 0 0 0 0 3 1 2 3 
4 0 5 2 4 9 2 7 17 
6 0 9 7 10 10 3 4 5 9 
2 0 5 7 6 8 1 6 
7 0 6 2 2 2 3 12 13 25 
2 0 4 6 5 4 2 19 24 
5 0 2 5 9 9 1 30 
9 0 1 6 5 9 3 8 15 20 
8 0 7 10 7 3 2 10 11 
1 0 2 4 7 4 1 18 
8 0 2 6 8 1 1 13 
10 0 1 2 1 8 3 16 21 22 
10 0 4 7 1 3 1 28 
7 1 0 0 0 0 1 14 
10 0 3 10 9 5 1 23 
4 0 3 4 10 2 2 18 27 
8 0 9 4 10 10 1 18 
2 0 3 9 3 7 1 25 
4 1 0 0 0 0 1 28 
9 0 10 8 7 8 3 21 25 27 
10 0 2 3 10 7 2 23 27 
8 0 4 10 4 2 1 30 
9 1 0 0 0 0 1 30 
9 0 8 2 10 10 1 26 
2 0 6 5 6 2 1 28 
1 1 0 0 0 0 1 26 
8 0 2 10 6 5 1 29 
9 0 8 1 8 9 1 29 
3 0 9 3 6 6 1 31 
4 0 9 8 2 10 1 31 
2 0 5 9 5 10 1 31 
1 0 0 0 0 0 0 
1 0 0 0 0 0 3 33 34 35 
3 0 9 0 9 0 3 48 56 60 
5 0 0 10 3 0 3 40 41 47 
9 0 6 2 2 0 3 36 37 38 
10 0 0 0 10 1 1 48 
1 0 10 1 2 0 3 44 47 53 
7 0 0 0 0 2 1 39 
2 0 9 8 3 10 1 43 
10 0 6 8 2 5 3 42 46 50 
9 0 9 3 9 9 2 54 55 
10 0 0 7 5 9 1 56 
5 0 0 5 2 6 1 62 
2 0 0 3 0 0 2 45 58 
5 0 8 10 10 8 1 51 
7 0 0 0 5 0 1 52 
7 0 5 6 0 10 2 51 57 
7 0 0 0 7 8 2 49 57 
9 1 0 0 0 0 1 55 
10 0 4 9 10 1 1 60 
6 0 1 8 10 8 1 56 
6 1 0 0 0 0 1 53 
9 1 0 0 0 0 2 54 55 
9 0 3 0 8 2 1 62 
6 0 5 4 10 0 1 59 
9 1 0 0 0 0 1 61 
10 1 0 0 0 0 1 58 
4 0 7 4 3 5 1 59 
10 0 1 1 0 8 1 61 
2 0 6 3 9 7 1 63 
10 0 10 10 5 10 1 63 
6 0 6 0 3 7 1 63 
1 0 0 0 0 0 0 
1 0 0 0 0 0 3 65 66 67 
10 0 9 0 0 0 3 68 69 78 
8 0 9 4 10 0 3 70 76 81 
10 0 4 6 10 0 3 77 78 89 
2 1 0 0 0 0 3 71 74 76 
9 0 5 0 0 5 3 73 74 81 
9 0 0 10 6 0 3 72 74 77 
2 1 0 0 0 0 3 81 82 83 
9 1 0 0 0 0 2 75 78 
10 1 0 0 0 0 3 76 80 85 
10 0 3 3 0 0 3 83 90 91 
8 0 0 9 0 1 3 79 82 85 
9 0 0 5 6 0 2 84 86 
9 1 0 0 0 0 2 86 88 
3 1 0 0 0 0 1 79 
6 1 0 0 0 0 2 80 90 
6 0 7 0 6 2 3 84 87 93 
10 0 9 5 0 0 2 90 91 
9 0 0 0 10 4 3 84 87 89 
2 0 0 0 5 6 2 85 86 
4 0 0 0 0 5 2 88 91 
10 0 0 5 0 10 3 87 88 89 
1 0 3 2 1 4 2 93 94 
9 0 4 0 0 3 1 94 
5 0 0 0 5 5 1 92 
2 0 0 0 0 3 1 92 
8 0 0 7 0 0 1 93 
8 0 1 3 3 0 2 92 94 
1 0 4 2 0 0 1 95 
8 0 4 7 2 6 1 95 
1 0 0 10 4 7 1 95 
1 0 0 0 0 0 0 
1 0 0 0 0 0 3 97 98 99 
1 0 8 0 0 0 3 100 101 102 
3 0 0 0 0 6 2 108 118 
4 0 0 10 0 0 2 104 106 
7 0 4 0 0 0 3 105 110 115 
4 0 0 0 0 8 1 103 
3 0 2 0 0 0 1 126 
1 0 10 0 0 0 2 107 111 
2 0 0 0 0 9 1 108 
10 0 0 3 0 0 1 112 
8 0 0 1 0 0 2 107 110 
4 0 0 9 0 0 1 117 
8 0 0 8 0 0 1 109 
1 0 0 5 0 0 1 113 
3 0 0 0 0 8 1 124 
1 0 0 0 8 0 2 114 117 
6 0 0 0 0 7 1 118 
8 0 0 0 10 0 1 120 
10 0 0 10 0 0 2 116 119 
4 0 8 0 0 0 1 120 
8 0 4 0 0 0 2 121 122 
5 0 0 4 0 0 2 118 119 
9 1 0 0 0 0 1 126 
9 0 0 0 3 0 1 120 
10 0 0 0 0 10 2 121 123 
1 0 0 2 0 0 3 124 125 126 
6 1 0 0 0 0 1 123 
9 0 0 3 0 0 1 125 
7 0 0 0 0 5 1 127 
8 0 0 1 0 0 1 127 
10 0 0 0 4 0 1 127 
1 0 0 0 0 0 0 
1 0 0 0 0 0 3 129 130 131 
10 0 0 10 2 10 2 132 136 
8 0 0 0 0 1 3 134 135 143 
6 1 0 0 0 0 2 154 158 
6 0 0 10 0 0 3 133 137 138 
3 0 9 0 2 1 2 153 155 
8 0 0 0 0 8 1 154 
1 0 0 1 0 4 1 142 
6 0 0 0 4 0 3 139 141 146 
2 0 0 0 7 5 3 140 145 149 
8 0 0 0 9 10 2 144 155 
2 0 0 0 4 0 2 140 152 
10 1 0 0 0 0 2 143 153 
3 0 5 0 0 7 3 144 147 152 
2 0 8 0 2 0 2 144 147 
7 0 3 8 9 0 1 151 
3 0 1 8 7 7 1 157 
6 0 0 5 10 5 3 150 152 153 
3 0 0 0 0 8 3 149 150 151 
1 1 0 0 0 0 3 148 151 156 
1 1 0 0 0 0 2 149 150 
3 0 0 8 6 0 1 155 
2 0 4 9 9 0 2 154 158 
2 0 0 4 7 6 1 158 
10 0 9 8 0 9 1 156 
8 0 5 0 0 0 1 156 
7 0 0 0 0 5 1 157 
1 0 0 0 0 10 1 157 
6 0 6 3 1 9 1 159 
10 0 0 0 3 8 1 159 
4 0 0 0 6 0 1 159 
1 0 0 0 0 0 0 
1 0 0 0 0 0 3 161 162 163 
3 0 5 5 2 10 3 164 169 175 
5 0 6 8 7 5 3 165 166 168 
6 0 1 3 4 3 3 164 169 179 
1 0 1 10 6 10 3 166 172 182 
5 0 6 10 6 7 3 167 170 175 
1 0 10 4 3 3 3 170 173 183 
9 0 9 4 3 9 3 171 173 190 
3 0 8 1 7 3 3 172 180 182 
3 0 8 5 9 5 3 173 177 178 
9 0 4 3 2 1 2 171 178 
2 0 10 9 1 9 3 177 180 185 
4 0 8 7 2 1 3 183 186 187 
6 0 1 4 7 5 1 174 
8 1 0 0 0 0 2 181 184 
5 0 4 10 6 7 3 176 178 179 
8 1 0 0 0 0 3 180 181 190 
6 0 6 10 3 3 2 184 189 
7 1 0 0 0 0 1 190 
8 0 1 7 8 1 3 181 182 186 
10 1 0 0 0 0 2 184 187 
1 1 0 0 0 0 2 185 188 
10 1 0 0 0 0 3 183 185 188 
2 0 6 5 4 3 1 189 
9 0 4 6 1 8 1 186 
4 0 1 5 5 6 1 187 
8 0 5 3 3 4 1 188 
10 0 6 7 9 1 1 189 
2 0 6 9 10 8 1 191 
9 0 6 1 7 10 1 191 
4 0 4 7 5 3 1 191 
1 0 0 0 0 0 0 
1 0 0 0 0 0 3 193 194 195 
10 0 8 0 4 4 3 196 208 216 
8 0 6 3 0 7 3 197 200 201 
8 0 7 3 3 8 1 208 
4 0 7 1 6 10 2 198 220 
3 0 6 2 0 10 3 199 202 206 
3 1 0 0 0 0 1 204 
2 0 8 3 5 8 1 218 
2 1 0 0 0 0 3 209 212 221 
4 0 0 8 10 0 3 203 205 210 
10 0 0 1 10 0 1 213 
9 0 0 4 5 0 2 207 213 
10 1 0 0 0 0 2 215 222 
9 0 4 6 9 3 2 216 218 
10 0 0 10 7 0 1 210 
5 0 6 0 5 0 1 211 
2 0 9 0 8 0 1 209 
2 0 1 10 4 9 1 222 
3 1 0 0 0 0 1 213 
3 1 0 0 0 0 1 214 
5 1 0 0 0 0 1 217 
2 0 4 7 9 8 1 219 
7 0 0 9 0 6 1 217 
7 0 1 10 10 0 1 218 
4 0 0 4 7 9 2 217 220 
7 0 6 0 1 1 1 222 
6 0 1 8 8 10 1 221 
5 0 7 4 8 0 1 221 
3 0 0 7 10 9 1 223 
8 0 4 0 6 1 1 223 
5 0 9 5 0 1 1 223 
1 0 0 0 0 0 0 
1 0 0 0 0 0 3 225 226 227 
4 0 8 4 9 5 3 228 232 247 
4 0 5 3 6 2 3 231 237 246 
8 0 5 0 0 9 2 230 238 
2 0 0 1 4 0 2 229 234 
7 0 3 0 9 0 2 240 242 
4 0 0 8 1 6 1 233 
1 0 3 3 5 3 1 252 
9 0 4 7 1 4 3 234 236 243 
8 1 0 0 0 0 2 241 250 
5 1 0 0 0 0 3 235 244 245 
10 1 0 0 0 0 1 248 
10 0 1 7 0 8 1 239 
10 1 0 0 0 0 1 243 
4 0 0 1 4 3 1 246 
3 1 0 0 0 0 1 242 
2 1 0 0 0 0 2 244 246 
4 0 2 0 10 9 1 249 
7 0 8 1 1 10 1 253 
5 0 3 5 0 1 1 253 
7 0 7 2 5 1 1 251 
6 0 0 9 5 0 1 248 
5 0 5 10 0 1 2 249 250 
10 0 6 8 3 6 1 253 
1 0 5 3 4 0 1 249 
2 0 0 5 0 3 1 254 
1 0 1 10 8 10 2 251 254 
1 0 5 4 6 8 1 252 
10 0 0 7 0 1 1 255 
8 0 0 0 9 1 1 255 
3 0 4 1 0 0 1 255 
1 0 0 0 0 0 0 
1 0 0 0 0 0 3 257 258 259 
8 0 0 5 0 0 3 263 266 280 
5 0 0 2 0 0 3 260 264 282 
8 0 0 3 0 0 3 261 265 267 
9 0 0 0 2 0 3 262 270 277 
1 0 0 0 1 0 2 272 278 
6 0 0 0 0 1 3 268 273 284 
10 0 10 0 0 0 1 281 
10 0 0 0 0 7 3 270 275 285 
7 0 0 3 0 0 3 273 275 276 
10 0 8 0 0 0 2 267 268 
2 1 0 0 0 0 2 269 274 
10 1 0 0 0 0 2 271 274 
3 1 0 0 0 0 1 279 
8 0 0 0 4 0 2 273 284 
1 1 0 0 0 0 3 272 278 281 
5 0 0 0 9 0 2 275 285 
7 0 0 0 3 0 1 274 
1 1 0 0 0 0 1 278 
3 0 0 0 0 4 1 286 
5 0 0 8 0 0 1 284 
6 0 10 0 0 0 2 279 280 
10 0 2 0 0 0 2 279 283 
2 0 5 0 0 0 1 286 
8 1 0 0 0 0 1 281 
5 0 0 0 0 4 2 283 285 
1 0 2 0 0 0 1 283 
2 0 0 9 0 0 1 286 
4 0 0 0 6 0 1 287 
7 0 0 0 5 0 1 287 
8 0 0 0 0 1 1 287 
1 0 0 0 0 0 0 
1 0 0 0 0 0 3 289 290 291 
8 0 4 0 0 0 3 293 298 302 
4 0 10 0 0 0 3 294 295 300 
6 0 0 0 0 3 3 292 296 297 
3 0 3 0 0 0 1 307 
8 0 0 0 0 8 1 317 
5 0 4 0 0 0 1 314 
9 0 0 1 0 0 3 299 306 314 
2 0 6 0 0 0 1 301 
7 0 0 0 0 1 2 303 312 
9 1 0 0 0 0 2 307 313 
2 0 0 7 0 0 1 301 
6 0 4 0 0 0 2 304 305 
3 0 0 8 0 0 1 304 
9 0 3 0 0 0 1 312 
10 0 0 0 0 5 2 308 309 
6 0 0 0 0 8 1 309 
5 0 0 0 0 7 2 307 309 
3 0 0 1 0 0 2 311 316 
7 0 0 10 0 0 2 310 312 
2 0 0 0 0 6 1 315 
7 0 2 0 0 0 1 310 
2 0 3 0 0 0 1 311 
3 0 0 9 0 0 1 317 
3 0 4 0 0 0 1 317 
7 0 0 0 4 0 1 318 
8 1 0 0 0 0 1 315 
3 0 0 8 0 0 1 318 
7 1 0 0 0 0 1 319 
2 0 0 7 0 0 1 319 
2 0 0 0 2 0 1 319 
1 0 0 0 0 0 0 
1 0 0 0 0 0 3 321 322 323 
1 0 0 1 0 0 3 328 333 341 
6 0 0 7 0 0 3 324 332 344 
1 0 0 0 6 0 2 326 343 
5 0 0 7 0 0 2 325 329 
3 0 0 7 0 0 3 327 338 341 
1 0 7 0 0 0 3 330 331 337 
7 0 1 0 0 0 2 335 340 
7 0 0 0 0 3 2 336 349 
4 0 0 0 0 4 1 350 
5 0 0 0 0 2 1 346 
3 0 0 0 4 0 1 335 
7 0 0 0 4 0 2 334 348 
3 0 9 0 0 0 1 346 
2 0 0 0 0 10 1 341 
1 0 0 0 6 0 1 339 
5 0 0 10 0 0 1 347 
9 0 7 0 0 0 1 342 
7 0 7 0 0 0 1 346 
10 1 0 0 0 0 1 345 
7 0 8 0 0 0 1 345 
1 0 0 0 0 4 1 343 
9 0 9 0 0 0 2 345 349 
2 0 0 0 0 9 1 350 
4 0 0 8 0 0 1 349 
10 0 0 0 6 0 2 347 348 
10 1 0 0 0 0 1 347 
9 0 0 0 0 2 1 350 
5 0 9 0 0 0 1 351 
5 1 0 0 0 0 1 351 
9 0 0 0 0 8 1 351 
1 0 0 0 0 0 0 
1 0 0 0 0 0 3 353 354 355 
4 0 4 8 0 0 3 356 358 367 
1 0 5 0 0 5 2 357 365 
5 0 4 0 0 3 2 359 378 
9 0 0 3 0 3 3 366 369 381 
10 0 0 4 3 0 3 361 362 377 
6 0 9 0 2 2 1 372 
1 0 0 4 0 0 3 360 362 380 
9 0 9 5 0 0 2 370 373 
2 0 0 10 7 0 1 368 
8 0 0 0 7 3 3 363 364 371 
8 1 0 0 0 0 1 370 
8 1 0 0 0 0 1 373 
2 0 4 10 0 7 1 373 
2 0 8 0 3 0 3 371 376 379 
10 0 3 2 4 5 1 379 
8 0 7 5 0 0 1 381 
10 0 10 3 0 0 1 374 
2 1 0 0 0 0 1 376 
10 0 0 0 2 7 1 382 
5 0 3 0 5 0 1 375 
3 1 0 0 0 0 1 376 
6 1 0 0 0 0 1 375 
5 0 2 5 0 4 1 377 
10 0 0 0 0 2 1 382 
10 0 5 6 0 10 1 382 
8 0 0 5 0 0 1 379 
10 0 0 5 0 0 1 380 
2 1 0 0 0 0 1 383 
10 0 0 8 0 0 1 383 
3 0 3 0 5 0 1 383 
1 0 0 0 0 0 0 
1 0 0 0 0 0 3 385 386 387 
6 0 1 6 5 3 1 388 
4 0 0 6 3 6 3 390 395 396 
6 0 8 10 10 2 2 389 395 
6 0 2 1 2 1 3 403 404 408 
2 0 3 0 0 3 2 402 407 
3 0 0 0 4 0 3 391 392 393 
9 0 8 0 5 8 3 399 404 412 
9 0 1 4 2 0 2 394 403 
9 0 4 8 0 6 3 397 401 406 
2 0 2 9 0 9 3 402 405 406 
2 1 0 0 0 0 1 411 
3 1 0 0 0 0 1 398 
8 1 0 0 0 0 3 398 402 405 
9 0 7 5 7 0 1 408 
10 1 0 0 0 0 1 400 
2 0 1 6 3 3 2 401 411 
2 0 4 7 0 2 1 414 
9 0 5 0 5 7 2 408 410 
10 0 2 0 4 0 1 405 
4 1 0 0 0 0 2 407 411 
1 0 4 0 6 2 3 409 410 413 
2 0 4 4 8 3 3 407 409 414 
3 0 0 2 3 8 1 413 
5 0 2 8 10 8 1 409 
1 0 0 0 7 4 1 412 
2 0 4 1 7 1 1 412 
2 0 4 6 3 8 2 413 414 
4 0 6 5 0 10 1 415 
1 0 0 10 2 0 1 415 
10 0 6 5 1 0 1 415 
1 0 0 0 0 0 0 
1 0 0 0 0 0 3 417 418 419 
10 0 0 6 0 10 1 422 
4 0 1 8 7 3 3 421 428 429 
5 0 1 4 10 6 3 420 423 424 
6 0 4 5 7 3 2 435 442 
2 0 5 4 0 0 3 430 436 443 
9 0 10 7 10 1 3 425 426 427 
5 0 6 0 5 7 3 431 434 444 
8 0 4 0 3 3 2 438 440 
4 0 1 7 9 6 1 430 
2 1 0 0 0 0 1 432 
1 1 0 0 0 0 1 436 
4 0 0 4 5 8 1 432 
7 0 5 10 10 10 1 442 
4 0 0 0 8 8 2 437 439 
5 0 3 0 0 1 1 443 
10 0 7 0 5 8 1 433 
1 0 6 3 9 8 1 439 
5 1 0 0 0 0 1 441 
2 1 0 0 0 0 2 439 441 
6 0 3 4 6 10 1 440 
9 0 3 0 3 4 1 445 
2 0 0 1 1 4 1 443 
4 0 0 0 8 2 1 445 
10 0 0 6 10 9 1 442 
9 1 0 0 0 0 1 446 
9 0 6 5 5 6 1 446 
7 0 1 0 2 4 2 445 446 
7 1 0 0 0 0 1 447 
1 0 8 7 0 9 1 447 
7 0 10 4 4 9 1 447 
1 0 0 0 0 0 0 
1 0 0 0 0 0 3 449 450 451 
2 0 0 6 7 6 3 454 455 456 
6 0 0 0 8 1 3 452 460 466 
9 0 9 2 6 3 3 452 453 457 
9 0 0 7 0 0 3 462 467 469 
10 0 1 4 9 10 3 463 468 475 
7 0 2 9 6 0 3 457 459 465 
10 0 8 8 0 0 2 460 464 
7 0 0 1 3 8 3 460 462 471 
5 0 4 8 0 0 3 458 462 469 
8 0 3 3 9 8 3 461 466 471 
10 0 10 0 0 7 3 464 470 472 
2 0 8 6 4 0 3 461 467 473 
8 1 0 0 0 0 3 463 468 470 
6 0 0 8 0 3 2 463 464 
1 1 0 0 0 0 1 476 
7 0 5 6 8 8 1 478 
5 0 9 6 0 0 3 466 469 477 
2 1 0 0 0 0 3 468 472 473 
4 1 0 0 0 0 2 474 477 
3 0 0 1 1 5 2 476 478 
10 1 0 0 0 0 3 470 472 473 
10 0 0 8 4 0 1 476 
3 1 0 0 0 0 2 475 477 
3 1 0 0 0 0 1 474 
7 0 7 9 1 2 1 474 
8 0 4 0 9 0 1 475 
7 0 2 7 8 0 1 478 
4 0 4 4 8 4 1 479 
9 1 0 0 0 0 1 479 
1 0 1 8 2 2 1 479 
1 0 0 0 0 0 0 
1 0 0 0 0 0 3 481 482 483 
5 0 4 9 10 4 3 488 496 506 
1 0 4 10 9 4 3 484 489 492 
1 0 0 1 0 1 2 485 504 
6 0 3 0 5 0 1 490 
7 0 0 1 0 8 1 486 
9 0 0 5 0 10 2 487 491 
5 0 2 2 6 0 3 494 505 508 
3 0 4 7 3 0 1 492 
7 0 9 0 4 1 1 500 
1 0 8 6 4 8 2 497 498 
9 0 9 0 7 0 2 493 503 
6 0 10 6 3 8 1 495 
5 0 1 9 1 5 2 505 508 
5 1 0 0 0 0 1 498 
7 1 0 0 0 0 2 501 507 
7 0 4 6 9 4 1 497 
4 0 10 5 10 4 2 499 510 
4 1 0 0 0 0 1 507 
10 1 0 0 0 0 1 502 
1 0 10 7 0 9 2 502 504 
7 0 3 3 3 10 1 509 
8 0 3 0 6 6 1 503 
3 0 8 1 9 5 1 507 
3 1 0 0 0 0 1 508 
9 0 1 7 9 0 2 506 510 
4 0 3 0 9 0 1 509 
5 0 10 1 3 0 1 509 
8 0 0 8 0 6 1 511 
8 0 0 1 9 0 1 511 
3 0 8 5 0 0 1 511 
1 0 0 0 0 0 0 
1 0 0 0 0 0 3 513 514 515 
4 0 10 0 6 7 3 516 517 520 
2 0 7 0 10 0 3 531 532 534 
3 0 3 1 0 0 3 518 521 523 
1 0 3 6 1 8 3 519 523 532 
3 0 9 5 6 5 3 518 522 529 
2 0 1 0 9 10 3 525 528 541 
4 0 4 3 3 0 3 524 526 533 
4 0 5 5 0 1 3 521 526 531 
9 0 8 5 7 0 3 522 525 527 
6 0 10 1 10 4 3 530 537 542 
7 0 5 0 0 0 2 528 533 
2 0 0 7 3 0 2 525 534 
10 1 0 0 0 0 3 530 536 542 
3 0 8 0 0 0 2 527 528 
9 0 3 10 5 1 3 530 535 541 
7 0 8 10 10 0 1 539 
2 0 0 0 4 0 3 532 533 534 
5 0 9 1 0 6 1 539 
5 0 6 7 0 3 2 535 541 
6 0 2 0 3 0 3 536 537 538 
7 0 8 3 1 5 1 538 
9 0 0 7 8 10 1 535 
9 0 5 9 5 3 3 536 537 538 
4 0 8 0 2 1 1 540 
3 0 8 5 3 6 1 539 
7 0 6 10 7 4 2 540 542 
3 0 6 0 6 9 1 540 
4 0 2 4 1 0 1 543 
6 0 7 1 9 8 1 543 
10 0 7 5 1 9 1 543 
1 0 0 0 0 0 0 
1 0 0 0 0 0 3 545 546 547 
1 1 0 0 0 0 1 574 
1 0 9 6 3 9 3 548 551 557 
8 0 10 9 5 7 3 549 554 564 
7 0 9 1 7 4 1 555 
2 0 4 5 3 5 2 550 553 
9 0 9 2 6 2 2 561 568 
9 0 2 1 9 9 1 552 
4 0 4 3 6 9 3 553 556 558 
10 1 0 0 0 0 1 560 
1 1 0 0 0 0 1 569 
3 0 2 9 3 9 1 559 
10 1 0 0 0 0 1 567 
3 0 7 8 10 6 2 563 566 
3 0 7 2 2 2 2 560 562 
10 0 7 6 9 2 1 566 
8 0 1 8 4 1 1 570 
2 1 0 0 0 0 1 569 
9 0 3 3 6 7 1 565 
5 1 0 0 0 0 1 567 
3 0 4 6 9 1 2 567 571 
10 0 2 2 3 8 3 569 571 574 
1 0 3 3 6 6 1 568 
6 0 6 1 2 3 1 573 
4 0 7 10 3 10 2 571 574 
8 0 8 6 5 3 2 572 573 
2 0 1 3 10 3 1 572 
5 0 9 1 4 10 1 573 
1 0 2 3 6 10 1 575 
1 0 4 3 3 3 1 575 
10 0 9 5 10 9 1 575 
1 0 0 0 0 0 0 
1 0 0 0 0 0 3 577 578 579 
5 0 4 0 7 0 2 581 601 
6 0 2 0 5 0 3 580 596 603 
3 0 10 0 7 0 3 587 589 599 
4 0 0 5 0 7 3 581 584 585 
1 0 0 0 0 7 3 582 583 595 
6 0 0 0 0 3 2 588 594 
7 0 0 0 0 9 3 587 594 598 
9 0 0 3 0 0 2 591 592 
7 0 0 5 0 9 3 586 590 593 
5 0 5 0 0 1 2 591 592 
10 0 0 2 7 0 1 605 
7 1 0 0 0 0 2 589 604 
1 0 0 9 0 0 1 600 
4 1 0 0 0 0 1 592 
1 0 7 0 0 6 3 599 601 606 
9 1 0 0 0 0 3 597 600 601 
4 0 1 2 0 2 3 594 597 598 
10 1 0 0 0 0 1 600 
3 0 10 0 4 0 2 597 605 
7 0 0 9 7 10 1 599 
6 0 0 7 0 3 1 602 
4 1 0 0 0 0 1 602 
9 0 3 5 0 8 1 604 
2 0 0 3 7 0 1 606 
3 0 0 8 5 6 1 602 
10 0 2 9 7 0 1 604 
2 1 0 0 0 0 2 605 606 
3 0 0 0 0 10 1 607 
2 0 0 0 0 3 1 607 
9 0 0 4 7 8 1 607 
1 0 0 0 0 0 0 
1 0 0 0 0 0 3 609 610 611 
8 0 0 9 7 7 2 612 614 
6 0 10 2 8 5 2 615 620 
3 0 0 0 10 6 3 622 630 632 
7 0 2 0 9 8 2 613 618 
1 0 0 5 10 9 2 617 625 
4 0 0 7 4 6 3 616 619 623 
6 0 3 7 0 0 1 627 
3 0 10 1 7 3 2 628 634 
4 1 0 0 0 0 2 626 629 
4 0 0 0 8 0 2 630 636 
9 0 0 0 9 6 2 621 633 
10 0 0 0 3 1 2 623 633 
7 1 0 0 0 0 2 624 631 
9 0 2 0 9 3 1 638 
7 1 0 0 0 0 1 637 
1 0 0 10 4 6 1 627 
10 1 0 0 0 0 1 627 
3 0 7 2 2 6 1 635 
7 0 0 7 10 4 1 635 
2 0 0 2 4 6 1 637 
9 1 0 0 0 0 1 632 
2 1 0 0 0 0 1 638 
10 0 6 3 10 2 1 636 
7 0 8 1 2 7 1 637 
7 0 7 7 6 8 2 634 635 
9 0 8 0 2 8 1 638 
2 0 3 1 0 5 1 636 
8 0 0 8 6 4 1 639 
10 0 7 0 8 9 1 639 
3 0 0 1 3 6 1 639 
1 0 0 0 0 0 0 
96.6 87.84 81.42 74.71 89.29 99.59 110.49 115.79 99.97 87.39 54.14 47.19 62.81 62 65.34 74.1 82.35 100.98 120 172.01 154.62 130.22 110.99 101.06 99.6 92.65 90.66 89.96 87.67 89.19 101.64 105.39 90.28 78.78 59.12 28.31 23.78 21.89 23.54 45.85 70.26 95.01 107.3 124.57 140 133.04 118.1 107.89 106.87 97.45 93.2 93.83 94.36 99.49 118.42 140.7 129.58 109.51 99.57 94.83 92.11 87.14 90.15 93.45 97.44 110.63 131.12 155.99 158.57 136.1 119.9 99.99 104.88 98.38 97.95 95.1 94.37 101.09 121.27 134.41 133 115.54 103.07 95.03 91.62 89.98 89.98 94.23 100.07 112.82 130 150 146 129.08 116.63 107.3 105.02 101.29 100.67 100.23 100.42 102.93 118.36 137.96 122.08 106.85 95.85 89.05 86.28 82.85 84.16 89.4 97.48 109.69 129.35 158.05 147.89 127.18 109.01 100.43 101.18 96.58 95.02 91.94 93.39 94.09 100.7 90.21 83.02 79.37 69.4 41.83 25.45 14.86 12.59 25.01 74.78 100.81 115.49 129.19 125.92 132.53 123.71 112.54 113.99 110.59 105.17 105.01 103.09 104.76 104.85 99.69 98.99 86.62 73.68 44 20.52 13.25 13.84 33.81 78.98 95.1 112 128.8 140 139.54 126.71 111.95 96.6 87.84 81.42 74.71 89.29 99.59 110.49 115.79 99.97 87.39 54.14 47.19 62.81 62 65.34 74.1 82.35 100.98 120 172.01 154.62 130.22 110.99 101.06 99.6 92.65 90.66 89.96 87.67 89.19 101.64 105.39 90.28 78.78 59.12 28.31 23.78 21.89 23.54 45.85 70.26 95.01 107.3 124.57 140 133.04 118.1 107.89 106.87 97.45 93.2 93.83 94.36 99.49 118.42 140.7 129.58 109.51 99.57 94.83 92.11 87.14 90.15 93.45 97.44 110.63 131.12 155.99 158.57 136.1 119.9 99.99 104.88 98.38 97.95 95.1 94.37 101.09 121.27 134.41 133 115.54 103.07 95.03 91.62 89.98 89.98 94.23 100.07 112.82 130 150 146 129.08 116.63 107.3 105.02 101.29 100.67 100.23 100.42 102.93 118.36 137.96 122.08 106.85 95.85 89.05 86.28 82.85 84.16 89.4 97.48 109.69 129.35 158.05 147.89 127.18 109.01 100.43 101.18 96.58 95.02 91.94 93.39 94.09 100.7 90.21 83.02 79.37 69.4 41.83 25.45 14.86 12.59 25.01 74.78 100.81 115.49 129.19 125.92 132.53 123.71 112.54 113.99 110.59 105.17 105.01 103.09 104.76 104.85 99.69 98.99 86.62 73.68 44 20.52 13.25 13.84 33.81 78.98 95.1 112 128.8 140 139.54 126.71 111.95 96.6 87.84 81.42 74.71 89.29 99.59 110.49 115.79 99.97 87.39 54.14 47.19 62.81 62 65.34 74.1 82.35 100.98 120 172.01 154.62 130.22 110.99 101.06 99.6 92.65 90.66 89.96 87.67 89.19 101.64 105.39 90.28 78.78 59.12 28.31 23.78 21.89 23.54 45.85 70.26 95.01 107.3 124.57 140 133.04 118.1 107.89 106.87 97.45 93.2 93.83 94.36 99.49 118.42 140.7 129.58 109.51 99.57 94.83 92.11 87.14 90.15 93.45 97.44 110.63 131.12 155.99 158.57 136.1 119.9 99.99 104.88 98.38 97.95 95.1 94.37 101.09 121.27 134.41 133 115.54 103.07 95.03 91.62 89.98 89.98 94.23 100.07 112.82 130 150 146 129.08 116.63 107.3 105.02 101.29 100.67 100.23 100.42 102.93 118.36 137.96 122.08 106.85 95.85 89.05 86.28 82.85 84.16 89.4 97.48 109.69 129.35 158.05 147.89 127.18 109.01 100.43 101.18 96.58 95.02 91.94 93.39 94.09 100.7 90.21 83.02 79.37 69.4 41.83 25.45 14.86 12.59 25.01 74.78 100.81 115.49 129.19 125.92 132.53 123.71 112.54 113.99 110.59 105.17 105.01 103.09 104.76 104.85 99.69 98.99 86.62 73.68 44 20.52 13.25 13.84 33.81 78.98 95.1 112 128.8 140 139.54 126.71 111.95 96.6 87.84 81.42 74.71 89.29 99.59 110.49 115.79 99.97 87.39 54.14 47.19 62.81 62 65.34 74.1 82.35 100.98 120 172.01 154.62 130.22 110.99 101.06 99.6 92.65 90.66 89.96 87.67 89.19 101.64 105.39 90.28 78.78 59.12 28.31 23.78 21.89 23.54 45.85 70.26 95.01 107.3 124.57 140 133.04 118.1 107.89 106.87 97.45 93.2 93.83 94.36 99.49 118.42 140.7 129.58 109.51 99.57 94.83 92.11 87.14 90.15 93.45 97.44 110.63 131.12 155.99 158.57 136.1 119.9 99.99 104.88 98.38 97.95 95.1 94.37 101.09 121.27 134.41 133 115.54 103.07 95.03 91.62 89.98 89.98 94.23 100.07 112.82 130 150 146 129.08 116.63 107.3 105.02 101.29 100.67 100.23 100.42 102.93 118.36 137.96 122.08 106.85 95.85 89.05 86.28 82.85 84.16 89.4 97.48 109.69 129.35 158.05 147.89 127.18 109.01 100.43 101.18 96.58 95.02 91.94 93.39 94.09 100.7 90.21 83.02 79.37 69.4 41.83 25.45 14.86 12.59 25.01 74.78 100.81 115.49 129.19 125.92 132.53 123.71 112.54 113.99 110.59 105.17 105.01 103.09 104.76 104.85 99.69 98.99 86.62 73.68 44 20.52 13.25 13.84 33.81 78.98 95.1 112 128.8 140 139.54 126.71 111.95 96.6 87.84 81.42 74.71 89.29 99.59 110.49 115.79 99.97 87.39 54.14 47.19 62.81 62 65.34 74.1 82.35 100.98 120 172.01 154.62 130.22 110.99 101.06 99.6 92.65 90.66 89.96 87.67 89.19 101.64 105.39 90.28 78.78 59.12 28.31 23.78 21.89 23.54 45.85 70.26 95.01 107.3 124.57 140 133.04 118.1 107.89 106.87 97.45 93.2 93.83 94.36 99.49 118.42 140.7 129.58 109.51 99.57 94.83 92.11 87.14 90.15 93.45 97.44 110.63 131.12 155.99 158.57 136.1 119.9 99.99 104.88 98.38 97.95 95.1 94.37 101.09 121.27 134.41 133 115.54 103.07 95.03 91.62 89.98 89.98 94.23 100.07 112.82 130 150 146 129.08 116.63 107.3 105.02 101.29 100.67 100.23 100.42 102.93 118.36 137.96 122.08 106.85 95.85 89.05 86.28 82.85 84.16 89.4 97.48 109.69 129.35 158.05 147.89 127.18 109.01 100.43 101.18 96.58 95.02 91.94 93.39 94.09 100.7 90.21 83.02 79.37 69.4 41.83 25.45 14.86 12.59 25.01 74.78 100.81 115.49 129.19 125.92 132.53 123.71 112.54 113.99 110.59 105.17 105.01 103.09 104.76 104.85 99.69 98.99 86.62 73.68 44 20.52 13.25 13.84 33.81 78.98 95.1 112 128.8 140 139.54 126.71 111.95 96.6 87.84 81.42 74.71 89.29 99.59 110.49 115.79 99.97 87.39 54.14 47.19 62.81 62 65.34 74.1 82.35 100.98 120 172.01 154.62 130.22 110.99 101.06 99.6 92.65 90.66 89.96 87.67 89.19 101.64 105.39 90.28 78.78 59.12 28.31 23.78 21.89 23.54 45.85 70.26 95.01 107.3 124.57 140 133.04 118.1 107.89 106.87 97.45 93.2 93.83 94.36 99.49 118.42 140.7 129.58 109.51 99.57 94.83 92.11 87.14 90.15 93.45 97.44 110.63 131.12 155.99 158.57 136.1 119.9 99.99 104.88 98.38 97.95 95.1 94.37 101.09 121.27 134.41 133 115.54 103.07 95.03 91.62 89.98 89.98 94.23 100.07 112.82 130 150 146 129.08 116.63 107.3 105.02 101.29 100.67 100.23 100.42 102.93 118.36 137.96 122.08 106.85 95.85 89.05 86.28 82.85 84.16 89.4 97.48 109.69 129.35 158.05 147.89 127.18 109.01 100.43 101.18 96.58 95.02 91.94 93.39 94.09 100.7 90.21 83.02 79.37 69.4 41.83 25.45 14.86 12.59 25.01 74.78 100.81 115.49 129.19 125.92 132.53 123.71 112.54 113.99 110.59 105.17 105.01 103.09 104.76 104.85 99.69 98.99 86.62 73.68 44 20.52 13.25 13.84 33.81 78.98 95.1 112 128.8 140 139.54 126.71 111.95 96.6 87.84 81.42 74.71 89.29 99.59 110.49 115.79 99.97 87.39 54.14 47.19 62.81 62 65.34 74.1 82.35 100.98 120 172.01 154.62 130.22 110.99 101.06 99.6 92.65 90.66 89.96 87.67 89.19 101.64 105.39 90.28 78.78 59.12 28.31 23.78 21.89 23.54 45.85 70.26 95.01 107.3 124.57 140 133.04 118.1 107.89 106.87 97.45 93.2 93.83 94.36 99.49 118.42 140.7 129.58 109.51 99.57 94.83 92.11 87.14 90.15 93.45 97.44 110.63 131.12 155.99 158.57 136.1 119.9 99.99 104.88 98.38 97.95 95.1 94.37 101.09 121.27 134.41 133 115.54 103.07 95.03 91.62 89.98 89.98 94.23 100.07 112.82 130 150 146 129.08 116.63 107.3 105.02 101.29 100.67 100.23 100.42 102.93 118.36 137.96 122.08 106.85 95.85 89.05 86.28 82.85 84.16 89.4 97.48 109.69 129.35 158.05 147.89 127.18 109.01 100.43 101.18 96.58 95.02 91.94 93.39 94.09 100.7 90.21 83.02 79.37 69.4 41.83 25.45 14.86 12.59 25.01 74.78 100.81 115.49 129.19 125.92 132.53 123.71 112.54 113.99 110.59 105.17 105.01 103.09 104.76 104.85 99.69 98.99 86.62 73.68 44 20.52 13.25 13.84 33.81 78.98 95.1 112 128.8 140 139.54 
