640 5
1 38 43 44 37 
1 0 0 0 0 0 3 1 2 3 
6 0 0 7 0 10 3 4 5 12 
4 0 6 3 0 7 3 9 11 17 
4 0 0 1 7 1 2 5 27 
10 0 10 7 6 0 2 6 21 
1 0 7 1 7 7 2 7 25 
4 1 0 0 0 0 1 26 
9 0 0 7 0 10 3 8 10 13 
3 1 0 0 0 0 2 15 23 
1 0 6 10 1 0 2 14 18 
8 1 0 0 0 0 2 15 16 
8 0 0 0 7 3 1 23 
5 0 9 4 5 5 2 20 22 
3 1 0 0 0 0 1 14 
9 0 5 5 0 10 1 15 
6 0 5 5 9 6 1 29 
8 0 2 10 0 3 1 24 
2 0 0 2 6 1 1 29 
9 0 0 10 1 0 1 19 
1 0 5 5 9 7 1 27 
1 1 0 0 0 0 1 26 
2 1 0 0 0 0 1 25 
8 0 5 10 4 0 1 24 
1 0 9 3 9 7 1 24 
4 0 6 0 0 2 1 28 
1 0 10 0 9 0 2 26 30 
8 0 10 4 7 10 2 28 29 
8 0 9 6 0 4 1 28 
3 0 7 9 0 3 1 31 
6 0 9 5 3 0 1 31 
3 0 9 0 3 0 1 31 
1 0 0 0 0 0 0 
1 0 0 0 0 0 3 33 34 35 
9 0 0 0 4 0 3 37 38 46 
2 0 1 6 1 0 1 36 
7 0 0 5 0 5 1 39 
4 0 0 2 0 0 1 58 
7 0 4 8 0 7 3 40 44 45 
6 0 7 0 3 4 1 47 
3 0 4 0 9 6 1 47 
6 0 2 2 5 0 3 41 51 61 
7 0 0 4 1 9 3 42 47 53 
7 1 0 0 0 0 2 43 50 
3 0 3 3 0 0 3 48 55 57 
9 0 1 0 3 0 2 49 60 
6 0 10 0 0 3 1 62 
5 0 7 0 5 0 3 51 54 56 
7 0 10 0 0 0 1 52 
6 0 4 10 8 0 1 62 
6 1 0 0 0 0 1 50 
4 1 0 0 0 0 1 52 
6 0 0 0 2 0 1 58 
5 0 0 0 0 2 1 56 
6 1 0 0 0 0 1 54 
7 1 0 0 0 0 1 57 
2 1 0 0 0 0 1 58 
6 0 0 3 5 0 1 59 
1 1 0 0 0 0 2 59 60 
2 1 0 0 0 0 1 59 
9 0 0 6 0 0 1 62 
1 0 0 0 7 10 1 63 
9 0 0 0 10 9 1 63 
7 0 6 8 0 0 1 63 
1 0 0 0 0 0 0 
1 0 0 0 0 0 3 65 66 67 
10 0 10 7 8 10 3 71 75 82 
3 0 1 5 2 10 3 68 69 70 
7 0 3 3 4 10 1 77 
2 0 6 9 4 9 2 74 92 
5 0 3 4 7 5 3 83 91 93 
6 0 10 9 3 8 2 72 79 
7 0 7 2 3 10 2 73 86 
1 0 8 6 10 3 1 80 
3 0 8 7 5 10 1 80 
4 0 10 9 10 4 1 85 
8 0 1 7 5 6 2 76 78 
4 1 0 0 0 0 3 80 89 91 
6 0 9 4 2 7 1 83 
1 1 0 0 0 0 2 83 89 
3 1 0 0 0 0 1 93 
1 1 0 0 0 0 2 81 90 
2 1 0 0 0 0 1 84 
4 1 0 0 0 0 1 92 
4 1 0 0 0 0 1 85 
2 1 0 0 0 0 1 87 
4 0 2 6 10 4 1 94 
4 1 0 0 0 0 1 90 
1 1 0 0 0 0 1 88 
10 0 8 10 4 9 1 92 
4 0 3 2 2 4 2 90 93 
10 0 3 6 8 5 1 94 
7 0 9 5 1 6 1 94 
10 0 9 9 3 5 1 95 
2 1 0 0 0 0 1 95 
2 0 8 6 8 8 1 95 
1 0 0 0 0 0 0 
1 0 0 0 0 0 3 97 98 99 
5 0 6 3 5 5 3 116 121 122 
9 0 9 10 10 9 3 100 104 105 
9 0 8 10 2 9 3 101 107 108 
1 0 6 4 1 4 3 102 103 106 
6 0 4 2 5 10 3 110 113 114 
7 0 10 3 1 5 1 112 
8 0 6 1 10 3 3 107 108 109 
9 0 6 8 1 6 1 125 
5 0 9 2 9 3 3 118 119 123 
10 0 3 8 4 10 2 117 124 
2 0 4 5 1 2 1 116 
3 0 7 1 3 6 2 110 111 
9 0 10 8 3 4 3 112 115 120 
6 1 0 0 0 0 1 118 
2 1 0 0 0 0 2 113 116 
3 1 0 0 0 0 1 118 
9 0 4 3 6 2 3 119 122 125 
8 0 6 10 5 5 2 115 123 
7 1 0 0 0 0 1 117 
9 1 0 0 0 0 2 119 124 
7 0 1 10 7 5 2 121 125 
1 0 5 7 1 1 1 126 
10 0 3 10 2 5 1 126 
9 1 0 0 0 0 2 121 122 
7 0 4 6 2 6 1 126 
9 0 8 10 10 9 1 123 
4 0 10 10 8 2 1 124 
4 0 2 3 1 3 1 127 
10 0 6 9 2 1 1 127 
9 0 10 2 1 2 1 127 
1 0 0 0 0 0 0 
1 0 0 0 0 0 3 129 130 131 
7 0 0 0 0 2 1 133 
1 0 0 8 0 0 1 146 
4 0 0 0 10 0 1 132 
6 0 7 0 0 0 3 134 137 138 
2 0 0 0 7 0 1 150 
10 0 0 0 5 0 3 135 136 139 
7 0 0 0 0 2 2 140 145 
1 0 0 0 0 7 2 141 143 
10 0 0 0 1 0 2 140 153 
6 0 0 10 0 0 2 144 156 
9 0 8 0 0 0 2 147 154 
7 1 0 0 0 0 2 142 148 
6 0 0 0 1 0 2 142 145 
9 1 0 0 0 0 1 152 
9 1 0 0 0 0 2 155 158 
10 0 0 0 7 0 1 145 
10 1 0 0 0 0 3 149 151 157 
10 0 0 5 0 0 1 155 
10 0 6 0 0 0 1 155 
8 1 0 0 0 0 1 156 
1 1 0 0 0 0 1 152 
10 0 0 1 0 0 1 156 
10 0 0 0 3 0 2 152 153 
6 0 0 5 0 0 1 154 
8 0 0 3 0 0 1 154 
8 0 0 8 0 0 1 158 
5 1 0 0 0 0 1 157 
5 0 0 0 0 7 1 159 
1 0 0 0 3 0 1 159 
9 0 0 0 2 0 1 159 
1 0 0 0 0 0 0 
1 0 0 0 0 0 3 161 162 163 
3 0 1 0 0 0 2 164 171 
8 0 8 0 0 0 2 173 185 
7 0 0 0 0 3 3 169 170 187 
9 0 0 0 2 0 3 165 167 179 
4 0 0 0 7 0 3 166 168 184 
9 1 0 0 0 0 3 174 175 180 
6 0 0 0 9 0 3 172 173 182 
8 1 0 0 0 0 3 172 177 180 
8 0 10 0 0 0 2 176 178 
10 0 0 0 1 0 2 172 179 
10 0 0 0 0 7 1 182 
5 0 0 0 2 0 1 181 
1 1 0 0 0 0 3 175 181 184 
2 0 0 4 0 0 1 188 
3 0 0 0 9 0 1 190 
1 1 0 0 0 0 2 186 189 
3 0 0 7 0 0 1 181 
8 1 0 0 0 0 3 180 183 184 
3 0 7 0 0 0 2 183 186 
9 0 0 9 0 0 2 185 189 
2 0 0 0 0 9 1 183 
2 1 0 0 0 0 2 185 187 
6 0 0 0 0 8 1 190 
3 0 0 0 3 0 2 186 189 
1 0 6 0 0 0 1 190 
10 0 2 0 0 0 1 188 
9 0 7 0 0 0 1 188 
1 0 0 0 0 1 1 191 
2 0 0 8 0 0 1 191 
1 0 0 0 0 8 1 191 
1 0 0 0 0 0 0 
1 0 0 0 0 0 3 193 194 195 
1 0 10 1 5 8 3 197 206 212 
4 0 1 10 2 1 2 199 215 
5 0 7 7 3 4 1 196 
6 0 10 6 9 8 2 198 213 
2 0 3 10 4 3 3 201 203 220 
6 0 7 4 6 10 1 200 
1 0 5 8 7 7 3 200 207 212 
7 0 6 10 4 9 2 204 205 
10 0 9 1 3 10 1 202 
9 0 2 6 4 7 1 215 
9 0 9 8 7 6 1 211 
10 1 0 0 0 0 1 210 
8 0 2 4 9 5 2 209 216 
10 0 9 1 5 6 2 208 209 
7 0 10 7 4 5 1 221 
4 0 10 1 8 10 1 222 
2 0 6 5 3 8 1 221 
8 0 2 10 6 6 1 211 
2 0 4 9 6 3 1 217 
6 1 0 0 0 0 2 217 219 
1 1 0 0 0 0 3 214 218 221 
10 0 2 6 4 5 1 216 
2 1 0 0 0 0 1 217 
1 0 7 10 3 7 1 220 
3 0 2 6 5 9 1 222 
5 0 10 9 3 6 2 219 220 
10 0 3 1 10 5 1 222 
5 0 5 10 6 9 1 223 
2 0 1 6 9 2 1 223 
3 0 4 6 3 2 1 223 
1 0 0 0 0 0 0 
1 0 0 0 0 0 3 225 226 227 
1 0 2 0 0 0 1 229 
4 0 0 0 4 0 3 228 231 242 
8 0 0 7 0 0 3 230 232 236 
6 0 0 1 0 0 2 232 239 
3 0 0 2 0 0 3 233 234 235 
3 0 0 0 0 7 3 237 241 247 
9 0 0 0 6 0 3 240 249 251 
2 0 0 2 0 0 1 245 
6 0 1 0 0 0 2 241 242 
8 0 0 0 8 0 2 238 241 
4 0 0 0 1 0 2 237 250 
9 0 0 0 8 0 1 249 
4 0 0 0 0 1 1 244 
10 0 0 8 0 0 2 242 250 
9 0 0 0 0 5 1 244 
4 0 0 0 6 0 2 243 246 
10 0 7 0 0 0 3 244 249 250 
9 0 8 0 0 0 3 243 246 254 
9 0 0 0 1 0 1 252 
9 0 0 5 0 0 1 246 
7 0 0 5 0 0 2 248 251 
3 0 0 0 1 0 2 248 252 
2 0 0 0 10 0 2 248 251 
4 0 0 8 0 0 1 253 
7 0 0 0 0 10 2 252 253 
1 1 0 0 0 0 2 253 254 
2 0 0 0 9 0 1 254 
1 0 0 1 0 0 1 255 
1 0 0 0 0 8 1 255 
2 0 0 0 7 0 1 255 
1 0 0 0 0 0 0 
1 0 0 0 0 0 3 257 258 259 
8 0 8 7 5 2 2 268 283 
6 0 5 3 9 6 3 261 263 264 
4 0 8 4 8 8 2 260 282 
4 0 5 5 3 4 1 271 
10 0 1 3 2 6 3 262 276 282 
3 0 3 10 6 8 2 265 278 
1 0 1 7 10 5 3 266 277 278 
5 0 4 8 2 10 1 270 
2 1 0 0 0 0 1 273 
3 0 6 2 5 9 3 267 269 271 
7 0 2 8 5 2 1 286 
3 0 6 3 10 5 1 285 
4 0 2 10 9 4 2 272 279 
5 0 8 7 4 7 1 274 
1 0 6 5 5 4 1 283 
4 0 10 5 3 5 2 274 281 
8 0 6 6 4 2 1 275 
5 1 0 0 0 0 1 280 
7 0 6 10 7 3 1 280 
6 0 6 6 10 3 1 279 
7 0 2 6 5 2 3 280 281 284 
6 0 3 9 9 3 1 284 
5 1 0 0 0 0 1 285 
6 0 9 4 1 6 1 285 
7 1 0 0 0 0 1 286 
3 0 1 8 8 6 1 283 
10 1 0 0 0 0 1 284 
8 0 6 7 3 3 1 287 
9 0 10 4 6 7 1 287 
2 1 0 0 0 0 1 287 
1 0 0 0 0 0 0 
1 0 0 0 0 0 3 289 290 291 
5 0 10 5 8 5 3 294 297 298 
2 0 9 3 8 7 3 295 303 306 
6 0 5 9 4 1 3 292 293 306 
10 0 5 7 6 4 3 299 300 301 
7 0 9 4 2 10 3 295 304 315 
10 0 7 2 10 6 3 296 299 309 
9 0 4 5 2 6 3 300 301 302 
3 0 6 3 6 6 3 303 306 312 
8 0 8 10 10 9 3 301 304 310 
10 0 4 6 4 8 3 305 308 314 
1 0 9 5 4 4 3 303 304 314 
6 1 0 0 0 0 2 305 308 
6 1 0 0 0 0 3 307 309 311 
9 1 0 0 0 0 2 305 310 
9 0 10 7 9 8 3 307 315 317 
4 0 7 4 10 3 2 312 313 
4 1 0 0 0 0 1 318 
4 0 2 7 3 2 3 307 313 314 
3 0 6 10 3 10 1 316 
9 1 0 0 0 0 2 309 310 
4 0 3 3 5 2 1 316 
3 0 2 5 4 3 2 311 312 
6 0 5 4 9 7 2 313 317 
9 0 5 7 8 5 2 316 317 
3 0 9 1 4 2 1 318 
8 0 5 3 7 5 1 315 
6 1 0 0 0 0 1 318 
10 0 8 7 9 3 1 319 
8 0 1 5 7 8 1 319 
10 0 5 2 8 1 1 319 
1 0 0 0 0 0 0 
1 0 0 0 0 0 3 321 322 323 
2 0 10 6 4 0 3 328 330 331 
2 0 1 2 7 0 3 326 329 349 
8 0 3 6 2 1 3 324 329 342 
1 0 9 8 5 5 3 325 341 343 
6 0 3 0 0 7 2 340 348 
10 0 0 2 0 1 3 327 339 344 
5 0 0 0 4 2 2 328 333 
1 0 8 8 0 6 2 342 347 
3 0 5 0 0 0 3 332 335 336 
4 0 9 1 10 8 3 341 344 346 
10 0 10 4 4 6 3 338 340 349 
8 0 0 3 1 2 3 334 337 350 
1 1 0 0 0 0 2 336 350 
8 0 3 9 0 2 2 341 343 
6 0 6 5 9 3 2 338 346 
1 1 0 0 0 0 1 337 
8 0 2 8 8 9 1 346 
7 1 0 0 0 0 2 343 344 
5 0 4 6 0 2 1 340 
1 1 0 0 0 0 1 350 
3 0 5 10 0 9 1 345 
5 1 0 0 0 0 1 348 
4 0 3 10 9 0 1 345 
3 0 3 8 9 2 1 345 
4 0 0 10 5 6 1 347 
4 0 0 0 3 5 1 347 
2 0 1 6 3 4 1 348 
3 0 0 1 0 4 1 351 
4 0 7 6 3 1 1 351 
6 0 4 0 8 5 1 351 
1 0 0 0 0 0 0 
1 0 0 0 0 0 3 353 354 355 
10 0 0 6 0 10 1 358 
4 0 1 8 7 3 3 357 364 365 
5 0 1 4 10 6 3 356 359 360 
6 0 4 5 7 3 2 371 378 
2 0 5 4 0 0 3 366 372 379 
9 0 10 7 10 1 3 361 362 363 
5 0 6 0 5 7 3 367 370 380 
8 0 4 0 3 3 2 374 376 
4 0 1 7 9 6 1 366 
2 0 4 5 0 5 1 368 
1 1 0 0 0 0 1 372 
4 0 0 4 5 8 1 368 
7 0 5 10 10 10 1 378 
4 0 0 0 8 8 2 373 375 
5 0 3 0 0 1 1 379 
10 0 7 0 5 8 1 369 
1 0 6 3 9 8 1 375 
5 1 0 0 0 0 1 377 
2 1 0 0 0 0 2 375 377 
6 0 3 4 6 10 1 376 
9 0 3 0 3 4 1 381 
2 0 0 1 1 4 1 379 
4 0 0 0 8 2 1 381 
10 1 0 0 0 0 1 378 
9 0 4 1 4 4 1 382 
9 0 6 5 5 6 1 382 
7 1 0 0 0 0 2 381 382 
7 1 0 0 0 0 1 383 
1 0 8 7 0 9 1 383 
7 0 10 4 4 9 1 383 
1 0 0 0 0 0 0 
1 0 0 0 0 0 3 385 386 387 
6 0 0 0 8 0 3 390 403 408 
6 0 8 0 0 0 3 388 404 409 
9 0 8 0 0 0 3 391 392 393 
7 0 0 0 0 5 3 389 410 412 
3 0 9 0 0 0 2 400 405 
2 0 0 0 0 2 2 406 407 
10 0 0 7 0 0 1 394 
4 0 0 0 1 0 2 395 403 
2 0 8 0 0 0 2 405 411 
8 0 0 0 0 6 3 396 398 399 
7 0 0 0 0 10 3 400 402 414 
8 1 0 0 0 0 3 397 406 414 
8 1 0 0 0 0 1 402 
1 1 0 0 0 0 1 401 
10 1 0 0 0 0 3 401 402 408 
9 0 3 0 0 0 1 413 
3 1 0 0 0 0 2 403 407 
8 0 0 0 0 10 2 405 412 
3 0 5 0 0 0 1 406 
7 0 0 0 0 6 2 408 411 
7 0 0 10 0 0 1 413 
9 0 0 0 0 6 2 409 413 
2 1 0 0 0 0 2 409 410 
1 0 0 9 0 0 1 410 
4 0 3 0 0 0 1 411 
6 0 0 0 0 2 1 414 
7 0 0 0 0 2 1 412 
7 0 0 6 0 0 1 415 
8 0 3 0 0 0 1 415 
1 0 0 0 5 0 1 415 
1 0 0 0 0 0 0 
1 0 0 0 0 0 3 417 418 419 
7 0 10 1 9 3 3 421 428 437 
3 0 1 4 7 4 3 422 432 435 
2 0 3 7 6 10 3 420 424 429 
1 0 5 4 7 5 3 423 425 426 
9 0 8 10 10 3 3 425 426 432 
7 0 3 7 4 10 3 430 434 437 
5 0 4 6 10 7 3 427 432 436 
3 0 10 8 1 7 3 426 428 443 
4 1 0 0 0 0 3 427 430 433 
9 0 6 10 1 5 2 431 446 
5 0 7 2 3 5 3 435 438 440 
7 0 5 9 10 9 3 430 433 440 
2 0 3 10 8 8 3 434 441 442 
5 0 8 9 8 6 1 444 
5 1 0 0 0 0 2 433 440 
6 0 7 2 5 1 3 434 439 442 
8 0 9 9 4 1 2 435 436 
7 0 8 4 7 2 3 438 443 444 
5 1 0 0 0 0 1 439 
1 1 0 0 0 0 2 439 445 
5 1 0 0 0 0 3 438 441 442 
9 0 1 8 3 1 1 446 
9 0 3 5 10 4 1 441 
6 1 0 0 0 0 1 445 
10 0 10 10 2 6 1 444 
7 0 7 9 5 4 2 443 445 
6 0 2 4 10 8 1 446 
2 0 10 7 6 4 1 447 
7 0 8 10 1 3 1 447 
5 0 9 10 9 9 1 447 
1 0 0 0 0 0 0 
1 0 0 0 0 0 3 449 450 451 
5 0 9 0 6 0 3 452 457 475 
2 0 7 6 0 0 3 453 456 460 
7 0 4 0 9 0 3 454 462 473 
7 0 8 10 10 0 3 455 466 467 
7 0 0 1 1 2 3 459 465 471 
10 0 6 0 5 2 1 471 
1 0 2 10 0 9 2 456 464 
3 1 0 0 0 0 2 458 468 
2 0 0 0 0 9 2 461 469 
3 0 6 0 1 7 1 474 
6 0 0 3 0 0 1 475 
3 0 0 0 1 8 1 477 
10 0 3 0 8 0 2 463 472 
3 0 8 8 0 0 1 467 
10 0 9 0 0 0 1 477 
3 1 0 0 0 0 1 470 
9 1 0 0 0 0 1 470 
10 0 0 10 5 0 2 468 473 
4 1 0 0 0 0 1 468 
10 0 0 7 2 0 1 478 
7 0 1 0 0 8 1 476 
5 0 0 0 7 0 1 478 
5 0 1 0 0 0 1 477 
8 0 0 10 4 0 1 478 
9 0 7 7 0 0 1 474 
6 0 6 0 1 0 1 476 
1 1 0 0 0 0 1 476 
2 0 8 0 4 8 1 479 
4 0 9 0 7 0 1 479 
2 0 10 0 0 0 1 479 
1 0 0 0 0 0 0 
1 0 0 0 0 0 3 481 482 483 
7 0 0 0 4 4 3 485 489 491 
4 0 5 2 0 0 2 487 499 
4 0 4 3 0 0 3 484 490 492 
9 0 8 0 0 2 3 486 495 497 
7 0 2 10 0 9 3 494 496 501 
6 0 3 0 2 7 3 488 498 508 
1 0 2 0 0 4 3 489 493 510 
8 1 0 0 0 0 1 496 
3 0 0 8 0 2 2 508 509 
8 0 0 0 8 5 1 503 
1 0 7 6 0 9 3 494 501 504 
10 0 0 0 1 7 1 499 
6 0 0 0 0 5 2 496 502 
4 0 0 2 9 0 3 497 498 508 
9 0 5 0 8 8 3 498 501 504 
8 0 9 0 2 0 1 507 
2 1 0 0 0 0 1 505 
5 0 0 0 5 1 3 503 505 510 
1 0 0 0 0 10 3 500 502 510 
3 0 2 7 0 0 1 507 
1 0 0 0 5 10 1 502 
3 1 0 0 0 0 1 503 
7 0 5 0 0 0 1 506 
5 1 0 0 0 0 1 505 
6 0 0 10 6 0 1 506 
3 0 0 0 10 0 1 507 
7 0 2 0 0 2 1 509 
2 1 0 0 0 0 1 511 
4 0 7 0 2 0 1 511 
3 1 0 0 0 0 1 511 
1 0 0 0 0 0 0 
1 0 0 0 0 0 3 513 514 515 
9 0 2 5 2 1 3 516 518 519 
3 0 4 0 6 3 3 525 528 529 
3 0 0 4 8 0 3 526 529 539 
8 0 4 4 3 6 3 517 521 538 
3 0 8 8 9 4 3 528 530 536 
9 0 6 9 0 3 3 529 538 541 
1 0 5 3 0 4 3 520 524 525 
8 0 3 1 5 1 3 522 523 532 
6 1 0 0 0 0 3 522 533 539 
5 0 1 6 0 7 2 531 535 
10 0 0 3 9 7 3 527 528 535 
4 0 0 6 2 2 3 526 527 535 
9 1 0 0 0 0 3 526 527 530 
2 1 0 0 0 0 2 537 540 
4 0 0 5 0 0 3 531 538 541 
9 1 0 0 0 0 3 533 534 541 
9 0 3 3 0 1 3 530 532 536 
1 0 0 9 4 3 1 531 
4 0 9 0 4 4 2 534 537 
6 1 0 0 0 0 2 533 534 
7 0 4 0 1 1 2 537 540 
4 0 10 0 3 0 1 542 
2 0 9 0 5 7 1 536 
6 0 7 0 0 10 1 540 
6 0 0 0 6 3 1 542 
6 0 1 1 3 1 1 539 
5 0 5 8 6 7 1 542 
3 0 1 0 0 5 1 543 
5 0 3 0 2 8 1 543 
8 0 3 1 6 9 1 543 
1 0 0 0 0 0 0 
1 0 0 0 0 0 3 545 546 547 
9 0 0 0 4 0 3 549 550 558 
2 0 1 6 1 0 1 548 
7 0 0 5 0 5 1 551 
4 0 0 2 0 0 1 570 
7 0 4 8 0 7 3 552 556 557 
6 0 7 0 3 4 1 559 
3 0 4 0 9 6 1 559 
6 0 2 2 5 0 3 553 563 573 
7 0 0 4 1 9 3 554 559 565 
7 1 0 0 0 0 2 555 562 
3 1 0 0 0 0 3 560 567 569 
9 0 1 0 3 0 2 561 572 
6 0 10 0 0 3 1 574 
5 0 7 0 5 0 3 563 566 568 
7 1 0 0 0 0 1 564 
6 0 4 10 8 0 1 574 
6 0 0 7 1 5 1 562 
4 0 9 5 2 0 1 564 
6 0 0 0 2 0 1 570 
5 0 0 0 0 2 1 568 
6 1 0 0 0 0 1 566 
7 1 0 0 0 0 1 569 
2 1 0 0 0 0 1 570 
6 0 0 3 5 0 1 571 
1 1 0 0 0 0 2 571 572 
2 0 0 10 0 2 1 571 
9 0 0 6 0 0 1 574 
1 1 0 0 0 0 1 575 
9 0 0 0 10 9 1 575 
7 0 6 8 0 0 1 575 
1 0 0 0 0 0 0 
1 0 0 0 0 0 3 577 578 579 
7 0 4 0 6 0 3 580 584 587 
1 0 0 7 8 1 3 583 591 595 
10 0 0 2 1 0 3 581 582 585 
5 0 9 0 10 0 3 581 582 588 
7 0 0 10 0 5 3 583 589 590 
5 0 0 0 7 9 3 592 601 603 
6 0 0 0 6 0 3 592 594 602 
10 0 2 0 0 2 3 586 593 596 
5 0 0 0 0 9 3 586 587 588 
4 0 0 3 0 0 3 589 590 597 
1 0 0 4 6 0 3 589 594 597 
10 0 3 0 7 0 3 591 593 596 
7 1 0 0 0 0 3 591 595 598 
8 1 0 0 0 0 3 595 602 603 
10 0 3 3 0 0 3 592 602 606 
2 1 0 0 0 0 1 605 
4 1 0 0 0 0 2 599 601 
2 0 8 0 0 4 2 596 601 
10 1 0 0 0 0 1 604 
7 1 0 0 0 0 1 598 
7 1 0 0 0 0 1 598 
5 1 0 0 0 0 2 599 605 
1 0 6 2 2 0 2 600 604 
9 0 6 4 0 8 1 603 
2 1 0 0 0 0 2 605 606 
6 0 0 5 10 0 1 604 
3 0 9 0 6 0 1 606 
3 0 0 0 4 0 1 607 
1 0 9 0 5 2 1 607 
8 0 7 10 7 0 1 607 
1 0 0 0 0 0 0 
1 0 0 0 0 0 3 609 610 611 
3 0 4 0 2 10 3 614 617 618 
4 0 0 6 2 9 3 612 613 615 
6 0 8 0 5 1 1 620 
5 0 0 4 0 7 1 623 
6 0 8 7 3 2 1 622 
7 0 1 5 0 1 3 616 624 627 
3 0 2 7 4 1 2 628 629 
10 0 2 4 0 4 2 621 633 
4 0 9 6 6 4 1 619 
7 0 1 6 0 2 3 625 630 632 
7 0 7 5 7 10 1 622 
1 0 9 0 8 8 1 623 
10 0 0 1 1 0 2 629 637 
8 1 0 0 0 0 2 626 634 
6 1 0 0 0 0 1 631 
1 0 0 0 5 8 1 633 
1 0 0 7 0 10 2 628 631 
3 0 4 1 0 2 3 632 635 638 
9 1 0 0 0 0 1 632 
1 1 0 0 0 0 1 638 
1 0 0 10 0 6 1 636 
3 1 0 0 0 0 1 631 
6 0 1 5 4 6 1 637 
7 0 10 0 4 6 1 633 
2 0 8 9 4 2 1 636 
7 0 9 5 0 0 1 635 
8 0 1 5 4 6 1 636 
1 0 9 6 3 2 1 639 
6 0 0 3 9 0 1 639 
9 0 4 10 5 6 1 639 
1 0 0 0 0 0 0 
142.27 140.41 140.51 140.21 142.24 151.06 216 218.98 218.96 216.1 212.92 210.08 207.8 196.66 204.99 207.45 210.05 216.1 215.25 200.09 179.41 151.06 143.95 111.41 121.96 130.91 126.49 120.27 124.69 130.01 146.02 198 185.98 160.76 153.39 149.25 146.01 146.01 152.06 158.59 169.96 201.71 219.54 212.97 197.17 139.82 132.71 123.39 115.08 114.87 118.79 109.58 116.95 119.34 154.4 195.99 202.21 195.97 190 190.04 187.91 167.83 187.73 190.1 190.1 219 249.12 257.28 231.79 215.81 211.79 196.7 200.46 192.61 185.1 172.23 172.91 174.88 203.67 233.46 240.32 225.56 199.99 193.67 169.97 167.9 176.35 184.55 195.98 215.77 229.58 212.49 187.28 179.37 176.91 136.66 180.01 176.73 168.87 164.09 165 171.3 196.95 221.46 221.78 179.53 151.36 145.49 162.28 159.26 140.61 168.15 191.92 220.57 243.35 241.18 221.31 213.13 205.48 190.1 195.91 187.2 184.89 170.24 166 162.45 160.64 162.56 157.24 121.8 115.76 121.27 111.83 109.03 115.34 116.85 171.56 194.89 191.8 148.81 121.12 104.74 109.29 101.7 88.07 98.65 99.78 99.14 104.22 99.91 93.99 88.55 88.06 60 73.03 67.23 30.08 43.25 50.12 81.78 101.6 168.76 136 144.91 142.04 131.02 126 97.65 142.27 140.41 140.51 140.21 142.24 151.06 216 218.98 218.96 216.1 212.92 210.08 207.8 196.66 204.99 207.45 210.05 216.1 215.25 200.09 179.41 151.06 143.95 111.41 121.96 130.91 126.49 120.27 124.69 130.01 146.02 198 185.98 160.76 153.39 149.25 146.01 146.01 152.06 158.59 169.96 201.71 219.54 212.97 197.17 139.82 132.71 123.39 115.08 114.87 118.79 109.58 116.95 119.34 154.4 195.99 202.21 195.97 190 190.04 187.91 167.83 187.73 190.1 190.1 219 249.12 257.28 231.79 215.81 211.79 196.7 200.46 192.61 185.1 172.23 172.91 174.88 203.67 233.46 240.32 225.56 199.99 193.67 169.97 167.9 176.35 184.55 195.98 215.77 229.58 212.49 187.28 179.37 176.91 136.66 180.01 176.73 168.87 164.09 165 171.3 196.95 221.46 221.78 179.53 151.36 145.49 162.28 159.26 140.61 168.15 191.92 220.57 243.35 241.18 221.31 213.13 205.48 190.1 195.91 187.2 184.89 170.24 166 162.45 160.64 162.56 157.24 121.8 115.76 121.27 111.83 109.03 115.34 116.85 171.56 194.89 191.8 148.81 121.12 104.74 109.29 101.7 88.07 98.65 99.78 99.14 104.22 99.91 93.99 88.55 88.06 60 73.03 67.23 30.08 43.25 50.12 81.78 101.6 168.76 136 144.91 142.04 131.02 126 97.65 142.27 140.41 140.51 140.21 142.24 151.06 216 218.98 218.96 216.1 212.92 210.08 207.8 196.66 204.99 207.45 210.05 216.1 215.25 200.09 179.41 151.06 143.95 111.41 121.96 130.91 126.49 120.27 124.69 130.01 146.02 198 185.98 160.76 153.39 149.25 146.01 146.01 152.06 158.59 169.96 201.71 219.54 212.97 197.17 139.82 132.71 123.39 115.08 114.87 118.79 109.58 116.95 119.34 154.4 195.99 202.21 195.97 190 190.04 187.91 167.83 187.73 190.1 190.1 219 249.12 257.28 231.79 215.81 211.79 196.7 200.46 192.61 185.1 172.23 172.91 174.88 203.67 233.46 240.32 225.56 199.99 193.67 169.97 167.9 176.35 184.55 195.98 215.77 229.58 212.49 187.28 179.37 176.91 136.66 180.01 176.73 168.87 164.09 165 171.3 196.95 221.46 221.78 179.53 151.36 145.49 162.28 159.26 140.61 168.15 191.92 220.57 243.35 241.18 221.31 213.13 205.48 190.1 195.91 187.2 184.89 170.24 166 162.45 160.64 162.56 157.24 121.8 115.76 121.27 111.83 109.03 115.34 116.85 171.56 194.89 191.8 148.81 121.12 104.74 109.29 101.7 88.07 98.65 99.78 99.14 104.22 99.91 93.99 88.55 88.06 60 73.03 67.23 30.08 43.25 50.12 81.78 101.6 168.76 136 144.91 142.04 131.02 126 97.65 142.27 140.41 140.51 140.21 142.24 151.06 216 218.98 218.96 216.1 212.92 210.08 207.8 196.66 204.99 207.45 210.05 216.1 215.25 200.09 179.41 151.06 143.95 111.41 121.96 130.91 126.49 120.27 124.69 130.01 146.02 198 185.98 160.76 153.39 149.25 146.01 146.01 152.06 158.59 169.96 201.71 219.54 212.97 197.17 139.82 132.71 123.39 115.08 114.87 118.79 109.58 116.95 119.34 154.4 195.99 202.21 195.97 190 190.04 187.91 167.83 187.73 190.1 190.1 219 249.12 257.28 231.79 215.81 211.79 196.7 200.46 192.61 185.1 172.23 172.91 174.88 203.67 233.46 240.32 225.56 199.99 193.67 169.97 167.9 176.35 184.55 195.98 215.77 229.58 212.49 187.28 179.37 176.91 136.66 180.01 176.73 168.87 164.09 165 171.3 196.95 221.46 221.78 179.53 151.36 145.49 162.28 159.26 140.61 168.15 191.92 220.57 243.35 241.18 221.31 213.13 205.48 190.1 195.91 187.2 184.89 170.24 166 162.45 160.64 162.56 157.24 121.8 115.76 121.27 111.83 109.03 115.34 116.85 171.56 194.89 191.8 148.81 121.12 104.74 109.29 101.7 88.07 98.65 99.78 99.14 104.22 99.91 93.99 88.55 88.06 60 73.03 67.23 30.08 43.25 50.12 81.78 101.6 168.76 136 144.91 142.04 131.02 126 97.65 142.27 140.41 140.51 140.21 142.24 151.06 216 218.98 218.96 216.1 212.92 210.08 207.8 196.66 204.99 207.45 210.05 216.1 215.25 200.09 179.41 151.06 143.95 111.41 121.96 130.91 126.49 120.27 124.69 130.01 146.02 198 185.98 160.76 153.39 149.25 146.01 146.01 152.06 158.59 169.96 201.71 219.54 212.97 197.17 139.82 132.71 123.39 115.08 114.87 118.79 109.58 116.95 119.34 154.4 195.99 202.21 195.97 190 190.04 187.91 167.83 187.73 190.1 190.1 219 249.12 257.28 231.79 215.81 211.79 196.7 200.46 192.61 185.1 172.23 172.91 174.88 203.67 233.46 240.32 225.56 199.99 193.67 169.97 167.9 176.35 184.55 195.98 215.77 229.58 212.49 187.28 179.37 176.91 136.66 180.01 176.73 168.87 164.09 165 171.3 196.95 221.46 221.78 179.53 151.36 145.49 162.28 159.26 140.61 168.15 191.92 220.57 243.35 241.18 221.31 213.13 205.48 190.1 195.91 187.2 184.89 170.24 166 162.45 160.64 162.56 157.24 121.8 115.76 121.27 111.83 109.03 115.34 116.85 171.56 194.89 191.8 148.81 121.12 104.74 109.29 101.7 88.07 98.65 99.78 99.14 104.22 99.91 93.99 88.55 88.06 60 73.03 67.23 30.08 43.25 50.12 81.78 101.6 168.76 136 144.91 142.04 131.02 126 97.65 142.27 140.41 140.51 140.21 142.24 151.06 216 218.98 218.96 216.1 212.92 210.08 207.8 196.66 204.99 207.45 210.05 216.1 215.25 200.09 179.41 151.06 143.95 111.41 121.96 130.91 126.49 120.27 124.69 130.01 146.02 198 185.98 160.76 153.39 149.25 146.01 146.01 152.06 158.59 169.96 201.71 219.54 212.97 197.17 139.82 132.71 123.39 115.08 114.87 118.79 109.58 116.95 119.34 154.4 195.99 202.21 195.97 190 190.04 187.91 167.83 187.73 190.1 190.1 219 249.12 257.28 231.79 215.81 211.79 196.7 200.46 192.61 185.1 172.23 172.91 174.88 203.67 233.46 240.32 225.56 199.99 193.67 169.97 167.9 176.35 184.55 195.98 215.77 229.58 212.49 187.28 179.37 176.91 136.66 180.01 176.73 168.87 164.09 165 171.3 196.95 221.46 221.78 179.53 151.36 145.49 162.28 159.26 140.61 168.15 191.92 220.57 243.35 241.18 221.31 213.13 205.48 190.1 195.91 187.2 184.89 170.24 166 162.45 160.64 162.56 157.24 121.8 115.76 121.27 111.83 109.03 115.34 116.85 171.56 194.89 191.8 148.81 121.12 104.74 109.29 101.7 88.07 98.65 99.78 99.14 104.22 99.91 93.99 88.55 88.06 60 73.03 67.23 30.08 43.25 50.12 81.78 101.6 168.76 136 144.91 142.04 131.02 126 97.65 142.27 140.41 140.51 140.21 142.24 151.06 216 218.98 218.96 216.1 212.92 210.08 207.8 196.66 204.99 207.45 210.05 216.1 215.25 200.09 179.41 151.06 143.95 111.41 121.96 130.91 126.49 120.27 124.69 130.01 146.02 198 185.98 160.76 153.39 149.25 146.01 146.01 152.06 158.59 169.96 201.71 219.54 212.97 197.17 139.82 132.71 123.39 115.08 114.87 118.79 109.58 116.95 119.34 154.4 195.99 202.21 195.97 190 190.04 187.91 167.83 187.73 190.1 190.1 219 249.12 257.28 231.79 215.81 211.79 196.7 200.46 192.61 185.1 172.23 172.91 174.88 203.67 233.46 240.32 225.56 199.99 193.67 169.97 167.9 176.35 184.55 195.98 215.77 229.58 212.49 187.28 179.37 176.91 136.66 180.01 176.73 168.87 164.09 165 171.3 196.95 221.46 221.78 179.53 151.36 145.49 162.28 159.26 140.61 168.15 191.92 220.57 243.35 241.18 221.31 213.13 205.48 190.1 195.91 187.2 184.89 170.24 166 162.45 160.64 162.56 157.24 121.8 115.76 121.27 111.83 109.03 115.34 116.85 171.56 194.89 191.8 148.81 121.12 104.74 109.29 101.7 88.07 98.65 99.78 99.14 104.22 99.91 93.99 88.55 88.06 60 73.03 67.23 30.08 43.25 50.12 81.78 101.6 168.76 136 144.91 142.04 131.02 126 97.65 142.27 140.41 
