640 5
1 43 40 44 48 
1 0 0 0 0 0 3 1 2 3 
9 0 0 4 0 0 3 4 7 8 
9 0 0 7 0 9 3 9 10 11 
8 0 0 5 0 0 3 5 6 17 
1 0 1 0 0 5 3 9 10 15 
6 0 0 7 0 0 3 12 18 25 
6 0 3 3 10 0 3 9 11 15 
2 0 0 0 0 5 1 10 
6 0 0 6 1 3 3 12 20 21 
7 0 0 4 0 0 3 13 23 25 
1 0 6 3 0 0 3 20 21 25 
4 0 3 0 3 0 3 19 23 24 
5 0 2 3 3 2 3 15 16 19 
10 0 10 7 6 0 2 14 16 
10 0 0 0 6 1 3 18 20 30 
5 0 8 10 0 10 3 22 23 29 
7 1 0 0 0 0 2 22 28 
2 0 2 0 1 1 3 18 19 27 
10 0 6 7 6 0 2 21 24 
10 0 4 3 6 5 2 22 26 
6 0 0 0 8 0 1 24 
1 0 0 0 0 6 1 28 
9 0 1 0 0 4 1 30 
7 1 0 0 0 0 2 26 27 
10 0 0 0 2 0 1 29 
8 0 3 1 0 0 3 26 27 29 
8 1 0 0 0 0 1 30 
1 0 9 0 0 3 1 28 
8 0 0 0 0 7 1 31 
3 0 0 0 10 0 1 31 
8 0 7 0 1 1 1 31 
1 0 0 0 0 0 0 
1 0 0 0 0 0 3 33 34 35 
9 0 4 0 7 2 3 37 39 41 
9 0 0 6 9 0 3 43 51 60 
2 0 8 7 8 0 3 36 41 54 
5 0 4 5 2 10 3 38 40 49 
9 0 6 1 0 3 3 38 44 46 
5 0 3 10 7 10 3 45 53 57 
10 0 0 10 1 7 3 40 42 44 
9 1 0 0 0 0 3 48 57 58 
1 1 0 0 0 0 3 43 47 50 
2 0 0 10 1 2 3 46 51 58 
9 0 5 8 0 1 2 45 48 
6 0 10 6 0 2 3 48 50 52 
5 0 8 0 0 0 2 55 61 
4 0 9 10 10 8 3 49 50 54 
2 1 0 0 0 0 3 52 58 62 
10 1 0 0 0 0 2 53 61 
5 1 0 0 0 0 3 57 59 62 
9 1 0 0 0 0 3 53 56 59 
2 0 0 1 8 4 2 52 54 
4 0 8 10 1 0 1 56 
7 0 5 9 10 2 1 55 
3 1 0 0 0 0 2 55 56 
4 0 2 9 6 5 1 62 
2 0 0 0 8 10 1 61 
9 0 6 4 0 0 1 60 
6 1 0 0 0 0 1 59 
9 0 9 0 1 3 1 60 
8 0 5 6 0 9 1 63 
8 0 0 10 7 0 1 63 
10 0 9 0 10 3 1 63 
1 0 0 0 0 0 0 
1 0 0 0 0 0 3 65 66 67 
4 0 0 0 9 0 1 82 
1 0 8 2 0 0 3 70 71 77 
1 0 6 2 0 0 3 68 72 88 
8 0 0 0 4 0 2 69 77 
4 0 0 4 1 0 3 75 80 86 
8 0 0 8 3 9 1 85 
7 0 9 0 10 0 3 73 88 94 
10 0 2 0 2 8 1 92 
9 0 0 9 0 0 2 74 76 
3 0 0 0 6 0 1 87 
10 0 6 0 0 8 1 79 
8 0 0 10 0 0 3 78 82 90 
5 0 0 0 10 0 1 81 
8 1 0 0 0 0 1 89 
1 0 10 7 9 5 1 91 
4 0 1 0 8 10 1 91 
9 1 0 0 0 0 1 83 
8 1 0 0 0 0 2 84 89 
7 0 10 6 9 4 2 85 87 
8 0 0 0 5 0 2 86 87 
4 0 6 0 1 0 1 94 
10 0 5 0 10 0 1 93 
3 0 0 10 6 3 1 92 
2 1 0 0 0 0 1 91 
4 1 0 0 0 0 1 92 
6 0 9 0 0 0 1 93 
7 0 0 0 3 7 1 93 
3 0 0 1 6 0 1 95 
2 0 0 0 3 5 1 95 
10 0 2 10 0 8 1 95 
1 0 0 0 0 0 0 
1 0 0 0 0 0 3 97 98 99 
7 0 3 10 4 4 3 100 110 116 
10 0 5 8 9 8 3 102 103 109 
2 0 4 4 3 9 3 106 109 119 
6 0 7 5 9 10 3 101 104 105 
8 0 4 7 3 4 3 103 108 125 
1 0 2 6 9 7 3 108 110 116 
8 1 0 0 0 0 2 111 113 
1 0 10 4 8 3 3 106 111 115 
7 0 10 10 3 1 3 107 113 114 
4 0 4 1 4 5 3 112 118 121 
6 1 0 0 0 0 3 108 109 117 
4 1 0 0 0 0 2 111 126 
9 1 0 0 0 0 3 118 122 124 
10 0 8 1 3 9 3 113 114 115 
1 1 0 0 0 0 1 112 
7 0 10 2 8 5 1 124 
8 0 6 3 3 8 3 119 120 121 
6 0 7 9 1 5 3 117 122 123 
2 1 0 0 0 0 2 120 123 
5 0 6 5 9 1 3 117 118 122 
6 0 2 3 9 7 3 119 120 121 
2 0 2 10 8 4 1 123 
2 0 10 10 7 7 1 124 
6 0 6 7 9 5 1 126 
9 0 8 6 4 7 1 126 
4 0 7 5 7 7 1 125 
10 0 2 10 9 4 1 125 
3 0 7 9 6 6 1 127 
5 0 10 4 6 4 1 127 
8 0 9 4 4 9 1 127 
1 0 0 0 0 0 0 
1 0 0 0 0 0 3 129 130 131 
4 0 8 4 9 5 3 132 136 151 
4 0 5 3 6 2 3 135 141 150 
8 0 5 0 0 9 2 134 142 
2 0 0 1 4 0 2 133 138 
7 0 3 0 9 0 2 144 146 
4 1 0 0 0 0 1 137 
1 0 3 3 5 3 1 156 
9 0 4 7 1 4 3 138 140 147 
8 0 0 6 0 6 2 145 154 
5 0 1 7 2 8 3 139 148 149 
10 1 0 0 0 0 1 152 
10 0 1 7 0 8 1 143 
10 1 0 0 0 0 1 147 
4 0 0 1 4 3 1 150 
3 1 0 0 0 0 1 146 
2 1 0 0 0 0 2 148 150 
4 0 2 0 10 9 1 153 
7 0 8 1 1 10 1 157 
5 0 3 5 0 1 1 157 
7 0 7 2 5 1 1 155 
6 0 0 9 5 0 1 152 
5 1 0 0 0 0 2 153 154 
10 0 6 8 3 6 1 157 
1 0 5 3 4 0 1 153 
2 0 0 5 0 3 1 158 
1 0 1 10 8 10 2 155 158 
1 0 5 4 6 8 1 156 
10 0 0 7 0 1 1 159 
8 0 0 0 9 1 1 159 
3 0 4 1 0 0 1 159 
1 0 0 0 0 0 0 
1 0 0 0 0 0 3 161 162 163 
2 0 1 2 4 0 3 169 170 187 
5 0 0 5 9 10 3 168 174 175 
6 0 8 10 10 0 3 164 165 166 
4 0 8 3 0 8 1 167 
2 0 3 1 8 5 2 177 186 
9 0 5 0 5 10 2 173 177 
9 0 4 0 0 3 3 171 172 178 
4 0 8 0 8 10 1 169 
8 1 0 0 0 0 1 181 
7 0 1 6 6 6 1 184 
10 0 2 10 3 8 1 189 
1 1 0 0 0 0 1 179 
1 0 1 3 6 1 1 190 
1 0 4 0 9 9 2 180 183 
5 0 0 9 6 9 3 176 186 189 
2 1 0 0 0 0 1 177 
5 0 0 10 9 0 1 180 
5 0 2 7 9 0 1 188 
9 0 0 5 4 1 1 182 
10 0 0 8 0 8 1 185 
1 1 0 0 0 0 1 182 
5 0 4 8 3 8 1 185 
4 1 0 0 0 0 1 184 
10 0 9 0 0 1 3 185 186 189 
5 0 1 8 0 7 1 188 
9 0 7 3 4 7 1 190 
10 0 7 0 0 3 1 190 
2 0 1 3 0 10 1 191 
10 0 4 0 3 7 1 191 
3 0 0 4 5 1 1 191 
1 0 0 0 0 0 0 
1 0 0 0 0 0 3 193 194 195 
7 0 0 2 0 0 3 198 203 219 
4 0 0 0 4 0 3 196 202 207 
1 0 0 0 7 0 3 197 199 204 
5 0 0 0 0 4 3 204 206 219 
9 0 0 0 6 0 3 201 206 214 
7 0 0 0 5 0 3 199 207 208 
5 0 0 0 0 7 3 200 205 209 
7 0 0 0 2 0 3 211 212 216 
10 0 0 0 0 2 3 208 210 216 
8 0 0 0 0 9 3 205 215 217 
2 0 0 10 0 0 3 204 209 213 
6 0 0 8 0 0 3 208 215 216 
2 1 0 0 0 0 2 206 214 
6 1 0 0 0 0 2 213 218 
5 1 0 0 0 0 3 209 213 218 
7 0 5 0 0 0 2 212 220 
4 1 0 0 0 0 3 211 214 215 
9 0 0 0 0 5 3 211 212 219 
3 1 0 0 0 0 1 221 
7 0 0 0 2 0 2 217 218 
7 1 0 0 0 0 1 220 
6 0 0 0 0 9 1 221 
5 0 0 8 0 0 1 220 
6 1 0 0 0 0 1 217 
10 0 8 0 0 0 2 221 222 
2 0 0 5 0 0 1 222 
5 0 0 0 3 0 1 222 
3 0 0 9 0 0 1 223 
7 0 0 0 1 0 1 223 
5 0 5 0 0 0 1 223 
1 0 0 0 0 0 0 
1 0 0 0 0 0 3 225 226 227 
7 0 3 9 6 5 3 230 231 235 
9 0 10 5 8 10 2 228 235 
7 0 5 5 9 2 1 229 
4 0 5 4 8 8 1 253 
9 0 9 8 10 4 3 232 237 239 
7 0 1 9 5 5 1 252 
5 0 6 8 6 8 3 236 246 248 
7 0 8 5 7 2 3 233 234 241 
5 1 0 0 0 0 1 243 
4 1 0 0 0 0 3 245 250 251 
9 0 7 9 7 4 1 237 
3 1 0 0 0 0 3 238 242 244 
2 0 6 2 4 9 1 240 
5 1 0 0 0 0 1 252 
8 1 0 0 0 0 1 240 
2 0 6 5 2 3 1 247 
9 0 7 8 6 1 1 250 
1 0 4 7 4 2 1 243 
10 0 9 6 5 3 1 245 
5 1 0 0 0 0 1 249 
2 0 8 1 2 2 2 247 249 
2 0 3 4 9 10 1 251 
10 0 6 3 4 3 1 253 
8 0 9 4 8 8 2 249 254 
1 0 7 2 9 5 1 252 
9 0 4 1 4 2 1 254 
4 0 10 5 7 6 1 254 
8 0 10 4 5 7 1 255 
4 0 1 3 1 5 1 255 
1 0 4 2 3 8 1 255 
1 0 0 0 0 0 0 
1 0 0 0 0 0 3 257 258 259 
1 0 0 0 0 10 3 262 270 275 
6 0 0 0 0 7 2 264 279 
8 0 0 0 0 4 3 260 265 266 
1 0 0 0 0 7 3 261 263 271 
3 0 0 0 8 0 1 272 
5 0 0 0 0 7 1 267 
6 0 0 0 0 5 3 272 274 282 
8 0 0 4 0 0 1 277 
7 0 3 0 0 0 3 268 269 277 
5 0 8 0 0 0 2 276 278 
6 0 0 0 0 10 2 281 285 
8 0 0 4 0 0 2 270 284 
5 0 10 0 0 0 2 271 273 
6 0 0 0 8 0 1 274 
5 1 0 0 0 0 1 283 
10 0 0 10 0 0 1 275 
4 1 0 0 0 0 1 284 
3 0 0 0 5 0 1 278 
6 1 0 0 0 0 1 281 
1 0 0 4 0 0 1 284 
3 0 5 0 0 0 1 280 
7 0 0 0 0 7 1 281 
10 0 0 0 0 9 1 280 
5 0 0 0 2 0 1 285 
3 0 0 0 0 10 1 286 
1 0 3 0 0 0 1 286 
4 0 0 0 2 0 1 285 
1 1 0 0 0 0 1 287 
10 0 0 0 0 4 1 287 
5 0 3 0 0 0 1 287 
1 0 0 0 0 0 0 
1 0 0 0 0 0 3 289 290 291 
1 0 2 5 2 8 3 292 299 307 
4 0 6 7 6 9 2 298 303 
2 0 5 8 7 3 3 296 298 300 
2 0 10 5 4 3 3 293 294 295 
5 0 3 7 7 4 1 306 
6 0 4 1 2 4 3 301 310 311 
4 0 1 4 3 8 2 297 298 
10 0 4 1 3 7 3 302 303 317 
7 0 1 7 1 4 1 304 
7 0 4 6 10 4 1 304 
9 0 7 2 7 3 3 308 311 312 
5 0 8 9 9 10 2 305 309 
3 0 7 6 3 9 1 316 
2 1 0 0 0 0 1 306 
3 0 2 2 1 1 2 304 318 
5 0 3 7 9 8 3 305 306 313 
3 1 0 0 0 0 1 308 
3 1 0 0 0 0 1 316 
5 0 7 2 6 3 2 308 309 
1 0 8 8 6 4 1 315 
5 0 5 7 1 10 2 310 311 
6 1 0 0 0 0 2 312 314 
9 1 0 0 0 0 3 313 314 317 
3 1 0 0 0 0 2 313 318 
8 0 6 3 8 10 1 315 
3 0 8 2 4 8 2 315 318 
2 0 4 7 1 3 1 316 
4 0 1 2 8 9 1 319 
8 0 8 3 2 3 1 319 
9 0 5 8 8 10 1 319 
1 0 0 0 0 0 0 
1 0 0 0 0 0 3 321 322 323 
3 0 3 0 1 0 3 324 327 331 
3 0 0 0 0 2 3 329 330 332 
5 0 2 1 10 0 3 325 326 333 
3 0 0 0 0 2 3 336 339 348 
7 0 10 6 0 4 3 328 332 338 
2 0 0 2 0 10 3 328 330 332 
3 0 9 0 4 4 3 328 330 339 
8 0 2 4 7 6 3 335 340 343 
9 0 0 2 0 9 3 334 337 339 
8 0 0 4 0 0 3 334 337 344 
8 0 10 9 4 0 3 336 344 348 
10 0 0 7 5 0 3 334 340 347 
4 0 2 4 0 0 3 335 338 347 
2 1 0 0 0 0 3 335 336 342 
6 0 2 0 0 7 2 341 350 
5 1 0 0 0 0 1 341 
9 0 0 3 10 0 2 338 349 
5 1 0 0 0 0 2 340 350 
7 0 0 0 0 2 2 341 345 
4 0 8 0 0 3 1 346 
4 0 0 4 5 0 1 349 
1 1 0 0 0 0 2 345 346 
10 1 0 0 0 0 2 344 346 
10 0 0 0 0 9 2 345 347 
9 0 9 0 0 4 1 349 
4 0 0 2 2 8 1 348 
3 0 0 0 0 10 1 350 
5 0 5 0 3 2 1 351 
6 0 0 6 0 1 1 351 
8 0 0 9 0 7 1 351 
1 0 0 0 0 0 0 
1 0 0 0 0 0 3 353 354 355 
9 0 7 6 0 0 3 359 361 362 
7 0 6 0 8 6 3 356 358 372 
8 0 0 1 9 1 3 357 368 373 
5 0 9 0 0 0 2 362 380 
6 0 0 2 5 4 1 360 
9 0 8 10 2 8 1 365 
8 0 10 6 3 10 2 364 378 
1 0 7 6 5 5 1 376 
3 0 10 10 2 4 3 363 375 378 
10 0 0 4 5 0 1 381 
7 0 4 6 9 0 1 369 
9 0 7 0 10 8 2 366 374 
10 1 0 0 0 0 3 371 377 380 
6 0 10 0 6 3 2 367 381 
7 0 10 0 0 10 1 368 
4 0 6 0 0 4 1 382 
6 1 0 0 0 0 1 370 
10 1 0 0 0 0 1 372 
5 0 7 2 1 0 1 374 
8 0 0 6 10 5 1 373 
3 0 6 8 9 7 1 380 
10 0 3 0 9 0 1 379 
7 0 0 8 9 0 1 376 
3 0 3 2 9 7 2 377 382 
4 1 0 0 0 0 1 381 
7 0 7 0 9 2 1 379 
2 0 2 4 10 8 1 382 
10 0 1 3 0 10 1 383 
9 0 2 6 6 4 1 383 
6 0 5 0 3 9 1 383 
1 0 0 0 0 0 0 
1 0 0 0 0 0 3 385 386 387 
6 0 1 8 10 9 3 388 391 392 
6 0 1 1 5 4 3 389 394 402 
9 0 8 8 8 3 3 401 407 414 
6 0 1 7 7 7 3 390 401 414 
5 0 3 8 5 2 1 393 
1 1 0 0 0 0 1 402 
9 0 5 1 9 9 3 396 403 412 
8 0 5 1 9 4 3 396 397 399 
3 0 10 6 1 2 2 395 406 
9 1 0 0 0 0 3 401 407 408 
3 0 10 8 4 3 3 396 397 398 
3 1 0 0 0 0 2 400 408 
3 0 2 3 9 10 1 413 
7 1 0 0 0 0 3 404 409 410 
3 0 6 2 1 3 2 402 409 
6 0 8 7 4 2 3 405 407 410 
1 1 0 0 0 0 1 412 
4 0 2 7 6 6 1 405 
9 0 9 2 6 5 2 405 406 
8 0 5 9 10 6 1 408 
7 0 8 7 1 3 1 411 
3 0 3 8 10 10 1 410 
1 0 5 10 6 1 1 411 
1 0 2 3 6 7 1 411 
7 1 0 0 0 0 2 412 413 
3 0 8 2 3 9 1 414 
2 0 9 10 2 1 1 413 
8 0 6 4 1 8 1 415 
10 0 2 8 5 2 1 415 
7 0 10 4 2 7 1 415 
1 0 0 0 0 0 0 
1 0 0 0 0 0 3 417 418 419 
7 0 5 1 0 0 3 421 432 433 
2 0 0 5 10 10 3 420 426 436 
9 0 6 4 5 7 3 421 422 438 
1 0 3 0 4 2 3 423 433 434 
10 0 6 3 2 1 2 431 435 
7 0 4 9 6 0 2 424 428 
10 0 4 5 8 5 3 424 427 431 
6 0 6 0 5 0 1 425 
8 1 0 0 0 0 2 429 439 
6 0 0 3 3 2 3 433 435 438 
3 0 7 2 0 0 2 441 446 
4 0 0 1 7 9 2 436 437 
2 1 0 0 0 0 1 430 
10 0 0 10 3 0 1 440 
7 0 5 9 4 9 2 439 445 
4 0 2 8 0 2 2 442 443 
4 0 9 0 9 3 2 437 444 
7 0 2 0 7 0 3 435 438 440 
3 1 0 0 0 0 1 442 
2 1 0 0 0 0 1 441 
1 0 2 10 3 0 3 440 441 446 
9 1 0 0 0 0 2 439 444 
10 0 4 6 9 6 1 446 
7 0 5 0 2 0 1 445 
4 1 0 0 0 0 1 442 
3 0 6 4 0 0 1 445 
10 0 1 9 3 0 1 444 
8 0 9 9 3 7 1 447 
9 0 4 8 9 0 1 447 
10 0 1 6 4 9 1 447 
1 0 0 0 0 0 0 
1 0 0 0 0 0 3 449 450 451 
3 0 9 2 4 2 3 452 454 456 
9 0 7 2 6 8 2 453 460 
3 0 7 1 6 9 3 459 460 468 
1 0 10 2 2 4 3 455 462 464 
9 0 7 1 7 6 3 459 463 468 
2 0 2 8 2 10 3 458 461 474 
7 0 2 5 1 5 3 457 461 474 
10 0 6 8 2 6 3 458 459 462 
10 0 7 7 4 7 3 463 467 478 
4 0 1 10 4 2 3 460 464 477 
5 0 3 6 3 1 3 465 467 473 
9 0 6 5 3 5 2 463 467 
2 0 4 4 6 10 2 468 472 
10 0 3 7 6 7 3 469 470 478 
6 0 6 2 1 8 2 466 469 
8 1 0 0 0 0 3 466 471 473 
8 0 6 4 2 4 3 466 470 471 
8 0 4 1 6 7 2 472 475 
4 1 0 0 0 0 1 469 
3 0 5 9 8 2 2 473 477 
5 1 0 0 0 0 2 471 475 
6 1 0 0 0 0 2 474 475 
10 0 4 4 4 5 1 472 
8 0 9 5 2 10 1 476 
1 0 2 5 10 3 2 476 478 
8 0 3 5 10 9 1 477 
6 0 8 10 1 5 1 476 
5 0 10 10 5 3 1 479 
7 0 6 7 4 6 1 479 
5 0 1 5 4 5 1 479 
1 0 0 0 0 0 0 
1 0 0 0 0 0 3 481 482 483 
6 0 6 7 0 0 2 488 496 
10 0 0 0 6 6 3 485 495 500 
10 0 0 0 0 3 3 484 489 500 
6 0 1 5 8 0 3 487 492 493 
6 0 3 0 1 0 2 486 487 
10 0 0 7 0 0 3 489 490 494 
7 0 0 0 5 0 2 488 491 
3 1 0 0 0 0 1 499 
9 0 0 9 1 0 1 510 
5 1 0 0 0 0 1 509 
1 1 0 0 0 0 1 510 
3 0 6 4 2 0 3 498 502 504 
4 0 6 0 0 0 2 499 503 
5 1 0 0 0 0 3 497 498 505 
4 0 1 8 0 2 2 501 503 
6 0 0 0 3 0 2 504 506 
1 1 0 0 0 0 2 502 507 
8 1 0 0 0 0 2 499 501 
7 0 0 8 0 6 1 508 
1 0 0 0 0 7 3 501 502 503 
9 0 0 4 0 5 2 506 508 
1 0 8 10 2 0 2 506 509 
3 0 9 6 1 0 1 504 
6 1 0 0 0 0 1 507 
2 0 6 5 0 0 1 507 
5 0 5 0 8 4 1 510 
9 0 0 3 0 0 2 508 509 
9 0 0 3 0 0 1 511 
10 0 0 2 10 6 1 511 
8 0 0 0 0 4 1 511 
1 0 0 0 0 0 0 
1 0 0 0 0 0 3 513 514 515 
9 0 0 10 4 8 3 517 518 521 
3 0 7 3 3 4 1 517 
1 0 10 7 5 10 3 516 520 531 
7 0 4 0 0 9 3 517 519 525 
7 0 6 10 0 3 1 522 
4 0 10 6 2 5 3 523 524 530 
3 0 5 4 10 3 1 528 
9 1 0 0 0 0 3 523 538 541 
1 0 6 2 10 2 2 533 541 
2 1 0 0 0 0 1 536 
2 0 2 7 7 0 2 537 539 
6 0 1 0 0 6 1 529 
1 0 5 9 0 9 2 526 527 
3 0 5 0 6 1 1 536 
6 0 1 6 7 0 1 541 
6 1 0 0 0 0 1 537 
9 0 3 6 0 1 1 532 
4 0 0 3 0 5 1 531 
3 0 0 0 0 10 2 534 540 
10 0 3 8 8 2 1 533 
6 0 10 7 4 1 2 535 542 
3 1 0 0 0 0 1 536 
4 0 8 10 0 0 1 537 
8 0 2 0 8 1 1 538 
1 0 0 9 5 9 1 540 
6 0 9 7 10 6 1 539 
7 0 7 0 0 1 1 542 
4 0 7 1 0 4 1 543 
3 0 7 6 0 1 1 543 
1 0 7 9 5 0 1 543 
1 0 0 0 0 0 0 
1 0 0 0 0 0 3 545 546 547 
10 0 2 0 6 9 3 553 555 559 
4 0 6 0 8 0 3 549 561 567 
6 0 0 1 0 10 3 548 550 571 
8 0 6 0 0 0 2 554 558 
7 0 0 0 3 0 1 551 
10 0 9 0 5 0 2 552 562 
8 0 3 6 0 2 1 565 
3 0 2 0 3 0 1 566 
7 0 0 10 3 6 3 556 557 572 
5 0 4 0 0 0 2 563 573 
5 0 0 8 0 9 1 557 
9 0 1 0 7 6 3 560 563 569 
1 1 0 0 0 0 1 564 
9 0 1 0 4 8 1 570 
5 0 0 0 1 3 1 573 
4 1 0 0 0 0 1 564 
8 0 1 0 0 0 2 565 568 
8 1 0 0 0 0 1 572 
6 1 0 0 0 0 1 566 
4 0 0 1 0 0 1 568 
3 0 6 7 7 9 1 570 
4 0 0 6 0 0 1 567 
4 0 3 0 0 5 1 574 
2 0 0 0 8 0 2 571 573 
5 1 0 0 0 0 1 570 
7 1 0 0 0 0 1 574 
9 0 0 1 5 10 1 574 
1 0 0 0 10 2 1 575 
5 0 0 5 9 6 1 575 
9 0 4 0 8 0 1 575 
1 0 0 0 0 0 0 
1 0 0 0 0 0 3 577 578 579 
7 0 6 0 0 0 3 581 583 584 
10 0 0 8 0 0 3 582 586 593 
2 0 4 0 0 0 3 580 582 583 
3 0 5 0 0 0 3 596 597 599 
2 0 6 0 0 0 2 582 585 
1 0 0 0 0 10 2 587 589 
3 0 0 9 0 0 3 588 590 595 
5 0 9 0 0 0 3 585 587 589 
10 0 0 0 1 0 3 590 591 595 
9 0 0 0 0 3 2 589 599 
9 0 0 5 0 0 3 591 596 600 
3 0 0 0 2 0 3 592 594 596 
5 0 0 0 0 10 2 604 605 
1 1 0 0 0 0 1 592 
6 1 0 0 0 0 2 594 603 
6 1 0 0 0 0 3 593 599 603 
9 1 0 0 0 0 3 597 598 600 
5 1 0 0 0 0 2 598 602 
2 1 0 0 0 0 3 597 601 605 
9 0 0 5 0 0 3 598 601 603 
3 0 1 0 0 0 2 602 606 
5 0 0 0 4 0 1 605 
8 0 3 0 0 0 2 600 601 
2 0 0 0 6 0 1 604 
3 0 9 0 0 0 2 602 606 
10 0 0 0 10 0 1 604 
2 0 0 0 3 0 1 606 
8 0 0 0 0 5 1 607 
1 0 0 0 3 0 1 607 
9 0 0 0 0 6 1 607 
1 0 0 0 0 0 0 
1 0 0 0 0 0 3 609 610 611 
9 0 9 0 0 0 3 613 619 632 
3 0 0 0 4 0 3 612 614 635 
9 0 8 0 0 0 3 616 618 624 
3 0 0 0 3 0 2 624 625 
7 0 0 0 5 0 3 617 627 629 
10 0 0 8 0 0 3 615 620 621 
1 0 0 0 5 0 2 623 630 
5 0 0 0 0 10 3 621 622 633 
9 1 0 0 0 0 3 628 631 635 
3 0 0 6 0 0 3 623 626 631 
4 0 5 0 0 0 1 633 
8 0 0 0 3 0 1 632 
9 0 1 0 0 0 2 628 629 
9 0 0 0 0 4 1 627 
1 0 0 0 0 7 2 628 634 
9 0 0 0 0 3 1 627 
1 0 0 0 0 10 2 631 634 
2 0 0 0 6 0 1 635 
2 1 0 0 0 0 1 630 
6 0 7 0 0 0 2 636 638 
4 1 0 0 0 0 2 630 634 
9 0 0 0 0 10 2 636 638 
9 0 0 5 0 0 2 637 638 
8 0 5 0 0 0 1 633 
4 0 9 0 0 0 1 637 
1 0 6 0 0 0 1 637 
1 0 0 0 0 3 1 636 
7 0 0 5 0 0 1 639 
9 0 0 0 1 0 1 639 
4 0 0 7 0 0 1 639 
1 0 0 0 0 0 0 
319.65 277.83 265.42 254.36 257.93 302.44 361.88 376 385.17 366 318.61 262.94 205.35 184.36 176.01 176.7 242.15 250.75 374.82 423.08 432.42 410.5 402.27 374.97 359.96 318.58 308.61 300.01 299.35 324.82 380.47 412.59 411.43 332.54 230.3 300.33 272.86 258.94 247.57 266.77 272.8 336.58 350.85 373.51 382.16 370.66 384.96 362.35 351.39 306.88 286.38 279.99 299.48 322.79 389.83 413.89 390 343.7 261.1 227.4 216.45 202.58 181.83 169.32 212.94 254.95 301.28 370.87 380.25 383.73 374.77 275.52 231.92 165.92 152.88 162.96 158.5 127.57 207.32 236.55 247.88 254.43 249.82 279.76 228.33 210.49 165.62 185.19 241.04 216.26 240.28 203.54 245.64 258.96 247.44 194.95 178.83 188.6 187.89 201.68 185.82 225.5 359.12 399.36 409.41 321.51 290.61 235.57 164.76 168.36 144.68 147.1 168.51 229.02 279.51 364.97 397.7 418.61 410.49 354.42 350 277.58 137.34 118.86 123.33 136.77 237.19 200 234.46 110.75 93.11 69.99 27.37 28 10.11 1.95 15.66 37.32 84.31 86.29 120.94 125 104.99 56.51 43.08 2.02 1.95 3.28 40.42 37.61 41.22 6.36 1.14 2.9 3.78 8.3 8.11 0.3 3.91 1.23 4.75 52.47 110.91 322.13 369.9 378.07 389.67 373.55 319.65 277.83 265.42 254.36 257.93 302.44 361.88 376 385.17 366 318.61 262.94 205.35 184.36 176.01 176.7 242.15 250.75 374.82 423.08 432.42 410.5 402.27 374.97 359.96 318.58 308.61 300.01 299.35 324.82 380.47 412.59 411.43 332.54 230.3 300.33 272.86 258.94 247.57 266.77 272.8 336.58 350.85 373.51 382.16 370.66 384.96 362.35 351.39 306.88 286.38 279.99 299.48 322.79 389.83 413.89 390 343.7 261.1 227.4 216.45 202.58 181.83 169.32 212.94 254.95 301.28 370.87 380.25 383.73 374.77 275.52 231.92 165.92 152.88 162.96 158.5 127.57 207.32 236.55 247.88 254.43 249.82 279.76 228.33 210.49 165.62 185.19 241.04 216.26 240.28 203.54 245.64 258.96 247.44 194.95 178.83 188.6 187.89 201.68 185.82 225.5 359.12 399.36 409.41 321.51 290.61 235.57 164.76 168.36 144.68 147.1 168.51 229.02 279.51 364.97 397.7 418.61 410.49 354.42 350 277.58 137.34 118.86 123.33 136.77 237.19 200 234.46 110.75 93.11 69.99 27.37 28 10.11 1.95 15.66 37.32 84.31 86.29 120.94 125 104.99 56.51 43.08 2.02 1.95 3.28 40.42 37.61 41.22 6.36 1.14 2.9 3.78 8.3 8.11 0.3 3.91 1.23 4.75 52.47 110.91 322.13 369.9 378.07 389.67 373.55 319.65 277.83 265.42 254.36 257.93 302.44 361.88 376 385.17 366 318.61 262.94 205.35 184.36 176.01 176.7 242.15 250.75 374.82 423.08 432.42 410.5 402.27 374.97 359.96 318.58 308.61 300.01 299.35 324.82 380.47 412.59 411.43 332.54 230.3 300.33 272.86 258.94 247.57 266.77 272.8 336.58 350.85 373.51 382.16 370.66 384.96 362.35 351.39 306.88 286.38 279.99 299.48 322.79 389.83 413.89 390 343.7 261.1 227.4 216.45 202.58 181.83 169.32 212.94 254.95 301.28 370.87 380.25 383.73 374.77 275.52 231.92 165.92 152.88 162.96 158.5 127.57 207.32 236.55 247.88 254.43 249.82 279.76 228.33 210.49 165.62 185.19 241.04 216.26 240.28 203.54 245.64 258.96 247.44 194.95 178.83 188.6 187.89 201.68 185.82 225.5 359.12 399.36 409.41 321.51 290.61 235.57 164.76 168.36 144.68 147.1 168.51 229.02 279.51 364.97 397.7 418.61 410.49 354.42 350 277.58 137.34 118.86 123.33 136.77 237.19 200 234.46 110.75 93.11 69.99 27.37 28 10.11 1.95 15.66 37.32 84.31 86.29 120.94 125 104.99 56.51 43.08 2.02 1.95 3.28 40.42 37.61 41.22 6.36 1.14 2.9 3.78 8.3 8.11 0.3 3.91 1.23 4.75 52.47 110.91 322.13 369.9 378.07 389.67 373.55 319.65 277.83 265.42 254.36 257.93 302.44 361.88 376 385.17 366 318.61 262.94 205.35 184.36 176.01 176.7 242.15 250.75 374.82 423.08 432.42 410.5 402.27 374.97 359.96 318.58 308.61 300.01 299.35 324.82 380.47 412.59 411.43 332.54 230.3 300.33 272.86 258.94 247.57 266.77 272.8 336.58 350.85 373.51 382.16 370.66 384.96 362.35 351.39 306.88 286.38 279.99 299.48 322.79 389.83 413.89 390 343.7 261.1 227.4 216.45 202.58 181.83 169.32 212.94 254.95 301.28 370.87 380.25 383.73 374.77 275.52 231.92 165.92 152.88 162.96 158.5 127.57 207.32 236.55 247.88 254.43 249.82 279.76 228.33 210.49 165.62 185.19 241.04 216.26 240.28 203.54 245.64 258.96 247.44 194.95 178.83 188.6 187.89 201.68 185.82 225.5 359.12 399.36 409.41 321.51 290.61 235.57 164.76 168.36 144.68 147.1 168.51 229.02 279.51 364.97 397.7 418.61 410.49 354.42 350 277.58 137.34 118.86 123.33 136.77 237.19 200 234.46 110.75 93.11 69.99 27.37 28 10.11 1.95 15.66 37.32 84.31 86.29 120.94 125 104.99 56.51 43.08 2.02 1.95 3.28 40.42 37.61 41.22 6.36 1.14 2.9 3.78 8.3 8.11 0.3 3.91 1.23 4.75 52.47 110.91 322.13 369.9 378.07 389.67 373.55 319.65 277.83 265.42 254.36 257.93 302.44 361.88 376 385.17 366 318.61 262.94 205.35 184.36 176.01 176.7 242.15 250.75 374.82 423.08 432.42 410.5 402.27 374.97 359.96 318.58 308.61 300.01 299.35 324.82 380.47 412.59 411.43 332.54 230.3 300.33 272.86 258.94 247.57 266.77 272.8 336.58 350.85 373.51 382.16 370.66 384.96 362.35 351.39 306.88 286.38 279.99 299.48 322.79 389.83 413.89 390 343.7 261.1 227.4 216.45 202.58 181.83 169.32 212.94 254.95 301.28 370.87 380.25 383.73 374.77 275.52 231.92 165.92 152.88 162.96 158.5 127.57 207.32 236.55 247.88 254.43 249.82 279.76 228.33 210.49 165.62 185.19 241.04 216.26 240.28 203.54 245.64 258.96 247.44 194.95 178.83 188.6 187.89 201.68 185.82 225.5 359.12 399.36 409.41 321.51 290.61 235.57 164.76 168.36 144.68 147.1 168.51 229.02 279.51 364.97 397.7 418.61 410.49 354.42 350 277.58 137.34 118.86 123.33 136.77 237.19 200 234.46 110.75 93.11 69.99 27.37 28 10.11 1.95 15.66 37.32 84.31 86.29 120.94 125 104.99 56.51 43.08 2.02 1.95 3.28 40.42 37.61 41.22 6.36 1.14 2.9 3.78 8.3 8.11 0.3 3.91 1.23 4.75 52.47 110.91 322.13 369.9 378.07 389.67 373.55 319.65 277.83 265.42 254.36 257.93 302.44 361.88 376 385.17 366 318.61 262.94 205.35 184.36 176.01 176.7 242.15 250.75 374.82 423.08 432.42 410.5 402.27 374.97 359.96 318.58 308.61 300.01 299.35 324.82 380.47 412.59 411.43 332.54 230.3 300.33 272.86 258.94 247.57 266.77 272.8 336.58 350.85 373.51 382.16 370.66 384.96 362.35 351.39 306.88 286.38 279.99 299.48 322.79 389.83 413.89 390 343.7 261.1 227.4 216.45 202.58 181.83 169.32 212.94 254.95 301.28 370.87 380.25 383.73 374.77 275.52 231.92 165.92 152.88 162.96 158.5 127.57 207.32 236.55 247.88 254.43 249.82 279.76 228.33 210.49 165.62 185.19 241.04 216.26 240.28 203.54 245.64 258.96 247.44 194.95 178.83 188.6 187.89 201.68 185.82 225.5 359.12 399.36 409.41 321.51 290.61 235.57 164.76 168.36 144.68 147.1 168.51 229.02 279.51 364.97 397.7 418.61 410.49 354.42 350 277.58 137.34 118.86 123.33 136.77 237.19 200 234.46 110.75 93.11 69.99 27.37 28 10.11 1.95 15.66 37.32 84.31 86.29 120.94 125 104.99 56.51 43.08 2.02 1.95 3.28 40.42 37.61 41.22 6.36 1.14 2.9 3.78 8.3 8.11 0.3 3.91 1.23 4.75 52.47 110.91 322.13 369.9 378.07 389.67 373.55 319.65 277.83 265.42 254.36 257.93 302.44 361.88 376 385.17 366 318.61 262.94 205.35 184.36 176.01 176.7 242.15 250.75 374.82 423.08 432.42 410.5 402.27 374.97 359.96 318.58 308.61 300.01 299.35 324.82 380.47 412.59 411.43 332.54 230.3 300.33 272.86 258.94 247.57 266.77 272.8 336.58 350.85 373.51 382.16 370.66 384.96 362.35 351.39 306.88 286.38 279.99 299.48 322.79 389.83 413.89 390 343.7 261.1 227.4 216.45 202.58 181.83 169.32 212.94 254.95 301.28 370.87 380.25 383.73 374.77 275.52 231.92 165.92 152.88 162.96 
