640 5
1 34 33 34 37 
1 0 0 0 0 0 3 1 2 3 
9 0 3 7 0 10 3 4 9 10 
5 0 0 2 10 6 3 6 12 17 
9 0 7 5 7 0 3 5 8 15 
10 0 4 6 10 8 1 14 
8 0 8 4 7 8 3 7 11 16 
1 0 9 7 1 3 1 21 
10 0 3 0 2 4 1 13 
6 0 4 0 3 8 1 21 
3 0 0 7 4 0 3 13 28 30 
9 0 4 0 4 8 1 20 
10 1 0 0 0 0 1 29 
4 0 6 0 5 3 2 15 24 
2 1 0 0 0 0 1 24 
4 0 0 0 4 7 1 18 
10 0 3 6 4 0 2 19 25 
9 1 0 0 0 0 1 22 
9 0 5 2 3 4 1 21 
10 0 0 9 0 0 2 20 22 
1 0 5 4 4 2 1 23 
7 0 7 0 6 4 1 27 
9 0 5 5 2 1 2 24 28 
5 0 4 0 9 9 1 29 
5 1 0 0 0 0 2 27 30 
3 1 0 0 0 0 1 25 
8 0 7 10 9 0 1 26 
4 0 0 7 8 10 1 27 
2 0 3 0 1 0 1 29 
1 0 0 9 2 7 1 31 
7 0 2 2 3 8 1 31 
8 0 0 7 2 5 1 31 
1 0 0 0 0 0 0 
1 0 0 0 0 0 3 33 34 35 
2 0 0 0 0 9 3 38 49 50 
5 0 0 0 0 1 3 36 37 41 
4 0 0 0 7 0 3 39 41 52 
6 0 0 0 0 8 3 38 40 47 
9 0 0 2 0 0 3 42 44 46 
8 0 0 3 0 0 3 44 61 62 
1 0 2 0 0 0 3 43 44 47 
9 0 0 0 2 0 3 42 50 56 
5 0 0 0 0 6 3 45 55 56 
10 1 0 0 0 0 3 45 52 59 
9 0 0 0 9 0 2 48 51 
6 1 0 0 0 0 2 45 54 
7 0 0 0 7 0 1 60 
1 0 10 0 0 0 3 47 48 52 
5 0 0 6 0 0 3 54 57 58 
1 0 0 0 0 5 1 49 
4 1 0 0 0 0 3 53 55 56 
10 0 2 0 0 0 3 51 53 62 
4 1 0 0 0 0 2 54 55 
3 0 8 0 0 0 2 53 58 
8 0 0 0 5 0 1 60 
7 0 0 0 0 1 1 60 
2 0 2 0 0 0 2 57 59 
7 0 0 0 0 10 3 57 58 59 
7 0 8 0 0 0 1 61 
8 0 0 4 0 0 1 62 
2 0 0 0 3 0 1 61 
4 0 0 0 1 0 1 63 
8 0 0 0 0 10 1 63 
1 0 0 8 0 0 1 63 
1 0 0 0 0 0 0 
1 0 0 0 0 0 3 65 66 67 
1 0 0 6 0 0 3 72 74 83 
9 0 9 4 9 3 2 68 71 
4 0 4 1 7 9 2 69 75 
10 0 0 0 7 0 1 70 
10 0 2 8 0 4 3 85 88 89 
7 1 0 0 0 0 3 73 84 87 
2 0 0 0 0 5 1 79 
5 0 4 10 0 0 1 78 
7 1 0 0 0 0 1 82 
8 0 8 4 0 0 2 77 94 
9 0 0 0 0 2 3 76 77 81 
7 0 0 0 0 2 1 88 
3 0 0 7 0 0 1 80 
10 0 2 0 2 0 1 91 
3 0 0 6 0 0 1 82 
3 0 3 0 6 0 1 93 
9 0 0 2 7 0 1 84 
5 1 0 0 0 0 2 86 90 
8 0 7 3 0 0 2 89 93 
8 0 1 7 0 0 3 85 88 91 
9 0 0 5 1 0 1 90 
7 0 0 4 0 2 1 89 
7 0 0 8 8 0 1 92 
8 0 0 10 8 0 1 94 
9 0 1 6 6 0 1 92 
10 0 5 0 6 0 1 94 
7 0 0 4 0 0 1 93 
1 0 0 3 1 9 1 95 
8 0 9 6 7 4 1 95 
4 0 6 0 0 6 1 95 
1 0 0 0 0 0 0 
1 0 0 0 0 0 3 97 98 99 
8 0 9 10 7 4 3 104 105 110 
7 0 9 3 4 6 3 103 109 120 
9 0 1 7 2 5 3 100 101 106 
7 0 5 4 5 2 3 107 110 113 
5 0 7 5 10 5 3 102 103 120 
10 0 3 5 10 2 3 104 109 113 
5 0 8 8 9 9 3 108 111 116 
7 1 0 0 0 0 3 108 115 116 
8 0 1 10 5 10 3 108 111 113 
10 0 7 6 5 2 3 111 114 118 
7 0 10 7 3 5 3 116 120 122 
5 0 7 8 4 8 2 112 124 
8 1 0 0 0 0 2 123 126 
7 1 0 0 0 0 3 114 117 118 
8 0 3 4 2 5 1 115 
8 1 0 0 0 0 3 114 119 121 
8 0 9 9 3 9 2 117 123 
7 0 5 6 6 10 1 122 
3 0 1 10 5 5 2 122 124 
7 0 5 7 7 2 2 117 118 
6 0 4 2 1 2 2 119 121 
9 0 7 7 10 8 3 119 121 124 
2 0 5 2 4 7 1 125 
2 0 5 3 6 9 2 125 126 
10 0 7 9 8 4 1 126 
3 0 9 1 1 2 1 123 
3 0 2 4 1 7 1 125 
4 0 4 6 10 10 1 127 
7 0 4 8 9 4 1 127 
1 0 9 6 7 9 1 127 
1 0 0 0 0 0 0 
1 0 0 0 0 0 3 129 130 131 
7 0 0 0 4 4 3 133 137 139 
4 0 5 2 0 0 2 135 147 
4 0 4 3 0 0 3 132 138 140 
9 0 8 0 0 2 3 134 143 145 
7 0 2 10 0 9 3 142 144 149 
6 0 3 0 2 7 3 136 146 156 
1 0 2 0 0 4 3 137 141 158 
8 1 0 0 0 0 1 144 
3 0 0 8 0 2 2 156 157 
8 0 0 0 8 5 1 151 
1 0 7 6 0 9 3 142 149 152 
10 0 0 0 1 7 1 147 
6 0 0 0 0 5 2 144 150 
4 1 0 0 0 0 3 145 146 156 
9 0 5 0 8 8 3 146 149 152 
8 0 9 0 2 0 1 155 
2 0 4 2 0 0 1 153 
5 1 0 0 0 0 3 151 153 158 
1 0 0 0 0 10 3 148 150 158 
3 0 2 7 0 0 1 155 
1 0 0 0 5 10 1 150 
3 1 0 0 0 0 1 151 
7 0 5 0 0 0 1 154 
5 0 2 3 0 4 1 153 
6 0 0 10 6 0 1 154 
3 0 0 0 10 0 1 155 
7 0 2 0 0 2 1 157 
2 1 0 0 0 0 1 159 
4 0 7 0 2 0 1 159 
3 1 0 0 0 0 1 159 
1 0 0 0 0 0 0 
1 0 0 0 0 0 3 161 162 163 
10 0 10 7 8 10 3 167 171 178 
3 0 1 5 2 10 3 164 165 166 
7 0 3 3 4 10 1 173 
2 0 6 9 4 9 2 170 188 
5 0 3 4 7 5 3 179 187 189 
6 0 10 9 3 8 2 168 175 
7 0 7 2 3 10 2 169 182 
1 0 8 6 10 3 1 176 
3 1 0 0 0 0 1 176 
4 0 10 9 10 4 1 181 
8 0 1 7 5 6 2 172 174 
4 1 0 0 0 0 3 176 185 187 
6 0 9 4 2 7 1 179 
1 1 0 0 0 0 2 179 185 
3 0 7 9 4 7 1 189 
1 1 0 0 0 0 2 177 186 
2 0 2 6 9 8 1 180 
4 1 0 0 0 0 1 188 
4 0 4 3 2 6 1 181 
2 1 0 0 0 0 1 183 
4 1 0 0 0 0 1 190 
4 0 2 4 1 6 1 186 
1 1 0 0 0 0 1 184 
10 0 8 10 4 9 1 188 
4 1 0 0 0 0 2 186 189 
10 0 3 6 8 5 1 190 
7 1 0 0 0 0 1 190 
10 0 9 9 3 5 1 191 
2 1 0 0 0 0 1 191 
2 0 8 6 8 8 1 191 
1 0 0 0 0 0 0 
1 0 0 0 0 0 3 193 194 195 
4 0 0 10 10 0 3 204 205 209 
10 0 10 3 4 0 2 202 204 
4 0 8 0 0 0 3 196 197 198 
5 0 0 2 1 3 2 199 211 
8 0 6 0 7 0 2 213 221 
2 0 0 0 4 6 1 214 
2 0 0 10 3 0 2 200 201 
10 1 0 0 0 0 1 208 
2 0 0 0 0 1 3 203 206 219 
6 0 1 0 0 6 2 205 217 
7 0 0 1 0 0 1 215 
2 1 0 0 0 0 3 207 218 220 
10 0 0 7 0 2 1 212 
4 0 0 0 0 8 1 222 
9 1 0 0 0 0 1 222 
2 0 0 1 2 4 2 210 216 
8 1 0 0 0 0 1 213 
6 0 0 0 0 6 1 213 
8 0 0 5 10 4 1 214 
4 0 5 0 0 6 1 220 
3 0 0 9 0 7 1 219 
1 0 6 7 0 0 1 219 
2 1 0 0 0 0 1 221 
4 0 5 0 1 5 2 217 218 
6 0 7 0 6 1 1 222 
5 0 0 0 10 0 1 221 
1 0 0 1 10 6 1 220 
6 0 0 4 6 0 1 223 
2 0 3 2 0 1 1 223 
5 0 4 0 0 1 1 223 
1 0 0 0 0 0 0 
1 0 0 0 0 0 3 225 226 227 
4 0 6 0 3 0 1 228 
3 0 5 8 5 9 3 230 239 246 
7 0 0 10 9 1 3 230 233 234 
3 0 0 9 0 0 3 229 231 236 
9 0 9 3 9 7 3 232 237 246 
7 0 7 0 9 8 2 243 247 
7 0 0 2 4 7 2 238 244 
8 0 8 0 1 8 3 239 247 254 
9 0 8 1 5 7 3 241 244 247 
7 0 6 2 10 1 3 235 248 250 
3 0 0 3 6 0 1 240 
6 0 7 1 0 3 1 238 
2 0 4 0 4 0 2 240 252 
6 1 0 0 0 0 2 243 245 
4 0 3 0 2 0 2 250 251 
10 1 0 0 0 0 2 241 244 
1 1 0 0 0 0 3 242 243 251 
4 0 0 9 9 5 1 245 
9 0 6 7 7 6 1 249 
1 0 8 4 0 8 1 251 
2 0 1 5 8 10 1 249 
9 1 0 0 0 0 1 248 
1 0 3 6 7 8 2 250 253 
2 0 0 0 5 8 3 249 252 253 
3 0 7 2 9 8 1 254 
1 0 0 7 0 9 1 252 
2 0 7 10 10 2 1 253 
3 0 0 3 0 0 1 255 
6 0 5 6 7 0 1 255 
8 0 10 0 6 10 1 255 
1 0 0 0 0 0 0 
1 0 0 0 0 0 3 257 258 259 
5 0 10 5 8 5 3 262 265 266 
2 0 9 3 8 7 3 263 271 274 
6 0 5 9 4 1 3 260 261 274 
10 0 5 7 6 4 3 267 268 269 
7 0 9 4 2 10 3 263 272 283 
10 0 7 2 10 6 3 264 267 277 
9 0 4 5 2 6 3 268 269 270 
3 0 6 3 6 6 3 271 274 280 
8 0 8 10 10 9 3 269 272 278 
10 0 4 6 4 8 3 273 276 282 
1 0 9 5 4 4 3 271 272 282 
6 0 10 3 10 9 2 273 276 
6 1 0 0 0 0 3 275 277 279 
9 0 4 5 4 9 2 273 278 
9 0 10 7 9 8 3 275 283 285 
4 0 7 4 10 3 2 280 281 
4 1 0 0 0 0 1 286 
4 0 2 7 3 2 3 275 281 282 
3 1 0 0 0 0 1 284 
9 1 0 0 0 0 2 277 278 
4 0 3 3 5 2 1 284 
3 0 2 5 4 3 2 279 280 
6 0 5 4 9 7 2 281 285 
9 0 5 7 8 5 2 284 285 
3 0 9 1 4 2 1 286 
8 1 0 0 0 0 1 283 
6 1 0 0 0 0 1 286 
10 0 8 7 9 3 1 287 
8 0 1 5 7 8 1 287 
10 0 5 2 8 1 1 287 
1 0 0 0 0 0 0 
1 0 0 0 0 0 3 289 290 291 
2 0 0 6 8 9 3 297 298 316 
4 0 0 2 0 0 3 292 309 310 
5 0 4 0 0 0 3 293 294 303 
6 0 4 0 0 0 3 296 299 318 
10 0 0 0 0 5 3 295 296 301 
9 0 0 7 4 0 2 312 313 
3 0 1 0 9 3 2 305 308 
1 0 6 9 0 5 3 306 311 316 
10 0 0 7 7 10 1 300 
4 0 6 9 0 0 3 307 310 313 
9 0 10 1 0 9 2 316 317 
8 0 5 0 7 0 3 302 304 308 
8 0 10 6 0 0 2 302 318 
8 0 0 7 8 10 1 315 
9 0 10 0 5 4 2 308 317 
5 0 0 2 0 8 2 306 311 
1 0 4 0 0 0 2 306 309 
2 1 0 0 0 0 2 307 314 
8 1 0 0 0 0 1 312 
3 1 0 0 0 0 1 318 
6 1 0 0 0 0 2 311 312 
2 0 0 4 0 0 1 314 
9 1 0 0 0 0 1 313 
8 0 3 3 0 6 1 315 
1 1 0 0 0 0 1 314 
8 0 10 0 0 0 1 315 
6 0 8 0 0 8 1 317 
8 0 2 0 7 0 1 319 
9 0 8 8 0 8 1 319 
10 0 8 0 0 6 1 319 
1 0 0 0 0 0 0 
1 0 0 0 0 0 3 321 322 323 
6 0 4 5 10 9 3 326 328 340 
3 0 7 9 1 3 3 327 333 334 
9 0 9 10 6 5 3 324 325 330 
3 0 2 9 1 4 3 326 328 334 
8 0 10 10 3 8 1 332 
3 0 4 1 8 6 3 329 331 337 
1 0 8 7 9 8 3 329 330 331 
10 0 7 2 2 3 3 335 341 344 
8 0 8 4 8 7 3 332 339 341 
4 0 9 5 9 6 3 337 342 350 
9 0 1 5 10 3 3 332 341 344 
4 0 9 10 9 7 2 349 350 
9 0 5 1 3 8 3 335 339 343 
8 0 1 6 4 8 3 336 338 344 
5 1 0 0 0 0 3 342 347 350 
7 1 0 0 0 0 3 337 339 340 
2 0 9 10 7 7 2 343 345 
9 0 9 10 4 6 2 340 346 
9 0 6 10 5 9 2 346 347 
10 0 4 5 2 2 2 343 349 
9 1 0 0 0 0 1 342 
3 1 0 0 0 0 1 345 
8 0 7 10 8 8 1 348 
7 0 3 5 7 9 2 345 347 
4 0 3 8 5 7 1 346 
4 0 2 2 7 6 2 348 349 
2 0 5 9 9 7 1 348 
9 0 10 3 1 6 1 351 
9 0 8 2 5 1 1 351 
9 0 9 10 5 7 1 351 
1 0 0 0 0 0 0 
1 0 0 0 0 0 3 353 354 355 
3 0 0 0 0 3 3 361 366 367 
2 0 10 0 0 0 3 358 362 367 
8 0 0 7 7 0 3 356 357 381 
4 0 2 0 9 6 3 365 369 370 
3 0 0 0 8 0 3 359 363 366 
4 0 0 5 0 0 3 360 364 368 
1 0 9 0 0 0 3 360 368 371 
5 0 0 0 3 0 3 365 375 376 
3 0 4 0 8 0 3 365 370 371 
4 0 2 0 4 4 3 364 373 374 
2 0 5 3 2 2 3 371 372 377 
8 0 0 10 1 0 3 366 369 381 
10 0 5 9 0 9 1 373 
3 0 0 4 0 5 3 370 378 382 
9 0 2 3 0 0 1 374 
2 0 0 0 0 3 3 369 372 373 
2 0 1 0 0 0 2 375 379 
7 1 0 0 0 0 2 372 377 
10 0 0 0 10 0 3 376 379 382 
6 0 0 0 6 1 1 375 
4 0 0 1 5 3 2 377 378 
9 1 0 0 0 0 3 376 381 382 
10 0 6 0 0 2 1 380 
8 1 0 0 0 0 1 378 
3 1 0 0 0 0 1 379 
2 0 3 5 1 10 1 380 
5 1 0 0 0 0 1 380 
9 0 8 2 0 0 1 383 
8 0 10 10 10 7 1 383 
4 1 0 0 0 0 1 383 
1 0 0 0 0 0 0 
1 0 0 0 0 0 3 385 386 387 
10 0 0 3 0 6 3 388 390 395 
8 0 7 0 4 7 3 388 389 397 
5 0 3 1 7 9 3 388 389 400 
2 0 1 5 7 8 2 405 412 
5 0 5 3 9 5 3 391 392 402 
10 0 1 3 8 7 2 391 397 
3 1 0 0 0 0 3 394 398 405 
6 0 10 9 5 10 1 393 
4 0 1 0 0 6 3 396 399 401 
4 0 10 0 7 4 2 401 409 
10 0 2 7 10 1 3 400 401 406 
2 0 7 1 0 0 3 404 408 411 
2 1 0 0 0 0 3 399 400 403 
1 1 0 0 0 0 3 403 406 408 
10 1 0 0 0 0 1 406 
7 1 0 0 0 0 3 402 405 407 
1 1 0 0 0 0 3 403 404 407 
6 1 0 0 0 0 3 404 409 412 
6 1 0 0 0 0 1 410 
2 1 0 0 0 0 1 410 
9 0 10 10 1 2 3 408 410 411 
7 0 8 0 1 2 2 407 413 
5 0 0 0 9 9 2 411 412 
8 0 0 9 3 0 2 409 414 
9 0 2 0 10 7 1 413 
9 0 0 5 3 6 2 413 414 
9 0 7 0 7 5 1 414 
7 0 3 1 10 1 1 415 
2 0 1 0 8 0 1 415 
3 0 0 7 9 8 1 415 
1 0 0 0 0 0 0 
1 0 0 0 0 0 3 417 418 419 
1 0 1 5 1 5 3 420 427 428 
8 0 7 4 9 9 3 422 431 433 
10 0 1 1 9 6 3 421 425 432 
3 0 8 3 10 5 3 423 429 432 
2 0 3 6 5 5 3 422 431 435 
8 1 0 0 0 0 3 424 439 444 
7 0 10 6 9 9 3 426 431 434 
1 1 0 0 0 0 1 429 
8 0 10 10 10 1 2 427 437 
4 0 4 7 4 2 3 430 435 444 
10 0 1 8 8 7 3 430 433 434 
5 1 0 0 0 0 3 429 430 437 
8 0 10 2 7 10 3 438 440 441 
8 0 10 2 10 9 2 439 442 
5 1 0 0 0 0 2 437 442 
5 0 2 6 6 9 3 433 434 444 
7 1 0 0 0 0 2 435 438 
10 0 8 6 6 5 3 436 439 441 
8 0 7 5 8 6 2 440 443 
8 1 0 0 0 0 2 438 446 
9 0 1 9 5 7 2 441 446 
1 0 6 10 4 1 1 442 
6 0 6 5 10 9 2 440 443 
2 0 2 10 5 7 2 445 446 
1 0 3 3 10 6 1 445 
10 0 6 6 9 2 1 443 
4 0 10 9 10 6 1 445 
3 0 7 1 1 8 1 447 
2 0 5 5 1 1 1 447 
1 0 4 2 2 1 1 447 
1 0 0 0 0 0 0 
1 0 0 0 0 0 3 449 450 451 
7 0 4 0 6 0 3 452 456 459 
1 0 0 7 8 1 3 455 463 467 
10 0 0 2 1 0 3 453 454 457 
5 0 9 0 10 0 3 453 454 460 
7 0 0 10 0 5 3 455 461 462 
5 0 0 0 7 9 3 464 473 475 
6 0 0 0 6 0 3 464 466 474 
10 0 2 0 0 2 3 458 465 468 
5 0 0 0 0 9 3 458 459 460 
4 0 0 3 0 0 3 461 462 469 
1 0 0 4 6 0 3 461 466 469 
10 0 3 0 7 0 3 463 465 468 
7 0 0 0 8 0 3 463 467 470 
8 1 0 0 0 0 3 467 474 475 
10 0 3 3 0 0 3 464 474 478 
2 1 0 0 0 0 1 477 
4 1 0 0 0 0 2 471 473 
2 1 0 0 0 0 2 468 473 
10 1 0 0 0 0 1 476 
7 1 0 0 0 0 1 470 
7 0 2 1 0 7 1 470 
5 1 0 0 0 0 2 471 477 
1 1 0 0 0 0 2 472 476 
9 0 6 4 0 8 1 475 
2 1 0 0 0 0 2 477 478 
6 0 0 5 10 0 1 476 
3 0 9 0 6 0 1 478 
3 0 0 0 4 0 1 479 
1 0 9 0 5 2 1 479 
8 0 7 10 7 0 1 479 
1 0 0 0 0 0 0 
1 0 0 0 0 0 3 481 482 483 
10 0 10 7 8 10 3 487 491 498 
3 0 1 5 2 10 3 484 485 486 
7 0 3 3 4 10 1 493 
2 0 6 9 4 9 2 490 508 
5 0 3 4 7 5 3 499 507 509 
6 0 10 9 3 8 2 488 495 
7 0 7 2 3 10 2 489 502 
1 0 8 6 10 3 1 496 
3 1 0 0 0 0 1 496 
4 0 10 9 10 4 1 501 
8 0 1 7 5 6 2 492 494 
4 1 0 0 0 0 3 496 505 507 
6 0 9 4 2 7 1 499 
1 1 0 0 0 0 2 499 505 
3 1 0 0 0 0 1 509 
1 1 0 0 0 0 2 497 506 
2 0 2 6 9 8 1 500 
4 1 0 0 0 0 1 508 
4 1 0 0 0 0 1 501 
2 1 0 0 0 0 1 503 
4 1 0 0 0 0 1 510 
4 1 0 0 0 0 1 506 
1 0 3 6 10 10 1 504 
10 0 8 10 4 9 1 508 
4 0 3 2 2 4 2 506 509 
10 0 3 6 8 5 1 510 
7 1 0 0 0 0 1 510 
10 0 9 9 3 5 1 511 
2 0 8 5 5 8 1 511 
2 0 8 6 8 8 1 511 
1 0 0 0 0 0 0 
1 0 0 0 0 0 3 513 514 515 
1 0 0 0 0 10 3 518 526 531 
6 0 0 0 0 7 2 520 535 
8 0 0 0 0 4 3 516 521 522 
1 0 0 0 0 7 3 517 519 527 
3 0 0 0 8 0 1 528 
5 0 0 0 0 7 1 523 
6 0 0 0 0 5 3 528 530 538 
8 0 0 4 0 0 1 533 
7 0 3 0 0 0 3 524 525 533 
5 0 8 0 0 0 2 532 534 
6 0 0 0 0 10 2 537 541 
8 0 0 4 0 0 2 526 540 
5 0 10 0 0 0 2 527 529 
6 1 0 0 0 0 1 530 
5 1 0 0 0 0 1 539 
10 0 0 10 0 0 1 531 
4 0 0 6 0 0 1 540 
3 0 0 0 5 0 1 534 
6 1 0 0 0 0 1 537 
1 0 0 4 0 0 1 540 
3 1 0 0 0 0 1 536 
7 0 0 0 0 7 1 537 
10 0 0 0 0 9 1 536 
5 0 0 0 2 0 1 541 
3 0 0 0 0 10 1 542 
1 0 3 0 0 0 1 542 
4 0 0 0 2 0 1 541 
1 0 4 0 0 0 1 543 
10 0 0 0 0 4 1 543 
5 0 3 0 0 0 1 543 
1 0 0 0 0 0 0 
1 0 0 0 0 0 3 545 546 547 
9 0 5 5 0 9 3 550 552 558 
8 0 1 8 0 0 3 549 560 572 
3 0 3 8 0 0 3 548 551 555 
1 0 0 0 1 7 1 557 
1 0 3 0 3 0 2 556 562 
10 0 7 8 0 3 2 557 573 
7 0 0 0 7 5 3 553 554 569 
4 0 9 8 0 9 3 564 568 569 
5 0 7 0 0 7 2 556 565 
4 0 1 0 0 0 2 562 572 
7 0 10 0 0 3 1 559 
6 1 0 0 0 0 2 570 571 
1 1 0 0 0 0 1 566 
6 0 0 0 0 6 3 561 562 568 
2 0 0 5 0 5 3 563 569 570 
4 0 8 0 0 3 2 565 573 
9 0 0 5 7 0 2 564 566 
5 0 0 4 0 5 2 565 570 
5 0 0 0 1 8 3 564 566 568 
5 0 0 0 9 5 1 567 
9 0 3 0 8 0 1 574 
7 0 3 1 0 0 1 567 
3 0 0 0 7 5 1 572 
9 0 2 0 0 0 2 571 574 
6 1 0 0 0 0 1 571 
3 1 0 0 0 0 1 574 
2 0 1 0 9 3 1 573 
1 0 10 0 1 2 1 575 
7 0 8 0 0 0 1 575 
9 0 5 0 6 0 1 575 
1 0 0 0 0 0 0 
1 0 0 0 0 0 3 577 578 579 
10 0 5 3 8 10 3 587 595 599 
10 0 8 2 3 8 3 580 581 589 
3 0 8 2 1 10 3 582 588 598 
2 0 1 1 4 4 2 584 600 
10 0 7 10 3 6 3 591 595 596 
9 0 8 1 1 4 3 583 591 599 
6 0 4 1 3 9 3 585 586 592 
6 0 10 5 5 3 2 590 599 
2 0 5 9 5 1 2 594 604 
1 1 0 0 0 0 2 600 605 
5 1 0 0 0 0 3 591 597 603 
3 0 4 7 9 8 1 589 
1 0 9 8 10 8 1 592 
3 0 5 2 9 4 3 593 597 603 
5 1 0 0 0 0 1 604 
2 1 0 0 0 0 2 600 601 
10 0 10 1 2 8 2 598 602 
1 1 0 0 0 0 1 601 
8 1 0 0 0 0 2 598 602 
1 1 0 0 0 0 2 597 602 
8 1 0 0 0 0 2 605 606 
6 0 6 3 10 1 1 601 
2 1 0 0 0 0 1 606 
2 1 0 0 0 0 1 603 
8 0 3 10 4 6 1 605 
6 0 7 1 3 3 1 604 
4 1 0 0 0 0 1 606 
3 0 9 8 1 9 1 607 
8 0 4 3 10 8 1 607 
1 0 7 4 5 1 1 607 
1 0 0 0 0 0 0 
1 0 0 0 0 0 3 609 610 611 
1 0 0 0 10 0 3 612 627 631 
5 0 0 0 0 5 3 618 621 631 
7 0 0 0 0 3 3 613 614 615 
6 0 0 0 9 0 2 616 621 
2 0 0 0 0 7 2 616 619 
9 0 0 2 0 0 1 616 
4 0 0 2 0 0 3 617 622 628 
9 0 9 0 0 0 2 620 626 
7 0 0 0 0 2 3 619 624 625 
3 0 0 0 0 8 3 622 623 629 
10 0 0 0 0 1 1 638 
6 0 0 0 8 0 2 622 636 
9 0 0 0 0 2 1 624 
4 0 0 0 3 0 1 635 
5 0 0 0 8 0 3 627 630 635 
10 1 0 0 0 0 1 634 
10 1 0 0 0 0 3 626 631 636 
5 0 0 10 0 0 1 635 
10 0 0 0 0 5 1 634 
1 0 0 1 0 0 3 630 632 633 
1 0 0 10 0 0 2 632 633 
8 0 0 0 0 2 1 638 
10 0 0 1 0 0 2 632 633 
3 0 9 0 0 0 1 637 
4 0 8 0 0 0 1 638 
3 1 0 0 0 0 2 636 637 
4 0 0 1 0 0 1 637 
3 0 0 10 0 0 1 639 
3 0 0 6 0 0 1 639 
2 0 0 6 0 0 1 639 
1 0 0 0 0 0 0 
98.48 91.8 91.48 90.04 91.31 98.57 139.56 159.37 165 153.3 125.13 116.49 110.92 104.66 109.49 116.75 138.96 170.21 208.61 240 163.41 147.33 135.2 119.22 127.58 114.04 108.37 104.83 111.54 123.25 154.74 174.67 191.05 159.44 134.89 113.15 108.91 105.32 112.5 124.28 140.86 163.23 173.88 164.24 143.34 141.33 128.82 106.48 92.52 93.55 93.76 96.5 100.01 105.74 144.7 178.59 157.53 125 89 76.92 70.09 64 73.25 96.5 129.16 142.14 136.12 126.49 117.74 102.62 93.9 66.79 47.54 39.14 29.77 19.35 41.57 72.26 111.12 136.88 136.26 127 122.47 123.66 124.44 118.84 118.74 124.2 134.57 135.08 142.12 139.92 116.83 95.46 97.12 83.6 78.61 66.16 63.38 53.84 48.25 68.83 103.56 121.5 124.03 124.76 120 112.57 100.75 94.57 93.01 95.36 99.52 111.19 121.58 125.41 104.85 84.41 80.09 56.75 53.1 37.27 39.74 33.54 36.1 34.35 43.2 67.47 74.82 58.58 44.83 31.1 20.8 10 13.21 44.3 85.36 111.35 123.5 111.95 96.63 71.71 66.16 40.15 50.84 30.36 18.61 15.63 18.35 34.32 30.26 58.2 63.03 69.8 60.28 54.36 44.99 29.19 41.25 57.43 80.7 123.99 135.77 139.02 126.05 112.47 102.18 96.66 98.48 91.8 91.48 90.04 91.31 98.57 139.56 159.37 165 153.3 125.13 116.49 110.92 104.66 109.49 116.75 138.96 170.21 208.61 240 163.41 147.33 135.2 119.22 127.58 114.04 108.37 104.83 111.54 123.25 154.74 174.67 191.05 159.44 134.89 113.15 108.91 105.32 112.5 124.28 140.86 163.23 173.88 164.24 143.34 141.33 128.82 106.48 92.52 93.55 93.76 96.5 100.01 105.74 144.7 178.59 157.53 125 89 76.92 70.09 64 73.25 96.5 129.16 142.14 136.12 126.49 117.74 102.62 93.9 66.79 47.54 39.14 29.77 19.35 41.57 72.26 111.12 136.88 136.26 127 122.47 123.66 124.44 118.84 118.74 124.2 134.57 135.08 142.12 139.92 116.83 95.46 97.12 83.6 78.61 66.16 63.38 53.84 48.25 68.83 103.56 121.5 124.03 124.76 120 112.57 100.75 94.57 93.01 95.36 99.52 111.19 121.58 125.41 104.85 84.41 80.09 56.75 53.1 37.27 39.74 33.54 36.1 34.35 43.2 67.47 74.82 58.58 44.83 31.1 20.8 10 13.21 44.3 85.36 111.35 123.5 111.95 96.63 71.71 66.16 40.15 50.84 30.36 18.61 15.63 18.35 34.32 30.26 58.2 63.03 69.8 60.28 54.36 44.99 29.19 41.25 57.43 80.7 123.99 135.77 139.02 126.05 112.47 102.18 96.66 98.48 91.8 91.48 90.04 91.31 98.57 139.56 159.37 165 153.3 125.13 116.49 110.92 104.66 109.49 116.75 138.96 170.21 208.61 240 163.41 147.33 135.2 119.22 127.58 114.04 108.37 104.83 111.54 123.25 154.74 174.67 191.05 159.44 134.89 113.15 108.91 105.32 112.5 124.28 140.86 163.23 173.88 164.24 143.34 141.33 128.82 106.48 92.52 93.55 93.76 96.5 100.01 105.74 144.7 178.59 157.53 125 89 76.92 70.09 64 73.25 96.5 129.16 142.14 136.12 126.49 117.74 102.62 93.9 66.79 47.54 39.14 29.77 19.35 41.57 72.26 111.12 136.88 136.26 127 122.47 123.66 124.44 118.84 118.74 124.2 134.57 135.08 142.12 139.92 116.83 95.46 97.12 83.6 78.61 66.16 63.38 53.84 48.25 68.83 103.56 121.5 124.03 124.76 120 112.57 100.75 94.57 93.01 95.36 99.52 111.19 121.58 125.41 104.85 84.41 80.09 56.75 53.1 37.27 39.74 33.54 36.1 34.35 43.2 67.47 74.82 58.58 44.83 31.1 20.8 10 13.21 44.3 85.36 111.35 123.5 111.95 96.63 71.71 66.16 40.15 50.84 30.36 18.61 15.63 18.35 34.32 30.26 58.2 63.03 69.8 60.28 54.36 44.99 29.19 41.25 57.43 80.7 123.99 135.77 139.02 126.05 112.47 102.18 96.66 98.48 91.8 91.48 90.04 91.31 98.57 139.56 159.37 165 153.3 125.13 116.49 110.92 104.66 109.49 116.75 138.96 170.21 208.61 240 163.41 147.33 135.2 119.22 127.58 114.04 108.37 104.83 111.54 123.25 154.74 174.67 191.05 159.44 134.89 113.15 108.91 105.32 112.5 124.28 140.86 163.23 173.88 164.24 143.34 141.33 128.82 106.48 92.52 93.55 93.76 96.5 100.01 105.74 144.7 178.59 157.53 125 89 76.92 70.09 64 73.25 96.5 129.16 142.14 136.12 126.49 117.74 102.62 93.9 66.79 47.54 39.14 29.77 19.35 41.57 72.26 111.12 136.88 136.26 127 122.47 123.66 124.44 118.84 118.74 124.2 134.57 135.08 142.12 139.92 116.83 95.46 97.12 83.6 78.61 66.16 63.38 53.84 48.25 68.83 103.56 121.5 124.03 124.76 120 112.57 100.75 94.57 93.01 95.36 99.52 111.19 121.58 125.41 104.85 84.41 80.09 56.75 53.1 37.27 39.74 33.54 36.1 34.35 43.2 67.47 74.82 58.58 44.83 31.1 20.8 10 13.21 44.3 85.36 111.35 123.5 111.95 96.63 71.71 66.16 40.15 50.84 30.36 18.61 15.63 18.35 34.32 30.26 58.2 63.03 69.8 60.28 54.36 44.99 29.19 41.25 57.43 80.7 123.99 135.77 139.02 126.05 112.47 102.18 96.66 98.48 91.8 91.48 90.04 91.31 98.57 139.56 159.37 165 153.3 125.13 116.49 110.92 104.66 109.49 116.75 138.96 170.21 208.61 240 163.41 147.33 135.2 119.22 127.58 114.04 108.37 104.83 111.54 123.25 154.74 174.67 191.05 159.44 134.89 113.15 108.91 105.32 112.5 124.28 140.86 163.23 173.88 164.24 143.34 141.33 128.82 106.48 92.52 93.55 93.76 96.5 100.01 105.74 144.7 178.59 157.53 125 89 76.92 70.09 64 73.25 96.5 129.16 142.14 136.12 126.49 117.74 102.62 93.9 66.79 47.54 39.14 29.77 19.35 41.57 72.26 111.12 136.88 136.26 127 122.47 123.66 124.44 118.84 118.74 124.2 134.57 135.08 142.12 139.92 116.83 95.46 97.12 83.6 78.61 66.16 63.38 53.84 48.25 68.83 103.56 121.5 124.03 124.76 120 112.57 100.75 94.57 93.01 95.36 99.52 111.19 121.58 125.41 104.85 84.41 80.09 56.75 53.1 37.27 39.74 33.54 36.1 34.35 43.2 67.47 74.82 58.58 44.83 31.1 20.8 10 13.21 44.3 85.36 111.35 123.5 111.95 96.63 71.71 66.16 40.15 50.84 30.36 18.61 15.63 18.35 34.32 30.26 58.2 63.03 69.8 60.28 54.36 44.99 29.19 41.25 57.43 80.7 123.99 135.77 139.02 126.05 112.47 102.18 96.66 98.48 91.8 91.48 90.04 91.31 98.57 139.56 159.37 165 153.3 125.13 116.49 110.92 104.66 109.49 116.75 138.96 170.21 208.61 240 163.41 147.33 135.2 119.22 127.58 114.04 108.37 104.83 111.54 123.25 154.74 174.67 191.05 159.44 134.89 113.15 108.91 105.32 112.5 124.28 140.86 163.23 173.88 164.24 143.34 141.33 128.82 106.48 92.52 93.55 93.76 96.5 100.01 105.74 144.7 178.59 157.53 125 89 76.92 70.09 64 73.25 96.5 129.16 142.14 136.12 126.49 117.74 102.62 93.9 66.79 47.54 39.14 29.77 19.35 41.57 72.26 111.12 136.88 136.26 127 122.47 123.66 124.44 118.84 118.74 124.2 134.57 135.08 142.12 139.92 116.83 95.46 97.12 83.6 78.61 66.16 63.38 53.84 48.25 68.83 103.56 121.5 124.03 124.76 120 112.57 100.75 94.57 93.01 95.36 99.52 111.19 121.58 125.41 104.85 84.41 80.09 56.75 53.1 37.27 39.74 33.54 36.1 34.35 43.2 67.47 74.82 58.58 44.83 31.1 20.8 10 13.21 44.3 85.36 111.35 123.5 111.95 96.63 71.71 66.16 40.15 50.84 30.36 18.61 15.63 18.35 34.32 30.26 58.2 63.03 69.8 60.28 54.36 44.99 29.19 41.25 57.43 80.7 123.99 135.77 139.02 126.05 112.47 102.18 96.66 98.48 91.8 91.48 90.04 91.31 98.57 139.56 159.37 165 153.3 125.13 116.49 110.92 104.66 109.49 116.75 138.96 170.21 208.61 240 163.41 147.33 135.2 119.22 127.58 114.04 108.37 104.83 111.54 123.25 154.74 174.67 191.05 159.44 134.89 113.15 108.91 105.32 112.5 124.28 140.86 163.23 173.88 164.24 143.34 141.33 128.82 106.48 92.52 93.55 93.76 96.5 100.01 105.74 144.7 178.59 157.53 125 89 76.92 70.09 64 73.25 96.5 129.16 142.14 136.12 126.49 117.74 102.62 93.9 66.79 47.54 39.14 29.77 19.35 41.57 72.26 111.12 136.88 136.26 127 122.47 123.66 124.44 118.84 118.74 124.2 134.57 135.08 142.12 139.92 116.83 95.46 97.12 83.6 78.61 66.16 63.38 53.84 48.25 68.83 103.56 121.5 124.03 124.76 120 112.57 100.75 94.57 93.01 95.36 99.52 111.19 121.58 125.41 104.85 84.41 80.09 56.75 53.1 37.27 39.74 33.54 36.1 34.35 43.2 67.47 74.82 58.58 44.83 31.1 20.8 10 13.21 44.3 85.36 111.35 123.5 111.95 96.63 71.71 66.16 40.15 50.84 30.36 18.61 15.63 18.35 34.32 30.26 58.2 63.03 69.8 60.28 54.36 44.99 29.19 41.25 57.43 80.7 123.99 135.77 139.02 126.05 112.47 102.18 96.66 98.48 91.8 91.48 90.04 91.31 98.57 139.56 159.37 165 153.3 
