64 5
1 20 19 25 15 
1 0 0 0 0 0 3 1 2 3 
8 0 0 9 0 0 2 5 9 
3 0 0 4 0 8 3 4 6 15 
5 0 0 4 0 0 3 5 7 8 
7 0 9 0 8 0 3 5 8 14 
4 0 9 3 0 3 3 11 13 30 
8 0 0 0 0 1 2 10 20 
8 0 1 4 0 5 3 9 16 18 
4 0 1 4 0 0 2 11 12 
6 0 8 0 0 8 3 14 17 19 
8 0 7 7 0 0 3 22 26 30 
8 0 5 5 1 1 2 18 20 
2 0 10 0 5 1 3 13 16 27 
10 0 0 0 1 10 3 18 19 21 
9 0 0 5 8 0 3 21 23 30 
8 0 0 4 10 0 3 16 19 27 
7 0 4 0 0 0 3 17 24 25 
7 1 0 0 0 0 2 26 28 
3 0 5 6 6 0 1 23 
9 0 7 8 0 0 3 22 23 25 
4 1 0 0 0 0 3 21 27 28 
2 1 0 0 0 0 2 22 25 
4 0 3 0 0 0 1 24 
6 0 5 5 0 0 2 24 28 
2 0 5 0 10 7 1 29 
10 0 0 0 5 0 1 26 
9 0 0 2 8 8 1 29 
10 0 0 7 10 0 1 29 
6 0 0 0 9 5 1 31 
2 0 4 8 0 0 1 31 
6 1 0 0 0 0 1 31 
1 0 0 0 0 0 0 
1 0 0 0 0 0 3 33 34 35 
10 0 4 0 0 7 2 37 53 
10 0 10 0 0 0 1 36 
4 0 5 0 0 0 2 38 51 
9 0 9 5 0 0 3 39 42 51 
5 0 4 4 7 9 3 45 46 48 
7 0 9 3 0 5 2 41 46 
2 1 0 0 0 0 2 40 62 
7 1 0 0 0 0 1 49 
2 0 9 10 0 7 2 42 44 
3 1 0 0 0 0 1 43 
7 0 7 9 10 3 1 60 
5 1 0 0 0 0 2 55 59 
2 1 0 0 0 0 2 47 49 
7 0 0 0 10 7 2 57 58 
9 0 0 10 0 0 1 52 
3 0 0 0 4 1 2 50 56 
7 0 4 4 0 7 1 50 
5 0 9 5 0 0 1 54 
3 0 0 7 10 0 1 53 
6 0 4 1 0 0 1 62 
6 0 0 4 0 4 1 59 
4 0 10 0 7 4 1 60 
6 0 7 0 8 0 2 60 61 
7 0 4 0 3 0 1 58 
10 0 9 3 9 2 1 59 
9 1 0 0 0 0 2 61 62 
5 0 0 0 6 7 1 61 
10 0 0 0 0 2 1 63 
5 0 0 0 5 4 1 63 
3 0 8 0 0 0 1 63 
1 0 0 0 0 0 0 
209.08 199.21 196.07 191.11 193.68 210.72 240 256.23 250.04 219.21 199.95 194.39 185.51 183.46 179.55 183.94 190.63 220.93 247.97 280 280 250.44 237.08 204.25 216.41 205.61 184.72 169.98 167.73 187.06 224.08 237.95 232.72 210.25 185 165.46 166.01 123.09 166.01 166.01 168.5 184.43 209.78 234.92 239.95 236.96 229.09 201.49 207.15 192.8 185.5 179 179.46 185.72 216.37 233.22 224 200 148.46 147.3 168 152.77 158.01 158 158.04 158.11 184.18 219.3 221.93 220 206.01 192.93 149.9 145.01 140.01 145.66 148.91 172.42 211.94 230.56 223.46 189.21 144.04 150.72 130 108.96 110.24 118.92 145.57 184.63 217.9 233.5 241.77 233.17 224.32 205.56 210 202.71 189 174.74 176.26 203.2 226.93 242.74 242.29 225.1 188 150.73 160.11 160.09 160.11 160.84 160.11 140.01 189.99 220.77 231.09 229 220.36 196.57 181 158.66 150.01 133.9 155.18 168.99 184.07 194.3 184.94 160 124.05 98.46 99.99 97.42 93.12 96.36 97.23 162.02 206.38 225 240.04 241.87 239 224.15 214.91 196.35 185.43 174.15 170.17 170.25 162.92 158.57 
