64 5
1 41 23 32 32 
1 0 0 0 0 0 3 1 2 3 
1 0 10 3 7 10 2 5 11 
3 0 8 6 8 2 3 4 8 28 
5 0 6 0 3 0 3 6 19 23 
4 0 10 0 0 8 2 7 24 
2 0 10 9 9 10 3 12 18 29 
5 0 4 2 6 2 2 10 21 
10 0 8 7 3 0 3 9 19 25 
8 0 8 10 4 4 1 20 
4 0 1 3 5 0 2 13 22 
9 0 10 0 0 2 3 15 17 18 
6 0 7 0 0 0 2 12 23 
4 0 0 1 6 8 3 14 16 21 
9 1 0 0 0 0 3 14 16 18 
2 1 0 0 0 0 2 15 20 
3 1 0 0 0 0 1 30 
8 1 0 0 0 0 2 20 26 
5 0 0 9 6 6 3 22 24 25 
5 1 0 0 0 0 1 27 
9 0 4 0 10 4 2 21 29 
7 0 6 2 9 1 1 30 
6 0 7 0 6 1 1 22 
10 0 0 10 0 6 1 27 
9 0 3 0 2 9 2 24 26 
8 0 1 3 7 9 1 29 
1 1 0 0 0 0 1 26 
9 0 1 0 1 9 1 27 
3 0 9 2 7 9 1 30 
9 0 10 3 1 9 1 31 
2 1 0 0 0 0 1 31 
7 0 6 4 0 1 1 31 
1 0 0 0 0 0 0 
1 0 0 0 0 0 3 33 34 35 
8 0 4 0 3 8 1 36 
2 0 7 0 6 0 3 36 41 44 
9 0 7 0 7 4 3 42 43 44 
1 0 0 4 0 8 3 37 38 39 
5 0 0 10 0 0 3 40 51 55 
2 0 3 0 4 0 2 40 45 
2 0 0 8 0 0 1 50 
6 1 0 0 0 0 3 53 58 62 
4 0 0 3 5 1 2 45 47 
10 0 4 0 0 6 1 62 
7 0 7 0 0 0 1 49 
7 0 7 0 4 0 3 46 52 61 
2 0 0 10 2 0 3 48 57 59 
9 0 2 0 0 7 2 47 50 
3 0 7 0 0 10 1 56 
8 0 0 0 6 6 1 53 
7 1 0 0 0 0 3 53 56 57 
4 0 9 10 9 0 3 54 55 56 
6 1 0 0 0 0 2 54 61 
9 1 0 0 0 0 2 54 55 
7 0 3 0 0 0 2 60 61 
4 0 1 3 0 2 1 58 
2 0 0 7 8 6 2 57 62 
4 0 0 0 0 4 1 58 
6 0 4 0 2 7 1 60 
4 0 10 4 0 0 1 59 
2 0 3 0 7 0 1 60 
3 0 1 9 0 0 1 63 
7 0 8 2 0 0 1 63 
2 0 5 0 0 1 1 63 
1 0 0 0 0 0 0 
139.91 132.08 132.05 129.04 132.36 137.26 163.19 196.08 224.26 196.2 173.35 153.92 141.46 139.19 143.27 155.69 167.56 170.85 221.8 206.55 187.86 168.22 160.97 150.12 135.62 132.32 132.16 132.12 132.32 141.93 160.4 199.99 206.98 180.6 148.46 143.44 132.73 131.35 134.43 144.38 160.72 181.27 199.99 192.97 175.81 160.09 151.03 141.73 136.25 130.95 130 130.01 131.71 144.06 163.41 185 188.76 171.22 155.78 141.83 135.2 133.11 137.47 145.18 158.51 171.65 189.75 183.71 164.95 156.34 154.23 134.72 128.89 129.09 128.48 129.49 129.11 146.44 168.45 179.05 177.61 165.36 153.15 139.86 127.82 133.3 139.56 146.65 153.15 166.14 181.46 172.45 161.02 153.88 138.51 127.25 116.28 118.52 119.05 108.08 118.63 137.1 159.76 173.23 181.91 173.66 189.29 183.3 168.79 155.46 154.83 149.85 149.93 145.01 147.78 140.74 119.64 87.06 89.12 84.29 115.7 120.26 108.35 94.1 93.75 86.08 94.1 104.73 111.32 111.6 109.15 105.67 89.92 83.29 86.37 109.37 125.48 132.06 153.56 155.37 140.47 123.03 118.61 114.51 108.14 102.04 96.42 93 92.55 97.78 92.66 103.55 110.96 118.97 118.87 119.47 114.56 99.89 
