64 5
1 16 28 25 16 
1 0 0 0 0 0 3 1 2 3 
9 0 0 0 1 7 3 5 8 13 
8 0 0 1 0 0 3 6 7 9 
3 0 10 0 1 0 3 4 19 22 
9 0 0 0 1 6 2 9 17 
1 0 4 3 6 0 3 15 16 23 
5 0 6 0 0 0 1 10 
5 0 0 0 2 0 2 12 14 
4 0 0 0 0 4 2 25 29 
9 0 0 5 10 10 2 11 26 
10 0 1 0 10 2 3 12 27 28 
2 1 0 0 0 0 3 14 16 27 
1 1 0 0 0 0 3 17 22 24 
1 0 0 9 0 0 2 14 21 
8 1 0 0 0 0 2 18 20 
8 1 0 0 0 0 2 17 20 
7 1 0 0 0 0 1 20 
9 0 3 9 0 0 1 29 
4 0 4 8 0 7 1 23 
1 0 0 0 6 6 3 23 25 27 
9 0 0 9 6 8 1 30 
10 0 0 2 4 0 3 24 25 26 
4 0 7 0 0 9 1 29 
5 0 0 9 1 0 1 24 
5 0 0 0 0 8 1 30 
8 0 0 0 0 6 1 28 
2 1 0 0 0 0 1 28 
8 0 9 1 0 0 1 30 
9 0 4 6 7 0 1 31 
5 0 6 8 3 0 1 31 
3 0 5 7 0 10 1 31 
1 0 0 0 0 0 0 
1 0 0 0 0 0 3 33 34 35 
2 0 1 0 0 0 3 36 41 42 
3 0 0 4 0 0 3 38 40 42 
10 0 0 0 0 8 3 37 39 41 
5 0 0 0 0 1 3 37 38 47 
8 0 0 0 0 6 1 60 
2 0 5 0 0 0 2 44 45 
3 0 3 0 0 0 3 43 46 50 
7 0 0 0 0 8 3 46 51 56 
3 0 0 0 8 0 3 44 55 61 
4 0 8 0 0 0 1 51 
10 0 0 0 0 5 3 44 53 56 
9 0 7 0 0 0 2 48 62 
3 0 10 0 0 0 2 48 49 
7 0 0 0 9 0 1 61 
2 0 0 0 3 0 2 51 53 
1 0 0 0 0 4 1 54 
7 1 0 0 0 0 1 58 
8 0 7 0 0 0 1 53 
9 1 0 0 0 0 2 52 54 
2 1 0 0 0 0 1 57 
2 1 0 0 0 0 3 54 57 59 
2 0 0 0 0 5 1 60 
9 0 0 6 0 0 2 60 62 
6 0 0 8 0 0 2 58 59 
9 0 0 0 9 0 1 58 
7 0 0 0 1 0 1 61 
9 0 0 0 0 7 1 62 
1 0 0 7 0 0 1 63 
3 0 0 3 0 0 1 63 
3 0 6 0 0 0 1 63 
1 0 0 0 0 0 0 
20.89 9.7 9.7 7.07 8.99 15.34 80 102.48 131.47 135.53 107.46 110.08 119.78 117 111.57 111.39 124.51 148.49 138 117.64 117.71 95.95 105.68 95.26 103.7 108.27 105.92 103.41 102.71 114.23 156.91 182.64 178.91 190 189.88 182.42 182.46 179.59 179 180.93 166.69 189.88 184.94 178.99 156.12 140.92 137.92 97.56 105.31 97.29 84.5 75.38 79.11 94.79 118.04 124.69 147.74 147.18 138.56 129.99 131.97 130.67 134.6 146.61 161.18 170 139.88 135.75 119.93 98.09 118.71 99.68 99.85 101.32 110.01 111.55 123.37 149.94 185.92 228.25 228.92 212.9 215.5 231.9 226 209.2 216.06 230.77 245.95 274.11 273.44 245.48 226.14 208.31 178.75 124.7 128.92 118.4 103.01 101.91 101.98 114.99 140.19 170.53 175.66 161.85 161.37 166.06 166.54 166.04 169.43 189.7 201.97 243.11 253.81 237.05 224.33 213.81 185.94 148.32 164.17 152.83 166 160.86 160 154.3 166 182.91 215.89 231 228.95 215.39 206.68 185 169.52 162.8 200.89 189.9 
