64 5
1 35 27 32 27 
1 0 0 0 0 0 3 1 2 3 
10 0 7 9 0 10 3 5 8 12 
5 0 0 1 8 0 2 4 7 
7 0 8 5 7 1 2 9 15 
5 0 1 8 0 0 3 6 14 23 
4 1 0 0 0 0 1 28 
6 1 0 0 0 0 3 11 18 26 
2 0 10 3 9 5 3 11 13 28 
2 0 0 0 1 3 3 10 18 19 
5 0 9 1 4 0 3 10 16 17 
9 1 0 0 0 0 2 21 26 
1 1 0 0 0 0 1 15 
8 0 9 0 6 8 3 17 21 24 
6 0 5 5 9 0 3 15 18 22 
10 0 7 0 3 8 1 30 
9 0 2 10 4 2 2 21 24 
4 0 0 7 4 8 3 20 25 29 
8 0 0 1 1 9 1 25 
4 1 0 0 0 0 1 27 
1 0 0 6 1 6 3 20 23 24 
6 1 0 0 0 0 1 22 
1 0 7 9 9 5 1 27 
4 1 0 0 0 0 1 26 
6 0 0 9 1 0 1 25 
3 0 10 10 0 0 1 27 
10 0 2 3 1 5 2 28 30 
6 0 9 0 6 9 1 30 
5 0 4 0 8 3 1 29 
5 0 9 7 6 0 1 31 
1 0 0 1 1 0 1 31 
3 0 5 2 0 1 1 31 
1 0 0 0 0 0 0 
1 0 0 0 0 0 3 33 34 35 
2 0 8 10 8 7 3 38 40 55 
3 0 3 7 7 3 3 37 52 61 
2 0 8 8 7 7 3 36 40 44 
7 0 10 6 1 8 3 42 50 53 
6 0 8 2 5 1 3 41 45 49 
6 0 2 7 1 3 3 39 47 48 
4 0 1 5 2 1 1 54 
8 0 10 7 5 1 3 43 46 50 
2 0 9 4 9 7 2 47 57 
4 0 5 6 8 4 3 49 55 58 
7 0 8 1 6 7 1 58 
10 0 10 6 4 1 2 51 58 
8 0 6 8 7 3 2 46 60 
5 0 7 9 2 10 1 47 
1 0 6 5 4 8 1 62 
9 0 10 5 5 10 1 56 
1 1 0 0 0 0 1 54 
7 0 5 3 8 1 2 51 52 
7 1 0 0 0 0 2 54 59 
6 0 1 8 3 10 1 60 
8 0 6 2 4 10 3 56 57 62 
8 0 3 5 5 1 2 57 62 
9 0 1 10 6 3 2 56 59 
8 0 8 1 10 9 1 61 
3 0 10 9 9 5 1 60 
6 1 0 0 0 0 1 59 
9 0 7 8 5 7 1 61 
9 0 4 10 5 1 1 63 
8 0 6 7 2 10 1 63 
5 0 3 1 2 5 1 63 
1 0 0 0 0 0 0 
209.08 199.21 196.07 191.11 193.68 210.72 240 256.23 250.04 219.21 199.95 194.39 185.51 183.46 179.55 183.94 190.63 220.93 247.97 280 280 250.44 237.08 204.25 216.41 205.61 184.72 169.98 167.73 187.06 224.08 237.95 232.72 210.25 185 165.46 166.01 123.09 166.01 166.01 168.5 184.43 209.78 234.92 239.95 236.96 229.09 201.49 207.15 192.8 185.5 179 179.46 185.72 216.37 233.22 224 200 148.46 147.3 168 152.77 158.01 158 158.04 158.11 184.18 219.3 221.93 220 206.01 192.93 149.9 145.01 140.01 145.66 148.91 172.42 211.94 230.56 223.46 189.21 144.04 150.72 130 108.96 110.24 118.92 145.57 184.63 217.9 233.5 241.77 233.17 224.32 205.56 210 202.71 189 174.74 176.26 203.2 226.93 242.74 242.29 225.1 188 150.73 160.11 160.09 160.11 160.84 160.11 140.01 189.99 220.77 231.09 229 220.36 196.57 181 158.66 150.01 133.9 155.18 168.99 184.07 194.3 184.94 160 
