64 5
1 18 32 18 17 
1 0 0 0 0 0 3 1 2 3 
5 0 0 0 9 0 3 5 12 14 
7 0 4 0 0 0 3 4 7 10 
4 0 0 3 0 0 3 11 17 23 
5 0 0 0 1 0 2 6 26 
4 0 0 0 0 5 1 29 
4 0 0 0 0 4 1 9 
4 0 0 0 0 6 1 8 
9 0 0 0 0 3 1 19 
10 0 0 0 2 0 1 15 
4 0 6 0 0 0 2 16 30 
5 0 0 1 0 0 1 21 
2 0 8 0 0 0 3 13 15 18 
1 0 0 0 7 0 1 29 
10 0 8 0 0 0 3 19 22 24 
6 1 0 0 0 0 1 25 
1 0 0 6 0 0 2 17 28 
8 0 0 0 1 0 1 29 
1 0 0 8 0 0 2 21 27 
9 1 0 0 0 0 1 20 
6 0 0 8 0 0 1 25 
1 0 0 5 0 0 1 30 
1 0 0 0 0 9 1 26 
8 0 0 0 7 0 1 24 
8 0 0 0 0 5 1 27 
3 0 0 0 0 4 1 27 
3 1 0 0 0 0 1 28 
6 0 3 0 0 0 2 28 30 
10 0 10 0 0 0 1 31 
5 0 0 0 7 0 1 31 
5 0 0 0 0 3 1 31 
1 0 0 0 0 0 0 
1 0 0 0 0 0 3 33 34 35 
6 0 2 0 10 0 2 37 59 
2 0 9 0 3 2 1 48 
8 0 2 3 0 0 3 36 39 40 
2 0 0 8 0 0 2 42 52 
6 0 4 5 0 1 2 38 46 
4 0 1 0 7 0 2 41 51 
5 0 0 0 0 4 2 43 50 
3 0 9 10 5 2 2 56 61 
10 0 0 0 2 0 2 47 49 
2 0 1 8 1 0 1 45 
7 0 1 0 1 0 1 44 
4 1 0 0 0 0 2 49 57 
3 0 6 0 8 0 2 49 60 
9 0 0 10 2 7 1 50 
3 0 0 8 4 0 1 55 
6 0 0 7 0 0 1 57 
1 1 0 0 0 0 1 61 
3 1 0 0 0 0 1 54 
6 0 0 1 0 0 2 54 56 
1 0 0 8 0 2 2 53 54 
10 0 10 3 0 0 2 56 60 
3 1 0 0 0 0 1 61 
6 1 0 0 0 0 2 57 58 
5 1 0 0 0 0 1 58 
10 0 0 4 6 0 1 62 
6 0 0 2 4 0 1 62 
8 0 3 10 4 0 1 60 
10 0 9 6 3 0 1 63 
8 0 3 7 2 0 1 63 
10 0 0 0 0 4 1 63 
1 0 0 0 0 0 0 
145 143.73 145.19 141.8 140.1 148.93 175.75 200.65 213.39 200.92 185.1 179.26 168.16 158.99 162.77 169.42 181.8 198.94 213.5 205.38 186.21 166.52 159.7 154 146.39 143.13 140.96 140.21 141.62 149.15 170.54 198.04 214.16 191.85 173.16 151.91 151.24 148.36 158 171.98 189.98 222.26 245.6 229 199.07 188.18 173.45 163.2 160.14 155.24 150.01 148.02 145.97 151.51 175.71 196.64 216.85 178.92 141.24 137.26 136.57 136.67 143.01 150.74 163.27 183.99 192.45 170.43 157.15 146.27 133.88 127.17 117.02 123.95 120.74 120.15 125.13 137.96 161.87 184.3 159.44 144.69 128.32 112.26 109.82 109.88 118.86 154.83 168.45 170 170 150.65 161.22 133.29 120.44 116.12 125.6 124.9 115.96 118.01 120.79 129.64 155.74 185.52 197.02 157.68 130.62 136.89 126.24 124.62 130.54 145.51 160 170 167.74 150.29 142.1 151.52 118.64 115.92 120.01 120.01 119.39 120.01 120.01 164.64 140 155 157 157 156.1 134.79 121.18 140 131.12 126.24 
