96 5
1 21 28 18 23 
1 0 0 0 0 0 3 1 2 3 
6 0 0 0 8 0 3 6 19 24 
6 0 8 0 0 0 3 4 20 25 
9 0 8 0 0 0 3 7 8 9 
7 0 0 0 0 5 3 5 26 28 
3 0 9 0 0 0 2 16 21 
2 0 0 0 0 2 2 22 23 
10 0 0 7 0 0 1 10 
4 0 0 0 1 0 2 11 19 
2 0 8 0 0 0 2 21 27 
8 0 0 0 0 6 3 12 14 15 
7 0 0 0 0 10 3 16 18 30 
8 1 0 0 0 0 3 13 22 30 
8 1 0 0 0 0 1 18 
1 1 0 0 0 0 1 17 
10 0 0 0 0 5 3 17 18 24 
9 0 3 0 0 0 1 29 
3 1 0 0 0 0 2 19 23 
8 0 0 0 0 10 2 21 28 
3 0 5 0 0 0 1 22 
7 0 0 0 0 6 2 24 27 
7 0 0 10 0 0 1 29 
9 0 0 0 0 6 2 25 29 
2 1 0 0 0 0 2 25 26 
1 1 0 0 0 0 1 26 
4 0 3 0 0 0 1 27 
6 0 0 0 0 2 1 30 
7 0 0 0 0 2 1 28 
7 0 0 6 0 0 1 31 
8 0 3 0 0 0 1 31 
1 0 0 0 5 0 1 31 
1 0 0 0 0 0 0 
1 0 0 0 0 0 3 33 34 35 
1 0 6 7 0 0 3 37 41 42 
2 0 0 6 3 10 3 36 38 62 
10 0 0 1 3 10 3 39 45 51 
9 0 0 3 7 5 3 40 43 61 
5 0 3 6 4 6 1 60 
7 0 0 3 0 3 2 53 54 
3 0 6 10 4 0 2 44 47 
8 0 0 4 3 4 2 46 57 
2 0 6 4 6 1 2 48 49 
3 0 4 1 2 8 1 50 
1 0 0 1 1 3 2 46 59 
2 0 8 1 7 4 2 48 50 
9 0 2 8 1 0 2 46 48 
5 0 6 0 1 6 1 53 
2 1 0 0 0 0 3 49 50 56 
4 1 0 0 0 0 2 52 54 
4 0 10 1 3 7 3 57 58 61 
5 1 0 0 0 0 1 55 
7 0 1 0 9 0 3 54 55 61 
10 1 0 0 0 0 3 55 56 62 
8 1 0 0 0 0 1 58 
6 0 10 9 0 3 1 56 
5 1 0 0 0 0 1 59 
5 1 0 0 0 0 2 57 58 
10 0 0 7 0 7 1 59 
2 0 9 4 10 6 1 60 
5 0 3 10 0 0 1 60 
10 0 0 0 4 1 1 63 
9 0 10 1 5 9 1 63 
3 0 7 10 0 1 1 63 
1 0 0 0 0 0 0 
1 0 0 0 0 0 3 65 66 67 
7 0 3 10 7 0 3 74 78 82 
2 0 4 0 0 0 3 71 73 75 
4 0 0 0 0 4 3 68 69 70 
7 0 4 8 0 0 1 73 
9 0 0 8 1 3 3 81 83 86 
6 0 2 0 7 7 3 72 88 89 
3 0 0 9 2 2 3 84 90 92 
5 0 4 9 0 0 1 76 
9 0 0 0 10 1 2 83 86 
9 0 8 7 0 0 2 75 76 
6 0 0 9 7 0 2 77 79 
1 1 0 0 0 0 1 84 
1 1 0 0 0 0 3 80 86 87 
4 0 0 2 3 4 3 83 89 93 
3 1 0 0 0 0 1 80 
2 1 0 0 0 0 1 91 
3 0 8 7 0 0 2 82 85 
6 0 0 1 0 0 1 87 
6 1 0 0 0 0 3 84 85 92 
9 0 10 0 0 3 1 94 
6 0 0 2 0 0 1 90 
6 0 6 0 0 4 2 88 93 
3 1 0 0 0 0 2 91 93 
8 0 10 0 2 2 1 90 
5 0 5 10 9 0 1 91 
4 0 0 7 4 0 1 94 
1 0 0 0 9 5 2 92 94 
1 0 9 9 0 6 1 95 
5 0 0 7 3 0 1 95 
5 0 0 0 0 3 1 95 
1 0 0 0 0 0 0 
131.05 136.01 136.04 131.08 131.07 182.72 225 250 228.43 192.91 189.93 188.95 145.04 184.25 190.05 193.98 217.26 210.06 197.13 167.3 189.92 126.86 123.05 110.94 112.68 125 112.3 118.28 126.86 156.66 204.2 245 262.88 240 220.43 213.5 212.05 208.97 212.41 215.13 221.19 225 174.29 138 199 125.01 116.03 110.01 138.36 139.97 139.94 139.94 140 140.01 201.94 203.99 203.98 174.52 170 191 195 191 180 193.99 195 195 118.61 117.99 102.9 95.01 95.01 74.12 60.01 44 41.91 44.61 15.04 134.94 182.07 188.9 192.93 192.69 150.84 110.39 106.59 114.31 112.08 133.08 140.01 175.98 150.07 138.18 104.68 97.45 86.3 63.04 71.45 62.57 74.76 84.92 95.19 119.09 140.99 185.05 189.28 173.24 150 130.99 123.17 106.81 99.89 106.53 117.61 124.75 130.9 140.49 115.87 109.75 115.66 92.46 73.73 60.01 63.11 94.92 85 75.01 95 89.91 92.43 94.8 113.07 115 112 89.98 94.52 89.97 112 125.02 145.57 125 120.14 110.26 112.77 100.93 104.38 99.9 98.71 92.01 88.53 87.17 80 80.08 88.28 95.06 98.22 95.09 88.36 80 75.05 95.51 97.49 108.74 132.2 139.06 107.79 95.72 88.09 69.63 131.05 136.01 136.04 131.08 131.07 182.72 225 250 228.43 192.91 189.93 188.95 145.04 184.25 190.05 193.98 217.26 210.06 197.13 167.3 189.92 126.86 123.05 110.94 112.68 125 112.3 118.28 126.86 156.66 
