96 5
1 18 27 23 38 
1 0 0 0 0 0 3 1 2 3 
9 0 5 0 0 2 3 4 8 18 
4 0 0 5 0 9 3 9 12 13 
5 0 4 0 0 0 3 5 6 7 
7 0 3 2 7 0 1 5 
1 0 6 2 0 0 1 25 
3 0 0 0 0 3 1 27 
9 0 0 0 0 9 1 25 
8 0 7 0 5 3 3 10 13 16 
10 0 0 1 0 0 3 11 15 17 
6 0 0 4 4 9 2 14 30 
5 0 0 1 0 0 1 28 
10 0 0 0 9 0 2 22 23 
3 0 8 4 0 7 3 19 27 29 
6 0 0 5 2 7 1 21 
9 0 0 0 2 0 1 26 
3 0 0 0 0 5 2 27 30 
4 0 0 9 8 7 1 29 
10 0 0 2 1 0 1 20 
7 1 0 0 0 0 1 24 
10 1 0 0 0 0 1 25 
6 1 0 0 0 0 1 22 
7 0 4 9 5 2 1 26 
8 0 0 7 0 10 1 24 
1 1 0 0 0 0 1 26 
7 0 6 0 4 10 1 29 
3 0 9 0 8 0 1 28 
7 1 0 0 0 0 1 28 
8 0 0 5 5 0 1 31 
3 0 4 0 1 5 1 31 
3 0 2 0 0 3 1 31 
1 0 0 0 0 0 0 
1 0 0 0 0 0 3 33 34 35 
7 0 1 0 0 0 3 41 44 55 
4 0 7 0 0 0 3 38 39 46 
7 0 10 0 0 0 3 36 39 61 
3 0 0 0 3 0 3 37 42 44 
4 0 0 0 7 0 3 38 40 46 
3 0 0 0 8 0 3 41 47 55 
9 0 0 0 0 8 3 48 52 53 
2 0 0 0 0 7 3 47 51 57 
8 0 3 0 0 0 3 43 45 49 
10 0 0 0 4 0 2 60 62 
2 0 0 0 10 0 3 48 50 51 
9 0 0 0 0 1 3 45 46 47 
6 1 0 0 0 0 3 50 51 53 
1 0 0 0 0 2 3 49 53 56 
6 0 0 0 6 0 2 49 50 
5 1 0 0 0 0 2 54 57 
7 1 0 0 0 0 2 59 62 
10 1 0 0 0 0 2 52 56 
2 1 0 0 0 0 3 52 54 58 
9 0 0 0 0 10 1 59 
8 1 0 0 0 0 2 54 57 
2 0 0 0 0 2 1 60 
3 0 0 0 0 7 1 56 
1 0 0 4 0 0 1 58 
6 0 3 0 0 0 1 58 
6 0 0 7 0 0 2 59 62 
4 0 0 0 0 7 1 60 
8 0 0 5 0 0 1 63 
4 0 9 0 0 0 1 63 
2 0 0 0 9 0 1 63 
1 0 0 0 0 0 0 
1 0 0 0 0 0 3 65 66 67 
2 0 5 10 0 10 3 76 87 88 
4 0 5 10 10 7 3 68 69 70 
3 0 3 1 1 4 3 75 77 78 
2 0 0 9 9 0 3 73 80 82 
6 0 6 7 8 8 3 71 74 82 
4 0 4 0 0 3 2 72 73 
6 0 10 5 4 1 1 81 
10 0 7 4 7 0 3 74 77 81 
10 0 1 0 1 3 3 76 83 86 
5 0 7 0 3 0 3 75 76 83 
8 0 4 0 9 8 3 80 84 89 
3 1 0 0 0 0 3 89 90 94 
1 1 0 0 0 0 3 80 91 93 
7 0 6 0 10 1 3 79 83 84 
2 0 2 6 0 6 3 82 86 89 
9 0 2 0 1 8 2 85 90 
7 1 0 0 0 0 2 84 91 
6 1 0 0 0 0 3 85 88 91 
5 0 0 6 3 0 3 87 88 90 
4 0 0 9 10 0 3 85 86 93 
4 0 9 1 0 0 1 87 
3 0 3 7 8 0 1 92 
7 0 7 8 3 0 1 94 
5 0 1 0 0 4 1 92 
9 0 0 0 5 2 1 93 
7 0 7 9 0 9 1 92 
7 0 9 1 7 7 1 94 
5 0 2 3 8 10 1 95 
5 0 4 4 9 6 1 95 
2 0 3 6 7 7 1 95 
1 0 0 0 0 0 0 
91.26 86.82 87 86.93 88 92.11 123.45 139.83 149.84 131.54 121.14 121.58 119.48 117.47 114.66 115.27 108.46 94.18 88.51 86.7 85.76 70.08 56.86 17.38 16.04 8.47 7.34 7.12 7.03 15.13 76.84 110 100 88.31 74.53 72.82 76.77 86.47 90.35 106.92 108.22 116.84 119.23 116.86 98.51 86.43 89.45 85.5 81.1 76.42 72.9 70.69 74.45 81.4 102.22 122.51 128.15 120.69 111.97 99.25 96.53 99.95 104.64 120 122.65 125 129.9 121.08 110.18 97.63 91.66 84.21 85.47 83.26 75.96 74.75 81.28 88.44 104.91 126.9 129.99 128.59 120.1 116.62 122.63 129.32 142.34 154.49 154.42 178.18 141.42 125.43 121.19 115 110.2 100.85 106 100 95.84 92.77 95.7 103.2 120.05 131.03 141.92 134.75 127.97 125.21 120 116.09 123.91 129.9 136.99 146.32 148.14 139.57 128.15 120 116.95 101.21 110.56 97.38 90.61 86.11 82.72 82.48 86.45 92.08 100.65 97.76 96.17 94.55 94.91 94.73 96.19 105.41 105.62 113.53 114.8 101.71 92.2 81.82 73.95 58.62 21.63 7.48 4.1 0.13 0.07 0.09 2.33 5.59 14.89 18.96 13.1 13.24 12.18 17.87 33.34 73.18 88.25 95.99 104.36 103.62 88.92 85.26 88.05 80.05 91.26 86.82 87 86.93 88 92.11 123.45 139.83 149.84 131.54 121.14 121.58 119.48 117.47 114.66 115.27 108.46 94.18 88.51 86.7 85.76 70.08 56.86 17.38 16.04 8.47 7.34 7.12 7.03 15.13 76.84 110 100 88.31 74.53 72.82 76.77 86.47 90.35 106.92 108.22 116.84 119.23 116.86 98.51 86.43 89.45 85.5 81.1 76.42 
