96 5
1 21 18 23 21 
1 0 0 0 0 0 3 1 2 3 
10 0 0 0 2 2 3 6 7 14 
3 0 5 7 10 7 2 8 15 
9 0 6 7 4 0 3 4 5 25 
2 0 3 5 0 1 1 6 
10 0 2 0 5 4 1 19 
4 0 6 8 1 9 3 9 10 13 
6 0 1 1 5 1 3 12 19 23 
3 0 10 0 7 8 3 13 20 21 
8 0 7 4 0 9 3 15 18 24 
6 0 0 8 5 0 2 11 16 
6 1 0 0 0 0 3 12 17 23 
2 1 0 0 0 0 2 28 30 
8 0 9 4 1 2 2 22 24 
3 0 9 10 0 7 1 29 
9 1 0 0 0 0 1 16 
6 0 3 5 2 0 3 17 21 22 
1 0 6 0 0 9 3 19 26 28 
2 1 0 0 0 0 3 22 27 29 
2 0 3 2 0 0 1 20 
6 0 7 9 6 3 1 30 
2 0 4 7 0 7 2 26 27 
7 0 3 2 7 10 1 23 
7 0 1 0 6 0 1 26 
4 1 0 0 0 0 1 27 
5 1 0 0 0 0 1 29 
2 0 2 4 5 2 1 30 
4 0 5 10 6 1 1 28 
3 0 1 0 4 0 1 31 
2 0 0 8 6 10 1 31 
5 0 4 9 9 0 1 31 
1 0 0 0 0 0 0 
1 0 0 0 0 0 3 33 34 35 
9 0 0 6 6 0 3 36 38 48 
6 0 7 3 1 0 3 39 46 53 
10 0 0 0 9 1 3 37 43 57 
5 0 5 0 0 5 2 40 42 
6 0 4 7 0 8 2 50 54 
8 0 9 8 8 3 2 41 58 
3 0 0 0 0 9 1 62 
8 0 0 0 0 3 3 44 57 61 
7 1 0 0 0 0 2 45 52 
2 1 0 0 0 0 1 57 
4 0 0 0 6 0 2 47 53 
7 1 0 0 0 0 1 52 
10 0 0 4 8 0 1 60 
8 0 0 5 6 0 1 55 
6 0 3 0 7 6 3 49 51 56 
3 0 10 0 0 9 1 58 
7 1 0 0 0 0 1 59 
5 0 0 8 2 0 1 60 
10 1 0 0 0 0 1 59 
8 0 2 5 0 0 1 60 
1 0 0 0 3 0 1 54 
5 0 8 2 0 1 1 62 
2 0 1 0 0 0 1 59 
1 1 0 0 0 0 1 58 
7 0 0 2 3 0 1 62 
4 0 2 0 0 0 1 61 
8 0 0 0 9 1 1 61 
4 0 3 0 6 0 1 63 
5 0 0 0 7 10 1 63 
10 0 0 6 6 0 1 63 
1 0 0 0 0 0 0 
1 0 0 0 0 0 3 65 66 67 
6 0 1 6 5 3 1 68 
4 0 0 6 3 6 3 70 75 76 
6 0 8 10 10 2 2 69 75 
6 0 2 1 2 1 3 83 84 88 
2 0 3 0 0 3 2 82 87 
3 0 0 0 4 0 3 71 72 73 
9 0 8 0 5 8 3 79 84 92 
9 0 1 4 2 0 2 74 83 
9 0 4 8 0 6 3 77 81 86 
2 1 0 0 0 0 3 82 85 86 
2 0 8 6 1 8 1 91 
3 1 0 0 0 0 1 78 
8 0 3 7 0 6 3 78 82 85 
9 0 7 5 7 0 1 88 
10 1 0 0 0 0 1 80 
2 1 0 0 0 0 2 81 91 
2 0 4 7 0 2 1 94 
9 0 5 0 5 7 2 88 90 
10 0 2 0 4 0 1 85 
4 1 0 0 0 0 2 87 91 
1 0 4 0 6 2 3 89 90 93 
2 0 4 4 8 3 3 87 89 94 
3 0 0 2 3 8 1 93 
5 0 2 8 10 8 1 89 
1 0 0 0 7 4 1 92 
2 0 4 1 7 1 1 92 
2 0 4 6 3 8 2 93 94 
4 0 6 5 0 10 1 95 
1 0 0 10 2 0 1 95 
10 0 6 5 1 0 1 95 
1 0 0 0 0 0 0 
88.48 84.81 84.39 83.28 84.1 90.91 103.44 117.83 110.97 100.01 91.8 81.93 81.05 75.59 74.32 78 84.01 97.05 109.74 134.5 141.68 121.99 113.19 100.11 95.96 87.52 84.6 84.17 85.25 92.45 111.58 121 117.88 104.71 86.75 82.28 80.91 81.94 81.77 80.54 84.44 100.06 115.89 121.82 119.33 111.03 104.67 89.93 96.59 90.38 88.38 86.19 88.16 89.49 106.29 120 132.11 113.04 97.55 95.94 92.04 95.36 94.14 99.19 107.83 115.88 122.22 147.01 155.14 137.43 119.43 111.47 100 96.94 96 96.37 96.53 103.72 119.12 148.33 162.7 136.45 109.44 109.01 111.91 99.32 98.84 113.16 114.84 114.73 123.63 146.33 132.8 114.08 113.99 101.66 98.53 90.55 89.84 90 90.82 98.81 115.11 130.05 139.48 115 113.54 116.55 105.16 93.84 88.03 88.88 82.2 95.64 112.65 123.54 124.98 119.46 106.06 97.99 104.91 99.78 95.6 97.97 98.89 99.93 96.36 94.11 94.47 89.08 73.74 33.22 21.13 12.89 2.84 6.17 27.72 76.56 104.37 112.21 119.35 114.92 110 104.96 102.37 98.18 94.3 85.73 86.97 93.35 81.33 73.87 75.69 54.9 25.09 13.89 9.73 1.85 0.16 1.78 31.34 87.23 104.77 115.02 126.23 126.57 118.28 107.41 88.48 84.81 84.39 83.28 84.1 90.91 103.44 117.83 110.97 100.01 91.8 81.93 81.05 75.59 74.32 78 84.01 97.05 109.74 134.5 141.68 121.99 113.19 100.11 95.96 87.52 84.6 84.17 
