96 5
1 28 25 34 42 
1 0 0 0 0 0 3 1 2 3 
8 0 0 9 7 7 2 4 6 
6 0 10 2 8 5 2 7 12 
3 0 0 0 10 6 3 14 22 24 
7 0 2 0 9 8 2 5 10 
1 0 0 5 10 9 2 9 17 
4 0 0 7 4 6 3 8 11 15 
6 0 3 7 0 0 1 19 
3 0 10 1 7 3 2 20 26 
4 1 0 0 0 0 2 18 21 
4 0 0 0 8 0 2 22 28 
9 0 0 0 9 6 2 13 25 
10 0 0 0 3 1 2 15 25 
7 1 0 0 0 0 2 16 23 
9 0 2 0 9 3 1 30 
7 1 0 0 0 0 1 29 
1 0 0 10 4 6 1 19 
10 0 3 5 7 8 1 19 
3 1 0 0 0 0 1 27 
7 0 0 7 10 4 1 27 
2 0 0 2 4 6 1 29 
9 1 0 0 0 0 1 24 
2 1 0 0 0 0 1 30 
10 0 6 3 10 2 1 28 
7 0 8 1 2 7 1 29 
7 0 7 7 6 8 2 26 27 
9 0 8 0 2 8 1 30 
2 0 3 1 0 5 1 28 
8 0 0 8 6 4 1 31 
10 0 7 0 8 9 1 31 
3 0 0 1 3 6 1 31 
1 0 0 0 0 0 0 
1 0 0 0 0 0 3 33 34 35 
2 0 9 8 3 9 3 36 42 46 
3 0 1 3 3 10 3 37 40 46 
3 0 10 6 7 9 3 36 39 45 
5 0 6 6 9 9 3 48 50 52 
6 0 4 1 7 1 3 38 42 50 
2 0 2 7 4 7 3 41 44 49 
8 0 4 10 8 8 3 40 43 48 
1 0 6 7 10 9 3 44 50 54 
10 1 0 0 0 0 3 45 53 58 
1 0 9 4 4 4 3 43 45 48 
8 0 3 8 5 5 3 44 47 49 
8 1 0 0 0 0 2 52 56 
9 0 7 3 3 7 1 62 
9 0 9 4 8 10 2 53 54 
8 0 9 9 10 5 3 51 54 55 
9 0 5 2 9 3 2 55 62 
5 1 0 0 0 0 3 51 60 61 
4 0 10 8 3 2 2 55 57 
7 0 5 4 10 2 1 52 
5 0 1 6 4 5 2 53 58 
6 0 1 1 7 9 1 57 
7 0 1 1 5 10 2 56 58 
1 0 7 2 5 3 2 60 61 
2 0 9 2 9 1 3 57 60 61 
1 0 4 6 2 9 1 59 
8 0 5 5 1 3 1 59 
3 0 4 4 4 3 1 62 
8 0 5 1 3 8 1 63 
3 0 6 2 5 2 1 63 
8 0 1 10 3 3 1 63 
1 0 0 0 0 0 0 
1 0 0 0 0 0 3 65 66 67 
6 0 0 0 7 0 3 74 75 78 
4 0 0 0 1 0 3 68 71 79 
2 0 0 0 0 2 1 90 
1 0 0 0 6 0 3 69 75 77 
5 0 2 0 0 0 1 70 
1 0 0 0 0 6 2 72 91 
3 0 0 9 0 0 2 73 83 
5 1 0 0 0 0 2 76 84 
6 0 8 0 0 0 2 80 88 
6 0 0 0 7 0 2 88 91 
4 0 7 0 0 0 2 88 92 
1 1 0 0 0 0 3 85 86 94 
6 0 0 1 0 0 1 80 
5 1 0 0 0 0 1 87 
3 0 0 0 5 0 1 81 
3 1 0 0 0 0 1 89 
2 0 7 0 0 0 2 82 86 
3 0 0 8 0 0 1 85 
3 0 0 0 5 0 1 92 
7 1 0 0 0 0 1 94 
4 1 0 0 0 0 1 87 
8 0 0 0 0 5 1 87 
1 0 0 0 0 5 1 92 
8 0 0 9 0 0 1 93 
8 0 0 5 0 0 1 91 
5 0 0 9 0 0 1 93 
1 0 0 4 0 0 1 93 
5 0 0 4 0 0 1 95 
2 0 0 9 0 0 1 95 
1 0 0 0 0 10 1 95 
1 0 0 0 0 0 0 
77.14 70.02 68.99 72.01 72.09 87.11 102.02 117.02 115.08 105 99.94 94.62 87.26 81.31 75.87 72.8 82.36 98.79 117.54 125.59 120 121.33 113.73 104.99 96 86.55 84.95 86.43 87.33 92.26 110.61 144.06 144.22 112.68 101.95 99.98 98.52 89.01 86.05 87.27 98.89 101.63 108.74 125 130 124.76 110.75 98.5 97.96 89.31 86.26 79.65 79.64 86.83 101.77 111.29 115.61 108.04 99.67 93.4 88.5 88.17 85.97 86.38 92.92 101.09 109.57 122.58 104.01 116.06 113.74 98.78 98.36 82.69 76 71.06 71.39 80.34 96.29 103.27 104.3 99.12 96.8 88.2 86.45 80.01 78.33 81.1 92.77 107.76 117.1 123.12 118.59 118.5 115.09 101.48 88.63 79.59 78.13 79.2 80.02 89.53 100.52 111.14 112.99 107.87 99.54 93 85.85 80 75.65 76.1 80 99.47 107.87 112.93 121.93 120 114.65 100.86 103.09 94.91 91.17 85.66 88.97 87.03 85.7 87.91 85.79 81.71 75.5 63.75 57.68 39.87 18.82 19.73 47.81 65.81 90.48 94.59 95.3 104.47 103.95 92.18 84.5 74.9 67.81 57.79 51.6 51.7 47.34 37 29.82 8.48 0.01 9.44 -7.68 -20.94 -29.64 -46.48 -2.61 14.89 37.12 75 84.47 88.46 89.62 70.05 77.14 70.02 68.99 72.01 72.09 87.11 102.02 117.02 115.08 105 
