96 5
1 45 36 39 33 
1 0 0 0 0 0 3 1 2 3 
10 0 6 2 10 9 3 4 5 14 
10 0 1 1 3 9 2 6 7 
9 0 2 9 3 5 3 6 8 16 
6 0 7 4 3 3 3 20 24 26 
9 0 6 9 8 9 3 10 11 12 
3 0 9 3 2 8 3 13 18 20 
4 0 1 4 7 2 3 16 17 20 
4 0 8 5 2 6 3 9 10 13 
7 0 8 4 6 6 1 11 
6 0 8 1 4 1 1 15 
10 0 1 5 8 9 2 15 17 
4 0 10 10 1 7 2 16 26 
3 0 4 4 5 3 3 21 22 25 
1 0 1 4 7 5 1 30 
7 1 0 0 0 0 2 22 23 
10 1 0 0 0 0 1 24 
1 0 9 9 4 6 2 19 22 
1 0 5 5 8 3 1 19 
4 1 0 0 0 0 2 23 25 
6 0 9 10 3 5 1 28 
8 0 10 4 1 9 2 23 24 
8 0 10 1 7 5 1 30 
4 1 0 0 0 0 1 30 
1 0 1 2 9 1 2 27 28 
9 0 8 2 10 7 1 26 
10 0 3 2 5 8 2 27 28 
2 0 7 3 6 5 1 29 
8 0 5 9 6 7 1 31 
9 0 5 7 3 8 1 31 
3 0 4 5 10 1 1 31 
1 0 0 0 0 0 0 
1 0 0 0 0 0 3 33 34 35 
6 0 1 9 2 10 3 36 41 48 
6 0 9 2 3 4 2 37 55 
10 0 8 2 3 1 1 44 
5 0 5 10 9 8 1 61 
2 0 5 6 2 2 3 38 39 43 
6 0 8 5 4 3 1 45 
7 0 10 2 6 3 3 40 42 49 
7 0 3 5 1 2 1 50 
3 0 7 3 3 3 1 46 
10 0 3 2 9 2 1 61 
1 0 7 5 8 7 2 56 58 
4 0 3 6 2 6 2 54 60 
10 0 8 8 8 7 1 50 
10 0 6 3 4 1 2 47 51 
7 1 0 0 0 0 1 54 
1 0 10 3 8 4 3 50 52 53 
4 0 6 3 1 7 1 57 
8 0 2 3 4 2 1 54 
6 0 8 8 9 4 1 62 
10 0 4 1 6 2 2 56 59 
5 0 3 7 2 8 2 56 58 
4 0 6 2 7 6 1 59 
6 0 5 4 3 4 1 60 
3 1 0 0 0 0 1 61 
4 1 0 0 0 0 1 58 
10 0 7 5 4 9 2 60 62 
1 0 3 5 4 6 1 62 
7 0 5 9 6 10 1 63 
3 0 7 7 9 5 1 63 
10 0 10 3 3 7 1 63 
1 0 0 0 0 0 0 
1 0 0 0 0 0 3 65 66 67 
8 0 0 6 0 0 1 70 
9 0 2 4 8 0 3 68 72 77 
2 0 0 5 0 0 3 69 71 74 
5 0 7 0 0 0 2 73 78 
8 0 4 9 0 0 3 75 85 88 
2 0 0 6 0 1 3 77 83 85 
6 0 0 3 5 2 1 80 
1 0 4 0 0 9 3 76 86 87 
3 1 0 0 0 0 2 82 83 
6 0 2 0 9 10 2 87 89 
7 1 0 0 0 0 1 81 
8 0 4 8 9 6 1 92 
8 0 0 5 2 0 1 79 
7 0 6 8 5 0 3 79 85 86 
5 0 0 1 5 2 2 87 88 
7 1 0 0 0 0 3 82 84 88 
1 1 0 0 0 0 1 83 
4 0 0 0 0 5 2 89 90 
8 1 0 0 0 0 2 84 90 
5 0 0 0 1 0 3 86 89 91 
6 0 6 0 3 8 1 93 
3 0 0 0 3 2 1 94 
5 1 0 0 0 0 1 90 
6 0 4 0 1 0 1 91 
1 0 0 0 0 8 2 93 94 
10 0 3 0 4 0 1 91 
7 0 0 4 9 0 3 92 93 94 
3 0 8 0 0 0 1 95 
4 0 0 1 1 0 1 95 
4 0 0 8 0 0 1 95 
1 0 0 0 0 0 0 
310.08 270.86 280.47 278.39 273.26 310.38 414.42 420.99 414.68 384.55 341.34 339.29 338.3 339.65 345.85 347.72 362.43 406.1 440.97 495.9 494.05 455 429.15 391.2 330.76 298.92 298.95 289.2 295.75 320.01 382.92 414.98 426.22 383.99 310.09 288.85 306.36 304.65 303.9 302.79 306.99 361.05 424.59 469.8 469.72 428.67 406.45 343.31 297.01 286.98 298.71 285.6 293.99 297.59 343.72 393.5 395.51 356.26 302.9 293.77 288.83 294.02 286.07 289.33 303.1 353 409.93 449 454.73 420 406.84 355.01 309.92 300.03 310 306.3 312 347.06 407.41 419.99 414.92 397.16 355.1 337.65 328.55 325.13 330.2 351.33 376.72 401.31 450 539.9 534.75 446 414.99 390 422.1 405 395.72 391.95 402.62 408.06 469.54 513.31 508 472.56 419.9 406.94 388.62 418.22 442.78 437.38 451.88 450 489.99 560 565.4 507.78 469.47 424.02 427.23 400.71 387.87 374.09 375.79 382.76 379.9 388.74 399.9 374.5 350.01 338.37 329.58 297.44 309.03 338.57 357.42 412.3 466.2 503.26 504.7 479.94 461.91 425.89 416.3 397.2 377.9 354 350.06 351.01 352.77 350.05 355.17 339.94 309 286.79 229.51 186.5 151.1 231.52 321.76 382.96 415.9 454.91 459.96 462.6 455.42 398.97 
