96 5
1 32 26 31 31 
1 0 0 0 0 0 3 1 2 3 
6 0 8 0 0 0 3 8 20 22 
3 0 0 0 0 2 3 4 5 7 
5 0 0 0 0 1 3 6 9 11 
6 0 7 0 0 0 3 10 16 18 
10 0 6 0 0 0 3 6 9 14 
5 0 6 0 0 0 3 18 20 26 
2 0 0 0 7 0 3 8 11 17 
10 0 0 0 0 4 2 16 21 
10 0 0 0 0 10 3 13 19 26 
7 0 0 0 10 0 3 12 13 19 
10 0 0 0 0 8 3 15 16 21 
3 0 4 0 0 0 3 15 23 25 
6 0 0 0 0 9 3 17 20 22 
8 0 5 0 0 0 2 15 30 
10 0 0 0 2 0 1 28 
1 0 1 0 0 0 2 24 26 
1 1 0 0 0 0 1 24 
1 0 0 0 8 0 2 19 25 
8 1 0 0 0 0 3 21 22 23 
3 0 0 0 0 10 3 23 25 28 
3 1 0 0 0 0 2 28 29 
8 1 0 0 0 0 1 30 
10 0 4 0 0 0 1 24 
6 0 0 0 0 8 2 27 29 
5 1 0 0 0 0 1 27 
10 1 0 0 0 0 2 27 29 
9 0 0 3 0 0 1 30 
8 1 0 0 0 0 1 31 
1 0 0 3 0 0 1 31 
9 0 0 0 2 0 1 31 
1 0 0 0 0 0 0 
1 0 0 0 0 0 3 33 34 35 
5 0 0 4 8 1 3 38 42 47 
4 0 6 0 5 0 3 36 43 48 
9 0 0 0 6 0 3 37 41 44 
8 0 0 1 7 0 1 54 
9 0 0 7 0 3 3 39 50 57 
6 0 0 0 0 6 3 40 44 50 
4 0 0 6 0 4 3 45 51 59 
6 0 0 0 0 4 3 43 48 53 
6 0 3 5 10 10 3 42 43 50 
10 0 0 7 0 1 3 46 49 51 
10 0 4 10 7 0 2 45 51 
2 0 6 0 0 4 3 48 49 59 
8 0 4 0 0 0 2 55 62 
7 1 0 0 0 0 2 52 53 
6 0 0 1 7 1 2 49 52 
10 1 0 0 0 0 3 52 54 58 
1 0 9 1 0 0 1 57 
6 1 0 0 0 0 3 53 55 58 
2 0 0 8 0 0 3 56 58 61 
7 0 7 0 8 0 3 55 56 57 
8 0 0 0 8 8 2 54 59 
4 0 0 0 0 1 3 56 61 62 
6 0 0 2 2 5 1 61 
2 0 5 8 0 6 1 60 
2 0 10 5 0 0 1 60 
7 0 0 0 5 0 1 62 
5 0 0 8 7 0 1 60 
6 0 0 0 6 9 1 63 
2 0 0 2 0 2 1 63 
1 0 9 0 0 6 1 63 
1 0 0 0 0 0 0 
1 0 0 0 0 0 3 65 66 67 
1 0 6 5 3 5 3 71 77 78 
6 0 2 9 9 5 3 68 69 74 
9 0 4 5 9 8 3 70 74 76 
6 0 7 6 8 6 3 72 81 89 
2 0 6 7 4 5 3 70 71 73 
5 0 7 1 4 1 2 93 94 
7 0 10 5 8 5 3 79 82 83 
2 0 3 5 4 10 3 82 83 94 
7 0 1 6 6 8 3 79 80 85 
4 0 7 1 5 2 3 75 77 85 
5 0 8 4 5 4 3 78 79 86 
3 0 10 2 9 10 3 78 82 88 
7 0 4 3 8 10 3 80 84 88 
8 0 4 10 2 10 2 80 83 
7 0 6 7 8 8 2 90 92 
5 1 0 0 0 0 3 81 87 89 
1 1 0 0 0 0 1 90 
5 0 10 3 10 9 3 84 85 87 
6 1 0 0 0 0 2 84 93 
9 0 5 8 8 7 1 92 
6 1 0 0 0 0 1 91 
2 1 0 0 0 0 3 87 88 89 
9 0 9 9 5 7 1 91 
6 1 0 0 0 0 1 92 
7 0 5 4 9 10 2 90 94 
9 0 5 3 4 6 1 91 
8 0 6 10 4 7 1 93 
7 0 8 6 8 4 1 95 
4 0 9 1 1 2 1 95 
9 0 8 4 3 6 1 95 
1 0 0 0 0 0 0 
133.83 133.97 141.84 135.2 144.21 164.92 270.28 314.69 324.05 308.38 295.44 308.58 300.89 302.05 331.4 328.09 330.77 333.95 315.41 289.8 256 220 199.93 158.17 136.75 121.62 99.97 82.85 91.51 136.62 210.67 250.35 258.57 245.32 242.2 252.49 256.02 261.53 263.61 261.4 259.57 284.96 294.9 280.1 250.75 207.27 195.58 158.73 130.31 126.47 111.56 106.22 110.87 137.75 209.97 258.46 268.55 243.57 245 239.93 232.98 226.14 231.95 239.46 260.7 260 264.36 259.31 212.87 209.34 186.78 157.1 157.16 149.26 143.86 138.49 152 185.8 270.15 300.45 303.42 294.94 295.02 289.9 279.73 276.6 288.23 303.27 305.51 316.94 291.03 284.16 261.56 229.94 217.1 191.19 194.93 175.19 163.07 151.82 168.23 206.79 257.98 303.49 315.91 300.42 289.86 300.47 287.17 286.54 290.82 317.7 327.36 349.9 337.95 316.75 283.86 266.32 269.92 226.03 212.77 210.7 199.98 200 197.99 211.94 214.94 228.07 264.96 280 257.83 254.04 249.99 239.83 257.61 264.02 288.2 315.92 306.1 270.08 232.22 213.37 200 173.69 144.88 135 122.01 99.4 99.4 105.64 129.57 144.02 154 171.71 171.21 186.6 184.01 180 184.47 188.84 215.35 230 228.73 217.64 201.01 183.19 171.05 158.51 133.83 133.97 141.84 135.2 144.21 164.92 270.28 314.69 324.05 308.38 295.44 308.58 300.89 302.05 331.4 328.09 330.77 333.95 315.41 289.8 256 220 199.93 158.17 136.75 121.62 99.97 82.85 91.51 136.62 210.67 250.35 258.57 245.32 242.2 252.49 256.02 261.53 263.61 261.4 259.57 284.96 294.9 280.1 250.75 207.27 195.58 158.73 130.31 126.47 111.56 106.22 110.87 137.75 
