96 5
1 30 31 38 35 
1 0 0 0 0 0 3 1 2 3 
9 0 0 6 0 0 2 15 29 
9 0 0 0 1 3 3 4 5 7 
2 0 2 4 0 0 3 6 17 24 
1 0 7 5 6 4 1 11 
2 0 0 0 0 8 2 14 25 
10 0 0 0 8 1 2 8 10 
5 0 0 0 6 3 1 9 
9 0 4 0 6 2 1 23 
4 0 0 0 9 1 1 12 
1 0 0 6 4 5 2 16 20 
4 0 0 0 9 4 1 13 
6 0 2 10 0 5 2 13 15 
8 1 0 0 0 0 1 18 
7 0 0 8 0 0 3 19 22 27 
3 0 7 8 0 0 1 16 
10 1 0 0 0 0 1 18 
1 0 4 1 7 0 2 25 28 
5 0 3 4 0 0 1 26 
6 0 0 2 0 0 2 23 24 
5 0 5 7 0 4 1 21 
1 0 0 0 0 9 1 22 
4 0 0 1 0 0 1 26 
3 1 0 0 0 0 2 29 30 
8 0 0 6 3 0 1 26 
2 0 8 3 6 0 2 29 30 
10 0 9 0 0 0 1 30 
3 0 0 0 1 7 1 28 
4 1 0 0 0 0 1 31 
9 0 10 0 0 5 1 31 
4 0 0 2 0 4 1 31 
1 0 0 0 0 0 0 
1 0 0 0 0 0 3 33 34 35 
4 0 7 1 3 10 1 40 
4 0 10 10 3 4 1 54 
5 0 8 5 7 8 3 36 40 42 
3 0 10 6 7 8 3 37 38 39 
8 0 5 8 5 5 3 47 50 54 
2 0 3 1 10 9 2 44 49 
1 0 3 1 5 4 3 41 43 51 
5 0 3 5 7 1 1 53 
1 0 8 6 8 10 2 47 48 
3 0 2 5 2 9 2 46 55 
6 0 4 4 3 3 2 45 48 
6 0 5 9 7 8 2 48 52 
3 1 0 0 0 0 3 49 55 57 
2 0 7 7 5 7 2 53 60 
8 1 0 0 0 0 1 59 
6 0 5 10 10 9 3 55 56 58 
3 1 0 0 0 0 2 53 54 
4 1 0 0 0 0 3 51 58 61 
2 1 0 0 0 0 1 52 
6 1 0 0 0 0 2 56 57 
5 1 0 0 0 0 1 59 
3 0 2 8 3 5 3 58 61 62 
2 0 6 1 1 5 2 59 60 
7 0 9 5 7 3 1 62 
4 0 4 1 1 3 1 62 
2 1 0 0 0 0 1 60 
10 0 9 5 3 5 1 61 
6 0 2 6 9 5 1 63 
8 0 1 8 3 3 1 63 
5 0 8 8 10 4 1 63 
1 0 0 0 0 0 0 
1 0 0 0 0 0 3 65 66 67 
6 1 0 0 0 0 2 80 82 
7 0 7 0 1 9 3 71 74 81 
7 0 10 3 1 8 3 68 69 91 
4 0 6 1 3 0 2 70 84 
10 0 0 7 5 0 1 72 
1 0 9 0 2 9 2 75 93 
1 0 2 0 0 3 1 91 
6 1 0 0 0 0 2 73 89 
2 0 2 0 0 0 2 83 88 
9 0 2 9 9 0 1 90 
4 0 4 2 7 7 3 76 79 80 
4 0 4 1 0 0 1 77 
6 1 0 0 0 0 3 78 82 87 
6 0 0 10 2 8 2 86 90 
8 0 7 10 0 9 1 83 
3 0 1 6 4 9 1 85 
2 0 7 2 8 7 1 94 
8 0 4 4 8 7 1 88 
9 1 0 0 0 0 1 85 
8 0 6 3 0 0 1 88 
6 0 5 8 5 2 1 92 
8 0 7 0 7 1 1 89 
4 1 0 0 0 0 2 89 94 
4 0 5 7 0 8 1 92 
1 0 1 7 4 9 1 92 
1 0 0 7 8 5 1 94 
6 0 0 3 6 9 1 93 
4 0 4 9 9 7 1 95 
8 1 0 0 0 0 1 95 
8 0 7 4 6 6 1 95 
1 0 0 0 0 0 0 
209.08 199.21 196.07 191.11 193.68 210.72 240 256.23 250.04 219.21 199.95 194.39 185.51 183.46 179.55 183.94 190.63 220.93 247.97 280 280 250.44 237.08 204.25 216.41 205.61 184.72 169.98 167.73 187.06 224.08 237.95 232.72 210.25 185 165.46 166.01 123.09 166.01 166.01 168.5 184.43 209.78 234.92 239.95 236.96 229.09 201.49 207.15 192.8 185.5 179 179.46 185.72 216.37 233.22 224 200 148.46 147.3 168 152.77 158.01 158 158.04 158.11 184.18 219.3 221.93 220 206.01 192.93 149.9 145.01 140.01 145.66 148.91 172.42 211.94 230.56 223.46 189.21 144.04 150.72 130 108.96 110.24 118.92 145.57 184.63 217.9 233.5 241.77 233.17 224.32 205.56 210 202.71 189 174.74 176.26 203.2 226.93 242.74 242.29 225.1 188 150.73 160.11 160.09 160.11 160.84 160.11 140.01 189.99 220.77 231.09 229 220.36 196.57 181 158.66 150.01 133.9 155.18 168.99 184.07 194.3 184.94 160 124.05 98.46 99.99 97.42 93.12 96.36 97.23 162.02 206.38 225 240.04 241.87 239 224.15 214.91 196.35 185.43 174.15 170.17 170.25 162.92 158.57 154.98 110.6 95.98 90 75 45.35 20.15 39.58 76.21 133.33 199.74 226.11 230.57 226.18 219.57 200.5 209.08 199.21 196.07 191.11 193.68 210.72 240 256.23 250.04 219.21 199.95 194.39 185.51 183.46 179.55 183.94 190.63 220.93 247.97 280 280 250.44 237.08 204.25 216.41 205.61 184.72 169.98 167.73 187.06 224.08 237.95 232.72 210.25 185 165.46 166.01 123.09 166.01 166.01 168.5 184.43 209.78 234.92 239.95 236.96 229.09 201.49 
