128 5
1 23 22 26 23 
1 0 0 0 0 0 3 1 2 3 
1 0 3 7 8 2 3 6 8 10 
7 0 10 8 8 3 3 4 5 7 
6 0 4 3 10 8 3 13 15 21 
5 0 5 3 3 4 3 20 21 24 
8 0 1 2 5 2 2 11 23 
7 0 4 3 5 7 3 9 13 14 
5 0 10 8 7 6 3 13 14 26 
9 0 5 6 10 1 2 11 22 
9 0 2 8 3 7 3 11 15 19 
3 0 8 1 8 7 2 12 16 
6 0 6 6 1 4 2 26 30 
10 0 2 2 7 7 3 17 18 22 
7 1 0 0 0 0 3 16 19 20 
9 0 8 3 2 3 3 15 16 19 
6 1 0 0 0 0 2 17 18 
6 0 7 4 3 9 3 17 24 25 
7 0 3 1 2 3 1 29 
3 1 0 0 0 0 2 20 27 
7 1 0 0 0 0 2 22 23 
9 0 6 3 5 7 2 23 28 
8 0 2 8 3 1 2 25 26 
5 0 2 2 2 3 2 24 27 
1 0 7 5 10 10 1 25 
9 0 6 7 2 1 2 28 30 
6 0 2 2 4 10 2 29 30 
2 0 9 9 9 6 2 27 29 
10 0 6 5 9 5 1 28 
3 0 8 6 2 8 1 31 
4 0 5 5 5 4 1 31 
9 0 9 3 6 4 1 31 
1 0 0 0 0 0 0 
1 0 0 0 0 0 3 33 34 35 
7 0 0 0 0 8 3 38 42 49 
6 0 0 0 0 8 3 41 47 49 
2 0 10 0 0 0 3 36 39 41 
1 0 0 0 10 0 3 37 43 49 
10 0 2 0 0 0 2 45 55 
4 0 3 0 0 0 3 40 46 47 
9 0 0 0 0 2 3 42 48 52 
10 0 0 2 0 0 2 48 62 
8 0 0 0 0 1 3 44 45 56 
4 0 0 10 0 0 3 45 46 50 
9 0 0 0 2 0 3 44 50 60 
1 0 0 0 8 0 1 62 
9 0 0 0 0 5 3 53 57 61 
10 1 0 0 0 0 3 54 58 59 
8 0 0 3 0 0 3 48 51 52 
9 0 0 1 0 0 2 57 59 
5 0 0 0 7 0 2 51 52 
3 0 0 0 0 1 2 54 61 
6 1 0 0 0 0 3 53 55 56 
1 1 0 0 0 0 3 53 55 56 
7 0 5 0 0 0 2 54 58 
7 0 9 0 0 0 1 62 
6 1 0 0 0 0 1 59 
1 1 0 0 0 0 1 57 
3 0 0 1 0 0 1 58 
9 0 0 0 8 0 1 60 
2 0 0 0 0 3 2 60 61 
1 0 0 0 8 0 1 63 
2 0 0 0 0 7 1 63 
9 0 0 8 0 0 1 63 
1 0 0 0 0 0 0 
1 0 0 0 0 0 3 65 66 67 
7 0 10 1 9 3 3 69 76 85 
3 0 1 4 7 4 3 70 80 83 
2 0 3 7 6 10 3 68 72 77 
1 0 5 4 7 5 3 71 73 74 
9 0 8 10 10 3 3 73 74 80 
7 0 3 7 4 10 3 78 82 85 
5 0 4 6 10 7 3 75 80 84 
3 0 10 8 1 7 3 74 76 91 
4 1 0 0 0 0 3 75 78 81 
9 0 6 10 1 5 2 79 94 
5 1 0 0 0 0 3 83 86 88 
7 0 5 9 10 9 3 78 81 88 
2 0 3 10 8 8 3 82 89 90 
5 0 8 9 8 6 1 92 
5 1 0 0 0 0 2 81 88 
6 0 7 2 5 1 3 82 87 90 
8 0 9 9 4 1 2 83 84 
7 0 8 4 7 2 3 86 91 92 
5 1 0 0 0 0 1 87 
1 1 0 0 0 0 2 87 93 
5 1 0 0 0 0 3 86 89 90 
9 0 1 8 3 1 1 94 
9 0 3 5 10 4 1 89 
6 0 2 8 5 5 1 93 
10 0 10 10 2 6 1 92 
7 0 7 9 5 4 2 91 93 
6 0 2 4 10 8 1 94 
2 0 10 7 6 4 1 95 
7 0 8 10 1 3 1 95 
5 0 9 10 9 9 1 95 
1 0 0 0 0 0 0 
1 0 0 0 0 0 3 97 98 99 
9 0 0 4 0 10 3 100 102 106 
5 0 0 2 0 9 2 103 125 
9 0 1 10 0 0 3 104 110 116 
8 1 0 0 0 0 3 101 111 115 
6 1 0 0 0 0 1 117 
3 0 9 0 0 10 2 108 109 
10 0 0 0 0 3 2 105 110 
10 0 0 5 2 0 2 107 120 
8 0 0 0 9 0 2 112 114 
3 0 1 0 2 0 1 109 
9 0 4 0 0 0 2 121 125 
1 1 0 0 0 0 2 111 117 
7 0 0 2 7 0 2 121 122 
1 0 5 0 3 9 1 113 
4 1 0 0 0 0 1 112 
7 1 0 0 0 0 1 118 
1 0 1 5 0 0 1 124 
2 1 0 0 0 0 2 120 123 
1 0 2 0 1 0 1 125 
8 0 4 0 9 0 1 120 
8 0 5 0 9 7 1 119 
9 0 4 0 2 0 1 126 
7 0 2 0 9 0 1 121 
6 1 0 0 0 0 1 122 
10 0 5 4 0 6 1 124 
9 0 0 8 4 0 1 124 
5 1 0 0 0 0 1 126 
8 0 10 0 3 6 1 127 
4 0 9 0 0 0 1 127 
4 0 0 1 0 5 1 127 
1 0 0 0 0 0 0 
196.23 191.85 195.91 186.66 178.04 191.65 237.44 299.95 313.92 315 310.41 310.08 300 297.01 299.96 306.45 302.73 315.47 310.82 294.98 267.45 242.23 217.03 195.83 207.01 202.42 197.6 193 194.9 204.45 237.13 293.52 300.02 297.16 275.67 264.4 252.59 248.38 255.01 277.9 289.94 316.4 315.9 309.2 285.33 245.3 236.61 204.57 194.79 183.98 183.06 177.35 178.33 193.5 240.56 273.18 300.1 292.74 275.5 258.65 245.11 232.08 234.77 240.01 255 284.82 285.97 269.03 235.25 191.5 193.69 172.18 142.35 161.69 153.58 147.07 152.47 171.26 192.03 215.24 235.9 219.99 180.08 170.16 152.53 134.13 171.01 201.59 205.38 220.3 212.76 210 192.69 164.46 164.2 122.09 120.04 110.03 108.24 107.46 109.82 140.52 176.04 190.97 216.99 196.91 162.92 160.04 154.01 152.29 186.94 217.18 224.91 262 260.04 234.32 215.04 204.39 194.29 184.9 168.43 170.62 186.01 182.64 187.83 190.58 190.27 204.46 212.84 230 222.39 214.92 208.43 200 203.09 213.98 226.32 260 267.03 261.41 243.62 220.1 212.85 209.41 225.92 216 189.49 181.98 174.98 165.91 118.71 119.45 125.86 129.46 125.99 131.83 140.03 122.49 102.67 121.95 115 125.42 112.4 97.49 90.14 97.09 93.85 87.2 196.23 191.85 195.91 186.66 178.04 191.65 237.44 299.95 313.92 315 310.41 310.08 300 297.01 299.96 306.45 302.73 315.47 310.82 294.98 267.45 242.23 217.03 195.83 207.01 202.42 197.6 193 194.9 204.45 237.13 293.52 300.02 297.16 275.67 264.4 252.59 248.38 255.01 277.9 289.94 316.4 315.9 309.2 285.33 245.3 236.61 204.57 194.79 183.98 183.06 177.35 178.33 193.5 240.56 273.18 300.1 292.74 275.5 258.65 245.11 232.08 234.77 240.01 255 284.82 285.97 269.03 235.25 191.5 193.69 172.18 142.35 161.69 153.58 147.07 152.47 171.26 192.03 215.24 235.9 219.99 180.08 170.16 
