128 5
1 24 22 22 22 
1 0 0 0 0 0 3 1 2 3 
6 0 0 3 0 0 3 11 17 26 
4 0 0 3 0 0 2 5 9 
9 0 0 0 7 0 3 4 6 21 
5 0 1 0 0 0 2 13 29 
10 0 0 4 0 0 3 7 18 23 
10 0 0 3 0 0 3 8 10 22 
1 0 6 0 0 0 1 25 
1 1 0 0 0 0 3 12 19 30 
7 0 9 0 0 0 1 14 
2 1 0 0 0 0 1 24 
7 0 0 7 0 0 1 20 
6 0 3 0 0 0 1 16 
1 0 8 0 0 0 2 15 16 
10 0 0 0 0 3 1 22 
9 1 0 0 0 0 1 19 
4 0 0 8 0 0 1 24 
6 0 0 0 9 0 1 23 
10 0 0 2 0 0 1 20 
2 0 0 3 0 0 1 24 
5 0 0 3 0 0 1 21 
4 0 0 0 8 0 2 28 29 
7 1 0 0 0 0 1 27 
6 1 0 0 0 0 2 25 30 
4 0 0 0 0 8 1 28 
10 0 0 0 0 4 1 28 
4 1 0 0 0 0 1 30 
4 0 0 6 0 0 1 29 
3 0 5 0 0 0 1 31 
10 0 0 0 9 0 1 31 
8 0 0 1 0 0 1 31 
1 0 0 0 0 0 0 
1 0 0 0 0 0 3 33 34 35 
5 0 0 0 0 8 3 37 38 41 
3 0 0 7 0 0 1 51 
7 0 4 0 0 0 1 36 
3 0 0 0 6 0 2 39 48 
4 0 0 9 0 0 1 44 
6 0 8 0 0 0 1 43 
7 0 5 0 0 0 3 40 45 47 
2 1 0 0 0 0 3 50 52 53 
10 0 0 3 0 0 3 42 46 55 
6 0 0 0 5 0 1 62 
5 0 0 0 10 0 1 61 
5 1 0 0 0 0 1 45 
8 0 0 6 0 0 2 58 62 
7 0 4 0 0 0 1 49 
7 0 7 0 0 0 1 57 
3 0 0 0 0 5 1 56 
6 0 0 8 0 0 3 53 56 58 
7 0 6 0 0 0 1 54 
8 0 0 8 0 0 2 57 60 
9 1 0 0 0 0 2 56 57 
10 0 0 0 0 7 2 60 62 
7 0 0 0 0 5 1 60 
6 0 0 0 0 10 1 61 
5 0 0 0 0 3 1 59 
1 0 0 0 0 9 1 59 
1 0 9 0 0 0 1 59 
5 0 0 0 8 0 1 61 
1 0 5 0 0 0 1 63 
4 0 0 1 0 0 1 63 
2 0 0 6 0 0 1 63 
1 0 0 0 0 0 0 
1 0 0 0 0 0 3 65 66 67 
10 0 8 10 7 4 2 69 71 
8 0 1 5 2 7 1 74 
6 0 8 5 1 10 2 68 74 
3 0 2 2 10 4 1 71 
4 0 6 7 4 7 3 70 77 80 
10 0 10 4 6 8 3 72 78 79 
5 0 7 7 1 8 2 73 85 
10 1 0 0 0 0 2 76 91 
10 0 3 6 6 8 3 75 81 86 
7 0 9 1 4 1 1 76 
6 1 0 0 0 0 3 79 88 90 
5 0 8 5 3 3 2 90 93 
10 0 9 8 6 5 3 84 89 92 
4 1 0 0 0 0 1 83 
9 0 8 3 10 9 2 87 89 
7 0 2 10 4 5 3 81 82 84 
6 1 0 0 0 0 2 83 89 
8 0 6 3 8 1 3 83 85 87 
7 0 3 3 1 5 3 88 90 93 
9 0 8 1 4 4 1 86 
10 0 5 7 5 4 1 88 
4 0 3 2 8 5 1 87 
4 0 4 6 3 7 1 94 
3 0 4 1 4 9 2 92 94 
10 0 1 8 8 4 2 91 94 
2 0 1 8 6 4 1 92 
3 0 9 3 5 9 1 93 
8 0 8 3 9 4 1 95 
10 0 10 6 8 4 1 95 
6 0 7 5 3 10 1 95 
1 0 0 0 0 0 0 
1 0 0 0 0 0 3 97 98 99 
10 0 8 6 10 3 3 100 102 103 
7 0 4 0 0 3 3 103 105 108 
10 0 8 7 4 3 3 109 117 118 
10 0 5 7 8 0 3 101 104 108 
8 0 0 2 9 0 3 107 109 111 
8 0 8 1 1 10 3 104 110 117 
8 0 0 5 3 2 3 104 115 119 
6 1 0 0 0 0 3 106 120 124 
3 0 1 0 3 2 3 106 113 123 
1 0 9 0 8 6 3 112 122 126 
10 1 0 0 0 0 3 110 113 114 
5 1 0 0 0 0 3 116 118 119 
6 1 0 0 0 0 3 113 116 121 
1 1 0 0 0 0 2 112 119 
3 0 0 8 9 10 3 112 114 121 
1 0 0 1 6 8 1 118 
3 1 0 0 0 0 2 124 126 
1 1 0 0 0 0 3 115 116 122 
6 0 0 9 3 7 2 117 120 
6 0 0 4 9 0 1 123 
2 0 0 9 1 1 1 125 
5 0 5 1 3 7 1 125 
3 0 0 0 8 7 2 120 121 
2 0 3 1 2 4 1 126 
2 1 0 0 0 0 2 122 123 
9 0 0 0 10 2 1 125 
6 0 9 4 9 3 1 124 
2 0 0 0 10 0 1 127 
6 0 0 6 9 3 1 127 
3 0 3 3 4 0 1 127 
1 0 0 0 0 0 0 
63.02 56.08 52.93 44.39 50.08 71.36 105.08 140.64 146.39 147.87 145.61 143.35 144.38 143.76 148.2 155.34 162.79 170.45 174.74 164.6 153 141.67 134.91 124.22 130.01 120 118.76 115 113.63 116.27 138.92 159.92 169.17 171.18 168.57 169.49 164.5 160.91 163.06 166.42 169.59 165.85 168.23 160.99 149.62 135.03 119.03 104.95 90.34 80.01 77.87 62.38 80.01 88.44 107.48 132.33 135 133.09 125 123.38 129.67 120.92 121.55 115.29 121.43 156.88 133.58 155.83 153.14 149.69 150.09 105.03 112.27 117.85 104.17 56.07 90.74 113.43 120.27 150 153.73 144.97 140.03 144.25 142.2 142.72 151.03 159.48 172.73 193.42 194.67 177.98 163.99 152 144.64 127 107.21 101.1 96.73 82.72 84.99 90.26 100.76 123.33 127.38 128.27 124.89 117.69 117.77 113.38 127.84 138.09 145.28 155.93 163.5 146.74 139.27 129.99 129.94 121.21 101.02 100.92 96.34 89.43 85.01 86.96 97.41 103.21 128.66 135.71 126.08 122.97 120 117.14 122.24 123.58 99.99 103.86 115 104.83 110 98.41 98.74 70.27 57.66 58.82 51.71 39.15 50.25 49.78 55.4 62.86 79.01 97.55 102.4 103.87 101.69 99 104.29 107.91 125.6 133.98 127.83 119.68 120 106.05 100.24 81.35 63.02 56.08 52.93 44.39 50.08 71.36 105.08 140.64 146.39 147.87 145.61 143.35 144.38 143.76 148.2 155.34 162.79 170.45 174.74 164.6 153 141.67 134.91 124.22 130.01 120 118.76 115 113.63 116.27 138.92 159.92 169.17 171.18 168.57 169.49 164.5 160.91 163.06 166.42 169.59 165.85 168.23 160.99 149.62 135.03 119.03 104.95 90.34 80.01 77.87 62.38 80.01 88.44 107.48 132.33 135 133.09 125 123.38 129.67 120.92 121.55 115.29 121.43 156.88 
