128 5
1 27 27 29 21 
1 0 0 0 0 0 3 1 2 3 
10 0 9 0 0 0 3 5 7 11 
6 0 1 0 0 0 3 4 6 16 
10 0 2 0 0 0 1 25 
9 0 0 8 0 0 2 10 19 
7 0 0 0 0 2 3 14 23 25 
3 0 0 0 0 4 2 8 17 
10 0 9 0 0 0 2 13 20 
8 0 0 0 0 10 2 9 25 
10 0 0 0 3 0 3 11 12 15 
7 0 0 0 6 0 3 13 18 24 
6 0 0 0 0 3 2 24 30 
10 0 7 0 0 0 2 14 23 
3 0 0 0 7 0 2 17 26 
7 1 0 0 0 0 3 18 19 20 
10 0 0 5 0 0 2 22 27 
4 0 0 0 4 0 1 17 
3 0 0 0 0 1 1 30 
3 1 0 0 0 0 2 22 27 
10 1 0 0 0 0 2 22 28 
10 1 0 0 0 0 2 21 29 
6 0 2 0 0 0 2 26 30 
9 0 2 0 0 0 1 29 
4 0 0 0 10 0 1 24 
5 0 5 0 0 0 1 26 
7 0 0 0 3 0 2 28 29 
7 0 6 0 0 0 1 27 
9 0 5 0 0 0 1 28 
7 0 1 0 0 0 1 31 
4 0 0 0 0 1 1 31 
6 0 0 6 0 0 1 31 
1 0 0 0 0 0 0 
1 0 0 0 0 0 3 33 34 35 
5 0 7 0 0 3 1 36 
3 0 4 4 0 4 3 37 48 57 
1 0 0 2 0 1 3 41 45 50 
1 0 6 9 0 8 3 43 47 49 
5 0 0 0 8 0 3 38 39 46 
2 0 3 8 0 0 3 40 42 51 
2 0 0 8 4 0 1 53 
8 0 3 0 0 10 1 54 
9 0 4 3 0 9 1 52 
1 0 0 6 9 0 1 44 
4 0 6 0 10 9 2 48 62 
2 0 10 0 0 0 1 60 
4 0 0 1 2 0 1 58 
1 0 5 0 0 0 2 50 60 
1 0 0 0 1 0 2 57 58 
3 0 0 9 0 0 2 58 59 
7 0 9 4 9 0 2 50 56 
6 1 0 0 0 0 1 59 
1 1 0 0 0 0 1 56 
8 0 0 5 0 1 1 61 
3 0 0 5 0 8 1 55 
3 0 0 2 0 0 1 62 
10 1 0 0 0 0 1 59 
8 1 0 0 0 0 1 62 
7 1 0 0 0 0 1 60 
4 0 0 7 0 10 1 61 
5 0 0 2 5 0 1 61 
2 1 0 0 0 0 1 63 
7 0 0 6 9 0 1 63 
5 0 2 9 8 3 1 63 
1 0 0 0 0 0 0 
1 0 0 0 0 0 3 65 66 67 
4 0 6 9 9 5 1 76 
6 0 5 6 2 3 3 71 84 90 
1 0 2 3 3 2 2 68 72 
9 0 2 10 4 5 3 69 84 89 
1 0 4 9 4 8 3 70 73 78 
9 0 10 9 3 3 2 76 79 
2 0 2 4 4 5 1 72 
4 0 5 4 4 6 2 77 85 
2 0 8 7 10 7 2 74 76 
2 0 9 7 1 9 2 75 80 
4 0 4 2 10 1 3 77 81 90 
7 1 0 0 0 0 2 82 85 
9 1 0 0 0 0 3 79 83 87 
2 0 7 9 4 6 2 85 86 
2 1 0 0 0 0 1 88 
3 1 0 0 0 0 3 81 82 86 
7 0 1 10 2 9 2 83 87 
3 0 4 7 6 3 1 90 
8 0 9 4 2 10 1 88 
7 1 0 0 0 0 1 93 
5 1 0 0 0 0 2 91 92 
2 0 7 3 7 2 2 88 93 
4 0 5 2 8 3 2 93 94 
9 0 5 8 9 3 1 94 
7 0 5 5 10 1 2 91 92 
2 0 9 5 10 1 2 91 92 
2 0 9 5 5 4 1 94 
2 0 6 6 9 7 1 95 
3 0 4 5 7 4 1 95 
6 0 1 7 9 10 1 95 
1 0 0 0 0 0 0 
1 0 0 0 0 0 3 97 98 99 
10 0 7 8 3 10 3 101 109 111 
9 0 6 7 2 4 3 100 101 104 
6 0 5 7 6 4 3 102 104 112 
5 0 1 6 7 4 3 102 106 111 
1 1 0 0 0 0 3 105 106 112 
9 0 1 8 7 8 3 103 107 123 
6 0 5 6 9 6 3 108 114 115 
3 1 0 0 0 0 3 106 110 111 
2 1 0 0 0 0 3 108 110 124 
3 1 0 0 0 0 3 114 116 126 
8 0 2 4 10 2 3 108 109 121 
2 0 9 8 10 1 2 113 118 
7 1 0 0 0 0 3 110 118 122 
6 1 0 0 0 0 2 113 117 
2 0 3 6 8 4 3 116 117 126 
1 0 2 6 4 6 3 113 114 118 
3 0 10 5 3 8 1 119 
3 1 0 0 0 0 2 117 121 
2 1 0 0 0 0 1 116 
8 0 10 1 3 4 2 120 121 
1 1 0 0 0 0 1 119 
2 0 4 6 10 7 1 119 
9 0 7 2 8 9 1 120 
8 0 4 8 10 4 1 125 
7 0 1 3 5 2 2 122 125 
3 0 4 7 7 10 1 124 
7 0 1 6 2 1 3 124 125 126 
2 0 1 10 3 7 1 127 
1 0 1 6 4 10 1 127 
7 0 4 9 5 4 1 127 
1 0 0 0 0 0 0 
142.27 140.41 140.51 140.21 142.24 151.06 216 218.98 218.96 216.1 212.92 210.08 207.8 196.66 204.99 207.45 210.05 216.1 215.25 200.09 179.41 151.06 143.95 111.41 121.96 130.91 126.49 120.27 124.69 130.01 146.02 198 185.98 160.76 153.39 149.25 146.01 146.01 152.06 158.59 169.96 201.71 219.54 212.97 197.17 139.82 132.71 123.39 115.08 114.87 118.79 109.58 116.95 119.34 154.4 195.99 202.21 195.97 190 190.04 187.91 167.83 187.73 190.1 190.1 219 249.12 257.28 231.79 215.81 211.79 196.7 200.46 192.61 185.1 172.23 172.91 174.88 203.67 233.46 240.32 225.56 199.99 193.67 169.97 167.9 176.35 184.55 195.98 215.77 229.58 212.49 187.28 179.37 176.91 136.66 180.01 176.73 168.87 164.09 165 171.3 196.95 221.46 221.78 179.53 151.36 145.49 162.28 159.26 140.61 168.15 191.92 220.57 243.35 241.18 221.31 213.13 205.48 190.1 195.91 187.2 184.89 170.24 166 162.45 160.64 162.56 157.24 121.8 115.76 121.27 111.83 109.03 115.34 116.85 171.56 194.89 191.8 148.81 121.12 104.74 109.29 101.7 88.07 98.65 99.78 99.14 104.22 99.91 93.99 88.55 88.06 60 73.03 67.23 30.08 43.25 50.12 81.78 101.6 168.76 136 144.91 142.04 131.02 126 97.65 142.27 140.41 140.51 140.21 142.24 151.06 216 218.98 218.96 216.1 212.92 210.08 207.8 196.66 204.99 207.45 210.05 216.1 215.25 200.09 179.41 151.06 143.95 111.41 121.96 130.91 126.49 120.27 124.69 130.01 146.02 198 185.98 160.76 153.39 149.25 146.01 146.01 152.06 158.59 169.96 201.71 219.54 212.97 197.17 139.82 132.71 123.39 115.08 114.87 118.79 109.58 116.95 119.34 154.4 195.99 202.21 195.97 190 190.04 187.91 167.83 187.73 190.1 190.1 219 249.12 257.28 231.79 215.81 211.79 196.7 200.46 192.61 185.1 172.23 172.91 174.88 203.67 233.46 240.32 225.56 199.99 193.67 169.97 167.9 176.35 184.55 195.98 215.77 229.58 212.49 187.28 179.37 176.91 136.66 180.01 176.73 168.87 164.09 165 171.3 
