128 5
1 27 33 26 29 
1 0 0 0 0 0 3 1 2 3 
6 0 0 0 8 0 3 6 19 24 
6 0 8 0 0 0 3 4 20 25 
9 0 8 0 0 0 3 7 8 9 
7 0 0 0 0 5 3 5 26 28 
3 0 9 0 0 0 2 16 21 
2 0 0 0 0 2 2 22 23 
10 0 0 7 0 0 1 10 
4 0 0 0 1 0 2 11 19 
2 0 8 0 0 0 2 21 27 
8 0 0 0 0 6 3 12 14 15 
7 0 0 0 0 10 3 16 18 30 
8 1 0 0 0 0 3 13 22 30 
8 0 0 0 1 0 1 18 
1 0 0 0 0 9 1 17 
10 1 0 0 0 0 3 17 18 24 
9 0 3 0 0 0 1 29 
3 1 0 0 0 0 2 19 23 
8 0 0 0 0 10 2 21 28 
3 1 0 0 0 0 1 22 
7 0 0 0 0 6 2 24 27 
7 0 0 10 0 0 1 29 
9 0 0 0 0 6 2 25 29 
2 1 0 0 0 0 2 25 26 
1 1 0 0 0 0 1 26 
4 0 3 0 0 0 1 27 
6 0 0 0 0 2 1 30 
7 0 0 0 0 2 1 28 
7 0 0 6 0 0 1 31 
8 0 3 0 0 0 1 31 
1 0 0 0 5 0 1 31 
1 0 0 0 0 0 0 
1 0 0 0 0 0 3 33 34 35 
10 0 3 1 0 0 2 36 42 
5 0 2 2 0 0 3 37 41 43 
9 0 7 7 0 4 3 40 45 46 
2 0 3 0 5 10 3 38 39 44 
3 0 0 6 0 0 3 39 45 57 
4 0 7 5 3 0 3 40 46 48 
10 0 0 7 0 0 3 51 56 58 
5 0 0 8 0 0 3 47 54 55 
5 0 0 8 2 2 3 42 45 46 
6 0 10 2 0 7 3 44 47 55 
3 0 0 0 2 0 3 47 58 62 
3 1 0 0 0 0 3 48 52 53 
10 0 9 6 0 0 2 48 61 
10 0 0 9 10 7 3 49 52 53 
9 1 0 0 0 0 2 51 52 
8 1 0 0 0 0 2 51 56 
9 1 0 0 0 0 1 50 
1 1 0 0 0 0 3 54 55 56 
7 1 0 0 0 0 1 59 
4 0 0 0 2 2 2 60 61 
1 0 6 0 0 3 1 54 
4 0 2 0 0 0 2 57 60 
5 0 3 2 2 4 2 57 59 
7 0 5 0 9 0 2 59 62 
7 0 0 0 10 6 2 58 62 
3 0 0 0 0 2 1 61 
6 0 0 0 0 2 1 60 
9 0 1 9 0 5 1 63 
1 0 0 3 0 5 1 63 
10 0 0 0 1 2 1 63 
1 0 0 0 0 0 0 
1 0 0 0 0 0 3 65 66 67 
7 0 0 7 0 1 3 71 79 83 
5 0 0 0 6 6 3 70 72 84 
8 0 10 8 5 1 3 68 69 90 
1 0 4 0 1 0 1 75 
3 0 0 9 0 10 2 73 84 
3 0 0 10 0 4 2 73 81 
1 0 2 2 9 0 2 82 84 
6 0 0 8 0 6 2 74 78 
2 0 0 0 10 0 2 80 85 
8 0 4 0 0 3 3 75 76 86 
2 1 0 0 0 0 1 88 
5 1 0 0 0 0 3 77 87 90 
5 1 0 0 0 0 3 81 93 94 
7 0 0 0 0 1 2 79 82 
10 0 10 9 4 8 3 81 85 91 
1 0 0 5 3 0 1 83 
2 1 0 0 0 0 1 92 
9 0 0 0 10 5 1 91 
3 0 0 3 3 0 2 88 89 
5 0 4 6 1 0 2 93 94 
7 1 0 0 0 0 2 87 92 
10 0 6 0 0 8 3 88 89 90 
4 0 0 2 0 2 1 89 
10 0 9 0 1 6 1 94 
9 0 0 0 6 0 1 93 
2 1 0 0 0 0 1 91 
6 0 6 0 6 9 1 92 
4 0 6 5 0 0 1 95 
5 0 0 2 0 0 1 95 
8 0 0 0 8 0 1 95 
1 0 0 0 0 0 0 
1 0 0 0 0 0 3 97 98 99 
8 0 6 3 8 5 3 100 101 109 
6 0 8 10 7 4 1 108 
6 0 7 10 3 2 3 101 102 113 
8 0 4 8 6 6 3 103 106 114 
3 0 9 6 7 5 2 111 117 
9 0 10 9 6 4 3 104 110 122 
7 0 8 8 4 2 3 107 119 122 
10 0 6 5 5 10 3 105 112 116 
9 0 4 10 6 7 1 109 
9 0 10 10 4 6 2 116 123 
2 1 0 0 0 0 2 113 121 
3 0 4 4 3 1 3 112 113 118 
2 0 10 4 10 6 1 126 
2 0 2 5 1 9 2 115 126 
1 1 0 0 0 0 1 115 
2 0 9 2 7 9 1 124 
9 0 9 2 8 1 1 120 
6 0 2 5 1 3 2 120 121 
7 1 0 0 0 0 2 116 119 
9 0 6 4 9 7 1 120 
6 0 1 10 8 10 2 118 126 
5 0 7 5 3 8 2 119 122 
4 0 7 6 8 4 2 121 123 
2 0 5 3 9 3 2 124 125 
2 0 10 9 7 8 1 125 
8 0 9 1 3 10 2 123 124 
6 0 5 1 10 4 1 125 
7 0 8 9 8 7 1 127 
3 0 1 10 1 8 1 127 
3 0 6 8 8 4 1 127 
1 0 0 0 0 0 0 
94.43 96.99 94.93 93.22 100.43 110.07 137.96 166.27 146.65 112.57 96.01 86.4 82.16 78.25 71.89 78.91 82 100.35 133.77 158.11 152.87 137.76 130.99 113.12 110.85 109.55 108.98 108.05 113.67 121.91 142.1 168.77 159 132.46 118.44 112.02 109.72 108.12 107.31 108.71 112.73 122 147.1 180 177.32 155.36 141.11 130.2 128.77 119.4 120.21 118.79 126.44 135.92 165.97 195 178.5 138.64 121.54 115.41 113.47 113.63 113.65 114.64 117.41 135.77 156.62 199.56 191.89 164.98 151.39 139.13 135.54 124.12 120 115.33 114.85 124.91 142.51 161.63 151.99 120.79 104.95 102.29 102.29 106.22 110.01 112.98 109.87 122.79 140 154.98 138.43 131.27 122.19 108.87 103.73 100.88 97.93 97.22 100.52 107.73 103.12 115.59 120.43 118.95 115.6 114.3 105.38 100.8 100.01 107.27 109.7 115.26 130.29 139.59 140.45 136.75 137.13 132.55 124.12 113.89 114.38 110.75 110.78 112.16 114.92 129.35 133.44 129.71 117.02 106.94 101.3 98.11 94.33 94.05 99.64 107.07 125.01 142.39 142 137.31 134.9 126.98 127.99 117.86 119.83 117.99 118.24 117.86 120 118.9 122.98 112.21 100 87 81.96 60.01 55 56 74 86.35 115.2 129.97 133.46 126.39 115 106.94 94.43 96.99 94.93 93.22 100.43 110.07 137.96 166.27 146.65 112.57 96.01 86.4 82.16 78.25 71.89 78.91 82 100.35 133.77 158.11 152.87 137.76 130.99 113.12 110.85 109.55 108.98 108.05 113.67 121.91 142.1 168.77 159 132.46 118.44 112.02 109.72 108.12 107.31 108.71 112.73 122 147.1 180 177.32 155.36 141.11 130.2 128.77 119.4 120.21 118.79 126.44 135.92 165.97 195 178.5 138.64 121.54 115.41 113.47 113.63 113.65 114.64 117.41 135.77 156.62 199.56 191.89 164.98 
