160 5
1 36 29 45 33 
1 0 0 0 0 0 3 1 2 3 
7 0 2 2 6 2 1 14 
3 0 10 2 5 9 3 5 7 9 
5 0 3 4 4 8 1 4 
4 0 10 5 7 7 2 6 24 
3 0 5 5 8 8 3 8 12 18 
4 0 2 1 8 9 1 10 
1 0 6 3 6 10 2 13 22 
2 0 10 10 10 6 2 11 30 
4 0 6 5 6 8 3 15 19 25 
7 0 6 8 10 1 1 26 
1 0 9 7 1 5 2 16 21 
5 0 1 4 2 3 1 15 
7 0 9 9 6 10 2 17 19 
3 0 8 5 1 2 3 20 22 28 
4 1 0 0 0 0 2 21 27 
9 1 0 0 0 0 1 24 
5 1 0 0 0 0 2 23 29 
6 0 4 7 3 8 1 20 
5 1 0 0 0 0 1 21 
10 0 3 4 1 6 1 29 
6 0 8 6 3 7 1 24 
7 0 3 1 5 8 1 29 
5 0 5 9 1 2 1 27 
3 0 8 3 1 5 1 28 
1 0 7 3 5 4 1 30 
6 0 3 4 3 10 1 27 
3 0 10 7 3 4 1 28 
5 0 6 10 1 10 1 31 
6 0 1 8 5 9 1 31 
6 0 5 8 6 3 1 31 
1 0 0 0 0 0 0 
1 0 0 0 0 0 3 33 34 35 
2 0 3 9 6 8 3 38 42 47 
10 0 8 2 8 2 3 36 41 43 
5 0 8 6 4 3 3 39 50 53 
4 0 4 8 1 9 2 37 46 
3 1 0 0 0 0 2 53 62 
7 1 0 0 0 0 3 40 54 59 
1 0 9 3 3 3 3 45 49 56 
2 1 0 0 0 0 3 44 57 61 
6 0 1 5 5 10 2 48 52 
1 0 1 8 3 6 3 49 51 53 
10 0 5 3 7 5 2 48 54 
6 0 5 4 10 5 2 50 62 
4 0 10 5 8 2 2 51 52 
8 1 0 0 0 0 2 52 58 
8 0 5 10 3 7 1 48 
9 0 2 1 5 2 1 55 
5 0 9 7 8 1 2 55 59 
2 0 3 3 2 1 1 60 
1 0 6 10 5 3 1 60 
5 0 8 6 3 10 1 54 
1 1 0 0 0 0 2 55 56 
6 0 3 9 7 4 1 62 
1 0 4 2 9 7 2 58 61 
4 1 0 0 0 0 2 57 59 
9 0 8 7 1 10 1 58 
5 0 4 6 1 10 1 60 
6 0 8 5 3 6 1 61 
4 0 3 6 5 10 1 63 
6 0 6 9 3 9 1 63 
2 0 2 8 6 5 1 63 
1 0 0 0 0 0 0 
1 0 0 0 0 0 3 65 66 67 
3 0 0 0 0 10 3 71 76 77 
7 0 0 0 5 0 3 68 69 72 
5 0 0 0 0 6 3 77 80 81 
2 0 0 10 0 0 3 73 74 75 
3 0 0 0 8 0 3 70 83 85 
3 0 0 0 0 10 2 73 80 
8 0 0 0 0 1 3 72 78 79 
3 0 0 0 2 0 3 87 92 93 
2 0 0 0 0 6 3 76 77 88 
2 0 4 0 0 0 2 79 80 
1 0 0 0 0 9 3 78 79 86 
4 1 0 0 0 0 3 78 90 91 
5 0 0 3 0 0 3 82 86 87 
7 1 0 0 0 0 2 82 89 
6 0 0 0 0 3 2 81 87 
8 0 0 0 5 0 3 82 84 86 
1 1 0 0 0 0 3 83 84 85 
2 0 0 0 0 3 1 92 
6 0 0 0 2 0 3 89 91 94 
6 1 0 0 0 0 1 88 
9 0 0 10 0 0 1 88 
5 1 0 0 0 0 2 90 91 
5 1 0 0 0 0 1 90 
3 0 7 0 0 0 3 89 93 94 
6 0 0 5 0 0 1 92 
9 0 0 0 0 10 1 94 
10 0 0 0 10 0 1 93 
3 0 0 0 6 0 1 95 
6 0 0 0 6 0 1 95 
3 0 0 5 0 0 1 95 
1 0 0 0 0 0 0 
1 0 0 0 0 0 3 97 98 99 
7 0 3 9 6 5 3 102 103 107 
9 0 10 5 8 10 2 100 107 
7 0 5 5 9 2 1 101 
4 0 5 4 8 8 1 125 
9 0 9 8 10 4 3 104 109 111 
7 0 1 9 5 5 1 124 
5 0 6 8 6 8 3 108 118 120 
7 0 8 5 7 2 3 105 106 113 
5 0 3 7 2 6 1 115 
4 1 0 0 0 0 3 117 122 123 
9 0 7 9 7 4 1 109 
3 1 0 0 0 0 3 110 114 116 
2 1 0 0 0 0 1 112 
5 1 0 0 0 0 1 124 
8 1 0 0 0 0 1 112 
2 0 6 5 2 3 1 119 
9 0 7 8 6 1 1 122 
1 1 0 0 0 0 1 115 
10 0 9 6 5 3 1 117 
5 0 3 1 8 4 1 121 
2 0 8 1 2 2 2 119 121 
2 0 3 4 9 10 1 123 
10 0 6 3 4 3 1 125 
8 0 9 4 8 8 2 121 126 
1 0 7 2 9 5 1 124 
9 0 4 1 4 2 1 126 
4 0 10 5 7 6 1 126 
8 0 10 4 5 7 1 127 
4 0 1 3 1 5 1 127 
1 0 4 2 3 8 1 127 
1 0 0 0 0 0 0 
1 0 0 0 0 0 3 129 130 131 
7 0 9 4 8 9 1 132 
4 0 0 0 3 0 3 133 135 144 
4 0 2 0 0 0 3 136 138 145 
5 0 10 9 5 3 3 134 147 148 
2 0 0 0 0 10 2 142 153 
1 0 8 0 0 0 1 141 
7 0 0 10 8 0 1 149 
3 0 3 10 0 5 1 137 
7 0 7 0 0 0 1 144 
6 0 5 0 9 7 2 139 144 
8 0 0 0 1 6 3 140 146 151 
3 0 10 0 0 0 1 143 
1 0 7 10 6 0 2 150 156 
8 0 4 2 10 0 2 154 157 
5 1 0 0 0 0 1 156 
3 1 0 0 0 0 1 155 
8 0 10 3 10 0 2 147 152 
2 1 0 0 0 0 1 152 
5 0 10 7 0 0 2 153 157 
7 0 0 0 7 2 2 154 158 
8 0 0 9 4 8 1 155 
8 1 0 0 0 0 1 152 
5 1 0 0 0 0 1 153 
7 0 10 0 7 0 1 158 
6 0 0 0 7 0 1 155 
4 0 6 0 0 2 1 156 
2 0 0 1 0 0 1 158 
7 0 0 0 0 3 1 159 
4 1 0 0 0 0 1 159 
10 0 3 0 5 0 1 159 
1 0 0 0 0 0 0 
94.43 96.99 94.93 93.22 100.43 110.07 137.96 166.27 146.65 112.57 96.01 86.4 82.16 78.25 71.89 78.91 82 100.35 133.77 158.11 152.87 137.76 130.99 113.12 110.85 109.55 108.98 108.05 113.67 121.91 142.1 168.77 159 132.46 118.44 112.02 109.72 108.12 107.31 108.71 112.73 122 147.1 180 177.32 155.36 141.11 130.2 128.77 119.4 120.21 118.79 126.44 135.92 165.97 195 178.5 138.64 121.54 115.41 113.47 113.63 113.65 114.64 117.41 135.77 156.62 199.56 191.89 164.98 151.39 139.13 135.54 124.12 120 115.33 114.85 124.91 142.51 161.63 151.99 120.79 104.95 102.29 102.29 106.22 110.01 112.98 109.87 122.79 140 154.98 138.43 131.27 122.19 108.87 103.73 100.88 97.93 97.22 100.52 107.73 103.12 115.59 120.43 118.95 115.6 114.3 105.38 100.8 100.01 107.27 109.7 115.26 130.29 139.59 140.45 136.75 137.13 132.55 124.12 113.89 114.38 110.75 110.78 112.16 114.92 129.35 133.44 129.71 117.02 106.94 101.3 98.11 94.33 94.05 99.64 107.07 125.01 142.39 142 137.31 134.9 126.98 127.99 117.86 119.83 117.99 118.24 117.86 120 118.9 122.98 112.21 100 87 81.96 60.01 55 56 74 86.35 115.2 129.97 133.46 126.39 115 106.94 94.43 96.99 94.93 93.22 100.43 110.07 137.96 166.27 146.65 112.57 96.01 86.4 82.16 78.25 71.89 78.91 82 100.35 133.77 158.11 152.87 137.76 130.99 113.12 110.85 109.55 108.98 108.05 113.67 121.91 142.1 168.77 159 132.46 118.44 112.02 109.72 108.12 107.31 108.71 112.73 122 147.1 180 177.32 155.36 141.11 130.2 128.77 119.4 120.21 118.79 126.44 135.92 165.97 195 178.5 138.64 121.54 115.41 113.47 113.63 113.65 114.64 117.41 135.77 156.62 199.56 191.89 164.98 151.39 139.13 135.54 124.12 120 115.33 114.85 124.91 142.51 161.63 151.99 120.79 104.95 102.29 102.29 106.22 110.01 112.98 109.87 122.79 140 154.98 138.43 131.27 122.19 108.87 103.73 100.88 
