160 5
1 41 48 37 50 
1 0 0 0 0 0 3 1 2 3 
5 0 5 10 9 7 3 6 10 11 
2 0 10 4 1 9 3 4 5 28 
7 0 4 5 4 6 2 8 9 
4 0 0 6 2 0 1 15 
1 0 9 0 0 8 1 29 
3 0 5 5 0 9 3 7 24 25 
9 0 7 0 7 1 1 20 
8 0 7 0 3 0 1 18 
10 0 9 8 0 7 1 14 
10 0 0 5 0 8 1 21 
8 0 0 0 1 9 2 12 13 
9 0 1 9 6 0 1 19 
10 0 1 3 10 8 1 17 
4 0 9 10 8 10 3 16 17 26 
9 0 7 1 5 9 1 24 
6 1 0 0 0 0 1 22 
3 1 0 0 0 0 3 21 27 30 
9 0 8 0 9 0 2 22 25 
8 1 0 0 0 0 1 24 
4 0 3 0 1 0 2 22 26 
3 1 0 0 0 0 1 23 
4 1 0 0 0 0 1 28 
9 0 4 8 7 4 1 29 
9 0 10 0 2 7 2 26 29 
5 0 8 9 3 6 1 30 
4 0 4 4 7 8 1 30 
7 0 9 0 0 9 1 28 
7 0 0 1 8 1 1 31 
1 0 9 10 1 4 1 31 
9 0 2 3 0 0 1 31 
1 0 0 0 0 0 0 
1 0 0 0 0 0 3 33 34 35 
7 0 2 2 6 2 1 46 
3 0 10 2 5 9 3 37 39 41 
5 0 3 4 4 8 1 36 
4 0 10 5 7 7 2 38 56 
3 0 5 5 8 8 3 40 44 50 
4 0 2 1 8 9 1 42 
1 0 6 3 6 10 2 45 54 
2 0 10 10 10 6 2 43 62 
4 0 6 5 6 8 3 47 51 57 
7 1 0 0 0 0 1 58 
1 0 9 7 1 5 2 48 53 
5 0 1 4 2 3 1 47 
7 0 9 9 6 10 2 49 51 
3 0 8 5 1 2 3 52 54 60 
4 1 0 0 0 0 2 53 59 
9 1 0 0 0 0 1 56 
5 0 10 3 4 8 2 55 61 
6 0 4 7 3 8 1 52 
5 1 0 0 0 0 1 53 
10 0 3 4 1 6 1 61 
6 0 8 6 3 7 1 56 
7 0 3 1 5 8 1 61 
5 0 5 9 1 2 1 59 
3 0 8 3 1 5 1 60 
1 0 7 3 5 4 1 62 
6 0 3 4 3 10 1 59 
3 0 10 7 3 4 1 60 
5 0 6 10 1 10 1 63 
6 0 1 8 5 9 1 63 
6 0 5 8 6 3 1 63 
1 0 0 0 0 0 0 
1 0 0 0 0 0 3 65 66 67 
9 0 0 0 8 7 2 81 90 
3 0 5 6 0 6 3 69 74 87 
6 0 6 9 3 9 3 68 76 80 
8 0 7 0 10 6 3 71 72 73 
8 0 0 5 0 0 3 70 71 84 
7 0 0 0 0 3 3 75 78 86 
3 0 0 0 0 2 1 85 
7 0 0 4 0 0 2 78 87 
1 0 0 0 0 5 1 77 
10 0 8 0 9 9 2 79 94 
1 0 0 0 9 9 1 80 
7 0 0 0 8 7 1 82 
7 0 0 6 0 2 1 90 
7 0 0 8 0 0 1 79 
6 0 0 3 0 8 2 83 93 
9 1 0 0 0 0 1 85 
2 0 0 0 4 0 1 84 
7 1 0 0 0 0 1 89 
3 0 0 10 0 3 1 88 
3 1 0 0 0 0 1 85 
8 0 7 0 0 0 1 91 
9 1 0 0 0 0 1 94 
1 1 0 0 0 0 1 94 
1 0 0 0 2 4 1 92 
3 1 0 0 0 0 1 90 
10 0 0 10 0 2 1 92 
3 0 8 5 5 0 2 92 93 
6 0 1 0 0 8 1 95 
4 0 2 0 10 0 1 95 
3 0 9 3 6 1 1 95 
1 0 0 0 0 0 0 
1 0 0 0 0 0 3 97 98 99 
6 0 8 4 7 7 3 100 118 122 
1 0 5 1 5 1 3 102 107 111 
8 0 1 4 1 3 2 103 104 
8 0 6 2 1 9 2 101 105 
9 0 1 2 8 6 3 102 108 120 
8 0 3 5 1 7 1 115 
6 1 0 0 0 0 1 109 
5 1 0 0 0 0 3 106 117 118 
1 0 9 5 3 1 3 110 113 124 
8 0 1 10 4 6 1 126 
4 0 2 3 7 10 1 114 
3 0 2 1 10 6 1 126 
1 1 0 0 0 0 2 112 121 
3 0 5 2 6 6 2 115 116 
1 0 3 10 10 8 1 116 
6 0 10 8 4 8 1 123 
1 1 0 0 0 0 1 119 
7 0 3 9 4 7 1 120 
10 0 8 4 3 5 1 121 
4 0 10 1 7 7 1 120 
2 1 0 0 0 0 2 122 124 
10 0 3 2 8 9 1 126 
2 0 3 1 3 7 1 123 
6 1 0 0 0 0 1 121 
2 0 10 1 10 1 1 123 
3 0 4 9 4 1 1 125 
7 0 8 4 10 1 1 125 
2 0 8 10 7 3 1 127 
2 0 9 7 8 1 1 127 
1 0 9 3 6 6 1 127 
1 0 0 0 0 0 0 
1 0 0 0 0 0 3 129 130 131 
7 0 5 1 4 7 3 132 138 146 
1 0 3 9 2 2 1 143 
8 0 4 7 4 5 3 133 134 141 
2 0 4 4 10 7 3 135 136 139 
5 0 1 1 6 5 2 137 150 
8 0 9 4 2 6 1 151 
7 0 1 4 2 6 1 154 
10 0 2 4 2 3 1 149 
6 0 5 3 10 5 1 140 
4 0 4 10 8 3 1 148 
6 0 3 10 8 6 2 140 142 
4 1 0 0 0 0 3 145 152 153 
5 0 1 7 4 9 1 151 
10 0 6 8 1 3 2 144 149 
9 0 7 8 1 2 2 146 158 
10 0 5 3 2 4 1 147 
7 1 0 0 0 0 1 155 
3 0 2 6 2 7 1 156 
7 0 10 1 10 1 1 156 
5 0 10 8 10 8 1 155 
4 0 10 10 3 1 1 158 
7 0 8 2 3 7 1 157 
7 0 5 6 6 8 3 152 153 158 
5 1 0 0 0 0 2 155 157 
6 1 0 0 0 0 1 154 
4 0 9 5 6 5 1 157 
8 0 2 5 7 3 1 156 
9 0 4 8 5 9 1 159 
3 0 6 9 1 2 1 159 
2 1 0 0 0 0 1 159 
1 0 0 0 0 0 0 
310.08 270.86 280.47 278.39 273.26 310.38 414.42 420.99 414.68 384.55 341.34 339.29 338.3 339.65 345.85 347.72 362.43 406.1 440.97 495.9 494.05 455 429.15 391.2 330.76 298.92 298.95 289.2 295.75 320.01 382.92 414.98 426.22 383.99 310.09 288.85 306.36 304.65 303.9 302.79 306.99 361.05 424.59 469.8 469.72 428.67 406.45 343.31 297.01 286.98 298.71 285.6 293.99 297.59 343.72 393.5 395.51 356.26 302.9 293.77 288.83 294.02 286.07 289.33 303.1 353 409.93 449 454.73 420 406.84 355.01 309.92 300.03 310 306.3 312 347.06 407.41 419.99 414.92 397.16 355.1 337.65 328.55 325.13 330.2 351.33 376.72 401.31 450 539.9 534.75 446 414.99 390 422.1 405 395.72 391.95 402.62 408.06 469.54 513.31 508 472.56 419.9 406.94 388.62 418.22 442.78 437.38 451.88 450 489.99 560 565.4 507.78 469.47 424.02 427.23 400.71 387.87 374.09 375.79 382.76 379.9 388.74 399.9 374.5 350.01 338.37 329.58 297.44 309.03 338.57 357.42 412.3 466.2 503.26 504.7 479.94 461.91 425.89 416.3 397.2 377.9 354 350.06 351.01 352.77 350.05 355.17 339.94 309 286.79 229.51 186.5 151.1 231.52 321.76 382.96 415.9 454.91 459.96 462.6 455.42 398.97 310.08 270.86 280.47 278.39 273.26 310.38 414.42 420.99 414.68 384.55 341.34 339.29 338.3 339.65 345.85 347.72 362.43 406.1 440.97 495.9 494.05 455 429.15 391.2 330.76 298.92 298.95 289.2 295.75 320.01 382.92 414.98 426.22 383.99 310.09 288.85 306.36 304.65 303.9 302.79 306.99 361.05 424.59 469.8 469.72 428.67 406.45 343.31 297.01 286.98 298.71 285.6 293.99 297.59 343.72 393.5 395.51 356.26 302.9 293.77 288.83 294.02 286.07 289.33 303.1 353 409.93 449 454.73 420 406.84 355.01 309.92 300.03 310 306.3 312 347.06 407.41 419.99 414.92 397.16 355.1 337.65 328.55 325.13 330.2 351.33 376.72 401.31 450 539.9 534.75 446 414.99 390 422.1 405 395.72 391.95 402.62 408.06 469.54 513.31 508 472.56 
