160 5
1 34 32 27 32 
1 0 0 0 0 0 3 1 2 3 
5 0 0 0 7 0 3 4 13 27 
4 0 0 0 0 2 3 5 6 7 
2 0 0 8 3 0 3 13 16 24 
7 0 0 4 0 0 3 5 8 12 
1 1 0 0 0 0 3 14 16 26 
8 0 2 8 0 1 3 9 10 21 
10 0 0 0 3 8 3 15 18 19 
7 0 0 0 0 7 3 11 18 21 
4 0 5 0 9 0 3 12 17 18 
8 0 0 0 6 8 2 11 13 
10 0 0 3 0 7 3 14 16 17 
5 0 0 0 4 0 2 14 22 
2 1 0 0 0 0 2 20 28 
5 0 9 0 0 0 3 19 23 29 
9 0 0 0 0 8 3 20 21 27 
1 0 0 5 2 6 1 19 
7 1 0 0 0 0 3 20 22 23 
6 0 9 1 7 4 2 23 26 
3 1 0 0 0 0 2 25 30 
1 1 0 0 0 0 1 26 
9 1 0 0 0 0 3 22 25 29 
8 1 0 0 0 0 1 24 
9 0 1 3 0 0 2 24 25 
9 0 0 0 10 0 1 28 
10 0 0 9 8 3 1 28 
9 0 9 5 1 6 1 30 
5 0 0 2 0 0 2 29 30 
6 0 0 2 5 7 1 31 
10 0 0 0 10 10 1 31 
6 0 0 6 0 5 1 31 
1 0 0 0 0 0 0 
1 0 0 0 0 0 3 33 34 35 
7 0 2 0 2 1 3 40 47 49 
10 0 0 7 0 7 3 36 37 39 
1 0 8 1 0 10 3 38 43 47 
1 0 6 2 4 10 3 42 49 52 
7 0 4 3 6 1 3 41 44 51 
3 0 10 6 0 9 3 41 42 45 
2 0 4 8 3 1 2 42 59 
8 0 5 8 6 0 2 45 50 
4 0 5 6 2 0 3 46 48 57 
1 0 0 8 9 0 3 55 60 62 
4 0 3 5 1 4 3 46 48 53 
8 0 0 3 1 8 3 45 47 50 
2 1 0 0 0 0 3 46 56 61 
4 1 0 0 0 0 1 54 
10 0 9 7 6 10 2 48 52 
5 0 5 0 6 1 3 54 55 58 
1 0 4 0 2 0 2 53 54 
4 1 0 0 0 0 3 56 57 58 
4 0 3 10 3 4 1 52 
7 1 0 0 0 0 3 53 56 58 
2 1 0 0 0 0 3 55 57 62 
4 0 9 10 7 0 1 59 
8 0 0 1 1 2 1 61 
9 0 0 9 0 1 1 59 
1 0 6 8 3 0 1 61 
8 0 0 9 9 3 2 60 62 
10 0 10 4 4 6 1 60 
6 0 0 6 0 0 1 63 
6 0 8 5 0 10 1 63 
7 0 0 2 0 10 1 63 
1 0 0 0 0 0 0 
1 0 0 0 0 0 3 65 66 67 
4 0 3 3 5 9 3 68 88 89 
2 0 3 6 5 2 3 72 80 82 
6 0 1 1 10 6 3 69 70 71 
1 0 2 4 1 2 3 74 79 84 
3 0 8 6 1 2 3 73 75 88 
2 0 6 2 1 8 3 75 77 85 
7 0 6 5 3 1 3 74 83 88 
6 0 8 8 10 2 1 87 
3 0 10 8 4 9 2 79 82 
2 0 4 1 9 7 3 77 78 90 
7 0 10 8 1 10 2 76 93 
5 1 0 0 0 0 2 79 87 
9 0 1 1 3 3 1 91 
10 0 2 8 9 8 1 80 
2 1 0 0 0 0 2 90 92 
5 1 0 0 0 0 3 81 92 94 
3 1 0 0 0 0 1 86 
5 0 5 3 7 5 2 83 89 
4 1 0 0 0 0 1 84 
4 0 2 7 2 2 2 85 86 
7 1 0 0 0 0 1 91 
5 0 6 10 3 5 1 93 
3 0 2 5 6 1 1 89 
6 1 0 0 0 0 1 93 
6 0 2 2 2 5 2 91 92 
6 0 5 2 8 1 1 94 
7 0 6 7 5 5 1 94 
10 0 8 8 5 2 1 95 
6 0 5 10 3 8 1 95 
9 0 10 9 9 5 1 95 
1 0 0 0 0 0 0 
1 0 0 0 0 0 3 97 98 99 
2 0 2 5 8 7 3 101 111 112 
8 0 4 8 1 6 3 100 107 118 
1 0 9 9 5 9 3 106 108 117 
10 0 1 2 5 6 3 102 103 104 
10 0 7 10 1 7 1 120 
1 1 0 0 0 0 3 109 122 124 
4 1 0 0 0 0 1 105 
3 1 0 0 0 0 1 110 
8 1 0 0 0 0 2 113 116 
6 0 3 8 6 6 1 111 
8 0 5 3 6 9 2 112 113 
6 0 10 6 1 8 1 124 
7 1 0 0 0 0 3 110 115 117 
5 1 0 0 0 0 1 112 
4 0 5 1 4 9 1 114 
7 0 3 9 8 3 1 119 
7 0 10 5 5 7 1 122 
8 0 8 8 6 10 1 121 
1 0 8 2 4 4 1 116 
10 0 6 9 2 6 1 125 
3 0 9 6 5 4 1 119 
2 0 1 2 7 1 1 120 
3 0 9 9 2 2 1 120 
8 0 3 1 4 10 1 126 
4 1 0 0 0 0 2 124 126 
4 0 3 10 2 5 1 123 
1 0 4 1 2 4 1 125 
8 0 4 5 4 1 1 127 
2 0 1 4 8 3 1 127 
2 0 8 8 6 6 1 127 
1 0 0 0 0 0 0 
1 0 0 0 0 0 3 129 130 131 
9 0 0 0 0 6 3 133 135 139 
3 0 0 1 0 0 3 132 145 149 
8 0 6 0 0 0 3 134 136 141 
3 0 0 0 0 1 3 135 138 152 
5 0 0 6 0 0 1 143 
5 0 0 0 0 4 3 137 138 145 
5 0 0 0 0 9 2 141 156 
7 0 0 10 0 0 3 137 143 145 
3 0 0 2 0 0 3 140 146 147 
8 0 0 0 0 10 3 142 144 147 
9 0 3 0 0 0 3 141 143 144 
9 0 0 0 0 4 3 142 144 153 
6 0 8 0 0 0 1 157 
10 0 0 0 0 6 2 148 150 
3 1 0 0 0 0 3 146 147 152 
1 1 0 0 0 0 3 148 150 155 
3 1 0 0 0 0 3 148 152 154 
8 1 0 0 0 0 2 154 158 
9 0 0 0 0 2 2 151 154 
9 0 0 0 6 0 1 151 
3 0 0 10 0 0 3 150 151 153 
8 0 0 0 0 4 1 158 
2 0 0 10 0 0 3 156 157 158 
10 1 0 0 0 0 1 153 
1 0 4 0 0 0 2 155 157 
1 1 0 0 0 0 1 155 
3 0 0 0 2 0 1 156 
5 0 0 2 0 0 1 159 
6 0 9 0 0 0 1 159 
4 0 9 0 0 0 1 159 
1 0 0 0 0 0 0 
94.43 96.99 94.93 93.22 100.43 110.07 137.96 166.27 146.65 112.57 96.01 86.4 82.16 78.25 71.89 78.91 82 100.35 133.77 158.11 152.87 137.76 130.99 113.12 110.85 109.55 108.98 108.05 113.67 121.91 142.1 168.77 159 132.46 118.44 112.02 109.72 108.12 107.31 108.71 112.73 122 147.1 180 177.32 155.36 141.11 130.2 128.77 119.4 120.21 118.79 126.44 135.92 165.97 195 178.5 138.64 121.54 115.41 113.47 113.63 113.65 114.64 117.41 135.77 156.62 199.56 191.89 164.98 151.39 139.13 135.54 124.12 120 115.33 114.85 124.91 142.51 161.63 151.99 120.79 104.95 102.29 102.29 106.22 110.01 112.98 109.87 122.79 140 154.98 138.43 131.27 122.19 108.87 103.73 100.88 97.93 97.22 100.52 107.73 103.12 115.59 120.43 118.95 115.6 114.3 105.38 100.8 100.01 107.27 109.7 115.26 130.29 139.59 140.45 136.75 137.13 132.55 124.12 113.89 114.38 110.75 110.78 112.16 114.92 129.35 133.44 129.71 117.02 106.94 101.3 98.11 94.33 94.05 99.64 107.07 125.01 142.39 142 137.31 134.9 126.98 127.99 117.86 119.83 117.99 118.24 117.86 120 118.9 122.98 112.21 100 87 81.96 60.01 55 56 74 86.35 115.2 129.97 133.46 126.39 115 106.94 94.43 96.99 94.93 93.22 100.43 110.07 137.96 166.27 146.65 112.57 96.01 86.4 82.16 78.25 71.89 78.91 82 100.35 133.77 158.11 152.87 137.76 130.99 113.12 110.85 109.55 108.98 108.05 113.67 121.91 142.1 168.77 159 132.46 118.44 112.02 109.72 108.12 107.31 108.71 112.73 122 147.1 180 177.32 155.36 141.11 130.2 128.77 119.4 120.21 118.79 126.44 135.92 165.97 195 178.5 138.64 121.54 115.41 113.47 113.63 113.65 114.64 117.41 135.77 156.62 199.56 191.89 164.98 151.39 139.13 135.54 124.12 120 115.33 114.85 124.91 142.51 161.63 151.99 120.79 104.95 102.29 102.29 106.22 110.01 112.98 109.87 122.79 140 154.98 138.43 131.27 122.19 108.87 103.73 100.88 97.93 97.22 100.52 107.73 103.12 115.59 120.43 118.95 115.6 114.3 105.38 100.8 100.01 107.27 109.7 115.26 130.29 139.59 140.45 136.75 137.13 132.55 124.12 113.89 114.38 110.75 110.78 112.16 114.92 129.35 133.44 129.71 117.02 106.94 101.3 98.11 94.33 94.05 99.64 107.07 125.01 142.39 142 137.31 134.9 126.98 127.99 117.86 119.83 117.99 118.24 117.86 120 118.9 122.98 112.21 100 87 
