160 5
1 43 40 44 37 
1 0 0 0 0 0 3 1 2 3 
1 0 0 0 0 10 3 4 5 11 
7 0 0 0 3 0 2 6 16 
9 0 6 0 0 0 3 7 14 24 
6 0 0 0 0 7 1 7 
8 0 7 0 0 0 1 17 
7 0 0 7 0 0 3 9 15 26 
9 0 0 5 0 0 3 8 10 12 
10 1 0 0 0 0 2 25 28 
8 1 0 0 0 0 1 12 
4 1 0 0 0 0 3 17 20 29 
8 0 0 0 3 0 2 13 23 
9 0 0 0 10 0 1 19 
8 0 0 0 0 10 1 18 
3 0 7 0 0 0 1 17 
4 0 0 0 0 1 3 20 21 22 
1 0 0 0 0 9 1 30 
8 1 0 0 0 0 1 18 
1 0 0 8 0 0 1 21 
10 0 3 0 0 0 1 29 
9 1 0 0 0 0 1 30 
6 0 0 0 8 0 1 27 
3 0 0 0 9 0 1 30 
9 0 0 0 0 8 1 27 
4 0 0 0 0 9 1 27 
8 0 0 0 2 0 1 29 
1 1 0 0 0 0 1 28 
2 0 0 5 0 0 1 28 
4 0 0 1 0 0 1 31 
5 0 0 0 0 7 1 31 
8 0 10 0 0 0 1 31 
1 0 0 0 0 0 0 
1 0 0 0 0 0 3 33 34 35 
7 0 3 10 4 4 3 36 46 52 
10 0 5 8 9 8 3 38 39 45 
2 0 4 4 3 9 3 42 45 55 
6 0 7 5 9 10 3 37 40 41 
8 0 4 7 3 4 3 39 44 61 
1 0 2 6 9 7 3 44 46 52 
8 1 0 0 0 0 2 47 49 
1 0 10 4 8 3 3 42 47 51 
7 0 10 10 3 1 3 43 49 50 
4 0 4 1 4 5 3 48 54 57 
6 1 0 0 0 0 3 44 45 53 
4 0 7 7 8 10 2 47 62 
9 0 7 9 8 8 3 54 58 60 
10 0 8 1 3 9 3 49 50 51 
1 1 0 0 0 0 1 48 
7 0 10 2 8 5 1 60 
8 0 6 3 3 8 3 55 56 57 
6 1 0 0 0 0 3 53 58 59 
2 1 0 0 0 0 2 56 59 
5 0 6 5 9 1 3 53 54 58 
6 1 0 0 0 0 3 55 56 57 
2 0 2 10 8 4 1 59 
2 0 10 10 7 7 1 60 
6 0 6 7 9 5 1 62 
9 0 8 6 4 7 1 62 
4 0 7 5 7 7 1 61 
10 0 2 10 9 4 1 61 
3 0 7 9 6 6 1 63 
5 0 10 4 6 4 1 63 
8 0 9 4 4 9 1 63 
1 0 0 0 0 0 0 
1 0 0 0 0 0 3 65 66 67 
6 0 10 10 4 0 2 86 92 
6 0 9 3 0 0 3 73 76 89 
9 0 1 0 2 2 3 68 69 70 
1 0 1 0 8 6 3 81 83 87 
5 0 0 9 5 4 3 74 77 86 
10 0 0 9 6 0 3 71 72 80 
2 1 0 0 0 0 2 75 83 
6 0 2 0 4 10 1 79 
7 0 3 5 0 2 3 75 78 80 
1 0 0 4 8 0 1 78 
6 1 0 0 0 0 1 84 
1 0 8 3 5 5 1 85 
10 0 0 3 9 9 2 82 90 
8 1 0 0 0 0 2 82 83 
5 0 0 9 10 0 2 84 88 
7 1 0 0 0 0 2 84 90 
9 0 7 6 7 0 1 82 
5 1 0 0 0 0 3 85 91 94 
10 0 2 3 4 7 2 91 93 
3 0 0 8 0 3 3 85 86 91 
5 0 1 1 5 3 1 93 
2 0 7 6 7 8 1 94 
4 0 0 8 5 8 1 89 
8 0 0 4 6 4 3 89 90 93 
2 0 1 0 7 3 1 94 
2 0 6 0 7 4 1 92 
6 0 10 8 10 1 1 92 
2 0 0 7 4 3 1 95 
10 0 6 8 1 6 1 95 
9 0 0 4 0 2 1 95 
1 0 0 0 0 0 0 
1 0 0 0 0 0 3 97 98 99 
3 0 8 0 0 9 3 102 103 106 
7 0 3 0 1 9 3 100 104 115 
6 0 10 7 6 9 3 108 110 111 
4 0 7 6 8 10 3 101 108 109 
6 0 10 4 7 0 2 107 117 
7 0 6 6 0 9 1 118 
9 0 0 8 3 7 2 105 120 
9 0 2 2 10 4 2 108 109 
3 0 1 9 3 8 3 114 116 126 
7 0 5 7 9 6 2 113 119 
8 0 0 0 2 10 1 112 
1 0 1 10 10 4 3 114 116 118 
5 0 1 7 4 1 2 118 119 
5 0 10 1 0 6 3 112 117 125 
5 0 5 6 7 6 2 114 123 
10 1 0 0 0 0 1 113 
5 1 0 0 0 0 1 120 
1 1 0 0 0 0 1 124 
10 0 0 5 0 1 3 122 123 125 
2 0 4 0 6 8 3 117 122 125 
7 0 3 4 0 0 1 124 
8 0 5 5 9 0 1 121 
4 0 10 3 9 0 1 126 
4 0 1 5 0 10 2 121 122 
9 0 0 8 0 4 1 123 
8 0 9 4 0 0 1 124 
5 0 1 6 0 3 1 126 
10 0 0 3 0 2 1 127 
4 1 0 0 0 0 1 127 
1 0 5 6 6 0 1 127 
1 0 0 0 0 0 0 
1 0 0 0 0 0 3 129 130 131 
8 0 10 9 4 7 3 135 148 156 
8 0 9 5 9 9 3 132 133 147 
5 0 8 10 8 1 3 135 136 145 
2 0 8 5 3 10 1 134 
6 0 10 2 8 6 2 140 141 
10 0 7 1 9 5 2 137 143 
8 1 0 0 0 0 3 139 152 153 
6 0 10 3 8 7 1 138 
5 0 2 5 10 5 3 139 142 144 
3 0 2 10 6 7 2 146 151 
6 0 6 2 2 7 1 155 
7 0 9 2 3 3 3 142 146 154 
3 0 5 6 3 4 3 142 151 154 
10 1 0 0 0 0 2 148 155 
10 1 0 0 0 0 2 146 150 
10 1 0 0 0 0 1 149 
3 1 0 0 0 0 2 147 151 
1 1 0 0 0 0 1 148 
5 0 2 2 9 2 2 150 158 
9 0 1 1 1 3 3 152 153 158 
7 0 9 5 7 8 3 150 154 156 
2 0 8 2 2 1 1 157 
5 0 2 2 5 5 1 156 
7 0 7 10 3 10 1 157 
8 0 1 10 7 4 1 157 
9 0 9 10 7 7 1 155 
8 0 3 6 7 10 1 158 
9 0 6 9 10 2 1 159 
1 0 5 9 7 3 1 159 
6 0 2 8 6 10 1 159 
1 0 0 0 0 0 0 
100.07 100.19 101.28 100.05 98.59 105.06 143.27 177.22 195.13 151.52 128.07 109.03 102.26 103.22 107 129.08 141.43 160.36 173.38 163.48 141.65 122.45 114.56 92.76 101.33 97.21 94.54 89.46 93.57 97.62 118.08 140.55 141.89 136.35 128.37 125 118.99 112.54 114.76 134.84 137.68 142.71 151.7 153.81 133.45 119.31 114.1 102.78 99.07 94.56 89.49 86.19 87.32 95.33 124.14 150.33 152.87 141.18 129.93 124.91 117.68 115.57 123.44 138.54 145.27 151.88 155.18 158.75 139.46 126.42 120.06 112.8 90 90.53 88.37 87.56 90.22 100 122.55 138.17 146.71 149 146.37 140 131.11 120.09 119.6 122.12 131.83 142.61 151.57 149.41 135.13 120.7 117.06 104.85 104.56 97.15 93.8 92.63 95.05 102.11 127.46 146.07 154.8 152.7 143.81 135.65 121.95 114.48 108.56 114.95 129.88 134.01 143.76 143.63 125.4 102.7 97.69 93.7 84.6 68.61 64.59 55 59.98 67.76 66.19 93.53 98.43 97.56 87.01 69.75 68 65.56 70.74 84.31 110.04 137.55 147.32 124.41 102.3 92.22 81.8 51.81 35.26 22.31 7.94 7.03 6.56 6.68 6.91 19.41 16.35 7.75 7.47 6.89 6.93 5.82 7.45 14.08 36.22 70.79 77.53 78.46 77.4 65.74 57.52 53.53 100.07 100.19 101.28 100.05 98.59 105.06 143.27 177.22 195.13 151.52 128.07 109.03 102.26 103.22 107 129.08 141.43 160.36 173.38 163.48 141.65 122.45 114.56 92.76 101.33 97.21 94.54 89.46 93.57 97.62 118.08 140.55 141.89 136.35 128.37 125 118.99 112.54 114.76 134.84 137.68 142.71 151.7 153.81 133.45 119.31 114.1 102.78 99.07 94.56 89.49 86.19 87.32 95.33 124.14 150.33 152.87 141.18 129.93 124.91 117.68 115.57 123.44 138.54 145.27 151.88 155.18 158.75 139.46 126.42 120.06 112.8 90 90.53 88.37 87.56 90.22 100 122.55 138.17 146.71 149 146.37 140 131.11 120.09 119.6 122.12 131.83 142.61 151.57 149.41 135.13 120.7 117.06 104.85 104.56 97.15 93.8 92.63 95.05 102.11 127.46 146.07 154.8 152.7 143.81 135.65 121.95 114.48 108.56 114.95 129.88 134.01 143.76 143.63 125.4 102.7 97.69 93.7 84.6 68.61 64.59 55 59.98 67.76 66.19 93.53 98.43 97.56 87.01 69.75 68 65.56 70.74 84.31 110.04 137.55 147.32 124.41 102.3 92.22 81.8 51.81 35.26 22.31 7.94 7.03 6.56 6.68 6.91 19.41 16.35 7.75 7.47 6.89 6.93 5.82 7.45 14.08 36.22 70.79 77.53 78.46 77.4 65.74 57.52 53.53 100.07 100.19 
