160 5
1 21 16 16 22 
1 0 0 0 0 0 3 1 2 3 
10 0 0 7 0 0 3 6 16 18 
6 0 10 0 4 0 2 8 11 
10 0 9 2 2 0 3 4 5 10 
8 0 4 0 5 0 3 17 23 27 
6 0 2 0 3 4 1 7 
4 0 2 6 8 0 2 9 12 
5 1 0 0 0 0 3 14 19 22 
5 0 0 10 0 3 2 13 30 
9 1 0 0 0 0 1 28 
9 0 8 0 6 0 1 23 
10 0 0 3 0 0 2 18 21 
9 0 0 9 0 0 2 24 26 
9 1 0 0 0 0 2 15 20 
5 0 8 0 6 9 1 26 
9 0 6 0 5 10 1 25 
9 0 7 0 2 3 1 25 
5 0 9 0 0 1 1 29 
4 0 0 2 0 1 2 20 22 
7 0 2 4 1 0 1 23 
4 1 0 0 0 0 1 28 
5 0 0 0 0 3 1 28 
6 0 0 2 0 0 1 27 
5 0 0 0 10 5 1 25 
8 0 2 9 3 0 1 29 
2 0 5 1 3 0 1 29 
7 0 2 0 0 8 1 30 
4 0 0 5 0 0 1 30 
5 0 5 0 0 0 1 31 
8 0 8 10 6 0 1 31 
7 0 0 0 4 5 1 31 
1 0 0 0 0 0 0 
1 0 0 0 0 0 3 33 34 35 
6 0 0 0 8 0 3 38 51 56 
6 0 8 0 0 0 3 36 52 57 
9 0 8 0 0 0 3 39 40 41 
7 0 0 0 0 5 3 37 58 60 
3 0 9 0 0 0 2 48 53 
2 0 0 0 0 2 2 54 55 
10 0 0 7 0 0 1 42 
4 0 0 0 1 0 2 43 51 
2 0 8 0 0 0 2 53 59 
8 0 0 0 0 6 3 44 46 47 
7 0 0 0 0 10 3 48 50 62 
8 1 0 0 0 0 3 45 54 62 
8 1 0 0 0 0 1 50 
1 0 0 0 0 9 1 49 
10 1 0 0 0 0 3 49 50 56 
9 0 3 0 0 0 1 61 
3 1 0 0 0 0 2 51 55 
8 0 0 0 0 10 2 53 60 
3 1 0 0 0 0 1 54 
7 0 0 0 0 6 2 56 59 
7 0 0 10 0 0 1 61 
9 0 0 0 0 6 2 57 61 
2 1 0 0 0 0 2 57 58 
1 0 0 9 0 0 1 58 
4 0 3 0 0 0 1 59 
6 0 0 0 0 2 1 62 
7 0 0 0 0 2 1 60 
7 0 0 6 0 0 1 63 
8 0 3 0 0 0 1 63 
1 0 0 0 5 0 1 63 
1 0 0 0 0 0 0 
1 0 0 0 0 0 3 65 66 67 
4 0 6 9 9 5 1 76 
6 0 5 6 2 3 3 71 84 90 
1 0 2 3 3 2 2 68 72 
9 0 2 10 4 5 3 69 84 89 
1 0 4 9 4 8 3 70 73 78 
9 0 10 9 3 3 2 76 79 
2 0 2 4 4 5 1 72 
4 0 5 4 4 6 2 77 85 
2 0 8 7 10 7 2 74 76 
2 0 9 7 1 9 2 75 80 
4 0 4 2 10 1 3 77 81 90 
7 1 0 0 0 0 2 82 85 
9 1 0 0 0 0 3 79 83 87 
2 0 7 9 4 6 2 85 86 
2 0 5 6 5 8 1 88 
3 1 0 0 0 0 3 81 82 86 
7 1 0 0 0 0 2 83 87 
3 0 4 7 6 3 1 90 
8 0 9 4 2 10 1 88 
7 1 0 0 0 0 1 93 
5 0 9 3 9 3 2 91 92 
2 1 0 0 0 0 2 88 93 
4 0 5 2 8 3 2 93 94 
9 0 5 8 9 3 1 94 
7 0 5 5 10 1 2 91 92 
2 0 9 5 10 1 2 91 92 
2 0 9 5 5 4 1 94 
2 0 6 6 9 7 1 95 
3 0 4 5 7 4 1 95 
6 0 1 7 9 10 1 95 
1 0 0 0 0 0 0 
1 0 0 0 0 0 3 97 98 99 
3 0 9 0 0 0 3 101 103 109 
1 0 0 0 0 10 2 102 116 
7 0 0 0 0 7 3 100 101 104 
1 0 0 0 0 2 3 110 113 123 
9 0 0 0 0 2 3 102 105 115 
9 0 0 0 0 1 3 108 110 112 
6 0 5 0 0 0 3 107 108 111 
5 0 0 6 0 0 2 106 110 
8 0 9 0 0 0 3 106 108 116 
10 1 0 0 0 0 3 112 113 117 
9 0 4 0 0 0 3 113 115 116 
1 1 0 0 0 0 2 117 120 
10 0 5 0 0 0 3 111 117 120 
5 0 5 0 0 0 3 114 118 119 
10 0 0 5 0 0 3 118 122 126 
10 0 0 0 0 7 3 114 123 125 
5 1 0 0 0 0 1 126 
8 0 0 0 8 0 2 121 124 
8 0 7 0 0 0 3 119 121 122 
2 1 0 0 0 0 3 119 120 121 
1 1 0 0 0 0 1 118 
8 0 0 0 0 10 1 125 
7 0 0 0 0 10 1 125 
2 1 0 0 0 0 2 122 123 
7 0 1 0 0 0 1 126 
6 0 6 0 0 0 1 124 
8 0 0 0 3 0 1 124 
2 0 0 0 2 0 1 127 
2 0 0 6 0 0 1 127 
4 0 0 0 0 2 1 127 
1 0 0 0 0 0 0 
1 0 0 0 0 0 3 129 130 131 
10 0 0 0 0 9 3 135 138 149 
3 0 10 8 10 6 3 132 136 137 
4 0 0 0 0 1 3 133 139 147 
9 0 7 6 0 0 3 134 140 146 
6 0 0 7 9 0 3 137 138 142 
4 1 0 0 0 0 3 141 148 158 
7 0 10 3 0 0 3 137 139 145 
2 0 5 8 0 5 3 142 147 153 
2 1 0 0 0 0 3 143 148 154 
4 0 6 2 7 0 3 146 151 152 
9 0 0 6 1 8 3 143 144 151 
7 0 5 0 0 0 3 142 143 145 
2 0 4 5 0 0 3 144 149 151 
3 1 0 0 0 0 3 144 155 157 
1 0 0 0 5 4 2 150 158 
1 1 0 0 0 0 1 156 
6 1 0 0 0 0 2 150 152 
6 0 6 7 0 10 3 148 150 154 
1 1 0 0 0 0 3 149 152 156 
2 1 0 0 0 0 1 153 
3 1 0 0 0 0 1 157 
8 1 0 0 0 0 1 153 
2 1 0 0 0 0 1 154 
3 0 0 7 0 5 1 158 
9 0 0 0 0 9 1 155 
5 1 0 0 0 0 2 155 157 
10 0 0 7 0 9 1 156 
9 0 3 0 0 0 1 159 
10 0 0 0 0 4 1 159 
5 0 4 0 9 0 1 159 
1 0 0 0 0 0 0 
128.31 114.41 105.65 89.64 94.02 124.68 165.02 232.37 262.49 202.23 132.79 122.81 106.34 125.69 131.6 152.22 184.31 234.95 277.19 266.48 249.49 198.62 163.35 145.29 141.64 135.71 140.35 139.95 150.54 154.85 207.72 272.55 286.73 245.8 202.56 180.56 167.39 153.92 154.82 170.24 203.98 230.8 264.24 276.12 225 176.92 163.24 154.14 134.34 125.18 121.42 125.18 133.39 148.76 169.93 239.81 247.74 211.59 182.47 172.73 152.41 146.73 142.91 156.26 169.84 197.44 240.55 235.33 192.01 156.27 152.72 135.47 128.37 116.03 86.78 100.93 104.96 136.26 190.82 210 214.91 167.65 169.83 157.98 156.43 147.67 146.5 168.9 178.33 229.84 227.48 237.83 199.98 174.74 166.27 149.33 132.61 118.62 113.36 111.01 114.08 133.24 170.18 232.38 239.46 221.29 186.24 179.28 174.91 166.59 178.22 188.38 216.65 220.38 229.9 230.94 200.91 178.38 164.21 144.39 146.16 134.74 128.69 132.08 131.99 134.19 134.17 145.61 154.53 156.7 156.39 150.16 144.52 137.01 130.58 130.32 142.89 167.82 181.99 184.37 168.33 143 137.01 132.42 110.66 99.15 93.54 90 91.73 88.56 102.81 109.56 121.19 114.81 96 93.29 83.77 76.17 78.31 88.64 102.37 120.76 132.61 134.88 120.47 107.49 100.97 86.11 128.31 114.41 105.65 89.64 94.02 124.68 165.02 232.37 262.49 202.23 132.79 122.81 106.34 125.69 131.6 152.22 184.31 234.95 277.19 266.48 249.49 198.62 163.35 145.29 141.64 135.71 140.35 139.95 150.54 154.85 207.72 272.55 286.73 245.8 202.56 180.56 167.39 153.92 154.82 170.24 203.98 230.8 264.24 276.12 225 176.92 163.24 154.14 134.34 125.18 121.42 125.18 133.39 148.76 169.93 239.81 247.74 211.59 182.47 172.73 152.41 146.73 142.91 156.26 169.84 197.44 240.55 235.33 192.01 156.27 152.72 135.47 128.37 116.03 86.78 100.93 104.96 136.26 190.82 210 214.91 167.65 169.83 157.98 156.43 147.67 146.5 168.9 178.33 229.84 227.48 237.83 199.98 174.74 166.27 149.33 132.61 118.62 113.36 111.01 114.08 133.24 170.18 232.38 239.46 221.29 186.24 179.28 174.91 166.59 178.22 188.38 216.65 220.38 229.9 230.94 200.91 178.38 164.21 144.39 146.16 134.74 128.69 132.08 131.99 134.19 134.17 145.61 154.53 156.7 156.39 150.16 144.52 137.01 130.58 130.32 142.89 167.82 181.99 184.37 168.33 143 137.01 132.42 110.66 99.15 93.54 90 91.73 88.56 102.81 109.56 121.19 114.81 96 93.29 83.77 76.17 78.31 88.64 102.37 120.76 132.61 134.88 120.47 107.49 100.97 86.11 128.31 114.41 
