160 5
1 37 33 46 32 
1 0 0 0 0 0 3 1 2 3 
9 0 9 9 9 0 3 4 6 8 
1 0 9 10 0 2 3 7 9 11 
5 0 1 8 2 10 3 4 5 6 
2 0 6 0 7 9 3 11 16 26 
8 0 7 1 2 10 3 11 23 27 
10 0 0 10 8 6 3 9 15 25 
9 0 0 0 9 5 3 12 13 17 
8 0 2 5 10 0 3 9 14 24 
8 1 0 0 0 0 2 10 18 
9 1 0 0 0 0 2 20 21 
7 0 9 8 0 4 2 19 22 
2 0 0 10 9 2 3 15 20 23 
8 0 3 0 10 5 3 16 24 25 
9 0 5 0 5 9 3 16 17 18 
8 0 8 8 5 1 3 18 21 22 
3 1 0 0 0 0 2 19 29 
8 0 4 9 4 0 3 19 21 22 
7 1 0 0 0 0 2 27 30 
4 0 1 5 2 9 1 20 
6 0 2 3 4 0 1 30 
5 0 7 10 6 10 2 27 29 
8 0 0 8 0 4 1 30 
6 0 10 10 0 2 2 24 25 
4 0 8 0 8 2 2 26 28 
1 1 0 0 0 0 2 26 28 
10 1 0 0 0 0 1 29 
7 0 3 10 5 0 1 28 
7 0 8 0 7 4 1 31 
7 0 8 8 10 5 1 31 
9 0 2 3 6 0 1 31 
1 0 0 0 0 0 0 
1 0 0 0 0 0 3 33 34 35 
3 0 4 0 2 10 3 38 41 42 
4 0 0 6 2 9 3 36 37 39 
6 0 8 0 5 1 1 44 
5 0 0 4 0 7 1 47 
6 0 8 7 3 2 1 46 
7 0 1 5 0 1 3 40 48 51 
3 0 2 7 4 1 2 52 53 
10 0 2 4 0 4 2 45 57 
4 0 9 6 6 4 1 43 
7 0 1 6 0 2 3 49 54 56 
7 0 7 5 7 10 1 46 
1 0 9 0 8 8 1 47 
10 0 0 1 1 0 2 53 61 
8 0 4 0 0 1 2 50 58 
6 1 0 0 0 0 1 55 
1 0 0 0 5 8 1 57 
1 1 0 0 0 0 2 52 55 
3 1 0 0 0 0 3 56 59 62 
9 1 0 0 0 0 1 56 
1 1 0 0 0 0 1 62 
1 0 0 10 0 6 1 60 
3 0 7 10 9 6 1 55 
6 0 1 5 4 6 1 61 
7 0 10 0 4 6 1 57 
2 0 8 9 4 2 1 60 
7 0 9 5 0 0 1 59 
8 0 1 5 4 6 1 60 
1 0 9 6 3 2 1 63 
6 0 0 3 9 0 1 63 
9 0 4 10 5 6 1 63 
1 0 0 0 0 0 0 
1 0 0 0 0 0 3 65 66 67 
1 0 2 9 9 4 3 68 70 77 
10 0 2 10 0 2 3 78 79 80 
6 0 7 3 0 0 1 71 
1 0 3 7 5 1 1 69 
3 1 0 0 0 0 2 82 83 
9 0 6 1 0 0 3 72 74 76 
2 1 0 0 0 0 1 82 
10 0 0 7 0 6 1 73 
2 0 8 2 0 0 1 75 
5 0 4 0 9 0 2 84 86 
4 1 0 0 0 0 1 87 
8 0 0 6 10 9 2 85 88 
3 0 4 1 0 6 1 92 
6 0 1 7 0 5 1 91 
5 0 1 5 9 4 1 94 
3 0 5 0 5 0 3 81 82 87 
1 0 2 4 4 10 2 84 86 
7 0 5 8 2 2 1 94 
8 1 0 0 0 0 1 90 
2 0 2 2 7 0 2 85 89 
8 1 0 0 0 0 1 91 
8 0 9 3 5 0 2 92 94 
2 0 8 10 9 3 1 92 
7 1 0 0 0 0 1 89 
8 0 3 0 1 4 2 90 91 
10 0 1 0 9 3 1 93 
1 0 0 7 5 1 1 93 
1 0 4 9 2 5 1 95 
4 0 5 1 7 0 1 95 
1 0 10 0 1 1 1 95 
1 0 0 0 0 0 0 
1 0 0 0 0 0 3 97 98 99 
7 0 3 2 0 6 1 103 
1 0 0 0 7 5 3 100 101 102 
7 0 0 0 4 0 2 104 117 
7 0 0 0 2 10 1 103 
4 0 9 2 10 0 3 106 116 120 
10 0 5 10 7 2 2 105 108 
7 0 0 0 8 0 2 111 112 
9 0 10 0 0 4 1 124 
8 1 0 0 0 0 3 107 112 113 
9 0 7 0 0 0 3 110 115 117 
1 1 0 0 0 0 1 109 
3 1 0 0 0 0 1 121 
3 0 0 10 0 5 2 118 126 
10 0 4 0 0 5 1 121 
6 1 0 0 0 0 1 114 
7 0 8 9 0 10 1 125 
8 0 9 5 0 0 3 119 122 123 
7 0 6 5 0 10 1 119 
9 1 0 0 0 0 1 122 
9 0 0 2 0 0 2 117 126 
10 0 0 0 0 10 1 124 
2 0 7 0 7 0 1 121 
1 0 0 0 8 0 1 125 
4 1 0 0 0 0 1 123 
1 0 9 0 0 9 1 125 
3 0 6 7 0 0 1 126 
1 0 3 10 5 0 1 124 
4 0 7 0 7 6 1 127 
7 0 7 6 2 0 1 127 
4 0 0 4 3 0 1 127 
1 0 0 0 0 0 0 
1 0 0 0 0 0 3 129 130 131 
6 0 0 0 2 0 3 133 139 145 
9 0 9 0 0 0 2 150 153 
5 0 0 0 2 0 3 132 137 157 
7 0 0 0 0 6 3 134 146 148 
5 0 0 3 0 0 3 135 136 141 
9 0 0 6 0 0 2 142 145 
9 0 0 0 0 9 2 138 149 
9 0 0 0 0 6 1 140 
1 0 4 0 0 0 1 150 
1 1 0 0 0 0 1 143 
6 0 0 3 0 0 2 144 154 
5 0 0 9 0 0 1 143 
3 0 0 8 0 0 2 144 155 
3 1 0 0 0 0 1 155 
2 0 0 7 0 0 2 152 156 
5 1 0 0 0 0 1 151 
4 0 0 0 0 8 1 150 
8 0 0 0 0 1 1 147 
8 0 0 0 10 0 1 151 
2 0 0 3 0 0 1 153 
2 1 0 0 0 0 1 157 
3 0 0 0 3 0 2 154 155 
6 0 0 0 0 4 1 158 
9 0 0 0 9 0 1 158 
4 1 0 0 0 0 1 156 
2 0 0 2 0 0 1 156 
2 0 2 0 0 0 1 158 
3 0 2 0 0 0 1 159 
2 1 0 0 0 0 1 159 
3 0 0 0 9 0 1 159 
1 0 0 0 0 0 0 
78.95 88.44 92.2 89.62 103.19 136.01 175.01 177.06 177.07 187.58 177.06 177.06 177.07 175.08 177.63 204.09 199.85 249.99 254.37 237.28 220 215.94 209.16 180 188.94 192.68 180.09 188.09 193.99 205.07 229.1 273.71 294.4 290.64 275.4 265.1 250 244.27 243.02 249.22 260 278 276.39 255.03 237.28 224.19 190.78 175.49 169.01 163.48 162.93 160.01 163.16 169.01 210 227.42 261.65 252.67 221.75 193.62 170.14 180.03 181.38 235.31 250 260 234.37 227.93 174.07 120.9 118.08 97.16 99.86 104.61 99.86 84.8 84.51 149.02 174.53 230.1 219.95 130.27 174 165.02 165.03 165.07 174.02 219.91 229.1 234.96 211.74 180 152.33 137.91 131.76 121.39 119.19 117.87 110.92 113.14 119.15 120.73 148.76 207.59 223.15 215.79 206.51 206.43 190 170.08 169.29 190 181.24 195.19 165.05 145.81 139.73 132.25 133.59 120.01 123.58 120.3 119.99 121.8 123.57 123.68 120 148.35 186 207.46 211.25 209.66 200.83 188.54 185.88 196.5 197.25 222.31 230.82 214.32 207.14 190.33 193.52 175.07 171.69 183.01 185.22 179.73 179.04 179.49 168.23 172.45 184.93 195.31 195.34 195.87 195.41 186.29 184.49 190 194 214.95 239.49 242.97 224.96 204.84 201 179.97 78.95 88.44 92.2 89.62 103.19 136.01 175.01 177.06 177.07 187.58 177.06 177.06 177.07 175.08 177.63 204.09 199.85 249.99 254.37 237.28 220 215.94 209.16 180 188.94 192.68 180.09 188.09 193.99 205.07 229.1 273.71 294.4 290.64 275.4 265.1 250 244.27 243.02 249.22 260 278 276.39 255.03 237.28 224.19 190.78 175.49 169.01 163.48 162.93 160.01 163.16 169.01 210 227.42 261.65 252.67 221.75 193.62 170.14 180.03 181.38 235.31 250 260 234.37 227.93 174.07 120.9 118.08 97.16 99.86 104.61 99.86 84.8 84.51 149.02 174.53 230.1 219.95 130.27 174 165.02 165.03 165.07 174.02 219.91 229.1 234.96 211.74 180 152.33 137.91 131.76 121.39 119.19 117.87 110.92 113.14 119.15 120.73 148.76 207.59 223.15 215.79 206.51 206.43 190 170.08 169.29 190 181.24 195.19 165.05 145.81 
