160 5
1 31 38 39 44 
1 0 0 0 0 0 3 1 2 3 
8 0 6 0 0 0 3 6 18 25 
7 0 10 0 4 6 3 4 8 26 
3 0 8 0 0 8 2 9 16 
7 0 0 10 5 3 3 5 7 22 
3 1 0 0 0 0 2 17 19 
9 0 0 0 0 4 1 20 
3 0 0 0 0 3 1 11 
9 0 0 6 0 0 1 12 
4 0 0 10 8 10 3 10 13 15 
3 0 7 0 0 8 2 21 25 
9 1 0 0 0 0 1 23 
4 1 0 0 0 0 1 14 
10 0 5 9 0 5 2 20 23 
7 1 0 0 0 0 1 23 
2 1 0 0 0 0 1 29 
8 0 10 0 1 7 1 28 
6 0 7 0 0 0 2 21 27 
1 0 2 5 10 0 1 20 
9 1 0 0 0 0 2 29 30 
2 1 0 0 0 0 1 21 
6 0 0 8 5 8 2 24 28 
3 1 0 0 0 0 1 27 
4 0 0 6 0 0 1 24 
10 0 0 0 0 5 1 30 
7 0 6 0 8 0 1 30 
1 0 8 0 3 4 1 29 
1 1 0 0 0 0 1 28 
9 0 0 0 6 0 1 31 
4 0 10 10 0 4 1 31 
1 0 0 0 0 7 1 31 
1 0 0 0 0 0 0 
1 0 0 0 0 0 3 33 34 35 
10 0 2 10 7 2 3 36 38 56 
9 0 10 10 8 8 2 41 43 
3 0 3 7 5 7 3 38 39 45 
5 0 1 1 6 5 1 37 
10 0 10 5 6 7 3 40 44 55 
4 1 0 0 0 0 3 46 47 62 
9 0 1 9 5 8 1 50 
3 1 0 0 0 0 2 42 53 
6 0 8 10 3 9 1 57 
2 0 8 9 2 7 2 47 52 
3 0 7 3 8 9 1 48 
2 1 0 0 0 0 2 49 58 
6 0 4 1 6 9 1 54 
8 0 8 7 3 8 1 53 
2 0 9 5 7 2 2 50 60 
5 0 3 5 3 3 1 51 
7 1 0 0 0 0 2 50 54 
4 0 6 9 2 2 1 61 
9 0 1 8 3 10 1 60 
6 0 3 9 3 5 1 61 
5 0 4 4 8 1 1 58 
7 0 8 6 9 6 1 59 
2 1 0 0 0 0 1 57 
8 0 9 7 9 8 1 60 
10 0 5 2 7 3 2 58 59 
2 0 8 4 2 9 1 61 
7 0 7 4 8 5 1 62 
8 0 1 7 7 2 1 63 
5 0 2 1 5 8 1 63 
10 0 5 5 7 3 1 63 
1 0 0 0 0 0 0 
1 0 0 0 0 0 3 65 66 67 
9 0 10 6 9 4 3 68 74 86 
6 0 8 8 2 5 3 81 82 88 
10 0 1 1 3 4 3 69 70 76 
3 0 3 9 8 8 3 71 73 88 
1 0 7 3 9 9 2 83 89 
9 0 6 2 8 6 3 72 73 77 
6 0 2 8 8 8 1 80 
5 0 1 9 7 10 2 82 85 
2 1 0 0 0 0 3 89 91 93 
6 0 2 2 6 1 2 75 76 
1 0 10 3 2 10 1 92 
3 0 10 10 8 6 2 78 83 
9 0 5 10 9 6 3 79 81 88 
1 1 0 0 0 0 2 80 84 
2 0 8 6 4 10 2 85 87 
10 1 0 0 0 0 1 81 
4 1 0 0 0 0 2 87 93 
6 1 0 0 0 0 1 93 
4 1 0 0 0 0 1 91 
7 1 0 0 0 0 2 87 90 
2 1 0 0 0 0 3 86 90 94 
8 0 8 8 1 1 1 91 
10 0 9 4 9 9 1 94 
6 1 0 0 0 0 2 89 90 
2 0 7 4 9 4 1 94 
9 0 2 1 4 2 1 92 
10 0 6 8 1 4 1 92 
4 0 5 7 3 10 1 95 
9 0 5 6 6 4 1 95 
5 0 3 4 2 3 1 95 
1 0 0 0 0 0 0 
1 0 0 0 0 0 3 97 98 99 
10 0 8 1 10 6 1 122 
9 0 4 6 2 9 2 104 105 
5 0 2 4 10 10 3 100 102 103 
1 0 4 1 5 3 3 101 110 118 
1 0 4 1 3 9 2 109 125 
9 0 9 7 2 4 2 106 107 
5 0 6 5 1 8 1 113 
9 1 0 0 0 0 1 114 
4 0 9 2 9 5 2 108 115 
8 0 10 10 2 9 3 109 117 120 
7 0 9 6 10 3 3 109 111 119 
2 0 8 2 4 4 1 121 
3 0 4 9 6 6 1 116 
1 0 8 7 2 2 2 114 125 
8 1 0 0 0 0 1 112 
9 0 8 9 2 10 1 122 
8 0 7 3 1 4 2 122 123 
4 0 4 10 5 2 1 126 
5 1 0 0 0 0 1 119 
2 0 1 10 1 6 1 121 
10 0 10 2 6 2 1 121 
2 0 2 8 1 3 1 124 
4 0 3 3 2 3 1 125 
1 1 0 0 0 0 1 126 
6 0 10 1 7 5 2 123 124 
2 0 9 6 5 5 1 124 
4 0 3 1 5 8 1 126 
1 0 6 6 10 4 1 127 
2 0 7 10 7 3 1 127 
2 0 5 4 5 7 1 127 
1 0 0 0 0 0 0 
1 0 0 0 0 0 3 129 130 131 
8 0 0 7 3 0 3 145 147 152 
5 0 6 9 7 0 3 132 134 154 
9 0 7 10 2 0 3 134 140 158 
8 0 10 0 0 7 2 133 136 
2 0 10 4 6 6 3 135 138 139 
4 0 3 3 3 3 1 155 
1 0 4 5 4 8 1 137 
4 0 1 0 8 0 2 146 148 
6 0 10 8 0 4 3 140 141 143 
8 1 0 0 0 0 3 143 144 153 
1 0 8 0 1 4 1 142 
8 1 0 0 0 0 3 145 146 148 
1 1 0 0 0 0 2 146 155 
10 0 7 1 6 8 3 143 144 151 
4 0 0 9 1 4 2 145 156 
7 0 7 3 0 0 3 147 157 158 
3 0 6 8 3 8 1 157 
7 1 0 0 0 0 2 147 150 
4 0 7 5 1 4 1 156 
8 0 9 7 3 2 2 149 150 
1 1 0 0 0 0 2 151 155 
5 0 1 5 0 0 1 151 
9 0 0 4 6 3 1 152 
5 0 2 3 0 8 1 153 
2 0 8 2 10 7 1 156 
3 0 0 0 6 0 1 158 
2 1 0 0 0 0 1 157 
5 0 6 3 9 0 1 159 
10 0 7 2 0 1 1 159 
1 0 0 5 0 3 1 159 
1 0 0 0 0 0 0 
131.05 136.01 136.04 131.08 131.07 182.72 225 250 228.43 192.91 189.93 188.95 145.04 184.25 190.05 193.98 217.26 210.06 197.13 167.3 189.92 126.86 123.05 110.94 112.68 125 112.3 118.28 126.86 156.66 204.2 245 262.88 240 220.43 213.5 212.05 208.97 212.41 215.13 221.19 225 174.29 138 199 125.01 116.03 110.01 138.36 139.97 139.94 139.94 140 140.01 201.94 203.99 203.98 174.52 170 191 195 191 180 193.99 195 195 118.61 117.99 102.9 95.01 95.01 74.12 60.01 44 41.91 44.61 15.04 134.94 182.07 188.9 192.93 192.69 150.84 110.39 106.59 114.31 112.08 133.08 140.01 175.98 150.07 138.18 104.68 97.45 86.3 63.04 71.45 62.57 74.76 84.92 95.19 119.09 140.99 185.05 189.28 173.24 150 130.99 123.17 106.81 99.89 106.53 117.61 124.75 130.9 140.49 115.87 109.75 115.66 92.46 73.73 60.01 63.11 94.92 85 75.01 95 89.91 92.43 94.8 113.07 115 112 89.98 94.52 89.97 112 125.02 145.57 125 120.14 110.26 112.77 100.93 104.38 99.9 98.71 92.01 88.53 87.17 80 80.08 88.28 95.06 98.22 95.09 88.36 80 75.05 95.51 97.49 108.74 132.2 139.06 107.79 95.72 88.09 69.63 131.05 136.01 136.04 131.08 131.07 182.72 225 250 228.43 192.91 189.93 188.95 145.04 184.25 190.05 193.98 217.26 210.06 197.13 167.3 189.92 126.86 123.05 110.94 112.68 125 112.3 118.28 126.86 156.66 204.2 245 262.88 240 220.43 213.5 212.05 208.97 212.41 215.13 221.19 225 174.29 138 199 125.01 116.03 110.01 138.36 139.97 139.94 139.94 140 140.01 201.94 203.99 203.98 174.52 170 191 195 191 180 193.99 195 195 118.61 117.99 102.9 95.01 95.01 74.12 60.01 44 41.91 44.61 15.04 134.94 182.07 188.9 192.93 192.69 150.84 110.39 106.59 114.31 112.08 133.08 140.01 175.98 150.07 138.18 104.68 97.45 86.3 63.04 71.45 62.57 74.76 84.92 95.19 119.09 140.99 185.05 189.28 173.24 150 130.99 123.17 106.81 99.89 106.53 117.61 124.75 130.9 140.49 115.87 109.75 115.66 92.46 73.73 60.01 63.11 94.92 85 75.01 95 89.91 92.43 94.8 113.07 115 112 89.98 94.52 89.97 112 125.02 145.57 125 120.14 110.26 112.77 100.93 104.38 99.9 98.71 92.01 88.53 87.17 80 80.08 88.28 95.06 98.22 95.09 
