192 5
1 34 28 29 33 
1 0 0 0 0 0 3 1 2 3 
7 0 2 2 6 2 1 14 
3 0 10 2 5 9 3 5 7 9 
5 0 3 4 4 8 1 4 
4 0 10 5 7 7 2 6 24 
3 0 5 5 8 8 3 8 12 18 
4 0 2 1 8 9 1 10 
1 0 6 3 6 10 2 13 22 
2 0 10 10 10 6 2 11 30 
4 0 6 5 6 8 3 15 19 25 
7 0 6 8 10 1 1 26 
1 0 9 7 1 5 2 16 21 
5 0 1 4 2 3 1 15 
7 0 9 9 6 10 2 17 19 
3 0 8 5 1 2 3 20 22 28 
4 1 0 0 0 0 2 21 27 
9 1 0 0 0 0 1 24 
5 1 0 0 0 0 2 23 29 
6 0 4 7 3 8 1 20 
5 0 2 1 7 9 1 21 
10 0 3 4 1 6 1 29 
6 0 8 6 3 7 1 24 
7 0 3 1 5 8 1 29 
5 0 5 9 1 2 1 27 
3 0 8 3 1 5 1 28 
1 1 0 0 0 0 1 30 
6 0 3 4 3 10 1 27 
3 0 10 7 3 4 1 28 
5 0 6 10 1 10 1 31 
6 0 1 8 5 9 1 31 
6 0 5 8 6 3 1 31 
1 0 0 0 0 0 0 
1 0 0 0 0 0 3 33 34 35 
2 0 10 6 4 0 3 40 42 43 
2 0 1 2 7 0 3 38 41 61 
8 0 3 6 2 1 3 36 41 54 
1 0 9 8 5 5 3 37 53 55 
6 0 3 0 0 7 2 52 60 
10 0 0 2 0 1 3 39 51 56 
5 0 0 0 4 2 2 40 45 
1 0 8 8 0 6 2 54 59 
3 0 5 0 0 0 3 44 47 48 
4 0 9 1 10 8 3 53 56 58 
10 0 10 4 4 6 3 50 52 61 
8 0 0 3 1 2 3 46 49 62 
1 0 2 1 1 0 2 48 62 
8 0 3 9 0 2 2 53 55 
6 0 6 5 9 3 2 50 58 
1 1 0 0 0 0 1 49 
8 0 2 8 8 9 1 58 
7 1 0 0 0 0 2 55 56 
5 0 4 6 0 2 1 52 
1 1 0 0 0 0 1 62 
3 0 5 10 0 9 1 57 
5 1 0 0 0 0 1 60 
4 0 3 10 9 0 1 57 
3 0 3 8 9 2 1 57 
4 0 0 10 5 6 1 59 
4 0 0 0 3 5 1 59 
2 0 1 6 3 4 1 60 
3 0 0 1 0 4 1 63 
4 0 7 6 3 1 1 63 
6 1 0 0 0 0 1 63 
1 0 0 0 0 0 0 
1 0 0 0 0 0 3 65 66 67 
7 0 1 0 0 0 3 73 76 87 
4 0 7 0 0 0 3 70 71 78 
7 0 10 0 0 0 3 68 71 93 
3 0 0 0 3 0 3 69 74 76 
4 0 0 0 7 0 3 70 72 78 
3 0 0 0 8 0 3 73 79 87 
9 0 0 0 0 8 3 80 84 85 
2 0 0 0 0 7 3 79 83 89 
8 0 3 0 0 0 3 75 77 81 
10 0 0 0 4 0 2 92 94 
2 1 0 0 0 0 3 80 82 83 
9 0 0 0 0 1 3 77 78 79 
6 1 0 0 0 0 3 82 83 85 
1 0 0 0 0 2 3 81 85 88 
6 0 0 0 6 0 2 81 82 
5 1 0 0 0 0 2 86 89 
7 0 0 0 0 5 2 91 94 
10 0 1 0 0 0 2 84 88 
2 0 8 0 0 0 3 84 86 90 
9 0 0 0 0 10 1 91 
8 1 0 0 0 0 2 86 89 
2 1 0 0 0 0 1 92 
3 0 0 0 0 7 1 88 
1 1 0 0 0 0 1 90 
6 0 3 0 0 0 1 90 
6 0 0 7 0 0 2 91 94 
4 0 0 0 0 7 1 92 
8 0 0 5 0 0 1 95 
4 0 9 0 0 0 1 95 
2 0 0 0 9 0 1 95 
1 0 0 0 0 0 0 
1 0 0 0 0 0 3 97 98 99 
9 0 5 5 0 9 3 102 104 110 
8 0 1 8 0 0 3 101 112 124 
3 0 3 8 0 0 3 100 103 107 
1 0 0 0 1 7 1 109 
1 0 3 0 3 0 2 108 114 
10 0 7 8 0 3 2 109 125 
7 0 0 0 7 5 3 105 106 121 
4 0 9 8 0 9 3 116 120 121 
5 0 7 0 0 7 2 108 117 
4 0 1 0 0 0 2 114 124 
7 0 10 0 0 3 1 111 
6 1 0 0 0 0 2 122 123 
1 0 1 7 10 0 1 118 
6 0 0 0 0 6 3 113 114 120 
2 0 0 5 0 5 3 115 121 122 
4 0 8 0 0 3 2 117 125 
9 1 0 0 0 0 2 116 118 
5 1 0 0 0 0 2 117 122 
5 0 0 0 1 8 3 116 118 120 
5 0 0 0 9 5 1 119 
9 0 3 0 8 0 1 126 
7 0 3 1 0 0 1 119 
3 0 0 0 7 5 1 124 
9 0 2 0 0 0 2 123 126 
6 0 0 0 6 0 1 123 
3 1 0 0 0 0 1 126 
2 0 1 0 9 3 1 125 
1 0 10 0 1 2 1 127 
7 0 8 0 0 0 1 127 
9 0 5 0 6 0 1 127 
1 0 0 0 0 0 0 
1 0 0 0 0 0 3 129 130 131 
1 0 8 0 1 0 3 133 139 140 
6 0 9 6 1 9 3 139 143 153 
7 0 7 0 1 5 3 132 135 136 
9 0 0 0 1 0 3 134 143 147 
1 0 1 0 4 0 3 138 145 150 
8 0 9 0 0 0 3 141 150 151 
10 0 8 0 0 0 2 137 149 
3 0 0 0 9 0 3 138 142 152 
8 0 0 10 0 4 3 138 147 151 
6 0 0 9 0 4 2 144 156 
9 0 3 9 0 3 2 142 146 
9 0 0 2 1 0 3 144 147 150 
10 1 0 0 0 0 3 145 149 152 
9 0 0 7 3 0 3 148 149 151 
7 0 0 0 5 0 3 144 145 154 
6 0 0 0 9 0 2 146 158 
1 1 0 0 0 0 2 146 148 
3 0 0 9 0 5 1 157 
3 1 0 0 0 0 3 148 153 158 
2 1 0 0 0 0 1 155 
8 0 0 0 10 0 2 154 155 
5 1 0 0 0 0 1 152 
1 1 0 0 0 0 3 154 155 157 
10 0 0 1 0 0 2 153 157 
3 0 1 0 5 0 1 156 
1 0 8 4 9 8 1 158 
6 0 0 0 6 0 1 156 
8 0 9 6 6 0 1 159 
5 0 1 5 8 0 1 159 
6 0 0 7 0 0 1 159 
1 0 0 0 0 0 0 
1 0 0 0 0 0 3 161 162 163 
5 0 0 0 5 0 3 166 179 186 
6 0 0 10 0 0 2 164 169 
2 0 0 0 0 2 3 165 167 168 
8 0 0 0 0 5 1 171 
2 0 8 0 0 0 2 187 188 
4 0 0 0 4 0 3 174 175 184 
9 0 1 0 0 0 2 170 183 
1 0 0 0 0 10 1 185 
1 0 0 6 0 0 3 172 173 176 
6 1 0 0 0 0 1 186 
7 1 0 0 0 0 1 175 
3 0 0 0 0 9 1 190 
8 0 0 0 9 0 2 177 178 
7 0 7 0 0 0 1 181 
5 0 0 5 0 0 1 189 
9 0 0 0 0 1 2 185 186 
3 1 0 0 0 0 1 184 
4 0 0 0 0 4 1 180 
2 0 0 2 0 0 1 183 
4 1 0 0 0 0 2 181 182 
10 0 0 0 3 0 1 189 
5 0 0 0 0 7 1 184 
4 0 0 0 0 3 1 185 
2 0 0 3 0 0 1 190 
8 0 3 0 0 0 1 189 
5 0 6 0 0 0 2 187 188 
8 0 0 0 0 9 1 190 
9 0 0 6 0 0 1 191 
1 0 0 6 0 0 1 191 
1 0 0 0 0 3 1 191 
1 0 0 0 0 0 0 
116.15 104.79 102.75 106.02 105.19 122.36 143.33 168.79 149.12 124.57 109.78 104 100 96 93.22 96.94 97.96 103.58 116.58 128.96 135.69 126.9 112.95 96.51 78.96 73.1 70.01 63.56 65.9 74.28 102.7 115.69 119.54 104.2 82.94 76.69 74.15 87.77 105 116.22 110 96 98.38 114.85 120.28 116.25 108.46 97.23 77.62 70.96 71 70 72.52 79.83 106.47 114.49 117.49 110 80.83 88.1 78.01 78.01 78.01 64.95 71.07 79.09 102.19 120 133.52 130.04 111 102.74 100.59 91.15 89.24 87.18 90.72 96.03 100.67 99.02 95 87.74 78 75.82 73.11 45.76 29.41 47.89 71.56 84.55 102.82 116.52 124.14 117.04 109.61 98.76 93.02 83.2 80.23 77.03 83.79 98.78 110 109.58 106 93.75 70.37 60.32 60.55 57.69 57.87 63.56 71.41 86.5 105.4 120 124.62 110.65 99.79 85.78 78.74 74 68.07 65.67 64.9 65.34 62.08 62.46 59.76 40.04 4.7 0.78 0.26 -0.32 -0.08 0 1.32 25.94 53.68 78.44 87.69 81.06 78.6 73.02 52.2 40.04 33.88 28.75 29.83 27.56 30.73 27.55 20 2.14 0 -0.47 -6.7 -22.47 -22.96 -16.12 -0.41 2.22 41.34 85.49 90.87 91 89.94 83.5 116.15 104.79 102.75 106.02 105.19 122.36 143.33 168.79 149.12 124.57 109.78 104 100 96 93.22 96.94 97.96 103.58 116.58 128.96 135.69 126.9 112.95 96.51 78.96 73.1 70.01 63.56 65.9 74.28 102.7 115.69 119.54 104.2 82.94 76.69 74.15 87.77 105 116.22 110 96 98.38 114.85 120.28 116.25 108.46 97.23 77.62 70.96 71 70 72.52 79.83 106.47 114.49 117.49 110 80.83 88.1 78.01 78.01 78.01 64.95 71.07 79.09 102.19 120 133.52 130.04 111 102.74 100.59 91.15 89.24 87.18 90.72 96.03 100.67 99.02 95 87.74 78 75.82 73.11 45.76 29.41 47.89 71.56 84.55 102.82 116.52 124.14 117.04 109.61 98.76 93.02 83.2 80.23 77.03 83.79 98.78 110 109.58 106 93.75 70.37 60.32 
