192 5
1 35 32 34 29 
1 0 0 0 0 0 3 1 2 3 
5 0 0 0 7 0 3 4 13 27 
4 0 0 0 0 2 3 5 6 7 
2 0 0 8 3 0 3 13 16 24 
7 0 0 4 0 0 3 5 8 12 
1 1 0 0 0 0 3 14 16 26 
8 0 2 8 0 1 3 9 10 21 
10 0 0 0 3 8 3 15 18 19 
7 0 0 0 0 7 3 11 18 21 
4 0 5 0 9 0 3 12 17 18 
8 0 0 0 6 8 2 11 13 
10 0 0 3 0 7 3 14 16 17 
5 0 0 0 4 0 2 14 22 
2 1 0 0 0 0 2 20 28 
5 1 0 0 0 0 3 19 23 29 
9 0 0 0 0 8 3 20 21 27 
1 1 0 0 0 0 1 19 
7 1 0 0 0 0 3 20 22 23 
6 0 9 1 7 4 2 23 26 
3 0 0 4 3 0 2 25 30 
1 0 1 0 2 0 1 26 
9 1 0 0 0 0 3 22 25 29 
8 0 0 4 10 6 1 24 
9 0 1 3 0 0 2 24 25 
9 0 0 0 10 0 1 28 
10 0 0 9 8 3 1 28 
9 0 9 5 1 6 1 30 
5 1 0 0 0 0 2 29 30 
6 0 0 2 5 7 1 31 
10 0 0 0 10 10 1 31 
6 0 0 6 0 5 1 31 
1 0 0 0 0 0 0 
1 0 0 0 0 0 3 33 34 35 
8 0 1 3 6 1 3 37 41 46 
10 0 3 10 9 4 3 37 38 43 
9 0 10 10 7 3 3 36 44 54 
7 0 8 6 4 10 3 53 56 59 
9 0 2 1 5 2 3 39 42 45 
3 0 10 6 3 6 3 40 46 48 
4 0 4 9 7 7 3 47 48 61 
10 0 8 10 7 8 3 41 47 49 
1 1 0 0 0 0 3 44 50 57 
10 0 3 4 1 7 3 44 49 52 
1 0 7 3 1 6 3 47 51 52 
4 1 0 0 0 0 2 55 58 
9 0 3 7 6 2 3 50 51 56 
3 0 2 3 5 6 3 51 54 58 
3 1 0 0 0 0 3 50 56 59 
2 1 0 0 0 0 3 49 57 62 
4 1 0 0 0 0 1 59 
8 1 0 0 0 0 1 62 
10 0 1 4 5 8 3 53 55 60 
5 1 0 0 0 0 2 53 54 
9 0 4 9 7 7 1 61 
5 0 1 1 4 3 2 55 57 
5 0 10 5 1 7 1 61 
1 0 8 7 4 10 1 58 
9 0 9 2 1 2 1 60 
5 1 0 0 0 0 1 62 
3 0 3 4 3 7 1 60 
10 0 4 6 4 10 1 63 
4 0 3 6 7 7 1 63 
7 0 7 8 1 7 1 63 
1 0 0 0 0 0 0 
1 0 0 0 0 0 3 65 66 67 
10 0 5 3 6 9 3 75 81 85 
2 0 0 1 0 8 3 68 71 72 
10 0 2 0 6 6 3 69 74 82 
9 0 6 7 6 3 3 70 77 86 
9 0 4 0 0 0 3 73 75 81 
9 0 3 5 10 0 3 73 76 78 
9 0 9 8 10 7 3 79 83 86 
4 0 0 10 8 1 3 76 77 88 
6 1 0 0 0 0 3 79 80 92 
1 0 5 4 6 3 3 80 86 91 
1 1 0 0 0 0 2 84 88 
10 1 0 0 0 0 3 80 82 83 
5 1 0 0 0 0 2 79 84 
5 0 6 0 1 7 3 81 82 85 
1 0 0 4 1 5 2 87 89 
4 0 2 9 0 10 1 89 
1 1 0 0 0 0 2 88 90 
6 0 1 0 5 0 3 90 91 93 
10 0 0 8 9 4 2 84 85 
2 0 7 8 5 0 1 94 
5 0 0 8 8 10 1 87 
8 1 0 0 0 0 3 87 89 92 
10 0 6 5 2 6 1 93 
10 0 0 2 4 0 3 91 92 93 
5 0 6 0 0 6 1 90 
3 0 9 10 7 0 1 94 
4 0 2 2 0 0 1 94 
8 0 5 4 10 0 1 95 
4 0 3 8 5 0 1 95 
8 0 2 5 6 8 1 95 
1 0 0 0 0 0 0 
1 0 0 0 0 0 3 97 98 99 
2 0 8 10 8 7 3 102 104 119 
3 0 3 7 7 3 3 101 116 125 
2 0 8 8 7 7 3 100 104 108 
7 0 10 6 1 8 3 106 114 117 
6 0 8 2 5 1 3 105 109 113 
6 0 2 7 1 3 3 103 111 112 
4 0 1 5 2 1 1 118 
8 0 10 7 5 1 3 107 110 114 
2 0 9 4 9 7 2 111 121 
4 0 5 6 8 4 3 113 119 122 
7 0 8 1 6 7 1 122 
10 0 10 6 4 1 2 115 122 
8 0 6 8 7 3 2 110 124 
5 0 7 9 2 10 1 111 
1 0 6 5 4 8 1 126 
9 1 0 0 0 0 1 120 
1 1 0 0 0 0 1 118 
7 0 5 3 8 1 2 115 116 
7 1 0 0 0 0 2 118 123 
6 0 1 8 3 10 1 124 
8 0 6 2 4 10 3 120 121 126 
8 0 3 5 5 1 2 121 126 
9 0 1 10 6 3 2 120 123 
8 0 8 1 10 9 1 125 
3 0 10 9 9 5 1 124 
6 0 9 5 10 8 1 123 
9 0 7 8 5 7 1 125 
9 0 4 10 5 1 1 127 
8 0 6 7 2 10 1 127 
5 0 3 1 2 5 1 127 
1 0 0 0 0 0 0 
1 0 0 0 0 0 3 129 130 131 
4 0 5 0 0 0 2 136 148 
3 0 0 0 0 3 3 134 138 140 
10 0 7 0 0 1 3 132 133 144 
4 0 10 0 0 10 3 135 137 139 
9 0 3 2 7 4 3 143 145 148 
2 0 0 0 3 0 3 149 150 158 
8 0 0 8 1 0 3 143 145 153 
6 0 3 0 0 0 1 157 
8 0 10 0 9 7 1 141 
5 0 9 3 5 4 3 142 147 151 
1 0 0 2 9 0 2 142 146 
3 0 3 0 0 10 2 146 153 
3 1 0 0 0 0 3 151 154 158 
1 0 8 0 0 0 1 152 
5 1 0 0 0 0 2 146 149 
6 0 0 0 2 6 2 145 149 
8 1 0 0 0 0 1 147 
5 1 0 0 0 0 2 154 158 
7 1 0 0 0 0 1 155 
1 0 9 0 9 0 1 150 
4 0 0 0 0 7 2 152 156 
2 1 0 0 0 0 3 151 152 156 
3 1 0 0 0 0 1 153 
4 1 0 0 0 0 1 154 
3 0 3 0 0 4 1 155 
8 0 7 0 5 0 1 155 
5 0 0 1 10 7 1 157 
6 1 0 0 0 0 1 159 
10 0 10 0 7 7 1 159 
1 0 0 0 7 0 1 159 
1 0 0 0 0 0 0 
1 0 0 0 0 0 3 161 162 163 
8 0 4 5 7 5 2 178 179 
7 0 2 3 4 3 3 164 168 174 
1 0 9 7 3 10 3 166 172 190 
10 0 2 10 6 8 3 165 169 185 
6 0 7 3 8 1 3 167 173 178 
5 0 5 4 6 3 2 179 188 
1 1 0 0 0 0 3 177 183 187 
1 0 6 2 4 2 3 170 171 175 
7 1 0 0 0 0 2 176 179 
9 0 5 2 1 7 3 172 177 178 
8 0 9 8 1 4 1 185 
10 0 8 6 5 1 1 173 
10 0 4 3 3 9 1 186 
10 0 2 1 7 3 1 176 
9 0 1 4 8 1 3 177 180 187 
1 0 8 3 5 10 3 181 188 190 
4 0 4 5 8 2 1 182 
1 0 5 7 5 7 2 184 189 
2 1 0 0 0 0 2 181 187 
8 0 5 4 8 10 3 181 184 185 
2 0 10 6 1 7 1 186 
3 0 2 6 5 8 1 190 
9 0 5 3 9 10 1 184 
5 0 8 10 7 2 1 188 
3 0 9 2 10 6 1 186 
2 0 1 6 6 8 1 189 
1 0 8 10 3 7 1 189 
2 0 7 1 1 4 1 191 
1 0 9 6 3 1 1 191 
1 0 1 2 4 2 1 191 
1 0 0 0 0 0 0 
95.9 81 84 81 85.25 92.31 95.23 105 108.65 101.18 95.51 82.92 75.98 61.17 45 60.58 82.92 121.25 189.84 240.3 250.73 226.6 221.23 202 205 192.98 191.14 190.95 190 200.61 251.27 291.43 295.43 255.71 235.75 227.95 221.6 214.98 214.93 214.64 214.94 201.16 224.93 239.03 240.01 223.6 200 184.2 191 189.55 183.1 183.28 183.38 197.96 227.24 249.92 249.9 209.96 193.5 190 201.93 201.92 198.95 175 175.87 196.15 222.95 249 250 239.18 220.1 201.97 188.55 179.92 181.08 178.92 180.5 199.92 229.76 256.02 256.25 232.26 207.93 199.48 205.2 179.23 171.44 178.67 178.15 187.69 204.96 220.62 223.61 220.44 199.71 174.62 191.07 185.37 187.01 179.41 176.09 189.58 218.07 239.95 244.1 221.05 200.01 209.99 216.92 216.16 212.96 216.95 218.98 230 192.3 209.61 209.97 191.24 190.17 147.32 130.46 116.44 108.65 119.04 119.4 122.32 128.32 143.64 141.5 124.57 112.16 103.66 102.45 93.65 98.38 107.81 103.38 109.65 138.87 168.19 171.36 138.05 118.9 99.5 100.58 93.14 91.92 87.88 84.06 87.84 87.81 95.1 96.51 91.33 79.98 86.31 76.61 56.89 51.74 77.26 86.23 111.73 165.01 198.65 224.95 216.66 205.73 186.99 95.9 81 84 81 85.25 92.31 95.23 105 108.65 101.18 95.51 82.92 75.98 61.17 45 60.58 82.92 121.25 189.84 240.3 250.73 226.6 221.23 202 205 192.98 191.14 190.95 190 200.61 251.27 291.43 295.43 255.71 235.75 227.95 221.6 214.98 214.93 214.64 214.94 201.16 224.93 239.03 240.01 223.6 200 184.2 191 189.55 183.1 183.28 183.38 197.96 227.24 249.92 249.9 209.96 193.5 190 201.93 201.92 198.95 175 175.87 196.15 222.95 249 250 239.18 220.1 201.97 188.55 179.92 181.08 178.92 180.5 199.92 229.76 256.02 256.25 232.26 207.93 199.48 205.2 179.23 171.44 178.67 178.15 187.69 204.96 220.62 223.61 220.44 199.71 174.62 191.07 185.37 187.01 179.41 176.09 189.58 218.07 239.95 244.1 221.05 200.01 209.99 216.92 216.16 212.96 216.95 218.98 230 192.3 209.61 209.97 191.24 190.17 147.32 130.46 116.44 108.65 119.04 119.4 122.32 128.32 143.64 141.5 124.57 112.16 103.66 102.45 93.65 98.38 107.81 103.38 109.65 138.87 168.19 171.36 138.05 118.9 99.5 100.58 93.14 91.92 87.88 84.06 87.84 87.81 95.1 96.51 91.33 79.98 86.31 76.61 56.89 51.74 77.26 86.23 111.73 165.01 198.65 224.95 216.66 205.73 186.99 95.9 81 84 81 85.25 92.31 95.23 105 108.65 101.18 
