192 5
1 20 23 20 20 
1 0 0 0 0 0 3 1 2 3 
8 0 0 9 0 0 2 5 9 
3 0 0 4 0 8 3 4 6 15 
5 0 0 4 0 0 3 5 7 8 
7 0 9 0 8 0 3 5 8 14 
4 0 9 3 0 3 3 11 13 30 
8 0 0 0 0 1 2 10 20 
8 0 1 4 0 5 3 9 16 18 
4 0 1 4 0 0 2 11 12 
6 0 8 0 0 8 3 14 17 19 
8 0 7 7 0 0 3 22 26 30 
8 0 5 5 1 1 2 18 20 
2 0 10 0 5 1 3 13 16 27 
10 0 0 0 1 10 3 18 19 21 
9 0 0 5 8 0 3 21 23 30 
8 0 0 4 10 0 3 16 19 27 
7 0 4 0 0 0 3 17 24 25 
7 0 8 0 0 0 2 26 28 
3 1 0 0 0 0 1 23 
9 1 0 0 0 0 3 22 23 25 
4 0 0 7 4 10 3 21 27 28 
2 1 0 0 0 0 2 22 25 
4 0 3 0 0 0 1 24 
6 0 5 5 0 0 2 24 28 
2 0 5 0 10 7 1 29 
10 0 0 0 5 0 1 26 
9 0 0 2 8 8 1 29 
10 0 0 7 10 0 1 29 
6 0 0 0 9 5 1 31 
2 0 4 8 0 0 1 31 
6 1 0 0 0 0 1 31 
1 0 0 0 0 0 0 
1 0 0 0 0 0 3 33 34 35 
7 0 9 3 0 6 3 37 38 44 
4 0 3 5 6 1 2 46 58 
10 0 10 0 0 0 2 36 41 
2 0 1 3 0 2 1 49 
10 0 4 7 3 9 3 40 55 62 
4 0 10 7 1 0 3 39 43 50 
5 0 5 8 0 3 3 49 52 57 
4 1 0 0 0 0 2 45 54 
10 0 6 2 2 7 3 42 48 50 
3 1 0 0 0 0 3 52 59 60 
7 0 7 8 1 0 2 53 54 
9 0 4 7 3 6 2 47 60 
5 0 8 6 3 3 2 48 51 
3 1 0 0 0 0 3 52 53 57 
2 0 5 0 3 10 1 62 
2 0 3 10 8 6 2 53 57 
3 0 5 0 1 4 2 54 58 
5 0 4 3 6 9 2 55 58 
4 0 8 8 0 6 2 56 60 
7 0 0 3 0 0 1 55 
1 0 0 7 0 0 1 56 
1 0 6 8 10 4 1 61 
3 0 7 8 0 8 1 56 
5 0 9 10 0 3 1 61 
1 0 0 8 3 3 1 59 
1 0 0 0 6 4 2 59 62 
4 0 7 7 8 0 1 61 
1 0 10 0 8 5 1 63 
3 0 2 0 4 8 1 63 
6 0 2 5 9 1 1 63 
1 0 0 0 0 0 0 
1 0 0 0 0 0 3 65 66 67 
1 0 0 0 0 10 3 70 78 83 
6 0 0 0 0 7 2 72 87 
8 0 0 0 0 4 3 68 73 74 
1 0 0 0 0 7 3 69 71 79 
3 0 0 0 8 0 1 80 
5 0 0 0 0 7 1 75 
6 0 0 0 0 5 3 80 82 90 
8 0 0 4 0 0 1 85 
7 0 3 0 0 0 3 76 77 85 
5 0 8 0 0 0 2 84 86 
6 0 0 0 0 10 2 89 93 
8 0 0 4 0 0 2 78 92 
5 0 10 0 0 0 2 79 81 
6 0 0 0 8 0 1 82 
5 1 0 0 0 0 1 91 
10 0 0 10 0 0 1 83 
4 1 0 0 0 0 1 92 
3 0 0 0 5 0 1 86 
6 0 0 2 0 0 1 89 
1 0 0 4 0 0 1 92 
3 1 0 0 0 0 1 88 
7 0 0 0 0 7 1 89 
10 0 0 0 0 9 1 88 
5 0 0 0 2 0 1 93 
3 0 0 0 0 10 1 94 
1 0 3 0 0 0 1 94 
4 0 0 0 2 0 1 93 
1 1 0 0 0 0 1 95 
10 0 0 0 0 4 1 95 
5 0 3 0 0 0 1 95 
1 0 0 0 0 0 0 
1 0 0 0 0 0 3 97 98 99 
8 0 8 3 3 8 2 100 110 
2 0 2 10 0 5 3 101 104 106 
9 0 3 0 10 7 3 103 105 108 
5 0 2 2 0 0 3 101 106 112 
6 0 3 0 9 0 3 102 103 105 
3 0 10 10 0 6 3 107 109 117 
3 1 0 0 0 0 3 107 113 122 
6 0 10 1 6 0 3 110 117 118 
2 0 3 10 9 0 3 109 113 118 
5 0 4 0 1 5 3 114 120 121 
2 1 0 0 0 0 2 115 125 
4 0 1 4 5 0 3 110 111 123 
5 1 0 0 0 0 2 114 119 
8 0 6 3 8 0 3 116 125 126 
10 1 0 0 0 0 3 114 115 120 
7 0 0 8 10 7 3 113 115 119 
8 1 0 0 0 0 2 117 121 
3 0 0 3 0 4 2 116 122 
5 0 9 0 3 6 2 116 118 
10 0 5 7 0 3 1 124 
7 0 8 5 5 1 1 123 
5 0 0 0 9 0 1 121 
7 0 8 9 9 2 3 120 122 123 
8 0 0 4 0 6 1 125 
10 0 2 3 0 3 2 124 126 
2 0 5 4 7 0 1 124 
5 0 4 0 1 4 1 126 
5 0 6 6 2 5 1 127 
3 0 10 9 7 1 1 127 
2 0 5 5 4 6 1 127 
1 0 0 0 0 0 0 
1 0 0 0 0 0 3 129 130 131 
1 0 0 0 10 0 3 132 147 151 
5 0 0 0 0 5 3 138 141 151 
7 0 0 0 0 3 3 133 134 135 
6 0 0 0 9 0 2 136 141 
2 0 0 0 0 7 2 136 139 
9 0 0 2 0 0 1 136 
4 0 0 2 0 0 3 137 142 148 
9 0 9 0 0 0 2 140 146 
7 0 0 0 0 2 3 139 144 145 
3 0 0 0 0 8 3 142 143 149 
10 0 0 0 0 1 1 158 
6 0 0 0 8 0 2 142 156 
9 0 0 0 0 2 1 144 
4 0 0 0 3 0 1 155 
5 0 0 0 8 0 3 147 150 155 
10 1 0 0 0 0 1 154 
10 1 0 0 0 0 3 146 151 156 
5 0 0 10 0 0 1 155 
10 0 0 0 0 5 1 154 
1 0 0 1 0 0 3 150 152 153 
1 0 0 10 0 0 2 152 153 
8 0 0 0 0 2 1 158 
10 0 0 1 0 0 2 152 153 
3 0 9 0 0 0 1 157 
4 0 8 0 0 0 1 158 
3 1 0 0 0 0 2 156 157 
4 0 0 1 0 0 1 157 
3 0 0 10 0 0 1 159 
3 0 0 6 0 0 1 159 
2 0 0 6 0 0 1 159 
1 0 0 0 0 0 0 
1 0 0 0 0 0 3 161 162 163 
5 0 3 0 0 0 3 164 167 169 
9 0 0 5 3 6 1 174 
2 0 0 0 4 0 2 169 173 
10 0 2 0 1 0 2 165 175 
10 0 4 6 4 0 1 166 
1 0 0 0 0 6 3 168 170 171 
9 0 6 0 4 0 2 177 182 
8 1 0 0 0 0 3 177 186 188 
7 0 0 0 9 7 3 185 188 189 
5 0 9 0 3 0 3 172 180 185 
2 1 0 0 0 0 3 178 181 184 
4 0 1 0 5 1 3 176 182 187 
4 0 0 4 0 0 2 174 180 
1 0 9 5 0 0 2 175 178 
7 0 0 9 4 1 1 176 
6 0 6 0 1 0 1 181 
3 1 0 0 0 0 2 179 184 
8 0 0 0 10 3 3 179 182 186 
5 0 0 4 0 0 1 187 
9 1 0 0 0 0 2 183 190 
5 1 0 0 0 0 1 183 
8 1 0 0 0 0 2 183 190 
9 0 4 0 5 6 2 188 189 
3 0 0 0 6 0 1 185 
7 0 2 0 6 1 1 187 
6 0 0 0 8 0 1 189 
2 0 10 6 0 0 1 190 
1 0 7 0 8 0 1 191 
5 0 7 10 1 4 1 191 
10 0 0 9 8 0 1 191 
1 0 0 0 0 0 0 
75.13 64.38 60.28 39.41 49.2 75.26 113.36 164.96 180 178.4 166.12 169.99 159.15 158.72 159.82 167.49 174.66 175.93 182.18 175.8 164.22 140.34 132 108.31 106.1 96.47 94.63 90.7 95.64 108.6 142.77 167.67 174.33 169.49 165.16 159.01 154.99 155.43 158.23 158.83 157.59 160.94 155.24 148.57 136.78 114.06 104.18 67.83 19.48 5.43 7.91 1.96 15.15 57 113.9 155.41 166.02 177.57 161.21 156.02 157.83 143.03 147.84 148.16 153.11 157.97 155.22 156 146.14 128.01 123.78 103.32 77 80.19 61.15 61.71 60.01 78.25 132.12 160 155.22 170.01 152.78 144.62 137.25 139.79 135 121.85 122.77 134.84 147.05 142.34 143.58 113.32 102.7 80.56 87.74 80.71 85.99 56.23 63.2 81.21 101.03 136.79 141.12 139.17 128.68 145.8 148.22 128.67 119.46 123.31 129.47 124.5 169.35 170.87 172.98 132.93 135 108.23 111 108.06 91.18 80.18 80.01 80.01 79.3 111.39 93.71 124.4 86.19 97.24 108.38 90.66 94.05 77.18 99.51 114.19 141.21 117.01 123.64 105 117.43 77.18 25.24 45.86 21.12 5.42 4.18 5.27 17.16 44.21 100 138.57 155 145 154.09 125 114.33 120 118.42 145.6 140 155 143.12 116.49 118.02 66.33 75.13 64.38 60.28 39.41 49.2 75.26 113.36 164.96 180 178.4 166.12 169.99 159.15 158.72 159.82 167.49 174.66 175.93 182.18 175.8 164.22 140.34 132 108.31 106.1 96.47 94.63 90.7 95.64 108.6 142.77 167.67 174.33 169.49 165.16 159.01 154.99 155.43 158.23 158.83 157.59 160.94 155.24 148.57 136.78 114.06 104.18 67.83 19.48 5.43 7.91 1.96 15.15 57 113.9 155.41 166.02 177.57 161.21 156.02 157.83 143.03 147.84 148.16 153.11 157.97 155.22 156 146.14 128.01 123.78 103.32 77 80.19 61.15 61.71 60.01 78.25 132.12 160 155.22 170.01 152.78 144.62 137.25 139.79 135 121.85 122.77 134.84 147.05 142.34 143.58 113.32 102.7 80.56 87.74 80.71 85.99 56.23 63.2 81.21 101.03 136.79 141.12 139.17 128.68 145.8 148.22 128.67 119.46 123.31 129.47 124.5 
