192 5
1 24 34 28 28 
1 0 0 0 0 0 3 1 2 3 
2 0 0 3 0 0 3 8 19 21 
10 0 0 8 10 3 3 5 14 17 
7 0 3 4 10 8 3 4 6 7 
9 0 6 4 10 0 3 15 19 21 
7 0 0 8 1 0 3 12 16 22 
2 0 0 5 10 3 2 12 23 
4 0 1 4 0 0 3 9 27 28 
2 0 1 2 0 0 3 10 11 13 
2 1 0 0 0 0 1 15 
10 0 0 6 1 1 2 22 25 
8 0 10 8 4 0 2 17 23 
8 1 0 0 0 0 3 15 19 24 
2 0 0 0 0 7 3 16 20 25 
6 0 0 0 0 3 2 18 24 
3 0 3 1 0 9 1 25 
3 1 0 0 0 0 1 18 
4 0 0 5 0 0 1 28 
2 1 0 0 0 0 1 30 
5 1 0 0 0 0 2 28 30 
10 0 2 0 0 0 1 22 
2 0 0 0 0 9 2 27 29 
6 1 0 0 0 0 1 23 
8 0 0 0 0 5 1 24 
5 0 9 0 10 0 2 26 29 
7 0 5 0 0 0 1 29 
3 0 0 0 9 5 1 27 
5 0 0 0 0 8 1 30 
10 0 0 3 1 0 1 31 
4 0 0 6 6 9 1 31 
3 0 0 1 7 2 1 31 
1 0 0 0 0 0 0 
1 0 0 0 0 0 3 33 34 35 
6 0 3 0 0 9 3 38 40 50 
3 0 7 0 0 8 2 40 41 
6 0 0 0 0 9 3 36 42 44 
7 0 0 4 0 9 3 37 38 40 
9 0 0 5 0 9 3 45 48 51 
10 0 3 0 0 7 3 39 43 47 
9 1 0 0 0 0 2 48 57 
2 0 5 0 0 1 3 46 47 48 
6 0 0 0 0 10 3 42 45 51 
3 0 6 2 2 0 2 50 58 
3 1 0 0 0 0 3 46 49 54 
4 0 5 4 0 0 3 52 54 59 
9 0 0 0 1 8 3 50 54 55 
7 1 0 0 0 0 3 52 53 56 
4 1 0 0 0 0 3 53 55 62 
1 0 0 7 0 5 3 55 58 60 
1 0 8 0 0 0 2 51 56 
6 1 0 0 0 0 2 52 62 
10 1 0 0 0 0 2 53 62 
4 1 0 0 0 0 1 57 
10 0 7 3 10 8 3 57 58 59 
2 1 0 0 0 0 1 60 
6 1 0 0 0 0 2 56 59 
6 0 3 0 3 1 1 61 
10 0 3 3 2 0 1 60 
8 0 7 8 3 0 1 61 
2 0 4 0 0 0 1 61 
8 0 10 4 0 0 1 63 
10 0 4 6 10 0 1 63 
5 0 8 0 8 0 1 63 
1 0 0 0 0 0 0 
1 0 0 0 0 0 3 65 66 67 
9 0 7 1 6 8 3 75 76 92 
10 0 0 0 6 6 2 69 70 
9 0 10 4 1 7 2 68 72 
10 0 3 0 3 8 1 90 
7 0 5 10 8 0 2 71 82 
1 0 3 2 5 3 1 85 
4 0 4 7 0 10 3 73 80 84 
4 0 1 9 0 8 1 91 
4 0 0 2 6 1 2 74 85 
8 0 10 0 0 2 1 79 
9 0 1 8 9 5 3 78 87 93 
3 0 8 5 6 0 3 77 83 86 
2 0 8 2 4 7 2 78 89 
1 0 1 0 2 2 1 82 
3 0 10 8 8 0 1 81 
7 0 3 3 7 6 1 89 
7 1 0 0 0 0 1 88 
4 1 0 0 0 0 1 90 
6 0 0 5 1 0 1 91 
9 0 2 4 0 7 1 94 
9 0 0 0 8 8 2 87 93 
8 1 0 0 0 0 1 93 
8 1 0 0 0 0 1 94 
6 0 2 7 5 10 2 89 92 
10 0 7 10 6 0 1 90 
7 0 2 0 0 0 1 91 
6 0 10 6 9 9 1 94 
4 1 0 0 0 0 1 95 
1 1 0 0 0 0 1 95 
9 0 0 3 7 0 1 95 
1 0 0 0 0 0 0 
1 0 0 0 0 0 3 97 98 99 
8 0 5 4 10 10 2 105 116 
6 0 0 5 6 0 3 100 112 113 
4 0 7 7 8 0 3 101 103 124 
4 0 0 3 7 5 3 101 102 114 
8 0 0 5 5 0 1 126 
3 0 3 4 5 10 3 104 109 118 
5 0 10 7 7 2 2 106 122 
3 0 5 0 1 0 3 107 115 119 
4 0 4 5 0 10 1 120 
1 0 3 7 0 10 2 112 117 
10 0 0 3 8 0 1 108 
2 1 0 0 0 0 2 110 121 
7 0 1 6 8 5 2 110 111 
5 0 6 3 0 9 2 116 125 
2 1 0 0 0 0 3 115 116 117 
7 0 3 8 6 3 2 114 125 
1 0 5 6 10 0 2 115 120 
10 0 0 0 3 2 1 126 
3 1 0 0 0 0 2 121 123 
4 0 0 3 4 5 2 122 123 
1 1 0 0 0 0 1 119 
10 0 9 7 1 10 3 119 120 121 
5 0 0 8 0 5 1 125 
10 1 0 0 0 0 2 122 123 
10 0 9 2 10 0 1 124 
8 0 4 8 10 10 1 126 
10 0 8 0 5 2 1 124 
8 0 4 6 9 0 1 127 
9 0 9 5 3 4 1 127 
1 0 8 0 7 6 1 127 
1 0 0 0 0 0 0 
1 0 0 0 0 0 3 129 130 131 
9 0 0 9 0 6 1 140 
3 0 0 6 3 9 2 132 133 
9 0 0 5 1 10 2 135 139 
2 0 2 4 0 0 3 134 140 148 
7 0 0 10 8 6 2 145 147 
10 0 4 6 9 9 3 136 142 144 
7 0 0 4 6 10 3 137 138 151 
3 0 5 4 0 0 3 137 138 146 
7 0 0 0 10 9 1 145 
5 0 1 0 4 10 2 152 157 
7 0 0 9 9 5 3 140 141 154 
10 1 0 0 0 0 3 146 157 158 
9 1 0 0 0 0 1 143 
2 0 5 7 8 6 2 146 151 
1 0 4 0 1 5 2 148 153 
7 0 8 0 8 2 2 145 147 
5 1 0 0 0 0 2 152 153 
3 1 0 0 0 0 1 156 
7 1 0 0 0 0 2 149 152 
4 0 2 5 0 0 2 155 156 
3 0 5 6 1 0 1 150 
2 1 0 0 0 0 1 151 
10 0 2 10 3 0 1 154 
7 0 4 6 1 9 3 154 155 156 
10 0 8 0 4 0 2 155 157 
5 0 3 4 10 3 1 158 
5 0 8 10 1 1 1 158 
5 0 2 2 9 1 1 159 
3 0 5 0 7 6 1 159 
10 0 7 6 7 5 1 159 
1 0 0 0 0 0 0 
1 0 0 0 0 0 3 161 162 163 
4 0 0 0 3 0 3 165 166 168 
7 0 0 0 6 0 2 169 181 
7 0 4 0 0 0 1 164 
8 0 0 0 4 0 1 180 
2 0 0 0 3 0 3 167 178 189 
2 0 0 0 10 0 1 171 
2 0 0 0 6 0 2 170 185 
2 0 0 0 0 6 1 173 
2 0 0 0 10 0 2 175 177 
9 0 0 0 6 0 3 172 177 183 
2 0 0 0 6 0 2 174 175 
3 1 0 0 0 0 1 174 
7 0 0 0 0 6 1 178 
3 1 0 0 0 0 3 176 179 190 
7 0 0 0 1 0 1 182 
4 1 0 0 0 0 1 187 
1 0 0 0 0 4 1 188 
5 0 0 0 0 9 2 184 186 
1 1 0 0 0 0 1 187 
3 0 0 5 0 0 2 182 189 
2 0 0 8 0 0 1 182 
10 1 0 0 0 0 2 184 186 
6 0 0 10 0 0 1 190 
8 0 0 5 0 0 1 185 
5 0 3 0 0 0 1 190 
5 0 0 0 0 10 1 187 
4 0 0 7 0 0 1 188 
6 0 0 0 4 0 1 191 
7 1 0 0 0 0 1 191 
8 0 0 0 0 2 1 191 
1 0 0 0 0 0 0 
20.89 9.7 9.7 7.07 8.99 15.34 80 102.48 131.47 135.53 107.46 110.08 119.78 117 111.57 111.39 124.51 148.49 138 117.64 117.71 95.95 105.68 95.26 103.7 108.27 105.92 103.41 102.71 114.23 156.91 182.64 178.91 190 189.88 182.42 182.46 179.59 179 180.93 166.69 189.88 184.94 178.99 156.12 140.92 137.92 97.56 105.31 97.29 84.5 75.38 79.11 94.79 118.04 124.69 147.74 147.18 138.56 129.99 131.97 130.67 134.6 146.61 161.18 170 139.88 135.75 119.93 98.09 118.71 99.68 99.85 101.32 110.01 111.55 123.37 149.94 185.92 228.25 228.92 212.9 215.5 231.9 226 209.2 216.06 230.77 245.95 274.11 273.44 245.48 226.14 208.31 178.75 124.7 128.92 118.4 103.01 101.91 101.98 114.99 140.19 170.53 175.66 161.85 161.37 166.06 166.54 166.04 169.43 189.7 201.97 243.11 253.81 237.05 224.33 213.81 185.94 148.32 164.17 152.83 166 160.86 160 154.3 166 182.91 215.89 231 228.95 215.39 206.68 185 169.52 162.8 200.89 189.9 177.11 140.23 162.02 102.18 102.29 114.11 85.03 84.4 80.24 55.46 49.29 62.06 74.29 84.44 97.26 119.97 134.96 149.4 165.13 165.06 170.09 189.04 190.96 223.3 243.94 240 230.82 214.02 215.88 203.8 20.89 9.7 9.7 7.07 8.99 15.34 80 102.48 131.47 135.53 107.46 110.08 119.78 117 111.57 111.39 124.51 148.49 138 117.64 117.71 95.95 105.68 95.26 103.7 108.27 105.92 103.41 102.71 114.23 156.91 182.64 178.91 190 189.88 182.42 182.46 179.59 179 180.93 166.69 189.88 184.94 178.99 156.12 140.92 137.92 97.56 105.31 97.29 84.5 75.38 79.11 94.79 118.04 124.69 147.74 147.18 138.56 129.99 131.97 130.67 134.6 146.61 161.18 170 139.88 135.75 119.93 98.09 118.71 99.68 99.85 101.32 110.01 111.55 123.37 149.94 185.92 228.25 228.92 212.9 215.5 231.9 226 209.2 216.06 230.77 245.95 274.11 273.44 245.48 226.14 208.31 178.75 124.7 128.92 118.4 103.01 101.91 101.98 114.99 140.19 170.53 175.66 161.85 161.37 166.06 166.54 166.04 169.43 189.7 201.97 243.11 253.81 237.05 224.33 213.81 185.94 148.32 164.17 152.83 166 160.86 160 154.3 166 182.91 215.89 231 228.95 215.39 206.68 185 169.52 162.8 200.89 189.9 177.11 140.23 162.02 102.18 102.29 114.11 85.03 84.4 80.24 55.46 49.29 62.06 74.29 84.44 97.26 119.97 134.96 149.4 165.13 165.06 170.09 189.04 190.96 223.3 243.94 240 230.82 214.02 215.88 203.8 20.89 9.7 9.7 7.07 8.99 15.34 80 102.48 131.47 135.53 107.46 110.08 119.78 117 111.57 111.39 124.51 148.49 138 117.64 117.71 95.95 105.68 95.26 103.7 108.27 105.92 103.41 102.71 114.23 156.91 182.64 178.91 190 189.88 182.42 182.46 179.59 179 180.93 166.69 189.88 184.94 178.99 156.12 140.92 137.92 97.56 105.31 97.29 84.5 75.38 79.11 94.79 118.04 124.69 147.74 147.18 138.56 129.99 131.97 130.67 134.6 146.61 161.18 170 139.88 135.75 119.93 98.09 118.71 99.68 
