224 5
1 23 25 28 30 
1 0 0 0 0 0 3 1 2 3 
10 0 9 9 8 4 2 6 12 
10 0 3 9 5 10 3 13 19 25 
10 0 6 5 5 9 3 4 7 16 
5 0 5 1 6 7 3 5 8 29 
6 0 1 7 6 6 3 6 13 20 
5 1 0 0 0 0 2 15 23 
10 0 9 9 3 2 3 9 13 23 
1 0 4 6 1 9 1 21 
2 1 0 0 0 0 2 10 27 
1 1 0 0 0 0 3 11 14 20 
5 1 0 0 0 0 1 18 
7 1 0 0 0 0 2 15 22 
10 1 0 0 0 0 2 15 22 
1 0 1 7 5 8 1 17 
9 1 0 0 0 0 2 27 28 
6 0 10 7 3 1 1 24 
7 0 2 10 3 4 1 24 
1 0 7 4 5 4 3 24 25 28 
3 1 0 0 0 0 2 20 23 
3 0 9 6 7 7 1 21 
5 0 5 9 7 7 2 22 26 
6 0 8 2 2 4 2 28 30 
4 1 0 0 0 0 2 26 27 
4 0 2 7 5 2 2 26 29 
8 0 7 1 5 6 1 29 
10 0 6 10 7 5 1 30 
10 0 5 2 1 6 1 30 
10 0 8 10 1 10 1 31 
7 0 2 2 10 2 1 31 
4 0 10 4 9 1 1 31 
1 0 0 0 0 0 0 
1 0 0 0 0 0 3 33 34 35 
5 0 3 0 0 0 3 36 39 41 
9 0 0 5 3 6 1 46 
2 0 0 0 4 0 2 41 45 
10 0 2 0 1 0 2 37 47 
10 0 4 6 4 0 1 38 
1 0 0 0 0 6 3 40 42 43 
9 0 6 0 4 0 2 49 54 
8 1 0 0 0 0 3 49 58 60 
7 0 0 0 9 7 3 57 60 61 
5 0 9 0 3 0 3 44 52 57 
2 1 0 0 0 0 3 50 53 56 
4 0 1 0 5 1 3 48 54 59 
4 0 0 4 0 0 2 46 52 
1 0 9 5 0 0 2 47 50 
7 0 0 9 4 1 1 48 
6 1 0 0 0 0 1 53 
3 1 0 0 0 0 2 51 56 
8 1 0 0 0 0 3 51 54 58 
5 0 0 4 0 0 1 59 
9 1 0 0 0 0 2 55 62 
5 0 2 0 0 0 1 55 
8 0 0 4 0 0 2 55 62 
9 0 4 0 5 6 2 60 61 
3 0 0 0 6 0 1 57 
7 0 2 0 6 1 1 59 
6 0 0 0 8 0 1 61 
2 0 10 6 0 0 1 62 
1 0 7 0 8 0 1 63 
5 0 7 10 1 4 1 63 
10 0 0 9 8 0 1 63 
1 0 0 0 0 0 0 
1 0 0 0 0 0 3 65 66 67 
3 0 0 0 5 0 1 79 
1 0 1 0 0 0 3 68 72 83 
6 0 0 0 8 0 3 69 71 76 
6 0 7 0 0 0 3 70 80 82 
1 0 0 0 6 0 1 86 
1 0 0 0 6 0 1 75 
6 0 0 0 2 0 2 80 89 
6 0 0 2 0 0 2 73 75 
6 0 0 0 0 4 3 74 78 89 
7 0 5 0 0 0 1 91 
2 0 0 3 0 0 1 85 
8 0 10 0 0 0 2 77 85 
10 0 4 0 0 0 1 81 
3 0 0 0 6 0 1 84 
9 0 0 8 0 0 1 90 
8 0 0 0 0 10 1 90 
10 0 6 0 0 0 1 93 
8 0 1 0 0 0 1 91 
4 0 0 0 0 8 3 88 92 94 
10 0 0 0 0 3 1 85 
10 1 0 0 0 0 2 87 90 
5 0 0 0 0 1 1 91 
9 0 0 0 9 0 2 88 94 
2 0 0 7 0 0 1 93 
5 1 0 0 0 0 1 92 
4 0 0 0 2 0 1 92 
4 1 0 0 0 0 1 93 
5 0 0 8 0 0 1 95 
10 0 0 0 0 7 1 95 
8 0 0 0 4 0 1 95 
1 0 0 0 0 0 0 
1 0 0 0 0 0 3 97 98 99 
9 0 8 4 0 4 3 102 113 116 
7 0 7 4 4 0 3 100 104 107 
8 0 0 6 0 4 3 101 103 124 
9 0 0 0 4 0 3 106 110 111 
3 0 3 8 0 1 3 105 111 113 
6 0 3 0 0 0 3 105 106 107 
6 0 6 0 0 1 3 109 113 117 
7 0 0 1 0 0 3 105 114 119 
3 0 0 0 8 0 3 109 117 118 
6 0 9 6 6 0 3 109 119 120 
4 0 0 0 0 9 3 108 112 114 
10 0 0 10 5 9 3 111 115 119 
4 0 3 0 0 3 2 112 115 
9 0 0 0 1 0 3 112 116 121 
6 0 8 8 0 6 3 117 122 125 
2 1 0 0 0 0 1 122 
1 0 0 1 1 0 3 114 118 126 
8 0 0 1 0 0 1 120 
7 1 0 0 0 0 1 121 
9 1 0 0 0 0 3 118 123 124 
1 0 0 3 6 0 1 123 
6 0 7 8 6 0 1 120 
1 1 0 0 0 0 2 121 124 
8 0 0 10 0 4 1 125 
1 0 8 0 0 0 2 122 125 
5 0 4 0 0 9 1 123 
1 0 0 5 0 1 1 126 
5 1 0 0 0 0 1 127 
5 0 10 4 0 0 1 127 
9 0 9 4 9 0 1 127 
1 0 0 0 0 0 0 
1 0 0 0 0 0 3 129 130 131 
8 0 0 0 2 1 1 133 
9 0 1 8 1 6 2 132 134 
1 0 2 1 4 6 1 145 
4 0 4 6 0 9 1 139 
4 0 7 9 0 0 2 136 144 
8 0 8 4 7 0 2 135 143 
3 0 5 6 2 6 2 137 142 
3 0 0 6 7 7 2 138 140 
9 1 0 0 0 0 2 147 149 
6 0 2 0 5 0 1 143 
3 1 0 0 0 0 2 141 146 
5 0 6 4 9 2 3 143 150 152 
4 0 3 0 8 5 2 147 154 
9 1 0 0 0 0 1 151 
5 1 0 0 0 0 2 148 155 
9 0 1 4 4 0 2 146 148 
9 0 6 0 5 0 3 154 156 157 
7 1 0 0 0 0 1 153 
7 0 0 0 6 8 2 148 153 
8 0 7 4 8 0 1 151 
6 1 0 0 0 0 1 150 
10 0 8 0 8 2 1 153 
2 0 4 0 0 2 1 157 
1 0 10 8 1 1 1 158 
9 0 10 3 9 3 1 157 
3 1 0 0 0 0 1 158 
7 0 10 0 6 0 1 158 
10 0 6 4 6 8 1 159 
7 0 9 0 8 1 1 159 
9 0 0 7 8 9 1 159 
1 0 0 0 0 0 0 
1 0 0 0 0 0 3 161 162 163 
1 0 9 2 9 3 1 190 
1 0 9 6 3 9 3 164 167 173 
8 0 10 9 5 7 3 165 170 180 
7 0 9 1 7 4 1 171 
2 0 4 5 3 5 2 166 169 
9 0 9 2 6 2 2 177 184 
9 0 2 1 9 9 1 168 
4 0 4 3 6 9 3 169 172 174 
10 0 1 9 5 9 1 176 
1 1 0 0 0 0 1 185 
3 0 2 9 3 9 1 175 
10 1 0 0 0 0 1 183 
3 0 7 8 10 6 2 179 182 
3 0 7 2 2 2 2 176 178 
10 0 7 6 9 2 1 182 
8 0 1 8 4 1 1 186 
2 1 0 0 0 0 1 185 
9 1 0 0 0 0 1 181 
5 0 7 9 8 7 1 183 
3 0 4 6 9 1 2 183 187 
10 0 2 2 3 8 3 185 187 190 
1 1 0 0 0 0 1 184 
6 0 6 1 2 3 1 189 
4 1 0 0 0 0 2 187 190 
8 0 8 6 5 3 2 188 189 
2 0 1 3 10 3 1 188 
5 0 9 1 4 10 1 189 
1 0 2 3 6 10 1 191 
1 0 4 3 3 3 1 191 
10 0 9 5 10 9 1 191 
1 0 0 0 0 0 0 
1 0 0 0 0 0 3 193 194 195 
9 0 0 9 0 6 1 204 
3 0 0 6 3 9 2 196 197 
9 0 0 5 1 10 2 199 203 
2 0 2 4 0 0 3 198 204 212 
7 0 0 10 8 6 2 209 211 
10 0 4 6 9 9 3 200 206 208 
7 0 0 4 6 10 3 201 202 215 
3 0 5 4 0 0 3 201 202 210 
7 1 0 0 0 0 1 209 
5 0 1 0 4 10 2 216 221 
7 0 0 9 9 5 3 204 205 218 
10 1 0 0 0 0 3 210 221 222 
9 1 0 0 0 0 1 207 
2 0 5 7 8 6 2 210 215 
1 1 0 0 0 0 2 212 217 
7 0 8 0 8 2 2 209 211 
5 1 0 0 0 0 2 216 217 
3 1 0 0 0 0 1 220 
7 0 4 1 0 0 2 213 216 
4 0 2 5 0 0 2 219 220 
3 0 5 6 1 0 1 214 
2 0 2 0 7 6 1 215 
10 0 2 10 3 0 1 218 
7 0 4 6 1 9 3 218 219 220 
10 0 8 0 4 0 2 219 221 
5 0 3 4 10 3 1 222 
5 0 8 10 1 1 1 222 
5 0 2 2 9 1 1 223 
3 0 5 0 7 6 1 223 
10 0 7 6 7 5 1 223 
1 0 0 0 0 0 0 
91.26 86.82 87 86.93 88 92.11 123.45 139.83 149.84 131.54 121.14 121.58 119.48 117.47 114.66 115.27 108.46 94.18 88.51 86.7 85.76 70.08 56.86 17.38 16.04 8.47 7.34 7.12 7.03 15.13 76.84 110 100 88.31 74.53 72.82 76.77 86.47 90.35 106.92 108.22 116.84 119.23 116.86 98.51 86.43 89.45 85.5 81.1 76.42 72.9 70.69 74.45 81.4 102.22 122.51 128.15 120.69 111.97 99.25 96.53 99.95 104.64 120 122.65 125 129.9 121.08 110.18 97.63 91.66 84.21 85.47 83.26 75.96 74.75 81.28 88.44 104.91 126.9 129.99 128.59 120.1 116.62 122.63 129.32 142.34 154.49 154.42 178.18 141.42 125.43 121.19 115 110.2 100.85 106 100 95.84 92.77 95.7 103.2 120.05 131.03 141.92 134.75 127.97 125.21 120 116.09 123.91 129.9 136.99 146.32 148.14 139.57 128.15 120 116.95 101.21 110.56 97.38 90.61 86.11 82.72 82.48 86.45 92.08 100.65 97.76 96.17 94.55 94.91 94.73 96.19 105.41 105.62 113.53 114.8 101.71 92.2 81.82 73.95 58.62 21.63 7.48 4.1 0.13 0.07 0.09 2.33 5.59 14.89 18.96 13.1 13.24 12.18 17.87 33.34 73.18 88.25 95.99 104.36 103.62 88.92 85.26 88.05 80.05 91.26 86.82 87 86.93 88 92.11 123.45 139.83 149.84 131.54 121.14 121.58 119.48 117.47 114.66 115.27 108.46 94.18 88.51 86.7 85.76 70.08 56.86 17.38 16.04 8.47 7.34 7.12 7.03 15.13 76.84 110 100 88.31 74.53 72.82 76.77 86.47 90.35 106.92 108.22 116.84 119.23 116.86 98.51 86.43 89.45 85.5 81.1 76.42 72.9 70.69 74.45 81.4 102.22 122.51 128.15 120.69 111.97 99.25 96.53 99.95 104.64 120 122.65 125 129.9 121.08 110.18 97.63 91.66 84.21 85.47 83.26 75.96 74.75 81.28 88.44 104.91 126.9 129.99 128.59 120.1 116.62 122.63 129.32 142.34 154.49 154.42 178.18 141.42 125.43 121.19 115 110.2 100.85 106 100 95.84 92.77 95.7 103.2 120.05 131.03 141.92 134.75 127.97 125.21 120 116.09 123.91 129.9 136.99 146.32 148.14 139.57 128.15 120 116.95 101.21 110.56 97.38 90.61 86.11 82.72 82.48 86.45 92.08 100.65 97.76 96.17 94.55 94.91 94.73 96.19 105.41 105.62 113.53 114.8 101.71 92.2 81.82 73.95 58.62 21.63 7.48 4.1 0.13 0.07 0.09 2.33 5.59 14.89 18.96 13.1 13.24 12.18 17.87 33.34 73.18 88.25 95.99 104.36 103.62 88.92 85.26 88.05 80.05 91.26 86.82 87 86.93 88 92.11 123.45 139.83 149.84 131.54 121.14 121.58 119.48 117.47 114.66 115.27 108.46 94.18 88.51 86.7 85.76 70.08 56.86 17.38 16.04 8.47 7.34 7.12 7.03 15.13 76.84 110 100 88.31 74.53 72.82 76.77 86.47 90.35 106.92 108.22 116.84 119.23 116.86 98.51 86.43 89.45 85.5 81.1 76.42 72.9 70.69 74.45 81.4 102.22 122.51 128.15 120.69 111.97 99.25 96.53 99.95 104.64 120 122.65 125 129.9 121.08 110.18 97.63 91.66 84.21 85.47 83.26 75.96 74.75 81.28 88.44 104.91 126.9 129.99 128.59 120.1 116.62 122.63 129.32 142.34 154.49 154.42 178.18 141.42 125.43 121.19 115 110.2 100.85 106 100 95.84 92.77 95.7 103.2 120.05 131.03 141.92 134.75 127.97 125.21 120 116.09 123.91 129.9 136.99 146.32 148.14 139.57 128.15 120 116.95 101.21 110.56 97.38 90.61 86.11 82.72 82.48 86.45 92.08 100.65 97.76 96.17 94.55 94.91 94.73 96.19 105.41 105.62 113.53 114.8 101.71 92.2 81.82 73.95 58.62 
