224 5
1 45 35 37 37 
1 0 0 0 0 0 3 1 2 3 
10 0 10 7 8 10 3 7 11 18 
3 0 1 5 2 10 3 4 5 6 
7 0 3 3 4 10 1 13 
2 0 6 9 4 9 2 10 28 
5 0 3 4 7 5 3 19 27 29 
6 0 10 9 3 8 2 8 15 
7 0 7 2 3 10 2 9 22 
1 0 8 6 10 3 1 16 
3 1 0 0 0 0 1 16 
4 0 10 9 10 4 1 21 
8 0 1 7 5 6 2 12 14 
4 1 0 0 0 0 3 16 25 27 
6 0 9 4 2 7 1 19 
1 1 0 0 0 0 2 19 25 
3 0 7 9 4 7 1 29 
1 1 0 0 0 0 2 17 26 
2 1 0 0 0 0 1 20 
4 0 8 7 8 9 1 28 
4 1 0 0 0 0 1 21 
2 1 0 0 0 0 1 23 
4 0 2 6 10 4 1 30 
4 0 2 4 1 6 1 26 
1 1 0 0 0 0 1 24 
10 0 8 10 4 9 1 28 
4 1 0 0 0 0 2 26 29 
10 0 3 6 8 5 1 30 
7 1 0 0 0 0 1 30 
10 0 9 9 3 5 1 31 
2 1 0 0 0 0 1 31 
2 0 8 6 8 8 1 31 
1 0 0 0 0 0 0 
1 0 0 0 0 0 3 33 34 35 
6 0 3 5 9 3 1 36 
6 0 10 2 7 0 1 42 
8 0 0 2 6 10 3 38 39 47 
5 0 9 3 5 9 1 37 
8 1 0 0 0 0 1 50 
2 0 0 6 7 0 3 40 55 59 
5 0 5 5 0 2 2 53 56 
5 0 0 8 0 7 3 41 43 45 
6 0 7 9 5 9 3 44 46 48 
3 0 3 6 4 0 3 49 60 62 
6 0 8 1 5 0 1 48 
4 0 6 0 6 3 2 52 56 
5 1 0 0 0 0 2 51 57 
6 0 0 8 0 8 1 60 
6 1 0 0 0 0 1 53 
5 1 0 0 0 0 1 50 
4 0 3 1 7 0 2 54 58 
4 0 8 6 8 8 2 52 61 
7 0 8 7 0 5 1 52 
9 0 0 3 9 10 1 53 
8 0 3 1 0 10 1 60 
7 1 0 0 0 0 1 61 
2 0 1 6 10 0 1 58 
5 0 0 5 2 5 1 58 
5 1 0 0 0 0 1 62 
3 0 4 0 5 0 1 61 
4 0 8 0 6 1 1 62 
8 0 8 4 7 5 1 63 
7 0 0 2 2 8 1 63 
6 0 10 6 9 0 1 63 
1 0 0 0 0 0 0 
1 0 0 0 0 0 3 65 66 67 
5 0 6 3 5 5 3 84 89 90 
9 0 9 10 10 9 3 68 72 73 
9 0 8 10 2 9 3 69 75 76 
1 0 6 4 1 4 3 70 71 74 
6 0 4 2 5 10 3 78 81 82 
7 0 10 3 1 5 1 80 
8 0 6 1 10 3 3 75 76 77 
9 0 6 8 1 6 1 93 
5 0 9 2 9 3 3 86 87 91 
10 0 3 8 4 10 2 85 92 
2 0 4 5 1 2 1 84 
3 0 7 1 3 6 2 78 79 
9 0 10 8 3 4 3 80 83 88 
6 0 10 2 6 2 1 86 
2 1 0 0 0 0 2 81 84 
3 1 0 0 0 0 1 86 
9 1 0 0 0 0 3 87 90 93 
8 0 6 10 5 5 2 83 91 
7 1 0 0 0 0 1 85 
9 1 0 0 0 0 2 87 92 
7 0 1 10 7 5 2 89 93 
1 1 0 0 0 0 1 94 
10 0 3 10 2 5 1 94 
9 0 1 1 1 6 2 89 90 
7 0 4 6 2 6 1 94 
9 0 8 10 10 9 1 91 
4 0 10 10 8 2 1 92 
4 0 2 3 1 3 1 95 
10 0 6 9 2 1 1 95 
9 0 10 2 1 2 1 95 
1 0 0 0 0 0 0 
1 0 0 0 0 0 3 97 98 99 
10 0 6 2 10 9 3 100 101 110 
10 0 1 1 3 9 2 102 103 
9 0 2 9 3 5 3 102 104 112 
6 0 7 4 3 3 3 116 120 122 
9 0 6 9 8 9 3 106 107 108 
3 0 9 3 2 8 3 109 114 116 
4 0 1 4 7 2 3 112 113 116 
4 0 8 5 2 6 3 105 106 109 
7 0 8 4 6 6 1 107 
6 0 8 1 4 1 1 111 
10 0 1 5 8 9 2 111 113 
4 0 10 10 1 7 2 112 122 
3 0 4 4 5 3 3 117 118 121 
1 0 1 4 7 5 1 126 
7 0 9 10 9 9 2 118 119 
10 1 0 0 0 0 1 120 
1 0 9 9 4 6 2 115 118 
1 0 5 5 8 3 1 115 
4 1 0 0 0 0 2 119 121 
6 0 9 10 3 5 1 124 
8 0 10 4 1 9 2 119 120 
8 0 10 1 7 5 1 126 
4 1 0 0 0 0 1 126 
1 1 0 0 0 0 2 123 124 
9 0 8 2 10 7 1 122 
10 0 3 2 5 8 2 123 124 
2 0 7 3 6 5 1 125 
8 0 5 9 6 7 1 127 
9 0 5 7 3 8 1 127 
3 0 4 5 10 1 1 127 
1 0 0 0 0 0 0 
1 0 0 0 0 0 3 129 130 131 
4 0 5 6 7 7 3 137 139 147 
5 0 8 7 6 10 3 133 143 149 
3 0 6 9 4 6 2 132 133 
6 0 8 2 10 4 3 136 139 146 
6 0 5 6 4 10 3 134 137 138 
1 0 7 5 10 6 3 135 144 147 
1 0 4 9 8 9 3 142 145 154 
10 0 8 4 1 7 3 143 147 149 
5 0 4 6 6 5 3 140 142 152 
6 0 2 10 1 9 3 140 150 151 
5 0 3 1 9 4 3 140 143 151 
3 1 0 0 0 0 3 141 144 156 
9 1 0 0 0 0 2 154 157 
9 0 6 9 3 6 3 150 156 158 
7 1 0 0 0 0 3 144 145 155 
9 0 3 2 5 6 3 148 153 157 
6 0 1 9 1 10 1 152 
2 0 4 3 8 10 2 148 149 
4 0 4 6 2 7 2 148 150 
1 0 5 2 9 5 1 154 
4 1 0 0 0 0 3 151 152 155 
9 0 3 1 3 4 1 155 
9 0 2 7 10 4 1 153 
4 0 2 2 5 9 2 153 156 
3 0 9 5 2 7 1 158 
6 0 5 6 9 9 1 158 
8 0 1 9 7 3 1 157 
4 0 2 7 10 8 1 159 
2 0 6 9 4 5 1 159 
1 0 9 6 7 9 1 159 
1 0 0 0 0 0 0 
1 0 0 0 0 0 3 161 162 163 
6 0 0 3 0 0 3 169 176 185 
2 0 9 9 9 0 3 164 165 171 
8 0 8 0 4 0 3 164 165 166 
1 0 0 9 4 0 3 173 175 190 
9 0 0 0 8 0 2 172 181 
5 0 0 9 0 3 3 167 173 177 
3 0 0 5 0 9 3 168 169 174 
3 0 0 0 9 0 3 170 172 181 
1 0 9 5 2 0 2 186 187 
9 1 0 0 0 0 2 175 178 
8 0 0 0 0 8 3 176 177 187 
3 0 2 0 10 0 3 175 179 184 
3 0 9 0 3 5 3 176 179 184 
9 0 3 6 0 8 2 178 190 
9 1 0 0 0 0 3 183 185 187 
1 0 1 9 0 7 1 188 
1 0 0 0 2 0 3 178 179 181 
1 1 0 0 0 0 3 180 182 184 
10 1 0 0 0 0 2 180 182 
6 0 8 0 0 6 2 183 188 
1 1 0 0 0 0 2 182 190 
8 0 1 0 5 0 2 183 185 
9 0 0 6 6 0 1 189 
5 1 0 0 0 0 2 186 189 
4 0 0 3 3 4 1 186 
5 0 0 9 5 0 1 188 
8 0 4 0 0 0 1 189 
1 0 5 7 7 3 1 191 
9 0 0 0 10 0 1 191 
10 0 9 0 0 9 1 191 
1 0 0 0 0 0 0 
1 0 0 0 0 0 3 193 194 195 
7 0 3 2 0 6 1 199 
1 0 0 0 7 5 3 196 197 198 
7 0 0 0 4 0 2 200 213 
7 0 0 0 2 10 1 199 
4 0 9 2 10 0 3 202 212 216 
10 0 5 10 7 2 2 201 204 
7 0 0 0 8 0 2 207 208 
9 0 10 0 0 4 1 220 
8 0 6 0 0 0 3 203 208 209 
9 0 7 0 0 0 3 206 211 213 
1 0 0 10 8 0 1 205 
3 1 0 0 0 0 1 217 
3 1 0 0 0 0 2 214 222 
10 0 4 0 0 5 1 217 
6 0 0 0 7 1 1 210 
7 0 8 9 0 10 1 221 
8 0 9 5 0 0 3 215 218 219 
7 1 0 0 0 0 1 215 
9 1 0 0 0 0 1 218 
9 0 0 2 0 0 2 213 222 
10 1 0 0 0 0 1 220 
2 0 7 0 7 0 1 217 
1 0 0 0 8 0 1 221 
4 1 0 0 0 0 1 219 
1 0 9 0 0 9 1 221 
3 0 6 7 0 0 1 222 
1 0 3 10 5 0 1 220 
4 0 7 0 7 6 1 223 
7 0 7 6 2 0 1 223 
4 0 0 4 3 0 1 223 
1 0 0 0 0 0 0 
95.9 81 84 81 85.25 92.31 95.23 105 108.65 101.18 95.51 82.92 75.98 61.17 45 60.58 82.92 121.25 189.84 240.3 250.73 226.6 221.23 202 205 192.98 191.14 190.95 190 200.61 251.27 291.43 295.43 255.71 235.75 227.95 221.6 214.98 214.93 214.64 214.94 201.16 224.93 239.03 240.01 223.6 200 184.2 191 189.55 183.1 183.28 183.38 197.96 227.24 249.92 249.9 209.96 193.5 190 201.93 201.92 198.95 175 175.87 196.15 222.95 249 250 239.18 220.1 201.97 188.55 179.92 181.08 178.92 180.5 199.92 229.76 256.02 256.25 232.26 207.93 199.48 205.2 179.23 171.44 178.67 178.15 187.69 204.96 220.62 223.61 220.44 199.71 174.62 191.07 185.37 187.01 179.41 176.09 189.58 218.07 239.95 244.1 221.05 200.01 209.99 216.92 216.16 212.96 216.95 218.98 230 192.3 209.61 209.97 191.24 190.17 147.32 130.46 116.44 108.65 119.04 119.4 122.32 128.32 143.64 141.5 124.57 112.16 103.66 102.45 93.65 98.38 107.81 103.38 109.65 138.87 168.19 171.36 138.05 118.9 99.5 100.58 93.14 91.92 87.88 84.06 87.84 87.81 95.1 96.51 91.33 79.98 86.31 76.61 56.89 51.74 77.26 86.23 111.73 165.01 198.65 224.95 216.66 205.73 186.99 95.9 81 84 81 85.25 92.31 95.23 105 108.65 101.18 95.51 82.92 75.98 61.17 45 60.58 82.92 121.25 189.84 240.3 250.73 226.6 221.23 202 205 192.98 191.14 190.95 190 200.61 251.27 291.43 295.43 255.71 235.75 227.95 221.6 214.98 214.93 214.64 214.94 201.16 224.93 239.03 240.01 223.6 200 184.2 191 189.55 183.1 183.28 183.38 197.96 227.24 249.92 249.9 209.96 193.5 190 201.93 201.92 198.95 175 175.87 196.15 222.95 249 250 239.18 220.1 201.97 188.55 179.92 181.08 178.92 180.5 199.92 229.76 256.02 256.25 232.26 207.93 199.48 205.2 179.23 171.44 178.67 178.15 187.69 204.96 220.62 223.61 220.44 199.71 174.62 191.07 185.37 187.01 179.41 176.09 189.58 218.07 239.95 244.1 221.05 200.01 209.99 216.92 216.16 212.96 216.95 218.98 230 192.3 209.61 209.97 191.24 190.17 147.32 130.46 116.44 108.65 119.04 119.4 122.32 128.32 143.64 141.5 124.57 112.16 103.66 102.45 93.65 98.38 107.81 103.38 109.65 138.87 168.19 171.36 138.05 118.9 99.5 100.58 93.14 91.92 87.88 84.06 87.84 87.81 95.1 96.51 91.33 79.98 86.31 76.61 56.89 51.74 77.26 86.23 111.73 165.01 198.65 224.95 216.66 205.73 186.99 95.9 81 84 81 85.25 92.31 95.23 105 108.65 101.18 95.51 82.92 75.98 61.17 45 60.58 82.92 121.25 189.84 240.3 250.73 226.6 221.23 202 205 192.98 191.14 190.95 190 200.61 251.27 291.43 295.43 255.71 235.75 227.95 221.6 214.98 214.93 214.64 214.94 201.16 224.93 239.03 240.01 223.6 200 184.2 191 189.55 183.1 183.28 183.38 197.96 227.24 249.92 249.9 209.96 193.5 190 201.93 201.92 198.95 175 175.87 196.15 222.95 249 250 239.18 220.1 201.97 188.55 179.92 181.08 178.92 180.5 199.92 229.76 256.02 256.25 232.26 207.93 199.48 205.2 179.23 171.44 178.67 178.15 187.69 204.96 220.62 223.61 220.44 199.71 174.62 191.07 185.37 187.01 179.41 
