224 5
1 31 35 32 33 
1 0 0 0 0 0 3 1 2 3 
8 0 9 1 8 9 3 15 17 18 
2 0 7 10 5 2 3 5 12 14 
6 0 8 6 10 10 3 4 6 27 
10 0 10 7 1 4 2 7 11 
1 0 5 3 8 7 3 8 11 22 
8 0 5 7 7 3 2 13 16 
6 1 0 0 0 0 2 15 17 
8 0 9 1 1 9 2 9 10 
8 0 7 6 7 10 1 16 
1 0 7 4 6 2 1 28 
1 1 0 0 0 0 3 17 18 25 
4 0 1 5 8 2 3 26 27 30 
3 0 5 4 6 3 2 14 21 
4 1 0 0 0 0 2 22 29 
5 0 2 8 6 4 2 22 29 
7 1 0 0 0 0 3 18 20 23 
6 0 1 5 8 10 2 19 24 
5 1 0 0 0 0 1 24 
6 0 1 10 2 2 1 23 
10 0 7 9 7 2 1 25 
8 0 5 2 8 3 2 24 25 
8 0 4 5 8 5 1 23 
2 0 1 10 5 9 1 30 
8 0 1 8 4 9 1 26 
4 0 7 6 7 9 3 26 29 30 
2 0 8 1 8 10 1 28 
10 0 6 1 4 5 1 28 
6 0 5 8 9 8 1 31 
9 0 7 10 3 6 1 31 
7 0 10 3 3 2 1 31 
1 0 0 0 0 0 0 
1 0 0 0 0 0 3 33 34 35 
7 0 3 9 6 5 3 38 39 43 
9 0 10 5 8 10 2 36 43 
7 0 5 5 9 2 1 37 
4 0 5 4 8 8 1 61 
9 0 9 8 10 4 3 40 45 47 
7 0 1 9 5 5 1 60 
5 0 6 8 6 8 3 44 54 56 
7 0 8 5 7 2 3 41 42 49 
5 1 0 0 0 0 1 51 
4 0 4 9 8 5 3 53 58 59 
9 0 7 9 7 4 1 45 
3 1 0 0 0 0 3 46 50 52 
2 0 6 2 4 9 1 48 
5 1 0 0 0 0 1 60 
8 1 0 0 0 0 1 48 
2 0 6 5 2 3 1 55 
9 0 7 8 6 1 1 58 
1 1 0 0 0 0 1 51 
10 0 9 6 5 3 1 53 
5 1 0 0 0 0 1 57 
2 0 8 1 2 2 2 55 57 
2 0 3 4 9 10 1 59 
10 0 6 3 4 3 1 61 
8 0 9 4 8 8 2 57 62 
1 0 7 2 9 5 1 60 
9 0 4 1 4 2 1 62 
4 0 10 5 7 6 1 62 
8 0 10 4 5 7 1 63 
4 0 1 3 1 5 1 63 
1 0 4 2 3 8 1 63 
1 0 0 0 0 0 0 
1 0 0 0 0 0 3 65 66 67 
8 0 10 5 3 0 2 71 75 
6 0 0 3 0 6 3 69 70 79 
8 0 0 8 3 6 3 68 72 83 
6 0 9 5 2 10 3 70 76 78 
8 0 5 0 0 4 1 85 
6 0 2 6 0 0 1 73 
2 0 3 2 2 5 2 91 94 
8 0 3 9 10 4 2 82 86 
2 1 0 0 0 0 3 74 77 82 
4 1 0 0 0 0 2 80 81 
7 0 4 10 0 9 3 77 83 92 
4 0 6 2 10 0 3 84 85 92 
3 1 0 0 0 0 1 90 
7 0 0 8 9 3 3 82 88 89 
5 0 4 0 10 1 2 84 85 
5 1 0 0 0 0 1 87 
3 0 5 4 1 4 2 86 90 
10 1 0 0 0 0 2 87 90 
7 0 2 9 0 0 1 88 
8 0 2 7 2 8 2 88 89 
6 1 0 0 0 0 2 89 91 
2 1 0 0 0 0 1 87 
3 0 4 3 10 0 2 92 94 
10 0 4 1 0 0 2 93 94 
3 0 0 0 7 7 1 93 
8 0 5 0 7 0 1 91 
4 0 0 9 10 7 1 93 
4 0 6 4 4 8 1 95 
5 0 1 0 0 4 1 95 
4 0 2 3 8 9 1 95 
1 0 0 0 0 0 0 
1 0 0 0 0 0 3 97 98 99 
6 0 0 0 8 1 3 100 103 118 
1 0 0 8 6 5 3 103 109 112 
2 0 9 2 0 5 3 101 104 108 
9 0 0 3 0 3 3 102 115 116 
8 0 0 0 0 1 3 102 106 115 
5 0 0 3 0 9 1 109 
5 0 0 7 5 0 3 105 107 111 
6 0 0 0 0 7 3 119 120 121 
4 1 0 0 0 0 2 108 117 
8 0 0 10 0 3 3 111 113 123 
4 0 0 0 0 8 3 110 113 120 
10 0 0 2 5 0 1 122 
9 0 0 0 9 0 2 113 117 
2 1 0 0 0 0 1 125 
7 0 8 0 1 2 2 114 120 
6 0 0 6 7 6 1 114 
1 1 0 0 0 0 1 114 
9 0 8 0 0 9 2 122 125 
10 0 0 10 0 0 1 119 
7 0 1 3 0 8 2 117 119 
10 0 0 0 8 1 1 122 
10 1 0 0 0 0 1 126 
9 0 0 3 0 0 2 123 126 
3 1 0 0 0 0 1 125 
5 0 0 10 0 7 2 123 126 
5 0 2 0 8 10 1 124 
7 0 6 0 10 1 1 124 
8 0 5 0 0 0 1 127 
8 0 5 5 10 0 1 127 
10 0 7 0 3 2 1 127 
1 0 0 0 0 0 0 
1 0 0 0 0 0 3 129 130 131 
5 0 3 0 0 0 3 134 137 143 
2 0 0 9 0 0 3 132 139 143 
5 0 0 1 0 0 3 132 133 135 
6 0 0 7 0 0 3 137 151 157 
7 0 0 0 1 0 3 138 140 142 
8 0 0 0 0 2 3 139 140 145 
1 0 0 0 0 9 3 136 140 150 
7 0 0 1 0 0 3 139 145 147 
5 0 0 0 0 2 1 148 
6 0 0 0 5 0 3 141 143 145 
9 0 0 0 0 3 2 146 152 
5 0 0 0 0 10 1 147 
10 1 0 0 0 0 1 148 
8 0 10 0 0 0 3 147 153 154 
5 0 2 0 0 0 3 144 149 151 
7 1 0 0 0 0 3 146 148 152 
2 0 0 8 0 0 3 146 149 151 
8 1 0 0 0 0 3 154 155 157 
2 1 0 0 0 0 2 149 157 
4 0 0 5 0 0 1 150 
5 1 0 0 0 0 2 155 158 
8 0 8 0 0 0 2 153 156 
7 1 0 0 0 0 1 152 
7 0 0 0 0 9 3 153 154 155 
3 0 0 4 0 0 1 158 
5 0 0 4 0 0 2 156 158 
1 0 5 0 0 0 1 156 
5 0 0 0 10 0 1 159 
3 0 0 6 0 0 1 159 
10 0 6 0 0 0 1 159 
1 0 0 0 0 0 0 
1 0 0 0 0 0 3 161 162 163 
10 0 1 0 0 0 2 167 174 
5 0 0 0 0 10 3 170 172 186 
2 0 4 0 5 8 3 164 166 175 
4 0 2 0 0 8 3 165 178 180 
6 0 0 0 4 2 1 182 
6 0 0 4 7 2 2 169 189 
2 0 0 1 0 2 3 168 171 179 
2 0 7 0 0 6 2 176 181 
7 0 9 0 8 0 2 173 186 
2 0 1 0 4 0 1 171 
2 0 2 2 6 5 1 184 
6 0 1 5 0 0 1 184 
7 0 0 6 0 0 2 177 183 
1 0 0 10 0 0 1 186 
3 0 7 4 1 0 1 187 
5 0 0 4 1 0 2 178 189 
4 1 0 0 0 0 1 184 
4 1 0 0 0 0 1 185 
5 0 0 7 0 3 1 185 
9 0 6 5 0 0 1 189 
2 0 9 6 0 0 1 183 
9 0 7 4 1 10 2 188 190 
7 1 0 0 0 0 1 185 
10 0 6 0 6 0 1 187 
9 0 0 8 0 0 1 188 
1 0 0 0 0 7 1 187 
8 0 0 3 0 8 1 190 
2 0 0 2 0 8 1 191 
6 0 0 7 9 7 1 191 
4 0 7 0 0 6 1 191 
1 0 0 0 0 0 0 
1 0 0 0 0 0 3 193 194 195 
8 0 8 3 3 8 2 196 206 
2 0 2 10 0 5 3 197 200 202 
9 0 3 0 10 7 3 199 201 204 
5 0 2 2 0 0 3 197 202 208 
6 0 3 0 9 0 3 198 199 201 
3 0 10 10 0 6 3 203 205 213 
3 1 0 0 0 0 3 203 209 218 
6 0 10 1 6 0 3 206 213 214 
2 0 3 10 9 0 3 205 209 214 
5 0 4 0 1 5 3 210 216 217 
2 1 0 0 0 0 2 211 221 
4 0 1 4 5 0 3 206 207 219 
5 1 0 0 0 0 2 210 215 
8 0 6 3 8 0 3 212 221 222 
10 1 0 0 0 0 3 210 211 216 
7 0 0 8 10 7 3 209 211 215 
8 1 0 0 0 0 2 213 217 
3 0 0 3 0 4 2 212 218 
5 0 9 0 3 6 2 212 214 
10 0 5 7 0 3 1 220 
7 0 8 5 5 1 1 219 
5 0 0 0 9 0 1 217 
7 0 8 9 9 2 3 216 218 219 
8 0 0 4 0 6 1 221 
10 0 2 3 0 3 2 220 222 
2 0 5 4 7 0 1 220 
5 0 4 0 1 4 1 222 
5 0 6 6 2 5 1 223 
3 0 10 9 7 1 1 223 
2 0 5 5 4 6 1 223 
1 0 0 0 0 0 0 
319.65 277.83 265.42 254.36 257.93 302.44 361.88 376 385.17 366 318.61 262.94 205.35 184.36 176.01 176.7 242.15 250.75 374.82 423.08 432.42 410.5 402.27 374.97 359.96 318.58 308.61 300.01 299.35 324.82 380.47 412.59 411.43 332.54 230.3 300.33 272.86 258.94 247.57 266.77 272.8 336.58 350.85 373.51 382.16 370.66 384.96 362.35 351.39 306.88 286.38 279.99 299.48 322.79 389.83 413.89 390 343.7 261.1 227.4 216.45 202.58 181.83 169.32 212.94 254.95 301.28 370.87 380.25 383.73 374.77 275.52 231.92 165.92 152.88 162.96 158.5 127.57 207.32 236.55 247.88 254.43 249.82 279.76 228.33 210.49 165.62 185.19 241.04 216.26 240.28 203.54 245.64 258.96 247.44 194.95 178.83 188.6 187.89 201.68 185.82 225.5 359.12 399.36 409.41 321.51 290.61 235.57 164.76 168.36 144.68 147.1 168.51 229.02 279.51 364.97 397.7 418.61 410.49 354.42 350 277.58 137.34 118.86 123.33 136.77 237.19 200 234.46 110.75 93.11 69.99 27.37 28 10.11 1.95 15.66 37.32 84.31 86.29 120.94 125 104.99 56.51 43.08 2.02 1.95 3.28 40.42 37.61 41.22 6.36 1.14 2.9 3.78 8.3 8.11 0.3 3.91 1.23 4.75 52.47 110.91 322.13 369.9 378.07 389.67 373.55 319.65 277.83 265.42 254.36 257.93 302.44 361.88 376 385.17 366 318.61 262.94 205.35 184.36 176.01 176.7 242.15 250.75 374.82 423.08 432.42 410.5 402.27 374.97 359.96 318.58 308.61 300.01 299.35 324.82 380.47 412.59 411.43 332.54 230.3 300.33 272.86 258.94 247.57 266.77 272.8 336.58 350.85 373.51 382.16 370.66 384.96 362.35 351.39 306.88 286.38 279.99 299.48 322.79 389.83 413.89 390 343.7 261.1 227.4 216.45 202.58 181.83 169.32 212.94 254.95 301.28 370.87 380.25 383.73 374.77 275.52 231.92 165.92 152.88 162.96 158.5 127.57 207.32 236.55 247.88 254.43 249.82 279.76 228.33 210.49 165.62 185.19 241.04 216.26 240.28 203.54 245.64 258.96 247.44 194.95 178.83 188.6 187.89 201.68 185.82 225.5 359.12 399.36 409.41 321.51 290.61 235.57 164.76 168.36 144.68 147.1 168.51 229.02 279.51 364.97 397.7 418.61 410.49 354.42 350 277.58 137.34 118.86 123.33 136.77 237.19 200 234.46 110.75 93.11 69.99 27.37 28 10.11 1.95 15.66 37.32 84.31 86.29 120.94 125 104.99 56.51 43.08 2.02 1.95 3.28 40.42 37.61 41.22 6.36 1.14 2.9 3.78 8.3 8.11 0.3 3.91 1.23 4.75 52.47 110.91 322.13 369.9 378.07 389.67 373.55 319.65 277.83 265.42 254.36 257.93 302.44 361.88 376 385.17 366 318.61 262.94 205.35 184.36 176.01 176.7 242.15 250.75 374.82 423.08 432.42 410.5 402.27 374.97 359.96 318.58 308.61 300.01 299.35 324.82 380.47 412.59 411.43 332.54 230.3 300.33 272.86 258.94 247.57 266.77 272.8 336.58 350.85 373.51 382.16 370.66 384.96 362.35 351.39 306.88 286.38 279.99 299.48 322.79 389.83 413.89 390 343.7 261.1 227.4 216.45 202.58 
