224 5
1 27 20 29 25 
1 0 0 0 0 0 3 1 2 3 
1 0 8 0 1 0 3 5 11 12 
6 0 9 6 1 9 3 11 15 25 
7 0 7 0 1 5 3 4 7 8 
9 0 0 0 1 0 3 6 15 19 
1 0 1 0 4 0 3 10 17 22 
8 0 9 0 0 0 3 13 22 23 
10 0 8 0 0 0 2 9 21 
3 0 0 0 9 0 3 10 14 24 
8 0 0 10 0 4 3 10 19 23 
6 1 0 0 0 0 2 16 28 
9 0 3 9 0 3 2 14 18 
9 0 0 2 1 0 3 16 19 22 
10 1 0 0 0 0 3 17 21 24 
9 0 0 7 3 0 3 20 21 23 
7 0 0 0 5 0 3 16 17 26 
6 1 0 0 0 0 2 18 30 
1 1 0 0 0 0 2 18 20 
3 0 0 9 0 5 1 29 
3 1 0 0 0 0 3 20 25 30 
2 1 0 0 0 0 1 27 
8 0 0 0 10 0 2 26 27 
5 0 1 4 0 7 1 24 
1 0 9 0 0 8 3 26 27 29 
10 0 0 1 0 0 2 25 29 
3 0 1 0 5 0 1 28 
1 0 8 4 9 8 1 30 
6 0 0 0 6 0 1 28 
8 0 9 6 6 0 1 31 
5 0 1 5 8 0 1 31 
6 0 0 7 0 0 1 31 
1 0 0 0 0 0 0 
1 0 0 0 0 0 3 33 34 35 
5 0 4 0 7 0 2 37 57 
6 0 2 0 5 0 3 36 52 59 
3 0 10 0 7 0 3 43 45 55 
4 0 0 5 0 7 3 37 40 41 
1 0 0 0 0 7 3 38 39 51 
6 0 0 0 0 3 2 44 50 
7 0 0 0 0 9 3 43 50 54 
9 0 0 3 0 0 2 47 48 
7 0 0 5 0 9 3 42 46 49 
5 0 5 0 0 1 2 47 48 
10 0 0 2 7 0 1 61 
7 1 0 0 0 0 2 45 60 
1 0 0 9 0 0 1 56 
4 1 0 0 0 0 1 48 
1 1 0 0 0 0 3 55 57 62 
9 1 0 0 0 0 3 53 56 57 
4 1 0 0 0 0 3 50 53 54 
10 0 0 6 9 1 1 56 
3 0 10 0 4 0 2 53 61 
7 0 0 9 7 10 1 55 
6 0 0 7 0 3 1 58 
4 1 0 0 0 0 1 58 
9 0 3 5 0 8 1 60 
2 0 0 3 7 0 1 62 
3 0 0 8 5 6 1 58 
10 0 2 9 7 0 1 60 
2 0 0 8 0 9 2 61 62 
3 0 0 0 0 10 1 63 
2 0 0 0 0 3 1 63 
9 0 0 4 7 8 1 63 
1 0 0 0 0 0 0 
1 0 0 0 0 0 3 65 66 67 
2 0 0 0 9 0 3 70 80 86 
3 0 3 0 0 0 3 69 71 94 
9 0 0 0 7 0 3 68 79 89 
2 0 0 0 0 10 2 76 82 
2 0 0 0 0 1 1 86 
4 0 2 0 0 0 2 72 73 
8 0 0 0 7 0 1 72 
3 0 0 2 0 0 2 78 83 
9 0 0 3 0 0 2 74 92 
7 0 8 0 0 0 1 75 
10 1 0 0 0 0 1 78 
8 0 1 0 0 0 2 77 83 
7 1 0 0 0 0 2 78 87 
8 0 10 0 0 0 1 91 
6 0 0 6 0 0 1 84 
2 0 0 10 0 0 1 81 
4 0 0 0 0 6 3 85 90 92 
9 0 0 1 0 0 1 88 
3 1 0 0 0 0 1 93 
2 0 9 0 0 0 1 86 
7 0 3 0 0 0 1 91 
1 1 0 0 0 0 2 87 91 
3 0 4 0 0 0 1 92 
9 1 0 0 0 0 1 90 
5 0 8 0 0 0 1 90 
3 0 0 0 5 0 1 94 
1 0 0 10 0 0 1 93 
9 0 0 0 0 10 1 95 
7 0 9 0 0 0 1 95 
4 0 3 0 0 0 1 95 
1 0 0 0 0 0 0 
1 0 0 0 0 0 3 97 98 99 
9 0 0 7 0 0 3 101 103 109 
10 0 0 0 0 5 3 100 111 112 
5 0 0 0 5 0 3 107 111 112 
1 0 0 2 0 0 3 102 105 108 
3 0 0 0 5 0 3 102 119 123 
5 0 0 0 0 4 2 104 106 
9 0 0 0 9 0 3 110 113 118 
5 1 0 0 0 0 1 126 
10 0 0 9 0 0 3 118 120 126 
8 0 0 0 0 5 2 113 125 
7 0 0 0 4 0 1 115 
2 0 0 9 0 0 2 116 119 
8 0 4 0 0 0 1 113 
3 0 0 0 8 0 1 116 
6 0 0 0 0 6 2 114 115 
1 0 0 5 0 0 3 121 123 125 
10 1 0 0 0 0 2 124 126 
10 0 2 0 0 0 2 119 122 
8 0 0 2 0 0 2 116 118 
9 1 0 0 0 0 3 117 121 125 
1 1 0 0 0 0 1 120 
3 0 0 0 3 0 1 122 
8 1 0 0 0 0 1 121 
6 0 4 0 0 0 1 122 
3 0 0 0 1 0 1 124 
9 0 7 0 0 0 1 123 
7 0 6 0 0 0 1 124 
10 0 0 0 0 5 1 127 
10 0 6 0 0 0 1 127 
10 0 0 2 0 0 1 127 
1 0 0 0 0 0 0 
1 0 0 0 0 0 3 129 130 131 
7 0 7 0 0 0 2 132 140 
10 0 0 3 0 0 1 145 
3 0 0 0 0 10 2 144 155 
10 0 0 9 0 0 3 133 135 139 
5 0 0 0 0 4 3 134 136 138 
2 1 0 0 0 0 1 145 
10 0 0 0 0 7 1 137 
9 1 0 0 0 0 2 143 144 
9 0 0 0 3 0 3 147 155 157 
8 1 0 0 0 0 3 142 143 156 
2 0 0 1 0 0 3 142 147 153 
4 0 0 9 0 0 2 141 149 
8 1 0 0 0 0 1 156 
1 0 0 2 0 0 3 148 150 151 
1 1 0 0 0 0 2 146 150 
9 1 0 0 0 0 2 146 154 
7 1 0 0 0 0 3 153 154 158 
2 0 10 0 0 0 3 148 151 153 
3 1 0 0 0 0 1 148 
1 0 0 0 0 6 1 152 
8 0 0 0 0 4 2 151 154 
4 1 0 0 0 0 2 152 155 
3 0 0 0 0 1 1 152 
8 0 0 0 0 5 1 158 
10 0 10 0 0 0 1 157 
5 0 0 0 3 0 2 156 157 
1 0 0 10 0 0 1 158 
8 0 0 5 0 0 1 159 
1 0 0 0 5 0 1 159 
7 0 5 0 0 0 1 159 
1 0 0 0 0 0 0 
1 0 0 0 0 0 3 161 162 163 
7 0 4 0 6 0 3 164 168 171 
1 0 0 7 8 1 3 167 175 179 
10 0 0 2 1 0 3 165 166 169 
5 0 9 0 10 0 3 165 166 172 
7 0 0 10 0 5 3 167 173 174 
5 0 0 0 7 9 3 176 185 187 
6 0 0 0 6 0 3 176 178 186 
10 0 2 0 0 2 3 170 177 180 
5 0 0 0 0 9 3 170 171 172 
4 0 0 3 0 0 3 173 174 181 
1 0 0 4 6 0 3 173 178 181 
10 0 3 0 7 0 3 175 177 180 
7 1 0 0 0 0 3 175 179 182 
8 1 0 0 0 0 3 179 186 187 
10 1 0 0 0 0 3 176 186 190 
2 0 0 3 6 0 1 189 
4 1 0 0 0 0 2 183 185 
2 1 0 0 0 0 2 180 185 
10 1 0 0 0 0 1 188 
7 1 0 0 0 0 1 182 
7 0 2 1 0 7 1 182 
5 1 0 0 0 0 2 183 189 
1 1 0 0 0 0 2 184 188 
9 0 6 4 0 8 1 187 
2 0 4 0 0 3 2 189 190 
6 0 0 5 10 0 1 188 
3 0 9 0 6 0 1 190 
3 0 0 0 4 0 1 191 
1 0 9 0 5 2 1 191 
8 0 7 10 7 0 1 191 
1 0 0 0 0 0 0 
1 0 0 0 0 0 3 193 194 195 
9 0 6 1 8 6 3 196 200 202 
1 0 0 9 5 0 3 199 206 213 
3 0 7 0 0 1 3 204 208 213 
7 0 2 0 7 8 3 197 201 210 
4 0 2 9 8 9 3 198 204 209 
9 0 6 5 9 0 3 203 205 216 
3 0 9 0 3 2 3 201 209 210 
6 0 3 0 0 0 3 204 206 217 
1 0 3 5 2 8 3 212 214 215 
4 0 0 6 4 10 3 211 215 216 
6 0 0 10 8 9 3 207 214 218 
5 0 6 5 3 2 3 207 221 222 
7 1 0 0 0 0 3 207 208 213 
4 0 6 9 0 8 2 208 210 
1 0 0 6 8 10 1 211 
9 0 1 2 0 1 2 211 219 
7 0 7 4 7 10 2 216 218 
4 0 0 10 0 9 2 212 218 
1 0 0 5 1 8 1 212 
10 0 7 0 2 3 1 220 
8 0 1 9 3 10 2 214 215 
7 0 5 9 6 10 2 217 219 
2 0 4 10 0 5 1 221 
5 1 0 0 0 0 1 217 
4 0 4 0 5 3 2 220 222 
8 1 0 0 0 0 3 219 220 221 
8 0 0 8 7 8 1 222 
5 0 4 6 8 0 1 223 
1 0 0 4 9 1 1 223 
6 0 4 9 0 3 1 223 
1 0 0 0 0 0 0 
128.31 114.41 105.65 89.64 94.02 124.68 165.02 232.37 262.49 202.23 132.79 122.81 106.34 125.69 131.6 152.22 184.31 234.95 277.19 266.48 249.49 198.62 163.35 145.29 141.64 135.71 140.35 139.95 150.54 154.85 207.72 272.55 286.73 245.8 202.56 180.56 167.39 153.92 154.82 170.24 203.98 230.8 264.24 276.12 225 176.92 163.24 154.14 134.34 125.18 121.42 125.18 133.39 148.76 169.93 239.81 247.74 211.59 182.47 172.73 152.41 146.73 142.91 156.26 169.84 197.44 240.55 235.33 192.01 156.27 152.72 135.47 128.37 116.03 86.78 100.93 104.96 136.26 190.82 210 214.91 167.65 169.83 157.98 156.43 147.67 146.5 168.9 178.33 229.84 227.48 237.83 199.98 174.74 166.27 149.33 132.61 118.62 113.36 111.01 114.08 133.24 170.18 232.38 239.46 221.29 186.24 179.28 174.91 166.59 178.22 188.38 216.65 220.38 229.9 230.94 200.91 178.38 164.21 144.39 146.16 134.74 128.69 132.08 131.99 134.19 134.17 145.61 154.53 156.7 156.39 150.16 144.52 137.01 130.58 130.32 142.89 167.82 181.99 184.37 168.33 143 137.01 132.42 110.66 99.15 93.54 90 91.73 88.56 102.81 109.56 121.19 114.81 96 93.29 83.77 76.17 78.31 88.64 102.37 120.76 132.61 134.88 120.47 107.49 100.97 86.11 128.31 114.41 105.65 89.64 94.02 124.68 165.02 232.37 262.49 202.23 132.79 122.81 106.34 125.69 131.6 152.22 184.31 234.95 277.19 266.48 249.49 198.62 163.35 145.29 141.64 135.71 140.35 139.95 150.54 154.85 207.72 272.55 286.73 245.8 202.56 180.56 167.39 153.92 154.82 170.24 203.98 230.8 264.24 276.12 225 176.92 163.24 154.14 134.34 125.18 121.42 125.18 133.39 148.76 169.93 239.81 247.74 211.59 182.47 172.73 152.41 146.73 142.91 156.26 169.84 197.44 240.55 235.33 192.01 156.27 152.72 135.47 128.37 116.03 86.78 100.93 104.96 136.26 190.82 210 214.91 167.65 169.83 157.98 156.43 147.67 146.5 168.9 178.33 229.84 227.48 237.83 199.98 174.74 166.27 149.33 132.61 118.62 113.36 111.01 114.08 133.24 170.18 232.38 239.46 221.29 186.24 179.28 174.91 166.59 178.22 188.38 216.65 220.38 229.9 230.94 200.91 178.38 164.21 144.39 146.16 134.74 128.69 132.08 131.99 134.19 134.17 145.61 154.53 156.7 156.39 150.16 144.52 137.01 130.58 130.32 142.89 167.82 181.99 184.37 168.33 143 137.01 132.42 110.66 99.15 93.54 90 91.73 88.56 102.81 109.56 121.19 114.81 96 93.29 83.77 76.17 78.31 88.64 102.37 120.76 132.61 134.88 120.47 107.49 100.97 86.11 128.31 114.41 105.65 89.64 94.02 124.68 165.02 232.37 262.49 202.23 132.79 122.81 106.34 125.69 131.6 152.22 184.31 234.95 277.19 266.48 249.49 198.62 163.35 145.29 141.64 135.71 140.35 139.95 150.54 154.85 207.72 272.55 286.73 245.8 202.56 180.56 167.39 153.92 154.82 170.24 203.98 230.8 264.24 276.12 225 176.92 163.24 154.14 134.34 125.18 121.42 125.18 133.39 148.76 169.93 239.81 247.74 211.59 182.47 172.73 152.41 146.73 142.91 156.26 169.84 197.44 240.55 235.33 192.01 156.27 152.72 135.47 128.37 116.03 86.78 100.93 104.96 136.26 190.82 210 214.91 167.65 169.83 157.98 156.43 147.67 146.5 168.9 178.33 229.84 227.48 237.83 199.98 174.74 166.27 149.33 132.61 118.62 113.36 111.01 114.08 133.24 170.18 232.38 239.46 221.29 186.24 179.28 174.91 166.59 178.22 188.38 216.65 220.38 229.9 230.94 200.91 178.38 164.21 144.39 146.16 134.74 128.69 132.08 131.99 134.19 134.17 145.61 154.53 156.7 156.39 150.16 144.52 137.01 130.58 130.32 142.89 167.82 181.99 184.37 168.33 143 137.01 132.42 110.66 99.15 93.54 90 91.73 88.56 102.81 109.56 121.19 114.81 96 93.29 83.77 76.17 78.31 88.64 102.37 120.76 132.61 134.88 120.47 107.49 100.97 86.11 128.31 114.41 105.65 89.64 94.02 124.68 165.02 232.37 262.49 202.23 132.79 122.81 106.34 125.69 131.6 152.22 184.31 234.95 
