224 5
1 40 35 30 29 
1 0 0 0 0 0 3 1 2 3 
6 0 8 4 7 7 3 4 22 26 
1 0 5 1 5 1 3 6 11 15 
8 0 1 4 1 3 2 7 8 
8 0 6 2 1 9 2 5 9 
9 0 1 2 8 6 3 6 12 24 
8 1 0 0 0 0 1 19 
6 0 9 4 9 6 1 13 
5 1 0 0 0 0 3 10 21 22 
1 0 9 5 3 1 3 14 17 28 
8 0 1 10 4 6 1 30 
4 0 2 3 7 10 1 18 
3 0 2 1 10 6 1 30 
1 1 0 0 0 0 2 16 25 
3 0 5 2 6 6 2 19 20 
1 0 3 10 10 8 1 20 
6 0 10 8 4 8 1 27 
1 1 0 0 0 0 1 23 
7 0 3 9 4 7 1 24 
10 0 8 4 3 5 1 25 
4 0 10 1 7 7 1 24 
2 1 0 0 0 0 2 26 28 
10 0 3 2 8 9 1 30 
2 0 3 1 3 7 1 27 
6 1 0 0 0 0 1 25 
2 0 10 1 10 1 1 27 
3 0 4 9 4 1 1 29 
7 0 8 4 10 1 1 29 
2 0 8 10 7 3 1 31 
2 0 9 7 8 1 1 31 
1 0 9 3 6 6 1 31 
1 0 0 0 0 0 0 
1 0 0 0 0 0 3 33 34 35 
5 0 5 4 5 2 3 37 38 40 
2 0 7 3 3 10 3 43 44 49 
9 0 7 1 2 5 3 36 43 47 
3 0 6 7 4 6 3 53 56 58 
2 0 9 2 7 2 3 39 41 42 
6 0 4 9 7 4 3 41 42 49 
5 0 1 3 5 2 3 45 46 53 
7 0 5 7 3 1 3 44 46 47 
1 0 5 1 4 2 3 47 57 60 
2 0 6 9 2 3 3 55 59 61 
7 0 4 9 2 1 3 45 46 50 
10 0 2 8 10 9 3 50 52 54 
7 0 2 8 8 1 2 48 54 
8 0 10 3 2 5 3 52 60 61 
1 1 0 0 0 0 1 62 
9 1 0 0 0 0 2 51 55 
9 0 7 10 8 4 3 51 52 54 
2 0 7 7 7 3 3 51 53 55 
4 1 0 0 0 0 2 56 58 
10 1 0 0 0 0 1 57 
10 1 0 0 0 0 1 61 
9 0 1 8 7 1 2 56 57 
6 1 0 0 0 0 2 58 60 
7 0 6 10 4 8 1 59 
8 0 1 3 2 5 1 59 
9 0 6 3 4 6 1 62 
8 0 8 2 9 9 1 62 
6 0 5 5 8 3 1 63 
9 0 7 5 3 8 1 63 
9 0 6 9 1 7 1 63 
1 0 0 0 0 0 0 
1 0 0 0 0 0 3 65 66 67 
2 0 0 3 0 0 3 72 83 85 
10 0 0 8 10 3 3 69 78 81 
7 0 3 4 10 8 3 68 70 71 
9 0 6 4 10 0 3 79 83 85 
7 0 0 8 1 0 3 76 80 86 
2 0 0 5 10 3 2 76 87 
4 0 1 4 0 0 3 73 91 92 
2 0 1 2 0 0 3 74 75 77 
2 1 0 0 0 0 1 79 
10 0 0 6 1 1 2 86 89 
8 0 10 8 4 0 2 81 87 
8 1 0 0 0 0 3 79 83 88 
2 0 0 0 0 7 3 80 84 89 
6 0 0 0 0 3 2 82 88 
3 0 3 1 0 9 1 89 
3 1 0 0 0 0 1 82 
4 0 0 5 0 0 1 92 
2 1 0 0 0 0 1 94 
5 1 0 0 0 0 2 92 94 
10 0 2 0 0 0 1 86 
2 1 0 0 0 0 2 91 93 
6 0 5 0 4 2 1 87 
8 0 0 0 0 5 1 88 
5 0 9 0 10 0 2 90 93 
7 0 5 0 0 0 1 93 
3 0 0 0 9 5 1 91 
5 0 0 0 0 8 1 94 
10 0 0 3 1 0 1 95 
4 0 0 6 6 9 1 95 
3 0 0 1 7 2 1 95 
1 0 0 0 0 0 0 
1 0 0 0 0 0 3 97 98 99 
2 0 1 7 2 2 3 102 105 117 
5 0 7 3 3 6 1 117 
8 0 9 7 3 8 3 100 101 103 
6 0 6 5 1 1 3 107 116 120 
8 0 1 7 1 1 3 102 104 109 
1 0 10 1 1 3 1 118 
4 0 10 9 6 2 2 106 121 
1 0 6 3 8 3 3 111 112 113 
8 0 5 7 4 8 2 110 116 
5 0 3 3 7 9 3 114 119 120 
2 0 1 8 1 4 1 108 
4 0 3 5 9 2 1 111 
9 1 0 0 0 0 2 115 116 
5 0 1 10 6 1 2 114 125 
9 0 4 8 5 4 3 119 121 123 
2 1 0 0 0 0 2 114 124 
7 0 5 2 5 9 2 115 122 
2 1 0 0 0 0 1 126 
4 1 0 0 0 0 1 123 
1 0 5 1 1 5 2 118 122 
9 1 0 0 0 0 3 118 120 121 
5 0 7 9 8 4 1 123 
3 1 0 0 0 0 2 122 124 
3 0 1 8 5 10 1 124 
4 0 3 6 2 1 2 125 126 
10 0 6 6 4 7 1 126 
2 0 8 8 9 8 1 125 
5 0 7 2 1 6 1 127 
1 0 7 9 1 9 1 127 
8 0 9 1 5 3 1 127 
1 0 0 0 0 0 0 
1 0 0 0 0 0 3 129 130 131 
4 0 4 8 0 0 3 132 134 143 
1 0 5 0 0 5 2 133 141 
5 0 4 0 0 3 2 135 154 
9 0 0 3 0 3 3 142 145 157 
10 0 0 4 3 0 3 137 138 153 
6 0 9 0 2 2 1 148 
1 0 0 4 0 0 3 136 138 156 
9 0 9 5 0 0 2 146 149 
2 0 0 10 7 0 1 144 
8 0 0 0 7 3 3 139 140 147 
8 1 0 0 0 0 1 146 
8 1 0 0 0 0 1 149 
2 0 4 10 0 7 1 149 
2 0 8 0 3 0 3 147 152 155 
10 0 3 2 4 5 1 155 
8 0 7 5 0 0 1 157 
10 0 10 3 0 0 1 150 
2 0 0 0 1 0 1 152 
10 1 0 0 0 0 1 158 
5 0 3 0 5 0 1 151 
3 1 0 0 0 0 1 152 
6 1 0 0 0 0 1 151 
5 0 2 5 0 4 1 153 
10 0 0 0 0 2 1 158 
10 0 5 6 0 10 1 158 
8 0 0 5 0 0 1 155 
10 0 0 5 0 0 1 156 
2 0 0 0 3 1 1 159 
10 1 0 0 0 0 1 159 
3 0 3 0 5 0 1 159 
1 0 0 0 0 0 0 
1 0 0 0 0 0 3 161 162 163 
3 0 7 0 0 0 3 166 169 170 
3 0 0 0 0 3 1 164 
9 0 1 0 0 0 3 165 169 180 
1 0 0 5 0 0 1 187 
7 0 0 6 0 0 3 170 173 184 
4 0 0 0 0 8 2 167 181 
4 0 0 0 6 0 3 168 174 180 
4 1 0 0 0 0 2 172 176 
3 0 10 0 0 0 3 171 177 183 
1 1 0 0 0 0 3 185 186 187 
6 0 0 9 0 0 3 172 178 179 
8 1 0 0 0 0 1 173 
5 0 1 0 0 0 3 185 186 187 
4 0 6 0 0 0 3 175 177 183 
9 0 0 0 7 0 2 178 182 
2 0 0 0 6 0 2 177 190 
5 1 0 0 0 0 1 178 
1 0 7 0 0 0 1 184 
1 1 0 0 0 0 3 182 189 190 
5 0 0 1 0 0 1 189 
3 0 0 0 0 2 1 189 
5 1 0 0 0 0 1 184 
2 0 0 0 8 0 2 185 188 
10 0 3 0 0 0 1 186 
1 0 0 0 4 0 1 190 
1 0 0 0 0 8 1 188 
3 0 0 9 0 0 1 188 
4 0 8 0 0 0 1 191 
9 0 0 0 6 0 1 191 
6 0 0 0 0 3 1 191 
1 0 0 0 0 0 0 
1 0 0 0 0 0 3 193 194 195 
6 0 1 6 5 3 1 196 
4 0 0 6 3 6 3 198 203 204 
6 0 8 10 10 2 2 197 203 
6 0 2 1 2 1 3 211 212 216 
2 0 3 0 0 3 2 210 215 
3 0 0 0 4 0 3 199 200 201 
9 0 8 0 5 8 3 207 212 220 
9 0 1 4 2 0 2 202 211 
9 0 4 8 0 6 3 205 209 214 
2 1 0 0 0 0 3 210 213 214 
2 1 0 0 0 0 1 219 
3 0 2 6 10 8 1 206 
8 1 0 0 0 0 3 206 210 213 
9 0 7 5 7 0 1 216 
10 0 5 0 0 6 1 208 
2 1 0 0 0 0 2 209 219 
2 0 4 7 0 2 1 222 
9 0 5 0 5 7 2 216 218 
10 0 2 0 4 0 1 213 
4 1 0 0 0 0 2 215 219 
1 0 4 0 6 2 3 217 218 221 
2 0 4 4 8 3 3 215 217 222 
3 0 0 2 3 8 1 221 
5 0 2 8 10 8 1 217 
1 0 0 0 7 4 1 220 
2 0 4 1 7 1 1 220 
2 0 4 6 3 8 2 221 222 
4 0 6 5 0 10 1 223 
1 0 0 10 2 0 1 223 
10 0 6 5 1 0 1 223 
1 0 0 0 0 0 0 
73.62 81.97 64.87 64.87 73.38 85.97 145 188.09 180 154.01 135.42 122.77 119.56 110.53 114.07 125.08 176.94 189.42 212.62 209.74 167.24 142.66 124.41 109.79 109.06 98.25 87.12 79.22 87.62 100.71 130.51 178.1 180.16 151 138.14 130.43 127.56 111.36 104.08 113.69 131.21 174.14 195.52 201.62 160.44 134.69 124.61 112.33 98.12 91.75 88.61 90.83 98.41 113.84 149.38 155 176.1 154.52 134.6 130.75 125.38 114.57 117.43 133.6 145.67 156.1 207.48 205.5 171.72 168.91 115.41 103.27 115.02 103.99 101 101.67 105.24 133.12 156.21 211.3 211.26 164.94 137.61 128.02 120.26 114.13 119.25 133.11 147.91 173.27 203.35 166.67 150.3 137.32 135.94 109.11 100.01 101.82 94.42 89.17 97.26 108.12 124.6 137.56 148.83 137.21 132.05 123.08 113.87 104.64 111.11 120.01 126.01 133.43 142.08 147.2 128.07 114.46 107.99 97.07 94.68 92.77 90.41 87.98 87 87.46 91.7 100.25 115.04 109 95.48 87 84.74 82.16 84.46 92.44 112.27 134.24 141.2 140.64 121.57 109.9 104.06 97.49 102.97 100.45 100.12 99.37 98.16 98.4 98.98 100.55 109.57 112.24 103.78 97.81 100.03 100 100 109.43 124.61 140.69 156 170.38 165 147.52 139.87 127 73.62 81.97 64.87 64.87 73.38 85.97 145 188.09 180 154.01 135.42 122.77 119.56 110.53 114.07 125.08 176.94 189.42 212.62 209.74 167.24 142.66 124.41 109.79 109.06 98.25 87.12 79.22 87.62 100.71 130.51 178.1 180.16 151 138.14 130.43 127.56 111.36 104.08 113.69 131.21 174.14 195.52 201.62 160.44 134.69 124.61 112.33 98.12 91.75 88.61 90.83 98.41 113.84 149.38 155 176.1 154.52 134.6 130.75 125.38 114.57 117.43 133.6 145.67 156.1 207.48 205.5 171.72 168.91 115.41 103.27 115.02 103.99 101 101.67 105.24 133.12 156.21 211.3 211.26 164.94 137.61 128.02 120.26 114.13 119.25 133.11 147.91 173.27 203.35 166.67 150.3 137.32 135.94 109.11 100.01 101.82 94.42 89.17 97.26 108.12 124.6 137.56 148.83 137.21 132.05 123.08 113.87 104.64 111.11 120.01 126.01 133.43 142.08 147.2 128.07 114.46 107.99 97.07 94.68 92.77 90.41 87.98 87 87.46 91.7 100.25 115.04 109 95.48 87 84.74 82.16 84.46 92.44 112.27 134.24 141.2 140.64 121.57 109.9 104.06 97.49 102.97 100.45 100.12 99.37 98.16 98.4 98.98 100.55 109.57 112.24 103.78 97.81 100.03 100 100 109.43 124.61 140.69 156 170.38 165 147.52 139.87 127 73.62 81.97 64.87 64.87 73.38 85.97 145 188.09 180 154.01 135.42 122.77 119.56 110.53 114.07 125.08 176.94 189.42 212.62 209.74 167.24 142.66 124.41 109.79 109.06 98.25 87.12 79.22 87.62 100.71 130.51 178.1 180.16 151 138.14 130.43 127.56 111.36 104.08 113.69 131.21 174.14 195.52 201.62 160.44 134.69 124.61 112.33 98.12 91.75 88.61 90.83 98.41 113.84 149.38 155 176.1 154.52 134.6 130.75 125.38 114.57 117.43 133.6 145.67 156.1 207.48 205.5 171.72 168.91 115.41 103.27 115.02 103.99 101 101.67 105.24 133.12 156.21 211.3 
