256 5
1 31 27 27 28 
1 0 0 0 0 0 3 1 2 3 
10 0 0 0 5 0 1 6 
4 0 0 9 0 0 1 5 
3 0 0 0 1 0 3 4 5 8 
1 0 6 0 0 0 3 7 18 20 
5 0 0 0 4 0 1 22 
4 0 0 10 0 0 1 18 
6 0 0 0 0 7 3 9 14 16 
4 0 5 0 0 0 3 13 17 23 
4 0 0 0 0 8 3 10 17 22 
7 0 10 0 0 0 3 11 12 21 
2 1 0 0 0 0 1 15 
3 0 3 0 0 0 2 19 27 
5 0 0 0 0 3 2 19 26 
6 0 0 0 8 0 2 23 30 
10 0 0 9 0 0 2 19 25 
4 0 0 0 8 0 3 21 22 26 
3 1 0 0 0 0 1 24 
7 1 0 0 0 0 3 21 25 30 
9 1 0 0 0 0 1 24 
4 0 0 2 0 0 2 24 25 
3 0 0 0 3 0 1 29 
9 1 0 0 0 0 2 23 27 
3 1 0 0 0 0 2 28 29 
10 0 0 0 2 0 2 28 30 
8 1 0 0 0 0 2 26 28 
4 0 0 0 4 0 1 27 
8 0 0 0 4 0 1 29 
1 0 0 8 0 0 1 31 
10 0 0 3 0 0 1 31 
9 0 0 4 0 0 1 31 
1 0 0 0 0 0 0 
1 0 0 0 0 0 3 33 34 35 
10 0 0 5 2 3 2 46 57 
7 0 7 0 2 7 2 37 39 
7 0 8 10 4 4 3 36 38 55 
5 0 2 1 0 0 1 48 
7 0 10 1 0 0 1 46 
8 0 9 5 1 2 1 60 
3 0 3 8 1 6 3 40 41 44 
1 0 1 4 8 9 2 43 45 
10 0 2 7 10 4 2 42 54 
9 0 0 0 7 2 1 47 
9 0 8 0 0 9 1 58 
3 0 9 6 3 6 3 47 51 53 
4 0 8 10 3 8 1 58 
9 0 1 6 5 0 3 49 50 52 
5 0 4 0 2 9 1 52 
8 1 0 0 0 0 1 62 
3 1 0 0 0 0 2 54 59 
10 0 7 0 3 1 1 56 
9 1 0 0 0 0 1 55 
3 0 8 7 1 0 1 61 
5 0 0 2 2 4 2 57 61 
10 0 10 0 0 3 1 58 
7 0 0 8 5 0 2 59 62 
2 0 1 0 0 8 1 61 
8 0 9 10 9 7 1 59 
2 0 0 4 7 10 1 62 
7 0 7 1 1 0 1 60 
6 0 3 0 0 1 1 63 
10 0 2 2 0 9 1 63 
1 0 3 0 8 10 1 63 
1 0 0 0 0 0 0 
1 0 0 0 0 0 3 65 66 67 
6 0 4 10 2 2 1 91 
1 0 1 9 8 1 3 68 73 75 
10 0 3 5 6 4 3 69 71 72 
7 0 8 4 4 6 2 70 74 
3 0 10 2 7 8 2 77 78 
9 0 4 4 8 1 3 80 82 89 
8 0 1 4 6 6 1 76 
2 0 6 1 3 4 3 81 84 86 
9 0 10 6 10 2 2 74 90 
8 0 6 5 3 2 2 81 84 
9 0 1 4 1 4 3 79 83 91 
5 1 0 0 0 0 3 82 87 89 
10 0 3 8 4 5 3 80 82 84 
8 1 0 0 0 0 2 93 94 
3 0 10 1 3 10 3 86 87 92 
8 1 0 0 0 0 3 81 83 87 
5 1 0 0 0 0 2 91 93 
6 0 1 1 8 1 1 90 
3 0 10 1 1 10 1 85 
3 1 0 0 0 0 1 89 
6 0 6 6 8 7 1 86 
1 0 10 2 4 9 1 88 
6 0 2 7 5 8 1 94 
2 0 4 6 8 2 2 90 93 
2 0 10 1 5 5 1 92 
5 0 6 10 2 3 1 94 
1 0 7 4 3 3 1 92 
6 0 3 6 5 3 1 95 
8 0 7 8 5 1 1 95 
5 0 7 6 10 1 1 95 
1 0 0 0 0 0 0 
1 0 0 0 0 0 3 97 98 99 
1 0 0 0 0 10 3 100 101 107 
7 0 0 0 3 0 2 102 112 
9 0 6 0 0 0 3 103 110 120 
6 0 0 0 0 7 1 103 
8 0 7 0 0 0 1 113 
7 0 0 7 0 0 3 105 111 122 
9 0 0 5 0 0 3 104 106 108 
10 0 2 0 0 0 2 121 124 
8 1 0 0 0 0 1 108 
4 0 0 0 5 0 3 113 116 125 
8 0 0 0 3 0 2 109 119 
9 1 0 0 0 0 1 115 
8 0 0 0 0 10 1 114 
3 0 7 0 0 0 1 113 
4 0 0 0 0 1 3 116 117 118 
1 0 0 0 0 9 1 126 
8 1 0 0 0 0 1 114 
1 1 0 0 0 0 1 117 
10 0 3 0 0 0 1 125 
9 1 0 0 0 0 1 126 
6 0 0 0 8 0 1 123 
3 0 0 0 9 0 1 126 
9 0 0 0 0 8 1 123 
4 0 0 0 0 9 1 123 
8 0 0 0 2 0 1 125 
1 1 0 0 0 0 1 124 
2 0 0 5 0 0 1 124 
4 0 0 1 0 0 1 127 
5 0 0 0 0 7 1 127 
8 0 10 0 0 0 1 127 
1 0 0 0 0 0 0 
1 0 0 0 0 0 3 129 130 131 
10 0 5 3 6 9 3 139 145 149 
2 0 0 1 0 8 3 132 135 136 
10 0 2 0 6 6 3 133 138 146 
9 0 6 7 6 3 3 134 141 150 
9 0 4 0 0 0 3 137 139 145 
9 0 3 5 10 0 3 137 140 142 
9 0 9 8 10 7 3 143 147 150 
4 0 0 10 8 1 3 140 141 152 
6 1 0 0 0 0 3 143 144 156 
1 0 5 4 6 3 3 144 150 155 
1 1 0 0 0 0 2 148 152 
10 1 0 0 0 0 3 144 146 147 
5 0 4 5 5 0 2 143 148 
5 0 6 0 1 7 3 145 146 149 
1 1 0 0 0 0 2 151 153 
4 0 2 9 0 10 1 153 
1 1 0 0 0 0 2 152 154 
6 0 1 0 5 0 3 154 155 157 
10 0 0 8 9 4 2 148 149 
2 0 7 8 5 0 1 158 
5 0 0 8 8 10 1 151 
8 1 0 0 0 0 3 151 153 156 
10 0 6 5 2 6 1 157 
10 0 0 2 4 0 3 155 156 157 
5 0 6 0 0 6 1 154 
3 0 9 10 7 0 1 158 
4 0 2 2 0 0 1 158 
8 0 5 4 10 0 1 159 
4 0 3 8 5 0 1 159 
8 0 2 5 6 8 1 159 
1 0 0 0 0 0 0 
1 0 0 0 0 0 3 161 162 163 
8 0 4 5 7 5 2 178 179 
7 0 2 3 4 3 3 164 168 174 
1 0 9 7 3 10 3 166 172 190 
10 0 2 10 6 8 3 165 169 185 
6 1 0 0 0 0 3 167 173 178 
5 0 5 4 6 3 2 179 188 
1 1 0 0 0 0 3 177 183 187 
1 0 6 2 4 2 3 170 171 175 
7 0 6 8 8 10 2 176 179 
9 0 5 2 1 7 3 172 177 178 
8 0 9 8 1 4 1 185 
10 1 0 0 0 0 1 173 
10 0 4 3 3 9 1 186 
10 0 2 1 7 3 1 176 
9 0 1 4 8 1 3 177 180 187 
1 0 8 3 5 10 3 181 188 190 
4 0 4 5 8 2 1 182 
1 0 5 7 5 7 2 184 189 
2 0 6 8 8 3 2 181 187 
8 0 5 4 8 10 3 181 184 185 
2 0 10 6 1 7 1 186 
3 0 2 6 5 8 1 190 
9 0 5 3 9 10 1 184 
5 0 8 10 7 2 1 188 
3 0 9 2 10 6 1 186 
2 0 1 6 6 8 1 189 
1 0 8 10 3 7 1 189 
2 0 7 1 1 4 1 191 
1 0 9 6 3 1 1 191 
1 0 1 2 4 2 1 191 
1 0 0 0 0 0 0 
1 0 0 0 0 0 3 193 194 195 
6 0 0 0 2 0 3 197 203 209 
9 0 9 0 0 0 2 214 217 
5 0 0 0 2 0 3 196 201 221 
7 0 0 0 0 6 3 198 210 212 
5 0 0 3 0 0 3 199 200 205 
9 0 0 6 0 0 2 206 209 
9 0 0 0 0 9 2 202 213 
9 0 0 0 0 6 1 204 
1 0 4 0 0 0 1 214 
1 1 0 0 0 0 1 207 
6 0 0 3 0 0 2 208 218 
5 1 0 0 0 0 1 207 
3 0 0 8 0 0 2 208 219 
3 1 0 0 0 0 1 219 
2 0 0 7 0 0 2 216 220 
5 0 0 0 5 0 1 215 
4 0 0 0 0 8 1 214 
8 0 0 0 0 1 1 211 
8 0 0 0 10 0 1 215 
2 0 0 3 0 0 1 217 
2 1 0 0 0 0 1 221 
3 0 0 0 3 0 2 218 219 
6 0 0 0 0 4 1 222 
9 0 0 0 9 0 1 222 
4 1 0 0 0 0 1 220 
2 0 0 2 0 0 1 220 
2 0 2 0 0 0 1 222 
3 0 2 0 0 0 1 223 
2 1 0 0 0 0 1 223 
3 0 0 0 9 0 1 223 
1 0 0 0 0 0 0 
1 0 0 0 0 0 3 225 226 227 
6 0 3 0 0 9 3 230 232 242 
3 0 7 0 0 8 2 232 233 
6 0 0 0 0 9 3 228 234 236 
7 0 0 4 0 9 3 229 230 232 
9 0 0 5 0 9 3 237 240 243 
10 0 3 0 0 7 3 231 235 239 
9 1 0 0 0 0 2 240 249 
2 0 5 0 0 1 3 238 239 240 
6 0 0 0 0 10 3 234 237 243 
3 0 6 2 2 0 2 242 250 
3 1 0 0 0 0 3 238 241 246 
4 0 5 4 0 0 3 244 246 251 
9 1 0 0 0 0 3 242 246 247 
7 1 0 0 0 0 3 244 245 248 
4 1 0 0 0 0 3 245 247 254 
1 0 0 7 0 5 3 247 250 252 
1 0 8 0 0 0 2 243 248 
6 0 0 10 0 0 2 244 254 
10 1 0 0 0 0 2 245 254 
4 0 0 0 4 1 1 249 
10 0 7 3 10 8 3 249 250 251 
2 1 0 0 0 0 1 252 
6 1 0 0 0 0 2 248 251 
6 0 3 0 3 1 1 253 
10 0 3 3 2 0 1 252 
8 0 7 8 3 0 1 253 
2 0 4 0 0 0 1 253 
8 0 10 4 0 0 1 255 
10 0 4 6 10 0 1 255 
5 1 0 0 0 0 1 255 
1 0 0 0 0 0 0 
112.49 102 94.3 91.94 93.31 105.13 121.38 132.61 134.27 117.95 105.28 95.88 90.08 84.3 83.02 89.59 100.22 113.79 134.8 165.49 175.85 178.3 162.77 133.7 124.41 115.63 105.25 100.33 98.83 111.52 123.26 125.45 120.95 105.1 95.44 88.23 75.8 73.72 81.19 90.01 101.41 110.01 132.49 170.01 179.38 133.62 131.53 103.18 98.47 91 90 82.09 83.67 85.28 102.32 118.08 120 112.16 120 135 200 192.74 193.59 185.63 117.5 113.2 106.19 125.46 142.55 154.32 130.23 115.5 106.37 98.73 95.38 93.94 93.64 95.93 107.53 122.51 119.1 104.69 95.44 107.43 95.01 106.4 100.58 95.01 93.99 102.03 111.86 130.78 140.32 144.29 135.04 117.72 101 96.36 92.46 92.68 92.38 97.89 111.61 112.49 102.6 85.07 79.71 76.54 73.95 69.9 74.87 79.17 85.6 96.43 112.34 136.65 137.45 123.36 100.53 84.52 84.85 61.69 29.15 19.93 16.42 13.69 19.21 22.6 29.95 17.41 4.63 0 -0.01 -0.13 -1.02 -0.1 -0.41 12.9 68.34 77.51 81.56 76.13 82.92 71.82 54.38 19.6 -0.35 -1.91 -1.77 -2.17 -3.43 -1.1 -1.76 -5.26 -8.26 -10.55 -12.24 -17.3 -22.01 -7.65 11.69 19.76 48.96 95.47 102.85 111.84 116.26 114.43 112.49 102 94.3 91.94 93.31 105.13 121.38 132.61 134.27 117.95 105.28 95.88 90.08 84.3 83.02 89.59 100.22 113.79 134.8 165.49 175.85 178.3 162.77 133.7 124.41 115.63 105.25 100.33 98.83 111.52 123.26 125.45 120.95 105.1 95.44 88.23 75.8 73.72 81.19 90.01 101.41 110.01 132.49 170.01 179.38 133.62 131.53 103.18 98.47 91 90 82.09 83.67 85.28 102.32 118.08 120 112.16 120 135 200 192.74 193.59 185.63 117.5 113.2 106.19 125.46 142.55 154.32 130.23 115.5 106.37 98.73 95.38 93.94 93.64 95.93 107.53 122.51 119.1 104.69 95.44 107.43 95.01 106.4 100.58 95.01 93.99 102.03 111.86 130.78 140.32 144.29 135.04 117.72 101 96.36 92.46 92.68 92.38 97.89 111.61 112.49 102.6 85.07 79.71 76.54 73.95 69.9 74.87 79.17 85.6 96.43 112.34 136.65 137.45 123.36 100.53 84.52 84.85 61.69 29.15 19.93 16.42 13.69 19.21 22.6 29.95 17.41 4.63 0 -0.01 -0.13 -1.02 -0.1 -0.41 12.9 68.34 77.51 81.56 76.13 82.92 71.82 54.38 19.6 -0.35 -1.91 -1.77 -2.17 -3.43 -1.1 -1.76 -5.26 -8.26 -10.55 -12.24 -17.3 -22.01 -7.65 11.69 19.76 48.96 95.47 102.85 111.84 116.26 114.43 112.49 102 94.3 91.94 93.31 105.13 121.38 132.61 134.27 117.95 105.28 95.88 90.08 84.3 83.02 89.59 100.22 113.79 134.8 165.49 175.85 178.3 162.77 133.7 124.41 115.63 105.25 100.33 98.83 111.52 123.26 125.45 120.95 105.1 95.44 88.23 75.8 73.72 81.19 90.01 101.41 110.01 132.49 170.01 179.38 133.62 131.53 103.18 98.47 91 90 82.09 83.67 85.28 102.32 118.08 120 112.16 120 135 200 192.74 193.59 185.63 117.5 113.2 106.19 125.46 142.55 154.32 130.23 115.5 106.37 98.73 95.38 93.94 93.64 95.93 107.53 122.51 119.1 104.69 95.44 107.43 95.01 106.4 100.58 95.01 93.99 102.03 111.86 130.78 140.32 144.29 135.04 117.72 101 96.36 92.46 92.68 92.38 97.89 111.61 112.49 102.6 85.07 79.71 76.54 73.95 69.9 74.87 79.17 85.6 96.43 112.34 136.65 137.45 123.36 100.53 84.52 84.85 61.69 29.15 19.93 16.42 13.69 19.21 22.6 29.95 17.41 4.63 0 -0.01 -0.13 -1.02 -0.1 -0.41 12.9 68.34 77.51 81.56 76.13 82.92 71.82 54.38 19.6 -0.35 -1.91 -1.77 -2.17 -3.43 -1.1 -1.76 -5.26 -8.26 -10.55 -12.24 -17.3 -22.01 -7.65 11.69 19.76 48.96 95.47 102.85 111.84 116.26 114.43 112.49 102 94.3 91.94 93.31 105.13 
