256 5
1 30 30 26 33 
1 0 0 0 0 0 3 1 2 3 
1 0 1 5 1 5 3 4 11 12 
8 0 7 4 9 9 3 6 15 17 
10 0 1 1 9 6 3 5 9 16 
3 0 8 3 10 5 3 7 13 16 
2 0 3 6 5 5 3 6 15 19 
8 0 4 4 8 3 3 8 23 28 
7 0 10 6 9 9 3 10 15 18 
1 1 0 0 0 0 1 13 
8 0 10 10 10 1 2 11 21 
4 0 4 7 4 2 3 14 19 28 
10 0 1 8 8 7 3 14 17 18 
5 1 0 0 0 0 3 13 14 21 
8 1 0 0 0 0 3 22 24 25 
8 0 10 2 10 9 2 23 26 
5 1 0 0 0 0 2 21 26 
5 1 0 0 0 0 3 17 18 28 
7 0 3 2 7 2 2 19 22 
10 0 8 6 6 5 3 20 23 25 
8 0 7 5 8 6 2 24 27 
8 1 0 0 0 0 2 22 30 
9 0 1 9 5 7 2 25 30 
1 0 6 10 4 1 1 26 
6 0 6 5 10 9 2 24 27 
2 0 2 10 5 7 2 29 30 
1 0 3 3 10 6 1 29 
10 0 6 6 9 2 1 27 
4 0 10 9 10 6 1 29 
3 0 7 1 1 8 1 31 
2 0 5 5 1 1 1 31 
1 0 4 2 2 1 1 31 
1 0 0 0 0 0 0 
1 0 0 0 0 0 3 33 34 35 
2 0 6 8 6 9 3 36 38 39 
4 0 9 9 10 8 3 45 46 52 
3 0 9 4 8 8 3 44 46 56 
9 0 6 7 3 8 3 37 42 48 
6 0 4 5 7 8 3 43 44 51 
6 0 1 8 1 2 3 40 42 46 
3 0 5 8 2 9 3 40 41 48 
5 1 0 0 0 0 2 53 56 
10 0 8 9 10 4 1 47 
6 0 5 10 4 5 3 43 54 56 
4 0 4 9 4 10 2 49 59 
4 1 0 0 0 0 2 47 50 
1 0 3 3 4 2 3 49 51 53 
2 0 4 2 9 1 3 50 51 53 
9 0 3 10 8 4 3 52 54 62 
5 1 0 0 0 0 3 50 52 60 
3 0 10 6 1 6 2 55 58 
8 0 1 8 3 6 3 57 58 61 
8 0 3 10 7 7 2 54 55 
7 0 2 5 5 10 1 61 
9 0 9 9 9 9 2 55 58 
4 0 1 9 4 1 1 59 
5 0 9 1 5 7 2 57 60 
2 0 2 3 6 10 3 57 59 60 
1 0 4 9 2 1 1 62 
6 0 6 4 4 2 1 62 
9 0 3 5 1 2 1 61 
2 0 3 8 10 8 1 63 
2 0 1 2 1 1 1 63 
6 0 2 7 9 2 1 63 
1 0 0 0 0 0 0 
1 0 0 0 0 0 3 65 66 67 
10 0 2 0 0 0 3 80 83 84 
3 0 8 0 0 0 3 72 73 76 
1 0 0 5 0 0 3 68 71 75 
1 0 0 0 6 0 3 69 70 77 
7 0 5 0 0 0 2 74 82 
10 0 0 6 0 0 2 73 91 
4 0 0 0 6 0 3 72 81 88 
7 0 0 3 0 0 3 79 80 83 
2 1 0 0 0 0 2 74 88 
4 0 0 0 7 0 2 78 86 
2 0 0 5 0 0 1 87 
1 0 0 3 0 0 3 81 87 89 
4 0 0 0 8 0 3 78 79 94 
7 0 0 0 7 0 2 89 92 
9 0 2 0 0 0 1 92 
10 0 1 0 0 0 1 85 
8 0 0 7 0 0 1 82 
5 0 0 9 0 0 1 90 
10 0 0 5 0 0 1 86 
9 1 0 0 0 0 1 88 
2 1 0 0 0 0 3 86 91 92 
3 0 0 8 0 0 2 87 89 
6 0 0 0 0 9 1 93 
9 0 5 0 0 0 1 94 
2 0 0 0 0 9 1 93 
9 0 4 0 0 0 2 91 93 
4 0 0 10 0 0 1 94 
7 0 0 0 0 10 1 95 
2 0 0 0 0 4 1 95 
1 0 0 0 6 0 1 95 
1 0 0 0 0 0 0 
1 0 0 0 0 0 3 97 98 99 
6 0 0 0 8 0 3 102 115 120 
6 0 8 0 0 0 3 100 116 121 
9 0 8 0 0 0 3 103 104 105 
7 0 0 0 0 5 3 101 122 124 
3 0 9 0 0 0 2 112 117 
2 0 0 0 0 2 2 118 119 
10 0 0 7 0 0 1 106 
4 0 0 0 1 0 2 107 115 
2 0 8 0 0 0 2 117 123 
8 0 0 0 0 6 3 108 110 111 
7 0 0 0 0 10 3 112 114 126 
8 0 9 0 0 0 3 109 118 126 
8 1 0 0 0 0 1 114 
1 1 0 0 0 0 1 113 
10 1 0 0 0 0 3 113 114 120 
9 0 3 0 0 0 1 125 
3 1 0 0 0 0 2 115 119 
8 0 0 0 0 10 2 117 124 
3 0 5 0 0 0 1 118 
7 0 0 0 0 6 2 120 123 
7 0 0 10 0 0 1 125 
9 0 0 0 0 6 2 121 125 
2 1 0 0 0 0 2 121 122 
1 1 0 0 0 0 1 122 
4 0 3 0 0 0 1 123 
6 0 0 0 0 2 1 126 
7 0 0 0 0 2 1 124 
7 0 0 6 0 0 1 127 
8 0 3 0 0 0 1 127 
1 0 0 0 5 0 1 127 
1 0 0 0 0 0 0 
1 0 0 0 0 0 3 129 130 131 
9 0 0 10 4 8 3 133 134 137 
3 0 7 3 3 4 1 133 
1 0 10 7 5 10 3 132 136 147 
7 0 4 0 0 9 3 133 135 141 
7 0 6 10 0 3 1 138 
4 0 10 6 2 5 3 139 140 146 
3 0 5 4 10 3 1 144 
9 0 7 9 3 0 3 139 154 157 
1 0 6 2 10 2 2 149 157 
2 1 0 0 0 0 1 152 
2 0 2 7 7 0 2 153 155 
6 0 1 0 0 6 1 145 
1 0 5 9 0 9 2 142 143 
3 0 5 0 6 1 1 152 
6 0 1 6 7 0 1 157 
6 1 0 0 0 0 1 153 
9 1 0 0 0 0 1 148 
4 0 0 3 0 5 1 147 
3 1 0 0 0 0 2 150 156 
10 0 3 8 8 2 1 149 
6 0 10 7 4 1 2 151 158 
3 0 9 10 8 9 1 152 
4 0 8 10 0 0 1 153 
8 0 2 0 8 1 1 154 
1 0 0 9 5 9 1 156 
6 0 9 7 10 6 1 155 
7 0 7 0 0 1 1 158 
4 0 7 1 0 4 1 159 
3 0 7 6 0 1 1 159 
1 0 7 9 5 0 1 159 
1 0 0 0 0 0 0 
1 0 0 0 0 0 3 161 162 163 
2 0 3 5 1 1 2 165 187 
8 0 7 2 10 6 3 167 169 170 
2 0 8 1 5 2 2 164 171 
1 0 5 9 9 2 1 175 
10 0 9 6 1 8 2 166 178 
7 0 1 7 5 9 1 168 
7 1 0 0 0 0 1 183 
7 0 6 3 6 7 2 172 181 
7 0 5 1 6 3 3 173 176 177 
4 1 0 0 0 0 1 179 
6 0 6 7 10 6 3 174 179 180 
4 0 10 9 2 10 1 184 
1 1 0 0 0 0 1 188 
7 0 3 7 9 4 2 176 181 
10 1 0 0 0 0 1 181 
2 0 8 1 8 1 2 185 190 
8 0 5 5 3 9 2 188 189 
1 0 5 9 8 3 2 182 185 
5 1 0 0 0 0 1 186 
5 0 8 4 10 8 2 182 183 
2 0 7 9 1 3 1 184 
3 0 7 3 7 9 1 189 
9 0 5 2 6 5 1 189 
10 0 4 7 1 7 1 190 
10 1 0 0 0 0 1 186 
7 0 7 6 7 10 1 188 
1 0 5 6 5 6 1 190 
4 0 1 7 3 4 1 191 
7 0 8 6 5 10 1 191 
3 0 6 1 5 9 1 191 
1 0 0 0 0 0 0 
1 0 0 0 0 0 3 193 194 195 
3 0 4 0 2 10 3 198 201 202 
4 0 0 6 2 9 3 196 197 199 
6 0 8 0 5 1 1 204 
5 0 0 4 0 7 1 207 
6 0 8 7 3 2 1 206 
7 0 1 5 0 1 3 200 208 211 
3 0 2 7 4 1 2 212 213 
10 0 2 4 0 4 2 205 217 
4 0 9 6 6 4 1 203 
7 0 1 6 0 2 3 209 214 216 
7 0 7 5 7 10 1 206 
1 0 9 0 8 8 1 207 
10 0 0 1 1 0 2 213 221 
8 1 0 0 0 0 2 210 218 
6 1 0 0 0 0 1 215 
1 0 0 0 5 8 1 217 
1 1 0 0 0 0 2 212 215 
3 1 0 0 0 0 3 216 219 222 
9 0 7 1 0 1 1 216 
1 0 0 8 4 3 1 222 
1 0 0 10 0 6 1 220 
3 1 0 0 0 0 1 215 
6 0 1 5 4 6 1 221 
7 0 10 0 4 6 1 217 
2 0 8 9 4 2 1 220 
7 0 9 5 0 0 1 219 
8 0 1 5 4 6 1 220 
1 0 9 6 3 2 1 223 
6 0 0 3 9 0 1 223 
9 0 4 10 5 6 1 223 
1 0 0 0 0 0 0 
1 0 0 0 0 0 3 225 226 227 
7 0 2 2 6 2 1 238 
3 0 10 2 5 9 3 229 231 233 
5 0 3 4 4 8 1 228 
4 0 10 5 7 7 2 230 248 
3 0 5 5 8 8 3 232 236 242 
4 0 2 1 8 9 1 234 
1 0 6 3 6 10 2 237 246 
2 0 10 10 10 6 2 235 254 
4 0 6 5 6 8 3 239 243 249 
7 1 0 0 0 0 1 250 
1 0 9 7 1 5 2 240 245 
5 0 1 4 2 3 1 239 
7 0 9 9 6 10 2 241 243 
3 0 8 5 1 2 3 244 246 252 
4 0 6 4 6 9 2 245 251 
9 1 0 0 0 0 1 248 
5 1 0 0 0 0 2 247 253 
6 0 4 7 3 8 1 244 
5 0 2 1 7 9 1 245 
10 0 3 4 1 6 1 253 
6 0 8 6 3 7 1 248 
7 0 3 1 5 8 1 253 
5 0 5 9 1 2 1 251 
3 0 8 3 1 5 1 252 
1 1 0 0 0 0 1 254 
6 0 3 4 3 10 1 251 
3 0 10 7 3 4 1 252 
5 0 6 10 1 10 1 255 
6 0 1 8 5 9 1 255 
6 0 5 8 6 3 1 255 
1 0 0 0 0 0 0 
389.77 328.49 299.23 282.44 289.33 283.78 393.39 424.94 379.72 268.37 258.13 263.43 337.96 309.2 288.54 282.05 385.5 455.23 521.84 642.53 677.22 600.07 530.13 469.86 402.46 368.99 336.73 325.24 318.72 350.98 440 483.86 460.11 297.22 346.71 306.68 341.68 348.63 299.89 318.36 398.61 444.28 483.63 586.87 576.52 475.23 410.07 262.87 228.02 233.88 217.64 205.6 243.07 206.55 330.06 389.44 276.91 262.89 285.04 218.36 236.19 258.67 238.43 310.57 324.66 370 430.36 533.36 547.29 481.67 400.09 353.21 321.21 319.86 326.3 339.4 327.83 285.21 454.74 504.75 501.57 448.5 434.41 409.97 354.54 343.16 304.84 311.29 354.56 397.7 503.07 529.23 536.98 512.86 528.95 396.28 366.35 336.57 324.66 319.86 319.18 325.94 411.39 456.13 444.7 422.93 369.84 362.34 356.05 285.48 250.83 291.68 378.01 426.65 514.68 551.38 560.16 540.03 493.34 431.02 403.51 344.67 351.99 337.01 332.04 331.27 337.03 333.12 343.78 353.08 351.22 338.16 325.35 288.17 261.13 245.55 284.94 343.15 370.22 387.81 408.59 406.07 398.58 370.23 393.26 379.24 355.06 331 316.18 302.82 272.76 260.93 221.38 161.57 173.83 199.31 104.93 137.29 152.11 171.41 191.51 301.82 364.08 405.01 427.76 435.49 420.73 376.56 389.77 328.49 299.23 282.44 289.33 283.78 393.39 424.94 379.72 268.37 258.13 263.43 337.96 309.2 288.54 282.05 385.5 455.23 521.84 642.53 677.22 600.07 530.13 469.86 402.46 368.99 336.73 325.24 318.72 350.98 440 483.86 460.11 297.22 346.71 306.68 341.68 348.63 299.89 318.36 398.61 444.28 483.63 586.87 576.52 475.23 410.07 262.87 228.02 233.88 217.64 205.6 243.07 206.55 330.06 389.44 276.91 262.89 285.04 218.36 236.19 258.67 238.43 310.57 324.66 370 430.36 533.36 547.29 481.67 400.09 353.21 321.21 319.86 326.3 339.4 327.83 285.21 454.74 504.75 501.57 448.5 434.41 409.97 354.54 343.16 304.84 311.29 354.56 397.7 503.07 529.23 536.98 512.86 528.95 396.28 366.35 336.57 324.66 319.86 319.18 325.94 411.39 456.13 444.7 422.93 369.84 362.34 356.05 285.48 250.83 291.68 378.01 426.65 514.68 551.38 560.16 540.03 493.34 431.02 403.51 344.67 351.99 337.01 332.04 331.27 337.03 333.12 343.78 353.08 351.22 338.16 325.35 288.17 261.13 245.55 284.94 343.15 370.22 387.81 408.59 406.07 398.58 370.23 393.26 379.24 355.06 331 316.18 302.82 272.76 260.93 221.38 161.57 173.83 199.31 104.93 137.29 152.11 171.41 191.51 301.82 364.08 405.01 427.76 435.49 420.73 376.56 389.77 328.49 299.23 282.44 289.33 283.78 393.39 424.94 379.72 268.37 258.13 263.43 337.96 309.2 288.54 282.05 385.5 455.23 521.84 642.53 677.22 600.07 530.13 469.86 402.46 368.99 336.73 325.24 318.72 350.98 440 483.86 460.11 297.22 346.71 306.68 341.68 348.63 299.89 318.36 398.61 444.28 483.63 586.87 576.52 475.23 
