256 5
1 57 48 47 47 
1 0 0 0 0 0 3 1 2 3 
2 0 9 0 8 0 3 6 8 26 
2 0 3 0 3 8 2 8 22 
10 0 0 7 10 2 3 4 16 21 
6 0 7 0 0 3 2 5 22 
2 0 0 8 0 2 1 14 
5 0 0 0 8 7 3 7 9 10 
2 0 5 3 7 0 1 12 
8 0 7 0 0 7 3 11 13 27 
9 0 2 0 7 2 2 19 21 
6 0 4 0 3 0 3 15 19 25 
4 0 0 3 0 0 3 15 17 30 
1 0 10 0 1 0 3 13 16 18 
2 0 0 6 3 1 3 14 17 28 
7 1 0 0 0 0 2 24 30 
4 0 0 2 2 0 1 24 
7 0 0 0 5 4 1 23 
1 1 0 0 0 0 1 21 
7 0 4 0 0 0 3 20 23 27 
4 1 0 0 0 0 2 22 27 
3 1 0 0 0 0 2 25 28 
5 1 0 0 0 0 2 23 25 
2 1 0 0 0 0 1 24 
8 0 1 0 0 6 1 29 
5 0 6 0 0 0 1 29 
5 0 4 0 0 9 1 29 
2 0 0 4 0 0 1 28 
8 0 10 6 0 3 1 30 
10 0 6 0 0 6 1 31 
10 0 2 0 7 0 1 31 
2 0 7 0 0 0 1 31 
1 0 0 0 0 0 0 
1 0 0 0 0 0 3 33 34 35 
3 0 0 0 0 9 3 43 47 57 
8 0 0 0 0 7 3 39 44 53 
4 0 0 7 0 0 3 36 37 43 
4 0 0 3 0 0 3 45 49 53 
6 0 0 0 9 0 2 38 39 
5 0 0 0 3 0 3 44 49 53 
7 0 10 0 0 0 3 40 41 50 
2 0 0 0 7 0 3 42 45 46 
5 0 0 0 7 0 3 46 51 54 
1 1 0 0 0 0 2 48 56 
9 0 0 0 5 0 3 44 48 50 
9 0 0 0 0 5 3 45 51 61 
5 0 9 0 0 0 1 55 
10 1 0 0 0 0 2 52 56 
8 1 0 0 0 0 2 50 52 
10 1 0 0 0 0 2 49 54 
2 1 0 0 0 0 3 52 55 58 
8 0 0 0 0 4 3 51 54 59 
8 0 0 5 0 0 2 55 60 
9 0 0 4 0 0 1 62 
1 0 0 0 2 0 2 57 59 
3 1 0 0 0 0 1 58 
7 0 3 0 0 0 1 62 
10 0 0 0 3 0 2 57 59 
6 0 0 0 0 9 3 58 60 61 
5 0 0 0 0 7 1 62 
10 0 0 0 4 0 2 60 61 
10 0 0 0 0 9 1 63 
10 0 2 0 0 0 1 63 
8 0 0 2 0 0 1 63 
1 0 0 0 0 0 0 
1 0 0 0 0 0 3 65 66 67 
4 0 0 9 0 0 1 93 
5 0 6 0 0 0 3 68 70 74 
6 0 0 0 4 0 2 75 78 
3 0 0 0 10 0 3 69 71 80 
3 0 0 8 0 0 1 90 
3 0 0 0 0 8 2 73 92 
5 0 3 0 0 0 3 72 76 86 
7 0 0 0 0 2 1 82 
1 0 0 6 0 0 1 88 
10 0 2 0 0 0 1 83 
1 0 0 0 7 0 2 80 87 
8 0 0 0 6 0 2 77 87 
7 1 0 0 0 0 2 79 81 
9 0 0 0 6 0 1 84 
8 1 0 0 0 0 1 90 
7 0 5 0 0 0 2 85 90 
6 0 0 4 0 0 2 83 94 
1 1 0 0 0 0 1 89 
3 1 0 0 0 0 2 84 91 
10 0 9 0 0 0 2 85 89 
5 0 0 0 0 1 1 92 
10 0 0 6 0 0 1 89 
8 0 0 0 8 0 1 88 
1 1 0 0 0 0 1 94 
4 0 0 0 0 7 1 93 
5 0 0 6 0 0 1 91 
2 0 0 9 0 0 1 92 
8 0 5 0 0 0 1 95 
7 0 0 0 0 10 1 95 
8 0 0 0 0 3 1 95 
1 0 0 0 0 0 0 
1 0 0 0 0 0 3 97 98 99 
9 0 1 5 1 3 3 103 119 124 
10 0 7 5 8 7 3 106 107 112 
7 0 5 4 4 7 3 100 101 105 
2 0 10 10 10 1 3 104 118 120 
9 0 4 10 9 5 2 102 113 
8 0 8 6 6 7 3 109 110 122 
6 0 6 3 10 2 3 107 108 114 
4 0 4 3 10 2 2 115 116 
9 1 0 0 0 0 1 114 
2 0 1 8 2 9 3 111 113 115 
10 1 0 0 0 0 2 109 125 
7 1 0 0 0 0 2 115 116 
2 0 10 10 9 4 1 120 
8 0 10 3 6 1 1 117 
5 0 2 5 8 1 1 126 
6 0 2 5 8 7 2 122 124 
7 0 9 7 3 8 3 117 124 125 
10 0 5 5 3 4 3 116 118 120 
7 1 0 0 0 0 1 122 
9 0 8 10 6 8 2 117 121 
5 0 9 9 5 1 1 123 
4 0 10 6 4 1 1 126 
7 1 0 0 0 0 2 121 125 
3 0 4 3 9 8 1 121 
2 0 10 5 5 5 1 123 
7 0 10 7 4 10 1 123 
2 0 1 9 6 1 1 126 
9 0 5 8 7 6 1 127 
6 0 9 3 6 4 1 127 
8 0 5 3 4 3 1 127 
1 0 0 0 0 0 0 
1 0 0 0 0 0 3 129 130 131 
7 0 0 7 0 1 3 135 143 147 
5 0 0 0 6 6 3 134 136 148 
8 0 10 8 5 1 3 132 133 154 
1 0 4 0 1 0 1 139 
3 0 0 9 0 10 2 137 148 
3 0 0 10 0 4 2 137 145 
1 0 2 2 9 0 2 146 148 
6 0 0 8 0 6 2 138 142 
2 0 0 0 10 0 2 144 149 
8 0 4 0 0 3 3 139 140 150 
2 0 0 3 2 8 1 152 
5 1 0 0 0 0 3 141 151 154 
5 1 0 0 0 0 3 145 157 158 
7 0 0 0 0 1 2 143 146 
10 0 10 9 4 8 3 145 149 155 
1 0 0 5 3 0 1 147 
2 1 0 0 0 0 1 156 
9 1 0 0 0 0 1 155 
3 0 0 3 3 0 2 152 153 
5 0 4 6 1 0 2 157 158 
7 1 0 0 0 0 2 151 156 
10 0 6 0 0 8 3 152 153 154 
4 0 0 2 0 2 1 153 
10 0 9 0 1 6 1 158 
9 0 0 0 6 0 1 157 
2 1 0 0 0 0 1 155 
6 0 6 0 6 9 1 156 
4 0 6 5 0 0 1 159 
5 0 0 2 0 0 1 159 
8 0 0 0 8 0 1 159 
1 0 0 0 0 0 0 
1 0 0 0 0 0 3 161 162 163 
1 0 6 1 0 9 1 168 
7 0 2 2 8 7 3 165 177 182 
6 0 0 0 4 10 2 164 171 
7 0 9 4 3 4 3 167 169 170 
4 0 0 0 1 8 1 166 
10 0 0 1 2 2 2 171 189 
4 0 7 2 4 5 3 174 179 187 
6 0 1 1 5 3 2 170 172 
9 0 0 8 1 5 3 172 175 179 
6 0 5 1 1 4 2 173 181 
9 0 0 10 1 9 1 184 
4 0 3 0 5 2 3 173 176 178 
8 1 0 0 0 0 3 177 186 188 
7 0 5 2 0 3 2 177 181 
3 0 5 4 10 8 3 176 184 185 
2 1 0 0 0 0 2 180 183 
8 0 8 1 9 1 1 189 
1 0 0 6 4 0 3 180 183 184 
1 0 2 1 6 3 1 190 
8 1 0 0 0 0 1 188 
6 1 0 0 0 0 2 182 185 
4 1 0 0 0 0 2 183 186 
6 1 0 0 0 0 1 189 
2 1 0 0 0 0 2 187 190 
9 0 0 1 0 10 1 186 
6 0 10 0 0 4 1 190 
10 0 5 0 0 0 1 188 
8 0 9 3 8 0 1 191 
7 0 0 10 9 0 1 191 
4 0 5 8 8 1 1 191 
1 0 0 0 0 0 0 
1 0 0 0 0 0 3 193 194 195 
4 0 4 10 10 0 3 197 199 203 
6 0 0 3 8 2 2 198 218 
1 0 1 0 0 5 1 196 
6 0 0 6 8 0 3 205 207 210 
9 0 0 10 9 9 2 200 201 
3 1 0 0 0 0 1 219 
7 0 0 0 0 1 2 212 220 
2 0 4 0 0 5 1 202 
8 0 8 0 0 0 3 204 213 221 
7 0 0 0 7 1 1 217 
7 0 10 0 0 7 1 218 
2 0 4 10 0 2 1 206 
8 0 8 0 3 0 3 211 213 216 
5 1 0 0 0 0 3 208 209 214 
4 0 0 8 0 0 2 215 222 
1 1 0 0 0 0 2 212 216 
10 0 9 0 5 4 1 218 
9 0 6 0 9 0 1 212 
8 0 0 0 0 9 1 214 
6 0 1 8 9 0 1 217 
8 1 0 0 0 0 1 217 
1 1 0 0 0 0 1 219 
6 1 0 0 0 0 1 216 
1 0 0 10 4 2 1 219 
8 0 0 8 0 0 1 222 
10 0 1 0 0 0 1 222 
2 0 1 0 0 6 1 220 
4 0 0 0 3 5 1 223 
10 0 0 4 0 7 1 223 
2 0 0 9 8 0 1 223 
1 0 0 0 0 0 0 
1 0 0 0 0 0 3 225 226 227 
5 0 10 4 6 3 1 237 
5 0 2 4 4 10 2 246 254 
1 0 6 4 7 4 3 228 238 242 
4 0 5 4 9 8 3 229 230 234 
6 0 7 1 9 10 1 232 
3 0 5 10 5 9 3 231 233 235 
4 0 1 3 7 2 1 241 
4 0 7 5 6 9 1 245 
3 0 2 4 2 2 2 247 253 
8 0 7 7 10 8 2 240 250 
3 0 3 8 5 6 3 236 239 243 
3 0 1 7 5 4 2 250 251 
4 0 2 3 5 2 1 238 
9 0 10 3 3 2 2 245 253 
8 0 10 10 2 10 2 240 251 
3 0 10 6 7 4 1 248 
9 1 0 0 0 0 1 249 
6 0 9 4 2 4 2 243 252 
4 0 6 4 1 4 1 244 
7 1 0 0 0 0 1 250 
3 0 6 7 7 2 1 249 
10 0 8 4 4 4 1 248 
5 0 6 2 9 4 1 252 
1 1 0 0 0 0 1 252 
8 0 8 9 5 3 1 254 
3 0 5 9 8 5 1 254 
10 0 4 5 6 6 1 253 
10 0 7 10 10 7 1 255 
7 0 4 10 5 4 1 255 
6 0 1 1 7 2 1 255 
1 0 0 0 0 0 0 
118.63 91.81 88 81.56 87.49 92.64 190 190 235 230 221.07 227.92 239.94 230.04 209.11 206.92 209.95 186.02 230.07 244.94 239.91 120 165.06 109.13 92.8 103 62.74 60.39 76.38 121.02 200.03 220.07 232.03 229.51 227 230.09 214.24 222.98 208.49 222.97 224.41 262.21 278.24 309.93 277.91 226.47 189.65 163.64 112.87 140 126.56 121.67 126.59 118.48 165.6 177.84 179.61 159.36 113.97 163.02 157.03 147 137.91 144.02 150.86 126.26 165.54 221.75 194.77 134.34 109.11 98.6 81.73 72.17 69.23 71.48 74.79 74.13 148.78 136.61 151.41 95.96 90.42 87.16 86.68 84.67 84.9 86.91 87.68 108.45 152.58 185 120 87.62 87.63 27.35 14.33 47.38 54.5 5 8.79 44.51 95.37 147.26 150 87 81.85 86.54 88.19 91.41 130.77 166.11 186.11 202.31 229.9 267.77 259.04 221.8 189.8 159.98 119.25 110.6 92.51 83.22 79.12 76.14 76.56 88.15 90.56 89.42 68.36 43.42 71.75 68.09 51.05 74.55 50 22.44 85.38 96.97 105 90.95 89.77 69.88 70.96 26.15 52 25.67 40.04 36.85 25.95 49.08 47.48 44.77 29.11 21.58 8.75 8.8 5.13 5 8.52 71.03 139.9 233.51 252.18 239.54 238.28 224.3 118.63 91.81 88 81.56 87.49 92.64 190 190 235 230 221.07 227.92 239.94 230.04 209.11 206.92 209.95 186.02 230.07 244.94 239.91 120 165.06 109.13 92.8 103 62.74 60.39 76.38 121.02 200.03 220.07 232.03 229.51 227 230.09 214.24 222.98 208.49 222.97 224.41 262.21 278.24 309.93 277.91 226.47 189.65 163.64 112.87 140 126.56 121.67 126.59 118.48 165.6 177.84 179.61 159.36 113.97 163.02 157.03 147 137.91 144.02 150.86 126.26 165.54 221.75 194.77 134.34 109.11 98.6 81.73 72.17 69.23 71.48 74.79 74.13 148.78 136.61 151.41 95.96 90.42 87.16 86.68 84.67 84.9 86.91 87.68 108.45 152.58 185 120 87.62 87.63 27.35 14.33 47.38 54.5 5 8.79 44.51 95.37 147.26 150 87 81.85 86.54 88.19 91.41 130.77 166.11 186.11 202.31 229.9 267.77 259.04 221.8 189.8 159.98 119.25 110.6 92.51 83.22 79.12 76.14 76.56 88.15 90.56 89.42 68.36 43.42 71.75 68.09 51.05 74.55 50 22.44 85.38 96.97 105 90.95 89.77 69.88 70.96 26.15 52 25.67 40.04 36.85 25.95 49.08 47.48 44.77 29.11 21.58 8.75 8.8 5.13 5 8.52 71.03 139.9 233.51 252.18 239.54 238.28 224.3 118.63 91.81 88 81.56 87.49 92.64 190 190 235 230 221.07 227.92 239.94 230.04 209.11 206.92 209.95 186.02 230.07 244.94 239.91 120 165.06 109.13 92.8 103 62.74 60.39 76.38 121.02 200.03 220.07 232.03 229.51 227 230.09 214.24 222.98 208.49 222.97 224.41 262.21 278.24 309.93 277.91 226.47 189.65 163.64 112.87 140 126.56 121.67 126.59 118.48 165.6 177.84 179.61 159.36 113.97 163.02 157.03 147 137.91 144.02 150.86 126.26 165.54 221.75 194.77 134.34 109.11 98.6 81.73 72.17 69.23 71.48 74.79 74.13 148.78 136.61 151.41 95.96 90.42 87.16 86.68 84.67 84.9 86.91 87.68 108.45 152.58 185 120 87.62 87.63 27.35 14.33 47.38 54.5 5 8.79 44.51 95.37 147.26 150 87 81.85 86.54 88.19 91.41 130.77 166.11 186.11 202.31 229.9 267.77 259.04 221.8 189.8 159.98 119.25 110.6 92.51 83.22 79.12 76.14 76.56 88.15 
