288 5
1 40 43 44 35 
1 0 0 0 0 0 3 1 2 3 
6 0 5 0 0 0 2 4 7 
5 0 5 2 8 10 3 8 10 19 
3 0 8 0 0 0 2 8 11 
3 0 3 0 5 0 1 5 
8 0 7 6 0 0 2 6 21 
6 1 0 0 0 0 1 28 
8 0 0 7 0 9 3 13 14 24 
8 0 0 0 9 0 3 9 12 22 
6 0 0 8 2 0 1 18 
10 0 9 0 0 0 2 11 20 
8 0 0 0 2 7 1 28 
8 0 5 2 2 0 2 15 16 
6 0 0 0 0 5 2 17 23 
5 0 10 7 2 4 2 17 21 
2 1 0 0 0 0 2 17 20 
9 1 0 0 0 0 2 23 30 
7 1 0 0 0 0 1 27 
5 0 0 4 0 1 1 23 
4 0 2 0 8 0 1 26 
3 1 0 0 0 0 1 29 
10 0 0 5 0 3 1 27 
8 0 0 0 0 9 1 28 
6 0 0 7 0 3 1 25 
1 0 9 5 6 0 1 25 
8 0 7 0 4 0 1 26 
6 0 5 0 8 7 1 29 
5 0 0 0 10 0 1 30 
8 1 0 0 0 0 1 31 
1 0 10 0 5 7 1 31 
9 0 0 8 0 0 1 31 
1 0 0 0 0 0 0 
1 0 0 0 0 0 3 33 34 35 
7 0 1 7 3 0 3 37 38 39 
10 0 0 5 0 9 1 36 
3 0 0 0 0 9 3 40 41 56 
1 0 2 0 10 5 1 43 
10 0 7 0 8 3 3 46 57 60 
10 0 0 0 3 1 3 42 50 51 
1 0 6 0 4 0 3 48 52 55 
9 0 6 0 9 3 1 54 
3 0 0 0 0 8 3 44 45 51 
10 0 0 7 0 3 3 48 53 61 
6 0 7 0 0 0 3 45 49 51 
4 0 7 4 0 0 3 46 47 55 
6 0 0 8 0 10 3 46 47 60 
3 1 0 0 0 0 1 62 
9 0 0 8 0 5 1 57 
4 0 0 7 0 0 1 59 
9 1 0 0 0 0 2 53 56 
4 0 0 6 0 0 3 52 56 59 
1 1 0 0 0 0 2 54 62 
2 1 0 0 0 0 1 53 
4 0 3 7 0 0 1 57 
5 0 0 0 0 2 1 58 
3 0 0 8 0 1 2 58 61 
3 0 0 1 4 7 1 61 
4 0 9 4 0 7 1 62 
4 0 0 9 0 10 1 59 
2 0 10 3 0 0 1 60 
10 0 7 2 0 9 1 63 
8 0 5 4 3 0 1 63 
9 0 0 3 0 6 1 63 
1 0 0 0 0 0 0 
1 0 0 0 0 0 3 65 66 67 
3 0 0 0 3 0 3 68 69 88 
2 0 0 9 9 4 3 73 76 81 
9 0 3 1 0 0 3 70 71 72 
6 0 0 5 1 9 3 72 73 77 
1 0 0 0 0 9 3 73 79 85 
10 0 5 0 1 4 3 74 75 83 
9 0 6 0 0 9 3 77 78 88 
9 0 0 9 2 0 3 81 82 89 
10 0 10 6 0 8 3 75 84 90 
4 0 0 0 4 0 3 76 78 81 
8 1 0 0 0 0 2 78 92 
10 1 0 0 0 0 3 77 80 82 
3 0 1 0 10 0 2 86 91 
9 0 0 9 1 8 1 93 
10 0 0 0 6 5 2 83 87 
4 1 0 0 0 0 3 86 88 92 
1 1 0 0 0 0 2 85 86 
2 1 0 0 0 0 2 84 85 
9 0 0 4 4 0 3 84 89 90 
1 1 0 0 0 0 1 91 
4 0 7 0 0 0 3 87 90 93 
10 0 0 0 6 0 2 87 93 
5 0 0 0 0 9 1 94 
9 0 6 7 0 0 1 89 
1 0 8 0 9 4 1 94 
2 0 0 0 0 9 1 91 
1 0 0 0 10 0 2 92 94 
7 0 1 0 6 0 1 95 
1 0 0 10 2 8 1 95 
5 0 6 0 2 9 1 95 
1 0 0 0 0 0 0 
1 0 0 0 0 0 3 97 98 99 
6 0 0 3 0 0 3 107 113 122 
4 0 0 3 0 0 2 101 105 
9 0 0 0 7 0 3 100 102 117 
5 0 1 0 0 0 2 109 125 
10 0 0 4 0 0 3 103 114 119 
10 0 0 3 0 0 3 104 106 118 
1 0 6 0 0 0 1 121 
1 1 0 0 0 0 3 108 115 126 
7 0 9 0 0 0 1 110 
2 1 0 0 0 0 1 120 
7 0 0 7 0 0 1 116 
6 0 3 0 0 0 1 112 
1 0 8 0 0 0 2 111 112 
10 0 0 0 0 3 1 118 
9 1 0 0 0 0 1 115 
4 0 0 8 0 0 1 120 
6 0 0 0 9 0 1 119 
10 0 0 2 0 0 1 116 
2 1 0 0 0 0 1 120 
5 0 0 3 0 0 1 117 
4 0 0 0 8 0 2 124 125 
7 1 0 0 0 0 1 123 
6 1 0 0 0 0 2 121 126 
4 0 0 0 0 8 1 124 
10 0 0 0 0 4 1 124 
4 0 7 0 0 0 1 126 
4 0 0 6 0 0 1 125 
3 0 5 0 0 0 1 127 
10 0 0 0 9 0 1 127 
8 0 0 1 0 0 1 127 
1 0 0 0 0 0 0 
1 0 0 0 0 0 3 129 130 131 
7 0 8 5 0 3 3 134 145 146 
6 0 0 7 2 6 3 132 139 141 
9 0 1 0 5 3 3 133 137 142 
10 0 4 5 0 3 3 135 136 142 
3 0 0 5 0 9 2 138 140 
3 0 9 3 3 10 2 143 149 
10 0 4 2 0 6 1 152 
8 0 8 5 2 4 1 140 
7 0 10 7 6 4 2 147 154 
5 0 7 8 8 7 1 158 
9 0 0 0 9 1 1 140 
5 0 10 9 3 0 1 150 
10 0 1 5 2 0 1 153 
4 0 5 2 0 10 1 144 
7 0 0 6 4 0 1 150 
10 1 0 0 0 0 2 146 149 
5 0 10 10 8 0 1 154 
2 0 0 0 6 0 2 148 155 
4 0 9 7 1 0 1 156 
3 1 0 0 0 0 2 151 152 
9 0 6 10 6 5 1 150 
2 0 10 2 6 2 1 157 
8 0 9 7 2 0 1 158 
10 0 0 10 10 3 1 156 
5 0 7 3 8 8 1 154 
10 1 0 0 0 0 1 156 
7 0 1 7 4 1 2 157 158 
10 0 0 0 5 2 1 159 
8 0 0 0 5 0 1 159 
7 0 7 6 2 7 1 159 
1 0 0 0 0 0 0 
1 0 0 0 0 0 3 161 162 163 
5 0 0 0 5 0 3 166 179 186 
6 0 0 10 0 0 2 164 169 
2 0 0 0 0 2 3 165 167 168 
8 0 0 0 0 5 1 171 
2 0 8 0 0 0 2 187 188 
4 0 0 0 4 0 3 174 175 184 
9 0 1 0 0 0 2 170 183 
1 0 0 0 0 10 1 185 
1 0 0 6 0 0 3 172 173 176 
6 0 0 0 4 0 1 186 
7 1 0 0 0 0 1 175 
3 0 0 0 0 9 1 190 
8 0 0 0 9 0 2 177 178 
7 0 7 0 0 0 1 181 
5 0 0 5 0 0 1 189 
9 0 0 0 0 1 2 185 186 
3 1 0 0 0 0 1 184 
4 0 0 0 0 4 1 180 
2 0 0 2 0 0 1 183 
4 1 0 0 0 0 2 181 182 
10 0 0 0 3 0 1 189 
5 0 0 0 0 7 1 184 
4 0 0 0 0 3 1 185 
2 0 0 3 0 0 1 190 
8 1 0 0 0 0 1 189 
5 0 6 0 0 0 2 187 188 
8 0 0 0 0 9 1 190 
9 0 0 6 0 0 1 191 
1 0 0 6 0 0 1 191 
1 0 0 0 0 3 1 191 
1 0 0 0 0 0 0 
1 0 0 0 0 0 3 193 194 195 
1 0 10 1 5 8 3 197 206 212 
4 0 1 10 2 1 2 199 215 
5 0 7 7 3 4 1 196 
6 0 10 6 9 8 2 198 213 
2 0 3 10 4 3 3 201 203 220 
6 0 7 4 6 10 1 200 
1 0 5 8 7 7 3 200 207 212 
7 1 0 0 0 0 2 204 205 
10 0 9 1 3 10 1 202 
9 0 2 6 4 7 1 215 
9 0 9 8 7 6 1 211 
10 0 2 3 5 9 1 210 
8 0 2 4 9 5 2 209 216 
10 0 9 1 5 6 2 208 209 
7 0 10 7 4 5 1 221 
4 0 10 1 8 10 1 222 
2 0 6 5 3 8 1 221 
8 0 2 10 6 6 1 211 
2 0 4 9 6 3 1 217 
6 0 6 3 10 3 2 217 219 
1 1 0 0 0 0 3 214 218 221 
10 1 0 0 0 0 1 216 
2 1 0 0 0 0 1 217 
1 0 7 10 3 7 1 220 
3 0 2 6 5 9 1 222 
5 0 10 9 3 6 2 219 220 
10 0 3 1 10 5 1 222 
5 0 5 10 6 9 1 223 
2 0 1 6 9 2 1 223 
3 0 4 6 3 2 1 223 
1 0 0 0 0 0 0 
1 0 0 0 0 0 3 225 226 227 
10 0 3 1 0 0 2 228 234 
5 0 2 2 0 0 3 229 233 235 
9 0 7 7 0 4 3 232 237 238 
2 0 3 0 5 10 3 230 231 236 
3 0 0 6 0 0 3 231 237 249 
4 0 7 5 3 0 3 232 238 240 
10 0 0 7 0 0 3 243 248 250 
5 0 0 8 0 0 3 239 246 247 
5 0 0 8 2 2 3 234 237 238 
6 0 10 2 0 7 3 236 239 247 
3 0 0 0 2 0 3 239 250 254 
3 0 8 0 0 3 3 240 244 245 
10 0 9 6 0 0 2 240 253 
10 0 0 9 10 7 3 241 244 245 
9 0 0 2 4 0 2 243 244 
8 1 0 0 0 0 2 243 248 
9 1 0 0 0 0 1 242 
1 1 0 0 0 0 3 246 247 248 
7 1 0 0 0 0 1 251 
4 1 0 0 0 0 2 252 253 
1 1 0 0 0 0 1 246 
4 0 2 0 0 0 2 249 252 
5 0 3 2 2 4 2 249 251 
7 0 5 0 9 0 2 251 254 
7 0 0 0 10 6 2 250 254 
3 0 0 0 0 2 1 253 
6 0 0 0 0 2 1 252 
9 0 1 9 0 5 1 255 
1 0 0 3 0 5 1 255 
10 0 0 0 1 2 1 255 
1 0 0 0 0 0 0 
1 0 0 0 0 0 3 257 258 259 
8 0 8 7 5 2 2 268 283 
6 0 5 3 9 6 3 261 263 264 
4 0 8 4 8 8 2 260 282 
4 0 5 5 3 4 1 271 
10 0 1 3 2 6 3 262 276 282 
3 0 3 10 6 8 2 265 278 
1 0 1 7 10 5 3 266 277 278 
5 0 4 8 2 10 1 270 
2 0 8 8 2 4 1 273 
3 0 6 2 5 9 3 267 269 271 
7 0 2 8 5 2 1 286 
3 0 6 3 10 5 1 285 
4 0 2 10 9 4 2 272 279 
5 0 8 7 4 7 1 274 
1 0 6 5 5 4 1 283 
4 0 10 5 3 5 2 274 281 
8 1 0 0 0 0 1 275 
5 1 0 0 0 0 1 280 
7 0 6 10 7 3 1 280 
6 0 6 6 10 3 1 279 
7 0 2 6 5 2 3 280 281 284 
6 1 0 0 0 0 1 284 
5 1 0 0 0 0 1 285 
6 0 9 4 1 6 1 285 
7 0 2 6 9 8 1 286 
3 0 1 8 8 6 1 283 
10 1 0 0 0 0 1 284 
8 0 6 7 3 3 1 287 
9 0 10 4 6 7 1 287 
2 1 0 0 0 0 1 287 
1 0 0 0 0 0 0 
118.63 91.81 88 81.56 87.49 92.64 190 190 235 230 221.07 227.92 239.94 230.04 209.11 206.92 209.95 186.02 230.07 244.94 239.91 120 165.06 109.13 92.8 103 62.74 60.39 76.38 121.02 200.03 220.07 232.03 229.51 227 230.09 214.24 222.98 208.49 222.97 224.41 262.21 278.24 309.93 277.91 226.47 189.65 163.64 112.87 140 126.56 121.67 126.59 118.48 165.6 177.84 179.61 159.36 113.97 163.02 157.03 147 137.91 144.02 150.86 126.26 165.54 221.75 194.77 134.34 109.11 98.6 81.73 72.17 69.23 71.48 74.79 74.13 148.78 136.61 151.41 95.96 90.42 87.16 86.68 84.67 84.9 86.91 87.68 108.45 152.58 185 120 87.62 87.63 27.35 14.33 47.38 54.5 5 8.79 44.51 95.37 147.26 150 87 81.85 86.54 88.19 91.41 130.77 166.11 186.11 202.31 229.9 267.77 259.04 221.8 189.8 159.98 119.25 110.6 92.51 83.22 79.12 76.14 76.56 88.15 90.56 89.42 68.36 43.42 71.75 68.09 51.05 74.55 50 22.44 85.38 96.97 105 90.95 89.77 69.88 70.96 26.15 52 25.67 40.04 36.85 25.95 49.08 47.48 44.77 29.11 21.58 8.75 8.8 5.13 5 8.52 71.03 139.9 233.51 252.18 239.54 238.28 224.3 118.63 91.81 88 81.56 87.49 92.64 190 190 235 230 221.07 227.92 239.94 230.04 209.11 206.92 209.95 186.02 230.07 244.94 239.91 120 165.06 109.13 92.8 103 62.74 60.39 76.38 121.02 200.03 220.07 232.03 229.51 227 230.09 214.24 222.98 208.49 222.97 224.41 262.21 278.24 309.93 277.91 226.47 189.65 163.64 112.87 140 126.56 121.67 126.59 118.48 165.6 177.84 179.61 159.36 113.97 163.02 157.03 147 137.91 144.02 150.86 126.26 165.54 221.75 194.77 134.34 109.11 98.6 81.73 72.17 69.23 71.48 74.79 74.13 148.78 136.61 151.41 95.96 90.42 87.16 86.68 84.67 84.9 86.91 87.68 108.45 152.58 185 120 87.62 87.63 27.35 14.33 47.38 54.5 5 8.79 44.51 95.37 147.26 150 87 81.85 86.54 88.19 91.41 130.77 166.11 186.11 202.31 229.9 267.77 259.04 221.8 189.8 159.98 119.25 110.6 92.51 83.22 79.12 76.14 76.56 88.15 90.56 89.42 68.36 43.42 71.75 68.09 51.05 74.55 50 22.44 85.38 96.97 105 90.95 89.77 69.88 70.96 26.15 52 25.67 40.04 36.85 25.95 49.08 47.48 44.77 29.11 21.58 8.75 8.8 5.13 5 8.52 71.03 139.9 233.51 252.18 239.54 238.28 224.3 118.63 91.81 88 81.56 87.49 92.64 190 190 235 230 221.07 227.92 239.94 230.04 209.11 206.92 209.95 186.02 230.07 244.94 239.91 120 165.06 109.13 92.8 103 62.74 60.39 76.38 121.02 200.03 220.07 232.03 229.51 227 230.09 214.24 222.98 208.49 222.97 224.41 262.21 278.24 309.93 277.91 226.47 189.65 163.64 112.87 140 126.56 121.67 126.59 118.48 165.6 177.84 179.61 159.36 113.97 163.02 157.03 147 137.91 144.02 150.86 126.26 165.54 221.75 194.77 134.34 109.11 98.6 81.73 72.17 69.23 71.48 74.79 74.13 148.78 136.61 151.41 95.96 90.42 87.16 86.68 84.67 84.9 86.91 87.68 108.45 152.58 185 120 87.62 87.63 27.35 14.33 47.38 54.5 5 8.79 44.51 95.37 147.26 150 87 81.85 86.54 88.19 91.41 130.77 166.11 186.11 202.31 229.9 267.77 259.04 221.8 189.8 159.98 119.25 110.6 92.51 83.22 79.12 76.14 76.56 88.15 90.56 89.42 68.36 43.42 71.75 68.09 51.05 74.55 50 22.44 85.38 96.97 105 90.95 89.77 69.88 70.96 26.15 52 25.67 40.04 36.85 25.95 49.08 47.48 44.77 29.11 21.58 8.75 8.8 
