288 5
1 37 43 44 33 
1 0 0 0 0 0 3 1 2 3 
10 0 10 10 10 0 3 10 14 16 
9 0 10 9 2 0 3 4 5 6 
4 0 2 9 0 0 3 9 12 13 
8 0 4 9 7 0 3 7 11 27 
1 0 6 9 5 1 3 9 13 18 
5 0 10 2 9 0 3 9 19 25 
8 0 3 3 8 0 2 8 10 
1 1 0 0 0 0 3 12 15 24 
7 0 2 1 2 7 2 11 27 
9 0 0 0 9 5 3 17 18 20 
6 0 9 9 2 4 3 16 17 21 
4 1 0 0 0 0 3 14 23 26 
10 1 0 0 0 0 3 19 20 27 
2 0 4 0 2 1 2 22 25 
9 1 0 0 0 0 3 16 17 20 
5 1 0 0 0 0 1 30 
1 0 6 0 0 0 3 22 23 26 
6 0 5 0 4 3 3 19 22 24 
10 1 0 0 0 0 2 21 23 
6 1 0 0 0 0 1 21 
9 0 9 3 10 10 2 26 30 
2 1 0 0 0 0 2 28 29 
5 0 1 5 5 3 1 28 
10 0 9 9 6 4 2 25 28 
8 0 0 0 1 6 1 30 
10 0 0 9 8 3 1 29 
5 1 0 0 0 0 1 29 
2 0 4 0 9 9 1 31 
6 0 5 1 0 1 1 31 
1 0 2 5 0 0 1 31 
1 0 0 0 0 0 0 
1 0 0 0 0 0 3 33 34 35 
8 0 0 0 2 1 1 37 
9 0 1 8 1 6 2 36 38 
1 0 2 1 4 6 1 49 
4 0 4 6 0 9 1 43 
4 0 7 9 0 0 2 40 48 
8 0 8 4 7 0 2 39 47 
3 0 5 6 2 6 2 41 46 
3 0 0 6 7 7 2 42 44 
9 1 0 0 0 0 2 51 53 
6 0 2 0 5 0 1 47 
3 0 3 2 6 6 2 45 50 
5 0 6 4 9 2 3 47 54 56 
4 1 0 0 0 0 2 51 58 
9 1 0 0 0 0 1 55 
5 1 0 0 0 0 2 52 59 
9 0 1 4 4 0 2 50 52 
9 0 6 0 5 0 3 58 60 61 
7 1 0 0 0 0 1 57 
7 0 0 0 6 8 2 52 57 
8 0 7 4 8 0 1 55 
6 1 0 0 0 0 1 54 
10 0 8 0 8 2 1 57 
2 0 4 0 0 2 1 61 
1 0 10 8 1 1 1 62 
9 0 10 3 9 3 1 61 
3 1 0 0 0 0 1 62 
7 0 10 0 6 0 1 62 
10 0 6 4 6 8 1 63 
7 0 9 0 8 1 1 63 
9 0 0 7 8 9 1 63 
1 0 0 0 0 0 0 
1 0 0 0 0 0 3 65 66 67 
8 0 8 7 5 2 2 76 91 
6 0 5 3 9 6 3 69 71 72 
4 0 8 4 8 8 2 68 90 
4 0 5 5 3 4 1 79 
10 0 1 3 2 6 3 70 84 90 
3 0 3 10 6 8 2 73 86 
1 0 1 7 10 5 3 74 85 86 
5 0 4 8 2 10 1 78 
2 1 0 0 0 0 1 81 
3 0 6 2 5 9 3 75 77 79 
7 0 2 8 5 2 1 94 
3 0 6 3 10 5 1 93 
4 0 2 10 9 4 2 80 87 
5 0 8 7 4 7 1 82 
1 0 6 5 5 4 1 91 
4 0 10 5 3 5 2 82 89 
8 1 0 0 0 0 1 83 
5 1 0 0 0 0 1 88 
7 0 6 10 7 3 1 88 
6 0 6 6 10 3 1 87 
7 0 2 6 5 2 3 88 89 92 
6 1 0 0 0 0 1 92 
5 1 0 0 0 0 1 93 
6 0 9 4 1 6 1 93 
7 0 2 6 9 8 1 94 
3 0 1 8 8 6 1 91 
10 0 8 7 7 6 1 92 
8 0 6 7 3 3 1 95 
9 0 10 4 6 7 1 95 
2 1 0 0 0 0 1 95 
1 0 0 0 0 0 0 
1 0 0 0 0 0 3 97 98 99 
1 0 2 7 9 1 3 115 122 123 
5 0 4 2 9 1 2 104 121 
9 0 5 8 1 1 3 100 102 103 
6 0 10 8 3 10 3 101 105 106 
1 0 6 3 1 7 1 120 
8 0 5 10 3 1 2 109 110 
3 0 9 6 3 4 1 123 
9 0 8 10 2 9 1 109 
6 0 7 3 10 8 1 111 
7 0 4 3 3 4 2 107 108 
1 1 0 0 0 0 1 125 
8 1 0 0 0 0 2 116 124 
10 0 7 4 5 5 1 112 
2 0 7 2 6 8 1 120 
8 1 0 0 0 0 1 114 
9 1 0 0 0 0 3 113 117 119 
6 0 6 8 4 8 1 122 
10 0 10 8 10 10 1 118 
9 0 2 1 10 6 2 116 124 
7 0 5 10 6 8 1 118 
1 0 6 8 7 9 2 118 120 
7 0 1 1 2 7 1 125 
4 0 4 7 7 9 1 126 
8 0 4 7 4 2 1 123 
10 0 8 1 1 4 1 122 
1 0 10 4 3 1 1 125 
5 0 3 5 6 9 2 124 126 
1 0 9 1 2 1 1 127 
8 0 4 2 5 2 1 127 
8 0 9 2 2 7 1 127 
1 0 0 0 0 0 0 
1 0 0 0 0 0 3 129 130 131 
10 0 3 1 0 0 2 132 138 
5 0 2 2 0 0 3 133 137 139 
9 0 7 7 0 4 3 136 141 142 
2 0 3 0 5 10 3 134 135 140 
3 0 0 6 0 0 3 135 141 153 
4 0 7 5 3 0 3 136 142 144 
10 0 0 7 0 0 3 147 152 154 
5 0 0 8 0 0 3 143 150 151 
5 0 0 8 2 2 3 138 141 142 
6 0 10 2 0 7 3 140 143 151 
3 0 0 0 2 0 3 143 154 158 
3 0 8 0 0 3 3 144 148 149 
10 0 9 6 0 0 2 144 157 
10 0 0 9 10 7 3 145 148 149 
9 1 0 0 0 0 2 147 148 
8 1 0 0 0 0 2 147 152 
9 1 0 0 0 0 1 146 
1 1 0 0 0 0 3 150 151 152 
7 1 0 0 0 0 1 155 
4 0 0 0 2 2 2 156 157 
1 1 0 0 0 0 1 150 
4 0 2 0 0 0 2 153 156 
5 0 3 2 2 4 2 153 155 
7 0 5 0 9 0 2 155 158 
7 0 0 0 10 6 2 154 158 
3 0 0 0 0 2 1 157 
6 0 0 0 0 2 1 156 
9 0 1 9 0 5 1 159 
1 0 0 3 0 5 1 159 
10 0 0 0 1 2 1 159 
1 0 0 0 0 0 0 
1 0 0 0 0 0 3 161 162 163 
2 0 0 0 4 0 1 187 
3 0 2 0 1 1 1 171 
7 0 0 10 10 0 3 164 165 170 
1 0 6 9 4 0 2 167 173 
8 0 4 0 8 0 1 166 
3 0 0 10 0 0 1 186 
3 0 0 0 2 8 3 168 169 171 
2 0 0 5 0 6 1 175 
9 0 10 4 0 7 2 172 176 
10 0 7 0 0 4 1 188 
8 0 0 8 0 1 2 178 179 
6 1 0 0 0 0 2 179 185 
3 0 0 1 0 10 1 174 
1 0 0 0 0 8 3 178 183 185 
9 0 0 8 1 0 3 176 177 180 
7 0 5 2 4 0 1 186 
4 0 10 5 0 2 1 189 
1 1 0 0 0 0 1 184 
5 0 0 0 3 4 3 181 182 184 
9 0 10 5 0 10 2 182 183 
4 0 0 0 0 10 1 189 
7 0 3 6 0 0 1 190 
6 0 5 7 6 0 1 186 
5 0 3 7 0 0 1 190 
7 0 0 3 0 10 1 188 
1 0 4 0 0 0 1 189 
6 0 0 2 0 0 1 188 
4 0 6 0 0 7 1 191 
5 0 0 2 0 3 1 191 
3 0 5 0 9 6 1 191 
1 0 0 0 0 0 0 
1 0 0 0 0 0 3 193 194 195 
8 0 10 0 0 0 3 200 208 216 
3 0 0 4 0 0 3 196 201 202 
6 0 0 5 0 0 3 199 206 210 
9 0 0 4 0 0 3 197 198 204 
8 0 0 0 6 0 1 206 
6 0 0 0 0 8 2 221 222 
4 0 0 0 0 5 2 203 205 
5 0 0 8 0 0 3 209 213 214 
4 0 0 0 0 1 2 203 205 
5 0 8 0 0 0 2 204 220 
7 0 10 0 0 0 1 218 
1 1 0 0 0 0 1 219 
10 0 0 8 0 0 1 207 
1 1 0 0 0 0 1 219 
5 1 0 0 0 0 1 209 
4 0 0 0 0 9 2 210 211 
10 0 0 0 10 0 1 212 
3 1 0 0 0 0 1 217 
5 0 0 0 5 0 1 217 
10 0 0 2 0 0 1 220 
1 0 0 0 5 0 1 218 
1 1 0 0 0 0 1 215 
3 1 0 0 0 0 1 218 
10 0 0 8 0 0 1 217 
1 0 0 0 0 3 1 219 
1 0 0 1 0 0 1 220 
7 0 0 0 5 0 1 222 
8 0 0 10 0 0 1 223 
9 0 0 0 7 0 1 223 
2 0 0 6 0 0 1 223 
1 0 0 0 0 0 0 
1 0 0 0 0 0 3 225 226 227 
4 0 5 10 0 0 3 229 235 243 
10 0 8 0 0 0 2 228 239 
1 0 0 9 3 6 3 228 231 235 
10 0 9 0 5 0 3 230 234 241 
8 0 6 0 4 7 2 230 239 
2 0 8 0 0 10 3 233 246 249 
2 0 3 10 0 5 3 232 236 252 
3 0 0 0 0 8 1 238 
4 1 0 0 0 0 3 240 245 247 
4 0 0 7 0 0 3 236 237 247 
1 1 0 0 0 0 3 236 244 247 
3 0 3 6 0 0 3 240 248 249 
10 1 0 0 0 0 3 240 242 252 
7 0 0 0 0 4 3 239 241 242 
9 0 1 0 9 0 2 249 251 
6 1 0 0 0 0 2 251 254 
8 0 0 0 5 0 3 243 244 254 
6 1 0 0 0 0 3 243 244 250 
8 0 0 4 0 5 2 245 246 
2 0 8 2 0 3 2 245 246 
7 0 0 0 0 7 2 248 251 
5 0 9 1 0 5 1 248 
3 1 0 0 0 0 2 250 252 
7 0 3 1 0 7 1 253 
9 0 0 0 10 10 2 250 253 
7 0 0 4 6 8 1 254 
4 0 0 6 1 0 1 253 
8 1 0 0 0 0 1 255 
1 0 8 0 0 10 1 255 
10 0 8 0 8 4 1 255 
1 0 0 0 0 0 0 
1 0 0 0 0 0 3 257 258 259 
5 0 6 0 6 3 3 261 263 279 
4 0 0 10 0 1 3 266 269 272 
10 0 0 0 7 1 3 260 262 264 
10 0 0 1 6 7 3 266 269 272 
2 0 0 3 6 6 2 273 277 
3 0 9 10 1 3 3 270 277 283 
9 0 6 10 1 0 3 265 266 270 
9 0 5 0 7 5 3 271 279 285 
3 0 9 1 5 4 3 267 269 280 
9 1 0 0 0 0 3 273 274 280 
2 0 9 0 1 9 3 268 274 281 
10 1 0 0 0 0 3 271 276 285 
2 1 0 0 0 0 2 276 278 
4 0 3 5 0 3 3 275 276 281 
1 0 1 2 5 5 2 273 275 
4 1 0 0 0 0 3 274 277 279 
7 1 0 0 0 0 2 278 286 
1 1 0 0 0 0 3 275 278 282 
7 0 3 1 9 0 1 284 
6 0 5 0 2 1 1 286 
2 0 10 0 7 8 3 280 281 284 
8 0 4 0 0 8 1 283 
7 0 10 0 8 6 1 283 
2 1 0 0 0 0 2 282 286 
1 1 0 0 0 0 1 282 
10 0 8 2 7 0 1 285 
1 0 9 2 9 9 1 284 
10 0 3 2 1 8 1 287 
10 0 0 1 4 8 1 287 
3 0 0 4 9 6 1 287 
1 0 0 0 0 0 0 
389.77 328.49 299.23 282.44 289.33 283.78 393.39 424.94 379.72 268.37 258.13 263.43 337.96 309.2 288.54 282.05 385.5 455.23 521.84 642.53 677.22 600.07 530.13 469.86 402.46 368.99 336.73 325.24 318.72 350.98 440 483.86 460.11 297.22 346.71 306.68 341.68 348.63 299.89 318.36 398.61 444.28 483.63 586.87 576.52 475.23 410.07 262.87 228.02 233.88 217.64 205.6 243.07 206.55 330.06 389.44 276.91 262.89 285.04 218.36 236.19 258.67 238.43 310.57 324.66 370 430.36 533.36 547.29 481.67 400.09 353.21 321.21 319.86 326.3 339.4 327.83 285.21 454.74 504.75 501.57 448.5 434.41 409.97 354.54 343.16 304.84 311.29 354.56 397.7 503.07 529.23 536.98 512.86 528.95 396.28 366.35 336.57 324.66 319.86 319.18 325.94 411.39 456.13 444.7 422.93 369.84 362.34 356.05 285.48 250.83 291.68 378.01 426.65 514.68 551.38 560.16 540.03 493.34 431.02 403.51 344.67 351.99 337.01 332.04 331.27 337.03 333.12 343.78 353.08 351.22 338.16 325.35 288.17 261.13 245.55 284.94 343.15 370.22 387.81 408.59 406.07 398.58 370.23 393.26 379.24 355.06 331 316.18 302.82 272.76 260.93 221.38 161.57 173.83 199.31 104.93 137.29 152.11 171.41 191.51 301.82 364.08 405.01 427.76 435.49 420.73 376.56 389.77 328.49 299.23 282.44 289.33 283.78 393.39 424.94 379.72 268.37 258.13 263.43 337.96 309.2 288.54 282.05 385.5 455.23 521.84 642.53 677.22 600.07 530.13 469.86 402.46 368.99 336.73 325.24 318.72 350.98 440 483.86 460.11 297.22 346.71 306.68 341.68 348.63 299.89 318.36 398.61 444.28 483.63 586.87 576.52 475.23 410.07 262.87 228.02 233.88 217.64 205.6 243.07 206.55 330.06 389.44 276.91 262.89 285.04 218.36 236.19 258.67 238.43 310.57 324.66 370 430.36 533.36 547.29 481.67 400.09 353.21 321.21 319.86 326.3 339.4 327.83 285.21 454.74 504.75 501.57 448.5 434.41 409.97 354.54 343.16 304.84 311.29 354.56 397.7 503.07 529.23 536.98 512.86 528.95 396.28 366.35 336.57 324.66 319.86 319.18 325.94 411.39 456.13 444.7 422.93 369.84 362.34 356.05 285.48 250.83 291.68 378.01 426.65 514.68 551.38 560.16 540.03 493.34 431.02 403.51 344.67 351.99 337.01 332.04 331.27 337.03 333.12 343.78 353.08 351.22 338.16 325.35 288.17 261.13 245.55 284.94 343.15 370.22 387.81 408.59 406.07 398.58 370.23 393.26 379.24 355.06 331 316.18 302.82 272.76 260.93 221.38 161.57 173.83 199.31 104.93 137.29 152.11 171.41 191.51 301.82 364.08 405.01 427.76 435.49 420.73 376.56 389.77 328.49 299.23 282.44 289.33 283.78 393.39 424.94 379.72 268.37 258.13 263.43 337.96 309.2 288.54 282.05 385.5 455.23 521.84 642.53 677.22 600.07 530.13 469.86 402.46 368.99 336.73 325.24 318.72 350.98 440 483.86 460.11 297.22 346.71 306.68 341.68 348.63 299.89 318.36 398.61 444.28 483.63 586.87 576.52 475.23 410.07 262.87 228.02 233.88 217.64 205.6 243.07 206.55 330.06 389.44 276.91 262.89 285.04 218.36 236.19 258.67 238.43 310.57 324.66 370 430.36 533.36 547.29 481.67 400.09 353.21 321.21 319.86 326.3 339.4 327.83 285.21 454.74 504.75 501.57 448.5 434.41 409.97 354.54 343.16 304.84 311.29 354.56 397.7 503.07 529.23 536.98 512.86 528.95 396.28 366.35 336.57 324.66 319.86 319.18 325.94 411.39 456.13 444.7 422.93 369.84 362.34 356.05 285.48 250.83 291.68 378.01 426.65 514.68 551.38 560.16 540.03 493.34 431.02 403.51 344.67 351.99 337.01 332.04 331.27 337.03 333.12 343.78 353.08 351.22 338.16 325.35 288.17 261.13 245.55 284.94 343.15 370.22 387.81 408.59 406.07 398.58 370.23 393.26 379.24 355.06 331 316.18 302.82 272.76 260.93 221.38 161.57 173.83 199.31 104.93 137.29 152.11 171.41 191.51 301.82 364.08 405.01 427.76 435.49 420.73 376.56 389.77 328.49 299.23 282.44 289.33 283.78 393.39 424.94 379.72 268.37 258.13 263.43 337.96 309.2 288.54 282.05 385.5 455.23 521.84 642.53 677.22 600.07 530.13 469.86 402.46 368.99 336.73 325.24 318.72 350.98 440 483.86 460.11 297.22 346.71 306.68 341.68 348.63 299.89 318.36 398.61 444.28 483.63 586.87 576.52 475.23 410.07 262.87 228.02 233.88 217.64 205.6 243.07 206.55 330.06 389.44 276.91 262.89 285.04 218.36 236.19 258.67 238.43 310.57 324.66 370 430.36 533.36 547.29 481.67 400.09 353.21 321.21 319.86 326.3 339.4 
