288 5
1 36 26 28 36 
1 0 0 0 0 0 3 1 2 3 
10 0 0 0 0 8 2 8 12 
5 0 0 8 0 0 3 4 7 15 
2 0 3 0 0 0 1 5 
3 0 0 0 0 6 3 6 16 18 
5 0 8 0 0 0 3 11 13 25 
1 0 0 0 10 0 3 8 14 24 
8 0 0 0 0 7 2 9 12 
5 0 0 0 0 9 2 27 30 
9 0 8 0 0 0 3 10 20 30 
8 0 4 0 0 0 2 21 23 
3 0 4 0 0 0 2 21 26 
5 1 0 0 0 0 1 22 
10 0 0 5 0 0 3 17 18 27 
4 0 0 0 2 0 2 17 19 
3 0 9 0 0 0 3 16 17 23 
7 0 0 9 0 0 2 24 29 
2 0 0 0 1 0 2 20 28 
10 0 6 0 0 0 1 28 
7 0 0 0 3 0 2 25 27 
10 0 1 0 0 0 1 21 
4 0 0 8 0 0 1 29 
3 0 10 0 0 0 3 23 24 25 
9 0 0 2 0 0 1 26 
10 0 0 0 3 0 1 26 
8 1 0 0 0 0 1 30 
10 0 0 0 0 2 1 28 
1 1 0 0 0 0 1 29 
6 0 0 0 0 5 1 31 
3 0 0 0 0 9 1 31 
10 0 2 0 0 0 1 31 
1 0 0 0 0 0 0 
1 0 0 0 0 0 3 33 34 35 
5 0 5 0 8 6 3 36 43 55 
3 0 7 8 0 9 3 37 39 46 
6 0 5 3 2 1 1 44 
2 0 3 3 0 8 1 50 
2 0 0 4 0 3 3 38 40 54 
9 0 4 8 8 8 3 41 47 56 
8 0 3 0 0 8 3 50 56 58 
8 0 8 1 3 0 1 42 
10 0 0 6 10 3 2 45 51 
7 0 4 0 6 4 2 50 52 
4 0 8 0 9 10 2 48 62 
1 0 10 0 7 2 2 46 51 
5 0 0 10 0 6 1 57 
8 0 7 0 8 2 3 47 54 58 
5 0 2 0 0 0 2 53 59 
4 0 10 7 0 3 1 49 
6 0 1 9 0 6 2 53 59 
4 0 6 2 0 7 2 51 53 
5 1 0 0 0 0 1 61 
10 1 0 0 0 0 3 55 57 58 
8 1 0 0 0 0 1 60 
7 0 5 4 10 2 2 55 57 
6 1 0 0 0 0 1 56 
7 0 5 9 0 8 2 59 60 
3 1 0 0 0 0 2 61 62 
7 1 0 0 0 0 2 60 62 
9 0 10 4 0 0 1 61 
2 0 8 5 0 0 1 63 
7 0 1 2 0 10 1 63 
8 0 5 10 8 3 1 63 
1 0 0 0 0 0 0 
1 0 0 0 0 0 3 65 66 67 
10 0 2 0 6 9 3 73 75 79 
4 0 6 0 8 0 3 69 81 87 
6 0 0 1 0 10 3 68 70 91 
8 0 6 0 0 0 2 74 78 
7 0 0 0 3 0 1 71 
10 0 9 0 5 0 2 72 82 
8 0 3 6 0 2 1 85 
3 0 2 0 3 0 1 86 
7 0 0 10 3 6 3 76 77 92 
5 0 4 0 0 0 2 83 93 
5 1 0 0 0 0 1 77 
9 0 1 0 7 6 3 80 83 89 
1 0 7 9 0 0 1 84 
9 0 1 0 4 8 1 90 
5 0 0 0 1 3 1 93 
4 1 0 0 0 0 1 84 
8 0 1 0 0 0 2 85 88 
8 1 0 0 0 0 1 92 
6 0 9 0 10 0 1 86 
4 0 0 1 0 0 1 88 
3 1 0 0 0 0 1 90 
4 0 0 6 0 0 1 87 
4 0 3 0 0 5 1 94 
2 0 0 0 8 0 2 91 93 
5 1 0 0 0 0 1 90 
7 1 0 0 0 0 1 94 
9 0 0 1 5 10 1 94 
1 0 0 0 10 2 1 95 
5 0 0 5 9 6 1 95 
9 0 4 0 8 0 1 95 
1 0 0 0 0 0 0 
1 0 0 0 0 0 3 97 98 99 
4 0 6 9 9 5 1 108 
6 0 5 6 2 3 3 103 116 122 
1 0 2 3 3 2 2 100 104 
9 0 2 10 4 5 3 101 116 121 
1 0 4 9 4 8 3 102 105 110 
9 0 10 9 3 3 2 108 111 
2 0 2 4 4 5 1 104 
4 0 5 4 4 6 2 109 117 
2 0 8 7 10 7 2 106 108 
2 0 9 7 1 9 2 107 112 
4 0 4 2 10 1 3 109 113 122 
7 1 0 0 0 0 2 114 117 
9 1 0 0 0 0 3 111 115 119 
2 0 7 9 4 6 2 117 118 
2 1 0 0 0 0 1 120 
3 1 0 0 0 0 3 113 114 118 
7 1 0 0 0 0 2 115 119 
3 0 4 7 6 3 1 122 
8 0 9 4 2 10 1 120 
7 0 3 4 2 7 1 125 
5 1 0 0 0 0 2 123 124 
2 0 7 3 7 2 2 120 125 
4 0 5 2 8 3 2 125 126 
9 0 5 8 9 3 1 126 
7 0 5 5 10 1 2 123 124 
2 0 9 5 10 1 2 123 124 
2 0 9 5 5 4 1 126 
2 0 6 6 9 7 1 127 
3 0 4 5 7 4 1 127 
6 0 1 7 9 10 1 127 
1 0 0 0 0 0 0 
1 0 0 0 0 0 3 129 130 131 
7 0 0 0 0 2 1 133 
1 0 0 8 0 0 1 146 
4 0 0 0 10 0 1 132 
6 0 7 0 0 0 3 134 137 138 
2 0 0 0 7 0 1 150 
10 0 0 0 5 0 3 135 136 139 
7 0 0 0 0 2 2 140 145 
1 0 0 0 0 7 2 141 143 
10 0 0 0 1 0 2 140 153 
6 0 0 10 0 0 2 144 156 
9 0 8 0 0 0 2 147 154 
7 0 0 0 0 4 2 142 148 
6 0 0 0 1 0 2 142 145 
9 1 0 0 0 0 1 152 
9 0 9 0 0 0 2 155 158 
10 0 0 0 7 0 1 145 
10 1 0 0 0 0 3 149 151 157 
10 0 0 5 0 0 1 155 
10 1 0 0 0 0 1 155 
8 1 0 0 0 0 1 156 
1 1 0 0 0 0 1 152 
10 0 0 1 0 0 1 156 
10 1 0 0 0 0 2 152 153 
6 0 0 5 0 0 1 154 
8 0 0 3 0 0 1 154 
8 0 0 8 0 0 1 158 
5 0 0 0 5 0 1 157 
5 0 0 0 0 7 1 159 
1 1 0 0 0 0 1 159 
9 0 0 0 2 0 1 159 
1 0 0 0 0 0 0 
1 0 0 0 0 0 3 161 162 163 
9 0 5 5 0 9 3 166 168 174 
8 0 1 8 0 0 3 165 176 188 
3 0 3 8 0 0 3 164 167 171 
1 0 0 0 1 7 1 173 
1 0 3 0 3 0 2 172 178 
10 0 7 8 0 3 2 173 189 
7 0 0 0 7 5 3 169 170 185 
4 0 9 8 0 9 3 180 184 185 
5 0 7 0 0 7 2 172 181 
4 0 1 0 0 0 2 178 188 
7 0 10 0 0 3 1 175 
6 0 10 9 0 0 2 186 187 
1 0 1 7 10 0 1 182 
6 0 0 0 0 6 3 177 178 184 
2 0 0 5 0 5 3 179 185 186 
4 0 8 0 0 3 2 181 189 
9 1 0 0 0 0 2 180 182 
5 1 0 0 0 0 2 181 186 
5 0 0 0 1 8 3 180 182 184 
5 0 0 0 9 5 1 183 
9 0 3 0 8 0 1 190 
7 0 3 1 0 0 1 183 
3 0 0 0 7 5 1 188 
9 0 2 0 0 0 2 187 190 
6 1 0 0 0 0 1 187 
3 1 0 0 0 0 1 190 
2 0 1 0 9 3 1 189 
1 0 10 0 1 2 1 191 
7 0 8 0 0 0 1 191 
9 0 5 0 6 0 1 191 
1 0 0 0 0 0 0 
1 0 0 0 0 0 3 193 194 195 
4 0 0 0 9 0 1 210 
1 0 8 2 0 0 3 198 199 205 
1 0 6 2 0 0 3 196 200 216 
8 0 0 0 4 0 2 197 205 
4 0 0 4 1 0 3 203 208 214 
8 0 0 8 3 9 1 213 
7 0 9 0 10 0 3 201 216 222 
10 0 2 0 2 8 1 220 
9 0 0 9 0 0 2 202 204 
3 0 0 0 6 0 1 215 
10 0 6 0 0 8 1 207 
8 0 0 10 0 0 3 206 210 218 
5 0 0 0 10 0 1 209 
8 0 10 0 4 4 1 217 
1 1 0 0 0 0 1 219 
4 0 1 0 8 10 1 219 
9 1 0 0 0 0 1 211 
8 1 0 0 0 0 2 212 217 
7 0 10 6 9 4 2 213 215 
8 0 0 0 5 0 2 214 215 
4 0 6 0 1 0 1 222 
10 0 5 0 10 0 1 221 
3 0 0 10 6 3 1 220 
2 1 0 0 0 0 1 219 
4 1 0 0 0 0 1 220 
6 0 9 0 0 0 1 221 
7 0 0 0 3 7 1 221 
3 0 0 1 6 0 1 223 
2 0 0 0 3 5 1 223 
10 0 2 10 0 8 1 223 
1 0 0 0 0 0 0 
1 0 0 0 0 0 3 225 226 227 
10 0 7 9 0 10 3 229 232 236 
5 0 0 1 8 0 2 228 231 
7 0 8 5 7 1 2 233 239 
5 0 1 8 0 0 3 230 238 247 
4 1 0 0 0 0 1 252 
6 1 0 0 0 0 3 235 242 250 
2 0 10 3 9 5 3 235 237 252 
2 0 0 0 1 3 3 234 242 243 
5 0 9 1 4 0 3 234 240 241 
9 0 0 0 8 7 2 245 250 
1 1 0 0 0 0 1 239 
8 0 9 0 6 8 3 241 245 248 
6 0 5 5 9 0 3 239 242 246 
10 0 7 0 3 8 1 254 
9 0 2 10 4 2 2 245 248 
4 0 0 7 4 8 3 244 249 253 
8 0 0 1 1 9 1 249 
4 0 7 0 5 1 1 251 
1 1 0 0 0 0 3 244 247 248 
6 1 0 0 0 0 1 246 
1 0 7 9 9 5 1 251 
4 1 0 0 0 0 1 250 
6 1 0 0 0 0 1 249 
3 0 10 10 0 0 1 251 
10 0 2 3 1 5 2 252 254 
6 0 9 0 6 9 1 254 
5 0 4 0 8 3 1 253 
5 0 9 7 6 0 1 255 
1 0 0 1 1 0 1 255 
3 0 5 2 0 1 1 255 
1 0 0 0 0 0 0 
1 0 0 0 0 0 3 257 258 259 
4 0 0 0 0 3 3 262 271 273 
4 0 0 0 9 0 3 260 266 268 
1 0 0 0 0 1 2 261 273 
9 0 0 8 0 0 3 269 280 284 
9 0 0 3 0 0 3 264 266 270 
9 0 1 0 0 0 3 263 264 279 
5 0 0 0 0 8 3 267 272 276 
6 1 0 0 0 0 3 265 274 281 
4 1 0 0 0 0 3 277 278 283 
8 0 3 0 0 0 1 271 
1 0 6 0 0 0 3 275 280 281 
1 0 0 0 2 0 2 270 282 
2 1 0 0 0 0 1 282 
3 1 0 0 0 0 2 275 285 
6 0 0 0 8 0 1 285 
7 1 0 0 0 0 1 278 
2 0 0 0 0 5 3 274 277 280 
9 0 0 0 3 0 2 275 286 
5 0 0 0 5 0 1 284 
9 0 0 0 3 0 2 277 278 
1 0 10 0 0 0 1 286 
3 0 3 0 0 0 1 285 
2 1 0 0 0 0 1 283 
10 0 0 0 0 4 1 282 
1 1 0 0 0 0 1 283 
8 0 7 0 0 0 1 286 
10 0 0 0 0 8 1 284 
2 0 9 0 0 0 1 287 
5 0 0 0 0 8 1 287 
2 0 0 0 4 0 1 287 
1 0 0 0 0 0 0 
133.83 133.97 141.84 135.2 144.21 164.92 270.28 314.69 324.05 308.38 295.44 308.58 300.89 302.05 331.4 328.09 330.77 333.95 315.41 289.8 256 220 199.93 158.17 136.75 121.62 99.97 82.85 91.51 136.62 210.67 250.35 258.57 245.32 242.2 252.49 256.02 261.53 263.61 261.4 259.57 284.96 294.9 280.1 250.75 207.27 195.58 158.73 130.31 126.47 111.56 106.22 110.87 137.75 209.97 258.46 268.55 243.57 245 239.93 232.98 226.14 231.95 239.46 260.7 260 264.36 259.31 212.87 209.34 186.78 157.1 157.16 149.26 143.86 138.49 152 185.8 270.15 300.45 303.42 294.94 295.02 289.9 279.73 276.6 288.23 303.27 305.51 316.94 291.03 284.16 261.56 229.94 217.1 191.19 194.93 175.19 163.07 151.82 168.23 206.79 257.98 303.49 315.91 300.42 289.86 300.47 287.17 286.54 290.82 317.7 327.36 349.9 337.95 316.75 283.86 266.32 269.92 226.03 212.77 210.7 199.98 200 197.99 211.94 214.94 228.07 264.96 280 257.83 254.04 249.99 239.83 257.61 264.02 288.2 315.92 306.1 270.08 232.22 213.37 200 173.69 144.88 135 122.01 99.4 99.4 105.64 129.57 144.02 154 171.71 171.21 186.6 184.01 180 184.47 188.84 215.35 230 228.73 217.64 201.01 183.19 171.05 158.51 133.83 133.97 141.84 135.2 144.21 164.92 270.28 314.69 324.05 308.38 295.44 308.58 300.89 302.05 331.4 328.09 330.77 333.95 315.41 289.8 256 220 199.93 158.17 136.75 121.62 99.97 82.85 91.51 136.62 210.67 250.35 258.57 245.32 242.2 252.49 256.02 261.53 263.61 261.4 259.57 284.96 294.9 280.1 250.75 207.27 195.58 158.73 130.31 126.47 111.56 106.22 110.87 137.75 209.97 258.46 268.55 243.57 245 239.93 232.98 226.14 231.95 239.46 260.7 260 264.36 259.31 212.87 209.34 186.78 157.1 157.16 149.26 143.86 138.49 152 185.8 270.15 300.45 303.42 294.94 295.02 289.9 279.73 276.6 288.23 303.27 305.51 316.94 291.03 284.16 261.56 229.94 217.1 191.19 194.93 175.19 163.07 151.82 168.23 206.79 257.98 303.49 315.91 300.42 289.86 300.47 287.17 286.54 290.82 317.7 327.36 349.9 337.95 316.75 283.86 266.32 269.92 226.03 212.77 210.7 199.98 200 197.99 211.94 214.94 228.07 264.96 280 257.83 254.04 249.99 239.83 257.61 264.02 288.2 315.92 306.1 270.08 232.22 213.37 200 173.69 144.88 135 122.01 99.4 99.4 105.64 129.57 144.02 154 171.71 171.21 186.6 184.01 180 184.47 188.84 215.35 230 228.73 217.64 201.01 183.19 171.05 158.51 133.83 133.97 141.84 135.2 144.21 164.92 270.28 314.69 324.05 308.38 295.44 308.58 300.89 302.05 331.4 328.09 330.77 333.95 315.41 289.8 256 220 199.93 158.17 136.75 121.62 99.97 82.85 91.51 136.62 210.67 250.35 258.57 245.32 242.2 252.49 256.02 261.53 263.61 261.4 259.57 284.96 294.9 280.1 250.75 207.27 195.58 158.73 130.31 126.47 111.56 106.22 110.87 137.75 209.97 258.46 268.55 243.57 245 239.93 232.98 226.14 231.95 239.46 260.7 260 264.36 259.31 212.87 209.34 186.78 157.1 157.16 149.26 143.86 138.49 152 185.8 270.15 300.45 303.42 294.94 295.02 289.9 279.73 276.6 288.23 303.27 305.51 316.94 291.03 284.16 261.56 229.94 217.1 191.19 194.93 175.19 163.07 151.82 168.23 206.79 257.98 303.49 315.91 300.42 289.86 300.47 287.17 286.54 290.82 317.7 327.36 349.9 337.95 316.75 283.86 266.32 269.92 226.03 212.77 210.7 199.98 200 197.99 211.94 214.94 228.07 264.96 280 257.83 254.04 249.99 239.83 257.61 264.02 288.2 315.92 306.1 270.08 232.22 213.37 200 173.69 144.88 135 122.01 99.4 99.4 105.64 129.57 144.02 154 171.71 171.21 186.6 184.01 180 184.47 188.84 215.35 230 228.73 217.64 201.01 183.19 171.05 158.51 133.83 133.97 141.84 135.2 144.21 164.92 270.28 314.69 324.05 308.38 295.44 308.58 300.89 302.05 331.4 328.09 330.77 333.95 315.41 289.8 256 220 199.93 158.17 136.75 121.62 99.97 82.85 91.51 136.62 210.67 250.35 258.57 245.32 242.2 252.49 256.02 261.53 263.61 261.4 259.57 284.96 294.9 280.1 250.75 207.27 195.58 158.73 130.31 126.47 
