288 5
1 30 34 29 37 
1 0 0 0 0 0 3 1 2 3 
10 0 0 0 6 1 2 21 29 
1 0 7 0 0 8 3 4 5 10 
9 0 0 0 2 4 1 16 
5 0 3 0 0 3 3 6 18 25 
2 0 4 9 0 0 3 7 11 21 
2 0 0 0 10 9 3 9 12 13 
5 0 0 8 0 2 3 8 17 24 
6 0 0 10 0 5 2 14 15 
7 0 0 5 5 3 3 11 17 27 
3 0 0 0 7 10 3 14 18 28 
1 0 0 9 9 7 1 30 
7 1 0 0 0 0 2 17 23 
7 0 0 8 0 0 2 19 20 
4 0 2 0 1 0 2 20 29 
8 0 10 10 0 0 2 16 19 
9 1 0 0 0 0 3 18 23 25 
9 1 0 0 0 0 2 20 29 
9 0 6 0 0 8 1 26 
3 1 0 0 0 0 1 22 
9 0 5 0 0 0 1 30 
6 0 4 0 4 0 2 24 26 
5 1 0 0 0 0 2 23 26 
9 1 0 0 0 0 1 27 
6 0 7 10 0 3 1 25 
7 0 4 0 0 4 1 27 
6 0 6 1 5 0 1 30 
7 0 0 8 0 7 1 28 
6 0 1 1 0 0 1 31 
8 0 0 5 0 0 1 31 
9 0 5 0 0 0 1 31 
1 0 0 0 0 0 0 
1 0 0 0 0 0 3 33 34 35 
5 0 4 10 5 9 3 38 47 54 
4 0 1 8 2 1 2 37 40 
2 0 4 4 9 8 3 36 41 42 
7 0 6 8 1 10 2 45 56 
6 0 7 4 7 5 2 54 59 
8 0 8 7 4 5 2 39 43 
7 0 9 9 2 2 3 44 45 46 
7 0 1 2 8 9 1 47 
5 0 4 6 6 9 1 48 
2 0 1 9 1 1 1 49 
6 1 0 0 0 0 1 61 
1 1 0 0 0 0 2 48 55 
6 0 9 10 5 6 2 51 53 
1 0 9 5 10 9 2 60 61 
8 0 6 6 3 6 1 50 
3 0 5 4 2 3 2 52 58 
10 0 6 6 9 8 2 50 53 
4 1 0 0 0 0 1 57 
7 0 4 10 6 8 1 62 
9 0 6 8 2 10 1 53 
5 0 7 1 3 2 1 59 
8 0 4 8 5 8 1 58 
9 1 0 0 0 0 1 57 
10 0 9 1 6 7 1 58 
5 0 8 10 3 8 1 59 
3 0 7 5 1 2 1 61 
4 0 6 2 2 10 1 62 
5 0 6 7 8 4 1 63 
2 0 7 5 10 9 1 63 
5 0 10 5 1 8 1 63 
1 0 0 0 0 0 0 
1 0 0 0 0 0 3 65 66 67 
3 0 8 0 0 9 3 70 71 74 
7 0 3 0 1 9 3 68 72 83 
6 0 10 7 6 9 3 76 78 79 
4 0 7 6 8 10 3 69 76 77 
6 0 10 4 7 0 2 75 85 
7 0 6 6 0 9 1 86 
9 0 0 8 3 7 2 73 88 
9 0 2 2 10 4 2 76 77 
3 0 1 9 3 8 3 82 84 94 
7 0 5 7 9 6 2 81 87 
8 0 0 0 2 10 1 80 
1 0 1 10 10 4 3 82 84 86 
5 0 1 7 4 1 2 86 87 
5 0 10 1 0 6 3 80 85 93 
5 0 5 6 7 6 2 82 91 
10 1 0 0 0 0 1 81 
5 1 0 0 0 0 1 88 
1 1 0 0 0 0 1 92 
10 0 0 5 0 1 3 90 91 93 
2 0 4 0 6 8 3 85 90 93 
7 0 3 4 0 0 1 92 
8 0 5 5 9 0 1 89 
4 0 10 3 9 0 1 94 
4 0 1 5 0 10 2 89 90 
9 0 0 8 0 4 1 91 
8 0 9 4 0 0 1 92 
5 0 1 6 0 3 1 94 
10 0 0 3 0 2 1 95 
4 1 0 0 0 0 1 95 
1 0 5 6 6 0 1 95 
1 0 0 0 0 0 0 
1 0 0 0 0 0 3 97 98 99 
10 0 6 0 10 0 3 100 105 113 
8 0 10 0 0 1 2 103 125 
5 0 6 0 0 2 3 101 102 105 
10 0 0 0 6 4 3 104 107 118 
4 0 0 4 7 7 2 114 118 
2 0 5 0 8 0 2 106 112 
3 0 0 0 2 0 3 108 112 115 
6 0 0 0 0 3 3 106 109 114 
2 0 8 0 0 6 3 108 110 112 
6 0 0 6 2 0 3 115 120 122 
7 1 0 0 0 0 2 111 121 
3 0 6 6 9 0 1 124 
6 1 0 0 0 0 3 115 116 123 
9 0 0 7 0 4 1 117 
4 1 0 0 0 0 1 117 
7 0 5 0 2 0 2 117 119 
3 0 4 0 0 2 3 116 120 122 
1 0 0 0 6 6 1 126 
5 0 10 1 2 9 2 119 124 
5 0 5 0 1 0 1 119 
9 0 6 0 0 1 1 126 
5 1 0 0 0 0 1 123 
3 0 1 0 0 5 1 126 
4 0 0 0 5 2 1 123 
9 0 0 8 0 5 1 122 
3 0 0 10 0 2 1 125 
1 0 8 0 8 0 2 124 125 
4 0 5 0 0 5 1 127 
5 0 0 7 6 2 1 127 
6 0 0 0 9 0 1 127 
1 0 0 0 0 0 0 
1 0 0 0 0 0 3 129 130 131 
1 0 2 7 9 1 3 147 154 155 
5 0 4 2 9 1 2 136 153 
9 0 5 8 1 1 3 132 134 135 
6 0 10 8 3 10 3 133 137 138 
1 0 6 3 1 7 1 152 
8 0 5 10 3 1 2 141 142 
3 0 9 6 3 4 1 155 
9 0 8 10 2 9 1 141 
6 0 7 3 10 8 1 143 
7 0 4 3 3 4 2 139 140 
1 1 0 0 0 0 1 157 
8 1 0 0 0 0 2 148 156 
10 0 7 4 5 5 1 144 
2 0 7 2 6 8 1 152 
8 1 0 0 0 0 1 146 
9 1 0 0 0 0 3 145 149 151 
6 0 6 8 4 8 1 154 
10 0 10 8 10 10 1 150 
9 0 2 1 10 6 2 148 156 
7 0 5 10 6 8 1 150 
1 0 6 8 7 9 2 150 152 
7 0 1 1 2 7 1 157 
4 0 4 7 7 9 1 158 
8 0 4 7 4 2 1 155 
10 0 8 1 1 4 1 154 
1 0 10 4 3 1 1 157 
5 0 3 5 6 9 2 156 158 
1 0 9 1 2 1 1 159 
8 0 4 2 5 2 1 159 
8 0 9 2 2 7 1 159 
1 0 0 0 0 0 0 
1 0 0 0 0 0 3 161 162 163 
2 0 5 7 6 5 3 167 168 182 
8 0 8 6 1 4 1 164 
6 0 7 4 9 4 3 165 166 169 
4 0 4 3 9 5 3 170 172 175 
2 0 1 8 8 1 2 177 178 
5 0 10 7 1 5 1 181 
7 0 4 9 10 6 1 170 
4 0 4 3 1 6 1 180 
10 0 3 8 10 4 3 171 173 174 
5 1 0 0 0 0 1 179 
1 1 0 0 0 0 2 175 185 
6 0 4 10 9 4 3 184 186 187 
5 1 0 0 0 0 2 176 190 
3 1 0 0 0 0 1 179 
10 1 0 0 0 0 2 182 188 
9 1 0 0 0 0 1 177 
5 0 9 2 3 3 1 183 
9 0 7 1 2 10 1 182 
5 0 7 7 5 2 1 180 
7 0 5 2 9 7 1 184 
1 1 0 0 0 0 1 185 
5 0 5 6 1 8 2 186 189 
5 0 7 1 7 5 1 184 
3 0 5 1 8 3 1 189 
8 0 5 8 9 9 1 187 
3 0 2 8 10 8 1 190 
1 0 6 6 3 8 1 188 
1 0 7 2 9 1 1 191 
4 0 4 4 2 7 1 191 
4 0 10 2 8 10 1 191 
1 0 0 0 0 0 0 
1 0 0 0 0 0 3 193 194 195 
2 0 3 0 0 3 1 208 
9 0 6 5 10 1 1 200 
8 0 7 9 6 4 2 196 204 
6 0 9 1 9 8 3 197 198 210 
2 0 5 3 2 0 3 201 205 212 
3 0 0 1 9 7 3 199 213 216 
9 0 5 1 10 3 3 202 203 206 
9 0 5 0 7 2 2 201 209 
4 1 0 0 0 0 3 206 208 219 
6 0 0 8 7 10 2 220 222 
5 1 0 0 0 0 1 215 
10 0 4 2 4 10 2 217 220 
8 0 10 4 3 8 2 207 216 
2 1 0 0 0 0 1 214 
9 0 6 5 2 0 2 214 222 
2 0 7 0 4 9 1 221 
3 0 4 0 0 9 3 211 212 216 
1 0 5 0 9 2 2 212 213 
2 0 9 0 0 5 3 213 215 217 
10 0 10 5 10 6 2 214 217 
7 0 0 4 3 0 2 218 219 
7 0 6 1 2 0 1 215 
9 0 6 0 0 0 1 218 
6 0 10 0 0 0 2 219 221 
6 0 7 4 0 8 2 218 222 
2 0 3 0 1 0 1 221 
1 0 0 7 10 5 1 220 
7 0 1 0 0 6 1 223 
5 0 9 7 10 8 1 223 
2 0 9 7 9 8 1 223 
1 0 0 0 0 0 0 
1 0 0 0 0 0 3 225 226 227 
6 0 2 0 8 5 2 228 238 
8 0 2 10 3 0 3 229 232 234 
7 0 2 0 4 2 2 230 242 
4 0 1 3 2 9 2 231 233 
4 0 0 0 7 0 3 231 244 252 
8 0 7 0 3 3 2 231 232 
10 0 5 10 8 8 1 249 
10 0 5 0 0 4 3 235 236 237 
4 0 9 9 10 8 3 235 241 246 
9 0 0 10 8 2 2 239 240 
3 0 1 7 9 2 2 243 245 
9 1 0 0 0 0 2 250 251 
8 1 0 0 0 0 1 246 
7 0 0 10 0 10 1 253 
1 0 0 1 9 4 2 243 246 
1 0 5 0 9 4 2 241 245 
6 0 10 8 0 7 2 244 248 
6 0 0 5 1 7 1 253 
5 1 0 0 0 0 3 244 247 249 
6 1 0 0 0 0 1 253 
4 0 0 5 2 9 3 247 248 249 
6 1 0 0 0 0 3 248 250 252 
10 0 3 5 2 9 1 252 
6 0 7 7 4 7 1 251 
8 1 0 0 0 0 2 250 251 
4 0 2 7 0 0 1 254 
9 0 9 10 10 0 1 254 
4 0 3 4 10 10 1 255 
10 0 7 9 0 9 1 255 
8 0 0 10 3 2 1 255 
1 0 0 0 0 0 0 
1 0 0 0 0 0 3 257 258 259 
2 0 8 9 10 2 1 260 
5 0 1 4 8 9 2 262 266 
8 0 0 1 6 3 2 263 269 
3 0 6 1 0 8 2 261 264 
4 1 0 0 0 0 3 274 275 285 
1 0 9 0 10 3 2 271 272 
7 0 6 0 2 5 3 265 268 278 
2 0 5 7 5 0 1 282 
3 1 0 0 0 0 2 273 274 
3 0 7 7 3 0 2 267 286 
10 0 6 6 9 0 1 277 
7 0 10 2 3 0 3 270 277 280 
2 0 3 5 0 6 3 272 276 281 
8 0 0 4 7 9 1 276 
10 0 0 4 0 8 1 275 
9 0 7 4 0 6 1 275 
6 0 8 8 0 0 1 280 
6 0 6 0 10 8 1 286 
3 1 0 0 0 0 1 284 
3 1 0 0 0 0 2 279 283 
10 1 0 0 0 0 1 279 
7 1 0 0 0 0 1 282 
10 0 9 0 6 4 1 285 
9 0 0 0 2 7 1 283 
9 0 4 8 7 9 1 283 
7 0 10 0 5 0 1 285 
8 0 5 10 9 1 1 284 
2 0 0 3 0 8 1 287 
7 0 1 7 0 6 1 287 
5 0 9 1 4 2 1 287 
1 0 0 0 0 0 0 
98.21 81.85 78.14 71.9 70 72.96 80 76.86 68.64 54.52 23.18 14.46 11.09 -2 -0.01 1.38 11.18 22.07 127.1 153.73 215.84 204.14 226.35 186.99 79.64 2.42 2.89 1.09 6.16 68.91 131.93 200.65 200 200 87.71 105 56.81 52.97 41.51 70.89 130 105 130.8 162.46 165.38 141.39 130.8 111 97.68 86.57 81.44 79.97 81.48 97.84 127.18 145 136.41 131.99 120 111.56 100.71 97.36 97.62 97.07 100.34 109.99 133.59 151.36 145 125 109.3 97.95 97.23 85.09 88.03 72.86 88.03 94.78 153.37 161.55 153.4 140.74 170.57 98.19 92.85 99.44 108.6 115.71 112.78 127.33 139.03 171.12 180.57 159.81 138.99 131.82 118.09 112.8 116.54 112.8 113.14 127.4 144.74 171.95 171.31 151.11 132.96 121.11 108.92 106.59 107.2 109.38 106.29 116.65 138.16 149.36 150.58 126.2 124.98 120.29 123.9 112 114.38 108 105.14 103.55 105.56 104.85 106.21 101.89 98.27 93.97 88.23 83.02 82.68 82.56 92.8 98.81 112.66 132.79 134.51 127.8 127.71 119.3 111.55 103.49 102.68 101.09 102.63 103.5 103.5 103.37 110.43 114.68 111.04 107.83 104.05 98.16 94.49 94.04 95.82 100.74 115.21 132.88 140 135 129.97 125.35 98.21 81.85 78.14 71.9 70 72.96 80 76.86 68.64 54.52 23.18 14.46 11.09 -2 -0.01 1.38 11.18 22.07 127.1 153.73 215.84 204.14 226.35 186.99 79.64 2.42 2.89 1.09 6.16 68.91 131.93 200.65 200 200 87.71 105 56.81 52.97 41.51 70.89 130 105 130.8 162.46 165.38 141.39 130.8 111 97.68 86.57 81.44 79.97 81.48 97.84 127.18 145 136.41 131.99 120 111.56 100.71 97.36 97.62 97.07 100.34 109.99 133.59 151.36 145 125 109.3 97.95 97.23 85.09 88.03 72.86 88.03 94.78 153.37 161.55 153.4 140.74 170.57 98.19 92.85 99.44 108.6 115.71 112.78 127.33 139.03 171.12 180.57 159.81 138.99 131.82 118.09 112.8 116.54 112.8 113.14 127.4 144.74 171.95 171.31 151.11 132.96 121.11 108.92 106.59 107.2 109.38 106.29 116.65 138.16 149.36 150.58 126.2 124.98 120.29 123.9 112 114.38 108 105.14 103.55 105.56 104.85 106.21 101.89 98.27 93.97 88.23 83.02 82.68 82.56 92.8 98.81 112.66 132.79 134.51 127.8 127.71 119.3 111.55 103.49 102.68 101.09 102.63 103.5 103.5 103.37 110.43 114.68 111.04 107.83 104.05 98.16 94.49 94.04 95.82 100.74 115.21 132.88 140 135 129.97 125.35 98.21 81.85 78.14 71.9 70 72.96 80 76.86 68.64 54.52 23.18 14.46 11.09 -2 -0.01 1.38 11.18 22.07 127.1 153.73 215.84 204.14 226.35 186.99 79.64 2.42 2.89 1.09 6.16 68.91 131.93 200.65 200 200 87.71 105 56.81 52.97 41.51 70.89 130 105 130.8 162.46 165.38 141.39 130.8 111 97.68 86.57 81.44 79.97 81.48 97.84 127.18 145 136.41 131.99 120 111.56 100.71 97.36 97.62 97.07 100.34 109.99 133.59 151.36 145 125 109.3 97.95 97.23 85.09 88.03 72.86 88.03 94.78 153.37 161.55 153.4 140.74 170.57 98.19 92.85 99.44 108.6 115.71 112.78 127.33 139.03 171.12 180.57 159.81 138.99 131.82 118.09 112.8 116.54 112.8 113.14 127.4 144.74 171.95 171.31 151.11 132.96 121.11 108.92 106.59 107.2 109.38 106.29 116.65 138.16 149.36 150.58 126.2 124.98 120.29 123.9 112 114.38 108 105.14 103.55 105.56 104.85 106.21 101.89 98.27 93.97 88.23 83.02 82.68 82.56 92.8 98.81 112.66 132.79 134.51 127.8 127.71 119.3 111.55 103.49 102.68 101.09 102.63 103.5 103.5 103.37 110.43 114.68 111.04 107.83 104.05 98.16 94.49 94.04 95.82 100.74 115.21 132.88 140 135 129.97 125.35 98.21 81.85 78.14 71.9 
