288 5
1 28 28 23 27 
1 0 0 0 0 0 3 1 2 3 
10 0 6 0 10 0 3 4 9 17 
8 0 10 0 0 1 2 7 29 
5 0 6 0 0 2 3 5 6 9 
10 0 0 0 6 4 3 8 11 22 
4 0 0 4 7 7 2 18 22 
2 0 5 0 8 0 2 10 16 
3 0 0 0 2 0 3 12 16 19 
6 0 0 0 0 3 3 10 13 18 
2 0 8 0 0 6 3 12 14 16 
6 0 0 6 2 0 3 19 24 26 
7 1 0 0 0 0 2 15 25 
3 0 6 6 9 0 1 28 
6 0 0 6 0 0 3 19 20 27 
9 0 0 7 0 4 1 21 
4 1 0 0 0 0 1 21 
7 0 5 0 2 0 2 21 23 
3 0 4 0 0 2 3 20 24 26 
1 1 0 0 0 0 1 30 
5 0 10 1 2 9 2 23 28 
5 0 5 0 1 0 1 23 
9 0 6 0 0 1 1 30 
5 1 0 0 0 0 1 27 
3 0 1 0 0 5 1 30 
4 0 0 0 5 2 1 27 
9 0 0 8 0 5 1 26 
3 0 0 10 0 2 1 29 
1 0 8 0 8 0 2 28 29 
4 0 5 0 0 5 1 31 
5 0 0 7 6 2 1 31 
6 0 0 0 9 0 1 31 
1 0 0 0 0 0 0 
1 0 0 0 0 0 3 33 34 35 
5 0 0 0 2 0 2 37 55 
9 0 2 0 0 0 3 36 38 44 
5 0 0 0 0 6 2 46 48 
10 0 0 0 0 4 2 39 54 
3 0 3 0 0 0 3 40 43 58 
9 0 4 0 0 0 2 42 54 
10 1 0 0 0 0 1 41 
10 0 0 0 0 10 2 53 57 
5 0 0 0 9 0 1 59 
4 1 0 0 0 0 1 45 
5 0 0 5 0 0 1 52 
10 0 0 0 8 0 1 60 
1 1 0 0 0 0 2 47 56 
1 0 0 10 0 0 3 50 51 54 
8 0 0 1 0 0 1 49 
6 0 10 0 0 0 1 50 
2 0 6 0 0 0 1 50 
1 0 0 0 8 0 3 52 53 55 
7 0 0 0 0 4 2 57 61 
1 0 5 0 0 0 1 62 
1 0 6 0 0 0 1 61 
6 0 0 0 9 0 1 62 
2 0 4 0 0 0 1 58 
5 0 0 9 0 0 1 61 
10 1 0 0 0 0 1 59 
3 0 0 0 8 0 1 62 
10 0 10 0 0 0 1 60 
1 0 0 0 0 3 1 63 
6 0 0 0 6 0 1 63 
1 0 0 0 4 0 1 63 
1 0 0 0 0 0 0 
1 0 0 0 0 0 3 65 66 67 
5 0 4 7 3 8 3 79 81 88 
4 0 2 10 9 0 3 68 86 93 
8 0 9 2 4 7 3 69 71 73 
1 0 7 6 6 9 2 84 85 
4 0 6 0 0 2 3 70 82 88 
7 0 10 6 0 0 3 72 74 75 
8 0 3 7 6 1 2 88 94 
2 1 0 0 0 0 2 80 89 
2 0 0 5 4 0 3 77 78 82 
4 0 7 6 8 0 2 79 91 
7 1 0 0 0 0 3 76 80 91 
10 1 0 0 0 0 3 78 84 90 
8 0 2 4 9 0 1 81 
4 0 5 9 7 10 2 87 92 
2 0 0 0 8 8 1 85 
6 1 0 0 0 0 1 83 
9 0 4 0 6 0 3 85 86 93 
10 1 0 0 0 0 1 87 
4 0 5 0 9 2 1 92 
2 0 2 4 4 7 1 87 
8 0 9 6 0 0 2 89 90 
1 1 0 0 0 0 2 89 90 
7 0 4 0 0 7 1 94 
4 1 0 0 0 0 1 91 
3 0 4 0 5 1 1 94 
6 0 10 10 5 2 1 92 
4 1 0 0 0 0 1 93 
5 0 0 1 0 9 1 95 
3 0 0 5 4 7 1 95 
1 0 3 6 7 2 1 95 
1 0 0 0 0 0 0 
1 0 0 0 0 0 3 97 98 99 
4 0 0 9 0 0 3 100 107 114 
5 0 0 0 7 0 2 104 110 
10 0 2 0 0 0 3 101 102 105 
8 0 0 0 0 8 3 103 109 112 
8 0 0 0 0 6 2 108 109 
5 0 0 0 9 0 3 110 111 119 
7 1 0 0 0 0 1 108 
8 0 0 0 0 3 3 109 112 114 
3 0 0 0 0 1 3 106 110 117 
9 0 0 2 0 0 1 113 
3 0 0 0 0 9 1 117 
6 0 0 0 2 0 1 121 
6 0 0 5 0 0 3 111 118 124 
8 1 0 0 0 0 1 115 
6 0 0 0 8 0 1 125 
10 0 8 0 0 0 2 122 124 
2 0 7 0 0 0 1 116 
6 0 0 1 0 0 2 118 119 
6 1 0 0 0 0 2 121 123 
4 1 0 0 0 0 2 120 126 
1 1 0 0 0 0 2 118 123 
2 1 0 0 0 0 1 120 
8 0 0 0 8 0 3 121 122 123 
5 0 0 8 0 0 1 122 
3 0 0 0 0 1 2 124 126 
5 0 0 2 0 0 1 125 
1 0 0 0 9 0 2 125 126 
3 0 0 0 0 3 1 127 
9 0 0 0 0 2 1 127 
2 0 10 0 0 0 1 127 
1 0 0 0 0 0 0 
1 0 0 0 0 0 3 129 130 131 
10 0 9 0 0 0 3 133 135 139 
6 0 1 0 0 0 3 132 134 144 
10 0 2 0 0 0 1 153 
9 0 0 8 0 0 2 138 147 
7 0 0 0 0 2 3 142 151 153 
3 0 0 0 0 4 2 136 145 
10 0 9 0 0 0 2 141 148 
8 0 0 0 0 10 2 137 153 
10 0 0 0 3 0 3 139 140 143 
7 0 0 0 6 0 3 141 146 152 
6 0 0 0 0 3 2 152 158 
10 0 7 0 0 0 2 142 151 
3 0 0 0 7 0 2 145 154 
7 1 0 0 0 0 3 146 147 148 
10 0 0 5 0 0 2 150 155 
4 0 0 0 4 0 1 145 
3 0 0 0 0 1 1 158 
3 1 0 0 0 0 2 150 155 
10 0 0 0 0 6 2 150 156 
10 1 0 0 0 0 2 149 157 
6 0 2 0 0 0 2 154 158 
9 0 2 0 0 0 1 157 
4 0 0 0 10 0 1 152 
5 1 0 0 0 0 1 154 
7 0 0 0 3 0 2 156 157 
7 0 6 0 0 0 1 155 
9 0 5 0 0 0 1 156 
7 0 1 0 0 0 1 159 
4 0 0 0 0 1 1 159 
6 0 0 6 0 0 1 159 
1 0 0 0 0 0 0 
1 0 0 0 0 0 3 161 162 163 
7 0 0 2 0 0 3 166 171 187 
4 0 0 0 4 0 3 164 170 175 
1 0 0 0 7 0 3 165 167 172 
5 0 0 0 0 4 3 172 174 187 
9 0 0 0 6 0 3 169 174 182 
7 0 0 0 5 0 3 167 175 176 
5 0 0 0 0 7 3 168 173 177 
7 1 0 0 0 0 3 179 180 184 
10 0 0 0 0 2 3 176 178 184 
8 0 0 0 0 9 3 173 183 185 
2 0 0 10 0 0 3 172 177 181 
6 0 0 8 0 0 3 176 183 184 
2 1 0 0 0 0 2 174 182 
6 0 0 4 0 0 2 181 186 
5 1 0 0 0 0 3 177 181 186 
7 1 0 0 0 0 2 180 188 
4 1 0 0 0 0 3 179 182 183 
9 0 0 0 0 5 3 179 180 187 
3 0 6 0 0 0 1 189 
7 0 0 0 2 0 2 185 186 
7 1 0 0 0 0 1 188 
6 0 0 0 0 9 1 189 
5 0 0 8 0 0 1 188 
6 1 0 0 0 0 1 185 
10 0 8 0 0 0 2 189 190 
2 0 0 5 0 0 1 190 
5 0 0 0 3 0 1 190 
3 0 0 9 0 0 1 191 
7 0 0 0 1 0 1 191 
5 0 5 0 0 0 1 191 
1 0 0 0 0 0 0 
1 0 0 0 0 0 3 193 194 195 
8 0 6 0 0 0 3 198 210 217 
7 0 10 0 4 6 3 196 200 218 
3 0 8 0 0 8 2 201 208 
7 0 0 10 5 3 3 197 199 214 
3 0 0 9 0 10 2 209 211 
9 0 0 0 0 4 1 212 
3 1 0 0 0 0 1 203 
9 0 0 6 0 0 1 204 
4 0 0 10 8 10 3 202 205 207 
3 0 7 0 0 8 2 213 217 
9 0 0 10 9 0 1 215 
4 1 0 0 0 0 1 206 
10 0 5 9 0 5 2 212 215 
7 1 0 0 0 0 1 215 
2 1 0 0 0 0 1 221 
8 0 10 0 1 7 1 220 
6 1 0 0 0 0 2 213 219 
1 1 0 0 0 0 1 212 
9 1 0 0 0 0 2 221 222 
2 0 0 8 4 8 1 213 
6 0 0 8 5 8 2 216 220 
3 1 0 0 0 0 1 219 
4 0 0 6 0 0 1 216 
10 0 0 0 0 5 1 222 
7 0 6 0 8 0 1 222 
1 0 8 0 3 4 1 221 
1 1 0 0 0 0 1 220 
9 0 0 0 6 0 1 223 
4 0 10 10 0 4 1 223 
1 0 0 0 0 7 1 223 
1 0 0 0 0 0 0 
1 0 0 0 0 0 3 225 226 227 
2 0 0 10 0 0 3 228 230 236 
3 0 0 3 0 0 3 229 241 247 
6 0 0 0 9 0 1 242 
8 0 8 0 0 0 3 231 232 233 
3 0 0 6 0 0 3 234 236 245 
2 0 0 8 0 0 1 237 
2 0 0 9 0 0 1 252 
1 0 0 5 0 0 2 238 248 
8 0 0 10 0 0 1 235 
4 0 0 5 0 0 1 237 
3 0 0 0 0 5 1 239 
2 0 0 1 0 0 2 246 249 
7 0 4 0 0 0 1 253 
6 1 0 0 0 0 1 242 
8 0 0 0 8 0 3 240 244 245 
5 0 0 0 1 0 2 243 249 
6 0 0 0 0 9 1 251 
8 0 0 0 7 0 1 252 
5 1 0 0 0 0 1 248 
2 1 0 0 0 0 1 249 
1 1 0 0 0 0 3 246 250 252 
3 1 0 0 0 0 1 251 
6 0 0 0 0 4 1 254 
5 0 0 1 0 0 1 251 
10 0 0 0 0 9 1 250 
8 0 0 4 0 0 1 253 
5 0 0 0 1 0 1 254 
5 0 0 0 8 0 1 255 
8 0 5 0 0 0 1 255 
6 0 0 0 0 6 1 255 
1 0 0 0 0 0 0 
1 0 0 0 0 0 3 257 258 259 
2 0 3 9 6 8 3 262 266 271 
10 0 8 2 8 2 3 260 265 267 
5 0 8 6 4 3 3 263 274 277 
4 0 4 8 1 9 2 261 270 
3 0 7 2 8 2 2 277 286 
7 1 0 0 0 0 3 264 278 283 
1 0 9 3 3 3 3 269 273 280 
2 1 0 0 0 0 3 268 281 285 
6 0 1 5 5 10 2 272 276 
1 0 1 8 3 6 3 273 275 277 
10 0 5 3 7 5 2 272 278 
6 1 0 0 0 0 2 274 286 
4 0 10 5 8 2 2 275 276 
8 1 0 0 0 0 2 276 282 
8 0 5 10 3 7 1 272 
9 0 2 1 5 2 1 279 
5 0 9 7 8 1 2 279 283 
2 0 3 3 2 1 1 284 
1 0 6 10 5 3 1 284 
5 1 0 0 0 0 1 278 
1 0 1 1 3 10 2 279 280 
6 0 3 9 7 4 1 286 
1 0 4 2 9 7 2 282 285 
4 1 0 0 0 0 2 281 283 
9 0 8 7 1 10 1 282 
5 0 4 6 1 10 1 284 
6 0 8 5 3 6 1 285 
4 0 3 6 5 10 1 287 
6 0 6 9 3 9 1 287 
2 0 2 8 6 5 1 287 
1 0 0 0 0 0 0 
209.08 199.21 196.07 191.11 193.68 210.72 240 256.23 250.04 219.21 199.95 194.39 185.51 183.46 179.55 183.94 190.63 220.93 247.97 280 280 250.44 237.08 204.25 216.41 205.61 184.72 169.98 167.73 187.06 224.08 237.95 232.72 210.25 185 165.46 166.01 123.09 166.01 166.01 168.5 184.43 209.78 234.92 239.95 236.96 229.09 201.49 207.15 192.8 185.5 179 179.46 185.72 216.37 233.22 224 200 148.46 147.3 168 152.77 158.01 158 158.04 158.11 184.18 219.3 221.93 220 206.01 192.93 149.9 145.01 140.01 145.66 148.91 172.42 211.94 230.56 223.46 189.21 144.04 150.72 130 108.96 110.24 118.92 145.57 184.63 217.9 233.5 241.77 233.17 224.32 205.56 210 202.71 189 174.74 176.26 203.2 226.93 242.74 242.29 225.1 188 150.73 160.11 160.09 160.11 160.84 160.11 140.01 189.99 220.77 231.09 229 220.36 196.57 181 158.66 150.01 133.9 155.18 168.99 184.07 194.3 184.94 160 124.05 98.46 99.99 97.42 93.12 96.36 97.23 162.02 206.38 225 240.04 241.87 239 224.15 214.91 196.35 185.43 174.15 170.17 170.25 162.92 158.57 154.98 110.6 95.98 90 75 45.35 20.15 39.58 76.21 133.33 199.74 226.11 230.57 226.18 219.57 200.5 209.08 199.21 196.07 191.11 193.68 210.72 240 256.23 250.04 219.21 199.95 194.39 185.51 183.46 179.55 183.94 190.63 220.93 247.97 280 280 250.44 237.08 204.25 216.41 205.61 184.72 169.98 167.73 187.06 224.08 237.95 232.72 210.25 185 165.46 166.01 123.09 166.01 166.01 168.5 184.43 209.78 234.92 239.95 236.96 229.09 201.49 207.15 192.8 185.5 179 179.46 185.72 216.37 233.22 224 200 148.46 147.3 168 152.77 158.01 158 158.04 158.11 184.18 219.3 221.93 220 206.01 192.93 149.9 145.01 140.01 145.66 148.91 172.42 211.94 230.56 223.46 189.21 144.04 150.72 130 108.96 110.24 118.92 145.57 184.63 217.9 233.5 241.77 233.17 224.32 205.56 210 202.71 189 174.74 176.26 203.2 226.93 242.74 242.29 225.1 188 150.73 160.11 160.09 160.11 160.84 160.11 140.01 189.99 220.77 231.09 229 220.36 196.57 181 158.66 150.01 133.9 155.18 168.99 184.07 194.3 184.94 160 124.05 98.46 99.99 97.42 93.12 96.36 97.23 162.02 206.38 225 240.04 241.87 239 224.15 214.91 196.35 185.43 174.15 170.17 170.25 162.92 158.57 154.98 110.6 95.98 90 75 45.35 20.15 39.58 76.21 133.33 199.74 226.11 230.57 226.18 219.57 200.5 209.08 199.21 196.07 191.11 193.68 210.72 240 256.23 250.04 219.21 199.95 194.39 185.51 183.46 179.55 183.94 190.63 220.93 247.97 280 280 250.44 237.08 204.25 216.41 205.61 184.72 169.98 167.73 187.06 224.08 237.95 232.72 210.25 185 165.46 166.01 123.09 166.01 166.01 168.5 184.43 209.78 234.92 239.95 236.96 229.09 201.49 207.15 192.8 185.5 179 179.46 185.72 216.37 233.22 224 200 148.46 147.3 168 152.77 158.01 158 158.04 158.11 184.18 219.3 221.93 220 206.01 192.93 149.9 145.01 140.01 145.66 148.91 172.42 211.94 230.56 223.46 189.21 144.04 150.72 130 108.96 110.24 118.92 145.57 184.63 217.9 233.5 241.77 233.17 224.32 205.56 210 202.71 189 174.74 176.26 203.2 226.93 242.74 242.29 225.1 188 150.73 160.11 160.09 160.11 160.84 160.11 140.01 189.99 220.77 231.09 229 220.36 196.57 181 158.66 150.01 133.9 155.18 168.99 184.07 194.3 184.94 160 124.05 98.46 99.99 97.42 93.12 96.36 97.23 162.02 206.38 225 240.04 241.87 239 224.15 214.91 196.35 185.43 174.15 170.17 170.25 162.92 158.57 154.98 110.6 95.98 90 75 45.35 20.15 39.58 76.21 133.33 199.74 226.11 230.57 226.18 219.57 200.5 209.08 199.21 196.07 191.11 193.68 210.72 240 256.23 250.04 219.21 199.95 194.39 185.51 183.46 179.55 183.94 190.63 220.93 247.97 280 280 250.44 237.08 204.25 216.41 205.61 184.72 169.98 167.73 187.06 224.08 237.95 232.72 210.25 
