320 5
1 45 30 37 33
1 0 0 0 0 0 3 1 2 3 0 90 8.04
1 0 0 0 0 10 3 6 14 19 1 77 7.08
6 0 0 0 0 7 2 8 23 1 88 10.28
8 0 0 0 0 4 3 4 9 10 1 77 7.93
1 0 0 0 0 7 3 5 7 15 9 59 7.19
3 0 0 0 8 0 1 16 10 79 8.84
5 0 0 0 0 7 1 11 2 95 7.92
6 0 0 0 0 5 3 16 18 26 10 73 9.47
8 0 0 4 0 0 1 21 7 107 5.9
7 0 3 0 0 0 3 12 13 21 9 102 8.08
5 0 8 0 0 0 2 20 22 9 69 5.36
6 0 0 0 0 10 2 25 29 7 71 7.42
8 0 0 4 0 0 2 14 28 16 118 9.27
5 0 10 0 0 0 2 15 17 16 107 8.95
6 1 0 0 0 0 1 18 24 104 8.59
5 1 0 0 0 0 1 27 21 110 7.56
10 0 0 10 0 0 1 19 16 99 8.48
4 0 0 6 0 0 1 28 21 119 7.64
3 0 0 0 5 0 1 22 30 99 9.96
6 0 0 2 0 0 1 25 26 100 9.39
1 0 0 4 0 0 1 28 14 87 7.78
3 1 0 0 0 0 1 24 16 110 5.81
7 0 0 0 0 7 1 25 33 114 9.77
10 0 0 0 0 9 1 24 7 78 6.69
5 0 0 0 2 0 1 29 19 89 9.58
3 0 0 0 0 10 1 30 40 110 8.7
1 0 3 0 0 0 1 30 16 95 8.92
4 0 0 0 2 0 1 29 26 81 5.27
1 1 0 0 0 0 1 31 25 90 6.33
10 0 0 0 0 4 1 31 30 116 6.9
5 0 3 0 0 0 1 31 43 125 9.04
1 0 0 0 0 0 0 48 123 9.68
1 0 0 0 0 0 3 33 34 35 0 90 10.15
7 0 0 9 7 3 3 36 37 38 1 94 8.18
8 0 4 0 8 0 3 40 42 43 1 59 8.96
9 0 9 6 6 8 2 41 58 1 83 5.49
2 0 1 6 3 0 3 39 44 50 8 75 7.34
9 0 0 3 3 10 2 44 56 8 83 6.26
6 1 0 0 0 0 2 46 47 8 73 8.11
6 0 2 3 7 3 2 49 51 10 112 8.88
6 1 0 0 0 0 1 54 9 70 7.34
5 0 8 0 8 7 3 47 48 52 10 83 5.97
3 1 0 0 0 0 3 48 55 60 9 73 7.72
7 0 0 5 0 3 2 57 59 9 85 7.05
9 1 0 0 0 0 3 45 46 49 17 118 6.96
9 1 0 0 0 0 3 47 58 62 26 116 10.19
10 0 0 0 8 8 1 62 26 123 6.24
1 0 5 0 7 9 1 54 35 99 8.68
3 1 0 0 0 0 1 49 15 100 7.65
3 0 2 1 4 10 1 61 26 106 8.88
1 0 0 5 6 0 3 51 52 56 10 81 9.05
10 0 5 8 0 7 1 53 16 101 6.73
5 0 6 6 5 1 3 54 59 62 15 113 8.6
8 0 3 8 0 10 2 57 59 26 120 5.57
6 0 0 9 10 10 2 60 61 36 104 6.86
7 0 5 9 0 0 1 56 12 89 8.57
10 0 0 3 1 7 1 57 19 107 9.53
3 0 0 10 6 5 1 58 34 111 9.26
3 0 5 5 7 2 1 61 37 106 7.57
2 0 10 4 6 3 1 60 34 107 5.84
2 0 2 0 5 0 1 63 42 107 6.65
1 0 4 4 1 1 1 63 42 112 6.99
9 0 0 9 1 10 1 63 36 91 9.03
1 0 0 0 0 0 0 45 125 8.22
1 0 0 0 0 0 3 65 66 67 0 89 5.64
2 0 7 0 0 0 2 76 91 1 76 5.61
1 0 6 0 0 0 1 73 1 73 10.22
3 0 0 1 0 0 3 68 70 84 1 65 9.35
10 0 0 0 4 0 3 69 72 75 4 86 5.82
10 0 0 0 0 4 3 71 79 83 14 108 7.07
2 0 0 0 0 3 2 72 73 4 82 5.47
2 1 0 0 0 0 1 88 24 76 8.45
3 0 0 3 0 0 3 79 80 81 14 86 9.91
3 0 0 0 0 8 2 74 90 6 69 5.67
3 0 2 0 0 0 2 78 85 9 68 9.04
4 0 0 0 0 1 2 77 87 14 99 6.75
8 0 0 8 0 0 3 82 85 86 3 98 7.34
2 1 0 0 0 0 2 89 90 18 75 5.34
2 0 5 0 0 0 1 81 12 106 9.82
1 0 0 10 0 0 2 88 90 24 103 9.02
2 0 0 0 0 9 3 82 85 86 17 73 7.16
7 0 0 10 0 0 2 82 87 17 93 8.04
7 1 0 0 0 0 1 94 24 120 6.93
3 1 0 0 0 0 2 88 91 24 76 8.14
3 0 0 3 0 0 2 86 87 4 57 8.6
8 0 0 0 4 0 1 89 19 93 5.64
4 1 0 0 0 0 1 92 19 103 9.92
8 1 0 0 0 0 2 89 91 24 115 10.33
10 0 10 0 0 0 2 93 94 27 110 8.38
5 0 0 4 0 0 1 94 32 94 9.01
3 0 0 0 0 10 1 92 25 86 5.27
5 0 5 0 0 0 2 92 93 32 127 8.29
6 0 1 0 0 0 1 95 37 119 10.17
8 0 0 0 3 0 1 95 37 128 8.35
1 0 6 0 0 0 1 95 37 103 6.09
1 0 0 0 0 0 0 45 110 5.75
1 0 0 0 0 0 3 97 98 99 0 88 9.86
7 0 1 7 3 0 3 101 102 103 1 97 8.39
10 0 0 5 0 9 1 100 1 91 5.83
3 0 0 0 0 9 3 104 105 120 1 85 8.91
1 0 2 0 10 5 1 107 11 107 7.76
10 1 0 0 0 0 3 110 121 124 8 78 5.98
10 0 0 0 3 1 3 106 114 115 8 95 8.96
1 0 6 0 4 0 3 112 116 119 8 66 7.54
9 0 6 0 9 3 1 118 4 68 10.15
3 0 0 0 0 8 3 108 109 115 4 99 9.15
10 0 0 7 0 3 3 112 117 125 18 119 6.29
6 0 7 0 0 0 3 109 113 115 12 87 7.45
4 0 7 4 0 0 3 110 111 119 7 66 6.88
6 0 0 8 0 10 3 110 111 124 18 105 6.85
3 0 3 0 9 0 1 126 24 96 6.71
9 0 0 8 0 5 1 121 24 111 7.22
4 0 0 7 0 0 1 123 28 116 8.09
9 1 0 0 0 0 2 117 120 18 102 9.46
4 0 0 6 0 0 3 116 120 123 18 110 6.85
1 0 0 6 0 0 2 118 126 18 71 10.33
2 1 0 0 0 0 1 117 22 72 8.62
4 0 3 7 0 0 1 121 28 83 5.6
5 1 0 0 0 0 1 122 19 75 7.33
3 0 0 8 0 1 2 122 125 11 68 8.7
3 0 0 1 4 7 1 125 27 81 9.04
4 0 9 4 0 7 1 126 33 115 6.78
4 0 0 9 0 10 1 123 24 99 8.85
2 0 10 3 0 0 1 124 32 93 5.27
10 0 7 2 0 9 1 127 34 104 7.64
8 0 5 4 3 0 1 127 30 87 8.45
9 0 0 3 0 6 1 127 37 108 8.03
1 0 0 0 0 0 0 46 95 5.37
1 0 0 0 0 0 3 129 130 131 0 72 8.15
9 0 9 0 0 0 3 133 139 152 1 65 8.68
3 0 0 0 4 0 3 132 134 155 1 61 10.45
9 0 8 0 0 0 3 136 138 144 1 81 8.15
3 0 0 0 3 0 2 144 145 4 64 6.3
7 0 0 0 5 0 3 137 147 149 10 108 5.33
10 0 0 8 0 0 3 135 140 141 4 88 6.31
1 0 0 0 5 0 2 143 150 14 80 6.37
5 0 0 0 0 10 3 141 142 153 10 90 7.82
9 0 0 0 2 0 3 148 151 155 17 74 8.62
3 0 0 6 0 0 3 143 146 151 10 65 9.18
4 0 5 0 0 0 1 153 10 76 8.31
8 0 0 0 3 0 1 152 14 83 8.47
9 0 1 0 0 0 2 148 149 15 76 9.36
9 0 0 0 0 4 1 147 15 106 7.89
1 0 0 0 0 7 2 148 154 15 70 6.97
9 0 0 0 0 3 1 147 10 111 8.13
1 0 0 0 0 10 2 151 154 7 95 6.43
2 0 0 0 6 0 1 155 13 90 6.62
2 1 0 0 0 0 1 150 24 110 10.32
6 0 7 0 0 0 2 156 158 26 113 5.74
4 1 0 0 0 0 2 150 154 24 101 6.26
9 0 0 0 0 10 2 156 158 28 111 7.43
9 0 0 5 0 0 2 157 158 26 124 8.68
8 0 5 0 0 0 1 153 22 104 6.24
4 0 9 0 0 0 1 157 30 107 5.67
1 1 0 0 0 0 1 157 28 109 5.57
1 0 0 0 0 3 1 156 26 115 6.75
7 0 0 5 0 0 1 159 37 131 7.16
9 0 0 0 1 0 1 159 35 117 7.09
4 0 0 7 0 0 1 159 37 87 8.41
1 0 0 0 0 0 0 44 127 10.18
1 0 0 0 0 0 3 161 162 163 0 51 10.38
5 0 7 0 0 0 3 172 175 178 1 55 9.46
3 0 6 0 0 0 3 164 166 171 1 56 8.85
5 0 0 0 7 0 3 167 171 176 1 59 6.72
3 0 0 0 1 0 3 165 173 183 4 69 8.88
10 0 0 0 0 5 2 175 176 7 71 7.09
5 0 0 0 0 9 3 170 174 176 4 84 5.86
1 0 0 0 7 0 3 168 169 175 6 89 6.0
4 0 0 0 0 5 3 170 174 183 7 107 8.47
1 0 0 5 0 0 3 170 174 182 7 65 7.38
1 0 0 0 0 1 2 172 181 11 60 8.0
8 0 0 0 1 0 3 173 178 184 6 87 9.4
8 0 0 0 0 8 2 177 185 12 109 7.61
8 0 0 0 0 7 3 180 182 186 14 94 9.97
7 0 0 0 6 0 3 181 184 189 11 111 9.03
6 0 0 0 0 1 3 177 185 186 17 97 7.8
5 1 0 0 0 0 3 177 178 185 17 116 5.63
8 1 0 0 0 0 1 179 23 109 10.33
1 1 0 0 0 0 3 180 182 189 22 91 6.64
3 0 0 0 0 7 1 184 31 80 7.63
2 0 0 0 6 0 2 181 188 23 81 9.08
6 0 0 0 0 10 1 190 25 80 9.01
3 0 0 0 0 2 2 187 190 23 97 6.64
7 0 0 0 4 0 1 186 11 77 7.36
1 0 0 0 4 0 1 187 34 98 5.63
9 0 0 0 0 5 2 188 189 23 103 8.84
9 0 1 0 0 0 2 187 190 23 110 8.32
3 0 0 0 6 0 1 188 35 111 6.08
10 0 0 1 0 0 1 191 38 107 6.41
9 0 0 6 0 0 1 191 32 100 10.29
5 0 0 0 0 4 1 191 32 98 8.55
1 0 0 0 0 0 0 48 112 10.27
1 0 0 0 0 0 3 193 194 195 0 62 8.02
6 0 7 3 4 0 3 202 207 219 1 99 8.5
3 0 7 5 9 0 3 196 201 202 1 92 6.52
10 0 0 5 6 0 3 197 199 200 1 85 7.61
6 0 2 4 0 7 1 211 4 86 10.25
9 0 7 7 3 0 1 198 11 113 9.9
2 0 7 6 9 0 1 204 20 84 9.59
8 0 0 9 10 10 3 203 211 212 11 108 9.24
6 0 0 0 1 3 3 206 208 212 11 65 10.25
7 0 0 5 2 0 1 220 4 104 8.38
3 0 8 1 7 3 1 218 7 87 7.55
9 0 7 0 10 3 2 207 213 19 95 10.0
10 0 9 2 0 5 1 205 22 113 9.87
4 1 0 0 0 0 3 209 211 215 32 83 5.39
5 0 0 0 9 0 2 210 214 17 74 7.09
1 1 0 0 0 0 2 215 222 28 105 6.46
3 0 2 1 3 1 2 213 214 17 101 6.2
6 1 0 0 0 0 3 216 217 218 36 126 8.35
4 1 0 0 0 0 3 213 215 216 22 115 5.57
8 1 0 0 0 0 2 214 217 36 89 7.54
4 0 4 9 9 0 1 216 19 93 6.07
5 0 3 6 1 2 2 217 221 28 87 8.37
5 1 0 0 0 0 1 222 44 123 9.46
5 1 0 0 0 0 2 218 221 36 103 8.19
5 1 0 0 0 0 2 219 221 42 105 8.17
10 0 0 0 3 3 2 219 220 44 114 10.26
2 0 10 2 4 0 1 220 42 129 8.56
2 0 7 3 10 7 1 222 54 127 8.45
9 0 5 10 0 4 1 223 54 124 5.39
8 0 4 10 2 1 1 223 47 125 8.57
9 0 1 8 8 7 1 223 56 138 6.45
1 0 0 0 0 0 0 65 152 10.1
1 0 0 0 0 0 3 225 226 227 0 79 5.88
10 0 6 2 10 9 3 228 229 238 1 89 5.45
10 0 1 1 3 9 2 230 231 1 70 7.35
9 0 2 9 3 5 3 230 232 240 1 107 8.01
6 0 7 4 3 3 3 244 248 250 11 109 9.0
9 0 6 9 8 9 3 234 235 236 11 83 6.98
3 0 9 3 2 8 3 237 242 244 11 80 9.49
4 0 1 4 7 2 3 240 241 244 11 84 7.67
4 0 8 5 2 6 3 233 234 237 10 109 6.6
7 0 8 4 6 6 1 235 14 102 8.99
6 0 8 1 4 1 1 239 20 83 6.82
10 0 1 5 8 9 2 239 241 21 118 7.85
4 0 10 10 1 7 2 240 250 20 72 8.17
3 0 4 4 5 3 3 245 246 249 14 67 10.44
1 0 1 4 7 5 1 254 11 80 5.65
7 0 9 10 9 9 2 246 247 31 101 5.79
10 1 0 0 0 0 1 248 24 88 7.08
1 1 0 0 0 0 2 243 246 31 83 6.66
1 0 5 5 8 3 1 243 14 82 6.3
4 1 0 0 0 0 2 247 249 32 85 9.18
6 0 9 10 3 5 1 252 17 97 7.09
8 0 10 4 1 9 2 247 248 17 82 7.95
8 0 10 1 7 5 1 254 38 113 8.46
4 1 0 0 0 0 1 254 38 111 6.74
1 0 1 2 9 1 2 251 252 34 94 5.34
9 0 8 2 10 7 1 250 36 134 10.03
10 0 3 2 5 8 2 251 252 45 132 5.49
2 0 7 3 6 5 1 253 55 131 7.01
8 0 5 9 6 7 1 255 55 143 9.84
9 0 5 7 3 8 1 255 57 112 10.22
3 0 4 5 10 1 1 255 46 94 9.14
1 0 0 0 0 0 0 66 129 5.76
1 0 0 0 0 0 3 257 258 259 0 76 6.11
1 0 3 3 3 10 3 260 262 263 1 96 6.26
6 0 0 1 0 6 3 270 271 279 1 66 5.65
5 0 8 1 10 9 3 261 268 271 1 75 6.55
1 0 0 9 7 1 3 267 272 281 2 52 6.55
4 0 5 0 2 3 3 266 277 279 6 107 7.67
5 0 5 4 7 8 3 264 266 275 2 100 7.82
7 0 10 5 7 8 3 265 268 270 2 81 5.34
10 0 6 8 0 0 3 268 269 276 7 69 9.37
1 0 9 2 5 2 3 267 271 281 9 82 5.69
2 1 0 0 0 0 3 272 278 285 10 98 5.61
8 0 0 0 10 8 3 273 274 275 10 91 9.34
6 1 0 0 0 0 3 280 282 286 17 97 6.35
8 1 0 0 0 0 2 270 274 17 84 8.89
1 0 0 5 5 2 3 272 273 278 25 118 7.33
8 0 5 2 0 6 3 274 275 282 10 85 8.64
2 0 4 0 1 9 1 284 26 77 9.76
8 0 3 10 10 0 1 277 26 124 8.07
4 0 0 2 1 5 2 280 284 25 77 5.58
7 1 0 0 0 0 2 277 283 18 88 8.56
3 1 0 0 0 0 3 278 279 280 17 84 6.94
3 0 10 10 4 0 1 286 34 117 10.31
3 1 0 0 0 0 1 283 26 109 9.78
5 0 5 4 3 4 2 281 283 20 116 7.57
4 0 0 10 9 8 1 285 29 125 5.33
10 0 0 9 9 9 2 282 284 25 118 7.53
2 0 7 0 4 6 1 285 35 105 9.6
9 0 10 2 7 1 1 286 29 83 9.67
2 0 9 0 5 4 1 287 35 110 10.31
6 0 2 6 0 0 1 287 37 90 8.23
6 0 8 2 0 0 1 287 38 100 5.62
1 0 0 0 0 0 0 44 135 6.7
1 0 0 0 0 0 3 289 290 291 0 83 9.8
3 0 0 0 0 4 3 292 308 313 1 66 6.95
4 0 4 9 1 4 1 303 1 67 8.17
2 0 4 0 2 0 1 301 1 72 6.22
10 0 6 2 10 0 3 293 295 297 4 109 6.43
9 0 0 9 10 0 3 294 296 299 14 113 7.4
5 0 4 0 0 0 3 298 304 305 23 117 5.62
3 1 0 0 0 0 1 307 14 68 8.61
9 1 0 0 0 0 2 298 302 23 81 7.87
5 0 10 4 0 0 2 299 315 14 96 7.11
7 0 8 0 9 0 1 300 32 89 5.83
6 1 0 0 0 0 2 302 306 23 95 9.4
1 0 0 0 4 0 1 317 39 118 6.12
9 0 5 4 0 6 1 310 3 77 9.7
4 0 1 0 0 0 1 317 32 104 5.42
8 0 2 0 0 9 1 305 5 66 10.03
9 1 0 0 0 0 1 311 28 91 6.87
9 0 1 7 0 6 1 311 28 92 9.15
4 0 0 10 6 0 1 309 29 115 9.15
2 1 0 0 0 0 1 314 17 101 7.05
4 0 9 3 0 0 3 311 314 318 4 93 6.14
2 0 5 0 0 0 1 318 33 82 5.57
5 0 0 3 0 1 2 314 315 12 65 5.46
4 0 3 0 5 4 1 312 37 99 8.87
9 0 0 3 6 8 1 316 41 132 6.33
1 1 0 0 0 0 2 317 318 4 54 8.72
10 0 6 0 0 0 1 316 19 120 7.12
8 0 6 5 0 10 1 316 19 103 8.87
7 0 6 0 0 0 1 319 50 100 9.77
7 0 9 0 0 0 1 319 40 130 5.61
8 0 0 0 4 0 1 319 35 105 7.45
1 0 0 0 0 0 0 57 111 5.41
88.35 86.84 83.37 85.41 87.18 100.46 132.06 176.44 144.5 108.02 84.23 64.57 27.99 23.89 30.0 65.29 83.54 105.14 131.7 173.84 164.32 137.8 116.32 102.52 94.89 88.85 90.16 91.48 93.25 108.74 146.31 180.55 136.77 91.31 81.16 81.04 50.08 47.9 59.1 65.55 78.47 92.0 115.0 173.66 174.75 140.84 122.64 107.28 108.64 99.74 97.29 97.64 98.63 114.12 158.07 175.56 131.56 100.44 84.16 66.16 15.48 11.03 26.56 48.59 72.36 89.44 102.39 125.0 130.89 105.0 98.55 100.49 94.84 92.22 91.47 90.69 93.35 101.32 137.63 174.11 136.88 103.38 87.12 68.25 39.09 2.49 0.08 2.22 64.43 72.67 105.23 153.82 157.98 101.14 85.74 83.58 74.31 70.36 64.32 64.99 67.44 88.93 114.0 111.57 90.0 61.39 13.78 0.22 -1.39 -5.06 -4.33 -0.1 15.07 65.62 115.85 140.11 161.49 135.22 123.11 108.14 109.28 105.89 102.31 99.94 100.8 100.77 105.85 101.16 96.91 68.05 20.19 0.0 -8.45 -34.11 -36.54 -14.41 -0.19 61.75 112.99 151.66 139.9 99.59 78.0 45.94 53.65 44.72 41.89 41.54 31.8 33.0 35.93 27.75 13.15 8.43 0.0 -0.02 -3.32 -18.84 -25.38 -9.93 -0.01 20.31 100.0 123.71 120.0 109.0 104.94 96.64 89.92 84.78 84.1 84.37 86.9 99.45 125.0 152.11 144.03 107.54 95.55 76.31 60.49 61.64 66.22 75.8 84.6 99.0 124.29 185.27 158.68 106.12 83.42 79.36 77.96 76.79 70.01 67.27 69.42 75.27 85.46 95.0 100.0 95.0 70.41 92.74 91.28 90.01 80.01 75.01 69.89 86.57 108.76 137.32 145.94 113.58 105.8 97.2 89.32 83.81 84.44 84.93 88.01 103.34 124.04 135.68 109.94 82.49 59.41 37.67 19.62 12.15 13.1 31.9 65.62 94.94 118.39 157.87 154.65 121.83 109.97 98.59 90.44 85.33 83.48 82.34 83.84 90.43 109.6 123.17 124.43 90.0 61.14 45.95 43.0 40.84 36.53 74.14 87.15 100.0 114.39 131.02 124.3 114.17 98.9 96.72 90.26 81.14 78.44 77.73 77.6 77.4 80.0 86.52 88.46 89.0 88.96 86.31 77.82 67.28 65.05 67.51 77.77 91.86 106.14 126.23 133.75 118.8 108.83 101.95 91.61 81.89 86.4 84.44 86.95 92.98 97.71 94.12 82.13 59.9 19.4 4.54 0.0 -2.72 -6.57 -0.78 0.2 66.51 105.94 130.84 149.1 130.44 111.58 99.44 101.48 96.74 97.58 98.3 98.66 103.07 103.5 86.91 63.7 5.8 -0.69 -30.5 -80.69 -84.89 -54.65 -7.53 0.0 68.65 107.04 116.77 142.51 133.91 121.69 110.95 107.96 98.59 95.84 95.98 98.32 98.32 95.72 89.98 79.86 55.56 18.77 9.09 -14.57 -22.49 -0.94 9.53 47.56 84.28 101.2 121.53 139.09 132.1 122.77 106.49 96.63 89.22 87.89 85.33 85.04 98.71 122.53 151.54 140.71 104.45 93.4 83.43 77.19 66.99 71.71 78.64 83.86 101.6 132.36 206.14 259.37 155.9 123.21 111.54 108.66 101.1 99.09 99.12 103.52 111.92 137.55 144.7 123.52 99.89 87.72 88.53 79.59 79.56 86.67 94.26 100.74 109.96 133.14 163.36 169.27 126.8 108.41 97.88 94.72 89.22 87.51 86.32 85.57 92.15 110.82 119.21 117.72 105.07 94.79 89.4 80.72 77.31 78.01 80.04 85.24 97.38 103.94 116.68 121.61 114.48 106.53 93.1 92.38 83.68 82.73 84.31 85.77 95.88 105.04 113.39 108.65 94.86 86.57 74.23 67.93 49.4 42.59 62.77 77.05 85.06 100.08 116.33 123.39 109.63 100.37 92.09 101.25 92.79 91.74 90.3 89.64 91.4 93.54 86.45 71.06 34.45 2.55 -0.01 -5.87 -12.51 -9.86 -2.0 -0.01 30.99 79.17 100.0 107.86 96.21 85.8 73.21 69.11 62.6 58.39 59.28 63.53 68.24 67.96 63.08 35.01 0.04 -3.0 -32.41 -94.9 -123.0 -113.5 -50.5
