320 5
1 34 33 44 42
1 0 0 0 0 0 3 1 2 3 0 95 19.76
5 0 8 1 10 1 3 4 5 11 1 111 21.06
8 0 5 10 6 8 3 4 6 17 1 77 14.98
2 0 1 6 2 3 3 12 13 20 1 72 18.85
8 0 9 9 1 3 3 9 10 16 9 109 14.8
6 0 1 2 8 1 3 9 17 21 6 90 14.97
2 0 9 7 2 6 3 7 8 22 9 87 20.55
2 0 1 6 1 9 3 11 15 16 11 90 14.66
3 0 2 9 4 8 1 16 11 97 11.63
4 0 9 1 4 3 3 15 18 22 17 83 15.1
1 0 1 9 8 1 3 12 14 18 17 122 13.99
9 0 6 5 2 9 3 12 14 19 13 124 15.68
4 0 4 3 3 7 2 21 25 22 105 18.33
8 0 8 6 2 4 2 17 30 3 104 16.4
9 1 0 0 0 0 3 20 21 24 22 134 22.05
7 1 0 0 0 0 3 19 20 24 21 87 20.41
6 0 7 8 9 4 3 23 25 26 17 106 11.86
4 0 10 9 5 5 1 26 12 77 18.54
7 1 0 0 0 0 3 19 24 25 21 105 20.76
5 1 0 0 0 0 1 27 28 129 12.29
9 0 3 1 5 8 1 28 31 109 12.59
10 0 7 9 10 8 2 23 26 31 125 15.88
10 0 1 1 6 8 1 23 21 97 17.23
6 0 5 7 7 5 2 28 30 41 147 17.5
10 0 9 10 6 9 2 27 29 31 107 19.96
2 1 0 0 0 0 2 27 29 28 124 19.7
1 0 10 4 7 1 1 29 41 107 19.56
9 0 2 1 5 9 2 28 30 41 129 18.45
8 0 9 4 3 7 1 31 50 147 21.89
3 0 6 6 7 2 1 31 42 148 22.11
3 0 1 1 7 2 1 31 50 110 17.92
1 0 0 0 0 0 0 58 154 16.93
1 0 0 0 0 0 3 33 34 35 0 89 12.48
6 0 0 7 0 10 3 36 37 44 1 89 19.03
4 0 6 3 0 7 3 41 43 49 1 74 14.91
4 0 0 1 7 1 2 37 59 1 120 12.22
10 0 10 7 6 0 2 38 53 7 112 20.43
1 0 7 1 7 7 2 39 57 7 105 18.5
4 1 0 0 0 0 1 58 17 124 12.16
9 0 0 7 0 10 3 40 42 45 8 112 18.0
3 0 1 10 2 9 2 47 55 17 110 21.67
1 0 6 10 1 0 2 46 50 5 75 18.06
8 0 5 2 10 10 2 47 48 17 98 13.96
8 0 0 0 7 3 1 55 5 81 17.17
5 0 9 4 5 5 2 52 54 7 111 21.46
3 0 0 2 0 9 1 46 17 96 19.78
9 0 5 5 0 10 1 47 20 134 19.22
6 0 5 5 9 6 1 61 29 123 21.53
8 0 2 10 0 3 1 56 25 143 11.6
2 0 0 2 6 1 1 61 5 114 19.29
9 0 0 10 1 0 1 51 6 90 16.79
1 0 5 5 9 7 1 59 15 113 11.39
1 1 0 0 0 0 1 58 12 122 14.73
2 1 0 0 0 0 1 57 17 95 15.35
8 0 5 10 4 0 1 56 12 112 20.28
1 1 0 0 0 0 1 56 20 98 15.1
4 0 6 0 0 2 1 60 33 119 13.92
1 1 0 0 0 0 2 58 62 19 118 22.38
8 0 10 4 7 10 2 60 61 21 90 22.32
8 1 0 0 0 0 1 60 16 91 12.35
3 0 7 9 0 3 1 63 37 99 19.14
6 0 9 5 3 0 1 63 35 98 19.89
3 0 9 0 3 0 1 63 20 99 15.44
1 0 0 0 0 0 0 41 129 17.03
1 0 0 0 0 0 3 65 66 67 0 77 15.54
1 0 2 1 3 7 3 71 73 75 1 104 16.08
5 0 7 3 4 10 2 68 69 1 96 18.39
1 0 7 6 10 1 3 70 71 78 1 63 20.28
9 0 4 8 4 10 2 74 76 6 86 16.04
4 0 3 9 7 10 3 74 79 90 6 100 21.4
6 0 3 9 10 9 3 75 79 82 2 102 17.99
3 0 8 9 10 9 1 72 2 122 11.61
8 0 3 7 4 9 3 77 84 90 5 71 17.34
10 0 4 3 6 4 1 81 2 125 16.91
4 0 2 4 2 1 3 78 86 88 15 95 17.32
6 0 9 6 5 10 1 85 8 91 16.66
10 0 2 7 9 1 3 80 85 92 15 104 22.56
9 0 10 5 4 10 3 79 88 93 13 89 11.97
5 1 0 0 0 0 1 91 19 94 16.51
1 1 0 0 0 0 1 91 22 93 12.89
10 1 0 0 0 0 3 82 86 87 25 91 15.47
2 0 5 7 9 2 2 83 87 12 84 13.35
4 1 0 0 0 0 2 84 89 35 102 13.97
4 1 0 0 0 0 3 88 89 94 14 99 21.24
7 0 8 5 7 3 1 94 39 114 22.17
3 0 7 5 10 5 1 86 25 134 11.89
8 0 7 5 10 10 1 89 35 135 16.95
9 0 8 1 1 4 2 90 93 35 135 15.29
7 0 7 10 6 10 1 91 22 125 15.12
7 0 6 6 7 8 1 93 43 126 20.73
2 0 10 9 7 10 1 94 44 135 15.57
9 0 8 2 9 2 1 92 29 110 16.6
6 0 7 6 2 9 1 95 38 122 14.66
5 0 1 8 8 8 1 95 50 117 13.58
5 0 10 3 1 4 1 95 46 124 11.41
1 0 0 0 0 0 0 55 117 16.7
1 0 0 0 0 0 3 97 98 99 0 114 20.57
9 0 4 0 7 2 3 101 103 105 1 116 22.28
9 0 0 6 9 0 3 107 115 124 1 108 18.48
2 0 8 7 8 0 3 100 105 118 1 95 18.79
5 0 4 5 2 10 3 102 104 113 3 101 13.16
9 0 6 1 0 3 3 102 108 110 10 78 19.69
5 0 3 10 7 10 3 109 117 121 19 80 13.86
10 0 0 10 1 7 3 104 106 108 10 97 17.63
9 0 7 5 1 1 3 112 121 122 20 102 22.41
1 1 0 0 0 0 3 107 111 114 10 77 21.5
2 0 0 10 1 2 3 110 115 122 20 118 16.61
9 1 0 0 0 0 2 109 112 11 123 17.97
6 0 10 6 0 2 3 112 114 116 20 123 14.08
5 0 8 0 0 0 2 119 125 24 111 18.23
4 0 9 10 10 8 3 113 114 118 22 130 17.05
2 1 0 0 0 0 3 116 122 126 11 126 13.65
10 1 0 0 0 0 2 117 125 29 97 15.65
5 1 0 0 0 0 3 121 123 126 26 142 17.88
9 1 0 0 0 0 3 117 120 123 26 117 22.25
2 0 0 1 8 4 2 116 118 22 127 21.56
4 1 0 0 0 0 1 120 26 138 12.08
7 0 5 9 10 2 1 119 39 100 14.8
3 1 0 0 0 0 2 119 120 26 139 16.34
4 0 2 9 6 5 1 126 46 105 15.7
2 0 0 0 8 10 1 125 35 148 15.26
9 0 6 4 0 0 1 124 31 140 17.88
6 0 5 10 9 0 1 123 29 100 17.61
9 0 9 0 1 3 1 124 35 113 18.14
8 0 5 6 0 9 1 127 44 142 22.48
8 0 0 10 7 0 1 127 39 147 14.72
10 0 9 0 10 3 1 127 50 135 19.71
1 0 0 0 0 0 0 60 126 12.27
1 0 0 0 0 0 3 129 130 131 0 81 16.39
5 0 5 10 9 7 3 134 138 139 1 102 16.61
2 0 10 4 1 9 3 132 133 156 1 114 12.67
7 0 4 5 4 6 2 136 137 1 74 13.91
4 0 0 6 2 0 1 143 3 124 15.28
1 0 9 0 0 8 1 157 3 119 20.36
3 0 5 5 0 9 3 135 152 153 6 71 17.35
9 0 7 0 7 1 1 148 9 116 14.73
8 0 7 0 3 0 1 146 8 89 13.9
10 0 9 8 0 7 1 142 8 90 22.13
10 0 0 5 0 8 1 149 6 128 18.57
8 0 0 0 1 9 2 140 141 6 73 14.1
9 0 1 9 6 0 1 147 14 90 15.09
10 0 1 3 10 8 1 145 14 91 22.5
4 0 9 10 8 10 3 144 145 154 18 97 12.62
9 0 7 1 5 9 1 152 7 103 13.27
6 1 0 0 0 0 1 150 22 118 21.56
3 1 0 0 0 0 3 149 155 158 24 134 22.17
9 0 8 0 9 0 2 150 153 16 117 11.9
8 1 0 0 0 0 1 152 23 125 15.05
4 0 3 0 1 0 2 150 154 18 104 15.82
3 1 0 0 0 0 1 151 27 94 20.0
4 1 0 0 0 0 1 156 28 111 18.56
9 0 4 8 7 4 1 157 30 141 17.87
9 0 10 0 2 7 2 154 157 31 138 18.09
5 0 8 9 3 6 1 158 25 132 13.89
4 0 4 4 7 8 1 158 40 124 16.36
7 0 9 0 0 9 1 156 27 111 12.07
7 0 0 1 8 1 1 159 34 103 16.39
1 0 9 10 1 4 1 159 40 116 20.26
9 0 2 3 0 0 1 159 44 138 14.84
1 0 0 0 0 0 0 53 110 18.33
1 0 0 0 0 0 3 161 162 163 0 78 18.39
7 0 2 2 6 2 1 174 1 97 19.35
3 0 10 2 5 9 3 165 167 169 1 117 16.49
5 0 3 4 4 8 1 164 1 99 14.09
4 0 10 5 7 7 2 166 184 6 98 22.46
3 0 5 5 8 8 3 168 172 178 4 68 13.14
4 0 2 1 8 9 1 170 10 100 11.35
1 0 6 3 6 10 2 173 182 4 73 21.06
2 0 10 10 10 6 2 171 190 7 83 13.0
4 0 6 5 6 8 3 175 179 185 4 105 17.19
7 1 0 0 0 0 1 186 14 87 22.41
1 0 9 7 1 5 2 176 181 9 109 12.35
5 0 1 4 2 3 1 175 7 103 21.87
7 0 9 9 6 10 2 177 179 5 74 19.87
3 0 8 5 1 2 3 180 182 188 8 93 12.84
4 0 6 4 6 9 2 181 187 12 111 15.57
9 0 7 6 2 1 1 184 10 121 19.53
5 1 0 0 0 0 2 183 189 12 131 12.46
6 0 4 7 3 8 1 180 7 82 21.86
5 1 0 0 0 0 1 181 12 114 12.36
10 0 3 4 1 6 1 189 13 87 19.56
6 0 8 6 3 7 1 184 17 97 21.27
7 0 3 1 5 8 1 189 11 94 17.24
5 0 5 9 1 2 1 187 17 121 19.77
3 0 8 3 1 5 1 188 23 122 18.16
1 1 0 0 0 0 1 190 8 97 22.52
6 0 3 4 3 10 1 187 21 99 22.47
3 0 10 7 3 4 1 188 27 87 18.44
5 0 6 10 1 10 1 191 30 94 20.06
6 0 1 8 5 9 1 191 23 113 18.35
6 0 5 8 6 3 1 191 9 78 13.83
1 0 0 0 0 0 0 35 93 20.62
1 0 0 0 0 0 3 193 194 195 0 74 20.23
9 0 0 6 0 1 3 202 215 218 1 79 17.24
7 0 0 0 1 0 3 197 199 200 1 112 13.14
1 0 5 7 10 0 3 196 201 205 1 100 12.21
1 0 6 9 1 0 3 197 198 202 2 64 13.68
10 0 0 3 0 0 3 206 212 215 8 119 12.62
4 0 7 7 1 0 3 203 209 210 3 68 20.43
5 0 2 0 0 0 3 206 214 215 8 112 14.49
10 0 0 10 10 0 3 202 203 207 8 123 19.02
6 0 0 0 6 0 3 207 216 222 2 95 21.86
9 1 0 0 0 0 3 208 209 211 18 103 15.95
7 1 0 0 0 0 3 204 206 219 18 134 15.22
6 1 0 0 0 0 3 212 213 218 25 136 17.29
8 0 0 10 0 6 3 207 210 211 2 125 12.2
6 0 8 0 9 0 3 211 217 218 25 132 17.55
6 1 0 0 0 0 2 214 217 18 95 17.36
7 1 0 0 0 0 3 210 216 220 27 120 21.36
9 0 0 0 3 5 1 222 27 131 19.36
5 0 0 2 0 9 3 212 213 219 34 100 11.57
6 0 0 0 10 6 1 213 31 104 11.78
8 0 0 5 0 2 1 214 39 135 12.52
8 0 5 0 3 0 1 222 39 133 22.67
3 0 3 2 10 0 1 221 47 105 19.82
6 0 0 0 5 9 3 216 219 220 18 112 19.37
7 0 2 0 0 0 1 217 34 134 17.6
2 0 7 1 3 0 1 221 41 132 18.04
5 0 6 2 0 2 1 220 31 130 15.78
8 0 0 9 0 0 1 221 39 113 19.11
10 0 0 10 5 0 1 223 36 102 14.16
2 0 4 0 0 3 1 223 50 132 14.2
2 0 10 0 8 0 1 223 47 139 22.44
1 0 0 0 0 0 0 52 132 15.95
1 0 0 0 0 0 3 225 226 227 0 103 13.38
9 0 10 8 4 7 3 236 245 251 1 72 13.75
10 0 3 6 10 5 2 228 230 1 110 19.37
1 0 2 2 8 6 1 229 1 118 22.48
5 0 4 10 2 9 3 235 237 244 11 118 17.18
9 0 5 10 5 5 3 231 242 254 2 94 18.29
9 0 6 10 10 7 2 233 253 11 82 15.05
6 0 5 6 7 6 2 232 234 11 122 17.46
7 1 0 0 0 0 1 253 17 135 14.43
6 0 4 7 1 9 2 238 239 20 93 17.08
9 0 1 1 6 3 1 237 17 113 16.24
8 1 0 0 0 0 1 243 16 101 22.64
9 0 7 2 8 4 1 242 10 83 16.32
7 0 4 4 9 7 2 240 247 26 130 13.88
8 0 2 6 3 8 2 246 250 26 124 15.9
1 1 0 0 0 0 2 241 249 26 96 19.98
1 1 0 0 0 0 2 246 249 33 121 13.64
9 1 0 0 0 0 1 242 27 109 17.08
6 0 9 3 1 8 1 248 36 111 20.53
6 0 9 9 2 1 2 245 252 24 88 17.55
10 0 8 5 3 10 1 248 16 135 13.91
3 0 10 8 10 5 1 253 30 122 11.9
4 0 4 2 4 2 1 248 34 111 17.24
9 1 0 0 0 0 1 249 33 112 11.7
1 0 2 7 8 1 1 252 42 152 19.19
4 0 1 6 9 2 1 252 42 121 12.84
8 0 10 10 9 7 1 254 34 134 13.16
5 0 6 1 9 5 1 254 10 129 22.47
3 0 2 3 5 5 1 255 46 123 14.04
2 0 1 8 10 5 1 255 33 129 20.96
7 0 10 10 6 5 1 255 42 123 22.22
1 0 0 0 0 0 0 49 135 18.66
1 0 0 0 0 0 3 257 258 259 0 115 15.79
6 0 0 2 0 9 3 261 270 273 1 69 18.94
9 0 1 0 5 4 3 260 270 273 1 76 18.79
1 0 0 2 10 8 3 261 262 271 1 102 13.53
9 0 0 10 7 7 3 263 269 271 10 104 16.08
1 0 8 5 0 1 3 263 266 269 7 110 13.51
5 0 7 0 9 7 3 264 267 278 2 117 11.84
7 0 6 0 6 0 3 265 267 272 19 118 19.42
1 0 0 10 3 2 3 265 268 275 7 115 15.91
10 1 0 0 0 0 2 277 285 26 145 20.72
6 0 1 2 7 1 3 274 278 280 8 123 18.65
8 1 0 0 0 0 1 276 26 133 22.18
5 0 0 2 4 7 3 270 273 274 8 83 20.9
9 0 7 10 8 0 3 272 274 280 19 84 18.13
5 0 9 0 1 7 2 284 286 13 86 21.76
9 0 0 7 2 0 3 278 282 285 19 112 15.03
1 0 1 9 2 4 2 275 276 28 109 20.87
1 0 8 7 0 0 3 277 280 282 13 125 18.92
3 0 10 0 9 0 3 276 281 283 28 116 18.62
6 0 0 6 4 7 3 279 281 282 29 124 11.39
8 0 7 0 6 9 2 277 285 34 109 20.01
6 0 10 4 9 6 1 279 42 144 12.7
4 1 0 0 0 0 1 284 28 134 17.05
5 0 7 1 6 4 1 284 48 144 15.42
4 1 0 0 0 0 2 281 283 28 101 11.67
3 0 7 9 7 10 1 286 35 137 19.52
2 0 9 0 4 1 1 283 35 126 12.39
9 0 1 10 0 3 1 286 37 103 21.79
7 0 9 10 3 2 1 287 53 141 22.04
3 0 4 10 10 10 1 287 42 135 11.87
2 0 10 8 0 10 1 287 46 109 18.59
1 0 0 0 0 0 0 60 124 12.62
1 0 0 0 0 0 3 289 290 291 0 93 20.69
10 0 4 10 5 0 3 295 304 305 1 105 20.02
6 0 0 0 7 0 3 292 293 299 1 112 18.77
5 0 0 5 0 9 3 297 309 311 1 107 16.32
8 0 4 8 0 0 2 294 301 7 123 17.36
5 0 0 2 0 0 2 296 301 7 105 22.51
10 0 0 0 9 0 2 297 300 15 105 18.84
7 0 0 0 9 5 3 297 298 312 11 96 15.01
6 0 3 0 10 0 1 304 12 125 22.63
9 0 3 3 4 2 3 302 310 314 25 121 16.69
8 0 0 8 0 6 1 302 18 139 21.8
10 0 0 3 0 0 1 311 7 105 16.98
5 1 0 0 0 0 3 302 305 311 25 133 22.24
3 0 7 0 0 0 3 303 305 309 15 102 22.22
6 1 0 0 0 0 2 306 307 34 119 15.98
3 0 2 0 3 0 3 304 308 314 18 109 13.44
1 0 6 0 0 10 1 315 21 97 21.43
7 0 0 0 8 3 1 316 30 109 17.31
2 1 0 0 0 0 1 317 40 105 19.8
8 0 0 0 0 2 1 308 40 134 18.22
9 0 6 0 1 0 2 313 317 48 134 12.76
1 0 9 0 3 0 2 313 317 18 104 18.89
4 1 0 0 0 0 2 316 318 34 143 18.98
9 1 0 0 0 0 2 314 318 30 137 13.95
3 0 9 0 4 2 1 313 18 84 11.7
5 0 2 2 0 0 2 315 318 57 148 12.6
6 1 0 0 0 0 1 315 39 133 16.97
10 0 0 0 0 3 1 316 62 140 14.56
1 0 0 0 7 8 1 319 72 124 20.87
4 0 0 5 0 10 1 319 57 115 15.53
6 0 4 4 0 0 1 319 62 169 14.69
1 0 0 0 0 0 0 73 160 12.05
80.37 80.95 79.75 80.91 85.85 103.3 135.18 152.87 135.96 107.38 90.62 87.9 64.65 36.35 50.21 70.56 100.22 146.43 176.5 170.0 141.5 119.19 108.11 93.5 92.2 89.99 92.64 89.77 96.35 112.01 140.16 136.68 106.52 74.26 32.93 2.24 3.38 4.28 8.44 63.68 98.36 143.47 171.92 167.11 143.45 123.77 117.17 103.62 108.77 105.01 103.52 102.61 107.33 124.46 160.27 148.08 108.95 45.9 34.23 2.48 1.42 2.18 5.6 66.88 112.16 156.99 250.73 220.41 176.68 141.18 126.84 112.23 119.77 104.88 101.26 102.34 106.05 122.29 148.32 142.04 100.27 79.23 38.56 3.42 0.43 0.65 16.83 80.13 121.72 157.59 278.23 250.3 161.79 138.78 128.17 120.61 127.07 117.53 114.42 108.26 112.54 131.38 162.72 148.8 111.39 74.75 43.62 7.37 1.26 0.09 3.73 64.19 122.15 137.1 150.0 190.0 177.0 100.0 100.0 95.0 90.0 94.1 94.1 99.93 100.0 103.15 90.0 69.75 43.24 33.7 13.24 11.81 17.64 27.61 42.51 70.0 75.8 118.97 159.8 157.46 147.1 84.14 77.04 65.04 32.68 35.14 43.85 42.35 42.39 42.14 44.71 36.24 27.91 23.25 13.78 9.6 13.49 5.01 11.46 42.78 86.51 126.61 142.0 143.02 141.47 130.65 126.32 114.24 111.25 107.14 101.8 98.77 101.77 119.72 141.87 164.45 162.19 135.43 111.32 108.5 102.79 104.17 111.1 119.7 132.69 155.06 213.73 193.29 161.93 138.95 125.58 115.16 102.54 102.02 100.38 103.72 103.19 108.48 137.76 142.87 138.87 114.85 109.0 103.71 93.5 94.53 100.01 100.01 110.8 143.56 174.98 172.26 148.6 122.35 116.87 102.05 101.02 98.25 97.78 97.52 96.03 101.06 129.4 142.88 137.46 111.86 100.0 96.64 94.94 84.72 93.5 99.43 111.16 136.34 163.91 169.94 154.77 130.25 121.35 109.11 104.93 99.04 97.8 98.85 97.43 105.11 130.6 140.15 123.5 89.92 78.92 45.58 32.04 14.8 46.3 77.86 96.71 130.06 160.0 171.79 141.87 124.68 113.35 100.96 90.74 79.4 79.02 79.38 79.93 106.94 129.4 122.2 102.08 77.75 60.6 34.0 35.37 40.32 62.46 75.98 105.0 132.77 166.87 166.38 149.33 126.25 118.04 110.0 115.44 105.36 97.93 97.71 97.75 93.74 99.2 99.81 96.13 80.27 101.5 98.68 95.42 51.42 50.38 68.42 76.25 102.14 148.13 154.14 127.06 101.09 83.21 68.77 46.26 15.89 15.89 5.09 1.2 0.09 0.89 0.95 1.39 0.08 -2.47 -8.16 -17.1 -24.5 -24.94 -12.61 -4.04 5.14 65.07 93.23 95.13 85.69 81.97 57.17 71.58 64.89 65.26 68.65 70.9 94.42 125.84 169.5 176.15 135.51 112.24 102.19 90.43 84.31 75.01 72.83 80.68 106.15 136.55 193.78 177.12 135.68 115.62 102.34 102.04 95.83 93.8 94.79 92.6 102.04 131.25 178.53 159.37 109.28 87.69 73.78 61.16 25.46 28.64 41.86 77.51 87.79 126.85 161.74 140.4 113.1 96.67 80.29 69.27 68.67 68.58 70.01 71.02 84.43 117.5 152.77 125.47 85.45 61.22 39.44 31.11 19.09 17.03 28.63 68.17 68.49 105.0 141.27 127.01 103.68 85.81 73.64 68.47 69.66 68.55 70.4 73.84 95.81 134.77 165.0 133.3 79.11 41.0 0.19 -0.95 -7.15 -5.04 1.15 25.91 79.02 141.28 184.01 174.44 139.91 114.52 105.62 110.0 104.92 105.1 105.33 108.46 114.3 154.79 182.25 140.78 96.23 65.17 7.82 0.0 -1.13 -1.07 -0.05 31.05 79.84 128.71 172.61 159.72 120.3 103.31 96.97 109.19 102.92 99.91 100.48 99.46 98.29 103.63 107.23 100.41 57.45 0.66 -0.85 -21.04 -47.34 -49.39 -29.98 -3.31 5.16 72.68 95.83 89.0 78.93 78.99 68.75 70.45 61.66 63.51 69.45 71.21 78.88 78.18 79.73 42.41 0.1 -2.02 -27.76 -60.4 -104.76 -109.67 -66.68 -17.81 11.14 118.37 136.1 135.48 123.12 113.13 101.14 88.35 86.84 83.37 85.41 87.18 100.46 132.06 176.44 144.5 108.02 84.23 64.57 27.99 23.89 30.0 65.29 83.54 105.14 131.7 173.84 164.32 137.8 116.32 102.52 94.89 88.85 90.16 91.48 93.25 108.74 146.31 180.55 136.77 91.31 81.16 81.04 50.08 47.9 59.1 65.55 78.47 92.0 115.0 173.66 174.75 140.84 122.64 107.28 108.64 99.74 97.29 97.64 98.63 114.12 158.07 175.56 131.56 100.44 84.16 66.16 15.48 11.03 26.56 48.59 72.36 89.44 102.39 125.0 130.89 105.0 98.55 100.49 94.84 92.22 91.47 90.69 93.35 101.32 137.63 174.11 136.88 103.38 87.12 68.25 39.09 2.49 0.08 2.22
