320 5
1 30 34 38 35
1 0 0 0 0 0 3 1 2 3 0 112 16.21
4 0 7 1 3 10 1 8 1 71 13.43
4 0 10 10 3 4 1 22 1 98 10.01
5 0 8 5 7 8 3 4 8 10 1 110 12.27
3 0 10 6 7 8 3 5 6 7 6 127 8.44
8 0 5 8 5 5 3 15 18 22 9 118 15.97
2 0 3 1 10 9 2 12 17 9 110 16.56
1 0 3 1 5 4 3 9 11 19 9 70 11.84
5 0 3 5 7 1 1 21 6 71 12.13
1 0 8 6 8 10 2 15 16 10 112 12.79
3 0 2 5 2 9 2 14 23 6 124 11.61
6 0 4 4 3 3 2 13 16 10 119 8.78
6 0 5 9 7 8 2 16 20 11 81 10.62
3 1 0 0 0 0 3 17 23 25 16 120 12.11
2 0 7 7 5 7 2 21 28 9 96 8.76
8 0 8 1 9 10 1 27 17 127 10.62
6 1 0 0 0 0 3 23 24 26 17 140 12.06
3 0 4 6 3 1 2 21 22 19 116 8.66
4 0 9 6 5 8 3 19 26 29 17 80 10.27
2 1 0 0 0 0 1 20 21 92 9.58
6 1 0 0 0 0 2 24 25 23 87 16.16
5 1 0 0 0 0 1 27 22 129 15.77
3 1 0 0 0 0 3 26 29 30 22 116 8.42
2 1 0 0 0 0 2 27 28 23 106 8.82
7 0 9 5 7 3 1 30 29 122 9.93
4 0 4 1 1 3 1 30 29 124 11.48
2 1 0 0 0 0 1 28 25 88 12.87
10 0 9 5 3 5 1 29 27 146 13.11
6 0 2 6 9 5 1 31 27 112 15.19
8 0 1 8 3 3 1 31 37 150 15.45
5 0 8 8 10 4 1 31 36 151 8.91
1 0 0 0 0 0 0 45 140 14.73
1 0 0 0 0 0 3 33 34 35 0 114 13.35
5 0 0 1 10 0 3 36 39 44 1 90 16.51
6 0 6 0 3 0 3 43 48 51 1 76 10.17
2 0 6 3 8 6 3 36 37 44 1 102 15.9
1 0 5 0 2 0 3 40 45 46 6 114 8.58
3 0 7 0 0 0 3 38 48 54 3 103 11.1
7 0 0 5 5 3 3 39 46 51 6 112 15.92
4 0 0 10 0 0 2 42 52 13 121 15.16
7 0 8 10 0 0 3 41 51 54 7 77 14.98
10 1 0 0 0 0 3 43 48 49 14 114 12.3
1 0 1 0 7 0 2 43 45 17 79 12.33
5 1 0 0 0 0 2 47 58 24 107 8.74
10 0 0 9 0 0 3 54 56 58 6 96 8.98
10 0 0 0 0 8 3 49 55 57 18 122 15.61
8 0 0 0 5 2 3 49 52 56 13 96 10.4
2 1 0 0 0 0 1 50 29 139 12.43
3 0 6 0 10 0 2 50 60 24 128 15.49
10 0 0 6 2 0 1 58 28 138 11.74
2 1 0 0 0 0 3 53 55 59 31 145 15.69
10 1 0 0 0 0 3 52 53 59 14 108 13.53
10 1 0 0 0 0 2 55 57 24 111 12.76
6 0 1 4 4 0 2 56 57 33 142 9.41
10 0 0 0 2 1 3 60 61 62 16 126 14.86
7 0 6 0 9 0 1 61 34 115 16.18
10 0 7 0 6 0 1 62 39 127 12.27
4 0 3 0 0 0 1 62 39 113 12.45
2 0 0 0 3 1 2 59 60 38 114 13.91
6 0 0 0 0 2 1 61 40 133 10.77
4 0 4 0 7 4 1 63 40 152 12.03
5 0 6 3 0 0 1 63 46 123 10.37
1 0 8 2 3 0 1 63 49 118 12.07
1 0 0 0 0 0 0 51 118 8.46
1 0 0 0 0 0 3 65 66 67 0 117 12.27
5 0 0 9 8 0 3 71 76 79 1 123 12.74
9 0 5 1 0 0 3 73 79 83 1 109 11.7
1 0 0 0 0 3 3 68 69 70 1 102 16.35
5 0 2 5 0 0 3 74 75 78 2 125 13.31
5 0 0 3 0 2 3 72 73 81 2 86 14.55
7 0 0 6 0 0 3 71 73 77 2 112 13.13
5 0 0 6 0 0 3 82 85 94 9 80 15.72
6 0 0 0 10 0 3 79 80 89 7 132 14.18
2 0 0 9 3 0 3 78 82 91 10 72 11.45
5 0 0 0 0 1 3 80 81 89 7 110 16.32
7 0 0 1 0 3 2 76 86 7 108 11.82
2 1 0 0 0 0 3 80 81 88 14 84 12.15
2 0 4 0 0 4 3 82 84 85 9 127 10.84
9 0 3 0 2 0 2 85 87 12 103 10.15
10 1 0 0 0 0 2 87 91 13 86 11.97
3 1 0 0 0 0 2 84 87 16 137 9.19
6 0 0 0 3 0 2 92 93 16 132 14.14
4 0 0 9 10 0 1 86 14 108 16.14
10 0 0 0 0 10 2 84 88 10 128 13.18
10 1 0 0 0 0 2 90 91 20 120 8.48
1 1 0 0 0 0 1 86 21 119 15.18
3 0 1 2 8 5 2 88 90 22 133 13.7
1 0 1 0 6 0 2 90 94 23 138 13.88
4 0 10 5 0 0 1 89 25 99 11.99
5 0 1 0 9 0 1 93 29 143 9.3
2 0 3 0 10 7 1 92 30 133 12.69
8 0 2 0 5 5 3 92 93 94 30 120 13.7
9 0 5 0 0 4 1 95 38 145 11.66
5 0 3 7 2 0 1 95 38 130 15.35
4 0 1 2 4 0 1 95 38 123 12.55
1 0 0 0 0 0 0 47 124 12.14
1 0 0 0 0 0 3 97 98 99 0 113 14.37
5 0 2 2 3 4 3 102 104 108 1 84 15.38
10 0 4 6 1 9 2 105 109 1 101 12.08
5 0 10 4 1 3 3 100 101 106 1 102 13.03
2 0 1 6 6 1 3 105 114 119 6 94 13.24
3 0 9 4 9 1 3 104 108 116 6 81 13.21
3 0 7 3 3 4 3 103 109 110 6 114 10.83
3 1 0 0 0 0 3 113 115 126 9 117 8.67
5 0 1 10 8 5 3 112 115 117 9 75 9.67
8 0 8 9 5 8 3 118 122 123 11 94 8.33
2 0 9 10 2 1 3 107 110 115 6 124 11.3
3 0 8 5 1 3 3 111 114 121 8 125 10.79
9 0 1 3 2 8 3 109 110 113 9 136 14.13
9 0 1 1 9 3 3 117 119 126 18 111 9.15
6 0 10 9 10 6 2 112 121 18 130 12.39
3 0 3 6 7 2 3 113 116 117 11 90 15.01
5 0 10 2 2 8 3 114 119 123 24 136 13.52
5 1 0 0 0 0 2 120 125 18 140 8.48
1 1 0 0 0 0 2 118 124 29 130 11.44
2 1 0 0 0 0 3 121 122 123 14 126 15.78
6 1 0 0 0 0 1 118 14 110 14.35
9 1 0 0 0 0 1 120 27 101 16.03
9 0 6 4 7 9 1 126 30 137 8.67
4 0 5 8 7 6 2 120 125 29 126 8.49
7 0 6 7 6 3 1 122 36 144 15.27
6 0 4 10 5 8 1 124 24 132 12.64
10 0 10 3 10 1 1 124 43 121 15.83
10 0 1 3 7 1 1 125 29 135 11.29
4 0 8 5 1 1 1 127 53 152 10.57
7 0 9 1 3 10 1 127 39 106 14.65
6 0 5 7 5 10 1 127 39 148 13.65
1 0 0 0 0 0 0 57 163 10.8
1 0 0 0 0 0 3 129 130 131 0 76 14.72
6 0 4 10 2 2 1 155 1 107 8.92
1 0 1 9 8 1 3 132 137 139 1 66 15.39
10 0 3 5 6 4 3 133 135 136 1 128 14.11
7 0 8 4 4 6 2 134 138 2 71 13.95
3 0 10 2 7 8 2 141 142 11 83 12.49
9 0 4 4 8 1 3 144 146 153 9 83 11.46
8 1 0 0 0 0 1 140 11 125 15.96
2 0 6 1 3 4 3 145 148 150 11 96 9.03
9 0 10 6 10 2 2 138 154 2 90 16.04
8 0 6 5 3 2 2 145 148 11 107 16.52
9 0 1 4 1 4 3 143 147 155 2 94 9.49
5 1 0 0 0 0 3 146 151 153 19 102 8.98
10 0 3 8 4 5 3 144 146 148 14 131 15.83
8 0 5 10 6 10 2 157 158 14 109 10.26
3 0 10 1 3 10 3 150 151 156 11 120 14.18
8 0 6 4 7 1 3 145 147 151 24 123 9.44
5 1 0 0 0 0 2 155 157 32 131 14.47
6 0 1 1 8 1 1 154 24 90 9.1
3 1 0 0 0 0 1 149 32 100 9.19
3 1 0 0 0 0 1 153 24 102 12.23
6 0 6 6 8 7 1 150 35 101 11.61
1 0 10 2 4 9 1 152 41 138 14.03
6 0 2 7 5 8 1 158 32 141 13.6
2 0 4 6 8 2 2 154 157 42 156 14.98
2 0 10 1 5 5 1 156 27 117 10.86
5 0 6 10 2 3 1 158 44 114 9.62
1 0 7 4 3 3 1 156 37 96 15.04
6 0 3 6 5 3 1 159 38 131 8.71
8 0 7 8 5 1 1 159 44 162 13.23
5 0 7 6 10 1 1 159 49 164 13.79
1 0 0 0 0 0 0 54 162 15.46
1 0 0 0 0 0 3 161 162 163 0 77 13.95
5 0 8 3 5 6 3 166 169 175 1 85 9.02
4 0 8 7 3 6 3 164 165 171 1 67 14.54
1 1 0 0 0 0 3 176 178 180 1 87 8.71
9 0 8 1 7 3 3 170 173 176 5 75 13.95
4 0 10 3 2 3 3 167 168 172 5 125 11.12
6 0 4 4 1 7 1 167 6 79 9.01
3 0 8 5 10 10 3 170 177 183 12 89 12.19
9 0 7 7 4 6 3 181 182 186 9 100 15.87
1 0 4 10 1 1 3 170 176 177 6 88 10.89
1 0 3 2 8 7 3 174 179 184 15 110 9.57
10 0 3 10 1 3 3 177 181 183 5 131 12.43
3 0 3 8 10 7 3 174 182 183 9 75 9.55
9 0 6 3 6 3 3 175 180 185 14 83 9.28
10 0 4 10 1 4 2 180 188 16 133 12.67
8 1 0 0 0 0 3 178 182 184 23 89 15.95
4 1 0 0 0 0 3 179 185 187 14 112 11.8
4 1 0 0 0 0 3 178 184 185 15 118 10.71
3 0 5 4 6 9 2 179 190 31 121 11.49
5 0 2 6 4 3 1 189 34 149 14.58
9 0 3 6 5 7 1 181 26 95 9.83
8 0 7 4 5 9 1 187 35 130 8.65
5 0 2 2 5 7 2 187 190 31 106 14.19
10 1 0 0 0 0 2 188 190 15 124 16.3
1 0 1 1 6 9 2 186 189 31 122 14.8
6 0 4 6 2 10 1 186 23 101 10.16
10 0 7 7 10 7 1 188 32 122 9.86
2 0 2 8 10 8 1 189 43 102 10.15
9 0 3 2 3 4 1 191 42 162 16.36
6 0 1 5 2 3 1 191 45 162 8.83
10 0 4 4 2 4 1 191 36 134 15.3
1 0 0 0 0 0 0 51 155 14.39
1 0 0 0 0 0 3 193 194 195 0 109 14.61
6 0 0 0 9 0 1 208 1 89 12.45
2 0 8 0 0 0 3 196 202 207 1 114 11.88
6 0 9 0 0 0 1 198 1 100 11.9
2 0 8 0 0 0 3 197 200 210 3 105 15.03
1 0 0 0 0 2 2 199 205 5 103 14.79
1 0 3 0 0 0 2 201 204 7 100 11.84
4 0 0 7 0 0 3 203 209 214 6 110 15.45
2 0 4 0 0 0 2 205 213 5 115 10.7
10 0 0 0 0 4 2 215 216 8 109 12.96
4 0 0 0 1 0 1 206 3 84 11.12
10 0 0 0 5 0 1 219 10 118 9.07
4 0 0 7 0 0 3 206 212 222 8 75 14.28
8 1 0 0 0 0 1 219 7 131 16.0
9 0 0 8 0 0 1 211 12 108 15.65
1 0 0 0 3 0 1 217 3 125 14.24
3 0 6 0 0 0 2 209 215 7 121 13.82
4 0 3 0 0 0 1 221 10 115 16.35
2 0 0 0 0 5 1 217 5 89 10.74
7 0 0 5 0 0 2 220 221 21 126 8.93
10 0 5 0 0 0 1 213 12 130 15.55
2 1 0 0 0 0 1 218 22 105 12.58
8 0 0 0 0 8 1 222 10 91 9.48
10 1 0 0 0 0 1 218 18 86 11.29
1 1 0 0 0 0 1 217 18 110 15.59
7 0 0 5 0 0 1 218 19 142 15.2
1 0 0 5 0 0 2 219 220 28 143 11.92
10 0 0 0 1 0 1 221 29 120 14.19
9 0 0 0 0 3 1 223 29 131 11.61
3 0 0 6 0 0 1 223 39 137 14.51
4 0 0 0 0 8 1 223 18 121 12.05
1 0 0 0 0 0 0 42 129 10.76
1 0 0 0 0 0 3 225 226 227 0 114 11.99
9 0 4 0 7 2 3 229 231 233 1 101 12.59
9 0 0 6 9 0 3 235 243 252 1 95 15.8
2 0 8 7 8 0 3 228 233 246 1 92 12.97
5 0 4 5 2 10 3 230 232 241 3 124 16.51
9 0 6 1 0 3 3 230 236 238 10 108 15.28
5 0 3 10 7 10 3 237 245 249 19 119 13.34
10 0 0 10 1 7 3 232 234 236 10 121 15.39
9 1 0 0 0 0 3 240 249 250 20 128 16.44
1 1 0 0 0 0 3 235 239 242 10 93 9.2
2 0 0 10 1 2 3 238 243 250 20 93 8.76
9 1 0 0 0 0 2 237 240 11 124 15.85
6 0 10 6 0 2 3 240 242 244 20 142 11.98
5 0 8 0 0 0 2 247 253 24 104 12.06
4 0 9 10 10 8 3 241 242 246 22 118 13.02
2 1 0 0 0 0 3 244 250 254 11 113 16.11
10 1 0 0 0 0 2 245 253 29 113 15.08
5 0 7 7 6 2 3 249 251 254 26 118 15.45
9 0 4 0 1 9 3 245 248 251 26 131 8.77
2 0 0 1 8 4 2 244 246 22 131 11.03
4 1 0 0 0 0 1 248 26 99 9.61
7 0 5 9 10 2 1 247 39 122 12.59
3 1 0 0 0 0 2 247 248 26 95 10.96
4 0 2 9 6 5 1 254 46 136 11.86
2 0 0 0 8 10 1 253 35 146 13.59
9 0 6 4 0 0 1 252 31 145 13.98
6 1 0 0 0 0 1 251 29 113 11.78
9 0 9 0 1 3 1 252 35 103 12.96
8 0 5 6 0 9 1 255 44 136 11.1
8 0 0 10 7 0 1 255 39 121 14.13
10 0 9 0 10 3 1 255 50 120 10.86
1 0 0 0 0 0 0 60 158 11.89
1 0 0 0 0 0 3 257 258 259 0 94 12.18
5 0 9 4 7 4 1 282 1 83 11.74
3 0 3 6 7 2 3 265 268 279 1 100 9.84
6 0 7 1 8 10 3 260 264 284 1 96 16.5
4 0 6 2 7 1 3 261 262 278 7 97 16.38
7 0 9 6 3 5 2 263 271 11 102 10.31
2 0 8 9 5 8 2 266 286 11 109 13.17
3 1 0 0 0 0 1 269 18 101 12.18
8 0 10 8 2 9 3 267 273 274 7 79 14.22
2 0 4 8 9 10 2 270 271 4 125 14.68
4 0 9 4 1 5 1 275 13 92 11.8
4 0 5 10 9 8 1 277 15 82 13.59
3 0 3 4 2 9 1 282 4 103 9.49
3 1 0 0 0 0 2 275 280 21 95 9.04
7 0 3 9 2 7 1 280 6 84 12.98
4 1 0 0 0 0 2 272 276 18 88 12.95
5 1 0 0 0 0 1 283 22 95 16.07
5 1 0 0 0 0 1 280 15 109 13.81
3 0 7 10 5 3 1 276 15 116 9.6
8 1 0 0 0 0 2 279 282 24 133 14.98
7 0 4 8 2 7 1 283 22 141 16.2
4 0 10 8 1 3 1 281 19 106 10.68
2 1 0 0 0 0 2 279 286 11 108 9.1
10 0 2 3 10 9 1 285 32 153 13.28
8 0 4 9 3 8 1 281 24 133 11.36
6 0 7 6 7 2 1 286 32 120 9.9
4 0 1 8 9 7 1 285 32 135 12.28
8 0 4 4 5 4 1 285 29 147 8.48
1 0 2 4 10 6 1 287 7 118 14.74
4 0 7 8 9 9 1 287 42 157 12.81
4 0 9 1 4 8 1 287 38 140 9.04
1 0 0 0 0 0 0 46 120 11.16
1 0 0 0 0 0 3 289 290 291 0 104 9.82
9 0 4 6 9 8 3 303 304 315 1 127 12.28
10 0 2 3 6 10 3 292 294 297 1 94 8.58
6 0 3 7 8 8 3 293 304 310 1 86 14.81
6 0 5 1 7 4 3 295 299 300 11 76 15.18
8 0 7 10 6 7 3 302 308 312 7 88 15.74
3 0 10 10 9 4 2 296 313 11 97 14.27
10 0 2 4 7 3 3 310 313 317 17 92 11.7
5 0 8 6 3 1 3 298 301 308 14 100 14.29
8 0 6 10 10 4 1 303 11 87 14.92
10 0 2 4 2 8 1 309 19 139 12.74
5 0 1 6 6 7 1 306 17 127 13.92
10 0 4 7 10 8 1 306 17 104 15.89
5 0 5 1 1 9 2 303 314 19 104 12.76
10 0 10 6 1 7 1 311 15 137 15.31
6 1 0 0 0 0 1 318 24 124 11.63
7 1 0 0 0 0 2 305 318 10 89 9.72
5 1 0 0 0 0 3 309 311 313 17 106 15.39
8 1 0 0 0 0 3 307 309 311 27 118 12.13
9 0 6 9 1 3 2 310 312 35 124 10.42
6 0 7 4 6 1 2 314 315 19 131 14.6
5 0 7 3 4 5 1 312 35 110 11.74
5 0 9 4 2 5 2 315 318 44 140 10.21
1 0 5 10 3 2 2 316 317 35 102 14.39
7 0 9 7 6 3 1 314 44 146 11.11
2 0 2 3 7 10 1 316 27 110 11.8
3 0 6 7 3 8 1 317 51 163 9.76
4 0 8 5 1 5 1 316 49 118 16.26
6 0 9 7 2 6 1 319 53 123 12.92
5 0 6 3 2 2 1 319 54 141 12.07
6 0 2 10 10 9 1 319 49 153 8.44
1 0 0 0 0 0 0 59 131 16.22
72.81 70.95 69.49 72.07 72.92 89.42 109.29 124.51 108.86 93.59 91.92 74.17 62.97 59.93 58.89 70.26 84.06 92.46 102.9 134.1 170.66 124.4 106.23 96.34 87.55 81.22 79.58 78.27 82.59 97.42 114.58 120.78 109.39 85.85 80.88 70.25 55.89 53.26 57.16 68.87 76.5 93.49 111.02 137.2 160.08 133.88 115.44 100.98 94.43 88.78 87.15 89.84 94.29 106.11 129.17 142.9 123.11 97.02 87.47 77.64 68.48 68.2 71.34 78.25 84.55 99.24 111.21 131.76 143.46 123.94 109.69 98.02 97.61 93.33 93.2 95.18 96.09 108.79 123.95 137.91 122.67 103.21 90.11 77.84 66.09 65.49 72.06 81.37 87.82 93.9 109.11 132.01 173.87 134.44 112.64 105.87 102.02 97.86 95.0 96.35 100.38 111.94 135.54 133.18 98.02 83.34 52.95 3.24 3.09 0.13 0.01 7.49 59.42 87.6 94.58 117.4 155.2 124.27 103.02 96.79 101.99 103.56 99.41 96.56 101.13 100.72 97.91 93.79 73.88 9.1 -0.09 -22.58 -56.61 -114.38 -109.63 -49.89 -6.78 29.94 97.26 125.4 167.01 126.19 107.85 95.28 98.27 96.34 94.3 96.76 96.74 96.77 88.98 66.69 4.96 -0.1 -12.08 -49.39 -170.77 -224.49 -219.87 -110.58 -18.81 0.1 83.97 120.03 134.62 116.69 101.79 89.36 87.57 82.76 82.38 82.95 86.24 100.16 142.17 145.29 109.98 73.06 10.85 3.94 0.36 -4.66 -9.2 18.56 37.67 79.56 109.13 148.9 200.08 135.52 101.71 94.17 94.54 90.18 90.53 95.0 97.86 107.68 137.6 128.6 100.29 80.49 18.73 2.06 0.97 -4.47 1.23 6.06 6.93 74.73 108.71 154.44 257.56 152.65 113.79 103.59 103.88 98.89 97.07 98.94 99.7 104.54 126.88 122.38 99.46 71.7 2.52 1.38 -11.12 -21.34 -22.95 -4.1 8.4 39.13 89.66 111.33 158.42 131.4 111.07 101.31 98.92 90.67 89.3 89.25 91.8 100.22 122.62 126.49 100.41 72.4 22.19 15.1 8.01 0.44 -2.43 38.21 69.14 70.01 80.96 117.23 145.53 125.44 110.13 101.61 94.98 88.9 85.85 85.42 89.2 97.19 112.28 117.13 106.05 81.09 21.8 6.29 8.75 25.9 38.95 41.43 56.32 75.01 95.5 122.43 146.35 138.86 116.1 99.3 93.16 93.46 88.78 88.91 90.0 94.11 91.72 89.79 59.52 0.88 0.0 0.2 -4.41 -10.07 -11.32 -6.44 1.28 28.9 75.05 91.54 109.06 125.01 130.03 109.08 106.7 101.54 98.62 97.45 98.41 98.05 91.3 87.2 65.28 9.23 0.0 -0.2 -2.0 -7.37 -15.0 -8.97 -0.2 16.56 92.44 108.04 124.52 130.98 118.86 104.17 111.21 104.19 97.44 94.3 100.58 111.92 132.74 136.4 113.64 94.79 70.9 28.81 12.77 5.0 8.0 28.58 74.99 99.3 116.82 149.23 231.01 154.91 129.65 114.48 116.99 107.35 104.17 106.33 112.6 121.82 144.38 132.49 97.54 77.61 62.82 16.0 7.74 9.07 10.87 28.29 72.91 99.9 109.98 132.32 193.13 152.12 121.93 110.2 107.93 102.33 97.9 94.9 93.7 102.49 112.48 116.54 107.82 84.82 42.22 57.3 50.0 45.17 55.07 70.54 71.62 110.3 122.4 179.0 114.35 110.27 100.72 90.0 101.9 91.14 86.89 86.53 87.33 94.1 112.33 112.03 103.39 98.92 92.89 88.25 90.0 81.26 84.62 95.73 98.9 112.07 134.29 123.69 154.93 131.5 119.6 105.0 104.4 96.58 90.17 89.74 96.2 110.05 132.28 136.37 118.04 88.47 74.43 61.31 23.0 19.58 20.0 64.98 63.58 68.39 114.95 137.77 181.42 146.75 128.14 110.68 106.05 95.88 89.49 84.88 83.36 81.29 83.46 76.84 62.05 12.26 -0.02 -0.33 -0.45 -0.55 -0.9 -1.85 -0.39 50.1 85.92 115.14 134.06 122.87 101.3 91.52 66.23 32.0 16.83 8.36 3.85 2.72 1.2 1.24 -0.02 -0.03 -0.6 -1.31 -1.73 -5.68 -7.2 -6.98 -2.0 0.34 17.45 95.62 109.81 111.77 103.62 94.45 89.84 79.97 75.12 74.41 79.81 88.13 119.49 146.41 130.98 93.48 61.34 24.23 16.4 11.28 6.14 9.7 26.35 57.95 111.65 146.07 212.9 170.69 129.25 106.4 99.03 86.4 77.9 76.44 80.21 83.42 95.01 86.36 69.35 51.1 4.39 3.49 0.16 0.68 1.84 12.73 59.63 88.33 111.39 135.18 182.47 134.28 111.86 92.79 86.59 73.07 70.42 65.61 68.26 79.11 94.64 101.37 96.19 91.7 78.29 73.3 66.97 59.9 57.86 73.48 73.52 98.82 116.22 131.57 159.1 136.24 121.7 104.56 97.6 93.19 90.94 90.45 90.33 90.51 84.78 84.39 82.11 61.49 18.77 1.65 0.24 2.22 0.23 5.48 1.6 15.17 65.09 97.03 121.25 105.81 92.95 75.96 63.73 72.62 48.6 33.95 37.39 56.54 82.17 68.38 53.01 29.13
