352 5
1 42 39 51 44
1 0 0 0 0 0 3 1 2 3 0 126 11.38
6 0 0 9 8 7 3 9 13 16 1 122 8.14
10 0 10 1 7 0 3 5 8 18 1 123 14.68
10 0 8 2 0 6 3 4 7 8 1 88 9.29
5 0 0 7 8 0 3 6 10 16 11 83 10.1
8 1 0 0 0 0 2 12 24 11 118 8.47
3 1 0 0 0 0 2 12 22 16 120 12.97
8 0 8 7 6 6 3 9 10 11 11 113 11.8
10 0 6 8 2 5 3 14 16 20 11 103 12.07
6 0 0 7 6 3 3 14 18 20 19 144 15.69
7 0 0 2 10 10 3 15 21 22 19 147 14.03
8 1 0 0 0 0 2 13 28 19 133 8.82
5 1 0 0 0 0 3 13 14 20 19 122 12.89
2 0 6 0 7 0 2 19 23 27 142 13.07
6 0 2 7 4 0 3 17 26 28 25 132 8.53
6 0 0 2 6 8 1 23 26 136 15.38
9 1 0 0 0 0 3 19 22 28 21 140 10.92
10 0 0 6 0 6 2 19 27 31 159 14.11
4 1 0 0 0 0 3 21 24 27 25 107 12.14
6 0 3 2 4 2 1 21 41 116 15.88
10 0 5 4 3 9 1 23 25 109 10.2
7 0 6 1 5 8 2 25 30 47 146 11.76
7 1 0 0 0 0 2 24 26 30 152 11.46
9 0 7 8 3 6 3 25 26 27 35 122 8.5
3 0 1 9 10 0 1 25 37 114 10.14
6 0 1 0 0 8 1 29 54 144 8.77
5 0 1 5 10 7 2 29 30 44 160 9.3
3 0 0 1 10 5 2 29 30 44 113 16.2
10 0 9 9 0 1 1 31 31 134 12.77
3 0 5 5 7 0 1 31 60 169 13.97
10 0 0 0 0 5 1 31 54 171 11.61
1 0 0 0 0 0 0 64 177 12.07
1 0 0 0 0 0 3 33 34 35 0 89 8.33
7 0 8 5 0 3 3 38 49 50 1 91 15.41
6 0 0 7 2 6 3 36 43 45 1 77 12.8
9 0 1 0 5 3 3 37 41 46 1 111 14.47
10 0 4 5 0 3 3 39 40 46 7 85 10.26
3 0 0 5 0 9 2 42 44 10 86 11.51
3 0 9 3 3 10 2 47 53 8 89 10.39
10 0 4 2 0 6 1 56 17 124 15.86
8 0 8 5 2 4 1 44 17 104 14.67
7 0 10 7 6 4 2 51 58 10 110 8.95
5 0 7 8 8 7 1 62 13 130 15.19
9 0 0 0 9 1 1 44 7 113 11.07
5 1 0 0 0 0 1 54 25 102 15.9
10 0 1 5 2 0 1 57 7 103 14.37
4 0 5 2 0 10 1 48 17 82 15.93
7 0 0 6 4 0 1 54 11 116 13.63
10 0 0 4 2 10 2 50 53 21 123 9.93
5 0 10 10 8 0 1 58 8 75 14.03
2 1 0 0 0 0 2 52 59 31 93 10.07
4 0 9 7 1 0 1 60 17 107 10.23
3 1 0 0 0 0 2 55 56 33 148 10.94
9 0 6 10 6 5 1 54 31 158 12.16
2 0 10 2 6 2 1 61 40 155 12.96
8 0 9 7 2 0 1 62 36 111 8.88
10 0 0 10 10 3 1 60 36 131 14.58
5 0 7 3 8 8 1 58 17 135 14.23
10 0 6 1 0 0 1 60 22 148 8.17
7 0 1 7 4 1 2 61 62 33 110 14.92
10 0 0 0 5 2 1 63 46 153 15.21
8 0 0 0 5 0 1 63 42 137 8.36
7 0 7 6 2 7 1 63 44 144 8.11
1 0 0 0 0 0 0 56 163 10.74
1 0 0 0 0 0 3 65 66 67 0 122 12.7
5 0 8 3 5 6 3 70 73 79 1 83 11.98
4 0 8 7 3 6 3 68 69 75 1 109 12.79
1 1 0 0 0 0 3 80 82 84 1 97 9.36
9 0 8 1 7 3 3 74 77 80 5 114 10.01
4 0 10 3 2 3 3 71 72 76 5 121 13.83
6 0 4 4 1 7 1 71 6 81 9.79
3 0 8 5 10 10 3 74 81 87 12 92 11.39
9 0 7 7 4 6 3 85 86 90 9 81 15.22
1 0 4 10 1 1 3 74 80 81 6 85 9.62
1 0 3 2 8 7 3 78 83 88 15 82 12.32
10 0 3 10 1 3 3 81 85 87 5 80 10.96
3 0 3 8 10 7 3 78 86 87 9 77 14.66
9 0 6 3 6 3 3 79 84 89 14 119 12.68
10 0 4 10 1 4 2 84 92 16 144 15.22
8 1 0 0 0 0 3 82 86 88 23 131 10.81
4 0 3 7 10 5 3 83 89 91 14 87 11.62
4 1 0 0 0 0 3 82 88 89 15 95 8.14
3 0 5 4 6 9 2 83 94 31 140 8.39
5 0 2 6 4 3 1 93 34 153 8.44
9 0 3 6 5 7 1 85 26 144 13.4
8 0 7 4 5 9 1 91 35 103 14.78
5 0 2 2 5 7 2 91 94 31 142 8.62
10 1 0 0 0 0 2 92 94 15 91 11.61
1 1 0 0 0 0 2 90 93 31 101 10.7
6 0 4 6 2 10 1 90 23 132 11.26
10 0 7 7 10 7 1 92 32 149 14.38
2 0 2 8 10 8 1 93 43 131 11.09
9 0 3 2 3 4 1 95 42 162 11.37
6 0 1 5 2 3 1 95 45 119 10.44
10 0 4 4 2 4 1 95 36 116 11.79
1 0 0 0 0 0 0 51 121 11.87
1 0 0 0 0 0 3 97 98 99 0 86 12.53
7 0 10 3 9 7 3 100 101 106 1 79 13.13
9 0 2 7 5 5 3 102 104 116 1 115 15.94
5 0 8 4 9 3 3 102 105 110 1 130 13.93
5 0 2 1 10 8 3 103 107 123 8 107 12.2
10 0 10 4 2 7 3 103 107 117 8 86 8.66
7 0 4 8 3 2 3 111 115 117 10 100 15.25
4 0 9 8 2 6 3 108 110 113 18 140 12.64
5 0 8 3 10 8 3 107 114 120 10 118 11.8
1 1 0 0 0 0 3 109 118 123 6 111 14.55
6 0 1 1 1 7 2 110 112 8 97 8.69
9 0 6 8 1 1 3 115 118 121 18 129 15.66
10 1 0 0 0 0 3 109 111 119 22 100 12.47
7 1 0 0 0 0 3 114 116 120 32 142 14.73
5 0 2 9 2 8 2 119 126 22 91 9.77
9 0 8 9 7 8 2 114 124 32 160 13.53
2 0 5 1 7 9 2 113 117 14 139 9.68
9 0 6 3 5 10 3 115 116 121 22 141 15.78
3 0 4 2 6 7 1 126 41 162 8.21
7 1 0 0 0 0 1 122 31 132 14.12
4 0 8 4 10 8 2 122 125 39 146 14.08
8 1 0 0 0 0 3 118 119 123 18 95 15.92
9 1 0 0 0 0 1 125 27 133 15.66
1 1 0 0 0 0 1 120 32 149 15.08
8 0 2 1 4 3 1 121 39 139 14.91
4 0 1 10 1 5 2 122 125 47 147 8.82
10 0 10 7 8 2 1 124 51 121 8.26
3 0 6 8 9 4 2 124 126 26 114 16.19
10 0 7 3 5 7 1 127 61 180 8.81
9 0 7 6 5 9 1 127 51 146 12.97
9 0 7 8 9 10 1 127 44 136 8.67
1 0 0 0 0 0 0 71 179 9.83
1 0 0 0 0 0 3 129 130 131 0 90 10.85
6 0 3 5 9 3 1 132 1 73 9.97
6 0 10 2 7 0 1 138 1 132 8.76
8 0 0 2 6 10 3 134 135 143 1 128 8.27
5 0 9 3 5 9 1 133 7 136 13.26
8 1 0 0 0 0 1 146 12 87 9.61
2 0 0 6 7 0 3 136 151 155 9 85 14.83
5 0 5 5 0 2 2 149 152 9 112 9.8
5 0 0 8 0 7 3 137 139 141 11 126 9.45
6 0 7 9 5 9 3 140 142 144 16 122 8.25
3 0 3 6 4 0 3 145 156 158 7 95 9.52
6 0 8 1 5 0 1 144 16 106 11.61
4 0 6 0 6 3 2 148 152 22 92 9.73
5 0 9 4 3 8 2 147 153 16 83 12.68
6 0 0 8 0 8 1 156 22 114 12.94
6 1 0 0 0 0 1 149 9 98 16.21
5 1 0 0 0 0 1 146 22 107 8.39
4 0 3 1 7 0 2 150 154 10 89 12.87
4 0 8 6 8 8 2 148 157 27 148 8.47
7 1 0 0 0 0 1 148 21 106 12.76
9 0 0 3 9 10 1 149 31 116 15.36
8 0 3 1 0 10 1 156 40 157 12.7
7 0 4 1 8 10 1 157 14 129 13.92
2 1 0 0 0 0 1 154 11 105 11.84
5 0 0 5 2 5 1 154 26 92 15.6
5 1 0 0 0 0 1 158 21 144 8.77
3 0 4 0 5 0 1 157 31 96 10.15
4 0 8 0 6 1 1 158 11 134 10.68
8 0 8 4 7 5 1 159 48 139 14.95
7 0 0 2 2 8 1 159 34 130 8.91
6 0 10 6 9 0 1 159 26 131 12.11
1 0 0 0 0 0 0 56 128 14.94
1 0 0 0 0 0 3 161 162 163 0 121 15.24
9 0 0 4 0 10 3 164 166 170 1 124 12.53
5 0 0 2 0 9 2 167 189 1 90 11.53
9 0 1 10 0 0 3 168 174 180 1 106 15.43
8 1 0 0 0 0 3 165 175 179 10 83 9.29
6 1 0 0 0 0 1 181 18 119 15.19
3 0 9 0 0 10 2 172 173 10 109 9.12
10 0 0 0 0 3 2 169 174 6 119 8.32
10 0 0 5 2 0 2 171 184 10 98 11.68
8 0 0 0 9 0 2 176 178 16 95 15.58
3 0 1 0 2 0 1 173 10 82 12.12
9 1 0 0 0 0 2 185 189 20 127 15.66
1 0 0 0 0 4 2 175 181 13 83 14.16
7 1 0 0 0 0 2 185 186 13 117 10.3
1 0 5 0 3 9 1 177 16 110 11.06
4 1 0 0 0 0 1 176 18 127 10.96
7 0 0 5 8 0 1 182 24 125 15.87
1 0 1 5 0 0 1 188 17 135 8.7
2 1 0 0 0 0 2 184 187 24 109 15.82
1 0 2 0 1 0 1 189 18 89 8.67
8 0 4 0 9 0 1 184 10 99 9.24
8 0 5 0 9 7 1 183 24 138 11.73
9 0 4 0 2 0 1 190 31 152 11.95
7 0 2 0 9 0 1 185 32 136 13.58
6 1 0 0 0 0 1 186 26 135 15.39
10 0 5 4 0 6 1 188 39 130 13.27
9 0 0 8 4 0 1 188 32 145 13.01
5 1 0 0 0 0 1 190 26 91 8.16
8 0 10 0 3 6 1 191 49 138 8.81
4 0 9 0 0 0 1 191 29 151 15.01
4 0 0 1 0 5 1 191 40 133 13.25
1 0 0 0 0 0 0 57 131 13.73
1 0 0 0 0 0 3 193 194 195 0 109 12.72
8 0 4 0 0 0 3 197 202 206 1 116 8.99
4 0 10 0 0 0 3 198 199 204 1 111 12.46
6 0 0 0 0 3 3 196 200 201 1 128 9.21
3 0 3 0 0 0 1 211 7 84 10.82
8 0 0 0 0 8 1 221 9 128 11.14
5 0 4 0 0 0 1 218 5 107 9.98
9 0 0 1 0 0 3 203 210 218 5 118 9.33
2 0 6 0 0 0 1 205 7 74 12.6
7 0 0 0 0 1 2 207 216 7 118 12.15
9 1 0 0 0 0 2 211 217 9 95 12.1
2 0 0 7 0 0 1 205 14 98 13.22
6 0 4 0 0 0 2 208 209 5 105 8.59
3 0 0 8 0 0 1 208 16 119 13.04
9 0 3 0 0 0 1 216 9 103 8.76
10 0 0 0 0 5 2 212 213 14 130 15.33
6 0 0 0 0 8 1 213 19 127 12.07
5 0 0 0 0 7 2 211 213 11 84 9.82
3 0 0 1 0 0 2 215 220 14 98 13.27
7 0 0 10 0 0 2 214 216 18 137 11.19
2 0 0 0 0 6 1 219 24 116 9.3
7 0 2 0 0 0 1 214 25 137 11.83
2 0 3 0 0 0 1 215 32 102 8.71
3 0 0 9 0 0 1 221 34 154 11.81
3 0 4 0 0 0 1 221 25 114 13.78
7 0 0 0 4 0 1 222 18 97 8.19
8 1 0 0 0 0 1 219 14 102 14.77
3 0 0 8 0 0 1 222 26 108 14.7
7 1 0 0 0 0 1 223 17 142 11.99
2 0 0 7 0 0 1 223 37 120 9.73
2 0 0 0 2 0 1 223 29 122 11.73
1 0 0 0 0 0 0 39 131 8.25
1 0 0 0 0 0 3 225 226 227 0 68 14.06
1 0 1 8 7 0 3 228 229 233 1 116 8.63
6 0 0 0 9 9 1 249 1 119 12.03
10 0 1 10 0 3 3 232 237 240 1 101 9.79
10 0 9 5 9 8 2 231 247 2 102 11.55
2 0 0 1 1 7 3 230 234 238 2 77 9.43
9 0 3 2 9 7 2 245 248 4 76 15.3
9 0 5 8 10 6 2 242 250 12 118 13.73
7 0 0 6 6 9 1 244 11 114 9.89
5 0 0 1 10 6 3 235 236 239 2 128 10.96
5 0 0 3 8 8 2 245 248 4 84 10.38
1 0 0 1 0 10 1 254 7 112 9.96
9 0 7 0 1 0 1 250 7 103 15.32
6 0 8 6 2 9 1 241 11 109 15.88
7 0 2 6 6 0 1 253 4 113 9.88
4 0 0 2 0 8 1 243 7 132 15.82
4 0 9 5 2 1 1 253 11 97 10.22
9 1 0 0 0 0 1 251 17 115 11.1
1 0 5 0 1 5 2 244 252 21 95 8.77
8 0 6 1 6 0 1 248 11 114 10.84
3 1 0 0 0 0 2 246 251 22 116 14.68
2 0 4 6 4 5 1 253 13 132 11.14
5 1 0 0 0 0 1 249 25 140 14.14
3 0 0 7 9 0 2 249 251 12 137 15.36
1 0 9 9 0 0 1 252 19 115 12.06
10 0 2 4 0 10 1 254 30 153 11.09
8 1 0 0 0 0 1 252 21 89 8.52
1 1 0 0 0 0 1 254 26 99 11.12
5 0 5 8 6 6 1 255 29 146 14.22
7 0 9 2 6 3 1 255 15 126 10.75
8 0 0 10 10 3 1 255 40 136 9.96
1 0 0 0 0 0 0 48 157 15.84
1 0 0 0 0 0 3 257 258 259 0 107 8.62
10 0 9 10 0 5 2 272 280 1 104 12.17
3 0 0 0 0 6 3 261 263 270 1 119 11.57
4 0 4 6 2 9 3 260 267 268 1 130 15.75
8 0 6 0 0 0 3 264 270 285 5 101 8.8
1 0 0 0 1 3 3 262 265 268 4 97 15.52
10 0 10 0 0 9 2 271 272 5 120 12.02
3 0 0 2 2 0 3 264 274 276 4 118 12.06
5 0 8 0 0 0 3 266 273 275 13 127 14.11
6 0 0 4 9 2 3 269 278 280 5 87 11.13
5 1 0 0 0 0 2 277 282 18 103 14.41
1 0 0 6 3 0 1 278 5 94 13.68
7 0 0 0 6 5 2 269 277 5 84 13.43
4 1 0 0 0 0 1 283 12 134 15.22
4 0 0 0 1 10 1 284 13 107 9.02
7 1 0 0 0 0 1 286 15 112 14.46
1 1 0 0 0 0 3 273 274 285 15 137 11.07
10 0 9 10 0 1 2 279 284 18 150 11.96
8 0 6 0 0 0 1 281 16 107 8.35
1 1 0 0 0 0 2 279 282 18 132 8.3
10 0 0 0 0 5 2 278 283 7 114 15.76
1 1 0 0 0 0 1 286 23 96 12.19
6 0 6 1 0 4 2 279 281 17 124 15.97
1 0 9 0 0 1 1 286 28 91 13.71
10 0 0 6 4 2 2 281 283 11 102 9.0
3 0 2 0 4 0 1 282 24 95 10.24
6 0 0 1 0 6 1 284 27 97 8.95
10 0 7 0 0 1 1 285 21 94 9.32
4 0 0 0 2 4 1 287 33 154 14.44
10 0 0 4 0 0 1 287 31 132 11.71
9 0 1 3 7 0 1 287 29 128 13.34
1 0 0 0 0 0 0 41 146 13.25
1 0 0 0 0 0 3 289 290 291 0 102 15.58
5 0 7 0 6 9 3 292 298 301 1 90 11.97
4 0 2 0 0 0 3 293 295 297 1 85 15.46
6 0 3 0 0 0 3 296 304 312 1 119 14.97
4 0 10 2 0 10 3 293 294 302 6 84 14.58
7 0 0 6 0 8 3 296 304 314 10 96 12.02
6 0 0 0 9 9 3 295 303 306 10 119 11.96
10 0 0 0 2 0 2 309 311 16 106 9.33
3 0 0 10 0 0 3 311 313 316 17 128 14.78
6 0 4 0 9 1 3 299 301 304 5 129 9.8
7 0 5 0 5 0 3 302 305 307 6 133 9.99
6 0 8 5 5 0 3 300 303 305 11 140 8.98
7 0 0 1 0 0 3 307 310 317 17 119 10.53
8 0 0 1 0 0 2 302 305 11 117 9.98
4 1 0 0 0 0 2 306 308 19 141 10.25
1 0 8 0 0 4 2 307 308 17 142 13.96
2 0 0 3 5 0 2 311 318 17 137 12.67
2 1 0 0 0 0 3 306 310 316 19 92 9.64
10 1 0 0 0 0 1 315 23 112 12.14
8 0 5 0 3 0 3 312 313 314 24 109 14.7
6 1 0 0 0 0 3 309 313 317 23 121 8.61
6 0 0 10 6 3 3 310 314 315 29 121 9.23
3 0 5 0 1 0 1 312 35 139 15.99
7 1 0 0 0 0 1 317 26 106 16.18
8 0 0 0 0 2 1 318 38 122 15.46
8 0 0 0 10 8 1 315 32 117 14.95
6 0 8 1 1 4 1 316 35 136 14.28
2 0 0 0 7 7 1 318 40 145 11.63
10 0 3 10 7 0 1 319 41 159 14.87
10 0 10 0 0 4 1 319 33 127 8.52
6 0 0 9 0 3 1 319 46 152 12.39
1 0 0 0 0 0 0 52 150 9.07
1 0 0 0 0 0 3 321 322 323 0 89 10.3
10 0 6 9 7 10 3 324 334 338 1 109 11.54
2 0 5 6 6 5 3 325 330 345 1 73 13.71
8 0 2 7 6 2 3 328 333 340 1 87 15.43
5 0 2 1 4 8 3 326 327 339 11 106 12.44
8 0 3 1 9 7 3 329 337 341 3 108 11.02
8 0 5 2 3 6 1 331 16 85 9.01
1 0 2 3 9 3 1 330 16 84 11.75
3 0 6 10 3 2 1 349 9 98 9.11
1 1 0 0 0 0 2 335 350 11 80 11.81
9 0 8 6 1 5 1 332 17 117 9.63
10 0 9 1 8 7 2 336 341 24 122 9.21
1 0 5 3 1 10 1 342 26 102 10.03
6 0 1 9 5 5 1 344 9 101 9.67
9 0 10 6 5 2 2 336 343 11 131 8.62
7 0 4 1 9 6 1 346 12 116 10.15
3 0 1 5 2 8 2 347 350 34 133 10.87
9 0 3 4 5 5 1 349 11 111 10.03
9 0 9 1 1 8 1 340 11 135 8.64
2 0 3 5 10 3 1 346 16 132 11.47
5 1 0 0 0 0 1 345 20 86 14.97
2 0 6 8 9 3 1 342 34 156 14.17
8 0 1 10 2 3 2 343 348 36 154 12.19
2 0 9 3 4 9 1 347 44 141 8.73
6 1 0 0 0 0 1 347 15 114 14.19
10 0 9 6 6 3 1 346 25 121 9.17
9 0 4 3 2 2 1 348 35 146 8.19
2 0 7 6 5 6 1 349 46 146 11.89
3 0 2 9 4 2 1 351 44 115 13.85
4 0 1 5 2 3 1 351 48 159 10.5
4 0 5 2 10 1 1 351 37 129 13.7
1 0 0 0 0 0 0 52 147 12.8
88.35 86.84 83.37 85.41 87.18 100.46 132.06 176.44 144.5 108.02 84.23 64.57 27.99 23.89 30.0 65.29 83.54 105.14 131.7 173.84 164.32 137.8 116.32 102.52 94.89 88.85 90.16 91.48 93.25 108.74 146.31 180.55 136.77 91.31 81.16 81.04 50.08 47.9 59.1 65.55 78.47 92.0 115.0 173.66 174.75 140.84 122.64 107.28 108.64 99.74 97.29 97.64 98.63 114.12 158.07 175.56 131.56 100.44 84.16 66.16 15.48 11.03 26.56 48.59 72.36 89.44 102.39 125.0 130.89 105.0 98.55 100.49 94.84 92.22 91.47 90.69 93.35 101.32 137.63 174.11 136.88 103.38 87.12 68.25 39.09 2.49 0.08 2.22 64.43 72.67 105.23 153.82 157.98 101.14 85.74 83.58 74.31 70.36 64.32 64.99 67.44 88.93 114.0 111.57 90.0 61.39 13.78 0.22 -1.39 -5.06 -4.33 -0.1 15.07 65.62 115.85 140.11 161.49 135.22 123.11 108.14 109.28 105.89 102.31 99.94 100.8 100.77 105.85 101.16 96.91 68.05 20.19 0.0 -8.45 -34.11 -36.54 -14.41 -0.19 61.75 112.99 151.66 139.9 99.59 78.0 45.94 53.65 44.72 41.89 41.54 31.8 33.0 35.93 27.75 13.15 8.43 0.0 -0.02 -3.32 -18.84 -25.38 -9.93 -0.01 20.31 100.0 123.71 120.0 109.0 104.94 96.64 89.92 84.78 84.1 84.37 86.9 99.45 125.0 152.11 144.03 107.54 95.55 76.31 60.49 61.64 66.22 75.8 84.6 99.0 124.29 185.27 158.68 106.12 83.42 79.36 77.96 76.79 70.01 67.27 69.42 75.27 85.46 95.0 100.0 95.0 70.41 92.74 91.28 90.01 80.01 75.01 69.89 86.57 108.76 137.32 145.94 113.58 105.8 97.2 89.32 83.81 84.44 84.93 88.01 103.34 124.04 135.68 109.94 82.49 59.41 37.67 19.62 12.15 13.1 31.9 65.62 94.94 118.39 157.87 154.65 121.83 109.97 98.59 90.44 85.33 83.48 82.34 83.84 90.43 109.6 123.17 124.43 90.0 61.14 45.95 43.0 40.84 36.53 74.14 87.15 100.0 114.39 131.02 124.3 114.17 98.9 96.72 90.26 81.14 78.44 77.73 77.6 77.4 80.0 86.52 88.46 89.0 88.96 86.31 77.82 67.28 65.05 67.51 77.77 91.86 106.14 126.23 133.75 118.8 108.83 101.95 91.61 81.89 86.4 84.44 86.95 92.98 97.71 94.12 82.13 59.9 19.4 4.54 0.0 -2.72 -6.57 -0.78 0.2 66.51 105.94 130.84 149.1 130.44 111.58 99.44 101.48 96.74 97.58 98.3 98.66 103.07 103.5 86.91 63.7 5.8 -0.69 -30.5 -80.69 -84.89 -54.65 -7.53 0.0 68.65 107.04 116.77 142.51 133.91 121.69 110.95 107.96 98.59 95.84 95.98 98.32 98.32 95.72 89.98 79.86 55.56 18.77 9.09 -14.57 -22.49 -0.94 9.53 47.56 84.28 101.2 121.53 139.09 132.1 122.77 106.49 96.63 89.22 87.89 85.33 85.04 98.71 122.53 151.54 140.71 104.45 93.4 83.43 77.19 66.99 71.71 78.64 83.86 101.6 132.36 206.14 259.37 155.9 123.21 111.54 108.66 101.1 99.09 99.12 103.52 111.92 137.55 144.7 123.52 99.89 87.72 88.53 79.59 79.56 86.67 94.26 100.74 109.96 133.14 163.36 169.27 126.8 108.41 97.88 94.72 89.22 87.51 86.32 85.57 92.15 110.82 119.21 117.72 105.07 94.79 89.4 80.72 77.31 78.01 80.04 85.24 97.38 103.94 116.68 121.61 114.48 106.53 93.1 92.38 83.68 82.73 84.31 85.77 95.88 105.04 113.39 108.65 94.86 86.57 74.23 67.93 49.4 42.59 62.77 77.05 85.06 100.08 116.33 123.39 109.63 100.37 92.09 101.25 92.79 91.74 90.3 89.64 91.4 93.54 86.45 71.06 34.45 2.55 -0.01 -5.87 -12.51 -9.86 -2.0 -0.01 30.99 79.17 100.0 107.86 96.21 85.8 73.21 69.11 62.6 58.39 59.28 63.53 68.24 67.96 63.08 35.01 0.04 -3.0 -32.41 -94.9 -123.0 -113.5 -50.5 -5.17 18.35 92.74 110.72 124.48 109.04 99.0 93.85 92.84 87.19 83.31 86.0 91.62 100.01 139.94 131.09 95.79 67.37 9.79 -0.01 -3.67 -5.9 -6.18 -1.54 2.04 72.36 104.34 152.34 196.91 129.07 106.24 96.85 91.27 87.45 82.41 79.94 80.88 91.19 107.09 113.13 94.58 67.9 5.81 0.0 -0.76 -1.9 -1.69 -0.01 14.81 77.49 101.74 139.83 178.26 130.0 109.31 98.19 95.0 90.03 88.19 88.76 92.14 96.36 115.21 120.29 95.59 72.05 7.08 0.0 -1.0 -6.21 -3.0 -0.02 19.91 79.17 102.79 132.19 176.8 127.99 108.47 99.08 98.18 92.44 91.01 91.24 91.18 84.68 83.52 76.04 58.7 0.0 -3.0 -40.1 -81.56 -128.47 -118.34 -49.99 -5.17 39.86 96.49 129.91 164.23 121.97 100.28 86.68 89.09 74.7 64.5 62.85 65.88 75.12 86.99 85.7 75.53 33.29 0.85 -0.01 -0.8 -3.0 -4.0 -0.08 0.3 68.54 100.92 119.84 151.5 121.99 107.54 97.28 98.28 93.84 92.68 92.21 91.19 91.72 92.07 87.0 70.98 13.53 0.01 -0.01 -1.16 -3.04
