352 5
1 38 35 30 37
1 0 0 0 0 0 3 1 2 3 0 85 4.94
6 0 10 7 0 0 3 9 13 26 1 96 5.46
7 0 0 1 0 7 3 5 11 27 1 113 5.06
5 0 0 3 0 4 3 4 6 8 1 89 6.02
3 1 0 0 0 0 3 15 17 22 6 140 6.78
1 0 0 3 5 0 3 12 14 18 8 94 7.05
6 0 2 1 5 0 3 7 10 15 6 82 6.09
10 0 6 0 4 0 3 9 13 18 12 140 8.65
4 0 8 0 0 10 3 12 13 26 6 99 5.94
7 0 8 0 1 0 3 11 20 29 22 114 5.61
4 0 0 0 2 0 3 18 20 24 12 134 6.03
1 0 0 0 2 8 1 23 29 115 8.08
4 0 0 6 0 0 2 15 16 10 124 8.04
10 0 0 3 3 9 3 14 20 21 22 157 9.53
4 1 0 0 0 0 3 17 19 24 32 102 6.85
1 0 9 0 1 0 2 21 28 14 82 9.61
9 0 4 0 0 2 3 17 19 24 14 114 6.94
8 0 0 5 9 6 1 23 36 147 8.96
10 1 0 0 0 0 2 19 21 22 155 9.53
8 1 0 0 0 0 2 22 25 36 156 8.46
3 1 0 0 0 0 2 22 27 32 113 6.2
3 1 0 0 0 0 1 25 32 136 5.15
1 0 1 0 5 0 1 23 44 153 8.94
8 0 0 0 8 10 2 28 30 45 118 5.83
1 0 0 0 9 0 1 25 36 105 6.79
6 0 0 3 0 0 2 29 30 44 159 9.49
8 0 0 4 3 1 3 27 28 29 10 91 8.24
3 1 0 0 0 0 1 30 35 127 8.36
8 0 0 3 0 2 1 31 53 143 5.4
7 0 4 2 9 0 1 31 50 139 7.85
6 0 7 7 0 0 1 31 53 123 6.74
1 0 0 0 0 0 0 61 180 6.03
1 0 0 0 0 0 3 33 34 35 0 129 5.5
8 0 6 0 0 0 3 36 42 43 1 96 5.75
6 0 0 8 0 0 3 36 38 53 1 95 5.05
2 0 0 0 7 0 3 39 41 47 1 104 5.06
6 0 0 0 1 0 3 37 40 48 9 124 6.79
4 0 0 8 0 0 2 45 55 15 111 5.57
4 0 0 2 0 0 3 46 50 52 7 122 6.21
7 0 0 5 0 0 3 44 45 46 3 93 8.35
3 0 9 0 0 0 3 49 51 58 15 111 6.28
8 0 0 1 0 0 3 46 50 56 3 82 6.54
5 0 0 0 0 7 3 47 48 51 9 129 7.63
10 0 0 0 3 0 3 44 49 54 9 108 8.53
6 0 10 0 0 0 3 50 51 53 19 140 6.66
10 0 1 0 0 0 2 49 61 19 147 7.72
7 0 5 0 0 0 2 48 57 11 126 9.4
4 0 6 0 0 0 3 52 53 54 14 94 8.06
9 0 0 0 0 5 1 59 18 103 5.39
5 1 0 0 0 0 1 62 29 114 7.46
4 0 0 9 0 0 1 60 25 124 9.44
6 0 0 7 0 0 1 52 25 128 9.45
1 1 0 0 0 0 2 56 62 31 118 6.38
4 1 0 0 0 0 2 55 58 25 151 8.5
8 0 0 7 0 0 3 55 56 58 19 101 6.17
6 1 0 0 0 0 2 57 62 29 98 5.77
2 1 0 0 0 0 2 57 59 32 138 6.09
5 0 0 0 0 10 2 60 61 35 141 9.19
9 1 0 0 0 0 2 59 60 29 157 5.93
10 0 0 6 0 0 1 61 38 161 8.01
3 0 0 0 8 0 1 63 40 119 6.64
10 0 0 0 4 0 1 63 48 176 8.02
7 0 0 0 4 0 1 63 35 136 9.25
1 0 0 0 0 0 0 58 120 7.93
1 0 0 0 0 0 3 65 66 67 0 80 5.28
5 0 6 3 5 5 3 84 89 90 1 88 5.33
9 0 9 10 10 9 3 68 72 73 1 110 5.35
9 0 8 10 2 9 3 69 75 76 1 124 7.94
1 0 6 4 1 4 3 70 71 74 10 121 8.13
6 0 4 2 5 10 3 78 81 82 10 92 7.19
7 0 10 3 1 5 1 80 11 102 8.73
8 0 6 1 10 3 3 75 76 77 11 111 7.87
9 0 6 8 1 6 1 93 10 148 7.52
5 0 9 2 9 3 3 86 87 91 10 142 5.14
10 0 3 8 4 10 2 85 92 11 134 5.4
2 0 4 5 1 2 1 84 19 120 6.33
3 0 7 1 3 6 2 78 79 19 133 7.92
9 0 10 8 3 4 3 80 83 88 19 153 6.1
6 0 10 2 6 2 1 86 22 145 9.69
2 1 0 0 0 0 2 81 84 22 129 9.4
3 0 10 7 2 2 1 86 28 120 7.71
9 1 0 0 0 0 3 87 90 93 24 132 5.65
8 0 6 10 5 5 2 83 91 16 99 5.13
7 1 0 0 0 0 1 85 28 115 7.02
9 1 0 0 0 0 2 87 92 24 147 8.02
7 0 1 10 7 5 2 89 93 35 160 4.95
1 1 0 0 0 0 1 94 31 143 9.05
10 0 3 10 2 5 1 94 33 118 5.46
9 1 0 0 0 0 2 89 90 28 123 8.43
7 0 4 6 2 6 1 94 42 118 7.97
9 0 8 10 10 9 1 91 37 161 6.61
4 0 10 10 8 2 1 92 46 168 8.96
4 0 2 3 1 3 1 95 50 116 7.17
10 0 6 9 2 1 1 95 42 119 5.05
9 0 10 2 1 2 1 95 49 156 6.21
1 0 0 0 0 0 0 58 133 7.92
1 0 0 0 0 0 3 97 98 99 0 83 6.27
5 0 8 2 2 10 3 100 106 115 1 112 7.38
6 0 9 8 3 8 3 101 112 114 1 104 5.4
4 0 6 3 10 3 3 103 105 107 1 81 5.12
3 0 5 6 3 9 3 102 104 110 6 121 8.56
3 0 9 5 9 3 2 102 104 7 110 5.4
10 0 3 5 4 1 1 108 10 123 6.42
9 0 6 10 8 4 2 109 113 5 138 7.38
2 0 3 4 5 6 1 119 10 96 6.86
1 0 2 3 2 3 1 109 5 89 6.57
4 0 4 6 2 6 1 117 6 125 7.71
5 1 0 0 0 0 1 111 5 130 9.71
7 0 6 6 4 6 1 124 20 146 7.11
10 0 8 9 2 4 1 126 14 137 5.47
5 1 0 0 0 0 1 121 9 104 5.96
2 1 0 0 0 0 3 113 116 121 10 86 9.08
2 1 0 0 0 0 3 119 122 124 7 123 5.29
6 0 7 10 9 3 1 123 14 91 8.67
4 0 8 6 6 1 1 117 7 122 7.37
9 0 3 5 6 6 2 118 122 6 141 9.41
9 0 3 7 5 5 1 118 12 129 7.38
2 0 9 2 4 9 1 120 11 99 6.21
4 0 7 6 9 1 1 126 21 103 6.52
3 0 3 9 1 1 1 121 12 86 6.79
2 0 3 6 1 6 1 126 13 124 9.05
3 0 8 1 8 5 1 123 15 139 6.5
9 1 0 0 0 0 1 125 15 137 5.24
6 0 1 1 1 5 1 125 20 125 9.7
6 0 1 10 1 3 1 127 27 114 7.03
2 0 9 7 10 9 1 127 26 154 6.33
4 0 9 5 3 6 1 127 25 111 6.07
1 0 0 0 0 0 0 33 113 5.19
1 0 0 0 0 0 3 129 130 131 0 89 8.02
9 0 9 0 0 0 3 133 139 152 1 91 9.05
3 0 0 0 4 0 3 132 134 155 1 136 8.14
9 0 8 0 0 0 3 136 138 144 1 80 6.92
3 0 0 0 3 0 2 144 145 4 123 5.13
7 0 0 0 5 0 3 137 147 149 10 99 8.23
10 0 0 8 0 0 3 135 140 141 4 107 7.87
1 0 0 0 5 0 2 143 150 14 115 6.22
5 0 0 0 0 10 3 141 142 153 10 89 9.58
9 1 0 0 0 0 3 148 151 155 17 125 9.72
3 0 0 6 0 0 3 143 146 151 10 102 7.78
4 0 5 0 0 0 1 153 10 142 8.98
8 0 0 0 3 0 1 152 14 139 9.02
9 0 1 0 0 0 2 148 149 15 99 7.19
9 0 0 0 0 4 1 147 15 136 8.56
1 0 0 0 0 7 2 148 154 15 111 9.15
9 0 0 0 0 3 1 147 10 106 5.84
1 0 0 0 0 10 2 151 154 7 120 6.43
2 0 0 0 6 0 1 155 13 110 6.34
2 1 0 0 0 0 1 150 24 145 7.77
6 0 7 0 0 0 2 156 158 26 102 5.88
4 1 0 0 0 0 2 150 154 24 117 6.92
9 0 0 0 0 10 2 156 158 28 127 6.23
9 0 0 5 0 0 2 157 158 26 99 5.58
8 0 5 0 0 0 1 153 22 122 9.68
4 0 9 0 0 0 1 157 30 131 6.03
1 0 6 0 0 0 1 157 28 131 8.73
1 0 0 0 0 3 1 156 26 137 7.51
7 0 0 5 0 0 1 159 37 126 9.68
9 0 0 0 1 0 1 159 35 152 6.34
4 0 0 7 0 0 1 159 37 146 7.74
1 0 0 0 0 0 0 44 118 5.53
1 0 0 0 0 0 3 161 162 163 0 87 7.04
1 0 0 1 0 0 3 168 173 181 1 69 5.6
6 0 0 7 0 0 3 164 172 184 1 129 8.07
1 0 0 0 6 0 2 166 183 1 122 5.26
5 0 0 7 0 0 2 165 169 7 138 8.36
3 0 0 7 0 0 3 167 178 181 12 145 5.41
1 0 7 0 0 0 3 170 171 177 2 89 7.44
7 0 1 0 0 0 2 175 180 15 128 7.98
7 0 0 0 0 3 2 176 189 2 131 9.34
4 0 0 0 0 4 1 190 12 113 5.67
5 0 0 0 0 2 1 186 3 95 9.34
3 0 0 0 4 0 1 175 3 134 6.46
7 0 0 0 4 0 2 174 188 7 125 5.67
3 0 9 0 0 0 1 186 2 98 5.59
2 0 0 0 0 10 1 181 14 93 8.7
1 0 0 0 6 0 1 179 22 112 7.85
5 0 0 10 0 0 1 187 9 118 6.74
9 0 7 0 0 0 1 182 3 84 8.68
7 0 7 0 0 0 1 186 15 104 5.28
10 1 0 0 0 0 1 185 23 129 7.32
7 1 0 0 0 0 1 185 22 98 9.71
1 0 0 0 0 4 1 183 16 110 5.05
9 0 9 0 0 0 2 185 189 12 94 7.0
2 0 0 0 0 9 1 190 17 105 9.44
4 0 0 8 0 0 1 189 7 90 6.13
10 0 0 0 6 0 2 187 188 33 114 7.2
10 1 0 0 0 0 1 187 22 117 7.89
9 0 0 0 0 2 1 190 43 150 7.22
5 0 9 0 0 0 1 191 43 128 5.34
5 0 0 0 0 9 1 191 21 148 9.62
9 0 0 0 0 8 1 191 52 124 8.06
1 0 0 0 0 0 0 61 182 8.58
1 0 0 0 0 0 3 193 194 195 0 110 8.3
5 0 0 7 1 0 3 201 203 222 1 77 6.2
8 0 0 7 0 5 2 199 212 1 132 7.07
10 0 5 0 0 3 2 196 217 1 123 6.18
10 0 4 7 0 0 3 197 200 206 11 87 6.35
9 0 2 0 0 10 2 198 219 21 144 7.69
7 1 0 0 0 0 3 208 209 218 30 134 5.16
1 0 5 7 10 0 1 201 9 132 8.32
5 0 2 6 0 0 3 202 213 215 21 117 8.66
10 0 9 8 0 0 2 207 210 10 88 5.24
10 1 0 0 0 0 2 208 212 26 121 6.89
8 0 3 3 4 8 2 204 205 6 118 9.54
4 0 0 0 0 8 2 207 210 14 99 5.07
9 0 9 8 3 0 1 212 14 99 6.73
8 0 7 5 0 0 3 207 211 214 21 109 9.07
8 1 0 0 0 0 2 208 215 29 110 7.18
1 0 9 0 0 6 1 216 37 122 7.53
9 1 0 0 0 0 2 210 216 37 161 7.42
10 0 0 0 4 7 2 213 221 46 118 9.51
8 1 0 0 0 0 2 213 222 29 157 5.06
5 0 1 0 10 0 3 214 216 218 36 152 7.54
6 0 9 4 0 0 1 220 56 134 6.38
5 0 3 6 0 0 1 219 41 163 8.07
9 1 0 0 0 0 2 218 219 37 138 5.27
6 0 3 10 0 0 1 220 46 163 9.3
1 0 0 0 10 0 1 222 11 78 6.44
10 0 0 9 0 0 1 221 46 131 9.12
8 0 5 0 0 0 2 220 221 46 161 8.15
8 0 0 0 0 1 1 223 62 142 8.51
2 0 7 0 0 4 1 223 56 168 5.78
10 1 0 0 0 0 1 223 37 170 7.23
1 0 0 0 0 0 0 70 165 9.64
1 0 0 0 0 0 3 225 226 227 0 120 7.26
7 0 1 0 0 0 3 233 236 247 1 77 8.9
4 0 7 0 0 0 3 230 231 238 1 125 8.69
7 0 10 0 0 0 3 228 231 253 1 118 7.42
3 0 0 0 3 0 3 229 234 236 8 140 6.41
4 0 0 0 7 0 3 230 232 238 11 144 5.23
3 0 0 0 8 0 3 233 239 247 15 100 9.68
9 0 0 0 0 8 3 240 244 245 8 98 5.51
2 0 0 0 0 7 3 239 243 249 15 130 5.52
8 0 3 0 0 0 3 235 237 241 18 122 7.51
10 0 0 0 4 0 2 252 254 11 139 5.8
2 1 0 0 0 0 3 240 242 243 26 121 6.04
9 0 0 0 0 1 3 237 238 239 11 113 9.4
6 0 0 0 0 1 3 242 243 245 26 132 4.92
1 0 0 0 0 2 3 241 245 248 20 104 8.22
6 0 0 0 6 0 2 241 242 20 118 8.72
5 1 0 0 0 0 2 246 249 28 101 7.21
7 0 0 0 0 5 2 251 254 26 107 7.92
10 1 0 0 0 0 2 244 248 32 106 9.38
2 1 0 0 0 0 3 244 246 250 32 154 5.73
9 0 0 0 0 10 1 251 42 149 8.48
8 1 0 0 0 0 2 246 249 32 147 4.91
2 1 0 0 0 0 1 252 40 154 9.01
3 0 0 0 0 7 1 248 18 103 5.75
1 0 0 4 0 0 1 250 42 130 5.49
6 0 3 0 0 0 1 250 40 163 8.9
6 0 0 7 0 0 2 251 254 46 114 7.19
4 0 0 0 0 7 1 252 52 137 8.88
8 0 0 5 0 0 1 255 56 174 5.35
4 0 9 0 0 0 1 255 8 117 6.3
2 0 0 0 9 0 1 255 52 123 8.84
1 0 0 0 0 0 0 64 130 5.82
1 0 0 0 0 0 3 257 258 259 0 74 7.3
4 0 0 0 10 6 2 262 266 1 119 6.34
6 0 6 0 0 3 2 268 281 1 116 9.56
5 0 0 2 0 0 3 260 273 275 1 96 5.76
5 0 0 0 0 9 2 261 263 6 121 7.99
5 0 0 0 1 9 3 264 267 270 11 108 9.73
8 0 0 4 0 7 1 269 5 112 6.02
8 0 1 1 0 8 2 265 280 11 138 7.55
7 0 7 0 0 3 1 272 16 129 6.07
1 1 0 0 0 0 1 277 19 144 8.84
4 0 7 9 10 0 3 274 280 283 5 137 7.05
5 0 10 7 8 7 2 271 286 16 140 5.06
4 0 7 0 0 0 1 270 7 107 6.17
6 0 0 0 10 5 2 276 279 13 145 8.0
10 0 0 4 7 0 1 276 16 133 7.72
2 1 0 0 0 0 3 276 280 283 21 142 6.8
5 0 0 4 4 5 1 274 23 135 6.12
6 0 10 0 4 8 1 277 6 124 5.12
8 0 0 0 10 8 1 278 28 153 8.68
10 0 10 0 0 0 1 284 6 110 6.75
8 1 0 0 0 0 1 282 26 137 8.54
7 0 0 0 3 0 1 283 20 102 7.27
7 0 0 7 0 0 1 285 36 109 6.33
7 1 0 0 0 0 1 282 19 93 7.7
7 1 0 0 0 0 1 281 23 140 7.25
10 0 7 0 0 0 2 282 284 30 111 6.1
10 0 0 2 6 0 1 285 40 166 5.31
10 0 7 0 0 7 1 285 27 151 8.81
3 0 7 0 0 5 1 287 40 141 5.33
9 0 9 5 0 8 1 287 50 177 7.28
1 1 0 0 0 0 1 287 21 147 5.6
1 0 0 0 0 0 0 59 180 8.71
1 0 0 0 0 0 3 289 290 291 0 78 8.5
7 0 7 0 0 0 3 296 299 304 1 93 7.57
3 0 0 8 0 0 3 292 297 298 1 127 5.68
10 0 0 0 0 2 3 293 301 311 1 86 7.25
2 0 0 5 0 0 3 294 296 305 4 114 9.62
6 0 0 0 0 4 2 294 295 11 145 8.39
8 0 0 0 1 0 3 299 302 303 17 125 6.4
7 0 0 0 0 1 2 297 299 17 105 5.01
1 0 3 0 0 0 3 301 311 316 8 139 6.21
6 1 0 0 0 0 3 302 303 305 24 107 8.83
9 0 0 2 0 0 3 300 306 309 4 108 5.29
3 1 0 0 0 0 1 308 25 117 8.96
4 0 0 0 10 0 3 301 303 308 13 93 8.85
1 0 0 0 3 0 1 318 17 106 8.62
7 0 9 0 0 0 3 304 309 310 30 99 6.11
8 1 0 0 0 0 2 307 310 30 132 5.76
9 0 0 0 5 0 3 306 307 314 37 165 8.65
8 1 0 0 0 0 3 308 309 310 30 115 4.94
1 0 8 0 0 0 3 312 315 317 46 122 7.64
6 0 0 0 6 0 3 312 315 317 46 150 5.67
8 0 0 0 0 8 2 313 314 38 137 8.05
3 1 0 0 0 0 1 313 38 140 5.08
8 0 2 0 0 0 2 312 314 38 124 5.72
2 0 0 0 0 7 2 313 315 11 125 4.91
2 0 0 7 0 0 1 316 52 150 9.07
2 0 0 0 2 0 2 317 318 46 161 7.09
10 0 0 0 0 5 1 316 46 163 6.62
6 0 4 0 0 0 1 318 52 146 6.85
6 0 0 6 0 0 1 319 56 144 7.76
2 0 1 0 0 0 1 319 52 124 5.12
7 0 0 0 0 5 1 319 58 148 7.51
1 0 0 0 0 0 0 65 144 5.82
1 0 0 0 0 0 3 321 322 323 0 98 7.76
1 0 0 0 0 2 3 325 326 328 1 98 8.58
9 0 10 0 0 3 3 329 332 338 1 135 7.31
5 0 5 4 7 7 3 324 330 334 1 73 6.25
2 0 0 0 6 2 3 327 339 350 6 101 7.28
7 0 4 8 0 3 3 331 333 335 2 109 7.75
9 0 1 9 1 10 1 341 2 89 9.02
6 0 4 10 2 4 2 335 340 8 94 5.37
7 1 0 0 0 0 3 336 337 342 2 103 9.12
10 0 10 0 9 8 3 339 342 343 10 100 5.76
6 1 0 0 0 0 1 336 6 79 8.38
5 0 0 7 10 0 2 334 345 9 124 7.66
10 0 1 0 0 3 3 333 339 343 10 90 6.63
5 0 6 0 2 8 2 334 337 20 131 6.27
6 0 4 3 5 0 3 336 344 349 25 99 7.33
10 1 0 0 0 0 1 341 14 94 7.76
2 0 0 7 3 2 1 347 31 97 8.35
5 0 9 9 1 3 1 346 25 100 7.9
10 0 0 9 4 2 2 340 344 10 110 7.01
9 0 0 5 3 9 2 346 348 20 138 5.68
3 0 2 0 3 7 1 348 20 92 6.71
1 0 6 2 0 4 2 342 346 24 151 8.19
7 0 9 10 0 0 1 349 25 111 5.38
2 0 3 10 2 0 2 344 345 20 136 8.96
2 0 1 7 9 0 1 350 31 112 6.58
9 0 5 0 7 10 1 350 22 119 6.88
8 0 4 10 0 9 1 349 30 142 8.41
1 0 2 4 1 0 1 348 33 131 6.21
1 0 10 5 0 9 1 351 34 152 8.19
1 0 5 1 9 1 1 351 38 110 9.28
3 0 8 0 7 4 1 351 33 117 8.11
1 0 0 0 0 0 0 39 156 8.36
74.89 70.06 38.09 41.5 74.3 80.24 229.52 262.77 179.0 139.31 99.15 95.78 129.35 105.39 131.67 150.0 165.0 145.0 130.0 165.0 145.44 116.26 130.0 88.67 79.25 80.38 81.28 80.57 84.17 101.8 122.89 133.83 146.8 132.61 125.2 120.56 118.25 121.75 125.94 135.95 146.66 152.24 141.76 133.9 118.07 94.05 100.5 86.66 86.54 84.95 81.03 79.81 84.95 95.93 119.06 133.72 144.22 133.53 108.03 91.41 85.6 86.04 92.91 115.15 119.94 140.72 150.0 145.35 135.08 123.06 115.19 100.21 97.39 97.02 96.22 97.37 96.94 111.24 141.97 153.11 160.3 151.64 132.75 123.25 113.85 113.3 129.8 153.72 161.45 178.92 174.84 161.29 150.56 134.48 126.66 120.2 120.0 117.35 114.01 114.01 116.58 121.01 154.37 159.87 163.7 154.82 130.1 126.2 120.06 121.19 119.89 151.47 168.59 184.56 184.48 178.99 162.66 152.7 152.38 134.97 139.56 131.39 125.78 119.17 119.22 120.86 127.18 144.74 153.46 142.44 128.4 120.08 110.29 103.4 113.7 129.91 155.04 168.01 167.41 162.98 156.6 145.24 141.73 131.74 133.26 126.91 122.99 120.66 122.34 123.41 128.09 135.9 137.3 137.7 130.04 129.33 122.24 111.88 116.65 128.89 153.14 165.25 172.32 173.95 165.5 155.77 148.44 133.24 129.54 126.63 124.72 120.04 123.24 127.77 159.18 207.88 243.23 178.04 149.95 126.16 117.27 115.52 124.31 147.32 169.51 214.64 200.73 201.1 167.74 153.0 144.21 135.81 132.4 125.54 123.18 123.99 123.25 127.63 155.37 191.13 211.99 163.31 136.53 126.71 117.55 113.18 120.09 138.47 170.43 178.26 175.0 171.02 152.85 131.0 130.77 123.05 115.2 110.86 110.27 109.09 115.43 122.5 147.67 168.12 180.81 159.33 133.5 121.97 117.02 119.5 128.85 144.12 160.36 177.15 189.9 189.63 170.0 155.42 143.7 133.68 133.67 129.8 125.95 125.0 125.01 134.5 154.93 180.09 219.08 178.95 160.22 150.88 145.88 142.97 139.07 150.09 171.17 176.63 169.12 162.12 135.15 123.54 131.27 121.95 126.05 112.7 108.82 105.0 114.14 127.75 178.61 181.71 164.98 150.47 134.44 117.05 113.52 118.79 122.32 151.3 133.7 132.92 136.89 132.27 111.54 87.65 98.8 100.0 83.39 86.49 86.39 88.13 89.69 90.99 88.95 93.24 112.24 97.54 94.55 86.74 85.4 87.56 92.77 118.0 136.88 144.46 160.47 160.33 155.17 149.0 143.56 135.53 135.0 127.75 124.07 119.3 116.81 117.0 117.0 133.43 136.77 120.94 113.7 109.1 87.08 98.01 109.9 120.4 138.0 142.93 155.76 150.6 144.55 142.16 143.0 128.54 119.56 114.07 111.4 107.72 107.31 115.58 153.71 173.8 181.36 163.18 141.45 121.23 125.33 124.09 136.91 152.78 140.3 126.84 125.09 140.0 120.0 109.21 131.31 88.52 78.92 86.98 135.0 105.01 88.55 99.0 145.0 194.13 169.7 143.69 116.05 104.85 107.55 117.2 130.96 135.7 145.75 143.93 145.0 156.88 156.01 137.8 141.47 128.2 129.26 127.91 126.82 126.59 128.74 128.87 141.3 173.11 180.0 174.92 168.75 168.43 157.95 159.23 141.48 150.0 160.1 162.69 181.66 183.99 152.14 144.99 139.78 133.0 132.38 140.12 150.74 144.49 146.91 133.16 135.3 270.7 251.77 222.64 205.6 185.9 176.9 184.44 190.0 211.71 200.21 207.33 205.5 196.52 176.36 162.92 153.12 139.32 139.65 137.01 131.66 131.43 130.78 140.09 163.63 224.86 261.75 214.52 180.61 163.74 150.06 149.42 157.07 172.21 196.88 292.25 288.53 224.61 183.55 163.6 153.0 140.03 135.66 130.69 120.25 118.7 118.97 120.87 134.52 149.23 150.53 137.05 124.59 118.36 112.39 110.01 116.42 129.59 145.64 164.02 175.23 161.46 141.16 116.37 130.3 120.32 134.11 128.9 123.57 119.9 119.57 119.84 118.05 124.47 123.77 125.75 131.48 128.92 127.85 121.36 123.67 127.33 139.52 170.0 172.12 168.8 155.51 134.93 132.06 131.51 125.9 121.06 120.34 125.94 129.5 126.7 157.39 208.25 209.79 171.3 139.67 116.94 113.24 106.55 118.11 135.02 173.29 225.32 271.52 216.5 179.08 151.4 131.21 122.95 134.75 126.4 127.5 114.54 110.45 108.19 135.32 186.2 193.8 141.92 117.27 98.81 79.06 84.62 98.35 104.87 190.7 189.76 176.77 165.0 142.03 141.9 119.58 103.61 94.31 93.84 96.91 95.24 102.66 141.4 155.0 180.26 166.37 128.76 109.88 92.9 90.14 91.8 92.23 107.41 147.49 161.25 159.24 160.76 141.4 109.61 103.4 91.8 114.41 118.13 130.0 113.87 113.59 130.0 148.54 140.0 129.45 114.24 104.15 94.18 97.41 93.06 100.4 97.28 114.1 139.8 156.19 150.71 147.34 121.67 118.79 90.0 73.45 70.72 73.03 72.42 81.11 120.0 125.17 165.34 150.72 131.26 104.33 87.37 79.1 77.95 91.97 87.88 165.72 148.62 154.5 152.0 163.87 82.7 82.9 97.94 71.48 71.73 71.92 71.65 72.29 80.0 113.21 123.18 115.0 70.93 58.53 57.76 54.57 56.75 68.09 73.31 82.0 115.0 99.24 95.0 105.0 100.0 75.3 71.54 77.95 67.63 72.42 69.74 72.51 72.53 92.28 102.91 112.52 100.63 85.49 88.98 72.5 72.48 85.6 106.6 127.71 145.54
