384 5
1 38 40 44 37
1 0 0 0 0 0 3 1 2 3 0 127 7.27
9 0 6 2 1 10 3 7 13 18 1 120 9.03
7 0 5 0 1 7 3 4 5 15 1 91 7.78
9 0 9 0 0 0 2 6 11 1 87 7.08
3 0 0 2 10 3 3 10 21 24 8 79 5.26
4 0 6 5 0 0 3 13 19 29 8 102 4.91
9 1 0 0 0 0 1 25 10 129 8.65
10 0 7 0 0 3 3 8 9 12 10 121 8.2
3 1 0 0 0 0 3 14 22 23 20 122 8.1
4 0 6 3 0 0 3 15 20 27 20 144 6.99
7 0 0 3 8 0 1 17 11 94 7.07
8 0 3 1 2 1 3 14 16 30 10 108 7.14
6 0 4 0 3 8 2 14 16 20 136 9.14
6 0 1 4 4 5 2 22 26 12 103 8.36
10 0 4 5 0 3 1 27 26 102 7.77
9 0 2 2 7 0 2 28 29 24 156 5.2
6 0 9 10 5 10 1 17 26 155 9.12
7 0 4 9 1 8 2 19 23 32 104 6.17
3 1 0 0 0 0 3 19 26 29 10 93 6.28
7 0 10 4 0 3 1 22 39 164 5.41
2 0 10 3 2 2 1 24 24 154 7.29
4 1 0 0 0 0 2 23 30 11 141 4.91
4 0 7 0 2 2 1 25 46 161 5.51
7 0 7 7 4 10 1 25 39 170 8.0
3 1 0 0 0 0 1 26 26 111 6.85
9 0 10 5 5 2 1 27 50 136 5.04
4 1 0 0 0 0 2 28 30 29 139 8.35
3 0 9 9 4 0 1 28 59 141 8.78
2 0 7 5 3 1 1 31 62 149 6.48
1 0 9 10 0 10 1 31 33 123 8.03
9 1 0 0 0 0 1 31 33 139 7.47
1 0 0 0 0 0 0 64 144 8.85
1 0 0 0 0 0 3 33 34 35 0 114 8.32
6 0 6 7 2 0 3 36 38 44 1 100 7.45
3 0 5 6 0 3 3 37 39 44 1 131 6.25
5 0 10 3 3 9 3 37 42 52 1 97 5.84
5 0 1 2 0 9 3 42 45 48 7 98 6.79
3 0 4 5 5 5 2 40 46 6 82 5.55
6 0 0 0 10 3 3 40 49 50 7 143 7.61
10 0 8 8 0 10 3 47 48 49 4 142 8.4
2 0 0 5 0 3 2 41 53 13 113 6.55
10 0 0 10 6 6 3 43 54 55 15 106 7.83
6 1 0 0 0 0 3 46 49 50 12 92 6.65
9 0 0 10 6 1 2 45 47 25 129 5.81
2 0 5 4 0 4 3 46 47 48 7 114 8.81
5 0 6 5 5 3 2 56 61 34 169 6.19
1 0 0 9 1 5 2 53 56 18 93 6.67
9 0 3 8 0 0 2 51 59 34 143 7.88
10 0 4 5 9 10 3 50 55 56 14 148 5.31
10 1 0 0 0 0 3 51 55 61 18 146 8.6
6 1 0 0 0 0 3 51 53 61 24 118 7.77
10 0 5 5 5 7 2 57 62 43 173 7.93
5 1 0 0 0 0 2 58 59 6 143 6.57
3 1 0 0 0 0 3 54 57 62 30 106 8.23
10 0 10 6 4 9 1 58 33 151 8.65
3 0 5 0 10 7 1 57 28 155 5.66
3 0 4 6 1 3 1 59 39 116 8.02
4 0 2 9 3 8 1 58 53 150 6.67
1 0 0 4 9 4 1 60 57 146 8.81
5 0 0 3 3 10 2 60 62 43 144 9.18
5 0 2 5 0 0 1 63 58 155 8.48
10 0 7 0 0 6 1 63 39 134 7.34
3 0 1 0 7 10 1 63 53 163 7.7
1 0 0 0 0 0 0 63 142 8.99
1 0 0 0 0 0 3 65 66 67 0 101 6.96
3 0 0 10 0 0 2 68 70 1 105 7.43
8 0 0 0 0 7 3 68 69 70 1 90 6.46
5 0 0 4 0 0 3 73 82 84 1 87 6.97
5 0 0 0 9 0 2 73 87 9 120 7.94
1 0 0 7 0 0 3 71 80 86 9 80 8.73
4 0 2 0 0 0 1 75 9 143 6.11
2 0 0 0 4 0 2 72 76 10 104 7.64
2 0 0 0 0 1 3 74 77 79 12 129 5.94
2 0 0 0 0 10 3 76 79 80 14 146 5.41
8 1 0 0 0 0 1 90 14 117 8.53
7 0 0 1 0 0 2 80 87 13 126 6.83
2 0 7 0 0 0 2 77 89 16 113 8.27
6 1 0 0 0 0 3 78 83 93 18 123 8.62
1 1 0 0 0 0 1 81 24 116 5.41
2 1 0 0 0 0 3 83 88 94 16 127 8.73
7 0 1 0 0 0 3 81 83 88 20 133 8.24
7 0 0 6 0 0 1 90 27 142 7.91
7 0 0 0 0 7 1 90 6 109 6.24
5 0 0 0 4 0 1 92 27 120 7.32
5 0 6 0 0 0 1 85 6 133 5.26
8 0 3 0 0 0 2 86 87 11 87 4.88
10 1 0 0 0 0 2 88 89 19 109 4.66
2 1 0 0 0 0 2 92 93 20 90 8.57
10 0 0 0 2 0 1 93 29 117 6.29
1 0 0 0 0 8 1 91 29 106 5.14
6 0 7 0 0 0 1 94 34 113 9.05
5 0 8 0 0 0 2 92 94 30 131 8.48
4 0 0 0 0 4 1 95 35 159 8.26
2 0 0 0 0 4 1 95 39 111 6.43
7 0 0 0 3 0 1 95 40 127 8.17
1 0 0 0 0 0 0 47 172 6.9
1 0 0 0 0 0 3 97 98 99 0 72 6.37
5 0 6 3 5 5 3 116 121 122 1 142 7.63
9 0 9 10 10 9 3 100 104 105 1 92 4.73
9 0 8 10 2 9 3 101 107 108 1 127 8.25
1 0 6 4 1 4 3 102 103 106 10 105 9.08
6 0 4 2 5 10 3 110 113 114 10 148 9.12
7 0 10 3 1 5 1 112 11 134 8.58
8 0 6 1 10 3 3 107 108 109 11 101 8.22
9 0 6 8 1 6 1 125 10 120 8.66
5 0 9 2 9 3 3 118 119 123 10 138 7.73
10 0 3 8 4 10 2 117 124 11 89 5.45
2 0 4 5 1 2 1 116 19 136 5.92
3 0 7 1 3 6 2 110 111 19 122 8.51
9 0 10 8 3 4 3 112 115 120 19 134 5.13
6 1 0 0 0 0 1 118 22 101 7.13
2 0 3 1 8 6 2 113 116 22 151 6.07
3 0 10 7 2 2 1 118 28 150 6.86
9 1 0 0 0 0 3 119 122 125 24 162 7.97
8 0 6 10 5 5 2 115 123 16 126 8.3
7 1 0 0 0 0 1 117 28 156 5.73
9 1 0 0 0 0 2 119 124 24 106 5.53
7 0 1 10 7 5 2 121 125 35 113 5.17
1 1 0 0 0 0 1 126 31 124 7.03
10 0 3 10 2 5 1 126 33 132 4.81
9 1 0 0 0 0 2 121 122 28 166 6.87
7 0 4 6 2 6 1 126 42 126 9.06
9 0 8 10 10 9 1 123 37 135 6.41
4 0 10 10 8 2 1 124 46 115 5.31
4 0 2 3 1 3 1 127 50 151 5.34
10 0 6 9 2 1 1 127 42 158 6.36
9 0 10 2 1 2 1 127 49 186 6.81
1 0 0 0 0 0 0 58 179 8.95
1 0 0 0 0 0 3 129 130 131 0 131 5.19
5 0 0 3 0 0 3 132 134 140 1 80 4.95
1 0 7 0 0 0 1 138 1 137 6.46
6 0 9 0 0 0 3 133 135 141 1 96 7.96
8 0 0 0 1 0 2 138 143 6 108 4.61
5 0 0 0 0 3 2 138 145 7 136 4.88
1 0 8 0 0 0 3 136 143 146 6 102 5.34
4 0 0 0 1 0 3 137 139 158 7 125 6.32
10 0 0 0 9 0 1 147 7 135 7.74
7 0 0 9 0 0 3 145 146 149 11 115 8.83
3 0 6 0 0 0 1 152 14 87 7.4
1 0 0 0 5 0 1 142 11 131 7.97
10 0 0 0 8 0 3 148 153 154 6 100 6.3
4 0 0 0 2 0 3 147 148 154 7 85 5.17
4 0 0 7 0 0 1 147 12 142 7.21
4 1 0 0 0 0 3 144 150 152 14 152 7.15
5 1 0 0 0 0 1 151 18 113 5.86
7 0 4 0 0 0 3 150 153 157 18 153 7.71
3 1 0 0 0 0 1 151 18 133 6.03
7 0 0 10 0 0 2 152 153 17 151 7.82
3 0 1 0 0 0 3 149 155 158 16 96 4.94
2 1 0 0 0 0 1 156 19 136 9.01
4 0 3 0 0 0 1 151 25 128 5.09
1 0 0 0 0 10 1 155 29 133 9.1
1 0 9 0 0 0 1 157 24 100 5.68
5 0 0 0 0 8 1 156 25 122 6.48
9 1 0 0 0 0 3 155 157 158 16 158 8.56
4 0 0 3 0 0 1 156 30 129 4.99
6 0 5 0 0 0 1 159 34 140 6.58
10 0 0 9 0 0 1 159 25 104 5.13
2 1 0 0 0 0 1 159 25 109 6.35
1 0 0 0 0 0 0 40 168 6.37
1 0 0 0 0 0 3 161 162 163 0 104 9.17
4 0 5 2 4 9 2 167 177 1 91 4.61
6 0 9 7 10 10 3 164 165 169 1 144 7.99
2 0 5 7 6 8 1 166 1 78 5.18
7 0 6 2 2 2 3 172 173 185 7 101 5.31
2 0 4 6 5 4 2 179 184 7 92 7.22
5 0 2 5 9 9 1 190 3 123 9.1
9 0 1 6 5 9 3 168 175 180 5 82 6.69
8 0 7 10 7 3 2 170 171 14 150 5.76
1 0 2 4 7 4 1 178 7 119 8.77
8 0 2 6 8 1 1 173 22 103 7.97
10 0 1 2 1 8 3 176 181 182 22 117 6.65
10 0 4 7 1 3 1 188 14 125 4.82
7 0 8 6 3 10 1 174 30 156 4.68
10 0 3 10 9 5 1 183 37 116 6.64
4 0 3 4 10 2 2 178 187 14 108 5.12
8 1 0 0 0 0 1 178 32 112 7.29
2 0 3 9 3 7 1 185 5 99 7.89
4 0 4 10 4 9 1 188 40 123 7.53
9 0 10 8 7 8 3 181 185 187 9 99 8.33
10 1 0 0 0 0 2 183 187 14 99 6.77
8 0 4 10 4 2 1 190 32 132 7.29
9 1 0 0 0 0 1 190 32 139 8.37
9 0 8 2 10 10 1 186 47 156 7.03
2 0 6 5 6 2 1 188 9 86 5.53
1 1 0 0 0 0 1 186 18 134 5.07
8 0 2 10 6 5 1 189 56 186 8.02
9 0 8 1 8 9 1 189 24 121 5.29
3 0 9 3 6 6 1 191 44 162 6.73
4 0 9 8 2 10 1 191 64 179 8.19
2 0 5 9 5 10 1 191 41 138 9.11
1 0 0 0 0 0 0 68 135 7.63
1 0 0 0 0 0 3 193 194 195 0 98 6.64
6 0 1 7 6 0 2 200 202 1 86 7.13
5 0 0 0 0 4 3 196 199 201 1 121 7.18
7 0 0 6 9 5 3 197 201 209 1 134 8.22
7 0 9 8 6 0 1 211 6 143 8.74
4 0 0 5 7 0 3 198 202 204 8 84 4.92
9 0 5 0 3 5 1 200 12 143 6.94
9 0 6 5 0 8 1 203 6 113 7.02
5 1 0 0 0 0 3 207 212 215 21 160 8.07
4 0 5 0 9 0 1 206 8 129 5.96
2 0 1 10 0 5 1 216 12 107 8.35
10 0 0 2 7 10 2 208 215 15 127 8.65
7 1 0 0 0 0 1 205 12 137 6.29
7 0 5 10 0 8 3 210 213 222 19 145 8.87
1 0 4 1 3 3 2 208 219 12 128 6.86
3 0 5 5 1 10 2 211 218 26 121 9.13
6 1 0 0 0 0 1 213 25 132 6.6
2 0 1 4 9 0 2 220 221 8 91 7.6
5 0 9 10 7 0 1 216 26 142 5.39
10 0 8 0 6 7 1 219 29 117 6.59
4 0 7 10 8 8 1 214 26 152 8.72
1 0 9 0 9 7 1 218 31 118 5.78
4 0 8 6 2 1 1 219 30 140 7.06
8 0 1 8 8 5 1 221 26 121 7.3
2 0 0 9 5 2 1 217 31 139 8.65
7 0 10 1 6 10 1 221 33 152 6.71
3 0 9 3 7 7 1 220 32 155 6.59
9 0 6 0 5 9 1 222 39 135 7.7
9 0 5 10 2 0 1 223 35 141 6.57
3 0 1 0 9 9 1 223 40 122 8.67
5 0 0 0 3 0 1 223 48 151 8.09
1 0 0 0 0 0 0 53 167 4.75
1 0 0 0 0 0 3 225 226 227 0 104 5.08
9 0 0 4 0 0 3 228 231 232 1 90 9.02
9 0 0 7 0 9 3 233 234 235 1 135 4.8
8 0 0 5 0 0 3 229 230 241 1 127 7.04
1 0 1 0 0 5 3 233 234 239 10 135 6.02
6 0 0 7 0 0 3 236 242 249 9 108 6.63
6 0 3 3 10 0 3 233 235 239 9 120 8.89
2 0 0 0 0 5 1 234 10 119 5.33
6 0 0 6 1 3 3 236 244 245 10 118 8.09
7 0 0 4 0 0 3 237 247 249 15 111 5.5
1 0 6 3 0 0 3 244 245 249 12 150 6.39
4 0 3 0 3 0 3 243 247 248 15 120 4.9
5 0 2 3 3 2 3 239 240 243 16 110 6.86
10 0 10 7 6 0 2 238 240 22 121 6.3
10 1 0 0 0 0 3 242 244 254 32 128 7.32
5 0 8 10 0 10 3 246 247 253 21 149 8.92
7 1 0 0 0 0 2 246 252 32 128 5.99
2 0 2 0 1 1 3 242 243 251 9 141 5.71
10 0 6 7 6 0 2 245 248 42 141 5.7
10 0 4 3 6 5 2 246 250 21 158 6.24
6 0 0 0 8 0 1 248 42 153 9.12
1 0 0 0 0 6 1 252 52 156 5.08
9 0 1 0 0 4 1 254 39 159 7.05
7 0 2 3 0 0 2 250 251 26 120 5.31
10 0 0 0 2 0 1 253 52 154 7.15
8 0 3 1 0 0 3 250 251 253 22 116 9.16
8 0 6 0 10 4 1 254 33 162 8.77
1 1 0 0 0 0 1 252 33 126 6.49
8 0 0 0 0 7 1 255 53 143 6.79
3 0 0 0 10 0 1 255 62 157 6.14
8 0 7 0 1 1 1 255 48 174 8.11
1 0 0 0 0 0 0 65 140 5.05
1 0 0 0 0 0 3 257 258 259 0 84 6.76
5 0 8 1 10 1 3 260 261 267 1 107 6.18
8 0 5 10 6 8 3 260 262 273 1 117 6.43
2 0 1 6 2 3 3 268 269 276 1 132 8.54
8 0 9 9 1 3 3 265 266 272 9 97 8.15
6 0 1 2 8 1 3 265 273 277 6 92 8.96
2 0 9 7 2 6 3 263 264 278 9 92 8.45
2 0 1 6 1 9 3 267 271 272 11 89 6.86
3 0 2 9 4 8 1 272 11 94 6.03
4 0 9 1 4 3 3 271 274 278 17 154 6.16
1 0 1 9 8 1 3 268 270 274 17 146 8.86
9 0 6 5 2 9 3 268 270 275 13 120 8.88
4 0 4 3 3 7 2 277 281 22 129 7.98
8 0 8 6 2 4 2 273 286 3 137 4.7
9 1 0 0 0 0 3 276 277 280 22 130 6.3
7 0 5 5 10 1 3 275 276 280 21 156 7.69
6 0 7 8 9 4 3 279 281 282 17 92 6.94
4 0 10 9 5 5 1 282 12 110 5.61
7 1 0 0 0 0 3 275 280 281 21 97 5.94
5 1 0 0 0 0 1 283 28 121 8.61
9 0 3 1 5 8 1 284 31 156 6.76
10 0 7 9 10 8 2 279 282 31 136 8.69
10 1 0 0 0 0 1 279 21 138 6.07
6 0 5 7 7 5 2 284 286 41 124 8.82
10 0 9 10 6 9 2 283 285 31 119 5.4
2 1 0 0 0 0 2 283 285 28 109 8.56
1 0 10 4 7 1 1 285 41 131 7.3
9 0 2 1 5 9 2 284 286 41 158 6.67
8 0 9 4 3 7 1 287 50 154 5.18
3 0 6 6 7 2 1 287 42 146 5.46
3 0 1 1 7 2 1 287 50 181 8.18
1 0 0 0 0 0 0 58 130 5.43
1 0 0 0 0 0 3 289 290 291 0 76 6.48
5 0 0 0 0 9 3 292 299 302 1 111 7.76
2 0 9 0 0 0 2 300 301 1 78 6.08
5 0 0 0 0 3 3 293 295 307 1 140 5.99
8 1 0 0 0 0 2 297 310 6 148 4.72
8 0 0 0 7 0 3 294 296 303 6 141 7.41
9 0 0 0 0 10 3 297 305 314 14 147 6.28
6 0 0 0 8 0 1 305 6 104 5.81
1 0 10 0 0 0 3 298 304 306 14 94 6.12
10 0 0 0 10 0 3 309 311 313 23 159 7.9
2 0 0 0 5 0 1 305 15 140 7.47
2 0 0 9 0 0 3 301 306 316 6 127 6.81
7 0 0 5 0 0 3 308 312 316 3 132 5.2
5 0 0 2 0 0 1 310 8 132 8.56
10 0 0 0 0 9 3 303 309 314 6 96 8.09
9 0 0 8 0 0 2 306 313 16 159 6.26
8 0 0 0 6 0 3 311 313 318 15 131 5.44
9 0 0 0 0 6 2 311 316 23 124 6.21
10 0 0 0 0 8 1 312 25 102 7.33
8 1 0 0 0 0 2 312 318 6 84 8.16
6 0 0 10 0 0 1 310 10 146 5.07
3 0 0 0 2 0 1 318 33 117 6.29
10 1 0 0 0 0 1 317 16 96 5.95
1 0 8 0 0 0 1 315 33 158 5.13
5 0 0 0 0 7 1 317 35 163 9.13
4 0 0 7 0 0 1 315 33 106 6.89
7 1 0 0 0 0 1 315 23 112 7.53
8 0 0 8 0 0 1 317 37 137 7.08
2 0 3 0 0 0 1 319 32 115 6.23
1 0 0 0 7 0 1 319 45 118 7.12
10 0 0 0 0 6 1 319 36 160 7.37
1 0 0 0 0 0 0 46 170 8.99
1 0 0 0 0 0 3 321 322 323 0 104 4.89
3 0 7 0 0 0 3 326 329 330 1 99 7.5
3 0 0 0 0 3 1 324 1 132 5.2
9 0 1 0 0 0 3 325 329 340 1 87 8.08
1 0 0 5 0 0 1 347 4 92 5.2
7 0 0 6 0 0 3 330 333 344 10 88 5.68
4 0 0 0 0 8 2 327 341 4 82 8.98
4 0 0 0 6 0 3 328 334 340 8 137 7.31
4 1 0 0 0 0 2 332 336 12 116 8.89
3 0 10 0 0 0 3 331 337 343 10 149 4.96
1 1 0 0 0 0 3 345 346 347 17 119 5.89
6 0 0 9 0 0 3 332 338 339 13 109 7.14
8 0 0 10 0 0 1 333 19 155 5.84
5 0 1 0 0 0 3 345 346 347 27 131 7.65
4 0 6 0 0 0 3 335 337 343 12 104 4.89
9 1 0 0 0 0 2 338 342 16 99 6.0
2 1 0 0 0 0 2 337 350 16 90 5.25
5 0 0 0 5 0 1 338 18 93 8.24
1 0 7 0 0 0 1 344 25 136 7.07
1 1 0 0 0 0 3 342 349 350 19 141 5.04
5 0 0 1 0 0 1 349 12 147 8.6
3 0 0 0 0 2 1 349 8 130 5.17
5 1 0 0 0 0 1 344 25 96 5.84
2 0 0 0 8 0 2 345 348 16 103 7.43
10 0 3 0 0 0 1 346 30 146 7.05
1 0 0 0 4 0 1 350 32 127 7.23
1 0 0 0 0 8 1 348 40 133 6.43
3 0 0 9 0 0 1 348 32 158 5.23
4 0 8 0 0 0 1 351 41 162 8.08
9 0 0 0 6 0 1 351 20 158 6.34
6 0 0 0 0 3 1 351 33 160 6.45
1 0 0 0 0 0 0 45 153 9.17
1 0 0 0 0 0 3 353 354 355 0 125 8.53
1 0 9 5 1 9 3 356 361 379 1 121 7.84
7 0 3 7 10 8 3 357 360 362 1 113 6.08
1 0 7 4 10 4 3 358 362 375 1 98 4.83
7 0 10 6 3 4 3 368 370 373 2 137 7.65
7 0 1 7 3 3 3 359 366 373 8 140 8.03
1 0 2 10 9 1 2 371 372 2 88 5.35
7 0 10 9 10 8 3 371 374 376 15 100 8.4
4 0 4 10 7 7 2 378 379 8 129 6.33
4 0 4 4 9 9 2 364 375 2 80 5.67
2 0 4 9 5 7 2 363 378 8 79 7.74
1 0 8 2 4 9 1 369 10 109 6.94
1 0 7 2 6 6 3 365 369 370 6 143 6.16
6 0 9 2 10 3 1 367 7 100 8.6
1 0 2 10 6 8 3 369 374 382 15 136 8.72
7 0 1 10 2 3 1 376 13 98 7.48
9 1 0 0 0 0 3 371 380 381 9 120 8.08
3 1 0 0 0 0 1 372 16 138 6.01
10 0 4 5 1 1 2 372 376 9 151 8.38
3 1 0 0 0 0 1 382 22 94 6.2
10 0 6 1 6 5 2 377 380 19 113 6.87
8 1 0 0 0 0 1 382 15 106 7.26
1 0 5 2 9 4 2 375 377 22 138 5.46
6 1 0 0 0 0 1 378 23 96 5.56
1 1 0 0 0 0 1 377 22 154 7.07
3 0 4 5 7 5 1 381 29 125 8.72
9 0 10 1 7 1 1 381 29 132 7.93
8 0 7 5 7 3 1 380 12 142 7.22
3 0 10 5 10 6 1 383 29 128 5.99
6 0 9 5 8 8 1 383 38 170 5.97
8 0 8 4 2 7 1 383 25 155 8.0
1 0 0 0 0 0 0 44 119 8.45
112.39 105.07 104.46 100.37 100.0 110.15 140.28 180.0 220.91 173.53 141.49 121.08 114.26 118.34 119.76 141.59 134.07 146.21 147.81 138.69 118.5 118.19 115.57 103.84 108.44 105.52 101.09 99.84 103.23 108.88 147.76 159.75 183.97 151.94 123.72 117.43 112.05 112.97 115.35 123.7 122.33 145.63 155.13 148.25 126.47 100.8 114.93 127.32 106.14 111.75 110.48 108.91 105.85 108.88 128.02 189.75 301.07 307.36 299.88 294.05 299.39 296.95 277.91 278.85 320.03 368.41 320.52 268.72 180.95 151.2 140.72 123.9 126.14 117.84 117.38 114.72 114.38 120.87 128.06 162.75 197.25 175.0 151.9 140.64 132.21 133.21 138.91 159.07 171.96 187.68 184.32 179.97 159.6 138.33 140.96 127.6 119.83 121.5 118.11 115.27 115.58 121.93 140.8 175.01 208.13 175.34 158.0 140.74 126.44 124.03 133.25 151.98 166.42 178.02 179.92 174.22 157.91 145.0 139.97 129.09 126.97 121.42 121.77 118.96 117.46 119.88 118.35 137.54 146.2 144.1 135.94 121.96 118.87 115.01 119.36 132.7 139.43 160.0 167.57 167.85 156.12 143.42 136.4 129.36 130.04 125.6 124.18 121.24 120.18 120.0 121.77 124.65 123.74 126.82 127.5 126.21 112.25 107.51 116.81 126.88 136.94 144.8 155.42 152.75 143.82 134.7 136.78 124.72 122.64 120.11 116.64 114.41 115.45 130.43 157.86 262.23 418.43 291.7 236.29 196.09 181.38 171.39 191.9 277.05 381.61 563.13 473.28 295.57 220.0 170.0 164.46 146.37 128.04 124.74 116.86 109.16 104.41 107.58 118.07 139.33 182.65 185.39 180.0 141.91 123.12 124.43 125.4 167.12 199.3 284.16 244.75 200.27 172.45 153.82 136.59 121.22 128.83 125.47 122.91 122.4 124.01 124.98 140.01 168.87 229.46 199.41 179.06 172.94 165.0 170.0 179.92 193.22 173.93 181.09 165.0 150.33 104.81 117.61 127.0 104.67 108.01 103.33 108.55 103.09 98.75 108.01 140.0 136.6 155.0 170.0 149.61 151.0 148.85 160.59 151.9 155.0 140.0 132.7 130.72 141.07 140.0 134.36 132.7 100.02 108.01 108.01 85.9 84.59 84.59 112.01 150.0 159.79 165.0 155.0 155.0 145.0 164.97 161.9 165.0 150.0 142.98 150.0 144.92 120.72 112.52 84.59 78.49 69.69 78.81 79.28 85.0 85.89 83.08 87.35 86.48 93.34 99.43 97.58 90.98 88.95 84.76 83.83 93.78 111.34 128.12 143.36 148.87 143.84 134.26 137.76 136.07 122.98 128.16 117.41 113.77 108.6 107.9 110.17 112.83 120.0 127.4 124.96 108.2 103.36 97.14 92.16 105.97 114.2 129.53 135.05 124.79 113.78 111.15 100.88 82.0 77.55 74.89 70.06 38.09 41.5 74.3 80.24 229.52 262.77 179.0 139.31 99.15 95.78 129.35 105.39 131.67 150.0 165.0 145.0 130.0 165.0 145.44 116.26 130.0 88.67 79.25 80.38 81.28 80.57 84.17 101.8 122.89 133.83 146.8 132.61 125.2 120.56 118.25 121.75 125.94 135.95 146.66 152.24 141.76 133.9 118.07 94.05 100.5 86.66 86.54 84.95 81.03 79.81 84.95 95.93 119.06 133.72 144.22 133.53 108.03 91.41 85.6 86.04 92.91 115.15 119.94 140.72 150.0 145.35 135.08 123.06 115.19 100.21 97.39 97.02 96.22 97.37 96.94 111.24 141.97 153.11 160.3 151.64 132.75 123.25 113.85 113.3 129.8 153.72 161.45 178.92 174.84 161.29 150.56 134.48 126.66 120.2 120.0 117.35 114.01 114.01 116.58 121.01 154.37 159.87 163.7 154.82 130.1 126.2 120.06 121.19 119.89 151.47 168.59 184.56 184.48 178.99 162.66 152.7 152.38 134.97 139.56 131.39 125.78 119.17 119.22 120.86 127.18 144.74 153.46 142.44 128.4 120.08 110.29 103.4 113.7 129.91 155.04 168.01 167.41 162.98 156.6 145.24 141.73 131.74 133.26 126.91 122.99 120.66 122.34 123.41 128.09 135.9 137.3 137.7 130.04 129.33 122.24 111.88 116.65 128.89 153.14 165.25 172.32 173.95 165.5 155.77 148.44 133.24 129.54 126.63 124.72 120.04 123.24 127.77 159.18 207.88 243.23 178.04 149.95 126.16 117.27 115.52 124.31 147.32 169.51 214.64 200.73 201.1 167.74 153.0 144.21 135.81 132.4 125.54 123.18 123.99 123.25 127.63 155.37 191.13 211.99 163.31 136.53 126.71 117.55 113.18 120.09 138.47 170.43 178.26 175.0 171.02 152.85 131.0 130.77 123.05 115.2 110.86 110.27 109.09 115.43 122.5 147.67 168.12 180.81 159.33 133.5 121.97 117.02 119.5 128.85 144.12 160.36 177.15 189.9 189.63 170.0 155.42 143.7 133.68 133.67 129.8 125.95 125.0 125.01 134.5 154.93 180.09 219.08 178.95 160.22 150.88 145.88 142.97 139.07 150.09 171.17 176.63 169.12 162.12 135.15 123.54 131.27 121.95 126.05 112.7 108.82 105.0 114.14 127.75 178.61 181.71 164.98 150.47 134.44 117.05 113.52 118.79 122.32 151.3 133.7 132.92 136.89 132.27 111.54 87.65 98.8 100.0 83.39 86.49 86.39 88.13 89.69 90.99 88.95 93.24 112.24 97.54 94.55 86.74 85.4 87.56 92.77 118.0 136.88 144.46 160.47 160.33 155.17 149.0 143.56 135.53 135.0 127.75 124.07 119.3 116.81 117.0 117.0 133.43 136.77 120.94 113.7 109.1 87.08 98.01 109.9 120.4 138.0 142.93 155.76 150.6 144.55 142.16 143.0 128.54 119.56 114.07 111.4 107.72 107.31 115.58 153.71 173.8 181.36 163.18 141.45 121.23 125.33 124.09 136.91 152.78 140.3 126.84 125.09 140.0 120.0 109.21 131.31 88.52 78.92 86.98
