384 5
1 29 34 33 35
1 0 0 0 0 0 3 1 2 3 0 73 24.95
1 0 1 0 0 0 2 4 8 1 91 22.5
10 0 0 9 4 4 3 5 6 11 1 135 26.62
4 0 0 0 9 9 1 13 1 92 37.41
4 0 0 0 0 7 3 7 9 10 2 77 34.36
3 0 9 0 0 0 2 17 24 11 107 36.11
4 0 0 8 5 10 1 20 11 95 34.54
9 0 1 0 4 0 3 12 25 28 6 100 25.05
10 0 3 0 0 0 3 16 18 21 2 106 22.55
2 0 3 4 5 0 1 23 6 102 19.19
7 0 0 3 1 9 1 16 6 108 32.44
1 0 8 0 1 7 1 22 11 134 21.92
1 1 0 0 0 0 1 26 15 98 26.14
2 0 9 0 5 0 1 14 5 101 27.25
6 0 0 3 0 1 2 15 19 7 109 36.2
10 0 10 0 5 9 3 17 26 27 13 97 34.73
9 0 0 0 8 0 1 30 13 89 21.23
7 0 2 0 5 0 1 28 23 94 21.11
5 1 0 0 0 0 1 28 12 109 29.01
1 0 0 0 10 8 1 20 13 114 31.22
2 1 0 0 0 0 1 23 15 127 26.39
6 1 0 0 0 0 3 23 26 29 12 107 26.46
3 0 4 0 3 0 1 24 12 80 24.91
2 1 0 0 0 0 1 25 18 83 31.17
6 0 0 0 7 0 1 29 15 109 36.06
8 0 1 4 7 0 1 27 20 126 36.08
3 0 1 6 0 0 1 30 23 140 27.42
3 0 0 2 0 0 1 30 28 105 24.16
9 0 9 0 0 5 1 31 30 148 19.44
8 0 9 0 5 5 1 31 21 98 37.63
2 0 0 0 0 7 1 31 31 113 34.75
1 0 0 0 0 0 0 39 121 29.73
1 0 0 0 0 0 3 33 34 35 0 128 31.02
1 0 6 7 0 0 3 37 41 42 1 109 27.22
2 0 0 6 3 10 3 36 38 62 1 127 35.09
10 0 0 1 3 10 3 39 45 51 1 95 29.11
9 0 0 3 7 5 3 40 43 61 3 96 23.47
5 0 3 6 4 6 1 60 2 88 31.33
7 0 0 3 0 3 2 53 54 3 118 29.07
3 0 6 10 4 0 2 44 47 11 96 22.04
8 0 0 4 3 4 2 46 57 12 115 19.23
2 0 6 4 6 1 2 48 49 2 94 36.44
3 0 4 1 2 8 1 50 2 127 35.26
1 0 0 1 1 3 2 46 59 12 120 19.52
2 0 8 1 7 4 2 48 50 14 139 37.41
9 0 2 8 1 0 2 46 48 11 103 22.81
5 1 0 0 0 0 1 53 20 97 35.8
2 1 0 0 0 0 3 49 50 56 14 80 34.23
4 1 0 0 0 0 2 52 54 20 115 35.68
4 1 0 0 0 0 3 57 58 61 16 126 26.3
5 1 0 0 0 0 1 55 16 122 31.82
7 0 1 0 9 0 3 54 55 61 11 111 20.05
10 0 0 4 6 0 3 55 56 62 24 94 23.07
8 1 0 0 0 0 1 58 25 101 25.68
6 0 10 9 0 3 1 56 24 132 20.2
5 0 0 0 5 3 1 59 34 140 36.71
5 1 0 0 0 0 2 57 58 34 110 25.29
10 0 0 7 0 7 1 59 39 109 30.42
2 0 9 4 10 6 1 60 39 106 23.3
5 0 3 10 0 0 1 60 49 144 30.67
10 0 0 0 4 1 1 63 54 145 34.09
9 0 10 1 5 9 1 63 20 102 26.64
3 0 7 10 0 1 1 63 34 117 31.69
1 0 0 0 0 0 0 64 172 21.71
1 0 0 0 0 0 3 65 66 67 0 117 37.72
7 0 6 7 0 0 1 85 1 78 31.19
3 0 0 0 1 6 3 68 69 74 1 83 24.27
5 0 2 0 2 0 1 94 1 99 31.03
1 0 0 0 7 0 3 70 83 90 4 71 35.84
10 0 4 0 5 0 3 71 73 78 4 111 29.62
5 0 9 6 3 10 3 72 77 91 5 124 20.07
9 0 0 0 6 7 1 89 14 140 30.88
1 0 0 0 2 3 1 86 10 74 31.93
5 0 0 8 0 0 3 75 76 82 14 95 30.68
2 0 0 9 4 10 1 87 4 92 26.47
1 1 0 0 0 0 1 84 19 115 36.45
7 1 0 0 0 0 2 79 81 19 100 26.68
4 0 0 10 8 7 1 87 10 87 31.35
5 0 3 9 0 4 2 80 87 14 85 36.66
7 1 0 0 0 0 1 80 26 116 35.46
8 0 0 10 0 0 1 92 33 116 33.98
5 0 0 2 1 0 2 85 94 26 108 35.68
1 1 0 0 0 0 2 93 94 19 101 35.05
1 0 4 0 3 4 1 91 5 124 34.28
10 0 5 0 0 0 1 89 20 96 22.38
3 0 0 0 0 2 1 90 31 147 28.23
4 0 2 0 1 3 1 92 11 77 33.65
3 1 0 0 0 0 1 88 19 123 34.78
1 1 0 0 0 0 1 92 22 92 22.74
7 0 9 0 2 0 2 90 91 30 148 37.07
9 0 9 9 5 0 1 93 37 153 23.57
10 0 3 0 0 9 1 93 37 145 24.7
6 0 9 0 9 0 1 95 41 135 19.08
5 0 0 0 0 8 1 95 47 150 27.64
10 0 3 0 5 3 1 95 31 101 22.1
1 0 0 0 0 0 0 52 161 23.21
1 0 0 0 0 0 3 97 98 99 0 92 35.72
9 0 4 6 9 8 3 111 112 123 1 92 21.01
10 0 2 3 6 10 3 100 102 105 1 132 29.9
6 0 3 7 8 8 3 101 112 118 1 85 27.08
6 0 5 1 7 4 3 103 107 108 11 100 19.73
8 0 7 10 6 7 3 110 116 120 7 80 28.8
3 0 10 10 9 4 2 104 121 11 91 26.83
10 0 2 4 7 3 3 118 121 125 17 111 33.52
5 0 8 6 3 1 3 106 109 116 14 110 34.51
8 0 6 10 10 4 1 111 11 141 31.71
10 0 2 4 2 8 1 117 19 128 34.7
5 0 1 6 6 7 1 114 17 91 26.1
10 0 4 7 10 8 1 114 17 121 21.75
5 0 5 1 1 9 2 111 122 19 102 28.94
10 1 0 0 0 0 1 119 15 130 29.65
6 1 0 0 0 0 1 126 24 100 27.67
7 1 0 0 0 0 2 113 126 10 98 23.8
5 1 0 0 0 0 3 117 119 121 17 99 29.16
8 0 3 9 6 7 3 115 117 119 27 152 26.01
9 0 6 9 1 3 2 118 120 35 125 36.84
6 0 7 4 6 1 2 122 123 19 91 21.69
5 0 7 3 4 5 1 120 35 150 35.2
5 0 9 4 2 5 2 123 126 44 112 27.13
1 0 5 10 3 2 2 124 125 35 131 32.83
7 0 9 7 6 3 1 122 44 149 32.55
2 0 2 3 7 10 1 124 27 92 34.74
3 0 6 7 3 8 1 125 51 139 33.52
4 0 8 5 1 5 1 124 49 138 27.63
6 0 9 7 2 6 1 127 53 156 34.38
5 0 6 3 2 2 1 127 54 170 35.47
6 0 2 10 10 9 1 127 49 131 22.27
1 0 0 0 0 0 0 59 124 37.39
1 0 0 0 0 0 3 129 130 131 0 93 28.57
1 1 0 0 0 0 1 158 1 66 22.92
1 0 9 6 3 9 3 132 135 141 1 107 29.09
8 0 10 9 5 7 3 133 138 148 1 126 30.49
7 0 9 1 7 4 1 139 2 96 35.44
2 0 4 5 3 5 2 134 137 9 119 20.57
9 0 9 2 6 2 2 145 152 11 106 21.84
9 0 2 1 9 9 1 136 2 75 34.98
4 0 4 3 6 9 3 137 140 142 11 129 24.53
10 1 0 0 0 0 1 144 15 137 20.56
1 1 0 0 0 0 1 153 9 120 19.89
3 0 2 9 3 9 1 143 9 116 28.69
10 1 0 0 0 0 1 151 15 128 24.71
3 0 7 8 10 6 2 147 150 2 113 28.99
3 0 7 2 2 2 2 144 146 15 95 24.37
10 0 7 6 9 2 1 150 12 83 34.37
8 0 1 8 4 1 1 154 25 107 37.03
2 0 10 10 2 3 1 153 20 92 22.6
9 1 0 0 0 0 1 149 18 105 32.83
5 0 7 9 8 7 1 151 5 99 23.65
3 0 4 6 9 1 2 151 155 9 84 29.83
10 0 2 2 3 8 3 153 155 158 27 104 21.35
1 1 0 0 0 0 1 152 22 139 31.56
6 0 6 1 2 3 1 157 25 112 23.7
4 0 7 10 3 10 2 155 158 23 111 33.13
8 0 8 6 5 3 2 156 157 37 149 21.52
2 0 1 3 10 3 1 156 33 144 27.92
5 0 9 1 4 10 1 157 37 101 29.22
1 0 2 3 6 10 1 159 45 112 22.12
1 0 4 3 3 3 1 159 45 128 26.57
10 0 9 5 10 9 1 159 37 139 35.32
1 0 0 0 0 0 0 47 164 21.1
1 0 0 0 0 0 3 161 162 163 0 105 24.78
10 0 6 0 10 0 3 164 169 177 1 73 27.73
8 0 10 0 0 1 2 167 189 1 82 30.32
5 0 6 0 0 2 3 165 166 169 1 79 22.67
10 0 0 0 6 4 3 168 171 182 11 127 27.68
4 0 0 4 7 7 2 178 182 6 133 20.22
2 0 5 0 8 0 2 170 176 6 72 31.62
3 0 0 0 2 0 3 172 176 179 9 95 28.18
6 1 0 0 0 0 3 170 173 178 21 101 23.61
2 0 8 0 0 6 3 172 174 176 11 93 24.99
6 0 0 6 2 0 3 179 184 186 27 147 27.55
7 0 6 0 10 0 2 175 185 21 129 30.95
3 0 6 6 9 0 1 188 13 89 35.25
6 0 0 6 0 0 3 179 180 187 27 152 22.01
9 0 0 7 0 4 1 181 13 142 26.59
4 1 0 0 0 0 1 181 28 143 35.56
7 0 5 0 2 0 2 181 183 13 92 34.76
3 0 4 0 0 2 3 180 184 186 11 124 34.67
1 1 0 0 0 0 1 190 27 138 21.53
5 0 10 1 2 9 2 183 188 33 112 25.29
5 0 5 0 1 0 1 183 33 132 27.2
9 0 6 0 0 1 1 190 32 152 25.16
5 1 0 0 0 0 1 187 21 136 29.67
3 0 1 0 0 5 1 190 38 151 32.17
4 0 0 0 5 2 1 187 33 109 32.68
9 0 0 8 0 5 1 186 28 134 35.22
3 0 0 10 0 2 1 189 37 134 35.37
1 0 8 0 8 0 2 188 189 37 97 36.89
4 0 5 0 0 5 1 191 38 132 20.93
5 0 0 7 6 2 1 191 40 116 23.01
6 0 0 0 9 0 1 191 41 158 19.56
1 0 0 0 0 0 0 47 127 35.41
1 0 0 0 0 0 3 193 194 195 0 108 31.9
3 0 0 0 0 9 3 201 206 222 1 125 26.64
1 0 0 2 0 0 3 202 204 208 1 117 36.18
3 0 10 5 0 9 3 196 197 198 1 116 37.72
1 0 2 0 2 3 3 207 209 211 4 123 21.88
6 0 5 3 1 0 3 199 200 203 4 90 37.25
2 0 1 9 3 7 1 201 4 118 27.98
9 0 0 6 10 0 1 207 10 81 23.41
5 0 0 0 6 0 3 205 214 219 10 134 22.6
8 0 7 4 0 1 2 202 218 6 134 22.03
10 0 0 3 0 7 2 212 216 14 137 28.4
2 0 0 6 0 7 3 207 210 216 10 92 33.43
3 0 8 0 9 0 1 220 2 98 20.21
5 0 0 6 5 0 2 221 222 15 131 25.42
1 0 0 4 0 0 2 212 215 4 99 32.61
7 0 0 0 2 7 3 213 214 215 19 140 26.62
7 0 0 0 0 2 2 211 213 2 108 21.41
7 0 2 0 0 0 1 220 5 122 32.01
4 1 0 0 0 0 2 211 212 12 117 30.49
1 1 0 0 0 0 2 214 218 16 106 35.2
7 1 0 0 0 0 1 217 24 106 29.63
1 1 0 0 0 0 1 217 26 128 23.31
5 1 0 0 0 0 2 217 222 26 136 22.17
10 0 0 9 0 7 1 218 26 112 29.56
8 1 0 0 0 0 1 219 24 135 19.07
8 0 4 1 3 0 1 221 31 134 33.67
3 0 0 9 0 2 2 219 220 36 137 26.37
7 0 0 4 7 5 1 221 39 164 30.96
4 0 8 3 0 0 1 223 39 158 29.6
8 0 0 0 9 0 1 223 46 125 37.37
5 0 7 0 0 8 1 223 31 110 30.87
1 0 0 0 0 0 0 54 153 36.06
1 0 0 0 0 0 3 225 226 227 0 96 36.02
6 0 0 7 10 0 3 228 231 234 1 119 23.01
5 0 1 10 0 4 2 232 239 1 108 20.92
8 0 0 6 0 5 3 230 241 245 1 109 19.38
8 0 8 9 0 0 3 229 244 246 7 113 23.07
10 0 10 10 0 4 3 232 233 235 15 96 23.75
10 1 0 0 0 0 3 238 239 240 9 122 33.41
6 0 10 6 0 0 3 237 240 244 7 135 21.67
2 1 0 0 0 0 3 236 242 243 25 109 34.59
1 0 0 0 6 2 3 237 242 243 25 132 31.32
7 0 0 0 7 0 3 235 240 245 7 94 21.1
1 0 8 0 5 10 3 238 242 252 25 130 27.21
2 1 0 0 0 0 3 241 250 251 27 138 25.5
4 1 0 0 0 0 3 238 241 248 26 133 29.43
2 1 0 0 0 0 2 247 253 30 144 31.18
10 0 9 0 0 10 3 244 249 250 19 128 35.29
8 0 10 0 0 0 3 243 246 249 19 105 35.22
3 0 0 4 0 7 2 247 252 30 137 27.86
4 1 0 0 0 0 1 250 27 124 22.14
1 0 8 1 8 0 1 248 27 112 34.51
2 0 1 6 0 0 1 251 29 128 35.67
6 0 0 0 0 10 3 246 247 248 14 102 36.32
6 0 6 0 0 7 2 251 252 27 116 26.03
5 1 0 0 0 0 1 249 33 130 36.94
8 0 3 1 0 0 1 253 30 122 35.05
9 0 0 0 6 3 1 254 38 105 35.49
6 0 9 0 8 1 1 254 31 154 22.69
3 0 0 2 9 5 2 253 254 33 155 31.9
4 0 2 0 0 10 1 255 33 116 20.49
8 0 5 8 0 10 1 255 38 141 28.34
8 0 0 0 0 4 1 255 47 165 25.77
1 0 0 0 0 0 0 55 126 37.62
1 0 0 0 0 0 3 257 258 259 0 88 34.57
7 0 2 1 5 5 3 261 266 273 1 99 34.78
4 0 5 1 4 10 1 260 1 79 33.88
4 0 7 6 1 4 3 263 264 271 1 125 33.33
2 0 4 6 5 5 3 262 268 274 5 85 29.88
3 0 2 3 2 5 1 267 8 103 29.56
10 0 8 4 2 7 2 270 275 7 104 32.59
3 0 9 9 3 1 3 274 275 278 5 129 19.58
3 0 3 7 5 5 2 265 270 5 128 35.43
3 0 7 2 7 2 2 266 269 8 136 19.55
10 0 3 3 10 9 2 267 276 11 83 18.93
3 1 0 0 0 0 3 268 279 285 21 86 35.34
8 0 7 4 3 8 1 277 24 125 36.96
5 1 0 0 0 0 2 272 281 11 98 25.37
7 0 5 5 4 2 2 280 283 17 92 25.0
5 0 8 2 4 7 1 275 5 115 31.43
4 1 0 0 0 0 3 282 283 284 16 135 29.69
1 0 5 7 8 10 2 277 278 8 72 22.16
5 1 0 0 0 0 2 276 280 8 104 29.36
9 1 0 0 0 0 3 276 279 282 17 97 36.28
6 0 3 9 7 1 1 286 26 132 30.98
5 0 1 1 7 6 1 286 32 141 22.0
10 0 2 2 8 9 3 279 280 284 9 89 28.57
2 0 7 3 5 5 1 283 26 99 22.67
9 0 7 10 7 8 1 282 24 113 24.38
4 0 5 7 8 3 2 284 285 16 122 24.8
2 0 10 9 5 3 1 285 33 149 19.96
10 0 9 4 1 1 1 286 28 110 35.57
8 0 2 10 10 1 1 287 20 131 24.59
2 0 2 9 4 3 1 287 35 154 29.67
4 0 2 1 2 2 1 287 38 101 31.01
1 0 0 0 0 0 0 42 161 29.48
1 0 0 0 0 0 3 289 290 291 0 126 19.44
3 0 3 0 0 0 1 293 1 114 32.93
2 0 3 0 0 0 3 292 301 316 1 81 37.2
9 0 8 0 0 0 1 304 1 131 24.79
3 0 0 0 3 0 3 295 306 311 3 125 34.84
10 0 0 0 0 6 3 294 298 301 4 117 35.87
2 0 2 0 0 0 1 305 14 83 35.96
2 0 10 0 0 0 3 296 300 302 6 125 24.78
10 0 0 0 4 0 1 297 8 95 20.09
5 0 0 0 3 0 1 308 18 84 31.7
2 0 0 0 4 0 2 299 303 14 131 30.67
5 0 0 9 0 0 2 305 307 16 139 32.28
3 0 7 0 0 0 1 308 8 127 28.84
4 0 5 0 0 0 1 310 14 83 24.26
8 0 0 0 6 0 1 305 8 106 27.98
3 0 8 0 0 0 1 312 16 137 21.64
4 1 0 0 0 0 1 317 10 108 26.06
3 1 0 0 0 0 1 315 21 138 27.07
10 0 0 0 10 0 2 310 314 6 132 21.05
3 1 0 0 0 0 3 309 311 313 21 125 32.11
8 1 0 0 0 0 1 313 23 108 26.48
10 1 0 0 0 0 2 312 314 24 136 25.21
8 0 0 5 0 0 1 313 18 147 36.63
8 0 0 0 0 7 1 318 24 143 26.5
6 0 0 7 0 0 2 317 318 34 158 23.66
10 0 0 0 1 0 1 315 31 153 36.52
9 0 0 0 0 5 1 317 34 150 24.61
1 0 0 0 8 0 1 318 41 139 22.15
9 0 0 0 5 0 1 319 3 118 23.97
9 0 2 0 0 0 1 319 43 153 34.28
1 0 0 6 0 0 1 319 42 103 36.99
1 0 0 0 0 0 0 52 121 36.54
1 0 0 0 0 0 3 321 322 323 0 82 26.16
6 0 0 9 8 7 3 329 333 336 1 87 37.31
10 0 10 1 7 0 3 325 328 338 1 124 20.35
10 0 8 2 0 6 3 324 327 328 1 75 20.33
5 0 0 7 8 0 3 326 330 336 11 120 19.77
8 1 0 0 0 0 2 332 344 11 80 33.02
3 1 0 0 0 0 2 332 342 16 129 25.06
8 0 8 7 6 6 3 329 330 331 11 129 35.28
10 0 6 8 2 5 3 334 336 340 11 120 28.5
6 0 0 7 6 3 3 334 338 340 19 88 37.12
7 0 0 2 10 10 3 335 341 342 19 88 21.63
8 1 0 0 0 0 2 333 348 19 97 22.63
5 0 8 5 10 0 3 333 334 340 19 135 30.24
2 1 0 0 0 0 2 339 343 27 146 20.08
6 1 0 0 0 0 3 337 346 348 25 134 32.99
6 0 0 2 6 8 1 343 26 128 28.12
9 1 0 0 0 0 3 339 342 348 21 99 26.82
10 0 0 6 0 6 2 339 347 31 128 22.55
4 1 0 0 0 0 3 341 344 347 25 112 30.42
6 0 3 2 4 2 1 341 41 161 22.59
10 0 5 4 3 9 1 343 25 148 22.2
7 0 6 1 5 8 2 345 350 47 152 31.96
7 0 0 0 3 8 2 344 346 30 126 30.45
9 0 7 8 3 6 3 345 346 347 35 112 21.27
3 0 1 9 10 0 1 345 37 139 34.42
6 0 1 0 0 8 1 349 54 156 25.95
5 0 1 5 10 7 2 349 350 44 128 35.29
3 0 0 1 10 5 2 349 350 44 123 22.32
10 0 9 9 0 1 1 351 31 160 29.19
3 0 5 5 7 0 1 351 60 164 26.96
10 0 0 0 0 5 1 351 54 121 23.33
1 0 0 0 0 0 0 64 124 22.82
1 0 0 0 0 0 3 353 354 355 0 104 37.71
9 0 0 8 5 4 3 356 358 361 1 86 23.21
5 0 7 0 8 7 3 356 372 373 1 107 29.82
3 0 0 0 7 2 3 357 367 369 1 85 31.59
3 0 8 3 0 4 3 360 370 376 10 112 25.52
4 0 3 5 2 1 3 359 361 364 4 81 28.87
5 0 7 3 5 10 3 363 374 375 10 125 29.22
4 0 6 8 2 0 3 362 365 366 8 93 25.77
9 0 0 6 10 9 1 368 13 137 37.15
9 0 6 9 8 7 3 362 363 366 10 110 19.6
8 0 0 4 0 7 1 381 19 118 33.56
4 1 0 0 0 0 2 368 377 19 84 37.19
5 0 7 9 9 3 2 378 380 8 97 26.89
4 1 0 0 0 0 3 373 375 380 12 121 32.07
6 1 0 0 0 0 2 373 374 19 126 29.88
3 0 7 6 3 0 1 372 4 127 26.16
6 0 0 10 0 1 1 379 23 103 24.05
3 0 3 5 0 8 1 378 4 101 33.21
6 0 1 0 7 0 1 371 13 83 32.87
9 0 5 7 7 0 2 375 377 19 131 29.0
7 0 4 0 10 0 1 374 7 80 36.4
10 0 5 0 1 8 2 379 382 25 100 20.33
7 0 6 0 2 7 2 376 381 25 145 31.68
1 0 1 5 8 0 1 382 28 136 33.32
8 0 5 6 3 6 1 377 32 132 26.48
2 0 0 4 2 6 2 380 382 40 158 34.43
3 0 0 6 0 1 1 379 13 122 19.98
10 0 2 5 7 0 1 381 35 152 23.18
4 0 4 0 2 3 1 383 42 135 24.17
2 0 0 8 5 2 1 383 45 145 34.46
6 0 0 5 2 9 1 383 42 158 27.3
1 0 0 0 0 0 0 48 121 29.72
53.01 86.57 63.27 42.37 20.73 25.66 105.0 120.0 110.01 120.0 101.53 90.62 89.43 83.92 93.3 92.2 94.16 110.0 127.96 158.37 126.94 120.19 119.33 105.89 100.68 94.18 90.38 90.07 93.83 97.29 134.49 228.56 284.54 208.59 152.29 131.35 112.92 108.5 107.75 115.64 124.61 152.46 204.46 217.86 146.41 123.24 107.42 97.48 93.45 88.44 87.56 87.2 90.27 98.29 116.8 154.23 165.96 134.62 117.18 104.18 91.34 90.11 91.41 100.62 118.7 148.89 179.14 198.98 140.0 112.81 108.86 98.07 97.38 92.95 93.66 91.76 94.02 102.79 126.61 144.82 149.94 133.23 110.81 98.32 94.14 89.59 88.91 97.61 99.46 109.39 116.52 114.63 106.55 96.17 88.08 77.77 86.49 84.36 79.52 78.04 78.04 78.01 93.58 111.82 121.99 107.93 93.33 82.88 77.77 77.75 80.96 91.5 96.87 111.41 107.47 109.56 105.76 97.8 93.51 91.53 92.96 88.84 87.79 84.61 82.75 85.05 90.27 96.75 100.46 94.54 84.96 74.92 59.14 45.84 49.82 77.57 87.3 116.24 125.9 130.5 120.98 113.33 107.49 95.15 96.33 93.02 89.62 86.28 87.45 88.01 88.89 89.54 88.81 84.69 80.78 76.54 52.46 52.59 65.38 84.17 92.42 105.35 102.41 108.53 108.56 108.8 108.75 93.97 94.62 91.27 92.03 91.57 96.57 100.54 122.73 204.07 195.24 148.74 127.45 113.19 95.92 91.31 94.34 104.46 111.58 165.0 287.83 287.51 167.91 124.82 122.0 111.66 109.86 103.77 100.41 100.32 101.8 107.57 128.3 169.18 197.16 159.02 134.08 121.54 109.67 106.57 113.28 130.91 157.9 221.54 391.95 400.62 217.31 150.0 126.38 114.46 117.0 113.79 109.43 105.67 108.85 115.33 155.0 282.83 275.88 180.05 141.56 128.26 121.83 115.58 119.14 126.81 141.78 155.09 201.75 205.73 136.19 110.61 90.04 70.91 87.81 86.49 90.82 88.61 91.01 89.36 107.52 115.79 132.85 120.2 93.13 88.46 84.0 82.62 85.14 86.88 105.01 121.62 134.02 139.96 123.61 107.79 103.02 93.95 89.51 82.6 84.41 82.75 88.54 97.49 116.38 137.75 146.31 129.02 118.2 99.84 89.74 89.4 92.13 99.68 113.94 129.65 139.1 140.0 120.66 106.09 99.82 92.82 77.35 75.11 78.62 79.9 82.95 80.55 87.76 104.61 112.37 106.97 96.1 84.02 76.34 71.35 76.08 86.26 93.82 117.8 126.58 117.8 107.59 95.43 97.57 94.57 92.63 84.81 78.82 79.33 81.1 85.62 90.42 93.03 91.2 80.7 72.1 62.21 34.88 20.62 37.12 69.7 92.01 120.93 124.31 109.1 94.36 89.44 80.7 65.11 73.92 69.83 67.28 66.54 67.52 81.68 120.0 132.61 124.43 107.51 94.45 84.44 91.11 94.06 88.14 104.04 113.17 113.73 99.95 86.25 75.7 72.22 73.7 63.18 70.02 56.22 53.26 46.12 51.19 65.08 78.53 120.0 116.48 91.74 96.15 100.05 99.28 93.19 78.84 72.71 82.18 112.85 117.66 115.47 105.11 93.96 88.83 80.7 92.42 92.04 91.57 92.72 92.57 93.64 112.83 129.89 130.37 125.9 105.42 90.41 86.16 85.05 92.98 113.66 147.49 203.85 293.73 274.02 185.28 137.43 125.98 111.72 105.01 103.21 98.46 87.42 82.86 93.34 116.33 126.62 120.97 105.38 85.2 71.54 68.8 67.05 75.55 92.32 106.66 114.91 118.8 116.56 105.0 89.52 82.75 70.74 38.87 30.2 24.41 23.04 30.06 44.4 82.0 168.7 193.66 180.3 134.4 134.01 144.23 98.57 85.64 82.0 107.17 105.04 154.02 178.46 129.2 78.0 54.09 36.63 20.38 18.78 18.15 16.55 16.01 16.01 13.28 78.33 80.0 70.0 58.14 40.01 18.43 22.87 31.07 52.06 69.38 72.37 115.1 139.3 83.83 24.68 25.89 19.66 29.42 35.77 34.43 31.71 29.44 37.62 48.02 53.47 44.16 40.7 15.65 26.82 20.0 33.93 50.2 78.19 78.14 133.5 181.34 194.77 170.68 66.73 48.97 61.96 19.8 21.7 20.31 12.79 25.86 39.93 81.79 109.65 108.18 105.8 99.3 98.11 91.01 98.55 106.03 119.66 133.38 141.46 128.4 119.95 104.49 88.83 80.81 65.06 51.74 39.15 31.06 24.15 25.3 39.19 65.01 89.38 90.75 87.18 82.38 77.11 77.52 91.48 102.48 95.75 102.83 109.54 108.62 104.55 98.7 87.65 81.44 77.03 70.89 68.74 68.31 69.39 68.56 79.33 102.7 111.89 100.25 86.2 73.24 71.61 71.89 77.3 88.97 119.89 143.23 150.08 136.12 128.07 115.49 98.02 93.86 87.29 77.86 72.35 70.55 66.55 59.97 67.03 97.61 100.62 97.29 76.54 60.97 66.66 62.22 64.18 68.38 76.87 86.45 111.45 109.28 109.41 97.79 95.46 104.37 88.87 105.0 97.72 93.64 84.8 78.26 90.8 120.0 120.53 111.27 85.1 77.89 76.3 78.11 86.41 109.48 130.62 162.55 175.95 122.19 110.14 101.11 96.86 88.97 68.2 72.31 67.75 59.24 76.25 81.51 63.73 83.5 95.0 37.93 35.3 18.3 15.76
