384 5
1 32 37 42 42
1 0 0 0 0 0 3 1 2 3 0 91 13.47
10 0 9 0 0 0 3 5 7 11 1 123 13.47
6 0 1 0 0 0 3 4 6 16 1 98 8.72
10 0 2 0 0 0 1 25 1 99 9.42
9 0 0 8 0 0 2 10 19 7 97 12.05
7 0 0 0 0 2 3 14 23 25 11 120 10.96
3 0 0 0 0 4 2 8 17 7 131 7.14
10 0 9 0 0 0 2 13 20 11 130 12.74
8 0 0 0 0 10 2 9 25 10 140 9.39
10 0 0 0 3 0 3 11 12 15 18 102 10.96
7 0 0 0 6 0 3 13 18 24 16 111 11.46
6 0 0 0 0 3 2 24 30 28 121 9.86
10 0 7 0 0 0 2 14 23 28 126 9.62
3 0 0 0 7 0 2 17 26 23 114 8.47
7 0 0 0 0 10 3 18 19 20 38 168 9.85
10 0 0 5 0 0 2 22 27 28 146 12.79
4 0 0 0 4 0 1 17 7 85 10.26
3 0 0 0 0 1 1 30 26 101 10.82
3 1 0 0 0 0 2 22 27 45 161 12.52
10 1 0 0 0 0 2 22 28 45 135 8.05
10 1 0 0 0 0 2 21 29 45 146 11.19
6 0 2 0 0 0 2 26 30 55 126 8.61
9 0 2 0 0 0 1 29 55 126 9.11
4 0 0 0 10 0 1 24 38 121 9.26
5 1 0 0 0 0 1 26 42 169 13.72
7 0 0 0 3 0 2 28 29 18 141 11.76
7 0 6 0 0 0 1 27 61 132 9.12
9 0 5 0 0 0 1 28 68 138 12.78
7 0 1 0 0 0 1 31 77 202 8.38
4 0 0 0 0 1 1 31 64 142 10.61
6 0 0 6 0 0 1 31 61 190 9.85
1 0 0 0 0 0 0 84 173 8.81
1 0 0 0 0 0 3 33 34 35 0 123 9.69
6 0 0 0 8 1 3 36 39 54 1 84 10.29
1 0 0 8 6 5 3 39 45 48 1 80 12.66
2 0 9 2 0 5 3 37 40 44 1 90 10.6
9 0 0 3 0 3 3 38 51 52 7 103 10.52
8 0 0 0 0 1 3 38 42 51 3 128 10.03
5 0 0 3 0 9 1 45 16 125 11.49
5 0 0 7 5 0 3 41 43 47 7 95 11.73
6 0 0 0 0 7 3 55 56 57 3 139 9.51
4 0 8 9 1 3 2 44 53 12 121 12.88
8 0 0 10 0 3 3 47 49 59 11 94 9.58
4 0 0 0 0 8 3 46 49 56 12 123 11.95
10 0 0 2 5 0 1 58 16 139 13.01
9 1 0 0 0 0 2 49 53 21 148 11.06
2 1 0 0 0 0 1 61 16 102 11.02
7 0 8 0 1 2 2 50 56 19 102 11.71
6 0 0 6 7 6 1 50 2 86 8.39
1 1 0 0 0 0 1 50 30 146 10.31
9 0 8 0 0 9 2 58 61 31 115 10.09
10 0 0 10 0 0 1 55 16 101 8.13
7 0 1 3 0 8 2 53 55 16 98 10.38
10 0 0 0 8 1 1 58 30 116 13.54
10 1 0 0 0 0 1 62 7 122 10.32
9 0 0 3 0 0 2 59 62 26 142 7.61
3 0 0 0 6 0 1 61 26 158 8.49
5 1 0 0 0 0 2 59 62 9 122 11.55
5 0 2 0 8 10 1 60 40 112 9.87
7 0 6 0 10 1 1 60 35 118 9.49
8 0 5 0 0 0 1 63 45 131 10.34
8 0 5 5 10 0 1 63 40 131 11.8
10 0 7 0 3 2 1 63 35 115 12.39
1 0 0 0 0 0 0 53 166 11.34
1 0 0 0 0 0 3 65 66 67 0 110 8.27
8 0 9 10 7 4 3 72 73 78 1 76 10.77
7 0 9 3 4 6 3 71 77 88 1 135 13.65
9 0 1 7 2 5 3 68 69 74 1 131 7.35
7 0 5 4 5 2 3 75 78 81 10 89 11.59
5 0 7 5 10 5 3 70 71 88 10 117 13.94
10 0 3 5 10 2 3 72 77 81 15 99 9.93
5 0 8 8 9 9 3 76 79 84 15 120 8.01
7 1 0 0 0 0 3 76 83 84 25 155 10.18
8 0 1 10 5 10 3 76 79 81 9 124 13.74
10 0 7 6 5 2 3 79 82 86 10 112 9.62
7 0 10 7 3 5 3 84 88 90 17 132 8.21
5 1 0 0 0 0 2 80 92 32 141 9.19
8 0 7 1 8 10 2 91 94 25 134 11.56
7 0 10 5 3 2 3 82 85 86 17 112 11.14
8 0 3 4 2 5 1 83 20 150 7.91
8 1 0 0 0 0 3 82 87 89 37 126 10.89
8 0 9 9 3 9 2 85 91 25 141 13.79
7 0 5 6 6 10 1 90 45 121 8.42
3 0 1 10 5 5 2 90 92 32 137 10.76
7 1 0 0 0 0 2 85 86 32 122 8.21
6 0 4 2 1 2 2 87 89 39 144 8.87
9 0 7 7 10 8 3 87 89 92 39 153 11.97
2 0 5 2 4 7 1 93 48 167 13.44
2 0 5 3 6 9 2 93 94 24 96 7.85
10 0 7 9 8 4 1 94 48 137 14.05
3 0 9 1 1 2 1 91 52 164 13.63
3 0 2 4 1 7 1 93 55 158 7.71
4 0 4 6 10 10 1 95 48 156 9.39
7 0 4 8 9 4 1 95 58 169 13.65
1 0 9 6 7 9 1 95 58 169 12.48
1 0 0 0 0 0 0 65 139 7.61
1 0 0 0 0 0 3 97 98 99 0 74 11.53
7 0 4 1 10 1 3 104 113 116 1 95 9.11
4 0 5 3 5 5 3 102 103 105 1 77 13.41
1 0 3 9 5 5 3 100 101 120 1 92 10.54
3 0 1 9 10 1 3 104 106 107 2 89 9.86
6 0 3 5 3 1 2 107 109 2 89 10.37
8 0 2 2 5 10 3 109 115 119 5 116 8.66
9 0 6 5 10 6 3 116 121 123 5 146 7.74
5 0 6 3 1 9 3 112 117 119 8 80 12.72
8 0 7 9 8 8 3 110 116 118 5 131 7.67
3 0 4 9 6 5 3 108 109 119 5 104 7.39
3 0 3 2 7 2 3 108 110 111 8 86 11.43
9 0 4 9 10 1 3 112 114 121 11 144 14.14
5 0 1 3 5 1 3 111 113 122 13 123 10.79
7 0 2 7 2 6 3 113 115 122 13 133 13.24
2 1 0 0 0 0 3 114 117 118 18 116 12.25
7 1 0 0 0 0 2 115 118 20 138 13.64
10 1 0 0 0 0 2 114 117 20 111 11.58
2 1 0 0 0 0 1 125 30 133 13.51
2 1 0 0 0 0 1 124 27 134 8.67
8 0 9 10 8 10 2 120 126 14 111 13.28
7 0 2 2 8 6 2 121 123 30 128 13.47
8 0 8 4 6 6 2 123 125 27 146 8.47
6 0 6 8 2 2 2 122 126 13 90 8.57
6 0 1 1 9 10 1 124 22 155 8.15
10 0 7 7 6 2 1 126 37 151 7.36
5 1 0 0 0 0 1 125 20 92 10.15
1 0 1 1 2 4 1 124 37 129 7.9
9 0 7 1 9 4 1 127 38 155 7.75
3 0 9 4 5 10 1 127 35 125 9.71
2 0 2 7 3 9 1 127 47 125 12.93
1 0 0 0 0 0 0 49 171 13.68
1 0 0 0 0 0 3 129 130 131 0 78 10.29
3 0 4 0 2 10 3 134 137 138 1 71 9.73
4 0 0 6 2 9 3 132 133 135 1 110 13.38
6 0 8 0 5 1 1 140 1 128 9.45
5 0 0 4 0 7 1 143 5 105 9.91
6 0 8 7 3 2 1 142 5 89 9.63
7 0 1 5 0 1 3 136 144 147 4 83 12.88
3 0 2 7 4 1 2 148 149 5 86 7.1
10 0 2 4 0 4 2 141 153 11 150 7.36
4 0 9 6 6 4 1 139 4 133 12.37
7 0 1 6 0 2 3 145 150 152 4 123 8.63
7 0 7 5 7 10 1 142 8 134 12.45
1 0 9 0 8 8 1 143 7 127 9.81
10 0 0 1 1 0 2 149 157 21 148 10.08
8 1 0 0 0 0 2 146 154 15 140 11.64
6 1 0 0 0 0 1 151 10 111 11.63
1 0 0 0 5 8 1 153 11 122 9.04
1 0 0 7 0 10 2 148 151 11 142 9.74
3 1 0 0 0 0 3 152 155 158 23 124 10.54
9 1 0 0 0 0 1 152 11 91 10.65
1 1 0 0 0 0 1 158 12 121 7.58
1 0 0 10 0 6 1 156 31 157 14.07
3 0 7 10 9 6 1 151 11 134 13.95
6 0 1 5 4 6 1 157 16 125 9.68
7 0 10 0 4 6 1 153 26 142 13.67
2 0 8 9 4 2 1 156 33 119 9.84
7 0 9 5 0 0 1 155 23 154 11.44
8 0 1 5 4 6 1 156 30 150 12.29
1 0 9 6 3 2 1 159 38 148 8.33
6 0 0 3 9 0 1 159 31 119 13.59
9 0 4 10 5 6 1 159 26 111 10.1
1 0 0 0 0 0 0 39 140 12.73
1 0 0 0 0 0 3 161 162 163 0 80 9.16
5 0 3 8 1 1 3 166 179 185 1 97 13.6
9 0 2 3 4 1 3 164 168 170 1 91 11.05
2 0 8 5 6 3 3 169 171 176 1 120 10.75
6 0 3 7 3 5 3 165 166 167 10 84 13.46
10 0 9 8 3 6 3 174 177 182 16 93 8.46
2 0 10 3 9 5 3 172 173 188 16 147 7.79
6 0 6 7 3 10 3 169 172 180 16 92 12.64
9 0 8 10 10 2 3 171 172 173 10 130 10.82
4 0 5 3 7 8 3 179 184 189 22 133 9.53
3 0 6 9 1 1 3 178 180 181 10 113 10.75
4 1 0 0 0 0 3 174 175 177 19 100 7.5
9 1 0 0 0 0 2 182 187 22 161 13.56
10 0 7 3 9 1 3 176 181 186 19 146 9.34
2 1 0 0 0 0 3 181 183 184 26 108 12.51
1 1 0 0 0 0 3 178 183 184 23 96 8.18
10 0 4 9 6 10 2 182 187 29 155 12.7
2 1 0 0 0 0 3 178 180 183 26 149 8.0
4 0 7 9 2 3 2 179 187 28 100 14.05
3 0 2 10 6 3 2 186 188 32 143 7.9
10 0 8 6 9 3 1 185 28 127 9.0
6 0 3 4 1 1 1 189 29 132 7.73
7 0 10 8 4 3 1 189 39 170 12.55
4 0 5 3 1 1 1 190 28 155 7.75
8 0 9 2 5 1 1 185 28 108 12.6
2 0 1 10 7 9 2 186 188 38 154 7.58
1 0 4 6 10 9 1 190 40 157 10.04
4 0 6 9 3 4 1 190 39 110 8.83
5 0 5 6 10 4 1 191 40 144 8.09
1 0 2 1 6 3 1 191 46 123 8.18
4 0 5 2 5 7 1 191 43 130 7.89
1 0 0 0 0 0 0 47 127 10.68
1 0 0 0 0 0 3 193 194 195 0 135 7.82
2 0 0 0 3 4 3 199 204 208 1 76 13.58
5 0 0 0 5 0 3 196 197 208 1 98 14.13
5 0 8 0 0 0 2 209 210 1 91 11.01
1 0 7 0 2 8 3 199 200 209 6 127 8.76
4 0 10 7 6 0 3 198 201 209 6 86 9.26
2 0 8 2 0 0 3 200 202 207 10 94 8.21
9 0 0 0 2 4 3 201 205 213 7 100 7.73
5 1 0 0 0 0 3 205 206 215 12 103 12.95
4 0 0 6 6 8 3 203 210 218 16 91 11.59
9 1 0 0 0 0 3 211 212 214 12 135 13.06
10 1 0 0 0 0 2 206 216 20 118 9.99
9 1 0 0 0 0 2 206 207 3 141 13.08
5 0 0 9 0 2 3 212 218 221 17 109 8.93
5 0 0 8 0 2 2 211 212 30 159 12.6
2 0 0 10 0 0 3 210 213 214 12 120 8.56
1 0 0 0 0 3 1 219 6 102 10.47
1 0 10 0 0 0 3 213 215 221 10 129 7.99
3 0 2 2 0 8 3 211 216 221 20 146 7.85
2 0 9 0 10 0 1 217 35 130 10.69
5 0 0 9 8 0 2 217 222 35 105 8.67
5 0 0 0 7 6 1 220 16 133 7.77
1 0 0 0 10 0 3 215 217 218 21 101 9.85
2 0 0 0 2 0 1 216 22 122 12.71
8 0 5 0 0 0 2 219 222 30 141 14.13
3 0 6 6 0 0 1 219 40 152 13.81
6 0 0 0 0 6 2 220 222 22 93 10.03
2 0 1 1 2 1 1 220 43 113 8.81
2 0 8 6 10 0 1 223 45 150 8.25
5 0 3 3 0 2 1 223 23 96 12.82
1 0 0 0 8 6 1 223 40 125 9.76
1 0 0 0 0 0 0 47 166 9.13
1 0 0 0 0 0 3 225 226 227 0 119 8.22
5 0 0 0 9 0 3 228 233 245 1 112 11.48
1 0 0 0 0 4 3 239 241 249 1 130 7.57
7 0 0 0 0 7 3 229 231 232 1 100 13.32
6 0 0 0 0 10 3 229 230 232 6 121 10.21
8 0 0 0 0 1 3 235 238 248 12 125 9.3
6 0 0 7 0 0 3 236 240 242 12 101 11.91
10 0 0 0 0 10 3 233 234 239 8 150 7.85
2 0 0 0 0 8 3 235 240 242 12 102 9.95
7 0 8 0 0 0 2 238 244 18 138 9.35
6 0 9 0 0 0 3 237 242 248 18 103 8.69
2 0 0 0 6 0 2 241 244 20 92 12.24
3 0 0 0 0 5 3 244 246 248 18 93 13.31
8 1 0 0 0 0 3 238 240 243 24 136 12.83
4 1 0 0 0 0 3 246 247 252 32 105 11.81
1 0 0 0 0 10 2 243 254 18 111 10.97
4 1 0 0 0 0 3 241 251 252 32 128 9.19
2 0 0 0 0 10 1 247 36 148 12.94
2 0 6 0 0 0 2 246 247 24 154 13.05
10 0 0 0 0 3 1 245 32 157 12.47
6 1 0 0 0 0 2 249 250 25 135 8.71
10 0 10 0 0 0 1 251 42 173 10.21
8 0 0 0 8 0 2 250 253 36 143 10.66
2 1 0 0 0 0 1 250 38 147 10.8
8 1 0 0 0 0 3 249 251 252 24 146 13.16
9 1 0 0 0 0 2 253 254 32 159 10.95
10 0 0 8 0 0 1 254 44 123 8.87
7 0 0 0 0 4 1 253 52 171 12.37
3 1 0 0 0 0 1 255 36 155 10.75
6 0 0 0 5 0 1 255 59 164 13.54
8 0 0 0 1 0 1 255 54 137 11.19
1 0 0 0 0 0 0 65 165 11.08
1 0 0 0 0 0 3 257 258 259 0 85 11.14
10 0 0 0 0 9 3 263 266 277 1 98 10.87
3 0 10 8 10 6 3 260 264 265 1 132 12.61
4 0 0 0 0 1 3 261 267 275 1 129 8.72
9 0 7 6 0 0 3 262 268 274 4 114 7.18
6 0 0 7 9 0 3 265 266 270 5 139 13.08
4 1 0 0 0 0 3 269 276 286 13 141 8.58
7 0 10 3 0 0 3 265 267 273 11 120 7.89
2 1 0 0 0 0 3 270 275 281 4 120 14.0
2 1 0 0 0 0 3 271 276 282 18 152 8.89
4 0 6 2 7 0 3 274 279 280 11 131 10.15
9 0 0 6 1 8 3 271 272 279 18 104 8.81
7 0 5 0 0 0 3 270 271 273 13 89 13.12
2 1 0 0 0 0 3 272 277 279 17 88 10.1
3 1 0 0 0 0 3 272 283 285 20 150 13.56
1 1 0 0 0 0 2 278 286 27 143 9.19
1 1 0 0 0 0 1 284 27 133 13.72
6 1 0 0 0 0 2 278 280 20 106 10.8
6 0 6 7 0 10 3 276 278 282 15 133 9.14
1 0 0 0 2 0 3 277 280 284 6 120 8.22
2 1 0 0 0 0 1 281 21 109 11.97
3 1 0 0 0 0 1 285 19 97 10.09
8 0 0 5 3 0 1 281 28 144 12.41
2 0 0 8 7 0 1 282 27 95 12.0
3 1 0 0 0 0 1 286 26 97 7.15
9 0 0 0 0 9 1 283 36 137 7.15
5 0 4 0 9 3 2 283 285 29 139 7.87
10 0 0 7 0 9 1 284 45 128 13.62
9 0 3 0 0 0 1 287 55 165 7.49
10 0 0 0 0 4 1 287 34 141 8.77
5 0 4 0 9 0 1 287 29 121 12.73
1 0 0 0 0 0 0 64 166 8.47
1 0 0 0 0 0 3 289 290 291 0 121 9.32
1 0 2 1 3 7 3 295 297 299 1 84 12.66
5 0 7 3 4 10 2 292 293 1 82 11.25
1 0 7 6 10 1 3 294 295 302 1 115 10.66
9 0 4 8 4 10 2 298 300 6 142 12.3
4 0 3 9 7 10 3 298 303 314 6 137 12.35
6 0 3 9 10 9 3 299 303 306 2 94 13.1
3 0 8 9 10 9 1 296 2 94 9.7
8 0 3 7 4 9 3 301 308 314 5 113 7.4
10 0 4 3 6 4 1 305 2 140 10.1
4 0 2 4 2 1 3 302 310 312 15 138 12.83
6 0 9 6 5 10 1 309 8 130 11.5
10 0 2 7 9 1 3 304 309 316 15 107 13.13
9 0 10 5 4 10 3 303 312 317 13 107 10.12
5 1 0 0 0 0 1 315 19 141 9.63
1 1 0 0 0 0 1 315 22 94 7.24
10 1 0 0 0 0 3 306 310 311 25 106 9.13
2 0 5 7 9 2 2 307 311 12 143 8.79
4 1 0 0 0 0 2 308 313 35 167 12.1
4 1 0 0 0 0 3 312 313 318 14 138 8.22
7 0 8 5 7 3 1 318 39 162 10.86
3 0 7 5 10 5 1 310 25 156 11.44
8 0 7 5 10 10 1 313 35 165 7.96
9 0 8 1 1 4 2 314 317 35 170 10.77
7 0 7 10 6 10 1 315 22 154 7.59
7 0 6 6 7 8 1 317 43 154 8.56
2 0 10 9 7 10 1 318 44 124 9.7
9 0 8 2 9 2 1 316 29 134 13.82
6 0 7 6 2 9 1 319 38 146 11.54
5 0 1 8 8 8 1 319 50 150 9.37
5 0 10 3 1 4 1 319 46 137 12.12
1 0 0 0 0 0 0 55 171 10.44
1 0 0 0 0 0 3 321 322 323 0 96 8.6
2 0 0 6 7 6 3 326 327 328 1 128 12.18
6 0 0 0 8 1 3 324 332 338 1 127 10.96
9 0 9 2 6 3 3 324 325 329 1 114 10.42
9 0 0 7 0 0 3 334 339 341 10 100 10.45
10 0 1 4 9 10 3 335 340 347 10 98 10.06
7 0 2 9 6 0 3 329 331 337 3 97 11.25
10 0 8 8 0 0 2 332 336 3 82 11.12
7 0 0 1 3 8 3 332 334 343 3 102 9.5
5 0 4 8 0 0 3 330 334 341 10 99 7.29
8 0 3 3 9 8 3 333 338 343 15 106 9.38
10 0 10 0 0 7 3 336 342 344 10 94 7.26
2 0 8 6 4 0 3 333 339 345 13 138 10.17
8 0 2 2 1 9 3 335 340 342 23 121 7.23
6 0 0 8 0 3 2 335 336 19 115 8.96
1 1 0 0 0 0 1 348 31 99 10.28
7 1 0 0 0 0 1 350 25 162 12.29
5 0 9 6 0 0 3 338 341 349 10 110 10.74
2 1 0 0 0 0 3 340 344 345 23 148 14.07
4 1 0 0 0 0 2 346 349 19 127 10.53
3 1 0 0 0 0 2 348 350 31 99 10.66
10 1 0 0 0 0 3 342 344 345 19 146 13.74
10 0 0 8 4 0 1 348 31 135 11.79
3 0 0 8 0 5 2 347 349 23 142 7.26
3 1 0 0 0 0 1 346 29 137 12.6
7 0 7 9 1 2 1 346 29 108 12.27
8 0 4 0 9 0 1 347 36 157 11.74
7 0 2 7 8 0 1 350 44 121 8.85
4 0 4 4 8 4 1 351 41 151 8.54
9 1 0 0 0 0 1 351 26 136 9.66
1 0 1 8 2 2 1 351 51 117 10.83
1 0 0 0 0 0 0 52 174 12.39
1 0 0 0 0 0 3 353 354 355 0 115 9.95
8 0 6 3 8 5 3 356 357 365 1 94 7.19
6 0 8 10 7 4 1 364 1 111 12.17
6 0 7 10 3 2 3 357 358 369 1 86 7.12
8 0 4 8 6 6 3 359 362 370 9 85 9.69
3 0 9 6 7 5 2 367 373 9 90 13.92
9 0 10 9 6 4 3 360 366 378 7 85 10.51
7 0 8 8 4 2 3 363 375 378 17 137 8.21
10 0 6 5 5 10 3 361 368 372 16 93 9.59
9 0 4 10 6 7 1 365 26 154 13.8
9 0 10 10 4 6 2 372 379 17 94 14.14
2 1 0 0 0 0 2 369 377 24 142 13.63
3 0 4 4 3 1 3 368 369 374 7 77 12.62
2 0 10 4 10 6 1 382 35 161 10.78
2 0 2 5 1 9 2 371 382 16 145 13.56
1 0 1 6 8 6 1 371 12 91 8.5
2 0 9 2 7 9 1 380 26 93 8.65
9 0 9 2 8 1 1 376 26 120 9.05
6 1 0 0 0 0 2 376 377 17 104 12.25
7 0 8 9 10 2 2 372 375 18 107 13.42
9 0 6 4 9 7 1 376 26 160 9.9
6 0 1 10 8 10 2 374 382 12 125 13.48
5 1 0 0 0 0 2 375 378 18 123 11.44
4 0 7 6 8 4 2 377 379 25 129 8.14
2 0 5 3 9 3 2 380 381 35 123 7.21
2 0 10 9 7 8 1 381 29 119 8.39
8 0 9 1 3 10 2 379 380 24 116 13.87
6 0 5 1 10 4 1 381 32 148 11.29
7 0 8 9 8 7 1 383 37 162 11.11
3 0 1 10 1 8 1 383 38 113 8.54
3 0 6 8 8 4 1 383 37 108 10.96
1 0 0 0 0 0 0 44 172 9.75
74.83 94.76 78.09 74.49 75.47 99.0 101.31 143.85 156.25 125.92 105.16 84.75 86.48 111.71 119.08 118.0 134.4 157.07 153.35 163.26 165.13 142.18 109.0 73.96 36.5 64.29 65.24 16.73 73.9 95.38 132.63 160.0 130.0 134.47 135.0 134.0 138.1 160.0 150.0 135.0 135.0 135.0 140.0 150.0 130.67 108.87 98.17 74.79 91.9 74.49 72.45 70.87 74.49 94.72 149.35 147.92 137.4 125.56 109.89 102.38 105.53 110.01 120.0 135.31 144.73 153.96 148.64 148.16 136.35 127.09 116.13 104.77 103.8 103.02 101.14 98.67 102.42 106.11 129.74 147.26 161.7 153.5 145.17 137.77 126.54 122.34 126.62 131.61 130.26 127.73 131.49 120.2 113.36 100.29 100.01 89.06 87.67 80.5 80.4 79.14 71.98 82.15 92.68 112.27 136.85 135.41 123.57 113.59 107.43 105.01 110.01 128.69 131.41 141.55 143.35 140.01 134.75 122.51 120.0 114.97 108.67 99.83 96.52 93.17 92.34 94.05 96.3 93.82 109.69 105.89 103.46 99.74 96.81 93.15 100.72 104.76 106.95 115.88 120.91 111.7 110.66 104.72 104.39 106.2 87.22 86.15 87.87 85.27 85.0 85.48 87.52 101.75 117.68 120.07 117.77 105.61 102.99 99.61 105.09 119.43 133.94 141.84 146.66 143.9 135.34 127.63 121.36 114.9 112.39 105.07 104.46 100.37 100.0 110.15 140.28 180.0 220.91 173.53 141.49 121.08 114.26 118.34 119.76 141.59 134.07 146.21 147.81 138.69 118.5 118.19 115.57 103.84 108.44 105.52 101.09 99.84 103.23 108.88 147.76 159.75 183.97 151.94 123.72 117.43 112.05 112.97 115.35 123.7 122.33 145.63 155.13 148.25 126.47 100.8 114.93 127.32 106.14 111.75 110.48 108.91 105.85 108.88 128.02 189.75 301.07 307.36 299.88 294.05 299.39 296.95 277.91 278.85 320.03 368.41 320.52 268.72 180.95 151.2 140.72 123.9 126.14 117.84 117.38 114.72 114.38 120.87 128.06 162.75 197.25 175.0 151.9 140.64 132.21 133.21 138.91 159.07 171.96 187.68 184.32 179.97 159.6 138.33 140.96 127.6 119.83 121.5 118.11 115.27 115.58 121.93 140.8 175.01 208.13 175.34 158.0 140.74 126.44 124.03 133.25 151.98 166.42 178.02 179.92 174.22 157.91 145.0 139.97 129.09 126.97 121.42 121.77 118.96 117.46 119.88 118.35 137.54 146.2 144.1 135.94 121.96 118.87 115.01 119.36 132.7 139.43 160.0 167.57 167.85 156.12 143.42 136.4 129.36 130.04 125.6 124.18 121.24 120.18 120.0 121.77 124.65 123.74 126.82 127.5 126.21 112.25 107.51 116.81 126.88 136.94 144.8 155.42 152.75 143.82 134.7 136.78 124.72 122.64 120.11 116.64 114.41 115.45 130.43 157.86 262.23 418.43 291.7 236.29 196.09 181.38 171.39 191.9 277.05 381.61 563.13 473.28 295.57 220.0 170.0 164.46 146.37 128.04 124.74 116.86 109.16 104.41 107.58 118.07 139.33 182.65 185.39 180.0 141.91 123.12 124.43 125.4 167.12 199.3 284.16 244.75 200.27 172.45 153.82 136.59 121.22 128.83 125.47 122.91 122.4 124.01 124.98 140.01 168.87 229.46 199.41 179.06 172.94 165.0 170.0 179.92 193.22 173.93 181.09 165.0 150.33 104.81 117.61 127.0 104.67 108.01 103.33 108.55 103.09 98.75 108.01 140.0 136.6 155.0 170.0 149.61 151.0 148.85 160.59 151.9 155.0 140.0 132.7 130.72 141.07 140.0 134.36 132.7 100.02 108.01 108.01 85.9 84.59 84.59 112.01 150.0 159.79 165.0 155.0 155.0 145.0 164.97 161.9 165.0 150.0 142.98 150.0 144.92 120.72 112.52 84.59 78.49 69.69 78.81 79.28 85.0 85.89 83.08 87.35 86.48 93.34 99.43 97.58 90.98 88.95 84.76 83.83 93.78 111.34 128.12 143.36 148.87 143.84 134.26 137.76 136.07 122.98 128.16 117.41 113.77 108.6 107.9 110.17 112.83 120.0 127.4 124.96 108.2 103.36 97.14 92.16 105.97 114.2 129.53 135.05 124.79 113.78 111.15 100.88 82.0 77.55 74.89 70.06 38.09 41.5 74.3 80.24 229.52 262.77 179.0 139.31 99.15 95.78 129.35 105.39 131.67 150.0 165.0 145.0 130.0 165.0 145.44 116.26 130.0 88.67 79.25 80.38 81.28 80.57 84.17 101.8 122.89 133.83 146.8 132.61 125.2 120.56 118.25 121.75 125.94 135.95 146.66 152.24 141.76 133.9 118.07 94.05 100.5 86.66 86.54 84.95 81.03 79.81 84.95 95.93 119.06 133.72 144.22 133.53 108.03 91.41 85.6 86.04 92.91 115.15 119.94 140.72 150.0 145.35 135.08 123.06 115.19 100.21 97.39 97.02 96.22 97.37 96.94 111.24 141.97 153.11 160.3 151.64 132.75 123.25 113.85 113.3 129.8 153.72 161.45 178.92 174.84 161.29 150.56 134.48 126.66 120.2 120.0 117.35 114.01 114.01 116.58 121.01 154.37 159.87 163.7 154.82 130.1 126.2 120.06 121.19 119.89 151.47 168.59 184.56 184.48 178.99 162.66 152.7 152.38 134.97 139.56 131.39 125.78 119.17 119.22 120.86 127.18 144.74 153.46 142.44 128.4 120.08 110.29 103.4 113.7 129.91 155.04 168.01 167.41 162.98 156.6 145.24 141.73 131.74 133.26 126.91 122.99 120.66 122.34 123.41 128.09 135.9 137.3 137.7 130.04 129.33 122.24 111.88 116.65 128.89 153.14 165.25 172.32 173.95 165.5 155.77 148.44 133.24 129.54 126.63 124.72 120.04 123.24 127.77 159.18 207.88 243.23 178.04
