384 5
1 40 35 37 39
1 0 0 0 0 0 3 1 2 3 0 83 35.12
4 0 0 10 10 0 3 12 13 17 1 115 26.25
10 0 10 3 4 0 2 10 12 1 108 30.13
4 0 8 0 0 0 3 4 5 6 1 101 41.94
5 0 0 2 1 3 2 7 19 5 140 38.42
8 0 6 0 7 0 2 21 29 5 121 43.2
2 0 0 0 4 6 1 22 5 78 27.61
2 0 0 10 3 0 2 8 9 10 88 31.08
10 0 9 0 0 10 1 16 12 94 31.16
2 0 0 0 0 1 3 11 14 27 12 92 24.86
6 1 0 0 0 0 2 13 25 11 95 30.66
7 0 0 1 0 0 1 23 14 136 43.06
2 1 0 0 0 0 3 15 26 28 11 129 45.75
10 0 0 7 0 2 1 20 17 142 33.03
4 0 0 0 0 8 1 30 14 128 34.36
9 1 0 0 0 0 1 30 13 137 27.32
2 1 0 0 0 0 2 18 24 22 125 44.79
8 1 0 0 0 0 1 21 5 148 34.0
6 0 0 0 0 6 1 21 24 104 28.68
8 0 0 5 10 4 1 22 10 107 43.61
4 0 5 0 0 6 1 28 27 111 46.82
3 0 0 9 0 7 1 27 30 118 27.18
1 0 6 7 0 0 1 27 18 113 26.47
2 0 5 0 0 5 1 29 21 111 32.55
4 0 5 0 1 5 2 25 26 24 144 44.73
6 0 7 0 6 1 1 30 28 105 45.88
5 0 0 0 10 0 1 29 28 128 35.81
1 0 0 1 10 6 1 28 33 133 46.54
6 0 0 4 6 0 1 31 34 161 31.8
2 0 3 2 0 1 1 31 33 108 43.28
5 0 4 0 0 1 1 31 34 160 32.87
1 0 0 0 0 0 0 40 117 41.5
1 0 0 0 0 0 3 33 34 35 0 130 39.22
3 0 0 0 0 4 3 36 52 57 1 100 46.02
4 0 4 9 1 4 1 47 1 79 41.24
2 0 4 0 2 0 1 45 1 105 46.66
10 0 6 2 10 0 3 37 39 41 4 84 25.75
9 0 0 9 10 0 3 38 40 43 14 102 38.94
5 0 4 0 0 0 3 42 48 49 23 97 24.01
3 1 0 0 0 0 1 51 14 125 45.11
9 0 4 0 6 0 2 42 46 23 109 31.48
5 0 10 4 0 0 2 43 59 14 135 42.71
7 1 0 0 0 0 1 44 32 130 46.96
6 1 0 0 0 0 2 46 50 23 133 46.54
1 0 0 0 4 0 1 61 39 170 39.08
9 0 5 4 0 6 1 54 3 93 36.82
4 0 1 0 0 0 1 61 32 132 44.29
8 0 2 0 0 9 1 49 5 145 32.05
9 1 0 0 0 0 1 55 28 127 25.4
9 1 0 0 0 0 1 55 28 165 27.95
4 0 0 10 6 0 1 53 29 138 40.09
2 0 0 0 0 6 1 58 17 92 26.96
4 0 9 3 0 0 3 55 58 62 4 80 45.36
2 0 5 0 0 0 1 62 33 102 43.47
5 0 0 3 0 1 2 58 59 12 148 32.71
4 0 3 0 5 4 1 56 37 165 46.67
9 0 0 3 6 8 1 60 41 147 26.36
1 1 0 0 0 0 2 61 62 4 135 35.27
10 0 6 0 0 0 1 60 19 118 34.21
8 0 6 5 0 10 1 60 19 111 36.34
7 0 6 0 0 0 1 63 50 160 32.42
7 0 9 0 0 0 1 63 40 141 29.28
8 0 0 0 4 0 1 63 35 153 26.22
1 0 0 0 0 0 0 57 136 28.79
1 0 0 0 0 0 3 65 66 67 0 71 46.86
7 0 0 0 10 0 3 73 84 91 1 113 28.27
8 0 0 8 0 0 3 69 70 77 1 133 37.73
9 0 8 0 0 0 3 68 75 91 1 108 30.68
3 0 0 3 0 0 3 77 82 89 10 99 39.15
6 0 0 0 10 0 3 78 84 88 9 86 25.12
4 0 0 0 1 0 3 71 76 78 9 112 35.77
6 0 0 0 0 3 3 72 74 91 13 114 41.95
8 1 0 0 0 0 3 80 81 84 19 156 40.31
2 0 6 0 0 0 3 74 78 79 8 78 37.98
5 0 0 0 10 0 3 80 87 90 19 133 38.32
8 0 0 8 0 0 3 77 86 93 10 119 41.07
4 0 0 7 0 0 3 79 81 93 13 94 35.06
10 1 0 0 0 0 2 83 87 18 101 34.73
4 0 0 10 0 0 2 81 82 15 116 44.79
4 1 0 0 0 0 2 80 86 17 118 25.75
4 1 0 0 0 0 3 82 83 88 27 116 47.26
1 0 0 0 8 0 3 83 90 94 27 134 34.93
4 0 7 0 0 0 2 85 94 31 164 45.23
2 0 0 3 0 0 1 85 31 128 26.74
2 1 0 0 0 0 2 85 86 27 105 26.25
2 0 0 0 0 6 1 92 35 130 45.55
1 1 0 0 0 0 3 87 89 90 29 123 33.5
9 0 5 0 0 0 1 92 30 107 30.41
5 0 0 0 0 5 1 89 31 120 36.08
4 0 0 0 0 9 1 94 36 120 25.85
7 0 2 0 0 0 1 92 30 105 30.63
4 0 0 0 0 10 1 93 19 98 43.66
8 0 0 0 0 8 1 95 39 164 27.65
7 1 0 0 0 0 1 95 23 102 44.33
4 0 0 0 0 8 1 95 40 139 27.71
1 0 0 0 0 0 0 47 161 24.18
1 0 0 0 0 0 3 97 98 99 0 127 35.82
2 0 10 9 2 5 3 100 102 103 1 81 41.11
2 0 10 7 8 3 3 100 103 111 1 132 30.84
10 0 0 0 10 0 3 108 110 119 1 136 27.6
6 0 2 1 8 0 3 101 107 118 3 120 40.06
1 0 2 9 0 3 2 115 116 9 137 42.0
2 0 2 5 6 0 3 104 111 115 3 131 30.28
9 0 8 4 10 9 3 104 105 112 3 86 26.21
1 0 0 6 10 9 3 106 108 110 12 85 27.03
6 0 2 5 0 0 3 108 113 117 12 97 24.74
10 0 0 10 0 6 1 109 13 126 46.67
6 0 8 10 6 4 3 110 112 116 9 141 35.24
7 0 3 0 10 0 3 118 120 123 18 141 34.74
5 1 0 0 0 0 2 114 116 23 129 37.78
7 0 4 4 2 0 2 121 122 15 92 46.23
10 0 7 3 9 10 3 117 120 122 5 111 44.34
10 0 5 0 5 6 3 114 115 121 15 113 37.12
4 0 7 2 3 4 3 114 118 119 18 99 31.27
4 1 0 0 0 0 1 122 28 149 27.31
8 1 0 0 0 0 3 120 124 125 25 142 47.82
6 1 0 0 0 0 1 117 28 136 37.03
4 0 5 6 0 2 1 119 34 131 31.59
1 1 0 0 0 0 1 126 25 118 43.13
5 0 2 4 5 2 3 121 123 126 38 148 25.16
2 0 7 5 4 1 1 126 33 109 39.79
5 0 0 7 8 2 2 124 125 43 163 37.06
1 1 0 0 0 0 1 123 32 111 35.86
8 0 5 0 9 9 2 124 125 43 138 24.16
6 0 7 0 0 0 1 127 51 179 46.91
1 0 1 3 9 0 1 127 51 141 42.83
3 0 5 0 7 3 1 127 43 144 27.23
1 0 0 0 0 0 0 57 150 37.95
1 0 0 0 0 0 3 129 130 131 0 131 25.31
10 0 0 6 4 0 3 132 147 148 1 137 40.54
2 0 6 0 6 0 3 133 134 137 1 117 43.35
5 0 0 8 9 5 2 142 154 1 107 37.72
7 0 2 0 7 3 3 138 149 155 11 148 43.58
2 0 10 5 5 10 3 135 139 152 3 121 33.29
7 0 0 0 3 3 2 140 141 3 137 34.84
9 0 3 5 4 8 3 136 144 145 5 136 29.22
6 1 0 0 0 0 1 157 14 140 25.82
3 0 0 9 10 1 1 150 3 105 43.62
9 0 0 10 1 10 1 153 18 121 42.38
9 0 4 0 1 7 2 142 144 5 83 32.83
4 0 7 0 6 1 3 143 146 156 10 147 32.98
10 0 0 0 7 5 1 149 10 94 30.21
5 0 1 4 0 2 1 151 14 143 36.95
6 1 0 0 0 0 1 150 14 96 40.2
5 0 2 0 5 10 1 158 14 130 26.83
5 0 0 4 7 1 1 155 14 105 39.43
7 1 0 0 0 0 1 153 14 135 47.59
10 0 0 7 0 8 1 150 11 111 34.83
6 1 0 0 0 0 1 155 11 136 32.44
5 0 9 3 6 0 1 157 20 151 46.07
4 0 1 9 0 1 1 152 21 111 47.18
9 0 3 4 0 8 1 156 19 137 31.63
1 0 8 0 8 6 1 158 25 151 33.59
2 0 4 2 2 10 1 157 27 97 40.6
2 0 3 5 7 10 1 156 6 95 42.37
10 0 9 9 8 10 1 158 19 118 39.31
8 0 10 9 5 4 1 159 28 154 37.2
4 0 0 8 8 5 1 159 29 114 45.74
3 0 0 4 2 10 1 159 29 104 34.24
1 0 0 0 0 0 0 36 134 44.76
1 0 0 0 0 0 3 161 162 163 0 80 36.2
5 0 2 2 3 4 3 166 168 172 1 77 42.03
10 0 4 6 1 9 2 169 173 1 106 33.87
5 0 10 4 1 3 3 164 165 170 1 122 32.85
2 0 1 6 6 1 3 169 178 183 6 112 41.21
3 0 9 4 9 1 3 168 172 180 6 80 30.98
3 0 7 3 3 4 3 167 173 174 6 119 28.46
3 1 0 0 0 0 3 177 179 190 9 88 35.58
5 0 1 10 8 5 3 176 179 181 9 115 46.35
8 0 8 9 5 8 3 182 186 187 11 111 34.08
2 0 9 10 2 1 3 171 174 179 6 110 29.99
3 0 8 5 1 3 3 175 178 185 8 140 42.57
9 0 1 3 2 8 3 173 174 177 9 131 28.22
9 0 1 1 9 3 3 181 183 190 18 148 34.29
6 0 10 9 10 6 2 176 185 18 146 37.47
3 0 3 6 7 2 3 177 180 181 11 149 36.05
5 1 0 0 0 0 3 178 183 187 24 95 36.15
5 1 0 0 0 0 2 184 189 18 105 25.21
1 0 10 1 6 3 2 182 188 29 148 38.59
2 0 9 10 7 5 3 185 186 187 14 131 37.91
6 1 0 0 0 0 1 182 14 147 43.14
9 1 0 0 0 0 1 184 27 122 33.29
9 0 6 4 7 9 1 190 30 119 40.71
4 1 0 0 0 0 2 184 189 29 113 26.99
7 0 6 7 6 3 1 186 36 121 36.21
6 0 4 10 5 8 1 188 24 125 29.6
10 0 10 3 10 1 1 188 43 118 28.45
10 0 1 3 7 1 1 189 29 109 27.41
4 0 8 5 1 1 1 191 53 140 40.87
7 0 9 1 3 10 1 191 39 139 24.17
6 0 5 7 5 10 1 191 39 147 33.94
1 0 0 0 0 0 0 57 121 45.59
1 0 0 0 0 0 3 193 194 195 0 122 33.5
4 0 5 5 0 10 2 199 203 1 102 34.59
8 0 5 3 6 4 3 197 205 214 1 141 43.42
8 0 2 5 0 10 3 196 198 203 1 118 35.85
4 0 3 7 7 0 3 197 206 207 9 98 28.2
1 0 9 0 1 5 3 200 201 213 13 94 39.33
7 0 4 9 7 0 3 200 201 202 9 145 29.58
9 0 2 0 0 10 3 202 205 210 5 135 38.74
3 0 4 0 0 4 3 209 215 216 16 109 25.55
8 1 0 0 0 0 2 209 215 16 148 31.18
5 1 0 0 0 0 2 211 217 16 118 26.98
2 0 0 6 10 8 3 204 212 213 9 113 36.19
10 0 9 1 5 0 3 207 210 211 11 125 44.41
3 0 7 9 0 9 2 207 208 14 120 28.09
3 0 0 0 1 4 3 211 212 218 13 111 35.04
8 0 7 0 0 3 3 216 217 219 21 126 36.2
4 1 0 0 0 0 3 209 213 216 17 145 39.36
7 0 4 4 5 3 2 212 219 24 161 28.81
10 0 8 10 6 7 3 214 218 221 21 103 39.83
4 1 0 0 0 0 1 214 21 100 31.57
7 0 3 0 3 9 1 220 31 149 36.31
4 1 0 0 0 0 3 215 217 219 21 132 36.61
1 0 8 0 9 0 1 222 31 110 40.23
10 0 0 1 7 4 1 221 25 139 26.24
8 0 4 10 10 9 1 222 29 116 31.69
4 0 0 10 0 0 1 218 29 161 46.16
8 0 0 2 7 6 1 220 33 130 26.72
2 0 1 7 3 4 3 220 221 222 31 151 43.91
2 0 4 2 4 6 1 223 41 166 43.6
6 0 6 3 1 0 1 223 35 113 33.29
2 0 0 4 7 4 1 223 37 133 31.93
1 0 0 0 0 0 0 43 128 36.73
1 0 0 0 0 0 3 225 226 227 0 118 44.85
9 0 6 3 4 9 3 228 229 233 1 79 42.92
10 0 3 3 6 10 3 229 245 246 1 136 26.25
4 0 8 3 10 1 3 232 233 243 1 104 37.68
1 0 4 2 10 7 3 230 231 234 10 82 35.6
9 0 6 5 3 10 3 230 237 240 11 153 44.52
4 0 6 1 10 4 2 242 244 20 134 39.95
6 0 8 2 4 5 3 235 237 246 11 89 46.0
1 0 7 4 5 5 3 237 238 251 5 123 41.33
1 0 2 5 1 1 3 236 242 244 10 144 42.04
2 0 2 10 9 3 3 238 241 248 11 145 25.44
3 0 7 3 4 9 3 236 239 240 17 136 29.39
4 1 0 0 0 0 3 238 248 250 20 94 41.22
7 0 9 4 8 4 1 247 20 124 40.25
10 0 1 4 1 10 1 245 24 148 44.2
8 0 1 8 5 6 3 241 242 245 20 99 37.55
9 0 5 9 3 4 3 241 248 249 20 156 33.93
7 1 0 0 0 0 2 243 252 29 117 32.83
4 1 0 0 0 0 3 247 249 251 28 154 46.82
9 0 5 6 10 3 2 244 247 36 138 31.84
10 0 7 2 2 9 2 250 251 45 178 40.29
5 0 6 6 1 1 1 249 34 124 35.67
10 0 6 1 8 8 2 250 252 17 107 35.54
8 0 10 8 6 5 2 253 254 45 116 25.28
9 0 2 7 3 4 1 252 29 107 41.42
1 0 8 9 2 2 1 254 39 123 40.57
5 0 2 4 2 9 2 253 254 55 130 24.12
6 0 8 10 9 3 1 253 55 140 39.99
8 0 5 10 4 10 1 255 38 137 32.17
5 0 1 7 6 8 1 255 61 145 38.05
6 0 4 8 1 10 1 255 60 176 40.01
1 0 0 0 0 0 0 66 151 36.46
1 0 0 0 0 0 3 257 258 259 0 69 26.11
9 0 10 0 0 0 3 260 268 271 1 104 38.5
10 0 0 6 3 0 3 261 264 277 1 83 31.01
9 0 0 7 0 0 3 260 263 264 1 107 25.58
9 0 5 2 5 0 2 266 273 10 89 37.22
2 0 0 0 6 3 3 262 263 267 11 143 41.69
6 0 0 1 0 7 3 265 266 269 13 90 25.32
10 0 5 0 8 0 3 268 270 271 13 150 46.52
10 1 0 0 0 0 1 276 11 137 35.86
3 1 0 0 0 0 3 268 273 278 19 138 31.74
10 1 0 0 0 0 3 274 278 286 19 121 40.45
9 0 4 0 0 0 2 275 285 13 133 37.4
4 0 0 0 0 10 3 272 274 283 23 141 45.92
8 0 5 2 8 0 3 272 273 278 19 139 39.24
2 1 0 0 0 0 3 272 274 286 23 154 26.57
3 1 0 0 0 0 3 279 281 283 23 123 34.07
9 0 2 0 0 3 3 275 276 281 27 140 43.39
1 0 2 10 0 7 3 280 282 283 27 146 46.29
6 1 0 0 0 0 3 275 276 281 29 143 36.97
8 0 7 0 0 0 1 279 36 172 28.16
2 1 0 0 0 0 1 280 36 140 40.5
8 0 10 1 0 0 1 284 11 144 40.01
3 0 5 0 0 2 2 279 285 29 161 43.46
7 0 10 2 0 0 2 280 282 44 178 35.0
3 0 6 0 7 6 1 284 51 146 42.79
10 0 4 1 0 7 2 282 285 36 152 30.9
8 0 0 8 0 7 1 284 51 126 25.16
1 1 0 0 0 0 1 286 28 132 41.13
2 0 5 0 0 0 1 287 59 133 26.99
5 0 0 9 0 8 1 287 46 157 39.43
6 1 0 0 0 0 1 287 29 114 30.57
1 0 0 0 0 0 0 61 158 46.76
1 0 0 0 0 0 3 289 290 291 0 123 35.5
6 0 0 0 2 0 3 293 299 305 1 96 38.57
9 0 9 0 0 0 2 310 313 1 83 36.42
5 0 0 0 2 0 3 292 297 317 1 105 45.1
7 0 0 0 0 6 3 294 306 308 6 123 46.79
5 0 0 3 0 0 3 295 296 301 7 104 47.24
9 1 0 0 0 0 2 302 305 13 97 41.89
9 0 0 0 0 9 2 298 309 12 113 37.57
9 0 0 0 0 6 1 300 12 143 35.36
1 0 4 0 0 0 1 310 6 88 41.1
1 0 0 0 0 6 1 303 21 92 33.22
6 0 0 3 0 0 2 304 314 7 128 39.9
5 1 0 0 0 0 1 303 21 109 38.54
3 0 0 8 0 0 2 304 315 12 132 32.21
3 1 0 0 0 0 1 315 22 143 28.46
2 0 0 7 0 0 2 312 316 26 140 30.11
5 1 0 0 0 0 1 311 15 152 25.79
4 0 0 0 0 8 1 310 22 121 33.88
8 0 0 0 0 1 1 307 13 108 25.52
8 0 0 0 10 0 1 311 21 115 46.27
2 0 0 3 0 0 1 313 13 87 45.05
2 1 0 0 0 0 1 317 21 114 41.47
3 0 0 0 3 0 2 314 315 26 129 41.8
6 0 0 0 0 4 1 318 29 134 25.88
9 0 0 0 9 0 1 318 28 119 33.25
4 0 0 0 0 4 1 316 15 113 25.43
2 0 0 2 0 0 1 316 29 141 45.4
2 0 2 0 0 0 1 318 29 154 39.04
3 0 2 0 0 0 1 319 31 156 26.28
2 1 0 0 0 0 1 319 23 98 29.55
3 0 0 0 9 0 1 319 37 166 45.01
1 0 0 0 0 0 0 40 153 44.9
1 0 0 0 0 0 3 321 322 323 0 75 44.77
6 0 0 0 6 0 3 324 326 329 1 78 37.78
10 0 2 0 0 0 2 340 346 1 116 34.95
8 0 0 1 0 0 1 327 1 102 26.52
7 0 2 0 0 0 2 325 328 7 146 47.77
2 0 4 0 0 0 2 334 348 14 102 43.6
4 0 0 0 0 9 2 330 339 7 133 42.89
1 0 10 0 0 0 3 337 338 341 9 111 32.31
4 0 0 0 0 4 1 331 14 137 26.12
7 0 0 3 0 0 3 332 343 344 7 93 32.63
9 0 0 0 0 5 2 333 342 11 150 29.24
6 1 0 0 0 0 1 343 18 150 44.48
2 0 0 0 2 0 1 339 14 129 46.78
6 0 3 0 0 0 1 341 20 100 39.66
6 0 0 0 1 0 3 335 336 347 16 120 40.46
7 0 10 0 0 0 1 350 22 118 40.69
4 1 0 0 0 0 2 337 345 22 143 32.97
3 1 0 0 0 0 1 349 26 155 32.49
9 0 0 9 0 0 1 339 10 132 45.14
1 1 0 0 0 0 1 349 19 152 32.62
4 0 3 0 0 0 1 342 11 94 43.62
7 0 0 0 9 0 1 347 26 125 38.49
2 1 0 0 0 0 1 347 20 121 27.73
5 0 0 8 0 0 2 346 349 24 113 37.37
8 0 0 5 0 0 1 345 14 133 34.35
1 1 0 0 0 0 1 346 26 108 39.54
6 0 0 0 0 6 1 350 29 157 42.57
9 0 6 0 0 0 1 350 33 137 35.7
8 0 0 0 9 0 1 351 16 153 29.45
8 0 0 0 0 3 1 351 29 110 41.7
6 0 0 0 8 0 1 351 42 137 24.71
1 0 0 0 0 0 0 48 146 32.09
1 0 0 0 0 0 3 353 354 355 0 112 44.79
6 0 5 0 0 0 2 356 359 1 94 39.67
5 0 5 2 8 10 3 360 362 371 1 110 45.88
3 0 8 0 0 0 2 360 363 1 78 32.38
3 0 3 0 5 0 1 357 7 79 29.33
8 0 7 6 0 0 2 358 373 10 118 29.23
6 0 1 0 1 0 1 380 18 125 36.96
8 0 0 7 0 9 3 365 366 376 7 110 40.94
8 0 0 0 9 0 3 361 364 374 6 113 33.2
6 0 0 8 2 0 1 370 14 102 29.01
10 0 9 0 0 0 2 363 372 6 95 45.49
8 0 0 0 2 7 1 380 16 105 24.89
8 0 5 2 2 0 2 367 368 14 118 41.54
6 0 0 0 0 5 2 369 375 15 135 39.54
5 0 10 7 2 4 2 369 373 15 134 41.19
2 1 0 0 0 0 2 369 372 22 125 41.7
9 1 0 0 0 0 2 375 382 22 106 37.44
7 1 0 0 0 0 1 379 24 134 33.16
5 1 0 0 0 0 1 375 20 134 27.87
4 0 2 0 8 0 1 378 6 109 45.62
3 1 0 0 0 0 1 381 24 111 33.93
10 0 0 5 0 3 1 379 20 121 29.66
8 0 0 0 0 9 1 380 14 139 43.14
6 0 0 7 0 3 1 377 31 116 31.89
1 0 9 5 6 0 1 377 15 93 32.77
8 0 7 0 4 0 1 378 37 112 36.04
6 0 5 0 8 7 1 381 45 114 31.37
5 0 0 0 10 0 1 382 31 152 31.45
8 1 0 0 0 0 1 383 24 145 38.46
1 0 10 0 5 7 1 383 51 123 45.09
9 0 0 8 0 0 1 383 36 120 41.99
1 0 0 0 0 0 0 52 136 41.06
88.35 86.84 83.37 85.41 87.18 100.46 132.06 176.44 144.5 108.02 84.23 64.57 27.99 23.89 30.0 65.29 83.54 105.14 131.7 173.84 164.32 137.8 116.32 102.52 94.89 88.85 90.16 91.48 93.25 108.74 146.31 180.55 136.77 91.31 81.16 81.04 50.08 47.9 59.1 65.55 78.47 92.0 115.0 173.66 174.75 140.84 122.64 107.28 108.64 99.74 97.29 97.64 98.63 114.12 158.07 175.56 131.56 100.44 84.16 66.16 15.48 11.03 26.56 48.59 72.36 89.44 102.39 125.0 130.89 105.0 98.55 100.49 94.84 92.22 91.47 90.69 93.35 101.32 137.63 174.11 136.88 103.38 87.12 68.25 39.09 2.49 0.08 2.22 64.43 72.67 105.23 153.82 157.98 101.14 85.74 83.58 74.31 70.36 64.32 64.99 67.44 88.93 114.0 111.57 90.0 61.39 13.78 0.22 -1.39 -5.06 -4.33 -0.1 15.07 65.62 115.85 140.11 161.49 135.22 123.11 108.14 109.28 105.89 102.31 99.94 100.8 100.77 105.85 101.16 96.91 68.05 20.19 0.0 -8.45 -34.11 -36.54 -14.41 -0.19 61.75 112.99 151.66 139.9 99.59 78.0 45.94 53.65 44.72 41.89 41.54 31.8 33.0 35.93 27.75 13.15 8.43 0.0 -0.02 -3.32 -18.84 -25.38 -9.93 -0.01 20.31 100.0 123.71 120.0 109.0 104.94 96.64 89.92 84.78 84.1 84.37 86.9 99.45 125.0 152.11 144.03 107.54 95.55 76.31 60.49 61.64 66.22 75.8 84.6 99.0 124.29 185.27 158.68 106.12 83.42 79.36 77.96 76.79 70.01 67.27 69.42 75.27 85.46 95.0 100.0 95.0 70.41 92.74 91.28 90.01 80.01 75.01 69.89 86.57 108.76 137.32 145.94 113.58 105.8 97.2 89.32 83.81 84.44 84.93 88.01 103.34 124.04 135.68 109.94 82.49 59.41 37.67 19.62 12.15 13.1 31.9 65.62 94.94 118.39 157.87 154.65 121.83 109.97 98.59 90.44 85.33 83.48 82.34 83.84 90.43 109.6 123.17 124.43 90.0 61.14 45.95 43.0 40.84 36.53 74.14 87.15 100.0 114.39 131.02 124.3 114.17 98.9 96.72 90.26 81.14 78.44 77.73 77.6 77.4 80.0 86.52 88.46 89.0 88.96 86.31 77.82 67.28 65.05 67.51 77.77 91.86 106.14 126.23 133.75 118.8 108.83 101.95 91.61 81.89 86.4 84.44 86.95 92.98 97.71 94.12 82.13 59.9 19.4 4.54 0.0 -2.72 -6.57 -0.78 0.2 66.51 105.94 130.84 149.1 130.44 111.58 99.44 101.48 96.74 97.58 98.3 98.66 103.07 103.5 86.91 63.7 5.8 -0.69 -30.5 -80.69 -84.89 -54.65 -7.53 0.0 68.65 107.04 116.77 142.51 133.91 121.69 110.95 107.96 98.59 95.84 95.98 98.32 98.32 95.72 89.98 79.86 55.56 18.77 9.09 -14.57 -22.49 -0.94 9.53 47.56 84.28 101.2 121.53 139.09 132.1 122.77 106.49 96.63 89.22 87.89 85.33 85.04 98.71 122.53 151.54 140.71 104.45 93.4 83.43 77.19 66.99 71.71 78.64 83.86 101.6 132.36 206.14 259.37 155.9 123.21 111.54 108.66 101.1 99.09 99.12 103.52 111.92 137.55 144.7 123.52 99.89 87.72 88.53 79.59 79.56 86.67 94.26 100.74 109.96 133.14 163.36 169.27 126.8 108.41 97.88 94.72 89.22 87.51 86.32 85.57 92.15 110.82 119.21 117.72 105.07 94.79 89.4 80.72 77.31 78.01 80.04 85.24 97.38 103.94 116.68 121.61 114.48 106.53 93.1 92.38 83.68 82.73 84.31 85.77 95.88 105.04 113.39 108.65 94.86 86.57 74.23 67.93 49.4 42.59 62.77 77.05 85.06 100.08 116.33 123.39 109.63 100.37 92.09 101.25 92.79 91.74 90.3 89.64 91.4 93.54 86.45 71.06 34.45 2.55 -0.01 -5.87 -12.51 -9.86 -2.0 -0.01 30.99 79.17 100.0 107.86 96.21 85.8 73.21 69.11 62.6 58.39 59.28 63.53 68.24 67.96 63.08 35.01 0.04 -3.0 -32.41 -94.9 -123.0 -113.5 -50.5 -5.17 18.35 92.74 110.72 124.48 109.04 99.0 93.85 92.84 87.19 83.31 86.0 91.62 100.01 139.94 131.09 95.79 67.37 9.79 -0.01 -3.67 -5.9 -6.18 -1.54 2.04 72.36 104.34 152.34 196.91 129.07 106.24 96.85 91.27 87.45 82.41 79.94 80.88 91.19 107.09 113.13 94.58 67.9 5.81 0.0 -0.76 -1.9 -1.69 -0.01 14.81 77.49 101.74 139.83 178.26 130.0 109.31 98.19 95.0 90.03 88.19 88.76 92.14 96.36 115.21 120.29 95.59 72.05 7.08 0.0 -1.0 -6.21 -3.0 -0.02 19.91 79.17 102.79 132.19 176.8 127.99 108.47 99.08 98.18 92.44 91.01 91.24 91.18 84.68 83.52 76.04 58.7 0.0 -3.0 -40.1 -81.56 -128.47 -118.34 -49.99 -5.17 39.86 96.49 129.91 164.23 121.97 100.28 86.68 89.09 74.7 64.5 62.85 65.88 75.12 86.99 85.7 75.53 33.29 0.85 -0.01 -0.8 -3.0 -4.0 -0.08 0.3 68.54 100.92 119.84 151.5 121.99 107.54 97.28 98.28 93.84 92.68 92.21 91.19 91.72 92.07 87.0 70.98 13.53 0.01 -0.01 -1.16 -3.04 -2.69 -0.03 0.0 29.09 67.4 75.71 87.88 85.02 78.71 66.8 60.83 45.35 31.65 20.43 20.14 15.58 13.62 7.83 2.93 0.0 -0.01 -0.01 -0.02 -2.0 -5.01 -1.59 -0.01 10.28 81.56 97.26 109.52 110.32 101.26 88.32 72.81 70.95 69.49 72.07 72.92 89.42 109.29 124.51 108.86 93.59 91.92 74.17 62.97 59.93 58.89 70.26 84.06 92.46
