384 5
1 34 35 34 42
1 0 0 0 0 0 3 1 2 3 0 96 18.66
6 0 0 0 7 0 3 10 11 14 1 110 15.53
4 0 0 0 1 0 3 4 7 15 1 149 10.86
2 0 0 0 0 2 1 26 1 81 15.66
1 0 0 0 6 0 3 5 11 13 5 130 20.64
5 0 2 0 0 0 1 6 6 138 16.71
1 0 0 0 0 6 2 8 27 11 152 14.08
3 0 0 9 0 0 2 9 19 5 85 12.32
5 1 0 0 0 0 2 12 20 12 102 11.24
6 0 8 0 0 0 2 16 24 8 150 17.99
6 0 0 0 7 0 2 24 27 7 140 16.19
4 1 0 0 0 0 2 24 28 7 83 11.09
1 1 0 0 0 0 3 21 22 30 17 143 15.76
6 0 0 1 0 0 1 16 6 138 20.28
5 0 0 0 0 2 1 23 7 89 18.87
3 0 0 0 5 0 1 17 5 123 13.54
3 1 0 0 0 0 1 25 14 111 13.81
2 0 7 0 0 0 2 18 22 8 100 19.28
3 0 0 8 0 0 1 21 10 102 20.2
3 1 0 0 0 0 1 28 8 129 18.14
7 0 0 0 0 2 1 30 17 150 12.16
4 1 0 0 0 0 1 23 18 109 21.06
8 0 0 0 0 5 1 23 18 126 13.0
1 0 0 0 0 5 1 28 26 135 18.14
8 0 0 9 0 0 1 29 14 105 14.66
8 0 0 5 0 0 1 27 17 142 17.91
5 0 0 9 0 0 1 29 3 85 15.39
1 0 0 4 0 0 1 29 25 134 20.21
5 0 0 4 0 0 1 31 27 138 11.17
2 0 0 9 0 0 1 31 26 143 19.7
1 0 0 0 0 10 1 31 24 125 16.05
1 0 0 0 0 0 0 32 131 17.67
1 0 0 0 0 0 3 33 34 35 0 121 12.48
2 0 2 5 8 7 3 37 47 48 1 125 19.53
8 0 4 8 1 6 3 36 43 54 1 109 14.48
1 0 9 9 5 9 3 42 44 53 1 92 13.05
10 0 1 2 5 6 3 38 39 40 9 107 11.95
10 0 7 10 1 7 1 56 3 106 16.87
1 1 0 0 0 0 3 45 58 60 19 95 16.18
4 0 7 10 3 4 1 41 19 94 15.39
3 1 0 0 0 0 1 46 19 101 16.61
8 0 4 7 7 8 2 49 52 23 138 14.57
6 0 3 8 6 6 1 47 2 97 18.55
8 0 5 3 6 9 2 48 49 9 109 20.08
6 0 10 6 1 8 1 60 2 96 21.24
7 0 5 9 9 7 3 46 51 53 20 154 13.25
5 1 0 0 0 0 1 48 27 165 13.45
4 0 5 1 4 9 1 50 8 125 15.95
7 0 3 9 8 3 1 55 32 144 13.14
7 0 10 5 5 7 1 58 31 175 13.01
8 0 8 8 6 10 1 57 12 129 15.77
1 1 0 0 0 0 1 52 27 154 11.65
10 0 6 9 2 6 1 61 31 129 13.52
3 1 0 0 0 0 1 55 27 118 14.64
2 0 1 2 7 1 1 56 9 103 18.77
3 0 9 9 2 2 1 56 39 123 20.72
8 0 3 1 4 10 1 62 42 185 15.03
4 1 0 0 0 0 2 60 62 20 154 14.76
4 0 3 10 2 5 1 59 38 170 18.28
1 0 4 1 2 4 1 61 42 161 10.94
8 1 0 0 0 0 1 63 24 162 13.09
2 0 1 4 8 3 1 63 43 151 20.04
2 0 8 8 6 6 1 63 50 177 16.16
1 0 0 0 0 0 0 52 179 16.66
1 0 0 0 0 0 3 65 66 67 0 98 11.46
6 0 7 9 7 0 3 77 79 90 1 139 19.36
10 0 6 8 9 0 2 69 70 1 150 19.75
10 0 6 2 6 8 3 68 71 87 1 95 15.17
3 0 0 6 1 6 3 72 74 75 11 105 11.44
10 0 9 3 9 0 1 76 11 128 13.56
8 0 0 0 3 0 2 73 80 11 129 20.59
1 0 8 10 0 8 1 79 11 98 18.87
4 0 10 4 3 0 2 78 88 14 140 17.79
9 0 0 3 3 0 2 84 89 19 98 17.42
5 0 4 10 0 5 3 83 89 91 14 119 16.31
4 0 2 7 0 4 1 93 14 149 14.6
8 1 0 0 0 0 1 82 21 163 20.5
10 0 0 1 0 1 1 81 7 109 15.17
9 0 9 0 4 0 1 79 18 154 15.72
10 0 10 2 10 5 1 82 27 122 15.44
9 1 0 0 0 0 1 92 19 153 20.19
6 1 0 0 0 0 1 84 17 157 17.43
7 0 2 5 4 2 2 85 86 37 178 19.5
8 0 10 2 6 2 1 88 19 127 12.04
2 1 0 0 0 0 1 88 28 108 11.82
1 0 4 8 9 5 1 92 44 132 16.04
10 0 2 9 7 0 1 94 44 154 14.88
1 0 2 0 7 0 2 91 94 11 107 14.36
6 0 9 5 0 4 1 92 30 123 17.48
10 0 9 10 0 2 2 90 94 28 148 11.69
6 0 3 6 2 2 1 93 38 113 17.52
10 0 1 9 2 9 1 93 19 154 12.87
5 0 1 0 10 7 1 95 45 179 14.72
4 0 10 7 4 1 1 95 44 160 11.73
1 0 0 2 0 0 1 95 54 186 14.57
1 0 0 0 0 0 0 55 186 14.99
1 0 0 0 0 0 3 97 98 99 0 95 14.76
9 0 0 0 8 7 2 113 122 1 138 17.53
3 0 5 6 0 6 3 101 106 119 1 103 20.28
6 0 6 9 3 9 3 100 108 112 1 85 11.12
8 0 7 0 10 6 3 103 104 105 7 154 20.32
8 0 0 5 0 0 3 102 103 116 4 153 16.03
7 0 0 0 0 3 3 107 110 118 12 149 19.83
3 0 0 0 0 2 1 117 15 119 18.91
7 0 0 4 0 0 2 110 119 15 127 16.12
1 0 0 0 0 5 1 109 15 120 19.85
10 1 0 0 0 0 2 111 126 4 146 13.15
1 1 0 0 0 0 1 112 19 157 20.06
7 0 0 0 8 7 1 114 7 155 12.87
7 0 0 6 0 2 1 122 16 129 11.58
7 0 0 8 0 0 1 111 22 112 13.9
6 0 0 3 0 8 2 115 125 29 148 12.31
9 0 3 0 0 6 1 117 20 149 16.64
2 0 0 0 4 0 1 116 10 100 20.79
7 1 0 0 0 0 1 121 14 155 19.41
3 0 0 10 0 3 1 120 35 126 21.08
3 1 0 0 0 0 1 117 12 142 14.52
8 0 7 0 0 0 1 123 29 168 15.53
9 0 0 9 6 0 1 126 19 114 20.54
1 1 0 0 0 0 1 126 22 149 13.67
1 0 0 0 2 4 1 124 38 165 15.22
3 1 0 0 0 0 1 122 21 157 16.2
10 0 0 10 0 2 1 124 24 150 12.18
3 0 8 5 5 0 2 124 125 37 170 19.02
6 0 1 0 0 8 1 127 40 123 20.92
4 0 2 0 10 0 1 127 40 172 19.26
3 0 9 3 6 1 1 127 28 129 21.11
1 0 0 0 0 0 0 46 154 12.41
1 0 0 0 0 0 3 129 130 131 0 86 14.15
8 0 0 9 7 7 2 132 134 1 138 18.97
6 0 10 2 8 5 2 135 140 1 121 19.91
3 0 0 0 10 6 3 142 150 152 1 133 19.72
7 0 2 0 9 8 2 133 138 9 110 15.48
1 0 0 5 10 9 2 137 145 16 157 20.43
4 0 0 7 4 6 3 136 139 143 9 98 13.08
6 0 3 7 0 0 1 147 7 93 12.34
3 0 10 1 7 3 2 148 154 13 146 12.6
4 1 0 0 0 0 2 146 149 17 117 19.52
4 0 0 0 8 0 2 150 156 16 132 14.19
9 0 0 0 9 6 2 141 153 13 153 16.2
10 0 0 0 3 1 2 143 153 7 90 12.26
7 1 0 0 0 0 2 144 151 22 116 11.18
9 0 2 0 9 3 1 158 4 152 11.82
7 1 0 0 0 0 1 157 17 139 16.61
1 0 0 10 4 6 1 147 29 168 16.45
10 0 3 5 7 8 1 147 17 152 12.72
3 1 0 0 0 0 1 155 21 110 13.61
7 0 0 7 10 4 1 155 30 148 20.42
2 0 0 2 4 6 1 157 16 128 16.55
9 1 0 0 0 0 1 152 21 163 17.58
2 0 5 1 6 6 1 158 20 96 12.89
10 0 6 3 10 2 1 156 29 150 12.73
7 0 8 1 2 7 1 157 30 155 18.97
7 1 0 0 0 0 2 154 155 22 100 16.13
9 0 8 0 2 8 1 158 29 139 21.41
2 0 3 1 0 5 1 156 37 131 13.02
8 0 0 8 6 4 1 159 39 123 14.71
10 0 7 0 8 9 1 159 37 137 11.26
3 0 0 1 3 6 1 159 38 177 18.79
1 0 0 0 0 0 0 47 150 12.38
1 0 0 0 0 0 3 161 162 163 0 105 17.29
3 0 9 0 0 0 3 165 167 173 1 120 17.68
1 0 0 0 0 10 2 166 180 1 104 20.57
7 0 0 0 0 7 3 164 165 168 1 106 16.48
1 0 0 0 0 2 3 174 177 187 8 99 14.83
9 0 0 0 0 2 3 166 169 179 8 126 16.29
9 0 0 0 0 1 3 172 174 176 17 151 12.74
6 0 5 0 0 0 3 171 172 175 4 125 18.17
5 0 0 6 0 0 2 170 174 8 97 18.69
8 0 9 0 0 0 3 170 172 180 17 164 18.99
10 1 0 0 0 0 3 176 177 181 25 159 17.75
9 0 4 0 0 0 3 177 179 180 10 107 20.41
1 0 0 2 0 0 2 181 184 26 126 13.0
10 0 5 0 0 0 3 175 181 184 4 124 12.48
5 1 0 0 0 0 3 178 182 183 26 118 15.93
10 0 0 5 0 0 3 182 186 190 14 111 17.0
10 0 0 0 0 7 3 178 187 189 35 180 16.76
5 1 0 0 0 0 1 190 35 127 17.44
8 0 0 0 8 0 2 185 188 45 187 15.97
8 1 0 0 0 0 3 183 185 186 19 97 14.17
2 1 0 0 0 0 3 183 184 185 25 102 13.06
1 0 0 2 0 0 1 182 35 171 12.06
8 0 0 0 0 10 1 189 36 148 19.34
7 0 0 0 0 10 1 189 31 173 11.3
2 1 0 0 0 0 2 186 187 27 135 20.71
7 0 1 0 0 0 1 190 53 129 14.7
6 0 6 0 0 0 1 188 29 140 12.83
8 0 0 0 3 0 1 188 45 151 11.9
2 0 0 0 2 0 1 191 53 161 20.85
2 0 0 6 0 0 1 191 45 172 12.45
4 0 0 0 0 2 1 191 60 153 21.21
1 0 0 0 0 0 0 64 196 18.49
1 0 0 0 0 0 3 193 194 195 0 103 12.53
8 0 10 5 3 0 2 199 203 1 145 19.52
6 0 0 3 0 6 3 197 198 207 1 127 19.75
8 0 0 8 3 6 3 196 200 211 1 132 16.48
6 0 9 5 2 10 3 198 204 206 9 115 16.37
8 0 5 0 0 4 1 213 7 151 13.88
6 0 2 6 0 0 1 201 15 157 20.01
2 0 3 2 2 5 2 219 222 9 88 13.52
8 0 3 9 10 4 2 210 214 9 104 18.84
2 0 9 0 2 2 3 202 205 210 21 157 19.58
4 1 0 0 0 0 2 208 209 23 116 18.61
7 0 4 10 0 9 3 205 211 220 9 151 17.69
4 0 6 2 10 0 3 212 213 220 15 133 20.4
3 1 0 0 0 0 1 218 23 144 13.33
7 0 0 8 9 3 3 210 216 217 15 124 15.3
5 0 4 0 10 1 2 212 213 7 85 14.45
5 1 0 0 0 0 1 215 27 165 19.16
3 1 0 0 0 0 2 214 218 27 138 21.13
10 0 10 3 9 8 2 215 218 23 161 13.45
7 0 2 9 0 0 1 216 16 157 16.99
8 1 0 0 0 0 2 216 217 19 137 15.15
6 1 0 0 0 0 2 217 219 19 145 18.64
2 0 1 2 7 0 1 215 30 161 18.37
3 0 4 3 10 0 2 220 222 33 165 15.28
10 0 4 1 0 0 2 221 222 27 150 13.95
3 1 0 0 0 0 1 221 27 167 19.7
8 0 5 0 7 0 1 219 33 137 19.0
4 0 0 9 10 7 1 221 41 137 14.25
4 0 6 4 4 8 1 223 36 170 20.53
5 0 1 0 0 4 1 223 45 164 18.74
4 0 2 3 8 9 1 223 37 133 19.04
1 0 0 0 0 0 0 50 141 20.34
1 0 0 0 0 0 3 225 226 227 0 111 18.01
10 0 0 10 0 0 3 228 245 247 1 96 12.15
2 0 0 0 0 8 3 229 230 232 1 145 19.81
6 0 0 0 0 1 3 233 236 238 1 116 14.24
8 0 7 0 0 0 3 231 236 239 11 116 11.96
8 0 0 6 0 0 3 235 236 240 3 116 21.24
2 0 10 0 0 0 3 234 235 243 3 85 15.63
2 0 8 0 0 0 3 237 238 244 19 99 15.04
6 0 0 0 2 0 3 235 243 249 3 123 17.65
6 0 0 8 0 0 3 237 239 240 7 126 16.27
7 0 6 0 0 0 3 237 238 247 5 129 19.93
1 0 0 0 0 6 3 247 250 252 11 123 11.9
1 0 0 9 0 0 2 241 251 19 119 20.15
10 0 0 0 0 2 3 242 246 252 21 151 17.05
10 1 0 0 0 0 3 246 249 250 21 113 13.49
6 0 0 0 5 0 3 241 243 248 19 126 15.6
7 0 0 0 3 0 3 242 245 246 13 93 18.99
9 1 0 0 0 0 2 242 244 25 138 15.71
8 0 0 8 0 0 1 253 34 172 18.99
9 1 0 0 0 0 1 251 25 146 17.39
8 1 0 0 0 0 2 249 254 34 132 12.71
3 0 0 0 0 8 2 250 253 20 114 16.65
2 1 0 0 0 0 1 248 31 148 19.7
9 1 0 0 0 0 1 248 12 119 12.0
7 0 0 1 0 0 2 251 253 33 129 12.79
5 0 0 6 0 0 1 252 42 169 12.42
7 0 0 0 3 0 1 254 31 146 17.67
10 0 0 10 0 0 1 254 40 144 14.09
5 0 0 0 7 0 1 255 47 166 20.24
5 0 3 0 0 0 1 255 42 139 17.15
6 0 0 0 0 7 1 255 50 133 16.46
1 0 0 0 0 0 0 56 165 13.74
1 0 0 0 0 0 3 257 258 259 0 132 18.88
10 0 5 3 6 9 3 267 273 277 1 87 15.24
2 0 0 1 0 8 3 260 263 264 1 84 18.24
10 0 2 0 6 6 3 261 266 274 1 133 12.1
9 0 6 7 6 3 3 262 269 278 3 141 12.56
9 0 4 0 0 0 3 265 267 273 11 106 10.79
9 0 3 5 10 0 3 265 268 270 12 151 11.79
9 0 9 8 10 7 3 271 275 278 3 110 19.93
4 0 0 10 8 1 3 268 269 280 3 115 18.94
6 1 0 0 0 0 3 271 272 284 21 135 11.38
1 0 5 4 6 3 3 272 278 283 11 108 16.83
1 1 0 0 0 0 2 276 280 20 107 11.06
10 1 0 0 0 0 3 272 274 275 21 147 18.6
5 0 4 5 5 0 2 271 276 12 156 14.88
5 1 0 0 0 0 3 273 274 277 21 108 12.7
1 1 0 0 0 0 2 279 281 27 116 20.73
4 0 2 9 0 10 1 281 31 171 18.27
1 1 0 0 0 0 2 280 282 26 122 12.75
6 0 1 0 5 0 3 282 283 285 31 150 15.12
10 0 0 8 9 4 2 276 277 31 152 20.67
2 0 7 8 5 0 1 286 41 111 21.04
5 0 0 8 8 10 1 279 41 148 14.82
8 0 8 3 0 2 3 279 281 284 12 107 17.92
10 0 6 5 2 6 1 285 46 132 15.46
10 0 0 2 4 0 3 283 284 285 27 114 12.54
5 0 6 0 0 6 1 282 35 150 10.97
3 0 9 10 7 0 1 286 40 141 14.65
4 0 2 2 0 0 1 286 37 158 17.52
8 0 5 4 10 0 1 287 37 146 11.88
4 0 3 8 5 0 1 287 56 191 15.01
8 0 2 5 6 8 1 287 43 151 15.18
1 0 0 0 0 0 0 60 171 14.81
1 0 0 0 0 0 3 289 290 291 0 118 16.48
6 0 0 0 6 0 3 292 297 307 1 125 11.75
10 0 0 0 1 0 3 293 298 309 1 141 19.64
8 0 0 0 0 5 3 297 298 306 1 110 10.95
7 0 7 0 0 0 3 294 295 300 7 89 11.28
2 0 0 0 8 0 3 303 308 314 11 89 11.98
1 0 0 0 0 1 3 296 299 304 14 145 20.47
5 0 0 0 0 7 3 296 301 305 14 91 15.82
9 0 1 0 0 0 3 298 306 314 19 167 14.05
7 0 0 4 0 0 3 299 303 305 9 117 14.6
6 1 0 0 0 0 3 308 310 316 28 125 18.44
9 0 0 0 2 0 3 310 312 318 16 137 19.17
10 0 0 8 0 0 3 302 305 308 14 96 13.26
3 0 5 0 0 0 3 302 304 312 19 136 13.79
4 0 0 0 9 0 3 303 309 314 24 113 18.75
7 1 0 0 0 0 2 311 315 28 143 19.71
9 1 0 0 0 0 2 306 310 22 153 19.18
4 1 0 0 0 0 1 313 24 163 18.02
6 1 0 0 0 0 3 309 311 313 31 165 21.03
2 0 7 0 0 0 3 312 313 317 7 137 12.33
2 0 0 8 0 0 1 317 34 129 12.35
1 0 0 0 0 1 1 318 37 168 16.51
1 1 0 0 0 0 1 311 34 136 20.83
7 0 10 0 0 0 1 317 37 151 14.44
4 1 0 0 0 0 1 316 25 164 20.43
10 0 10 0 0 0 1 315 37 127 18.5
7 1 0 0 0 0 1 315 28 159 14.47
6 0 0 0 0 6 2 316 318 47 150 11.84
7 0 10 0 0 0 1 319 53 137 10.87
8 0 0 2 0 0 1 319 44 175 17.81
3 0 6 0 0 0 1 319 53 180 16.25
1 0 0 0 0 0 0 60 165 11.51
1 0 0 0 0 0 3 321 322 323 0 132 12.17
8 0 10 0 0 0 3 328 336 344 1 100 19.62
3 0 0 4 0 0 3 324 329 330 1 76 15.94
6 0 0 5 0 0 3 327 334 338 1 81 14.36
9 0 0 4 0 0 3 325 326 332 4 150 17.99
8 0 0 0 6 0 1 334 13 150 13.25
6 0 0 0 0 8 2 349 350 13 117 11.54
4 0 0 0 0 5 2 331 333 7 128 19.27
5 1 0 0 0 0 3 337 341 342 9 92 15.04
4 0 0 0 0 1 2 331 333 4 92 18.23
5 0 8 0 0 0 2 332 348 4 142 21.0
7 0 10 0 0 0 1 346 11 90 20.34
1 1 0 0 0 0 1 347 13 129 20.85
10 0 0 8 0 0 1 335 11 134 15.6
1 1 0 0 0 0 1 347 21 114 14.81
5 1 0 0 0 0 1 337 21 121 11.72
4 0 0 0 0 9 2 338 339 9 99 11.45
10 0 0 0 10 0 1 340 26 117 20.83
3 0 0 0 3 0 1 345 13 118 21.02
5 0 0 0 5 0 1 345 13 109 15.43
10 0 0 2 0 0 1 348 36 137 19.57
1 0 0 0 5 0 1 346 14 93 13.93
1 1 0 0 0 0 1 343 14 101 21.39
3 1 0 0 0 0 1 346 15 126 15.87
10 0 0 8 0 0 1 345 9 139 18.92
1 0 0 0 0 3 1 347 19 153 12.91
1 0 0 1 0 0 1 348 18 136 19.36
7 0 0 0 5 0 1 350 22 163 13.59
8 0 0 10 0 0 1 351 46 159 20.42
9 0 0 0 7 0 1 351 19 159 20.23
2 0 0 6 0 0 1 351 29 135 14.84
1 0 0 0 0 0 0 54 151 10.79
1 0 0 0 0 0 3 353 354 355 0 105 14.21
5 0 0 0 6 3 3 359 363 372 1 128 16.43
4 0 0 0 2 8 3 356 357 364 1 101 11.75
9 0 10 6 9 10 3 357 364 376 1 117 12.52
10 0 0 10 0 5 3 358 359 366 5 132 21.4
5 0 6 5 3 10 3 360 362 366 10 105 18.18
8 1 0 0 0 0 3 360 363 370 15 140 18.26
4 0 9 0 4 10 3 367 370 371 15 114 15.97
5 1 0 0 0 0 2 361 373 23 165 14.88
8 0 9 4 5 10 3 374 375 378 28 112 16.08
7 0 8 0 5 3 3 368 369 371 15 144 15.34
10 0 1 9 3 0 2 375 376 23 159 16.15
6 0 5 10 4 3 3 365 369 371 10 101 20.31
9 1 0 0 0 0 3 368 372 377 16 98 14.53
6 0 0 2 3 0 3 369 370 372 15 113 20.69
4 1 0 0 0 0 2 376 380 19 151 18.32
8 0 3 9 5 0 2 373 374 25 108 21.22
5 0 8 3 7 9 1 377 22 115 18.71
10 0 8 7 0 7 1 378 23 142 11.68
1 1 0 0 0 0 3 373 374 377 22 151 16.27
3 1 0 0 0 0 2 379 381 25 167 13.63
4 0 1 10 8 7 2 375 378 33 140 11.18
3 0 8 0 7 10 2 380 382 36 128 11.1
6 0 6 0 1 0 1 381 37 113 21.02
9 0 10 4 0 3 1 382 33 148 14.67
1 1 0 0 0 0 2 379 380 27 124 16.93
6 0 0 6 3 10 2 379 381 37 175 18.24
10 0 7 2 5 6 1 382 43 150 15.15
6 0 0 0 0 1 1 383 39 134 12.39
5 0 3 10 6 5 1 383 43 168 11.08
4 0 0 4 4 5 1 383 53 128 12.33
1 0 0 0 0 0 0 57 146 21.16
89.92 84.78 84.1 84.37 86.9 99.45 125.0 152.11 144.03 107.54 95.55 76.31 60.49 61.64 66.22 75.8 84.6 99.0 124.29 185.27 158.68 106.12 83.42 79.36 77.96 76.79 70.01 67.27 69.42 75.27 85.46 95.0 100.0 95.0 70.41 92.74 91.28 90.01 80.01 75.01 69.89 86.57 108.76 137.32 145.94 113.58 105.8 97.2 89.32 83.81 84.44 84.93 88.01 103.34 124.04 135.68 109.94 82.49 59.41 37.67 19.62 12.15 13.1 31.9 65.62 94.94 118.39 157.87 154.65 121.83 109.97 98.59 90.44 85.33 83.48 82.34 83.84 90.43 109.6 123.17 124.43 90.0 61.14 45.95 43.0 40.84 36.53 74.14 87.15 100.0 114.39 131.02 124.3 114.17 98.9 96.72 90.26 81.14 78.44 77.73 77.6 77.4 80.0 86.52 88.46 89.0 88.96 86.31 77.82 67.28 65.05 67.51 77.77 91.86 106.14 126.23 133.75 118.8 108.83 101.95 91.61 81.89 86.4 84.44 86.95 92.98 97.71 94.12 82.13 59.9 19.4 4.54 0.0 -2.72 -6.57 -0.78 0.2 66.51 105.94 130.84 149.1 130.44 111.58 99.44 101.48 96.74 97.58 98.3 98.66 103.07 103.5 86.91 63.7 5.8 -0.69 -30.5 -80.69 -84.89 -54.65 -7.53 0.0 68.65 107.04 116.77 142.51 133.91 121.69 110.95 107.96 98.59 95.84 95.98 98.32 98.32 95.72 89.98 79.86 55.56 18.77 9.09 -14.57 -22.49 -0.94 9.53 47.56 84.28 101.2 121.53 139.09 132.1 122.77 106.49 96.63 89.22 87.89 85.33 85.04 98.71 122.53 151.54 140.71 104.45 93.4 83.43 77.19 66.99 71.71 78.64 83.86 101.6 132.36 206.14 259.37 155.9 123.21 111.54 108.66 101.1 99.09 99.12 103.52 111.92 137.55 144.7 123.52 99.89 87.72 88.53 79.59 79.56 86.67 94.26 100.74 109.96 133.14 163.36 169.27 126.8 108.41 97.88 94.72 89.22 87.51 86.32 85.57 92.15 110.82 119.21 117.72 105.07 94.79 89.4 80.72 77.31 78.01 80.04 85.24 97.38 103.94 116.68 121.61 114.48 106.53 93.1 92.38 83.68 82.73 84.31 85.77 95.88 105.04 113.39 108.65 94.86 86.57 74.23 67.93 49.4 42.59 62.77 77.05 85.06 100.08 116.33 123.39 109.63 100.37 92.09 101.25 92.79 91.74 90.3 89.64 91.4 93.54 86.45 71.06 34.45 2.55 -0.01 -5.87 -12.51 -9.86 -2.0 -0.01 30.99 79.17 100.0 107.86 96.21 85.8 73.21 69.11 62.6 58.39 59.28 63.53 68.24 67.96 63.08 35.01 0.04 -3.0 -32.41 -94.9 -123.0 -113.5 -50.5 -5.17 18.35 92.74 110.72 124.48 109.04 99.0 93.85 92.84 87.19 83.31 86.0 91.62 100.01 139.94 131.09 95.79 67.37 9.79 -0.01 -3.67 -5.9 -6.18 -1.54 2.04 72.36 104.34 152.34 196.91 129.07 106.24 96.85 91.27 87.45 82.41 79.94 80.88 91.19 107.09 113.13 94.58 67.9 5.81 0.0 -0.76 -1.9 -1.69 -0.01 14.81 77.49 101.74 139.83 178.26 130.0 109.31 98.19 95.0 90.03 88.19 88.76 92.14 96.36 115.21 120.29 95.59 72.05 7.08 0.0 -1.0 -6.21 -3.0 -0.02 19.91 79.17 102.79 132.19 176.8 127.99 108.47 99.08 98.18 92.44 91.01 91.24 91.18 84.68 83.52 76.04 58.7 0.0 -3.0 -40.1 -81.56 -128.47 -118.34 -49.99 -5.17 39.86 96.49 129.91 164.23 121.97 100.28 86.68 89.09 74.7 64.5 62.85 65.88 75.12 86.99 85.7 75.53 33.29 0.85 -0.01 -0.8 -3.0 -4.0 -0.08 0.3 68.54 100.92 119.84 151.5 121.99 107.54 97.28 98.28 93.84 92.68 92.21 91.19 91.72 92.07 87.0 70.98 13.53 0.01 -0.01 -1.16 -3.04 -2.69 -0.03 0.0 29.09 67.4 75.71 87.88 85.02 78.71 66.8 60.83 45.35 31.65 20.43 20.14 15.58 13.62 7.83 2.93 0.0 -0.01 -0.01 -0.02 -2.0 -5.01 -1.59 -0.01 10.28 81.56 97.26 109.52 110.32 101.26 88.32 72.81 70.95 69.49 72.07 72.92 89.42 109.29 124.51 108.86 93.59 91.92 74.17 62.97 59.93 58.89 70.26 84.06 92.46 102.9 134.1 170.66 124.4 106.23 96.34 87.55 81.22 79.58 78.27 82.59 97.42 114.58 120.78 109.39 85.85 80.88 70.25 55.89 53.26 57.16 68.87 76.5 93.49 111.02 137.2 160.08 133.88 115.44 100.98 94.43 88.78 87.15 89.84 94.29 106.11 129.17 142.9 123.11 97.02 87.47 77.64 68.48 68.2 71.34 78.25 84.55 99.24 111.21 131.76 143.46 123.94 109.69 98.02 97.61 93.33 93.2 95.18 96.09 108.79 123.95 137.91 122.67 103.21 90.11 77.84 66.09 65.49 72.06 81.37 87.82 93.9 109.11 132.01 173.87 134.44 112.64 105.87 102.02 97.86 95.0 96.35 100.38 111.94 135.54 133.18 98.02 83.34 52.95 3.24 3.09 0.13 0.01 7.49 59.42 87.6 94.58 117.4 155.2 124.27 103.02 96.79 101.99 103.56 99.41 96.56 101.13 100.72 97.91 93.79 73.88 9.1 -0.09 -22.58 -56.61 -114.38 -109.63 -49.89 -6.78 29.94 97.26 125.4 167.01 126.19 107.85 95.28 98.27 96.34 94.3 96.76 96.74 96.77 88.98 66.69 4.96 -0.1 -12.08 -49.39 -170.77 -224.49 -219.87 -110.58 -18.81 0.1 83.97 120.03 134.62 116.69 101.79 89.36 87.57 82.76 82.38 82.95 86.24 100.16 142.17 145.29 109.98 73.06 10.85 3.94 0.36 -4.66 -9.2 18.56 37.67 79.56 109.13 148.9 200.08 135.52 101.71 94.17 94.54 90.18 90.53 95.0 97.86 107.68 137.6 128.6 100.29 80.49 18.73 2.06 0.97 -4.47 1.23 6.06 6.93 74.73 108.71 154.44 257.56 152.65 113.79 103.59 103.88 98.89 97.07 98.94 99.7 104.54
