416 5
1 52 40 32 37
1 0 0 0 0 0 3 1 2 3 0 87 8.46
6 0 1 8 10 9 3 4 7 8 1 116 7.65
6 0 1 1 5 4 3 5 10 18 1 111 6.3
9 0 8 8 8 3 3 17 23 30 1 141 9.58
6 0 1 7 7 7 3 6 17 30 7 84 10.02
5 0 3 8 5 2 1 9 7 97 5.71
1 1 0 0 0 0 1 18 13 131 7.33
9 0 5 1 9 9 3 12 19 28 7 131 7.19
8 0 5 1 9 4 3 12 13 15 7 149 5.75
3 0 10 6 1 2 2 11 22 12 148 10.18
9 1 0 0 0 0 3 17 23 24 7 149 6.15
3 0 10 8 4 3 3 12 13 14 15 145 7.73
3 0 5 8 7 1 2 16 24 18 118 9.36
3 0 2 3 9 10 1 29 18 124 8.95
7 1 0 0 0 0 3 20 25 26 18 152 8.47
3 0 6 2 1 3 2 18 25 15 152 6.5
6 0 8 7 4 2 3 21 23 26 21 97 10.09
1 1 0 0 0 0 1 28 16 148 10.43
4 1 0 0 0 0 1 21 18 154 9.13
9 1 0 0 0 0 2 21 22 16 146 10.56
8 0 5 9 10 6 1 24 25 138 9.82
7 0 8 7 1 3 1 27 27 136 5.37
3 0 3 8 10 10 1 26 25 134 5.91
1 0 5 10 6 1 1 27 27 160 6.97
1 0 2 3 6 7 1 27 33 160 5.4
7 0 2 10 7 6 2 28 29 25 127 8.61
3 0 8 2 3 9 1 30 28 101 8.17
2 0 9 10 2 1 1 29 34 150 5.44
8 0 6 4 1 8 1 31 32 153 6.54
10 0 2 8 5 2 1 31 36 178 8.93
7 0 10 4 2 7 1 31 31 113 9.99
1 0 0 0 0 0 0 46 147 6.49
1 0 0 0 0 0 3 33 34 35 0 92 8.66
9 0 2 5 2 1 3 36 38 39 1 85 8.86
3 0 4 0 6 3 3 45 48 49 1 115 7.74
3 0 0 4 8 0 3 46 49 59 1 125 9.82
8 0 4 4 3 6 3 37 41 58 10 153 8.29
3 0 8 8 9 4 3 48 50 56 18 112 6.35
9 0 6 9 0 3 3 49 58 61 10 92 8.3
1 0 5 3 0 4 3 40 44 45 10 145 7.22
8 0 3 1 5 1 3 42 43 52 11 137 9.0
6 0 0 10 4 7 3 42 53 59 18 147 10.27
5 1 0 0 0 0 2 51 55 24 116 7.28
10 0 0 3 9 7 3 47 48 55 19 163 6.75
4 0 0 6 2 2 3 46 47 55 11 152 8.1
9 1 0 0 0 0 3 46 47 50 11 148 5.78
2 1 0 0 0 0 2 57 60 20 147 8.49
4 0 0 5 0 0 3 51 58 61 29 168 8.91
9 0 10 5 10 2 3 53 54 61 29 147 9.75
9 0 3 3 0 1 3 50 52 56 19 157 6.97
1 1 0 0 0 0 1 51 28 124 8.52
4 0 9 0 4 4 2 54 57 33 109 9.5
6 1 0 0 0 0 2 53 54 28 157 10.18
7 0 4 0 1 1 2 57 60 38 158 8.77
4 0 10 0 3 0 1 62 38 155 8.17
2 0 9 0 5 7 1 56 29 152 6.86
6 0 7 0 0 10 1 60 31 156 6.65
6 0 0 0 6 3 1 62 45 150 6.51
6 0 1 1 3 1 1 59 33 114 8.83
5 0 5 8 6 7 1 62 39 176 5.99
3 0 1 0 0 5 1 63 45 115 6.1
5 0 3 0 2 8 1 63 38 152 8.57
8 0 3 1 6 9 1 63 51 184 8.92
1 0 0 0 0 0 0 59 143 5.73
1 0 0 0 0 0 3 65 66 67 0 115 8.33
8 0 0 9 0 0 2 69 73 1 104 8.36
3 0 0 4 0 8 3 68 70 79 1 118 7.64
5 0 0 4 0 0 3 69 71 72 1 112 8.69
7 0 9 0 8 0 3 69 72 78 4 139 7.59
4 0 9 3 0 3 3 75 77 94 11 95 9.98
8 0 0 0 0 1 2 74 84 4 90 5.5
8 0 1 4 0 5 3 73 80 82 6 139 8.88
4 0 1 4 0 0 2 75 76 11 114 9.6
6 0 8 0 0 8 3 78 81 83 14 129 6.07
8 0 7 7 0 0 3 86 90 94 12 145 10.05
8 0 5 5 1 1 2 82 84 15 130 5.73
2 0 10 0 5 1 3 77 80 91 15 135 6.3
10 0 0 0 1 10 3 82 83 85 17 161 8.77
9 0 0 5 8 0 3 85 87 94 20 113 8.84
8 0 0 4 10 0 3 80 83 91 4 82 5.94
7 0 4 0 0 0 3 81 88 89 17 115 10.58
7 0 8 0 0 0 2 90 92 24 98 5.66
3 1 0 0 0 0 1 87 27 121 9.59
9 1 0 0 0 0 3 86 87 89 27 126 9.61
4 1 0 0 0 0 3 85 91 92 23 134 9.28
2 1 0 0 0 0 2 86 89 29 158 7.85
4 0 3 0 0 0 1 88 36 170 10.44
6 0 5 5 0 0 2 88 92 36 173 8.38
2 0 5 0 10 7 1 93 42 123 10.16
10 0 0 0 5 0 1 90 36 113 7.64
9 0 0 2 8 8 1 93 46 162 8.95
10 0 0 7 10 0 1 93 27 133 6.47
6 0 0 0 9 5 1 95 42 161 10.44
2 0 4 8 0 0 1 95 55 169 7.98
6 0 0 0 10 0 1 95 29 148 8.44
1 0 0 0 0 0 0 57 166 9.25
1 0 0 0 0 0 3 97 98 99 0 136 6.18
9 0 6 1 8 6 3 100 104 106 1 121 7.86
1 0 0 9 5 0 3 103 110 117 1 106 7.5
3 0 7 0 0 1 3 108 112 117 1 104 7.14
7 0 2 0 7 8 3 101 105 114 10 153 6.93
4 0 2 9 8 9 3 102 108 113 17 125 10.59
9 0 6 5 9 0 3 107 109 120 21 147 9.14
3 0 9 0 3 2 3 105 113 114 2 77 5.7
6 0 3 0 0 0 3 108 110 121 10 99 5.38
1 0 3 5 2 8 3 116 118 119 17 118 9.92
4 0 0 6 4 10 3 115 119 120 10 111 8.39
6 1 0 0 0 0 3 111 118 122 30 136 8.53
5 0 6 5 3 2 3 111 125 126 21 139 5.49
7 1 0 0 0 0 3 111 112 117 30 133 8.59
4 0 6 9 0 8 2 112 114 16 150 9.12
1 0 0 6 8 10 1 115 37 154 5.36
9 0 1 2 0 1 2 115 123 37 115 6.41
7 0 7 4 7 10 2 120 122 21 153 9.66
4 0 0 10 0 9 2 116 122 20 138 7.49
1 0 0 5 1 8 1 116 46 151 9.65
10 0 7 0 2 3 1 124 47 162 8.03
8 0 1 9 3 10 2 118 119 37 140 9.81
7 0 5 9 6 10 2 121 123 45 131 9.8
2 0 4 10 0 5 1 125 45 138 6.85
5 1 0 0 0 0 1 121 30 151 7.7
4 0 4 0 5 3 2 124 126 52 130 9.08
8 0 4 6 0 4 3 123 124 125 36 129 8.7
8 0 0 8 7 8 1 126 52 130 9.52
5 0 4 6 8 0 1 127 57 152 9.59
1 0 0 4 9 1 1 127 47 116 7.55
6 0 4 9 0 3 1 127 60 139 9.87
1 0 0 0 0 0 0 66 144 5.65
1 0 0 0 0 0 3 129 130 131 0 141 8.17
5 0 10 5 8 5 3 134 137 138 1 134 5.67
2 0 9 3 8 7 3 135 143 146 1 87 7.02
6 0 5 9 4 1 3 132 133 146 1 120 5.62
10 0 5 7 6 4 3 139 140 141 7 132 10.31
7 0 9 4 2 10 3 135 144 155 7 146 9.05
10 0 7 2 10 6 3 136 139 149 6 117 8.52
9 0 4 5 2 6 3 140 141 142 14 94 8.7
3 0 6 3 6 6 3 143 146 152 16 108 7.34
8 0 8 10 10 9 3 141 144 150 6 97 9.86
10 0 4 6 4 8 3 145 148 154 6 149 10.07
1 0 9 5 4 4 3 143 144 154 17 90 6.24
6 0 10 3 10 9 2 145 148 23 144 6.9
6 1 0 0 0 0 3 147 149 151 23 150 9.35
9 1 0 0 0 0 2 145 150 23 127 7.31
9 0 10 7 9 8 3 147 155 157 19 116 6.92
4 0 7 4 10 3 2 152 153 18 121 5.82
4 1 0 0 0 0 1 158 32 117 5.64
4 0 2 7 3 2 3 147 153 154 19 95 6.15
3 0 6 10 3 10 1 156 29 102 10.18
9 1 0 0 0 0 2 149 150 29 149 6.45
4 0 3 3 5 2 1 156 38 129 10.1
3 0 2 5 4 3 2 151 152 38 113 6.76
6 0 5 4 9 7 2 153 157 41 113 6.56
9 0 5 7 8 5 2 156 157 41 141 5.68
3 0 9 1 4 2 1 158 47 129 8.07
8 1 0 0 0 0 1 155 23 127 5.37
6 1 0 0 0 0 1 158 31 155 7.13
10 0 8 7 9 3 1 159 50 189 6.83
8 0 1 5 7 8 1 159 50 186 7.89
10 0 5 2 8 1 1 159 50 133 7.14
1 0 0 0 0 0 0 60 188 8.85
1 0 0 0 0 0 3 161 162 163 0 89 6.64
1 0 0 0 0 2 3 171 178 184 1 114 8.46
2 0 0 0 5 0 2 164 169 1 82 7.64
7 0 0 0 10 0 3 167 168 174 1 85 9.69
7 0 8 0 0 0 3 165 175 178 3 118 10.62
4 0 0 0 3 0 3 166 170 176 10 91 7.11
3 0 5 0 0 0 3 172 179 186 14 112 5.4
2 0 0 0 2 0 3 172 175 187 8 127 7.63
5 0 0 0 0 3 3 169 173 176 8 149 10.11
8 0 0 4 0 0 3 170 171 179 13 105 7.28
10 0 8 0 0 0 3 172 177 181 21 160 9.57
6 1 0 0 0 0 3 175 181 189 21 113 8.83
7 1 0 0 0 0 2 180 189 31 139 6.44
8 0 0 0 0 6 3 177 178 184 13 150 9.1
9 0 0 0 10 0 3 176 180 185 8 154 7.98
7 0 0 0 2 0 2 188 190 27 141 9.27
6 1 0 0 0 0 3 179 183 188 17 99 7.68
9 1 0 0 0 0 3 180 182 185 31 139 5.89
4 1 0 0 0 0 3 181 182 185 21 112 5.48
1 1 0 0 0 0 1 184 23 98 10.57
3 0 0 1 0 0 1 183 40 165 10.3
5 1 0 0 0 0 2 183 187 31 105 9.66
3 0 10 0 0 0 1 186 40 140 5.36
2 0 0 8 0 0 1 190 43 163 9.25
4 0 0 0 9 0 1 189 24 156 9.85
1 1 0 0 0 0 1 186 40 123 7.51
9 0 0 10 0 0 2 187 190 43 178 5.79
6 0 8 0 0 0 1 188 52 153 10.42
3 0 0 0 0 3 1 191 58 147 10.47
1 0 0 0 6 0 1 191 38 122 10.63
6 0 0 3 0 0 1 191 52 156 9.92
1 0 0 0 0 0 0 61 130 6.45
1 0 0 0 0 0 3 193 194 195 0 79 6.18
6 0 7 9 7 0 3 205 207 218 1 101 6.9
10 0 6 8 9 0 2 197 198 1 150 8.93
10 0 6 2 6 8 3 196 199 215 1 106 10.5
3 0 0 6 1 6 3 200 202 203 11 148 7.79
10 0 9 3 9 0 1 204 11 108 10.2
8 0 0 0 3 0 2 201 208 11 128 7.84
1 1 0 0 0 0 1 207 11 135 9.29
4 0 10 4 3 0 2 206 216 14 88 6.46
9 0 0 3 3 0 2 212 217 19 139 7.6
5 0 4 10 0 5 3 211 217 219 14 133 8.91
4 0 2 7 0 4 1 221 14 140 10.54
8 1 0 0 0 0 1 210 21 111 8.12
10 0 0 1 0 1 1 209 7 111 7.52
9 0 9 0 4 0 1 207 18 108 5.63
10 0 10 2 10 5 1 210 27 154 8.15
9 0 1 9 4 2 1 220 19 147 6.6
6 1 0 0 0 0 1 212 17 91 10.06
7 0 2 5 4 2 2 213 214 37 124 8.78
8 0 10 2 6 2 1 216 19 161 10.53
2 1 0 0 0 0 1 216 28 121 9.98
1 0 4 8 9 5 1 220 44 152 9.47
10 0 2 9 7 0 1 222 44 127 8.7
1 0 2 0 7 0 2 219 222 11 96 5.66
6 0 9 5 0 4 1 220 30 151 5.36
10 0 9 10 0 2 2 218 222 28 129 8.16
6 0 3 6 2 2 1 221 38 168 7.39
10 0 1 9 2 9 1 221 19 127 5.51
5 0 1 0 10 7 1 223 45 182 6.78
4 0 10 7 4 1 1 223 44 174 7.6
1 0 0 2 0 0 1 223 54 140 5.36
1 0 0 0 0 0 0 55 124 9.24
1 0 0 0 0 0 3 225 226 227 0 71 9.23
5 0 9 5 5 4 2 232 244 1 117 7.64
5 0 1 3 10 4 3 229 230 233 1 109 8.18
9 0 10 1 7 5 2 228 238 1 131 7.78
9 0 3 8 3 2 3 231 236 239 10 131 8.72
2 0 1 10 2 5 2 236 248 6 137 9.15
6 0 5 1 2 3 3 234 235 243 6 121 6.77
4 1 0 0 0 0 1 245 19 95 9.65
1 0 1 1 10 6 3 247 251 253 6 117 10.51
2 0 6 1 9 6 1 238 6 100 7.82
6 1 0 0 0 0 1 245 12 127 8.36
10 0 3 9 8 7 3 236 237 240 12 157 9.33
2 1 0 0 0 0 2 245 252 22 111 9.42
10 1 0 0 0 0 3 246 247 251 22 119 7.32
9 0 3 9 7 2 2 241 246 10 114 6.6
2 0 9 7 3 9 3 242 244 246 19 151 8.25
4 0 8 1 5 3 3 241 244 249 22 129 6.57
4 1 0 0 0 0 2 242 251 26 115 9.68
3 0 8 7 4 7 1 247 30 123 6.77
4 1 0 0 0 0 1 253 12 100 5.48
6 0 6 4 9 3 2 248 250 26 115 10.02
1 1 0 0 0 0 1 249 24 97 9.48
9 0 4 6 8 6 1 254 32 171 8.35
5 0 4 1 10 8 2 248 254 33 158 10.23
7 0 2 10 7 4 1 252 38 173 6.43
7 0 8 2 7 9 1 250 26 115 6.78
10 0 4 9 9 2 1 253 33 124 6.64
4 0 2 10 10 8 2 252 254 32 130 10.0
2 0 4 4 7 10 1 255 45 145 10.15
1 0 3 6 6 8 1 255 43 153 9.81
3 0 5 8 10 2 1 255 41 127 6.43
1 0 0 0 0 0 0 47 117 7.86
1 0 0 0 0 0 3 257 258 259 0 129 6.73
1 0 0 8 0 2 3 260 265 268 1 93 8.28
5 0 7 0 6 0 3 261 263 266 1 89 6.6
4 0 3 10 0 5 2 262 279 1 124 10.19
3 0 0 1 0 5 3 264 267 276 2 80 8.1
4 0 7 0 0 7 1 271 6 90 6.9
7 0 5 0 0 10 2 273 284 5 91 9.2
4 0 0 4 6 0 1 267 6 82 5.44
8 0 5 9 0 10 2 269 278 5 130 6.0
8 0 10 7 2 0 3 279 282 285 2 112 7.41
8 0 0 6 0 2 1 267 6 117 6.09
2 0 0 4 10 0 1 286 14 127 7.85
1 0 1 0 0 0 3 270 272 275 2 142 7.16
3 0 5 0 0 10 1 270 13 141 6.79
7 1 0 0 0 0 1 273 16 94 7.85
7 0 0 7 0 0 2 273 274 10 155 10.71
6 0 4 0 7 10 1 277 3 112 5.91
8 0 10 5 6 1 1 286 23 144 8.53
3 0 4 5 0 0 1 281 17 122 9.8
9 0 0 1 0 0 1 285 3 147 8.77
4 0 1 4 0 0 1 280 5 85 9.39
7 0 6 0 1 3 1 278 9 147 5.99
1 1 0 0 0 0 1 280 16 128 9.07
1 0 3 9 0 4 1 284 10 91 6.16
3 1 0 0 0 0 2 281 286 17 156 7.34
6 0 0 2 0 0 1 283 20 131 7.8
2 0 0 0 8 9 1 284 10 132 6.12
6 0 9 7 0 0 1 285 26 147 8.94
4 0 0 0 10 8 1 287 12 93 9.39
3 0 0 8 9 0 1 287 32 121 8.19
5 0 3 0 0 0 1 287 31 137 10.5
1 0 0 0 0 0 0 36 111 10.03
1 0 0 0 0 0 3 289 290 291 0 89 6.56
5 0 0 0 0 8 3 293 294 297 1 126 9.81
3 0 0 7 0 0 1 307 1 137 9.21
7 0 4 0 0 0 1 292 1 137 6.16
3 0 0 0 6 0 2 295 304 8 124 8.97
4 0 0 9 0 0 1 300 6 125 6.43
6 0 8 0 0 0 1 299 6 96 8.9
7 0 5 0 0 0 3 296 301 303 11 114 6.45
2 1 0 0 0 0 3 306 308 309 18 112 9.83
10 0 0 3 0 0 3 298 302 311 6 85 10.35
6 0 0 0 5 0 1 318 16 141 10.51
5 0 0 0 10 0 1 317 12 143 7.55
5 0 2 0 0 0 1 301 10 110 6.91
8 0 0 6 0 0 2 314 318 18 152 8.24
7 0 4 0 0 0 1 305 16 154 9.22
7 0 7 0 0 0 1 313 18 136 5.58
3 0 0 0 0 5 1 312 11 114 6.95
6 0 0 8 0 0 3 309 312 314 23 119 6.21
7 1 0 0 0 0 1 310 20 146 8.09
8 0 0 8 0 0 2 313 316 4 114 9.97
9 1 0 0 0 0 2 312 313 20 155 9.04
10 0 0 0 0 7 2 316 318 29 163 5.96
7 0 0 0 0 5 1 316 27 103 8.48
6 0 0 0 0 10 1 317 16 151 8.11
5 0 0 0 0 3 1 315 29 126 8.74
1 0 0 0 0 9 1 315 29 141 9.45
1 0 9 0 0 0 1 315 29 120 6.28
5 0 0 0 8 0 1 317 34 140 9.21
1 0 5 0 0 0 1 319 39 127 9.4
4 0 0 1 0 0 1 319 39 155 8.31
2 0 0 6 0 0 1 319 39 154 8.86
1 0 0 0 0 0 0 43 172 9.38
1 0 0 0 0 0 3 321 322 323 0 76 7.5
5 0 0 0 9 0 3 324 329 341 1 142 7.61
1 0 0 0 0 4 3 335 337 345 1 128 7.74
7 0 0 0 0 7 3 325 327 328 1 133 10.13
6 0 0 0 0 10 3 325 326 328 6 124 10.0
8 0 0 0 0 1 3 331 334 344 12 129 8.49
6 0 0 7 0 0 3 332 336 338 12 114 9.53
10 0 0 0 0 10 3 329 330 335 8 139 8.28
2 0 0 0 0 8 3 331 336 338 12 142 8.14
7 0 8 0 0 0 2 334 340 18 104 9.93
6 0 9 0 0 0 3 333 338 344 18 150 9.01
2 0 0 0 6 0 2 337 340 20 120 5.55
3 0 0 0 0 5 3 340 342 344 18 100 7.09
8 1 0 0 0 0 3 334 336 339 24 162 8.39
4 1 0 0 0 0 3 342 343 348 32 124 5.97
1 0 0 0 0 10 2 339 350 18 110 5.84
4 1 0 0 0 0 3 337 347 348 32 123 7.01
2 0 0 0 0 10 1 343 36 163 7.92
2 0 6 0 0 0 2 342 343 24 126 5.79
10 1 0 0 0 0 1 341 32 163 10.59
6 1 0 0 0 0 2 345 346 25 159 7.69
10 0 10 0 0 0 1 347 42 183 9.94
8 0 0 0 8 0 2 346 349 36 113 8.67
2 1 0 0 0 0 1 346 38 141 6.23
8 1 0 0 0 0 3 345 347 348 24 103 8.8
9 0 0 0 0 2 2 349 350 32 112 6.7
10 0 0 8 0 0 1 350 44 153 6.76
7 0 0 0 0 4 1 349 52 169 10.11
3 1 0 0 0 0 1 351 36 160 9.67
6 0 0 0 5 0 1 351 59 130 9.49
8 0 0 0 1 0 1 351 54 136 8.63
1 0 0 0 0 0 0 65 140 8.11
1 0 0 0 0 0 3 353 354 355 0 92 6.9
2 0 0 7 9 9 3 357 359 360 1 109 6.33
4 0 6 0 0 1 2 358 380 1 129 6.79
2 0 2 2 3 0 2 356 362 1 139 9.4
10 0 9 6 8 2 1 364 3 136 6.12
5 0 3 2 0 0 3 361 365 366 3 141 7.74
5 0 0 0 10 2 3 359 363 381 5 131 8.11
7 0 10 3 8 5 2 367 377 10 98 9.81
8 0 9 0 1 0 1 371 3 124 7.03
6 0 10 8 0 4 3 373 374 376 8 96 9.39
2 0 4 7 3 0 1 369 3 129 6.0
6 0 4 6 6 0 1 379 10 130 8.02
5 0 4 7 4 0 1 382 13 152 10.12
3 0 4 9 0 3 1 372 8 82 7.14
5 0 6 5 3 1 2 368 371 8 138 6.89
1 1 0 0 0 0 1 373 17 111 8.22
6 0 8 7 0 10 2 370 375 13 93 5.73
4 0 0 2 5 7 1 378 5 107 6.69
6 1 0 0 0 0 1 380 19 102 5.7
3 0 5 9 4 0 3 372 374 380 13 115 8.52
8 0 2 4 0 0 1 376 16 121 6.07
3 1 0 0 0 0 1 378 18 150 5.42
7 1 0 0 0 0 1 381 16 129 9.48
6 0 8 3 0 0 1 382 19 158 10.24
2 0 3 7 4 4 1 381 24 139 9.2
7 1 0 0 0 0 1 379 17 119 8.79
1 1 0 0 0 0 1 379 21 106 5.59
8 0 5 10 8 0 1 382 24 144 6.48
6 0 0 1 4 1 1 383 25 164 9.67
4 0 7 6 0 8 1 383 26 110 8.86
6 0 4 8 10 5 1 383 32 145 5.91
1 0 0 0 0 0 0 38 120 10.42
1 0 0 0 0 0 3 385 386 387 0 83 9.94
1 0 0 5 7 7 3 393 394 398 1 96 7.2
9 0 0 8 5 4 3 388 391 395 1 99 7.07
5 0 0 10 0 8 1 402 1 113 8.01
6 0 0 6 10 2 3 389 390 392 10 97 6.02
4 0 2 0 0 10 3 397 403 411 16 130 9.17
9 0 5 0 4 0 3 396 399 413 16 151 6.52
7 0 0 0 7 0 1 405 10 134 8.39
4 0 0 0 10 0 3 394 400 409 16 126 5.95
8 0 0 1 0 0 2 395 401 2 121 10.4
10 0 2 0 0 8 1 406 20 115 6.87
4 0 2 0 0 0 1 409 10 106 5.87
10 1 0 0 0 0 3 402 405 407 25 131 7.72
2 1 0 0 0 0 2 404 410 20 103 5.95
8 0 0 7 0 1 3 399 400 408 2 83 5.97
9 0 0 5 0 0 3 402 406 412 25 107 7.31
10 0 0 10 0 7 3 405 411 412 20 156 5.39
3 0 8 2 0 0 2 403 404 10 82 10.01
10 0 10 6 0 6 1 414 35 117 7.6
4 1 0 0 0 0 2 407 408 20 128 7.92
5 1 0 0 0 0 1 408 22 110 9.35
3 1 0 0 0 0 1 406 35 142 8.77
6 0 5 3 8 0 1 414 38 136 9.56
5 1 0 0 0 0 1 409 35 110 7.74
6 0 0 6 7 6 1 413 27 160 8.73
4 0 0 0 0 10 1 410 40 110 10.1
4 0 9 0 1 0 2 412 414 44 156 10.28
4 0 0 8 9 1 1 413 30 132 7.75
5 0 0 0 3 0 1 415 48 147 6.72
3 0 7 10 9 1 1 415 34 158 6.26
6 0 9 0 5 5 1 415 48 138 9.0
1 0 0 0 0 0 0 54 171 7.33
111.25 107.14 101.8 98.77 101.77 119.72 141.87 164.45 162.19 135.43 111.32 108.5 102.79 104.17 111.1 119.7 132.69 155.06 213.73 193.29 161.93 138.95 125.58 115.16 102.54 102.02 100.38 103.72 103.19 108.48 137.76 142.87 138.87 114.85 109.0 103.71 93.5 94.53 100.01 100.01 110.8 143.56 174.98 172.26 148.6 122.35 116.87 102.05 101.02 98.25 97.78 97.52 96.03 101.06 129.4 142.88 137.46 111.86 100.0 96.64 94.94 84.72 93.5 99.43 111.16 136.34 163.91 169.94 154.77 130.25 121.35 109.11 104.93 99.04 97.8 98.85 97.43 105.11 130.6 140.15 123.5 89.92 78.92 45.58 32.04 14.8 46.3 77.86 96.71 130.06 160.0 171.79 141.87 124.68 113.35 100.96 90.74 79.4 79.02 79.38 79.93 106.94 129.4 122.2 102.08 77.75 60.6 34.0 35.37 40.32 62.46 75.98 105.0 132.77 166.87 166.38 149.33 126.25 118.04 110.0 115.44 105.36 97.93 97.71 97.75 93.74 99.2 99.81 96.13 80.27 101.5 98.68 95.42 51.42 50.38 68.42 76.25 102.14 148.13 154.14 127.06 101.09 83.21 68.77 46.26 15.89 15.89 5.09 1.2 0.09 0.89 0.95 1.39 0.08 -2.47 -8.16 -17.1 -24.5 -24.94 -12.61 -4.04 5.14 65.07 93.23 95.13 85.69 81.97 57.17 71.58 64.89 65.26 68.65 70.9 94.42 125.84 169.5 176.15 135.51 112.24 102.19 90.43 84.31 75.01 72.83 80.68 106.15 136.55 193.78 177.12 135.68 115.62 102.34 102.04 95.83 93.8 94.79 92.6 102.04 131.25 178.53 159.37 109.28 87.69 73.78 61.16 25.46 28.64 41.86 77.51 87.79 126.85 161.74 140.4 113.1 96.67 80.29 69.27 68.67 68.58 70.01 71.02 84.43 117.5 152.77 125.47 85.45 61.22 39.44 31.11 19.09 17.03 28.63 68.17 68.49 105.0 141.27 127.01 103.68 85.81 73.64 68.47 69.66 68.55 70.4 73.84 95.81 134.77 165.0 133.3 79.11 41.0 0.19 -0.95 -7.15 -5.04 1.15 25.91 79.02 141.28 184.01 174.44 139.91 114.52 105.62 110.0 104.92 105.1 105.33 108.46 114.3 154.79 182.25 140.78 96.23 65.17 7.82 0.0 -1.13 -1.07 -0.05 31.05 79.84 128.71 172.61 159.72 120.3 103.31 96.97 109.19 102.92 99.91 100.48 99.46 98.29 103.63 107.23 100.41 57.45 0.66 -0.85 -21.04 -47.34 -49.39 -29.98 -3.31 5.16 72.68 95.83 89.0 78.93 78.99 68.75 70.45 61.66 63.51 69.45 71.21 78.88 78.18 79.73 42.41 0.1 -2.02 -27.76 -60.4 -104.76 -109.67 -66.68 -17.81 11.14 118.37 136.1 135.48 123.12 113.13 101.14 88.35 86.84 83.37 85.41 87.18 100.46 132.06 176.44 144.5 108.02 84.23 64.57 27.99 23.89 30.0 65.29 83.54 105.14 131.7 173.84 164.32 137.8 116.32 102.52 94.89 88.85 90.16 91.48 93.25 108.74 146.31 180.55 136.77 91.31 81.16 81.04 50.08 47.9 59.1 65.55 78.47 92.0 115.0 173.66 174.75 140.84 122.64 107.28 108.64 99.74 97.29 97.64 98.63 114.12 158.07 175.56 131.56 100.44 84.16 66.16 15.48 11.03 26.56 48.59 72.36 89.44 102.39 125.0 130.89 105.0 98.55 100.49 94.84 92.22 91.47 90.69 93.35 101.32 137.63 174.11 136.88 103.38 87.12 68.25 39.09 2.49 0.08 2.22 64.43 72.67 105.23 153.82 157.98 101.14 85.74 83.58 74.31 70.36 64.32 64.99 67.44 88.93 114.0 111.57 90.0 61.39 13.78 0.22 -1.39 -5.06 -4.33 -0.1 15.07 65.62 115.85 140.11 161.49 135.22 123.11 108.14 109.28 105.89 102.31 99.94 100.8 100.77 105.85 101.16 96.91 68.05 20.19 0.0 -8.45 -34.11 -36.54 -14.41 -0.19 61.75 112.99 151.66 139.9 99.59 78.0 45.94 53.65 44.72 41.89 41.54 31.8 33.0 35.93 27.75 13.15 8.43 0.0 -0.02 -3.32 -18.84 -25.38 -9.93 -0.01 20.31 100.0 123.71 120.0 109.0 104.94 96.64 89.92 84.78 84.1 84.37 86.9 99.45 125.0 152.11 144.03 107.54 95.55 76.31 60.49 61.64 66.22 75.8 84.6 99.0 124.29 185.27 158.68 106.12 83.42 79.36 77.96 76.79 70.01 67.27 69.42 75.27 85.46 95.0 100.0 95.0 70.41 92.74 91.28 90.01 80.01 75.01 69.89 86.57 108.76 137.32 145.94 113.58 105.8 97.2 89.32 83.81 84.44 84.93 88.01 103.34 124.04 135.68 109.94 82.49 59.41 37.67 19.62 12.15 13.1 31.9 65.62 94.94 118.39 157.87 154.65 121.83 109.97 98.59 90.44 85.33 83.48 82.34 83.84 90.43 109.6 123.17 124.43 90.0 61.14 45.95 43.0 40.84 36.53 74.14 87.15 100.0 114.39 131.02 124.3 114.17 98.9 96.72 90.26 81.14 78.44 77.73 77.6 77.4 80.0 86.52 88.46 89.0 88.96 86.31 77.82 67.28 65.05 67.51 77.77 91.86 106.14 126.23 133.75 118.8 108.83 101.95 91.61 81.89 86.4 84.44 86.95 92.98 97.71 94.12 82.13 59.9 19.4 4.54 0.0 -2.72 -6.57 -0.78 0.2 66.51 105.94 130.84 149.1 130.44 111.58 99.44 101.48 96.74 97.58 98.3 98.66 103.07 103.5 86.91 63.7 5.8 -0.69 -30.5 -80.69 -84.89 -54.65 -7.53 0.0 68.65 107.04 116.77 142.51 133.91 121.69 110.95 107.96 98.59 95.84 95.98 98.32 98.32 95.72 89.98 79.86 55.56 18.77 9.09 -14.57 -22.49 -0.94 9.53 47.56 84.28 101.2 121.53 139.09 132.1 122.77 106.49 96.63 89.22 87.89 85.33 85.04 98.71 122.53 151.54 140.71 104.45 93.4 83.43 77.19 66.99
