416 5
1 39 45 45 43
1 0 0 0 0 0 3 1 2 3 0 105 6.63
4 0 5 5 0 10 2 7 11 1 101 10.37
8 0 5 3 6 4 3 5 13 22 1 93 5.78
8 0 2 5 0 10 3 4 6 11 1 89 5.76
4 0 3 7 7 0 3 5 14 15 9 95 10.51
1 0 9 0 1 5 3 8 9 21 13 137 9.48
7 0 4 9 7 0 3 8 9 10 9 148 5.45
9 0 2 0 0 10 3 10 13 18 5 97 6.29
3 0 4 0 0 4 3 17 23 24 16 119 5.82
8 0 8 7 0 6 2 17 23 16 93 7.95
5 1 0 0 0 0 2 19 25 16 123 6.76
2 0 0 6 10 8 3 12 20 21 9 116 7.22
10 0 9 1 5 0 3 15 18 19 11 109 9.56
3 0 7 9 0 9 2 15 16 14 91 8.23
3 0 0 0 1 4 3 19 20 26 13 87 8.27
8 1 0 0 0 0 3 24 25 27 21 124 8.09
4 1 0 0 0 0 3 17 21 24 17 160 10.5
7 0 4 4 5 3 2 20 27 24 154 10.53
10 0 8 10 6 7 3 22 26 29 21 168 5.92
4 1 0 0 0 0 1 22 21 102 10.36
7 0 3 0 3 9 1 28 31 157 7.73
4 1 0 0 0 0 3 23 25 27 21 100 5.66
1 0 8 0 9 0 1 30 31 133 8.72
10 0 0 1 7 4 1 29 25 138 5.76
8 0 4 10 10 9 1 30 29 116 10.3
4 0 0 10 0 0 1 26 29 127 6.43
8 0 0 2 7 6 1 28 33 140 10.17
2 0 1 7 3 4 3 28 29 30 31 148 9.93
2 0 4 2 4 6 1 31 41 177 6.06
6 0 6 3 1 0 1 31 35 171 9.19
2 0 0 4 7 4 1 31 37 152 7.91
1 0 0 0 0 0 0 43 112 5.39
1 0 0 0 0 0 3 33 34 35 0 123 6.58
10 0 4 6 6 3 3 36 37 39 1 118 7.65
8 0 1 9 0 5 2 41 44 1 141 9.9
4 0 3 5 4 0 2 48 60 1 83 6.04
10 0 1 4 3 2 3 38 42 47 11 96 9.36
7 0 10 0 3 5 1 44 11 118 9.0
1 1 0 0 0 0 2 40 43 21 124 9.97
3 0 2 2 0 0 2 49 53 11 109 6.22
2 1 0 0 0 0 2 52 56 22 107 8.45
5 0 4 1 9 5 2 50 54 9 137 9.2
6 1 0 0 0 0 1 45 21 108 9.15
9 0 1 5 0 3 1 57 22 162 7.21
7 0 7 0 4 0 1 52 18 121 7.53
5 0 1 10 10 8 2 46 59 27 102 10.67
3 1 0 0 0 0 2 49 54 32 147 9.87
3 1 0 0 0 0 1 49 21 123 6.81
4 0 6 10 8 0 1 54 5 121 7.88
5 0 2 8 2 8 1 58 35 141 9.96
10 0 1 0 0 3 2 51 61 14 97 8.39
9 1 0 0 0 0 1 60 24 126 8.16
3 0 7 0 6 6 1 55 25 120 6.15
1 0 4 5 2 0 3 57 58 62 14 129 8.81
6 0 2 4 7 0 1 58 35 151 9.17
1 1 0 0 0 0 1 60 28 113 7.6
5 1 0 0 0 0 1 62 24 151 5.85
1 1 0 0 0 0 1 61 31 150 6.22
3 0 10 0 9 1 1 61 41 138 9.93
7 0 5 5 7 3 1 62 32 152 8.4
9 0 6 4 0 3 1 63 33 170 7.33
10 0 3 7 10 0 1 63 44 159 10.16
2 0 9 10 7 8 1 63 39 134 6.44
1 0 0 0 0 0 0 54 139 7.99
1 0 0 0 0 0 3 65 66 67 0 138 9.34
9 0 8 4 0 4 3 70 81 84 1 102 7.42
7 0 7 4 4 0 3 68 72 75 1 117 8.75
8 0 0 6 0 4 3 69 71 92 1 131 9.98
9 0 0 0 4 0 3 74 78 79 8 128 6.39
3 0 3 8 0 1 3 73 79 81 9 144 6.83
6 0 3 0 0 0 3 73 74 75 10 114 7.52
6 0 6 0 0 1 3 77 81 85 9 118 6.89
7 0 0 1 0 0 3 73 82 87 8 126 6.83
3 0 0 0 8 0 3 77 85 86 16 108 5.87
6 0 9 6 6 0 3 77 87 88 17 119 5.92
4 0 0 0 0 9 3 76 80 82 16 141 7.81
10 0 0 10 5 9 3 79 83 87 20 152 8.31
4 0 3 0 0 3 2 80 83 23 105 10.31
9 0 0 0 1 0 3 80 84 89 17 146 8.16
6 1 0 0 0 0 3 85 90 93 30 141 5.75
2 0 1 0 0 0 1 90 27 119 8.29
1 0 0 1 1 0 3 82 86 94 15 154 7.79
8 0 0 1 0 0 1 88 20 110 6.48
7 1 0 0 0 0 1 89 30 135 8.66
9 1 0 0 0 0 3 86 91 92 26 158 5.98
1 0 0 3 6 0 1 91 36 170 9.19
6 0 7 8 6 0 1 88 35 112 10.59
1 1 0 0 0 0 2 89 92 30 130 8.99
8 0 0 10 0 4 1 93 41 175 10.42
1 0 8 0 0 0 2 90 93 37 158 6.12
5 0 4 0 0 9 1 91 38 154 10.12
1 0 0 5 0 1 1 94 43 117 9.08
5 1 0 0 0 0 1 95 35 168 9.28
5 0 10 4 0 0 1 95 49 144 10.56
9 0 9 4 9 0 1 95 44 181 10.58
1 0 0 0 0 0 0 54 138 10.28
1 0 0 0 0 0 3 97 98 99 0 133 6.76
8 0 8 2 2 7 3 103 104 105 1 125 7.08
7 0 7 5 5 4 3 101 107 112 1 82 5.9
4 0 3 10 1 8 3 100 109 110 1 81 9.81
10 0 7 10 8 7 3 102 106 108 5 155 7.34
7 0 2 10 10 10 3 111 117 119 8 133 8.7
1 0 4 6 1 10 2 111 126 15 140 10.14
1 0 7 1 10 3 3 108 113 117 9 107 9.5
1 0 6 5 10 2 2 107 114 9 83 10.65
5 0 8 10 5 1 3 108 110 113 9 87 10.46
3 0 7 9 5 5 3 115 117 122 15 122 10.52
4 0 9 1 10 5 3 115 118 119 10 125 7.55
8 0 5 3 7 6 3 111 120 122 15 133 10.52
7 0 9 9 2 9 3 112 114 118 5 90 10.57
10 0 2 9 10 3 3 112 114 119 14 123 8.18
5 0 8 9 1 4 1 125 23 139 10.23
6 1 0 0 0 0 2 116 123 24 101 7.22
10 0 3 10 2 4 3 115 118 122 14 148 8.98
5 0 1 4 6 3 2 116 121 24 146 5.79
1 1 0 0 0 0 2 116 120 24 100 7.99
3 1 0 0 0 0 2 124 126 30 162 5.48
6 1 0 0 0 0 1 121 18 100 7.38
3 0 6 5 4 10 2 120 125 24 122 5.65
4 1 0 0 0 0 1 124 24 120 6.05
5 1 0 0 0 0 1 121 27 117 9.14
3 0 5 3 5 5 1 123 32 123 7.08
3 1 0 0 0 0 2 123 125 24 149 5.99
7 0 8 7 1 9 2 124 126 35 120 10.53
9 0 1 5 10 2 1 127 42 135 9.64
8 0 1 2 4 6 1 127 28 162 9.46
3 0 9 2 4 4 1 127 42 157 5.51
1 0 0 0 0 0 0 51 183 6.94
1 0 0 0 0 0 3 129 130 131 0 77 8.54
2 0 5 8 10 6 3 133 139 144 1 93 10.55
2 0 0 10 6 7 3 135 137 138 1 93 9.49
7 0 10 10 5 0 2 132 143 1 102 10.06
5 0 8 6 5 0 1 141 8 86 9.59
9 0 3 0 8 6 3 134 136 140 3 128 10.34
9 0 0 8 5 0 3 145 148 150 12 145 9.87
3 0 3 10 6 7 2 140 146 3 128 6.36
10 0 0 3 0 4 2 137 138 12 111 7.67
10 1 0 0 0 0 3 145 149 153 22 113 10.06
6 1 0 0 0 0 3 142 155 157 22 145 8.01
3 0 5 8 2 4 3 145 149 152 3 147 10.12
7 0 10 6 0 7 2 141 149 12 158 8.07
5 0 0 5 6 7 2 148 156 19 155 9.21
8 1 0 0 0 0 1 154 28 163 10.67
1 0 3 2 0 4 1 153 8 106 6.79
7 0 2 3 0 0 3 146 151 154 3 135 6.46
3 1 0 0 0 0 1 147 32 125 8.1
3 0 2 7 9 5 2 147 156 10 136 7.66
8 0 6 2 7 6 1 157 35 174 6.43
9 1 0 0 0 0 1 152 24 156 5.84
6 0 3 1 7 0 1 158 32 129 9.78
3 0 3 4 3 4 1 154 21 104 7.59
6 0 8 7 3 8 2 152 153 10 135 8.38
7 0 4 9 1 2 2 155 157 33 118 5.78
9 0 0 3 9 0 1 155 32 110 7.14
2 0 10 1 1 5 2 156 158 36 133 9.17
7 0 5 8 2 0 1 158 41 154 6.26
1 0 5 0 0 8 1 159 38 107 10.58
7 0 0 1 10 0 1 159 43 133 8.61
6 0 0 0 7 2 1 159 48 139 9.11
1 0 0 0 0 0 0 54 139 6.21
1 0 0 0 0 0 3 161 162 163 0 104 5.44
3 0 9 3 0 1 3 169 171 180 1 139 6.93
10 0 0 0 8 9 3 169 185 186 1 90 8.91
6 0 7 0 0 6 3 164 165 170 1 145 10.31
9 0 3 4 7 7 3 167 175 188 7 109 9.31
7 0 0 3 0 10 3 166 167 168 7 90 7.27
2 0 1 9 4 10 3 173 177 178 14 97 9.26
1 0 4 3 6 1 3 176 179 180 16 110 6.67
6 0 4 1 0 7 3 169 171 180 14 155 8.84
10 0 0 2 0 10 3 172 175 178 20 135 10.09
4 0 0 0 10 7 3 171 173 175 7 99 7.77
3 0 1 4 0 0 3 177 179 181 20 100 6.6
9 0 3 2 1 9 3 173 177 182 30 112 9.23
10 0 1 3 0 5 1 174 39 138 8.67
3 0 6 0 5 4 3 176 183 188 49 177 9.2
10 0 4 5 10 6 1 184 30 134 6.91
6 0 1 5 4 8 1 189 52 170 6.53
6 0 0 5 1 8 1 187 39 144 5.63
1 1 0 0 0 0 3 182 188 190 30 118 7.37
8 1 0 0 0 0 3 183 185 186 23 118 10.34
4 0 0 5 0 7 3 181 183 186 20 130 9.54
7 1 0 0 0 0 3 182 184 185 24 110 9.09
3 0 6 5 9 7 1 189 39 127 5.56
5 0 8 0 4 6 2 184 187 52 159 6.95
3 0 0 9 10 8 1 190 57 168 9.23
10 1 0 0 0 0 1 189 31 146 9.23
6 1 0 0 0 0 1 187 31 139 9.91
1 0 1 2 0 1 1 190 57 190 9.41
10 0 0 3 8 9 1 191 52 160 7.27
5 0 7 1 0 2 1 191 58 157 7.94
6 0 7 3 10 0 1 191 60 162 6.02
1 0 0 0 0 0 0 66 196 5.45
1 0 0 0 0 0 3 193 194 195 0 73 7.69
2 0 0 0 2 0 1 201 1 108 8.66
10 0 0 8 0 0 3 196 200 206 1 102 5.49
7 0 0 0 7 0 2 198 204 1 136 9.19
1 0 8 0 0 0 2 197 208 11 112 10.32
3 0 0 0 0 8 3 204 207 209 12 148 7.93
6 0 0 0 5 0 3 199 202 210 8 116 8.14
2 0 0 9 0 0 1 218 14 92 9.32
10 0 0 0 0 2 2 205 219 11 102 9.44
5 0 1 0 0 0 2 203 213 3 148 6.92
9 0 2 0 0 0 2 212 217 14 123 6.4
4 0 0 0 6 0 1 215 8 114 6.82
4 0 0 5 0 0 1 216 15 142 9.9
2 0 0 0 10 0 1 216 21 129 5.76
4 0 0 0 0 10 1 212 11 116 6.53
10 0 10 0 0 0 2 211 217 15 111 8.87
10 0 0 0 7 0 3 212 217 220 12 151 5.52
7 0 5 0 0 0 1 214 15 145 8.96
10 1 0 0 0 0 1 216 14 160 8.26
7 0 0 0 3 0 1 222 25 118 8.77
2 1 0 0 0 0 1 222 23 100 8.55
1 0 10 0 0 0 2 218 220 8 132 8.73
2 0 8 0 0 0 1 222 22 113 7.69
2 1 0 0 0 0 1 220 12 85 10.19
2 0 0 0 0 7 1 221 24 102 6.26
9 0 7 0 0 0 1 218 25 118 7.45
1 0 0 0 0 1 1 221 34 166 9.32
4 0 8 0 0 0 1 221 21 106 6.32
7 1 0 0 0 0 1 223 22 105 7.81
8 0 0 0 8 0 1 223 35 170 10.19
9 0 0 6 0 0 1 223 32 169 5.62
1 0 0 0 0 0 0 43 153 6.16
1 0 0 0 0 0 3 225 226 227 0 77 7.11
6 0 0 0 2 0 3 231 234 243 1 100 6.98
1 0 2 7 0 7 3 229 230 237 1 112 10.11
5 0 0 7 0 0 3 228 232 244 1 119 6.31
6 0 9 0 3 10 3 233 238 251 6 144 6.52
10 0 6 0 0 0 3 234 235 236 2 92 7.54
10 0 8 0 0 5 2 231 242 2 135 10.25
4 0 0 1 0 4 3 233 239 240 12 146 8.8
9 0 9 2 0 0 3 233 237 245 6 131 9.21
2 0 0 0 0 9 3 236 241 254 16 141 7.47
4 0 10 5 0 2 3 241 244 248 12 156 7.07
6 0 1 10 0 0 3 243 246 248 12 114 9.03
7 0 3 0 5 9 1 247 18 114 9.58
9 0 10 4 0 0 3 242 248 249 15 140 8.95
9 0 10 0 8 3 3 239 240 242 12 127 7.8
6 0 0 7 1 7 2 245 250 21 124 5.53
5 1 0 0 0 0 2 241 246 21 98 6.67
2 1 0 0 0 0 1 249 26 97 6.09
8 0 7 2 0 0 3 246 247 254 24 164 6.54
9 1 0 0 0 0 3 244 247 251 18 109 6.6
6 0 5 1 5 0 2 245 249 27 107 8.48
5 0 0 0 0 9 1 253 33 158 7.01
4 0 8 0 0 0 1 252 32 133 10.03
10 0 0 5 9 4 1 252 32 128 9.65
2 1 0 0 0 0 3 250 251 253 24 156 7.63
3 0 0 9 7 5 2 250 253 33 129 5.9
3 0 0 1 10 0 1 252 36 170 7.6
6 0 0 0 10 0 1 254 27 102 9.86
5 0 0 0 5 10 1 255 42 133 10.34
4 0 2 0 10 0 1 255 38 133 10.0
7 0 7 0 2 0 1 255 33 112 9.33
1 0 0 0 0 0 0 47 137 8.49
1 0 0 0 0 0 3 257 258 259 0 136 6.67
1 0 4 6 3 4 3 263 264 271 1 91 8.62
8 0 2 6 6 2 3 265 270 275 1 80 8.53
6 0 6 7 7 6 3 260 263 270 1 138 8.26
6 0 1 9 6 2 3 261 266 278 7 144 7.02
4 0 7 9 5 6 3 262 271 274 13 150 9.16
8 0 9 6 1 6 2 267 273 17 157 9.76
7 0 7 3 8 2 3 267 268 274 7 138 7.05
9 0 7 5 1 7 3 265 266 280 2 111 8.38
4 0 5 4 7 8 2 273 278 11 146 6.55
1 0 7 7 2 5 3 273 274 281 13 96 6.39
6 0 4 5 9 5 3 269 275 283 25 99 6.59
5 0 2 5 6 3 3 269 272 275 14 90 5.72
6 1 0 0 0 0 2 279 280 31 159 8.14
10 0 5 7 4 10 1 276 9 122 5.76
10 0 6 8 2 1 2 280 283 17 110 6.22
2 0 4 9 8 1 3 277 278 283 19 136 9.19
6 0 10 10 7 3 1 286 25 127 10.29
6 0 7 5 8 3 3 276 277 285 17 160 9.87
5 1 0 0 0 0 3 276 277 281 31 108 9.64
3 0 6 10 6 2 1 279 36 160 10.31
2 0 2 10 4 8 1 282 36 139 7.72
9 1 0 0 0 0 2 279 282 21 130 7.95
10 0 9 5 9 4 2 284 286 39 180 6.73
9 0 10 8 8 5 3 281 282 285 37 132 9.41
2 0 10 9 8 9 1 284 46 166 5.49
8 0 1 10 7 4 1 286 46 121 8.71
7 0 7 1 1 7 2 284 285 31 167 6.35
3 0 8 5 5 3 1 287 49 131 9.49
7 0 5 10 10 7 1 287 46 137 10.68
2 0 8 2 3 6 1 287 54 178 5.69
1 0 0 0 0 0 0 56 134 10.6
1 0 0 0 0 0 3 289 290 291 0 134 9.72
1 0 0 4 0 0 3 293 294 303 1 79 6.61
10 0 4 0 0 0 3 295 309 312 1 120 10.65
5 0 0 0 5 0 2 292 295 1 139 6.54
8 0 6 0 0 0 3 297 308 318 6 148 5.6
5 0 0 1 0 0 3 298 299 302 2 138 8.4
9 0 0 0 0 1 2 296 305 2 91 7.98
1 0 7 0 0 0 2 307 310 11 91 8.79
8 0 1 0 0 0 3 300 309 310 11 150 8.05
8 0 0 0 6 0 2 298 301 14 118 8.59
6 0 0 0 10 0 2 300 304 22 126 7.55
6 0 0 7 0 0 2 310 313 7 131 9.32
6 0 0 0 10 0 2 314 315 28 137 5.66
6 1 0 0 0 0 1 311 22 102 8.12
1 0 1 0 0 0 1 305 7 98 5.7
6 0 0 0 0 6 2 306 307 2 111 7.8
1 1 0 0 0 0 3 306 313 314 28 114 10.23
3 0 8 0 0 0 2 307 311 11 120 5.59
7 0 0 7 0 0 1 309 29 115 10.64
10 0 10 0 0 0 2 308 318 14 110 9.52
8 1 0 0 0 0 2 316 317 24 125 5.44
10 0 0 8 0 0 1 315 36 174 5.65
8 0 0 0 0 2 1 318 19 117 6.1
3 0 0 7 0 0 1 312 28 137 10.01
3 0 3 0 0 0 2 313 314 31 124 9.62
7 0 0 0 0 1 2 315 317 34 125 5.46
7 0 1 0 0 0 1 317 34 135 7.0
3 0 0 3 0 0 1 316 46 168 6.01
5 0 0 0 6 0 1 319 49 179 9.07
5 0 0 2 0 0 1 319 41 153 8.23
1 1 0 0 0 0 1 319 27 110 5.43
1 0 0 0 0 0 0 54 154 9.56
1 0 0 0 0 0 3 321 322 323 0 82 9.84
5 0 0 0 7 0 3 324 333 347 1 146 5.94
4 0 0 0 0 2 3 325 326 327 1 128 7.57
2 0 0 8 3 0 3 333 336 344 1 126 8.8
7 0 0 4 0 0 3 325 328 332 6 118 6.41
1 1 0 0 0 0 3 334 336 346 13 138 8.22
8 0 2 8 0 1 3 329 330 341 5 110 10.65
10 0 0 0 3 8 3 335 338 339 5 140 8.72
7 0 0 0 0 7 3 331 338 341 13 127 7.05
4 0 5 0 9 0 3 332 337 338 13 125 5.76
8 0 0 0 6 8 2 331 333 13 116 9.77
10 0 0 3 0 7 3 334 336 337 21 127 9.48
5 0 0 0 4 0 2 334 342 17 95 10.36
2 1 0 0 0 0 2 340 348 21 148 7.11
5 1 0 0 0 0 3 339 343 349 31 106 7.61
9 0 0 0 0 8 3 340 341 347 15 143 10.6
1 0 0 5 2 6 1 339 31 155 10.36
7 1 0 0 0 0 3 340 342 343 31 165 5.67
6 0 9 1 7 4 2 343 346 20 123 7.12
3 0 0 4 3 0 2 345 350 36 113 8.76
1 1 0 0 0 0 1 346 38 117 6.97
9 1 0 0 0 0 3 342 345 349 24 101 5.52
8 0 0 4 10 6 1 344 38 152 6.68
9 0 1 3 0 0 2 344 345 38 146 7.55
9 0 0 0 10 0 1 348 47 127 5.79
10 0 0 9 8 3 1 348 47 157 10.57
9 0 9 5 1 6 1 350 39 132 7.21
5 1 0 0 0 0 2 349 350 24 140 9.17
6 0 0 2 5 7 1 351 57 129 6.43
10 0 0 0 10 10 1 351 36 173 9.01
6 0 0 6 0 5 1 351 48 152 7.34
1 0 0 0 0 0 0 63 140 8.64
1 0 0 0 0 0 3 353 354 355 0 77 5.87
10 0 0 10 0 0 3 359 375 379 1 149 10.28
3 0 0 0 6 0 3 357 364 366 1 75 10.65
10 0 0 0 0 4 3 356 358 359 1 100 10.6
4 0 0 0 0 8 3 360 364 365 11 152 7.24
10 0 0 9 0 0 3 367 370 373 4 103 10.6
10 0 0 0 4 0 3 361 362 363 11 119 5.77
3 0 0 0 0 8 3 364 369 377 11 151 8.11
3 0 0 0 9 0 3 367 369 379 15 121 8.09
8 0 0 4 0 0 2 366 373 21 103 5.37
8 0 0 0 6 0 2 368 373 21 122 6.93
7 0 9 0 0 0 3 368 369 376 21 121 6.15
1 0 0 0 0 4 2 367 382 15 115 10.69
10 0 0 0 0 4 3 371 376 378 15 137 6.87
7 1 0 0 0 0 3 368 370 374 29 136 6.43
3 0 10 0 0 0 1 372 18 152 7.73
10 1 0 0 0 0 3 371 375 382 36 144 9.59
4 1 0 0 0 0 3 372 374 382 28 146 9.8
4 1 0 0 0 0 3 371 372 375 36 143 9.81
10 0 0 0 6 0 1 379 46 162 10.27
7 0 0 0 0 7 1 378 40 163 8.29
10 0 0 0 0 1 3 374 376 378 29 156 6.71
10 0 8 0 0 0 2 380 381 39 168 9.4
4 0 0 0 6 0 2 377 380 46 178 9.92
2 1 0 0 0 0 1 377 39 174 7.59
1 0 0 0 10 0 1 381 50 174 6.51
7 0 6 0 0 0 1 381 47 165 8.62
2 0 0 3 0 0 1 380 56 142 6.57
2 0 0 0 9 0 1 383 58 139 8.89
10 0 0 0 9 0 1 383 54 172 7.22
5 0 0 0 0 10 1 383 46 170 6.98
1 0 0 0 0 0 0 64 164 5.53
1 0 0 0 0 0 3 385 386 387 0 79 8.26
8 0 0 0 4 0 3 390 395 396 1 128 9.7
5 0 9 0 0 0 3 391 392 394 1 139 8.36
1 0 0 0 3 0 2 388 397 1 117 5.88
1 0 0 0 2 0 3 389 413 414 2 131 10.5
2 0 8 0 0 0 2 393 406 3 77 7.54
7 0 0 0 0 5 3 392 403 411 9 105 6.5
8 0 0 0 0 7 1 403 6 94 7.88
6 0 0 0 3 0 1 398 16 100 5.61
7 0 10 0 0 0 1 407 5 96 6.57
8 0 3 0 0 0 3 398 405 407 6 115 10.12
9 0 1 0 0 0 1 399 9 108 8.46
2 0 4 0 0 0 2 397 400 9 140 8.44
8 0 10 0 0 0 2 404 413 11 126 7.63
7 0 0 0 0 7 2 408 409 22 165 8.1
6 0 0 0 10 0 3 401 402 409 18 157 5.78
2 0 0 0 6 0 3 403 406 409 11 148 5.6
4 1 0 0 0 0 2 410 414 24 150 9.6
8 1 0 0 0 0 2 405 406 24 147 8.32
9 1 0 0 0 0 2 404 408 16 137 10.02
10 0 0 0 5 0 2 407 414 25 169 9.66
4 1 0 0 0 0 2 408 411 32 163 9.99
7 1 0 0 0 0 1 411 32 123 5.91
2 0 0 3 0 0 1 410 35 119 9.51
3 0 0 10 0 0 2 412 413 36 163 6.76
1 0 0 0 8 0 1 410 29 103 7.31
8 0 8 0 0 0 1 412 37 126 7.89
2 1 0 0 0 0 1 412 39 164 5.97
9 0 0 0 0 3 1 415 45 166 5.52
3 0 0 0 9 0 1 415 39 164 10.19
5 0 0 4 0 0 1 415 35 159 6.97
1 0 0 0 0 0 0 54 125 8.19
91.43 86.73 83.81 82.78 87.9 98.84 117.11 125.34 108.78 88.51 71.02 45.93 20.04 14.23 18.34 54.56 71.68 93.82 110.93 185.7 211.45 125.19 107.2 101.25 100.92 94.61 88.0 86.13 89.8 102.21 110.84 109.58 98.05 88.57 69.64 43.23 25.21 20.77 28.79 42.92 65.47 95.33 120.11 155.37 165.78 115.95 104.24 98.22 97.51 92.93 87.44 85.52 89.59 98.68 109.06 109.55 102.58 87.69 76.37 66.19 48.56 35.0 41.89 72.39 80.69 103.73 114.26 136.15 133.62 116.14 105.02 98.95 97.02 88.8 86.23 89.28 90.52 107.21 114.02 115.32 106.73 99.11 88.1 80.09 71.8 70.01 69.62 78.23 84.22 102.03 113.4 129.68 132.91 112.93 103.96 94.17 88.33 80.75 77.23 75.91 75.56 86.3 104.74 106.3 102.09 91.08 72.35 41.5 14.85 4.4 0.7 4.73 45.3 72.22 94.17 105.08 112.82 107.45 103.02 94.37 95.33 89.32 87.61 85.05 85.35 85.46 86.59 86.77 83.29 60.4 13.71 3.32 1.34 0.07 0.17 3.52 12.59 75.36 97.69 109.0 120.28 120.32 111.16 105.24 100.5 95.12 94.2 91.87 90.91 90.8 90.0 84.9 48.37 2.64 -0.01 -0.07 -1.98 -7.45 -7.4 -0.1 0.0 65.46 100.87 110.4 117.21 114.32 107.5 100.52 95.28 87.03 83.48 81.78 82.6 101.79 114.33 123.39 108.88 91.97 70.01 35.02 10.0 5.93 6.78 25.2 59.45 88.12 111.51 157.12 227.31 137.47 115.04 105.15 105.52 101.05 97.8 96.22 98.05 105.41 123.03 122.7 106.64 90.0 73.77 62.72 42.78 26.28 38.05 73.05 89.43 106.86 130.67 193.46 185.66 124.99 109.69 99.37 98.91 90.23 86.76 87.9 90.91 98.72 110.37 115.52 113.64 101.63 83.54 81.08 65.36 51.78 51.32 76.84 85.94 106.04 133.45 218.26 217.95 127.79 113.63 103.57 97.15 92.01 87.98 87.74 91.23 98.38 120.86 136.33 123.46 83.31 71.7 61.79 57.78 53.81 63.61 70.11 92.15 126.1 155.84 188.26 150.6 122.93 106.89 91.59 85.16 84.97 84.76 83.9 86.29 94.5 113.29 119.52 117.86 109.01 87.94 84.87 73.31 57.53 62.83 77.05 88.78 109.37 131.23 156.02 141.73 120.69 100.29 89.96 93.16 87.41 83.92 81.51 84.54 89.28 94.58 97.44 89.43 80.04 37.19 5.23 0.0 0.0 0.0 3.11 30.83 92.49 111.22 126.86 131.73 119.52 104.87 89.63 87.32 77.52 69.3 65.77 62.57 66.75 67.33 64.06 22.3 5.28 0.0 -0.01 -0.1 -0.98 -0.61 0.0 26.37 82.74 118.77 137.67 134.23 115.33 103.42 91.67 86.59 85.1 84.31 83.32 84.89 95.66 120.63 127.19 114.2 99.42 78.94 68.68 39.12 24.72 42.64 69.5 85.01 110.97 160.72 241.5 210.56 121.44 111.29 99.57 93.16 88.84 90.09 91.53 93.87 105.14 129.45 151.47 147.32 118.93 97.23 86.24 80.59 78.03 76.67 82.45 97.44 118.07 172.44 302.75 258.2 138.17 109.35 93.64 100.15 88.94 84.81 80.02 81.52 95.05 120.61 122.47 109.4 85.12 33.8 5.22 4.02 3.58 3.48 21.43 59.9 87.1 120.44 189.72 164.8 107.02 93.89 81.12 57.92 42.83 40.58 43.77 66.38 90.63 118.13 121.23 108.61 76.95 40.98 5.79 3.2 3.33 34.22 69.58 93.12 129.1 189.29 338.31 246.26 134.16 110.17 103.32 97.24 86.42 84.79 84.5 84.65 96.8 118.31 131.29 125.0 101.07 89.51 86.57 80.3 73.94 72.25 79.49 93.61 120.0 125.0 151.47 149.89 113.25 101.43 98.45 101.7 101.39 100.66 99.28 98.39 99.37 101.76 99.56 97.17 80.63 11.57 0.0 -0.02 -0.86 -0.99 -0.01 42.63 86.36 107.2 161.52 136.23 100.9 95.99 84.68 88.7 84.31 80.1 82.69 82.22 81.97 80.43 54.92 0.0 -0.09 -4.0 -20.09 -40.02 -53.4 -46.97 -20.71 -2.71 19.23 108.69 131.47 126.15 107.05 98.6 92.11 84.42 86.67 85.85 84.8 86.32 98.33 123.46 149.8 125.0 101.94 85.83 76.73 65.92 61.47 70.56 79.89 101.44 132.42 210.51 413.66 308.52 150.28 119.37 108.69 108.12 109.21 106.31 104.25 104.21 107.35 182.39 294.59 193.65 125.7 102.57 96.01 84.74 84.27 87.45 94.85 105.81 131.17 192.68 386.4 210.0 130.02 112.62 105.9 104.86 103.61 100.57 101.42 100.87 110.31 133.35 216.33 165.29 122.31 113.97 114.82 103.58 96.03 86.56 95.58 110.26 126.54 170.59 276.46 172.73 117.57 98.94 84.59 85.95 83.19 75.65 67.14 66.2 71.23 105.95 123.07 121.14 104.81 76.01 38.73 51.48 49.23 57.64 54.03 46.92 89.09 126.33 188.92 151.12 116.25 92.43 81.94 48.33 42.49 35.11 33.23 41.42 73.44 114.49 123.43 109.04 92.68 58.95 49.64 47.43 46.93 59.75 76.99 92.55 97.99 130.14 200.52 165.0 119.39 104.84 98.65 94.3 79.39 72.93 73.75 79.32 82.83 86.36 78.23 72.18 54.48 14.27 2.37 0.0 0.01 0.01 0.02 41.22 101.57 123.7 142.34 127.6 113.87 100.62 88.1 85.5 77.16 79.68 84.97 92.72 99.3 99.25 103.59 107.52 87.7 61.58 17.66 6.57 0.0 -0.01 0.0 19.63 95.86 126.39 153.29 126.73 96.36 88.69 59.17 45.18 38.07 18.19 16.89 17.23 77.52 251.79 162.58 143.47 88.21 22.55 18.6 25.0 33.72 29.71 62.02 84.92 100.0 140.0 105.0 120.61 98.72 69.71 9.48 33.47 58.49 63.4 77.12 73.94 62.83 131.6 195.0 145.3 119.72 80.87 52.97 66.91 59.72 71.3 87.25 138.17 238.48 146.08 149.05 111.0 98.67
