416 5
1 39 45 45 43
1 0 0 0 0 0 3 1 2 3 0 66 17.29
9 0 0 4 0 0 3 7 17 20 1 127 13.88
3 0 9 0 0 0 3 4 8 14 1 69 11.95
1 0 0 4 0 0 3 5 6 22 1 64 12.86
7 0 0 6 0 0 2 18 26 4 107 10.48
4 0 0 0 8 0 3 14 17 30 2 125 12.72
3 0 0 0 1 0 1 30 2 90 13.44
6 0 0 0 5 0 1 21 10 80 16.02
6 0 0 0 9 0 3 9 11 20 4 126 17.32
3 0 0 0 10 0 3 10 13 21 10 97 12.93
8 0 3 0 0 0 1 12 13 130 18.92
6 0 0 0 0 2 1 28 10 81 10.06
1 1 0 0 0 0 3 16 19 24 21 92 15.41
9 0 0 0 2 0 3 15 24 25 13 114 17.65
6 0 10 0 0 0 2 24 26 6 118 15.9
3 1 0 0 0 0 1 18 22 104 10.33
2 1 0 0 0 0 3 18 22 27 22 139 12.35
5 0 0 0 4 0 3 21 25 26 10 128 17.15
3 1 0 0 0 0 2 23 29 25 123 13.26
4 1 0 0 0 0 2 23 25 22 105 11.19
7 0 0 0 0 3 1 22 10 84 11.24
3 1 0 0 0 0 1 27 16 79 17.71
6 0 0 0 0 1 1 23 24 120 13.56
6 0 0 0 0 9 1 30 30 126 17.31
7 0 0 4 0 0 1 28 22 128 15.61
9 0 0 5 0 0 1 29 26 130 15.47
8 0 0 7 0 0 2 27 28 15 89 11.1
10 0 0 0 0 6 1 29 24 132 11.79
4 0 1 0 0 0 1 31 29 127 15.6
2 0 0 0 7 0 1 31 35 139 15.12
6 0 8 0 0 0 1 31 36 116 10.73
1 0 0 0 0 0 0 42 120 16.99
1 0 0 0 0 0 3 33 34 35 0 98 13.27
1 0 10 1 5 8 3 37 46 52 1 104 18.48
4 0 1 10 2 1 2 39 55 1 123 17.72
5 0 7 7 3 4 1 36 1 113 9.86
6 0 10 6 9 8 2 38 53 6 89 16.67
2 0 3 10 4 3 3 41 43 60 2 94 13.38
6 0 7 4 6 10 1 40 12 88 12.6
1 0 5 8 7 7 3 40 47 52 5 102 16.35
7 1 0 0 0 0 2 44 45 18 88 14.41
10 0 9 1 3 10 1 42 4 86 10.19
9 0 2 6 4 7 1 55 14 134 13.0
9 0 9 8 7 6 1 51 4 131 11.7
10 0 2 3 5 9 1 50 25 145 18.85
8 0 2 4 9 5 2 49 56 25 110 13.35
10 0 9 1 5 6 2 48 49 2 89 12.4
7 0 10 7 4 5 1 61 6 127 13.41
4 0 10 1 8 10 1 62 12 110 11.38
2 0 6 5 3 8 1 61 33 139 17.23
8 0 2 10 6 6 1 51 35 143 11.37
2 0 4 9 6 3 1 57 43 160 16.06
6 0 6 3 10 3 2 57 59 6 77 15.38
1 1 0 0 0 0 3 54 58 61 12 124 14.78
10 1 0 0 0 0 1 56 13 109 14.41
2 1 0 0 0 0 1 57 23 141 18.19
1 0 7 10 3 7 1 60 33 99 18.57
3 0 2 6 5 9 1 62 45 147 16.38
5 0 10 9 3 6 2 59 60 13 78 17.17
10 0 3 1 10 5 1 62 18 132 18.17
5 0 5 10 6 9 1 63 34 114 12.64
2 0 1 6 9 2 1 63 35 139 9.72
3 0 4 6 3 2 1 63 48 113 16.82
1 0 0 0 0 0 0 51 148 17.81
1 0 0 0 0 0 3 65 66 67 0 77 12.04
5 0 8 2 4 9 3 69 70 79 1 92 14.12
5 0 10 6 4 7 3 74 78 92 1 97 13.99
10 0 8 10 10 9 3 68 71 73 1 110 9.71
4 0 5 3 5 3 2 85 91 11 99 15.48
4 0 6 6 10 9 3 72 78 92 6 82 15.28
8 0 6 5 8 10 3 73 75 80 6 97 16.7
1 0 7 9 2 1 3 74 84 85 11 125 13.29
9 0 9 10 9 6 3 74 75 88 10 92 14.51
1 0 1 8 7 1 3 81 82 83 14 114 10.67
6 0 8 5 8 3 2 81 87 19 143 11.75
2 0 6 4 4 8 1 76 19 138 15.64
6 0 5 10 1 5 2 77 83 21 114 13.23
10 1 0 0 0 0 3 82 84 87 27 149 17.11
8 0 8 3 7 3 3 80 81 85 10 83 12.88
1 0 4 9 10 10 3 80 87 92 6 93 14.28
1 0 3 9 10 9 3 82 83 88 18 92 10.84
1 0 8 1 1 2 2 86 90 25 111 12.05
10 0 7 3 5 5 2 86 91 37 123 10.72
4 1 0 0 0 0 2 84 86 27 140 13.41
9 0 4 9 6 10 2 89 90 37 158 16.8
2 0 5 3 9 1 3 88 89 94 18 85 17.3
1 0 6 8 3 3 2 89 94 47 141 18.88
9 0 1 8 8 1 1 90 37 162 13.84
2 0 2 1 3 3 1 93 20 120 12.06
3 0 6 4 8 3 1 93 48 132 17.43
6 0 4 4 8 9 1 91 46 121 18.38
8 0 8 6 8 9 2 93 94 52 170 9.61
1 0 2 5 3 8 1 95 10 81 16.94
4 0 9 8 4 3 1 95 60 140 15.01
1 0 10 2 1 10 1 95 60 117 15.62
1 0 0 0 0 0 0 64 154 11.41
1 0 0 0 0 0 3 97 98 99 0 69 18.51
9 0 0 0 6 0 3 101 109 125 1 82 16.96
1 0 0 4 4 6 2 100 124 1 65 17.56
1 0 2 0 0 0 3 102 103 105 1 112 9.83
2 0 0 5 0 0 3 104 107 112 2 97 18.72
9 0 9 0 0 8 1 118 10 84 13.69
8 0 4 7 5 0 3 104 106 119 2 125 18.97
5 0 4 7 3 2 1 123 2 93 12.0
1 0 0 0 9 0 1 117 10 97 14.44
8 0 0 7 4 0 2 110 116 2 102 12.0
2 0 3 0 5 3 1 110 10 82 18.6
10 0 5 0 0 0 2 108 111 4 126 9.89
4 0 3 0 0 0 1 114 14 135 11.07
4 0 0 3 7 0 1 113 10 133 19.08
8 0 0 1 0 0 1 121 12 86 10.82
7 0 0 0 9 0 1 115 14 93 17.36
10 0 0 6 0 0 1 115 4 104 13.67
10 0 0 10 0 3 2 121 122 14 141 13.53
7 1 0 0 0 0 2 120 123 18 138 14.81
7 0 0 9 4 6 2 117 125 21 130 15.17
10 0 7 2 6 0 1 120 10 116 12.14
4 0 6 0 0 5 1 123 28 101 10.95
3 1 0 0 0 0 1 121 19 98 18.41
7 0 1 0 8 10 2 120 126 10 92 15.5
9 0 0 5 0 0 1 125 25 137 14.61
6 0 0 3 9 10 1 124 24 100 18.99
4 0 5 0 3 0 1 124 24 141 12.88
5 0 0 9 0 0 1 126 32 100 17.26
10 0 8 4 0 7 1 127 30 104 17.66
4 0 10 5 0 1 1 127 34 143 14.7
5 0 4 6 9 0 1 127 37 157 13.47
1 0 0 0 0 0 0 42 107 10.45
1 0 0 0 0 0 3 129 130 131 0 71 11.66
2 0 10 9 2 5 3 132 134 135 1 65 10.31
2 0 10 7 8 3 3 132 135 143 1 93 14.91
10 0 0 0 10 0 3 140 142 151 1 76 16.42
6 0 2 1 8 0 3 133 139 150 3 88 15.06
1 0 2 9 0 3 2 147 148 9 93 9.61
2 0 2 5 6 0 3 136 143 147 3 106 14.38
9 0 8 4 10 9 3 136 137 144 3 91 9.85
1 0 0 6 10 9 3 138 140 142 12 126 12.31
6 0 2 5 0 0 3 140 145 149 12 134 14.42
10 0 0 10 0 6 1 141 13 83 10.94
6 0 8 10 6 4 3 142 144 148 9 116 14.24
7 0 3 0 10 0 3 150 152 155 18 138 18.29
5 1 0 0 0 0 2 146 148 23 114 14.73
7 0 4 4 2 0 2 153 154 15 134 10.05
10 0 7 3 9 10 3 149 152 154 5 86 10.53
10 0 5 0 5 6 3 146 147 153 15 137 18.01
4 0 7 2 3 4 3 146 150 151 18 94 14.81
4 1 0 0 0 0 1 154 28 132 14.5
8 1 0 0 0 0 3 152 156 157 25 145 17.67
6 1 0 0 0 0 1 149 28 110 9.69
4 0 5 6 0 2 1 151 34 133 17.61
1 1 0 0 0 0 1 158 25 114 17.63
5 0 2 4 5 2 3 153 155 158 38 104 12.81
2 1 0 0 0 0 1 158 33 99 14.8
5 0 0 7 8 2 2 156 157 43 122 10.39
1 0 8 0 7 8 1 155 32 102 15.06
8 0 5 0 9 9 2 156 157 43 145 17.15
6 0 7 0 0 0 1 159 51 161 13.42
1 0 1 3 9 0 1 159 51 127 13.46
3 0 5 0 7 3 1 159 43 123 10.18
1 0 0 0 0 0 0 57 170 9.81
1 0 0 0 0 0 3 161 162 163 0 89 17.52
2 0 2 7 3 5 3 165 166 168 1 109 15.33
4 0 4 10 10 4 3 164 171 179 1 93 16.35
5 0 0 0 3 7 2 166 167 1 79 14.23
1 0 5 7 3 0 3 167 178 184 5 109 18.36
8 0 6 6 3 8 1 190 3 102 10.34
7 0 0 8 6 5 1 188 6 125 15.45
2 0 7 0 8 8 1 185 6 94 13.46
4 0 0 6 0 0 3 169 174 185 3 104 18.1
2 0 4 1 0 9 2 170 172 7 93 19.03
9 0 0 2 0 0 2 173 179 9 82 18.6
1 0 3 10 2 0 3 173 174 175 5 81 14.46
3 0 4 7 3 7 1 173 9 100 13.99
9 0 1 1 0 8 3 178 180 186 18 131 13.69
8 0 2 0 9 4 2 182 183 7 81 14.0
1 1 0 0 0 0 3 176 180 181 6 87 10.76
9 1 0 0 0 0 2 177 182 7 110 15.86
5 0 0 9 7 1 2 184 187 16 141 15.07
3 0 10 0 4 3 1 187 27 140 15.04
5 0 6 2 7 0 2 183 189 18 95 11.37
1 1 0 0 0 0 1 183 27 92 15.03
4 1 0 0 0 0 2 182 185 7 95 10.09
9 0 8 0 7 1 2 186 188 16 111 13.38
8 0 9 0 1 1 2 184 190 28 147 13.23
5 0 1 1 0 8 1 188 36 152 15.2
7 1 0 0 0 0 1 186 11 121 15.0
2 0 5 7 9 0 2 187 190 27 103 16.64
1 0 7 3 7 0 1 189 30 122 13.61
7 0 8 3 10 7 1 191 41 161 14.46
4 0 0 7 0 0 1 191 31 140 11.5
1 0 1 6 2 2 1 191 36 113 12.91
1 0 0 0 0 0 0 48 142 11.16
1 0 0 0 0 0 3 193 194 195 0 110 14.98
2 0 9 0 8 0 3 198 200 218 1 99 12.12
2 0 3 0 3 8 2 200 214 1 91 17.26
10 0 0 7 10 2 3 196 208 213 1 117 19.06
6 0 7 0 0 3 2 197 214 11 92 10.52
2 1 0 0 0 0 1 206 17 98 18.05
5 0 0 0 8 7 3 199 201 202 3 76 18.49
2 0 5 3 7 0 1 204 8 97 13.32
8 0 7 0 0 7 3 203 205 219 3 107 16.42
9 0 2 0 7 2 2 211 213 8 122 14.36
6 0 4 0 3 0 3 207 211 217 8 104 16.74
4 0 0 3 0 0 3 207 209 222 11 83 17.67
1 0 10 0 1 0 3 205 208 210 10 79 9.76
2 0 0 6 3 1 3 206 209 220 11 118 11.39
7 0 0 0 9 1 2 216 222 19 129 12.29
4 0 0 2 2 0 1 216 15 139 17.02
7 0 0 0 5 4 1 215 11 93 16.7
1 1 0 0 0 0 1 213 15 88 14.82
7 0 4 0 0 0 3 212 215 219 11 127 17.31
4 1 0 0 0 0 2 214 219 17 108 18.1
3 1 0 0 0 0 2 217 220 18 142 16.15
5 1 0 0 0 0 2 215 217 17 112 16.4
2 1 0 0 0 0 1 216 21 141 19.06
8 0 1 0 0 6 1 221 22 149 10.37
5 0 6 0 0 0 1 221 26 133 14.91
5 0 4 0 0 9 1 221 22 138 10.33
2 0 0 4 0 0 1 220 3 111 12.09
8 0 10 6 0 3 1 222 21 113 18.56
10 0 6 0 0 6 1 223 21 93 12.27
10 0 2 0 7 0 1 223 31 124 14.28
2 0 7 0 0 0 1 223 29 116 11.37
1 0 0 0 0 0 0 41 114 15.82
1 0 0 0 0 0 3 225 226 227 0 102 12.49
7 0 7 8 0 0 2 238 245 1 130 10.0
1 0 0 2 1 0 3 228 236 241 1 114 12.72
3 0 3 0 0 0 3 231 235 249 1 71 13.58
9 0 0 6 6 8 3 229 230 233 2 119 14.4
6 0 7 0 0 0 1 232 11 101 14.39
3 0 4 0 10 0 2 240 242 11 101 17.01
5 0 5 8 0 0 2 247 251 4 75 13.08
6 0 0 4 8 2 1 242 17 114 12.71
1 0 7 0 0 0 2 234 243 11 88 16.75
9 0 0 8 4 0 2 251 253 12 120 9.93
10 0 0 0 0 6 2 237 238 4 90 9.81
8 0 6 2 1 6 3 239 244 249 2 117 18.53
5 1 0 0 0 0 2 243 244 14 136 17.35
7 0 8 1 0 0 2 239 244 14 91 18.86
4 1 0 0 0 0 3 240 242 246 21 145 12.71
4 1 0 0 0 0 2 248 251 25 97 16.83
4 1 0 0 0 0 1 250 2 125 18.9
4 0 0 3 0 8 1 247 25 135 13.22
1 0 0 10 0 0 2 245 247 19 134 14.21
9 1 0 0 0 0 1 246 21 126 17.17
7 1 0 0 0 0 2 246 248 20 87 16.29
8 0 0 0 1 0 1 250 30 130 13.25
5 0 10 5 0 0 2 252 254 29 127 13.49
9 0 0 8 7 9 2 250 253 29 109 12.25
2 0 0 5 6 3 1 253 10 120 13.76
6 0 6 0 0 0 2 252 254 38 106 9.57
9 0 7 0 1 0 2 252 254 29 152 9.87
1 0 9 0 0 2 1 255 44 138 12.32
1 0 0 0 0 2 1 255 38 103 14.04
5 0 10 0 0 0 1 255 44 158 15.88
1 0 0 0 0 0 0 49 130 11.13
1 0 0 0 0 0 3 257 258 259 0 79 9.84
3 0 9 0 0 0 3 261 263 269 1 71 11.09
1 0 0 0 0 10 2 262 276 1 89 15.69
7 0 0 0 0 7 3 260 261 264 1 82 16.79
1 0 0 0 0 2 3 270 273 283 8 73 16.86
9 0 0 0 0 2 3 262 265 275 8 106 9.77
9 0 0 0 0 1 3 268 270 272 17 115 14.99
6 0 5 0 0 0 3 267 268 271 4 88 16.44
5 0 0 6 0 0 2 266 270 8 133 13.66
8 0 9 0 0 0 3 266 268 276 17 114 12.48
10 1 0 0 0 0 3 272 273 277 25 146 11.11
9 0 4 0 0 0 3 273 275 276 10 128 15.79
1 1 0 0 0 0 2 277 280 26 112 17.58
10 0 5 0 0 0 3 271 277 280 4 92 9.79
5 1 0 0 0 0 3 274 278 279 26 117 13.77
10 0 0 5 0 0 3 278 282 286 14 139 18.42
10 0 0 0 0 7 3 274 283 285 35 124 9.82
5 1 0 0 0 0 1 286 35 124 10.14
8 0 0 0 8 0 2 281 284 45 139 15.38
8 1 0 0 0 0 3 279 281 282 19 119 10.71
2 1 0 0 0 0 3 279 280 281 25 122 15.16
1 0 0 2 0 0 1 278 35 148 10.19
8 0 0 0 0 10 1 285 36 124 18.35
7 0 0 0 0 10 1 285 31 130 14.86
2 0 4 0 0 0 2 282 283 27 135 18.59
7 0 1 0 0 0 1 286 53 144 12.23
6 0 6 0 0 0 1 284 29 143 12.19
8 0 0 0 3 0 1 284 45 160 15.63
2 0 0 0 2 0 1 287 53 159 15.06
2 0 0 6 0 0 1 287 45 134 18.53
4 0 0 0 0 2 1 287 60 156 11.56
1 0 0 0 0 0 0 64 174 12.43
1 0 0 0 0 0 3 289 290 291 0 107 9.66
2 0 3 0 0 3 1 304 1 121 13.63
9 0 6 5 10 1 1 296 1 90 10.4
8 0 7 9 6 4 2 292 300 1 119 10.69
6 0 9 1 9 8 3 293 294 306 9 137 17.83
2 0 5 3 2 0 3 297 301 308 15 119 11.38
3 0 0 1 9 7 3 295 309 312 15 97 16.03
9 0 5 1 10 3 3 298 299 302 18 90 12.64
9 0 5 0 7 2 2 297 305 10 93 18.48
4 0 7 5 3 6 3 302 304 315 19 97 11.77
6 0 0 8 7 10 2 316 318 27 130 12.23
5 1 0 0 0 0 1 311 27 92 14.28
10 0 4 2 4 10 2 313 316 9 98 11.13
8 0 10 4 3 8 2 303 312 17 102 17.58
2 0 3 5 3 0 1 310 27 136 11.32
9 1 0 0 0 0 2 310 318 25 139 16.44
2 0 7 0 4 9 1 317 23 141 11.34
3 0 4 0 0 9 3 307 308 312 19 126 15.65
1 0 5 0 9 2 2 308 309 15 108 17.74
2 0 9 0 0 5 3 309 311 313 22 123 13.09
10 1 0 0 0 0 2 310 313 22 97 13.78
7 0 0 4 3 0 2 314 315 24 132 16.57
7 0 6 1 2 0 1 311 34 144 13.33
9 0 6 0 0 0 1 314 41 142 15.81
6 0 10 0 0 0 2 315 317 25 135 15.07
6 0 7 4 0 8 2 314 318 32 101 11.78
2 0 3 0 1 0 1 317 50 115 15.84
1 0 0 7 10 5 1 316 31 142 11.92
7 0 1 0 0 6 1 319 33 126 12.58
5 0 9 7 10 8 1 319 52 144 13.38
2 0 9 7 9 8 1 319 38 142 17.07
1 0 0 0 0 0 0 57 160 19.0
1 0 0 0 0 0 3 321 322 323 0 124 16.29
8 0 8 2 2 7 3 327 328 329 1 123 15.98
7 0 7 5 5 4 3 325 331 336 1 74 16.75
4 0 3 10 1 8 3 324 333 334 1 89 17.84
10 0 7 10 8 7 3 326 330 332 5 130 12.35
7 0 2 10 10 10 3 335 341 343 8 88 18.07
1 0 4 6 1 10 2 335 350 15 94 16.97
1 0 7 1 10 3 3 332 337 341 9 85 16.69
1 0 6 5 10 2 2 331 338 9 126 17.92
5 0 8 10 5 1 3 332 334 337 9 77 12.0
3 0 7 9 5 5 3 339 341 346 15 128 12.66
4 0 9 1 10 5 3 339 342 343 10 79 17.06
8 0 5 3 7 6 3 335 344 346 15 123 13.11
7 0 9 9 2 9 3 336 338 342 5 73 12.97
10 0 2 9 10 3 3 336 338 343 14 90 17.4
5 1 0 0 0 0 1 349 23 108 14.72
6 0 5 7 7 3 2 340 347 24 92 11.54
10 0 3 10 2 4 3 339 342 346 14 135 15.95
5 1 0 0 0 0 2 340 345 24 100 14.78
1 1 0 0 0 0 2 340 344 24 104 12.99
3 0 7 10 9 1 2 348 350 30 121 18.76
6 1 0 0 0 0 1 345 18 85 16.53
3 0 6 5 4 10 2 344 349 24 138 14.86
4 1 0 0 0 0 1 348 24 90 17.68
5 1 0 0 0 0 1 345 27 135 15.46
3 0 5 3 5 5 1 347 32 121 14.36
3 1 0 0 0 0 2 347 349 24 119 11.03
7 0 8 7 1 9 2 348 350 35 110 14.92
9 0 1 5 10 2 1 351 42 127 18.45
8 0 1 2 4 6 1 351 28 136 18.81
3 0 9 2 4 4 1 351 42 157 13.62
1 0 0 0 0 0 0 51 121 9.82
1 0 0 0 0 0 3 353 354 355 0 81 13.33
3 0 0 0 0 9 3 363 367 377 1 127 12.18
8 0 0 0 0 7 3 359 364 373 1 104 11.15
4 0 0 7 0 0 3 356 357 363 1 120 17.21
4 0 0 3 0 0 3 365 369 373 5 123 10.94
6 0 0 0 9 0 2 358 359 5 105 15.5
5 0 0 0 3 0 3 364 369 373 11 83 9.97
7 0 10 0 0 0 3 360 361 370 11 102 17.43
2 1 0 0 0 0 3 362 365 366 18 132 10.43
5 0 0 0 7 0 3 366 371 374 18 130 18.58
1 1 0 0 0 0 2 368 376 20 97 12.01
9 0 0 0 5 0 3 364 368 370 5 95 9.6
9 0 0 0 0 5 3 365 371 381 16 85 16.81
5 0 9 0 0 0 1 375 25 120 12.23
10 1 0 0 0 0 2 372 376 23 120 15.0
8 0 0 0 8 0 2 370 372 4 91 15.83
10 1 0 0 0 0 2 369 374 21 124 10.44
2 1 0 0 0 0 3 372 375 378 31 105 16.28
8 1 0 0 0 0 3 371 374 379 18 117 9.97
8 0 0 5 0 0 2 375 380 26 110 13.57
9 0 0 4 0 0 1 382 33 110 10.59
1 0 0 0 2 0 2 377 379 16 92 13.17
3 0 3 0 0 0 1 378 31 143 18.48
7 0 3 0 0 0 1 382 34 133 17.88
10 0 0 0 3 0 2 377 379 33 159 16.66
6 0 0 0 0 9 3 378 380 381 43 164 17.42
5 0 0 0 0 7 1 382 49 122 12.4
10 0 0 0 4 0 2 380 381 43 150 9.71
10 0 0 0 0 9 1 383 53 163 16.71
10 0 2 0 0 0 1 383 53 171 10.56
8 0 0 2 0 0 1 383 54 134 12.26
1 0 0 0 0 0 0 63 163 14.37
1 0 0 0 0 0 3 385 386 387 0 63 18.51
10 0 8 0 4 4 3 388 400 408 1 87 13.63
8 0 6 3 0 7 3 389 392 393 1 102 16.12
8 0 7 3 3 8 1 400 1 95 16.92
4 0 7 1 6 10 2 390 412 11 84 14.64
3 0 6 2 0 10 3 391 394 398 9 112 15.07
3 1 0 0 0 0 1 396 15 110 11.41
2 0 8 3 5 8 1 410 12 96 12.7
2 0 8 2 1 2 3 401 404 413 9 133 11.87
4 0 0 8 10 0 3 395 397 402 9 81 10.66
10 0 0 1 10 0 1 405 12 135 13.66
9 0 0 4 5 0 2 399 405 13 134 17.78
10 1 0 0 0 0 2 407 414 18 103 12.62
9 0 4 6 9 3 2 408 410 13 85 17.12
10 0 0 10 7 0 1 402 12 102 14.56
5 0 6 0 5 0 1 403 22 128 13.95
2 0 9 0 8 0 1 401 11 106 10.77
2 0 1 10 4 9 1 414 13 97 10.25
3 1 0 0 0 0 1 405 22 108 12.26
3 0 7 6 4 9 1 406 27 141 12.29
5 1 0 0 0 0 1 409 11 79 13.15
2 0 4 7 9 8 1 411 25 120 12.19
7 1 0 0 0 0 1 409 30 110 18.22
7 0 1 10 10 0 1 410 28 100 16.54
4 1 0 0 0 0 2 409 412 22 88 17.37
7 0 6 0 1 1 1 414 37 107 15.17
6 0 1 8 8 10 1 413 35 105 10.07
5 0 7 4 8 0 1 413 27 91 9.84
3 0 0 7 10 9 1 415 26 99 18.9
8 0 4 0 6 1 1 415 41 123 18.05
5 0 9 5 0 1 1 415 44 130 12.28
1 0 0 0 0 0 0 49 140 16.98
45.18 38.07 18.19 16.89 17.23 77.52 251.79 162.58 143.47 88.21 22.55 18.6 25.0 33.72 29.71 62.02 84.92 100.0 140.0 105.0 120.61 98.72 69.71 9.48 33.47 58.49 63.4 77.12 73.94 62.83 131.6 195.0 145.3 119.72 80.87 52.97 66.91 59.72 71.3 87.25 138.17 238.48 146.08 149.05 111.0 98.67 103.88 66.86 70.8 63.52 50.97 47.81 57.66 70.46 112.71 124.24 112.69 94.26 69.34 43.5 12.04 8.56 11.66 45.8 83.64 109.11 114.0 170.32 136.63 110.0 100.0 78.66 57.64 49.63 38.85 38.75 49.22 75.94 115.0 117.81 112.9 91.36 66.01 5.94 0.2 0.0 0.0 0.53 51.54 120.86 144.94 212.26 147.12 110.0 102.07 88.2 74.09 72.22 70.58 70.29 70.38 86.1 118.42 141.48 117.45 92.51 53.21 13.12 0.99 0.0 0.0 11.97 76.93 118.68 255.21 409.24 167.05 110.91 95.47 80.03 90.15 80.58 77.19 77.04 77.0 82.66 91.11 89.67 77.66 24.91 0.98 -0.89 -7.45 -10.25 -4.7 0.1 28.84 96.69 118.22 126.99 95.47 79.14 75.12 49.18 3.45 1.14 2.64 0.62 1.29 0.58 4.41 5.23 3.15 0.4 -0.25 -6.87 -10.36 -10.73 -2.58 -0.07 9.47 88.87 110.72 118.6 117.58 103.57 97.59 90.59 84.95 81.26 77.32 76.98 77.79 91.71 119.98 129.86 128.51 106.34 88.11 69.61 70.41 65.06 70.42 76.05 88.42 122.95 143.06 216.38 144.51 114.24 100.24 92.77 86.64 86.71 86.15 86.08 88.7 101.47 126.62 172.36 159.13 119.37 89.84 88.92 80.86 77.82 77.56 88.6 102.65 127.01 157.33 216.73 125.53 101.58 96.92 91.98 75.64 70.05 69.46 70.17 58.67 71.28 110.41 130.2 119.5 92.86 62.28 41.17 27.1 28.68 28.21 65.69 76.26 91.19 113.08 119.62 108.42 88.11 81.54 63.78 73.22 70.16 67.15 66.86 70.34 79.6 110.1 120.11 124.72 99.11 85.73 136.26 114.15 65.81 50.98 78.75 84.24 106.5 116.52 136.61 123.61 101.82 89.58 81.09 78.48 75.08 73.18 73.2 75.12 82.3 105.52 119.97 124.63 114.16 105.0 99.9 98.86 83.35 83.78 82.88 99.34 110.88 124.17 132.96 119.61 106.21 96.9 89.9 85.01 83.76 83.3 83.19 86.07 90.0 90.5 104.69 109.63 97.26 89.58 79.73 64.26 36.66 49.45 79.79 95.03 112.74 133.07 147.26 120.0 109.15 104.98 94.47 98.57 96.34 94.41 91.61 95.03 97.06 99.7 105.16 98.24 92.93 83.52 37.73 17.11 8.53 13.0 63.03 83.45 99.01 125.43 127.81 118.45 107.4 97.34 96.71 92.44 90.35 89.52 89.69 89.81 100.0 130.03 212.21 164.86 120.68 91.09 86.24 80.0 78.5 85.11 89.16 102.3 134.81 274.59 402.21 165.12 121.13 101.83 89.41 101.42 98.15 97.22 96.68 99.78 101.37 137.47 244.0 209.23 136.34 116.64 98.43 89.56 88.06 89.94 98.77 114.54 156.02 250.86 356.15 138.73 104.71 95.0 91.39 85.56 82.32 78.54 90.17 89.01 97.37 127.3 175.46 138.74 105.23 86.5 75.97 71.47 74.29 78.48 87.45 98.01 135.0 249.52 339.75 150.72 113.11 98.93 90.99 91.44 88.59 87.5 90.3 92.28 96.83 130.8 179.79 137.16 100.04 91.26 79.97 68.09 63.52 74.36 83.69 90.02 124.84 173.05 188.22 126.3 101.78 99.9 88.26 86.63 77.25 74.57 74.96 77.73 89.46 118.58 130.22 111.44 90.17 64.99 43.12 28.56 20.18 31.7 59.82 82.79 110.97 146.1 140.78 107.36 78.64 62.33 36.3 52.99 40.71 44.13 21.12 24.5 4.81 28.02 46.89 51.67 36.88 19.0 2.03 0.72 3.81 18.98 40.01 46.27 40.39 37.87 72.34 49.47 17.08 35.7 3.26 -0.79 1.27 -1.09 -1.17 -1.06 -0.99 -1.72 -0.31 15.04 16.23 16.02 10.44 15.94 6.66 1.62 6.57 8.03 64.94 100.81 185.0 136.63 65.0 65.0 65.0 53.01 86.57 63.27 42.37 20.73 25.66 105.0 120.0 110.01 120.0 101.53 90.62 89.43 83.92 93.3 92.2 94.16 110.0 127.96 158.37 126.94 120.19 119.33 105.89 100.68 94.18 90.38 90.07 93.83 97.29 134.49 228.56 284.54 208.59 152.29 131.35 112.92 108.5 107.75 115.64 124.61 152.46 204.46 217.86 146.41 123.24 107.42 97.48 93.45 88.44 87.56 87.2 90.27 98.29 116.8 154.23 165.96 134.62 117.18 104.18 91.34 90.11 91.41 100.62 118.7 148.89 179.14 198.98 140.0 112.81 108.86 98.07 97.38 92.95 93.66 91.76 94.02 102.79 126.61 144.82 149.94 133.23 110.81 98.32 94.14 89.59 88.91 97.61 99.46 109.39 116.52 114.63 106.55 96.17 88.08 77.77 86.49 84.36 79.52 78.04 78.04 78.01 93.58 111.82 121.99 107.93 93.33 82.88 77.77 77.75 80.96 91.5 96.87 111.41 107.47 109.56 105.76 97.8 93.51 91.53 92.96 88.84
