416 5
1 34 34 33 33
1 0 0 0 0 0 3 1 2 3 0 107 12.45
9 0 5 5 0 9 3 6 8 14 1 107 18.25
8 0 1 8 0 0 3 5 16 28 1 136 20.02
3 0 3 8 0 0 3 4 7 11 1 84 17.94
1 0 0 0 1 7 1 13 4 136 18.37
1 0 3 0 3 0 2 12 18 9 140 21.24
10 0 7 8 0 3 2 13 29 10 127 15.18
7 0 0 0 7 5 3 9 10 25 4 112 19.02
4 0 9 8 0 9 3 20 24 25 10 126 11.71
5 0 7 0 0 7 2 12 21 11 114 17.77
4 0 1 0 0 0 2 18 28 11 120 14.49
7 0 10 0 0 3 1 15 4 146 17.13
6 1 0 0 0 0 2 26 27 16 110 18.55
1 1 0 0 0 0 1 22 20 106 11.6
6 0 0 0 0 6 3 17 18 24 10 143 20.33
2 0 0 5 0 5 3 19 25 26 11 114 11.61
4 0 8 0 0 3 2 21 29 9 93 10.83
9 1 0 0 0 0 2 20 22 16 123 20.9
5 0 0 4 0 5 2 21 26 16 145 18.92
5 0 0 0 1 8 3 20 22 24 13 102 17.72
5 0 0 0 9 5 1 23 25 114 12.13
9 0 3 0 8 0 1 30 21 154 13.87
7 0 3 1 0 0 1 23 25 142 12.73
3 0 0 0 7 5 1 28 32 122 20.06
9 0 2 0 0 0 2 27 30 18 164 18.49
6 0 0 0 6 0 1 27 14 140 16.62
3 1 0 0 0 0 1 30 22 149 19.03
2 0 1 0 9 3 1 29 27 139 17.07
1 0 10 0 1 2 1 31 35 161 13.63
7 0 8 0 0 0 1 31 29 162 20.85
9 0 5 0 6 0 1 31 30 179 16.94
1 0 0 0 0 0 0 39 163 13.62
1 0 0 0 0 0 3 33 34 35 0 109 13.44
10 0 0 8 0 0 3 38 46 52 1 155 17.08
2 0 0 2 8 0 3 36 37 41 1 94 17.45
8 0 0 0 8 3 2 39 43 1 106 12.96
6 0 2 8 0 0 3 40 49 54 3 139 20.2
2 0 0 1 0 0 3 40 45 47 3 94 19.04
6 0 0 4 0 7 3 44 53 54 11 111 13.25
10 0 10 9 1 2 3 45 47 48 9 156 13.68
4 0 0 3 0 8 2 42 48 9 101 12.87
1 0 5 8 7 0 3 43 45 50 3 85 16.76
5 1 0 0 0 0 3 50 52 57 13 145 16.12
1 1 0 0 0 0 3 44 52 58 9 114 14.51
6 0 0 2 0 0 2 49 51 17 154 11.55
8 1 0 0 0 0 3 49 57 59 19 138 20.38
1 0 2 0 0 8 3 48 50 51 11 152 11.89
6 0 0 0 0 4 3 51 53 55 19 139 16.01
4 0 10 0 3 0 3 53 55 62 19 144 21.23
6 1 0 0 0 0 1 56 27 114 20.11
4 0 0 6 0 0 3 58 60 62 18 148 19.4
3 1 0 0 0 0 2 56 61 25 125 19.18
3 1 0 0 0 0 3 56 59 60 18 146 18.83
9 1 0 0 0 0 1 57 25 163 14.59
8 0 3 7 0 0 1 55 17 162 20.98
9 1 0 0 0 0 2 58 60 25 112 16.76
7 0 2 9 0 2 1 62 33 145 11.67
1 0 0 5 3 4 1 61 34 135 15.56
9 0 3 0 6 0 1 59 34 124 20.74
9 0 2 0 3 0 1 61 43 152 17.47
3 1 0 0 0 0 1 63 34 124 19.93
4 0 0 7 7 9 1 63 52 193 12.22
9 0 0 0 0 7 1 63 40 146 16.28
1 0 0 0 0 0 0 56 188 20.92
1 0 0 0 0 0 3 65 66 67 0 113 19.61
6 0 0 0 6 0 3 68 70 73 1 150 20.84
10 0 2 0 0 0 2 84 90 1 123 15.97
8 0 0 1 0 0 1 71 1 154 14.14
7 0 2 0 0 0 2 69 72 7 114 18.05
2 0 4 0 0 0 2 78 92 14 160 11.49
4 0 0 0 0 9 2 74 83 7 95 21.2
1 0 10 0 0 0 3 81 82 85 9 157 21.2
4 0 0 0 0 4 1 75 14 162 19.65
7 0 0 3 0 0 3 76 87 88 7 113 17.48
9 0 0 0 0 5 2 77 86 11 125 13.27
6 1 0 0 0 0 1 87 18 128 11.81
2 0 0 0 2 0 1 83 14 97 21.0
6 1 0 0 0 0 1 85 20 145 13.58
6 0 0 0 1 0 3 79 80 91 16 155 14.42
7 1 0 0 0 0 1 94 22 109 21.25
4 0 0 8 0 0 2 81 89 22 126 17.99
3 1 0 0 0 0 1 93 26 101 19.89
9 0 0 9 0 0 1 83 10 118 13.19
1 0 6 0 0 0 1 93 19 92 12.48
4 0 3 0 0 0 1 86 11 146 13.04
7 0 0 0 9 0 1 91 26 117 21.03
2 1 0 0 0 0 1 91 20 159 19.93
5 0 0 8 0 0 2 90 93 24 108 19.39
8 0 0 5 0 0 1 89 14 133 11.47
1 1 0 0 0 0 1 90 26 160 20.38
6 0 0 0 0 6 1 94 29 110 12.98
9 0 6 0 0 0 1 94 33 161 11.59
8 0 0 0 9 0 1 95 16 165 15.4
8 0 0 0 0 3 1 95 29 147 19.85
6 0 0 0 8 0 1 95 42 174 12.47
1 0 0 0 0 0 0 48 182 11.33
1 0 0 0 0 0 3 97 98 99 0 92 19.31
6 0 0 7 10 0 3 100 103 106 1 148 15.74
5 0 1 10 0 4 2 104 111 1 114 15.0
8 0 0 6 0 5 3 102 113 117 1 122 19.98
8 0 8 9 0 0 3 101 116 118 7 127 19.85
10 0 10 10 0 4 3 104 105 107 15 168 17.13
10 1 0 0 0 0 3 110 111 112 9 141 20.99
6 0 10 6 0 0 3 109 112 116 7 112 14.56
2 0 0 0 0 3 3 108 114 115 25 106 13.64
1 0 0 0 6 2 3 109 114 115 25 126 21.48
7 0 0 0 7 0 3 107 112 117 7 101 21.31
1 1 0 0 0 0 3 110 114 124 25 167 14.72
2 1 0 0 0 0 3 113 122 123 27 159 20.72
4 0 2 0 3 0 3 110 113 120 26 138 17.63
2 1 0 0 0 0 2 119 125 30 129 20.79
10 0 9 0 0 10 3 116 121 122 19 154 19.38
8 1 0 0 0 0 3 115 118 121 19 131 11.2
3 0 0 4 0 7 2 119 124 30 133 16.48
4 1 0 0 0 0 1 122 27 165 14.71
1 0 8 1 8 0 1 120 27 127 18.98
2 0 1 6 0 0 1 123 29 110 18.91
6 0 0 0 0 10 3 118 119 120 14 114 20.97
6 0 6 0 0 7 2 123 124 27 111 12.52
5 1 0 0 0 0 1 121 33 122 15.58
8 0 3 1 0 0 1 125 30 162 20.9
9 0 0 0 6 3 1 126 38 162 19.16
6 0 9 0 8 1 1 126 31 161 11.79
3 0 0 2 9 5 2 125 126 33 107 13.9
4 0 2 0 0 10 1 127 33 162 20.84
8 0 5 8 0 10 1 127 38 173 12.51
8 0 0 0 0 4 1 127 47 128 18.85
1 0 0 0 0 0 0 55 163 11.02
1 0 0 0 0 0 3 129 130 131 0 110 13.73
3 0 8 0 6 8 2 132 140 1 87 14.93
1 0 9 8 0 0 3 133 135 148 1 133 20.2
6 0 0 0 4 0 2 139 158 1 141 12.79
6 0 0 9 5 0 2 136 142 4 114 15.35
4 0 5 10 3 0 3 134 138 141 2 80 11.5
10 0 0 3 10 0 3 137 151 157 6 140 16.31
8 0 0 7 6 0 1 143 2 147 13.75
9 0 0 0 2 9 1 144 10 107 19.6
5 0 0 9 0 2 1 154 16 151 15.34
8 0 5 4 8 2 1 143 6 123 12.91
5 0 5 9 0 1 2 143 147 7 141 17.86
2 0 0 0 4 0 2 147 154 4 131 13.86
2 0 0 1 0 0 2 144 147 6 85 18.41
5 0 4 9 7 0 1 146 10 123 16.76
4 0 4 3 0 0 2 150 157 14 124 14.21
8 0 0 3 0 10 2 145 146 19 140 16.8
4 1 0 0 0 0 2 149 152 27 156 16.08
3 0 0 0 0 10 1 153 27 148 15.28
10 0 6 1 0 3 1 156 12 153 18.92
7 0 1 0 0 4 1 150 2 113 17.95
3 1 0 0 0 0 1 158 31 123 13.98
6 0 0 3 9 0 1 155 18 120 15.5
6 0 2 10 0 0 1 153 16 123 11.54
4 1 0 0 0 0 1 153 31 159 17.02
9 0 0 0 0 10 1 154 35 115 15.77
9 0 0 3 4 7 1 158 44 178 19.47
9 0 0 0 2 5 1 156 24 139 18.3
7 0 4 0 0 0 1 159 33 116 12.66
9 0 10 0 0 7 1 159 18 144 18.53
6 0 7 3 0 4 1 159 53 127 17.58
1 0 0 0 0 0 0 59 155 15.26
1 0 0 0 0 0 3 161 162 163 0 135 14.23
10 0 10 7 8 10 3 167 171 178 1 129 19.08
3 0 1 5 2 10 3 164 165 166 1 123 20.49
7 0 3 3 4 10 1 173 1 148 21.33
2 0 6 9 4 9 2 170 188 4 127 12.87
5 0 3 4 7 5 3 179 187 189 4 100 21.12
6 0 10 9 3 8 2 168 175 4 137 12.37
7 0 7 2 3 10 2 169 182 11 160 21.39
1 0 8 6 10 3 1 176 10 157 21.03
3 0 8 7 5 10 1 176 18 155 11.07
4 0 10 9 10 4 1 181 6 90 13.85
8 0 1 7 5 6 2 172 174 11 147 16.28
4 0 4 4 5 9 3 176 185 187 19 96 20.29
6 0 9 4 2 7 1 179 8 145 16.09
1 1 0 0 0 0 2 179 185 19 132 14.49
3 0 7 9 4 7 1 189 10 95 12.11
1 0 4 9 4 5 2 177 186 23 153 21.51
2 1 0 0 0 0 1 180 24 138 10.95
4 1 0 0 0 0 1 188 11 117 12.23
4 1 0 0 0 0 1 181 20 132 13.0
2 1 0 0 0 0 1 183 26 151 11.01
4 1 0 0 0 0 1 190 24 124 15.23
4 1 0 0 0 0 1 186 18 163 20.08
1 1 0 0 0 0 1 184 28 118 10.97
10 0 8 10 4 9 1 188 29 164 18.41
4 1 0 0 0 0 2 186 189 23 106 14.57
10 0 3 6 8 5 1 190 27 176 13.26
7 1 0 0 0 0 1 190 23 132 13.18
10 0 9 9 3 5 1 191 39 118 20.43
2 1 0 0 0 0 1 191 27 161 15.95
2 0 8 6 8 8 1 191 37 159 11.21
1 0 0 0 0 0 0 49 178 19.42
1 0 0 0 0 0 3 193 194 195 0 95 15.73
9 0 6 2 1 10 3 199 205 210 1 129 18.4
7 0 5 0 1 7 3 196 197 207 1 126 11.36
9 0 9 0 0 0 2 198 203 1 97 12.94
3 0 0 2 10 3 3 202 213 216 8 146 14.97
4 0 6 5 0 0 3 205 211 221 8 120 13.87
9 1 0 0 0 0 1 217 10 159 13.91
10 0 7 0 0 3 3 200 201 204 10 157 18.65
3 0 6 9 7 0 3 206 214 215 20 163 18.31
4 0 6 3 0 0 3 207 212 219 20 155 20.45
7 0 0 3 8 0 1 209 11 138 17.12
8 0 3 1 2 1 3 206 208 222 10 98 14.16
6 0 4 0 3 8 2 206 208 20 140 12.97
6 0 1 4 4 5 2 214 218 12 156 11.31
10 0 4 5 0 3 1 219 26 156 16.97
9 0 2 2 7 0 2 220 221 24 156 18.04
6 1 0 0 0 0 1 209 26 155 21.22
7 1 0 0 0 0 2 211 215 32 154 18.17
3 1 0 0 0 0 3 211 218 221 10 140 16.75
7 0 10 4 0 3 1 214 39 149 20.04
2 1 0 0 0 0 1 216 24 152 15.41
4 1 0 0 0 0 2 215 222 11 116 16.78
4 0 7 0 2 2 1 217 46 165 14.62
7 0 7 7 4 10 1 217 39 142 16.21
3 1 0 0 0 0 1 218 26 110 13.8
9 0 10 5 5 2 1 219 50 144 19.23
4 0 1 6 3 0 2 220 222 29 173 12.04
3 0 9 9 4 0 1 220 59 166 15.5
2 0 7 5 3 1 1 223 62 171 21.0
1 0 9 10 0 10 1 223 33 133 21.0
9 0 5 0 0 0 1 223 33 123 13.93
1 0 0 0 0 0 0 64 189 15.33
1 0 0 0 0 0 3 225 226 227 0 127 21.46
7 0 7 0 0 0 2 228 236 1 82 17.32
10 0 0 3 0 0 1 241 1 121 21.18
3 0 0 0 0 10 2 240 251 1 82 12.24
10 0 0 9 0 0 3 229 231 235 8 149 15.7
5 0 0 0 0 4 3 230 232 234 18 119 21.55
2 1 0 0 0 0 1 241 23 118 20.63
10 0 0 0 0 7 1 233 18 121 12.49
9 1 0 0 0 0 2 239 240 23 172 12.05
9 1 0 0 0 0 3 243 251 253 28 121 12.77
8 0 0 0 2 0 3 238 239 252 23 118 16.07
2 0 0 1 0 0 3 238 243 249 18 146 11.22
4 0 0 9 0 0 2 237 245 8 89 14.63
8 0 0 1 0 0 1 252 12 165 12.7
1 1 0 0 0 0 3 244 246 247 31 143 21.08
1 1 0 0 0 0 2 242 246 32 141 21.49
9 0 0 0 0 3 2 242 250 32 170 17.39
7 0 0 3 0 0 3 249 250 254 25 174 17.11
2 0 10 0 0 0 3 244 247 249 41 182 17.78
3 1 0 0 0 0 1 244 37 180 13.85
1 0 0 0 0 6 1 248 43 124 15.43
8 1 0 0 0 0 2 247 250 12 92 18.03
4 1 0 0 0 0 2 248 251 33 154 19.58
3 0 0 0 0 1 1 248 43 154 10.9
8 0 0 0 0 5 1 254 46 165 15.44
10 0 10 0 0 0 1 253 43 162 14.96
5 0 0 0 3 0 2 252 253 41 155 18.52
1 1 0 0 0 0 1 254 37 145 14.6
8 0 0 5 0 0 1 255 46 144 13.3
1 0 0 0 5 0 1 255 53 166 16.4
7 0 5 0 0 0 1 255 54 180 18.09
1 0 0 0 0 0 0 61 165 20.85
1 0 0 0 0 0 3 257 258 259 0 92 13.43
7 0 6 3 5 0 2 270 271 1 123 14.69
9 0 2 7 7 0 3 260 268 283 1 136 20.44
7 0 3 0 8 6 3 261 262 265 1 148 14.15
1 0 3 5 6 9 2 263 275 10 92 11.14
1 0 2 1 4 6 1 271 8 103 15.28
5 0 7 5 0 7 3 264 270 281 8 135 19.59
10 0 0 5 8 0 3 267 269 278 11 116 15.68
3 0 10 5 7 9 3 268 273 283 13 147 19.01
10 0 1 5 5 4 3 266 273 283 8 113 14.63
1 1 0 0 0 0 3 272 275 277 18 96 18.95
4 0 7 1 0 0 1 277 21 168 20.31
5 1 0 0 0 0 3 269 276 285 16 151 15.39
7 0 6 5 8 10 1 279 21 129 12.15
6 0 2 9 2 6 2 272 280 13 97 15.41
6 0 6 9 4 0 2 273 275 9 146 19.81
9 0 0 2 0 8 2 284 286 19 133 21.29
9 1 0 0 0 0 2 274 276 18 129 15.15
10 0 8 0 2 3 2 282 285 27 143 14.41
5 1 0 0 0 0 1 284 19 129 13.63
6 1 0 0 0 0 2 280 284 27 175 11.29
10 0 5 0 0 7 2 281 282 25 129 13.95
3 0 2 9 5 10 1 281 21 115 14.96
4 0 3 0 8 6 1 280 28 168 16.03
7 0 5 3 7 0 1 282 33 158 17.93
8 0 0 0 8 3 1 286 35 133 13.54
6 0 0 4 6 1 1 286 40 168 11.01
8 1 0 0 0 0 1 285 18 149 18.16
8 0 1 5 6 2 1 287 33 144 20.37
3 0 10 10 6 0 1 287 37 167 11.1
1 0 5 7 0 8 1 287 46 156 15.3
1 0 0 0 0 0 0 47 151 11.95
1 0 0 0 0 0 3 289 290 291 0 87 14.67
4 0 2 0 8 5 3 294 296 305 1 100 17.01
2 0 0 10 3 10 3 297 298 302 1 98 19.75
1 0 10 0 0 1 3 292 302 309 1 85 17.23
2 0 9 10 8 9 3 293 301 313 2 125 17.09
3 0 0 4 8 0 3 304 305 308 4 124 16.55
9 0 5 9 7 0 3 295 300 301 5 122 13.11
9 0 1 6 8 0 3 303 306 311 14 112 20.84
3 0 0 4 0 3 3 297 302 313 5 153 17.98
7 0 0 10 0 1 3 299 303 318 8 119 19.95
10 0 8 9 2 2 3 299 303 307 3 145 21.28
8 0 0 3 3 6 2 301 306 15 159 15.29
4 0 4 9 8 0 3 306 309 310 14 135 10.99
6 1 0 0 0 0 2 304 311 23 146 12.28
3 0 1 5 3 2 2 304 312 8 133 12.81
9 0 3 9 8 10 2 308 315 23 140 11.86
6 0 8 1 10 6 2 310 316 29 121 13.37
8 0 3 1 5 4 2 312 318 7 160 18.18
4 1 0 0 0 0 2 308 315 23 152 19.87
3 0 6 1 6 7 3 309 310 313 13 151 19.09
4 0 10 0 6 0 2 314 317 32 113 19.96
5 0 0 6 0 0 2 311 314 18 105 19.41
6 0 3 8 0 5 1 315 35 148 13.48
7 0 3 0 4 5 2 312 316 29 114 17.45
9 0 5 10 10 4 1 317 36 134 18.49
5 0 0 8 4 9 2 314 318 16 96 21.32
1 0 3 7 3 7 1 316 36 148 11.55
4 0 0 0 2 3 1 317 41 144 18.43
5 0 6 4 2 7 1 319 37 178 14.63
5 0 1 7 6 0 1 319 45 182 18.99
1 1 0 0 0 0 1 319 21 95 12.23
1 0 0 0 0 0 0 50 164 14.35
1 0 0 0 0 0 3 321 322 323 0 85 12.63
3 0 2 0 5 5 1 328 1 137 14.16
3 0 0 0 2 2 3 325 326 334 1 81 11.51
8 0 0 7 6 4 2 324 331 1 113 18.71
6 0 0 10 0 4 2 327 329 9 154 18.87
8 0 2 0 0 7 2 339 343 4 131 20.91
8 0 0 10 3 5 2 332 339 4 89 11.92
5 1 0 0 0 0 3 338 347 348 15 101 15.84
4 0 0 8 0 9 2 333 346 4 99 20.14
8 0 0 0 5 0 1 330 15 119 20.37
9 0 0 8 4 0 3 335 340 341 23 133 11.54
3 0 2 0 10 0 1 337 9 100 17.03
5 0 10 0 8 8 1 335 12 131 16.74
10 0 0 1 0 0 2 336 343 8 160 18.96
3 0 8 3 2 0 1 344 4 129 11.59
4 0 0 2 0 0 1 337 32 150 18.87
9 0 4 0 3 8 2 337 345 18 125 12.03
7 0 0 0 0 4 1 350 36 143 20.22
8 1 0 0 0 0 3 341 343 345 20 115 13.51
10 0 0 1 0 4 1 340 12 157 21.4
4 0 2 0 0 3 1 348 32 157 12.49
6 0 0 7 10 1 1 342 32 165 13.09
1 0 0 2 7 0 1 349 38 172 12.44
3 0 9 2 0 3 1 349 28 144 14.59
5 0 0 0 0 7 1 348 7 100 15.99
9 0 0 0 0 8 1 350 28 172 20.3
6 0 2 0 0 0 1 350 8 121 15.04
8 1 0 0 0 0 1 349 20 156 20.51
4 0 0 9 0 6 1 351 36 126 20.96
5 0 0 0 4 5 1 351 39 136 12.91
1 0 0 0 9 3 1 351 43 118 16.69
1 0 0 0 0 0 0 44 148 12.56
1 0 0 0 0 0 3 353 354 355 0 132 21.11
5 0 0 0 0 8 3 357 358 361 1 146 17.37
3 0 0 7 0 0 1 371 1 85 20.81
7 0 4 0 0 0 1 356 1 154 12.15
3 0 0 0 6 0 2 359 368 8 153 19.0
4 0 0 9 0 0 1 364 6 85 21.12
6 0 8 0 0 0 1 363 6 100 19.05
7 0 5 0 0 0 3 360 365 367 11 147 20.33
2 0 7 0 0 0 3 370 372 373 18 108 17.42
10 0 0 3 0 0 3 362 366 375 6 131 19.14
6 0 0 0 5 0 1 382 16 146 12.06
5 0 0 0 10 0 1 381 12 125 13.69
5 0 2 0 0 0 1 365 10 108 16.8
8 0 0 6 0 0 2 378 382 18 118 21.27
7 0 4 0 0 0 1 369 16 162 20.92
7 0 7 0 0 0 1 377 18 116 20.27
3 0 0 0 0 5 1 376 11 89 15.51
6 1 0 0 0 0 3 373 376 378 23 153 15.48
7 1 0 0 0 0 1 374 20 108 21.25
8 0 0 8 0 0 2 377 380 4 128 19.36
9 1 0 0 0 0 2 376 377 20 123 11.18
10 0 0 0 0 7 2 380 382 29 136 16.05
7 0 0 0 0 5 1 380 27 171 19.96
6 0 0 0 0 10 1 381 16 151 11.99
5 0 0 0 0 3 1 379 29 106 12.74
1 0 0 0 0 9 1 379 29 133 21.11
1 0 9 0 0 0 1 379 29 170 15.84
5 0 0 0 8 0 1 381 34 116 19.0
1 0 5 0 0 0 1 383 39 162 17.63
4 0 0 1 0 0 1 383 39 165 16.51
2 0 0 6 0 0 1 383 39 115 11.24
1 0 0 0 0 0 0 43 125 18.6
1 0 0 0 0 0 3 385 386 387 0 145 14.45
9 0 4 0 0 0 3 388 390 404 1 118 17.12
5 0 6 0 2 0 3 391 392 393 1 114 20.36
6 0 5 0 10 1 2 398 404 1 118 16.92
1 0 8 0 0 3 3 389 395 396 10 117 20.87
9 1 0 0 0 0 3 394 399 412 11 157 19.54
9 0 3 0 0 6 3 394 396 403 10 116 14.22
3 0 5 0 2 3 2 397 404 6 147 19.68
10 0 0 9 9 0 1 406 6 136 11.14
5 0 6 5 0 0 1 394 6 138 19.73
5 0 6 7 0 2 1 398 20 159 20.44
1 0 0 8 9 0 2 397 398 11 111 20.04
2 1 0 0 0 0 1 401 19 121 20.8
7 0 0 0 0 7 3 400 408 409 12 112 13.23
1 0 9 7 8 0 3 400 402 413 25 142 15.5
6 1 0 0 0 0 3 402 403 411 20 126 15.34
1 0 2 0 0 7 1 414 26 139 20.12
8 1 0 0 0 0 3 405 406 410 21 127 11.76
2 0 6 2 0 0 1 407 26 134 20.58
1 0 0 10 8 0 1 409 26 162 16.12
5 0 0 0 0 9 1 412 10 152 13.95
9 1 0 0 0 0 2 407 409 29 144 17.4
2 0 10 0 0 0 3 407 411 412 29 111 16.88
6 0 0 0 5 2 1 414 38 163 18.86
9 0 2 0 8 2 1 410 19 100 15.74
2 0 0 2 1 3 2 413 414 38 156 14.28
1 0 0 9 0 0 1 411 29 115 12.76
3 0 0 0 8 0 1 413 31 130 16.62
6 0 0 0 10 0 1 415 31 122 18.3
7 0 1 3 6 8 1 415 40 118 19.44
10 0 0 9 0 4 1 415 44 135 16.19
1 0 0 0 0 0 0 54 176 17.46
84.95 81.26 77.32 76.98 77.79 91.71 119.98 129.86 128.51 106.34 88.11 69.61 70.41 65.06 70.42 76.05 88.42 122.95 143.06 216.38 144.51 114.24 100.24 92.77 86.64 86.71 86.15 86.08 88.7 101.47 126.62 172.36 159.13 119.37 89.84 88.92 80.86 77.82 77.56 88.6 102.65 127.01 157.33 216.73 125.53 101.58 96.92 91.98 75.64 70.05 69.46 70.17 58.67 71.28 110.41 130.2 119.5 92.86 62.28 41.17 27.1 28.68 28.21 65.69 76.26 91.19 113.08 119.62 108.42 88.11 81.54 63.78 73.22 70.16 67.15 66.86 70.34 79.6 110.1 120.11 124.72 99.11 85.73 136.26 114.15 65.81 50.98 78.75 84.24 106.5 116.52 136.61 123.61 101.82 89.58 81.09 78.48 75.08 73.18 73.2 75.12 82.3 105.52 119.97 124.63 114.16 105.0 99.9 98.86 83.35 83.78 82.88 99.34 110.88 124.17 132.96 119.61 106.21 96.9 89.9 85.01 83.76 83.3 83.19 86.07 90.0 90.5 104.69 109.63 97.26 89.58 79.73 64.26 36.66 49.45 79.79 95.03 112.74 133.07 147.26 120.0 109.15 104.98 94.47 98.57 96.34 94.41 91.61 95.03 97.06 99.7 105.16 98.24 92.93 83.52 37.73 17.11 8.53 13.0 63.03 83.45 99.01 125.43 127.81 118.45 107.4 97.34 96.71 92.44 90.35 89.52 89.69 89.81 100.0 130.03 212.21 164.86 120.68 91.09 86.24 80.0 78.5 85.11 89.16 102.3 134.81 274.59 402.21 165.12 121.13 101.83 89.41 101.42 98.15 97.22 96.68 99.78 101.37 137.47 244.0 209.23 136.34 116.64 98.43 89.56 88.06 89.94 98.77 114.54 156.02 250.86 356.15 138.73 104.71 95.0 91.39 85.56 82.32 78.54 90.17 89.01 97.37 127.3 175.46 138.74 105.23 86.5 75.97 71.47 74.29 78.48 87.45 98.01 135.0 249.52 339.75 150.72 113.11 98.93 90.99 91.44 88.59 87.5 90.3 92.28 96.83 130.8 179.79 137.16 100.04 91.26 79.97 68.09 63.52 74.36 83.69 90.02 124.84 173.05 188.22 126.3 101.78 99.9 88.26 86.63 77.25 74.57 74.96 77.73 89.46 118.58 130.22 111.44 90.17 64.99 43.12 28.56 20.18 31.7 59.82 82.79 110.97 146.1 140.78 107.36 78.64 62.33 36.3 52.99 40.71 44.13 21.12 24.5 4.81 28.02 46.89 51.67 36.88 19.0 2.03 0.72 3.81 18.98 40.01 46.27 40.39 37.87 72.34 49.47 17.08 35.7 3.26 -0.79 1.27 -1.09 -1.17 -1.06 -0.99 -1.72 -0.31 15.04 16.23 16.02 10.44 15.94 6.66 1.62 6.57 8.03 64.94 100.81 185.0 136.63 65.0 65.0 65.0 53.01 86.57 63.27 42.37 20.73 25.66 105.0 120.0 110.01 120.0 101.53 90.62 89.43 83.92 93.3 92.2 94.16 110.0 127.96 158.37 126.94 120.19 119.33 105.89 100.68 94.18 90.38 90.07 93.83 97.29 134.49 228.56 284.54 208.59 152.29 131.35 112.92 108.5 107.75 115.64 124.61 152.46 204.46 217.86 146.41 123.24 107.42 97.48 93.45 88.44 87.56 87.2 90.27 98.29 116.8 154.23 165.96 134.62 117.18 104.18 91.34 90.11 91.41 100.62 118.7 148.89 179.14 198.98 140.0 112.81 108.86 98.07 97.38 92.95 93.66 91.76 94.02 102.79 126.61 144.82 149.94 133.23 110.81 98.32 94.14 89.59 88.91 97.61 99.46 109.39 116.52 114.63 106.55 96.17 88.08 77.77 86.49 84.36 79.52 78.04 78.04 78.01 93.58 111.82 121.99 107.93 93.33 82.88 77.77 77.75 80.96 91.5 96.87 111.41 107.47 109.56 105.76 97.8 93.51 91.53 92.96 88.84 87.79 84.61 82.75 85.05 90.27 96.75 100.46 94.54 84.96 74.92 59.14 45.84 49.82 77.57 87.3 116.24 125.9 130.5 120.98 113.33 107.49 95.15 96.33 93.02 89.62 86.28 87.45 88.01 88.89 89.54 88.81 84.69 80.78 76.54 52.46 52.59 65.38 84.17 92.42 105.35 102.41 108.53 108.56 108.8 108.75 93.97 94.62 91.27 92.03 91.57 96.57 100.54 122.73 204.07 195.24 148.74 127.45 113.19 95.92 91.31 94.34 104.46 111.58 165.0 287.83 287.51 167.91 124.82 122.0 111.66 109.86 103.77 100.41 100.32 101.8 107.57 128.3 169.18 197.16 159.02 134.08 121.54 109.67 106.57 113.28 130.91 157.9 221.54 391.95 400.62 217.31 150.0 126.38 114.46 117.0 113.79 109.43 105.67 108.85 115.33 155.0 282.83 275.88 180.05 141.56 128.26 121.83 115.58 119.14 126.81 141.78 155.09 201.75 205.73 136.19 110.61 90.04 70.91 87.81 86.49 90.82 88.61 91.01 89.36 107.52 115.79 132.85 120.2 93.13 88.46 84.0 82.62 85.14 86.88 105.01 121.62 134.02 139.96 123.61 107.79 103.02 93.95 89.51 82.6 84.41 82.75 88.54 97.49 116.38 137.75 146.31 129.02 118.2 99.84 89.74 89.4 92.13 99.68 113.94 129.65 139.1 140.0 120.66 106.09 99.82 92.82 77.35 75.11 78.62 79.9 82.95 80.55 87.76 104.61 112.37 106.97 96.1 84.02 76.34 71.35 76.08 86.26 93.82 117.8 126.58 117.8 107.59 95.43 97.57 94.57 92.63 84.81 78.82 79.33 81.1 85.62 90.42 93.03 91.2 80.7 72.1 62.21 34.88 20.62 37.12 69.7 92.01 120.93 124.31 109.1 94.36 89.44 80.7 65.11 73.92 69.83 67.28 66.54 67.52 81.68 120.0 132.61 124.43 107.51 94.45 84.44 91.11 94.06 88.14 104.04 113.17 113.73 99.95 86.25 75.7 72.22 73.7 63.18 70.02 56.22 53.26 46.12 51.19 65.08 78.53 120.0 116.48 91.74 96.15 100.05 99.28 93.19 78.84 72.71 82.18 112.85 117.66 115.47 105.11 93.96 88.83 80.7 92.42 92.04 91.57 92.72 92.57 93.64 112.83 129.89 130.37 125.9 105.42 90.41 86.16 85.05 92.98 113.66 147.49 203.85 293.73 274.02 185.28 137.43 125.98 111.72 105.01 103.21
