416 5
1 54 45 48 38
1 0 0 0 0 0 3 1 2 3 0 105 13.49
2 0 9 9 4 1 3 6 11 12 1 158 13.11
1 0 9 9 10 5 3 4 5 7 1 144 10.59
4 0 4 8 6 3 1 20 1 116 10.04
10 0 6 10 7 2 2 9 17 2 170 7.37
10 0 10 8 9 2 3 10 15 21 2 181 10.01
1 0 3 2 10 6 1 14 3 109 12.83
1 0 6 1 7 2 2 8 13 2 124 8.9
4 0 6 2 4 9 1 28 3 157 12.46
10 0 1 3 6 9 1 29 12 167 12.96
3 0 1 4 9 2 3 18 23 24 12 160 8.51
1 0 10 10 9 2 1 30 3 134 12.44
2 0 5 4 1 3 3 14 25 26 3 175 10.76
3 0 10 1 2 3 1 19 3 127 12.99
10 0 6 2 2 4 1 17 5 196 12.84
3 0 5 3 1 5 2 16 28 12 137 12.68
4 0 10 9 9 10 1 20 15 173 10.81
10 0 4 10 7 4 1 22 15 193 7.79
5 0 3 6 2 8 2 19 27 15 199 8.68
5 1 0 0 0 0 1 28 20 157 13.27
1 1 0 0 0 0 2 23 29 19 169 11.26
6 0 4 8 10 1 1 24 12 182 11.59
2 0 3 7 2 7 1 29 25 197 9.09
4 1 0 0 0 0 1 27 20 187 13.97
8 0 5 8 9 7 1 25 18 152 7.18
5 0 2 6 4 2 1 27 26 130 14.14
4 0 7 3 1 1 1 30 5 185 11.41
10 0 5 1 6 3 1 30 31 156 10.73
10 0 1 7 8 8 1 31 25 199 14.07
4 0 7 2 5 3 1 31 27 167 8.36
4 0 7 4 5 10 1 31 41 220 12.49
1 0 0 0 0 0 0 45 220 10.39
1 0 0 0 0 0 3 33 34 35 0 117 7.61
8 0 9 4 10 10 1 38 1 185 10.06
7 0 5 7 2 7 3 36 41 48 1 167 11.63
9 0 5 9 3 10 3 36 37 58 1 186 8.01
10 0 9 5 10 3 1 39 10 157 7.69
3 0 1 10 7 2 3 40 42 48 10 162 11.62
9 0 1 1 7 3 3 43 46 49 9 160 12.51
7 1 0 0 0 0 2 50 56 20 155 7.24
8 1 0 0 0 0 2 44 51 13 161 7.27
8 0 9 1 9 5 3 43 46 49 8 185 9.71
2 0 5 7 6 7 3 45 47 54 13 149 11.62
4 0 6 4 8 3 2 52 59 18 112 11.32
7 0 8 3 7 7 2 45 57 21 137 10.33
4 0 8 4 8 2 1 60 28 142 7.9
4 1 0 0 0 0 2 58 62 18 201 7.37
10 0 3 8 1 3 3 49 50 55 15 153 13.81
6 1 0 0 0 0 1 51 13 141 14.19
10 0 6 8 2 5 3 56 57 61 25 172 8.61
4 0 6 2 9 3 1 60 27 192 12.28
8 1 0 0 0 0 1 53 21 201 8.95
3 1 0 0 0 0 3 54 58 61 22 170 9.41
5 0 10 5 10 1 3 54 57 59 29 135 10.53
2 0 4 1 8 9 1 56 34 212 14.11
10 0 8 3 8 6 1 59 25 201 7.77
7 0 7 2 6 6 1 62 36 201 13.9
5 0 9 1 5 10 1 62 35 201 11.37
10 0 2 10 6 8 1 60 25 212 7.58
7 0 8 2 2 4 1 61 35 138 10.89
8 0 3 1 6 9 1 63 35 191 7.5
2 0 6 4 2 4 1 63 42 161 11.8
1 0 6 2 3 4 1 63 43 147 13.84
1 0 0 0 0 0 0 44 222 8.05
1 0 0 0 0 0 3 65 66 67 0 108 12.87
2 0 0 0 0 8 3 68 71 74 1 105 8.49
10 0 0 3 0 0 3 69 76 83 1 140 12.46
10 0 0 0 6 0 3 68 81 85 1 111 8.94
6 0 0 2 0 0 3 73 75 76 11 119 9.93
10 0 0 0 0 9 3 70 72 84 11 120 11.56
6 1 0 0 0 0 3 77 80 88 21 171 7.65
1 0 0 0 8 0 3 81 82 88 3 129 12.97
5 1 0 0 0 0 3 74 77 78 21 131 12.29
2 0 0 0 0 10 3 79 83 87 17 151 14.13
7 0 2 0 0 0 3 82 86 91 26 150 14.05
5 0 0 0 4 0 3 79 80 83 17 170 14.18
7 0 0 0 5 0 3 77 79 80 17 203 13.75
6 1 0 0 0 0 1 91 27 174 10.26
8 0 0 0 0 10 3 85 87 88 26 170 13.36
5 1 0 0 0 0 1 93 24 159 12.33
10 1 0 0 0 0 3 82 86 89 27 205 13.82
8 0 0 0 8 0 3 84 87 89 11 163 7.19
6 0 0 3 0 0 2 92 93 37 197 10.67
5 1 0 0 0 0 2 84 86 22 118 7.29
9 1 0 0 0 0 1 94 27 210 12.15
9 0 7 0 0 0 3 90 92 93 34 220 8.34
2 1 0 0 0 0 1 94 37 169 7.4
4 0 0 0 6 0 2 90 92 34 168 13.57
3 1 0 0 0 0 1 89 34 173 12.4
5 0 0 0 0 3 1 90 37 150 13.14
4 0 0 0 0 8 1 91 43 137 13.22
10 0 0 0 1 0 1 94 47 144 9.08
3 0 0 0 5 0 1 95 43 168 13.36
5 0 0 0 0 4 1 95 43 137 8.63
3 0 3 0 0 0 1 95 57 219 11.09
1 0 0 0 0 0 0 60 188 13.89
1 0 0 0 0 0 3 97 98 99 0 128 10.57
5 0 0 0 2 0 2 101 119 1 145 11.92
9 0 2 0 0 0 3 100 102 108 1 130 9.82
5 0 0 0 0 6 2 110 112 1 109 8.79
10 0 0 0 0 4 2 103 118 10 177 7.78
3 0 3 0 0 0 3 104 107 122 6 142 8.86
9 0 4 0 0 0 2 106 118 10 199 9.93
10 1 0 0 0 0 1 105 20 189 11.14
10 0 0 0 0 10 2 117 121 9 154 12.41
5 0 0 0 9 0 1 123 30 163 9.24
4 0 0 0 1 0 1 109 19 184 9.25
5 0 0 5 0 0 1 116 9 173 13.79
10 0 0 0 8 0 1 124 10 113 8.03
1 0 0 0 0 8 2 111 120 23 138 11.83
1 0 0 10 0 0 3 114 115 118 6 134 13.37
8 0 0 1 0 0 1 113 24 154 13.45
6 0 10 0 0 0 1 114 6 182 9.42
2 0 6 0 0 0 1 114 32 159 7.23
1 0 0 0 8 0 3 116 117 119 34 174 8.28
7 0 0 0 0 4 2 121 125 7 140 7.55
1 0 5 0 0 0 1 126 35 147 12.01
1 0 6 0 0 0 1 125 35 195 10.32
6 1 0 0 0 0 1 126 20 151 9.96
2 0 4 0 0 0 1 122 35 175 11.55
5 1 0 0 0 0 1 125 24 163 7.66
10 1 0 0 0 0 1 123 19 179 10.73
3 0 0 0 8 0 1 126 37 205 7.39
10 0 10 0 0 0 1 124 35 135 13.79
1 0 0 0 0 3 1 127 45 215 7.22
6 0 0 0 6 0 1 127 36 148 7.33
1 0 0 0 4 0 1 127 40 192 10.65
1 0 0 0 0 0 0 46 196 9.52
1 0 0 0 0 0 3 129 130 131 0 121 12.91
6 0 0 9 8 7 3 137 141 144 1 152 8.15
10 0 10 1 7 0 3 133 136 146 1 155 10.84
10 0 8 2 0 6 3 132 135 136 1 170 12.97
5 0 0 7 8 0 3 134 138 144 11 123 12.01
8 0 1 6 0 3 2 140 152 11 159 7.42
3 1 0 0 0 0 2 140 150 16 137 11.39
8 0 8 7 6 6 3 137 138 139 11 140 10.03
10 0 6 8 2 5 3 142 144 148 11 193 14.07
6 0 0 7 6 3 3 142 146 148 19 120 11.54
7 0 0 2 10 10 3 143 149 150 19 160 8.62
8 1 0 0 0 0 2 141 156 19 122 9.19
5 0 8 5 10 0 3 141 142 148 19 199 9.87
2 1 0 0 0 0 2 147 151 27 189 11.96
6 1 0 0 0 0 3 145 154 156 25 197 7.8
6 0 0 2 6 8 1 151 26 175 12.43
9 1 0 0 0 0 3 147 150 156 21 174 12.75
10 0 0 6 0 6 2 147 155 31 193 11.0
4 1 0 0 0 0 3 149 152 155 25 125 11.48
6 0 3 2 4 2 1 149 41 212 9.03
10 0 5 4 3 9 1 151 25 209 13.78
7 0 6 1 5 8 2 153 158 47 142 10.8
7 1 0 0 0 0 2 152 154 30 178 9.07
9 0 7 8 3 6 3 153 154 155 35 203 11.6
3 0 1 9 10 0 1 153 37 141 7.8
6 0 1 0 0 8 1 157 54 231 8.04
5 0 1 5 10 7 2 157 158 44 163 11.35
3 0 0 1 10 5 2 157 158 44 151 8.08
10 0 9 9 0 1 1 159 31 167 10.06
3 0 5 5 7 0 1 159 60 213 9.07
10 0 0 0 0 5 1 159 54 174 11.34
1 0 0 0 0 0 0 64 179 11.45
1 0 0 0 0 0 3 161 162 163 0 136 8.19
6 0 0 0 8 0 3 166 179 184 1 153 9.61
6 0 8 0 0 0 3 164 180 185 1 147 9.22
9 0 8 0 0 0 3 167 168 169 1 184 10.42
7 0 0 0 0 5 3 165 186 188 7 161 12.15
3 0 9 0 0 0 2 176 181 14 186 12.34
2 0 0 0 0 2 2 182 183 7 152 11.52
10 0 0 7 0 0 1 170 10 201 7.35
4 0 0 0 1 0 2 171 179 10 181 7.62
2 0 8 0 0 0 2 181 187 10 140 7.2
8 0 0 0 0 6 3 172 174 175 20 191 11.83
7 0 0 0 0 10 3 176 178 190 14 193 7.39
8 1 0 0 0 0 3 173 182 190 28 138 9.85
8 1 0 0 0 0 1 178 36 154 7.28
1 1 0 0 0 0 1 177 28 130 14.04
10 1 0 0 0 0 3 177 178 184 28 159 13.4
9 0 3 0 0 0 1 189 21 192 7.31
3 0 4 0 0 0 2 179 183 38 166 9.76
8 0 0 0 0 10 2 181 188 44 140 8.84
3 1 0 0 0 0 1 182 41 164 11.69
7 0 0 0 0 6 2 184 187 7 171 10.84
7 0 0 10 0 0 1 189 52 199 9.89
9 0 0 0 0 6 2 185 189 44 169 10.18
2 1 0 0 0 0 2 185 186 41 216 13.1
1 0 0 9 0 0 1 186 38 129 10.72
4 0 3 0 0 0 1 187 53 230 9.94
6 0 0 0 0 2 1 190 43 172 7.29
7 0 0 0 0 2 1 188 57 195 11.37
7 0 0 6 0 0 1 191 64 221 12.38
8 0 3 0 0 0 1 191 59 225 11.41
1 0 0 0 5 0 1 191 49 199 11.41
1 0 0 0 0 0 0 71 239 8.03
1 0 0 0 0 0 3 193 194 195 0 122 10.38
4 0 0 0 0 3 3 198 207 209 1 185 7.74
4 0 0 0 9 0 3 196 202 204 1 119 11.05
1 0 0 0 0 1 2 197 209 1 161 11.48
9 0 0 8 0 0 3 205 216 220 5 144 8.8
9 0 0 3 0 0 3 200 202 206 2 132 13.25
9 0 1 0 0 0 3 199 200 215 5 148 8.04
5 0 0 0 0 8 3 203 208 212 14 169 13.94
6 0 0 0 1 0 3 201 210 217 14 113 11.9
4 1 0 0 0 0 3 213 214 219 20 189 11.2
8 0 3 0 0 0 1 207 11 169 7.75
1 1 0 0 0 0 3 211 216 217 19 144 10.54
1 0 0 0 2 0 2 206 218 5 111 8.48
2 1 0 0 0 0 1 218 14 188 8.62
3 0 0 3 0 0 2 211 221 11 119 11.17
6 1 0 0 0 0 1 221 19 159 14.07
7 1 0 0 0 0 1 214 19 129 7.5
2 0 0 0 0 5 3 210 213 216 5 170 9.66
9 0 0 0 3 0 2 211 222 20 204 13.99
5 0 0 0 5 0 1 220 29 174 8.68
9 0 0 0 3 0 2 213 214 19 171 8.59
1 0 10 0 0 0 1 222 28 199 10.9
3 0 3 0 0 0 1 221 28 164 7.93
2 1 0 0 0 0 1 219 14 181 13.96
10 0 0 0 0 4 1 218 20 196 8.55
1 1 0 0 0 0 1 219 20 132 8.67
8 0 7 0 0 0 1 222 30 177 9.78
10 0 0 0 0 8 1 220 24 161 8.32
2 0 9 0 0 0 1 223 34 158 11.03
5 0 0 0 0 8 1 223 31 141 13.96
2 0 0 0 4 0 1 223 38 147 7.15
1 0 0 0 0 0 0 40 144 7.95
1 0 0 0 0 0 3 225 226 227 0 102 13.68
9 0 1 0 2 0 2 231 250 1 109 10.96
7 0 4 0 0 5 3 228 229 230 1 189 13.67
1 0 1 3 0 0 3 232 235 242 1 100 11.94
8 0 5 2 0 8 3 231 232 246 8 139 9.54
10 0 3 0 0 0 2 234 243 8 121 11.66
8 0 4 0 3 7 2 243 248 8 177 10.05
3 0 0 3 8 0 3 233 237 244 16 167 10.42
7 0 0 1 0 10 2 233 244 16 113 14.05
4 1 0 0 0 0 3 236 238 251 23 133 8.0
1 0 0 7 0 6 3 235 238 240 18 181 13.61
6 1 0 0 0 0 1 247 19 190 11.63
7 0 1 3 8 0 2 239 241 27 158 8.11
3 0 8 3 0 0 3 239 252 253 19 197 10.72
1 1 0 0 0 0 1 239 27 159 7.71
2 1 0 0 0 0 1 254 34 162 12.08
1 1 0 0 0 0 1 245 19 189 9.33
6 0 0 7 4 6 1 253 34 138 12.46
6 0 0 0 0 2 3 243 248 249 2 136 13.87
4 0 0 10 0 0 2 251 252 18 159 7.24
10 0 7 1 9 0 1 253 23 210 11.23
2 1 0 0 0 0 2 246 247 20 133 7.7
9 1 0 0 0 0 1 254 22 121 13.06
3 1 0 0 0 0 3 248 249 252 25 142 11.46
2 1 0 0 0 0 1 250 28 138 11.04
3 0 5 0 9 0 1 250 28 139 11.08
10 0 0 0 0 2 1 251 31 212 10.69
3 0 0 5 10 0 1 254 41 208 11.02
5 1 0 0 0 0 1 255 28 179 12.19
8 0 0 8 0 0 1 255 40 183 13.29
10 0 0 9 0 1 1 255 44 150 13.33
1 0 0 0 0 0 0 54 169 9.91
1 0 0 0 0 0 3 257 258 259 0 109 11.36
8 0 9 4 10 10 1 262 1 165 12.59
7 0 5 7 2 7 3 260 265 272 1 123 8.46
9 0 5 9 3 10 3 260 261 282 1 183 7.77
10 0 9 5 10 3 1 263 10 136 12.54
3 0 1 10 7 2 3 264 266 272 10 195 14.1
9 0 1 1 7 3 3 267 270 273 9 190 11.96
7 0 1 7 4 4 2 274 280 20 127 13.07
8 1 0 0 0 0 2 268 275 13 139 13.66
8 0 9 1 9 5 3 267 270 273 8 112 10.62
2 0 5 7 6 7 3 269 271 278 13 157 7.18
4 1 0 0 0 0 2 276 283 18 134 9.21
7 0 8 3 7 7 2 269 281 21 179 13.03
4 0 8 4 8 2 1 284 28 165 9.95
4 0 3 5 9 1 2 282 286 18 175 12.09
10 0 3 8 1 3 3 273 274 279 15 131 10.72
6 1 0 0 0 0 1 275 13 153 10.37
10 1 0 0 0 0 3 280 281 285 25 184 13.48
4 1 0 0 0 0 1 284 27 130 8.74
8 1 0 0 0 0 1 277 21 164 7.83
3 0 10 4 8 3 3 278 282 285 22 146 11.6
5 0 10 5 10 1 3 278 281 283 29 134 8.25
2 0 4 1 8 9 1 280 34 145 7.21
10 0 8 3 8 6 1 283 25 158 14.07
7 0 7 2 6 6 1 286 36 163 12.29
5 0 9 1 5 10 1 286 35 174 13.19
10 0 2 10 6 8 1 284 25 193 13.38
7 0 8 2 2 4 1 285 35 190 9.95
8 0 3 1 6 9 1 287 35 171 13.16
2 0 6 4 2 4 1 287 42 186 10.16
1 0 6 2 3 4 1 287 43 136 7.16
1 0 0 0 0 0 0 44 157 9.18
1 0 0 0 0 0 3 289 290 291 0 123 14.1
7 0 0 9 7 3 3 292 293 294 1 121 12.56
8 0 4 0 8 0 3 296 298 299 1 134 12.29
9 0 9 6 6 8 2 297 314 1 108 8.47
2 0 1 6 3 0 3 295 300 306 8 131 8.31
9 0 0 3 3 10 2 300 312 8 143 9.44
6 1 0 0 0 0 2 302 303 8 131 9.69
6 0 2 3 7 3 2 305 307 10 178 10.28
6 1 0 0 0 0 1 310 9 106 12.62
5 0 8 0 8 7 3 303 304 308 10 150 7.25
3 0 0 10 2 7 3 304 311 316 9 162 8.42
7 0 0 5 0 3 2 313 315 9 183 9.66
9 1 0 0 0 0 3 301 302 305 17 130 14.25
9 1 0 0 0 0 3 303 314 318 26 193 9.34
10 0 0 0 8 8 1 318 26 156 10.38
1 0 5 0 7 9 1 310 35 203 8.22
3 0 10 8 2 10 1 305 15 167 12.52
3 0 2 1 4 10 1 317 26 127 7.66
1 0 0 5 6 0 3 307 308 312 10 129 8.71
10 0 5 8 0 7 1 309 16 120 9.54
5 0 6 6 5 1 3 310 315 318 15 124 14.02
8 1 0 0 0 0 2 313 315 26 142 11.26
6 0 0 9 10 10 2 316 317 36 133 7.39
7 1 0 0 0 0 1 312 12 196 13.82
10 0 0 3 1 7 1 313 19 163 9.59
3 0 0 10 6 5 1 314 34 182 8.56
3 0 5 5 7 2 1 317 37 132 12.61
2 0 10 4 6 3 1 316 34 154 9.65
2 0 2 0 5 0 1 319 42 160 7.78
1 0 4 4 1 1 1 319 42 218 11.73
9 0 0 9 1 10 1 319 36 153 7.25
1 0 0 0 0 0 0 45 158 12.07
1 0 0 0 0 0 3 321 322 323 0 93 9.89
8 0 0 6 0 0 1 326 1 131 13.02
9 0 2 4 8 0 3 324 328 333 1 103 10.49
2 0 0 5 0 0 3 325 327 330 1 114 12.4
5 0 7 0 0 0 2 329 334 10 126 8.19
8 0 4 9 0 0 3 331 341 344 3 134 13.34
2 0 0 6 0 1 3 333 339 341 9 191 10.46
6 0 0 3 5 2 1 336 3 169 9.51
1 0 4 0 0 9 3 332 342 343 10 180 12.58
3 1 0 0 0 0 2 338 339 15 175 9.77
6 0 2 0 9 10 2 343 345 3 114 11.06
7 1 0 0 0 0 1 337 11 189 10.59
8 0 4 8 9 6 1 348 11 131 10.81
8 0 0 5 2 0 1 335 11 131 9.85
7 0 6 8 5 0 3 335 341 342 15 115 13.05
5 0 0 1 5 2 2 343 344 22 148 10.22
7 1 0 0 0 0 3 338 340 344 9 189 13.98
1 0 3 9 0 0 1 339 18 178 12.74
4 1 0 0 0 0 2 345 346 18 142 9.68
8 1 0 0 0 0 2 340 346 19 168 9.68
5 0 0 0 1 0 3 342 345 347 27 123 10.94
6 0 6 0 3 8 1 349 22 200 7.42
3 0 0 0 3 2 1 350 32 142 13.94
5 1 0 0 0 0 1 346 27 182 13.1
6 0 4 0 1 0 1 347 27 150 12.98
1 0 0 0 0 8 2 349 350 32 151 7.81
10 0 3 0 4 0 1 347 32 136 9.93
7 0 0 4 9 0 3 348 349 350 42 192 9.31
3 0 8 0 0 0 1 351 49 206 11.1
4 0 0 1 1 0 1 351 49 204 10.61
4 0 0 8 0 0 1 351 49 206 8.88
1 0 0 0 0 0 0 53 148 13.33
1 0 0 0 0 0 3 353 354 355 0 158 7.59
6 0 2 2 2 2 1 356 1 113 13.16
4 0 1 9 1 1 2 357 362 1 179 8.29
5 0 6 10 6 7 1 364 1 187 8.56
6 0 7 4 9 3 3 358 362 370 7 188 14.12
1 0 3 2 2 9 3 361 375 382 5 133 9.95
10 0 6 1 5 2 1 359 13 176 8.35
3 1 0 0 0 0 2 360 363 23 140 13.7
7 1 0 0 0 0 3 364 376 378 26 201 12.51
7 0 3 3 2 2 1 364 6 153 13.25
8 0 6 5 3 10 2 366 367 13 193 12.1
4 1 0 0 0 0 2 368 377 26 190 13.47
1 0 7 9 3 9 1 365 33 136 8.32
10 1 0 0 0 0 1 372 34 160 13.17
3 0 6 2 5 4 1 371 21 157 9.21
2 0 1 1 5 4 1 375 21 157 12.43
6 0 9 9 1 6 2 369 378 30 152 12.72
8 1 0 0 0 0 1 379 36 170 7.34
5 0 5 1 1 4 1 373 13 185 11.88
4 1 0 0 0 0 1 381 24 147 9.33
5 0 3 1 4 7 2 374 379 44 153 8.01
3 0 1 5 4 5 3 374 376 382 18 187 7.98
4 0 3 10 10 1 1 381 49 159 11.49
3 1 0 0 0 0 2 379 380 23 199 12.57
6 0 2 7 4 7 1 380 33 204 8.12
8 1 0 0 0 0 1 382 30 130 8.47
9 0 3 3 9 6 1 380 36 211 10.56
7 0 1 6 4 8 1 381 49 217 8.97
10 0 10 1 1 4 1 383 45 223 11.39
10 0 7 6 10 5 1 383 56 237 12.88
9 0 7 7 4 10 1 383 38 196 8.71
1 0 0 0 0 0 0 66 213 9.22
1 0 0 0 0 0 3 385 386 387 0 170 12.51
9 0 0 0 0 6 3 389 391 395 1 137 9.53
3 0 0 1 0 0 3 388 401 405 1 96 8.44
8 0 6 0 0 0 3 390 392 397 1 161 12.52
3 0 0 0 0 1 3 391 394 408 4 135 13.02
5 0 0 6 0 0 1 399 10 164 9.6
5 0 0 0 0 4 3 393 394 401 9 195 8.65
5 0 0 0 0 9 2 397 412 10 155 11.09
7 0 0 10 0 0 3 393 399 401 9 141 13.42
3 0 0 2 0 0 3 396 402 403 16 120 11.76
8 0 0 0 0 10 3 398 400 403 14 171 8.82
9 0 3 0 0 0 3 397 399 400 10 127 11.25
9 0 0 0 0 4 3 398 400 409 19 140 13.81
6 0 8 0 0 0 1 413 19 163 8.68
10 1 0 0 0 0 2 404 406 28 127 12.44
3 0 0 0 0 3 3 402 403 408 19 203 12.02
1 1 0 0 0 0 3 404 406 411 28 191 8.04
3 1 0 0 0 0 3 404 408 410 16 116 12.43
8 1 0 0 0 0 2 410 414 22 192 7.18
9 0 0 0 0 2 2 407 410 22 123 10.69
9 0 0 0 6 0 1 407 38 219 7.59
3 0 0 10 0 0 3 406 407 409 4 119 7.72
8 0 0 0 0 4 1 414 38 209 7.42
2 0 0 10 0 0 3 412 413 414 47 191 13.84
10 1 0 0 0 0 1 409 22 197 10.84
1 1 0 0 0 0 2 411 413 32 204 12.4
1 0 3 0 0 0 1 411 31 157 13.89
3 0 0 0 2 0 1 412 33 182 8.94
5 0 0 2 0 0 1 415 49 166 7.83
6 0 9 0 0 0 1 415 49 203 11.84
4 0 9 0 0 0 1 415 49 215 12.24
1 0 0 0 0 0 0 55 193 12.15
86.59 85.1 84.31 83.32 84.89 95.66 120.63 127.19 114.2 99.42 78.94 68.68 39.12 24.72 42.64 69.5 85.01 110.97 160.72 241.5 210.56 121.44 111.29 99.57 93.16 88.84 90.09 91.53 93.87 105.14 129.45 151.47 147.32 118.93 97.23 86.24 80.59 78.03 76.67 82.45 97.44 118.07 172.44 302.75 258.2 138.17 109.35 93.64 100.15 88.94 84.81 80.02 81.52 95.05 120.61 122.47 109.4 85.12 33.8 5.22 4.02 3.58 3.48 21.43 59.9 87.1 120.44 189.72 164.8 107.02 93.89 81.12 57.92 42.83 40.58 43.77 66.38 90.63 118.13 121.23 108.61 76.95 40.98 5.79 3.2 3.33 34.22 69.58 93.12 129.1 189.29 338.31 246.26 134.16 110.17 103.32 97.24 86.42 84.79 84.5 84.65 96.8 118.31 131.29 125.0 101.07 89.51 86.57 80.3 73.94 72.25 79.49 93.61 120.0 125.0 151.47 149.89 113.25 101.43 98.45 101.7 101.39 100.66 99.28 98.39 99.37 101.76 99.56 97.17 80.63 11.57 0.0 -0.02 -0.86 -0.99 -0.01 42.63 86.36 107.2 161.52 136.23 100.9 95.99 84.68 88.7 84.31 80.1 82.69 82.22 81.97 80.43 54.92 0.0 -0.09 -4.0 -20.09 -40.02 -53.4 -46.97 -20.71 -2.71 19.23 108.69 131.47 126.15 107.05 98.6 92.11 84.42 86.67 85.85 84.8 86.32 98.33 123.46 149.8 125.0 101.94 85.83 76.73 65.92 61.47 70.56 79.89 101.44 132.42 210.51 413.66 308.52 150.28 119.37 108.69 108.12 109.21 106.31 104.25 104.21 107.35 182.39 294.59 193.65 125.7 102.57 96.01 84.74 84.27 87.45 94.85 105.81 131.17 192.68 386.4 210.0 130.02 112.62 105.9 104.86 103.61 100.57 101.42 100.87 110.31 133.35 216.33 165.29 122.31 113.97 114.82 103.58 96.03 86.56 95.58 110.26 126.54 170.59 276.46 172.73 117.57 98.94 84.59 85.95 83.19 75.65 67.14 66.2 71.23 105.95 123.07 121.14 104.81 76.01 38.73 51.48 49.23 57.64 54.03 46.92 89.09 126.33 188.92 151.12 116.25 92.43 81.94 48.33 42.49 35.11 33.23 41.42 73.44 114.49 123.43 109.04 92.68 58.95 49.64 47.43 46.93 59.75 76.99 92.55 97.99 130.14 200.52 165.0 119.39 104.84 98.65 94.3 79.39 72.93 73.75 79.32 82.83 86.36 78.23 72.18 54.48 14.27 2.37 0.0 0.01 0.01 0.02 41.22 101.57 123.7 142.34 127.6 113.87 100.62 88.1 85.5 77.16 79.68 84.97 92.72 99.3 99.25 103.59 107.52 87.7 61.58 17.66 6.57 0.0 -0.01 0.0 19.63 95.86 126.39 153.29 126.73 96.36 88.69 59.17 45.18 38.07 18.19 16.89 17.23 77.52 251.79 162.58 143.47 88.21 22.55 18.6 25.0 33.72 29.71 62.02 84.92 100.0 140.0 105.0 120.61 98.72 69.71 9.48 33.47 58.49 63.4 77.12 73.94 62.83 131.6 195.0 145.3 119.72 80.87 52.97 66.91 59.72 71.3 87.25 138.17 238.48 146.08 149.05 111.0 98.67 103.88 66.86 70.8 63.52 50.97 47.81 57.66 70.46 112.71 124.24 112.69 94.26 69.34 43.5 12.04 8.56 11.66 45.8 83.64 109.11 114.0 170.32 136.63 110.0 100.0 78.66 57.64 49.63 38.85 38.75 49.22 75.94 115.0 117.81 112.9 91.36 66.01 5.94 0.2 0.0 0.0 0.53 51.54 120.86 144.94 212.26 147.12 110.0 102.07 88.2 74.09 72.22 70.58 70.29 70.38 86.1 118.42 141.48 117.45 92.51 53.21 13.12 0.99 0.0 0.0 11.97 76.93 118.68 255.21 409.24 167.05 110.91 95.47 80.03 90.15 80.58 77.19 77.04 77.0 82.66 91.11 89.67 77.66 24.91 0.98 -0.89 -7.45 -10.25 -4.7 0.1 28.84 96.69 118.22 126.99 95.47 79.14 75.12 49.18 3.45 1.14 2.64 0.62 1.29 0.58 4.41 5.23 3.15 0.4 -0.25 -6.87 -10.36 -10.73 -2.58 -0.07 9.47 88.87 110.72 118.6 117.58 103.57 97.59 90.59 84.95 81.26 77.32 76.98 77.79 91.71 119.98 129.86 128.51 106.34 88.11 69.61 70.41 65.06 70.42 76.05 88.42 122.95 143.06 216.38 144.51 114.24 100.24 92.77 86.64 86.71 86.15 86.08 88.7 101.47 126.62 172.36 159.13 119.37 89.84 88.92 80.86 77.82 77.56 88.6 102.65 127.01 157.33 216.73 125.53 101.58 96.92 91.98 75.64 70.05 69.46 70.17 58.67 71.28 110.41 130.2 119.5 92.86 62.28 41.17 27.1 28.68 28.21 65.69 76.26 91.19 113.08 119.62 108.42 88.11 81.54 63.78 73.22 70.16 67.15 66.86 70.34 79.6 110.1 120.11 124.72 99.11 85.73 136.26 114.15 65.81 50.98 78.75 84.24 106.5 116.52 136.61 123.61 101.82 89.58 81.09 78.48 75.08 73.18 73.2 75.12 82.3 105.52 119.97 124.63 114.16 105.0 99.9 98.86 83.35 83.78 82.88 99.34 110.88 124.17 132.96 119.61 106.21 96.9 89.9 85.01 83.76 83.3 83.19 86.07 90.0 90.5 104.69 109.63 97.26 89.58 79.73 64.26 36.66 49.45 79.79 95.03 112.74 133.07 147.26 120.0 109.15 104.98 94.47 98.57 96.34 94.41 91.61 95.03 97.06 99.7 105.16 98.24 92.93 83.52 37.73 17.11 8.53 13.0 63.03 83.45 99.01 125.43 127.81 118.45 107.4 97.34 96.71 92.44 90.35 89.52 89.69 89.81 100.0 130.03 212.21 164.86 120.68 91.09 86.24 80.0 78.5 85.11 89.16 102.3 134.81 274.59 402.21 165.12 121.13 101.83 89.41 101.42 98.15 97.22 96.68 99.78 101.37 137.47 244.0 209.23 136.34 116.64 98.43 89.56 88.06 89.94 98.77 114.54 156.02 250.86 356.15 138.73 104.71 95.0 91.39 85.56 82.32 78.54 90.17 89.01 97.37 127.3 175.46 138.74 105.23 86.5 75.97 71.47 74.29 78.48 87.45 98.01 135.0 249.52 339.75 150.72 113.11 98.93 90.99 91.44 88.59 87.5 90.3 92.28 96.83 130.8 179.79 137.16 100.04 91.26 79.97 68.09 63.52 74.36 83.69 90.02 124.84 173.05 188.22 126.3 101.78 99.9 88.26 86.63 77.25 74.57 74.96 77.73 89.46 118.58 130.22 111.44 90.17 64.99 43.12 28.56 20.18 31.7 59.82 82.79 110.97 146.1 140.78 107.36 78.64 62.33 36.3 52.99 40.71 44.13 21.12 24.5 4.81 28.02 46.89 51.67 36.88 19.0 2.03 0.72 3.81 18.98 40.01 46.27 40.39 37.87 72.34 49.47 17.08 35.7 3.26 -0.79 1.27 -1.09 -1.17 -1.06 -0.99 -1.72 -0.31 15.04 16.23 16.02 10.44 15.94 6.66 1.62 6.57 8.03 64.94 100.81 185.0 136.63 65.0 65.0 65.0 53.01 86.57 63.27 42.37 20.73 25.66 105.0 120.0 110.01 120.0 101.53 90.62 89.43 83.92 93.3 92.2 94.16 110.0 127.96 158.37 126.94 120.19 119.33 105.89 100.68 94.18 90.38 90.07 93.83 97.29 134.49 228.56 284.54 208.59 152.29 131.35 112.92 108.5 107.75 115.64 124.61 152.46 204.46 217.86 146.41 123.24 107.42 97.48 93.45 88.44 87.56 87.2 90.27 98.29 116.8 154.23 165.96 134.62 117.18 104.18 91.34 90.11 91.41 100.62 118.7 148.89 179.14 198.98 140.0 112.81 108.86 98.07 97.38 92.95 93.66 91.76 94.02 102.79 126.61 144.82 149.94 133.23 110.81 98.32 94.14 89.59 88.91 97.61 99.46 109.39
