416 5
1 38 42 46 25
1 0 0 0 0 0 3 1 2 3 0 116 27.94
9 0 0 6 6 0 3 4 6 16 1 97 15.66
6 0 7 3 1 0 3 7 14 21 1 132 24.63
10 0 0 0 9 1 3 5 11 25 1 79 27.41
5 0 5 0 0 5 2 8 10 10 127 30.92
6 0 4 7 0 8 2 18 22 11 125 29.16
8 0 9 8 8 3 2 9 26 10 150 21.93
3 0 0 0 0 9 1 30 7 107 17.27
8 0 0 0 0 3 3 12 25 29 15 113 19.31
7 1 0 0 0 0 2 13 20 18 98 24.5
2 0 5 3 5 6 1 25 15 139 30.48
4 0 0 0 6 0 2 15 21 11 110 16.59
7 1 0 0 0 0 1 20 23 121 27.63
10 0 0 4 8 0 1 28 25 166 29.22
8 0 0 5 6 0 1 23 7 134 24.93
6 0 3 0 7 6 3 17 19 24 15 135 22.36
3 1 0 0 0 0 1 26 10 110 18.79
7 1 0 0 0 0 1 27 21 155 16.72
5 0 0 8 2 0 1 28 17 109 22.79
10 1 0 0 0 0 1 27 21 147 30.94
8 0 2 5 0 0 1 28 30 125 28.48
1 0 0 0 3 0 1 22 15 147 27.28
5 0 8 2 0 1 1 30 17 94 17.91
2 0 1 0 0 0 1 27 15 150 21.96
1 1 0 0 0 0 1 26 21 142 25.95
7 0 0 2 3 0 1 30 23 132 30.34
4 0 2 0 0 0 1 29 22 96 15.84
8 0 0 0 9 1 1 29 31 127 27.72
4 0 3 0 6 0 1 31 38 164 20.42
5 0 0 0 7 10 1 31 39 167 29.81
10 0 0 6 6 0 1 31 30 108 29.7
1 0 0 0 0 0 0 44 159 18.29
1 0 0 0 0 0 3 33 34 35 0 118 19.85
9 0 0 6 6 0 3 36 38 48 1 99 24.25
6 0 7 3 1 0 3 39 46 53 1 122 19.89
10 0 0 0 9 1 3 37 43 57 1 132 18.91
5 0 5 0 0 5 2 40 42 10 96 26.94
6 0 4 7 0 8 2 50 54 11 121 26.41
8 0 9 8 8 3 2 41 58 10 105 23.63
3 0 0 0 0 9 1 62 7 145 16.78
8 0 0 0 0 3 3 44 57 61 15 127 24.05
7 1 0 0 0 0 2 45 52 18 148 24.58
2 1 0 0 0 0 1 57 15 137 15.89
4 0 0 0 6 0 2 47 53 11 91 30.04
7 1 0 0 0 0 1 52 23 143 20.59
10 0 0 4 8 0 1 60 25 124 28.32
8 0 0 5 6 0 1 55 7 106 28.86
6 0 3 0 7 6 3 49 51 56 15 124 30.26
3 1 0 0 0 0 1 58 10 137 28.25
7 0 0 4 0 0 1 59 21 153 18.94
5 0 0 8 2 0 1 60 17 148 22.06
10 1 0 0 0 0 1 59 21 131 25.64
8 0 2 5 0 0 1 60 30 161 28.07
1 0 0 0 3 0 1 54 15 149 24.14
5 0 8 2 0 1 1 62 17 109 16.61
2 0 1 0 0 0 1 59 15 145 24.94
1 1 0 0 0 0 1 58 21 116 26.18
7 0 0 2 3 0 1 62 23 156 30.75
4 0 2 0 0 0 1 61 22 111 15.9
8 0 0 0 9 1 1 61 31 137 16.07
4 0 3 0 6 0 1 63 38 136 30.77
5 0 0 0 7 10 1 63 39 141 19.42
10 0 0 6 6 0 1 63 30 123 28.85
1 0 0 0 0 0 0 44 123 15.8
1 0 0 0 0 0 3 65 66 67 0 130 24.23
3 0 0 0 0 10 3 71 76 77 1 76 22.52
7 0 0 0 5 0 3 68 69 72 1 94 29.64
5 0 0 0 0 6 3 77 80 81 1 113 30.73
2 0 0 10 0 0 3 73 74 75 8 112 18.23
3 0 0 0 8 0 3 70 83 85 8 99 19.38
3 0 0 0 0 10 2 73 80 11 96 17.12
8 0 0 0 0 1 3 72 78 79 4 103 24.26
3 0 0 0 2 0 3 87 92 93 12 102 21.28
2 0 0 0 0 6 3 76 77 88 14 139 26.33
2 0 4 0 0 0 2 79 80 10 96 23.1
1 0 0 0 0 9 3 78 79 86 10 126 17.65
4 1 0 0 0 0 3 78 90 91 16 145 31.07
5 0 0 3 0 0 3 82 86 87 16 98 26.69
7 0 0 0 0 7 2 82 89 20 142 19.43
6 0 0 0 0 3 2 81 87 12 90 16.08
8 0 0 0 5 0 3 82 84 86 14 118 28.86
1 1 0 0 0 0 3 83 84 85 18 116 22.51
2 1 0 0 0 0 1 92 27 141 26.49
6 1 0 0 0 0 3 89 91 94 19 126 17.48
6 1 0 0 0 0 1 88 22 109 26.51
9 0 0 10 0 0 1 88 19 130 25.53
5 1 0 0 0 0 2 90 91 22 142 24.28
5 0 0 0 0 6 1 90 21 110 27.43
3 0 7 0 0 0 3 89 93 94 28 157 21.14
6 0 0 5 0 0 1 92 31 112 24.93
9 0 0 0 0 10 1 94 27 118 26.58
10 0 0 0 10 0 1 93 27 113 25.29
3 0 0 0 6 0 1 95 37 120 23.44
6 0 0 0 6 0 1 95 37 107 21.79
3 0 0 5 0 0 1 95 36 129 18.93
1 0 0 0 0 0 0 43 169 28.05
1 0 0 0 0 0 3 97 98 99 0 76 21.23
3 0 0 0 0 1 3 101 103 109 1 91 30.71
4 0 3 2 10 0 3 100 105 107 1 86 23.84
7 0 2 0 6 2 3 112 113 119 1 138 29.17
1 0 0 0 5 3 3 109 110 111 5 101 17.05
1 0 0 6 0 10 3 102 105 114 4 82 31.0
2 0 0 9 0 8 3 104 106 108 5 122 18.92
2 0 0 3 3 0 3 107 110 121 4 75 15.85
10 0 0 3 3 0 3 110 113 117 7 117 16.76
5 0 0 0 8 0 3 111 113 124 5 92 17.98
10 0 0 0 0 5 3 117 119 125 7 91 23.36
3 0 2 7 9 0 3 108 112 120 6 105 15.7
6 0 0 0 9 0 2 111 123 9 102 27.15
10 0 4 1 6 0 3 112 115 119 6 116 27.77
8 0 0 6 4 9 2 115 126 17 136 26.88
1 1 0 0 0 0 2 118 122 15 110 17.12
10 0 0 9 0 0 2 116 125 16 113 21.13
9 0 1 0 1 10 2 118 121 17 138 17.46
8 0 0 0 4 0 3 115 116 125 5 85 24.42
9 0 2 0 4 5 1 120 25 139 23.23
4 1 0 0 0 0 1 117 26 119 25.85
7 1 0 0 0 0 3 118 122 123 30 161 21.74
2 0 5 0 0 0 1 126 37 135 18.45
1 1 0 0 0 0 3 120 121 123 17 137 21.39
6 0 5 0 9 0 1 124 34 115 28.98
6 0 0 0 0 8 1 122 26 107 30.34
7 0 8 0 0 5 1 126 37 140 21.72
6 0 0 5 0 0 1 124 37 116 25.2
6 0 3 6 0 9 1 127 43 157 26.28
3 1 0 0 0 0 1 127 26 155 28.33
7 0 0 0 9 0 1 127 44 130 29.16
1 0 0 0 0 0 0 51 169 25.49
1 0 0 0 0 0 3 129 130 131 0 130 25.3
8 0 6 3 8 5 3 132 133 141 1 97 27.28
6 0 8 10 7 4 1 140 1 117 22.54
6 0 7 10 3 2 3 133 134 145 1 119 24.87
8 0 4 8 6 6 3 135 138 146 9 85 31.06
3 0 9 6 7 5 2 143 149 9 115 16.91
9 0 10 9 6 4 3 136 142 154 7 86 29.22
7 0 8 8 4 2 3 139 151 154 17 150 19.54
10 0 6 5 5 10 3 137 144 148 16 137 20.3
9 0 4 10 6 7 1 141 26 100 23.6
9 0 10 10 4 6 2 148 155 17 113 27.98
2 1 0 0 0 0 2 145 153 24 124 24.99
3 0 4 4 3 1 3 144 145 150 7 131 18.97
2 0 10 4 10 6 1 158 35 145 19.75
2 0 2 5 1 9 2 147 158 16 109 19.97
1 0 1 6 8 6 1 147 12 137 26.54
2 0 9 2 7 9 1 156 26 122 23.46
9 0 9 2 8 1 1 152 26 104 24.78
6 1 0 0 0 0 2 152 153 17 156 30.57
7 0 8 9 10 2 2 148 151 18 152 15.73
9 0 6 4 9 7 1 152 26 147 18.09
6 0 1 10 8 10 2 150 158 12 138 27.46
5 1 0 0 0 0 2 151 154 18 114 18.4
4 0 7 6 8 4 2 153 155 25 105 20.72
2 0 5 3 9 3 2 156 157 35 166 18.21
2 0 10 9 7 8 1 157 29 110 23.94
8 0 9 1 3 10 2 155 156 24 131 20.62
6 0 5 1 10 4 1 157 32 125 18.39
7 0 8 9 8 7 1 159 37 150 30.48
3 0 1 10 1 8 1 159 38 164 29.07
3 0 6 8 8 4 1 159 37 168 30.33
1 0 0 0 0 0 0 44 128 30.53
1 0 0 0 0 0 3 161 162 163 0 116 23.9
9 0 1 5 1 3 3 167 183 188 1 102 17.59
10 0 7 5 8 7 3 170 171 176 1 141 29.43
7 0 5 4 4 7 3 164 165 169 1 104 19.02
2 0 10 10 10 1 3 168 182 184 8 95 18.48
9 0 4 10 9 5 2 166 177 8 90 21.48
8 0 8 6 6 7 3 173 174 186 17 147 25.65
6 0 6 3 10 2 3 171 172 178 10 139 27.0
4 0 4 3 10 2 2 179 180 10 90 28.03
9 0 4 7 5 7 1 178 8 151 17.55
2 0 1 8 2 9 3 175 177 179 11 98 25.2
10 1 0 0 0 0 2 173 189 16 146 26.62
7 1 0 0 0 0 2 179 180 16 99 29.23
2 0 10 10 9 4 1 184 26 115 17.47
8 1 0 0 0 0 1 181 25 119 27.39
5 1 0 0 0 0 1 190 13 98 20.95
6 0 2 5 8 7 2 186 188 11 96 21.12
7 0 9 7 3 8 3 181 188 189 17 114 17.1
10 0 5 5 3 4 3 180 182 184 17 116 25.52
7 0 3 3 2 10 1 186 23 139 22.94
9 0 8 10 6 8 2 181 185 27 105 24.49
5 0 9 9 5 1 1 187 36 129 27.12
4 0 10 6 4 1 1 190 27 152 22.99
7 1 0 0 0 0 2 185 189 10 135 29.84
3 0 4 3 9 8 1 185 28 149 21.8
2 0 10 5 5 5 1 187 36 110 26.47
7 0 10 7 4 10 1 187 30 133 23.03
2 0 1 9 6 1 1 190 41 127 27.94
9 0 5 8 7 6 1 191 24 155 25.91
6 0 9 3 6 4 1 191 26 142 27.85
8 0 5 3 4 3 1 191 43 132 16.27
1 0 0 0 0 0 0 51 177 25.6
1 0 0 0 0 0 3 193 194 195 0 119 22.85
4 0 0 0 0 5 3 197 204 215 1 90 17.47
4 0 0 0 4 0 3 196 198 203 1 75 18.58
1 0 0 0 0 4 1 200 1 103 16.17
2 0 9 0 0 0 3 199 206 216 5 136 26.16
4 0 0 0 0 7 2 201 217 5 94 25.07
1 0 0 0 0 2 2 202 215 5 117 22.61
7 0 0 0 0 4 1 209 7 84 25.86
9 0 9 0 0 0 1 205 2 132 24.24
6 0 8 0 0 0 1 211 9 134 24.0
2 0 0 7 0 0 1 206 6 112 25.36
3 0 4 0 0 0 2 219 222 5 123 22.09
9 0 0 0 0 9 2 207 208 5 94 25.88
3 0 0 1 0 0 1 214 11 97 23.25
4 0 0 0 0 7 2 208 219 8 127 17.89
5 0 0 6 0 0 3 209 216 220 14 104 28.82
5 0 0 0 8 0 1 221 14 88 20.97
7 1 0 0 0 0 3 210 212 219 19 130 25.71
9 0 4 0 0 0 1 217 26 153 22.71
2 0 0 0 4 0 1 213 15 98 20.15
10 0 6 0 0 0 1 221 26 126 15.94
3 1 0 0 0 0 1 214 17 87 25.56
2 1 0 0 0 0 1 218 20 148 20.82
7 0 0 0 0 5 1 217 6 89 21.3
10 0 2 0 0 0 1 218 19 159 20.2
8 0 0 9 0 0 1 218 35 113 30.95
3 0 0 0 5 0 1 222 43 112 26.88
9 0 0 0 2 0 1 221 26 138 22.22
4 1 0 0 0 0 1 223 19 131 18.16
1 0 0 0 0 2 1 223 36 139 20.14
2 0 0 0 0 3 1 223 46 137 20.28
1 0 0 0 0 0 0 48 131 30.85
1 0 0 0 0 0 3 225 226 227 0 85 22.87
1 0 0 0 0 2 3 229 230 232 1 131 28.47
9 0 10 0 0 3 3 233 236 242 1 78 16.4
5 0 5 4 7 7 3 228 234 238 1 92 17.17
2 0 0 0 6 2 3 231 243 254 6 98 21.65
7 0 4 8 0 3 3 235 237 239 2 102 19.76
9 0 1 9 1 10 1 245 2 117 31.1
6 0 4 10 2 4 2 239 244 8 100 26.22
7 0 5 6 10 7 3 240 241 246 2 126 23.74
10 0 10 0 9 8 3 243 246 247 10 147 29.81
6 0 5 8 6 9 1 240 6 112 31.07
5 0 0 7 10 0 2 238 249 9 147 27.28
10 0 1 0 0 3 3 237 243 247 10 89 15.84
5 1 0 0 0 0 2 238 241 20 119 21.95
6 0 4 3 5 0 3 240 248 253 25 151 28.84
10 1 0 0 0 0 1 245 14 109 25.28
2 0 0 7 3 2 1 251 31 122 22.52
5 0 9 9 1 3 1 250 25 128 25.79
10 0 0 9 4 2 2 244 248 10 93 17.86
9 0 0 5 3 9 2 250 252 20 126 22.31
3 0 2 0 3 7 1 252 20 96 27.42
1 0 6 2 0 4 2 246 250 24 151 27.73
7 0 9 10 0 0 1 253 25 114 28.2
2 1 0 0 0 0 2 248 249 20 136 19.62
2 0 1 7 9 0 1 254 31 99 17.69
9 0 5 0 7 10 1 254 22 115 25.25
8 0 4 10 0 9 1 253 30 161 21.75
1 0 2 4 1 0 1 252 33 142 29.25
1 0 10 5 0 9 1 255 34 146 27.87
1 0 5 1 9 1 1 255 38 133 21.7
3 0 8 0 7 4 1 255 33 137 21.15
1 0 0 0 0 0 0 39 158 27.9
1 0 0 0 0 0 3 257 258 259 0 81 24.19
10 0 6 0 0 8 3 263 272 279 1 125 27.82
3 0 10 6 0 0 1 260 1 137 26.44
4 0 0 9 10 10 3 263 266 282 1 79 16.68
4 0 0 0 1 0 3 261 266 267 4 124 22.3
4 0 1 0 9 4 3 262 265 269 8 110 30.32
9 0 9 0 0 0 3 263 264 278 12 121 25.01
10 1 0 0 0 0 3 275 277 280 21 131 22.45
6 0 0 0 6 7 3 268 275 280 21 135 23.52
1 0 0 6 0 0 3 268 276 278 12 140 25.15
6 0 0 0 6 0 3 273 276 283 8 93 17.01
4 0 2 7 4 0 3 269 272 273 8 100 22.59
4 0 7 0 0 0 3 270 272 273 27 149 27.23
2 0 6 0 4 0 3 271 275 280 12 117 23.63
1 1 0 0 0 0 3 274 277 279 31 103 30.85
6 0 0 8 0 4 3 274 278 279 14 87 27.32
8 1 0 0 0 0 3 274 277 283 31 106 27.24
10 1 0 0 0 0 1 281 31 164 17.89
5 0 10 0 8 2 2 282 285 39 151 15.81
6 1 0 0 0 0 2 276 284 31 156 22.94
5 0 2 0 0 0 1 285 37 156 28.84
8 0 6 0 0 7 2 281 286 39 114 28.62
8 1 0 0 0 0 1 286 21 113 28.19
10 0 0 10 0 0 3 281 282 283 32 171 26.31
7 0 0 8 5 9 1 285 31 108 21.92
1 0 7 8 5 7 1 284 47 152 19.5
8 0 1 0 0 4 1 284 44 121 24.28
6 0 0 2 0 8 1 286 42 116 21.28
6 0 10 0 0 2 1 287 52 164 22.28
5 0 5 7 6 0 1 287 44 146 25.13
5 0 8 0 10 0 1 287 48 129 30.94
1 0 0 0 0 0 0 58 129 25.15
1 0 0 0 0 0 3 289 290 291 0 120 29.24
10 0 0 0 0 9 3 295 298 309 1 84 19.87
3 0 10 8 10 6 3 292 296 297 1 139 20.6
4 0 0 0 0 1 3 293 299 307 1 106 18.85
9 0 7 6 0 0 3 294 300 306 4 124 22.43
6 0 0 7 9 0 3 297 298 302 5 93 26.67
4 0 10 0 2 6 3 301 308 318 13 116 24.16
7 0 10 3 0 0 3 297 299 305 11 149 16.81
2 0 5 8 0 5 3 302 307 313 4 105 29.24
2 1 0 0 0 0 3 303 308 314 18 143 21.41
4 0 6 2 7 0 3 306 311 312 11 96 30.78
9 0 0 6 1 8 3 303 304 311 18 152 21.25
7 0 5 0 0 0 3 302 303 305 13 129 30.4
2 1 0 0 0 0 3 304 309 311 17 141 25.09
3 1 0 0 0 0 3 304 315 317 20 96 22.58
1 1 0 0 0 0 2 310 318 27 149 30.59
1 0 5 0 1 4 1 316 27 160 29.28
6 1 0 0 0 0 2 310 312 20 122 21.18
6 0 6 7 0 10 3 308 310 314 15 145 28.04
1 0 0 0 2 0 3 309 312 316 6 141 25.87
2 1 0 0 0 0 1 313 21 147 20.28
3 1 0 0 0 0 1 317 19 152 29.98
8 1 0 0 0 0 1 313 28 115 21.49
2 1 0 0 0 0 1 314 27 109 23.57
3 1 0 0 0 0 1 318 26 120 23.13
9 0 0 0 0 9 1 315 36 163 28.0
5 1 0 0 0 0 2 315 317 29 101 28.28
10 0 0 7 0 9 1 316 45 159 29.69
9 0 3 0 0 0 1 319 55 130 29.42
10 0 0 0 0 4 1 319 34 161 25.17
5 0 4 0 9 0 1 319 29 118 20.76
1 0 0 0 0 0 0 64 133 16.4
1 0 0 0 0 0 3 321 322 323 0 71 27.29
2 0 0 6 8 9 3 329 330 348 1 106 20.48
4 0 0 2 0 0 3 324 341 342 1 78 22.72
5 0 4 0 0 0 3 325 326 335 1 113 28.13
6 0 4 0 0 0 3 328 331 350 5 139 29.0
10 0 0 0 0 5 3 327 328 333 6 150 17.87
9 0 0 7 4 0 2 344 345 6 133 25.36
3 0 1 0 9 3 2 337 340 16 97 30.43
1 0 6 9 0 5 3 338 343 348 16 88 22.4
10 0 0 7 7 10 1 332 3 113 27.09
4 0 6 9 0 0 3 339 342 345 3 89 30.07
9 1 0 0 0 0 2 348 349 11 129 24.66
8 0 5 0 7 0 3 334 336 340 13 114 19.61
8 0 10 6 0 0 2 334 350 16 134 19.99
8 0 0 7 8 10 1 347 24 105 17.73
9 0 10 0 5 4 2 340 349 6 130 17.09
5 0 0 2 0 8 2 338 343 21 152 19.37
1 0 4 0 0 0 2 338 341 19 145 21.21
2 1 0 0 0 0 2 339 346 26 138 21.26
8 1 0 0 0 0 1 344 28 141 26.13
3 1 0 0 0 0 1 350 21 112 21.88
6 1 0 0 0 0 2 343 344 20 106 29.46
2 0 0 4 0 0 1 346 7 121 19.68
9 0 0 3 0 0 1 345 26 118 19.43
8 0 3 3 0 6 1 347 36 165 22.45
1 1 0 0 0 0 1 346 35 132 21.72
8 0 10 0 0 0 1 347 36 170 19.33
6 0 8 0 0 8 1 349 44 137 21.42
8 0 2 0 7 0 1 351 20 138 26.91
9 0 8 8 0 8 1 351 50 126 29.85
10 0 8 0 0 6 1 351 24 146 16.66
1 0 0 0 0 0 0 59 172 18.63
1 0 0 0 0 0 3 353 354 355 0 72 23.34
8 0 0 8 8 0 3 359 360 361 1 137 19.74
4 0 0 0 9 10 2 368 379 1 78 18.39
9 0 5 7 5 5 3 356 357 365 1 78 31.06
6 0 0 0 3 0 3 358 364 371 10 124 19.18
8 0 1 10 8 4 3 362 364 372 10 88 17.31
8 0 1 5 4 0 1 370 16 148 22.11
4 0 10 8 3 0 1 367 9 106 27.55
6 0 5 10 7 0 2 366 367 9 112 23.83
10 0 4 9 9 7 2 363 380 9 98 17.57
5 0 8 5 6 0 2 369 382 18 155 17.68
1 0 9 0 1 1 1 376 19 111 19.11
2 0 0 7 4 6 1 382 18 95 29.5
5 0 9 0 4 4 1 377 10 123 28.41
9 0 6 10 10 0 1 373 15 138 29.38
10 0 9 4 2 7 1 373 15 98 26.39
6 0 4 0 5 8 1 381 5 115 28.3
10 0 0 0 9 3 2 374 378 23 145 22.05
6 0 9 3 7 4 2 375 376 24 160 21.01
8 0 4 2 1 5 1 380 16 116 27.72
10 0 1 0 10 0 2 379 381 18 125 30.96
3 1 0 0 0 0 1 379 25 118 21.79
7 0 8 0 0 10 1 375 33 165 18.09
7 0 1 4 3 9 1 377 40 171 30.8
10 0 2 10 1 0 1 378 30 105 27.59
3 0 3 8 0 4 1 380 47 167 27.43
3 0 3 7 3 0 1 381 40 145 16.42
2 1 0 0 0 0 1 382 28 105 29.53
8 0 4 9 6 2 1 383 50 153 20.38
1 0 0 0 2 8 1 383 43 132 27.77
2 1 0 0 0 0 1 383 30 130 23.53
1 0 0 0 0 0 0 58 122 15.78
1 0 0 0 0 0 3 385 386 387 0 90 27.54
10 0 0 9 0 0 2 398 399 1 127 29.82
9 0 2 0 0 0 3 388 390 391 1 133 15.62
3 0 0 6 0 0 1 389 1 133 22.62
5 0 3 0 0 0 3 393 400 412 10 130 21.15
5 0 0 0 4 0 3 392 393 397 4 90 19.76
1 0 0 0 4 0 1 396 10 87 27.79
1 0 0 7 0 0 2 392 395 10 122 17.8
5 0 0 0 10 0 3 394 403 409 11 150 29.72
5 0 0 5 0 0 1 399 15 116 22.64
6 1 0 0 0 0 1 406 16 97 19.37
4 0 6 0 0 0 3 396 398 400 11 102 17.93
10 1 0 0 0 0 2 401 406 15 148 23.93
4 0 0 4 0 0 3 403 405 410 9 121 23.08
10 1 0 0 0 0 3 402 404 408 15 153 20.11
1 0 0 0 5 0 2 408 414 20 102 24.11
5 1 0 0 0 0 3 401 404 413 15 123 28.68
4 0 0 5 0 0 1 403 25 118 17.12
8 0 0 0 0 6 3 407 409 412 25 159 19.11
3 0 0 0 5 0 1 414 29 125 18.73
8 0 0 10 0 0 1 409 25 152 21.93
4 0 0 6 0 0 2 407 411 13 140 28.13
1 0 0 0 4 0 3 407 408 411 25 147 29.79
4 0 0 0 1 0 1 413 33 124 28.85
4 0 0 10 0 0 1 413 26 149 20.19
1 0 0 8 0 0 1 414 33 101 27.24
7 0 0 0 7 0 1 411 13 117 27.82
4 0 0 0 0 6 1 412 26 156 23.45
2 0 0 0 0 10 1 415 33 154 26.13
1 0 0 4 0 0 1 415 37 139 28.39
2 0 0 0 0 5 1 415 34 155 24.3
1 0 0 0 0 0 0 38 137 30.8
87.57 82.76 82.38 82.95 86.24 100.16 142.17 145.29 109.98 73.06 10.85 3.94 0.36 -4.66 -9.2 18.56 37.67 79.56 109.13 148.9 200.08 135.52 101.71 94.17 94.54 90.18 90.53 95.0 97.86 107.68 137.6 128.6 100.29 80.49 18.73 2.06 0.97 -4.47 1.23 6.06 6.93 74.73 108.71 154.44 257.56 152.65 113.79 103.59 103.88 98.89 97.07 98.94 99.7 104.54 126.88 122.38 99.46 71.7 2.52 1.38 -11.12 -21.34 -22.95 -4.1 8.4 39.13 89.66 111.33 158.42 131.4 111.07 101.31 98.92 90.67 89.3 89.25 91.8 100.22 122.62 126.49 100.41 72.4 22.19 15.1 8.01 0.44 -2.43 38.21 69.14 70.01 80.96 117.23 145.53 125.44 110.13 101.61 94.98 88.9 85.85 85.42 89.2 97.19 112.28 117.13 106.05 81.09 21.8 6.29 8.75 25.9 38.95 41.43 56.32 75.01 95.5 122.43 146.35 138.86 116.1 99.3 93.16 93.46 88.78 88.91 90.0 94.11 91.72 89.79 59.52 0.88 0.0 0.2 -4.41 -10.07 -11.32 -6.44 1.28 28.9 75.05 91.54 109.06 125.01 130.03 109.08 106.7 101.54 98.62 97.45 98.41 98.05 91.3 87.2 65.28 9.23 0.0 -0.2 -2.0 -7.37 -15.0 -8.97 -0.2 16.56 92.44 108.04 124.52 130.98 118.86 104.17 111.21 104.19 97.44 94.3 100.58 111.92 132.74 136.4 113.64 94.79 70.9 28.81 12.77 5.0 8.0 28.58 74.99 99.3 116.82 149.23 231.01 154.91 129.65 114.48 116.99 107.35 104.17 106.33 112.6 121.82 144.38 132.49 97.54 77.61 62.82 16.0 7.74 9.07 10.87 28.29 72.91 99.9 109.98 132.32 193.13 152.12 121.93 110.2 107.93 102.33 97.9 94.9 93.7 102.49 112.48 116.54 107.82 84.82 42.22 57.3 50.0 45.17 55.07 70.54 71.62 110.3 122.4 179.0 114.35 110.27 100.72 90.0 101.9 91.14 86.89 86.53 87.33 94.1 112.33 112.03 103.39 98.92 92.89 88.25 90.0 81.26 84.62 95.73 98.9 112.07 134.29 123.69 154.93 131.5 119.6 105.0 104.4 96.58 90.17 89.74 96.2 110.05 132.28 136.37 118.04 88.47 74.43 61.31 23.0 19.58 20.0 64.98 63.58 68.39 114.95 137.77 181.42 146.75 128.14 110.68 106.05 95.88 89.49 84.88 83.36 81.29 83.46 76.84 62.05 12.26 -0.02 -0.33 -0.45 -0.55 -0.9 -1.85 -0.39 50.1 85.92 115.14 134.06 122.87 101.3 91.52 66.23 32.0 16.83 8.36 3.85 2.72 1.2 1.24 -0.02 -0.03 -0.6 -1.31 -1.73 -5.68 -7.2 -6.98 -2.0 0.34 17.45 95.62 109.81 111.77 103.62 94.45 89.84 79.97 75.12 74.41 79.81 88.13 119.49 146.41 130.98 93.48 61.34 24.23 16.4 11.28 6.14 9.7 26.35 57.95 111.65 146.07 212.9 170.69 129.25 106.4 99.03 86.4 77.9 76.44 80.21 83.42 95.01 86.36 69.35 51.1 4.39 3.49 0.16 0.68 1.84 12.73 59.63 88.33 111.39 135.18 182.47 134.28 111.86 92.79 86.59 73.07 70.42 65.61 68.26 79.11 94.64 101.37 96.19 91.7 78.29 73.3 66.97 59.9 57.86 73.48 73.52 98.82 116.22 131.57 159.1 136.24 121.7 104.56 97.6 93.19 90.94 90.45 90.33 90.51 84.78 84.39 82.11 61.49 18.77 1.65 0.24 2.22 0.23 5.48 1.6 15.17 65.09 97.03 121.25 105.81 92.95 75.96 63.73 72.62 48.6 33.95 37.39 56.54 82.17 68.38 53.01 29.13 1.85 0.21 7.44 4.84 -1.56 1.44 0.22 30.36 73.81 123.62 148.34 144.49 130.19 108.2 107.0 100.32 99.42 100.0 100.91 99.1 91.62 79.94 54.19 1.0 -0.02 -1.0 -3.07 -13.17 -7.75 -3.0 -0.05 42.26 88.98 131.6 192.35 192.37 133.16 102.5 91.87 85.29 79.1 73.77 71.34 65.15 35.45 13.0 2.4 -0.01 -0.6 -2.11 -5.48 -12.93 -20.41 -15.61 -6.0 -4.64 10.62 81.25 94.91 100.0 106.67 91.43 83.43 76.96 76.14 79.02 85.08 95.08 109.2 113.48 102.13 86.88 58.73 33.21 20.0 12.78 11.0 19.75 58.25 89.94 124.8 194.41 273.75 244.46 139.44 112.37 114.6 112.55 104.28 101.89 99.45 116.14 134.71 121.52 87.38 59.16 9.74 11.34 14.44 12.36 10.66 21.84 76.45 94.3 95.67 140.89 198.86 136.66 105.25 91.69 70.69 66.16 64.09 64.37 67.64 81.86 100.48 113.08 105.38 65.98 49.02 38.59 18.13 9.69 18.42 46.85 76.59 101.37 120.38 155.33 205.64 138.82 112.43 92.91 105.34 98.78 91.88 90.87 92.47 91.83 111.72 126.85 114.22 80.06 65.62 47.6 20.11 11.6 7.68 21.41 65.66 84.98 106.77 126.48 165.36 119.07 99.8 86.87 77.55 64.81 60.3 54.73 49.3 65.69 97.45 100.0 61.47 11.35 0.08 1.09 6.58 19.12 15.18 20.35 29.65 10.59 52.57 135.0 139.7 134.0 125.31 103.86 111.48 90.4 86.28 90.0 94.54 90.58 85.47 86.74 77.57 63.13 29.64 9.44 1.19 -0.01 -0.02 -0.02 11.17 18.76 72.6 127.6 110.0 103.11 109.7 91.44 94.42 84.85 77.88 76.49 68.55 56.89 40.12 3.87 0.0 -0.5 -2.0 1.8 -14.23 -15.85 -22.95 5.0 4.32 125.6 141.25 200.0 228.34 164.81 96.97 85.68 79.91 68.58 49.25 48.46 44.74 52.32 119.91 103.5 79.65 9.96 0.4 7.37 11.79 -13.76 -13.66 -1.4 7.57 114.4 120.0 119.28
