416 5
1 43 41 39 34
1 0 0 0 0 0 3 1 2 3 0 152 33.38
10 0 10 7 8 10 3 7 11 18 1 135 29.25
3 0 1 5 2 10 3 4 5 6 1 102 29.97
7 0 3 3 4 10 1 13 1 149 19.55
2 0 6 9 4 9 2 10 28 4 98 25.81
5 0 3 4 7 5 3 19 27 29 4 101 24.78
6 0 10 9 3 8 2 8 15 4 154 33.6
7 0 7 2 3 10 2 9 22 11 95 31.24
1 0 8 6 10 3 1 16 10 98 33.09
3 1 0 0 0 0 1 16 18 95 36.94
4 0 10 9 10 4 1 21 6 128 21.53
8 0 1 7 5 6 2 12 14 11 109 35.81
4 1 0 0 0 0 3 16 25 27 19 96 27.53
6 0 9 4 2 7 1 19 8 106 20.9
1 1 0 0 0 0 2 19 25 19 138 20.81
3 0 7 9 4 7 1 29 10 94 23.28
1 1 0 0 0 0 2 17 26 23 120 34.87
2 0 2 6 9 8 1 20 24 127 24.87
4 1 0 0 0 0 1 28 11 97 23.37
4 0 4 3 2 6 1 21 20 135 30.23
2 1 0 0 0 0 1 23 26 140 23.32
4 1 0 0 0 0 1 30 24 165 37.36
4 1 0 0 0 0 1 26 18 162 20.32
1 1 0 0 0 0 1 24 28 124 22.96
10 0 8 10 4 9 1 28 29 116 23.34
4 0 3 2 2 4 2 26 29 23 110 32.96
10 0 3 6 8 5 1 30 27 165 31.35
7 1 0 0 0 0 1 30 23 110 25.4
10 0 9 9 3 5 1 31 39 175 35.08
2 1 0 0 0 0 1 31 27 169 26.84
2 0 8 6 8 8 1 31 37 118 34.6
1 0 0 0 0 0 0 49 174 20.61
1 0 0 0 0 0 3 33 34 35 0 86 28.3
6 0 1 9 2 10 3 36 41 48 1 104 36.63
6 0 9 2 3 4 2 37 55 1 120 25.91
10 0 8 2 3 1 1 44 1 86 21.69
5 1 0 0 0 0 1 61 7 140 28.39
2 0 5 6 2 2 3 38 39 43 7 119 30.41
6 0 8 5 4 3 1 45 9 163 28.19
7 0 10 2 6 3 3 40 42 49 9 103 37.35
7 0 3 5 1 2 1 50 16 110 27.25
3 0 7 3 3 3 1 46 7 118 22.27
10 0 3 2 9 2 1 61 16 110 32.18
1 0 7 5 8 7 2 56 58 9 128 36.54
4 0 3 6 2 6 2 54 60 11 91 34.68
10 0 8 8 8 7 1 50 15 109 19.18
10 0 6 3 4 1 2 47 51 10 147 18.94
7 1 0 0 0 0 1 54 20 162 31.65
1 0 10 3 8 4 3 50 52 53 7 152 31.58
4 0 6 3 1 7 1 57 16 144 31.82
8 0 2 3 4 2 1 54 25 150 29.33
6 1 0 0 0 0 1 62 20 105 24.76
10 0 4 1 6 2 2 56 59 8 152 36.97
5 0 3 7 2 8 2 56 58 8 138 30.71
4 0 6 2 7 6 1 59 33 150 27.73
6 0 5 4 3 4 1 60 7 124 24.97
3 0 4 5 8 4 1 61 18 108 29.95
4 0 1 10 10 10 1 58 20 125 23.89
10 0 7 5 4 9 2 60 62 24 122 28.63
1 0 3 5 4 6 1 62 37 140 35.05
7 0 5 9 6 10 1 63 34 114 28.53
3 0 7 7 9 5 1 63 26 138 36.98
10 0 10 3 3 7 1 63 38 146 27.05
1 0 0 0 0 0 0 48 185 18.86
1 0 0 0 0 0 3 65 66 67 0 79 19.03
6 0 0 1 9 2 3 70 72 83 1 129 23.7
10 0 2 0 0 0 2 68 74 1 138 33.29
8 0 0 0 5 8 3 73 83 85 1 84 21.6
3 0 0 3 6 8 3 69 71 94 11 148 27.58
1 0 10 0 0 0 2 79 87 14 111 35.58
8 0 5 0 10 1 2 81 89 7 120 27.27
10 0 2 0 3 0 3 75 77 79 14 167 25.53
1 0 0 2 5 8 3 74 86 92 7 139 26.82
9 0 4 0 0 0 1 75 9 147 22.78
4 0 0 1 5 0 1 90 11 92 31.3
10 1 0 0 0 0 3 76 78 86 24 113 26.29
4 0 9 0 6 0 3 80 82 84 34 133 30.58
9 1 0 0 0 0 1 80 24 126 30.89
5 0 1 0 2 7 1 81 34 170 21.11
3 0 9 0 2 0 3 80 82 85 24 143 23.29
7 0 0 0 0 6 3 88 89 91 38 180 36.55
9 0 0 4 5 5 2 84 91 39 156 24.22
2 1 0 0 0 0 3 88 89 93 38 152 28.98
6 0 9 0 0 0 1 86 9 116 23.01
1 0 9 3 0 0 1 88 48 159 20.95
1 1 0 0 0 0 1 90 27 150 24.07
1 1 0 0 0 0 2 87 90 34 127 24.56
3 1 0 0 0 0 1 91 35 175 21.97
6 0 0 3 0 0 1 92 49 181 19.05
9 0 7 0 0 0 1 92 45 153 25.78
10 0 0 3 5 0 1 93 35 163 33.48
5 0 0 1 2 0 1 93 48 153 28.62
6 0 0 5 0 1 1 95 55 167 24.15
9 0 8 0 0 1 1 95 53 155 20.86
3 0 0 0 9 0 1 95 14 138 28.62
1 0 0 0 0 0 0 62 140 27.95
1 0 0 0 0 0 3 97 98 99 0 80 23.3
3 0 1 6 8 7 3 100 101 114 1 92 22.14
1 0 8 2 6 9 2 103 115 1 139 18.86
7 0 1 3 2 9 3 106 115 117 1 143 25.89
5 0 2 9 4 2 1 102 4 135 29.17
7 0 1 4 1 3 3 103 104 105 4 158 18.71
10 1 0 0 0 0 1 109 9 110 19.77
9 0 3 9 2 4 1 107 11 122 25.69
9 0 8 6 6 6 3 111 120 121 11 109 23.42
9 0 7 7 9 3 2 108 113 11 110 23.5
9 0 5 9 8 10 1 116 8 119 26.29
3 1 0 0 0 0 3 108 119 122 20 101 21.18
7 1 0 0 0 0 2 110 123 23 119 28.43
6 1 0 0 0 0 2 112 122 19 121 36.41
5 0 1 7 10 7 1 121 30 116 20.19
9 1 0 0 0 0 1 115 20 130 28.08
8 0 1 6 2 1 1 119 25 106 29.73
5 1 0 0 0 0 1 125 20 166 32.35
10 0 5 7 3 7 1 119 4 118 35.51
6 0 5 8 9 2 1 124 29 173 21.0
7 0 4 7 9 10 1 121 17 119 33.88
5 0 8 9 8 3 1 118 8 100 25.35
7 0 8 3 5 5 1 120 13 162 31.67
3 0 4 5 9 9 1 124 33 163 22.62
5 0 5 4 7 8 1 125 20 146 23.76
8 0 1 7 8 9 1 126 35 154 22.46
1 0 8 5 7 7 2 124 125 25 119 32.55
1 0 7 3 10 8 1 126 30 129 27.91
5 0 9 2 8 6 1 127 36 167 18.84
3 0 2 6 3 8 1 127 26 124 19.74
3 0 8 1 10 10 1 127 43 119 18.85
1 0 0 0 0 0 0 46 182 25.59
1 0 0 0 0 0 3 129 130 131 0 97 26.09
10 0 1 2 5 3 3 132 139 143 1 121 25.32
9 0 3 10 6 10 1 135 1 150 24.98
6 0 2 2 4 7 3 133 140 149 1 85 22.66
1 0 2 8 7 3 3 134 137 150 11 161 27.66
1 0 9 7 5 4 3 136 141 148 7 151 36.24
10 0 3 3 10 5 3 138 140 144 12 154 23.0
7 0 8 5 10 6 3 136 141 143 10 148 24.95
5 0 4 7 1 7 1 151 17 137 31.21
4 0 6 3 9 5 2 146 152 12 122 27.56
9 1 0 0 0 0 2 156 158 22 120 26.84
10 0 9 5 3 1 1 150 11 162 29.19
6 1 0 0 0 0 1 148 22 104 32.06
4 0 9 9 3 8 3 142 147 153 17 152 29.72
7 1 0 0 0 0 3 152 154 155 21 107 19.16
7 0 10 2 9 3 2 153 158 17 118 29.17
8 0 7 4 8 8 3 145 147 155 22 167 25.26
1 0 2 5 2 10 3 148 154 157 30 117 33.49
4 0 1 2 10 10 1 149 16 133 33.11
4 1 0 0 0 0 2 151 157 30 169 31.01
7 0 3 1 8 1 2 152 156 31 177 18.84
2 0 2 3 3 3 1 151 20 108 28.46
1 1 0 0 0 0 1 153 21 124 26.84
9 0 5 10 1 7 1 154 34 151 23.6
10 0 5 10 6 7 1 158 38 136 29.32
9 1 0 0 0 0 1 155 24 143 34.86
10 0 10 9 1 10 1 156 43 155 28.21
7 0 8 6 10 4 1 157 33 157 34.83
2 0 3 6 2 9 1 159 53 194 30.15
1 0 9 9 9 2 1 159 40 173 34.46
3 0 2 7 9 6 1 159 48 139 23.99
1 0 0 0 0 0 0 55 178 21.17
1 0 0 0 0 0 3 161 162 163 0 94 35.05
10 0 6 9 7 10 3 164 174 178 1 88 19.9
2 0 5 6 6 5 3 165 170 185 1 148 19.45
8 0 2 7 6 2 3 168 173 180 1 127 22.77
5 0 2 1 4 8 3 166 167 179 11 155 24.78
8 0 3 1 9 7 3 169 177 181 3 100 30.48
8 0 5 2 3 6 1 171 16 102 36.56
1 0 2 3 9 3 1 170 16 102 33.04
3 0 6 10 3 2 1 189 9 96 27.51
1 1 0 0 0 0 2 175 190 11 157 34.42
9 0 8 6 1 5 1 172 17 153 31.04
10 1 0 0 0 0 2 176 181 24 110 31.6
1 0 5 3 1 10 1 182 26 168 29.11
6 0 1 9 5 5 1 184 9 98 24.03
9 0 10 6 5 2 2 176 183 11 162 27.22
7 0 4 1 9 6 1 186 12 155 30.5
3 0 1 5 2 8 2 187 190 34 170 26.07
9 0 3 4 5 5 1 189 11 109 19.19
9 0 9 1 1 8 1 180 11 139 37.1
2 0 3 5 10 3 1 186 16 154 28.93
5 0 3 7 8 9 1 185 20 142 22.63
2 0 6 8 9 3 1 182 34 111 27.15
8 0 1 10 2 3 2 183 188 36 124 37.06
2 0 9 3 4 9 1 187 44 151 31.83
6 1 0 0 0 0 1 187 15 102 36.14
10 0 9 6 6 3 1 186 25 165 26.03
9 0 4 3 2 2 1 188 35 164 25.64
2 0 7 6 5 6 1 189 46 127 30.9
3 0 2 9 4 2 1 191 44 122 19.5
4 0 1 5 2 3 1 191 48 148 25.6
4 0 5 2 10 1 1 191 37 168 33.99
1 0 0 0 0 0 0 52 170 27.65
1 0 0 0 0 0 3 193 194 195 0 79 33.12
4 0 5 6 7 7 3 201 203 211 1 82 32.74
5 0 8 7 6 10 3 197 207 213 1 112 23.79
3 0 6 9 4 6 2 196 197 1 88 23.32
6 0 8 2 10 4 3 200 203 210 4 111 29.07
6 0 5 6 4 10 3 198 201 202 6 157 25.68
1 0 7 5 10 6 3 199 208 211 12 140 26.67
1 0 4 9 8 9 3 206 209 218 13 156 22.93
10 0 8 4 1 7 3 207 211 213 10 111 27.1
5 0 4 6 6 5 3 204 206 216 12 139 20.33
6 0 2 10 1 9 3 204 214 215 12 94 28.17
5 0 3 1 9 4 3 204 207 215 10 135 20.35
3 0 6 10 3 7 3 205 208 220 18 106 20.54
9 1 0 0 0 0 2 218 221 21 128 31.23
9 0 6 9 3 6 3 214 220 222 17 129 30.45
7 1 0 0 0 0 3 208 209 219 20 117 26.51
9 0 3 2 5 6 3 212 217 221 27 140 31.94
6 0 1 9 1 10 1 216 27 122 26.59
2 0 4 3 8 10 2 212 213 10 101 28.48
4 1 0 0 0 0 2 212 214 20 171 23.88
1 0 5 2 9 5 1 218 36 147 20.42
4 1 0 0 0 0 3 215 216 219 20 156 34.91
9 0 3 1 3 4 1 219 26 168 25.1
9 0 2 7 10 4 1 217 24 150 18.79
4 0 2 2 5 9 2 217 220 33 112 29.75
3 0 9 5 2 7 1 222 37 162 34.15
6 0 5 6 9 9 1 222 37 181 29.9
8 0 1 9 7 3 1 221 35 131 23.53
4 0 2 7 10 8 1 223 37 183 25.01
2 0 6 9 4 5 1 223 43 174 22.49
1 0 9 6 7 9 1 223 43 142 36.7
1 0 0 0 0 0 0 45 132 24.92
1 0 0 0 0 0 3 225 226 227 0 87 33.74
1 0 6 0 0 0 3 228 232 235 1 131 31.45
7 0 0 7 0 0 3 229 231 243 1 83 36.87
9 0 2 0 5 2 3 230 235 239 1 158 29.86
3 0 8 2 6 0 3 237 242 244 2 88 20.98
10 0 0 10 0 8 3 233 236 241 8 149 35.28
9 0 0 9 8 7 3 243 245 251 10 164 18.97
2 0 0 10 10 6 3 234 236 241 8 159 21.58
3 0 7 1 0 0 3 236 246 249 2 98 21.84
7 0 2 5 8 0 3 238 240 245 18 101 26.06
1 0 0 4 6 2 3 237 242 246 10 102 19.07
6 0 0 7 5 0 3 240 241 245 10 154 26.34
10 0 0 5 0 0 3 248 250 254 18 120 31.85
9 0 4 8 0 6 2 238 240 11 124 26.02
10 1 0 0 0 0 1 247 25 173 24.21
4 0 0 0 0 6 3 243 246 251 10 147 23.63
1 1 0 0 0 0 3 247 248 249 25 130 30.18
10 0 0 0 6 0 3 242 244 253 18 124 32.12
1 1 0 0 0 0 1 247 28 137 36.46
1 0 0 0 3 9 1 244 19 129 19.53
4 0 0 0 0 8 1 250 28 148 21.28
3 1 0 0 0 0 3 249 253 254 25 128 28.47
3 0 0 7 10 0 2 248 252 14 129 18.98
7 0 0 0 5 9 2 250 251 35 146 35.28
3 0 0 0 3 0 1 253 28 161 37.26
7 1 0 0 0 0 1 252 28 140 29.84
10 0 7 8 1 0 1 252 42 183 25.3
10 0 10 0 0 0 1 254 42 144 21.75
2 0 0 2 0 0 1 255 52 184 19.09
1 1 0 0 0 0 1 255 31 161 33.94
6 0 0 6 1 0 1 255 52 197 28.53
1 0 0 0 0 0 0 58 189 26.0
1 0 0 0 0 0 3 257 258 259 0 128 19.21
9 0 0 6 6 0 3 260 262 272 1 116 33.76
6 0 7 3 1 0 3 263 270 277 1 98 35.83
10 0 0 0 9 1 3 261 267 281 1 154 21.71
5 0 5 0 0 5 2 264 266 10 100 33.91
6 0 4 7 0 8 2 274 278 11 109 35.53
8 0 9 8 8 3 2 265 282 10 126 34.22
3 0 0 0 0 9 1 286 7 98 22.43
8 0 0 0 0 3 3 268 281 285 15 166 20.46
7 1 0 0 0 0 2 269 276 18 127 27.24
2 1 0 0 0 0 1 281 15 105 19.48
4 0 0 0 6 0 2 271 277 11 112 19.34
7 1 0 0 0 0 1 276 23 151 29.46
10 0 0 4 8 0 1 284 25 136 19.04
8 0 0 5 6 0 1 279 7 91 36.1
6 1 0 0 0 0 3 273 275 280 15 100 22.52
3 0 10 0 0 9 1 282 10 101 29.52
7 1 0 0 0 0 1 283 21 159 30.47
5 0 0 8 2 0 1 284 17 117 37.29
10 0 0 9 0 0 1 283 21 154 33.07
8 0 2 5 0 0 1 284 30 159 36.24
1 0 0 0 3 0 1 278 15 101 27.1
5 0 8 2 0 1 1 286 17 128 25.66
2 0 1 0 0 0 1 283 15 133 35.75
1 1 0 0 0 0 1 282 21 164 34.46
7 0 0 2 3 0 1 286 23 175 25.29
4 0 2 0 0 0 1 285 22 159 37.26
8 0 0 0 9 1 1 285 31 140 34.01
4 0 3 0 6 0 1 287 38 151 32.5
5 0 0 0 7 10 1 287 39 145 27.07
10 0 0 6 6 0 1 287 30 167 34.61
1 0 0 0 0 0 0 44 150 21.89
1 0 0 0 0 0 3 289 290 291 0 103 35.1
2 0 6 8 6 9 3 292 294 295 1 144 35.61
4 0 9 9 10 8 3 301 302 308 1 117 27.78
3 0 9 4 8 8 3 300 302 312 1 79 26.16
9 0 6 7 3 8 3 293 298 304 3 119 19.3
6 0 4 5 7 8 3 299 300 307 12 159 33.73
6 0 1 8 1 2 3 296 298 302 3 150 23.36
3 0 5 8 2 9 3 296 297 304 3 83 35.64
5 0 2 8 7 5 2 309 312 9 122 32.56
10 0 8 9 10 4 1 303 6 106 28.3
6 0 5 10 4 5 3 299 310 312 12 152 34.5
4 1 0 0 0 0 2 305 315 18 155 34.44
4 0 1 6 1 9 2 303 306 18 141 29.33
1 0 3 3 4 2 3 305 307 309 5 128 31.23
2 0 4 2 9 1 3 306 307 309 9 138 34.09
9 0 3 10 8 4 3 308 310 318 22 129 32.11
5 1 0 0 0 0 3 306 308 316 12 124 30.29
3 0 10 6 1 6 2 311 314 22 167 26.87
8 0 1 8 3 6 3 313 314 317 22 169 19.41
8 1 0 0 0 0 2 310 311 18 149 32.07
7 0 2 5 5 10 1 317 31 137 32.02
9 0 9 9 9 9 2 311 314 14 161 31.55
4 0 1 9 4 1 1 315 31 115 27.37
5 0 9 1 5 7 2 313 316 26 118 33.16
2 0 2 3 6 10 3 313 315 316 18 120 21.87
1 0 4 9 2 1 1 318 31 146 25.73
6 0 6 4 4 2 1 318 30 126 25.3
9 0 3 5 1 2 1 317 35 128 30.25
2 0 3 8 10 8 1 319 31 106 31.03
2 0 1 2 1 1 1 319 44 127 32.38
6 0 2 7 9 2 1 319 36 157 18.91
1 0 0 0 0 0 0 46 174 35.56
1 0 0 0 0 0 3 321 322 323 0 96 34.18
1 0 1 6 4 10 3 325 329 346 1 115 28.74
9 0 5 5 4 5 2 325 330 1 96 36.84
10 0 3 3 4 8 3 324 326 327 1 150 32.05
4 1 0 0 0 0 3 332 342 344 11 101 20.53
8 1 0 0 0 0 3 334 338 341 10 157 27.07
2 0 6 10 4 2 3 330 331 333 11 148 27.65
4 0 3 8 10 4 3 328 331 334 11 157 36.62
7 0 10 6 3 2 3 332 335 336 15 157 28.26
4 0 6 3 6 7 2 334 336 2 83 35.39
10 0 10 9 8 10 3 335 342 346 13 157 26.21
1 0 10 10 8 8 2 340 341 15 162 26.32
7 1 0 0 0 0 3 337 346 347 22 125 21.8
3 0 4 8 10 5 2 337 341 13 127 24.67
6 0 10 6 5 10 3 337 343 345 18 100 19.8
3 0 8 10 1 3 2 338 339 23 123 36.98
9 1 0 0 0 0 2 338 339 22 150 20.9
4 0 9 8 10 1 3 348 349 350 29 165 29.57
1 1 0 0 0 0 1 340 31 138 32.86
1 0 6 7 5 3 2 340 343 31 168 34.64
5 0 7 7 10 9 1 344 32 134 25.71
6 1 0 0 0 0 2 342 344 18 129 25.71
2 1 0 0 0 0 3 343 345 347 24 127 36.93
1 0 7 4 1 3 1 349 32 116 34.24
3 1 0 0 0 0 2 345 347 37 162 21.78
4 0 5 7 6 3 1 350 40 142 21.4
10 0 7 1 7 3 2 348 349 29 147 25.13
10 0 10 9 8 8 2 348 350 40 149 34.93
7 0 2 5 5 1 1 351 50 134 23.69
4 0 4 3 2 7 1 351 39 186 19.84
9 0 8 2 7 9 1 351 50 161 32.16
1 0 0 0 0 0 0 59 180 22.4
1 0 0 0 0 0 3 353 354 355 0 88 28.97
8 0 10 5 3 0 2 359 363 1 88 23.65
6 0 0 3 0 6 3 357 358 367 1 116 26.51
8 0 0 8 3 6 3 356 360 371 1 118 34.79
6 0 9 5 2 10 3 358 364 366 9 112 32.77
8 0 5 0 0 4 1 373 7 100 36.83
6 0 2 6 0 0 1 361 15 134 29.16
2 0 3 2 2 5 2 379 382 9 124 36.95
8 0 3 9 10 4 2 370 374 9 127 19.54
2 1 0 0 0 0 3 362 365 370 21 110 32.98
4 0 5 0 9 4 2 368 369 23 132 25.03
7 0 4 10 0 9 3 365 371 380 9 133 26.43
4 0 6 2 10 0 3 372 373 380 15 127 34.75
3 1 0 0 0 0 1 378 23 134 35.54
7 0 0 8 9 3 3 370 376 377 15 124 37.27
5 0 4 0 10 1 2 372 373 7 121 33.7
5 1 0 0 0 0 1 375 27 139 27.25
3 1 0 0 0 0 2 374 378 27 167 30.9
10 1 0 0 0 0 2 375 378 23 113 25.68
7 0 2 9 0 0 1 376 16 147 27.61
8 1 0 0 0 0 2 376 377 19 160 33.01
6 1 0 0 0 0 2 377 379 19 147 30.0
2 0 1 2 7 0 1 375 30 132 30.04
3 0 4 3 10 0 2 380 382 33 157 21.43
10 0 4 1 0 0 2 381 382 27 114 35.99
3 0 0 0 7 7 1 381 27 135 22.26
8 0 5 0 7 0 1 379 33 179 34.86
4 0 0 9 10 7 1 381 41 159 32.27
4 0 6 4 4 8 1 383 36 135 25.26
5 0 1 0 0 4 1 383 45 190 27.75
4 0 2 3 8 9 1 383 37 174 25.94
1 0 0 0 0 0 0 50 142 28.36
1 0 0 0 0 0 3 385 386 387 0 147 36.65
5 0 0 0 7 0 3 388 397 411 1 141 33.82
4 0 0 0 0 2 3 389 390 391 1 92 18.78
2 0 0 8 3 0 3 397 400 408 1 125 27.64
7 0 0 4 0 0 3 389 392 396 6 117 23.98
1 1 0 0 0 0 3 398 400 410 13 107 21.34
8 0 2 8 0 1 3 393 394 405 5 146 18.91
10 0 0 0 3 8 3 399 402 403 5 161 29.53
7 0 0 0 0 7 3 395 402 405 13 158 37.28
4 0 5 0 9 0 3 396 401 402 13 99 20.13
8 0 0 0 6 8 2 395 397 13 133 20.64
10 0 0 3 0 7 3 398 400 401 21 111 29.79
5 0 0 0 4 0 2 398 406 17 117 25.78
2 0 5 0 1 0 2 404 412 21 106 32.74
5 1 0 0 0 0 3 403 407 413 31 157 23.76
9 0 0 0 0 8 3 404 405 411 15 105 24.42
1 0 0 5 2 6 1 403 31 162 23.09
7 1 0 0 0 0 3 404 406 407 31 163 28.44
6 0 9 1 7 4 2 407 410 20 135 37.36
3 1 0 0 0 0 2 409 414 36 133 29.17
1 1 0 0 0 0 1 410 38 156 34.08
9 1 0 0 0 0 3 406 409 413 24 156 22.61
8 0 0 4 10 6 1 408 38 180 24.03
9 0 1 3 0 0 2 408 409 38 153 20.69
9 0 0 0 10 0 1 412 47 195 36.62
10 0 0 9 8 3 1 412 47 135 29.27
9 0 9 5 1 6 1 414 39 187 32.88
5 1 0 0 0 0 2 413 414 24 114 36.94
6 0 0 2 5 7 1 415 57 188 30.63
10 0 0 0 10 10 1 415 36 127 22.04
6 0 0 6 0 5 1 415 48 171 23.68
1 0 0 0 0 0 0 63 165 22.21
89.84 79.97 75.12 74.41 79.81 88.13 119.49 146.41 130.98 93.48 61.34 24.23 16.4 11.28 6.14 9.7 26.35 57.95 111.65 146.07 212.9 170.69 129.25 106.4 99.03 86.4 77.9 76.44 80.21 83.42 95.01 86.36 69.35 51.1 4.39 3.49 0.16 0.68 1.84 12.73 59.63 88.33 111.39 135.18 182.47 134.28 111.86 92.79 86.59 73.07 70.42 65.61 68.26 79.11 94.64 101.37 96.19 91.7 78.29 73.3 66.97 59.9 57.86 73.48 73.52 98.82 116.22 131.57 159.1 136.24 121.7 104.56 97.6 93.19 90.94 90.45 90.33 90.51 84.78 84.39 82.11 61.49 18.77 1.65 0.24 2.22 0.23 5.48 1.6 15.17 65.09 97.03 121.25 105.81 92.95 75.96 63.73 72.62 48.6 33.95 37.39 56.54 82.17 68.38 53.01 29.13 1.85 0.21 7.44 4.84 -1.56 1.44 0.22 30.36 73.81 123.62 148.34 144.49 130.19 108.2 107.0 100.32 99.42 100.0 100.91 99.1 91.62 79.94 54.19 1.0 -0.02 -1.0 -3.07 -13.17 -7.75 -3.0 -0.05 42.26 88.98 131.6 192.35 192.37 133.16 102.5 91.87 85.29 79.1 73.77 71.34 65.15 35.45 13.0 2.4 -0.01 -0.6 -2.11 -5.48 -12.93 -20.41 -15.61 -6.0 -4.64 10.62 81.25 94.91 100.0 106.67 91.43 83.43 76.96 76.14 79.02 85.08 95.08 109.2 113.48 102.13 86.88 58.73 33.21 20.0 12.78 11.0 19.75 58.25 89.94 124.8 194.41 273.75 244.46 139.44 112.37 114.6 112.55 104.28 101.89 99.45 116.14 134.71 121.52 87.38 59.16 9.74 11.34 14.44 12.36 10.66 21.84 76.45 94.3 95.67 140.89 198.86 136.66 105.25 91.69 70.69 66.16 64.09 64.37 67.64 81.86 100.48 113.08 105.38 65.98 49.02 38.59 18.13 9.69 18.42 46.85 76.59 101.37 120.38 155.33 205.64 138.82 112.43 92.91 105.34 98.78 91.88 90.87 92.47 91.83 111.72 126.85 114.22 80.06 65.62 47.6 20.11 11.6 7.68 21.41 65.66 84.98 106.77 126.48 165.36 119.07 99.8 86.87 77.55 64.81 60.3 54.73 49.3 65.69 97.45 100.0 61.47 11.35 0.08 1.09 6.58 19.12 15.18 20.35 29.65 10.59 52.57 135.0 139.7 134.0 125.31 103.86 111.48 90.4 86.28 90.0 94.54 90.58 85.47 86.74 77.57 63.13 29.64 9.44 1.19 -0.01 -0.02 -0.02 11.17 18.76 72.6 127.6 110.0 103.11 109.7 91.44 94.42 84.85 77.88 76.49 68.55 56.89 40.12 3.87 0.0 -0.5 -2.0 1.8 -14.23 -15.85 -22.95 5.0 4.32 125.6 141.25 200.0 228.34 164.81 96.97 85.68 79.91 68.58 49.25 48.46 44.74 52.32 119.91 103.5 79.65 9.96 0.4 7.37 11.79 -13.76 -13.66 -1.4 7.57 114.4 120.0 119.28 155.95 150.28 125.45 103.15 88.35 79.95 70.42 60.94 55.17 64.85 79.95 83.92 84.6 65.74 22.64 0.7 -0.01 -1.4 3.43 18.39 31.83 105.0 128.4 123.38 134.24 109.02 97.46 102.2 96.08 88.58 74.42 71.15 73.04 90.0 124.71 124.8 92.84 65.19 21.1 1.32 1.19 1.87 1.0 6.12 22.91 79.08 94.63 136.68 217.0 176.83 119.4 95.93 96.43 88.02 85.62 85.4 89.76 93.37 114.18 104.3 78.24 36.33 0.0 -0.2 -7.67 -15.42 -8.67 5.97 8.4 41.7 91.9 123.45 166.41 131.79 131.49 115.08 90.0 90.0 83.11 77.77 75.37 80.1 103.6 87.26 76.49 40.02 4.52 0.12 -1.03 -4.56 -2.38 8.72 13.48 126.56 96.62 122.55 147.83 125.0 109.48 84.8 115.5 90.51 92.35 97.62 69.49 64.57 53.24 21.97 8.28 0.0 -2.45 -10.45 -35.0 -36.75 -25.97 -6.77 -0.39 8.42 85.96 123.83 139.15 130.0 117.59 109.61 91.93 87.92 86.24 89.75 91.34 91.58 83.13 63.59 20.71 1.61 0.0 -0.02 -1.41 -5.75 -5.0 -2.0 -0.01 57.66 99.89 116.85 135.82 138.4 149.75 110.23 104.25 91.34 85.14 84.83 83.22 90.46 110.96 123.49 107.05 82.66 61.96 80.01 80.01 79.64 76.29 79.0 132.03 97.04 93.33 118.49 186.12 189.94 125.79 102.56 103.51 96.61 94.3 93.81 94.71 102.51 118.0 106.38 97.67 70.74 4.58 2.29 1.56 -1.01 -0.09 4.57 27.76 91.21 105.02 139.17 245.0 241.38 136.65 115.77 112.91 106.55 101.4 95.46 96.68 102.89 111.77 114.56 110.18 77.31 22.24 1.17 1.31 1.53 2.87 28.39 28.64 92.72 115.17 138.07 182.43 175.18 132.98 114.59 112.67 106.42 104.65 99.43 99.97 96.21 100.22 89.25 87.48 19.39 0.44 5.61 -12.0 0.44 -29.99 5.36 12.66 160.08 83.36 118.96 132.0 137.25 126.69 105.61 109.34 104.57 104.26 105.37 104.69 109.29 120.56 117.15 104.91 73.23 17.61 4.35 -0.46 -1.15 -0.21 2.49 32.24 93.45 110.58 136.54 202.88 179.61 137.05 121.38 118.78 110.48 108.15 106.86 108.99 104.38 100.71 90.74 75.93 23.4 -0.07 -2.37 -15.91 -29.21 -23.56 -3.17 0.11 64.11 106.3 129.53 157.3 165.82 140.65 118.68 108.61 101.05 96.91 92.65 90.34 88.49 72.75 26.44 0.0 -0.09 -11.11 -37.5 -64.11 -91.87 -75.14 -36.95 -6.08 7.89 107.72 119.23 137.2 137.11 126.42 101.63 88.81 92.21 69.54 66.9 79.78 94.61 130.46 109.44 91.87 51.48 38.02 50.01 84.3 110.22 100.41 142.84 166.99 139.0 250.0 196.34 152.6 125.0 103.11 84.39 103.63 102.38 99.68 95.61 79.55 108.35 125.43 118.18 111.65 120.75 46.91 55.34 74.14 76.35 68.17 54.37 100.0 120.99 135.0 101.96 138.44 120.24 165.03 130.94 82.97 74.81 73.34 72.05 73.82 80.55 105.72 112.01 98.44 72.08 25.74 15.77 27.37 26.51 57.69 66.84 74.29 89.11 113.92 149.24 198.96 240.25 170.94 124.57 119.95 108.09 103.39 99.91 100.02 104.51 120.14 121.01 106.79 96.87 88.26 81.57 70.5 69.41 68.33 80.0
