448 5
1 32 36 32 33
1 0 0 0 0 0 3 1 2 3 0 134 34.96
4 0 5 2 4 9 2 7 17 1 84 28.68
6 0 9 7 10 10 3 4 5 9 1 105 32.25
2 0 5 7 6 8 1 6 1 128 32.39
7 0 6 2 2 2 3 12 13 25 7 122 22.36
2 0 4 6 5 4 2 19 24 7 147 21.3
5 0 2 5 9 9 1 30 3 95 33.28
9 0 1 6 5 9 3 8 15 20 5 165 35.72
8 0 7 10 7 3 2 10 11 14 163 24.33
1 0 2 4 7 4 1 18 7 147 18.9
8 0 2 6 8 1 1 13 22 156 22.95
10 0 1 2 1 8 3 16 21 22 22 118 29.53
10 0 4 7 1 3 1 28 14 108 18.8
7 0 8 6 3 10 1 14 30 154 28.98
10 0 3 10 9 5 1 23 37 125 30.04
4 0 3 4 10 2 2 18 27 14 110 22.48
8 1 0 0 0 0 1 18 32 180 24.54
2 0 3 9 3 7 1 25 5 126 21.7
4 1 0 0 0 0 1 28 40 138 21.69
9 0 10 8 7 8 3 21 25 27 9 113 25.88
10 0 2 3 10 7 2 23 27 14 99 18.96
8 0 4 10 4 2 1 30 32 131 20.3
9 1 0 0 0 0 1 30 32 169 31.44
9 0 8 2 10 10 1 26 47 171 32.18
2 0 6 5 6 2 1 28 9 87 26.64
1 1 0 0 0 0 1 26 18 137 31.19
8 0 2 10 6 5 1 29 56 204 25.13
9 0 8 1 8 9 1 29 24 162 32.48
3 0 9 3 6 6 1 31 44 163 31.1
4 0 9 8 2 10 1 31 64 144 31.29
2 0 5 9 5 10 1 31 41 185 25.9
1 0 0 0 0 0 0 68 201 23.63
1 0 0 0 0 0 3 33 34 35 0 100 32.08
7 0 4 1 10 1 3 40 49 52 1 154 31.77
4 0 5 3 5 5 3 38 39 41 1 144 26.39
1 0 3 9 5 5 3 36 37 56 1 93 34.86
3 0 1 9 10 1 3 40 42 43 2 126 26.46
6 0 3 5 3 1 2 43 45 2 108 22.09
8 0 2 2 5 10 3 45 51 55 5 136 23.05
9 0 6 5 10 6 3 52 57 59 5 103 27.21
5 0 6 3 1 9 3 48 53 55 8 160 28.48
8 0 7 9 8 8 3 46 52 54 5 122 26.73
3 0 4 9 6 5 3 44 45 55 5 124 34.97
3 0 3 2 7 2 3 44 46 47 8 139 26.33
9 0 4 9 10 1 3 48 50 57 11 150 21.03
5 0 1 3 5 1 3 47 49 58 13 99 34.52
7 0 2 7 2 6 3 49 51 58 13 104 35.31
2 1 0 0 0 0 3 50 53 54 18 147 32.44
7 1 0 0 0 0 2 51 54 20 132 27.72
10 1 0 0 0 0 2 50 53 20 150 22.16
2 1 0 0 0 0 1 61 30 118 22.04
2 0 4 2 1 7 1 60 27 103 28.24
8 1 0 0 0 0 2 56 62 14 147 33.35
7 0 2 2 8 6 2 57 59 30 145 33.57
8 0 8 4 6 6 2 59 61 27 166 24.53
6 1 0 0 0 0 2 58 62 13 153 20.39
6 0 1 1 9 10 1 60 22 139 32.34
10 0 7 7 6 2 1 62 37 167 20.86
5 0 3 4 4 7 1 61 20 142 26.72
1 0 1 1 2 4 1 60 37 136 20.28
9 0 7 1 9 4 1 63 38 156 24.31
3 0 9 4 5 10 1 63 35 178 25.09
2 0 2 7 3 9 1 63 47 127 20.88
1 0 0 0 0 0 0 49 144 22.79
1 0 0 0 0 0 3 65 66 67 0 139 32.93
4 0 0 5 3 0 3 72 78 87 1 146 23.41
10 0 0 6 0 10 3 68 85 86 1 117 22.09
1 0 0 0 10 8 2 69 75 1 101 25.38
5 0 1 3 0 0 3 71 77 93 11 92 27.97
4 0 0 9 9 0 2 70 73 2 128 32.58
3 0 6 2 0 6 3 72 83 85 6 87 19.61
9 0 4 1 0 0 3 73 74 76 16 163 21.43
8 0 4 6 0 0 1 77 9 93 35.92
1 0 4 0 0 3 2 84 92 25 167 34.39
9 1 0 0 0 0 1 89 25 151 23.89
4 0 4 1 0 10 2 76 80 2 160 23.96
8 1 0 0 0 0 3 81 84 87 25 143 23.18
8 0 0 0 5 8 1 81 17 170 23.2
10 0 7 0 0 10 3 79 80 82 5 102 31.94
5 0 0 10 0 0 2 81 88 15 160 23.32
8 0 10 0 0 0 2 88 90 15 141 33.32
4 1 0 0 0 0 1 91 33 158 22.07
1 0 0 0 0 8 2 86 91 15 164 30.7
3 0 2 0 0 0 1 89 9 144 31.9
2 1 0 0 0 0 1 94 33 116 22.49
8 0 3 5 0 0 3 87 89 93 11 155 32.58
7 0 0 10 0 0 3 88 90 93 16 144 36.09
7 0 3 0 7 3 1 90 33 149 27.32
4 0 9 1 2 0 1 94 23 139 32.66
7 0 9 0 0 1 1 94 34 169 36.24
4 0 0 6 10 6 1 92 40 169 32.03
10 0 0 10 4 0 1 92 37 177 22.52
10 0 0 3 0 0 1 95 47 197 21.7
9 1 0 0 0 0 1 95 23 167 18.8
8 0 6 9 0 0 1 95 41 190 23.06
1 0 0 0 0 0 0 57 157 28.09
1 0 0 0 0 0 3 97 98 99 0 153 36.03
4 0 9 1 3 8 2 100 112 1 152 20.41
4 0 10 4 5 10 3 101 107 112 1 122 34.47
1 0 8 9 9 10 3 104 108 112 1 146 20.0
3 0 1 2 9 8 3 102 109 111 5 138 28.02
5 0 2 2 8 5 3 103 105 106 5 118 28.82
3 0 1 1 4 5 3 104 106 119 8 91 33.55
1 0 4 10 9 4 3 108 113 115 10 99 21.06
5 0 8 10 4 4 3 113 118 120 11 94 33.14
3 0 2 2 3 9 3 109 111 116 10 139 23.51
1 0 2 3 6 4 2 108 120 11 161 28.28
8 1 0 0 0 0 3 110 114 118 5 159 18.69
6 0 9 8 1 1 3 110 123 126 12 110 32.82
5 0 2 1 7 8 3 110 114 117 13 118 30.29
8 0 2 3 10 4 2 124 125 18 158 21.77
3 0 5 8 3 2 2 115 122 13 141 25.23
5 0 7 5 3 6 3 113 115 118 5 91 19.76
2 0 9 4 4 6 3 114 116 121 16 152 20.93
10 0 3 4 6 1 1 126 18 148 31.79
9 0 1 10 3 3 2 119 121 16 131 35.83
8 1 0 0 0 0 2 122 126 18 125 19.66
4 0 4 8 8 5 2 119 120 18 151 24.67
10 0 5 9 3 3 1 123 16 131 34.19
2 0 7 7 10 10 1 124 25 109 31.62
5 1 0 0 0 0 2 121 122 22 103 22.2
10 0 4 6 4 5 1 125 27 118 32.72
9 0 6 9 7 4 2 123 125 27 130 19.25
6 0 1 1 10 8 1 124 36 164 23.94
7 0 5 8 3 8 1 127 42 186 19.7
4 0 7 7 1 4 1 127 37 142 19.2
6 0 9 1 5 10 1 127 28 158 24.05
1 0 0 0 0 0 0 49 170 27.87
1 0 0 0 0 0 3 129 130 131 0 114 29.26
10 0 4 6 6 3 3 132 133 135 1 101 36.33
8 0 1 9 0 5 2 137 140 1 146 23.11
4 0 3 5 4 0 2 144 156 1 107 20.09
10 0 1 4 3 2 3 134 138 143 11 153 33.92
7 0 10 0 3 5 1 140 11 135 20.16
1 1 0 0 0 0 2 136 139 21 126 25.98
3 0 2 2 0 0 2 145 149 11 99 34.58
2 0 9 0 0 3 2 148 152 22 106 21.57
5 0 4 1 9 5 2 146 150 9 100 24.57
6 0 1 3 7 4 1 141 21 107 30.93
9 1 0 0 0 0 1 153 22 152 32.54
7 0 7 0 4 0 1 148 18 163 26.23
5 1 0 0 0 0 2 142 155 27 170 26.77
3 1 0 0 0 0 2 145 150 32 142 32.18
3 1 0 0 0 0 1 145 21 110 32.5
4 0 6 10 8 0 1 150 5 139 20.28
5 0 2 8 2 8 1 154 35 165 18.47
10 0 1 0 0 3 2 147 157 14 113 23.62
9 0 10 8 0 4 1 156 24 144 18.86
3 1 0 0 0 0 1 151 25 162 20.76
1 0 4 5 2 0 3 153 154 158 14 134 29.35
6 0 2 4 7 0 1 154 35 179 18.67
1 1 0 0 0 0 1 156 28 159 33.83
5 1 0 0 0 0 1 158 24 104 23.07
1 1 0 0 0 0 1 157 31 181 22.43
3 0 10 0 9 1 1 157 41 143 30.99
7 0 5 5 7 3 1 158 32 186 23.84
9 0 6 4 0 3 1 159 33 163 36.09
10 0 3 7 10 0 1 159 44 151 32.01
2 0 9 10 7 8 1 159 39 126 24.58
1 0 0 0 0 0 0 54 127 20.83
1 0 0 0 0 0 3 161 162 163 0 151 32.25
9 0 0 9 0 6 1 172 1 113 26.47
3 0 0 6 3 9 2 164 165 1 103 21.61
9 0 0 5 1 10 2 167 171 1 157 24.38
2 0 2 4 0 0 3 166 172 180 4 90 30.73
7 0 0 10 8 6 2 177 179 4 103 28.27
10 0 4 6 9 9 3 168 174 176 6 105 32.16
7 0 0 4 6 10 3 169 170 183 10 123 35.07
3 0 5 4 0 0 3 169 170 178 16 131 19.36
7 1 0 0 0 0 1 177 19 132 34.23
5 0 1 0 4 10 2 184 189 19 160 35.65
7 0 0 9 9 5 3 172 173 186 10 137 32.37
10 1 0 0 0 0 3 178 189 190 17 109 32.05
9 0 7 3 2 7 1 175 17 101 21.22
2 0 5 7 8 6 2 178 183 16 120 28.36
1 1 0 0 0 0 2 180 185 26 129 27.02
7 0 8 0 8 2 2 177 179 16 141 21.48
5 0 0 1 2 8 2 184 185 26 144 30.94
3 1 0 0 0 0 1 188 27 161 25.81
7 0 4 1 0 0 2 181 184 23 175 20.45
4 0 2 5 0 0 2 187 188 27 121 34.08
3 1 0 0 0 0 1 182 30 168 30.84
2 1 0 0 0 0 1 183 33 182 23.94
10 0 2 10 3 0 1 186 35 143 33.89
7 0 4 6 1 9 3 186 187 188 31 147 30.42
10 0 8 0 4 0 2 187 189 31 169 32.85
5 0 3 4 10 3 1 190 45 179 26.29
5 0 8 10 1 1 1 190 41 134 30.16
5 0 2 2 9 1 1 191 38 150 28.48
3 0 5 0 7 6 1 191 41 170 23.75
10 0 7 6 7 5 1 191 50 137 21.71
1 0 0 0 0 0 0 60 189 29.21
1 0 0 0 0 0 3 193 194 195 0 102 31.64
3 0 7 8 10 4 3 196 203 211 1 111 27.42
4 0 6 5 3 1 3 196 198 200 1 112 21.39
5 0 4 10 10 10 3 197 206 210 1 96 36.13
8 0 8 2 8 1 3 199 202 204 5 91 30.96
1 0 1 1 6 10 3 203 205 207 6 159 23.99
5 0 8 4 5 7 3 215 216 222 5 124 19.6
4 0 4 5 9 3 3 201 208 218 13 133 23.43
8 0 2 3 8 1 3 203 205 214 5 99 32.66
10 0 3 9 4 7 3 205 209 210 17 158 20.24
4 0 1 7 2 9 2 206 212 13 169 31.62
3 0 7 5 4 9 3 204 208 217 13 157 23.76
10 0 6 5 6 5 3 213 219 220 16 109 22.17
6 1 0 0 0 0 1 212 27 143 27.78
6 0 1 7 4 10 3 209 214 217 17 119 26.08
10 0 7 5 5 4 3 208 211 212 7 145 30.42
9 1 0 0 0 0 3 209 215 220 17 153 18.97
8 0 8 2 1 6 1 216 27 125 28.98
6 0 5 5 7 3 2 213 215 27 162 22.35
1 0 7 5 8 4 3 214 217 219 17 153 20.96
9 0 7 10 1 6 3 213 219 220 33 189 34.33
5 0 6 7 3 9 1 216 42 172 29.45
4 1 0 0 0 0 1 218 23 158 31.38
3 0 6 9 7 2 1 221 33 144 32.16
6 0 2 3 1 4 1 221 47 165 36.23
10 1 0 0 0 0 2 218 221 23 141 23.91
9 0 4 3 4 2 1 222 33 160 18.72
6 0 8 9 7 9 1 222 42 161 22.51
9 0 9 7 10 3 1 223 42 143 19.14
5 0 2 9 8 1 1 223 53 145 20.86
10 0 5 2 7 9 1 223 48 139 35.17
1 0 0 0 0 0 0 58 172 20.78
1 0 0 0 0 0 3 225 226 227 0 152 25.06
3 0 0 0 7 0 3 230 231 241 1 82 30.08
8 0 2 0 0 0 1 239 1 99 23.74
5 0 0 0 0 9 3 228 232 240 1 156 35.07
7 0 4 0 0 0 3 229 235 242 6 116 29.47
1 0 0 0 8 0 2 234 252 13 101 23.4
8 0 0 0 9 0 3 233 237 251 4 155 19.48
10 0 0 0 0 7 3 234 236 245 4 153 29.88
2 0 0 1 0 0 2 238 241 6 144 20.1
8 0 1 0 0 0 1 243 12 158 18.9
10 0 0 0 0 7 1 247 14 137 25.72
5 0 0 1 0 0 1 249 13 118 33.26
1 0 2 0 0 0 1 249 14 101 34.37
4 0 0 5 0 0 1 254 12 120 33.15
1 0 0 0 0 1 1 249 8 129 32.53
7 0 0 2 0 0 3 242 246 253 9 129 20.01
6 0 0 0 3 0 1 245 6 124 25.51
10 0 10 0 0 0 2 244 248 8 111 30.82
4 0 0 0 0 6 1 252 16 102 30.91
10 1 0 0 0 0 1 250 20 168 35.41
9 1 0 0 0 0 1 250 18 146 30.63
6 1 0 0 0 0 1 254 14 145 20.93
5 1 0 0 0 0 1 247 16 103 24.5
3 1 0 0 0 0 1 254 24 114 23.29
2 0 0 0 0 4 1 251 18 132 36.3
4 1 0 0 0 0 1 252 18 161 29.54
7 0 0 0 3 0 1 253 30 121 34.98
9 0 6 0 0 0 1 253 20 160 22.36
10 0 10 0 0 0 1 255 22 127 33.13
10 0 4 0 0 0 1 255 37 184 31.03
6 0 0 1 0 0 1 255 27 114 22.91
1 0 0 0 0 0 0 47 133 22.07
1 0 0 0 0 0 3 257 258 259 0 101 25.54
2 0 9 8 3 9 3 260 266 270 1 92 35.76
3 0 1 3 3 10 3 261 264 270 1 114 29.31
3 0 10 6 7 9 3 260 263 269 1 152 35.06
5 0 6 6 9 9 3 272 274 276 4 157 29.98
6 0 4 1 7 1 3 262 266 274 4 87 24.04
2 0 2 7 4 7 3 265 268 273 10 161 19.71
8 0 4 10 8 8 3 264 267 272 4 151 19.74
1 0 6 7 10 9 3 268 274 278 12 112 23.04
10 1 0 0 0 0 3 269 277 282 12 120 28.59
1 0 9 4 4 4 3 267 269 272 10 125 21.03
8 0 3 8 5 5 3 268 271 273 12 165 24.39
8 1 0 0 0 0 2 276 280 20 127 27.59
9 0 7 3 3 7 1 286 22 151 35.03
9 0 9 4 8 10 2 277 278 4 89 21.32
8 0 9 9 10 5 3 275 278 279 20 136 26.91
9 0 5 2 9 3 2 279 286 12 136 30.61
5 0 5 5 9 6 3 275 284 285 20 150 30.25
4 1 0 0 0 0 2 279 281 13 119 28.37
7 0 5 4 10 2 1 276 28 130 32.05
5 0 1 6 4 5 2 277 282 35 141 32.87
6 0 1 1 7 9 1 281 40 161 32.3
7 0 1 1 5 10 2 280 282 28 163 29.45
1 0 7 2 5 3 2 284 285 28 162 29.03
2 0 9 2 9 1 3 281 284 285 35 147 31.24
1 0 4 6 2 9 1 283 46 159 24.38
8 0 5 5 1 3 1 283 40 180 34.38
3 0 4 4 4 3 1 286 48 133 24.71
8 0 5 1 3 8 1 287 37 168 36.29
3 0 6 2 5 2 1 287 37 157 23.94
8 0 1 10 3 3 1 287 51 143 18.95
1 0 0 0 0 0 0 59 164 34.76
1 0 0 0 0 0 3 289 290 291 0 94 20.94
7 0 4 1 10 1 3 296 305 308 1 110 28.18
4 0 5 3 5 5 3 294 295 297 1 146 31.59
1 0 3 9 5 5 3 292 293 312 1 116 21.15
3 0 1 9 10 1 3 296 298 299 2 157 25.63
6 0 3 5 3 1 2 299 301 2 112 25.61
8 0 2 2 5 10 3 301 307 311 5 96 30.63
9 0 6 5 10 6 3 308 313 315 5 150 18.26
5 0 6 3 1 9 3 304 309 311 8 163 31.09
8 0 7 9 8 8 3 302 308 310 5 128 34.29
3 0 4 9 6 5 3 300 301 311 5 86 21.45
3 0 3 2 7 2 3 300 302 303 8 91 29.25
9 0 4 9 10 1 3 304 306 313 11 156 35.76
5 0 1 3 5 1 3 303 305 314 13 158 29.9
7 0 2 7 2 6 3 305 307 314 13 120 36.31
2 1 0 0 0 0 3 306 309 310 18 154 33.71
7 1 0 0 0 0 2 307 310 20 158 21.99
10 1 0 0 0 0 2 306 309 20 139 34.69
2 1 0 0 0 0 1 317 30 122 27.52
2 1 0 0 0 0 1 316 27 146 20.61
8 0 9 10 8 10 2 312 318 14 145 34.8
7 0 2 2 8 6 2 313 315 30 132 18.31
8 0 8 4 6 6 2 315 317 27 111 29.48
6 1 0 0 0 0 2 314 318 13 106 34.35
6 0 1 1 9 10 1 316 22 110 25.36
10 0 7 7 6 2 1 318 37 125 30.65
5 0 3 4 4 7 1 317 20 128 31.99
1 0 1 1 2 4 1 316 37 177 32.84
9 0 7 1 9 4 1 319 38 126 25.49
3 0 9 4 5 10 1 319 35 175 26.39
2 0 2 7 3 9 1 319 47 182 22.48
1 0 0 0 0 0 0 49 137 30.79
1 0 0 0 0 0 3 321 322 323 0 126 33.81
7 0 6 0 0 0 3 325 327 328 1 137 24.01
10 0 0 8 0 0 3 326 330 337 1 163 31.1
2 0 4 0 0 0 3 324 326 327 1 144 33.9
3 0 5 0 0 0 3 340 341 343 3 98 20.74
2 0 6 0 0 0 2 326 329 8 108 30.87
1 0 0 0 0 10 2 331 333 11 159 26.15
3 0 0 9 0 0 3 332 334 339 8 150 35.96
5 0 9 0 0 0 3 329 331 333 8 119 26.06
10 0 0 0 1 0 3 334 335 339 13 170 28.77
9 0 0 0 0 3 2 333 343 11 167 35.82
9 0 0 5 0 0 3 335 340 344 13 107 34.34
3 0 0 0 2 0 3 336 338 340 11 152 24.24
5 0 0 0 0 10 2 348 349 20 153 27.83
1 1 0 0 0 0 1 336 23 118 30.79
6 0 6 0 0 0 2 338 347 23 178 22.47
6 1 0 0 0 0 3 337 343 347 24 157 29.01
9 0 0 0 0 9 3 341 342 344 30 113 33.19
5 1 0 0 0 0 2 342 346 29 154 22.11
2 1 0 0 0 0 3 341 345 349 23 159 30.18
9 0 0 5 0 0 3 342 345 347 22 177 21.95
3 0 1 0 0 0 2 346 350 39 172 19.46
5 0 0 0 4 0 1 349 39 176 29.06
8 1 0 0 0 0 2 344 345 30 176 21.23
2 0 0 0 6 0 1 348 39 135 29.69
3 0 9 0 0 0 2 346 350 38 135 34.16
10 0 0 0 10 0 1 348 42 154 24.46
2 1 0 0 0 0 1 350 31 180 24.46
8 0 0 0 0 5 1 351 52 145 24.65
1 0 0 0 3 0 1 351 44 145 19.84
9 0 0 0 0 6 1 351 42 154 20.8
1 0 0 0 0 0 0 60 157 19.71
1 0 0 0 0 0 3 353 354 355 0 143 31.78
10 0 10 7 8 10 3 359 363 370 1 124 21.15
3 0 1 5 2 10 3 356 357 358 1 124 19.41
7 0 3 3 4 10 1 365 1 149 19.92
2 0 6 9 4 9 2 362 380 4 143 27.65
5 0 3 4 7 5 3 371 379 381 4 110 28.05
6 0 10 9 3 8 2 360 367 4 151 35.32
7 0 7 2 3 10 2 361 374 11 167 26.77
1 0 8 6 10 3 1 368 10 124 34.29
3 1 0 0 0 0 1 368 18 134 31.21
4 0 10 9 10 4 1 373 6 107 27.86
8 0 1 7 5 6 2 364 366 11 145 22.73
4 0 4 4 5 9 3 368 377 379 19 140 30.2
6 0 9 4 2 7 1 371 8 134 28.73
1 1 0 0 0 0 2 371 377 19 138 30.51
3 0 7 9 4 7 1 381 10 127 18.86
1 1 0 0 0 0 2 369 378 23 123 23.17
2 1 0 0 0 0 1 372 24 111 30.55
4 1 0 0 0 0 1 380 11 132 27.19
4 1 0 0 0 0 1 373 20 147 36.19
2 1 0 0 0 0 1 375 26 151 26.65
4 1 0 0 0 0 1 382 24 149 35.21
4 0 2 4 1 6 1 378 18 171 22.14
1 1 0 0 0 0 1 376 28 146 21.14
10 0 8 10 4 9 1 380 29 115 28.89
4 1 0 0 0 0 2 378 381 23 104 29.66
10 0 3 6 8 5 1 382 27 157 33.55
7 1 0 0 0 0 1 382 23 141 30.93
10 0 9 9 3 5 1 383 39 163 29.26
2 0 8 5 5 8 1 383 27 163 33.11
2 0 8 6 8 8 1 383 37 143 20.88
1 0 0 0 0 0 0 49 161 26.36
1 0 0 0 0 0 3 385 386 387 0 119 29.84
2 0 6 8 6 9 3 388 390 391 1 98 30.02
4 0 9 9 10 8 3 397 398 404 1 85 31.39
3 0 9 4 8 8 3 396 398 408 1 117 24.71
9 0 6 7 3 8 3 389 394 400 3 136 24.15
6 0 4 5 7 8 3 395 396 403 12 156 20.61
6 0 1 8 1 2 3 392 394 398 3 121 32.01
3 0 5 8 2 9 3 392 393 400 3 129 29.84
5 0 2 8 7 5 2 405 408 9 126 35.21
10 0 8 9 10 4 1 399 6 135 35.64
6 0 5 10 4 5 3 395 406 408 12 161 33.37
4 1 0 0 0 0 2 401 411 18 170 32.51
4 0 1 6 1 9 2 399 402 18 150 33.94
1 0 3 3 4 2 3 401 403 405 5 87 32.57
2 0 4 2 9 1 3 402 403 405 9 113 19.25
9 0 3 10 8 4 3 404 406 414 22 133 30.84
5 1 0 0 0 0 3 402 404 412 12 134 32.41
3 0 10 6 1 6 2 407 410 22 163 29.02
8 0 1 8 3 6 3 409 410 413 22 145 28.21
8 1 0 0 0 0 2 406 407 18 111 27.94
7 0 2 5 5 10 1 413 31 179 31.51
9 0 9 9 9 9 2 407 410 14 101 22.6
4 0 1 9 4 1 1 411 31 181 21.09
5 0 9 1 5 7 2 409 412 26 172 24.18
2 0 2 3 6 10 3 409 411 412 18 129 35.96
1 0 4 9 2 1 1 414 31 175 29.0
6 0 6 4 4 2 1 414 30 153 31.8
9 0 3 5 1 2 1 413 35 128 19.33
2 0 3 8 10 8 1 415 31 164 30.77
2 0 1 2 1 1 1 415 44 150 22.02
6 0 2 7 9 2 1 415 36 173 20.94
1 0 0 0 0 0 0 46 126 20.03
1 0 0 0 0 0 3 417 418 419 0 117 25.4
7 0 2 2 6 2 1 430 1 124 22.54
3 0 10 2 5 9 3 421 423 425 1 93 25.95
5 0 3 4 4 8 1 420 1 149 28.72
4 0 10 5 7 7 2 422 440 6 97 29.99
3 0 5 5 8 8 3 424 428 434 4 144 22.24
4 0 2 1 8 9 1 426 10 113 26.77
1 0 6 3 6 10 2 429 438 4 108 19.03
2 0 10 10 10 6 2 427 446 7 125 30.92
4 0 6 5 6 8 3 431 435 441 4 127 22.4
7 1 0 0 0 0 1 442 14 168 33.73
1 0 9 7 1 5 2 432 437 9 117 34.22
5 0 1 4 2 3 1 431 7 140 19.08
7 0 9 9 6 10 2 433 435 5 143 26.11
3 0 8 5 1 2 3 436 438 444 8 112 26.74
4 1 0 0 0 0 2 437 443 12 127 27.6
9 1 0 0 0 0 1 440 10 169 32.88
5 0 10 3 4 8 2 439 445 12 133 23.16
6 0 4 7 3 8 1 436 7 98 34.69
5 1 0 0 0 0 1 437 12 93 20.43
10 0 3 4 1 6 1 445 13 126 24.32
6 0 8 6 3 7 1 440 17 132 31.66
7 0 3 1 5 8 1 445 11 112 22.13
5 0 5 9 1 2 1 443 17 123 32.23
3 0 8 3 1 5 1 444 23 136 32.59
1 0 7 3 5 4 1 446 8 101 18.26
6 0 3 4 3 10 1 443 21 135 18.25
3 0 10 7 3 4 1 444 27 137 20.63
5 0 6 10 1 10 1 447 30 111 19.23
6 0 1 8 5 9 1 447 23 115 27.47
6 0 5 8 6 3 1 447 9 159 26.32
1 0 0 0 0 0 0 35 126 20.25
125.9 121.06 120.34 125.94 129.5 126.7 157.39 208.25 209.79 171.3 139.67 116.94 113.24 106.55 118.11 135.02 173.29 225.32 271.52 216.5 179.08 151.4 131.21 122.95 134.75 126.4 127.5 114.54 110.45 108.19 135.32 186.2 193.8 141.92 117.27 98.81 79.06 84.62 98.35 104.87 190.7 189.76 176.77 165.0 142.03 141.9 119.58 103.61 94.31 93.84 96.91 95.24 102.66 141.4 155.0 180.26 166.37 128.76 109.88 92.9 90.14 91.8 92.23 107.41 147.49 161.25 159.24 160.76 141.4 109.61 103.4 91.8 114.41 118.13 130.0 113.87 113.59 130.0 148.54 140.0 129.45 114.24 104.15 94.18 97.41 93.06 100.4 97.28 114.1 139.8 156.19 150.71 147.34 121.67 118.79 90.0 73.45 70.72 73.03 72.42 81.11 120.0 125.17 165.34 150.72 131.26 104.33 87.37 79.1 77.95 91.97 87.88 165.72 148.62 154.5 152.0 163.87 82.7 82.9 97.94 71.48 71.73 71.92 71.65 72.29 80.0 113.21 123.18 115.0 70.93 58.53 57.76 54.57 56.75 68.09 73.31 82.0 115.0 99.24 95.0 105.0 100.0 75.3 71.54 77.95 67.63 72.42 69.74 72.51 72.53 92.28 102.91 112.52 100.63 85.49 88.98 72.5 72.48 85.6 106.6 127.71 145.54 152.08 135.33 136.61 117.64 130.0 103.81 78.91 105.0 73.83 73.2 73.2 77.5 104.0 181.78 196.24 124.4 182.35 110.0 105.0 82.1 73.13 77.53 83.93 120.0 120.0 119.4 100.33 87.23 94.06 95.42 74.35 89.16 81.26 82.35 86.45 90.09 123.16 146.91 170.88 154.68 141.5 127.78 125.97 127.61 136.49 150.81 158.69 189.96 216.32 174.62 149.42 137.98 127.44 109.8 123.78 121.07 117.85 117.07 117.62 115.58 144.3 175.0 177.8 159.79 143.14 130.76 120.54 120.65 126.59 130.93 141.79 156.15 162.62 155.0 136.33 107.16 117.43 109.34 97.31 103.81 101.94 100.5 100.94 105.09 126.64 155.0 156.28 140.42 129.19 103.97 103.06 115.06 117.36 133.27 155.0 168.49 171.94 161.29 148.41 136.82 123.12 114.89 114.33 110.54 109.38 107.0 112.32 111.63 132.78 148.2 161.92 146.35 128.5 116.72 109.73 109.04 111.82 125.87 131.65 147.66 151.31 149.37 135.47 128.58 125.88 118.52 128.39 120.52 117.16 112.5 110.0 114.77 120.42 136.23 139.21 138.43 126.03 113.04 102.8 98.25 101.07 111.95 122.91 137.13 148.67 142.21 133.83 127.36 123.65 119.92 123.5 105.19 98.19 90.69 90.74 89.89 88.78 97.19 101.45 89.0 68.3 49.0 27.5 9.16 20.7 57.89 74.34 122.38 140.0 142.71 128.21 114.09 119.82 114.45 119.13 111.96 110.07 105.47 108.85 121.02 139.61 163.0 147.64 107.97 85.5 62.58 21.68 50.54 72.41 86.29 104.29 144.34 170.0 173.67 147.64 119.96 118.77 117.53 130.55 114.53 108.49 109.3 95.71 100.37 133.31 167.75 141.95 115.85 97.28 24.87 36.75 29.72 70.91 79.13 101.38 142.36 169.41 156.59 125.55 104.29 107.28 100.01 78.64 76.16 91.23 86.02 71.84 81.25 108.18 155.0 107.19 73.19 17.91 10.31 5.42 0.78 5.04 68.05 87.86 129.89 135.0 139.41 114.96 98.02 104.22 90.64 78.59 79.99 85.01 85.01 91.77 87.0 135.0 152.32 108.5 80.01 59.91 5.02 0.7 0.32 13.16 72.12 118.8 145.0 153.93 136.74 117.64 101.77 94.57 84.76 87.42 88.14 90.97 91.69 100.57 117.57 146.26 149.54 123.13 83.13 65.48 31.81 12.79 8.03 37.6 92.58 130.5 159.26 216.63 180.77 150.79 135.56 121.41 113.04 125.69 115.29 119.78 118.39 120.23 122.85 129.31 121.4 98.04 72.54 18.05 2.14 0.12 -0.05 0.07 57.7 104.01 149.25 176.09 136.59 111.41 101.02 95.6 97.78 95.38 96.06 96.13 99.31 101.65 104.63 103.48 94.89 66.39 29.27 10.1 0.85 -0.91 -1.25 0.39 17.39 92.3 128.3 135.73 135.49 128.82 121.74 113.06 107.14 97.27 95.59 96.7 96.87 95.85 107.83 149.64 159.75 133.83 98.92 82.86 76.9 76.02 77.32 84.34 98.64 129.32 147.74 176.19 160.0 141.99 127.36 107.24 98.25 105.01 102.47 100.09 101.02 103.45 111.75 146.9 151.76 146.05 127.22 102.0 97.75 96.84 99.04 103.19 113.96 135.39 169.2 201.75 180.05 149.11 133.5 121.9 107.34 101.86 100.33 97.93 97.38 102.47 111.47 142.89 159.18 147.42 125.0 101.42 99.6 98.06 99.65 101.62 118.14 140.0 154.74 194.78 179.35 148.15 132.2 120.0 109.91 108.13 99.46 93.88 92.48 96.34 105.97 133.09 160.65 160.0 150.0 126.4 113.26 111.86 108.18 109.09 110.18 121.78 142.65 166.05 173.47 149.0 135.69 118.45 108.91 109.09 106.0 105.9 103.83 105.3 114.06 143.14 155.32 156.96 133.7 113.62 108.36 106.01 106.01 108.1 109.92 125.85 145.35 154.7 151.13 130.01 111.39 114.0 105.17 112.15 103.14 96.0 89.9 86.9 90.55 97.01 99.42 99.53 87.37 71.14 60.17 57.02 48.0 54.51 71.59 84.65 128.13 139.58 132.96 121.46 108.5 105.02 95.25 90.01 85.79 79.62 78.18 78.6 80.51 85.14 82.07 77.95 77.14 36.86 17.75 9.61 7.22 13.62 31.0 71.48 118.11 131.69 140.0 125.79 108.29 101.41 80.97 80.37 80.95 79.75 80.91 85.85 103.3 135.18 152.87 135.96 107.38 90.62 87.9 64.65 36.35 50.21 70.56 100.22 146.43 176.5 170.0 141.5 119.19 108.11 93.5 92.2 89.99 92.64 89.77 96.35 112.01 140.16 136.68 106.52 74.26 32.93 2.24 3.38 4.28 8.44 63.68 98.36 143.47 171.92 167.11 143.45 123.77 117.17 103.62 108.77 105.01 103.52 102.61 107.33 124.46 160.27 148.08 108.95 45.9 34.23 2.48 1.42 2.18 5.6 66.88 112.16 156.99 250.73 220.41 176.68 141.18 126.84 112.23 119.77 104.88 101.26 102.34 106.05 122.29 148.32 142.04 100.27 79.23 38.56 3.42 0.43 0.65 16.83 80.13 121.72 157.59 278.23 250.3 161.79 138.78 128.17 120.61 127.07 117.53 114.42 108.26 112.54 131.38 162.72 148.8 111.39 74.75
