448 5
1 35 38 39 44
1 0 0 0 0 0 3 1 2 3 0 142 18.75
4 0 0 0 0 5 3 5 12 23 1 100 9.81
4 0 0 0 4 0 3 4 6 11 1 152 12.18
1 0 0 0 0 4 1 8 1 106 15.3
2 0 9 0 0 0 3 7 14 24 5 123 9.64
4 0 0 0 0 7 2 9 25 5 123 15.97
1 0 0 0 0 2 2 10 23 5 143 11.57
7 0 0 0 0 4 1 17 7 139 14.97
9 0 9 0 0 0 1 13 2 115 19.09
6 0 8 0 0 0 1 19 9 124 12.32
2 0 0 7 0 0 1 14 6 114 10.21
3 0 4 0 0 0 2 27 30 5 149 16.49
9 0 0 0 0 9 2 15 16 5 158 13.55
3 0 0 1 0 0 1 22 11 147 15.9
4 0 0 0 0 7 2 16 27 8 99 17.8
5 0 0 6 0 0 3 17 24 28 14 143 11.87
5 0 0 0 8 0 1 29 14 115 10.71
7 1 0 0 0 0 3 18 20 27 19 172 12.54
9 0 4 0 0 0 1 25 26 149 10.62
2 1 0 0 0 0 1 21 15 116 11.65
10 0 6 0 0 0 1 29 26 160 10.01
3 0 3 0 0 0 1 22 17 118 15.26
2 0 0 8 0 0 1 26 20 138 14.28
7 0 0 0 0 5 1 25 6 149 16.64
10 1 0 0 0 0 1 26 19 150 17.11
8 0 0 9 0 0 1 26 35 146 17.41
3 0 0 0 5 0 1 30 43 129 11.33
9 0 0 0 2 0 1 29 26 156 15.47
4 1 0 0 0 0 1 31 19 117 16.27
1 0 0 0 0 2 1 31 36 141 10.36
2 0 0 0 0 3 1 31 46 154 10.16
1 0 0 0 0 0 0 48 206 10.52
1 0 0 0 0 0 3 33 34 35 0 119 11.61
9 0 6 1 8 6 3 36 40 42 1 169 14.9
1 0 0 9 5 0 3 39 46 53 1 131 10.67
3 0 7 0 0 1 3 44 48 53 1 115 17.01
7 0 2 0 7 8 3 37 41 50 10 138 18.66
4 0 2 9 8 9 3 38 44 49 17 125 12.1
9 0 6 5 9 0 3 43 45 56 21 191 14.53
3 0 9 0 3 2 3 41 49 50 2 118 10.37
6 0 3 0 0 0 3 44 46 57 10 100 11.33
1 0 3 5 2 8 3 52 54 55 17 108 19.21
4 0 0 6 4 10 3 51 55 56 10 137 14.07
6 1 0 0 0 0 3 47 54 58 30 131 9.8
5 0 6 5 3 2 3 47 61 62 21 167 12.16
7 1 0 0 0 0 3 47 48 53 30 184 13.14
4 0 6 9 0 8 2 48 50 16 179 18.65
1 0 0 6 8 10 1 51 37 179 10.01
9 0 1 2 0 1 2 51 59 37 197 15.52
7 0 7 4 7 10 2 56 58 21 170 9.87
4 0 0 10 0 9 2 52 58 20 127 14.92
1 0 0 5 1 8 1 52 46 192 14.69
10 0 7 0 2 3 1 60 47 139 19.01
8 0 1 9 3 10 2 54 55 37 192 11.11
7 0 5 9 6 10 2 57 59 45 208 17.64
2 0 4 10 0 5 1 61 45 152 16.0
5 0 0 3 0 4 1 57 30 177 16.09
4 0 4 0 5 3 2 60 62 52 196 10.44
8 1 0 0 0 0 3 59 60 61 36 206 13.85
8 0 0 8 7 8 1 62 52 188 18.28
5 0 4 6 8 0 1 63 57 190 11.05
1 0 0 4 9 1 1 63 47 130 15.64
6 0 4 9 0 3 1 63 60 191 9.82
1 0 0 0 0 0 0 66 186 13.81
1 0 0 0 0 0 3 65 66 67 0 107 11.89
7 0 0 9 7 3 3 68 69 70 1 124 9.93
8 0 4 0 8 0 3 72 74 75 1 164 15.1
9 0 9 6 6 8 2 73 90 1 97 14.5
2 0 1 6 3 0 3 71 76 82 8 110 14.71
9 0 0 3 3 10 2 76 88 8 132 14.09
6 0 0 0 3 3 2 78 79 8 165 9.71
6 0 2 3 7 3 2 81 83 10 180 15.84
6 1 0 0 0 0 1 86 9 129 17.24
5 0 8 0 8 7 3 79 80 84 10 148 12.78
3 1 0 0 0 0 3 80 87 92 9 140 10.74
7 0 0 5 0 3 2 89 91 9 162 14.61
9 1 0 0 0 0 3 77 78 81 17 141 15.24
9 0 3 6 1 6 3 79 90 94 26 165 18.21
10 0 0 0 8 8 1 94 26 146 15.29
1 0 5 0 7 9 1 86 35 120 15.71
3 1 0 0 0 0 1 81 15 125 10.89
3 0 2 1 4 10 1 93 26 185 19.19
1 0 0 5 6 0 3 83 84 88 10 164 13.86
10 0 5 8 0 7 1 85 16 191 17.54
5 0 6 6 5 1 3 86 91 94 15 186 15.41
8 1 0 0 0 0 2 89 91 26 167 10.21
6 0 0 9 10 10 2 92 93 36 180 18.6
7 1 0 0 0 0 1 88 12 171 12.89
10 0 0 3 1 7 1 89 19 170 14.76
3 0 0 10 6 5 1 90 34 166 18.82
3 0 5 5 7 2 1 93 37 200 17.63
2 0 10 4 6 3 1 92 34 172 18.56
2 0 2 0 5 0 1 95 42 164 10.11
1 0 4 4 1 1 1 95 42 178 18.86
9 0 0 9 1 10 1 95 36 130 14.02
1 0 0 0 0 0 0 45 159 17.64
1 0 0 0 0 0 3 97 98 99 0 133 12.73
10 0 7 9 0 10 3 101 104 108 1 144 17.48
5 0 0 1 8 0 2 100 103 1 110 11.25
7 0 8 5 7 1 2 105 111 1 175 13.1
5 0 1 8 0 0 3 102 110 119 6 176 16.58
4 1 0 0 0 0 1 124 11 167 10.59
6 1 0 0 0 0 3 107 114 122 11 128 11.39
2 0 10 3 9 5 3 107 109 124 6 156 18.78
2 0 0 0 1 3 3 106 114 115 11 168 11.18
5 0 9 1 4 0 3 106 112 113 8 161 9.81
9 0 0 0 8 7 2 117 122 13 128 14.41
1 1 0 0 0 0 1 111 17 169 18.19
8 0 9 0 6 8 3 113 117 120 11 157 16.98
6 0 5 5 9 0 3 111 114 118 8 169 13.29
10 0 7 0 3 8 1 126 11 184 12.4
9 0 2 10 4 2 2 117 120 18 164 11.76
4 0 0 7 4 8 3 116 121 125 13 152 13.75
8 1 0 0 0 0 1 121 19 171 15.88
4 1 0 0 0 0 1 123 17 158 17.71
1 1 0 0 0 0 3 116 119 120 13 118 15.9
6 0 10 2 2 8 1 118 17 145 17.19
1 0 7 9 9 5 1 123 27 184 11.74
4 0 8 5 1 1 1 122 23 160 12.63
6 1 0 0 0 0 1 121 14 106 17.69
3 0 10 10 0 0 1 123 27 180 12.07
10 0 2 3 1 5 2 124 126 27 147 11.25
6 0 9 0 6 9 1 126 27 192 18.43
5 0 4 0 8 3 1 125 30 193 17.41
5 0 9 7 6 0 1 127 37 160 16.26
1 0 0 1 1 0 1 127 35 182 18.4
3 0 5 2 0 1 1 127 37 136 17.28
1 0 0 0 0 0 0 42 157 16.05
1 0 0 0 0 0 3 129 130 131 0 155 10.42
9 0 1 9 6 10 2 132 133 1 144 13.09
4 0 3 7 0 7 3 139 143 152 1 108 12.5
1 0 6 8 2 1 1 137 1 110 11.7
8 0 7 5 8 2 3 134 135 146 10 107 16.83
4 0 8 4 0 2 2 139 145 10 125 15.67
4 0 6 0 8 9 3 136 140 155 18 125 12.96
3 0 4 0 7 2 1 138 18 113 12.04
9 0 4 4 0 4 3 141 144 147 22 144 15.17
2 0 1 1 3 2 3 146 150 152 2 93 13.19
4 0 0 2 0 10 2 142 151 21 115 18.21
7 0 10 0 9 0 2 144 155 14 128 15.64
2 0 2 2 3 0 1 142 22 131 11.91
5 1 0 0 0 0 1 145 31 165 9.92
8 1 0 0 0 0 2 148 152 25 121 16.84
4 0 4 0 8 9 2 144 151 5 133 15.6
8 1 0 0 0 0 3 148 149 154 31 160 18.7
7 1 0 0 0 0 2 148 151 36 146 10.16
7 0 1 7 10 5 3 149 154 157 18 173 16.01
1 0 4 5 7 6 3 149 150 153 31 137 16.69
4 0 6 8 1 1 1 158 43 202 14.83
4 1 0 0 0 0 1 158 39 197 13.88
4 0 8 7 9 5 1 157 32 120 10.78
8 0 4 0 0 0 2 153 154 43 160 9.88
10 1 0 0 0 0 1 153 33 183 14.89
9 0 10 9 4 0 1 158 51 172 14.08
9 0 5 0 4 9 1 156 51 217 9.72
3 0 10 0 8 8 2 156 157 22 155 14.33
10 0 3 0 0 7 1 159 60 200 16.91
3 1 0 0 0 0 1 159 36 200 12.36
5 0 10 0 0 7 1 159 60 148 16.51
1 0 0 0 0 0 0 70 221 13.78
1 0 0 0 0 0 3 161 162 163 0 105 12.26
8 0 7 10 3 0 3 166 173 176 1 155 10.11
3 0 8 6 1 2 3 164 165 179 1 115 17.71
7 0 9 10 0 9 1 183 1 160 11.12
2 0 10 0 0 8 1 177 4 92 15.08
3 0 1 3 2 0 3 167 178 180 4 172 18.89
6 0 1 10 3 9 1 169 9 150 18.01
7 0 9 0 3 0 2 168 175 7 104 17.6
9 0 2 3 0 0 2 171 183 14 140 15.27
9 0 7 10 5 10 1 170 15 181 9.99
3 0 0 5 3 6 2 172 174 24 139 10.43
1 0 0 4 7 3 1 173 23 114 14.56
2 1 0 0 0 0 2 180 181 27 156 11.2
5 1 0 0 0 0 2 184 190 24 118 15.8
2 1 0 0 0 0 2 185 186 27 148 16.05
5 0 7 3 6 0 1 188 14 178 10.08
9 0 2 3 8 4 1 180 9 134 16.08
3 0 5 9 4 6 1 188 6 175 12.51
2 1 0 0 0 0 1 184 7 114 13.9
3 0 4 2 6 0 1 183 4 165 13.16
3 1 0 0 0 0 1 187 29 175 11.88
8 0 0 5 8 0 1 182 29 191 18.75
9 0 1 7 10 4 3 184 186 190 37 204 11.02
4 0 9 3 0 1 2 185 190 23 131 15.96
7 0 0 8 0 0 1 189 46 148 18.69
3 1 0 0 0 0 1 187 29 123 11.15
9 0 3 1 7 0 1 187 46 146 12.27
9 0 8 7 6 5 1 188 55 154 15.55
4 0 0 2 2 7 1 191 64 184 15.47
5 0 0 9 8 4 1 191 53 164 17.91
2 0 9 9 0 0 1 191 46 154 16.87
1 0 0 0 0 0 0 68 165 12.43
1 0 0 0 0 0 3 193 194 195 0 121 15.97
1 0 0 4 0 0 3 203 205 218 1 117 10.35
3 0 9 0 0 0 3 196 209 210 1 132 12.34
6 0 0 9 0 5 3 198 199 201 1 95 12.25
8 0 1 0 0 2 3 197 198 200 4 163 15.06
1 0 0 1 2 6 3 203 204 207 12 176 12.29
10 0 0 4 8 2 3 212 214 221 12 125 13.27
5 0 0 0 7 2 3 202 209 211 7 109 16.01
10 0 7 10 10 10 3 201 203 211 12 188 12.92
2 0 4 0 0 0 3 212 216 218 22 110 16.92
3 0 4 0 0 1 3 205 206 222 12 115 11.2
3 1 0 0 0 0 3 208 212 213 22 176 16.7
1 0 0 9 0 0 3 211 214 218 13 119 15.22
10 0 0 6 0 0 3 207 210 217 15 142 18.03
3 0 5 0 0 1 3 207 208 210 15 179 16.37
2 0 0 9 9 0 1 215 25 181 12.75
10 1 0 0 0 0 2 215 217 25 143 14.95
1 1 0 0 0 0 1 216 12 157 10.28
6 1 0 0 0 0 2 213 214 25 193 12.75
8 1 0 0 0 0 2 213 216 22 137 12.37
2 1 0 0 0 0 1 219 25 185 13.26
4 0 5 5 0 0 2 219 221 31 132 16.68
9 0 2 0 7 0 1 215 31 202 10.66
2 0 1 0 5 0 1 220 40 161 17.95
4 1 0 0 0 0 2 217 222 30 137 14.12
1 1 0 0 0 0 2 220 221 35 147 18.08
7 1 0 0 0 0 2 219 222 24 137 15.45
10 0 6 8 0 10 1 220 35 193 9.91
9 0 2 0 0 8 1 223 45 167 17.3
4 0 0 0 0 9 1 223 36 174 10.89
6 0 0 0 1 8 1 223 34 192 19.02
1 0 0 0 0 0 0 54 209 15.32
1 0 0 0 0 0 3 225 226 227 0 112 16.49
3 0 9 3 0 1 3 233 235 244 1 159 17.61
10 0 0 0 8 9 3 233 249 250 1 170 11.73
6 0 7 0 0 6 3 228 229 234 1 140 12.56
9 0 3 4 7 7 3 231 239 252 7 155 10.34
7 0 0 3 0 10 3 230 231 232 7 149 18.79
2 0 1 9 4 10 3 237 241 242 14 99 13.83
1 0 4 3 6 1 3 240 243 244 16 142 17.57
6 0 4 1 0 7 3 233 235 244 14 180 10.65
10 0 0 2 0 10 3 236 239 242 20 161 16.63
4 0 0 0 10 7 3 235 237 239 7 124 10.54
3 0 1 4 0 0 3 241 243 245 20 153 12.18
9 1 0 0 0 0 3 237 241 246 30 195 18.18
10 0 1 3 0 5 1 238 39 176 18.13
3 0 6 0 5 4 3 240 247 252 49 136 14.65
10 1 0 0 0 0 1 248 30 154 12.33
6 0 1 5 4 8 1 253 52 153 18.11
6 0 0 5 1 8 1 251 39 204 10.16
1 1 0 0 0 0 3 246 252 254 30 132 14.41
8 0 4 1 9 5 3 247 249 250 23 141 11.3
4 0 0 5 0 7 3 245 247 250 20 173 11.35
7 1 0 0 0 0 3 246 248 249 24 154 10.06
3 0 6 5 9 7 1 253 39 183 11.61
5 0 8 0 4 6 2 248 251 52 165 19.13
3 0 0 9 10 8 1 254 57 155 11.95
10 0 3 1 5 4 1 253 31 150 18.23
6 1 0 0 0 0 1 251 31 177 11.73
1 0 1 2 0 1 1 254 57 163 12.76
10 0 0 3 8 9 1 255 52 166 15.38
5 0 7 1 0 2 1 255 58 142 10.19
6 0 7 3 10 0 1 255 60 198 10.54
1 0 0 0 0 0 0 66 161 17.92
1 0 0 0 0 0 3 257 258 259 0 113 12.39
2 0 5 3 7 2 3 260 268 277 1 120 16.58
10 0 9 3 7 2 2 261 263 1 124 16.66
3 0 3 2 4 7 3 262 266 281 1 110 11.35
5 0 9 7 4 9 2 267 273 3 123 13.2
9 0 6 9 10 10 1 271 11 123 14.59
1 0 4 4 1 2 2 264 272 4 125 15.03
3 0 9 4 1 3 2 265 270 11 173 18.05
3 0 3 3 7 5 1 282 5 174 10.55
10 0 5 10 6 1 1 269 14 152 15.66
5 0 6 5 2 3 2 275 282 4 167 11.9
8 0 7 9 9 8 1 281 8 99 15.72
7 0 7 5 6 5 1 271 3 175 11.41
3 1 0 0 0 0 3 274 276 286 24 157 17.08
9 0 7 10 9 1 1 280 14 171 13.95
10 0 3 9 2 2 2 278 283 20 136 11.75
1 0 5 10 8 8 2 275 280 5 173 10.36
5 1 0 0 0 0 2 281 285 8 165 17.25
7 0 2 6 3 10 1 275 27 149 15.09
9 0 10 6 10 6 1 284 34 167 18.86
10 0 2 5 9 10 1 279 27 168 14.01
3 0 6 5 7 9 2 280 286 3 108 12.61
5 0 1 3 7 5 1 284 30 117 10.97
6 0 2 9 2 5 1 283 37 143 11.64
3 0 6 8 9 7 1 282 23 163 15.11
6 0 5 7 6 1 1 283 16 148 16.53
2 0 10 10 3 2 1 285 26 110 11.14
2 0 2 5 1 4 1 284 43 190 11.38
2 0 4 10 1 8 1 287 45 147 14.79
1 0 9 3 10 10 1 287 28 187 9.83
1 0 7 5 6 9 1 287 27 161 13.43
1 0 0 0 0 0 0 47 156 13.95
1 0 0 0 0 0 3 289 290 291 0 93 13.64
9 0 1 5 1 3 3 295 311 316 1 106 10.48
10 0 7 5 8 7 3 298 299 304 1 141 18.28
7 0 5 4 4 7 3 292 293 297 1 137 14.23
2 0 10 10 10 1 3 296 310 312 8 112 13.79
9 0 4 10 9 5 2 294 305 8 135 16.7
8 0 8 6 6 7 3 301 302 314 17 127 19.2
6 0 6 3 10 2 3 299 300 306 10 101 12.1
4 0 4 3 10 2 2 307 308 10 101 14.25
9 1 0 0 0 0 1 306 8 162 15.58
2 0 1 8 2 9 3 303 305 307 11 155 18.11
10 1 0 0 0 0 2 301 317 16 167 13.43
7 1 0 0 0 0 2 307 308 16 115 13.73
2 0 10 10 9 4 1 312 26 126 15.62
8 1 0 0 0 0 1 309 25 166 12.24
5 1 0 0 0 0 1 318 13 143 10.53
6 0 2 5 8 7 2 314 316 11 184 14.27
7 0 9 7 3 8 3 309 316 317 17 111 15.08
10 0 5 5 3 4 3 308 310 312 17 187 12.11
7 0 3 3 2 10 1 314 23 140 15.97
9 0 8 10 6 8 2 309 313 27 150 18.6
5 0 9 9 5 1 1 315 36 149 13.26
4 0 10 6 4 1 1 318 27 191 15.52
7 0 9 1 6 5 2 313 317 10 161 16.95
3 0 4 3 9 8 1 313 28 170 13.26
2 0 10 5 5 5 1 315 36 160 14.5
7 0 10 7 4 10 1 315 30 153 15.14
2 0 1 9 6 1 1 318 41 146 10.32
9 0 5 8 7 6 1 319 24 146 16.53
6 0 9 3 6 4 1 319 26 128 11.55
8 0 5 3 4 3 1 319 43 157 10.95
1 0 0 0 0 0 0 51 134 10.66
1 0 0 0 0 0 3 321 322 323 0 144 11.65
6 0 7 8 0 0 3 326 328 336 1 111 10.16
5 0 5 0 0 0 1 339 1 168 14.66
9 0 3 0 10 0 1 324 1 113 17.53
1 0 6 0 10 10 3 325 327 344 10 141 13.02
7 0 0 0 10 6 3 329 330 331 11 166 16.84
7 0 8 6 0 4 3 333 335 338 7 148 16.35
3 0 6 0 5 5 1 332 11 127 18.3
3 0 1 2 5 9 2 334 337 7 107 14.38
7 1 0 0 0 0 1 336 18 142 10.89
2 1 0 0 0 0 1 336 18 172 15.89
3 1 0 0 0 0 2 345 350 18 172 18.66
3 1 0 0 0 0 1 333 14 125 14.16
10 1 0 0 0 0 2 343 349 17 175 11.86
3 0 0 0 4 10 1 348 10 98 10.28
4 1 0 0 0 0 3 340 341 347 14 181 18.08
7 1 0 0 0 0 1 342 25 196 13.68
6 0 10 0 2 7 2 338 349 10 131 17.25
2 0 0 0 0 10 1 340 16 117 14.01
2 0 0 5 0 0 1 342 6 144 12.84
10 1 0 0 0 0 1 346 18 156 11.88
7 1 0 0 0 0 1 342 18 154 9.93
1 0 0 0 0 6 2 343 350 32 172 13.12
3 0 3 0 0 2 1 346 33 119 13.71
9 0 1 0 0 4 1 346 11 135 19.06
1 0 9 0 0 0 1 347 21 114 18.26
5 0 0 6 0 3 1 348 36 161 11.12
4 0 0 0 0 7 1 349 22 187 15.94
8 0 10 3 0 0 1 351 41 207 12.2
8 0 0 2 9 8 1 351 27 193 15.88
3 0 8 4 0 0 1 351 33 172 10.86
1 0 0 0 0 0 0 49 158 13.18
1 0 0 0 0 0 3 353 354 355 0 121 17.0
8 0 6 3 8 5 3 356 357 365 1 165 15.37
6 0 8 10 7 4 1 364 1 96 16.28
6 0 7 10 3 2 3 357 358 369 1 122 16.21
8 0 4 8 6 6 3 359 362 370 9 163 15.64
3 0 9 6 7 5 2 367 373 9 179 12.82
9 0 10 9 6 4 3 360 366 378 7 163 14.45
7 0 8 8 4 2 3 363 375 378 17 123 18.13
10 0 6 5 5 10 3 361 368 372 16 134 13.83
9 0 4 10 6 7 1 365 26 142 17.95
9 0 10 10 4 6 2 372 379 17 156 14.7
2 1 0 0 0 0 2 369 377 24 131 11.26
3 0 4 4 3 1 3 368 369 374 7 169 15.27
2 0 10 4 10 6 1 382 35 135 11.62
2 0 2 5 1 9 2 371 382 16 148 18.22
1 0 1 6 8 6 1 371 12 109 14.48
2 0 9 2 7 9 1 380 26 131 12.79
9 0 9 2 8 1 1 376 26 127 18.03
6 1 0 0 0 0 2 376 377 17 167 18.1
7 1 0 0 0 0 2 372 375 18 129 13.51
9 0 6 4 9 7 1 376 26 167 12.82
6 0 1 10 8 10 2 374 382 12 169 11.31
5 0 7 5 3 8 2 375 378 18 118 13.24
4 0 7 6 8 4 2 377 379 25 112 18.37
2 0 5 3 9 3 2 380 381 35 155 16.14
2 0 10 9 7 8 1 381 29 156 10.99
8 0 9 1 3 10 2 379 380 24 137 19.23
6 0 5 1 10 4 1 381 32 198 14.09
7 0 8 9 8 7 1 383 37 169 15.15
3 0 1 10 1 8 1 383 38 174 12.77
3 0 6 8 8 4 1 383 37 144 11.66
1 0 0 0 0 0 0 44 166 17.78
1 0 0 0 0 0 3 385 386 387 0 103 10.67
9 0 10 6 9 4 3 388 394 406 1 171 17.18
6 0 8 8 2 5 3 401 402 408 1 159 15.28
10 0 1 1 3 4 3 389 390 396 1 96 14.84
3 0 3 9 8 8 3 391 393 408 10 99 17.03
1 0 7 3 9 9 2 403 409 11 115 13.54
9 0 6 2 8 6 3 392 393 397 11 134 12.37
6 0 2 8 8 8 1 400 13 131 9.79
5 1 0 0 0 0 2 402 405 20 107 18.67
2 1 0 0 0 0 3 409 411 413 20 123 12.86
6 0 2 2 6 1 2 395 396 10 160 14.03
1 0 10 3 2 10 1 412 16 182 15.66
3 0 10 10 8 6 2 398 403 16 179 12.99
9 1 0 0 0 0 3 399 401 408 20 190 17.31
1 1 0 0 0 0 2 400 404 19 135 15.29
2 0 8 6 4 10 2 405 407 29 150 13.01
10 1 0 0 0 0 1 401 20 155 18.35
4 0 7 10 3 3 2 407 413 30 184 17.39
6 1 0 0 0 0 1 413 25 195 11.97
4 1 0 0 0 0 1 411 19 183 16.88
7 0 1 6 4 4 2 407 410 20 121 19.02
2 1 0 0 0 0 3 406 410 414 31 180 13.41
8 0 8 8 1 1 1 411 33 182 13.06
10 0 9 4 9 9 1 414 34 200 11.2
6 0 3 3 8 4 2 409 410 29 144 16.86
2 1 0 0 0 0 1 414 35 180 9.92
9 0 2 1 4 2 1 412 35 146 13.88
10 0 6 8 1 4 1 412 41 171 10.97
4 0 5 7 3 10 1 415 51 159 14.4
9 0 5 6 6 4 1 415 34 164 18.07
5 0 3 4 2 3 1 415 44 161 10.22
1 0 0 0 0 0 0 55 198 13.38
1 0 0 0 0 0 3 417 418 419 0 141 9.97
9 0 0 4 0 0 3 420 423 424 1 155 17.58
9 0 0 7 0 9 3 425 426 427 1 125 14.05
8 0 0 5 0 0 3 421 422 433 1 107 19.03
1 0 1 0 0 5 3 425 426 431 10 160 14.68
6 0 0 7 0 0 3 428 434 441 9 143 18.21
6 0 3 3 10 0 3 425 427 431 9 177 19.03
2 0 0 0 0 5 1 426 10 99 14.75
6 0 0 6 1 3 3 428 436 437 10 143 16.68
7 0 0 4 0 0 3 429 439 441 15 153 15.38
1 0 6 3 0 0 3 436 437 441 12 142 11.85
4 0 3 0 3 0 3 435 439 440 15 158 15.4
5 0 2 3 3 2 3 431 432 435 16 157 17.37
10 0 10 7 6 0 2 430 432 22 116 16.1
10 0 0 0 6 1 3 434 436 446 32 184 16.01
5 0 8 10 0 10 3 438 439 445 21 173 18.66
7 0 8 0 0 0 2 438 444 32 147 13.94
2 0 2 0 1 1 3 434 435 443 9 178 10.85
10 0 6 7 6 0 2 437 440 42 146 14.43
10 0 4 3 6 5 2 438 442 21 174 17.04
6 0 0 0 8 0 1 440 42 201 11.04
1 0 0 0 0 6 1 444 52 198 14.47
9 0 1 0 0 4 1 446 39 132 12.21
7 1 0 0 0 0 2 442 443 26 166 15.57
10 0 0 0 2 0 1 445 52 172 18.9
8 0 3 1 0 0 3 442 443 445 22 158 13.05
8 1 0 0 0 0 1 446 33 176 14.27
1 1 0 0 0 0 1 444 33 136 13.97
8 0 0 0 0 7 1 447 53 153 15.66
3 0 0 0 10 0 1 447 62 168 14.79
8 0 7 0 1 1 1 447 48 191 10.92
1 0 0 0 0 0 0 65 201 17.71
53.01 86.57 63.27 42.37 20.73 25.66 105.0 120.0 110.01 120.0 101.53 90.62 89.43 83.92 93.3 92.2 94.16 110.0 127.96 158.37 126.94 120.19 119.33 105.89 100.68 94.18 90.38 90.07 93.83 97.29 134.49 228.56 284.54 208.59 152.29 131.35 112.92 108.5 107.75 115.64 124.61 152.46 204.46 217.86 146.41 123.24 107.42 97.48 93.45 88.44 87.56 87.2 90.27 98.29 116.8 154.23 165.96 134.62 117.18 104.18 91.34 90.11 91.41 100.62 118.7 148.89 179.14 198.98 140.0 112.81 108.86 98.07 97.38 92.95 93.66 91.76 94.02 102.79 126.61 144.82 149.94 133.23 110.81 98.32 94.14 89.59 88.91 97.61 99.46 109.39 116.52 114.63 106.55 96.17 88.08 77.77 86.49 84.36 79.52 78.04 78.04 78.01 93.58 111.82 121.99 107.93 93.33 82.88 77.77 77.75 80.96 91.5 96.87 111.41 107.47 109.56 105.76 97.8 93.51 91.53 92.96 88.84 87.79 84.61 82.75 85.05 90.27 96.75 100.46 94.54 84.96 74.92 59.14 45.84 49.82 77.57 87.3 116.24 125.9 130.5 120.98 113.33 107.49 95.15 96.33 93.02 89.62 86.28 87.45 88.01 88.89 89.54 88.81 84.69 80.78 76.54 52.46 52.59 65.38 84.17 92.42 105.35 102.41 108.53 108.56 108.8 108.75 93.97 94.62 91.27 92.03 91.57 96.57 100.54 122.73 204.07 195.24 148.74 127.45 113.19 95.92 91.31 94.34 104.46 111.58 165.0 287.83 287.51 167.91 124.82 122.0 111.66 109.86 103.77 100.41 100.32 101.8 107.57 128.3 169.18 197.16 159.02 134.08 121.54 109.67 106.57 113.28 130.91 157.9 221.54 391.95 400.62 217.31 150.0 126.38 114.46 117.0 113.79 109.43 105.67 108.85 115.33 155.0 282.83 275.88 180.05 141.56 128.26 121.83 115.58 119.14 126.81 141.78 155.09 201.75 205.73 136.19 110.61 90.04 70.91 87.81 86.49 90.82 88.61 91.01 89.36 107.52 115.79 132.85 120.2 93.13 88.46 84.0 82.62 85.14 86.88 105.01 121.62 134.02 139.96 123.61 107.79 103.02 93.95 89.51 82.6 84.41 82.75 88.54 97.49 116.38 137.75 146.31 129.02 118.2 99.84 89.74 89.4 92.13 99.68 113.94 129.65 139.1 140.0 120.66 106.09 99.82 92.82 77.35 75.11 78.62 79.9 82.95 80.55 87.76 104.61 112.37 106.97 96.1 84.02 76.34 71.35 76.08 86.26 93.82 117.8 126.58 117.8 107.59 95.43 97.57 94.57 92.63 84.81 78.82 79.33 81.1 85.62 90.42 93.03 91.2 80.7 72.1 62.21 34.88 20.62 37.12 69.7 92.01 120.93 124.31 109.1 94.36 89.44 80.7 65.11 73.92 69.83 67.28 66.54 67.52 81.68 120.0 132.61 124.43 107.51 94.45 84.44 91.11 94.06 88.14 104.04 113.17 113.73 99.95 86.25 75.7 72.22 73.7 63.18 70.02 56.22 53.26 46.12 51.19 65.08 78.53 120.0 116.48 91.74 96.15 100.05 99.28 93.19 78.84 72.71 82.18 112.85 117.66 115.47 105.11 93.96 88.83 80.7 92.42 92.04 91.57 92.72 92.57 93.64 112.83 129.89 130.37 125.9 105.42 90.41 86.16 85.05 92.98 113.66 147.49 203.85 293.73 274.02 185.28 137.43 125.98 111.72 105.01 103.21 98.46 87.42 82.86 93.34 116.33 126.62 120.97 105.38 85.2 71.54 68.8 67.05 75.55 92.32 106.66 114.91 118.8 116.56 105.0 89.52 82.75 70.74 38.87 30.2 24.41 23.04 30.06 44.4 82.0 168.7 193.66 180.3 134.4 134.01 144.23 98.57 85.64 82.0 107.17 105.04 154.02 178.46 129.2 78.0 54.09 36.63 20.38 18.78 18.15 16.55 16.01 16.01 13.28 78.33 80.0 70.0 58.14 40.01 18.43 22.87 31.07 52.06 69.38 72.37 115.1 139.3 83.83 24.68 25.89 19.66 29.42 35.77 34.43 31.71 29.44 37.62 48.02 53.47 44.16 40.7 15.65 26.82 20.0 33.93 50.2 78.19 78.14 133.5 181.34 194.77 170.68 66.73 48.97 61.96 19.8 21.7 20.31 12.79 25.86 39.93 81.79 109.65 108.18 105.8 99.3 98.11 91.01 98.55 106.03 119.66 133.38 141.46 128.4 119.95 104.49 88.83 80.81 65.06 51.74 39.15 31.06 24.15 25.3 39.19 65.01 89.38 90.75 87.18 82.38 77.11 77.52 91.48 102.48 95.75 102.83 109.54 108.62 104.55 98.7 87.65 81.44 77.03 70.89 68.74 68.31 69.39 68.56 79.33 102.7 111.89 100.25 86.2 73.24 71.61 71.89 77.3 88.97 119.89 143.23 150.08 136.12 128.07 115.49 98.02 93.86 87.29 77.86 72.35 70.55 66.55 59.97 67.03 97.61 100.62 97.29 76.54 60.97 66.66 62.22 64.18 68.38 76.87 86.45 111.45 109.28 109.41 97.79 95.46 104.37 88.87 105.0 97.72 93.64 84.8 78.26 90.8 120.0 120.53 111.27 85.1 77.89 76.3 78.11 86.41 109.48 130.62 162.55 175.95 122.19 110.14 101.11 96.86 88.97 68.2 72.31 67.75 59.24 76.25 81.51 63.73 83.5 95.0 37.93 35.3 18.3 15.76 21.02 31.51 69.0 115.0 77.75 95.0 84.88 86.05 81.53 78.57 81.41 78.46 84.18 75.8 73.46 72.21 77.77 78.87 84.28 77.79 79.18 82.38 79.08 79.15 78.91 86.76 95.98 114.55 120.67 131.83 129.81 116.92 111.78 101.25 98.12 86.94 86.34 80.16 74.08 73.81 83.09 90.84 116.06 128.76 123.45 101.53 90.34 86.37 85.01 88.04 92.41 94.1 104.92 113.59 90.44 87.21 86.79 72.56 64.49 57.21 23.51 68.08 71.0 68.45 31.47 59.42 94.45 110.34 109.02 84.11 72.1 64.3 61.98 76.85 90.08 120.43 148.24 149.62 102.69 112.21 112.51 93.16 90.57 80.16 73.33 72.09 74.63 73.77 77.27 87.2 109.3 112.02 109.42 93.57 82.45 77.56 76.6 85.3 100.25 119.47 129.47 138.88 116.78 102.38 96.06 90.98 80.63 81.97 96.26 93.73 94.32 93.75 95.3 93.73 113.63 125.0 118.45 94.61 86.35 84.67 84.73 88.01 100.36 124.88 132.04 139.58 127.88 117.47 109.96 97.55 95.31 89.12 91.23 90.2 91.15 91.62 92.61 95.29 106.92 127.4 126.75 109.28 94.8 91.11 90.06 93.66 103.2 129.48 162.81 180.69 143.5 127.94 115.99 104.5 97.8 91.6 96.4 97.37 95.01 95.52 96.93 95.46 95.84 104.56 106.98 104.52 102.34 96.81 95.03 95.8 102.86 120.18 126.42 137.03 136.12 131.43 124.16 114.51 107.18 97.57 97.2 95.56 93.98 92.33 92.88 92.81 90.83 90.53 99.2 99.02 98.67 99.09 99.57 100.38 102.04 106.86 120.23 129.59 128.25 125.21 117.22 105.66 100.48 92.81 89.95 88.43 89.7 89.26 88.94 94.95 119.33 146.14 159.38 145.3 132.48 120.88 110.86 120.58
