448 5
1 32 25 34 42
1 0 0 0 0 0 3 1 2 3 0 85 14.17
6 0 6 0 0 0 3 4 9 16 1 118 11.24
6 0 8 0 0 0 3 5 6 8 1 144 15.63
4 0 7 0 0 0 3 7 12 29 1 141 12.38
1 0 1 0 0 0 3 6 15 24 7 142 11.79
9 0 7 0 0 0 3 13 17 19 7 142 13.2
5 0 0 7 0 0 2 10 18 8 103 14.68
7 0 0 0 4 0 3 10 14 19 5 137 12.72
8 0 0 0 0 7 3 9 17 24 7 110 12.29
10 0 1 0 0 0 3 11 23 29 15 120 12.3
3 0 5 0 0 0 2 11 20 13 129 13.11
10 1 0 0 0 0 3 13 21 22 25 132 10.23
4 0 0 0 1 0 2 13 14 5 106 12.58
4 1 0 0 0 0 2 25 27 35 147 15.16
9 0 0 0 6 0 3 16 22 23 12 132 12.93
8 0 1 0 0 0 3 17 19 22 8 100 9.89
1 0 0 10 0 0 3 20 21 24 21 150 11.8
1 0 0 0 5 0 3 18 23 28 16 134 11.56
3 0 0 0 6 0 2 29 30 17 95 9.3
3 0 0 0 0 5 3 20 21 26 16 95 15.01
1 1 0 0 0 0 1 30 22 118 9.4
1 1 0 0 0 0 1 27 35 122 10.45
1 1 0 0 0 0 2 25 27 35 129 15.05
3 0 0 0 0 7 1 26 25 155 15.87
8 1 0 0 0 0 1 25 22 145 14.88
9 0 0 0 0 8 2 26 28 39 183 9.56
7 0 0 6 0 0 1 30 48 146 14.95
4 0 0 0 5 0 1 28 39 155 14.04
5 0 0 0 0 9 1 31 48 166 10.09
10 0 5 0 0 0 1 31 25 113 12.3
7 0 0 0 2 0 1 31 55 153 12.15
1 0 0 0 0 0 0 62 194 13.22
1 0 0 0 0 0 3 33 34 35 0 92 12.38
2 0 3 0 0 3 1 48 1 83 8.75
9 0 6 5 10 1 1 40 1 140 10.62
8 0 7 9 6 4 2 36 44 1 85 11.63
6 0 9 1 9 8 3 37 38 50 9 118 9.09
2 0 5 3 2 0 3 41 45 52 15 123 14.06
3 0 0 1 9 7 3 39 53 56 15 147 16.05
9 0 5 1 10 3 3 42 43 46 18 158 9.71
9 0 5 0 7 2 2 41 49 10 118 10.68
4 1 0 0 0 0 3 46 48 59 19 163 15.88
6 0 0 8 7 10 2 60 62 27 169 11.16
5 0 10 6 10 9 1 55 27 170 9.68
10 0 4 2 4 10 2 57 60 9 97 15.21
8 0 10 4 3 8 2 47 56 17 106 11.3
2 1 0 0 0 0 1 54 27 136 8.44
9 1 0 0 0 0 2 54 62 25 127 15.56
2 0 7 0 4 9 1 61 23 150 12.32
3 0 4 0 0 9 3 51 52 56 19 163 14.85
1 0 5 0 9 2 2 52 53 15 114 8.27
2 0 9 0 0 5 3 53 55 57 22 114 15.35
10 0 10 5 10 6 2 54 57 22 163 15.21
7 0 0 4 3 0 2 58 59 24 155 13.83
7 0 6 1 2 0 1 55 34 143 14.05
9 0 6 0 0 0 1 58 41 137 14.87
6 0 10 0 0 0 2 59 61 25 171 11.3
6 0 7 4 0 8 2 58 62 32 108 16.13
2 0 3 0 1 0 1 61 50 123 11.96
1 0 0 7 10 5 1 60 31 147 10.35
7 0 1 0 0 6 1 63 33 172 12.43
5 0 9 7 10 8 1 63 52 139 15.89
2 0 9 7 9 8 1 63 38 152 12.22
1 0 0 0 0 0 0 57 133 15.86
1 0 0 0 0 0 3 65 66 67 0 129 13.44
2 0 2 7 3 5 3 69 70 72 1 100 16.18
4 0 4 10 10 4 3 68 75 83 1 102 13.42
5 0 0 0 3 7 2 70 71 1 131 11.41
1 0 5 7 3 0 3 71 82 88 5 83 10.63
8 0 6 6 3 8 1 94 3 156 14.52
7 0 0 8 6 5 1 92 6 123 15.23
2 1 0 0 0 0 1 89 6 141 14.95
4 0 0 6 0 0 3 73 78 89 3 125 16.29
2 0 4 1 0 9 2 74 76 7 148 14.77
9 0 0 2 0 0 2 77 83 9 91 11.84
1 0 3 10 2 0 3 77 78 79 5 136 8.74
3 0 4 7 3 7 1 77 9 142 10.19
9 0 1 1 0 8 3 82 84 90 18 132 11.57
8 0 2 0 9 4 2 86 87 7 87 13.17
1 1 0 0 0 0 3 80 84 85 6 109 8.64
9 1 0 0 0 0 2 81 86 7 97 13.54
5 0 0 9 7 1 2 88 91 16 158 8.51
3 1 0 0 0 0 1 91 27 136 9.93
5 0 6 2 7 0 2 87 93 18 135 14.7
1 1 0 0 0 0 1 87 27 151 12.06
4 0 0 7 8 4 2 86 89 7 118 10.44
9 0 8 0 7 1 2 90 92 16 96 13.65
8 0 9 0 1 1 2 88 94 28 155 10.3
5 0 1 1 0 8 1 92 36 116 14.15
7 0 2 3 10 8 1 90 11 97 13.28
2 0 5 7 9 0 2 91 94 27 107 13.1
1 0 7 3 7 0 1 93 30 167 8.53
7 0 8 3 10 7 1 95 41 153 13.95
4 0 0 7 0 0 1 95 31 149 13.99
1 0 1 6 2 2 1 95 36 171 14.74
1 0 0 0 0 0 0 48 133 15.23
1 0 0 0 0 0 3 97 98 99 0 127 10.58
7 0 3 9 6 5 3 102 103 107 1 101 9.44
9 0 10 5 8 10 2 100 107 1 95 14.47
7 0 5 5 9 2 1 101 1 92 16.18
4 0 5 4 8 8 1 125 10 140 14.84
9 0 9 8 10 4 3 104 109 111 8 121 15.83
7 0 1 9 5 5 1 124 8 95 9.77
5 0 6 8 6 8 3 108 118 120 8 86 12.83
7 0 8 5 7 2 3 105 106 113 17 127 13.72
5 0 3 7 2 6 1 115 24 156 11.27
4 1 0 0 0 0 3 117 122 123 24 147 11.92
9 0 7 9 7 4 1 109 10 158 11.71
3 1 0 0 0 0 3 110 114 116 13 97 14.04
2 0 6 2 4 9 1 112 19 135 11.17
5 1 0 0 0 0 1 124 16 154 11.54
8 1 0 0 0 0 1 112 17 147 9.31
2 0 6 5 2 3 1 119 25 138 10.84
9 0 7 8 6 1 1 122 24 125 16.18
1 1 0 0 0 0 1 115 16 118 10.23
10 0 9 6 5 3 1 117 29 123 9.53
5 1 0 0 0 0 1 121 16 113 14.79
2 0 8 1 2 2 2 119 121 39 128 11.72
2 0 3 4 9 10 1 123 13 130 11.94
10 0 6 3 4 3 1 125 41 151 16.16
8 0 9 4 8 8 2 121 126 13 109 13.14
1 0 7 2 9 5 1 124 41 171 14.8
9 0 4 1 4 2 1 126 33 119 13.94
4 0 10 5 7 6 1 126 28 140 10.13
8 0 10 4 5 7 1 127 42 136 13.2
4 0 1 3 1 5 1 127 51 189 10.01
1 0 4 2 3 8 1 127 42 134 11.08
1 0 0 0 0 0 0 55 163 15.67
1 0 0 0 0 0 3 129 130 131 0 79 15.67
1 0 2 9 9 4 3 132 134 141 1 133 11.91
10 0 2 10 0 2 3 142 143 144 1 106 15.98
6 0 7 3 0 0 1 135 1 103 13.81
1 0 3 7 5 1 1 133 2 131 12.27
3 1 0 0 0 0 2 146 147 3 109 15.02
9 0 6 1 0 0 3 136 138 140 2 88 10.09
2 1 0 0 0 0 1 146 7 133 9.54
10 0 0 7 0 6 1 137 11 157 9.37
2 0 8 2 0 0 1 139 21 137 9.9
5 0 4 0 9 0 2 148 150 11 117 8.45
4 1 0 0 0 0 1 151 23 127 14.16
8 0 0 6 10 9 2 149 152 11 106 16.26
3 0 4 1 0 6 1 156 2 123 8.28
6 0 1 7 0 5 1 155 11 121 12.6
5 0 1 5 9 4 1 158 11 98 11.33
3 0 5 0 5 0 3 145 146 151 11 90 11.06
1 1 0 0 0 0 2 148 150 14 99 8.28
7 0 5 8 2 2 1 158 14 98 9.82
8 1 0 0 0 0 1 154 6 157 14.65
2 1 0 0 0 0 2 149 153 16 143 15.9
8 0 7 0 8 8 1 155 19 99 15.92
8 0 9 3 5 0 2 156 158 16 116 8.33
2 0 8 10 9 3 1 156 27 143 13.08
7 0 0 4 7 5 1 153 19 145 13.71
8 0 3 0 1 4 2 154 155 26 139 8.95
10 0 1 0 9 3 1 157 34 162 13.51
1 0 0 7 5 1 1 157 34 134 13.11
1 0 4 9 2 5 1 159 29 145 15.59
4 0 5 1 7 0 1 159 44 138 16.37
1 0 10 0 1 1 1 159 24 104 9.29
1 0 0 0 0 0 0 48 125 10.3
1 0 0 0 0 0 3 161 162 163 0 104 13.57
2 0 0 1 8 0 2 164 168 1 100 14.27
2 0 4 0 0 4 3 165 166 167 1 113 15.24
10 0 0 8 0 6 3 169 182 187 1 133 9.11
6 0 3 0 5 10 3 173 175 179 3 128 14.65
5 0 8 0 6 8 1 176 3 147 9.92
5 0 6 6 7 0 1 170 3 153 15.07
8 0 4 5 5 1 1 190 3 147 14.26
5 0 5 0 4 0 3 171 172 177 3 97 8.25
10 0 8 6 6 9 2 175 188 11 153 11.94
3 0 6 0 10 0 2 177 181 8 90 15.9
8 0 1 6 8 1 1 178 8 106 12.03
3 0 0 10 2 9 2 174 186 8 110 15.21
9 0 4 0 3 6 1 190 9 160 16.2
1 0 2 9 2 2 1 184 11 110 9.44
1 1 0 0 0 0 3 178 180 183 21 132 15.92
1 0 9 8 5 0 1 179 8 110 9.35
3 1 0 0 0 0 1 184 11 160 10.73
2 0 1 1 5 0 1 186 22 107 10.22
6 1 0 0 0 0 1 189 9 143 9.87
10 1 0 0 0 0 1 185 22 158 14.65
10 1 0 0 0 0 2 184 188 11 107 12.12
2 0 0 0 5 8 1 185 11 95 12.43
7 0 0 3 2 0 1 189 22 114 15.41
3 0 3 0 0 10 1 189 21 142 12.15
9 0 10 8 6 0 1 186 32 141 15.8
3 0 0 8 9 2 1 190 41 183 9.78
2 0 5 7 8 0 1 188 11 100 13.31
4 0 8 8 10 3 1 191 21 133 12.93
6 0 3 5 4 10 1 191 29 140 12.62
6 0 6 4 9 0 1 191 44 157 14.03
1 0 0 0 0 0 0 50 173 12.21
1 0 0 0 0 0 3 193 194 195 0 90 11.71
3 0 2 0 5 5 1 200 1 118 16.08
3 0 0 0 2 2 3 197 198 206 1 139 11.05
8 0 0 7 6 4 2 196 203 1 106 12.15
6 0 0 10 0 4 2 199 201 9 107 9.88
8 0 2 0 0 7 2 211 215 4 87 8.84
8 0 0 10 3 5 2 204 211 4 141 15.68
5 1 0 0 0 0 3 210 219 220 15 154 15.95
4 0 0 8 0 9 2 205 218 4 139 10.85
8 0 0 0 5 0 1 202 15 100 8.34
9 0 0 8 4 0 3 207 212 213 23 165 11.16
3 0 2 0 10 0 1 209 9 94 11.56
5 0 10 0 8 8 1 207 12 159 14.53
10 1 0 0 0 0 2 208 215 8 142 15.22
3 0 8 3 2 0 1 216 4 150 15.41
4 0 0 2 0 0 1 209 32 123 12.37
9 0 4 0 3 8 2 209 217 18 147 13.82
7 0 0 0 0 4 1 222 36 179 9.15
8 0 0 1 0 0 3 213 215 217 20 151 8.78
10 0 0 1 0 4 1 212 12 101 10.28
4 0 2 0 0 3 1 220 32 106 13.97
6 0 0 7 10 1 1 214 32 118 12.36
1 0 0 2 7 0 1 221 38 174 12.91
3 0 9 2 0 3 1 221 28 112 11.29
5 0 0 0 0 7 1 220 7 100 8.62
9 0 0 0 0 8 1 222 28 158 8.66
6 1 0 0 0 0 1 222 8 119 8.35
8 0 0 10 6 0 1 221 20 106 15.09
4 0 0 9 0 6 1 223 36 147 15.71
5 0 0 0 4 5 1 223 39 164 10.49
1 0 0 0 9 3 1 223 43 173 12.67
1 0 0 0 0 0 0 44 153 9.58
1 0 0 0 0 0 3 225 226 227 0 124 13.24
1 0 1 0 0 0 2 228 232 1 124 15.27
10 0 0 9 4 4 3 229 230 235 1 130 16.13
4 0 0 0 9 9 1 237 1 102 15.21
4 0 0 0 0 7 3 231 233 234 2 103 16.12
3 0 9 0 0 0 2 241 248 11 100 8.41
4 0 0 8 5 10 1 244 11 103 15.44
9 1 0 0 0 0 3 236 249 252 6 120 9.9
10 0 3 0 0 0 3 240 242 245 2 121 15.63
2 0 3 4 5 0 1 247 6 130 11.04
7 0 0 3 1 9 1 240 6 154 8.73
1 0 8 0 1 7 1 246 11 111 13.58
1 1 0 0 0 0 1 250 15 151 11.26
2 0 9 0 5 0 1 238 5 139 11.56
6 0 0 3 0 1 2 239 243 7 105 9.01
10 0 10 0 5 9 3 241 250 251 13 131 11.55
9 0 0 0 8 0 1 254 13 154 14.75
7 0 2 0 5 0 1 252 23 165 11.28
5 0 0 0 3 10 1 252 12 134 10.71
1 1 0 0 0 0 1 244 13 109 10.17
2 1 0 0 0 0 1 247 15 93 9.41
6 1 0 0 0 0 3 247 250 253 12 94 10.01
3 0 4 0 3 0 1 248 12 133 9.66
2 0 8 9 0 7 1 249 18 107 11.28
6 0 0 0 7 0 1 253 15 128 14.82
8 0 1 4 7 0 1 251 20 162 11.56
3 0 1 6 0 0 1 254 23 121 10.38
3 0 0 2 0 0 1 254 28 115 15.04
9 0 9 0 0 5 1 255 30 126 12.38
8 0 9 0 5 5 1 255 21 101 9.88
2 0 0 0 0 7 1 255 31 124 15.19
1 0 0 0 0 0 0 39 144 12.22
1 0 0 0 0 0 3 257 258 259 0 140 11.22
2 0 0 0 8 0 3 260 261 262 1 148 15.16
6 0 0 0 8 0 3 263 264 270 1 130 14.41
10 0 5 0 0 0 3 271 277 278 1 150 12.08
4 0 0 2 0 0 3 267 269 283 3 82 14.57
3 0 0 1 0 0 3 265 269 286 3 91 9.51
4 0 5 0 0 0 3 263 266 270 3 140 15.03
8 0 0 3 0 0 3 268 273 283 7 90 12.38
7 0 6 0 0 0 3 265 266 268 7 141 9.18
2 0 0 0 0 3 3 271 274 281 14 108 13.88
10 0 0 0 3 0 3 267 269 274 14 161 14.63
5 1 0 0 0 0 3 273 275 276 24 148 12.26
10 0 8 0 0 0 3 275 277 286 15 101 9.79
1 0 4 0 0 0 2 271 272 24 146 11.1
2 0 8 0 0 0 3 272 276 278 7 137 14.78
10 1 0 0 0 0 2 279 280 25 152 8.55
1 1 0 0 0 0 2 273 282 25 97 10.89
6 1 0 0 0 0 1 277 29 124 13.39
9 1 0 0 0 0 2 275 278 24 160 11.65
2 0 8 0 0 0 2 279 282 33 121 8.83
3 1 0 0 0 0 2 280 286 29 136 13.1
6 0 3 0 0 0 2 279 280 35 136 8.25
8 1 0 0 0 0 2 282 285 33 144 9.81
4 0 0 0 0 8 1 284 41 130 10.37
1 0 0 0 0 1 1 285 41 122 10.15
3 0 0 6 0 0 2 283 284 16 149 10.21
10 0 0 0 0 1 1 284 41 183 12.21
8 1 0 0 0 0 1 285 19 114 9.56
10 0 0 8 0 0 1 287 51 185 8.65
1 0 0 0 1 0 1 287 42 161 12.1
3 1 0 0 0 0 1 287 32 169 11.51
1 0 0 0 0 0 0 61 166 8.87
1 0 0 0 0 0 3 289 290 291 0 138 9.03
8 0 0 9 7 7 2 292 294 1 95 11.61
6 0 10 2 8 5 2 295 300 1 92 8.89
3 0 0 0 10 6 3 302 310 312 1 106 9.71
7 0 2 0 9 8 2 293 298 9 132 8.51
1 0 0 5 10 9 2 297 305 16 107 9.68
4 0 0 7 4 6 3 296 299 303 9 111 9.63
6 0 3 7 0 0 1 307 7 90 12.49
3 0 10 1 7 3 2 308 314 13 130 15.66
4 0 1 4 0 9 2 306 309 17 141 11.41
4 0 0 0 8 0 2 310 316 16 149 12.79
9 0 0 0 9 6 2 301 313 13 161 12.64
10 0 0 0 3 1 2 303 313 7 103 8.59
7 1 0 0 0 0 2 304 311 22 152 13.16
9 0 2 0 9 3 1 318 4 110 12.17
7 1 0 0 0 0 1 317 17 123 9.88
1 1 0 0 0 0 1 307 29 124 13.42
10 1 0 0 0 0 1 307 17 114 14.47
3 0 7 2 2 6 1 315 21 106 9.27
7 0 0 7 10 4 1 315 30 131 13.8
2 0 0 2 4 6 1 317 16 163 15.76
9 1 0 0 0 0 1 312 21 118 11.8
2 0 5 1 6 6 1 318 20 151 13.15
10 0 6 3 10 2 1 316 29 114 13.91
7 0 8 1 2 7 1 317 30 115 9.67
7 1 0 0 0 0 2 314 315 22 101 12.09
9 0 8 0 2 8 1 318 29 142 13.5
2 0 3 1 0 5 1 316 37 115 10.69
8 0 0 8 6 4 1 319 39 172 14.15
10 0 7 0 8 9 1 319 37 183 8.74
3 0 0 1 3 6 1 319 38 131 15.81
1 0 0 0 0 0 0 47 146 12.41
1 0 0 0 0 0 3 321 322 323 0 109 10.17
5 0 0 0 0 8 3 325 326 329 1 146 15.61
3 0 0 7 0 0 1 339 1 85 9.37
7 0 4 0 0 0 1 324 1 127 9.04
3 0 0 0 6 0 2 327 336 8 137 9.99
4 0 0 9 0 0 1 332 6 122 9.02
6 0 8 0 0 0 1 331 6 94 8.91
7 0 5 0 0 0 3 328 333 335 11 134 14.39
2 1 0 0 0 0 3 338 340 341 18 126 14.63
10 0 0 3 0 0 3 330 334 343 6 150 11.6
6 0 0 0 5 0 1 350 16 110 10.03
5 0 0 0 10 0 1 349 12 135 9.48
5 0 2 0 0 0 1 333 10 147 13.09
8 0 0 6 0 0 2 346 350 18 122 10.66
7 0 4 0 0 0 1 337 16 103 11.32
7 0 7 0 0 0 1 345 18 103 9.52
3 0 0 0 0 5 1 344 11 114 11.37
6 1 0 0 0 0 3 341 344 346 23 124 9.2
7 1 0 0 0 0 1 342 20 133 13.82
8 0 0 8 0 0 2 345 348 4 118 14.22
9 0 6 0 0 0 2 344 345 20 118 11.71
10 0 0 0 0 7 2 348 350 29 115 14.39
7 0 0 0 0 5 1 348 27 131 10.49
6 0 0 0 0 10 1 349 16 138 16.25
5 0 0 0 0 3 1 347 29 169 10.05
1 0 0 0 0 9 1 347 29 138 11.87
1 0 9 0 0 0 1 347 29 168 15.62
5 0 0 0 8 0 1 349 34 147 12.59
1 0 5 0 0 0 1 351 39 140 14.69
4 0 0 1 0 0 1 351 39 171 8.23
2 0 0 6 0 0 1 351 39 121 16.2
1 0 0 0 0 0 0 43 173 15.75
1 0 0 0 0 0 3 353 354 355 0 102 9.98
5 0 4 0 7 0 2 357 377 1 144 16.0
6 0 2 0 5 0 3 356 372 379 1 111 16.03
3 0 10 0 7 0 3 363 365 375 1 130 11.99
4 0 0 5 0 7 3 357 360 361 7 152 15.64
1 0 0 0 0 7 3 358 359 371 11 94 8.42
6 0 0 0 0 3 2 364 370 12 114 13.05
7 0 0 0 0 9 3 363 370 374 12 126 12.23
9 0 0 3 0 0 2 367 368 11 142 14.73
7 0 0 5 0 9 3 362 366 369 11 112 10.54
5 0 5 0 0 1 2 367 368 18 131 15.23
10 0 0 2 7 0 1 381 19 109 9.0
7 1 0 0 0 0 2 365 380 18 166 9.15
1 1 0 0 0 0 1 376 25 151 12.55
4 0 0 2 6 10 1 368 18 161 12.75
1 1 0 0 0 0 3 375 377 382 23 124 15.4
9 1 0 0 0 0 3 373 376 377 23 144 9.29
4 0 1 2 0 2 3 370 373 374 18 149 15.76
10 1 0 0 0 0 1 376 22 143 15.86
3 0 10 0 4 0 2 373 381 12 159 11.31
7 0 0 9 7 10 1 375 7 149 14.52
6 0 0 7 0 3 1 378 32 159 9.78
4 1 0 0 0 0 1 378 22 107 15.48
9 0 3 5 0 8 1 380 24 107 12.82
2 0 0 3 7 0 1 382 32 169 11.15
3 0 0 8 5 6 1 378 32 161 14.41
10 0 2 9 7 0 1 380 38 126 11.05
2 0 0 8 0 9 2 381 382 7 117 12.18
3 0 0 0 0 10 1 383 48 124 8.69
2 0 0 0 0 3 1 383 29 149 12.7
9 0 0 4 7 8 1 383 34 171 10.6
1 0 0 0 0 0 0 51 159 11.45
1 0 0 0 0 0 3 385 386 387 0 133 11.55
6 0 8 4 1 3 3 388 389 397 1 81 9.79
7 0 0 0 3 7 3 388 393 395 1 89 12.79
5 0 0 0 3 5 3 401 402 407 1 153 12.27
5 0 1 5 0 2 3 390 392 400 8 89 16.24
7 0 10 9 0 8 3 392 393 400 7 122 9.77
10 0 2 9 4 4 3 391 402 403 13 156 8.33
6 1 0 0 0 0 2 394 413 23 155 16.2
4 0 1 2 4 6 3 394 396 406 14 123 11.42
1 0 1 0 1 5 3 394 399 406 14 111 16.03
3 1 0 0 0 0 3 401 404 410 29 117 8.85
1 0 8 2 2 6 3 396 397 403 8 133 9.52
10 0 6 2 10 0 2 398 402 18 110 9.93
7 1 0 0 0 0 3 404 409 413 9 114 16.16
9 1 0 0 0 0 3 399 405 413 28 149 8.74
2 0 0 7 4 10 1 408 37 177 13.72
8 0 4 8 9 1 1 404 14 97 14.02
5 0 7 4 0 0 2 411 414 32 119 11.21
2 0 4 2 0 1 3 405 408 409 28 112 14.3
10 0 7 4 1 6 3 406 408 409 23 138 9.75
5 1 0 0 0 0 2 405 407 32 153 11.52
10 0 6 3 6 5 1 411 37 156 8.92
8 0 6 0 1 8 3 407 410 412 33 172 14.83
5 0 3 6 4 0 1 414 41 168 9.02
2 0 10 5 0 6 2 410 412 39 181 10.82
5 0 9 0 4 2 1 411 33 168 12.57
4 0 7 3 0 0 1 414 41 140 13.4
7 0 0 6 0 7 1 412 47 141 13.16
5 0 10 8 0 1 1 415 54 185 15.18
5 0 5 1 0 1 1 415 37 135 10.06
3 0 0 0 10 0 1 415 46 128 13.41
1 0 0 0 0 0 0 59 168 12.53
1 0 0 0 0 0 3 417 418 419 0 83 8.42
6 0 1 0 0 2 1 422 1 136 10.88
9 0 7 7 3 0 2 423 428 1 92 11.71
7 0 10 0 10 3 3 420 421 433 1 151 12.99
1 0 1 0 8 9 2 426 430 8 124 15.9
2 0 0 0 5 9 3 424 427 432 8 93 9.16
5 0 5 0 10 0 2 425 435 7 117 15.49
7 0 0 0 3 9 2 437 441 10 160 15.05
7 0 0 5 1 0 2 431 439 10 116 12.86
7 0 7 2 0 0 2 440 444 12 108 10.29
1 0 8 0 3 10 1 428 9 127 9.98
3 0 5 6 0 0 2 443 445 10 118 10.23
1 0 0 7 0 8 3 429 434 444 10 89 13.18
8 0 8 0 10 4 1 438 11 114 16.32
1 0 9 0 0 0 1 442 9 120 8.63
7 1 0 0 0 0 1 442 17 135 11.27
1 0 0 0 10 0 1 434 10 99 11.53
2 0 3 7 0 0 1 440 8 85 12.78
6 0 0 0 0 8 1 436 11 161 10.83
4 0 0 9 5 0 2 439 445 12 118 15.35
9 0 0 6 0 0 1 440 17 107 12.42
6 0 4 0 0 10 1 446 17 142 13.39
5 1 0 0 0 0 1 442 19 136 10.59
2 1 0 0 0 0 2 441 446 17 98 11.75
9 0 9 0 8 0 1 446 26 128 10.7
1 1 0 0 0 0 1 443 19 145 15.27
2 1 0 0 0 0 1 445 24 150 15.91
8 1 0 0 0 0 1 444 20 135 14.64
5 0 0 9 9 5 1 447 28 120 13.17
5 0 5 6 0 0 1 447 26 112 15.77
10 0 4 4 8 6 1 447 35 163 8.88
1 0 0 0 0 0 0 45 182 10.34
129.54 126.63 124.72 120.04 123.24 127.77 159.18 207.88 243.23 178.04 149.95 126.16 117.27 115.52 124.31 147.32 169.51 214.64 200.73 201.1 167.74 153.0 144.21 135.81 132.4 125.54 123.18 123.99 123.25 127.63 155.37 191.13 211.99 163.31 136.53 126.71 117.55 113.18 120.09 138.47 170.43 178.26 175.0 171.02 152.85 131.0 130.77 123.05 115.2 110.86 110.27 109.09 115.43 122.5 147.67 168.12 180.81 159.33 133.5 121.97 117.02 119.5 128.85 144.12 160.36 177.15 189.9 189.63 170.0 155.42 143.7 133.68 133.67 129.8 125.95 125.0 125.01 134.5 154.93 180.09 219.08 178.95 160.22 150.88 145.88 142.97 139.07 150.09 171.17 176.63 169.12 162.12 135.15 123.54 131.27 121.95 126.05 112.7 108.82 105.0 114.14 127.75 178.61 181.71 164.98 150.47 134.44 117.05 113.52 118.79 122.32 151.3 133.7 132.92 136.89 132.27 111.54 87.65 98.8 100.0 83.39 86.49 86.39 88.13 89.69 90.99 88.95 93.24 112.24 97.54 94.55 86.74 85.4 87.56 92.77 118.0 136.88 144.46 160.47 160.33 155.17 149.0 143.56 135.53 135.0 127.75 124.07 119.3 116.81 117.0 117.0 133.43 136.77 120.94 113.7 109.1 87.08 98.01 109.9 120.4 138.0 142.93 155.76 150.6 144.55 142.16 143.0 128.54 119.56 114.07 111.4 107.72 107.31 115.58 153.71 173.8 181.36 163.18 141.45 121.23 125.33 124.09 136.91 152.78 140.3 126.84 125.09 140.0 120.0 109.21 131.31 88.52 78.92 86.98 135.0 105.01 88.55 99.0 145.0 194.13 169.7 143.69 116.05 104.85 107.55 117.2 130.96 135.7 145.75 143.93 145.0 156.88 156.01 137.8 141.47 128.2 129.26 127.91 126.82 126.59 128.74 128.87 141.3 173.11 180.0 174.92 168.75 168.43 157.95 159.23 141.48 150.0 160.1 162.69 181.66 183.99 152.14 144.99 139.78 133.0 132.38 140.12 150.74 144.49 146.91 133.16 135.3 270.7 251.77 222.64 205.6 185.9 176.9 184.44 190.0 211.71 200.21 207.33 205.5 196.52 176.36 162.92 153.12 139.32 139.65 137.01 131.66 131.43 130.78 140.09 163.63 224.86 261.75 214.52 180.61 163.74 150.06 149.42 157.07 172.21 196.88 292.25 288.53 224.61 183.55 163.6 153.0 140.03 135.66 130.69 120.25 118.7 118.97 120.87 134.52 149.23 150.53 137.05 124.59 118.36 112.39 110.01 116.42 129.59 145.64 164.02 175.23 161.46 141.16 116.37 130.3 120.32 134.11 128.9 123.57 119.9 119.57 119.84 118.05 124.47 123.77 125.75 131.48 128.92 127.85 121.36 123.67 127.33 139.52 170.0 172.12 168.8 155.51 134.93 132.06 131.51 125.9 121.06 120.34 125.94 129.5 126.7 157.39 208.25 209.79 171.3 139.67 116.94 113.24 106.55 118.11 135.02 173.29 225.32 271.52 216.5 179.08 151.4 131.21 122.95 134.75 126.4 127.5 114.54 110.45 108.19 135.32 186.2 193.8 141.92 117.27 98.81 79.06 84.62 98.35 104.87 190.7 189.76 176.77 165.0 142.03 141.9 119.58 103.61 94.31 93.84 96.91 95.24 102.66 141.4 155.0 180.26 166.37 128.76 109.88 92.9 90.14 91.8 92.23 107.41 147.49 161.25 159.24 160.76 141.4 109.61 103.4 91.8 114.41 118.13 130.0 113.87 113.59 130.0 148.54 140.0 129.45 114.24 104.15 94.18 97.41 93.06 100.4 97.28 114.1 139.8 156.19 150.71 147.34 121.67 118.79 90.0 73.45 70.72 73.03 72.42 81.11 120.0 125.17 165.34 150.72 131.26 104.33 87.37 79.1 77.95 91.97 87.88 165.72 148.62 154.5 152.0 163.87 82.7 82.9 97.94 71.48 71.73 71.92 71.65 72.29 80.0 113.21 123.18 115.0 70.93 58.53 57.76 54.57 56.75 68.09 73.31 82.0 115.0 99.24 95.0 105.0 100.0 75.3 71.54 77.95 67.63 72.42 69.74 72.51 72.53 92.28 102.91 112.52 100.63 85.49 88.98 72.5 72.48 85.6 106.6 127.71 145.54 152.08 135.33 136.61 117.64 130.0 103.81 78.91 105.0 73.83 73.2 73.2 77.5 104.0 181.78 196.24 124.4 182.35 110.0 105.0 82.1 73.13 77.53 83.93 120.0 120.0 119.4 100.33 87.23 94.06 95.42 74.35 89.16 81.26 82.35 86.45 90.09 123.16 146.91 170.88 154.68 141.5 127.78 125.97 127.61 136.49 150.81 158.69 189.96 216.32 174.62 149.42 137.98 127.44 109.8 123.78 121.07 117.85 117.07 117.62 115.58 144.3 175.0 177.8 159.79 143.14 130.76 120.54 120.65 126.59 130.93 141.79 156.15 162.62 155.0 136.33 107.16 117.43 109.34 97.31 103.81 101.94 100.5 100.94 105.09 126.64 155.0 156.28 140.42 129.19 103.97 103.06 115.06 117.36 133.27 155.0 168.49 171.94 161.29 148.41 136.82 123.12 114.89 114.33 110.54 109.38 107.0 112.32 111.63 132.78 148.2 161.92 146.35 128.5 116.72 109.73 109.04 111.82 125.87 131.65 147.66 151.31 149.37 135.47 128.58 125.88 118.52 128.39 120.52 117.16 112.5 110.0 114.77 120.42 136.23 139.21 138.43 126.03 113.04 102.8 98.25 101.07 111.95 122.91 137.13 148.67 142.21 133.83 127.36 123.65 119.92 123.5 105.19 98.19 90.69 90.74 89.89 88.78 97.19 101.45 89.0 68.3 49.0 27.5 9.16 20.7 57.89 74.34 122.38 140.0 142.71 128.21 114.09 119.82 114.45 119.13 111.96 110.07 105.47 108.85 121.02 139.61 163.0 147.64 107.97 85.5 62.58 21.68 50.54 72.41 86.29 104.29 144.34 170.0 173.67 147.64 119.96 118.77 117.53 130.55 114.53 108.49 109.3 95.71 100.37 133.31 167.75 141.95 115.85 97.28 24.87 36.75 29.72 70.91 79.13 101.38 142.36 169.41 156.59 125.55 104.29 107.28 100.01 78.64 76.16 91.23 86.02 71.84 81.25 108.18 155.0 107.19 73.19 17.91 10.31 5.42 0.78 5.04 68.05 87.86 129.89 135.0 139.41 114.96 98.02 104.22 90.64
