448 5
1 37 45 32 27
1 0 0 0 0 0 3 1 2 3 0 124 12.02
1 0 0 5 7 7 3 9 10 14 1 75 15.92
9 0 0 8 5 4 3 4 7 11 1 88 16.11
5 1 0 0 0 0 1 18 1 82 18.24
6 0 0 6 10 2 3 5 6 8 10 141 11.5
4 0 2 0 0 10 3 13 19 27 16 104 12.01
9 0 5 0 4 0 3 12 15 29 16 142 10.87
7 0 0 0 7 0 1 21 10 123 15.63
4 0 0 0 10 0 3 10 16 25 16 153 17.76
8 0 0 1 0 0 2 11 17 2 154 15.45
10 1 0 0 0 0 1 22 20 156 11.17
4 0 2 0 0 0 1 25 10 132 13.37
10 0 0 7 5 0 3 18 21 23 25 165 10.85
2 1 0 0 0 0 2 20 26 20 139 13.51
8 0 0 7 0 1 3 15 16 24 2 106 11.24
9 0 0 5 0 0 3 18 22 28 25 105 16.19
10 0 0 10 0 7 3 21 27 28 20 163 17.2
3 0 8 2 0 0 2 19 20 10 94 18.03
10 0 10 6 0 6 1 30 35 131 12.74
4 1 0 0 0 0 2 23 24 20 140 15.12
5 1 0 0 0 0 1 24 22 106 18.18
3 1 0 0 0 0 1 22 35 119 9.65
6 0 5 3 8 0 1 30 38 115 12.65
5 0 7 1 8 0 1 25 35 121 16.39
6 0 0 6 7 6 1 29 27 159 12.02
4 0 0 0 0 10 1 26 40 125 13.43
4 0 9 0 1 0 2 28 30 44 147 9.77
4 0 0 8 9 1 1 29 30 127 11.12
5 0 0 0 3 0 1 31 48 146 16.54
3 0 7 10 9 1 1 31 34 176 17.38
6 0 9 0 5 5 1 31 48 185 18.36
1 0 0 0 0 0 0 54 171 11.06
1 0 0 0 0 0 3 33 34 35 0 84 18.6
7 0 7 0 0 0 2 36 44 1 116 13.51
10 0 0 3 0 0 1 49 1 145 18.8
3 0 0 0 0 10 2 48 59 1 100 18.14
10 0 0 9 0 0 3 37 39 43 8 113 9.81
5 0 0 0 0 4 3 38 40 42 18 107 17.03
2 1 0 0 0 0 1 49 23 148 11.13
10 0 0 0 0 7 1 41 18 138 14.8
9 0 0 0 0 3 2 47 48 23 107 17.26
9 1 0 0 0 0 3 51 59 61 28 127 13.53
8 0 0 0 2 0 3 46 47 60 23 159 18.41
2 0 0 1 0 0 3 46 51 57 18 162 11.05
4 0 0 9 0 0 2 45 53 8 103 14.19
8 0 0 1 0 0 1 60 12 102 16.85
1 1 0 0 0 0 3 52 54 55 31 167 17.23
1 1 0 0 0 0 2 50 54 32 125 17.45
9 1 0 0 0 0 2 50 58 32 161 10.91
7 1 0 0 0 0 3 57 58 62 25 167 11.57
2 0 10 0 0 0 3 52 55 57 41 115 17.45
3 1 0 0 0 0 1 52 37 177 11.49
1 0 0 0 0 6 1 56 43 114 12.34
8 1 0 0 0 0 2 55 58 12 126 14.68
4 0 10 0 0 0 2 56 59 33 109 12.97
3 0 0 0 0 1 1 56 43 147 10.07
8 0 0 0 0 5 1 62 46 142 10.81
10 0 10 0 0 0 1 61 43 179 17.04
5 0 0 0 3 0 2 60 61 41 180 13.8
1 1 0 0 0 0 1 62 37 119 16.38
8 0 0 5 0 0 1 63 46 190 16.71
1 0 0 0 5 0 1 63 53 135 11.13
7 0 5 0 0 0 1 63 54 135 12.32
1 0 0 0 0 0 0 61 152 10.56
1 0 0 0 0 0 3 65 66 67 0 102 18.72
6 0 0 2 0 9 3 69 78 81 1 138 13.49
9 0 1 0 5 4 3 68 78 81 1 107 15.4
1 0 0 2 10 8 3 69 70 79 1 80 14.11
9 0 0 10 7 7 3 71 77 79 10 96 9.54
1 0 8 5 0 1 3 71 74 77 7 103 17.49
5 0 7 0 9 7 3 72 75 86 2 124 15.34
7 0 6 0 6 0 3 73 75 80 19 116 12.9
1 0 0 10 3 2 3 73 76 83 7 106 13.42
10 1 0 0 0 0 2 85 93 26 164 15.74
6 0 1 2 7 1 3 82 86 88 8 149 9.45
8 1 0 0 0 0 1 84 26 140 18.52
5 0 0 2 4 7 3 78 81 82 8 145 12.12
9 0 7 10 8 0 3 80 82 88 19 146 14.78
5 0 9 0 1 7 2 92 94 13 104 17.3
9 0 0 7 2 0 3 86 90 93 19 153 12.78
1 1 0 0 0 0 2 83 84 28 133 15.02
1 0 8 7 0 0 3 85 88 90 13 101 10.25
3 0 10 0 9 0 3 84 89 91 28 101 17.54
6 0 0 6 4 7 3 87 89 90 29 118 13.23
8 0 7 0 6 9 2 85 93 34 117 14.22
6 0 10 4 9 6 1 87 42 130 10.4
4 0 8 9 0 4 1 92 28 122 11.61
5 0 7 1 6 4 1 92 48 134 15.29
4 1 0 0 0 0 2 89 91 28 136 18.42
3 0 7 9 7 10 1 94 35 109 10.86
2 0 9 0 4 1 1 91 35 120 16.19
9 0 1 10 0 3 1 94 37 118 16.37
7 0 9 10 3 2 1 95 53 146 14.32
3 0 4 10 10 10 1 95 42 154 13.81
2 0 10 8 0 10 1 95 46 133 17.31
1 0 0 0 0 0 0 60 140 17.5
1 0 0 0 0 0 3 97 98 99 0 124 17.6
6 0 0 0 6 0 3 100 102 105 1 140 18.38
10 0 2 0 0 0 2 116 122 1 101 18.7
8 0 0 1 0 0 1 103 1 145 9.89
7 0 2 0 0 0 2 101 104 7 115 9.66
2 0 4 0 0 0 2 110 124 14 104 16.58
4 0 0 0 0 9 2 106 115 7 144 12.58
1 0 10 0 0 0 3 113 114 117 9 119 10.8
4 0 0 0 0 4 1 107 14 149 15.81
7 0 0 3 0 0 3 108 119 120 7 158 12.72
9 0 0 0 0 5 2 109 118 11 118 12.33
6 1 0 0 0 0 1 119 18 120 16.19
2 0 0 0 2 0 1 115 14 110 14.47
6 1 0 0 0 0 1 117 20 138 11.64
6 0 0 0 1 0 3 111 112 123 16 151 15.68
7 0 10 0 0 0 1 126 22 134 15.6
4 1 0 0 0 0 2 113 121 22 131 14.16
3 1 0 0 0 0 1 125 26 118 12.18
9 0 0 9 0 0 1 115 10 137 17.04
1 0 6 0 0 0 1 125 19 139 13.27
4 0 3 0 0 0 1 118 11 101 11.61
7 0 0 0 9 0 1 123 26 127 14.14
2 0 0 0 0 1 1 123 20 110 11.62
5 1 0 0 0 0 2 122 125 24 100 18.57
8 0 0 5 0 0 1 121 14 107 18.02
1 1 0 0 0 0 1 122 26 107 13.86
6 0 0 0 0 6 1 126 29 128 15.07
9 0 6 0 0 0 1 126 33 133 18.51
8 0 0 0 9 0 1 127 16 157 15.59
8 0 0 0 0 3 1 127 29 131 10.44
6 0 0 0 8 0 1 127 42 144 13.8
1 0 0 0 0 0 0 48 128 14.32
1 0 0 0 0 0 3 129 130 131 0 116 11.43
6 0 0 3 0 0 3 137 144 153 1 96 12.43
2 0 9 9 9 0 3 132 133 139 1 118 12.05
8 0 8 0 4 0 3 132 133 134 1 116 10.71
1 0 0 9 4 0 3 141 143 158 9 149 14.32
9 0 0 0 8 0 2 140 149 9 125 14.12
5 0 0 9 0 3 3 135 141 145 9 134 18.4
3 0 0 5 0 9 3 136 137 142 14 157 15.82
3 0 0 0 9 0 3 138 140 149 17 102 13.87
1 0 9 5 2 0 2 154 155 17 121 18.2
9 1 0 0 0 0 2 143 146 20 123 10.32
8 0 0 0 0 8 3 144 145 155 3 123 18.0
3 1 0 0 0 0 3 143 147 152 20 153 13.39
3 0 9 0 3 5 3 144 147 152 14 130 9.44
9 0 3 6 0 8 2 146 158 17 102 18.38
9 1 0 0 0 0 3 151 153 155 29 120 13.22
1 0 1 9 0 7 1 156 17 111 15.75
1 0 0 0 2 0 3 146 147 149 14 136 9.95
1 1 0 0 0 0 3 148 150 152 29 141 15.76
10 0 8 0 8 0 2 148 150 23 149 16.95
6 1 0 0 0 0 2 151 156 33 147 15.98
1 0 0 2 0 0 2 150 158 20 99 11.32
8 0 1 0 5 0 2 151 153 33 113 18.6
9 0 0 6 6 0 1 157 41 131 10.56
5 1 0 0 0 0 2 154 157 30 153 16.83
4 0 0 3 3 4 1 154 41 183 16.97
5 0 0 9 5 0 1 156 45 154 13.77
8 0 4 0 0 0 1 157 38 143 18.0
1 0 5 7 7 3 1 159 50 176 10.8
9 0 0 0 10 0 1 159 50 150 15.91
10 0 9 0 0 9 1 159 26 109 18.0
1 0 0 0 0 0 0 59 137 13.7
1 0 0 0 0 0 3 161 162 163 0 79 14.33
2 0 3 5 1 1 2 165 187 1 85 12.27
8 0 7 2 10 6 3 167 169 170 1 86 16.76
2 0 8 1 5 2 2 164 171 1 128 9.59
1 0 5 9 9 2 1 175 3 80 13.3
10 0 9 6 1 8 2 166 178 3 88 18.17
7 0 1 7 5 9 1 168 13 102 15.66
7 1 0 0 0 0 1 183 9 125 10.37
7 0 6 3 6 7 2 172 181 20 143 11.18
7 0 5 1 6 3 3 173 176 177 9 96 11.38
4 1 0 0 0 0 1 179 9 94 18.24
6 0 6 7 10 6 3 174 179 180 3 122 10.16
4 0 10 9 2 10 1 184 27 143 18.73
1 0 10 8 4 9 1 188 16 126 10.49
7 0 3 7 9 4 2 176 181 9 153 11.66
10 1 0 0 0 0 1 181 4 100 15.48
2 0 8 1 8 1 2 185 190 16 129 16.45
8 0 5 5 3 9 2 188 189 16 131 11.76
1 0 5 9 8 3 2 182 185 13 156 16.89
5 1 0 0 0 0 1 186 13 92 14.48
5 0 8 4 10 8 2 182 183 9 140 15.34
2 0 7 9 1 3 1 184 27 132 16.53
3 1 0 0 0 0 1 189 14 109 17.2
9 0 5 2 6 5 1 189 16 158 11.94
10 0 4 7 1 7 1 190 31 163 13.22
10 1 0 0 0 0 1 186 18 161 18.68
7 0 7 6 7 10 1 188 28 117 13.33
1 0 5 6 5 6 1 190 3 123 13.77
4 0 1 7 3 4 1 191 35 134 11.32
7 0 8 6 5 10 1 191 25 127 16.31
3 0 6 1 5 9 1 191 41 142 10.74
1 0 0 0 0 0 0 44 149 17.86
1 0 0 0 0 0 3 193 194 195 0 132 18.34
1 0 2 0 0 0 1 197 1 144 14.23
4 0 0 0 4 0 3 196 199 210 1 109 18.4
8 0 0 7 0 0 3 198 200 204 1 87 10.92
6 0 0 1 0 0 2 200 207 5 118 17.21
3 0 0 2 0 0 3 201 202 203 2 86 14.6
3 0 0 0 0 7 3 205 209 215 9 123 16.65
9 0 0 0 6 0 3 208 217 219 5 138 11.98
2 0 0 2 0 0 1 213 11 154 18.75
6 0 1 0 0 0 2 209 210 5 111 11.8
8 0 0 0 8 0 2 206 209 5 116 16.03
4 0 0 0 1 0 2 205 218 5 154 16.25
9 0 0 0 8 0 1 217 9 154 10.49
4 0 0 0 0 1 1 212 12 104 14.28
10 0 0 8 0 0 2 210 218 13 138 10.52
9 0 0 0 0 5 1 212 11 123 11.94
4 0 0 0 6 0 2 211 214 14 142 17.53
10 0 7 0 0 0 3 212 217 218 13 144 12.59
9 0 8 0 0 0 3 211 214 222 23 158 12.8
9 0 0 0 1 0 1 220 32 173 10.31
9 0 0 5 0 0 1 214 23 155 16.0
7 0 0 5 0 0 2 216 219 13 144 15.66
3 0 0 0 1 0 2 216 220 32 134 9.55
2 0 0 0 10 0 2 216 219 12 134 13.31
4 0 0 8 0 0 1 221 35 120 10.91
7 0 0 0 0 10 2 220 221 23 103 13.18
1 1 0 0 0 0 2 221 222 23 143 14.14
2 0 0 0 9 0 1 222 20 119 15.72
1 0 0 1 0 0 1 223 41 164 18.36
1 0 0 0 0 8 1 223 39 172 18.82
2 0 0 0 7 0 1 223 32 108 9.95
1 0 0 0 0 0 0 42 171 17.55
1 0 0 0 0 0 3 225 226 227 0 117 16.38
10 0 1 0 0 0 2 240 244 1 150 11.34
2 0 9 0 0 0 3 232 233 234 1 130 17.35
4 0 0 0 0 7 3 228 230 248 1 108 10.86
7 0 0 0 10 0 3 229 231 233 5 126 16.46
2 0 8 0 0 0 3 235 236 243 12 113 12.58
9 0 5 0 0 0 3 237 239 241 5 122 13.56
1 0 0 9 0 0 2 242 251 12 153 18.21
2 0 0 0 4 0 2 242 251 3 142 16.64
8 0 0 0 0 7 2 246 253 12 138 16.55
3 0 0 4 0 0 3 239 240 241 3 100 17.31
6 0 0 10 0 0 3 240 245 246 14 150 10.78
4 0 5 0 0 0 2 238 252 14 115 10.54
6 0 0 0 10 0 2 242 250 14 116 10.79
6 0 0 0 0 7 2 241 254 18 137 15.36
6 0 8 0 0 0 1 243 14 131 17.47
6 0 0 3 0 0 2 247 253 20 161 14.04
2 1 0 0 0 0 1 244 24 116 12.04
9 0 0 9 0 0 2 244 254 20 133 10.06
3 0 0 0 0 1 2 245 247 20 141 16.72
3 0 7 0 0 0 1 253 29 109 17.58
8 1 0 0 0 0 1 249 23 163 15.55
8 0 0 0 0 6 1 247 20 151 17.39
10 1 0 0 0 0 1 249 28 127 15.74
1 0 7 0 0 0 1 252 5 140 13.08
8 0 0 0 1 0 1 250 38 120 17.34
2 0 0 9 0 0 1 251 46 125 17.55
10 0 0 0 0 5 2 252 254 48 159 13.7
3 0 0 0 0 6 1 255 58 173 15.85
4 0 0 5 0 0 1 255 32 165 14.54
4 0 9 0 0 0 1 255 58 139 18.09
1 0 0 0 0 0 0 62 145 17.81
1 0 0 0 0 0 3 257 258 259 0 89 15.46
4 0 0 1 0 0 3 266 267 268 1 83 10.99
10 0 0 0 0 3 3 262 269 274 1 84 12.6
7 0 0 7 0 0 3 260 263 276 1 150 16.53
6 0 0 0 0 8 3 261 265 271 8 150 13.13
5 0 3 0 0 0 3 268 270 272 14 108 12.46
4 0 0 0 0 6 3 263 267 273 11 138 11.71
5 0 0 0 6 0 2 264 270 15 105 12.04
1 1 0 0 0 0 2 280 283 20 132 10.13
9 0 2 0 0 0 3 268 269 284 14 143 13.01
4 0 1 0 0 0 3 269 274 279 5 109 15.72
7 0 9 0 0 0 3 270 276 280 15 152 12.66
6 1 0 0 0 0 2 273 285 23 126 15.43
8 1 0 0 0 0 2 278 282 23 139 12.2
5 1 0 0 0 0 3 275 277 279 22 169 14.66
1 0 7 0 0 0 3 275 279 282 14 119 13.92
10 0 0 0 7 0 3 273 275 277 19 133 11.93
10 0 0 0 0 5 1 283 29 154 14.51
9 0 0 0 0 5 2 276 280 11 99 9.61
4 0 0 0 7 0 3 278 284 286 29 133 10.82
10 0 0 0 9 0 1 277 22 116 9.99
3 0 0 9 0 0 2 278 282 32 159 14.17
8 0 6 0 0 0 1 281 35 117 18.74
1 1 0 0 0 0 2 281 284 27 121 9.41
2 1 0 0 0 0 2 281 286 22 147 16.33
6 0 0 0 0 2 1 285 43 148 11.7
4 0 0 5 0 0 2 283 285 35 110 12.76
5 0 1 0 0 0 1 286 39 173 14.22
3 1 0 0 0 0 1 287 33 135 13.93
8 0 0 0 9 0 1 287 49 151 12.19
8 0 0 1 0 0 1 287 44 180 16.68
1 0 0 0 0 0 0 57 154 14.97
1 0 0 0 0 0 3 289 290 291 0 139 11.67
5 0 0 0 5 0 3 294 307 314 1 137 12.82
6 0 0 10 0 0 2 292 297 1 132 9.77
2 0 0 0 0 2 3 293 295 296 1 79 12.24
8 0 0 0 0 5 1 299 7 158 16.53
2 0 8 0 0 0 2 315 316 3 115 15.53
4 0 0 0 4 0 3 302 303 312 6 143 11.74
9 0 1 0 0 0 2 298 311 3 103 14.1
1 0 0 0 0 10 1 313 3 91 13.79
1 0 0 6 0 0 3 300 301 304 7 90 15.86
6 1 0 0 0 0 1 314 12 146 9.56
7 1 0 0 0 0 1 303 15 155 14.09
3 0 0 0 0 9 1 318 8 109 16.63
8 0 0 0 9 0 2 305 306 8 149 11.52
7 0 7 0 0 0 1 309 10 131 13.48
5 0 0 5 0 0 1 317 22 109 14.19
9 0 0 0 0 1 2 313 314 8 149 17.55
3 1 0 0 0 0 1 312 16 149 16.55
4 1 0 0 0 0 1 308 16 94 16.29
2 0 0 2 0 0 1 311 6 150 9.84
4 0 0 0 1 0 2 309 310 20 142 10.51
10 0 0 0 3 0 1 317 24 158 16.34
5 0 0 0 0 7 1 312 24 118 14.1
4 0 0 0 0 3 1 313 12 145 16.33
2 0 0 3 0 0 1 318 29 105 15.55
8 0 3 0 0 0 1 317 17 149 11.3
5 0 6 0 0 0 2 315 316 18 141 16.68
8 0 0 0 0 9 1 318 23 151 12.31
9 0 0 6 0 0 1 319 23 126 11.61
1 0 0 6 0 0 1 319 34 136 18.11
1 0 0 0 0 3 1 319 31 153 14.63
1 0 0 0 0 0 0 35 150 17.14
1 0 0 0 0 0 3 321 322 323 0 86 13.55
9 0 0 6 6 0 3 324 326 336 1 155 13.26
6 0 7 3 1 0 3 327 334 341 1 121 14.08
10 0 0 0 9 1 3 325 331 345 1 148 17.56
5 0 5 0 0 5 2 328 330 10 155 14.27
6 0 4 7 0 8 2 338 342 11 155 18.41
8 0 9 8 8 3 2 329 346 10 146 18.28
3 0 0 0 0 9 1 350 7 108 14.82
8 0 0 0 0 3 3 332 345 349 15 124 12.24
7 1 0 0 0 0 2 333 340 18 130 18.6
2 1 0 0 0 0 1 345 15 102 11.52
4 0 0 0 6 0 2 335 341 11 97 11.76
7 1 0 0 0 0 1 340 23 122 14.12
10 0 0 4 8 0 1 348 25 132 16.51
8 0 0 5 6 0 1 343 7 104 12.42
6 1 0 0 0 0 3 337 339 344 15 114 14.39
3 0 10 0 0 9 1 346 10 149 11.76
7 0 0 4 0 0 1 347 21 151 10.17
5 0 0 8 2 0 1 348 17 122 14.45
10 1 0 0 0 0 1 347 21 124 16.77
8 0 2 5 0 0 1 348 30 129 14.64
1 0 0 0 3 0 1 342 15 95 17.36
5 0 8 2 0 1 1 350 17 133 17.62
2 0 1 0 0 0 1 347 15 91 10.97
1 1 0 0 0 0 1 346 21 159 17.24
7 0 0 2 3 0 1 350 23 142 14.97
4 0 2 0 0 0 1 349 22 107 13.14
8 0 0 0 9 1 1 349 31 111 12.53
4 0 3 0 6 0 1 351 38 127 10.28
5 0 0 0 7 10 1 351 39 119 10.39
10 0 0 6 6 0 1 351 30 152 13.39
1 0 0 0 0 0 0 44 157 12.2
1 0 0 0 0 0 3 353 354 355 0 116 11.07
8 0 0 0 0 4 3 356 357 358 1 146 11.16
2 0 7 4 5 3 1 360 1 135 12.91
10 0 9 8 0 0 1 381 1 86 15.1
1 0 4 10 8 6 2 368 371 9 117 15.14
10 0 6 7 2 6 3 359 362 364 9 116 12.87
2 0 1 10 2 4 1 375 9 122 15.61
5 0 1 5 5 4 2 367 370 19 106 10.54
2 0 1 10 0 2 3 361 363 369 3 144 11.72
6 0 6 0 8 0 1 365 5 113 12.48
6 1 0 0 0 0 3 366 367 375 19 123 13.37
3 0 0 4 1 2 1 379 5 127 9.59
3 1 0 0 0 0 1 372 19 160 15.21
1 0 4 7 2 9 2 370 377 11 157 15.19
8 0 9 6 0 1 1 379 25 136 12.19
6 0 7 10 1 0 1 371 25 110 15.43
9 0 0 10 8 0 1 373 10 134 14.12
10 0 7 10 1 0 1 379 5 109 18.09
7 1 0 0 0 0 2 378 380 24 142 13.23
9 0 1 0 5 4 1 382 31 145 13.27
5 1 0 0 0 0 2 380 381 22 115 14.03
5 1 0 0 0 0 3 374 376 378 19 119 11.84
4 1 0 0 0 0 1 377 24 153 13.22
3 0 0 0 7 0 1 376 25 126 16.39
4 1 0 0 0 0 1 381 28 119 10.63
10 0 9 0 2 0 1 382 28 168 17.62
9 0 7 10 2 0 1 382 31 173 14.51
7 0 0 0 3 0 1 380 33 144 16.27
7 0 1 7 5 7 1 383 40 124 15.71
7 0 1 8 9 0 1 383 32 119 18.79
8 0 0 8 2 5 1 383 40 121 16.73
1 0 0 0 0 0 0 48 160 12.71
1 0 0 0 0 0 3 385 386 387 0 101 9.94
1 0 2 1 3 7 3 391 393 395 1 105 17.27
5 0 7 3 4 10 2 388 389 1 105 16.75
1 0 7 6 10 1 3 390 391 398 1 116 11.77
9 0 4 8 4 10 2 394 396 6 133 12.05
4 0 3 9 7 10 3 394 399 410 6 150 13.25
6 0 3 9 10 9 3 395 399 402 2 115 10.7
3 0 8 9 10 9 1 392 2 128 10.29
8 0 3 7 4 9 3 397 404 410 5 155 16.18
10 0 4 3 6 4 1 401 2 134 17.02
4 1 0 0 0 0 3 398 406 408 15 115 10.21
6 0 9 6 5 10 1 405 8 96 17.27
10 0 2 7 9 1 3 400 405 412 15 120 17.46
9 0 10 5 4 10 3 399 408 413 13 155 11.63
5 1 0 0 0 0 1 411 19 97 15.6
1 1 0 0 0 0 1 411 22 142 12.33
10 1 0 0 0 0 3 402 406 407 25 132 16.71
2 0 5 7 9 2 2 403 407 12 113 18.2
4 1 0 0 0 0 2 404 409 35 165 10.73
4 0 9 3 1 2 3 408 409 414 14 137 13.22
7 0 8 5 7 3 1 414 39 149 10.3
3 0 7 5 10 5 1 406 25 149 13.49
8 0 7 5 10 10 1 409 35 153 18.02
9 0 8 1 1 4 2 410 413 35 148 13.73
7 0 7 10 6 10 1 411 22 115 12.73
7 0 6 6 7 8 1 413 43 182 13.61
2 0 10 9 7 10 1 414 44 161 13.74
9 0 8 2 9 2 1 412 29 147 11.68
6 0 7 6 2 9 1 415 38 114 9.79
5 0 1 8 8 8 1 415 50 187 16.41
5 0 10 3 1 4 1 415 46 140 12.14
1 0 0 0 0 0 0 55 167 16.11
1 0 0 0 0 0 3 417 418 419 0 79 15.97
9 0 0 4 0 0 3 420 423 424 1 148 13.03
9 0 0 7 0 9 3 425 426 427 1 82 13.6
8 0 0 5 0 0 3 421 422 433 1 91 16.0
1 0 1 0 0 5 3 425 426 431 10 88 15.06
6 0 0 7 0 0 3 428 434 441 9 130 13.23
6 0 3 3 10 0 3 425 427 431 9 132 12.3
2 0 0 0 0 5 1 426 10 152 11.97
6 0 0 6 1 3 3 428 436 437 10 94 13.76
7 0 0 4 0 0 3 429 439 441 15 101 12.35
1 0 6 3 0 0 3 436 437 441 12 85 10.32
4 0 3 0 3 0 3 435 439 440 15 148 14.27
5 0 2 3 3 2 3 431 432 435 16 111 14.66
10 0 10 7 6 0 2 430 432 22 118 11.0
10 1 0 0 0 0 3 434 436 446 32 139 10.82
5 0 8 10 0 10 3 438 439 445 21 163 14.94
7 0 8 0 0 0 2 438 444 32 165 10.04
2 0 2 0 1 1 3 434 435 443 9 138 14.82
10 0 6 7 6 0 2 437 440 42 161 12.09
10 0 4 3 6 5 2 438 442 21 172 10.8
6 0 0 0 8 0 1 440 42 155 10.5
1 0 0 0 0 6 1 444 52 145 18.09
9 0 1 0 0 4 1 446 39 182 14.92
7 0 2 3 0 0 2 442 443 26 133 10.19
10 0 0 0 2 0 1 445 52 170 14.97
8 0 3 1 0 0 3 442 443 445 22 135 16.44
8 1 0 0 0 0 1 446 33 156 17.15
1 1 0 0 0 0 1 444 33 168 10.67
8 0 0 0 0 7 1 447 53 195 15.89
3 0 0 0 10 0 1 447 62 166 9.94
8 0 7 0 1 1 1 447 48 141 10.91
1 0 0 0 0 0 0 65 137 12.23
98.73 89.03 85.03 84.13 86.44 97.23 114.67 111.75 104.99 98.14 87.73 61.18 22.74 19.98 26.65 62.54 82.65 98.25 110.14 178.94 283.1 233.0 157.0 122.65 111.28 97.24 89.1 88.32 90.01 98.78 114.97 120.28 110.76 82.71 77.22 68.74 50.5 50.48 70.87 78.41 90.8 102.81 152.08 302.22 465.66 394.02 240.15 145.09 119.29 102.77 92.54 92.08 90.99 99.87 115.32 110.16 104.52 90.96 80.28 80.01 48.71 34.31 56.97 72.39 82.1 98.79 135.44 260.22 305.31 186.0 134.93 110.34 99.18 86.46 79.0 78.93 80.88 88.52 104.49 107.47 104.9 90.45 75.06 57.35 42.16 45.4 67.55 79.9 90.61 110.0 117.42 145.01 190.85 166.78 132.8 113.97 109.25 104.54 101.31 98.39 103.62 106.63 122.6 116.65 100.0 91.15 70.01 65.86 20.419999999999998 21.814999999999998 32.535 40.96 59.57 92.505 103.25 136.76999999999998 163.07999999999998 147.10500000000002 123.60000000000001 110.41499999999999 109.95 102.16 100.46 97.16 95.93 88.11 85.74 44.95 17.86 3.34 0.0 -0.09 -1.32 -1.77 -2.48 2.02 28.53 75.01 89.08 128.53 135.31 127.43 114.4 106.86 96.9 91.8 90.47 106.23 110.68 86.01 77.67 76.72 69.32 36.45 19.3 15.7 13.66 7.48 12.07 51.12 75.13 102.96 114.0 134.18 148.04 138.91 124.28 109.99 118.61 106.45 101.44 98.81 100.99 110.05 134.2 143.67 149.08 132.38 110.37 109.41 90.85 97.69 99.79 85.42 114.43 105.42 109.84 142.85 151.22 131.88 110.4 91.46 104.19 94.75 89.95 88.99 89.44 93.67 111.41 118.73 116.13 91.29 83.34 81.26 86.08 79.91 76.02 74.34 84.79 92.57 89.0 112.47 128.72 119.55 115.9 100.0 95.1 83.93 80.72 81.43 81.54 94.05 113.66 116.46 114.08 96.59 84.68 77.34 63.67 46.02 36.98 49.8 76.89 81.48 101.47 118.11 138.09 137.6 117.58 104.57 100.91 95.73 89.1 86.4 87.77 98.5 107.29 107.57 104.93 88.28 79.62 65.33 45.17 39.34 39.25 56.39 76.55 86.99 100.03 112.59 132.34 132.27 120.31 107.33 103.55 98.01 93.32 89.8 90.67 95.58 104.78 102.99 101.96 92.19 81.38 71.53 61.66 41.05 32.04 50.0 70.94 95.0 105.88 112.89 120.83 117.01 109.68 103.13 112.0 104.43 103.56 97.52 93.47 89.89 85.09 87.79 82.96 60.06 18.19 3.0 0.22 0.0 0.0 0.22 23.08 71.54 106.94 110.28 119.41 123.65 125.0 115.42 115.05 108.56 107.78 106.85 104.04 100.25 95.11 91.59 79.26 36.95 4.28 0.05 0.0 0.0 0.0 0.0 2.32 71.81 102.22 115.58 122.12 128.07 126.94 115.63 113.78 103.11 97.31 93.57 97.3 108.18 117.87 119.7 103.12 87.75 81.22 77.69 71.95 65.01 58.01 67.28 85.23 99.88 117.0 150.05 186.21 164.52 128.73 114.94 107.59 102.64 92.71 88.22 87.18 93.0 110.69 113.26 106.74 90.29 76.31 64.27 61.73 49.76 50.47 64.91 83.37 100.22 117.11 136.16 147.62 144.83 120.52 110.6 97.93 92.89 85.63 82.27 82.94 88.98 106.05 112.86 111.66 103.18 88.93 85.5 82.8 81.76 78.61 83.81 91.1 95.54 105.52 125.0 143.17 134.85 116.44 108.94 105.09 100.09 91.7 89.3 90.21 93.89 108.91 114.11 105.92 93.1 85.0 77.07 70.17 67.76 57.1 71.34 88.48 94.73 112.75 128.76 139.96 134.5 125.07 114.18 107.84 99.69 96.24 96.29 97.95 107.46 116.86 115.82 109.4 97.77 84.84 82.01 80.0 73.02 71.2 72.68 87.65 91.87 101.9 120.0 142.41 139.5 124.58 111.94 103.49 104.13 102.01 99.65 96.93 95.73 97.07 86.1 78.11 52.32 10.0 0.65 0.0 -0.01 0.0 4.09 40.39 84.6 106.66 115.13 120.72 111.15 105.48 98.02 98.1 88.55 91.3 99.42 99.81 96.71 95.24 78.03 74.6 40.61 8.52 1.96 0.0 -0.01 0.0 8.53 69.88 94.7 104.51 115.63 122.54 126.75 117.31 108.24 91.62 84.97 84.12 83.96 84.96 94.24 116.33 123.34 118.99 105.0 97.67 93.45 84.94 83.84 82.95 84.94 92.6 103.86 119.85 145.57 111.39 113.65 101.91 99.9 90.37 87.53 84.89 82.27 83.7 91.4 109.11 108.66 100.22 91.99 83.17 70.01 64.53 23.99 12.57 42.89 69.94 87.04 112.05 135.55 99.43 106.55 101.3 101.58 93.63 88.67 88.96 84.58 88.72 93.04 95.34 102.74 96.5 82.81 70.63 76.77 69.62 69.5 69.06 70.66 82.27 95.45 122.48 181.21 176.27 93.76 98.89 100.0 97.21 99.22 94.6 93.45 95.37 102.99 110.98 115.44 109.36 96.42 89.86 85.09 82.69 83.21 84.56 89.86 98.56 105.66 106.58 110.0 102.96 123.04 107.47 106.47 109.66 104.06 98.39 94.29 98.85 99.2 110.0 112.29 110.94 98.44 94.93 85.24 83.33 80.31 78.77 86.34 91.55 92.77 116.96 137.6 183.66 135.21 105.39 107.18 108.78 103.92 94.8 96.0 96.45 97.0 98.78 97.23 88.72 87.08 81.02 76.61 67.54 63.14 62.17 71.96 85.2 100.69 92.47 93.86 100.81 115.0 113.62 107.99 102.03 97.0 92.48 89.38 90.06 87.17 87.86 85.6 80.85 80.1 77.09 71.24 46.2 15.04 8.85 17.66 47.08 81.86 82.62 90.79 94.59 115.47 110.0 102.57 97.87 87.02 82.24 80.38 80.8 86.2 105.62 116.88 118.42 108.0 100.75 93.19 84.1 80.21 72.36 77.93 80.45 90.43 88.61 90.9 94.03 99.18 99.56 93.52 88.51 85.86 84.7 84.05 86.25 95.18 101.38 108.9 96.98 82.12 68.77 56.28 25.06 8.95 11.67 21.47 55.14 74.27 85.81 107.85 141.01 116.33 108.83 100.96 96.09 92.03 87.07 85.17 87.15 97.15 100.98 98.65 90.99 72.7 58.59 40.45 24.79 17.69 10.7 28.25 54.23 81.08
