448 5
1 57 48 47 47
1 0 0 0 0 0 3 1 2 3 0 117 11.34
9 0 6 3 4 9 3 4 5 9 1 112 9.69
10 0 3 3 6 10 3 5 21 22 1 177 12.46
4 0 8 3 10 1 3 8 9 19 1 177 8.59
1 0 4 2 10 7 3 6 7 10 10 132 12.36
9 0 6 5 3 10 3 6 13 16 11 137 9.94
4 0 6 1 10 4 2 18 20 20 116 11.49
6 0 8 2 4 5 3 11 13 22 11 111 12.28
1 0 7 4 5 5 3 13 14 27 5 140 12.66
1 0 2 5 1 1 3 12 18 20 10 159 6.66
2 0 2 10 9 3 3 14 17 24 11 140 12.15
3 0 7 3 4 9 3 12 15 16 17 120 7.76
4 0 3 10 10 6 3 14 24 26 20 113 7.52
7 0 9 4 8 4 1 23 20 127 7.6
10 1 0 0 0 0 1 21 24 203 10.84
8 0 1 8 5 6 3 17 18 21 20 155 8.96
9 0 5 9 3 4 3 17 24 25 20 200 7.84
7 1 0 0 0 0 2 19 28 29 123 11.38
4 1 0 0 0 0 3 23 25 27 28 171 8.9
9 0 5 6 10 3 2 20 23 36 205 12.08
10 0 7 2 2 9 2 26 27 45 214 10.12
5 0 6 6 1 1 1 25 34 141 8.76
10 0 6 1 8 8 2 26 28 17 126 8.46
8 0 10 8 6 5 2 29 30 45 155 12.37
9 0 2 7 3 4 1 28 29 190 10.01
1 0 8 9 2 2 1 30 39 137 9.76
5 0 2 4 2 9 2 29 30 55 178 6.74
6 0 8 10 9 3 1 29 55 169 13.09
8 0 5 10 4 10 1 31 38 188 11.27
5 0 1 7 6 8 1 31 61 199 7.17
6 0 4 8 1 10 1 31 60 220 7.34
1 0 0 0 0 0 0 66 227 12.47
1 0 0 0 0 0 3 33 34 35 0 130 9.17
4 0 0 0 0 2 3 40 42 49 1 109 13.04
2 0 0 0 2 0 3 38 48 54 1 95 11.25
6 0 0 0 0 3 3 36 37 38 1 107 7.32
9 0 0 7 0 0 3 39 41 47 7 124 7.43
4 0 0 10 0 0 3 44 46 56 7 169 11.83
6 0 0 0 8 0 3 44 51 61 7 170 6.81
2 0 0 0 4 0 3 50 52 55 16 148 11.27
2 0 0 0 3 0 2 41 47 5 128 11.58
8 0 0 0 0 7 3 43 45 48 16 137 11.2
9 0 9 0 0 0 3 47 48 55 5 176 11.87
7 0 0 0 0 7 3 46 54 55 24 147 10.48
7 0 4 0 0 0 1 49 13 186 9.2
9 1 0 0 0 0 3 51 52 61 24 179 7.52
9 1 0 0 0 0 3 50 51 52 31 167 9.52
10 0 6 0 0 0 2 54 59 16 159 6.62
5 1 0 0 0 0 3 53 58 62 24 185 12.16
5 0 0 0 8 0 3 50 53 57 20 132 10.25
4 0 0 0 0 9 1 58 40 129 10.86
7 0 0 0 0 4 2 53 59 40 197 13.0
4 0 5 0 0 0 1 57 40 162 8.91
9 0 7 0 0 0 1 60 47 205 7.44
6 1 0 0 0 0 1 56 31 184 10.05
2 1 0 0 0 0 2 56 57 31 162 11.64
2 0 3 0 0 0 3 58 61 62 37 203 9.71
5 0 0 0 3 0 1 59 44 201 7.5
2 0 0 0 0 2 1 60 44 163 6.61
3 0 6 0 0 0 2 60 62 49 167 10.55
4 0 0 9 0 0 1 63 56 219 12.01
8 0 0 0 0 10 1 63 39 140 8.34
8 0 0 7 0 0 1 63 52 156 6.95
1 0 0 0 0 0 0 60 159 12.2
1 0 0 0 0 0 3 65 66 67 0 94 11.86
10 0 1 2 5 3 3 68 75 79 1 146 9.73
9 0 3 10 6 10 1 71 1 135 8.6
6 0 2 2 4 7 3 69 76 85 1 104 6.55
1 0 2 8 7 3 3 70 73 86 11 142 9.38
1 0 9 7 5 4 3 72 77 84 7 118 9.71
10 0 3 3 10 5 3 74 76 80 12 152 8.13
7 0 8 5 10 6 3 72 77 79 10 172 6.61
5 0 4 7 1 7 1 87 17 127 11.48
4 0 6 3 9 5 2 82 88 12 114 9.0
9 0 8 2 8 4 2 92 94 22 173 9.76
10 0 9 5 3 1 1 86 11 181 6.69
6 1 0 0 0 0 1 84 22 115 11.27
4 0 9 9 3 8 3 78 83 89 17 177 11.34
7 0 5 10 1 5 3 88 90 91 21 195 8.16
7 0 10 2 9 3 2 89 94 17 169 13.04
8 1 0 0 0 0 3 81 83 91 22 163 12.26
1 1 0 0 0 0 3 84 90 93 30 123 7.16
4 0 1 2 10 10 1 85 16 192 7.33
4 1 0 0 0 0 2 87 93 30 165 7.71
7 0 3 1 8 1 2 88 92 31 188 13.09
2 1 0 0 0 0 1 87 20 135 8.98
1 0 3 5 6 10 1 89 21 131 11.48
9 0 5 10 1 7 1 90 34 147 10.34
10 0 5 10 6 7 1 94 38 179 8.15
9 1 0 0 0 0 1 91 24 171 11.91
10 0 10 9 1 10 1 92 43 144 6.78
7 0 8 6 10 4 1 93 33 201 11.04
2 0 3 6 2 9 1 95 53 143 12.22
1 0 9 9 9 2 1 95 40 138 11.55
3 0 2 7 9 6 1 95 48 204 7.61
1 0 0 0 0 0 0 55 151 7.28
1 0 0 0 0 0 3 97 98 99 0 124 7.17
4 0 0 4 5 2 3 102 103 112 1 133 10.01
1 0 4 1 0 0 3 100 106 107 1 96 11.44
8 0 0 6 1 0 3 101 105 108 1 158 11.95
1 0 4 0 1 0 3 101 103 110 2 174 7.76
6 0 0 5 0 5 3 104 111 117 9 107 7.63
2 0 1 4 5 0 2 113 116 5 113 10.52
4 0 3 0 9 9 3 104 109 121 5 161 6.63
2 0 2 9 9 5 3 115 120 124 15 103 8.28
5 0 0 4 5 5 3 109 116 119 9 128 12.56
3 0 7 0 9 4 3 108 109 110 2 155 11.51
4 0 1 1 7 7 3 108 111 116 2 176 8.26
8 0 4 10 3 6 2 112 117 9 182 9.13
7 0 3 6 7 3 3 118 124 126 14 163 7.17
8 0 2 4 0 5 3 114 118 123 5 158 6.88
6 0 2 0 5 5 3 112 113 120 15 111 11.81
8 0 3 6 1 4 2 114 123 21 157 6.91
2 0 0 6 3 8 2 115 119 21 114 7.4
9 1 0 0 0 0 2 115 121 29 178 10.01
9 0 8 0 4 10 1 125 38 135 12.78
8 1 0 0 0 0 2 122 123 14 144 9.34
7 1 0 0 0 0 2 118 126 17 138 6.81
10 1 0 0 0 0 1 120 24 148 10.18
5 0 4 5 10 0 3 121 124 126 23 185 10.71
9 0 10 0 2 5 1 122 34 132 7.4
9 0 3 0 10 5 1 122 38 208 8.4
7 0 6 3 4 5 1 125 47 173 11.06
7 0 0 6 5 2 1 125 29 205 11.03
3 0 3 4 2 0 1 127 28 128 8.19
9 0 9 6 9 2 1 127 54 168 7.94
9 0 9 2 5 9 1 127 28 195 12.56
1 0 0 0 0 0 0 63 146 9.09
1 0 0 0 0 0 3 129 130 131 0 147 9.87
8 0 10 5 3 0 2 135 139 1 116 12.06
6 0 0 3 0 6 3 133 134 143 1 137 10.9
8 0 0 8 3 6 3 132 136 147 1 125 11.24
6 0 9 5 2 10 3 134 140 142 9 176 9.53
8 0 5 0 0 4 1 149 7 186 10.3
6 0 2 6 0 0 1 137 15 167 11.72
2 0 3 2 2 5 2 155 158 9 128 11.5
8 0 3 9 10 4 2 146 150 9 125 8.04
2 1 0 0 0 0 3 138 141 146 21 194 7.69
4 1 0 0 0 0 2 144 145 23 138 10.89
7 0 4 10 0 9 3 141 147 156 9 159 12.4
4 0 6 2 10 0 3 148 149 156 15 183 12.15
3 1 0 0 0 0 1 154 23 170 9.35
7 0 0 8 9 3 3 146 152 153 15 182 9.24
5 0 4 0 10 1 2 148 149 7 174 9.44
5 0 0 8 9 4 1 151 27 177 7.06
3 1 0 0 0 0 2 150 154 27 130 9.32
10 1 0 0 0 0 2 151 154 23 195 7.31
7 0 2 9 0 0 1 152 16 151 9.11
8 0 2 7 2 8 2 152 153 19 123 8.0
6 1 0 0 0 0 2 153 155 19 147 11.5
2 0 1 2 7 0 1 151 30 136 11.2
3 0 4 3 10 0 2 156 158 33 152 9.7
10 0 4 1 0 0 2 157 158 27 194 12.27
3 1 0 0 0 0 1 157 27 196 12.36
8 0 5 0 7 0 1 155 33 182 12.38
4 0 0 9 10 7 1 157 41 160 9.02
4 0 6 4 4 8 1 159 36 125 8.19
5 0 1 0 0 4 1 159 45 187 6.92
4 0 2 3 8 9 1 159 37 133 10.24
1 0 0 0 0 0 0 50 187 6.77
1 0 0 0 0 0 3 161 162 163 0 168 12.91
10 0 0 9 0 0 2 174 175 1 160 12.34
9 0 2 0 0 0 3 164 166 167 1 143 10.9
3 0 0 6 0 0 1 165 1 165 12.79
5 0 3 0 0 0 3 169 176 188 10 157 9.3
5 0 0 0 4 0 3 168 169 173 4 162 9.42
1 0 0 0 4 0 1 172 10 151 12.63
1 0 0 7 0 0 2 168 171 10 171 12.5
5 0 0 0 10 0 3 170 179 185 11 113 9.35
5 1 0 0 0 0 1 175 15 154 12.4
6 0 0 0 3 0 1 182 16 193 7.4
4 0 6 0 0 0 3 172 174 176 11 161 11.65
10 1 0 0 0 0 2 177 182 15 168 8.18
4 0 0 4 0 0 3 179 181 186 9 108 8.95
10 1 0 0 0 0 3 178 180 184 15 137 6.87
1 0 0 0 5 0 2 184 190 20 155 7.37
5 1 0 0 0 0 3 177 180 189 15 155 7.61
4 0 0 5 0 0 1 179 25 168 8.61
8 0 0 0 0 6 3 183 185 188 25 155 10.2
3 0 0 0 5 0 1 190 29 142 12.27
8 0 0 10 0 0 1 185 25 146 11.88
4 0 0 6 0 0 2 183 187 13 115 9.78
1 0 0 0 4 0 3 183 184 187 25 138 7.4
4 0 0 0 1 0 1 189 33 178 12.87
4 0 0 10 0 0 1 189 26 190 6.58
1 0 0 8 0 0 1 190 33 151 8.76
7 0 0 0 7 0 1 187 13 162 8.88
4 0 0 0 0 6 1 188 26 165 9.14
2 0 0 0 0 10 1 191 33 198 9.47
1 0 0 4 0 0 1 191 37 161 12.13
2 0 0 0 0 5 1 191 34 201 8.95
1 0 0 0 0 0 0 38 151 7.31
1 0 0 0 0 0 3 193 194 195 0 146 9.9
3 0 1 0 0 0 2 196 203 1 157 10.39
8 0 8 0 0 0 2 205 217 1 140 11.48
7 0 0 0 0 3 3 201 202 219 1 183 7.65
9 0 0 0 2 0 3 197 199 211 4 131 7.76
4 0 0 0 7 0 3 198 200 216 13 134 10.15
9 1 0 0 0 0 3 206 207 212 17 137 7.61
6 0 0 0 9 0 3 204 205 214 13 121 10.03
8 1 0 0 0 0 3 204 209 212 17 163 9.54
8 0 10 0 0 0 2 208 210 8 104 10.18
10 0 0 0 1 0 2 204 211 8 116 12.8
10 0 0 0 0 7 1 214 4 173 7.8
5 0 0 0 2 0 1 213 25 150 9.72
1 1 0 0 0 0 3 207 213 216 19 154 10.38
2 0 0 4 0 0 1 220 26 136 8.5
3 0 0 0 9 0 1 222 26 129 7.58
1 1 0 0 0 0 2 218 221 16 157 11.07
3 0 0 7 0 0 1 213 25 187 12.52
8 1 0 0 0 0 3 212 215 216 16 173 10.24
3 0 7 0 0 0 2 215 218 18 166 8.05
9 0 0 9 0 0 2 217 221 26 149 12.31
2 0 0 0 0 9 1 215 30 150 8.61
2 1 0 0 0 0 2 217 219 19 116 11.66
6 0 0 0 0 8 1 222 32 133 12.28
3 0 0 0 3 0 2 218 221 24 142 8.28
1 0 6 0 0 0 1 222 35 190 8.18
10 0 2 0 0 0 1 220 27 192 11.28
9 0 7 0 0 0 1 220 21 183 6.92
1 0 0 0 0 1 1 223 37 174 11.15
2 0 0 8 0 0 1 223 35 198 10.2
1 0 0 0 0 8 1 223 38 178 12.19
1 0 0 0 0 0 0 39 177 7.79
1 0 0 0 0 0 3 225 226 227 0 138 9.28
4 0 0 9 0 0 3 228 235 242 1 109 12.5
5 0 0 0 7 0 2 232 238 1 108 9.52
10 0 2 0 0 0 3 229 230 233 1 167 7.59
8 0 0 0 0 8 3 231 237 240 5 146 7.66
8 0 0 0 0 6 2 236 237 11 125 7.3
5 0 0 0 9 0 3 238 239 247 11 181 11.55
7 1 0 0 0 0 1 236 13 158 7.35
8 0 0 0 0 3 3 237 240 242 6 157 11.78
3 0 0 0 0 1 3 234 238 245 11 187 6.67
9 0 0 2 0 0 1 241 14 128 10.16
3 0 0 0 0 9 1 245 5 118 11.07
6 0 0 0 2 0 1 249 20 116 13.1
6 0 0 5 0 0 3 239 246 252 19 113 12.63
8 1 0 0 0 0 1 243 16 149 11.51
6 0 0 0 8 0 1 253 25 143 9.05
10 0 8 0 0 0 2 250 252 14 158 11.77
2 1 0 0 0 0 1 244 23 191 11.61
6 0 0 1 0 0 2 246 247 14 108 11.7
6 1 0 0 0 0 2 249 251 24 119 8.22
4 0 0 0 0 9 2 248 254 25 153 7.49
1 1 0 0 0 0 2 246 251 14 145 11.24
2 1 0 0 0 0 1 248 25 119 10.21
8 0 0 0 8 0 3 249 250 251 20 183 10.89
5 0 0 8 0 0 1 250 29 195 10.35
3 0 0 0 0 1 2 252 254 30 171 7.2
5 0 0 2 0 0 1 253 34 190 7.83
1 0 0 0 9 0 2 253 254 30 149 12.83
3 0 0 0 0 3 1 255 33 152 7.41
9 0 0 0 0 2 1 255 39 132 7.91
2 0 10 0 0 0 1 255 33 139 10.94
1 0 0 0 0 0 0 48 163 6.61
1 0 0 0 0 0 3 257 258 259 0 143 7.65
4 0 1 0 0 1 3 261 269 278 1 148 8.88
6 0 3 0 9 0 3 260 263 264 1 129 12.46
9 0 4 0 9 0 3 264 266 272 1 109 12.64
1 0 0 3 9 8 3 267 272 279 7 114 7.36
1 0 7 0 9 10 3 262 264 265 5 167 6.76
3 0 3 8 0 10 3 263 267 276 6 154 9.83
10 0 4 1 7 6 2 277 285 9 153 11.66
9 0 6 3 3 3 3 270 277 279 10 159 9.27
7 0 2 0 9 9 2 267 273 6 166 8.35
3 0 4 3 9 3 3 268 270 274 10 177 8.21
4 1 0 0 0 0 2 271 275 13 105 12.26
6 0 5 3 3 10 3 271 278 279 13 149 11.48
3 0 5 0 0 7 3 270 274 281 5 109 6.58
7 1 0 0 0 0 2 275 276 19 196 10.12
4 0 0 7 2 3 1 281 19 170 11.12
2 1 0 0 0 0 2 278 286 10 129 9.69
9 1 0 0 0 0 3 274 275 281 13 187 12.34
1 0 1 0 0 5 3 276 277 283 22 186 11.1
7 1 0 0 0 0 1 280 26 192 11.04
7 0 5 6 2 10 2 282 285 26 180 12.84
2 0 10 0 4 3 1 286 23 179 7.16
1 1 0 0 0 0 2 280 284 19 151 8.15
4 1 0 0 0 0 3 280 282 284 19 114 9.12
5 0 0 3 8 9 1 283 33 169 11.67
7 1 0 0 0 0 3 282 283 284 23 194 10.81
2 0 10 5 3 4 1 286 33 130 6.79
1 0 8 4 2 0 1 285 38 191 11.53
8 0 8 9 7 0 1 287 30 168 8.16
9 0 8 2 1 10 1 287 39 159 10.64
10 0 4 0 8 6 1 287 35 205 8.91
1 0 0 0 0 0 0 48 203 6.77
1 0 0 0 0 0 3 289 290 291 0 102 9.28
8 0 7 9 9 5 2 292 293 1 144 7.39
9 0 3 4 8 1 3 296 309 311 1 131 11.08
7 0 1 3 10 3 3 292 296 300 1 121 9.65
6 0 1 1 10 10 3 294 297 302 9 187 9.25
9 0 10 6 10 1 2 294 296 9 131 9.63
4 0 6 2 1 4 3 295 299 303 18 192 8.08
10 1 0 0 0 0 3 298 301 304 22 182 8.81
5 0 3 9 2 2 3 305 306 312 18 109 9.97
2 0 1 2 7 9 3 310 313 314 15 181 7.26
1 0 6 3 1 5 3 306 308 309 32 196 7.25
8 1 0 0 0 0 2 301 308 22 168 7.66
5 0 7 1 2 10 3 301 303 312 8 111 11.57
1 1 0 0 0 0 3 305 306 311 32 153 7.85
9 0 10 5 2 9 3 303 307 317 15 119 9.39
10 1 0 0 0 0 1 313 24 147 11.89
6 1 0 0 0 0 3 305 307 308 32 162 8.02
5 0 4 1 7 7 1 314 38 151 9.8
1 1 0 0 0 0 2 314 315 33 204 10.81
3 0 1 7 8 6 2 309 312 38 186 12.1
4 0 1 7 8 6 2 310 311 38 129 11.88
4 0 7 7 9 10 2 310 315 41 161 10.13
7 0 9 8 9 3 1 318 45 156 10.13
3 0 5 3 3 1 2 313 317 42 194 10.88
4 0 9 9 8 7 1 316 41 167 7.7
1 0 7 8 6 7 2 315 318 45 150 12.3
6 0 8 4 4 4 3 316 317 318 43 199 7.27
5 0 9 6 2 9 1 316 46 146 10.29
1 0 9 1 3 8 1 319 51 174 9.79
3 0 6 5 3 6 1 319 49 142 10.31
7 0 3 4 1 1 1 319 52 168 8.6
1 0 0 0 0 0 0 59 179 10.8
1 0 0 0 0 0 3 321 322 323 0 91 10.03
6 0 3 0 0 9 3 326 328 338 1 165 11.81
3 0 7 0 0 8 2 328 329 1 167 10.72
6 0 0 0 0 9 3 324 330 332 1 147 6.87
7 0 0 4 0 9 3 325 326 328 7 130 8.9
9 0 0 5 0 9 3 333 336 339 14 109 9.76
10 0 3 0 0 7 3 327 331 335 14 145 10.81
9 0 0 0 5 0 2 336 345 24 178 10.53
2 0 5 0 0 1 3 334 335 336 14 121 13.03
6 0 0 0 0 10 3 330 333 339 4 138 8.06
3 0 6 2 2 0 2 338 346 10 176 12.34
3 1 0 0 0 0 3 334 337 342 24 131 9.59
4 0 5 4 0 0 3 340 342 347 7 127 9.38
9 1 0 0 0 0 3 338 342 343 23 156 9.23
7 1 0 0 0 0 3 340 341 344 27 139 6.67
4 0 0 0 7 0 3 341 343 350 24 120 6.71
1 1 0 0 0 0 3 343 346 348 33 172 11.01
1 1 0 0 0 0 2 339 344 27 183 6.6
6 0 0 10 0 0 2 340 350 32 174 12.01
10 1 0 0 0 0 2 341 350 28 181 12.51
4 1 0 0 0 0 1 345 38 197 13.0
10 0 7 3 10 8 3 345 346 347 38 147 10.84
2 1 0 0 0 0 1 348 32 172 8.59
6 0 0 8 0 3 2 344 347 34 162 10.02
6 0 3 0 3 1 1 349 40 150 9.92
10 0 3 3 2 0 1 348 48 183 10.42
8 0 7 8 3 0 1 349 48 142 10.34
2 0 4 0 0 0 1 349 48 178 9.34
8 0 10 4 0 0 1 351 58 183 12.5
10 0 4 6 10 0 1 351 56 197 10.97
5 1 0 0 0 0 1 351 38 127 7.87
1 0 0 0 0 0 0 66 148 7.05
1 0 0 0 0 0 3 353 354 355 0 125 9.16
9 0 4 0 0 0 3 356 358 372 1 134 8.72
5 0 6 0 2 0 3 359 360 361 1 139 12.23
6 0 5 0 10 1 2 366 372 1 168 10.54
1 0 8 0 0 3 3 357 363 364 10 101 8.56
9 1 0 0 0 0 3 362 367 380 11 114 10.25
9 0 3 0 0 6 3 362 364 371 10 108 7.15
3 0 5 0 2 3 2 365 372 6 159 10.16
10 0 0 9 9 0 1 374 6 166 7.71
5 0 6 5 0 0 1 362 6 143 9.51
5 0 6 7 0 2 1 366 20 171 7.48
1 0 0 8 9 0 2 365 366 11 113 12.42
2 1 0 0 0 0 1 369 19 156 10.82
7 0 0 0 0 7 3 368 376 377 12 115 10.09
1 0 9 7 8 0 3 368 370 381 25 171 11.98
6 1 0 0 0 0 3 370 371 379 20 129 9.85
1 0 2 0 0 7 1 382 26 143 12.64
8 0 10 7 0 0 3 373 374 378 21 132 8.42
2 0 6 2 0 0 1 375 26 138 6.77
1 0 0 10 8 0 1 377 26 130 8.23
5 1 0 0 0 0 1 380 10 186 8.34
9 1 0 0 0 0 2 375 377 29 126 10.65
2 0 10 0 0 0 3 375 379 380 29 197 11.88
6 0 0 0 5 2 1 382 38 207 8.92
9 0 2 0 8 2 1 378 19 119 12.85
2 0 0 2 1 3 2 381 382 38 206 6.85
1 0 0 9 0 0 1 379 29 199 7.01
3 0 0 0 8 0 1 381 31 174 9.3
6 0 0 0 10 0 1 383 31 132 10.88
7 0 1 3 6 8 1 383 40 134 10.37
10 0 0 9 0 4 1 383 44 147 8.27
1 0 0 0 0 0 0 54 168 9.1
1 0 0 0 0 0 3 385 386 387 0 122 8.11
5 0 10 4 6 3 1 397 1 154 10.04
5 0 2 4 4 10 2 406 414 1 117 11.98
1 0 6 4 7 4 3 388 398 402 1 176 10.78
4 0 5 4 9 8 3 389 390 394 2 104 8.28
6 0 7 1 9 10 1 392 6 163 8.13
3 0 5 10 5 9 3 391 393 395 6 158 7.96
4 0 1 3 7 2 1 401 9 185 6.67
4 0 7 5 6 9 1 405 12 129 10.44
3 0 2 4 2 2 2 407 413 9 177 8.75
8 0 7 7 10 8 2 400 410 6 114 12.59
3 0 3 8 5 6 3 396 399 403 9 149 8.7
3 0 1 7 5 4 2 410 411 12 180 11.9
4 0 2 3 5 2 1 398 6 167 12.58
9 0 10 3 3 2 2 405 413 10 159 9.52
8 0 10 10 2 10 2 400 411 12 187 12.65
3 1 0 0 0 0 1 408 20 172 7.88
9 1 0 0 0 0 1 409 13 147 11.62
6 0 9 4 2 4 2 403 412 2 137 13.04
4 0 6 4 1 4 1 404 12 109 10.25
7 1 0 0 0 0 1 410 16 144 8.45
3 0 6 7 7 2 1 409 19 111 6.69
10 0 8 4 4 4 1 408 6 136 10.75
5 0 6 2 9 4 1 412 12 156 11.03
1 0 1 9 4 8 1 412 23 183 7.4
8 0 8 9 5 3 1 414 22 157 8.39
3 0 5 9 8 5 1 414 23 143 8.95
10 0 4 5 6 6 1 413 20 150 11.75
10 0 7 10 10 7 1 415 24 202 12.96
7 0 4 10 5 4 1 415 30 131 8.12
6 0 1 1 7 2 1 415 30 175 10.37
1 0 0 0 0 0 0 37 146 9.06
1 0 0 0 0 0 3 417 418 419 0 103 7.44
9 0 0 0 1 7 3 421 424 429 1 114 6.99
8 0 0 1 0 0 3 422 423 425 1 132 8.56
3 0 10 0 1 0 3 420 435 438 1 164 7.17
9 0 0 0 1 6 2 425 433 4 137 11.13
1 0 4 3 6 0 3 431 432 439 10 167 8.62
5 0 6 0 0 0 1 426 9 137 7.43
5 0 0 0 2 0 2 428 430 9 182 10.5
4 0 0 0 0 4 2 441 445 10 142 10.68
9 0 0 5 10 10 2 427 442 13 110 10.64
10 0 1 0 10 2 3 428 443 444 14 194 11.42
2 0 8 0 0 0 3 430 432 443 22 116 11.07
1 1 0 0 0 0 3 433 438 440 24 146 8.38
1 0 0 9 0 0 2 430 437 10 178 9.27
8 1 0 0 0 0 2 434 436 24 166 9.7
8 1 0 0 0 0 2 433 436 11 118 10.79
7 1 0 0 0 0 1 436 24 168 9.14
9 0 3 9 0 0 1 445 25 157 10.36
4 0 4 8 0 7 1 439 32 147 13.0
1 0 0 0 6 6 3 439 441 443 4 109 11.31
9 0 0 9 6 8 1 446 32 141 8.44
10 0 0 2 4 0 3 440 441 442 11 120 8.75
4 1 0 0 0 0 1 445 25 199 11.55
5 0 0 9 1 0 1 440 36 198 9.59
5 0 0 0 0 8 1 446 41 134 10.48
8 0 0 0 0 6 1 444 21 138 7.81
2 1 0 0 0 0 1 444 22 125 10.83
8 0 9 1 0 0 1 446 24 122 10.35
9 0 4 6 7 0 1 447 29 134 10.51
5 0 6 8 3 0 1 447 34 126 8.9
3 0 5 7 0 10 1 447 46 175 7.78
1 0 0 0 0 0 0 49 167 9.03
80.37 80.95 79.75 80.91 85.85 103.3 135.18 152.87 135.96 107.38 90.62 87.9 64.65 36.35 50.21 70.56 100.22 146.43 176.5 170.0 141.5 119.19 108.11 93.5 92.2 89.99 92.64 89.77 96.35 112.01 140.16 136.68 106.52 74.26 32.93 2.24 3.38 4.28 8.44 63.68 98.36 143.47 171.92 167.11 143.45 123.77 117.17 103.62 108.77 105.01 103.52 102.61 107.33 124.46 160.27 148.08 108.95 45.9 34.23 2.48 1.42 2.18 5.6 66.88 112.16 156.99 250.73 220.41 176.68 141.18 126.84 112.23 119.77 104.88 101.26 102.34 106.05 122.29 148.32 142.04 100.27 79.23 38.56 3.42 0.43 0.65 16.83 80.13 121.72 157.59 278.23 250.3 161.79 138.78 128.17 120.61 127.07 117.53 114.42 108.26 112.54 131.38 162.72 148.8 111.39 74.75 43.62 7.37 1.26 0.09 3.73 64.19 122.15 137.1 150.0 190.0 177.0 100.0 100.0 95.0 90.0 94.1 94.1 99.93 100.0 103.15 90.0 69.75 43.24 33.7 13.24 11.81 17.64 27.61 42.51 70.0 75.8 118.97 159.8 157.46 147.1 84.14 77.04 65.04 32.68 35.14 43.85 42.35 42.39 42.14 44.71 36.24 27.91 23.25 13.78 9.6 13.49 5.01 11.46 42.78 86.51 126.61 142.0 143.02 141.47 130.65 126.32 114.24 111.25 107.14 101.8 98.77 101.77 119.72 141.87 164.45 162.19 135.43 111.32 108.5 102.79 104.17 111.1 119.7 132.69 155.06 213.73 193.29 161.93 138.95 125.58 115.16 102.54 102.02 100.38 103.72 103.19 108.48 137.76 142.87 138.87 114.85 109.0 103.71 93.5 94.53 100.01 100.01 110.8 143.56 174.98 172.26 148.6 122.35 116.87 102.05 101.02 98.25 97.78 97.52 96.03 101.06 129.4 142.88 137.46 111.86 100.0 96.64 94.94 84.72 93.5 99.43 111.16 136.34 163.91 169.94 154.77 130.25 121.35 109.11 104.93 99.04 97.8 98.85 97.43 105.11 130.6 140.15 123.5 89.92 78.92 45.58 32.04 14.8 46.3 77.86 96.71 130.06 160.0 171.79 141.87 124.68 113.35 100.96 90.74 79.4 79.02 79.38 79.93 106.94 129.4 122.2 102.08 77.75 60.6 34.0 35.37 40.32 62.46 75.98 105.0 132.77 166.87 166.38 149.33 126.25 118.04 110.0 115.44 105.36 97.93 97.71 97.75 93.74 99.2 99.81 96.13 80.27 101.5 98.68 95.42 51.42 50.38 68.42 76.25 102.14 148.13 154.14 127.06 101.09 83.21 68.77 46.26 15.89 15.89 5.09 1.2 0.09 0.89 0.95 1.39 0.08 -2.47 -8.16 -17.1 -24.5 -24.94 -12.61 -4.04 5.14 65.07 93.23 95.13 85.69 81.97 57.17 71.58 64.89 65.26 68.65 70.9 94.42 125.84 169.5 176.15 135.51 112.24 102.19 90.43 84.31 75.01 72.83 80.68 106.15 136.55 193.78 177.12 135.68 115.62 102.34 102.04 95.83 93.8 94.79 92.6 102.04 131.25 178.53 159.37 109.28 87.69 73.78 61.16 25.46 28.64 41.86 77.51 87.79 126.85 161.74 140.4 113.1 96.67 80.29 69.27 68.67 68.58 70.01 71.02 84.43 117.5 152.77 125.47 85.45 61.22 39.44 31.11 19.09 17.03 28.63 68.17 68.49 105.0 141.27 127.01 103.68 85.81 73.64 68.47 69.66 68.55 70.4 73.84 95.81 134.77 165.0 133.3 79.11 41.0 0.19 -0.95 -7.15 -5.04 1.15 25.91 79.02 141.28 184.01 174.44 139.91 114.52 105.62 110.0 104.92 105.1 105.33 108.46 114.3 154.79 182.25 140.78 96.23 65.17 7.82 0.0 -1.13 -1.07 -0.05 31.05 79.84 128.71 172.61 159.72 120.3 103.31 96.97 109.19 102.92 99.91 100.48 99.46 98.29 103.63 107.23 100.41 57.45 0.66 -0.85 -21.04 -47.34 -49.39 -29.98 -3.31 5.16 72.68 95.83 89.0 78.93 78.99 68.75 70.45 61.66 63.51 69.45 71.21 78.88 78.18 79.73 42.41 0.1 -2.02 -27.76 -60.4 -104.76 -109.67 -66.68 -17.81 11.14 118.37 136.1 135.48 123.12 113.13 101.14 88.35 86.84 83.37 85.41 87.18 100.46 132.06 176.44 144.5 108.02 84.23 64.57 27.99 23.89 30.0 65.29 83.54 105.14 131.7 173.84 164.32 137.8 116.32 102.52 94.89 88.85 90.16 91.48 93.25 108.74 146.31 180.55 136.77 91.31 81.16 81.04 50.08 47.9 59.1 65.55 78.47 92.0 115.0 173.66 174.75 140.84 122.64 107.28 108.64 99.74 97.29 97.64 98.63 114.12 158.07 175.56 131.56 100.44 84.16 66.16 15.48 11.03 26.56 48.59 72.36 89.44 102.39 125.0 130.89 105.0 98.55 100.49 94.84 92.22 91.47 90.69 93.35 101.32 137.63 174.11 136.88 103.38 87.12 68.25 39.09 2.49 0.08 2.22 64.43 72.67 105.23 153.82 157.98 101.14 85.74 83.58 74.31 70.36 64.32 64.99 67.44 88.93 114.0 111.57 90.0 61.39 13.78 0.22 -1.39 -5.06 -4.33 -0.1 15.07 65.62 115.85 140.11 161.49 135.22 123.11 108.14 109.28 105.89 102.31 99.94 100.8 100.77 105.85 101.16 96.91 68.05 20.19 0.0 -8.45 -34.11 -36.54 -14.41 -0.19 61.75 112.99 151.66 139.9 99.59 78.0 45.94 53.65 44.72 41.89 41.54 31.8 33.0 35.93 27.75 13.15 8.43 0.0 -0.02 -3.32 -18.84 -25.38 -9.93 -0.01 20.31 100.0 123.71 120.0 109.0 104.94 96.64 89.92 84.78 84.1 84.37 86.9 99.45 125.0 152.11 144.03 107.54 95.55 76.31 60.49 61.64 66.22 75.8 84.6 99.0 124.29 185.27 158.68 106.12 83.42 79.36 77.96 76.79 70.01 67.27 69.42 75.27 85.46 95.0 100.0 95.0 70.41 92.74 91.28 90.01 80.01 75.01 69.89 86.57 108.76 137.32 145.94 113.58 105.8 97.2 89.32 83.81 84.44 84.93 88.01 103.34 124.04 135.68 109.94 82.49 59.41 37.67 19.62 12.15 13.1 31.9 65.62 94.94 118.39 157.87 154.65 121.83 109.97 98.59 90.44 85.33 83.48 82.34 83.84 90.43 109.6 123.17 124.43 90.0 61.14 45.95 43.0 40.84 36.53 74.14 87.15 100.0 114.39 131.02 124.3 114.17 98.9 96.72 90.26 81.14 78.44 77.73 77.6 77.4 80.0 86.52 88.46 89.0 88.96 86.31 77.82 67.28 65.05 67.51 77.77 91.86 106.14 126.23 133.75 118.8 108.83 101.95 91.61 81.89 86.4 84.44 86.95 92.98 97.71 94.12 82.13 59.9 19.4 4.54 0.0 -2.72 -6.57 -0.78 0.2 66.51 105.94 130.84 149.1 130.44 111.58 99.44 101.48 96.74 97.58 98.3 98.66 103.07 103.5 86.91 63.7 5.8 -0.69 -30.5 -80.69 -84.89 -54.65 -7.53 0.0 68.65 107.04 116.77 142.51 133.91 121.69 110.95 107.96 98.59 95.84 95.98 98.32 98.32 95.72 89.98 79.86 55.56 18.77 9.09 -14.57 -22.49 -0.94 9.53 47.56 84.28 101.2 121.53 139.09 132.1 122.77 106.49 96.63 89.22 87.89 85.33 85.04 98.71 122.53 151.54 140.71 104.45 93.4 83.43 77.19 66.99 71.71 78.64 83.86 101.6 132.36 206.14
