448 5
1 23 32 31 26
1 0 0 0 0 0 3 1 2 3 0 160 12.25
5 0 0 0 9 0 3 4 9 21 1 167 8.98
1 0 0 0 0 4 3 15 17 25 1 112 8.6
7 0 0 0 0 7 3 5 7 8 1 112 9.13
6 0 0 0 0 10 3 5 6 8 6 141 12.11
8 0 0 0 0 1 3 11 14 24 12 122 7.15
6 0 0 7 0 0 3 12 16 18 12 107 7.78
10 0 0 0 0 10 3 9 10 15 8 168 9.12
2 0 0 0 0 8 3 11 16 18 12 142 10.04
7 0 8 0 0 0 2 14 20 18 152 10.38
6 0 9 0 0 0 3 13 18 24 18 177 9.72
2 0 0 0 6 0 2 17 20 20 178 10.04
3 0 0 0 0 5 3 20 22 24 18 149 10.36
8 1 0 0 0 0 3 14 16 19 24 157 7.61
4 1 0 0 0 0 3 22 23 28 32 181 9.85
1 0 0 0 0 10 2 19 30 18 134 10.85
4 1 0 0 0 0 3 17 27 28 32 199 9.04
2 1 0 0 0 0 1 23 36 168 8.24
2 0 6 0 0 0 2 22 23 24 134 10.62
10 0 0 0 0 3 1 21 32 171 11.62
6 1 0 0 0 0 2 25 26 25 123 9.02
10 0 10 0 0 0 1 27 42 164 11.07
8 0 0 0 8 0 2 26 29 36 194 6.66
2 1 0 0 0 0 1 26 38 183 8.21
8 1 0 0 0 0 3 25 27 28 24 133 7.1
9 1 0 0 0 0 2 29 30 32 166 7.18
10 0 0 8 0 0 1 30 44 211 10.41
7 0 0 0 0 4 1 29 52 194 10.75
3 0 0 9 0 0 1 31 36 203 10.75
6 0 0 0 5 0 1 31 59 222 8.36
8 0 0 0 1 0 1 31 54 172 10.79
1 0 0 0 0 0 0 65 215 10.32
1 0 0 0 0 0 3 33 34 35 0 146 10.86
9 0 0 4 0 10 3 36 38 42 1 126 11.9
5 0 0 2 0 9 2 39 61 1 147 7.31
9 0 1 10 0 0 3 40 46 52 1 152 7.72
8 0 10 1 9 7 3 37 47 51 10 118 11.51
6 1 0 0 0 0 1 53 18 164 7.02
3 0 9 0 0 10 2 44 45 10 131 10.41
10 0 0 0 0 3 2 41 46 6 171 6.85
10 0 0 5 2 0 2 43 56 10 121 10.29
8 0 0 0 9 0 2 48 50 16 137 10.03
3 0 1 0 2 0 1 45 10 99 10.36
9 1 0 0 0 0 2 57 61 20 119 6.79
1 1 0 0 0 0 2 47 53 13 118 6.75
7 1 0 0 0 0 2 57 58 13 135 8.78
1 0 5 0 3 9 1 49 16 165 6.75
4 0 5 7 8 8 1 48 18 140 11.38
7 1 0 0 0 0 1 54 24 139 9.73
1 0 1 5 0 0 1 60 17 172 10.61
2 0 1 0 7 0 2 56 59 24 153 10.31
1 1 0 0 0 0 1 61 18 110 9.22
8 0 4 0 9 0 1 56 10 121 8.37
8 0 5 0 9 7 1 55 24 115 8.71
9 0 4 0 2 0 1 62 31 139 12.09
7 0 2 0 9 0 1 57 32 143 10.92
6 1 0 0 0 0 1 58 26 176 9.12
10 0 5 4 0 6 1 60 39 189 8.36
9 0 0 8 4 0 1 60 32 171 12.27
5 1 0 0 0 0 1 62 26 193 7.18
8 0 10 0 3 6 1 63 49 216 9.49
4 0 9 0 0 0 1 63 29 137 10.76
4 0 0 1 0 5 1 63 40 197 8.38
1 0 0 0 0 0 0 57 188 9.46
1 0 0 0 0 0 3 65 66 67 0 105 11.52
10 0 10 10 10 0 3 74 78 80 1 121 11.27
9 0 10 9 2 0 3 68 69 70 1 179 8.63
4 0 2 9 0 0 3 73 76 77 1 92 8.68
8 0 4 9 7 0 3 71 75 91 10 173 12.49
1 0 6 9 5 1 3 73 77 82 10 150 6.76
5 0 10 2 9 0 3 73 83 89 10 120 10.87
8 0 3 3 8 0 2 72 74 18 169 11.01
1 0 6 7 5 2 3 76 79 88 26 173 10.21
7 0 2 1 2 7 2 75 91 15 167 10.38
9 1 0 0 0 0 3 81 82 84 26 136 11.31
6 0 9 9 2 4 3 80 81 85 22 167 7.09
4 0 6 8 2 8 3 78 87 90 27 162 9.3
10 0 10 3 0 9 3 83 84 91 11 183 7.41
2 1 0 0 0 0 2 86 89 31 116 12.24
9 1 0 0 0 0 3 80 81 84 27 145 9.43
5 1 0 0 0 0 1 94 36 204 8.27
1 1 0 0 0 0 3 86 87 90 36 145 7.5
6 0 5 0 4 3 3 83 86 88 35 128 10.26
10 1 0 0 0 0 2 85 87 41 149 12.41
6 1 0 0 0 0 1 85 36 142 9.06
9 0 9 3 10 10 2 90 94 51 169 7.12
2 1 0 0 0 0 2 92 93 41 182 6.41
5 0 1 5 5 3 1 92 51 165 11.17
10 0 9 9 6 4 2 89 92 41 156 6.28
8 0 0 0 1 6 1 94 51 181 8.74
10 0 0 9 8 3 1 93 60 201 8.09
5 1 0 0 0 0 1 93 22 119 10.29
2 0 4 0 9 9 1 95 56 177 9.96
6 0 5 1 0 1 1 95 70 220 9.01
1 0 2 5 0 0 1 95 60 151 8.07
1 0 0 0 0 0 0 76 180 6.81
1 0 0 0 0 0 3 97 98 99 0 87 9.65
8 0 9 4 10 10 1 102 1 171 7.9
7 0 5 7 2 7 3 100 105 112 1 107 11.51
9 0 5 9 3 10 3 100 101 122 1 104 10.14
10 0 9 5 10 3 1 103 10 172 11.98
3 0 1 10 7 2 3 104 106 112 10 112 11.76
9 0 1 1 7 3 3 107 110 113 9 165 9.14
7 1 0 0 0 0 2 114 120 20 150 9.69
8 1 0 0 0 0 2 108 115 13 147 8.88
8 0 9 1 9 5 3 107 110 113 8 117 10.2
2 0 5 7 6 7 3 109 111 118 13 145 7.79
4 0 6 4 8 3 2 116 123 18 107 7.79
7 0 8 3 7 7 2 109 121 21 167 10.52
4 0 8 4 8 2 1 124 28 124 9.06
4 1 0 0 0 0 2 122 126 18 144 8.21
10 0 3 8 1 3 3 113 114 119 15 158 11.13
6 0 7 2 3 10 1 115 13 133 10.74
10 1 0 0 0 0 3 120 121 125 25 163 9.18
4 1 0 0 0 0 1 124 27 148 9.6
8 0 1 4 6 8 1 117 21 116 7.14
3 1 0 0 0 0 3 118 122 125 22 192 6.28
5 0 10 5 10 1 3 118 121 123 29 146 11.27
2 0 4 1 8 9 1 120 34 191 10.44
10 0 8 3 8 6 1 123 25 139 7.13
7 0 7 2 6 6 1 126 36 125 8.9
5 0 9 1 5 10 1 126 35 147 6.34
10 0 2 10 6 8 1 124 25 198 10.15
7 0 8 2 2 4 1 125 35 187 6.48
8 0 3 1 6 9 1 127 35 171 9.82
2 0 6 4 2 4 1 127 42 125 9.71
1 0 6 2 3 4 1 127 43 128 9.15
1 0 0 0 0 0 0 44 160 11.58
1 0 0 0 0 0 3 129 130 131 0 116 7.28
2 0 9 0 0 0 3 137 139 140 1 167 8.17
8 0 0 6 0 0 3 136 141 142 1 131 8.66
3 0 0 8 0 0 3 132 133 135 1 131 10.51
9 0 0 0 0 9 3 134 137 138 4 145 8.52
7 0 0 6 0 0 3 142 152 155 4 126 7.47
7 0 0 1 0 0 2 143 147 13 115 7.75
10 0 0 0 0 4 3 139 144 146 4 133 7.97
3 0 2 0 0 0 2 137 146 9 156 6.62
3 0 2 0 0 0 3 145 152 153 13 116 11.65
10 0 4 0 0 0 3 140 141 146 13 167 7.59
8 0 0 9 0 0 3 143 150 153 14 137 7.29
10 0 0 1 0 0 2 142 147 23 175 6.45
9 0 0 0 9 0 3 143 144 154 23 125 10.11
10 1 0 0 0 0 2 145 153 33 169 8.89
9 1 0 0 0 0 2 148 156 32 204 9.82
4 0 0 0 1 0 2 145 147 32 170 12.02
7 0 0 0 0 9 1 150 43 140 6.35
3 0 0 10 0 0 3 151 154 155 23 172 7.01
10 0 10 0 0 0 3 148 150 155 36 181 10.88
8 0 0 0 0 10 1 149 46 168 7.84
9 0 0 0 2 0 2 151 152 54 149 8.1
7 0 0 0 0 6 1 151 50 180 12.12
1 0 0 9 0 0 1 157 63 167 9.39
1 0 4 0 0 0 2 157 158 63 166 10.32
2 0 7 0 0 0 2 154 158 43 201 10.53
2 0 0 7 0 0 1 156 45 169 9.9
1 0 0 0 0 9 3 156 157 158 46 207 7.39
7 0 0 7 0 0 1 159 47 149 6.35
2 0 1 0 0 0 1 159 64 201 9.08
4 0 9 0 0 0 1 159 64 158 10.61
1 0 0 0 0 0 0 68 180 7.0
1 0 0 0 0 0 3 161 162 163 0 144 8.68
6 0 1 7 6 0 2 168 170 1 162 7.46
5 0 0 0 0 4 3 164 167 169 1 111 10.06
7 0 0 6 9 5 3 165 169 177 1 161 11.96
7 0 9 8 6 0 1 179 6 170 11.5
4 0 0 5 7 0 3 166 170 172 8 135 10.13
9 0 5 0 3 5 1 168 12 139 8.41
9 0 6 5 0 8 1 171 6 145 10.2
5 1 0 0 0 0 3 175 180 183 21 189 9.47
4 0 5 0 9 0 1 174 8 144 7.71
2 0 1 10 0 5 1 184 12 101 10.24
10 0 0 2 7 10 2 176 183 15 149 11.2
7 1 0 0 0 0 1 173 12 115 10.86
7 0 5 10 0 8 3 178 181 190 19 169 11.11
1 0 4 1 3 3 2 176 187 12 151 9.83
3 0 5 5 1 10 2 179 186 26 187 12.27
6 0 2 2 7 5 1 181 25 182 8.14
2 0 1 4 9 0 2 188 189 8 136 10.84
5 0 9 10 7 0 1 184 26 189 10.36
10 0 8 0 6 7 1 187 29 184 9.45
4 1 0 0 0 0 1 182 26 113 10.55
1 0 9 0 9 7 1 186 31 124 6.3
4 0 8 6 2 1 1 187 30 173 9.66
8 0 1 8 8 5 1 189 26 167 10.22
2 0 0 9 5 2 1 185 31 167 8.73
7 0 10 1 6 10 1 189 33 145 8.8
3 0 9 3 7 7 1 188 32 141 9.77
9 0 6 0 5 9 1 190 39 207 12.12
9 0 5 10 2 0 1 191 35 153 8.03
3 0 1 0 9 9 1 191 40 134 6.65
5 0 0 0 3 0 1 191 48 133 9.06
1 0 0 0 0 0 0 53 178 12.21
1 0 0 0 0 0 3 193 194 195 0 147 7.87
2 0 6 0 0 0 3 196 212 213 1 95 8.59
6 0 0 0 1 0 2 199 205 1 164 8.68
4 0 0 4 0 0 3 197 198 200 1 151 8.9
1 0 10 0 0 0 3 202 209 211 3 131 7.72
5 0 0 0 2 0 1 207 5 170 9.11
9 0 1 0 0 0 3 201 202 207 5 135 7.14
2 0 0 0 3 0 2 203 217 7 130 8.93
6 0 0 8 0 0 3 204 211 213 5 111 7.01
2 0 0 0 0 5 3 212 216 220 14 126 10.63
1 0 3 0 0 0 3 206 208 218 14 102 9.5
10 0 0 0 0 3 3 204 210 215 9 135 6.48
4 1 0 0 0 0 1 208 19 116 7.53
10 0 0 1 0 0 1 210 7 168 6.63
5 0 0 0 6 0 1 214 15 106 6.59
3 0 0 0 1 0 3 212 214 216 14 123 9.4
1 0 9 0 0 0 1 220 23 112 12.45
9 0 0 0 2 0 2 216 220 4 151 8.12
7 1 0 0 0 0 3 213 214 218 19 121 10.16
9 0 0 0 0 4 1 221 11 162 6.83
8 1 0 0 0 0 1 215 17 140 11.11
7 1 0 0 0 0 1 219 26 182 12.15
4 1 0 0 0 0 2 219 221 26 189 6.56
4 1 0 0 0 0 2 218 222 25 124 12.14
8 0 0 0 0 8 1 217 17 119 8.09
4 0 0 0 4 0 1 219 25 130 10.02
3 1 0 0 0 0 1 221 29 173 10.88
10 0 0 0 6 0 1 222 33 150 12.11
6 0 8 0 0 0 1 223 24 167 7.77
10 0 0 0 4 0 1 223 32 181 9.99
7 0 0 5 0 0 1 223 43 150 12.42
1 0 0 0 0 0 0 50 176 8.22
1 0 0 0 0 0 3 225 226 227 0 147 10.87
9 0 0 4 0 0 3 231 241 244 1 141 7.13
3 0 9 0 0 0 3 228 232 238 1 92 10.6
1 0 0 4 0 0 3 229 230 246 1 139 8.76
7 0 0 6 0 0 2 242 250 4 132 10.26
4 0 0 0 8 0 3 238 241 254 2 102 12.49
3 0 0 0 1 0 1 254 2 155 9.85
6 0 0 0 5 0 1 245 10 183 6.45
6 0 0 0 9 0 3 233 235 244 4 112 11.22
3 0 0 0 10 0 3 234 237 245 10 121 7.99
8 0 3 0 0 0 1 236 13 178 8.78
6 0 0 0 0 2 1 252 10 160 11.99
1 1 0 0 0 0 3 240 243 248 21 116 9.78
9 0 0 0 2 0 3 239 248 249 13 132 9.43
6 0 10 0 0 0 2 248 250 6 153 9.64
3 1 0 0 0 0 1 242 22 120 12.41
2 0 4 0 0 0 3 242 246 251 22 190 12.03
5 0 0 0 4 0 3 245 249 250 10 142 11.65
3 1 0 0 0 0 2 247 253 25 119 10.23
4 1 0 0 0 0 2 247 249 22 159 7.79
7 0 0 0 0 3 1 246 10 176 8.65
3 0 0 6 0 0 1 251 16 119 12.39
6 1 0 0 0 0 1 247 24 152 11.48
6 0 0 0 0 9 1 254 30 155 9.88
7 0 0 4 0 0 1 252 22 146 7.91
9 0 0 5 0 0 1 253 26 149 10.88
8 1 0 0 0 0 2 251 252 15 133 6.94
10 0 0 0 0 6 1 253 24 191 12.28
4 0 1 0 0 0 1 255 29 144 9.21
2 0 0 0 7 0 1 255 35 130 10.24
6 0 8 0 0 0 1 255 36 156 11.78
1 0 0 0 0 0 0 42 181 10.74
1 0 0 0 0 0 3 257 258 259 0 132 8.45
4 0 6 0 0 0 3 262 266 269 1 104 9.52
3 0 4 0 0 0 3 260 262 263 1 151 9.13
10 0 2 0 0 0 3 261 264 265 1 125 11.87
10 0 5 0 0 0 3 266 278 282 4 159 6.7
2 0 0 4 0 0 3 270 275 284 11 136 11.76
7 0 5 0 0 0 3 273 275 279 5 149 6.46
7 0 0 0 8 0 3 264 278 282 4 164 9.51
1 0 6 0 0 0 3 271 276 283 11 145 9.89
10 0 0 2 0 0 3 266 267 269 11 181 11.86
9 1 0 0 0 0 3 273 276 280 21 142 12.34
9 0 0 0 0 9 2 268 274 21 195 8.73
4 0 3 0 0 0 3 272 275 276 30 153 9.31
6 1 0 0 0 0 3 270 272 280 21 180 9.14
10 0 0 10 0 0 3 271 273 281 27 145 10.83
2 0 0 4 0 0 1 277 37 177 9.42
8 0 6 0 0 0 3 278 281 282 34 127 9.46
3 0 0 0 2 0 1 274 37 204 8.54
1 0 0 4 0 0 2 277 286 40 167 12.5
7 0 7 0 0 0 3 277 280 281 34 192 6.61
2 1 0 0 0 0 2 279 285 34 129 6.54
3 0 0 3 0 0 1 285 41 166 7.32
8 0 0 0 2 0 2 279 283 42 165 10.74
4 0 0 0 1 0 1 284 50 180 10.92
1 0 0 2 0 0 1 286 41 130 6.81
2 0 0 0 5 0 1 285 42 178 6.32
10 0 0 0 3 0 1 283 42 144 10.89
2 0 0 0 0 10 2 284 286 52 171 10.19
5 0 0 0 0 6 1 287 54 194 10.64
1 0 0 9 0 0 1 287 44 202 11.45
5 0 0 0 5 0 1 287 54 147 8.3
1 0 0 0 0 0 0 59 146 11.32
1 0 0 0 0 0 3 289 290 291 0 106 9.39
8 0 2 3 3 8 3 292 309 313 1 172 6.69
5 0 2 3 0 1 3 297 308 318 1 162 9.49
9 0 7 0 0 0 3 295 296 299 1 123 8.99
3 0 5 1 0 1 3 293 303 314 9 152 6.74
6 0 4 8 1 0 2 294 305 12 145 10.92
8 1 0 0 0 0 2 296 312 18 165 9.7
8 0 0 0 0 5 3 301 304 317 10 123 8.14
10 0 5 0 0 0 3 302 310 316 26 149 11.95
1 0 0 7 0 0 3 298 300 302 6 129 8.36
5 0 2 3 0 0 2 304 312 7 175 9.08
7 0 10 6 0 8 2 306 309 10 140 6.58
10 0 0 0 4 0 1 314 7 132 10.66
3 1 0 0 0 0 2 309 312 18 182 8.86
2 0 7 7 0 0 1 317 36 183 8.7
6 0 3 10 0 4 2 305 307 12 143 9.66
4 1 0 0 0 0 2 311 313 18 114 10.14
5 1 0 0 0 0 2 306 315 18 186 11.57
6 1 0 0 0 0 1 310 23 143 8.0
6 1 0 0 0 0 3 308 310 317 18 155 10.37
7 0 4 7 0 0 1 311 24 157 12.06
3 0 0 6 0 9 2 311 318 21 188 7.14
8 0 3 0 3 5 1 318 36 168 6.49
8 0 0 0 7 0 1 315 31 193 10.14
4 1 0 0 0 0 1 315 26 196 10.0
2 0 2 1 0 0 1 314 22 118 11.21
3 1 0 0 0 0 1 316 24 146 9.27
5 0 1 7 9 0 1 316 39 168 7.49
3 0 0 0 9 7 1 319 44 170 7.72
2 0 0 5 0 8 1 319 38 149 7.11
8 0 0 0 0 2 1 319 44 168 6.84
1 0 0 0 0 0 0 52 187 12.27
1 0 0 0 0 0 3 321 322 323 0 126 11.18
9 0 2 0 0 0 3 332 334 336 1 109 7.97
9 0 0 10 4 0 3 324 325 327 1 124 8.52
2 0 0 5 0 0 3 326 328 330 1 141 9.25
2 0 6 3 9 0 3 334 336 337 10 125 9.75
1 0 0 0 7 0 2 334 343 10 103 6.93
2 0 0 0 6 2 3 333 335 341 3 107 10.4
10 0 5 0 0 4 2 329 337 10 136 6.47
5 0 1 0 0 6 3 332 337 339 3 152 6.58
3 1 0 0 0 0 3 331 339 343 20 134 10.01
4 0 5 7 0 9 3 331 335 345 3 133 10.75
3 1 0 0 0 0 3 338 340 347 23 152 8.34
6 0 1 0 0 0 3 333 335 338 10 106 7.69
6 0 0 2 0 0 2 340 342 16 127 10.96
2 1 0 0 0 0 3 344 346 350 12 131 10.03
6 0 0 2 0 1 3 343 346 348 16 170 11.26
6 0 0 1 4 10 3 338 339 345 12 147 10.48
4 1 0 0 0 0 3 340 341 342 20 178 9.65
5 0 10 0 0 0 1 341 26 159 6.62
1 1 0 0 0 0 2 344 350 23 144 9.2
3 1 0 0 0 0 1 349 26 138 11.06
9 0 6 0 2 0 1 344 31 145 9.59
3 0 10 0 6 8 2 345 346 24 170 9.79
7 0 8 0 0 2 1 350 23 185 11.0
3 0 0 2 0 4 2 348 349 40 169 6.6
1 1 0 0 0 0 2 347 348 27 122 9.94
2 1 0 0 0 0 1 347 27 116 10.4
2 1 0 0 0 0 1 349 29 187 7.05
7 0 2 6 0 8 1 351 43 135 8.75
7 0 0 0 8 9 1 351 43 189 6.49
1 0 8 9 3 5 1 351 30 163 7.83
1 0 0 0 0 0 0 50 176 8.14
1 0 0 0 0 0 3 353 354 355 0 113 6.77
5 0 8 3 5 6 3 358 361 367 1 159 6.4
4 0 8 7 3 6 3 356 357 363 1 105 7.41
1 1 0 0 0 0 3 368 370 372 1 95 8.9
9 0 8 1 7 3 3 362 365 368 5 154 12.1
4 0 10 3 2 3 3 359 360 364 5 154 8.95
6 0 4 4 1 7 1 359 6 104 10.0
3 0 8 5 10 10 3 362 369 375 12 182 9.5
9 0 7 7 4 6 3 373 374 378 9 136 11.9
1 0 4 10 1 1 3 362 368 369 6 142 7.12
1 0 3 2 8 7 3 366 371 376 15 155 6.29
10 0 3 10 1 3 3 369 373 375 5 176 10.96
3 0 3 8 10 7 3 366 374 375 9 108 11.21
9 0 6 3 6 3 3 367 372 377 14 170 9.89
10 0 4 10 1 4 2 372 380 16 157 8.86
8 0 8 1 7 7 3 370 374 376 23 188 12.09
4 1 0 0 0 0 3 371 377 379 14 139 9.26
4 1 0 0 0 0 3 370 376 377 15 163 9.39
3 0 5 4 6 9 2 371 382 31 154 11.83
5 0 2 6 4 3 1 381 34 124 8.73
9 0 3 6 5 7 1 373 26 188 6.71
8 0 7 4 5 9 1 379 35 173 6.4
5 0 2 2 5 7 2 379 382 31 183 10.04
10 0 1 8 10 10 2 380 382 15 123 10.75
1 1 0 0 0 0 2 378 381 31 138 8.6
6 1 0 0 0 0 1 378 23 169 7.91
10 0 7 7 10 7 1 380 32 196 9.32
2 0 2 8 10 8 1 381 43 160 6.38
9 0 3 2 3 4 1 383 42 175 10.84
6 0 1 5 2 3 1 383 45 211 11.35
10 0 4 4 2 4 1 383 36 129 7.41
1 0 0 0 0 0 0 51 138 8.51
1 0 0 0 0 0 3 385 386 387 0 98 6.51
5 0 1 0 0 0 3 388 389 395 1 171 11.49
1 0 0 0 9 0 3 392 393 394 1 118 11.53
1 0 0 1 0 0 3 391 393 405 1 116 8.44
10 0 0 0 9 0 3 396 397 414 6 170 6.58
4 0 0 0 2 0 3 390 400 405 6 142 10.02
2 0 3 0 0 0 3 392 393 396 10 103 10.4
6 0 0 0 0 10 3 395 404 410 2 175 6.85
7 0 0 0 5 0 3 398 399 402 12 168 11.2
3 0 6 0 0 0 1 408 12 145 10.14
10 0 0 7 0 0 3 398 402 405 2 130 9.42
10 0 1 0 0 0 3 396 403 407 8 102 12.26
2 0 0 0 3 0 2 401 409 18 122 9.12
6 0 0 0 0 2 3 401 404 410 16 155 7.07
1 0 0 0 0 5 3 403 406 410 19 160 10.75
4 0 0 0 0 4 2 403 406 19 119 9.01
10 0 0 0 10 0 3 401 402 414 10 141 9.17
1 1 0 0 0 0 2 411 413 22 121 11.16
8 0 0 0 0 9 1 404 20 139 11.77
8 0 0 0 0 10 1 409 23 184 8.89
6 0 0 0 1 0 3 407 408 411 28 178 9.99
2 0 0 0 2 0 3 406 408 414 12 160 11.64
7 1 0 0 0 0 2 407 409 23 181 6.34
7 0 4 0 0 0 2 412 413 34 141 6.68
7 0 6 0 0 0 1 412 34 196 11.41
3 0 0 0 10 0 1 411 31 188 8.06
7 1 0 0 0 0 1 413 22 132 11.22
4 0 0 0 8 0 1 412 34 140 8.96
10 0 5 0 0 0 1 415 41 149 10.71
1 0 10 0 0 0 1 415 41 142 11.9
3 0 2 0 0 0 1 415 20 118 6.96
1 0 0 0 0 0 0 51 155 11.55
1 0 0 0 0 0 3 417 418 419 0 88 7.25
3 0 0 0 9 0 2 425 446 1 139 11.84
9 0 0 7 0 0 3 420 429 437 1 146 10.15
4 0 9 0 0 2 2 421 422 1 134 10.54
10 0 10 3 3 10 2 423 430 10 144 12.42
9 0 0 0 8 4 2 424 434 5 121 10.09
2 0 2 6 1 0 1 446 5 165 6.52
4 0 8 0 8 4 3 426 431 432 20 124 10.08
4 0 0 0 4 0 1 427 14 155 6.4
10 0 0 0 8 0 2 428 434 4 151 9.07
7 1 0 0 0 0 1 428 24 117 11.33
7 1 0 0 0 0 2 429 441 18 157 9.07
1 0 3 0 0 0 2 444 445 31 148 7.22
6 0 0 10 8 0 1 443 25 175 11.1
7 0 0 1 5 1 1 433 20 187 8.18
1 0 0 1 0 5 1 435 24 158 6.68
1 1 0 0 0 0 2 434 436 24 169 10.12
4 1 0 0 0 0 1 446 27 117 12.01
6 1 0 0 0 0 1 444 25 146 11.58
6 1 0 0 0 0 1 445 25 191 6.43
5 1 0 0 0 0 1 438 25 185 8.81
6 0 5 0 0 0 2 439 442 10 170 8.82
6 1 0 0 0 0 2 439 441 30 152 7.8
10 0 0 8 0 5 1 440 36 127 9.48
4 0 0 4 0 9 2 443 444 46 199 8.04
7 0 9 0 5 0 1 442 36 175 6.77
3 0 0 9 0 5 1 443 43 179 12.2
6 0 2 8 3 8 1 445 50 170 6.28
9 0 0 0 0 7 1 447 50 174 10.29
1 0 0 0 0 4 1 447 56 191 10.1
10 0 5 0 0 7 1 447 31 131 10.27
1 0 0 0 0 0 0 59 159 12.48
87.57 82.76 82.38 82.95 86.24 100.16 142.17 145.29 109.98 73.06 10.85 3.94 0.36 -4.66 -9.2 18.56 37.67 79.56 109.13 148.9 200.08 135.52 101.71 94.17 94.54 90.18 90.53 95.0 97.86 107.68 137.6 128.6 100.29 80.49 18.73 2.06 0.97 -4.47 1.23 6.06 6.93 74.73 108.71 154.44 257.56 152.65 113.79 103.59 103.88 98.89 97.07 98.94 99.7 104.54 126.88 122.38 99.46 71.7 2.52 1.38 -11.12 -21.34 -22.95 -4.1 8.4 39.13 89.66 111.33 158.42 131.4 111.07 101.31 98.92 90.67 89.3 89.25 91.8 100.22 122.62 126.49 100.41 72.4 22.19 15.1 8.01 0.44 -2.43 38.21 69.14 70.01 80.96 117.23 145.53 125.44 110.13 101.61 94.98 88.9 85.85 85.42 89.2 97.19 112.28 117.13 106.05 81.09 21.8 6.29 8.75 25.9 38.95 41.43 56.32 75.01 95.5 122.43 146.35 138.86 116.1 99.3 93.16 93.46 88.78 88.91 90.0 94.11 91.72 89.79 59.52 0.88 0.0 0.2 -4.41 -10.07 -11.32 -6.44 1.28 28.9 75.05 91.54 109.06 125.01 130.03 109.08 106.7 101.54 98.62 97.45 98.41 98.05 91.3 87.2 65.28 9.23 0.0 -0.2 -2.0 -7.37 -15.0 -8.97 -0.2 16.56 92.44 108.04 124.52 130.98 118.86 104.17 111.21 104.19 97.44 94.3 100.58 111.92 132.74 136.4 113.64 94.79 70.9 28.81 12.77 5.0 8.0 28.58 74.99 99.3 116.82 149.23 231.01 154.91 129.65 114.48 116.99 107.35 104.17 106.33 112.6 121.82 144.38 132.49 97.54 77.61 62.82 16.0 7.74 9.07 10.87 28.29 72.91 99.9 109.98 132.32 193.13 152.12 121.93 110.2 107.93 102.33 97.9 94.9 93.7 102.49 112.48 116.54 107.82 84.82 42.22 57.3 50.0 45.17 55.07 70.54 71.62 110.3 122.4 179.0 114.35 110.27 100.72 90.0 101.9 91.14 86.89 86.53 87.33 94.1 112.33 112.03 103.39 98.92 92.89 88.25 90.0 81.26 84.62 95.73 98.9 112.07 134.29 123.69 154.93 131.5 119.6 105.0 104.4 96.58 90.17 89.74 96.2 110.05 132.28 136.37 118.04 88.47 74.43 61.31 23.0 19.58 20.0 64.98 63.58 68.39 114.95 137.77 181.42 146.75 128.14 110.68 106.05 95.88 89.49 84.88 83.36 81.29 83.46 76.84 62.05 12.26 -0.02 -0.33 -0.45 -0.55 -0.9 -1.85 -0.39 50.1 85.92 115.14 134.06 122.87 101.3 91.52 66.23 32.0 16.83 8.36 3.85 2.72 1.2 1.24 -0.02 -0.03 -0.6 -1.31 -1.73 -5.68 -7.2 -6.98 -2.0 0.34 17.45 95.62 109.81 111.77 103.62 94.45 89.84 79.97 75.12 74.41 79.81 88.13 119.49 146.41 130.98 93.48 61.34 24.23 16.4 11.28 6.14 9.7 26.35 57.95 111.65 146.07 212.9 170.69 129.25 106.4 99.03 86.4 77.9 76.44 80.21 83.42 95.01 86.36 69.35 51.1 4.39 3.49 0.16 0.68 1.84 12.73 59.63 88.33 111.39 135.18 182.47 134.28 111.86 92.79 86.59 73.07 70.42 65.61 68.26 79.11 94.64 101.37 96.19 91.7 78.29 73.3 66.97 59.9 57.86 73.48 73.52 98.82 116.22 131.57 159.1 136.24 121.7 104.56 97.6 93.19 90.94 90.45 90.33 90.51 84.78 84.39 82.11 61.49 18.77 1.65 0.24 2.22 0.23 5.48 1.6 15.17 65.09 97.03 121.25 105.81 92.95 75.96 63.73 72.62 48.6 33.95 37.39 56.54 82.17 68.38 53.01 29.13 1.85 0.21 7.44 4.84 -1.56 1.44 0.22 30.36 73.81 123.62 148.34 144.49 130.19 108.2 107.0 100.32 99.42 100.0 100.91 99.1 91.62 79.94 54.19 1.0 -0.02 -1.0 -3.07 -13.17 -7.75 -3.0 -0.05 42.26 88.98 131.6 192.35 192.37 133.16 102.5 91.87 85.29 79.1 73.77 71.34 65.15 35.45 13.0 2.4 -0.01 -0.6 -2.11 -5.48 -12.93 -20.41 -15.61 -6.0 -4.64 10.62 81.25 94.91 100.0 106.67 91.43 83.43 76.96 76.14 79.02 85.08 95.08 109.2 113.48 102.13 86.88 58.73 33.21 20.0 12.78 11.0 19.75 58.25 89.94 124.8 194.41 273.75 244.46 139.44 112.37 114.6 112.55 104.28 101.89 99.45 116.14 134.71 121.52 87.38 59.16 9.74 11.34 14.44 12.36 10.66 21.84 76.45 94.3 95.67 140.89 198.86 136.66 105.25 91.69 70.69 66.16 64.09 64.37 67.64 81.86 100.48 113.08 105.38 65.98 49.02 38.59 18.13 9.69 18.42 46.85 76.59 101.37 120.38 155.33 205.64 138.82 112.43 92.91 105.34 98.78 91.88 90.87 92.47 91.83 111.72 126.85 114.22 80.06 65.62 47.6 20.11 11.6 7.68 21.41 65.66 84.98 106.77 126.48 165.36 119.07 99.8 86.87 77.55 64.81 60.3 54.73 49.3 65.69 97.45 100.0 61.47 11.35 0.08 1.09 6.58 19.12 15.18 20.35 29.65 10.59 52.57 135.0 139.7 134.0 125.31 103.86 111.48 90.4 86.28 90.0 94.54 90.58 85.47 86.74 77.57 63.13 29.64 9.44 1.19 -0.01 -0.02 -0.02 11.17 18.76 72.6 127.6 110.0 103.11 109.7 91.44 94.42 84.85 77.88 76.49 68.55 56.89 40.12 3.87 0.0 -0.5 -2.0 1.8 -14.23 -15.85 -22.95 5.0 4.32 125.6 141.25 200.0 228.34 164.81 96.97 85.68 79.91 68.58 49.25 48.46 44.74 52.32 119.91 103.5 79.65 9.96 0.4 7.37 11.79 -13.76 -13.66 -1.4 7.57 114.4 120.0 119.28 155.95 150.28 125.45 103.15 88.35 79.95 70.42 60.94 55.17 64.85 79.95 83.92 84.6 65.74 22.64 0.7 -0.01 -1.4 3.43 18.39 31.83 105.0 128.4 123.38 134.24 109.02 97.46 102.2 96.08 88.58 74.42 71.15 73.04 90.0 124.71 124.8 92.84 65.19 21.1 1.32 1.19 1.87 1.0 6.12 22.91 79.08 94.63 136.68 217.0 176.83 119.4 95.93 96.43 88.02 85.62 85.4 89.76 93.37 114.18 104.3 78.24 36.33 0.0 -0.2 -7.67 -15.42 -8.67 5.97 8.4 41.7 91.9 123.45 166.41 131.79 131.49 115.08 90.0 90.0 83.11 77.77 75.37 80.1 103.6 87.26 76.49 40.02 4.52 0.12 -1.03 -4.56 -2.38 8.72 13.48 126.56 96.62 122.55 147.83 125.0 109.48 84.8 115.5 90.51 92.35 97.62 69.49 64.57 53.24 21.97 8.28 0.0 -2.45 -10.45 -35.0 -36.75 -25.97 -6.77 -0.39 8.42 85.96 123.83 139.15 130.0 117.59 109.61 91.93 87.92 86.24 89.75 91.34 91.58 83.13 63.59 20.71 1.61 0.0 -0.02 -1.41 -5.75 -5.0 -2.0 -0.01 57.66 99.89 116.85 135.82 138.4 149.75 110.23 104.25 91.34 85.14 84.83 83.22 90.46 110.96 123.49 107.05 82.66 61.96 80.01 80.01 79.64 76.29 79.0 132.03 97.04 93.33 118.49
