448 5
1 30 41 38 35
1 0 0 0 0 0 3 1 2 3 0 126 18.32
7 0 2 1 5 5 3 5 10 17 1 142 23.38
4 0 5 1 4 10 1 4 1 153 20.84
4 0 7 6 1 4 3 7 8 15 1 105 15.66
2 0 4 6 5 5 3 6 12 18 5 92 14.16
3 0 2 3 2 5 1 11 8 104 17.16
10 0 8 4 2 7 2 14 19 7 136 15.22
3 0 9 9 3 1 3 18 19 22 5 115 14.45
3 0 3 7 5 5 2 9 14 5 147 17.31
3 0 7 2 7 2 2 10 13 8 156 15.59
10 0 3 3 10 9 2 11 20 11 138 19.73
3 1 0 0 0 0 3 12 23 29 21 135 21.04
8 0 7 4 3 8 1 21 24 167 13.62
5 0 10 6 3 8 2 16 25 11 95 21.02
7 1 0 0 0 0 2 24 27 17 152 20.29
5 0 8 2 4 7 1 19 5 134 14.85
4 1 0 0 0 0 3 26 27 28 16 131 17.7
1 0 5 7 8 10 2 21 22 8 148 18.79
5 1 0 0 0 0 2 20 24 8 112 12.04
9 0 8 8 9 10 3 20 23 26 17 125 21.21
6 0 3 9 7 1 1 30 26 156 16.73
5 0 1 1 7 6 1 30 32 171 20.15
10 0 2 2 8 9 3 23 24 28 9 99 14.11
2 0 7 3 5 5 1 27 26 131 15.99
9 0 7 10 7 8 1 26 24 151 12.9
4 1 0 0 0 0 2 28 29 16 104 16.02
2 0 10 9 5 3 1 29 33 174 13.89
10 0 9 4 1 1 1 30 28 141 12.88
8 0 2 10 10 1 1 31 20 140 12.99
2 0 2 9 4 3 1 31 35 166 19.63
4 0 2 1 2 2 1 31 38 175 16.85
1 0 0 0 0 0 0 42 168 14.65
1 0 0 0 0 0 3 33 34 35 0 118 18.61
3 0 10 9 8 5 3 37 43 47 1 80 18.61
1 0 7 0 5 2 3 36 37 39 1 121 21.18
10 0 5 0 0 4 3 42 45 56 1 91 18.91
9 0 0 10 2 0 3 38 41 49 2 123 18.72
5 0 7 7 4 0 1 54 4 104 16.01
10 0 4 8 5 2 3 42 43 48 11 152 21.22
4 0 7 5 10 8 3 40 52 62 2 128 22.9
7 0 7 0 0 0 3 46 49 60 6 108 22.22
6 0 6 9 5 8 2 57 58 11 143 14.07
3 0 0 7 1 0 3 44 59 62 21 100 15.52
6 0 8 7 0 9 2 45 52 21 166 21.27
9 1 0 0 0 0 1 61 24 120 23.48
10 1 0 0 0 0 1 46 27 161 19.98
1 0 7 3 1 10 1 55 37 143 23.64
7 0 6 5 4 5 1 53 4 153 21.06
9 1 0 0 0 0 3 50 52 59 21 139 12.07
8 0 0 0 8 10 3 50 51 53 13 152 19.48
10 0 2 9 10 9 2 54 57 30 117 18.14
7 1 0 0 0 0 1 55 21 162 15.28
4 1 0 0 0 0 2 54 60 30 109 23.62
2 1 0 0 0 0 1 55 21 123 16.31
10 0 0 0 8 7 1 61 40 148 15.3
7 0 4 5 4 3 1 57 38 178 21.28
3 0 0 0 7 2 1 58 11 128 12.33
8 0 8 10 4 9 1 61 45 186 22.12
5 0 7 0 5 0 2 59 62 17 116 17.17
8 0 5 10 0 10 1 60 30 129 20.7
7 0 0 3 4 7 1 63 38 177 18.64
10 0 1 7 5 1 1 63 53 141 18.47
7 0 8 0 10 9 1 63 24 161 21.49
1 0 0 0 0 0 0 63 159 15.71
1 0 0 0 0 0 3 65 66 67 0 116 12.16
10 0 4 10 5 0 3 71 80 81 1 85 22.93
6 0 0 0 7 0 3 68 69 75 1 145 23.21
5 0 0 5 0 9 3 73 85 87 1 102 16.52
8 0 4 8 0 0 2 70 77 7 133 19.29
5 0 0 2 0 0 2 72 77 7 153 20.34
10 0 0 0 9 0 2 73 76 15 140 16.38
7 0 0 0 9 5 3 73 74 88 11 120 14.25
6 0 3 0 10 0 1 80 12 104 20.2
9 1 0 0 0 0 3 78 86 90 25 116 21.25
8 0 0 8 0 6 1 78 18 98 19.53
10 0 0 3 0 0 1 87 7 91 14.73
5 0 0 6 0 3 3 78 81 87 25 163 23.43
3 0 7 0 0 0 3 79 81 85 15 150 20.22
6 1 0 0 0 0 2 82 83 34 132 17.4
3 0 2 0 3 0 3 80 84 90 18 121 22.9
1 0 6 0 0 10 1 91 21 138 23.63
7 0 0 0 8 3 1 92 30 113 15.41
2 1 0 0 0 0 1 93 40 135 14.71
8 0 0 0 0 2 1 84 40 127 21.69
9 0 6 0 1 0 2 89 93 48 162 19.83
1 0 9 0 3 0 2 89 93 18 163 15.59
4 1 0 0 0 0 2 92 94 34 166 22.65
9 1 0 0 0 0 2 90 94 30 140 22.99
3 0 9 0 4 2 1 89 18 132 22.88
5 0 2 2 0 0 2 91 94 57 163 17.31
6 1 0 0 0 0 1 91 39 164 19.95
10 0 0 0 0 3 1 92 62 149 18.87
1 0 0 0 7 8 1 95 72 202 12.55
4 0 0 5 0 10 1 95 57 129 12.32
6 0 4 4 0 0 1 95 62 148 13.26
1 0 0 0 0 0 0 73 168 16.29
1 0 0 0 0 0 3 97 98 99 0 119 17.78
8 0 1 3 1 10 3 109 116 120 1 122 14.58
6 0 6 9 2 1 1 111 1 154 15.63
6 0 4 7 9 7 3 100 101 103 1 86 12.76
5 0 4 1 1 10 3 102 106 108 7 116 20.08
9 0 7 10 9 3 1 113 7 124 13.74
5 0 4 8 2 9 2 105 107 12 160 14.0
7 0 8 4 9 5 2 104 122 7 117 21.17
3 0 3 2 4 4 1 120 14 142 23.55
1 0 7 6 1 7 1 110 17 116 15.65
6 0 5 5 5 8 1 112 12 133 23.34
6 1 0 0 0 0 3 109 113 126 17 96 23.78
8 0 1 5 2 7 1 115 12 119 13.16
2 0 4 4 6 1 1 124 23 122 17.19
2 0 7 10 9 4 1 123 18 121 15.18
2 0 7 8 10 9 3 113 120 125 7 143 22.36
4 0 9 5 10 3 3 114 117 118 18 143 14.78
2 0 8 9 5 4 1 124 23 118 22.83
9 1 0 0 0 0 2 116 125 22 132 15.68
6 0 5 3 5 8 1 124 20 168 16.19
6 1 0 0 0 0 1 122 31 118 20.21
8 0 1 4 3 2 1 121 22 139 15.11
5 1 0 0 0 0 1 119 22 128 14.59
1 1 0 0 0 0 1 121 27 172 20.56
4 1 0 0 0 0 1 126 17 104 19.17
10 0 4 2 9 2 1 122 30 157 13.66
5 0 1 9 6 7 1 123 40 173 16.31
2 0 10 6 2 3 1 126 45 183 16.05
6 0 2 7 3 10 1 127 26 124 21.56
8 0 8 3 6 7 1 127 31 136 13.82
8 0 3 1 6 9 1 127 47 133 20.9
1 0 0 0 0 0 0 55 194 23.9
1 0 0 0 0 0 3 129 130 131 0 86 11.98
7 0 0 0 0 10 1 135 1 124 16.05
8 0 9 0 0 0 3 137 139 151 1 115 23.87
8 0 0 7 0 0 3 132 133 142 1 122 22.04
7 0 0 0 9 0 3 134 138 153 9 157 12.12
6 0 0 0 0 1 3 136 145 151 9 123 17.88
7 0 0 0 0 2 1 144 16 112 23.69
8 0 0 0 7 0 2 136 148 8 111 19.58
7 0 0 2 0 0 3 147 150 155 16 147 20.47
10 0 0 0 2 0 2 141 143 9 162 14.28
5 0 0 0 0 1 3 140 141 152 16 113 21.45
3 0 0 0 6 0 3 140 152 153 9 135 16.82
3 0 0 6 0 0 1 156 21 164 20.6
1 1 0 0 0 0 1 155 21 128 20.3
1 0 0 0 7 0 2 145 146 9 153 19.65
5 0 0 0 0 9 3 144 147 153 19 153 13.34
9 0 0 1 0 0 3 145 146 154 24 164 14.65
5 1 0 0 0 0 2 148 150 33 113 14.97
1 1 0 0 0 0 2 150 158 33 174 12.54
3 1 0 0 0 0 1 157 24 107 19.08
9 0 0 0 3 0 1 149 38 175 23.74
5 0 0 0 10 0 1 156 47 191 15.79
6 0 0 0 7 0 1 156 38 167 12.05
8 0 0 0 8 0 2 152 154 15 109 17.86
10 1 0 0 0 0 1 158 23 161 23.35
3 0 6 0 0 0 2 155 157 24 128 23.32
8 0 0 0 9 0 1 157 33 149 23.87
8 1 0 0 0 0 1 158 27 145 15.13
6 0 8 0 0 0 1 159 52 157 22.81
9 0 0 10 0 0 1 159 41 119 20.65
6 0 0 0 7 0 1 159 35 120 19.54
1 0 0 0 0 0 0 58 163 23.42
1 0 0 0 0 0 3 161 162 163 0 103 15.91
10 0 0 0 0 7 2 182 189 1 106 20.37
6 0 0 4 0 0 3 164 183 188 1 129 15.65
2 0 6 0 0 0 3 165 167 177 1 116 22.56
9 0 0 0 10 0 2 169 176 7 150 18.75
7 0 0 10 0 0 3 166 168 188 3 105 22.78
7 0 0 9 0 0 2 169 184 10 142 20.42
9 0 0 0 3 0 1 170 3 139 22.6
4 0 0 0 0 3 3 172 173 181 10 136 12.84
2 0 0 0 5 0 3 172 179 186 17 133 21.92
3 0 0 0 5 0 3 171 180 185 12 137 16.85
10 0 0 9 0 0 3 172 175 183 15 136 23.29
7 1 0 0 0 0 1 189 25 146 19.04
4 0 0 0 3 0 2 174 184 14 142 23.85
6 1 0 0 0 0 2 182 189 18 158 17.69
6 0 9 0 0 0 2 186 188 25 115 19.94
5 0 0 0 0 4 3 179 181 185 16 156 15.36
6 0 0 10 0 0 3 178 181 182 3 133 20.03
4 0 3 0 0 0 2 179 180 9 122 17.87
1 0 0 4 0 0 1 187 21 103 19.27
9 0 2 0 0 0 1 183 15 119 18.15
2 1 0 0 0 0 1 184 21 116 14.48
2 1 0 0 0 0 1 185 24 162 12.22
2 1 0 0 0 0 1 190 25 101 13.42
5 1 0 0 0 0 1 187 23 171 16.16
10 0 0 0 0 10 1 186 26 156 20.37
9 0 0 0 6 0 1 187 36 119 18.33
5 0 9 0 0 0 1 190 45 119 22.83
3 0 9 0 0 0 1 191 31 156 20.27
1 1 0 0 0 0 1 191 32 120 20.79
2 0 0 0 8 0 1 191 50 153 17.05
1 0 0 0 0 0 0 52 170 18.41
1 0 0 0 0 0 3 193 194 195 0 129 16.29
3 0 5 10 9 5 3 198 201 208 1 103 17.72
7 0 2 8 10 6 3 206 209 217 1 101 20.1
7 0 9 4 1 5 3 196 197 205 1 153 17.57
4 0 8 10 2 6 3 199 200 202 8 103 22.73
2 0 3 3 9 1 3 198 201 218 8 156 13.4
8 0 2 10 4 8 2 204 211 10 160 18.85
3 0 8 3 3 1 3 203 207 208 12 158 17.84
3 0 10 5 2 7 3 201 207 210 12 124 15.96
1 0 2 7 1 5 3 209 211 215 15 135 17.12
3 0 10 3 4 10 3 203 208 222 12 120 20.34
9 0 3 2 5 5 3 209 210 218 15 110 16.53
8 1 0 0 0 0 2 212 213 18 100 20.99
5 0 6 8 7 8 3 207 211 214 8 138 14.7
2 0 10 4 8 1 3 213 215 216 8 137 15.89
9 0 10 4 7 7 3 212 215 218 15 120 16.46
1 0 8 5 1 5 2 210 220 15 143 22.14
10 0 1 7 9 2 2 214 219 24 116 21.55
4 0 9 6 10 4 3 213 217 219 24 154 21.14
1 1 0 0 0 0 1 212 18 148 21.15
5 0 8 3 10 6 2 216 217 26 166 12.57
1 0 4 5 8 8 1 214 28 114 14.48
6 0 7 2 5 2 1 221 34 157 22.38
2 1 0 0 0 0 3 219 220 222 24 135 23.61
10 0 4 6 1 6 1 222 31 161 14.44
5 0 2 7 2 9 1 221 31 138 23.9
1 0 4 3 5 9 1 220 24 117 23.17
7 0 5 7 9 2 1 221 34 121 17.25
7 0 8 8 1 9 1 223 26 153 15.67
4 0 4 9 10 10 1 223 41 151 12.01
2 0 3 4 3 1 1 223 41 141 22.82
1 0 0 0 0 0 0 45 186 17.98
1 0 0 0 0 0 3 225 226 227 0 104 21.77
8 0 9 9 8 1 2 228 251 1 96 16.37
6 0 10 10 6 8 3 230 231 232 1 129 20.7
10 0 4 3 2 6 1 237 1 102 21.72
10 0 6 3 3 7 2 229 241 9 157 20.89
6 1 0 0 0 0 2 235 236 19 131 17.84
4 0 2 7 9 10 1 238 7 115 20.8
2 0 7 5 6 5 3 233 236 244 7 95 20.03
6 0 2 9 1 10 3 234 249 254 7 144 21.63
5 0 7 4 6 4 1 241 9 143 18.7
3 1 0 0 0 0 1 242 13 111 21.21
7 0 1 3 10 8 2 245 246 25 141 21.43
6 0 6 8 8 10 1 240 25 162 16.97
4 1 0 0 0 0 1 239 11 93 17.87
4 0 4 2 10 8 2 250 253 11 129 21.06
2 0 7 7 10 1 3 240 244 254 15 155 15.07
8 0 2 1 3 6 2 243 248 31 144 22.46
7 1 0 0 0 0 2 242 250 19 137 19.43
9 0 6 4 2 6 1 243 26 160 18.84
3 0 8 10 6 1 1 247 39 126 18.73
1 0 1 6 8 1 1 248 17 95 21.07
6 0 8 7 2 4 1 250 32 158 20.47
1 0 10 8 7 2 1 252 32 104 12.47
6 0 6 10 10 4 1 253 42 182 18.17
6 0 6 3 3 9 1 253 39 181 15.11
5 0 1 8 9 2 1 252 13 158 22.78
1 0 2 6 5 3 1 254 38 111 12.42
6 0 9 8 5 6 1 252 9 144 15.88
4 0 3 3 4 2 1 255 33 158 22.25
3 0 4 4 6 4 1 255 48 189 17.5
1 0 8 4 7 1 1 255 39 175 18.61
1 0 0 0 0 0 0 51 170 16.04
1 0 0 0 0 0 3 257 258 259 0 132 13.95
9 0 6 3 4 9 3 260 261 265 1 88 19.49
10 0 3 3 6 10 3 261 277 278 1 101 18.73
4 0 8 3 10 1 3 264 265 275 1 100 12.3
1 0 4 2 10 7 3 262 263 266 10 110 19.93
9 0 6 5 3 10 3 262 269 272 11 98 18.14
4 0 6 1 10 4 2 274 276 20 96 22.07
6 0 8 2 4 5 3 267 269 278 11 132 12.62
1 0 7 4 5 5 3 269 270 283 5 96 13.44
1 0 2 5 1 1 3 268 274 276 10 89 20.43
2 0 2 10 9 3 3 270 273 280 11 94 12.11
3 0 7 3 4 9 3 268 271 272 17 139 13.47
4 1 0 0 0 0 3 270 280 282 20 139 16.01
7 0 9 4 8 4 1 279 20 170 23.04
10 0 1 4 1 10 1 277 24 150 17.27
8 0 1 8 5 6 3 273 274 277 20 105 14.71
9 0 5 9 3 4 3 273 280 281 20 124 13.91
7 0 5 4 4 4 2 275 284 29 119 18.93
4 1 0 0 0 0 3 279 281 283 28 111 20.15
9 0 5 6 10 3 2 276 279 36 168 21.25
10 0 7 2 2 9 2 282 283 45 126 16.85
5 0 6 6 1 1 1 281 34 169 20.33
10 1 0 0 0 0 2 282 284 17 137 13.87
8 0 10 8 6 5 2 285 286 45 157 17.56
9 0 2 7 3 4 1 284 29 164 17.7
1 0 8 9 2 2 1 286 39 175 23.78
5 0 2 4 2 9 2 285 286 55 185 19.77
6 0 8 10 9 3 1 285 55 157 21.96
8 0 5 10 4 10 1 287 38 148 12.56
5 0 1 7 6 8 1 287 61 168 15.4
6 0 4 8 1 10 1 287 60 172 19.6
1 0 0 0 0 0 0 66 175 15.46
1 0 0 0 0 0 3 289 290 291 0 116 17.26
7 0 3 9 6 5 3 294 295 299 1 145 13.37
9 0 10 5 8 10 2 292 299 1 88 20.67
7 0 5 5 9 2 1 293 1 147 18.72
4 0 5 4 8 8 1 317 10 132 20.58
9 0 9 8 10 4 3 296 301 303 8 126 20.51
7 0 1 9 5 5 1 316 8 117 21.17
5 0 6 8 6 8 3 300 310 312 8 152 19.67
7 0 8 5 7 2 3 297 298 305 17 101 13.8
5 1 0 0 0 0 1 307 24 166 18.93
4 1 0 0 0 0 3 309 314 315 24 136 21.19
9 0 7 9 7 4 1 301 10 95 12.96
3 1 0 0 0 0 3 302 306 308 13 126 15.0
2 1 0 0 0 0 1 304 19 122 16.78
5 1 0 0 0 0 1 316 16 163 12.75
8 1 0 0 0 0 1 304 17 162 13.49
2 0 6 5 2 3 1 311 25 116 19.8
9 0 7 8 6 1 1 314 24 162 20.58
1 0 4 7 4 2 1 307 16 144 14.38
10 0 9 6 5 3 1 309 29 121 21.74
5 0 3 1 8 4 1 313 16 110 12.52
2 0 8 1 2 2 2 311 313 39 126 12.52
2 0 3 4 9 10 1 315 13 137 12.41
10 0 6 3 4 3 1 317 41 149 21.42
8 0 9 4 8 8 2 313 318 13 158 20.15
1 0 7 2 9 5 1 316 41 168 23.18
9 0 4 1 4 2 1 318 33 158 22.18
4 0 10 5 7 6 1 318 28 136 16.84
8 0 10 4 5 7 1 319 42 132 14.0
4 0 1 3 1 5 1 319 51 162 23.89
1 0 4 2 3 8 1 319 42 172 21.27
1 0 0 0 0 0 0 55 127 19.08
1 0 0 0 0 0 3 321 322 323 0 131 23.2
4 0 1 2 5 9 2 327 342 1 114 19.51
5 0 5 9 2 9 2 325 330 1 97 14.37
3 0 6 8 1 9 2 324 340 1 99 12.35
2 0 5 8 3 9 3 329 331 332 4 91 16.47
8 0 5 7 4 6 3 326 328 333 6 152 12.45
1 0 3 2 8 6 2 329 338 14 139 13.94
10 0 4 10 1 6 2 336 337 5 118 14.25
10 0 2 1 9 2 3 337 339 348 14 115 15.33
9 0 8 4 8 9 2 334 347 15 126 19.16
9 0 2 6 10 2 3 339 340 345 6 156 22.25
7 0 7 6 8 2 2 334 345 6 88 12.08
10 0 10 9 8 4 3 338 344 347 6 137 21.9
8 0 2 2 2 10 3 335 339 345 14 97 16.25
10 0 2 2 10 6 2 341 350 24 106 17.74
2 1 0 0 0 0 2 341 344 22 106 17.75
2 0 4 1 7 3 2 340 343 15 93 22.24
10 1 0 0 0 0 2 349 350 24 114 20.42
3 0 4 5 2 9 1 341 16 116 13.94
7 1 0 0 0 0 2 344 346 24 132 23.63
1 0 1 5 3 5 2 346 348 17 110 20.11
1 0 8 1 10 1 1 343 34 160 22.2
5 0 2 3 7 9 1 343 5 121 17.5
6 0 7 4 7 4 1 348 35 151 20.22
3 1 0 0 0 0 1 350 31 154 16.45
8 1 0 0 0 0 1 346 22 103 22.23
6 0 1 3 5 5 1 347 31 160 21.39
7 0 4 7 6 2 1 349 37 183 18.78
4 0 7 2 9 3 1 351 41 185 20.51
8 0 2 4 8 3 1 351 44 158 21.19
9 0 8 6 5 6 1 351 34 121 23.71
1 0 0 0 0 0 0 52 157 15.59
1 0 0 0 0 0 3 353 354 355 0 115 16.62
4 0 2 0 8 5 3 358 360 369 1 111 20.89
2 0 0 10 3 10 3 361 362 366 1 101 22.0
1 0 10 0 0 1 3 356 366 373 1 114 18.63
2 0 9 10 8 9 3 357 365 377 2 137 15.48
3 0 0 4 8 0 3 368 369 372 4 98 15.07
9 0 5 9 7 0 3 359 364 365 5 122 17.49
9 0 1 6 8 0 3 367 370 375 14 166 17.38
3 0 0 4 0 3 3 361 366 377 5 103 12.67
7 0 0 10 0 1 3 363 367 382 8 155 18.5
10 0 8 9 2 2 3 363 367 371 3 111 15.86
8 0 0 3 3 6 2 365 370 15 112 20.6
4 0 4 9 8 0 3 370 373 374 14 91 19.56
6 1 0 0 0 0 2 368 375 23 168 18.57
3 0 1 5 3 2 2 368 376 8 153 16.62
9 0 3 9 8 10 2 372 379 23 104 22.06
6 0 8 1 10 6 2 374 380 29 152 18.1
8 0 3 1 5 4 2 376 382 7 138 15.78
4 1 0 0 0 0 2 372 379 23 140 16.12
3 0 6 1 6 7 3 373 374 377 13 161 21.95
4 0 10 0 6 0 2 378 381 32 157 22.27
5 1 0 0 0 0 2 375 378 18 158 12.84
6 0 3 8 0 5 1 379 35 125 20.7
7 0 3 0 4 5 2 376 380 29 155 15.15
9 0 5 10 10 4 1 381 36 147 17.49
5 0 0 8 4 9 2 378 382 16 160 16.39
1 0 3 7 3 7 1 380 36 171 13.62
4 0 0 0 2 3 1 381 41 158 16.06
5 0 6 4 2 7 1 383 37 177 22.84
5 0 1 7 6 0 1 383 45 144 14.17
1 0 6 8 3 0 1 383 21 123 15.76
1 0 0 0 0 0 0 50 126 15.5
1 0 0 0 0 0 3 385 386 387 0 93 17.94
6 0 0 1 9 2 3 390 392 403 1 127 12.04
10 0 2 0 0 0 2 388 394 1 144 18.17
8 0 0 0 5 8 3 393 403 405 1 134 17.85
3 0 0 3 6 8 3 389 391 414 11 116 23.33
1 0 10 0 0 0 2 399 407 14 116 20.79
8 0 5 0 10 1 2 401 409 7 118 22.58
10 0 2 0 3 0 3 395 397 399 14 144 16.98
1 0 0 2 5 8 3 394 406 412 7 138 16.3
9 0 4 0 0 0 1 395 9 122 12.4
4 0 0 1 5 0 1 410 11 101 20.16
10 0 0 1 10 9 3 396 398 406 24 154 23.47
4 1 0 0 0 0 3 400 402 404 34 119 16.37
9 1 0 0 0 0 1 400 24 134 13.17
5 0 1 0 2 7 1 401 34 127 13.81
3 1 0 0 0 0 3 400 402 405 24 164 20.36
7 0 0 0 0 6 3 408 409 411 38 148 20.0
9 0 0 4 5 5 2 404 411 39 147 21.63
2 0 0 0 5 0 3 408 409 413 38 171 23.23
6 0 9 0 0 0 1 406 9 105 12.69
1 0 9 3 0 0 1 408 48 118 16.52
1 1 0 0 0 0 1 410 27 112 19.41
1 1 0 0 0 0 2 407 410 34 176 16.78
3 1 0 0 0 0 1 411 35 165 15.01
6 0 0 3 0 0 1 412 49 162 12.55
9 0 7 0 0 0 1 412 45 130 18.52
10 0 0 3 5 0 1 413 35 116 22.01
5 0 0 1 2 0 1 413 48 190 18.39
6 0 0 5 0 1 1 415 55 134 19.08
9 0 8 0 0 1 1 415 53 198 22.44
3 0 0 0 9 0 1 415 14 162 23.89
1 0 0 0 0 0 0 62 136 16.01
1 0 0 0 0 0 3 417 418 419 0 132 22.19
9 0 0 0 4 0 3 421 422 430 1 115 13.23
2 0 1 6 1 0 1 420 1 84 18.07
7 0 0 5 0 5 1 423 1 109 17.85
4 0 0 2 0 0 1 442 3 138 19.1
7 0 4 8 0 7 3 424 428 429 10 108 18.52
6 0 7 0 3 4 1 431 10 89 13.86
3 0 4 0 9 6 1 431 8 118 19.47
6 0 2 2 5 0 3 425 435 445 17 145 14.68
7 0 0 4 1 9 3 426 431 437 23 128 23.39
7 1 0 0 0 0 2 427 434 30 138 13.52
3 1 0 0 0 0 3 432 439 441 37 176 21.89
9 0 1 0 3 0 2 433 444 17 159 16.78
6 0 10 0 0 3 1 446 17 144 17.96
5 0 7 0 5 0 3 435 438 440 10 107 18.28
7 1 0 0 0 0 1 436 30 177 12.2
6 0 4 10 8 0 1 446 40 163 17.99
6 1 0 0 0 0 1 434 26 114 16.97
4 0 9 5 2 0 1 436 37 155 14.32
6 0 0 0 2 0 1 442 23 126 17.91
5 0 0 0 0 2 1 440 41 162 14.41
6 1 0 0 0 0 1 438 30 111 22.48
7 1 0 0 0 0 1 441 36 182 17.12
2 1 0 0 0 0 1 442 40 182 16.51
6 0 0 3 5 0 1 443 46 142 16.09
1 1 0 0 0 0 2 443 444 43 143 19.07
2 0 0 10 0 2 1 443 42 137 23.22
9 0 0 6 0 0 1 446 52 163 20.17
1 0 0 0 7 10 1 447 44 181 13.01
9 0 0 0 10 9 1 447 23 105 14.44
7 0 6 8 0 0 1 447 61 201 18.78
1 0 0 0 0 0 0 68 203 15.41
89.95 88.43 89.7 89.26 88.94 94.95 119.33 146.14 159.38 145.3 132.48 120.88 110.86 120.58 137.43 153.89 165.89 157.81 144.49 129.01 123.13 105.74 102.95 93.79 87.51 85.51 82.05 82.54 83.13 88.06 92.52 118.12 119.09 110.91 95.63 90.82 89.43 92.95 105.63 125.09 142.73 140.36 127.67 122.91 113.64 107.62 103.19 89.79 81.44 80.8 78.5 78.66 83.81 96.05 120.15 138.24 119.79 93.36 80.26 71.56 72.73 83.45 99.32 129.27 137.0 119.75 110.32 96.72 92.76 79.49 79.26 72.4 35.11 27.61 25.35 23.94 41.2 74.33 115.0 123.57 103.63 81.97 79.99 74.33 79.88 81.97 81.97 110.0 124.05 123.04 124.55 125.6 127.65 119.7 113.93 106.61 101.49 98.6 97.64 93.54 95.33 98.1 121.14 140.79 138.99 124.06 115.27 108.94 104.49 110.68 124.01 135.35 140.0 135.31 133.78 128.97 119.4 107.27 107.4 90.73 76.27 80.77 79.71 79.67 77.57 75.43 86.01 95.46 94.84 94.35 96.51 95.0 93.69 99.57 109.28 123.4 120.73 124.74 124.2 117.81 114.66 105.3 104.16 97.98 93.09 96.19 94.81 92.32 87.87 90.89 88.66 96.05 100.62 103.44 101.64 104.81 103.87 106.13 111.72 119.59 127.04 131.4 126.36 116.94 110.9 102.04 97.28 87.16 89.82 81.59 75.19 73.28 76.73 88.07 102.26 118.22 130.28 127.45 119.26 109.34 108.14 109.69 114.77 113.4 116.98 118.23 116.61 110.71 103.05 93.4 90.22 81.17 85.11 83.1 79.29 78.05 80.91 83.94 100.8 119.44 120.23 107.81 92.43 89.36 90.9 96.89 106.45 127.69 150.75 153.1 144.98 133.76 112.95 98.36 98.94 89.96 87.74 86.3 84.47 83.82 85.39 91.65 115.83 134.06 137.48 116.77 94.45 88.57 93.17 99.81 116.08 146.79 163.23 143.0 132.12 127.88 114.07 108.02 104.6 91.89 90.85 88.48 87.43 87.23 87.59 94.45 119.3 146.83 155.06 152.8 142.76 132.12 132.47 140.52 147.85 159.6 183.44 175.03 163.0 155.82 136.59 119.71 107.74 93.8 102.27 94.35 90.45 90.49 94.16 102.44 132.96 179.83 205.42 182.59 153.77 140.32 132.18 137.55 157.26 198.1 252.29 248.33 204.85 171.53 142.18 117.74 105.31 95.19 102.58 94.64 88.44 85.28 86.54 85.8 91.42 108.44 107.13 95.35 90.73 87.72 85.01 91.67 110.54 125.0 138.12 135.41 131.26 123.71 114.1 98.13 94.13 82.43 81.53 74.35 70.44 63.23 60.89 67.08 74.35 81.07 82.68 82.03 80.64 80.01 82.71 85.11 96.97 108.43 122.7 119.2 131.04 117.72 108.19 94.94 90.02 74.35 79.57 72.33 72.87 74.48 75.54 88.78 129.86 146.76 148.94 155.57 154.99 164.44 169.05 182.05 206.08 219.53 249.28 268.62 239.59 202.41 169.46 139.14 125.4 107.54 102.73 101.39 100.16 98.98 102.74 110.68 169.3 300.0 341.7 311.65 289.35 319.95 344.74 330.28 325.77 323.13 339.94 372.84 296.01 246.35 172.86 134.57 118.19 102.14 92.88 91.2 89.39 90.42 90.83 97.97 127.66 191.04 236.81 211.94 196.61 171.11 165.05 169.35 184.76 224.08 293.46 293.71 228.54 183.63 141.2 114.96 102.2 90.32 89.98 84.38 80.17 77.85 81.27 83.23 114.48 130.0 135.0 130.0 111.99 115.17 101.85 111.96 129.1 137.68 147.23 135.52 140.03 130.0 112.53 97.09 92.11 80.92 82.13 89.18 80.93 75.43 89.44 93.27 109.09 145.0 150.0 145.0 127.96 106.64 125.82 117.87 145.0 132.29 140.0 127.75 131.47 128.79 113.27 105.49 102.86 89.57 90.65 87.98 92.63 94.76 95.42 99.2 94.38 103.99 108.02 107.22 103.72 104.02 107.02 97.47 104.2 116.09 130.98 135.0 137.26 125.0 130.0 103.9 125.0 118.93 89.3 88.43 84.29 82.53 82.84 84.41 86.77 84.29 85.56 102.45 85.86 87.4 89.69 86.62 102.21 115.0 131.8 131.2 131.62 132.39 139.2 122.55 108.17 96.66 95.59 99.11 92.62 89.82 90.68 99.65 125.89 145.43 156.32 141.04 124.17 117.29 130.0 134.74 156.0 183.35 207.87 175.0 181.92 168.14 146.06 121.37 111.16 97.99 115.68 130.01 115.68 98.83 108.28 98.23 129.67 175.0 160.0 140.7 160.0 126.49 124.13 144.15 150.92 175.0 185.12 175.26 170.65 166.52 153.15 129.62 119.66 103.66 99.08 98.08 95.87 95.3 97.2 104.15 148.48 196.81 245.73 216.58 184.66 171.37 164.9 179.12 202.18 247.05 314.92 260.2 205.2 173.75 147.06 124.78 116.25 106.59 99.01 95.25 92.3 92.13 95.03 101.24 128.58 154.58 168.82 167.48 140.02 149.33 143.82 151.99 160.08 158.05 153.5 147.27 144.91 139.12 125.16 113.08 111.37 99.85 98.05 95.68 92.36 92.15 96.22 102.64 125.0 159.41 184.84 183.75 172.15 167.67 161.1 156.69 159.51 160.55 166.65 156.65 145.9 131.32 115.44 100.0 95.62 85.22 83.38 78.39 75.06 75.21 76.23 77.32 81.69 90.93 99.53 99.31 96.54 97.88 93.07 95.98 102.89 109.57 116.93 132.13 124.28 120.0 129.97 92.76 87.68 82.37 80.52 74.22 73.05 69.23 71.58 72.75 74.74 78.92 83.18 88.67 93.08 94.91 100.15 102.44 107.22 108.75 112.55 112.52 104.9 105.7 103.7 92.39 82.08 63.98 70.16 75.77 49.86 75.77 81.4 83.41 99.48 115.82 114.3 109.19 105.26 105.0 106.69 104.1 110.38 114.04 135.05 134.37 133.83 137.35 126.04 125.0 114.54 82.24 80.32 79.22 79.74 79.85 81.35 89.58 107.0 115.74 130.51 115.46 108.71 107.88 106.03 110.98 126.26 126.47 138.57 140.0 140.0 130.0 115.31 99.28 94.91 72.8 75.77 75.77 72.0 75.29 77.42 82.79 107.52 115.52 110.69 113.27 100.69 90.53 89.66 97.25 103.26 111.82 116.31 115.55 115.0 115.0 100.53 99.63 90.64 84.26 86.81 84.12 82.44 83.42
