448 5
1 41 39 34 31
1 0 0 0 0 0 3 1 2 3 0 98 7.73
9 0 10 7 0 7 3 5 6 16 1 94 10.24
7 0 8 0 1 7 3 11 14 19 1 132 9.92
8 0 8 0 5 4 2 4 5 1 119 7.65
6 0 1 9 0 5 1 25 9 129 5.26
4 0 7 0 10 6 2 9 12 10 110 6.77
2 0 9 0 10 5 3 7 28 29 10 172 9.32
2 0 9 2 10 8 3 8 10 21 12 164 8.77
4 0 9 3 10 2 1 13 14 178 5.59
8 0 0 10 6 5 3 14 15 17 14 146 9.07
6 0 0 1 0 5 2 13 23 14 164 9.8
5 0 1 3 0 4 2 18 20 8 102 8.66
2 0 10 10 1 9 3 13 18 19 14 124 6.12
6 1 0 0 0 0 2 22 25 20 171 10.28
1 1 0 0 0 0 3 18 24 26 22 177 9.42
2 0 5 5 0 4 1 21 22 120 8.7
5 0 2 6 4 4 2 20 22 10 100 6.34
3 0 0 9 7 0 3 21 25 27 22 110 7.1
6 1 0 0 0 0 2 22 23 23 168 6.39
10 0 10 7 4 0 1 29 16 176 10.11
9 0 1 3 0 0 1 24 15 183 6.06
5 1 0 0 0 0 2 23 26 25 138 8.7
9 0 2 2 3 2 1 30 29 149 6.34
7 0 9 5 9 0 1 30 30 195 8.71
10 0 8 5 0 3 2 27 28 24 164 8.05
4 1 0 0 0 0 1 26 26 189 5.85
7 0 2 7 0 5 1 30 30 154 7.39
9 0 0 0 5 1 1 29 34 165 9.61
3 0 8 10 3 0 1 31 34 139 5.79
6 0 4 1 4 0 1 31 43 178 10.36
4 0 5 0 0 8 1 31 38 134 8.06
1 0 0 0 0 0 0 49 151 6.23
1 0 0 0 0 0 3 33 34 35 0 148 7.79
10 0 7 9 0 10 3 37 40 44 1 131 9.76
5 0 0 1 8 0 2 36 39 1 106 10.5
7 0 8 5 7 1 2 41 47 1 169 6.24
5 0 1 8 0 0 3 38 46 55 6 92 9.96
4 1 0 0 0 0 1 60 11 129 8.42
6 1 0 0 0 0 3 43 50 58 11 143 5.67
2 0 10 3 9 5 3 43 45 60 6 137 8.56
2 0 0 0 1 3 3 42 50 51 11 176 5.25
5 0 9 1 4 0 3 42 48 49 8 159 9.45
9 0 0 0 8 7 2 53 58 13 127 9.35
1 1 0 0 0 0 1 47 17 119 8.25
8 0 9 0 6 8 3 49 53 56 11 112 6.69
6 0 5 5 9 0 3 47 50 54 8 148 5.74
10 0 7 0 3 8 1 62 11 160 5.44
9 0 2 10 4 2 2 53 56 18 108 10.15
4 0 0 7 4 8 3 52 57 61 13 111 9.5
8 1 0 0 0 0 1 57 19 174 8.15
4 0 7 0 5 1 1 59 17 126 10.3
1 1 0 0 0 0 3 52 55 56 13 142 6.75
6 1 0 0 0 0 1 54 17 169 5.87
1 0 7 9 9 5 1 59 27 110 7.75
4 0 8 5 1 1 1 58 23 173 6.15
6 1 0 0 0 0 1 57 14 162 6.83
3 0 10 10 0 0 1 59 27 186 6.15
10 0 2 3 1 5 2 60 62 27 133 8.51
6 0 9 0 6 9 1 62 27 168 7.51
5 0 4 0 8 3 1 61 30 115 7.29
5 0 9 7 6 0 1 63 37 190 6.98
1 0 0 1 1 0 1 63 35 134 10.22
3 0 5 2 0 1 1 63 37 174 9.83
1 0 0 0 0 0 0 42 180 7.3
1 0 0 0 0 0 3 65 66 67 0 145 5.71
4 0 0 0 9 0 1 82 1 169 7.59
1 0 8 2 0 0 3 70 71 77 1 150 6.16
1 0 6 2 0 0 3 68 72 88 1 112 7.98
8 0 0 0 4 0 2 69 77 2 106 7.85
4 0 0 4 1 0 3 75 80 86 10 127 7.67
8 0 0 8 3 9 1 85 2 101 7.5
7 0 9 0 10 0 3 73 88 94 2 110 9.02
10 0 2 0 2 8 1 92 2 156 7.39
9 0 0 9 0 0 2 74 76 9 104 7.89
3 1 0 0 0 0 1 87 18 151 5.37
10 0 6 0 0 8 1 79 14 157 9.57
8 0 0 10 0 0 3 78 82 90 18 136 6.52
5 0 0 0 10 0 1 81 10 165 9.69
8 1 0 0 0 0 1 89 26 164 9.37
1 0 10 7 9 5 1 91 24 111 7.59
4 0 1 0 8 10 1 91 14 169 9.37
9 1 0 0 0 0 1 83 15 126 7.5
8 1 0 0 0 0 2 84 89 26 135 7.44
7 0 10 6 9 4 2 85 87 24 153 5.72
8 0 0 0 5 0 2 86 87 34 162 7.07
4 0 6 0 1 0 1 94 31 124 7.23
10 0 5 0 10 0 1 93 42 137 7.21
3 0 0 10 6 3 1 92 42 156 9.65
2 0 1 0 0 7 1 91 9 174 7.36
4 1 0 0 0 0 1 92 34 161 6.22
6 0 9 0 0 0 1 93 26 147 8.21
7 0 0 0 3 7 1 93 25 182 8.0
3 0 0 1 6 0 1 95 45 138 7.23
2 0 0 0 3 5 1 95 52 204 7.0
10 0 2 10 0 8 1 95 35 186 10.31
1 0 0 0 0 0 0 54 149 9.05
1 0 0 0 0 0 3 97 98 99 0 92 8.85
9 0 1 9 6 10 2 100 101 1 161 6.57
4 0 3 7 0 7 3 107 111 120 1 150 9.25
1 0 6 8 2 1 1 105 1 121 8.48
8 0 7 5 8 2 3 102 103 114 10 129 9.89
4 0 8 4 0 2 2 107 113 10 160 5.65
4 0 6 0 8 9 3 104 108 123 18 149 8.62
3 0 4 0 7 2 1 106 18 119 7.82
9 0 4 4 0 4 3 109 112 115 22 165 9.15
2 0 1 1 3 2 3 114 118 120 2 101 9.51
4 0 0 2 0 10 2 110 119 21 172 10.34
7 0 10 0 9 0 2 112 123 14 141 9.95
2 0 2 2 3 0 1 110 22 126 8.1
5 1 0 0 0 0 1 113 31 166 6.46
8 1 0 0 0 0 2 116 120 25 137 6.04
4 0 4 0 8 9 2 112 119 5 125 6.14
8 0 1 0 9 9 3 116 117 122 31 188 5.92
7 1 0 0 0 0 2 116 119 36 199 9.69
7 0 1 7 10 5 3 117 122 125 18 146 8.9
1 1 0 0 0 0 3 117 118 121 31 188 7.27
4 1 0 0 0 0 1 126 43 189 9.08
4 0 9 9 0 3 1 126 39 126 7.38
4 0 8 7 9 5 1 125 32 169 7.26
8 0 4 0 0 0 2 121 122 43 142 7.2
10 1 0 0 0 0 1 121 33 186 8.62
9 0 10 9 4 0 1 126 51 157 6.93
9 0 5 0 4 9 1 124 51 155 6.1
3 0 10 0 8 8 2 124 125 22 140 8.0
10 0 3 0 0 7 1 127 60 145 7.15
3 1 0 0 0 0 1 127 36 145 5.36
5 0 10 0 0 7 1 127 60 213 8.2
1 0 0 0 0 0 0 70 183 6.25
1 0 0 0 0 0 3 129 130 131 0 133 7.88
9 0 0 0 6 0 3 132 134 141 1 170 5.51
7 0 0 6 0 0 2 140 146 1 128 5.94
1 0 0 5 0 0 3 133 134 143 1 105 6.75
10 0 0 5 0 0 2 142 152 10 149 7.99
8 0 0 0 1 0 3 135 136 150 2 113 6.61
8 0 0 0 1 0 1 147 10 102 6.42
2 0 0 6 0 0 2 137 139 10 154 9.5
7 0 10 0 0 0 3 140 141 145 10 133 6.35
3 1 0 0 0 0 3 138 142 144 12 112 9.31
6 1 0 0 0 0 1 154 15 152 7.51
1 1 0 0 0 0 3 146 149 155 12 140 10.33
10 0 0 0 0 10 3 149 152 154 17 128 8.77
9 0 1 0 0 0 1 157 17 174 9.48
7 0 0 6 0 0 1 147 20 110 10.17
7 0 0 0 7 0 1 151 2 155 6.74
6 0 0 9 0 0 3 145 148 149 15 107 10.22
5 1 0 0 0 0 2 152 155 21 126 9.68
8 0 0 0 3 0 3 148 151 156 13 106 10.48
5 0 0 0 0 2 1 151 27 128 7.57
1 1 0 0 0 0 1 153 21 106 8.44
4 1 0 0 0 0 1 156 27 137 10.17
2 0 0 0 0 8 2 153 154 10 98 9.62
6 0 0 0 0 10 1 158 32 171 5.49
4 1 0 0 0 0 1 157 27 147 9.02
3 0 0 0 4 0 2 157 158 22 130 9.12
7 0 0 0 0 3 2 155 158 27 121 7.46
10 0 4 0 0 0 1 156 34 144 8.15
7 0 4 0 0 0 1 159 44 173 6.78
4 0 6 0 0 0 1 159 31 139 9.8
10 0 0 0 8 0 1 159 38 139 9.84
1 0 0 0 0 0 0 51 188 5.81
1 0 0 0 0 0 3 161 162 163 0 117 6.09
4 0 1 3 0 1 1 165 1 89 7.95
1 0 1 0 0 0 2 164 167 1 138 5.89
8 0 7 4 0 0 1 174 1 142 6.6
1 0 3 0 0 0 3 170 180 186 2 138 9.36
10 0 1 0 8 0 3 166 169 173 5 150 5.61
8 0 0 1 10 0 1 171 15 131 9.42
4 0 9 5 8 0 2 168 190 2 131 9.38
1 0 0 9 10 0 1 181 6 165 6.37
10 0 0 4 6 7 2 175 179 15 149 6.11
7 0 8 0 2 0 1 184 3 164 8.16
9 1 0 0 0 0 2 172 183 23 157 5.48
1 0 0 0 4 0 1 177 32 173 5.62
4 0 9 3 0 0 3 177 182 187 15 157 6.71
7 0 0 9 6 1 1 185 9 167 10.12
10 0 0 6 0 0 3 176 184 187 25 115 9.92
1 0 9 0 5 0 1 178 35 158 8.55
6 0 4 4 10 0 2 178 188 33 152 8.65
1 0 5 0 4 10 1 186 39 164 5.32
8 1 0 0 0 0 1 184 25 132 6.49
3 0 0 0 4 3 1 187 3 142 9.95
10 0 3 0 2 0 3 183 185 188 7 161 7.49
3 1 0 0 0 0 1 183 19 166 7.69
7 0 0 7 6 0 1 189 32 193 9.8
1 0 6 0 0 0 1 189 35 128 9.65
9 0 1 0 9 0 1 189 17 166 7.88
7 0 8 0 3 8 1 190 40 135 9.55
4 0 10 0 1 5 1 188 35 146 10.38
7 0 0 4 0 0 1 191 39 200 5.6
6 0 0 8 0 0 1 191 39 129 9.73
4 0 10 0 1 0 1 191 47 150 7.88
1 0 0 0 0 0 0 51 176 7.02
1 0 0 0 0 0 3 193 194 195 0 85 8.66
3 0 7 7 0 0 3 197 203 218 1 143 8.93
5 0 4 7 5 9 2 211 218 1 104 8.89
2 0 6 8 6 0 3 196 207 217 1 90 10.43
8 0 8 0 0 1 3 199 205 212 3 93 5.65
5 0 0 10 0 5 1 198 4 135 5.55
7 0 6 0 0 10 3 200 201 204 9 118 7.51
5 0 0 8 0 3 3 206 219 222 11 169 10.32
9 0 5 0 5 4 2 202 211 16 125 9.79
5 0 4 0 2 1 3 205 214 215 16 102 10.16
8 1 0 0 0 0 3 207 208 214 25 117 6.75
3 0 4 2 3 8 1 217 4 114 6.97
7 0 8 10 5 0 3 207 208 216 16 125 10.26
1 0 3 2 3 4 2 206 216 21 155 8.06
9 0 0 9 4 0 2 209 211 22 110 6.45
10 0 1 0 6 2 3 213 221 222 33 132 5.49
10 0 0 4 4 8 2 215 217 33 163 6.09
3 1 0 0 0 0 1 210 31 122 9.25
7 0 0 8 6 6 1 213 34 148 6.85
3 0 9 9 6 0 1 220 31 179 7.48
3 1 0 0 0 0 3 214 215 220 11 154 9.12
1 0 4 6 0 9 1 220 43 156 7.35
9 0 10 9 5 4 1 216 33 153 9.64
10 0 0 6 6 1 1 219 43 165 7.25
4 0 7 4 0 0 1 219 42 140 5.8
2 0 6 5 7 5 1 221 43 160 10.46
7 0 0 9 1 4 1 222 6 175 6.48
4 0 3 0 0 0 1 221 53 206 7.35
3 0 4 9 3 1 1 223 44 134 8.06
2 0 8 5 3 5 1 223 57 171 5.26
3 0 1 9 10 9 1 223 43 167 6.59
1 0 0 0 0 0 0 59 177 8.34
1 0 0 0 0 0 3 225 226 227 0 124 7.79
6 0 3 0 0 9 3 230 232 242 1 112 9.58
3 0 7 0 0 8 2 232 233 1 139 9.43
6 0 0 0 0 9 3 228 234 236 1 143 7.67
7 0 0 4 0 9 3 229 230 232 7 172 10.13
9 0 0 5 0 9 3 237 240 243 14 107 9.29
10 0 3 0 0 7 3 231 235 239 14 115 8.0
9 1 0 0 0 0 2 240 249 24 185 6.18
2 0 5 0 0 1 3 238 239 240 14 116 8.59
6 0 0 0 0 10 3 234 237 243 4 149 6.36
3 0 6 2 2 0 2 242 250 10 148 6.55
3 1 0 0 0 0 3 238 241 246 24 176 5.29
4 0 5 4 0 0 3 244 246 251 7 158 7.48
9 0 0 0 1 8 3 242 246 247 23 182 9.33
7 0 0 0 8 5 3 244 245 248 27 151 9.41
4 1 0 0 0 0 3 245 247 254 24 143 6.93
1 1 0 0 0 0 3 247 250 252 33 185 9.32
1 0 8 0 0 0 2 243 248 27 114 10.26
6 0 0 10 0 0 2 244 254 32 151 8.03
10 1 0 0 0 0 2 245 254 28 189 7.84
4 1 0 0 0 0 1 249 38 125 9.11
10 0 7 3 10 8 3 249 250 251 38 175 8.97
2 1 0 0 0 0 1 252 32 176 10.48
6 1 0 0 0 0 2 248 251 34 147 8.9
6 0 3 0 3 1 1 253 40 128 6.86
10 0 3 3 2 0 1 252 48 172 6.75
8 0 7 8 3 0 1 253 48 176 9.56
2 0 4 0 0 0 1 253 48 134 8.13
8 0 10 4 0 0 1 255 58 145 7.39
10 0 4 6 10 0 1 255 56 153 9.44
5 1 0 0 0 0 1 255 38 164 6.05
1 0 0 0 0 0 0 66 194 6.07
1 0 0 0 0 0 3 257 258 259 0 93 6.6
7 0 6 7 0 0 1 277 1 91 7.15
3 0 0 0 1 6 3 260 261 266 1 119 9.61
5 0 2 0 2 0 1 286 1 101 9.6
1 0 0 0 7 0 3 262 275 282 4 92 7.42
10 0 4 0 5 0 3 263 265 270 4 108 9.53
5 0 9 6 3 10 3 264 269 283 5 102 7.59
9 0 0 0 6 7 1 281 14 144 7.04
1 0 0 0 2 3 1 278 10 109 7.56
5 0 0 8 0 0 3 267 268 274 14 141 7.9
2 0 0 9 4 10 1 279 4 141 6.95
1 1 0 0 0 0 1 276 19 122 6.26
7 1 0 0 0 0 2 271 273 19 164 7.83
4 0 0 10 8 7 1 279 10 134 7.22
5 0 3 9 0 4 2 272 279 14 163 9.7
7 0 0 0 8 0 1 272 26 162 7.83
8 0 0 10 0 0 1 284 33 175 7.15
5 1 0 0 0 0 2 277 286 26 186 10.22
1 0 0 3 3 0 2 285 286 19 155 5.88
1 0 4 0 3 4 1 283 5 108 6.2
10 1 0 0 0 0 1 281 20 181 5.57
3 1 0 0 0 0 1 282 31 150 9.56
4 0 2 0 1 3 1 284 11 133 8.42
3 1 0 0 0 0 1 280 19 180 9.56
1 0 2 0 0 0 1 284 22 174 8.25
7 0 9 0 2 0 2 282 283 30 172 8.32
9 0 9 9 5 0 1 285 37 125 6.71
10 0 3 0 0 9 1 285 37 160 5.89
6 0 9 0 9 0 1 287 41 129 10.32
5 0 0 0 0 8 1 287 47 193 9.32
10 0 3 0 5 3 1 287 31 166 8.01
1 0 0 0 0 0 0 52 174 9.25
1 0 0 0 0 0 3 289 290 291 0 112 7.25
5 0 0 6 10 9 3 297 303 316 1 95 6.55
4 0 7 10 6 0 3 292 299 302 1 152 9.39
7 0 0 8 7 6 3 295 298 311 1 145 5.66
2 0 3 0 7 0 3 293 294 309 5 102 9.09
6 0 2 1 2 6 2 300 304 7 95 9.73
4 0 5 10 5 5 1 296 7 170 9.45
10 0 6 0 0 3 2 297 308 8 152 7.5
10 0 3 7 0 9 2 311 313 11 179 7.57
5 1 0 0 0 0 1 310 18 122 7.43
2 0 0 6 8 0 1 308 8 94 6.47
10 0 8 1 1 3 1 301 5 104 9.56
1 0 2 0 3 7 1 307 13 144 10.37
3 0 5 0 8 0 1 314 15 144 7.56
8 0 6 3 10 6 1 307 5 95 9.44
9 0 2 4 3 6 3 305 306 313 6 176 7.21
9 0 0 0 7 7 2 307 310 13 141 6.16
7 0 8 0 0 0 1 315 15 133 8.74
2 0 9 9 0 0 1 318 15 99 6.9
8 1 0 0 0 0 1 308 22 188 5.45
6 0 1 1 1 1 1 312 30 183 8.99
6 0 2 1 0 7 1 312 7 159 7.72
8 0 7 9 6 6 1 315 23 118 8.88
1 1 0 0 0 0 1 315 21 158 10.41
4 0 7 3 0 0 1 318 36 140 7.05
1 0 0 7 1 10 1 317 21 110 7.14
10 0 4 9 9 5 1 316 18 187 6.51
1 0 9 5 2 8 2 317 318 31 170 6.35
10 0 0 5 0 8 1 319 28 181 9.22
3 0 2 0 8 5 1 319 32 191 8.73
5 0 0 5 8 0 1 319 40 200 10.14
1 0 0 0 0 0 0 45 198 9.38
1 0 0 0 0 0 3 321 322 323 0 119 6.85
6 0 5 0 0 8 3 332 335 338 1 151 6.06
6 0 0 0 0 9 2 330 349 1 146 9.97
10 0 0 8 4 0 3 324 333 348 1 143 6.49
1 0 10 7 0 0 2 325 329 11 111 7.87
7 0 4 0 0 7 3 326 327 328 12 118 8.27
10 0 0 0 6 6 2 334 337 19 126 8.31
5 0 3 7 10 0 2 336 340 19 164 6.45
6 1 0 0 0 0 2 334 341 19 107 6.43
4 0 7 0 3 0 3 331 332 335 12 121 5.41
8 0 0 1 0 5 3 343 344 348 7 138 7.04
8 1 0 0 0 0 1 340 16 181 9.97
10 0 6 10 0 0 2 337 340 16 114 5.67
3 0 6 0 4 6 1 342 11 152 6.49
6 1 0 0 0 0 3 335 339 346 29 118 6.87
3 1 0 0 0 0 1 350 35 179 6.62
7 1 0 0 0 0 1 338 24 179 5.65
4 0 0 0 2 0 3 339 346 349 29 157 8.09
4 1 0 0 0 0 3 339 345 346 31 119 7.79
3 1 0 0 0 0 2 343 344 35 128 5.95
5 0 0 5 7 4 1 341 26 131 7.42
3 1 0 0 0 0 2 342 344 31 187 8.75
1 1 0 0 0 0 2 343 345 34 183 9.26
3 1 0 0 0 0 1 350 38 145 6.58
9 0 0 1 5 10 1 347 38 130 9.73
3 0 0 0 0 1 1 349 35 151 10.42
3 0 7 0 2 0 1 347 35 154 9.22
8 0 0 0 4 10 1 350 47 151 9.3
9 1 0 0 0 0 1 351 15 127 9.44
7 0 0 0 0 4 1 351 38 123 9.34
9 0 0 8 7 0 1 351 55 198 9.84
1 0 0 0 0 0 0 64 217 9.43
1 0 0 0 0 0 3 353 354 355 0 127 9.8
6 0 0 7 10 0 3 356 359 362 1 110 8.41
5 0 1 10 0 4 2 360 367 1 156 8.76
8 0 0 6 0 5 3 358 369 373 1 95 7.96
8 0 8 9 0 0 3 357 372 374 7 164 8.79
10 0 10 10 0 4 3 360 361 363 15 139 9.0
10 0 0 9 0 0 3 366 367 368 9 108 6.43
6 0 10 6 0 0 3 365 368 372 7 146 10.26
2 1 0 0 0 0 3 364 370 371 25 116 6.64
1 0 0 0 6 2 3 365 370 371 25 186 6.5
7 0 0 0 7 0 3 363 368 373 7 103 10.21
1 1 0 0 0 0 3 366 370 380 25 186 8.82
2 1 0 0 0 0 3 369 378 379 27 120 6.24
4 1 0 0 0 0 3 366 369 376 26 127 7.85
2 0 0 4 3 0 2 375 381 30 136 10.04
10 0 9 0 0 10 3 372 377 378 19 183 7.49
8 1 0 0 0 0 3 371 374 377 19 159 5.65
3 1 0 0 0 0 2 375 380 30 156 5.88
4 1 0 0 0 0 1 378 27 152 5.28
1 0 8 1 8 0 1 376 27 162 6.71
2 0 1 6 0 0 1 379 29 182 7.5
6 0 0 0 0 10 3 374 375 376 14 168 5.81
6 0 6 0 0 7 2 379 380 27 148 6.22
5 0 0 0 0 8 1 377 33 155 5.87
8 0 3 1 0 0 1 381 30 163 5.89
9 0 0 0 6 3 1 382 38 165 8.41
6 0 9 0 8 1 1 382 31 118 7.15
3 0 0 2 9 5 2 381 382 33 136 5.26
4 0 2 0 0 10 1 383 33 170 7.69
8 0 5 8 0 10 1 383 38 193 7.18
8 0 0 0 0 4 1 383 47 199 7.56
1 0 0 0 0 0 0 55 194 7.13
1 0 0 0 0 0 3 385 386 387 0 123 7.18
9 0 7 1 6 8 3 395 396 412 1 109 9.36
10 0 0 0 6 6 2 389 390 1 130 8.89
9 0 10 4 1 7 2 388 392 1 140 8.08
10 0 3 0 3 8 1 410 10 159 6.39
7 0 5 10 8 0 2 391 402 11 122 9.31
1 0 3 2 5 3 1 405 11 145 7.36
4 0 4 7 0 10 3 393 400 404 18 133 6.46
4 0 1 9 0 8 1 411 10 163 6.36
4 0 0 2 6 1 2 394 405 22 178 8.25
8 0 10 0 0 2 1 399 26 122 6.52
9 0 1 8 9 5 3 398 407 413 10 154 6.22
3 0 8 5 6 0 3 397 403 406 10 110 7.22
2 0 8 2 4 7 2 398 409 13 103 8.87
1 0 1 0 2 2 1 402 19 160 6.15
3 0 10 8 8 0 1 401 34 137 9.2
7 0 3 3 7 6 1 409 22 171 8.03
7 1 0 0 0 0 1 408 37 144 7.37
4 1 0 0 0 0 1 410 20 108 10.23
6 0 0 5 1 0 1 411 13 167 6.32
9 0 2 4 0 7 1 414 22 143 5.82
9 0 0 0 8 8 2 407 413 26 176 5.94
8 0 8 10 0 6 1 413 13 141 6.82
8 1 0 0 0 0 1 414 35 188 7.9
6 1 0 0 0 0 2 409 412 44 159 6.91
10 0 7 10 6 0 1 410 50 168 7.7
7 0 2 0 0 0 1 411 60 172 10.29
6 0 10 6 9 9 1 414 67 183 8.99
4 1 0 0 0 0 1 415 50 190 5.26
1 1 0 0 0 0 1 415 35 115 5.88
9 0 0 3 7 0 1 415 73 212 9.4
1 0 0 0 0 0 0 82 221 9.85
1 0 0 0 0 0 3 417 418 419 0 155 6.65
5 0 9 0 6 0 3 420 425 443 1 97 7.9
2 0 7 6 0 0 3 421 424 428 1 155 6.91
7 0 4 0 9 0 3 422 430 441 1 99 10.41
7 0 8 10 10 0 3 423 434 435 6 139 9.33
7 0 0 1 1 2 3 427 433 439 3 166 7.34
10 0 6 0 5 2 1 439 8 163 7.72
1 0 2 10 0 9 2 424 432 13 150 6.26
3 0 0 8 0 10 2 426 436 14 139 7.48
2 0 0 0 0 9 2 429 437 6 117 7.18
3 0 6 0 1 7 1 442 17 157 7.13
6 1 0 0 0 0 1 443 10 97 6.77
3 0 0 0 1 8 1 445 3 169 9.54
10 0 3 0 8 0 2 431 440 8 111 6.57
3 0 8 8 0 0 1 435 8 138 6.36
10 0 9 0 0 0 1 445 18 176 9.36
3 1 0 0 0 0 1 438 14 104 8.09
9 1 0 0 0 0 1 438 10 117 10.3
10 0 0 10 5 0 2 436 441 13 113 8.69
4 1 0 0 0 0 1 436 13 103 9.36
10 0 0 7 2 0 1 446 23 130 8.28
7 1 0 0 0 0 1 444 8 150 5.9
5 0 0 0 7 0 1 446 19 154 6.68
5 0 1 0 0 0 1 445 18 178 6.55
8 0 0 10 4 0 1 446 18 120 9.06
9 0 7 7 0 0 1 442 23 132 10.38
6 0 6 0 1 0 1 444 32 156 6.44
1 0 4 5 0 5 1 444 16 112 8.62
2 0 8 0 4 8 1 447 38 183 5.29
4 0 9 0 7 0 1 447 28 114 9.18
2 0 10 0 0 0 1 447 33 163 9.99
1 0 0 0 0 0 0 40 195 6.28
118.61 106.45 101.44 98.81 100.99 110.05 134.2 143.67 149.08 132.38 110.37 109.41 90.85 97.69 99.79 85.42 114.43 105.42 109.84 142.85 151.22 131.88 110.4 91.46 104.19 94.75 89.95 88.99 89.44 93.67 111.41 118.73 116.13 91.29 83.34 81.26 86.08 79.91 76.02 74.34 84.79 92.57 89.0 112.47 128.72 119.55 115.9 100.0 95.1 83.93 80.72 81.43 81.54 94.05 113.66 116.46 114.08 96.59 84.68 77.34 63.67 46.02 36.98 49.8 76.89 81.48 101.47 118.11 138.09 137.6 117.58 104.57 100.91 95.73 89.1 86.4 87.77 98.5 107.29 107.57 104.93 88.28 79.62 65.33 45.17 39.34 39.25 56.39 76.55 86.99 100.03 112.59 132.34 132.27 120.31 107.33 103.55 98.01 93.32 89.8 90.67 95.58 104.78 102.99 101.96 92.19 81.38 71.53 61.66 41.05 32.04 50.0 70.94 95.0 105.88 112.89 120.83 117.01 109.68 103.13 112.0 104.43 103.56 97.52 93.47 89.89 85.09 87.79 82.96 60.06 18.19 3.0 0.22 0.0 0.0 0.22 23.08 71.54 106.94 110.28 119.41 123.65 125.0 115.42 115.05 108.56 107.78 106.85 104.04 100.25 95.11 91.59 79.26 36.95 4.28 0.05 0.0 0.0 0.0 0.0 2.32 71.81 102.22 115.58 122.12 128.07 126.94 115.63 113.78 103.11 97.31 93.57 97.3 108.18 117.87 119.7 103.12 87.75 81.22 77.69 71.95 65.01 58.01 67.28 85.23 99.88 117.0 150.05 186.21 164.52 128.73 114.94 107.59 102.64 92.71 88.22 87.18 93.0 110.69 113.26 106.74 90.29 76.31 64.27 61.73 49.76 50.47 64.91 83.37 100.22 117.11 136.16 147.62 144.83 120.52 110.6 97.93 92.89 85.63 82.27 82.94 88.98 106.05 112.86 111.66 103.18 88.93 85.5 82.8 81.76 78.61 83.81 91.1 95.54 105.52 125.0 143.17 134.85 116.44 108.94 105.09 100.09 91.7 89.3 90.21 93.89 108.91 114.11 105.92 93.1 85.0 77.07 70.17 67.76 57.1 71.34 88.48 94.73 112.75 128.76 139.96 134.5 125.07 114.18 107.84 99.69 96.24 96.29 97.95 107.46 116.86 115.82 109.4 97.77 84.84 82.01 80.0 73.02 71.2 72.68 87.65 91.87 101.9 120.0 142.41 139.5 124.58 111.94 103.49 104.13 102.01 99.65 96.93 95.73 97.07 86.1 78.11 52.32 10.0 0.65 0.0 -0.01 0.0 4.09 40.39 84.6 106.66 115.13 120.72 111.15 105.48 98.02 98.1 88.55 91.3 99.42 99.81 96.71 95.24 78.03 74.6 40.61 8.52 1.96 0.0 -0.01 0.0 8.53 69.88 94.7 104.51 115.63 122.54 126.75 117.31 108.24 91.62 84.97 84.12 83.96 84.96 94.24 116.33 123.34 118.99 105.0 97.67 93.45 84.94 83.84 82.95 84.94 92.6 103.86 119.85 145.57 111.39 113.65 101.91 99.9 90.37 87.53 84.89 82.27 83.7 91.4 109.11 108.66 100.22 91.99 83.17 70.01 64.53 23.99 12.57 42.89 69.94 87.04 112.05 135.55 99.43 106.55 101.3 101.58 93.63 88.67 88.96 84.58 88.72 93.04 95.34 102.74 96.5 82.81 70.63 76.77 69.62 69.5 69.06 70.66 82.27 95.45 122.48 181.21 176.27 93.76 98.89 100.0 97.21 99.22 94.6 93.45 95.37 102.99 110.98 115.44 109.36 96.42 89.86 85.09 82.69 83.21 84.56 89.86 98.56 105.66 106.58 110.0 102.96 123.04 107.47 106.47 109.66 104.06 98.39 94.29 98.85 99.2 110.0 112.29 110.94 98.44 94.93 85.24 83.33 80.31 78.77 86.34 91.55 92.77 116.96 137.6 183.66 135.21 105.39 107.18 108.78 103.92 94.8 96.0 96.45 97.0 98.78 97.23 88.72 87.08 81.02 76.61 67.54 63.14 62.17 71.96 85.2 100.69 92.47 93.86 100.81 115.0 113.62 107.99 102.03 97.0 92.48 89.38 90.06 87.17 87.86 85.6 80.85 80.1 77.09 71.24 46.2 15.04 8.85 17.66 47.08 81.86 82.62 90.79 94.59 115.47 110.0 102.57 97.87 87.02 82.24 80.38 80.8 86.2 105.62 116.88 118.42 108.0 100.75 93.19 84.1 80.21 72.36 77.93 80.45 90.43 88.61 90.9 94.03 99.18 99.56 93.52 88.51 85.86 84.7 84.05 86.25 95.18 101.38 108.9 96.98 82.12 68.77 56.28 25.06 8.95 11.67 21.47 55.14 74.27 85.81 107.85 141.01 116.33 108.83 100.96 96.09 92.03 87.07 85.17 87.15 97.15 100.98 98.65 90.99 72.7 58.59 40.45 24.79 17.69 10.7 28.25 54.23 81.08 84.43 121.34 113.2 108.13 99.62 96.29 94.81 88.24 78.39 75.82 78.37 87.12 100.52 100.69 93.96 85.62 72.89 71.88 62.44 49.48 35.27 56.25 73.74 88.12 90.87 114.17 131.28 118.62 107.87 102.21 104.96 98.01 91.74 88.3 93.62 100.52 106.43 110.0 106.13 98.62 77.66 71.83 72.48 63.67 50.41 50.76 72.4 77.48 91.84 107.62 105.0 99.37 106.42 101.11 104.13 100.0 97.59 92.19 91.37 90.87 89.53 84.61 77.91 61.53 31.71 5.68 2.95 0.0 0.0 0.0 5.43 61.96 92.52 100.14 101.15 100.34 101.05 94.13 82.96 77.4 71.52 68.87 66.59 60.8 47.24 26.18 6.16 0.0 -1.01 -2.1 -3.0 -9.9 -10.08 -4.98 -1.78 -11.06 58.84 79.91 85.38 89.62 94.0 85.09 81.29 70.07 69.97 69.91 73.31 81.9 94.44 102.03 98.6 91.4 72.89 53.83 14.9 4.05 0.66 11.02 34.96 65.28 81.0 90.65 93.08 89.09 68.34 62.14 9.5 15.71 11.54 24.55 54.79 74.46 92.24 94.42 75.45 3.91 0.03 -1.8 -4.81 -6.18 -11.72 -5.54 21.6 55.01 60.8 103.44 114.28 103.44 85.0 79.94 75.0 60.44 59.64 59.37 58.98 83.01 99.68 99.85 83.98 27.84 0.0 -1.01 -4.11 -6.47 -2.87 5.52 19.18 45.97 95.92 109.11 169.88 156.88 110.0 101.58 97.65 97.7 92.13 89.87 90.16 94.42 109.67 105.0 72.67 41.83 6.77 0.0 -0.12 -2.71 -0.25 -0.01 17.09 63.53 98.24 111.57 146.42 127.54 110.0 101.28 94.64 90.38 86.47 83.66 82.0 91.14 101.07 102.69 92.89 65.12 30.52 7.48 0.0 -0.01 -0.01 0.0 10.49 75.6 100.0 133.22 164.05 154.54 122.22 108.68 102.93 102.39 102.0 99.09 100.0 100.0 99.23 93.45 69.73 15.34 -0.02 -1.0 -8.67 -15.96 -15.2 -3.47 -0.01 33.15 82.07 106.38 120.0 119.26 107.77 95.6 84.88 83.43 83.41 78.31 81.12 84.16 82.51 71.97 26.43 -0.01 -3.32 -15.6
