480 5
1 57 48 51 48
1 0 0 0 0 0 3 1 2 3 0 118 15.23
4 0 0 0 9 0 1 18 1 102 15.9
1 0 8 2 0 0 3 6 7 13 1 143 18.43
1 0 6 2 0 0 3 4 8 24 1 110 16.76
8 0 0 0 4 0 2 5 13 2 153 13.87
4 0 0 4 1 0 3 11 16 22 10 97 14.36
8 0 0 8 3 9 1 21 2 129 16.07
7 0 9 0 10 0 3 9 24 30 2 102 12.04
10 0 2 0 2 8 1 28 2 150 15.74
9 0 0 9 0 0 2 10 12 9 141 15.59
3 1 0 0 0 0 1 23 18 103 12.59
10 0 6 0 0 8 1 15 14 111 22.46
8 0 0 10 0 0 3 14 18 26 18 123 17.12
5 0 0 0 10 0 1 17 10 111 14.75
8 0 10 0 4 4 1 25 26 144 13.22
1 1 0 0 0 0 1 27 24 147 12.8
4 0 1 0 8 10 1 27 14 163 11.48
9 1 0 0 0 0 1 19 15 153 17.48
8 1 0 0 0 0 2 20 25 26 170 12.07
7 0 10 6 9 4 2 21 23 24 135 16.84
8 0 0 0 5 0 2 22 23 34 127 17.22
4 0 6 0 1 0 1 30 31 146 12.04
10 0 5 0 10 0 1 29 42 148 15.77
3 0 0 10 6 3 1 28 42 168 19.99
2 1 0 0 0 0 1 27 9 139 18.66
4 0 3 5 0 0 1 28 34 168 16.48
6 0 9 0 0 0 1 29 26 108 11.57
7 0 0 0 3 7 1 29 25 154 11.51
3 0 0 1 6 0 1 31 45 134 13.07
2 0 0 0 3 5 1 31 52 187 20.94
10 0 2 10 0 8 1 31 35 137 21.18
1 0 0 0 0 0 0 54 142 16.15
1 0 0 0 0 0 3 33 34 35 0 136 16.03
9 0 0 0 8 7 2 49 58 1 105 12.81
3 0 5 6 0 6 3 37 42 55 1 115 18.11
6 0 6 9 3 9 3 36 44 48 1 100 22.0
8 0 7 0 10 6 3 39 40 41 7 106 20.48
8 0 0 5 0 0 3 38 39 52 4 115 14.56
7 0 0 0 0 3 3 43 46 54 12 129 16.54
3 0 0 0 0 2 1 53 15 145 21.97
7 0 0 4 0 0 2 46 55 15 138 21.06
1 0 0 0 0 5 1 45 15 119 20.43
10 1 0 0 0 0 2 47 62 4 135 16.28
1 1 0 0 0 0 1 48 19 93 22.5
7 0 0 0 8 7 1 50 7 158 12.72
7 0 0 6 0 2 1 58 16 153 20.6
7 1 0 0 0 0 1 47 22 116 18.35
6 0 0 3 0 8 2 51 61 29 160 13.55
9 1 0 0 0 0 1 53 20 153 17.29
2 0 0 0 4 0 1 52 10 91 15.35
7 0 0 2 6 7 1 57 14 120 13.76
3 0 0 10 0 3 1 56 35 122 15.52
3 0 9 0 8 10 1 53 12 143 18.75
8 0 7 0 0 0 1 59 29 115 14.09
9 1 0 0 0 0 1 62 19 107 17.18
1 1 0 0 0 0 1 62 22 141 16.81
1 0 0 0 2 4 1 60 38 143 18.24
3 0 0 0 8 4 1 58 21 130 13.48
10 0 0 10 0 2 1 60 24 128 14.41
3 0 8 5 5 0 2 60 61 37 133 22.55
6 0 1 0 0 8 1 63 40 179 16.0
4 0 2 0 10 0 1 63 40 179 19.09
3 0 9 3 6 1 1 63 28 124 13.93
1 0 0 0 0 0 0 46 134 13.23
1 0 0 0 0 0 3 65 66 67 0 149 21.14
1 0 2 7 9 1 3 83 90 91 1 149 18.29
5 0 4 2 9 1 2 72 89 1 116 20.43
9 0 5 8 1 1 3 68 70 71 1 152 20.89
6 0 10 8 3 10 3 69 73 74 10 138 14.48
1 0 6 3 1 7 1 88 16 138 17.69
8 0 5 10 3 1 2 77 78 10 96 14.7
3 0 9 6 3 4 1 91 10 151 21.65
9 0 8 10 2 9 1 77 6 102 14.48
6 0 7 3 10 8 1 79 16 150 12.09
7 0 4 3 3 4 2 75 76 16 98 19.12
1 1 0 0 0 0 1 93 23 138 13.42
8 0 6 3 1 4 2 84 92 23 174 19.32
10 0 7 4 5 5 1 80 18 142 18.71
2 0 7 2 6 8 1 88 18 130 15.77
8 1 0 0 0 0 1 82 22 160 13.23
9 1 0 0 0 0 3 81 85 87 28 171 17.5
6 0 6 8 4 8 1 90 37 134 13.43
10 0 10 8 10 10 1 86 30 122 11.47
9 0 2 1 10 6 2 84 92 2 98 15.34
7 0 5 10 6 8 1 86 31 152 16.14
1 1 0 0 0 0 2 86 88 37 130 12.96
7 0 1 1 2 7 1 93 40 178 11.39
4 0 4 7 7 9 1 94 37 114 20.77
8 0 4 7 4 2 1 91 38 116 21.35
10 0 8 1 1 4 1 90 6 94 21.17
1 0 10 4 3 1 1 93 43 143 20.97
5 0 3 5 6 9 2 92 94 46 159 18.34
1 0 9 1 2 1 1 95 51 182 12.01
8 0 4 2 5 2 1 95 47 176 21.22
8 0 9 2 2 7 1 95 51 170 18.48
1 0 0 0 0 0 0 59 136 13.16
1 0 0 0 0 0 3 97 98 99 0 110 15.3
5 0 10 4 6 3 1 109 1 130 13.82
5 0 2 4 4 10 2 118 126 1 96 19.35
1 0 6 4 7 4 3 100 110 114 1 139 21.74
4 0 5 4 9 8 3 101 102 106 2 110 18.85
6 0 7 1 9 10 1 104 6 130 17.89
3 0 5 10 5 9 3 103 105 107 6 131 22.15
4 0 1 3 7 2 1 113 9 159 20.95
4 0 7 5 6 9 1 117 12 155 16.13
3 0 2 4 2 2 2 119 125 9 130 20.15
8 0 7 7 10 8 2 112 122 6 111 20.91
3 0 3 8 5 6 3 108 111 115 9 90 16.73
3 0 1 7 5 4 2 122 123 12 105 14.04
4 0 2 3 5 2 1 110 6 133 16.12
9 0 10 3 3 2 2 117 125 10 151 12.46
8 0 10 10 2 10 2 112 123 12 127 17.77
3 1 0 0 0 0 1 120 20 102 19.98
9 0 2 6 1 2 1 121 13 149 19.98
6 0 9 4 2 4 2 115 124 2 106 13.42
4 0 6 4 1 4 1 116 12 123 13.56
7 1 0 0 0 0 1 122 16 133 20.19
3 1 0 0 0 0 1 121 19 132 14.86
10 0 8 4 4 4 1 120 6 116 16.56
5 0 6 2 9 4 1 124 12 158 20.46
1 0 1 9 4 8 1 124 23 149 17.44
8 0 8 9 5 3 1 126 22 168 11.67
3 0 5 9 8 5 1 126 23 157 14.86
10 0 4 5 6 6 1 125 20 120 16.33
10 0 7 10 10 7 1 127 24 119 19.69
7 0 4 10 5 4 1 127 30 163 21.84
6 0 1 1 7 2 1 127 30 138 16.77
1 0 0 0 0 0 0 37 153 16.56
1 0 0 0 0 0 3 129 130 131 0 107 20.38
2 0 7 0 0 0 2 140 155 1 101 20.73
1 0 6 0 0 0 1 137 1 125 19.66
3 0 0 1 0 0 3 132 134 148 1 99 19.41
10 0 0 0 4 0 3 133 136 139 4 121 22.08
10 0 0 0 0 4 3 135 143 147 14 119 20.67
2 0 0 0 0 3 2 136 137 4 106 21.85
2 0 0 0 8 0 1 152 24 124 15.77
3 0 0 3 0 0 3 143 144 145 14 150 19.61
3 0 0 0 0 8 2 138 154 6 146 17.54
3 0 2 0 0 0 2 142 149 9 104 13.2
4 0 0 0 0 1 2 141 151 14 136 20.52
8 0 0 8 0 0 3 146 149 150 3 115 21.14
2 1 0 0 0 0 2 153 154 18 105 14.16
2 0 5 0 0 0 1 145 12 123 20.59
1 1 0 0 0 0 2 152 154 24 142 22.19
2 0 0 0 0 9 3 146 149 150 17 112 16.33
7 0 0 10 0 0 2 146 151 17 153 18.79
7 1 0 0 0 0 1 158 24 111 12.72
3 1 0 0 0 0 2 152 155 24 129 12.88
3 0 0 3 0 0 2 150 151 4 92 13.33
8 0 0 0 4 0 1 153 19 160 17.09
4 1 0 0 0 0 1 156 19 114 13.17
8 0 0 0 0 1 2 153 155 24 125 14.32
10 0 10 0 0 0 2 157 158 27 180 20.81
5 0 0 4 0 0 1 158 32 119 13.34
3 1 0 0 0 0 1 156 25 139 11.38
5 0 5 0 0 0 2 156 157 32 165 17.19
6 0 1 0 0 0 1 159 37 115 11.85
8 0 0 0 3 0 1 159 37 171 22.44
1 0 6 0 0 0 1 159 37 131 20.51
1 0 0 0 0 0 0 45 141 21.55
1 0 0 0 0 0 3 161 162 163 0 103 13.66
1 0 2 5 2 8 3 164 171 179 1 151 17.69
4 0 6 7 6 9 2 170 175 1 151 18.44
2 0 5 8 7 3 3 168 170 172 1 101 17.57
2 0 10 5 4 3 3 165 166 167 2 79 18.62
5 0 3 7 7 4 1 178 4 153 16.63
6 0 4 1 2 4 3 173 182 183 4 85 20.17
4 0 1 4 3 8 2 169 170 4 151 11.45
10 0 4 1 3 7 3 174 175 189 3 124 13.01
7 0 1 7 1 4 1 176 8 145 15.53
7 0 4 6 10 4 1 176 8 117 15.84
9 0 7 2 7 3 3 180 183 184 2 128 18.77
5 0 8 9 9 10 2 177 181 3 135 12.07
3 0 7 6 3 9 1 188 10 153 14.58
2 1 0 0 0 0 1 178 13 142 17.73
3 1 0 0 0 0 2 176 190 13 163 13.23
5 1 0 0 0 0 3 177 178 185 16 155 21.58
3 1 0 0 0 0 1 180 21 119 14.57
3 0 10 2 5 2 1 188 21 108 15.08
5 0 7 2 6 3 2 180 181 2 105 15.27
1 0 8 8 6 4 1 187 24 154 22.4
5 0 5 7 1 10 2 182 183 8 98 22.18
6 1 0 0 0 0 2 184 186 13 122 14.43
9 1 0 0 0 0 3 185 186 189 13 148 18.45
3 0 10 1 6 4 2 185 190 19 135 22.5
8 0 6 3 8 10 1 187 22 134 15.66
3 0 8 2 4 8 2 187 190 22 108 15.62
2 0 4 7 1 3 1 188 30 125 22.51
4 0 1 2 8 9 1 191 32 134 19.37
8 0 8 3 2 3 1 191 22 163 21.56
9 0 5 8 8 10 1 191 25 126 16.13
1 0 0 0 0 0 0 36 139 18.14
1 0 0 0 0 0 3 193 194 195 0 89 19.09
9 0 2 0 0 0 3 204 206 208 1 124 18.42
9 0 0 10 4 0 3 196 197 199 1 106 15.01
2 0 0 5 0 0 3 198 200 202 1 149 15.92
2 0 6 3 9 0 3 206 208 209 10 126 17.98
1 0 0 0 7 0 2 206 215 10 118 12.81
2 0 0 0 6 2 3 205 207 213 3 86 17.02
10 0 5 0 0 4 2 201 209 10 118 17.37
5 0 1 0 0 6 3 204 209 211 3 154 14.1
3 1 0 0 0 0 3 203 211 215 20 128 15.78
4 0 5 7 0 9 3 203 207 217 3 106 13.27
3 0 0 0 2 0 3 210 212 219 23 128 19.22
6 0 1 0 0 0 3 205 207 210 10 121 15.03
6 0 0 2 0 0 2 212 214 16 153 13.21
2 0 10 0 0 4 3 216 218 222 12 147 19.51
6 0 0 2 0 1 3 215 218 220 16 128 15.6
6 0 0 1 4 10 3 210 211 217 12 122 18.27
4 0 0 0 10 3 3 212 213 214 20 106 20.79
5 1 0 0 0 0 1 213 26 112 18.7
1 1 0 0 0 0 2 216 222 23 126 17.61
3 1 0 0 0 0 1 221 26 105 18.51
9 0 6 0 2 0 1 216 31 129 13.26
3 1 0 0 0 0 2 217 218 24 139 22.39
7 1 0 0 0 0 1 222 23 128 22.22
3 0 0 2 0 4 2 220 221 40 176 18.04
1 1 0 0 0 0 2 219 220 27 137 20.22
2 0 0 0 2 1 1 219 27 120 19.95
2 1 0 0 0 0 1 221 29 155 15.82
7 0 2 6 0 8 1 223 43 190 14.45
7 0 0 0 8 9 1 223 43 155 16.16
1 1 0 0 0 0 1 223 30 113 13.08
1 0 0 0 0 0 0 50 188 19.65
1 0 0 0 0 0 3 225 226 227 0 102 22.5
9 0 10 7 0 7 3 229 230 240 1 97 20.14
7 0 8 0 1 7 3 235 238 243 1 96 19.83
8 0 8 0 5 4 2 228 229 1 105 17.8
6 0 1 9 0 5 1 249 9 112 16.64
4 0 7 0 10 6 2 233 236 10 161 22.53
2 0 9 0 10 5 3 231 252 253 10 147 20.03
2 0 9 2 10 8 3 232 234 245 12 110 17.29
4 0 9 3 10 2 1 237 14 113 20.86
8 0 0 10 6 5 3 238 239 241 14 145 13.39
6 0 0 1 0 5 2 237 247 14 120 16.11
5 0 1 3 0 4 2 242 244 8 112 17.47
2 0 10 10 1 9 3 237 242 243 14 143 14.64
6 0 6 0 7 0 2 246 249 20 149 12.27
1 1 0 0 0 0 3 242 248 250 22 147 12.53
2 1 0 0 0 0 1 245 22 115 14.63
5 0 2 6 4 4 2 244 246 10 130 16.42
3 1 0 0 0 0 3 245 249 251 22 164 14.14
6 0 7 8 9 9 2 246 247 23 115 16.62
10 0 10 7 4 0 1 253 16 103 20.4
9 0 1 3 0 0 1 248 15 119 20.41
5 1 0 0 0 0 2 247 250 25 171 14.33
9 0 2 2 3 2 1 254 29 130 11.53
7 0 9 5 9 0 1 254 30 144 18.92
10 0 8 5 0 3 2 251 252 24 124 17.25
4 1 0 0 0 0 1 250 26 118 11.46
7 0 2 7 0 5 1 254 30 175 18.84
9 0 0 0 5 1 1 253 34 176 20.71
3 0 8 10 3 0 1 255 34 123 15.56
6 0 4 1 4 0 1 255 43 131 18.06
4 0 5 0 0 8 1 255 38 136 20.54
1 0 0 0 0 0 0 49 135 14.7
1 0 0 0 0 0 3 257 258 259 0 140 17.57
9 0 8 7 9 4 2 266 270 1 158 15.55
5 0 10 5 6 10 3 263 269 272 1 147 11.57
8 0 9 8 3 2 3 260 261 274 1 125 19.7
3 0 6 7 9 10 1 280 9 91 17.12
9 0 4 10 1 1 2 262 282 9 129 13.47
4 0 3 4 5 9 2 264 267 18 145 15.31
4 0 9 4 2 1 3 265 273 276 6 145 19.6
2 1 0 0 0 0 2 269 271 22 141 18.3
9 0 8 3 9 4 3 266 274 280 10 134 15.18
9 0 4 5 3 1 3 267 279 283 19 144 17.11
9 1 0 0 0 0 3 268 275 281 28 124 19.4
5 0 6 2 3 5 1 286 37 174 12.04
2 1 0 0 0 0 1 277 24 106 12.45
5 1 0 0 0 0 3 272 278 285 10 137 14.4
8 0 6 5 7 4 3 272 279 284 24 158 12.18
9 0 2 6 4 3 1 280 32 145 22.08
10 1 0 0 0 0 1 284 10 103 21.33
10 0 10 8 6 5 3 275 277 282 19 107 14.2
9 0 3 6 1 3 2 278 286 37 140 16.76
1 0 1 6 7 2 3 277 278 281 10 134 21.28
5 0 9 2 4 4 1 279 29 150 17.76
7 0 4 9 8 7 1 284 46 182 21.83
6 0 8 8 8 8 1 285 34 168 16.59
8 0 9 8 2 9 1 283 41 145 15.88
9 0 2 8 10 1 1 285 37 158 17.68
3 1 0 0 0 0 1 283 29 167 15.64
7 0 6 2 10 2 1 286 49 129 20.59
7 0 8 10 4 10 1 287 53 185 18.23
1 0 3 9 10 8 1 287 46 150 16.16
6 0 9 7 10 3 1 287 56 174 20.41
1 0 0 0 0 0 0 62 138 13.84
1 0 0 0 0 0 3 289 290 291 0 148 20.04
8 0 9 9 8 1 2 292 315 1 123 21.85
6 0 10 10 6 8 3 294 295 296 1 102 17.43
10 0 4 3 2 6 1 301 1 159 19.84
10 0 6 3 3 7 2 293 305 9 133 19.2
6 1 0 0 0 0 2 299 300 19 129 21.52
4 0 2 7 9 10 1 302 7 121 15.92
2 0 7 5 6 5 3 297 300 308 7 104 11.34
6 0 2 9 1 10 3 298 313 318 7 130 20.25
5 0 7 4 6 4 1 305 9 120 21.6
3 1 0 0 0 0 1 306 13 90 14.69
7 0 1 3 10 8 2 309 310 25 148 20.79
6 1 0 0 0 0 1 304 25 145 20.56
4 1 0 0 0 0 1 303 11 144 19.8
4 0 4 2 10 8 2 314 317 11 96 22.26
2 0 7 7 10 1 3 304 308 318 15 96 22.41
8 0 2 1 3 6 2 307 312 31 178 15.96
7 0 4 6 10 5 2 306 314 19 144 12.04
9 0 6 4 2 6 1 307 26 155 12.92
3 0 8 10 6 1 1 311 39 180 22.24
1 0 1 6 8 1 1 312 17 106 16.52
6 0 8 7 2 4 1 314 32 132 15.76
1 0 10 8 7 2 1 316 32 124 18.16
6 0 6 10 10 4 1 317 42 144 20.02
6 0 6 3 3 9 1 317 39 129 19.78
5 0 1 8 9 2 1 316 13 91 12.78
1 0 2 6 5 3 1 318 38 145 17.76
6 0 9 8 5 6 1 316 9 157 22.11
4 0 3 3 4 2 1 319 33 153 15.97
3 0 4 4 6 4 1 319 48 131 15.26
1 0 8 4 7 1 1 319 39 114 13.64
1 0 0 0 0 0 0 51 183 22.22
1 0 0 0 0 0 3 321 322 323 0 144 16.81
7 0 0 10 0 5 3 324 325 339 1 132 21.48
9 0 10 5 5 5 1 337 1 107 16.84
8 0 5 5 0 1 3 336 345 346 1 116 15.4
9 0 0 10 4 4 3 326 328 331 8 96 20.71
5 0 1 0 8 7 2 338 349 8 87 14.42
9 0 8 4 10 0 1 327 17 152 11.43
3 1 0 0 0 0 2 333 350 26 121 21.63
2 0 10 5 6 7 2 329 330 17 125 19.84
6 0 10 6 3 0 1 334 19 114 11.7
2 0 0 3 2 0 1 348 19 101 17.69
7 0 0 7 8 2 3 332 335 341 17 144 18.87
3 1 0 0 0 0 1 342 24 126 16.81
7 1 0 0 0 0 3 340 341 342 29 124 21.87
6 0 5 0 0 5 1 336 25 147 18.3
4 1 0 0 0 0 2 343 344 24 163 16.23
1 0 6 8 0 5 1 347 31 139 14.44
10 0 10 0 1 1 1 346 10 103 13.47
10 1 0 0 0 0 1 350 13 148 13.38
2 0 6 1 0 7 1 347 8 130 17.48
8 0 10 10 7 0 1 344 36 157 18.9
10 0 1 10 4 9 1 348 36 165 19.68
6 0 0 1 8 5 1 348 36 158 22.21
6 1 0 0 0 0 1 345 28 148 16.48
10 0 0 0 0 10 1 346 44 161 15.18
1 0 1 9 4 0 1 347 34 159 20.26
3 0 0 8 0 10 1 349 54 152 15.68
8 0 9 6 8 3 2 349 350 35 130 19.12
6 0 7 1 1 1 1 351 46 137 12.74
6 0 0 1 1 5 1 351 57 198 17.55
9 0 4 6 10 9 1 351 43 189 12.5
1 0 0 0 0 0 0 63 165 19.5
1 0 0 0 0 0 3 353 354 355 0 107 13.98
1 0 1 8 7 0 3 356 357 361 1 117 11.6
6 0 0 0 9 9 1 377 1 128 15.66
10 0 1 10 0 3 3 360 365 368 1 132 18.02
10 0 9 5 9 8 2 359 375 2 116 16.47
2 0 0 1 1 7 3 358 362 366 2 123 11.56
9 0 3 2 9 7 2 373 376 4 117 17.29
9 0 5 8 10 6 2 370 378 12 117 14.35
7 0 0 6 6 9 1 372 11 93 11.36
5 0 0 1 10 6 3 363 364 367 2 100 18.88
5 0 0 3 8 8 2 373 376 4 152 19.91
1 0 0 1 0 10 1 382 7 88 13.85
9 0 7 0 1 0 1 378 7 89 16.33
6 0 8 6 2 9 1 369 11 105 13.48
7 0 2 6 6 0 1 381 4 124 14.25
4 0 0 2 0 8 1 371 7 86 17.21
4 0 9 5 2 1 1 381 11 130 22.12
9 1 0 0 0 0 1 379 17 129 14.47
1 1 0 0 0 0 2 372 380 21 99 19.46
8 0 6 1 6 0 1 376 11 112 11.94
3 0 6 1 0 9 2 374 379 22 126 19.23
2 0 4 6 4 5 1 381 13 99 18.75
5 0 7 4 9 10 1 377 25 137 11.95
3 0 0 7 9 0 2 377 379 12 98 11.75
1 1 0 0 0 0 1 380 19 123 18.91
10 0 2 4 0 10 1 382 30 162 14.85
8 1 0 0 0 0 1 380 21 152 19.36
1 1 0 0 0 0 1 382 26 129 18.97
5 0 5 8 6 6 1 383 29 114 19.29
7 0 9 2 6 3 1 383 15 136 22.18
8 0 0 10 10 3 1 383 40 184 16.3
1 0 0 0 0 0 0 48 182 20.01
1 0 0 0 0 0 3 385 386 387 0 131 17.08
4 0 0 5 5 4 3 389 403 407 1 96 12.28
2 0 5 0 2 0 1 394 1 82 15.78
8 0 0 0 4 0 3 388 402 406 1 157 13.55
1 0 3 5 10 3 1 392 9 85 19.54
8 0 0 0 1 2 3 390 391 395 5 121 20.26
4 0 0 0 0 2 3 392 393 396 13 101 18.76
10 0 9 0 10 5 2 398 413 13 107 14.35
10 0 8 1 0 6 2 397 400 17 126 22.2
8 1 0 0 0 0 2 404 412 17 142 19.05
3 0 0 0 0 2 1 407 3 129 16.58
10 0 5 8 9 0 1 406 13 97 11.97
1 1 0 0 0 0 2 397 404 17 158 22.04
3 1 0 0 0 0 3 399 411 414 27 115 22.62
2 0 2 3 2 0 2 399 411 23 115 20.91
5 0 10 0 0 0 1 405 30 123 20.43
6 0 9 0 5 8 3 401 405 408 27 141 16.88
4 1 0 0 0 0 1 409 33 159 13.34
1 0 0 0 3 1 3 403 405 407 9 135 12.67
4 0 0 1 0 1 3 404 408 409 10 161 18.4
2 0 0 4 0 1 2 413 414 25 112 21.69
2 0 0 0 6 0 1 412 35 165 20.71
6 1 0 0 0 0 1 410 23 113 13.18
7 0 0 10 0 0 3 408 409 414 10 141 20.34
5 1 0 0 0 0 2 410 413 33 179 15.24
5 0 10 0 0 3 1 410 37 144 14.47
5 0 7 0 2 0 1 411 42 171 19.2
4 0 0 8 0 7 1 412 47 152 16.53
10 0 6 0 0 8 1 415 51 199 13.0
3 0 0 0 9 10 1 415 38 135 22.01
3 0 0 5 0 0 1 415 30 140 15.44
1 0 0 0 0 0 0 61 144 18.99
1 0 0 0 0 0 3 417 418 419 0 126 21.03
2 0 3 5 1 1 2 421 443 1 118 12.96
8 0 7 2 10 6 3 423 425 426 1 149 19.02
2 0 8 1 5 2 2 420 427 1 123 14.05
1 0 5 9 9 2 1 431 3 154 21.86
10 0 9 6 1 8 2 422 434 3 122 19.96
7 0 1 7 5 9 1 424 13 112 16.64
7 0 7 7 8 1 1 439 9 120 20.64
7 1 0 0 0 0 2 428 437 20 169 13.21
7 0 5 1 6 3 3 429 432 433 9 160 16.89
4 1 0 0 0 0 1 435 9 102 18.28
6 0 6 7 10 6 3 430 435 436 3 150 20.28
4 0 10 9 2 10 1 440 27 167 13.26
1 1 0 0 0 0 1 444 16 140 18.78
7 0 3 7 9 4 2 432 437 9 115 21.78
10 1 0 0 0 0 1 437 4 105 12.41
2 0 8 1 8 1 2 441 446 16 120 21.12
8 0 5 5 3 9 2 444 445 16 134 17.19
1 0 5 9 8 3 2 438 441 13 106 15.21
5 0 4 6 7 6 1 442 13 147 12.76
5 0 8 4 10 8 2 438 439 9 136 12.69
2 0 7 9 1 3 1 440 27 106 14.26
3 1 0 0 0 0 1 445 14 141 15.59
9 0 5 2 6 5 1 445 16 147 20.88
10 0 4 7 1 7 1 446 31 138 11.86
10 1 0 0 0 0 1 442 18 119 19.7
7 0 7 6 7 10 1 444 28 177 18.8
1 0 5 6 5 6 1 446 3 146 21.08
4 0 1 7 3 4 1 447 35 164 14.15
7 0 8 6 5 10 1 447 25 170 18.06
3 0 6 1 5 9 1 447 41 143 14.08
1 0 0 0 0 0 0 44 170 17.07
1 0 0 0 0 0 3 449 450 451 0 134 11.36
7 0 2 1 5 5 3 453 458 465 1 98 18.57
4 0 5 1 4 10 1 452 1 135 18.99
4 0 7 6 1 4 3 455 456 463 1 110 16.8
2 0 4 6 5 5 3 454 460 466 5 127 19.77
3 0 2 3 2 5 1 459 8 140 18.18
10 0 8 4 2 7 2 462 467 7 120 16.45
3 0 9 9 3 1 3 466 467 470 5 124 20.26
3 0 3 7 5 5 2 457 462 5 97 18.43
3 0 7 2 7 2 2 458 461 8 150 13.29
10 0 3 3 10 9 2 459 468 11 165 17.33
3 1 0 0 0 0 3 460 471 477 21 132 16.16
8 0 7 4 3 8 1 469 24 125 20.41
5 1 0 0 0 0 2 464 473 11 154 18.16
7 0 5 5 4 2 2 472 475 17 117 21.27
5 0 8 2 4 7 1 467 5 129 11.7
4 0 1 3 9 6 3 474 475 476 16 108 19.31
1 0 5 7 8 10 2 469 470 8 84 13.65
5 1 0 0 0 0 2 468 472 8 102 11.76
9 1 0 0 0 0 3 468 471 474 17 171 20.28
6 0 3 9 7 1 1 478 26 169 19.09
5 0 1 1 7 6 1 478 32 130 13.7
10 0 2 2 8 9 3 471 472 476 9 163 18.5
2 0 7 3 5 5 1 475 26 112 17.63
9 0 7 10 7 8 1 474 24 137 19.37
4 1 0 0 0 0 2 476 477 16 155 18.37
2 0 10 9 5 3 1 477 33 141 15.07
10 0 9 4 1 1 1 478 28 152 20.44
8 0 2 10 10 1 1 479 20 121 13.5
2 0 2 9 4 3 1 479 35 160 20.85
4 0 2 1 2 2 1 479 38 169 20.98
1 0 0 0 0 0 0 42 168 13.87
74.89 70.06 38.09 41.5 74.3 80.24 229.52 262.77 179.0 139.31 99.15 95.78 129.35 105.39 131.67 150.0 165.0 145.0 130.0 165.0 145.44 116.26 130.0 88.67 79.25 80.38 81.28 80.57 84.17 101.8 122.89 133.83 146.8 132.61 125.2 120.56 118.25 121.75 125.94 135.95 146.66 152.24 141.76 133.9 118.07 94.05 100.5 86.66 86.54 84.95 81.03 79.81 84.95 95.93 119.06 133.72 144.22 133.53 108.03 91.41 85.6 86.04 92.91 115.15 119.94 140.72 150.0 145.35 135.08 123.06 115.19 100.21 97.39 97.02 96.22 97.37 96.94 111.24 141.97 153.11 160.3 151.64 132.75 123.25 113.85 113.3 129.8 153.72 161.45 178.92 174.84 161.29 150.56 134.48 126.66 120.2 120.0 117.35 114.01 114.01 116.58 121.01 154.37 159.87 163.7 154.82 130.1 126.2 120.06 121.19 119.89 151.47 168.59 184.56 184.48 178.99 162.66 152.7 152.38 134.97 139.56 131.39 125.78 119.17 119.22 120.86 127.18 144.74 153.46 142.44 128.4 120.08 110.29 103.4 113.7 129.91 155.04 168.01 167.41 162.98 156.6 145.24 141.73 131.74 133.26 126.91 122.99 120.66 122.34 123.41 128.09 135.9 137.3 137.7 130.04 129.33 122.24 111.88 116.65 128.89 153.14 165.25 172.32 173.95 165.5 155.77 148.44 133.24 129.54 126.63 124.72 120.04 123.24 127.77 159.18 207.88 243.23 178.04 149.95 126.16 117.27 115.52 124.31 147.32 169.51 214.64 200.73 201.1 167.74 153.0 144.21 135.81 132.4 125.54 123.18 123.99 123.25 127.63 155.37 191.13 211.99 163.31 136.53 126.71 117.55 113.18 120.09 138.47 170.43 178.26 175.0 171.02 152.85 131.0 130.77 123.05 115.2 110.86 110.27 109.09 115.43 122.5 147.67 168.12 180.81 159.33 133.5 121.97 117.02 119.5 128.85 144.12 160.36 177.15 189.9 189.63 170.0 155.42 143.7 133.68 133.67 129.8 125.95 125.0 125.01 134.5 154.93 180.09 219.08 178.95 160.22 150.88 145.88 142.97 139.07 150.09 171.17 176.63 169.12 162.12 135.15 123.54 131.27 121.95 126.05 112.7 108.82 105.0 114.14 127.75 178.61 181.71 164.98 150.47 134.44 117.05 113.52 118.79 122.32 151.3 133.7 132.92 136.89 132.27 111.54 87.65 98.8 100.0 83.39 86.49 86.39 88.13 89.69 90.99 88.95 93.24 112.24 97.54 94.55 86.74 85.4 87.56 92.77 118.0 136.88 144.46 160.47 160.33 155.17 149.0 143.56 135.53 135.0 127.75 124.07 119.3 116.81 117.0 117.0 133.43 136.77 120.94 113.7 109.1 87.08 98.01 109.9 120.4 138.0 142.93 155.76 150.6 144.55 142.16 143.0 128.54 119.56 114.07 111.4 107.72 107.31 115.58 153.71 173.8 181.36 163.18 141.45 121.23 125.33 124.09 136.91 152.78 140.3 126.84 125.09 140.0 120.0 109.21 131.31 88.52 78.92 86.98 135.0 105.01 88.55 99.0 145.0 194.13 169.7 143.69 116.05 104.85 107.55 117.2 130.96 135.7 145.75 143.93 145.0 156.88 156.01 137.8 141.47 128.2 129.26 127.91 126.82 126.59 128.74 128.87 141.3 173.11 180.0 174.92 168.75 168.43 157.95 159.23 141.48 150.0 160.1 162.69 181.66 183.99 152.14 144.99 139.78 133.0 132.38 140.12 150.74 144.49 146.91 133.16 135.3 270.7 251.77 222.64 205.6 185.9 176.9 184.44 190.0 211.71 200.21 207.33 205.5 196.52 176.36 162.92 153.12 139.32 139.65 137.01 131.66 131.43 130.78 140.09 163.63 224.86 261.75 214.52 180.61 163.74 150.06 149.42 157.07 172.21 196.88 292.25 288.53 224.61 183.55 163.6 153.0 140.03 135.66 130.69 120.25 118.7 118.97 120.87 134.52 149.23 150.53 137.05 124.59 118.36 112.39 110.01 116.42 129.59 145.64 164.02 175.23 161.46 141.16 116.37 130.3 120.32 134.11 128.9 123.57 119.9 119.57 119.84 118.05 124.47 123.77 125.75 131.48 128.92 127.85 121.36 123.67 127.33 139.52 170.0 172.12 168.8 155.51 134.93 132.06 131.51 125.9 121.06 120.34 125.94 129.5 126.7 157.39 208.25 209.79 171.3 139.67 116.94 113.24 106.55 118.11 135.02 173.29 225.32 271.52 216.5 179.08 151.4 131.21 122.95 134.75 126.4 127.5 114.54 110.45 108.19 135.32 186.2 193.8 141.92 117.27 98.81 79.06 84.62 98.35 104.87 190.7 189.76 176.77 165.0 142.03 141.9 119.58 103.61 94.31 93.84 96.91 95.24 102.66 141.4 155.0 180.26 166.37 128.76 109.88 92.9 90.14 91.8 92.23 107.41 147.49 161.25 159.24 160.76 141.4 109.61 103.4 91.8 114.41 118.13 130.0 113.87 113.59 130.0 148.54 140.0 129.45 114.24 104.15 94.18 97.41 93.06 100.4 97.28 114.1 139.8 156.19 150.71 147.34 121.67 118.79 90.0 73.45 70.72 73.03 72.42 81.11 120.0 125.17 165.34 150.72 131.26 104.33 87.37 79.1 77.95 91.97 87.88 165.72 148.62 154.5 152.0 163.87 82.7 82.9 97.94 71.48 71.73 71.92 71.65 72.29 80.0 113.21 123.18 115.0 70.93 58.53 57.76 54.57 56.75 68.09 73.31 82.0 115.0 99.24 95.0 105.0 100.0 75.3 71.54 77.95 67.63 72.42 69.74 72.51 72.53 92.28 102.91 112.52 100.63 85.49 88.98 72.5 72.48 85.6 106.6 127.71 145.54 152.08 135.33 136.61 117.64 130.0 103.81 78.91 105.0 73.83 73.2 73.2 77.5 104.0 181.78 196.24 124.4 182.35 110.0 105.0 82.1 73.13 77.53 83.93 120.0 120.0 119.4 100.33 87.23 94.06 95.42 74.35 89.16 81.26 82.35 86.45 90.09 123.16 146.91 170.88 154.68 141.5 127.78 125.97 127.61 136.49 150.81 158.69 189.96 216.32 174.62 149.42 137.98 127.44 109.8 123.78 121.07 117.85 117.07 117.62 115.58 144.3 175.0 177.8 159.79 143.14 130.76 120.54 120.65 126.59 130.93 141.79 156.15 162.62 155.0 136.33 107.16 117.43 109.34 97.31 103.81 101.94 100.5 100.94 105.09 126.64 155.0 156.28 140.42
