480 5
1 40 38 29 35
1 0 0 0 0 0 3 1 2 3 0 139 40.38
2 0 3 4 7 1 1 10 1 104 43.43
8 0 0 0 0 3 2 5 7 1 107 34.77
8 0 7 8 0 3 2 4 6 1 98 41.2
10 0 6 1 7 0 1 26 9 135 45.2
8 0 4 7 4 0 3 12 13 15 9 166 33.27
7 0 9 1 4 4 1 7 9 158 40.6
7 0 4 0 7 4 3 8 13 15 16 123 47.67
1 1 0 0 0 0 2 9 11 23 130 37.22
9 1 0 0 0 0 3 14 18 23 24 136 29.6
7 0 7 7 4 7 1 22 3 154 46.57
7 1 0 0 0 0 2 20 21 24 185 28.11
9 0 0 1 1 0 3 19 23 29 17 182 30.24
5 0 2 4 0 8 1 16 23 168 42.39
5 0 2 0 7 5 2 16 27 33 142 28.62
1 1 0 0 0 0 1 17 23 112 34.69
9 0 10 1 10 7 1 24 38 184 34.5
3 1 0 0 0 0 1 20 24 167 34.67
10 0 6 0 1 3 1 25 33 197 25.63
9 0 0 2 1 0 1 24 26 127 28.6
3 1 0 0 0 0 2 26 30 31 157 25.81
6 1 0 0 0 0 2 22 26 31 163 44.78
10 0 5 2 5 6 1 30 37 157 24.4
8 1 0 0 0 0 1 25 33 169 42.64
10 0 0 10 0 0 1 30 47 163 42.89
4 0 3 3 0 0 1 27 43 158 30.26
1 0 8 2 4 2 1 28 37 132 45.63
1 0 2 5 10 7 1 28 47 157 28.44
9 0 4 2 9 8 1 31 48 188 43.0
10 1 0 0 0 0 1 31 26 179 26.36
4 0 7 1 8 1 1 31 57 174 28.1
1 0 0 0 0 0 0 61 191 25.0
1 0 0 0 0 0 3 33 34 35 0 106 43.32
2 0 0 3 0 0 3 40 51 53 1 96 41.73
10 0 0 8 10 3 3 37 46 49 1 92 45.16
7 0 3 4 10 8 3 36 38 39 1 117 33.16
9 0 6 4 10 0 3 47 51 53 8 118 26.91
7 0 0 8 1 0 3 44 48 54 11 141 35.78
2 0 0 5 10 3 2 44 55 8 121 43.2
4 0 1 4 0 0 3 41 59 60 8 97 33.6
2 0 1 2 0 0 3 42 43 45 3 168 33.38
2 1 0 0 0 0 1 47 12 156 37.07
10 0 0 6 1 1 2 54 57 5 128 41.41
8 0 10 8 4 0 2 49 55 5 134 25.41
8 1 0 0 0 0 3 47 51 56 18 136 42.58
2 0 0 0 0 7 3 48 52 57 5 165 40.51
6 0 0 0 0 3 2 50 56 11 129 25.78
3 0 3 1 0 9 1 57 26 176 24.89
3 0 0 4 0 0 1 50 18 139 39.2
4 0 0 5 0 0 1 60 13 146 48.06
2 0 5 0 6 0 1 62 21 103 43.41
5 1 0 0 0 0 2 60 62 26 143 44.83
10 0 2 0 0 0 1 54 7 147 32.93
2 1 0 0 0 0 2 59 61 17 130 38.66
6 1 0 0 0 0 1 55 18 136 25.23
8 1 0 0 0 0 1 56 24 127 26.24
5 0 9 0 10 0 2 58 61 32 164 44.47
7 0 5 0 0 0 1 61 29 162 42.58
3 0 0 0 9 5 1 59 37 159 48.15
5 0 0 0 0 8 1 62 40 144 35.15
10 0 0 3 1 0 1 63 31 164 46.06
4 0 0 6 6 9 1 63 37 183 28.13
3 0 0 1 7 2 1 63 45 142 47.79
1 0 0 0 0 0 0 48 153 45.99
1 0 0 0 0 0 3 65 66 67 0 84 30.03
2 0 5 0 3 0 3 75 88 91 1 91 41.96
5 0 10 7 5 5 3 70 71 73 1 97 41.95
9 0 4 9 8 0 3 68 80 86 1 150 37.11
7 0 3 0 6 2 3 69 72 75 10 149 44.5
6 0 0 10 1 0 3 82 83 87 17 164 25.99
7 0 1 7 2 7 3 75 77 81 6 99 44.98
9 0 9 0 8 7 3 74 79 84 6 96 34.6
2 0 5 0 0 0 3 77 81 87 17 129 45.44
5 0 3 0 8 8 3 76 77 80 6 156 37.84
2 0 6 10 9 0 3 76 78 89 15 144 30.57
10 0 7 0 1 0 3 76 79 84 17 108 43.43
8 0 0 1 5 7 2 93 94 27 189 39.89
5 0 6 0 9 4 3 79 82 85 19 117 36.0
8 0 0 3 6 6 3 85 86 91 17 127 30.59
6 0 0 9 4 9 3 89 90 94 27 183 35.93
7 1 0 0 0 0 3 83 84 90 11 101 39.13
7 0 9 7 5 5 2 82 83 19 109 26.45
5 1 0 0 0 0 3 88 89 94 26 178 39.95
9 0 0 0 1 1 1 91 26 154 37.61
10 0 0 4 0 5 1 85 27 169 24.74
8 0 8 2 7 0 1 93 37 141 41.51
10 1 0 0 0 0 1 87 25 160 42.15
7 0 4 6 9 10 1 88 35 183 39.52
1 0 4 1 10 10 2 90 93 42 132 43.86
2 0 1 2 9 8 1 92 33 161 42.72
4 0 4 8 9 7 1 92 43 133 29.65
7 0 7 8 0 4 1 92 35 155 48.19
9 0 0 1 0 10 1 95 47 189 35.66
2 0 5 7 10 10 1 95 45 156 40.36
1 0 0 1 8 1 1 95 35 162 43.97
1 0 0 0 0 0 0 56 195 40.18
1 0 0 0 0 0 3 97 98 99 0 120 24.66
9 0 2 0 0 0 3 108 110 112 1 140 40.85
9 0 0 10 4 0 3 100 101 103 1 134 33.8
2 0 0 5 0 0 3 102 104 106 1 99 34.33
2 0 6 3 9 0 3 110 112 113 10 151 38.66
1 0 0 0 7 0 2 110 119 10 170 35.14
2 0 0 0 6 2 3 109 111 117 3 107 27.97
10 0 5 0 0 4 2 105 113 10 110 34.6
5 0 1 0 0 6 3 108 113 115 3 169 36.24
3 1 0 0 0 0 3 107 115 119 20 151 31.08
4 0 5 7 0 9 3 107 111 121 3 160 27.81
3 0 0 0 2 0 3 114 116 123 23 118 42.44
6 0 1 0 0 0 3 109 111 114 10 105 40.67
6 0 0 2 0 0 2 116 118 16 169 45.47
2 0 10 0 0 4 3 120 122 126 12 131 36.45
6 0 0 2 0 1 3 119 122 124 16 117 34.54
6 0 0 1 4 10 3 114 115 121 12 135 37.31
4 1 0 0 0 0 3 116 117 118 20 108 46.38
5 1 0 0 0 0 1 117 26 183 31.08
1 0 6 3 0 1 2 120 126 23 151 24.83
3 1 0 0 0 0 1 125 26 148 39.23
9 0 6 0 2 0 1 120 31 161 30.18
3 0 10 0 6 8 2 121 122 24 120 39.36
7 1 0 0 0 0 1 126 23 179 32.72
3 0 0 2 0 4 2 124 125 40 193 25.19
1 1 0 0 0 0 2 123 124 27 147 44.59
2 1 0 0 0 0 1 123 27 121 32.96
2 1 0 0 0 0 1 125 29 179 29.13
7 0 2 6 0 8 1 127 43 160 24.88
7 0 0 0 8 9 1 127 43 140 30.85
1 1 0 0 0 0 1 127 30 180 31.49
1 0 0 0 0 0 0 50 155 38.94
1 0 0 0 0 0 3 129 130 131 0 111 26.21
7 0 8 5 0 3 3 134 145 146 1 140 41.2
6 0 0 7 2 6 3 132 139 141 1 121 46.12
9 0 1 0 5 3 3 133 137 142 1 172 42.78
10 0 4 5 0 3 3 135 136 142 7 97 27.42
3 0 0 5 0 9 2 138 140 10 151 39.12
3 0 9 3 3 10 2 143 149 8 167 41.97
10 0 4 2 0 6 1 152 17 145 30.43
8 0 8 5 2 4 1 140 17 143 40.87
7 0 10 7 6 4 2 147 154 10 145 30.13
5 0 7 8 8 7 1 158 13 158 25.48
9 0 0 0 9 1 1 140 7 149 47.7
5 0 10 9 3 0 1 150 25 177 29.53
10 0 1 5 2 0 1 153 7 175 28.65
4 0 5 2 0 10 1 144 17 113 38.89
7 0 0 6 4 0 1 150 11 147 35.78
10 1 0 0 0 0 2 146 149 21 147 27.22
5 0 10 10 8 0 1 154 8 109 44.99
2 1 0 0 0 0 2 148 155 31 123 34.54
4 0 9 7 1 0 1 156 17 171 43.76
3 1 0 0 0 0 2 151 152 33 117 35.79
9 0 6 10 6 5 1 150 31 167 38.05
2 0 10 2 6 2 1 157 40 186 45.76
8 0 9 7 2 0 1 158 36 139 35.03
10 0 0 10 10 3 1 156 36 179 46.37
5 0 7 3 8 8 1 154 17 166 31.12
10 0 6 1 0 0 1 156 22 182 29.63
7 0 1 7 4 1 2 157 158 33 124 46.85
10 0 0 0 5 2 1 159 46 141 34.49
8 0 0 0 5 0 1 159 42 128 36.18
7 0 7 6 2 7 1 159 44 167 29.26
1 0 0 0 0 0 0 56 134 27.43
1 0 0 0 0 0 3 161 162 163 0 127 25.66
4 0 1 3 0 1 1 165 1 121 47.86
1 0 1 0 0 0 2 164 167 1 104 44.96
8 0 7 4 0 0 1 174 1 160 41.12
1 0 3 0 0 0 3 170 180 186 2 118 45.06
10 0 1 0 8 0 3 166 169 173 5 117 44.62
8 0 0 1 10 0 1 171 15 170 39.46
4 0 9 5 8 0 2 168 190 2 122 40.31
1 0 0 9 10 0 1 181 6 135 26.34
10 0 0 4 6 7 2 175 179 15 111 34.1
7 0 8 0 2 0 1 184 3 156 25.99
9 1 0 0 0 0 2 172 183 23 189 45.07
1 1 0 0 0 0 1 177 32 173 44.92
4 0 9 3 0 0 3 177 182 187 15 170 45.31
7 0 0 9 6 1 1 185 9 114 36.81
10 0 0 6 0 0 3 176 184 187 25 160 32.5
1 0 9 0 5 0 1 178 35 176 24.74
6 0 4 4 10 0 2 178 188 33 194 36.23
1 0 5 0 4 10 1 186 39 138 35.44
8 1 0 0 0 0 1 184 25 180 37.05
3 0 0 0 4 3 1 187 3 144 36.99
10 0 3 0 2 0 3 183 185 188 7 164 33.85
3 0 0 0 2 0 1 183 19 168 40.73
7 0 0 7 6 0 1 189 32 187 38.94
1 0 6 0 0 0 1 189 35 160 29.13
9 0 1 0 9 0 1 189 17 135 42.77
7 0 8 0 3 8 1 190 40 157 39.4
4 0 10 0 1 5 1 188 35 193 43.36
7 0 0 4 0 0 1 191 39 195 24.66
6 0 0 8 0 0 1 191 39 190 29.65
4 0 10 0 1 0 1 191 47 140 36.91
1 0 0 0 0 0 0 51 177 28.94
1 0 0 0 0 0 3 193 194 195 0 96 44.61
5 0 3 0 0 0 3 196 199 201 1 134 39.22
9 0 0 5 3 6 1 206 1 170 44.76
2 0 0 0 4 0 2 201 205 1 93 37.92
10 0 2 0 1 0 2 197 207 6 99 27.75
10 0 4 6 4 0 1 198 16 115 33.79
1 0 0 0 0 6 3 200 202 203 26 119 42.2
9 0 6 0 4 0 2 209 214 6 127 38.91
8 1 0 0 0 0 3 209 218 220 27 159 27.51
7 0 0 0 9 7 3 217 220 221 6 130 26.46
5 0 9 0 3 0 3 204 212 217 27 146 28.0
2 1 0 0 0 0 3 210 213 216 27 111 46.6
4 1 0 0 0 0 3 208 214 219 32 130 46.21
4 0 0 4 0 0 2 206 212 3 144 30.6
1 0 9 5 0 0 2 207 210 10 169 39.55
7 0 0 9 4 1 1 208 16 141 27.55
6 0 6 0 1 0 1 213 36 136 44.54
3 1 0 0 0 0 2 211 216 35 168 40.42
8 0 0 0 10 3 3 211 214 218 29 133 36.13
5 0 0 4 0 0 1 219 38 126 30.0
9 1 0 0 0 0 2 215 222 32 171 46.78
5 0 2 0 0 0 1 215 42 136 36.29
8 1 0 0 0 0 2 215 222 37 158 41.36
9 0 4 0 5 6 2 220 221 47 195 33.24
3 0 0 0 6 0 1 217 38 163 26.96
7 0 2 0 6 1 1 219 41 125 37.06
6 0 0 0 8 0 1 221 37 148 42.53
2 0 10 6 0 0 1 222 48 161 43.15
1 0 7 0 8 0 1 223 56 170 27.8
5 0 7 10 1 4 1 223 56 149 33.0
10 0 0 9 8 0 1 223 50 166 34.0
1 0 0 0 0 0 0 61 188 48.12
1 0 0 0 0 0 3 225 226 227 0 151 32.99
1 0 0 1 0 0 3 232 237 245 1 121 40.16
6 0 0 7 0 0 3 228 236 248 1 161 27.07
1 0 0 0 6 0 2 230 247 1 150 25.55
5 0 0 7 0 0 2 229 233 7 160 28.07
3 0 0 7 0 0 3 231 242 245 12 166 26.08
1 0 7 0 0 0 3 234 235 241 2 136 42.02
7 0 1 0 0 0 2 239 244 15 165 41.68
7 0 0 0 0 3 2 240 253 2 152 33.45
4 0 0 0 0 4 1 254 12 107 28.8
5 0 0 0 0 2 1 250 3 161 36.33
3 0 0 0 4 0 1 239 3 102 35.83
7 0 0 0 4 0 2 238 252 7 131 34.43
3 0 9 0 0 0 1 250 2 153 45.9
2 0 0 0 0 10 1 245 14 163 28.99
1 0 0 0 6 0 1 243 22 177 29.02
5 0 0 10 0 0 1 251 9 153 31.0
9 0 7 0 0 0 1 246 3 112 48.16
7 0 7 0 0 0 1 250 15 130 48.0
10 1 0 0 0 0 1 249 23 126 48.2
7 1 0 0 0 0 1 249 22 138 41.29
1 0 0 0 0 4 1 247 16 170 43.2
9 0 9 0 0 0 2 249 253 12 172 41.32
2 0 0 0 0 9 1 254 17 146 45.69
4 0 0 8 0 0 1 253 7 155 45.63
10 0 0 0 6 0 2 251 252 33 157 31.6
10 0 0 0 7 0 1 251 22 129 41.89
9 0 0 0 0 2 1 254 43 202 42.5
5 0 9 0 0 0 1 255 43 154 43.0
5 1 0 0 0 0 1 255 21 130 36.23
9 0 0 0 0 8 1 255 52 177 32.47
1 0 0 0 0 0 0 61 192 34.91
1 0 0 0 0 0 3 257 258 259 0 122 33.5
10 0 6 9 7 10 3 260 270 274 1 136 45.95
2 0 5 6 6 5 3 261 266 281 1 120 40.39
8 0 2 7 6 2 3 264 269 276 1 102 31.74
5 0 2 1 4 8 3 262 263 275 11 163 37.75
8 0 3 1 9 7 3 265 273 277 3 153 43.01
8 0 5 2 3 6 1 267 16 124 36.4
1 0 2 3 9 3 1 266 16 155 35.79
3 0 6 10 3 2 1 285 9 114 39.84
1 0 9 1 1 9 2 271 286 11 137 32.99
9 0 8 6 1 5 1 268 17 178 36.01
10 1 0 0 0 0 2 272 277 24 155 46.16
1 0 5 3 1 10 1 278 26 118 24.45
6 0 1 9 5 5 1 280 9 169 37.56
9 0 10 6 5 2 2 272 279 11 161 44.39
7 0 4 1 9 6 1 282 12 139 46.82
3 0 1 5 2 8 2 283 286 34 164 47.67
9 0 3 4 5 5 1 285 11 149 42.95
9 0 9 1 1 8 1 276 11 111 26.88
2 0 3 5 10 3 1 282 16 153 36.39
5 1 0 0 0 0 1 281 20 161 42.94
2 0 6 8 9 3 1 278 34 116 44.26
8 0 1 10 2 3 2 279 284 36 171 30.36
2 0 9 3 4 9 1 283 44 149 47.28
6 1 0 0 0 0 1 283 15 109 43.69
10 0 9 6 6 3 1 282 25 178 45.05
9 0 4 3 2 2 1 284 35 138 38.45
2 0 7 6 5 6 1 285 46 186 25.47
3 0 2 9 4 2 1 287 44 163 46.17
4 0 1 5 2 3 1 287 48 161 29.43
4 0 5 2 10 1 1 287 37 148 44.66
1 0 0 0 0 0 0 52 174 45.72
1 0 0 0 0 0 3 289 290 291 0 83 27.79
2 0 5 6 8 9 3 295 305 308 1 106 45.06
10 0 6 9 1 7 3 298 302 310 1 106 27.98
4 0 3 8 2 8 3 292 294 297 1 147 47.21
5 0 3 8 6 9 2 293 310 5 169 27.07
8 0 9 8 1 1 3 296 300 302 10 116 34.19
9 0 8 1 10 5 3 301 303 307 5 157 40.7
2 0 10 3 7 6 3 307 309 315 3 111 27.04
1 1 0 0 0 0 3 298 306 311 18 117 44.38
3 0 10 4 6 1 3 298 300 302 5 99 46.85
1 1 0 0 0 0 3 299 301 315 19 180 42.49
5 1 0 0 0 0 3 303 304 316 20 126 43.72
8 0 5 10 10 8 3 303 306 311 18 176 38.41
5 0 4 8 3 5 2 305 313 20 141 26.33
6 1 0 0 0 0 3 304 306 315 18 139 41.6
8 0 6 10 6 2 2 308 318 26 161 42.78
9 0 4 10 3 7 3 305 307 312 25 170 25.66
8 0 1 5 4 7 1 318 34 187 28.29
2 1 0 0 0 0 3 308 312 313 26 149 32.13
3 0 3 9 10 1 1 317 34 173 26.82
8 0 1 10 4 8 1 314 34 166 28.72
4 0 3 3 2 5 2 310 311 5 115 24.91
1 1 0 0 0 0 2 313 314 11 93 38.02
2 0 6 9 4 1 1 312 26 177 42.86
5 0 9 8 2 2 1 314 34 144 41.72
5 0 10 2 2 5 2 316 317 28 133 35.45
3 0 10 5 4 7 1 317 42 147 27.74
10 0 6 1 7 6 2 316 318 24 115 35.77
6 0 8 8 6 5 1 319 34 127 26.7
3 0 10 8 3 4 1 319 45 140 33.17
6 0 7 3 2 6 1 319 42 185 37.83
1 0 0 0 0 0 0 48 159 46.74
1 0 0 0 0 0 3 321 322 323 0 130 48.29
4 0 4 10 10 0 3 325 327 331 1 145 24.8
6 0 0 3 8 2 2 326 346 1 164 44.4
1 0 1 0 0 5 1 324 1 131 26.7
6 0 0 6 8 0 3 333 335 338 2 144 47.2
9 0 0 10 9 9 2 328 329 5 107 28.12
3 1 0 0 0 0 1 347 7 168 24.64
7 0 0 0 0 1 2 340 348 5 125 31.65
2 0 4 0 0 5 1 330 14 122 37.39
8 0 8 0 0 0 3 332 341 349 14 126 30.6
7 0 0 0 7 1 1 345 16 166 34.17
7 0 10 0 0 7 1 346 5 159 44.79
2 1 0 0 0 0 1 334 22 170 47.57
8 0 8 0 3 0 3 339 341 344 8 132 44.61
5 0 0 5 0 0 3 336 337 342 24 154 26.48
4 0 0 8 0 0 2 343 350 8 129 37.86
1 1 0 0 0 0 2 340 344 29 110 28.46
10 0 9 0 5 4 1 346 29 133 29.42
9 0 6 0 9 0 1 340 8 144 40.73
8 0 0 0 0 9 1 342 16 147 38.1
6 0 1 8 9 0 1 345 30 134 42.1
8 1 0 0 0 0 1 345 22 121 25.53
1 1 0 0 0 0 1 347 29 171 27.61
6 1 0 0 0 0 1 344 12 126 27.52
1 0 0 10 4 2 1 347 30 120 29.33
8 0 0 8 0 0 1 350 36 163 39.38
10 0 1 0 0 0 1 350 39 192 41.74
2 0 1 0 0 6 1 348 31 120 26.52
4 0 0 0 3 5 1 351 33 186 25.42
10 0 0 4 0 7 1 351 22 124 38.45
2 0 0 9 8 0 1 351 49 134 26.31
1 0 0 0 0 0 0 51 170 43.14
1 0 0 0 0 0 3 353 354 355 0 110 26.36
6 0 1 6 5 3 1 356 1 134 34.14
4 0 0 6 3 6 3 358 363 364 1 136 44.62
6 0 8 10 10 2 2 357 363 1 120 33.41
6 0 2 1 2 1 3 371 372 376 7 116 30.59
2 0 3 0 0 3 2 370 375 7 133 30.38
3 0 0 0 4 0 3 359 360 361 5 125 28.35
9 0 8 0 5 8 3 367 372 380 8 105 25.27
9 0 1 4 2 0 2 362 371 8 100 38.57
9 0 4 8 0 6 3 365 369 374 8 131 44.32
2 0 2 9 0 9 3 370 373 374 17 151 48.11
2 1 0 0 0 0 1 379 7 130 29.12
3 0 2 6 10 8 1 366 5 164 42.86
8 1 0 0 0 0 3 366 370 373 17 108 42.14
9 0 7 5 7 0 1 376 25 166 25.54
10 1 0 0 0 0 1 368 17 118 33.93
2 1 0 0 0 0 2 369 379 27 186 25.95
2 0 4 7 0 2 1 382 29 124 38.44
9 0 5 0 5 7 2 376 378 25 156 43.89
10 0 2 0 4 0 1 373 17 166 26.79
4 1 0 0 0 0 2 375 379 17 180 28.37
1 0 4 0 6 2 3 377 378 381 27 110 24.16
2 0 4 4 8 3 3 375 377 382 19 156 37.07
3 0 0 2 3 8 1 381 21 127 42.01
5 0 2 8 10 8 1 377 34 128 45.37
1 0 0 0 7 4 1 380 39 174 32.47
2 0 4 1 7 1 1 380 34 137 32.9
2 0 4 6 3 8 2 381 382 29 141 45.93
4 0 6 5 0 10 1 383 40 135 34.5
1 0 0 10 2 0 1 383 31 116 35.93
10 0 6 5 1 0 1 383 31 123 24.74
1 0 0 0 0 0 0 44 182 26.31
1 0 0 0 0 0 3 385 386 387 0 146 33.04
8 0 10 3 2 10 3 388 396 403 1 168 38.72
4 0 7 8 0 1 3 389 390 391 1 106 37.76
2 0 1 8 10 0 2 388 398 1 113 28.59
5 0 5 0 3 7 2 394 405 9 141 42.11
9 0 4 8 0 2 3 393 398 403 5 99 30.94
7 0 4 3 0 8 2 393 395 5 123 37.64
7 0 8 10 4 8 2 392 413 5 166 37.24
7 0 0 2 0 0 3 397 400 403 12 115 27.36
6 0 7 0 3 0 3 394 399 409 14 111 34.18
8 1 0 0 0 0 1 401 20 120 30.28
10 1 0 0 0 0 3 396 405 407 12 128 39.63
5 1 0 0 0 0 1 404 22 181 29.48
3 0 1 7 10 3 3 399 402 409 19 152 46.81
4 0 0 9 3 7 1 409 14 169 39.94
10 1 0 0 0 0 1 405 22 124 47.89
10 0 3 4 7 6 2 408 412 19 141 35.89
10 0 7 3 1 3 2 407 411 28 188 40.53
5 0 0 2 9 1 1 406 22 175 45.49
4 0 2 10 9 8 2 411 414 19 179 40.07
1 1 0 0 0 0 2 406 413 27 167 46.01
6 0 9 10 5 0 1 410 32 151 40.4
1 0 4 0 10 4 2 408 411 28 119 41.99
9 0 8 2 0 8 2 408 410 38 186 35.72
4 0 0 5 7 0 1 414 47 135 48.01
9 1 0 0 0 0 2 410 414 22 130 29.66
3 0 2 0 10 0 1 412 47 177 28.6
4 1 0 0 0 0 1 412 38 181 36.62
10 0 10 4 0 0 1 415 50 142 30.0
5 0 0 10 0 4 1 415 28 126 44.77
9 0 8 5 9 9 1 415 51 138 29.18
1 0 0 0 0 0 0 60 203 24.2
1 0 0 0 0 0 3 417 418 419 0 90 44.81
2 0 7 3 5 0 3 421 423 426 1 136 32.46
8 0 0 6 0 3 3 420 422 429 1 165 33.8
7 0 1 4 8 5 3 426 431 432 1 160 25.76
8 1 0 0 0 0 2 427 438 9 158 34.06
3 0 6 2 0 7 2 439 441 3 130 48.24
5 0 3 5 0 4 2 435 437 9 113 44.36
9 0 0 0 10 3 3 424 425 432 3 121 37.3
7 1 0 0 0 0 2 428 439 12 111 46.98
8 0 10 10 8 0 3 430 431 439 12 160 44.57
8 0 6 4 0 1 1 430 8 117 38.13
4 1 0 0 0 0 3 435 437 446 17 130 45.95
10 0 8 6 6 0 1 438 19 118 38.7
5 0 4 0 10 7 1 440 9 127 28.7
7 0 4 0 2 0 2 436 437 20 122 45.4
10 1 0 0 0 0 3 433 438 444 20 149 40.11
3 1 0 0 0 0 1 441 12 165 28.4
1 0 2 6 5 5 2 434 436 30 128 29.29
1 0 0 8 8 10 1 445 31 167 42.33
7 0 4 4 7 4 2 440 444 21 158 44.26
8 0 9 0 6 9 1 442 31 142 46.34
4 0 10 3 7 0 1 443 27 128 24.69
1 0 0 0 7 9 2 440 446 30 157 41.4
1 0 9 0 0 3 2 442 443 20 169 44.2
2 0 7 0 8 7 1 445 31 144 29.61
2 1 0 0 0 0 2 442 443 15 146 38.18
4 0 7 6 7 8 2 445 446 39 159 30.36
8 0 4 0 9 2 1 444 31 150 34.9
1 0 2 9 4 10 1 447 39 185 46.69
2 0 3 0 1 4 1 447 43 170 36.05
3 0 0 2 0 1 1 447 43 177 29.2
1 0 0 0 0 0 0 46 135 48.26
1 0 0 0 0 0 3 449 450 451 0 128 38.36
6 0 0 2 0 9 3 453 462 465 1 93 42.96
9 0 1 0 5 4 3 452 462 465 1 155 42.04
1 0 0 2 10 8 3 453 454 463 1 124 31.1
9 0 0 10 7 7 3 455 461 463 10 157 34.7
1 0 8 5 0 1 3 455 458 461 7 159 27.45
5 0 7 0 9 7 3 456 459 470 2 140 38.79
7 0 6 0 6 0 3 457 459 464 19 177 32.74
1 0 0 10 3 2 3 457 460 467 7 95 43.49
10 1 0 0 0 0 2 469 477 26 188 46.61
6 0 1 2 7 1 3 466 470 472 8 111 47.54
8 0 0 0 7 5 1 468 26 184 42.57
5 0 0 2 4 7 3 462 465 466 8 104 35.72
9 0 7 10 8 0 3 464 466 472 19 177 44.22
5 0 9 0 1 7 2 476 478 13 147 47.48
9 0 0 7 2 0 3 470 474 477 19 180 30.87
1 1 0 0 0 0 2 467 468 28 121 48.19
1 0 8 7 0 0 3 469 472 474 13 118 46.14
3 0 10 0 9 0 3 468 473 475 28 186 35.57
6 0 0 6 4 7 3 471 473 474 29 132 41.58
8 0 7 0 6 9 2 469 477 34 190 31.3
6 0 10 4 9 6 1 471 42 158 47.2
4 1 0 0 0 0 1 476 28 183 29.97
5 0 7 1 6 4 1 476 48 168 39.56
4 1 0 0 0 0 2 473 475 28 147 31.83
3 0 7 9 7 10 1 478 35 170 37.75
2 0 9 0 4 1 1 475 35 120 24.4
9 0 1 10 0 3 1 478 37 134 24.48
7 0 9 10 3 2 1 479 53 147 29.95
3 0 4 10 10 10 1 479 42 191 39.54
2 0 10 8 0 10 1 479 46 145 26.22
1 0 0 0 0 0 0 60 148 38.98
94.62 91.27 92.03 91.57 96.57 100.54 122.73 204.07 195.24 148.74 127.45 113.19 95.92 91.31 94.34 104.46 111.58 165.0 287.83 287.51 167.91 124.82 122.0 111.66 109.86 103.77 100.41 100.32 101.8 107.57 128.3 169.18 197.16 159.02 134.08 121.54 109.67 106.57 113.28 130.91 157.9 221.54 391.95 400.62 217.31 150.0 126.38 114.46 117.0 113.79 109.43 105.67 108.85 115.33 155.0 282.83 275.88 180.05 141.56 128.26 121.83 115.58 119.14 126.81 141.78 155.09 201.75 205.73 136.19 110.61 90.04 70.91 87.81 86.49 90.82 88.61 91.01 89.36 107.52 115.79 132.85 120.2 93.13 88.46 84.0 82.62 85.14 86.88 105.01 121.62 134.02 139.96 123.61 107.79 103.02 93.95 89.51 82.6 84.41 82.75 88.54 97.49 116.38 137.75 146.31 129.02 118.2 99.84 89.74 89.4 92.13 99.68 113.94 129.65 139.1 140.0 120.66 106.09 99.82 92.82 77.35 75.11 78.62 79.9 82.95 80.55 87.76 104.61 112.37 106.97 96.1 84.02 76.34 71.35 76.08 86.26 93.82 117.8 126.58 117.8 107.59 95.43 97.57 94.57 92.63 84.81 78.82 79.33 81.1 85.62 90.42 93.03 91.2 80.7 72.1 62.21 34.88 20.62 37.12 69.7 92.01 120.93 124.31 109.1 94.36 89.44 80.7 65.11 73.92 69.83 67.28 66.54 67.52 81.68 120.0 132.61 124.43 107.51 94.45 84.44 91.11 94.06 88.14 104.04 113.17 113.73 99.95 86.25 75.7 72.22 73.7 63.18 70.02 56.22 53.26 46.12 51.19 65.08 78.53 120.0 116.48 91.74 96.15 100.05 99.28 93.19 78.84 72.71 82.18 112.85 117.66 115.47 105.11 93.96 88.83 80.7 92.42 92.04 91.57 92.72 92.57 93.64 112.83 129.89 130.37 125.9 105.42 90.41 86.16 85.05 92.98 113.66 147.49 203.85 293.73 274.02 185.28 137.43 125.98 111.72 105.01 103.21 98.46 87.42 82.86 93.34 116.33 126.62 120.97 105.38 85.2 71.54 68.8 67.05 75.55 92.32 106.66 114.91 118.8 116.56 105.0 89.52 82.75 70.74 38.87 30.2 24.41 23.04 30.06 44.4 82.0 168.7 193.66 180.3 134.4 134.01 144.23 98.57 85.64 82.0 107.17 105.04 154.02 178.46 129.2 78.0 54.09 36.63 20.38 18.78 18.15 16.55 16.01 16.01 13.28 78.33 80.0 70.0 58.14 40.01 18.43 22.87 31.07 52.06 69.38 72.37 115.1 139.3 83.83 24.68 25.89 19.66 29.42 35.77 34.43 31.71 29.44 37.62 48.02 53.47 44.16 40.7 15.65 26.82 20.0 33.93 50.2 78.19 78.14 133.5 181.34 194.77 170.68 66.73 48.97 61.96 19.8 21.7 20.31 12.79 25.86 39.93 81.79 109.65 108.18 105.8 99.3 98.11 91.01 98.55 106.03 119.66 133.38 141.46 128.4 119.95 104.49 88.83 80.81 65.06 51.74 39.15 31.06 24.15 25.3 39.19 65.01 89.38 90.75 87.18 82.38 77.11 77.52 91.48 102.48 95.75 102.83 109.54 108.62 104.55 98.7 87.65 81.44 77.03 70.89 68.74 68.31 69.39 68.56 79.33 102.7 111.89 100.25 86.2 73.24 71.61 71.89 77.3 88.97 119.89 143.23 150.08 136.12 128.07 115.49 98.02 93.86 87.29 77.86 72.35 70.55 66.55 59.97 67.03 97.61 100.62 97.29 76.54 60.97 66.66 62.22 64.18 68.38 76.87 86.45 111.45 109.28 109.41 97.79 95.46 104.37 88.87 105.0 97.72 93.64 84.8 78.26 90.8 120.0 120.53 111.27 85.1 77.89 76.3 78.11 86.41 109.48 130.62 162.55 175.95 122.19 110.14 101.11 96.86 88.97 68.2 72.31 67.75 59.24 76.25 81.51 63.73 83.5 95.0 37.93 35.3 18.3 15.76 21.02 31.51 69.0 115.0 77.75 95.0 84.88 86.05 81.53 78.57 81.41 78.46 84.18 75.8 73.46 72.21 77.77 78.87 84.28 77.79 79.18 82.38 79.08 79.15 78.91 86.76 95.98 114.55 120.67 131.83 129.81 116.92 111.78 101.25 98.12 86.94 86.34 80.16 74.08 73.81 83.09 90.84 116.06 128.76 123.45 101.53 90.34 86.37 85.01 88.04 92.41 94.1 104.92 113.59 90.44 87.21 86.79 72.56 64.49 57.21 23.51 68.08 71.0 68.45 31.47 59.42 94.45 110.34 109.02 84.11 72.1 64.3 61.98 76.85 90.08 120.43 148.24 149.62 102.69 112.21 112.51 93.16 90.57 80.16 73.33 72.09 74.63 73.77 77.27 87.2 109.3 112.02 109.42 93.57 82.45 77.56 76.6 85.3 100.25 119.47 129.47 138.88 116.78 102.38 96.06 90.98 80.63 81.97 96.26 93.73 94.32 93.75 95.3 93.73 113.63 125.0 118.45 94.61 86.35 84.67 84.73 88.01 100.36 124.88 132.04 139.58 127.88 117.47 109.96 97.55 95.31 89.12 91.23 90.2 91.15 91.62 92.61 95.29 106.92 127.4 126.75 109.28 94.8 91.11 90.06 93.66 103.2 129.48 162.81 180.69 143.5 127.94 115.99 104.5 97.8 91.6 96.4 97.37 95.01 95.52 96.93 95.46 95.84 104.56 106.98 104.52 102.34 96.81 95.03 95.8 102.86 120.18 126.42 137.03 136.12 131.43 124.16 114.51 107.18 97.57 97.2 95.56 93.98 92.33 92.88 92.81 90.83 90.53 99.2 99.02 98.67 99.09 99.57 100.38 102.04 106.86 120.23 129.59 128.25 125.21 117.22 105.66 100.48 92.81 89.95 88.43 89.7 89.26 88.94 94.95 119.33 146.14 159.38 145.3 132.48 120.88 110.86 120.58 137.43 153.89 165.89 157.81 144.49 129.01 123.13 105.74 102.95 93.79 87.51 85.51 82.05 82.54 83.13 88.06 92.52 118.12 119.09 110.91 95.63 90.82 89.43 92.95 105.63 125.09 142.73 140.36 127.67 122.91 113.64 107.62 103.19 89.79 81.44 80.8 78.5 78.66 83.81 96.05 120.15 138.24 119.79 93.36 80.26 71.56 72.73 83.45 99.32 129.27 137.0 119.75 110.32 96.72 92.76 79.49 79.26 72.4 35.11 27.61 25.35 23.94 41.2 74.33 115.0 123.57 103.63 81.97 79.99 74.33 79.88 81.97 81.97 110.0 124.05 123.04 124.55 125.6 127.65 119.7 113.93 106.61 101.49 98.6 97.64 93.54 95.33 98.1 121.14 140.79 138.99 124.06 115.27 108.94 104.49 110.68 124.01 135.35 140.0 135.31 133.78 128.97 119.4 107.27 107.4 90.73 76.27 80.77 79.71 79.67 77.57 75.43 86.01 95.46 94.84 94.35 96.51 95.0 93.69 99.57 109.28 123.4 120.73 124.74 124.2 117.81 114.66 105.3 104.16 97.98 93.09 96.19 94.81 92.32
