480 5
1 28 36 29 31
1 0 0 0 0 0 3 1 2 3 0 167 7.62
9 0 0 0 0 8 3 5 7 8 1 152 7.82
4 0 0 5 0 0 2 6 23 1 105 5.34
2 0 5 0 0 0 1 4 1 99 6.44
10 0 0 0 0 8 2 13 30 3 124 8.79
1 0 0 0 0 10 1 12 10 146 6.5
1 0 3 0 0 0 2 9 11 5 165 10.41
5 0 0 0 5 0 2 10 18 10 113 7.95
8 0 10 0 0 0 2 13 27 10 135 8.27
3 0 0 0 0 2 3 14 15 20 6 119 8.08
9 0 0 0 0 3 1 26 15 204 9.85
9 0 0 0 0 5 1 25 6 180 9.74
5 0 5 0 0 0 3 17 19 25 11 124 9.88
6 0 0 0 0 10 3 15 16 21 18 209 5.83
4 0 4 0 0 0 2 21 24 9 136 9.23
7 1 0 0 0 0 1 24 24 204 6.64
6 0 0 0 0 7 1 24 24 157 5.83
4 0 6 0 0 0 1 21 16 133 9.12
10 0 0 0 7 0 1 27 15 125 5.82
5 0 0 0 3 0 1 27 16 183 10.33
8 0 0 0 1 0 1 29 9 116 10.59
2 1 0 0 0 0 2 22 28 24 124 5.57
8 1 0 0 0 0 1 29 26 165 6.1
3 0 0 1 0 0 1 30 5 157 10.45
7 1 0 0 0 0 1 25 31 131 9.7
7 0 0 0 0 3 1 26 38 136 9.1
4 0 0 0 7 0 1 28 45 201 6.15
9 0 0 0 0 9 1 28 25 160 9.75
9 0 0 0 6 0 1 31 49 177 7.42
7 0 0 0 9 0 1 31 34 215 5.63
5 0 0 0 2 0 1 31 13 190 8.49
1 0 0 0 0 0 0 58 200 6.43
1 0 0 0 0 0 3 33 34 35 0 162 5.55
5 0 0 6 10 9 3 41 47 60 1 151 8.38
4 0 7 10 6 0 3 36 43 46 1 105 8.64
7 0 0 8 7 6 3 39 42 55 1 154 6.39
2 0 3 0 7 0 3 37 38 53 5 133 5.59
6 0 2 1 2 6 2 44 48 7 199 5.97
4 0 5 10 5 5 1 40 7 184 9.89
10 0 6 0 0 3 2 41 52 8 122 6.72
10 0 3 7 0 9 2 55 57 11 180 6.92
5 1 0 0 0 0 1 54 18 147 8.63
2 0 0 6 8 0 1 52 8 199 9.42
10 0 8 1 1 3 1 45 5 117 8.82
1 0 2 0 3 7 1 51 13 184 9.29
3 0 5 0 8 0 1 58 15 164 5.66
8 0 6 3 10 6 1 51 5 158 8.38
9 0 2 4 3 6 3 49 50 57 6 188 8.79
9 0 0 0 7 7 2 51 54 13 130 6.73
7 0 8 0 0 0 1 59 15 124 5.69
2 0 9 9 0 0 1 62 15 183 9.32
8 1 0 0 0 0 1 52 22 171 10.12
6 0 1 1 1 1 1 56 30 172 5.48
6 0 2 1 0 7 1 56 7 131 8.34
8 0 7 9 6 6 1 59 23 201 5.93
1 1 0 0 0 0 1 59 21 192 10.58
4 0 7 3 0 0 1 62 36 223 6.58
1 0 0 7 1 10 1 61 21 156 9.89
10 0 4 9 9 5 1 60 18 160 8.77
1 0 9 5 2 8 2 61 62 31 192 9.67
10 0 0 5 0 8 1 63 28 191 9.85
3 0 2 0 8 5 1 63 32 189 8.66
5 0 0 5 8 0 1 63 40 194 7.63
1 0 0 0 0 0 0 45 180 9.47
1 0 0 0 0 0 3 65 66 67 0 146 5.76
4 0 0 10 10 0 3 76 77 81 1 136 8.02
10 0 10 3 4 0 2 74 76 1 136 5.8
4 0 8 0 0 0 3 68 69 70 1 141 9.13
5 0 0 2 1 3 2 71 83 5 125 5.63
8 0 6 0 7 0 2 85 93 5 128 5.95
2 0 0 0 4 6 1 86 5 151 6.71
2 0 0 10 3 0 2 72 73 10 130 5.41
10 0 9 0 0 10 1 80 12 122 7.14
2 0 0 0 0 1 3 75 78 91 12 202 7.12
6 1 0 0 0 0 2 77 89 11 154 6.13
7 0 0 1 0 0 1 87 14 116 5.42
2 0 0 0 3 0 3 79 90 92 11 190 6.41
10 0 0 7 0 2 1 84 17 144 6.44
4 0 0 0 0 8 1 94 14 171 9.18
9 1 0 0 0 0 1 94 13 131 5.55
2 1 0 0 0 0 2 82 88 22 117 5.65
8 1 0 0 0 0 1 85 5 200 9.33
6 0 0 0 0 6 1 85 24 175 7.98
8 0 0 5 10 4 1 86 10 181 9.68
4 0 5 0 0 6 1 92 27 158 5.95
3 0 0 9 0 7 1 91 30 130 9.01
1 0 6 7 0 0 1 91 18 177 7.0
2 1 0 0 0 0 1 93 21 161 6.21
4 0 5 0 1 5 2 89 90 24 167 5.86
6 0 7 0 6 1 1 94 28 162 6.81
5 0 0 0 10 0 1 93 28 129 10.19
1 0 0 1 10 6 1 92 33 177 9.86
6 0 0 4 6 0 1 95 34 167 9.39
2 0 3 2 0 1 1 95 33 173 5.38
5 0 4 0 0 1 1 95 34 219 8.87
1 0 0 0 0 0 0 40 133 5.53
1 0 0 0 0 0 3 97 98 99 0 175 9.63
2 0 8 0 0 0 2 100 108 1 112 5.91
9 0 7 0 0 0 3 101 106 116 1 106 8.76
8 0 5 0 0 0 3 104 107 109 1 127 7.27
7 0 0 0 2 0 3 103 111 113 3 127 7.12
7 0 2 0 0 0 3 102 103 114 10 134 6.89
6 1 0 0 0 0 2 105 112 17 144 8.26
3 0 0 0 0 6 1 120 17 195 6.99
4 0 10 0 0 0 1 115 9 140 6.63
2 0 0 0 6 0 1 119 23 194 6.94
3 0 0 0 0 8 1 110 10 174 7.11
6 0 2 0 0 0 1 110 9 125 8.97
7 0 0 0 0 6 1 114 3 183 9.1
3 0 10 0 0 0 1 122 9 126 7.43
2 0 3 0 0 0 1 115 15 164 5.98
1 0 0 7 0 0 1 120 10 186 5.86
7 0 0 0 8 0 1 121 23 206 6.77
4 0 0 0 9 0 1 118 10 137 8.57
4 0 3 0 0 0 2 115 123 17 195 7.48
7 1 0 0 0 0 1 117 21 198 5.71
5 0 5 0 0 0 2 118 120 10 182 5.66
3 0 0 0 10 0 1 126 28 205 9.88
8 0 0 2 0 0 2 119 121 15 164 6.61
9 0 0 0 3 0 1 126 25 195 7.6
7 1 0 0 0 0 1 124 20 160 9.47
5 0 0 0 0 7 3 124 125 126 30 202 9.86
9 1 0 0 0 0 1 125 12 126 9.12
7 1 0 0 0 0 1 124 21 204 9.14
7 0 8 0 0 0 1 127 35 151 10.31
8 0 0 0 0 9 1 127 35 147 10.1
1 0 0 0 0 7 1 127 35 142 10.33
1 0 0 0 0 0 0 43 144 6.65
1 0 0 0 0 0 3 129 130 131 0 163 5.71
2 0 0 0 3 4 3 134 141 148 1 151 6.95
3 0 8 5 0 4 3 133 141 142 1 124 6.66
6 0 0 2 6 6 3 132 133 139 1 163 10.15
1 0 0 0 6 6 3 135 137 140 7 192 8.88
5 0 2 8 0 7 3 135 143 146 7 182 6.8
5 0 10 10 7 0 3 138 139 145 3 193 5.41
5 0 0 5 5 0 3 136 145 157 12 133 8.09
7 0 0 0 10 2 3 144 149 151 17 187 10.38
7 0 1 1 0 0 2 141 146 8 137 8.67
5 0 0 0 8 0 2 142 144 8 162 9.32
8 0 0 0 0 3 3 143 147 155 8 121 7.87
3 0 0 6 3 0 2 150 157 8 144 6.77
10 0 0 1 0 0 3 143 144 151 15 172 9.95
1 0 9 7 0 0 3 147 149 150 13 141 7.26
9 1 0 0 0 0 2 152 158 25 159 7.57
1 1 0 0 0 0 1 153 25 144 8.98
6 1 0 0 0 0 2 149 150 17 176 10.59
3 0 0 0 6 8 2 147 148 15 123 10.21
5 0 0 2 0 0 3 154 156 157 18 169 8.63
7 0 4 0 9 0 3 151 153 154 18 168 5.83
8 1 0 0 0 0 2 153 155 24 141 9.73
10 0 0 7 0 0 2 152 154 23 204 5.69
10 1 0 0 0 0 2 152 155 25 147 7.68
9 0 9 0 0 2 1 156 35 216 8.73
2 0 8 0 7 0 1 158 32 204 10.32
6 0 0 0 5 0 1 158 33 201 8.47
9 0 5 1 2 0 1 156 35 196 5.33
10 0 7 0 3 0 1 159 44 233 8.94
7 1 0 0 0 0 1 159 23 135 8.22
1 0 0 8 1 0 1 159 39 205 10.59
1 0 0 0 0 0 0 54 157 10.41
1 0 0 0 0 0 3 161 162 163 0 127 5.89
10 0 4 6 6 3 3 164 165 167 1 131 8.3
8 0 1 9 0 5 2 169 172 1 153 8.27
4 0 3 5 4 0 2 176 188 1 183 5.65
10 0 1 4 3 2 3 166 170 175 11 200 7.84
7 0 10 0 3 5 1 172 11 169 6.05
1 1 0 0 0 0 2 168 171 21 169 7.81
3 0 2 2 0 0 2 177 181 11 152 9.7
2 1 0 0 0 0 2 180 184 22 205 8.87
5 0 4 1 9 5 2 178 182 9 183 9.08
6 0 1 3 7 4 1 173 21 146 7.08
9 1 0 0 0 0 1 185 22 215 7.58
7 0 7 0 4 0 1 180 18 169 7.48
5 1 0 0 0 0 2 174 187 27 173 8.43
3 1 0 0 0 0 2 177 182 32 147 7.09
3 1 0 0 0 0 1 177 21 125 7.85
4 0 6 10 8 0 1 182 5 190 6.9
5 0 2 8 2 8 1 186 35 217 9.03
10 0 1 0 0 3 2 179 189 14 155 7.38
9 0 10 8 0 4 1 188 24 167 8.01
3 0 7 0 6 6 1 183 25 188 7.13
1 0 4 5 2 0 3 185 186 190 14 130 7.0
6 0 2 4 7 0 1 186 35 192 9.44
1 1 0 0 0 0 1 188 28 158 10.44
5 1 0 0 0 0 1 190 24 212 9.2
1 1 0 0 0 0 1 189 31 217 7.98
3 0 10 0 9 1 1 189 41 147 5.37
7 0 5 5 7 3 1 190 32 200 7.16
9 0 6 4 0 3 1 191 33 194 10.31
10 0 3 7 10 0 1 191 44 235 5.94
2 0 9 10 7 8 1 191 39 182 7.94
1 0 0 0 0 0 0 54 216 6.46
1 0 0 0 0 0 3 193 194 195 0 123 7.6
6 0 5 3 4 7 1 220 1 152 7.53
2 0 1 2 10 5 3 196 197 198 1 162 8.56
9 0 3 4 7 7 3 205 211 212 1 198 7.74
8 0 2 8 3 10 3 202 216 222 3 134 10.2
1 0 10 5 1 7 3 207 209 210 3 192 5.71
4 0 9 1 1 7 3 199 200 203 3 156 9.4
2 1 0 0 0 0 1 211 7 127 9.06
1 0 1 4 6 2 1 201 7 158 7.96
3 0 10 2 7 5 2 206 213 8 146 10.42
2 0 1 2 2 8 2 204 217 11 114 9.09
6 0 9 1 2 9 1 209 7 172 7.58
5 0 7 10 4 4 1 206 13 178 9.01
3 0 2 3 3 4 1 213 10 134 10.55
1 1 0 0 0 0 1 208 18 180 6.0
7 0 2 1 9 4 1 215 4 186 8.52
2 0 7 3 10 6 1 215 19 137 7.13
10 0 4 5 3 3 2 212 214 13 147 6.09
3 0 8 8 3 10 1 211 4 186 5.58
8 0 3 9 2 3 1 222 10 160 7.08
6 0 3 2 6 8 1 222 23 145 8.74
6 1 0 0 0 0 1 214 13 164 7.57
9 1 0 0 0 0 2 216 220 23 213 9.28
9 1 0 0 0 0 2 219 221 21 178 8.54
1 0 8 3 7 1 1 217 32 160 6.48
7 0 10 9 7 6 1 218 33 224 9.71
2 0 7 4 5 5 1 221 40 179 10.08
5 0 4 9 7 2 1 220 30 186 6.29
9 0 4 5 8 10 1 223 35 163 7.08
2 0 7 5 1 2 1 223 42 185 5.45
2 0 5 1 5 4 1 223 29 208 9.41
1 0 0 0 0 0 0 44 214 10.24
1 0 0 0 0 0 3 225 226 227 0 192 6.76
6 0 7 8 0 0 3 230 232 240 1 165 10.51
5 0 5 0 0 0 1 243 1 167 9.61
9 0 3 0 10 0 1 228 1 128 7.85
1 0 6 0 10 10 3 229 231 248 10 148 10.25
7 0 0 0 10 6 3 233 234 235 11 175 8.53
7 0 8 6 0 4 3 237 239 242 7 192 9.29
3 0 6 0 5 5 1 236 11 118 8.01
3 0 1 2 5 9 2 238 241 7 151 5.85
7 1 0 0 0 0 1 240 18 171 8.61
2 1 0 0 0 0 1 240 18 185 7.64
3 1 0 0 0 0 2 249 254 18 190 9.77
3 1 0 0 0 0 1 237 14 164 8.7
10 1 0 0 0 0 2 247 253 17 163 9.81
3 0 0 0 4 10 1 252 10 141 8.38
4 1 0 0 0 0 3 244 245 251 14 170 9.49
7 0 10 0 0 0 1 246 25 217 6.78
6 0 10 0 2 7 2 242 253 10 115 7.92
2 1 0 0 0 0 1 244 16 186 6.31
2 0 0 5 0 0 1 246 6 104 7.41
10 1 0 0 0 0 1 250 18 142 5.88
7 0 5 5 0 7 1 246 18 211 8.41
1 0 0 0 0 6 2 247 254 32 201 9.58
3 0 3 0 0 2 1 250 33 165 6.43
9 0 1 0 0 4 1 250 11 117 9.1
1 1 0 0 0 0 1 251 21 134 8.44
5 0 0 6 0 3 1 252 36 212 5.66
4 0 0 0 0 7 1 253 22 204 10.04
8 0 10 3 0 0 1 255 41 176 9.18
8 0 0 2 9 8 1 255 27 184 8.15
3 0 8 4 0 0 1 255 33 208 9.97
1 0 0 0 0 0 0 49 172 7.55
1 0 0 0 0 0 3 257 258 259 0 140 7.97
3 0 0 0 3 0 3 260 261 280 1 107 6.46
2 0 0 9 9 4 3 265 268 273 1 145 6.6
9 0 3 1 0 0 3 262 263 264 1 142 9.59
6 0 0 5 1 9 3 264 265 269 4 185 6.53
1 0 0 0 0 9 3 265 271 277 4 164 7.83
10 0 5 0 1 4 3 266 267 275 10 157 7.45
9 1 0 0 0 0 3 269 270 280 10 131 9.57
9 0 0 9 2 0 3 273 274 281 10 151 7.26
10 0 10 6 0 8 3 267 276 282 10 172 10.12
4 0 0 0 4 0 3 268 270 273 20 138 9.57
8 1 0 0 0 0 2 270 284 20 206 9.36
10 1 0 0 0 0 3 269 272 274 24 158 9.25
3 0 1 0 10 0 2 278 283 34 129 7.23
9 0 0 9 1 8 1 285 28 170 10.23
10 0 0 0 6 5 2 275 279 5 116 5.71
4 1 0 0 0 0 3 278 280 284 34 184 8.5
1 0 6 6 0 0 2 277 278 24 162 9.68
2 1 0 0 0 0 2 276 277 34 133 9.56
9 0 0 4 4 0 3 276 281 282 20 179 6.82
1 1 0 0 0 0 1 283 36 154 6.78
4 0 7 0 0 0 3 279 282 285 36 152 7.44
10 0 0 0 6 0 2 279 285 38 148 6.64
5 0 0 0 0 9 1 286 48 198 7.98
9 0 6 7 0 0 1 281 38 180 6.69
1 0 8 0 9 4 1 286 47 171 5.39
2 0 0 0 0 9 1 283 40 146 8.65
1 0 0 0 10 0 2 284 286 42 146 8.9
7 0 1 0 6 0 1 287 43 164 7.27
1 0 0 10 2 8 1 287 48 167 7.46
5 0 6 0 2 9 1 287 53 176 8.64
1 0 0 0 0 0 0 58 157 8.37
1 0 0 0 0 0 3 289 290 291 0 155 7.57
1 0 1 5 1 5 3 292 299 300 1 102 9.91
8 0 7 4 9 9 3 294 303 305 1 183 10.07
10 0 1 1 9 6 3 293 297 304 1 109 5.98
3 0 8 3 10 5 3 295 301 304 2 114 8.24
2 0 3 6 5 5 3 294 303 307 11 128 9.18
8 0 4 4 8 3 3 296 311 316 13 155 6.07
7 0 10 6 9 9 3 298 303 306 5 139 5.55
1 1 0 0 0 0 1 301 21 121 10.15
8 0 10 10 10 1 2 299 309 11 128 6.46
4 0 4 7 4 2 3 302 307 316 12 120 9.04
10 0 1 8 8 7 3 302 305 306 19 181 8.6
5 1 0 0 0 0 3 301 302 309 2 133 6.66
8 1 0 0 0 0 3 310 312 313 22 156 8.8
8 0 10 2 10 9 2 311 314 29 166 10.41
5 1 0 0 0 0 2 309 314 13 143 8.32
5 0 2 6 6 9 3 305 306 316 11 166 5.54
7 0 3 2 7 2 2 307 310 29 142 8.98
10 1 0 0 0 0 3 308 311 313 29 194 8.83
8 0 7 5 8 6 2 312 315 36 140 10.59
8 1 0 0 0 0 2 310 318 39 163 5.42
9 0 1 9 5 7 2 313 318 19 123 7.61
1 0 6 10 4 1 1 314 47 198 8.3
6 0 6 5 10 9 2 312 315 39 215 7.25
2 0 2 10 5 7 2 317 318 45 206 9.4
1 0 3 3 10 6 1 317 39 171 8.74
10 0 6 6 9 2 1 315 48 184 7.73
4 0 10 9 10 6 1 317 58 241 10.18
3 0 7 1 1 8 1 319 21 192 10.32
2 0 5 5 1 1 1 319 62 226 5.85
1 0 4 2 2 1 1 319 47 166 10.6
1 0 0 0 0 0 0 64 158 8.95
1 0 0 0 0 0 3 321 322 323 0 107 6.35
10 0 6 9 7 10 3 324 334 338 1 150 7.98
2 0 5 6 6 5 3 325 330 345 1 188 10.29
8 0 2 7 6 2 3 328 333 340 1 115 9.77
5 0 2 1 4 8 3 326 327 339 11 178 7.56
8 0 3 1 9 7 3 329 337 341 3 139 6.72
8 0 5 2 3 6 1 331 16 156 6.84
1 0 2 3 9 3 1 330 16 175 8.24
3 0 6 10 3 2 1 349 9 159 9.34
1 1 0 0 0 0 2 335 350 11 145 5.85
9 0 8 6 1 5 1 332 17 169 9.83
10 0 9 1 8 7 2 336 341 24 175 5.69
1 0 5 3 1 10 1 342 26 157 9.15
6 0 1 9 5 5 1 344 9 119 10.21
9 0 10 6 5 2 2 336 343 11 156 10.12
7 0 4 1 9 6 1 346 12 113 7.49
3 0 1 5 2 8 2 347 350 34 133 9.17
9 0 3 4 5 5 1 349 11 205 9.63
9 0 9 1 1 8 1 340 11 176 5.99
2 0 3 5 10 3 1 346 16 194 6.72
5 0 3 7 8 9 1 345 20 191 10.64
2 1 0 0 0 0 1 342 34 199 6.92
8 0 1 10 2 3 2 343 348 36 218 9.28
2 0 9 3 4 9 1 347 44 141 7.22
6 1 0 0 0 0 1 347 15 177 8.74
10 0 9 6 6 3 1 346 25 132 8.57
9 0 4 3 2 2 1 348 35 212 6.26
2 0 7 6 5 6 1 349 46 187 6.89
3 0 2 9 4 2 1 351 44 182 6.15
4 0 1 5 2 3 1 351 48 185 9.32
4 0 5 2 10 1 1 351 37 202 5.48
1 0 0 0 0 0 0 52 218 6.35
1 0 0 0 0 0 3 353 354 355 0 114 7.55
1 0 3 3 3 10 3 356 358 359 1 103 9.69
6 0 0 1 0 6 3 366 367 375 1 123 9.51
5 0 8 1 10 9 3 357 364 367 1 174 10.18
1 0 0 9 7 1 3 363 368 377 2 176 7.47
4 0 5 0 2 3 3 362 373 375 6 200 5.96
5 0 5 4 7 8 3 360 362 371 2 176 5.64
7 0 10 5 7 8 3 361 364 366 2 179 8.86
10 0 6 8 0 0 3 364 365 372 7 139 7.22
1 0 9 2 5 2 3 363 367 377 9 194 9.82
2 1 0 0 0 0 3 368 374 381 10 180 10.21
8 0 0 0 10 8 3 369 370 371 10 183 10.07
6 0 4 3 4 10 3 376 378 382 17 139 8.31
8 1 0 0 0 0 2 366 370 17 187 6.98
1 1 0 0 0 0 3 368 369 374 25 119 6.41
8 0 5 2 0 6 3 370 371 378 10 135 10.09
2 0 4 0 1 9 1 380 26 207 10.42
8 0 3 10 10 0 1 373 26 167 5.88
4 0 0 2 1 5 2 376 380 25 184 7.82
7 1 0 0 0 0 2 373 379 18 131 9.73
3 0 4 3 0 0 3 374 375 376 17 146 5.51
3 0 10 10 4 0 1 382 34 191 7.36
3 1 0 0 0 0 1 379 26 163 5.51
5 1 0 0 0 0 2 377 379 20 152 6.7
4 0 0 10 9 8 1 381 29 190 8.61
10 0 0 9 9 9 2 378 380 25 184 8.58
2 0 7 0 4 6 1 381 35 188 9.8
9 0 10 2 7 1 1 382 29 144 8.91
2 0 9 0 5 4 1 383 35 136 5.42
6 0 2 6 0 0 1 383 37 155 10.04
6 0 8 2 0 0 1 383 38 221 7.85
1 0 0 0 0 0 0 44 190 7.04
1 0 0 0 0 0 3 385 386 387 0 149 7.94
5 0 5 4 5 2 3 389 390 392 1 110 7.05
2 0 7 3 3 10 3 395 396 401 1 161 7.53
9 0 7 1 2 5 3 388 395 399 1 158 8.33
3 0 6 7 4 6 3 405 408 410 10 200 10.65
2 0 9 2 7 2 3 391 393 394 6 169 9.28
6 0 4 9 7 4 3 393 394 401 6 136 10.26
5 0 1 3 5 2 3 397 398 405 8 136 10.63
7 0 5 7 3 1 3 396 398 399 6 113 8.78
1 0 5 1 4 2 3 399 409 412 12 129 9.84
2 0 6 9 2 3 3 407 411 413 12 118 5.82
7 0 4 9 2 1 3 397 398 402 10 205 8.67
10 0 2 8 10 9 3 402 404 406 13 191 8.61
7 0 2 8 8 1 2 400 406 17 149 8.44
8 0 10 3 2 5 3 404 412 413 17 123 6.39
1 0 2 2 10 9 1 414 13 131 8.51
9 1 0 0 0 0 2 403 407 24 150 10.49
9 0 7 10 8 4 3 403 404 406 12 130 9.22
2 1 0 0 0 0 3 403 405 407 23 120 5.95
4 1 0 0 0 0 2 408 410 33 162 10.5
10 1 0 0 0 0 1 409 25 154 9.63
10 0 6 2 7 10 1 413 25 219 6.95
9 1 0 0 0 0 2 408 409 24 178 9.18
6 1 0 0 0 0 2 410 412 33 157 7.98
7 0 6 10 4 8 1 411 37 219 6.66
8 0 1 3 2 5 1 411 35 137 8.31
9 0 6 3 4 6 1 414 39 202 9.25
8 0 8 2 9 9 1 414 44 206 5.54
6 0 5 5 8 3 1 415 39 173 10.4
9 0 7 5 3 8 1 415 35 166 8.81
9 0 6 9 1 7 1 415 52 177 7.12
1 0 0 0 0 0 0 61 201 9.66
1 0 0 0 0 0 3 417 418 419 0 130 8.21
6 0 3 0 0 9 3 422 424 434 1 163 5.87
3 0 7 0 0 8 2 424 425 1 175 6.63
6 0 0 0 0 9 3 420 426 428 1 126 5.98
7 0 0 4 0 9 3 421 422 424 7 129 6.65
9 0 0 5 0 9 3 429 432 435 14 132 7.82
10 0 3 0 0 7 3 423 427 431 14 183 6.38
9 1 0 0 0 0 2 432 441 24 218 7.08
2 0 5 0 0 1 3 430 431 432 14 173 7.58
6 0 0 0 0 10 3 426 429 435 4 167 6.2
3 0 6 2 2 0 2 434 442 10 169 8.02
3 1 0 0 0 0 3 430 433 438 24 162 6.61
4 0 5 4 0 0 3 436 438 443 7 197 7.07
9 1 0 0 0 0 3 434 438 439 23 178 7.2
7 0 0 0 8 5 3 436 437 440 27 182 7.24
4 1 0 0 0 0 3 437 439 446 24 182 5.58
1 1 0 0 0 0 3 439 442 444 33 218 8.58
1 0 8 0 0 0 2 435 440 27 160 6.05
6 1 0 0 0 0 2 436 446 32 158 10.56
10 1 0 0 0 0 2 437 446 28 192 7.22
4 0 0 0 4 1 1 441 38 140 7.61
10 0 7 3 10 8 3 441 442 443 38 214 9.03
2 1 0 0 0 0 1 444 32 208 8.21
6 1 0 0 0 0 2 440 443 34 210 6.19
6 0 3 0 3 1 1 445 40 164 5.82
10 0 3 3 2 0 1 444 48 205 8.11
8 0 7 8 3 0 1 445 48 184 8.65
2 0 4 0 0 0 1 445 48 156 9.84
8 0 10 4 0 0 1 447 58 173 6.07
10 0 4 6 10 0 1 447 56 215 10.43
5 0 8 0 8 0 1 447 38 216 9.13
1 0 0 0 0 0 0 66 216 9.9
1 0 0 0 0 0 3 449 450 451 0 161 8.57
6 0 2 0 8 5 2 452 462 1 141 8.73
8 0 2 10 3 0 3 453 456 458 1 124 6.47
7 0 2 0 4 2 2 454 466 1 147 6.6
4 0 1 3 2 9 2 455 457 7 192 8.63
4 0 0 0 7 0 3 455 468 476 9 189 10.09
8 0 7 0 3 3 2 455 456 8 155 10.22
10 0 5 10 8 8 1 473 16 188 10.55
10 0 5 0 0 4 3 459 460 461 16 124 7.31
4 0 9 9 10 8 3 459 465 470 11 183 9.26
9 0 0 10 8 2 2 463 464 9 159 10.24
3 1 0 0 0 0 2 467 469 26 162 7.81
9 1 0 0 0 0 2 474 475 26 188 9.18
8 1 0 0 0 0 1 470 26 183 6.79
7 0 0 10 0 10 1 477 7 166 7.5
1 0 0 1 9 4 2 467 470 18 168 6.51
1 0 5 0 9 4 2 465 469 18 124 8.74
6 0 10 8 0 7 2 468 472 19 165 10.59
6 0 0 5 1 7 1 477 8 162 5.96
5 0 10 0 10 8 3 468 471 473 29 194 5.56
6 1 0 0 0 0 1 477 34 169 8.13
4 0 0 5 2 9 3 471 472 473 29 170 6.51
6 1 0 0 0 0 3 472 474 476 34 183 8.1
10 0 3 5 2 9 1 476 34 197 10.06
6 0 7 7 4 7 1 475 40 168 6.83
8 1 0 0 0 0 2 474 475 34 216 8.39
4 0 2 7 0 0 1 478 42 169 7.94
9 0 9 10 10 0 1 478 46 150 9.18
4 0 3 4 10 10 1 479 44 191 6.0
10 0 7 9 0 9 1 479 40 169 7.58
8 0 0 10 3 2 1 479 55 237 5.38
1 0 0 0 0 0 0 63 193 8.87
89.84 79.97 75.12 74.41 79.81 88.13 119.49 146.41 130.98 93.48 61.34 24.23 16.4 11.28 6.14 9.7 26.35 57.95 111.65 146.07 212.9 170.69 129.25 106.4 99.03 86.4 77.9 76.44 80.21 83.42 95.01 86.36 69.35 51.1 4.39 3.49 0.16 0.68 1.84 12.73 59.63 88.33 111.39 135.18 182.47 134.28 111.86 92.79 86.59 73.07 70.42 65.61 68.26 79.11 94.64 101.37 96.19 91.7 78.29 73.3 66.97 59.9 57.86 73.48 73.52 98.82 116.22 131.57 159.1 136.24 121.7 104.56 97.6 93.19 90.94 90.45 90.33 90.51 84.78 84.39 82.11 61.49 18.77 1.65 0.24 2.22 0.23 5.48 1.6 15.17 65.09 97.03 121.25 105.81 92.95 75.96 63.73 72.62 48.6 33.95 37.39 56.54 82.17 68.38 53.01 29.13 1.85 0.21 7.44 4.84 -1.56 1.44 0.22 30.36 73.81 123.62 148.34 144.49 130.19 108.2 107.0 100.32 99.42 100.0 100.91 99.1 91.62 79.94 54.19 1.0 -0.02 -1.0 -3.07 -13.17 -7.75 -3.0 -0.05 42.26 88.98 131.6 192.35 192.37 133.16 102.5 91.87 85.29 79.1 73.77 71.34 65.15 35.45 13.0 2.4 -0.01 -0.6 -2.11 -5.48 -12.93 -20.41 -15.61 -6.0 -4.64 10.62 81.25 94.91 100.0 106.67 91.43 83.43 76.96 76.14 79.02 85.08 95.08 109.2 113.48 102.13 86.88 58.73 33.21 20.0 12.78 11.0 19.75 58.25 89.94 124.8 194.41 273.75 244.46 139.44 112.37 114.6 112.55 104.28 101.89 99.45 116.14 134.71 121.52 87.38 59.16 9.74 11.34 14.44 12.36 10.66 21.84 76.45 94.3 95.67 140.89 198.86 136.66 105.25 91.69 70.69 66.16 64.09 64.37 67.64 81.86 100.48 113.08 105.38 65.98 49.02 38.59 18.13 9.69 18.42 46.85 76.59 101.37 120.38 155.33 205.64 138.82 112.43 92.91 105.34 98.78 91.88 90.87 92.47 91.83 111.72 126.85 114.22 80.06 65.62 47.6 20.11 11.6 7.68 21.41 65.66 84.98 106.77 126.48 165.36 119.07 99.8 86.87 77.55 64.81 60.3 54.73 49.3 65.69 97.45 100.0 61.47 11.35 0.08 1.09 6.58 19.12 15.18 20.35 29.65 10.59 52.57 135.0 139.7 134.0 125.31 103.86 111.48 90.4 86.28 90.0 94.54 90.58 85.47 86.74 77.57 63.13 29.64 9.44 1.19 -0.01 -0.02 -0.02 11.17 18.76 72.6 127.6 110.0 103.11 109.7 91.44 94.42 84.85 77.88 76.49 68.55 56.89 40.12 3.87 0.0 -0.5 -2.0 1.8 -14.23 -15.85 -22.95 5.0 4.32 125.6 141.25 200.0 228.34 164.81 96.97 85.68 79.91 68.58 49.25 48.46 44.74 52.32 119.91 103.5 79.65 9.96 0.4 7.37 11.79 -13.76 -13.66 -1.4 7.57 114.4 120.0 119.28 155.95 150.28 125.45 103.15 88.35 79.95 70.42 60.94 55.17 64.85 79.95 83.92 84.6 65.74 22.64 0.7 -0.01 -1.4 3.43 18.39 31.83 105.0 128.4 123.38 134.24 109.02 97.46 102.2 96.08 88.58 74.42 71.15 73.04 90.0 124.71 124.8 92.84 65.19 21.1 1.32 1.19 1.87 1.0 6.12 22.91 79.08 94.63 136.68 217.0 176.83 119.4 95.93 96.43 88.02 85.62 85.4 89.76 93.37 114.18 104.3 78.24 36.33 0.0 -0.2 -7.67 -15.42 -8.67 5.97 8.4 41.7 91.9 123.45 166.41 131.79 131.49 115.08 90.0 90.0 83.11 77.77 75.37 80.1 103.6 87.26 76.49 40.02 4.52 0.12 -1.03 -4.56 -2.38 8.72 13.48 126.56 96.62 122.55 147.83 125.0 109.48 84.8 115.5 90.51 92.35 97.62 69.49 64.57 53.24 21.97 8.28 0.0 -2.45 -10.45 -35.0 -36.75 -25.97 -6.77 -0.39 8.42 85.96 123.83 139.15 130.0 117.59 109.61 91.93 87.92 86.24 89.75 91.34 91.58 83.13 63.59 20.71 1.61 0.0 -0.02 -1.41 -5.75 -5.0 -2.0 -0.01 57.66 99.89 116.85 135.82 138.4 149.75 110.23 104.25 91.34 85.14 84.83 83.22 90.46 110.96 123.49 107.05 82.66 61.96 80.01 80.01 79.64 76.29 79.0 132.03 97.04 93.33 118.49 186.12 189.94 125.79 102.56 103.51 96.61 94.3 93.81 94.71 102.51 118.0 106.38 97.67 70.74 4.58 2.29 1.56 -1.01 -0.09 4.57 27.76 91.21 105.02 139.17 245.0 241.38 136.65 115.77 112.91 106.55 101.4 95.46 96.68 102.89 111.77 114.56 110.18 77.31 22.24 1.17 1.31 1.53 2.87 28.39 28.64 92.72 115.17 138.07 182.43 175.18 132.98 114.59 112.67 106.42 104.65 99.43 99.97 96.21 100.22 89.25 87.48 19.39 0.44 5.61 -12.0 0.44 -29.99 5.36 12.66 160.08 83.36 118.96 132.0 137.25 126.69 105.61 109.34 104.57 104.26 105.37 104.69 109.29 120.56 117.15 104.91 73.23 17.61 4.35 -0.46 -1.15 -0.21 2.49 32.24 93.45 110.58 136.54 202.88 179.61 137.05 121.38 118.78 110.48 108.15 106.86 108.99 104.38 100.71 90.74 75.93 23.4 -0.07 -2.37 -15.91 -29.21 -23.56 -3.17 0.11 64.11 106.3 129.53 157.3 165.82 140.65 118.68 108.61 101.05 96.91 92.65 90.34 88.49 72.75 26.44 0.0 -0.09 -11.11 -37.5 -64.11 -91.87 -75.14 -36.95 -6.08 7.89 107.72 119.23 137.2 137.11 126.42 101.63 88.81 92.21 69.54 66.9 79.78 94.61 130.46 109.44 91.87 51.48 38.02 50.01 84.3 110.22 100.41 142.84 166.99 139.0 250.0 196.34 152.6 125.0 103.11 84.39 103.63 102.38 99.68 95.61 79.55 108.35 125.43 118.18 111.65 120.75 46.91 55.34 74.14 76.35 68.17 54.37 100.0 120.99 135.0 101.96 138.44 120.24 165.03 130.94 82.97 74.81 73.34 72.05 73.82 80.55 105.72 112.01 98.44 72.08 25.74 15.77 27.37 26.51 57.69 66.84 74.29 89.11 113.92 149.24 198.96 240.25 170.94 124.57 119.95 108.09 103.39 99.91 100.02 104.51 120.14 121.01 106.79 96.87 88.26 81.57 70.5 69.41 68.33 80.0 97.39 104.45 125.0 158.95 169.86 147.17 108.36 89.68 74.97 69.34 67.91 73.25 75.68 84.35 105.58 113.2 107.7 91.16 79.18 67.45 55.25 74.77 91.97 97.56 92.63 82.01 87.88 100.72 119.73 134.89 125.79 106.69 92.87 89.72 82.18 76.9 70.45 75.65 74.53 58.98 27.8 2.34 0.01 0.3 1.26 2.25 -0.56 1.22 28.15 49.77 72.37 105.52 116.65 125.28 119.83 103.5 95.07 89.42 89.66 86.82 85.28 85.3 86.37 75.58 47.91 2.03 0.0 -0.27 -4.95 -16.56 -2.44 0.0 -0.49 27.22 95.0 102.14 111.98 118.07 113.73 101.0 98.73 89.03 85.03 84.13 86.44 97.23 114.67 111.75 104.99 98.14 87.73 61.18 22.74 19.98 26.65 62.54 82.65 98.25 110.14 178.94 283.1 233.0 157.0 122.65 111.28 97.24 89.1 88.32 90.01 98.78 114.97 120.28 110.76 82.71 77.22 68.74 50.5 50.48 70.87 78.41 90.8 102.81 152.08 302.22 465.66 394.02 240.15 145.09 119.29 102.77 92.54 92.08 90.99 99.87 115.32 110.16 104.52 90.96 80.28 80.01 48.71 34.31 56.97 72.39 82.1 98.79 135.44 260.22 305.31 186.0 134.93 110.34 99.18 86.46 79.0 78.93 80.88 88.52 104.49 107.47 104.9 90.45 75.06 57.35 42.16 45.4 67.55 79.9 90.61 110.0 117.42 145.01 190.85 166.78 132.8 113.97 109.25 104.54 101.31 98.39 103.62 106.63 122.6 116.65 100.0 91.15 70.01 65.86 20.419999999999998 21.814999999999998 32.535 40.96 59.57 92.505 103.25 136.76999999999998 163.07999999999998 147.10500000000002 123.60000000000001 110.41499999999999
