480 5
1 37 52 46 59
1 0 0 0 0 0 3 1 2 3 0 147 8.68
4 0 0 9 0 0 3 4 11 18 1 147 9.47
5 0 0 0 7 0 2 8 14 1 122 6.33
10 0 2 0 0 0 3 5 6 9 1 159 11.24
8 0 0 0 0 8 3 7 13 16 5 168 8.06
8 0 0 0 0 6 2 12 13 11 179 11.06
5 0 0 0 9 0 3 14 15 23 11 99 8.98
7 1 0 0 0 0 1 12 13 133 9.57
8 0 0 0 0 3 3 13 16 18 6 145 6.25
3 0 0 0 0 1 3 10 14 21 11 151 7.21
9 0 0 2 0 0 1 17 14 116 6.83
3 0 0 0 0 9 1 21 5 153 7.64
6 0 0 0 2 0 1 25 20 154 9.89
6 1 0 0 0 0 3 15 22 28 19 128 10.57
8 0 0 0 0 6 1 19 16 170 7.31
6 0 0 0 8 0 1 29 25 162 11.18
10 0 8 0 0 0 2 26 28 14 183 10.51
2 1 0 0 0 0 1 20 23 142 7.56
6 0 0 1 0 0 2 22 23 14 152 6.58
6 0 4 0 0 0 2 25 27 24 117 11.42
4 1 0 0 0 0 2 24 30 25 145 5.94
1 1 0 0 0 0 2 22 27 14 151 9.59
2 0 0 0 0 7 1 24 25 150 6.86
8 1 0 0 0 0 3 25 26 27 20 161 9.96
5 0 0 8 0 0 1 26 29 154 8.76
3 0 0 0 0 1 2 28 30 30 149 7.94
5 0 0 2 0 0 1 29 34 166 11.06
1 0 0 0 9 0 2 29 30 30 185 6.94
3 0 0 0 0 3 1 31 33 173 7.79
9 0 0 0 0 2 1 31 39 179 7.38
2 0 10 0 0 0 1 31 33 128 8.47
1 0 0 0 0 0 0 48 137 11.6
1 0 0 0 0 0 3 33 34 35 0 157 6.14
8 0 0 0 0 4 3 36 37 38 1 136 8.84
2 0 7 4 5 3 1 40 1 142 6.86
10 0 9 8 0 0 1 61 1 109 11.19
1 0 4 10 8 6 2 48 51 9 106 11.12
10 0 6 7 2 6 3 39 42 44 9 162 10.45
2 0 1 10 2 4 1 55 9 141 6.96
5 1 0 0 0 0 2 47 50 19 140 6.63
2 0 1 10 0 2 3 41 43 49 3 168 10.03
6 0 6 0 8 0 1 45 5 131 6.81
6 1 0 0 0 0 3 46 47 55 19 174 9.02
3 0 0 4 1 2 1 59 5 92 7.56
3 1 0 0 0 0 1 52 19 107 6.93
1 0 4 7 2 9 2 50 57 11 100 7.86
8 0 9 6 0 1 1 59 25 148 7.63
6 1 0 0 0 0 1 51 25 168 7.91
9 0 0 10 8 0 1 53 10 174 7.79
10 0 7 10 1 0 1 59 5 107 7.05
7 0 3 9 5 1 2 58 60 24 173 9.97
9 0 1 0 5 4 1 62 31 141 10.21
5 1 0 0 0 0 2 60 61 22 155 6.87
5 1 0 0 0 0 3 54 56 58 19 166 8.26
4 1 0 0 0 0 1 57 24 153 7.44
3 0 0 0 7 0 1 56 25 172 6.08
4 0 9 4 7 2 1 61 28 131 6.27
10 0 9 0 2 0 1 62 28 119 11.17
9 0 7 10 2 0 1 62 31 137 10.75
7 0 0 0 3 0 1 60 33 196 8.72
7 0 1 7 5 7 1 63 40 147 8.72
7 0 1 8 9 0 1 63 32 129 6.73
8 0 0 8 2 5 1 63 40 195 9.35
1 0 0 0 0 0 0 48 154 10.04
1 0 0 0 0 0 3 65 66 67 0 94 9.36
7 0 1 10 9 9 3 69 70 74 1 153 10.93
3 0 6 5 5 10 3 68 71 73 1 157 5.91
6 0 4 5 4 1 3 75 76 80 1 116 11.14
3 0 5 7 3 6 1 79 4 152 10.56
3 0 7 10 5 8 2 72 77 8 97 9.3
3 0 10 6 7 2 1 75 8 103 9.96
10 0 6 9 9 2 1 87 4 102 6.94
1 0 3 5 3 4 2 83 91 11 143 7.44
5 0 3 4 5 6 2 82 88 4 143 7.22
4 0 8 4 8 8 1 90 8 131 8.14
5 0 7 7 9 2 1 86 11 152 8.23
5 0 4 5 9 8 1 86 7 138 9.65
8 0 5 5 5 5 2 78 85 11 175 6.71
9 1 0 0 0 0 2 81 84 19 111 6.43
5 0 5 5 2 6 2 83 85 7 149 7.05
8 0 1 10 8 8 1 81 7 135 6.57
10 0 6 2 8 5 1 89 28 135 8.78
10 0 2 4 9 1 1 93 9 167 6.89
10 1 0 0 0 0 1 90 12 160 8.37
2 1 0 0 0 0 1 91 28 115 7.99
3 1 0 0 0 0 1 88 19 141 6.81
9 0 5 10 1 3 2 88 94 16 122 8.9
5 0 2 4 2 3 2 92 94 14 155 10.02
1 0 6 9 3 9 1 91 25 172 8.26
8 0 9 4 6 1 1 93 38 155 8.94
6 0 7 1 6 3 2 92 94 22 165 11.23
7 0 2 8 1 3 1 93 30 119 11.58
1 0 8 4 7 2 1 95 28 141 11.46
3 0 6 6 2 3 1 95 46 157 8.36
3 0 3 8 10 4 1 95 28 152 6.12
1 0 0 0 0 0 0 49 183 7.39
1 0 0 0 0 0 3 97 98 99 0 100 9.02
2 0 8 1 2 4 3 100 103 112 1 162 11.2
9 0 1 9 1 3 1 118 1 102 6.78
3 0 4 7 1 9 3 101 104 110 1 127 6.56
7 0 10 8 7 10 2 102 107 3 147 6.92
2 0 10 10 9 2 2 109 113 4 115 11.51
9 0 5 4 5 5 2 117 122 10 157 7.93
8 0 4 9 4 3 1 105 3 170 10.18
10 0 3 1 2 10 1 106 4 131 11.43
5 0 3 7 8 9 2 108 111 11 150 7.71
7 1 0 0 0 0 2 121 125 14 173 9.13
4 0 4 6 4 7 1 117 10 133 11.02
2 0 4 10 10 7 2 120 125 16 101 10.42
2 0 4 5 1 8 2 114 115 6 116 9.66
8 0 2 6 4 8 2 118 126 4 100 7.19
10 0 7 1 2 6 2 114 120 16 170 8.19
4 0 3 8 8 9 1 115 3 111 7.43
7 0 6 6 7 8 1 115 6 116 8.31
2 0 4 9 3 9 1 122 26 170 7.82
7 1 0 0 0 0 2 116 124 13 153 11.47
4 0 6 8 4 6 1 119 20 132 10.26
3 1 0 0 0 0 1 120 19 173 11.44
4 0 10 10 3 9 2 123 125 12 141 6.41
6 0 2 1 9 8 1 126 24 186 9.55
1 0 2 1 4 2 1 123 26 144 6.76
4 0 1 6 4 3 1 122 21 153 10.37
3 0 3 10 5 7 1 124 28 120 8.14
7 0 6 4 3 8 1 124 27 187 7.36
1 0 3 5 4 9 1 127 34 194 6.92
5 0 9 4 7 1 1 127 21 175 7.33
2 0 3 5 2 10 1 127 30 151 11.6
1 0 0 0 0 0 0 35 188 10.38
1 0 0 0 0 0 3 129 130 131 0 160 7.47
2 0 5 7 6 5 3 135 136 150 1 164 8.6
8 0 8 6 1 4 1 132 1 124 8.32
6 0 7 4 9 4 3 133 134 137 1 173 9.78
4 0 4 3 9 5 3 138 140 143 9 109 6.51
2 0 1 8 8 1 2 145 146 7 114 7.33
5 0 10 7 1 5 1 149 7 165 8.73
7 0 4 9 10 6 1 138 3 177 7.42
4 0 4 3 1 6 1 148 3 123 7.09
10 0 3 8 10 4 3 139 141 142 7 157 8.8
5 0 3 6 5 4 1 147 13 157 10.81
1 1 0 0 0 0 2 143 153 17 107 10.75
6 1 0 0 0 0 3 152 154 155 13 173 10.06
5 1 0 0 0 0 2 144 158 17 154 9.59
3 1 0 0 0 0 1 147 17 177 6.61
10 1 0 0 0 0 2 150 156 18 151 7.11
9 1 0 0 0 0 1 145 22 184 8.5
5 0 9 2 3 3 1 151 31 183 10.33
9 0 7 1 2 10 1 150 9 106 6.24
5 1 0 0 0 0 1 148 20 133 11.64
7 0 5 2 9 7 1 152 25 180 9.38
1 0 1 8 9 3 1 153 12 162 5.92
5 0 5 6 1 8 2 154 157 28 152 11.07
5 0 7 1 7 5 1 152 36 183 7.79
3 0 5 1 8 3 1 157 41 161 8.7
8 0 5 8 9 9 1 155 18 182 9.87
3 0 2 8 10 8 1 158 33 138 6.27
1 0 6 6 3 8 1 156 26 176 9.41
1 0 7 2 9 1 1 159 28 171 11.46
4 0 4 4 2 7 1 159 44 208 10.8
4 0 10 2 8 10 1 159 36 195 9.96
1 0 0 0 0 0 0 48 145 11.35
1 0 0 0 0 0 3 161 162 163 0 144 8.07
8 0 6 0 0 0 3 164 170 171 1 152 8.0
6 0 0 8 0 0 3 164 166 181 1 115 6.86
2 0 0 0 7 0 3 167 169 175 1 95 9.46
6 0 0 0 1 0 3 165 168 176 9 169 8.75
4 0 0 8 0 0 2 173 183 15 114 11.55
4 0 0 2 0 0 3 174 178 180 7 104 6.71
7 0 0 5 0 0 3 172 173 174 3 119 6.36
3 0 9 0 0 0 3 177 179 186 15 130 7.08
8 0 0 1 0 0 3 174 178 184 3 139 10.56
5 0 0 0 0 7 3 175 176 179 9 117 7.81
10 0 0 0 3 0 3 172 177 182 9 183 6.54
6 0 10 0 0 0 3 178 179 181 19 134 8.74
10 0 1 0 0 0 2 177 189 19 135 5.98
7 0 5 0 0 0 2 176 185 11 170 8.03
4 0 6 0 0 0 3 180 181 182 14 145 8.06
9 1 0 0 0 0 1 187 18 166 11.2
5 0 0 0 2 0 1 190 29 182 10.82
4 1 0 0 0 0 1 188 25 164 9.86
6 1 0 0 0 0 1 180 25 164 7.14
1 1 0 0 0 0 2 184 190 31 151 9.83
4 1 0 0 0 0 2 183 186 25 163 9.53
8 0 0 7 0 0 3 183 184 186 19 128 10.7
6 1 0 0 0 0 2 185 190 29 140 11.6
2 0 0 1 0 0 2 185 187 32 183 7.99
5 0 0 0 0 10 2 188 189 35 160 8.74
9 0 0 0 9 0 2 187 188 29 121 9.56
10 0 0 6 0 0 1 189 38 189 9.62
3 0 0 0 8 0 1 191 40 159 9.4
10 0 0 0 4 0 1 191 48 195 10.97
7 0 0 0 4 0 1 191 35 154 6.33
1 0 0 0 0 0 0 58 214 9.44
1 0 0 0 0 0 3 193 194 195 0 95 10.35
6 0 0 0 5 0 2 201 204 1 128 9.56
6 0 6 0 6 3 3 196 197 198 1 94 10.57
3 0 0 3 0 0 3 200 203 212 1 169 8.28
5 0 0 0 4 0 3 202 210 211 7 163 6.44
7 0 8 5 0 2 3 201 205 211 7 100 5.95
3 0 0 0 9 3 2 199 207 7 170 10.34
9 0 6 0 4 0 3 201 210 212 10 157 10.1
8 0 10 4 0 0 3 207 209 210 4 135 8.42
9 0 0 0 0 4 1 209 19 114 7.47
7 0 0 3 0 5 3 203 204 208 12 135 7.27
6 0 5 1 6 0 3 207 209 221 19 136 11.55
9 0 10 0 0 7 3 206 213 221 19 120 9.0
10 0 0 0 10 0 3 206 208 213 14 140 11.5
9 1 0 0 0 0 3 212 214 222 28 156 11.6
5 0 0 8 3 0 2 217 218 25 142 8.84
8 0 2 0 10 6 2 215 216 24 137 10.89
10 1 0 0 0 0 3 213 214 215 28 199 7.18
9 0 0 0 7 0 3 214 215 216 19 184 10.8
2 0 8 0 8 5 2 216 219 14 163 11.23
10 0 10 9 8 0 2 217 219 37 139 8.21
6 0 3 0 4 1 2 218 222 38 158 9.41
2 0 1 0 4 0 3 217 218 219 38 134 8.65
1 1 0 0 0 0 1 222 38 137 9.67
3 1 0 0 0 0 1 221 32 167 9.82
2 0 10 10 0 5 1 220 47 149 10.85
3 0 0 0 10 7 1 220 44 135 8.05
1 0 6 6 6 0 1 220 47 200 8.38
9 0 0 1 0 0 1 223 49 202 7.98
5 0 1 0 8 0 1 223 35 141 11.09
2 0 3 0 0 10 1 223 44 189 6.67
1 0 0 0 0 0 0 58 138 10.49
1 0 0 0 0 0 3 225 226 227 0 156 6.6
2 0 0 10 0 0 3 228 230 236 1 158 6.39
3 0 0 3 0 0 3 229 241 247 1 97 7.61
6 0 0 0 9 0 1 242 1 104 9.24
8 0 8 0 0 0 3 231 232 233 3 109 6.69
3 0 0 6 0 0 3 234 236 245 4 138 7.12
2 0 0 8 0 0 1 237 3 134 7.3
2 0 0 9 0 0 1 252 11 107 8.05
1 0 0 5 0 0 2 238 248 11 159 8.82
8 0 0 10 0 0 1 235 11 119 8.33
4 0 0 5 0 0 1 237 7 141 7.02
3 0 0 0 0 5 1 239 19 176 10.49
2 0 0 1 0 0 2 246 249 7 102 10.49
7 0 4 0 0 0 1 253 11 140 8.83
6 0 0 0 5 0 1 242 12 131 6.39
8 0 0 0 8 0 3 240 244 245 22 170 10.65
5 1 0 0 0 0 2 243 249 30 158 6.39
6 0 0 0 0 9 1 251 4 107 8.58
8 0 0 0 7 0 1 252 18 166 9.87
5 1 0 0 0 0 1 248 35 174 11.33
2 1 0 0 0 0 1 249 30 169 7.95
1 1 0 0 0 0 3 246 250 252 30 156 6.42
3 1 0 0 0 0 1 251 31 144 10.14
6 0 0 0 0 4 1 254 4 118 6.72
5 0 0 1 0 0 1 251 40 194 9.26
10 0 0 0 0 9 1 250 35 126 10.42
8 0 0 4 0 0 1 253 45 134 7.63
5 0 0 0 1 0 1 254 45 181 6.32
5 0 0 0 8 0 1 255 31 196 5.99
8 0 5 0 0 0 1 255 53 210 11.38
6 0 0 0 0 6 1 255 50 173 8.67
1 0 0 0 0 0 0 61 147 8.63
1 0 0 0 0 0 3 257 258 259 0 117 8.02
9 0 0 8 5 4 3 260 262 265 1 108 8.42
5 0 7 0 8 7 3 260 276 277 1 170 6.69
3 0 0 0 7 2 3 261 271 273 1 119 6.25
3 0 8 3 0 4 3 264 274 280 10 114 10.09
4 0 3 5 2 1 3 263 265 268 4 130 7.42
5 0 7 3 5 10 3 267 278 279 10 105 7.64
4 0 6 8 2 0 3 266 269 270 8 110 8.98
9 0 0 6 10 9 1 272 13 187 10.96
9 0 6 9 8 7 3 266 267 270 10 114 10.74
8 0 0 4 0 7 1 285 19 184 9.98
4 1 0 0 0 0 2 272 281 19 175 10.44
5 1 0 0 0 0 2 282 284 8 151 6.59
4 1 0 0 0 0 3 277 279 284 12 170 6.87
6 0 7 9 2 8 2 277 278 19 186 6.34
3 0 7 6 3 0 1 276 4 93 8.1
6 0 0 10 0 1 1 283 23 145 9.22
3 0 3 5 0 8 1 282 4 98 6.85
6 0 1 0 7 0 1 275 13 176 11.01
9 0 5 7 7 0 2 279 281 19 150 9.43
7 0 4 0 10 0 1 278 7 122 8.47
10 0 5 0 1 8 2 283 286 25 130 6.72
7 0 6 0 2 7 2 280 285 25 154 10.1
1 0 1 5 8 0 1 286 28 111 6.1
8 0 5 6 3 6 1 281 32 157 10.1
2 0 0 4 2 6 2 284 286 40 185 6.86
3 0 0 6 0 1 1 283 13 102 6.41
10 0 2 5 7 0 1 285 35 178 6.46
4 0 4 0 2 3 1 287 42 151 10.45
2 0 0 8 5 2 1 287 45 195 11.26
6 0 0 5 2 9 1 287 42 149 10.33
1 0 0 0 0 0 0 48 187 11.16
1 0 0 0 0 0 3 289 290 291 0 138 9.65
10 0 9 0 0 0 3 292 293 302 1 117 8.79
8 0 9 4 10 0 3 294 300 305 1 147 10.21
10 0 4 6 10 0 3 301 302 313 1 150 5.9
2 0 4 0 0 0 3 295 298 300 11 110 7.55
9 0 5 0 0 5 3 297 298 305 11 145 8.92
9 0 0 10 6 0 3 296 298 301 9 136 9.18
2 1 0 0 0 0 3 305 306 307 13 152 9.21
9 0 0 0 4 7 2 299 302 18 174 9.95
10 0 0 5 0 0 3 300 304 309 20 176 7.77
10 1 0 0 0 0 3 307 314 315 20 176 10.85
8 1 0 0 0 0 3 303 306 309 27 163 11.03
9 0 0 5 6 0 2 308 310 30 127 8.11
9 1 0 0 0 0 2 310 312 18 190 5.91
3 1 0 0 0 0 1 303 27 115 10.86
6 1 0 0 0 0 2 304 314 35 153 10.93
6 0 7 0 6 2 3 308 311 317 41 177 6.47
10 0 9 5 0 0 2 314 315 20 175 6.46
9 0 0 0 10 4 3 308 311 313 35 133 7.63
2 1 0 0 0 0 2 309 310 30 166 6.1
4 0 0 0 0 5 2 312 315 47 195 10.58
10 0 0 5 0 10 3 311 312 313 35 155 6.33
1 0 3 2 1 4 2 317 318 39 137 11.57
9 0 4 0 0 3 1 318 47 161 6.73
5 0 0 0 5 5 1 316 51 184 10.83
2 0 0 0 0 3 1 316 45 128 10.72
8 0 0 7 0 0 1 317 41 158 8.63
8 0 1 3 3 0 2 316 318 51 145 7.75
1 0 4 2 0 0 1 319 59 168 10.55
8 0 4 7 2 6 1 319 49 196 8.37
1 0 0 10 4 7 1 319 59 187 10.03
1 0 0 0 0 0 0 60 143 7.61
1 0 0 0 0 0 3 321 322 323 0 122 9.41
7 0 0 0 4 0 3 327 329 334 1 115 8.75
10 0 0 0 5 0 3 324 325 329 1 166 11.23
7 0 0 3 0 0 3 325 326 331 1 95 10.26
1 0 0 0 5 0 3 331 332 333 11 118 9.48
6 0 0 0 9 0 3 328 343 349 11 165 6.07
8 0 0 6 0 0 3 330 333 343 8 123 8.21
7 0 0 0 5 0 3 331 332 337 8 154 5.95
10 1 0 0 0 0 3 334 335 339 17 124 9.8
8 0 0 0 0 6 3 335 341 350 11 150 8.34
1 0 0 2 0 0 3 332 334 341 16 127 8.07
4 0 5 0 0 0 3 335 338 342 15 163 11.18
3 1 0 0 0 0 3 336 338 342 17 130 9.74
4 1 0 0 0 0 3 338 340 342 16 111 7.29
6 0 0 8 0 0 2 344 345 27 123 6.01
4 0 1 0 0 0 1 347 27 156 11.64
9 1 0 0 0 0 3 340 348 350 20 147 9.14
6 0 0 0 4 0 3 340 343 344 15 171 7.11
8 1 0 0 0 0 2 339 346 20 136 10.73
6 0 0 2 0 0 1 345 28 196 10.75
3 0 0 5 0 0 1 346 29 148 7.42
1 0 5 0 0 0 2 344 346 19 124 6.35
1 1 0 0 0 0 3 345 348 349 20 166 10.58
7 0 0 0 1 0 1 347 21 138 7.36
4 0 0 1 0 0 1 347 33 119 6.04
6 0 0 4 0 0 1 350 34 130 7.8
8 0 1 0 0 0 1 349 32 197 10.38
7 0 5 0 0 0 1 348 37 178 5.99
4 0 0 0 0 9 1 351 44 174 9.5
2 0 0 10 0 0 1 351 40 197 6.38
6 0 4 0 0 0 1 351 40 129 8.58
1 0 0 0 0 0 0 48 151 10.73
1 0 0 0 0 0 3 353 354 355 0 167 9.66
10 0 2 4 3 3 3 356 358 361 1 122 6.38
10 0 6 8 3 1 3 358 367 371 1 125 9.87
2 0 2 10 1 1 3 360 361 362 1 87 8.29
8 0 6 10 4 3 3 357 371 373 11 151 6.41
10 0 6 1 7 3 3 360 362 366 19 156 6.86
1 1 0 0 0 0 3 359 360 369 11 131 6.2
7 1 0 0 0 0 3 365 373 378 12 106 6.43
8 0 2 1 3 6 3 364 372 374 29 156 7.87
9 0 8 1 3 9 3 372 374 379 11 122 9.23
8 0 8 1 8 9 3 363 369 372 29 159 11.11
8 0 9 3 7 5 3 364 367 374 37 199 11.33
2 0 8 8 10 1 3 365 370 377 45 148 6.04
1 0 3 1 5 8 1 368 47 190 10.97
4 0 9 8 4 4 3 368 369 378 29 156 10.38
9 1 0 0 0 0 3 368 370 375 45 151 6.7
5 0 2 10 1 10 1 376 54 193 10.35
1 1 0 0 0 0 2 381 382 37 185 5.97
5 0 2 4 6 8 3 376 379 381 54 158 6.29
8 0 9 6 7 3 1 375 19 188 11.1
9 1 0 0 0 0 3 375 377 380 37 137 10.63
2 1 0 0 0 0 1 379 19 118 10.44
8 0 4 6 6 4 3 377 380 382 45 193 7.22
2 0 10 4 6 6 1 376 54 192 10.81
4 0 10 9 2 8 1 382 59 151 7.36
5 0 4 10 2 10 1 378 53 164 8.07
6 0 1 8 3 2 1 381 58 202 9.45
7 0 2 10 9 4 1 380 59 183 10.93
7 0 2 3 7 4 1 383 66 155 9.13
7 0 6 2 3 10 1 383 64 211 7.12
2 0 2 2 4 4 1 383 63 175 8.16
1 0 0 0 0 0 0 73 204 6.26
1 0 0 0 0 0 3 385 386 387 0 92 6.42
7 0 2 1 5 5 3 389 394 401 1 123 10.98
4 0 5 1 4 10 1 388 1 155 8.68
4 0 7 6 1 4 3 391 392 399 1 93 7.06
2 0 4 6 5 5 3 390 396 402 5 131 10.95
3 0 2 3 2 5 1 395 8 138 8.86
10 0 8 4 2 7 2 398 403 7 131 7.75
3 0 9 9 3 1 3 402 403 406 5 166 8.1
3 0 3 7 5 5 2 393 398 5 164 6.36
3 0 7 2 7 2 2 394 397 8 112 9.78
10 0 3 3 10 9 2 395 404 11 167 6.18
3 0 3 4 10 5 3 396 407 413 21 148 8.18
8 0 7 4 3 8 1 405 24 118 10.12
5 1 0 0 0 0 2 400 409 11 128 11.01
7 1 0 0 0 0 2 408 411 17 178 8.14
5 0 8 2 4 7 1 403 5 111 10.16
4 1 0 0 0 0 3 410 411 412 16 111 6.71
1 0 5 7 8 10 2 405 406 8 112 9.45
5 1 0 0 0 0 2 404 408 8 177 6.71
9 0 8 8 9 10 3 404 407 410 17 152 6.85
6 0 3 9 7 1 1 414 26 141 8.79
5 0 1 1 7 6 1 414 32 129 5.99
10 0 2 2 8 9 3 407 408 412 9 103 8.71
2 0 7 3 5 5 1 411 26 176 7.7
9 0 7 10 7 8 1 410 24 133 6.01
4 1 0 0 0 0 2 412 413 16 168 8.58
2 0 10 9 5 3 1 413 33 155 9.73
10 0 9 4 1 1 1 414 28 139 7.3
8 0 2 10 10 1 1 415 20 169 9.5
2 0 2 9 4 3 1 415 35 141 10.85
4 0 2 1 2 2 1 415 38 172 10.42
1 0 0 0 0 0 0 42 174 9.14
1 0 0 0 0 0 3 417 418 419 0 166 6.57
10 0 1 0 0 0 2 432 436 1 134 7.79
2 0 9 0 0 0 3 424 425 426 1 147 10.48
4 0 0 0 0 7 3 420 422 440 1 116 8.66
7 0 0 0 10 0 3 421 423 425 5 133 8.41
2 0 8 0 0 0 3 427 428 435 12 101 11.09
9 0 5 0 0 0 3 429 431 433 5 170 9.24
1 0 0 9 0 0 2 434 443 12 124 6.32
2 0 0 0 4 0 2 434 443 3 123 7.85
8 0 0 0 0 7 2 438 445 12 128 10.21
3 0 0 4 0 0 3 431 432 433 3 116 6.39
6 0 0 10 0 0 3 432 437 438 14 156 9.52
4 0 5 0 0 0 2 430 444 14 134 6.18
6 0 0 0 10 0 2 434 442 14 162 7.6
6 0 0 0 0 7 2 433 446 18 145 9.86
6 0 8 0 0 0 1 435 14 157 7.98
6 0 0 3 0 0 2 439 445 20 160 8.39
2 0 6 0 0 0 1 436 24 145 11.15
9 0 0 9 0 0 2 436 446 20 183 9.05
3 0 0 0 0 1 2 437 439 20 114 8.75
3 0 7 0 0 0 1 445 29 121 10.81
8 1 0 0 0 0 1 441 23 151 11.52
8 0 0 0 0 6 1 439 20 152 9.51
10 1 0 0 0 0 1 441 28 199 9.62
1 0 7 0 0 0 1 444 5 135 10.7
8 0 0 0 1 0 1 442 38 161 9.63
2 0 0 9 0 0 1 443 46 192 6.32
10 0 0 0 0 5 2 444 446 48 143 6.34
3 0 0 0 0 6 1 447 58 174 7.03
4 1 0 0 0 0 1 447 32 170 9.89
4 0 9 0 0 0 1 447 58 190 11.47
1 0 0 0 0 0 0 62 200 6.82
1 0 0 0 0 0 3 449 450 451 0 160 9.1
1 0 0 4 0 0 3 459 461 474 1 155 7.82
3 0 9 0 0 0 3 452 465 466 1 110 7.28
6 0 0 9 0 5 3 454 455 457 1 160 6.92
8 0 1 0 0 2 3 453 454 456 4 117 11.41
1 0 0 1 2 6 3 459 460 463 12 130 10.29
10 0 0 4 8 2 3 468 470 477 12 140 9.43
5 0 0 0 7 2 3 458 465 467 7 159 11.0
10 0 7 10 10 10 3 457 459 467 12 140 10.68
2 0 4 0 0 0 3 468 472 474 22 150 11.05
3 0 4 0 0 1 3 461 462 478 12 115 9.12
3 0 10 4 0 0 3 464 468 469 22 136 8.9
1 1 0 0 0 0 3 467 470 474 13 129 10.05
10 0 0 6 0 0 3 463 466 473 15 186 8.9
3 0 5 0 0 1 3 463 464 466 15 158 8.0
2 0 0 9 9 0 1 471 25 119 9.96
10 1 0 0 0 0 2 471 473 25 138 6.85
1 1 0 0 0 0 1 472 12 149 10.68
6 1 0 0 0 0 2 469 470 25 177 6.13
8 1 0 0 0 0 2 469 472 22 176 6.5
2 1 0 0 0 0 1 475 25 140 9.8
4 0 5 5 0 0 2 475 477 31 184 7.96
9 0 2 0 7 0 1 471 31 135 10.34
2 0 1 0 5 0 1 476 40 146 10.88
4 1 0 0 0 0 2 473 478 30 194 10.41
1 1 0 0 0 0 2 476 477 35 132 9.52
7 1 0 0 0 0 2 475 478 24 185 11.39
10 0 6 8 0 10 1 476 35 143 9.52
9 0 2 0 0 8 1 479 45 173 11.13
4 0 0 0 0 9 1 479 36 168 6.41
6 0 0 0 1 8 1 479 34 138 7.69
1 0 0 0 0 0 0 54 162 10.4
74.89 70.06 38.09 41.5 74.3 80.24 229.52 262.77 179.0 139.31 99.15 95.78 129.35 105.39 131.67 150.0 165.0 145.0 130.0 165.0 145.44 116.26 130.0 88.67 79.25 80.38 81.28 80.57 84.17 101.8 122.89 133.83 146.8 132.61 125.2 120.56 118.25 121.75 125.94 135.95 146.66 152.24 141.76 133.9 118.07 94.05 100.5 86.66 86.54 84.95 81.03 79.81 84.95 95.93 119.06 133.72 144.22 133.53 108.03 91.41 85.6 86.04 92.91 115.15 119.94 140.72 150.0 145.35 135.08 123.06 115.19 100.21 97.39 97.02 96.22 97.37 96.94 111.24 141.97 153.11 160.3 151.64 132.75 123.25 113.85 113.3 129.8 153.72 161.45 178.92 174.84 161.29 150.56 134.48 126.66 120.2 120.0 117.35 114.01 114.01 116.58 121.01 154.37 159.87 163.7 154.82 130.1 126.2 120.06 121.19 119.89 151.47 168.59 184.56 184.48 178.99 162.66 152.7 152.38 134.97 139.56 131.39 125.78 119.17 119.22 120.86 127.18 144.74 153.46 142.44 128.4 120.08 110.29 103.4 113.7 129.91 155.04 168.01 167.41 162.98 156.6 145.24 141.73 131.74 133.26 126.91 122.99 120.66 122.34 123.41 128.09 135.9 137.3 137.7 130.04 129.33 122.24 111.88 116.65 128.89 153.14 165.25 172.32 173.95 165.5 155.77 148.44 133.24 129.54 126.63 124.72 120.04 123.24 127.77 159.18 207.88 243.23 178.04 149.95 126.16 117.27 115.52 124.31 147.32 169.51 214.64 200.73 201.1 167.74 153.0 144.21 135.81 132.4 125.54 123.18 123.99 123.25 127.63 155.37 191.13 211.99 163.31 136.53 126.71 117.55 113.18 120.09 138.47 170.43 178.26 175.0 171.02 152.85 131.0 130.77 123.05 115.2 110.86 110.27 109.09 115.43 122.5 147.67 168.12 180.81 159.33 133.5 121.97 117.02 119.5 128.85 144.12 160.36 177.15 189.9 189.63 170.0 155.42 143.7 133.68 133.67 129.8 125.95 125.0 125.01 134.5 154.93 180.09 219.08 178.95 160.22 150.88 145.88 142.97 139.07 150.09 171.17 176.63 169.12 162.12 135.15 123.54 131.27 121.95 126.05 112.7 108.82 105.0 114.14 127.75 178.61 181.71 164.98 150.47 134.44 117.05 113.52 118.79 122.32 151.3 133.7 132.92 136.89 132.27 111.54 87.65 98.8 100.0 83.39 86.49 86.39 88.13 89.69 90.99 88.95 93.24 112.24 97.54 94.55 86.74 85.4 87.56 92.77 118.0 136.88 144.46 160.47 160.33 155.17 149.0 143.56 135.53 135.0 127.75 124.07 119.3 116.81 117.0 117.0 133.43 136.77 120.94 113.7 109.1 87.08 98.01 109.9 120.4 138.0 142.93 155.76 150.6 144.55 142.16 143.0 128.54 119.56 114.07 111.4 107.72 107.31 115.58 153.71 173.8 181.36 163.18 141.45 121.23 125.33 124.09 136.91 152.78 140.3 126.84 125.09 140.0 120.0 109.21 131.31 88.52 78.92 86.98 135.0 105.01 88.55 99.0 145.0 194.13 169.7 143.69 116.05 104.85 107.55 117.2 130.96 135.7 145.75 143.93 145.0 156.88 156.01 137.8 141.47 128.2 129.26 127.91 126.82 126.59 128.74 128.87 141.3 173.11 180.0 174.92 168.75 168.43 157.95 159.23 141.48 150.0 160.1 162.69 181.66 183.99 152.14 144.99 139.78 133.0 132.38 140.12 150.74 144.49 146.91 133.16 135.3 270.7 251.77 222.64 205.6 185.9 176.9 184.44 190.0 211.71 200.21 207.33 205.5 196.52 176.36 162.92 153.12 139.32 139.65 137.01 131.66 131.43 130.78 140.09 163.63 224.86 261.75 214.52 180.61 163.74 150.06 149.42 157.07 172.21 196.88 292.25 288.53 224.61 183.55 163.6 153.0 140.03 135.66 130.69 120.25 118.7 118.97 120.87 134.52 149.23 150.53 137.05 124.59 118.36 112.39 110.01 116.42 129.59 145.64 164.02 175.23 161.46 141.16 116.37 130.3 120.32 134.11 128.9 123.57 119.9 119.57 119.84 118.05 124.47 123.77 125.75 131.48 128.92 127.85 121.36 123.67 127.33 139.52 170.0 172.12 168.8 155.51 134.93 132.06 131.51 125.9 121.06 120.34 125.94 129.5 126.7 157.39 208.25 209.79 171.3 139.67 116.94 113.24 106.55 118.11 135.02 173.29 225.32 271.52 216.5 179.08 151.4 131.21 122.95 134.75 126.4 127.5 114.54 110.45 108.19 135.32 186.2 193.8 141.92 117.27 98.81 79.06 84.62 98.35 104.87 190.7 189.76 176.77 165.0 142.03 141.9 119.58 103.61 94.31 93.84 96.91 95.24 102.66 141.4 155.0 180.26 166.37 128.76 109.88 92.9 90.14 91.8 92.23 107.41 147.49 161.25 159.24 160.76 141.4 109.61 103.4 91.8 114.41 118.13 130.0 113.87 113.59 130.0 148.54 140.0 129.45 114.24 104.15 94.18 97.41 93.06 100.4 97.28 114.1 139.8 156.19 150.71 147.34 121.67 118.79 90.0 73.45 70.72 73.03 72.42 81.11 120.0 125.17 165.34 150.72 131.26 104.33 87.37 79.1 77.95 91.97 87.88 165.72 148.62 154.5 152.0 163.87 82.7 82.9 97.94 71.48 71.73 71.92 71.65 72.29 80.0 113.21 123.18 115.0 70.93 58.53 57.76 54.57 56.75 68.09 73.31 82.0 115.0 99.24 95.0 105.0 100.0 75.3 71.54 77.95 67.63 72.42 69.74 72.51 72.53 92.28 102.91 112.52 100.63 85.49 88.98 72.5 72.48 85.6 106.6 127.71 145.54 152.08 135.33 136.61 117.64 130.0 103.81 78.91 105.0 73.83 73.2 73.2 77.5 104.0 181.78 196.24 124.4 182.35 110.0 105.0 82.1 73.13 77.53 83.93 120.0 120.0 119.4 100.33 87.23 94.06 95.42 74.35 89.16 81.26 82.35 86.45 90.09 123.16 146.91 170.88 154.68 141.5 127.78 125.97 127.61 136.49 150.81 158.69 189.96 216.32 174.62 149.42 137.98 127.44 109.8 123.78 121.07 117.85 117.07 117.62 115.58 144.3 175.0 177.8 159.79 143.14 130.76 120.54 120.65 126.59 130.93 141.79 156.15 162.62 155.0 136.33 107.16 117.43 109.34 97.31 103.81 101.94 100.5 100.94 105.09 126.64 155.0 156.28 140.42 129.19 103.97 103.06 115.06 117.36 133.27 155.0 168.49 171.94 161.29 148.41 136.82 123.12 114.89 114.33 110.54 109.38 107.0 112.32 111.63 132.78 148.2 161.92 146.35 128.5 116.72 109.73 109.04 111.82 125.87 131.65 147.66 151.31 149.37 135.47 128.58 125.88 118.52 128.39 120.52 117.16 112.5 110.0 114.77 120.42 136.23 139.21 138.43 126.03 113.04 102.8 98.25 101.07 111.95 122.91 137.13 148.67 142.21 133.83 127.36 123.65 119.92 123.5 105.19 98.19 90.69 90.74 89.89 88.78 97.19 101.45 89.0 68.3 49.0 27.5 9.16 20.7 57.89 74.34 122.38 140.0 142.71 128.21 114.09 119.82 114.45 119.13 111.96 110.07 105.47 108.85 121.02 139.61 163.0
