512 5
1 54 45 48 38
1 0 0 0 0 0 3 1 2 3 0 112 15.2
9 0 7 1 6 8 3 11 12 28 1 121 16.41
10 0 0 0 6 6 2 5 6 1 169 19.96
9 0 10 4 1 7 2 4 8 1 140 16.2
10 0 3 0 3 8 1 26 10 156 22.05
7 0 5 10 8 0 2 7 18 11 192 13.48
1 0 3 2 5 3 1 21 11 136 14.04
4 0 4 7 0 10 3 9 16 20 18 189 13.4
4 0 1 9 0 8 1 27 10 167 14.1
4 0 0 2 6 1 2 10 21 22 195 18.88
8 0 10 0 0 2 1 15 26 198 12.98
9 0 1 8 9 5 3 14 23 29 10 151 22.12
3 0 8 5 6 0 3 13 19 22 10 176 13.99
2 0 8 2 4 7 2 14 25 13 138 23.6
1 0 1 0 2 2 1 18 19 144 11.96
3 1 0 0 0 0 1 17 34 136 21.03
7 0 3 3 7 6 1 25 22 161 19.91
7 1 0 0 0 0 1 24 37 216 16.74
4 0 10 1 0 9 1 26 20 145 19.21
6 0 0 5 1 0 1 27 13 194 13.23
9 0 2 4 0 7 1 30 22 168 12.31
9 0 0 0 8 8 2 23 29 26 198 20.77
8 1 0 0 0 0 1 29 13 137 22.56
8 1 0 0 0 0 1 30 35 197 22.85
6 0 2 7 5 10 2 25 28 44 191 20.97
10 0 7 10 6 0 1 26 50 198 12.05
7 0 2 0 0 0 1 27 60 206 19.48
6 0 10 6 9 9 1 30 67 227 13.11
4 1 0 0 0 0 1 31 50 211 14.74
1 1 0 0 0 0 1 31 35 151 14.09
9 0 0 3 7 0 1 31 73 207 11.96
1 0 0 0 0 0 0 82 224 23.17
1 0 0 0 0 0 3 33 34 35 0 108 13.79
5 0 4 7 3 8 3 47 49 56 1 132 21.37
4 0 2 10 9 0 3 36 54 61 1 100 19.51
8 0 9 2 4 7 3 37 39 41 1 149 22.81
1 1 0 0 0 0 2 52 53 5 133 22.54
4 0 6 0 0 2 3 38 50 56 9 187 18.5
7 0 10 6 0 0 3 40 42 43 13 170 19.94
8 0 3 7 6 1 2 56 62 9 134 23.22
2 1 0 0 0 0 2 48 57 20 192 19.42
2 0 0 5 4 0 3 45 46 50 9 145 20.77
4 1 0 0 0 0 2 47 59 20 193 14.75
7 0 3 1 6 0 3 44 48 59 20 131 15.79
10 1 0 0 0 0 3 46 52 58 27 148 14.2
8 0 2 4 9 0 1 49 11 119 14.53
4 0 5 9 7 10 2 55 60 37 168 22.33
2 0 0 0 8 8 1 53 24 185 22.59
6 1 0 0 0 0 1 51 27 126 14.54
9 0 4 0 6 0 3 53 54 61 19 202 18.11
10 1 0 0 0 0 1 55 13 171 23.01
4 0 5 0 9 2 1 60 33 141 18.97
2 0 2 4 4 7 1 55 37 162 18.09
8 0 9 6 0 0 2 57 58 28 179 17.71
1 1 0 0 0 0 2 57 58 28 185 18.87
7 0 4 0 0 7 1 62 41 162 18.77
4 1 0 0 0 0 1 59 17 179 18.97
3 0 4 0 5 1 1 62 36 205 22.74
6 0 10 10 5 2 1 60 37 143 13.86
4 0 0 6 1 0 1 61 27 129 23.39
5 0 0 1 0 9 1 63 43 151 18.76
3 0 0 5 4 7 1 63 31 192 13.85
1 0 3 6 7 2 1 63 48 212 18.3
1 0 0 0 0 0 0 49 221 15.69
1 0 0 0 0 0 3 65 66 67 0 184 15.88
5 0 0 0 0 2 3 69 70 81 1 98 14.49
8 0 0 0 9 0 2 68 73 1 132 15.8
1 0 0 0 0 3 3 76 78 90 1 159 18.22
9 0 0 10 0 0 1 72 9 177 13.41
5 0 0 3 0 0 2 71 91 6 192 19.12
9 0 0 0 0 8 3 74 80 94 6 178 21.04
6 0 0 0 5 0 1 82 11 132 20.05
8 0 0 0 9 0 2 75 86 18 199 12.53
8 0 0 0 0 7 1 90 9 126 18.26
7 1 0 0 0 0 1 83 15 128 23.05
5 0 7 0 0 0 1 79 26 137 14.83
6 0 0 0 0 8 2 77 85 2 134 22.68
9 0 0 9 0 0 1 92 8 190 15.55
3 0 0 0 9 0 3 83 84 88 2 121 18.69
6 0 0 0 0 8 1 89 31 167 22.64
3 1 0 0 0 0 1 85 15 139 15.47
3 0 0 0 0 5 1 93 6 160 19.39
9 0 0 0 0 7 1 85 17 164 21.46
7 0 0 0 0 7 2 87 92 22 202 14.02
6 0 8 0 0 0 2 89 91 5 127 22.45
7 0 10 0 0 0 1 88 26 194 16.32
5 1 0 0 0 0 2 89 90 26 159 13.97
9 0 0 6 0 0 1 93 29 156 17.32
5 0 0 0 6 0 1 92 33 128 13.7
9 0 0 0 2 0 1 93 37 205 14.53
8 0 0 0 0 5 1 94 31 214 12.01
9 0 0 0 7 0 1 94 11 138 12.29
4 0 0 0 0 6 1 95 38 203 13.59
6 0 0 10 0 0 1 95 46 138 18.01
8 0 0 0 3 0 1 95 39 194 13.43
1 0 0 0 0 0 0 52 159 17.6
1 0 0 0 0 0 3 97 98 99 0 133 14.57
6 0 7 3 4 0 3 106 111 123 1 134 16.71
3 0 7 5 9 0 3 100 105 106 1 157 17.94
10 0 0 5 6 0 3 101 103 104 1 122 17.94
6 0 2 4 0 7 1 115 4 111 18.04
9 0 7 7 3 0 1 102 11 134 12.8
2 0 7 6 9 0 1 108 20 143 16.35
8 0 0 9 10 10 3 107 115 116 11 149 22.79
6 0 0 0 1 3 3 110 112 116 11 188 22.35
7 0 0 5 2 0 1 124 4 126 15.15
3 0 8 1 7 3 1 122 7 168 16.37
9 0 7 0 10 3 2 111 117 19 129 14.85
10 0 9 2 0 5 1 109 22 189 14.16
4 1 0 0 0 0 3 113 115 119 32 124 16.57
5 0 0 0 9 0 2 114 118 17 171 14.42
1 1 0 0 0 0 2 119 126 28 155 18.67
3 0 2 1 3 1 2 117 118 17 157 16.69
6 1 0 0 0 0 3 120 121 122 36 143 18.91
4 0 8 7 5 6 3 117 119 120 22 188 20.83
8 1 0 0 0 0 2 118 121 36 178 15.37
4 0 4 9 9 0 1 120 19 174 14.54
5 1 0 0 0 0 2 121 125 28 179 12.84
5 0 4 4 0 8 1 126 44 213 14.08
5 1 0 0 0 0 2 122 125 36 188 19.82
5 1 0 0 0 0 2 123 125 42 210 22.8
10 0 0 0 3 3 2 123 124 44 183 21.08
2 1 0 0 0 0 1 124 42 187 13.17
2 0 7 3 10 7 1 126 54 175 12.81
9 0 5 10 0 4 1 127 54 187 13.92
8 0 4 10 2 1 1 127 47 202 18.39
9 0 1 8 8 7 1 127 56 232 14.56
1 0 0 0 0 0 0 65 196 15.22
1 0 0 0 0 0 3 129 130 131 0 168 12.1
9 0 10 8 4 7 3 140 149 155 1 137 17.98
10 0 3 6 10 5 2 132 134 1 153 14.65
1 0 2 2 8 6 1 133 1 118 15.35
5 0 4 10 2 9 3 139 141 148 11 168 22.34
9 0 5 10 5 5 3 135 146 158 2 185 17.06
9 0 6 10 10 7 2 137 157 11 195 17.82
6 0 5 6 7 6 2 136 138 11 157 12.09
7 0 5 6 8 10 1 157 17 154 22.87
6 0 4 7 1 9 2 142 143 20 194 16.46
9 0 1 1 6 3 1 141 17 159 19.92
8 1 0 0 0 0 1 147 16 184 13.46
9 0 7 2 8 4 1 146 10 143 20.45
7 1 0 0 0 0 2 144 151 26 164 12.55
8 0 2 6 3 8 2 150 154 26 203 12.57
1 1 0 0 0 0 2 145 153 26 131 13.04
1 0 2 5 9 5 2 150 153 33 158 22.3
9 1 0 0 0 0 1 146 27 133 13.4
6 0 9 3 1 8 1 152 36 210 20.04
6 0 9 9 2 1 2 149 156 24 186 16.74
10 0 8 5 3 10 1 152 16 188 23.09
3 0 10 8 10 5 1 157 30 136 23.43
4 0 4 2 4 2 1 152 34 207 15.2
9 1 0 0 0 0 1 153 33 143 12.1
1 0 2 7 8 1 1 156 42 182 12.7
4 0 1 6 9 2 1 156 42 144 22.05
8 0 10 10 9 7 1 158 34 173 19.42
5 1 0 0 0 0 1 158 10 184 13.84
3 0 2 3 5 5 1 159 46 158 17.03
2 0 1 8 10 5 1 159 33 127 23.23
7 0 10 10 6 5 1 159 42 153 14.62
1 0 0 0 0 0 0 49 175 20.23
1 0 0 0 0 0 3 161 162 163 0 154 16.35
9 0 0 8 5 4 3 164 166 169 1 145 19.44
5 0 7 0 8 7 3 164 180 181 1 120 15.99
3 0 0 0 7 2 3 165 175 177 1 175 20.67
3 0 8 3 0 4 3 168 178 184 10 177 12.11
4 0 3 5 2 1 3 167 169 172 4 156 21.84
5 0 7 3 5 10 3 171 182 183 10 111 16.87
4 0 6 8 2 0 3 170 173 174 8 123 19.3
9 0 0 6 10 9 1 176 13 151 19.78
9 0 6 9 8 7 3 170 171 174 10 168 15.13
8 0 0 4 0 7 1 189 19 176 16.21
4 0 1 0 10 7 2 176 185 19 175 13.86
5 1 0 0 0 0 2 186 188 8 113 14.14
4 1 0 0 0 0 3 181 183 188 12 111 17.32
6 1 0 0 0 0 2 181 182 19 116 13.81
3 0 7 6 3 0 1 180 4 171 12.37
6 0 0 10 0 1 1 187 23 205 18.51
3 0 3 5 0 8 1 186 4 166 16.02
6 0 1 0 7 0 1 179 13 159 18.18
9 0 5 7 7 0 2 183 185 19 185 18.49
7 0 4 0 10 0 1 182 7 106 21.92
10 0 5 0 1 8 2 187 190 25 131 19.75
7 0 6 0 2 7 2 184 189 25 131 12.0
1 0 1 5 8 0 1 190 28 166 14.89
8 0 5 6 3 6 1 185 32 192 18.37
2 0 0 4 2 6 2 188 190 40 134 13.17
3 0 0 6 0 1 1 187 13 130 15.19
10 0 2 5 7 0 1 189 35 159 15.79
4 0 4 0 2 3 1 191 42 174 16.67
2 0 0 8 5 2 1 191 45 137 13.03
6 0 0 5 2 9 1 191 42 147 19.39
1 0 0 0 0 0 0 48 192 21.38
1 0 0 0 0 0 3 193 194 195 0 116 22.39
3 0 0 0 0 4 3 196 212 217 1 141 17.62
4 0 4 9 1 4 1 207 1 138 12.49
2 0 4 0 2 0 1 205 1 110 18.86
10 0 6 2 10 0 3 197 199 201 4 118 17.35
9 0 0 9 10 0 3 198 200 203 14 187 22.45
5 0 4 0 0 0 3 202 208 209 23 128 22.66
3 1 0 0 0 0 1 211 14 127 15.44
9 1 0 0 0 0 2 202 206 23 138 12.72
5 0 10 4 0 0 2 203 219 14 110 21.31
7 0 8 0 9 0 1 204 32 172 21.67
6 1 0 0 0 0 2 206 210 23 171 18.38
1 0 0 0 4 0 1 221 39 198 15.67
9 0 5 4 0 6 1 214 3 145 17.73
4 0 1 0 0 0 1 221 32 211 23.15
8 0 2 0 0 9 1 209 5 179 21.43
9 1 0 0 0 0 1 215 28 165 22.12
9 1 0 0 0 0 1 215 28 194 15.01
4 0 0 10 6 0 1 213 29 182 19.19
2 0 0 0 0 6 1 218 17 120 18.09
4 0 9 3 0 0 3 215 218 222 4 115 14.69
2 0 5 0 0 0 1 222 33 168 20.83
5 0 0 3 0 1 2 218 219 12 109 14.0
4 0 3 0 5 4 1 216 37 192 17.95
9 0 0 3 6 8 1 220 41 138 13.16
1 1 0 0 0 0 2 221 222 4 124 14.3
10 0 6 0 0 0 1 220 19 197 17.17
8 0 6 5 0 10 1 220 19 132 16.78
7 0 6 0 0 0 1 223 50 158 18.93
7 0 9 0 0 0 1 223 40 140 22.72
8 0 0 0 4 0 1 223 35 207 23.29
1 0 0 0 0 0 0 57 210 14.04
1 0 0 0 0 0 3 225 226 227 0 142 20.79
3 0 7 8 10 4 3 228 235 243 1 136 12.25
4 0 6 5 3 1 3 228 230 232 1 155 14.46
5 0 4 10 10 10 3 229 238 242 1 164 13.68
8 0 8 2 8 1 3 231 234 236 5 113 17.91
1 0 1 1 6 10 3 235 237 239 6 143 19.98
5 0 8 4 5 7 3 247 248 254 5 138 21.19
4 0 4 5 9 3 3 233 240 250 13 159 22.34
8 0 2 3 8 1 3 235 237 246 5 143 20.87
10 0 3 9 4 7 3 237 241 242 17 140 13.72
4 0 1 7 2 9 2 238 244 13 169 17.56
3 0 7 5 4 9 3 236 240 249 13 134 14.36
10 1 0 0 0 0 3 245 251 252 16 152 12.78
6 0 4 10 3 6 1 244 27 148 13.85
6 0 1 7 4 10 3 241 246 249 17 119 17.47
10 0 7 5 5 4 3 240 243 244 7 183 23.28
9 1 0 0 0 0 3 241 247 252 17 183 21.51
8 0 8 2 1 6 1 248 27 142 11.95
6 1 0 0 0 0 2 245 247 27 125 17.41
1 0 7 5 8 4 3 246 249 251 17 165 14.23
9 0 7 10 1 6 3 245 251 252 33 156 17.4
5 0 6 7 3 9 1 248 42 180 13.68
4 0 2 1 7 2 1 250 23 152 18.8
3 0 6 9 7 2 1 253 33 207 23.73
6 0 2 3 1 4 1 253 47 222 18.61
10 1 0 0 0 0 2 250 253 23 167 18.95
9 0 4 3 4 2 1 254 33 144 17.71
6 0 8 9 7 9 1 254 42 145 12.81
9 0 9 7 10 3 1 255 42 147 21.84
5 0 2 9 8 1 1 255 53 192 20.79
10 0 5 2 7 9 1 255 48 164 20.07
1 0 0 0 0 0 0 58 170 19.97
1 0 0 0 0 0 3 257 258 259 0 166 12.09
4 0 0 0 0 2 3 264 266 273 1 129 19.56
2 0 0 0 2 0 3 262 272 278 1 172 19.23
6 0 0 0 0 3 3 260 261 262 1 184 17.93
9 0 0 7 0 0 3 263 265 271 7 125 12.14
4 0 0 10 0 0 3 268 270 280 7 112 22.54
6 0 0 0 8 0 3 268 275 285 7 105 13.89
2 0 0 0 4 0 3 274 276 279 16 140 19.19
2 0 0 0 3 0 2 265 271 5 112 12.71
8 0 0 0 0 7 3 267 269 272 16 148 18.06
9 0 9 0 0 0 3 271 272 279 5 155 20.42
7 1 0 0 0 0 3 270 278 279 24 201 19.5
7 0 4 0 0 0 1 273 13 149 17.67
9 1 0 0 0 0 3 275 276 285 24 135 22.37
9 1 0 0 0 0 3 274 275 276 31 134 14.15
10 0 6 0 0 0 2 278 283 16 192 15.38
5 0 0 0 9 0 3 277 282 286 24 145 18.64
5 0 0 0 8 0 3 274 277 281 20 127 18.14
4 0 0 0 0 9 1 282 40 168 15.61
7 0 0 0 0 4 2 277 283 40 206 13.28
4 0 5 0 0 0 1 281 40 169 18.85
9 0 7 0 0 0 1 284 47 159 11.99
6 1 0 0 0 0 1 280 31 193 20.63
2 0 0 0 0 7 2 280 281 31 172 14.99
2 1 0 0 0 0 3 282 285 286 37 175 20.65
5 0 0 0 3 0 1 283 44 168 19.82
2 0 0 0 0 2 1 284 44 153 18.53
3 0 6 0 0 0 2 284 286 49 165 13.96
4 0 0 9 0 0 1 287 56 186 15.49
8 0 0 0 0 10 1 287 39 216 14.11
8 0 0 7 0 0 1 287 52 197 17.25
1 0 0 0 0 0 0 60 181 14.6
1 0 0 0 0 0 3 289 290 291 0 184 22.08
2 0 0 7 4 7 3 293 294 295 1 179 16.51
6 0 3 4 7 0 3 292 294 310 1 140 20.58
8 0 7 0 10 8 3 298 302 309 1 170 16.22
6 0 0 9 3 10 3 293 297 304 7 132 16.82
8 0 4 5 0 4 3 296 298 307 13 110 18.64
3 0 1 8 2 7 3 303 309 311 7 158 20.27
3 0 0 2 8 6 3 297 301 304 3 169 22.51
4 0 8 8 2 0 3 299 300 314 21 165 23.36
7 0 10 3 6 10 3 299 307 314 13 151 13.83
6 1 0 0 0 0 3 305 308 318 21 136 22.2
4 1 0 0 0 0 3 303 308 312 25 165 22.22
2 1 0 0 0 0 3 305 309 311 25 159 20.22
5 0 1 8 0 3 3 305 310 311 6 165 13.16
10 0 4 2 7 2 3 303 306 310 9 167 15.21
5 1 0 0 0 0 1 313 29 159 12.87
3 1 0 0 0 0 3 306 308 318 13 174 13.46
10 0 8 0 6 4 1 315 27 200 20.8
7 1 0 0 0 0 2 307 316 19 127 16.53
1 1 0 0 0 0 1 313 26 122 14.78
7 0 7 1 0 0 2 315 317 29 161 16.77
3 0 10 2 4 0 2 316 317 27 165 23.33
1 1 0 0 0 0 2 312 314 19 159 21.08
1 0 9 0 0 10 1 312 27 147 18.31
7 0 1 2 7 0 1 313 29 141 13.7
4 0 3 8 4 5 1 317 36 163 19.42
4 0 0 10 7 0 2 315 318 25 125 17.3
2 0 0 4 0 0 1 316 37 149 21.15
7 0 3 3 1 9 1 319 39 156 20.84
8 0 5 5 10 2 1 319 40 199 12.63
10 0 3 9 2 4 1 319 29 147 20.43
1 0 0 0 0 0 0 48 178 21.19
1 0 0 0 0 0 3 321 322 323 0 150 23.21
6 0 1 6 8 6 3 324 327 329 1 118 18.04
7 0 4 7 7 4 2 336 348 1 109 22.99
6 0 5 4 1 7 3 325 326 336 1 157 17.55
4 0 6 10 3 9 3 326 337 341 7 161 16.59
7 0 4 9 8 3 3 330 331 332 7 137 20.82
6 0 10 2 2 5 1 328 11 144 20.62
7 1 0 0 0 0 3 333 344 348 7 125 20.77
8 0 2 9 1 2 2 330 338 17 177 12.88
7 0 4 3 2 3 3 335 339 345 7 115 19.61
9 0 3 10 3 8 1 339 25 136 21.84
5 0 3 2 1 4 3 340 342 346 14 125 18.24
9 0 2 6 1 1 3 333 334 343 14 160 19.8
7 1 0 0 0 0 2 339 350 23 143 22.76
1 0 2 3 3 9 2 344 349 23 132 16.04
10 0 9 1 7 10 2 342 346 14 147 12.29
2 1 0 0 0 0 1 340 8 119 15.17
6 0 2 3 10 9 1 338 11 153 13.58
10 1 0 0 0 0 1 343 25 137 18.76
10 0 10 5 4 4 1 342 34 174 19.07
3 1 0 0 0 0 3 341 343 344 19 132 19.9
5 0 3 6 10 2 1 347 22 129 15.79
1 0 1 1 4 6 1 347 44 158 17.6
3 1 0 0 0 0 1 347 35 126 21.79
9 0 4 9 8 4 1 350 24 180 20.87
2 0 8 5 1 7 2 346 348 14 136 18.56
8 0 10 4 7 2 2 349 350 24 205 12.01
6 0 1 10 6 9 1 349 45 146 18.46
3 1 0 0 0 0 1 351 16 121 17.22
5 0 6 6 10 10 1 351 51 149 23.03
8 0 9 5 4 9 1 351 33 201 12.44
1 0 0 0 0 0 0 56 186 19.41
1 0 0 0 0 0 3 353 354 355 0 136 18.73
1 0 0 4 0 0 3 357 358 367 1 128 20.12
10 0 4 0 0 0 3 359 373 376 1 119 22.7
5 0 0 0 5 0 2 356 359 1 113 18.72
8 0 6 0 0 0 3 361 372 382 6 146 17.82
5 0 0 1 0 0 3 362 363 366 2 140 17.58
9 0 0 0 0 1 2 360 369 2 182 16.04
1 0 7 0 0 0 2 371 374 11 159 14.22
8 0 1 0 0 0 3 364 373 374 11 194 13.14
8 0 0 0 6 0 2 362 365 14 111 15.7
6 0 0 0 10 0 2 364 368 22 130 20.08
6 0 0 7 0 0 2 374 377 7 105 16.03
6 0 0 0 10 0 2 378 379 28 210 17.29
6 1 0 0 0 0 1 375 22 188 18.82
1 0 1 0 0 0 1 369 7 156 12.09
6 0 0 0 0 6 2 370 371 2 171 13.47
1 1 0 0 0 0 3 370 377 378 28 133 19.24
3 0 8 0 0 0 2 371 375 11 158 15.8
7 0 0 7 0 0 1 373 29 142 19.24
10 0 10 0 0 0 2 372 382 14 183 20.38
8 1 0 0 0 0 2 380 381 24 160 16.34
10 0 0 8 0 0 1 379 36 168 14.79
8 0 0 0 0 2 1 382 19 151 19.53
3 0 0 7 0 0 1 376 28 150 22.65
3 0 3 0 0 0 2 377 378 31 163 22.83
7 0 0 0 0 1 2 379 381 34 202 16.59
7 0 1 0 0 0 1 381 34 206 13.8
3 0 0 3 0 0 1 380 46 140 15.86
5 0 0 0 6 0 1 383 49 145 18.59
5 0 0 2 0 0 1 383 41 166 12.76
1 1 0 0 0 0 1 383 27 169 15.0
1 0 0 0 0 0 0 54 219 23.24
1 0 0 0 0 0 3 385 386 387 0 101 20.3
2 0 9 9 4 1 3 390 395 396 1 127 14.38
1 0 9 9 10 5 3 388 389 391 1 116 15.33
4 0 4 8 6 3 1 404 1 160 12.65
10 0 6 10 7 2 2 393 401 2 188 13.06
10 0 10 8 9 2 3 394 399 405 2 158 15.2
1 0 3 2 10 6 1 398 3 124 11.94
1 0 6 1 7 2 2 392 397 2 133 16.14
4 0 6 2 4 9 1 412 3 102 18.03
10 0 1 3 6 9 1 413 12 198 19.78
3 0 1 4 9 2 3 402 407 408 12 190 14.21
1 0 10 10 9 2 1 414 3 117 17.99
2 0 5 4 1 3 3 398 409 410 3 168 20.44
3 0 10 1 2 3 1 403 3 146 20.91
10 0 6 2 2 4 1 401 5 169 18.23
3 0 5 3 1 5 2 400 412 12 162 16.61
4 0 10 9 9 10 1 404 15 187 13.7
10 0 4 10 7 4 1 406 15 148 21.43
5 0 3 6 2 8 2 403 411 15 193 18.15
5 1 0 0 0 0 1 412 20 174 17.92
1 1 0 0 0 0 2 407 413 19 157 16.19
6 0 4 8 10 1 1 408 12 116 16.34
2 1 0 0 0 0 1 413 25 128 14.5
4 0 8 1 7 5 1 411 20 144 15.94
8 0 5 8 9 7 1 409 18 181 12.47
5 0 2 6 4 2 1 411 26 145 12.33
4 0 7 3 1 1 1 414 5 137 13.77
10 0 5 1 6 3 1 414 31 137 16.32
10 0 1 7 8 8 1 415 25 191 23.76
4 0 7 2 5 3 1 415 27 157 23.06
4 0 7 4 5 10 1 415 41 176 20.04
1 0 0 0 0 0 0 45 189 22.44
1 0 0 0 0 0 3 417 418 419 0 170 22.78
8 0 0 0 2 1 1 421 1 190 23.64
9 0 1 8 1 6 2 420 422 1 137 20.44
1 0 2 1 4 6 1 433 1 170 14.21
4 0 4 6 0 9 1 427 10 137 22.62
4 0 7 9 0 0 2 424 432 9 113 20.75
8 0 8 4 7 0 2 423 431 10 180 22.13
3 0 5 6 2 6 2 425 430 18 144 21.54
3 0 0 6 7 7 2 426 428 13 181 11.99
9 1 0 0 0 0 2 435 437 21 156 22.21
6 0 2 0 5 0 1 431 16 130 18.31
3 0 3 2 6 6 2 429 434 14 134 22.09
5 0 6 4 9 2 3 431 438 440 16 168 19.25
4 0 3 0 8 5 2 435 442 17 192 14.24
9 1 0 0 0 0 1 439 21 197 15.38
5 1 0 0 0 0 2 436 443 22 123 12.49
9 0 1 4 4 0 2 434 436 13 189 14.77
9 0 6 0 5 0 3 442 444 445 2 111 19.75
7 1 0 0 0 0 1 441 22 201 19.16
7 0 0 0 6 8 2 436 441 30 128 12.0
8 0 7 4 8 0 1 439 37 145 13.21
6 1 0 0 0 0 1 438 30 170 20.85
10 0 8 0 8 2 1 441 36 141 15.24
2 0 4 0 0 2 1 445 45 215 22.44
1 1 0 0 0 0 1 446 21 200 19.31
9 0 10 3 9 3 1 445 46 213 21.42
3 1 0 0 0 0 1 446 21 201 12.75
7 0 10 0 6 0 1 446 27 133 23.19
10 0 6 4 6 8 1 447 11 145 12.82
7 0 9 0 8 1 1 447 55 232 21.29
9 0 0 7 8 9 1 447 34 133 20.47
1 0 0 0 0 0 0 62 215 14.67
1 0 0 0 0 0 3 449 450 451 0 175 20.53
2 0 0 3 0 0 3 456 467 469 1 173 19.64
10 0 0 8 10 3 3 453 462 465 1 158 13.81
7 0 3 4 10 8 3 452 454 455 1 98 17.58
9 0 6 4 10 0 3 463 467 469 8 137 13.23
7 0 0 8 1 0 3 460 464 470 11 166 12.85
2 0 0 5 10 3 2 460 471 8 133 15.56
4 0 1 4 0 0 3 457 475 476 8 176 15.15
2 0 1 2 0 0 3 458 459 461 3 171 22.38
2 1 0 0 0 0 1 463 12 155 16.84
10 0 0 6 1 1 2 470 473 5 136 19.65
8 0 10 8 4 0 2 465 471 5 144 16.59
8 1 0 0 0 0 3 463 467 472 18 122 12.76
2 0 0 0 0 7 3 464 468 473 5 156 19.31
6 0 0 0 0 3 2 466 472 11 132 21.24
3 0 3 1 0 9 1 473 26 146 17.42
3 0 0 4 0 0 1 466 18 123 15.71
4 0 0 5 0 0 1 476 13 152 18.42
2 1 0 0 0 0 1 478 21 154 13.78
5 1 0 0 0 0 2 476 478 26 203 17.69
10 0 2 0 0 0 1 470 7 152 18.82
2 0 0 0 0 9 2 475 477 17 181 22.34
6 1 0 0 0 0 1 471 18 191 17.6
8 1 0 0 0 0 1 472 24 179 23.16
5 0 9 0 10 0 2 474 477 32 200 17.65
7 0 5 0 0 0 1 477 29 182 17.79
3 0 0 0 9 5 1 475 37 143 13.51
5 0 0 0 0 8 1 478 40 148 22.56
10 0 0 3 1 0 1 479 31 198 22.16
4 0 0 6 6 9 1 479 37 162 21.32
3 0 0 1 7 2 1 479 45 201 17.95
1 0 0 0 0 0 0 48 143 18.69
1 0 0 0 0 0 3 481 482 483 0 182 20.14
4 0 0 0 0 5 3 485 492 503 1 139 14.54
4 0 0 0 4 0 3 484 486 491 1 148 13.34
1 0 0 0 0 4 1 488 1 134 14.66
2 0 9 0 0 0 3 487 494 504 5 180 12.39
4 0 0 0 0 7 2 489 505 5 144 15.4
1 0 0 0 0 2 2 490 503 5 101 17.61
7 0 0 0 0 4 1 497 7 176 16.75
9 0 9 0 0 0 1 493 2 137 12.8
6 0 8 0 0 0 1 499 9 144 22.11
2 0 0 7 0 0 1 494 6 163 15.7
3 0 4 0 0 0 2 507 510 5 177 20.4
9 0 0 0 0 9 2 495 496 5 128 14.9
3 0 0 1 0 0 1 502 11 118 22.88
4 0 0 0 0 7 2 496 507 8 103 18.37
5 0 0 6 0 0 3 497 504 508 14 138 21.78
5 0 0 0 8 0 1 509 14 166 18.02
7 1 0 0 0 0 3 498 500 507 19 178 15.39
9 0 4 0 0 0 1 505 26 151 11.98
2 1 0 0 0 0 1 501 15 149 14.38
10 0 6 0 0 0 1 509 26 173 12.57
3 1 0 0 0 0 1 502 17 125 13.7
2 1 0 0 0 0 1 506 20 121 17.54
7 0 0 0 0 5 1 505 6 119 14.0
10 0 2 0 0 0 1 506 19 204 22.11
8 0 0 9 0 0 1 506 35 199 17.13
3 0 0 0 5 0 1 510 43 191 14.69
9 0 0 0 2 0 1 509 26 177 12.37
4 0 3 0 0 0 1 511 19 151 22.9
1 0 0 0 0 2 1 511 36 191 16.39
2 0 0 0 0 3 1 511 46 193 18.33
1 0 0 0 0 0 0 48 159 20.75
87.57 82.76 82.38 82.95 86.24 100.16 142.17 145.29 109.98 73.06 10.85 3.94 0.36 -4.66 -9.2 18.56 37.67 79.56 109.13 148.9 200.08 135.52 101.71 94.17 94.54 90.18 90.53 95.0 97.86 107.68 137.6 128.6 100.29 80.49 18.73 2.06 0.97 -4.47 1.23 6.06 6.93 74.73 108.71 154.44 257.56 152.65 113.79 103.59 103.88 98.89 97.07 98.94 99.7 104.54 126.88 122.38 99.46 71.7 2.52 1.38 -11.12 -21.34 -22.95 -4.1 8.4 39.13 89.66 111.33 158.42 131.4 111.07 101.31 98.92 90.67 89.3 89.25 91.8 100.22 122.62 126.49 100.41 72.4 22.19 15.1 8.01 0.44 -2.43 38.21 69.14 70.01 80.96 117.23 145.53 125.44 110.13 101.61 94.98 88.9 85.85 85.42 89.2 97.19 112.28 117.13 106.05 81.09 21.8 6.29 8.75 25.9 38.95 41.43 56.32 75.01 95.5 122.43 146.35 138.86 116.1 99.3 93.16 93.46 88.78 88.91 90.0 94.11 91.72 89.79 59.52 0.88 0.0 0.2 -4.41 -10.07 -11.32 -6.44 1.28 28.9 75.05 91.54 109.06 125.01 130.03 109.08 106.7 101.54 98.62 97.45 98.41 98.05 91.3 87.2 65.28 9.23 0.0 -0.2 -2.0 -7.37 -15.0 -8.97 -0.2 16.56 92.44 108.04 124.52 130.98 118.86 104.17 111.21 104.19 97.44 94.3 100.58 111.92 132.74 136.4 113.64 94.79 70.9 28.81 12.77 5.0 8.0 28.58 74.99 99.3 116.82 149.23 231.01 154.91 129.65 114.48 116.99 107.35 104.17 106.33 112.6 121.82 144.38 132.49 97.54 77.61 62.82 16.0 7.74 9.07 10.87 28.29 72.91 99.9 109.98 132.32 193.13 152.12 121.93 110.2 107.93 102.33 97.9 94.9 93.7 102.49 112.48 116.54 107.82 84.82 42.22 57.3 50.0 45.17 55.07 70.54 71.62 110.3 122.4 179.0 114.35 110.27 100.72 90.0 101.9 91.14 86.89 86.53 87.33 94.1 112.33 112.03 103.39 98.92 92.89 88.25 90.0 81.26 84.62 95.73 98.9 112.07 134.29 123.69 154.93 131.5 119.6 105.0 104.4 96.58 90.17 89.74 96.2 110.05 132.28 136.37 118.04 88.47 74.43 61.31 23.0 19.58 20.0 64.98 63.58 68.39 114.95 137.77 181.42 146.75 128.14 110.68 106.05 95.88 89.49 84.88 83.36 81.29 83.46 76.84 62.05 12.26 -0.02 -0.33 -0.45 -0.55 -0.9 -1.85 -0.39 50.1 85.92 115.14 134.06 122.87 101.3 91.52 66.23 32.0 16.83 8.36 3.85 2.72 1.2 1.24 -0.02 -0.03 -0.6 -1.31 -1.73 -5.68 -7.2 -6.98 -2.0 0.34 17.45 95.62 109.81 111.77 103.62 94.45 89.84 79.97 75.12 74.41 79.81 88.13 119.49 146.41 130.98 93.48 61.34 24.23 16.4 11.28 6.14 9.7 26.35 57.95 111.65 146.07 212.9 170.69 129.25 106.4 99.03 86.4 77.9 76.44 80.21 83.42 95.01 86.36 69.35 51.1 4.39 3.49 0.16 0.68 1.84 12.73 59.63 88.33 111.39 135.18 182.47 134.28 111.86 92.79 86.59 73.07 70.42 65.61 68.26 79.11 94.64 101.37 96.19 91.7 78.29 73.3 66.97 59.9 57.86 73.48 73.52 98.82 116.22 131.57 159.1 136.24 121.7 104.56 97.6 93.19 90.94 90.45 90.33 90.51 84.78 84.39 82.11 61.49 18.77 1.65 0.24 2.22 0.23 5.48 1.6 15.17 65.09 97.03 121.25 105.81 92.95 75.96 63.73 72.62 48.6 33.95 37.39 56.54 82.17 68.38 53.01 29.13 1.85 0.21 7.44 4.84 -1.56 1.44 0.22 30.36 73.81 123.62 148.34 144.49 130.19 108.2 107.0 100.32 99.42 100.0 100.91 99.1 91.62 79.94 54.19 1.0 -0.02 -1.0 -3.07 -13.17 -7.75 -3.0 -0.05 42.26 88.98 131.6 192.35 192.37 133.16 102.5 91.87 85.29 79.1 73.77 71.34 65.15 35.45 13.0 2.4 -0.01 -0.6 -2.11 -5.48 -12.93 -20.41 -15.61 -6.0 -4.64 10.62 81.25 94.91 100.0 106.67 91.43 83.43 76.96 76.14 79.02 85.08 95.08 109.2 113.48 102.13 86.88 58.73 33.21 20.0 12.78 11.0 19.75 58.25 89.94 124.8 194.41 273.75 244.46 139.44 112.37 114.6 112.55 104.28 101.89 99.45 116.14 134.71 121.52 87.38 59.16 9.74 11.34 14.44 12.36 10.66 21.84 76.45 94.3 95.67 140.89 198.86 136.66 105.25 91.69 70.69 66.16 64.09 64.37 67.64 81.86 100.48 113.08 105.38 65.98 49.02 38.59 18.13 9.69 18.42 46.85 76.59 101.37 120.38 155.33 205.64 138.82 112.43 92.91 105.34 98.78 91.88 90.87 92.47 91.83 111.72 126.85 114.22 80.06 65.62 47.6 20.11 11.6 7.68 21.41 65.66 84.98 106.77 126.48 165.36 119.07 99.8 86.87 77.55 64.81 60.3 54.73 49.3 65.69 97.45 100.0 61.47 11.35 0.08 1.09 6.58 19.12 15.18 20.35 29.65 10.59 52.57 135.0 139.7 134.0 125.31 103.86 111.48 90.4 86.28 90.0 94.54 90.58 85.47 86.74 77.57 63.13 29.64 9.44 1.19 -0.01 -0.02 -0.02 11.17 18.76 72.6 127.6 110.0 103.11 109.7 91.44 94.42 84.85 77.88 76.49 68.55 56.89 40.12 3.87 0.0 -0.5 -2.0 1.8 -14.23 -15.85 -22.95 5.0 4.32 125.6 141.25 200.0 228.34 164.81 96.97 85.68 79.91 68.58 49.25 48.46 44.74 52.32 119.91 103.5 79.65 9.96 0.4 7.37 11.79 -13.76 -13.66 -1.4 7.57 114.4 120.0 119.28 155.95 150.28 125.45 103.15 88.35 79.95 70.42 60.94 55.17 64.85 79.95 83.92 84.6 65.74 22.64 0.7 -0.01 -1.4 3.43 18.39 31.83 105.0 128.4 123.38 134.24 109.02 97.46 102.2 96.08 88.58 74.42 71.15 73.04 90.0 124.71 124.8 92.84 65.19 21.1 1.32 1.19 1.87 1.0 6.12 22.91 79.08 94.63 136.68 217.0 176.83 119.4 95.93 96.43 88.02 85.62 85.4 89.76 93.37 114.18 104.3 78.24 36.33 0.0 -0.2 -7.67 -15.42 -8.67 5.97 8.4 41.7 91.9 123.45 166.41 131.79 131.49 115.08 90.0 90.0 83.11 77.77 75.37 80.1 103.6 87.26 76.49 40.02 4.52 0.12 -1.03 -4.56 -2.38 8.72 13.48 126.56 96.62 122.55 147.83 125.0 109.48 84.8 115.5 90.51 92.35 97.62 69.49 64.57 53.24 21.97 8.28 0.0 -2.45 -10.45 -35.0 -36.75 -25.97 -6.77 -0.39 8.42 85.96 123.83 139.15 130.0 117.59 109.61 91.93 87.92 86.24 89.75 91.34 91.58 83.13 63.59 20.71 1.61 0.0 -0.02 -1.41 -5.75 -5.0 -2.0 -0.01 57.66 99.89 116.85 135.82 138.4 149.75 110.23 104.25 91.34 85.14 84.83 83.22 90.46 110.96 123.49 107.05 82.66 61.96 80.01 80.01 79.64 76.29 79.0 132.03 97.04 93.33 118.49 186.12 189.94 125.79 102.56 103.51 96.61 94.3 93.81 94.71 102.51 118.0 106.38 97.67 70.74 4.58 2.29 1.56 -1.01 -0.09 4.57 27.76 91.21 105.02 139.17 245.0 241.38 136.65 115.77 112.91 106.55 101.4 95.46 96.68 102.89 111.77 114.56 110.18 77.31 22.24 1.17 1.31 1.53 2.87 28.39 28.64 92.72 115.17 138.07 182.43 175.18 132.98 114.59 112.67 106.42 104.65 99.43
