512 5
1 40 40 38 38
1 0 0 0 0 0 3 1 2 3 0 96 10.36
9 0 0 10 4 8 3 5 6 9 1 130 10.23
3 0 7 3 3 4 1 5 1 134 12.58
1 0 10 7 5 10 3 4 8 19 1 99 14.41
7 0 4 0 0 9 3 5 7 13 2 134 15.08
7 0 6 10 0 3 1 10 10 141 15.89
4 0 10 6 2 5 3 11 12 18 10 101 12.37
3 0 5 4 10 3 1 16 9 105 15.53
9 1 0 0 0 0 3 11 26 29 2 134 11.39
1 0 6 2 10 2 2 21 29 10 149 8.21
2 1 0 0 0 0 1 24 17 141 13.98
2 0 2 7 7 0 2 25 27 14 121 13.17
6 0 1 0 0 6 1 17 14 102 13.65
1 0 5 9 0 9 2 14 15 9 123 12.86
3 0 5 0 6 1 1 24 10 134 12.26
6 0 1 6 7 0 1 29 10 154 10.62
6 1 0 0 0 0 1 25 12 103 8.87
9 0 3 6 0 1 1 20 20 126 15.87
4 0 0 3 0 5 1 19 14 116 15.15
3 1 0 0 0 0 2 22 28 18 106 16.2
10 0 3 8 8 2 1 21 29 185 15.14
6 0 10 7 4 1 2 23 30 39 147 9.43
3 0 9 10 8 9 1 24 21 107 11.33
4 0 8 10 0 0 1 25 45 207 14.4
8 0 2 0 8 1 1 26 24 152 15.29
1 0 0 9 5 9 1 28 49 168 14.5
6 0 9 7 10 6 1 27 32 187 10.84
7 0 7 0 0 1 1 30 38 143 14.17
4 0 7 1 0 4 1 31 50 189 10.14
3 0 7 6 0 1 1 31 16 146 14.6
1 0 7 9 5 0 1 31 45 188 9.73
1 0 0 0 0 0 0 54 157 10.83
1 0 0 0 0 0 3 33 34 35 0 107 8.7
9 0 4 0 0 0 3 36 38 52 1 134 13.31
5 0 6 0 2 0 3 39 40 41 1 116 15.19
6 0 5 0 10 1 2 46 52 1 97 10.18
1 0 8 0 0 3 3 37 43 44 10 162 12.55
9 0 2 0 0 8 3 42 47 60 11 129 12.59
9 0 3 0 0 6 3 42 44 51 10 107 9.51
3 0 5 0 2 3 2 45 52 6 151 14.53
10 0 0 9 9 0 1 54 6 101 8.77
5 0 6 5 0 0 1 42 6 143 13.74
5 0 6 7 0 2 1 46 20 117 14.33
1 0 0 8 9 0 2 45 46 11 122 14.34
2 1 0 0 0 0 1 49 19 180 11.07
7 0 0 0 0 7 3 48 56 57 12 103 15.86
1 0 9 7 8 0 3 48 50 61 25 146 10.05
6 1 0 0 0 0 3 50 51 59 20 179 16.14
1 0 2 0 0 7 1 62 26 176 9.88
8 1 0 0 0 0 3 53 54 58 21 139 9.89
2 0 6 2 0 0 1 55 26 159 9.65
1 0 0 10 8 0 1 57 26 112 12.94
5 1 0 0 0 0 1 60 10 179 15.2
9 0 0 0 8 0 2 55 57 29 186 10.15
2 0 10 0 0 0 3 55 59 60 29 122 9.88
6 0 0 0 5 2 1 62 38 180 8.17
9 1 0 0 0 0 1 58 19 172 13.19
2 0 0 2 1 3 2 61 62 38 171 8.27
1 0 0 9 0 0 1 59 29 114 13.65
3 0 0 0 8 0 1 61 31 189 13.96
6 0 0 0 10 0 1 63 31 153 14.56
7 0 1 3 6 8 1 63 40 156 15.8
10 0 0 9 0 4 1 63 44 194 14.98
1 0 0 0 0 0 0 54 142 11.45
1 0 0 0 0 0 3 65 66 67 0 135 13.68
10 0 0 0 0 8 2 72 76 1 146 14.54
5 0 0 8 0 0 3 68 71 79 1 131 15.32
2 0 3 0 0 0 1 69 1 109 13.85
3 0 0 0 0 6 3 70 80 82 6 165 9.71
5 0 8 0 0 0 3 75 77 89 3 122 15.17
1 0 0 0 10 0 3 72 78 88 9 150 9.22
8 0 0 0 0 7 2 73 76 6 145 11.27
5 0 0 0 0 9 2 91 94 11 121 12.98
9 0 8 0 0 0 3 74 84 94 14 163 12.98
8 0 4 0 0 0 2 85 87 23 147 11.73
3 0 4 0 0 0 2 85 90 8 168 15.35
5 1 0 0 0 0 1 86 14 146 11.79
10 0 0 5 0 0 3 81 82 91 8 173 14.87
4 0 0 0 2 0 2 81 83 10 148 12.12
3 0 9 0 0 0 3 80 81 87 6 146 15.24
7 0 0 9 0 0 2 88 93 9 173 10.98
2 0 0 0 1 0 2 84 92 18 148 10.34
10 0 6 0 0 0 1 92 18 125 8.46
7 0 0 0 3 0 2 89 91 14 139 14.44
10 0 1 0 0 0 1 85 23 175 11.06
4 0 0 8 0 0 1 93 33 172 13.22
3 1 0 0 0 0 3 87 88 89 19 148 13.05
9 0 0 2 0 0 1 90 31 144 9.75
10 0 0 0 3 0 1 90 22 159 8.62
8 0 2 0 0 0 1 94 22 128 12.46
10 0 0 0 0 2 1 92 40 194 13.17
1 1 0 0 0 0 1 93 21 152 13.36
6 0 0 0 0 5 1 95 50 166 11.73
3 0 0 0 0 9 1 95 37 173 15.95
10 0 2 0 0 0 1 95 30 192 12.19
1 0 0 0 0 0 0 56 147 13.63
1 0 0 0 0 0 3 97 98 99 0 157 15.78
1 0 9 5 1 9 3 100 105 123 1 86 10.77
7 0 3 7 10 8 3 101 104 106 1 106 10.41
1 0 7 4 10 4 3 102 106 119 1 91 12.53
7 0 10 6 3 4 3 112 114 117 2 169 9.6
7 0 1 7 3 3 3 103 110 117 8 120 10.74
1 0 2 10 9 1 2 115 116 2 138 14.66
7 0 10 9 10 8 3 115 118 120 15 124 14.24
4 0 4 10 7 7 2 122 123 8 99 14.91
4 0 4 4 9 9 2 108 119 2 102 8.63
2 0 4 9 5 7 2 107 122 8 119 9.99
1 0 8 2 4 9 1 113 10 103 15.44
1 0 7 2 6 6 3 109 113 114 6 126 11.9
6 0 9 2 10 3 1 111 7 146 12.82
1 0 2 10 6 8 3 113 118 126 15 106 12.16
7 0 1 10 2 3 1 120 13 130 16.12
9 1 0 0 0 0 3 115 124 125 9 159 13.43
3 1 0 0 0 0 1 116 16 124 10.68
10 0 4 5 1 1 2 116 120 9 166 9.26
3 0 9 5 2 4 1 126 22 128 11.11
10 1 0 0 0 0 2 121 124 19 161 15.77
8 1 0 0 0 0 1 126 15 107 16.12
1 0 5 2 9 4 2 119 121 22 182 13.44
6 1 0 0 0 0 1 122 23 132 12.03
1 1 0 0 0 0 1 121 22 169 9.6
3 0 4 5 7 5 1 125 29 126 10.58
9 0 10 1 7 1 1 125 29 119 11.83
8 0 7 5 7 3 1 124 12 139 8.42
3 0 10 5 10 6 1 127 29 166 9.72
6 0 9 5 8 8 1 127 38 198 16.06
8 0 8 4 2 7 1 127 25 115 9.85
1 0 0 0 0 0 0 44 131 13.0
1 0 0 0 0 0 3 129 130 131 0 124 14.75
6 0 0 1 9 2 3 134 136 147 1 110 11.72
10 0 2 0 0 0 2 132 138 1 134 15.79
8 0 0 0 5 8 3 137 147 149 1 118 9.28
3 0 0 3 6 8 3 133 135 158 11 160 11.12
1 0 10 0 0 0 2 143 151 14 173 13.31
8 0 5 0 10 1 2 145 153 7 111 15.39
10 0 2 0 3 0 3 139 141 143 14 145 13.3
1 0 0 2 5 8 3 138 150 156 7 123 13.58
9 0 4 0 0 0 1 139 9 100 11.56
4 0 0 1 5 0 1 154 11 146 15.93
10 0 0 1 10 9 3 140 142 150 24 137 15.16
4 1 0 0 0 0 3 144 146 148 34 144 10.95
9 1 0 0 0 0 1 144 24 115 12.04
5 1 0 0 0 0 1 145 34 134 11.27
3 0 9 0 2 0 3 144 146 149 24 178 13.05
7 0 0 0 0 6 3 152 153 155 38 166 9.21
9 0 0 4 5 5 2 148 155 39 129 9.5
2 1 0 0 0 0 3 152 153 157 38 127 11.55
6 0 9 0 0 0 1 150 9 108 13.5
1 0 9 3 0 0 1 152 48 157 10.4
1 1 0 0 0 0 1 154 27 149 10.0
1 1 0 0 0 0 2 151 154 34 149 9.64
3 0 0 8 3 0 1 155 35 186 12.74
6 0 0 3 0 0 1 156 49 197 15.8
9 0 7 0 0 0 1 156 45 175 14.78
10 0 0 3 5 0 1 157 35 163 14.05
5 0 0 1 2 0 1 157 48 172 9.98
6 0 0 5 0 1 1 159 55 216 13.44
9 0 8 0 0 1 1 159 53 158 12.89
3 0 0 0 9 0 1 159 14 131 10.82
1 0 0 0 0 0 0 62 215 14.6
1 0 0 0 0 0 3 161 162 163 0 106 12.89
2 0 3 2 6 6 3 164 165 169 1 162 12.53
10 0 3 8 10 4 3 165 166 167 1 112 8.45
8 0 10 9 7 7 3 164 173 174 1 114 11.35
3 0 8 1 10 1 3 166 171 177 9 148 8.77
10 0 6 8 0 0 3 168 170 171 11 122 16.2
8 0 3 7 10 2 3 180 184 190 12 129 11.43
6 0 4 0 4 0 3 168 178 187 11 179 14.52
10 1 0 0 0 0 3 173 175 176 21 118 8.83
9 0 4 4 0 0 2 172 189 3 136 11.65
4 0 9 3 5 7 3 172 174 180 21 188 13.22
9 1 0 0 0 0 3 175 180 181 21 120 13.77
7 1 0 0 0 0 2 178 179 25 162 14.8
5 1 0 0 0 0 3 179 181 182 31 123 10.53
2 1 0 0 0 0 3 175 183 184 25 126 14.83
8 0 0 4 1 0 3 179 182 186 31 154 11.67
6 0 2 0 0 0 1 181 31 121 13.45
7 0 3 3 5 10 3 178 183 184 12 144 14.73
7 0 3 6 0 0 2 182 190 32 162 12.96
2 0 6 1 10 6 2 188 190 39 182 10.99
6 1 0 0 0 0 2 183 185 30 166 15.61
3 0 0 1 0 3 1 186 37 167 11.47
8 0 1 0 6 6 1 188 39 159 13.58
7 0 4 7 0 4 3 186 187 188 36 183 9.95
10 0 5 6 8 0 1 185 27 117 8.39
5 0 2 0 9 6 1 187 37 144 13.88
8 0 7 5 9 2 1 189 43 168 10.47
10 0 9 3 0 3 1 189 43 179 15.94
5 0 2 3 5 8 1 191 47 154 13.47
2 0 10 7 3 7 1 191 53 194 8.19
9 0 0 6 0 10 1 191 41 146 14.67
1 0 0 0 0 0 0 55 205 8.82
1 0 0 0 0 0 3 193 194 195 0 120 10.86
5 0 2 2 3 4 3 198 200 204 1 164 11.18
10 0 4 6 1 9 2 201 205 1 122 8.9
5 0 10 4 1 3 3 196 197 202 1 136 16.23
2 0 1 6 6 1 3 201 210 215 6 168 9.1
3 0 9 4 9 1 3 200 204 212 6 119 14.6
3 0 7 3 3 4 3 199 205 206 6 98 15.6
3 0 5 10 8 10 3 209 211 222 9 174 15.23
5 0 1 10 8 5 3 208 211 213 9 115 13.44
8 0 8 9 5 8 3 214 218 219 11 183 12.69
2 0 9 10 2 1 3 203 206 211 6 134 8.58
3 0 8 5 1 3 3 207 210 217 8 137 15.88
9 0 1 3 2 8 3 205 206 209 9 103 11.73
9 0 1 1 9 3 3 213 215 222 18 154 14.43
6 0 10 9 10 6 2 208 217 18 118 11.03
3 0 3 6 7 2 3 209 212 213 11 107 14.76
5 1 0 0 0 0 3 210 215 219 24 181 13.85
5 1 0 0 0 0 2 216 221 18 141 14.73
1 1 0 0 0 0 2 214 220 29 164 14.09
2 1 0 0 0 0 3 217 218 219 14 166 9.41
6 1 0 0 0 0 1 214 14 120 9.85
9 0 2 10 7 2 1 216 27 195 13.89
9 0 6 4 7 9 1 222 30 162 8.94
4 1 0 0 0 0 2 216 221 29 185 16.14
7 0 6 7 6 3 1 218 36 128 13.34
6 0 4 10 5 8 1 220 24 129 11.39
10 0 10 3 10 1 1 220 43 156 16.04
10 0 1 3 7 1 1 221 29 178 8.26
4 0 8 5 1 1 1 223 53 172 12.86
7 0 9 1 3 10 1 223 39 201 9.81
6 0 5 7 5 10 1 223 39 136 13.35
1 0 0 0 0 0 0 57 209 9.12
1 0 0 0 0 0 3 225 226 227 0 136 10.84
9 0 0 10 4 8 3 229 230 233 1 128 9.11
3 0 7 3 3 4 1 229 1 133 12.83
1 0 10 7 5 10 3 228 232 243 1 88 9.35
7 0 4 0 0 9 3 229 231 237 2 130 14.26
7 0 6 10 0 3 1 234 10 152 9.59
4 0 10 6 2 5 3 235 236 242 10 103 14.78
3 0 5 4 10 3 1 240 9 111 8.34
9 1 0 0 0 0 3 235 250 253 2 145 12.33
1 0 6 2 10 2 2 245 253 10 105 14.02
2 1 0 0 0 0 1 248 17 134 13.43
2 0 2 7 7 0 2 249 251 14 131 8.53
6 0 1 0 0 6 1 241 14 110 13.46
1 0 5 9 0 9 2 238 239 9 93 13.85
3 0 5 0 6 1 1 248 10 172 10.53
6 0 1 6 7 0 1 253 10 156 10.85
6 0 0 1 0 9 1 249 12 124 14.96
9 1 0 0 0 0 1 244 20 189 12.29
4 0 0 3 0 5 1 243 14 130 8.4
3 1 0 0 0 0 2 246 252 18 137 12.96
10 0 3 8 8 2 1 245 29 199 12.89
6 0 10 7 4 1 2 247 254 39 144 10.87
3 0 9 10 8 9 1 248 21 131 14.71
4 0 8 10 0 0 1 249 45 129 15.93
8 0 2 0 8 1 1 250 24 185 10.96
1 0 0 9 5 9 1 252 49 204 13.52
6 0 9 7 10 6 1 251 32 127 10.61
7 0 7 0 0 1 1 254 38 204 9.93
4 0 7 1 0 4 1 255 50 183 11.89
3 0 7 6 0 1 1 255 16 159 15.14
1 0 7 9 5 0 1 255 45 145 15.9
1 0 0 0 0 0 0 54 204 10.72
1 0 0 0 0 0 3 257 258 259 0 101 8.54
8 0 10 0 0 0 3 264 272 280 1 99 14.99
3 0 0 4 0 0 3 260 265 266 1 171 9.04
6 0 0 5 0 0 3 263 270 274 1 155 12.0
9 0 0 4 0 0 3 261 262 268 4 137 9.64
8 0 0 0 6 0 1 270 13 112 8.33
6 0 0 0 0 8 2 285 286 13 113 15.34
4 0 0 0 0 5 2 267 269 7 118 11.16
5 1 0 0 0 0 3 273 277 278 9 119 10.15
4 0 0 0 0 1 2 267 269 4 106 13.72
5 0 8 0 0 0 2 268 284 4 173 10.82
7 0 10 0 0 0 1 282 11 123 13.47
1 1 0 0 0 0 1 283 13 165 8.53
10 0 0 8 0 0 1 271 11 140 8.97
1 1 0 0 0 0 1 283 21 172 13.41
5 0 0 0 0 3 1 273 21 108 13.52
4 0 0 0 0 9 2 274 275 9 157 15.01
10 0 0 0 10 0 1 276 26 156 13.77
3 1 0 0 0 0 1 281 13 157 9.72
5 0 0 0 5 0 1 281 13 164 8.72
10 0 0 2 0 0 1 284 36 175 13.55
1 0 0 0 5 0 1 282 14 135 14.1
1 1 0 0 0 0 1 279 14 158 9.54
3 1 0 0 0 0 1 282 15 178 11.17
10 0 0 8 0 0 1 281 9 140 9.41
1 0 0 0 0 3 1 283 19 104 8.3
1 0 0 1 0 0 1 284 18 146 10.38
7 0 0 0 5 0 1 286 22 140 15.59
8 0 0 10 0 0 1 287 46 184 9.56
9 0 0 0 7 0 1 287 19 132 14.64
2 0 0 6 0 0 1 287 29 191 10.66
1 0 0 0 0 0 0 54 133 8.94
1 0 0 0 0 0 3 289 290 291 0 85 12.59
10 0 4 6 6 3 3 292 293 295 1 98 10.52
8 0 1 9 0 5 2 297 300 1 131 10.01
4 0 3 5 4 0 2 304 316 1 151 16.31
10 0 1 4 3 2 3 294 298 303 11 180 13.57
7 0 10 0 3 5 1 300 11 167 15.2
1 1 0 0 0 0 2 296 299 21 122 13.5
3 0 2 2 0 0 2 305 309 11 175 8.78
2 1 0 0 0 0 2 308 312 22 127 14.99
5 0 4 1 9 5 2 306 310 9 141 10.14
6 1 0 0 0 0 1 301 21 122 13.65
9 0 1 5 0 3 1 313 22 180 12.42
7 0 7 0 4 0 1 308 18 139 11.9
5 1 0 0 0 0 2 302 315 27 115 10.23
3 1 0 0 0 0 2 305 310 32 152 15.65
3 0 4 10 6 0 1 305 21 148 15.38
4 0 6 10 8 0 1 310 5 114 9.91
5 0 2 8 2 8 1 314 35 167 11.89
10 0 1 0 0 3 2 307 317 14 108 8.9
9 0 10 8 0 4 1 316 24 155 13.7
3 1 0 0 0 0 1 311 25 183 12.0
1 0 4 5 2 0 3 313 314 318 14 165 8.32
6 0 2 4 7 0 1 314 35 150 10.88
1 1 0 0 0 0 1 316 28 165 9.27
5 1 0 0 0 0 1 318 24 128 14.44
1 1 0 0 0 0 1 317 31 129 10.02
3 0 10 0 9 1 1 317 41 135 8.85
7 0 5 5 7 3 1 318 32 145 9.07
9 0 6 4 0 3 1 319 33 175 10.9
10 0 3 7 10 0 1 319 44 200 15.41
2 0 9 10 7 8 1 319 39 162 11.04
1 0 0 0 0 0 0 54 151 9.7
1 0 0 0 0 0 3 321 322 323 0 161 13.79
5 0 8 2 4 9 3 325 326 335 1 117 16.3
5 0 10 6 4 7 3 330 334 348 1 171 12.73
10 0 8 10 10 9 3 324 327 329 1 111 12.21
4 0 5 3 5 3 2 341 347 11 113 13.71
4 0 6 6 10 9 3 328 334 348 6 122 14.02
8 0 6 5 8 10 3 329 331 336 6 145 11.0
1 0 7 9 2 1 3 330 340 341 11 173 10.78
9 0 9 10 9 6 3 330 331 344 10 181 11.78
1 0 1 8 7 1 3 337 338 339 14 128 15.12
6 0 8 5 8 3 2 337 343 19 107 15.72
2 0 6 4 4 8 1 332 19 171 15.15
6 0 5 10 1 5 2 333 339 21 134 15.97
10 1 0 0 0 0 3 338 340 343 27 161 13.74
8 0 8 3 7 3 3 336 337 341 10 105 10.41
1 0 4 9 10 10 3 336 343 348 6 129 9.87
1 0 3 9 10 9 3 338 339 344 18 104 9.31
1 0 8 1 1 2 2 342 346 25 132 8.8
10 0 7 3 5 5 2 342 347 37 190 12.09
4 1 0 0 0 0 2 340 342 27 187 14.17
9 0 4 9 6 10 2 345 346 37 160 9.18
2 0 5 3 9 1 3 344 345 350 18 110 9.59
1 0 6 8 3 3 2 345 350 47 143 13.35
9 0 1 8 8 1 1 346 37 142 10.39
2 0 2 1 3 3 1 349 20 149 11.69
3 0 6 4 8 3 1 349 48 167 14.0
6 0 4 4 8 9 1 347 46 194 12.56
8 0 8 6 8 9 2 349 350 52 197 13.54
1 0 2 5 3 8 1 351 10 105 13.85
4 0 9 8 4 3 1 351 60 201 9.45
1 0 10 2 1 10 1 351 60 208 8.27
1 0 0 0 0 0 0 64 218 16.12
1 0 0 0 0 0 3 353 354 355 0 90 13.28
10 0 1 2 5 3 3 356 363 367 1 95 14.72
9 0 3 10 6 10 1 359 1 168 14.14
6 0 2 2 4 7 3 357 364 373 1 126 15.29
1 0 2 8 7 3 3 358 361 374 11 100 13.9
1 0 9 7 5 4 3 360 365 372 7 137 11.4
10 0 3 3 10 5 3 362 364 368 12 171 14.16
7 0 8 5 10 6 3 360 365 367 10 176 8.17
5 0 4 7 1 7 1 375 17 118 13.1
4 0 6 3 9 5 2 370 376 12 165 14.44
9 1 0 0 0 0 2 380 382 22 175 16.02
10 0 9 5 3 1 1 374 11 122 10.81
6 1 0 0 0 0 1 372 22 137 10.07
4 0 9 9 3 8 3 366 371 377 17 105 9.24
7 1 0 0 0 0 3 376 378 379 21 123 11.74
7 0 10 2 9 3 2 377 382 17 186 8.45
8 1 0 0 0 0 3 369 371 379 22 185 8.94
1 0 2 5 2 10 3 372 378 381 30 166 11.6
4 0 1 2 10 10 1 373 16 147 10.43
4 0 10 9 9 4 2 375 381 30 117 10.57
7 0 3 1 8 1 2 376 380 31 164 12.67
2 1 0 0 0 0 1 375 20 119 8.39
1 1 0 0 0 0 1 377 21 142 12.01
9 0 5 10 1 7 1 378 34 162 9.4
10 0 5 10 6 7 1 382 38 130 9.37
9 0 7 4 3 8 1 379 24 141 11.9
10 0 10 9 1 10 1 380 43 178 9.41
7 0 8 6 10 4 1 381 33 134 12.48
2 0 3 6 2 9 1 383 53 208 8.39
1 0 9 9 9 2 1 383 40 172 15.38
3 0 2 7 9 6 1 383 48 206 13.16
1 0 0 0 0 0 0 55 201 10.11
1 0 0 0 0 0 3 385 386 387 0 92 10.76
4 0 4 8 0 0 3 388 390 399 1 140 16.27
1 0 5 0 0 5 2 389 397 1 168 9.3
5 0 4 0 0 3 2 391 410 1 108 8.44
9 0 0 3 0 3 3 398 401 413 5 102 13.61
10 0 0 4 3 0 3 393 394 409 2 171 10.85
6 0 9 0 2 2 1 404 5 167 13.84
1 0 0 4 0 0 3 392 394 412 6 154 12.71
9 0 9 5 0 0 2 402 405 7 122 12.42
2 0 0 10 7 0 1 400 12 175 14.31
8 0 0 0 7 3 3 395 396 403 12 137 10.62
8 1 0 0 0 0 1 402 20 190 9.85
8 1 0 0 0 0 1 405 20 188 11.9
2 0 4 10 0 7 1 405 2 131 12.97
2 0 8 0 3 0 3 403 408 411 14 171 10.99
10 0 3 2 4 5 1 411 5 131 14.98
8 0 7 5 0 0 1 413 14 183 14.37
10 0 10 3 0 0 1 406 14 169 10.16
2 1 0 0 0 0 1 408 28 153 15.01
10 0 0 0 2 7 1 414 20 158 12.49
5 0 3 0 5 0 1 407 11 115 8.34
3 1 0 0 0 0 1 408 28 139 15.54
6 1 0 0 0 0 1 407 24 167 11.71
5 0 2 5 0 4 1 409 30 179 15.19
10 0 0 0 0 2 1 414 31 153 13.16
10 0 5 6 0 10 1 414 35 183 13.64
8 0 0 5 0 0 1 411 6 179 10.77
10 0 0 5 0 0 1 412 16 159 8.96
2 0 0 0 3 1 1 415 26 140 13.94
10 1 0 0 0 0 1 415 22 151 9.19
3 0 3 0 5 0 1 415 45 158 9.2
1 0 0 0 0 0 0 48 193 13.17
1 0 0 0 0 0 3 417 418 419 0 90 12.01
6 0 10 10 4 0 2 438 444 1 126 13.82
6 0 9 3 0 0 3 425 428 441 1 119 10.04
9 0 1 0 2 2 3 420 421 422 1 150 11.92
1 0 1 0 8 6 3 433 435 439 10 94 13.28
5 0 0 9 5 4 3 426 429 438 10 126 11.57
10 0 0 9 6 0 3 423 424 432 10 164 16.27
2 1 0 0 0 0 2 427 435 20 107 12.14
6 0 2 0 4 10 1 431 20 153 12.43
7 0 3 5 0 2 3 427 430 432 7 111 9.45
1 0 0 4 8 0 1 430 15 118 13.85
6 1 0 0 0 0 1 436 22 187 11.7
1 0 8 3 5 5 1 437 7 108 14.12
10 0 0 3 9 9 2 434 442 15 168 13.5
8 1 0 0 0 0 2 434 435 16 107 8.65
5 1 0 0 0 0 2 436 440 26 174 14.64
7 1 0 0 0 0 2 436 442 20 164 13.25
9 0 7 6 7 0 1 434 11 115 9.26
5 0 2 3 2 8 3 437 443 446 25 176 11.34
10 0 2 3 4 7 2 443 445 24 145 15.81
3 0 0 8 0 3 3 437 438 443 31 151 9.08
5 0 1 1 5 3 1 445 34 152 12.39
2 0 7 6 7 8 1 446 34 163 10.49
4 0 0 8 5 8 1 441 11 159 12.01
8 0 0 4 6 4 3 441 442 445 31 154 13.15
2 0 1 0 7 3 1 446 39 182 12.02
2 0 6 0 7 4 1 444 39 186 14.72
6 0 10 8 10 1 1 444 34 148 15.99
2 0 0 7 4 3 1 447 41 196 11.88
10 0 6 8 1 6 1 447 39 206 14.61
9 0 0 4 0 2 1 447 41 133 9.75
1 0 0 0 0 0 0 50 136 16.26
1 0 0 0 0 0 3 449 450 451 0 143 8.9
2 0 0 0 0 9 3 454 465 466 1 170 12.31
5 0 0 0 0 1 3 452 453 457 1 137 14.09
4 0 0 0 7 0 3 455 457 468 1 88 9.31
6 0 0 0 0 8 3 454 456 463 6 145 10.34
9 0 0 2 0 0 3 458 460 462 6 176 15.24
8 0 0 3 0 0 3 460 477 478 12 102 10.7
1 0 2 0 0 0 3 459 460 463 5 110 10.52
9 0 0 0 2 0 3 458 466 472 12 128 15.61
5 0 0 0 0 6 3 461 471 472 6 136 11.95
10 1 0 0 0 0 3 461 468 475 21 134 15.46
9 0 0 0 9 0 2 464 467 6 152 14.29
6 0 2 0 0 0 2 461 470 20 111 8.9
7 0 0 0 7 0 1 476 31 130 10.34
1 0 10 0 0 0 3 463 464 468 15 169 12.92
5 0 0 6 0 0 3 470 473 474 16 138 9.3
1 0 0 0 0 5 1 465 16 128 13.42
4 1 0 0 0 0 3 469 471 472 17 113 10.08
10 1 0 0 0 0 3 467 469 478 21 124 12.18
4 0 5 0 0 0 2 470 471 31 125 14.57
3 0 8 0 0 0 2 469 474 31 169 12.06
8 0 0 0 5 0 1 476 34 168 12.52
7 0 0 0 0 1 1 476 35 184 13.41
2 0 2 0 0 0 2 473 475 35 150 14.89
7 1 0 0 0 0 3 473 474 475 21 149 15.55
7 0 8 0 0 0 1 477 37 138 12.25
8 0 0 4 0 0 1 478 34 124 11.19
2 0 0 0 3 0 1 477 37 188 8.26
4 0 0 0 1 0 1 479 42 175 14.49
8 0 0 0 0 10 1 479 44 208 15.44
1 0 0 8 0 0 1 479 42 132 14.88
1 0 0 0 0 0 0 52 163 13.78
1 0 0 0 0 0 3 481 482 483 0 160 14.03
3 0 0 1 0 0 3 486 489 490 1 149 10.63
4 0 0 0 9 0 3 485 492 497 1 156 9.97
10 0 0 0 8 0 3 484 487 488 1 97 13.53
7 0 7 0 0 0 3 491 496 498 11 126 11.38
2 0 4 0 0 0 3 489 495 502 5 169 12.34
6 0 0 6 0 0 2 493 501 4 168 14.56
9 0 0 10 0 0 3 496 499 502 11 139 15.09
8 0 0 9 0 0 3 489 493 494 11 120 9.22
8 0 0 10 0 0 1 500 19 155 10.35
7 0 0 0 0 3 3 491 495 497 4 125 16.01
2 0 8 0 0 0 3 492 502 503 18 106 11.73
7 0 0 0 0 2 2 509 510 20 141 10.33
6 0 0 0 0 8 3 498 500 504 19 159 14.01
3 0 0 0 7 0 2 495 503 19 185 15.75
6 1 0 0 0 0 3 498 499 500 22 128 13.73
9 0 5 0 0 0 3 497 501 503 20 138 9.68
7 1 0 0 0 0 2 505 508 29 158 11.73
5 1 0 0 0 0 1 506 28 161 14.13
7 1 0 0 0 0 2 501 506 28 162 13.35
4 0 1 0 0 0 1 507 28 183 9.77
9 0 0 0 0 4 2 504 505 35 137 15.64
9 0 0 0 2 0 3 504 505 508 20 127 12.95
1 0 0 0 0 2 2 506 510 29 179 14.41
3 0 0 9 0 0 2 509 510 44 199 11.27
5 0 0 1 0 0 1 507 44 194 13.92
5 1 0 0 0 0 2 507 508 35 163 8.21
8 0 7 0 0 0 1 509 49 155 15.17
3 0 0 0 8 0 1 511 40 195 16.13
3 0 0 0 0 10 1 511 57 166 11.74
3 0 0 5 0 0 1 511 47 189 10.08
1 0 0 0 0 0 0 60 205 10.53
79.57 72.33 72.87 74.48 75.54 88.78 129.86 146.76 148.94 155.57 154.99 164.44 169.05 182.05 206.08 219.53 249.28 268.62 239.59 202.41 169.46 139.14 125.4 107.54 102.73 101.39 100.16 98.98 102.74 110.68 169.3 300.0 341.7 311.65 289.35 319.95 344.74 330.28 325.77 323.13 339.94 372.84 296.01 246.35 172.86 134.57 118.19 102.14 92.88 91.2 89.39 90.42 90.83 97.97 127.66 191.04 236.81 211.94 196.61 171.11 165.05 169.35 184.76 224.08 293.46 293.71 228.54 183.63 141.2 114.96 102.2 90.32 89.98 84.38 80.17 77.85 81.27 83.23 114.48 130.0 135.0 130.0 111.99 115.17 101.85 111.96 129.1 137.68 147.23 135.52 140.03 130.0 112.53 97.09 92.11 80.92 82.13 89.18 80.93 75.43 89.44 93.27 109.09 145.0 150.0 145.0 127.96 106.64 125.82 117.87 145.0 132.29 140.0 127.75 131.47 128.79 113.27 105.49 102.86 89.57 90.65 87.98 92.63 94.76 95.42 99.2 94.38 103.99 108.02 107.22 103.72 104.02 107.02 97.47 104.2 116.09 130.98 135.0 137.26 125.0 130.0 103.9 125.0 118.93 89.3 88.43 84.29 82.53 82.84 84.41 86.77 84.29 85.56 102.45 85.86 87.4 89.69 86.62 102.21 115.0 131.8 131.2 131.62 132.39 139.2 122.55 108.17 96.66 95.59 99.11 92.62 89.82 90.68 99.65 125.89 145.43 156.32 141.04 124.17 117.29 130.0 134.74 156.0 183.35 207.87 175.0 181.92 168.14 146.06 121.37 111.16 97.99 115.68 130.01 115.68 98.83 108.28 98.23 129.67 175.0 160.0 140.7 160.0 126.49 124.13 144.15 150.92 175.0 185.12 175.26 170.65 166.52 153.15 129.62 119.66 103.66 99.08 98.08 95.87 95.3 97.2 104.15 148.48 196.81 245.73 216.58 184.66 171.37 164.9 179.12 202.18 247.05 314.92 260.2 205.2 173.75 147.06 124.78 116.25 106.59 99.01 95.25 92.3 92.13 95.03 101.24 128.58 154.58 168.82 167.48 140.02 149.33 143.82 151.99 160.08 158.05 153.5 147.27 144.91 139.12 125.16 113.08 111.37 99.85 98.05 95.68 92.36 92.15 96.22 102.64 125.0 159.41 184.84 183.75 172.15 167.67 161.1 156.69 159.51 160.55 166.65 156.65 145.9 131.32 115.44 100.0 95.62 85.22 83.38 78.39 75.06 75.21 76.23 77.32 81.69 90.93 99.53 99.31 96.54 97.88 93.07 95.98 102.89 109.57 116.93 132.13 124.28 120.0 129.97 92.76 87.68 82.37 80.52 74.22 73.05 69.23 71.58 72.75 74.74 78.92 83.18 88.67 93.08 94.91 100.15 102.44 107.22 108.75 112.55 112.52 104.9 105.7 103.7 92.39 82.08 63.98 70.16 75.77 49.86 75.77 81.4 83.41 99.48 115.82 114.3 109.19 105.26 105.0 106.69 104.1 110.38 114.04 135.05 134.37 133.83 137.35 126.04 125.0 114.54 82.24 80.32 79.22 79.74 79.85 81.35 89.58 107.0 115.74 130.51 115.46 108.71 107.88 106.03 110.98 126.26 126.47 138.57 140.0 140.0 130.0 115.31 99.28 94.91 72.8 75.77 75.77 72.0 75.29 77.42 82.79 107.52 115.52 110.69 113.27 100.69 90.53 89.66 97.25 103.26 111.82 116.31 115.55 115.0 115.0 100.53 99.63 90.64 84.26 86.81 84.12 82.44 83.42 85.29 89.99 100.92 125.0 114.66 113.31 103.57 100.51 98.73 98.68 103.87 111.48 118.2 122.02 119.54 117.06 112.28 103.81 99.01 94.94 91.57 92.05 93.08 93.21 93.09 96.19 115.46 126.04 132.17 127.54 122.93 119.51 114.01 119.73 128.64 133.96 155.0 147.84 134.4 130.04 121.48 114.62 106.87 97.49 97.98 95.14 91.76 88.59 88.21 91.54 94.82 100.48 106.57 108.51 104.16 100.36 97.62 98.45 102.39 116.89 120.91 120.74 116.91 111.2 100.7 98.61 98.16 90.35 91.55 91.09 84.25 81.08 82.4 83.41 83.41 85.49 89.0 115.0 115.0 112.71 96.76 94.15 92.95 106.29 113.47 110.0 110.0 105.61 101.39 96.02 91.95 92.1 81.86 80.19 79.95 79.54 82.9 85.97 109.02 117.93 121.79 135.48 120.0 106.54 93.35 115.0 118.12 132.8 147.81 123.5 120.17 115.18 111.77 97.78 94.55 92.81 101.9 101.09 99.99 100.55 99.99 96.07 113.68 124.87 130.33 130.39 129.35 113.86 106.68 119.76 135.95 145.29 151.1 151.48 134.97 132.38 128.92 119.62 116.64 104.1 96.18 94.03 91.48 91.38 94.28 98.81 119.69 134.91 140.0 131.89 126.81 122.19 125.23 129.61 132.76 135.91 138.31 138.66 136.56 122.18 114.71 108.46 106.8 94.91 87.89 102.66 83.46 81.46 82.0 87.63 101.95 123.73 129.68 129.24 125.0 99.46 98.2 103.82 118.8 121.29 138.01 120.07 116.83 103.98 86.03 84.36 83.67 70.18 71.81 80.26 82.53 83.21 83.82 87.39 101.38 100.22 108.41 115.0 110.89 109.58 97.31 103.13 101.83 106.3 109.9 119.1 117.21 113.97 115.0 106.45 105.26 91.61 91.28 86.84 87.09 88.18 89.35 90.81 97.39 105.37 114.44 116.1 114.11 112.75 112.1 117.45 122.27 125.12 128.85 125.42 123.12 116.57 109.6 105.16 102.52 92.89 97.36 91.06 88.75 87.77 87.42 88.68 90.67 95.49 103.75 109.12 107.57 106.72 105.16 105.49 109.19 109.36 110.13 112.16 107.66 107.06 104.01 101.9 94.08 82.94 81.22 79.54 78.54 76.01 79.32 85.18 93.99 109.36 113.03 113.18 107.92 103.68 101.79 113.23 114.87 116.89 125.33 116.38 115.15 116.17 109.66 94.0 97.98 87.38 78.08 70.96 80.01 82.93 75.19 78.08 86.36 91.9 99.51 114.99 114.99 117.87 114.99 116.55 114.99 109.99 107.14 102.05 109.11 107.0 95.88 85.96 84.59 76.09 73.65 68.73 69.6 66.65 63.53 68.12 67.26 76.55 87.79 93.89 94.71 89.99 89.99 94.99 99.99 114.31 128.09 120.03 90.95 79.19 79.0 82.9 79.15 66.61 69.53 62.65 60.78 64.33 62.15 70.85 68.28 67.26 72.22 73.18 67.75 68.55 65.56 59.85 78.38 97.09 101.18 103.99 111.08 114.99 119.61 113.19 102.33 94.99 97.1 91.05 85.84 83.15 82.75 83.28 85.11 93.96 99.12 96.86 89.25 84.99 82.31 83.2 93.27 110.24 117.95 121.47 117.63 116.9 114.48 112.27 108.77 99.65 96.85 91.86 84.85 83.14 84.52 83.67 88.73 100.53 102.91 94.03 80.13 75.56 74.64 82.0 97.74 114.99 129.99 124.47 119.34 119.99 111.99 96.19 104.5 95.81 99.55 90.56 88.87 86.31 85.32 88.09 89.67 98.03 98.06 93.74 88.59 80.45 80.05 80.19 87.0 101.55 111.59 114.28 114.99 109.99 105.01 99.03 98.28 92.51
