512 5
1 45 32 46 34
1 0 0 0 0 0 3 1 2 3 0 163 6.92
8 0 9 1 8 9 3 15 17 18 1 107 8.24
2 0 7 10 5 2 3 5 12 14 1 154 9.18
6 0 8 6 10 10 3 4 6 27 1 146 8.07
10 0 10 7 1 4 2 7 11 7 123 8.64
1 0 5 3 8 7 3 8 11 22 3 114 8.25
8 0 5 7 7 3 2 13 16 7 154 5.61
6 0 3 5 8 7 2 15 17 17 194 7.3
8 0 9 1 1 9 2 9 10 4 142 7.55
8 0 7 6 7 10 1 16 12 123 7.25
1 0 7 4 6 2 1 28 12 167 7.97
1 1 0 0 0 0 3 17 18 25 17 109 7.69
4 0 1 5 8 2 3 26 27 30 3 150 5.27
3 0 5 4 6 3 2 14 21 15 152 9.16
4 1 0 0 0 0 2 22 29 18 115 8.28
5 0 2 8 6 4 2 22 29 23 131 7.68
7 1 0 0 0 0 3 18 20 23 20 181 4.72
6 1 0 0 0 0 2 19 24 23 170 8.42
5 0 6 8 2 5 1 24 27 163 8.2
6 0 1 10 2 2 1 23 29 185 6.73
10 1 0 0 0 0 1 25 27 139 8.81
8 0 5 2 8 3 2 24 25 18 200 5.51
8 0 4 5 8 5 1 23 28 145 7.26
2 0 1 10 5 9 1 30 36 138 7.15
8 0 1 8 4 9 1 26 32 150 5.04
4 0 7 6 7 9 3 26 29 30 37 210 6.26
2 0 8 1 8 10 1 28 41 193 7.89
10 0 6 1 4 5 1 28 7 172 6.76
6 0 5 8 9 8 1 31 43 219 7.63
9 0 7 10 3 6 1 31 41 225 6.04
7 0 10 3 3 2 1 31 41 152 5.24
1 0 0 0 0 0 0 50 161 4.71
1 0 0 0 0 0 3 33 34 35 0 160 6.16
1 0 0 0 0 10 3 36 37 43 1 176 5.76
7 0 0 0 3 0 2 38 48 1 101 4.75
9 0 6 0 0 0 3 39 46 56 1 120 4.85
6 0 0 0 0 7 1 39 2 113 9.12
8 0 7 0 0 0 1 49 2 181 5.91
7 0 0 7 0 0 3 41 47 58 8 188 4.98
9 0 0 5 0 0 3 40 42 44 10 155 5.24
10 1 0 0 0 0 2 57 60 19 209 7.06
8 1 0 0 0 0 1 44 15 143 6.57
4 1 0 0 0 0 3 49 52 61 19 125 7.57
8 0 0 0 3 0 2 45 55 2 123 7.53
9 0 0 0 10 0 1 51 23 170 8.92
8 0 0 0 0 10 1 50 10 189 6.69
3 0 7 0 0 0 1 49 10 113 5.74
4 0 0 0 0 1 3 52 53 54 15 110 8.67
1 0 0 0 0 9 1 62 8 146 6.59
8 1 0 0 0 0 1 50 23 193 9.15
1 1 0 0 0 0 1 53 31 183 7.63
10 0 3 0 0 0 1 61 32 166 5.46
9 0 0 0 1 0 1 62 23 185 8.81
6 0 0 0 8 0 1 59 32 198 6.81
3 0 0 0 9 0 1 62 19 192 5.85
9 0 0 0 0 8 1 59 10 133 5.92
4 0 0 0 0 9 1 59 10 123 8.83
8 0 0 0 2 0 1 61 29 143 4.94
1 1 0 0 0 0 1 60 15 174 8.03
2 0 0 5 0 0 1 60 38 201 8.52
4 0 0 1 0 0 1 63 40 177 6.12
5 0 0 0 0 7 1 63 42 149 7.95
8 0 10 0 0 0 1 63 32 174 7.29
1 0 0 0 0 0 0 47 208 7.21
1 0 0 0 0 0 3 65 66 67 0 145 5.23
7 0 6 7 0 0 1 85 1 181 8.72
3 0 0 0 1 6 3 68 69 74 1 144 7.92
5 0 2 0 2 0 1 94 1 180 7.68
1 0 0 0 7 0 3 70 83 90 4 131 5.7
10 0 4 0 5 0 3 71 73 78 4 124 9.26
5 0 9 6 3 10 3 72 77 91 5 185 9.22
9 0 0 0 6 7 1 89 14 164 6.35
1 0 0 0 2 3 1 86 10 134 9.06
5 0 0 8 0 0 3 75 76 82 14 110 5.84
2 0 0 9 4 10 1 87 4 125 8.39
1 1 0 0 0 0 1 84 19 137 7.1
7 0 3 4 4 0 2 79 81 19 203 7.04
4 0 0 10 8 7 1 87 10 132 4.66
5 0 3 9 0 4 2 80 87 14 113 5.56
7 1 0 0 0 0 1 80 26 165 6.58
8 0 0 10 0 0 1 92 33 196 6.19
5 1 0 0 0 0 2 85 94 26 149 5.65
1 1 0 0 0 0 2 93 94 19 200 7.68
1 0 4 0 3 4 1 91 5 137 6.12
10 1 0 0 0 0 1 89 20 133 6.41
3 0 0 0 0 2 1 90 31 181 7.02
4 0 2 0 1 3 1 92 11 169 7.8
3 1 0 0 0 0 1 88 19 133 4.68
1 0 2 0 0 0 1 92 22 158 9.16
7 0 9 0 2 0 2 90 91 30 132 7.97
9 0 9 9 5 0 1 93 37 195 7.87
10 0 3 0 0 9 1 93 37 210 6.91
6 0 9 0 9 0 1 95 41 168 4.95
5 0 0 0 0 8 1 95 47 184 6.58
10 0 3 0 5 3 1 95 31 148 4.68
1 0 0 0 0 0 0 52 165 4.76
1 0 0 0 0 0 3 97 98 99 0 186 7.42
2 0 0 0 2 0 1 105 1 137 5.19
10 0 0 8 0 0 3 100 104 110 1 182 6.35
7 0 0 0 7 0 2 102 108 1 155 6.63
1 0 8 0 0 0 2 101 112 11 134 4.7
3 0 0 0 0 8 3 108 111 113 12 131 4.81
6 0 0 0 5 0 3 103 106 114 8 129 5.94
2 0 0 9 0 0 1 122 14 119 5.72
10 0 0 0 0 2 2 109 123 11 154 8.33
5 0 1 0 0 0 2 107 117 3 110 7.06
9 0 2 0 0 0 2 116 121 14 136 5.76
4 0 0 0 6 0 1 119 8 191 8.63
4 0 0 5 0 0 1 120 15 157 5.14
2 0 0 0 10 0 1 120 21 114 7.75
4 0 0 0 0 10 1 116 11 151 7.0
10 0 10 0 0 0 2 115 121 15 134 5.01
10 0 0 0 7 0 3 116 121 124 12 123 9.03
7 0 5 0 0 0 1 118 15 155 5.0
10 1 0 0 0 0 1 120 14 188 5.92
7 1 0 0 0 0 1 126 25 142 8.09
2 1 0 0 0 0 1 126 23 122 5.83
1 0 10 0 0 0 2 122 124 8 182 5.95
2 0 8 0 0 0 1 126 22 133 5.8
2 1 0 0 0 0 1 124 12 145 6.49
2 0 0 0 0 7 1 125 24 180 6.16
9 0 7 0 0 0 1 122 25 124 4.93
1 0 0 0 0 1 1 125 34 151 4.89
4 0 8 0 0 0 1 125 21 137 6.4
7 0 0 3 0 0 1 127 22 206 9.22
8 0 0 0 8 0 1 127 35 166 6.08
9 0 0 6 0 0 1 127 32 149 7.78
1 0 0 0 0 0 0 43 217 5.94
1 0 0 0 0 0 3 129 130 131 0 185 6.67
5 0 0 0 2 0 2 133 151 1 126 4.95
9 0 2 0 0 0 3 132 134 140 1 160 8.71
5 0 0 0 0 6 2 142 144 1 105 7.38
10 0 0 0 0 4 2 135 150 10 139 6.37
3 0 3 0 0 0 3 136 139 154 6 110 6.91
9 0 4 0 0 0 2 138 150 10 159 5.45
10 0 10 0 0 0 1 137 20 133 6.06
10 0 0 0 0 10 2 149 153 9 161 6.23
5 0 0 0 9 0 1 155 30 135 5.13
4 1 0 0 0 0 1 141 19 203 7.21
5 0 0 5 0 0 1 148 9 165 6.17
10 0 0 0 8 0 1 156 10 131 6.59
1 1 0 0 0 0 2 143 152 23 127 6.53
1 0 0 10 0 0 3 146 147 150 6 102 9.04
8 0 0 1 0 0 1 145 24 141 4.85
6 0 10 0 0 0 1 146 6 160 6.17
2 0 6 0 0 0 1 146 32 145 8.88
1 0 0 0 8 0 3 148 149 151 34 143 6.68
7 0 0 0 0 4 2 153 157 7 135 7.12
1 0 5 0 0 0 1 158 35 167 7.83
1 0 6 0 0 0 1 157 35 176 9.15
6 1 0 0 0 0 1 158 20 165 6.72
2 0 4 0 0 0 1 154 35 212 8.67
5 1 0 0 0 0 1 157 24 146 6.96
10 0 0 0 5 0 1 155 19 162 9.22
3 0 0 0 8 0 1 158 37 148 6.17
10 0 10 0 0 0 1 156 35 215 4.66
1 0 0 0 0 3 1 159 45 134 8.29
6 0 0 0 6 0 1 159 36 207 6.86
1 0 0 0 4 0 1 159 40 146 7.56
1 0 0 0 0 0 0 46 209 7.93
1 0 0 0 0 0 3 161 162 163 0 152 6.17
10 0 0 8 0 0 3 166 174 180 1 152 6.53
2 0 0 2 8 0 3 164 165 169 1 140 4.95
8 0 0 0 8 3 2 167 171 1 105 5.93
6 0 2 8 0 0 3 168 177 182 3 132 7.82
2 0 0 1 0 0 3 168 173 175 3 126 5.46
6 0 0 4 0 7 3 172 181 182 11 122 7.77
10 0 10 9 1 2 3 173 175 176 9 170 6.23
4 0 0 3 0 8 2 170 176 9 186 8.19
1 0 5 8 7 0 3 171 173 178 3 170 6.17
5 1 0 0 0 0 3 178 180 185 13 124 7.9
1 1 0 0 0 0 3 172 180 186 9 134 9.02
6 1 0 0 0 0 2 177 179 17 162 5.49
8 0 0 0 7 8 3 177 185 187 19 132 8.2
1 0 2 0 0 8 3 176 178 179 11 174 6.88
6 0 0 0 0 4 3 179 181 183 19 162 7.01
4 0 10 0 3 0 3 181 183 190 19 131 6.07
6 0 4 0 0 6 1 184 27 136 5.21
4 1 0 0 0 0 3 186 188 190 18 117 6.91
3 1 0 0 0 0 2 184 189 25 170 5.89
3 1 0 0 0 0 3 184 187 188 18 168 5.54
9 1 0 0 0 0 1 185 25 190 6.68
8 0 3 7 0 0 1 183 17 160 6.23
9 0 0 5 5 0 2 186 188 25 156 4.91
7 0 2 9 0 2 1 190 33 172 5.96
1 1 0 0 0 0 1 189 34 158 6.06
9 0 3 0 6 0 1 187 34 155 4.72
9 0 2 0 3 0 1 189 43 178 7.16
3 1 0 0 0 0 1 191 34 213 5.68
4 0 0 7 7 9 1 191 52 195 6.4
9 0 0 0 0 7 1 191 40 168 8.46
1 0 0 0 0 0 0 56 152 9.09
1 0 0 0 0 0 3 193 194 195 0 107 8.26
5 0 0 0 0 9 3 196 203 206 1 171 8.36
2 0 9 0 0 0 2 204 205 1 105 5.88
5 0 0 0 0 3 3 197 199 211 1 134 7.31
8 0 0 0 0 10 2 201 214 6 194 6.45
8 0 0 0 7 0 3 198 200 207 6 132 6.26
9 0 0 0 0 10 3 201 209 218 14 150 8.97
6 0 0 0 8 0 1 209 6 191 9.1
1 0 10 0 0 0 3 202 208 210 14 121 4.72
10 0 0 0 10 0 3 213 215 217 23 166 5.88
2 0 0 0 5 0 1 209 15 142 6.13
2 0 0 9 0 0 3 205 210 220 6 158 7.39
7 0 0 5 0 0 3 212 216 220 3 153 5.54
5 0 0 2 0 0 1 214 8 118 9.18
10 0 0 0 0 9 3 207 213 218 6 140 9.23
9 0 0 8 0 0 2 210 217 16 115 6.84
8 0 0 0 6 0 3 215 217 222 15 172 6.26
9 0 0 0 0 6 2 215 220 23 210 4.7
10 1 0 0 0 0 1 216 25 174 8.67
8 0 0 0 10 0 2 216 222 6 193 7.17
6 1 0 0 0 0 1 214 10 134 4.95
3 0 0 0 2 0 1 222 33 128 8.79
10 1 0 0 0 0 1 221 16 180 8.91
1 0 8 0 0 0 1 219 33 153 7.58
5 0 0 0 0 7 1 221 35 197 4.79
4 0 0 7 0 0 1 219 33 195 6.79
7 1 0 0 0 0 1 219 23 144 5.94
8 0 0 8 0 0 1 221 37 184 7.01
2 0 3 0 0 0 1 223 32 130 7.57
1 0 0 0 7 0 1 223 45 192 8.11
10 0 0 0 0 6 1 223 36 217 8.2
1 0 0 0 0 0 0 46 205 5.16
1 0 0 0 0 0 3 225 226 227 0 153 6.91
2 0 6 8 6 9 3 228 230 231 1 128 9.22
4 0 9 9 10 8 3 237 238 244 1 121 8.28
3 0 9 4 8 8 3 236 238 248 1 99 6.81
9 0 6 7 3 8 3 229 234 240 3 174 4.68
6 0 4 5 7 8 3 235 236 243 12 146 5.44
6 0 1 8 1 2 3 232 234 238 3 106 6.07
3 0 5 8 2 9 3 232 233 240 3 152 5.92
5 1 0 0 0 0 2 245 248 9 146 9.22
10 0 8 9 10 4 1 239 6 195 5.5
6 0 5 10 4 5 3 235 246 248 12 166 8.02
4 0 4 9 4 10 2 241 251 18 141 8.52
4 0 1 6 1 9 2 239 242 18 202 7.14
1 0 3 3 4 2 3 241 243 245 5 179 4.65
2 0 4 2 9 1 3 242 243 245 9 110 4.93
9 0 3 10 8 4 3 244 246 254 22 198 5.46
5 1 0 0 0 0 3 242 244 252 12 162 4.88
3 0 10 6 1 6 2 247 250 22 197 4.72
8 0 1 8 3 6 3 249 250 253 22 157 9.09
8 1 0 0 0 0 2 246 247 18 126 8.95
7 0 2 5 5 10 1 253 31 198 9.18
9 0 9 9 9 9 2 247 250 14 118 6.12
4 0 1 9 4 1 1 251 31 184 7.56
5 0 9 1 5 7 2 249 252 26 141 8.89
2 0 2 3 6 10 3 249 251 252 18 162 8.3
1 0 4 9 2 1 1 254 31 183 5.75
6 0 6 4 4 2 1 254 30 187 8.77
9 0 3 5 1 2 1 253 35 152 4.8
2 0 3 8 10 8 1 255 31 184 5.79
2 0 1 2 1 1 1 255 44 151 5.3
6 0 2 7 9 2 1 255 36 146 5.57
1 0 0 0 0 0 0 46 150 5.61
1 0 0 0 0 0 3 257 258 259 0 119 8.99
6 0 10 10 4 0 2 278 284 1 156 8.25
6 0 9 3 0 0 3 265 268 281 1 110 7.65
9 0 1 0 2 2 3 260 261 262 1 152 6.29
1 0 1 0 8 6 3 273 275 279 10 131 7.82
5 0 0 9 5 4 3 266 269 278 10 177 6.92
10 0 0 9 6 0 3 263 264 272 10 148 9.25
2 1 0 0 0 0 2 267 275 20 191 5.88
6 0 2 0 4 10 1 271 20 135 5.56
7 0 3 5 0 2 3 267 270 272 7 130 6.44
1 0 0 4 8 0 1 270 15 139 9.27
6 1 0 0 0 0 1 276 22 143 6.18
1 0 8 3 5 5 1 277 7 146 6.78
10 0 0 3 9 9 2 274 282 15 154 7.97
8 1 0 0 0 0 2 274 275 16 172 5.09
5 1 0 0 0 0 2 276 280 26 202 6.95
7 0 3 0 3 0 2 276 282 20 187 9.05
9 0 7 6 7 0 1 274 11 118 6.38
5 1 0 0 0 0 3 277 283 286 25 207 5.4
10 0 2 3 4 7 2 283 285 24 185 6.86
3 0 0 8 0 3 3 277 278 283 31 172 8.57
5 0 1 1 5 3 1 285 34 182 4.93
2 0 7 6 7 8 1 286 34 191 8.25
4 0 0 8 5 8 1 281 11 140 6.33
8 0 0 4 6 4 3 281 282 285 31 198 4.87
2 0 1 0 7 3 1 286 39 146 7.75
2 0 6 0 7 4 1 284 39 211 7.56
6 0 10 8 10 1 1 284 34 174 6.89
2 0 0 7 4 3 1 287 41 197 6.75
10 0 6 8 1 6 1 287 39 216 5.94
9 0 0 4 0 2 1 287 41 199 7.44
1 0 0 0 0 0 0 50 151 6.18
1 0 0 0 0 0 3 289 290 291 0 155 8.93
4 0 4 8 7 10 3 293 294 296 1 103 8.62
9 0 8 3 8 10 3 295 297 300 1 166 7.93
5 0 2 9 1 8 2 292 293 1 128 9.26
9 0 3 3 9 3 3 294 296 317 6 198 7.15
7 0 8 8 5 7 2 304 315 6 121 7.48
8 0 4 8 9 1 3 301 305 306 15 161 8.8
10 0 4 1 10 10 1 312 10 153 8.47
8 0 5 7 4 10 2 298 299 15 185 5.97
9 0 8 4 8 6 2 298 299 10 119 6.6
2 1 0 0 0 0 2 303 311 23 129 6.04
8 0 6 4 8 2 1 313 23 199 9.03
6 0 3 6 2 6 1 307 10 129 6.2
6 0 10 9 8 2 2 302 303 23 156 4.94
1 1 0 0 0 0 2 308 309 29 138 6.37
1 1 0 0 0 0 3 307 308 312 29 189 9.28
9 0 2 6 7 1 3 306 308 317 13 139 6.62
10 1 0 0 0 0 3 307 309 311 23 177 5.33
7 1 0 0 0 0 1 313 23 140 5.4
7 0 5 8 2 5 1 315 33 207 8.88
2 1 0 0 0 0 2 316 318 30 156 6.27
1 1 0 0 0 0 2 310 313 33 193 7.21
2 1 0 0 0 0 1 314 34 141 6.09
9 0 5 7 9 9 2 312 315 33 178 6.28
3 0 10 3 3 7 1 314 42 206 5.53
2 0 4 10 4 1 1 314 34 140 8.13
9 0 8 5 3 1 2 316 318 45 175 7.25
10 0 3 7 3 5 1 318 42 171 7.6
8 0 4 4 9 9 1 319 54 182 7.12
5 1 0 0 0 0 1 319 22 150 5.4
5 0 5 9 2 2 1 319 54 208 8.84
1 0 0 0 0 0 0 62 177 5.15
1 0 0 0 0 0 3 321 322 323 0 164 7.96
3 0 5 5 2 10 3 324 329 335 1 99 8.59
5 0 6 8 7 5 3 325 326 328 1 148 8.55
6 0 1 3 4 3 3 324 329 339 1 123 7.11
1 0 1 10 6 10 3 326 332 342 7 133 5.15
5 0 6 10 6 7 3 327 330 335 6 178 7.29
1 0 10 4 3 3 3 330 333 343 8 153 7.29
9 0 9 4 3 9 3 331 333 350 11 120 5.97
3 0 8 1 7 3 3 332 340 342 6 146 6.85
3 0 8 5 9 5 3 333 337 338 7 192 6.48
9 0 4 3 2 1 2 331 338 11 178 6.11
2 0 10 9 1 9 3 337 340 345 20 158 7.62
4 0 8 7 2 1 3 343 346 347 9 142 8.7
6 0 1 4 7 5 1 334 20 142 9.25
8 1 0 0 0 0 2 341 344 26 131 7.34
5 0 4 10 6 7 3 336 338 339 11 128 6.12
8 1 0 0 0 0 3 340 341 350 16 148 6.39
6 0 6 10 3 3 2 344 349 22 153 7.11
7 1 0 0 0 0 1 350 20 127 8.5
8 0 1 7 8 1 3 341 342 346 16 163 5.52
10 1 0 0 0 0 2 344 347 24 179 4.7
1 1 0 0 0 0 2 345 348 34 129 5.44
10 1 0 0 0 0 3 343 345 348 24 184 5.28
2 0 6 5 4 3 1 349 34 190 6.38
9 0 4 6 1 8 1 346 34 194 5.47
4 0 1 5 5 6 1 347 35 146 4.95
8 0 5 3 3 4 1 348 43 161 8.42
10 0 6 7 9 1 1 349 39 216 6.59
2 0 6 9 10 8 1 351 51 187 4.85
9 0 6 1 7 10 1 351 49 189 6.48
4 0 4 7 5 3 1 351 27 165 4.78
1 0 0 0 0 0 0 58 164 6.97
1 0 0 0 0 0 3 353 354 355 0 107 6.09
7 0 3 8 4 4 3 356 360 366 1 158 7.66
10 0 9 9 9 8 2 359 361 1 142 8.08
7 0 9 4 4 2 3 357 358 373 1 171 6.07
9 0 3 1 8 1 3 367 369 377 8 118 8.98
2 0 4 9 9 6 1 375 8 146 7.16
3 0 7 4 9 6 3 364 365 368 8 146 8.07
8 0 7 1 5 9 2 362 376 11 144 5.88
2 0 2 6 2 5 1 363 8 141 6.11
3 0 7 10 8 7 1 369 11 164 9.07
6 0 3 9 7 1 1 370 19 143 7.16
8 0 10 6 9 10 2 371 382 10 121 6.88
9 0 2 10 9 8 1 376 11 131 4.92
2 0 7 5 5 4 2 366 370 11 164 8.01
3 0 4 8 6 2 2 374 380 13 166 8.06
8 0 1 6 2 8 1 375 17 178 5.6
6 1 0 0 0 0 1 380 11 111 6.95
9 1 0 0 0 0 1 378 17 116 8.76
8 0 7 6 5 2 2 372 381 25 203 5.74
1 0 5 7 5 8 1 375 18 200 4.98
2 0 9 1 9 7 2 378 379 33 161 6.49
7 1 0 0 0 0 1 377 8 157 5.9
10 0 6 6 8 5 1 381 16 152 6.24
1 0 3 8 1 3 1 378 25 152 8.92
1 0 3 8 9 4 1 381 20 116 6.16
5 1 0 0 0 0 1 379 17 202 8.66
7 0 2 4 2 5 1 380 35 189 8.77
6 0 10 5 9 1 1 382 35 133 5.76
3 0 9 1 4 7 1 383 42 170 6.44
5 0 5 7 2 2 1 383 33 153 4.66
1 0 8 3 1 9 1 383 41 193 5.83
1 0 0 0 0 0 0 45 170 7.98
1 0 0 0 0 0 3 385 386 387 0 111 8.58
6 0 2 2 2 2 1 388 1 185 6.64
4 0 1 9 1 1 2 389 394 1 112 5.2
5 0 6 10 6 7 1 396 1 142 8.49
6 0 7 4 9 3 3 390 394 402 7 136 5.62
1 0 3 2 2 9 3 393 407 414 5 103 5.37
10 0 6 1 5 2 1 391 13 138 7.66
3 1 0 0 0 0 2 392 395 23 116 7.31
7 1 0 0 0 0 3 396 408 410 26 142 5.31
7 0 3 3 2 2 1 396 6 139 5.91
8 0 6 5 3 10 2 398 399 13 173 6.49
4 1 0 0 0 0 2 400 409 26 167 5.81
1 1 0 0 0 0 1 397 33 204 7.6
10 1 0 0 0 0 1 404 34 206 5.72
3 0 6 2 5 4 1 403 21 169 6.54
2 0 1 1 5 4 1 407 21 174 6.68
6 1 0 0 0 0 2 401 410 30 180 4.88
8 0 9 3 8 9 1 411 36 175 8.84
5 0 5 1 1 4 1 405 13 185 5.07
4 0 1 4 3 2 1 413 24 144 6.71
5 0 3 1 4 7 2 406 411 44 150 7.69
3 0 1 5 4 5 3 406 408 414 18 188 8.49
4 0 3 10 10 1 1 413 49 158 8.17
3 1 0 0 0 0 2 411 412 23 130 7.25
6 1 0 0 0 0 1 412 33 151 7.6
8 0 4 7 1 3 1 414 30 155 5.73
9 0 3 3 9 6 1 412 36 186 8.24
7 0 1 6 4 8 1 413 49 199 6.89
10 0 10 1 1 4 1 415 45 183 5.49
10 0 7 6 10 5 1 415 56 189 5.6
9 0 7 7 4 10 1 415 38 173 9.03
1 0 0 0 0 0 0 66 208 7.87
1 0 0 0 0 0 3 417 418 419 0 180 5.1
10 0 9 0 0 0 3 421 423 427 1 142 5.86
6 0 1 0 0 0 3 420 422 432 1 123 6.88
10 0 2 0 0 0 1 441 1 145 7.82
9 0 0 8 0 0 2 426 435 7 144 8.43
7 0 0 0 0 2 3 430 439 441 11 123 7.14
3 0 0 0 0 4 2 424 433 7 166 8.22
10 0 9 0 0 0 2 429 436 11 195 6.9
8 0 0 0 0 10 2 425 441 10 193 8.99
10 0 0 0 3 0 3 427 428 431 18 138 6.87
7 0 0 0 6 0 3 429 434 440 16 123 8.61
6 0 0 0 0 3 2 440 446 28 205 7.81
10 0 7 0 0 0 2 430 439 28 131 7.83
3 0 0 0 7 0 2 433 442 23 147 7.78
7 0 0 0 0 10 3 434 435 436 38 193 7.97
10 0 0 5 0 0 2 438 443 28 205 7.1
4 0 0 0 4 0 1 433 7 179 7.29
3 0 0 0 0 1 1 446 26 199 5.1
3 1 0 0 0 0 2 438 443 45 191 5.16
10 1 0 0 0 0 2 438 444 45 222 6.16
10 1 0 0 0 0 2 437 445 45 145 5.62
6 0 2 0 0 0 2 442 446 55 164 4.92
9 0 2 0 0 0 1 445 55 172 4.95
4 0 0 0 10 0 1 440 38 219 8.18
5 1 0 0 0 0 1 442 42 216 6.11
7 0 0 0 3 0 2 444 445 18 158 5.84
7 0 6 0 0 0 1 443 61 192 7.69
9 0 5 0 0 0 1 444 68 166 6.62
7 0 1 0 0 0 1 447 77 202 6.63
4 0 0 0 0 1 1 447 64 231 5.08
6 0 0 6 0 0 1 447 61 177 5.5
1 0 0 0 0 0 0 84 234 8.28
1 0 0 0 0 0 3 449 450 451 0 173 8.53
5 0 5 9 3 4 3 452 467 477 1 144 8.19
6 0 7 8 1 8 3 453 454 455 1 141 6.41
2 0 10 10 7 5 3 455 457 460 1 170 6.61
10 0 1 4 3 1 3 457 464 466 6 193 8.0
8 0 3 8 3 7 3 458 460 469 7 194 6.41
6 0 6 7 1 7 3 456 459 462 7 174 8.06
3 1 0 0 0 0 3 466 470 473 7 110 6.5
5 0 3 5 5 8 3 463 464 468 13 126 8.16
2 1 0 0 0 0 2 458 465 16 176 4.78
9 0 6 1 7 10 3 463 468 478 18 183 9.11
10 0 1 8 6 9 3 464 467 477 13 190 6.35
1 1 0 0 0 0 3 461 463 467 15 116 6.84
2 1 0 0 0 0 3 462 466 474 16 177 9.04
1 1 0 0 0 0 2 465 470 18 115 5.62
6 0 10 7 1 3 2 472 473 27 139 7.09
2 0 8 7 6 1 1 465 23 134 6.08
2 0 10 4 7 2 2 473 475 25 199 9.04
8 1 0 0 0 0 1 471 18 129 6.29
10 1 0 0 0 0 3 468 474 478 23 161 7.41
8 0 6 6 10 4 2 471 472 33 205 5.78
1 0 3 1 6 2 3 470 474 478 15 170 8.82
1 0 2 3 1 5 3 471 472 477 19 136 9.17
9 0 9 8 4 1 1 475 41 209 7.66
5 0 9 4 9 7 1 475 41 140 8.53
3 0 1 1 5 6 1 476 33 177 7.98
7 0 6 8 4 4 1 476 33 153 7.75
6 0 1 10 10 4 1 476 50 199 5.95
3 0 5 2 3 3 1 479 56 179 6.87
1 0 7 3 1 4 1 479 23 141 7.17
9 0 1 1 9 1 1 479 33 217 9.26
1 0 0 0 0 0 0 59 213 6.85
1 0 0 0 0 0 3 481 482 483 0 104 6.02
6 0 5 0 1 0 3 490 501 503 1 113 5.3
4 0 6 0 1 3 3 484 487 494 1 123 5.71
6 0 3 0 0 0 3 485 491 497 1 178 4.99
8 0 7 0 4 2 3 486 489 490 5 118 7.76
8 0 0 0 9 0 3 488 493 508 7 113 4.94
8 0 0 0 4 0 3 488 493 498 13 112 5.23
3 0 7 0 4 5 3 490 492 504 5 190 7.18
9 0 7 0 0 5 2 495 504 21 162 9.23
7 0 8 9 7 0 3 499 500 507 13 120 9.19
2 0 0 9 2 10 1 509 13 135 8.82
6 0 3 3 0 3 3 493 495 500 7 166 5.05
5 0 0 0 3 8 3 496 497 498 8 165 5.26
8 0 9 0 0 0 3 496 505 507 21 161 6.98
9 0 10 2 0 0 3 498 499 500 5 137 5.1
8 0 1 0 10 4 2 496 503 30 134 6.62
10 0 3 0 0 0 1 502 38 209 4.68
5 0 0 10 9 7 3 499 503 505 13 196 8.46
3 0 5 10 0 0 1 508 21 180 5.41
8 0 1 8 0 0 2 501 502 20 121 4.96
9 1 0 0 0 0 3 501 502 504 20 119 8.64
7 1 0 0 0 0 2 508 510 29 129 8.51
6 0 6 0 8 4 1 506 48 188 9.04
10 0 0 3 7 0 2 506 507 38 196 6.15
8 1 0 0 0 0 1 505 30 208 7.97
10 0 2 10 0 0 1 506 38 196 9.02
5 0 0 10 3 0 2 509 510 54 171 8.66
6 0 0 9 0 2 2 509 510 48 229 6.72
2 0 10 0 0 1 1 511 36 140 8.0
9 0 0 0 1 0 1 511 59 235 9.1
5 0 0 0 6 8 1 511 59 201 5.48
1 0 0 0 0 0 0 68 212 9.19
89.95 88.43 89.7 89.26 88.94 94.95 119.33 146.14 159.38 145.3 132.48 120.88 110.86 120.58 137.43 153.89 165.89 157.81 144.49 129.01 123.13 105.74 102.95 93.79 87.51 85.51 82.05 82.54 83.13 88.06 92.52 118.12 119.09 110.91 95.63 90.82 89.43 92.95 105.63 125.09 142.73 140.36 127.67 122.91 113.64 107.62 103.19 89.79 81.44 80.8 78.5 78.66 83.81 96.05 120.15 138.24 119.79 93.36 80.26 71.56 72.73 83.45 99.32 129.27 137.0 119.75 110.32 96.72 92.76 79.49 79.26 72.4 35.11 27.61 25.35 23.94 41.2 74.33 115.0 123.57 103.63 81.97 79.99 74.33 79.88 81.97 81.97 110.0 124.05 123.04 124.55 125.6 127.65 119.7 113.93 106.61 101.49 98.6 97.64 93.54 95.33 98.1 121.14 140.79 138.99 124.06 115.27 108.94 104.49 110.68 124.01 135.35 140.0 135.31 133.78 128.97 119.4 107.27 107.4 90.73 76.27 80.77 79.71 79.67 77.57 75.43 86.01 95.46 94.84 94.35 96.51 95.0 93.69 99.57 109.28 123.4 120.73 124.74 124.2 117.81 114.66 105.3 104.16 97.98 93.09 96.19 94.81 92.32 87.87 90.89 88.66 96.05 100.62 103.44 101.64 104.81 103.87 106.13 111.72 119.59 127.04 131.4 126.36 116.94 110.9 102.04 97.28 87.16 89.82 81.59 75.19 73.28 76.73 88.07 102.26 118.22 130.28 127.45 119.26 109.34 108.14 109.69 114.77 113.4 116.98 118.23 116.61 110.71 103.05 93.4 90.22 81.17 85.11 83.1 79.29 78.05 80.91 83.94 100.8 119.44 120.23 107.81 92.43 89.36 90.9 96.89 106.45 127.69 150.75 153.1 144.98 133.76 112.95 98.36 98.94 89.96 87.74 86.3 84.47 83.82 85.39 91.65 115.83 134.06 137.48 116.77 94.45 88.57 93.17 99.81 116.08 146.79 163.23 143.0 132.12 127.88 114.07 108.02 104.6 91.89 90.85 88.48 87.43 87.23 87.59 94.45 119.3 146.83 155.06 152.8 142.76 132.12 132.47 140.52 147.85 159.6 183.44 175.03 163.0 155.82 136.59 119.71 107.74 93.8 102.27 94.35 90.45 90.49 94.16 102.44 132.96 179.83 205.42 182.59 153.77 140.32 132.18 137.55 157.26 198.1 252.29 248.33 204.85 171.53 142.18 117.74 105.31 95.19 102.58 94.64 88.44 85.28 86.54 85.8 91.42 108.44 107.13 95.35 90.73 87.72 85.01 91.67 110.54 125.0 138.12 135.41 131.26 123.71 114.1 98.13 94.13 82.43 81.53 74.35 70.44 63.23 60.89 67.08 74.35 81.07 82.68 82.03 80.64 80.01 82.71 85.11 96.97 108.43 122.7 119.2 131.04 117.72 108.19 94.94 90.02 74.35 79.57 72.33 72.87 74.48 75.54 88.78 129.86 146.76 148.94 155.57 154.99 164.44 169.05 182.05 206.08 219.53 249.28 268.62 239.59 202.41 169.46 139.14 125.4 107.54 102.73 101.39 100.16 98.98 102.74 110.68 169.3 300.0 341.7 311.65 289.35 319.95 344.74 330.28 325.77 323.13 339.94 372.84 296.01 246.35 172.86 134.57 118.19 102.14 92.88 91.2 89.39 90.42 90.83 97.97 127.66 191.04 236.81 211.94 196.61 171.11 165.05 169.35 184.76 224.08 293.46 293.71 228.54 183.63 141.2 114.96 102.2 90.32 89.98 84.38 80.17 77.85 81.27 83.23 114.48 130.0 135.0 130.0 111.99 115.17 101.85 111.96 129.1 137.68 147.23 135.52 140.03 130.0 112.53 97.09 92.11 80.92 82.13 89.18 80.93 75.43 89.44 93.27 109.09 145.0 150.0 145.0 127.96 106.64 125.82 117.87 145.0 132.29 140.0 127.75 131.47 128.79 113.27 105.49 102.86 89.57 90.65 87.98 92.63 94.76 95.42 99.2 94.38 103.99 108.02 107.22 103.72 104.02 107.02 97.47 104.2 116.09 130.98 135.0 137.26 125.0 130.0 103.9 125.0 118.93 89.3 88.43 84.29 82.53 82.84 84.41 86.77 84.29 85.56 102.45 85.86 87.4 89.69 86.62 102.21 115.0 131.8 131.2 131.62 132.39 139.2 122.55 108.17 96.66 95.59 99.11 92.62 89.82 90.68 99.65 125.89 145.43 156.32 141.04 124.17 117.29 130.0 134.74 156.0 183.35 207.87 175.0 181.92 168.14 146.06 121.37 111.16 97.99 115.68 130.01 115.68 98.83 108.28 98.23 129.67 175.0 160.0 140.7 160.0 126.49 124.13 144.15 150.92 175.0 185.12 175.26 170.65 166.52 153.15 129.62 119.66 103.66 99.08 98.08 95.87 95.3 97.2 104.15 148.48 196.81 245.73 216.58 184.66 171.37 164.9 179.12 202.18 247.05 314.92 260.2 205.2 173.75 147.06 124.78 116.25 106.59 99.01 95.25 92.3 92.13 95.03 101.24 128.58 154.58 168.82 167.48 140.02 149.33 143.82 151.99 160.08 158.05 153.5 147.27 144.91 139.12 125.16 113.08 111.37 99.85 98.05 95.68 92.36 92.15 96.22 102.64 125.0 159.41 184.84 183.75 172.15 167.67 161.1 156.69 159.51 160.55 166.65 156.65 145.9 131.32 115.44 100.0 95.62 85.22 83.38 78.39 75.06 75.21 76.23 77.32 81.69 90.93 99.53 99.31 96.54 97.88 93.07 95.98 102.89 109.57 116.93 132.13 124.28 120.0 129.97 92.76 87.68 82.37 80.52 74.22 73.05 69.23 71.58 72.75 74.74 78.92 83.18 88.67 93.08 94.91 100.15 102.44 107.22 108.75 112.55 112.52 104.9 105.7 103.7 92.39 82.08 63.98 70.16 75.77 49.86 75.77 81.4 83.41 99.48 115.82 114.3 109.19 105.26 105.0 106.69 104.1 110.38 114.04 135.05 134.37 133.83 137.35 126.04 125.0 114.54 82.24 80.32 79.22 79.74 79.85 81.35 89.58 107.0 115.74 130.51 115.46 108.71 107.88 106.03 110.98 126.26 126.47 138.57 140.0 140.0 130.0 115.31 99.28 94.91 72.8 75.77 75.77 72.0 75.29 77.42 82.79 107.52 115.52 110.69 113.27 100.69 90.53 89.66 97.25 103.26 111.82 116.31 115.55 115.0 115.0 100.53 99.63 90.64 84.26 86.81 84.12 82.44 83.42 85.29 89.99 100.92 125.0 114.66 113.31 103.57 100.51 98.73 98.68 103.87 111.48 118.2 122.02 119.54 117.06 112.28 103.81 99.01 94.94 91.57 92.05 93.08 93.21 93.09 96.19 115.46 126.04 132.17 127.54 122.93 119.51 114.01 119.73 128.64 133.96 155.0 147.84 134.4 130.04 121.48 114.62 106.87 97.49 97.98 95.14 91.76 88.59 88.21 91.54 94.82 100.48 106.57 108.51 104.16 100.36 97.62 98.45 102.39 116.89 120.91 120.74 116.91 111.2 100.7 98.61 98.16 90.35 91.55 91.09 84.25 81.08 82.4 83.41 83.41 85.49 89.0 115.0 115.0 112.71 96.76 94.15 92.95 106.29 113.47 110.0 110.0 105.61 101.39 96.02 91.95 92.1 81.86 80.19 79.95 79.54 82.9 85.97 109.02 117.93 121.79 135.48 120.0 106.54 93.35 115.0 118.12 132.8 147.81 123.5 120.17 115.18 111.77 97.78 94.55 92.81 101.9 101.09 99.99 100.55 99.99 96.07 113.68 124.87 130.33 130.39 129.35 113.86 106.68 119.76 135.95 145.29 151.1 151.48 134.97 132.38 128.92 119.62 116.64 104.1 96.18 94.03 91.48 91.38 94.28 98.81 119.69 134.91 140.0 131.89 126.81 122.19 125.23 129.61 132.76 135.91 138.31 138.66 136.56 122.18 114.71 108.46 106.8 94.91 87.89 102.66 83.46 81.46 82.0 87.63 101.95 123.73 129.68 129.24 125.0 99.46 98.2 103.82 118.8 121.29 138.01 120.07
