512 5
1 57 48 47 47
1 0 0 0 0 0 3 1 2 3 0 133 22.37
7 0 6 2 0 10 3 7 19 26 1 89 31.6
10 0 3 0 0 8 3 5 9 17 1 128 33.84
1 0 3 8 0 7 3 4 6 10 1 138 19.63
10 0 0 0 3 7 3 7 8 12 2 119 19.01
1 0 4 10 8 6 3 8 15 19 11 135 34.07
4 0 5 2 7 0 3 11 12 27 2 122 22.67
2 1 0 0 0 0 2 15 22 12 135 27.45
5 0 0 8 7 0 3 11 14 18 12 101 33.34
6 0 2 2 0 5 3 10 13 20 11 139 31.98
4 0 10 6 10 0 3 12 15 21 17 135 19.96
4 0 2 5 5 8 2 16 20 17 163 25.69
6 0 5 0 10 2 1 23 21 131 31.63
10 1 0 0 0 0 3 14 16 21 17 119 23.69
2 1 0 0 0 0 3 22 24 26 27 136 21.63
10 1 0 0 0 0 2 16 18 21 117 32.65
8 0 0 10 0 4 2 28 30 31 139 27.16
4 0 10 6 9 0 3 18 20 21 11 121 34.37
1 1 0 0 0 0 2 23 27 31 171 23.4
10 0 7 10 9 9 2 22 24 12 161 21.63
8 1 0 0 0 0 2 23 26 21 115 22.56
7 0 5 3 6 0 1 28 27 129 28.02
8 0 2 1 0 10 3 25 27 29 29 151 35.34
1 0 0 2 4 0 2 24 29 32 138 27.55
3 0 6 0 10 8 1 25 33 163 23.54
7 0 9 4 6 6 1 28 37 116 19.83
5 0 0 8 1 1 2 29 30 29 163 32.53
10 0 2 8 5 0 1 30 37 153 28.38
4 0 0 9 4 6 1 31 44 138 23.82
9 0 1 3 0 1 1 31 37 159 33.91
8 0 0 3 1 1 1 31 47 139 21.89
1 0 0 0 0 0 0 55 143 35.61
1 0 0 0 0 0 3 33 34 35 0 101 18.49
8 0 5 4 10 10 2 41 52 1 152 26.95
6 0 0 5 6 0 3 36 48 49 1 105 21.47
4 0 7 7 8 0 3 37 39 60 1 88 30.45
4 0 0 3 7 5 3 37 38 50 7 136 25.28
8 0 0 5 5 0 1 62 11 139 18.37
3 0 3 4 5 10 3 40 45 54 11 140 18.45
5 0 10 7 7 2 2 42 58 5 113 32.13
3 0 5 0 1 0 3 43 51 55 14 131 21.11
4 0 4 5 0 10 1 56 9 118 20.78
1 0 3 7 0 10 2 48 53 10 91 18.4
10 0 0 3 8 0 1 44 17 114 33.33
2 1 0 0 0 0 2 46 57 27 127 35.83
7 0 1 6 8 5 2 46 47 14 123 31.79
5 1 0 0 0 0 2 52 61 29 122 23.55
2 1 0 0 0 0 3 51 52 53 21 154 21.25
7 0 3 8 6 3 2 50 61 11 131 25.96
1 0 5 6 10 0 2 51 56 7 151 18.38
10 0 0 0 3 2 1 62 18 105 33.3
3 1 0 0 0 0 2 57 59 23 100 20.95
4 0 0 3 4 5 2 58 59 34 124 24.29
1 0 3 4 10 0 1 55 23 142 20.11
10 0 9 7 1 10 3 55 56 57 14 156 27.53
5 0 0 8 0 5 1 61 24 157 33.88
10 1 0 0 0 0 2 58 59 24 130 25.16
10 0 9 2 10 0 1 60 29 174 35.49
8 0 4 8 10 10 1 62 38 130 19.33
10 0 8 0 5 2 1 60 38 121 35.98
8 0 4 6 9 0 1 63 48 166 27.66
9 0 9 5 3 4 1 63 34 158 24.55
1 0 8 0 7 6 1 63 46 167 34.98
1 0 0 0 0 0 0 56 149 35.29
1 0 0 0 0 0 3 65 66 67 0 145 21.21
2 0 1 0 0 0 3 68 73 74 1 136 18.23
3 0 0 4 0 0 3 70 72 74 1 142 20.77
10 0 0 0 0 8 3 69 71 73 1 113 35.65
5 0 0 0 0 1 3 69 70 79 3 115 21.88
8 1 0 0 0 0 1 92 11 126 25.31
2 0 5 0 0 0 2 76 77 8 136 24.8
3 0 3 0 0 0 3 75 78 82 11 124 21.37
7 0 0 0 0 8 3 78 83 88 4 138 35.06
3 0 0 0 8 0 3 76 87 93 11 122 29.64
4 0 8 0 0 0 1 83 4 133 28.58
10 0 0 0 0 5 3 76 85 88 14 154 25.18
9 0 7 0 0 0 2 80 94 24 165 34.22
3 0 10 0 0 0 2 80 81 10 99 23.47
7 0 0 0 9 0 1 93 14 116 18.37
2 0 0 0 3 0 2 83 85 8 136 26.52
1 0 0 0 0 4 1 86 33 113 31.24
7 0 0 0 0 6 1 90 13 121 36.0
8 0 7 0 0 0 1 85 14 120 24.89
9 1 0 0 0 0 2 84 86 11 104 32.97
2 1 0 0 0 0 1 89 20 118 28.6
2 1 0 0 0 0 3 86 89 91 24 152 21.37
2 0 0 0 0 5 1 92 34 126 20.63
9 0 0 6 0 0 2 92 94 14 145 32.29
6 0 0 8 0 0 2 90 91 24 135 20.71
9 0 0 0 9 0 1 90 26 118 35.37
7 0 0 0 1 0 1 93 35 171 30.6
9 0 0 0 0 7 1 94 30 172 28.58
1 0 0 7 0 0 1 95 36 135 26.48
3 0 0 3 0 0 1 95 42 116 35.16
3 0 6 0 0 0 1 95 39 146 30.29
1 0 0 0 0 0 0 45 185 26.77
1 0 0 0 0 0 3 97 98 99 0 132 24.27
8 0 0 8 8 0 3 103 104 105 1 92 20.01
4 0 0 0 9 10 2 112 123 1 132 29.15
9 0 5 7 5 5 3 100 101 109 1 108 21.61
6 0 0 0 3 0 3 102 108 115 10 116 27.14
8 0 1 10 8 4 3 106 108 116 10 129 29.77
8 0 1 5 4 0 1 114 16 106 29.43
4 0 10 8 3 0 1 111 9 132 19.22
6 0 5 10 7 0 2 110 111 9 120 30.0
10 0 4 9 9 7 2 107 124 9 163 27.9
5 0 8 5 6 0 2 113 126 18 153 24.94
1 0 9 0 1 1 1 120 19 95 33.82
2 0 0 7 4 6 1 126 18 94 29.12
5 0 9 0 4 4 1 121 10 94 34.39
9 0 6 10 10 0 1 117 15 101 29.29
10 0 9 4 2 7 1 117 15 102 30.75
6 0 4 0 5 8 1 125 5 158 30.33
10 1 0 0 0 0 2 118 122 23 121 21.64
6 0 9 3 7 4 2 119 120 24 167 30.44
8 0 4 2 1 5 1 124 16 119 35.75
10 0 1 0 10 0 2 123 125 18 118 23.64
3 1 0 0 0 0 1 123 25 163 20.81
7 0 8 0 0 10 1 119 33 126 18.25
7 0 1 4 3 9 1 121 40 182 35.48
10 0 2 10 1 0 1 122 30 158 34.79
3 0 3 8 0 4 1 124 47 147 26.59
3 0 3 7 3 0 1 125 40 134 21.2
2 1 0 0 0 0 1 126 28 167 25.36
8 0 4 9 6 2 1 127 50 168 19.34
1 0 0 0 2 8 1 127 43 157 33.14
2 0 10 8 3 0 1 127 30 175 27.01
1 0 0 0 0 0 0 58 149 31.53
1 0 0 0 0 0 3 129 130 131 0 114 22.85
8 0 10 3 4 9 3 135 144 147 1 135 28.56
3 0 2 8 9 1 3 134 140 142 1 122 28.26
5 0 10 9 7 3 3 132 139 155 1 107 32.57
4 0 5 10 9 3 3 133 142 150 6 135 35.34
7 0 8 10 5 9 1 136 10 158 24.22
10 0 8 8 10 7 2 146 155 4 111 30.95
2 0 10 7 9 7 3 138 143 157 9 155 34.06
3 0 3 6 2 2 2 137 140 17 108 35.8
1 1 0 0 0 0 2 138 141 20 150 33.1
4 0 10 8 7 2 2 145 149 21 135 18.71
8 0 6 2 8 10 2 142 153 6 112 23.76
3 1 0 0 0 0 1 148 20 150 20.33
7 0 10 6 9 9 2 148 149 21 137 35.17
6 0 2 2 6 6 2 152 154 14 117 30.65
7 0 6 6 6 10 1 146 11 106 23.19
10 0 1 5 3 2 3 146 154 155 9 161 36.12
5 0 4 5 2 4 1 152 25 162 24.48
4 1 0 0 0 0 3 150 152 153 19 145 24.64
6 0 1 8 9 5 2 149 150 9 160 24.42
1 1 0 0 0 0 1 151 28 108 31.05
8 0 1 10 8 8 1 156 28 142 29.09
10 0 10 10 10 5 2 156 158 23 141 26.4
7 1 0 0 0 0 2 153 154 29 173 34.43
10 0 9 6 7 2 1 158 30 114 32.62
3 0 3 8 9 9 2 156 158 36 130 19.18
9 0 6 1 3 8 1 157 36 174 29.52
1 1 0 0 0 0 1 157 19 164 23.63
10 0 8 8 6 5 1 159 39 150 19.52
8 0 2 8 5 5 1 159 45 157 28.11
1 0 6 6 5 8 1 159 40 140 19.65
1 0 0 0 0 0 0 53 130 20.19
1 0 0 0 0 0 3 161 162 163 0 150 24.96
5 0 8 3 5 6 3 166 169 175 1 90 29.92
4 0 8 7 3 6 3 164 165 171 1 113 27.44
1 1 0 0 0 0 3 176 178 180 1 80 21.72
9 0 8 1 7 3 3 170 173 176 5 150 30.32
4 0 10 3 2 3 3 167 168 172 5 152 28.41
6 0 4 4 1 7 1 167 6 88 32.93
3 0 8 5 10 10 3 170 177 183 12 159 32.46
9 0 7 7 4 6 3 181 182 186 9 138 31.02
1 0 4 10 1 1 3 170 176 177 6 125 22.49
1 0 3 2 8 7 3 174 179 184 15 153 22.12
10 0 3 10 1 3 3 177 181 183 5 144 21.79
3 0 3 8 10 7 3 174 182 183 9 117 33.04
9 0 6 3 6 3 3 175 180 185 14 130 27.57
10 0 4 10 1 4 2 180 188 16 171 33.71
8 1 0 0 0 0 3 178 182 184 23 125 32.66
4 1 0 0 0 0 3 179 185 187 14 130 35.28
4 0 1 7 2 2 3 178 184 185 15 158 31.72
3 0 5 4 6 9 2 179 190 31 175 21.02
5 0 2 6 4 3 1 189 34 168 30.73
9 0 3 6 5 7 1 181 26 178 21.1
8 0 7 4 5 9 1 187 35 156 30.37
5 0 2 2 5 7 2 187 190 31 166 28.1
10 1 0 0 0 0 2 188 190 15 114 21.66
1 0 1 1 6 9 2 186 189 31 107 30.52
6 1 0 0 0 0 1 186 23 109 24.85
10 0 7 7 10 7 1 188 32 158 34.83
2 0 2 8 10 8 1 189 43 129 27.78
9 0 3 2 3 4 1 191 42 148 33.84
6 0 1 5 2 3 1 191 45 142 21.02
10 0 4 4 2 4 1 191 36 120 26.02
1 0 0 0 0 0 0 51 133 33.88
1 0 0 0 0 0 3 193 194 195 0 89 34.56
5 0 10 4 6 3 1 205 1 151 20.57
5 0 2 4 4 10 2 214 222 1 108 19.96
1 0 6 4 7 4 3 196 206 210 1 137 34.59
4 0 5 4 9 8 3 197 198 202 2 110 19.88
6 0 7 1 9 10 1 200 6 103 19.65
3 0 5 10 5 9 3 199 201 203 6 106 29.6
4 0 1 3 7 2 1 209 9 133 31.3
4 0 7 5 6 9 1 213 12 149 25.06
3 0 2 4 2 2 2 215 221 9 108 30.78
8 0 7 7 10 8 2 208 218 6 146 32.55
3 0 3 8 5 6 3 204 207 211 9 96 26.18
3 0 1 7 5 4 2 218 219 12 126 20.12
4 0 2 3 5 2 1 206 6 129 34.36
9 0 10 3 3 2 2 213 221 10 165 31.7
8 0 10 10 2 10 2 208 219 12 97 29.41
3 1 0 0 0 0 1 216 20 148 31.56
9 0 2 6 1 2 1 217 13 135 30.32
6 0 9 4 2 4 2 211 220 2 96 20.01
4 0 6 4 1 4 1 212 12 157 25.83
7 0 5 4 10 4 1 218 16 121 30.56
3 1 0 0 0 0 1 217 19 123 26.31
10 0 8 4 4 4 1 216 6 101 22.42
5 0 6 2 9 4 1 220 12 114 24.19
1 1 0 0 0 0 1 220 23 120 36.02
8 0 8 9 5 3 1 222 22 132 31.52
3 0 5 9 8 5 1 222 23 159 35.12
10 0 4 5 6 6 1 221 20 136 27.29
10 0 7 10 10 7 1 223 24 172 30.46
7 0 4 10 5 4 1 223 30 141 24.5
6 0 1 1 7 2 1 223 30 151 20.62
1 0 0 0 0 0 0 37 138 24.93
1 0 0 0 0 0 3 225 226 227 0 127 35.08
7 0 0 0 0 10 1 231 1 147 32.87
8 0 9 0 0 0 3 233 235 247 1 120 22.79
8 0 0 7 0 0 3 228 229 238 1 110 27.23
7 0 0 0 9 0 3 230 234 249 9 161 18.42
6 0 0 0 0 1 3 232 241 247 9 125 30.14
7 0 0 0 0 2 1 240 16 155 30.77
8 0 0 0 7 0 2 232 244 8 126 23.11
7 0 0 2 0 0 3 243 246 251 16 156 31.03
10 0 0 0 2 0 2 237 239 9 129 26.09
5 0 0 0 0 1 3 236 237 248 16 120 20.92
3 0 0 0 6 0 3 236 248 249 9 121 33.61
3 1 0 0 0 0 1 252 21 148 19.29
1 1 0 0 0 0 1 251 21 110 32.59
1 0 0 0 7 0 2 241 242 9 124 34.76
5 0 0 0 0 9 3 240 243 249 19 139 33.96
9 0 0 1 0 0 3 241 242 250 24 157 23.97
5 1 0 0 0 0 2 244 246 33 173 35.63
1 1 0 0 0 0 2 246 254 33 111 22.49
3 0 0 0 0 5 1 253 24 145 26.9
9 0 0 0 3 0 1 245 38 176 34.99
5 0 0 0 10 0 1 252 47 177 26.07
6 0 0 0 7 0 1 252 38 122 18.99
8 0 0 0 8 0 2 248 250 15 113 30.02
10 0 0 0 6 0 1 254 23 155 19.27
3 1 0 0 0 0 2 251 253 24 130 20.21
8 0 0 0 9 0 1 253 33 115 27.81
8 1 0 0 0 0 1 254 27 115 22.81
6 0 8 0 0 0 1 255 52 141 35.42
9 0 0 10 0 0 1 255 41 127 33.09
6 0 0 0 7 0 1 255 35 136 28.71
1 0 0 0 0 0 0 58 140 29.39
1 0 0 0 0 0 3 257 258 259 0 88 24.97
8 0 0 9 7 7 2 260 262 1 102 31.33
6 0 10 2 8 5 2 263 268 1 100 29.58
3 0 0 0 10 6 3 270 278 280 1 149 28.64
7 0 2 0 9 8 2 261 266 9 139 20.44
1 0 0 5 10 9 2 265 273 16 154 21.16
4 0 0 7 4 6 3 264 267 271 9 95 19.02
6 0 3 7 0 0 1 275 7 153 25.62
3 0 10 1 7 3 2 276 282 13 130 33.28
4 1 0 0 0 0 2 274 277 17 108 19.32
4 0 0 0 8 0 2 278 284 16 161 25.44
9 0 0 0 9 6 2 269 281 13 153 21.6
10 0 0 0 3 1 2 271 281 7 120 26.89
7 1 0 0 0 0 2 272 279 22 146 18.41
9 0 2 0 9 3 1 286 4 141 28.46
7 0 3 0 6 9 1 285 17 161 22.03
1 1 0 0 0 0 1 275 29 157 33.15
10 0 3 5 7 8 1 275 17 118 24.48
3 1 0 0 0 0 1 283 21 161 23.74
7 0 0 7 10 4 1 283 30 173 19.29
2 0 0 2 4 6 1 285 16 101 24.33
9 0 7 3 0 7 1 280 21 108 29.85
2 1 0 0 0 0 1 286 20 115 19.64
10 0 6 3 10 2 1 284 29 156 35.16
7 0 8 1 2 7 1 285 30 141 22.23
7 1 0 0 0 0 2 282 283 22 174 20.38
9 0 8 0 2 8 1 286 29 136 30.98
2 0 3 1 0 5 1 284 37 179 27.4
8 0 0 8 6 4 1 287 39 133 27.18
10 0 7 0 8 9 1 287 37 172 34.58
3 0 0 1 3 6 1 287 38 156 23.27
1 0 0 0 0 0 0 47 156 34.33
1 0 0 0 0 0 3 289 290 291 0 106 32.11
3 0 10 10 5 5 3 295 301 302 1 154 20.06
2 0 10 2 3 8 3 293 294 303 1 133 33.11
1 0 5 9 2 8 3 292 297 298 1 94 35.1
7 0 3 2 10 10 3 296 306 308 2 85 29.7
2 0 4 6 10 8 1 299 3 125 31.36
1 1 0 0 0 0 1 300 3 107 28.87
9 0 10 8 8 2 1 307 4 107 19.76
8 0 8 4 4 3 1 316 9 145 19.89
8 1 0 0 0 0 1 312 2 136 31.25
8 0 2 9 2 5 1 305 2 139 26.18
4 0 8 2 6 2 2 311 316 5 155 22.18
10 0 9 1 2 6 1 307 4 119 19.48
4 0 8 4 10 9 2 310 311 4 153 28.46
10 0 4 6 4 1 2 304 318 4 143 34.47
7 0 7 8 8 2 1 309 3 156 23.4
1 1 0 0 0 0 1 310 14 143 35.4
4 0 6 4 5 2 2 306 314 10 152 23.02
9 1 0 0 0 0 1 307 14 169 34.83
1 0 6 3 5 5 1 309 23 149 27.46
4 0 1 6 3 4 2 310 314 9 104 30.48
3 0 4 3 10 8 1 313 24 149 33.69
5 0 10 9 5 6 2 312 315 15 113 27.92
4 1 0 0 0 0 1 314 9 151 22.93
3 0 6 10 9 4 2 313 316 20 114 22.08
1 0 9 3 10 2 1 317 27 170 27.8
7 1 0 0 0 0 1 315 14 140 19.41
6 0 3 9 1 9 1 317 21 133 29.01
9 0 7 6 6 10 1 319 23 105 29.37
7 0 8 9 6 5 1 319 28 113 29.79
3 0 1 2 7 7 1 319 14 105 35.32
1 0 0 0 0 0 0 35 160 33.41
1 0 0 0 0 0 3 321 322 323 0 115 19.74
3 0 0 0 0 10 3 327 332 333 1 139 35.97
7 0 0 0 5 0 3 324 325 328 1 137 29.91
5 0 0 0 0 6 3 333 336 337 1 109 24.83
2 0 0 10 0 0 3 329 330 331 8 137 29.93
3 0 0 0 8 0 3 326 339 341 8 96 21.1
3 0 0 0 0 10 2 329 336 11 124 36.1
8 0 0 0 0 1 3 328 334 335 4 114 23.6
3 0 0 0 2 0 3 343 348 349 12 93 35.87
2 0 0 0 0 6 3 332 333 344 14 128 20.2
2 0 4 0 0 0 2 335 336 10 144 31.91
1 0 0 0 0 9 3 334 335 342 10 157 23.84
4 1 0 0 0 0 3 334 346 347 16 154 25.31
5 0 0 3 0 0 3 338 342 343 16 94 26.85
7 1 0 0 0 0 2 338 345 20 137 32.46
6 0 0 0 0 3 2 337 343 12 135 19.34
8 0 0 0 5 0 3 338 340 342 14 108 35.65
1 0 0 0 10 0 3 339 340 341 18 107 19.51
2 1 0 0 0 0 1 348 27 136 29.1
6 0 0 0 2 0 3 345 347 350 19 156 18.49
6 1 0 0 0 0 1 344 22 172 25.06
9 0 0 10 0 0 1 344 19 169 28.81
5 1 0 0 0 0 2 346 347 22 113 35.55
5 1 0 0 0 0 1 346 21 157 27.89
3 0 7 0 0 0 3 345 349 350 28 135 27.54
6 0 0 5 0 0 1 348 31 170 30.08
9 0 0 0 0 10 1 350 27 133 34.63
10 0 0 0 10 0 1 349 27 144 27.36
3 0 0 0 6 0 1 351 37 165 25.01
6 0 0 0 6 0 1 351 37 122 18.95
3 0 0 5 0 0 1 351 36 129 24.73
1 0 0 0 0 0 0 43 158 23.07
1 0 0 0 0 0 3 353 354 355 0 125 26.96
7 0 4 1 10 1 3 360 369 372 1 100 19.65
4 0 5 3 5 5 3 358 359 361 1 84 33.42
1 0 3 9 5 5 3 356 357 376 1 125 32.01
3 0 1 9 10 1 3 360 362 363 2 150 33.47
6 0 3 5 3 1 2 363 365 2 132 21.65
8 0 2 2 5 10 3 365 371 375 5 102 24.58
9 0 6 5 10 6 3 372 377 379 5 150 23.59
5 0 6 3 1 9 3 368 373 375 8 161 33.72
8 0 7 9 8 8 3 366 372 374 5 87 35.22
3 0 4 9 6 5 3 364 365 375 5 124 19.12
3 0 3 2 7 2 3 364 366 367 8 110 30.35
9 0 4 9 10 1 3 368 370 377 11 150 33.36
5 0 1 3 5 1 3 367 369 378 13 107 18.42
7 0 2 7 2 6 3 369 371 378 13 166 28.56
2 0 9 8 5 7 3 370 373 374 18 110 25.29
7 1 0 0 0 0 2 371 374 20 151 26.37
10 1 0 0 0 0 2 370 373 20 132 23.49
2 1 0 0 0 0 1 381 30 127 18.16
2 1 0 0 0 0 1 380 27 105 26.73
8 1 0 0 0 0 2 376 382 14 134 34.28
7 0 2 2 8 6 2 377 379 30 125 32.25
8 0 8 4 6 6 2 379 381 27 159 20.99
6 0 6 8 2 2 2 378 382 13 96 28.34
6 0 1 1 9 10 1 380 22 155 22.91
10 0 7 7 6 2 1 382 37 154 34.64
5 1 0 0 0 0 1 381 20 169 25.07
1 0 1 1 2 4 1 380 37 161 33.2
9 0 7 1 9 4 1 383 38 138 24.38
3 0 9 4 5 10 1 383 35 125 27.57
2 0 2 7 3 9 1 383 47 168 28.4
1 0 0 0 0 0 0 49 151 27.49
1 0 0 0 0 0 3 385 386 387 0 134 26.1
3 0 5 0 9 10 3 388 399 404 1 89 24.31
8 0 0 6 0 0 3 389 392 396 1 139 27.98
7 0 1 4 7 10 3 393 399 406 1 113 22.27
6 0 7 6 6 5 3 390 394 395 4 112 22.46
5 0 10 4 0 0 3 401 402 406 9 132 35.7
3 0 0 0 1 0 3 391 392 393 10 125 21.36
2 0 0 4 0 7 3 405 407 410 13 122 23.88
5 0 0 4 4 6 3 397 400 413 13 124 34.91
2 0 0 3 10 3 3 398 402 405 13 135 26.78
6 0 1 10 10 2 3 396 402 403 10 163 25.2
2 0 10 4 3 7 3 396 398 405 10 147 32.75
1 0 0 4 3 1 3 400 409 410 16 102 21.45
7 1 0 0 0 0 2 398 403 18 100 27.93
5 1 0 0 0 0 2 401 412 25 145 27.35
10 0 10 2 1 5 2 400 403 8 156 32.0
2 0 3 2 5 0 1 401 18 144 33.44
8 0 8 4 9 3 1 408 30 127 22.51
4 0 5 0 10 10 2 407 411 16 137 34.42
6 1 0 0 0 0 3 408 410 412 25 103 27.75
1 0 1 9 0 8 2 406 407 4 92 25.54
4 0 5 10 0 2 2 409 411 15 131 19.93
1 0 3 2 0 0 2 408 411 14 106 19.07
6 1 0 0 0 0 2 409 414 20 135 20.19
3 0 0 3 3 6 1 414 38 161 31.59
10 0 2 0 8 10 1 413 26 169 31.46
6 0 10 5 9 2 1 414 31 156 27.82
2 0 7 3 10 6 2 412 413 20 111 31.46
10 0 0 6 1 0 1 415 31 153 32.45
5 0 4 2 0 5 1 415 36 176 30.08
10 0 0 8 8 3 1 415 41 141 25.18
1 0 0 0 0 0 0 51 147 34.72
1 0 0 0 0 0 3 417 418 419 0 110 34.55
1 0 3 7 8 2 3 422 424 426 1 103 27.46
7 0 10 8 8 3 3 420 421 423 1 104 22.41
6 0 4 3 10 8 3 429 431 437 1 136 27.94
5 1 0 0 0 0 3 436 437 440 8 158 34.14
8 0 1 2 5 2 2 427 439 8 105 22.08
7 0 4 3 5 7 3 425 429 430 2 94 29.23
5 0 10 8 7 6 3 429 430 442 8 147 19.64
9 0 5 6 10 1 2 427 438 2 119 22.6
9 0 2 8 3 7 3 427 431 435 9 139 29.67
3 0 8 1 8 7 2 428 432 2 89 22.75
6 0 6 6 1 4 2 442 446 18 113 18.85
10 0 2 2 7 7 3 433 434 438 5 99 19.05
7 1 0 0 0 0 3 432 435 436 13 98 26.22
9 0 8 3 2 3 3 431 432 435 13 160 26.38
6 1 0 0 0 0 2 433 434 22 147 19.02
6 0 7 4 3 9 3 433 440 441 22 106 26.51
7 0 3 1 2 3 1 445 28 154 18.64
3 1 0 0 0 0 2 436 443 28 129 26.34
7 0 4 6 10 4 2 438 439 22 116 20.9
9 0 6 3 5 7 2 439 444 31 130 23.9
8 0 2 8 3 1 2 441 442 13 102 20.18
5 0 2 2 2 3 2 440 443 29 170 20.46
1 0 7 5 10 10 1 441 40 125 26.22
9 0 6 7 2 1 2 444 446 34 174 30.74
6 0 2 2 4 10 2 445 446 41 133 28.06
2 0 9 9 9 6 2 443 445 24 164 29.7
10 0 6 5 9 5 1 444 34 135 24.4
3 0 8 6 2 8 1 447 44 130 20.11
4 0 5 5 5 4 1 447 47 140 22.11
9 0 9 3 6 4 1 447 47 139 19.33
1 0 0 0 0 0 0 56 187 22.23
1 0 0 0 0 0 3 449 450 451 0 118 30.74
2 0 5 0 3 0 3 459 472 475 1 118 32.36
5 0 10 7 5 5 3 454 455 457 1 100 32.87
9 0 4 9 8 0 3 452 464 470 1 109 36.0
7 0 3 0 6 2 3 453 456 459 10 99 34.54
6 0 0 10 1 0 3 466 467 471 17 124 23.01
7 0 1 7 2 7 3 459 461 465 6 137 33.05
9 0 9 0 8 7 3 458 463 468 6 149 36.18
2 0 5 0 0 0 3 461 465 471 17 97 18.71
5 0 3 0 8 8 3 460 461 464 6 150 34.28
2 0 6 10 9 0 3 460 462 473 15 105 18.64
10 0 7 0 1 0 3 460 463 468 17 150 31.38
8 0 0 1 5 7 2 477 478 27 113 19.79
5 0 6 0 9 4 3 463 466 469 19 164 32.49
8 0 0 3 6 6 3 469 470 475 17 129 30.57
6 0 0 9 4 9 3 473 474 478 27 106 19.88
7 1 0 0 0 0 3 467 468 474 11 144 32.35
7 0 9 7 5 5 2 466 467 19 140 32.56
5 1 0 0 0 0 3 472 473 478 26 126 33.83
9 0 0 0 1 1 1 475 26 134 23.65
10 0 0 4 0 5 1 469 27 158 32.72
8 0 8 2 7 0 1 477 37 132 27.05
10 1 0 0 0 0 1 471 25 163 29.86
7 0 4 6 9 10 1 472 35 122 27.38
1 0 4 1 10 10 2 474 477 42 138 32.33
2 0 1 2 9 8 1 476 33 112 35.37
4 0 4 8 9 7 1 476 43 125 25.47
7 0 7 8 0 4 1 476 35 178 34.45
9 0 0 1 0 10 1 479 47 141 35.82
2 0 5 7 10 10 1 479 45 176 25.18
1 0 0 1 8 1 1 479 35 116 33.72
1 0 0 0 0 0 0 56 155 24.1
1 0 0 0 0 0 3 481 482 483 0 95 35.08
3 0 0 0 0 10 3 487 492 493 1 119 28.82
7 0 0 0 5 0 3 484 485 488 1 114 32.59
5 0 0 0 0 6 3 493 496 497 1 100 32.7
2 0 0 10 0 0 3 489 490 491 8 102 28.9
3 0 0 0 8 0 3 486 499 501 8 149 24.09
3 0 0 0 0 10 2 489 496 11 111 25.21
8 0 0 0 0 1 3 488 494 495 4 130 27.59
3 0 0 0 2 0 3 503 508 509 12 133 21.1
2 0 0 0 0 6 3 492 493 504 14 116 20.78
2 0 4 0 0 0 2 495 496 10 126 32.75
1 0 0 0 0 9 3 494 495 502 10 101 29.86
4 1 0 0 0 0 3 494 506 507 16 142 22.65
5 0 0 3 0 0 3 498 502 503 16 105 21.74
7 1 0 0 0 0 2 498 505 20 121 35.95
6 0 0 0 0 3 2 497 503 12 147 30.21
8 0 0 0 5 0 3 498 500 502 14 135 34.15
1 1 0 0 0 0 3 499 500 501 18 121 32.45
2 1 0 0 0 0 1 508 27 124 34.54
6 0 0 0 2 0 3 505 507 510 19 145 23.81
6 1 0 0 0 0 1 504 22 140 18.76
9 0 0 10 0 0 1 504 19 139 27.29
5 0 0 1 0 0 2 506 507 22 129 35.12
5 1 0 0 0 0 1 506 21 140 30.18
3 0 7 0 0 0 3 505 509 510 28 166 34.26
6 0 0 5 0 0 1 508 31 158 36.15
9 0 0 0 0 10 1 510 27 132 18.54
10 0 0 0 10 0 1 509 27 139 29.82
3 0 0 0 6 0 1 511 37 174 22.69
6 0 0 0 6 0 1 511 37 126 35.46
3 0 0 5 0 0 1 511 36 155 22.36
1 0 0 0 0 0 0 43 179 22.5
74.89 70.06 38.09 41.5 74.3 80.24 229.52 262.77 179.0 139.31 99.15 95.78 129.35 105.39 131.67 150.0 165.0 145.0 130.0 165.0 145.44 116.26 130.0 88.67 79.25 80.38 81.28 80.57 84.17 101.8 122.89 133.83 146.8 132.61 125.2 120.56 118.25 121.75 125.94 135.95 146.66 152.24 141.76 133.9 118.07 94.05 100.5 86.66 86.54 84.95 81.03 79.81 84.95 95.93 119.06 133.72 144.22 133.53 108.03 91.41 85.6 86.04 92.91 115.15 119.94 140.72 150.0 145.35 135.08 123.06 115.19 100.21 97.39 97.02 96.22 97.37 96.94 111.24 141.97 153.11 160.3 151.64 132.75 123.25 113.85 113.3 129.8 153.72 161.45 178.92 174.84 161.29 150.56 134.48 126.66 120.2 120.0 117.35 114.01 114.01 116.58 121.01 154.37 159.87 163.7 154.82 130.1 126.2 120.06 121.19 119.89 151.47 168.59 184.56 184.48 178.99 162.66 152.7 152.38 134.97 139.56 131.39 125.78 119.17 119.22 120.86 127.18 144.74 153.46 142.44 128.4 120.08 110.29 103.4 113.7 129.91 155.04 168.01 167.41 162.98 156.6 145.24 141.73 131.74 133.26 126.91 122.99 120.66 122.34 123.41 128.09 135.9 137.3 137.7 130.04 129.33 122.24 111.88 116.65 128.89 153.14 165.25 172.32 173.95 165.5 155.77 148.44 133.24 129.54 126.63 124.72 120.04 123.24 127.77 159.18 207.88 243.23 178.04 149.95 126.16 117.27 115.52 124.31 147.32 169.51 214.64 200.73 201.1 167.74 153.0 144.21 135.81 132.4 125.54 123.18 123.99 123.25 127.63 155.37 191.13 211.99 163.31 136.53 126.71 117.55 113.18 120.09 138.47 170.43 178.26 175.0 171.02 152.85 131.0 130.77 123.05 115.2 110.86 110.27 109.09 115.43 122.5 147.67 168.12 180.81 159.33 133.5 121.97 117.02 119.5 128.85 144.12 160.36 177.15 189.9 189.63 170.0 155.42 143.7 133.68 133.67 129.8 125.95 125.0 125.01 134.5 154.93 180.09 219.08 178.95 160.22 150.88 145.88 142.97 139.07 150.09 171.17 176.63 169.12 162.12 135.15 123.54 131.27 121.95 126.05 112.7 108.82 105.0 114.14 127.75 178.61 181.71 164.98 150.47 134.44 117.05 113.52 118.79 122.32 151.3 133.7 132.92 136.89 132.27 111.54 87.65 98.8 100.0 83.39 86.49 86.39 88.13 89.69 90.99 88.95 93.24 112.24 97.54 94.55 86.74 85.4 87.56 92.77 118.0 136.88 144.46 160.47 160.33 155.17 149.0 143.56 135.53 135.0 127.75 124.07 119.3 116.81 117.0 117.0 133.43 136.77 120.94 113.7 109.1 87.08 98.01 109.9 120.4 138.0 142.93 155.76 150.6 144.55 142.16 143.0 128.54 119.56 114.07 111.4 107.72 107.31 115.58 153.71 173.8 181.36 163.18 141.45 121.23 125.33 124.09 136.91 152.78 140.3 126.84 125.09 140.0 120.0 109.21 131.31 88.52 78.92 86.98 135.0 105.01 88.55 99.0 145.0 194.13 169.7 143.69 116.05 104.85 107.55 117.2 130.96 135.7 145.75 143.93 145.0 156.88 156.01 137.8 141.47 128.2 129.26 127.91 126.82 126.59 128.74 128.87 141.3 173.11 180.0 174.92 168.75 168.43 157.95 159.23 141.48 150.0 160.1 162.69 181.66 183.99 152.14 144.99 139.78 133.0 132.38 140.12 150.74 144.49 146.91 133.16 135.3 270.7 251.77 222.64 205.6 185.9 176.9 184.44 190.0 211.71 200.21 207.33 205.5 196.52 176.36 162.92 153.12 139.32 139.65 137.01 131.66 131.43 130.78 140.09 163.63 224.86 261.75 214.52 180.61 163.74 150.06 149.42 157.07 172.21 196.88 292.25 288.53 224.61 183.55 163.6 153.0 140.03 135.66 130.69 120.25 118.7 118.97 120.87 134.52 149.23 150.53 137.05 124.59 118.36 112.39 110.01 116.42 129.59 145.64 164.02 175.23 161.46 141.16 116.37 130.3 120.32 134.11 128.9 123.57 119.9 119.57 119.84 118.05 124.47 123.77 125.75 131.48 128.92 127.85 121.36 123.67 127.33 139.52 170.0 172.12 168.8 155.51 134.93 132.06 131.51 125.9 121.06 120.34 125.94 129.5 126.7 157.39 208.25 209.79 171.3 139.67 116.94 113.24 106.55 118.11 135.02 173.29 225.32 271.52 216.5 179.08 151.4 131.21 122.95 134.75 126.4 127.5 114.54 110.45 108.19 135.32 186.2 193.8 141.92 117.27 98.81 79.06 84.62 98.35 104.87 190.7 189.76 176.77 165.0 142.03 141.9 119.58 103.61 94.31 93.84 96.91 95.24 102.66 141.4 155.0 180.26 166.37 128.76 109.88 92.9 90.14 91.8 92.23 107.41 147.49 161.25 159.24 160.76 141.4 109.61 103.4 91.8 114.41 118.13 130.0 113.87 113.59 130.0 148.54 140.0 129.45 114.24 104.15 94.18 97.41 93.06 100.4 97.28 114.1 139.8 156.19 150.71 147.34 121.67 118.79 90.0 73.45 70.72 73.03 72.42 81.11 120.0 125.17 165.34 150.72 131.26 104.33 87.37 79.1 77.95 91.97 87.88 165.72 148.62 154.5 152.0 163.87 82.7 82.9 97.94 71.48 71.73 71.92 71.65 72.29 80.0 113.21 123.18 115.0 70.93 58.53 57.76 54.57 56.75 68.09 73.31 82.0 115.0 99.24 95.0 105.0 100.0 75.3 71.54 77.95 67.63 72.42 69.74 72.51 72.53 92.28 102.91 112.52 100.63 85.49 88.98 72.5 72.48 85.6 106.6 127.71 145.54 152.08 135.33 136.61 117.64 130.0 103.81 78.91 105.0 73.83 73.2 73.2 77.5 104.0 181.78 196.24 124.4 182.35 110.0 105.0 82.1 73.13 77.53 83.93 120.0 120.0 119.4 100.33 87.23 94.06 95.42 74.35 89.16 81.26 82.35 86.45 90.09 123.16 146.91 170.88 154.68 141.5 127.78 125.97 127.61 136.49 150.81 158.69 189.96 216.32 174.62 149.42 137.98 127.44 109.8 123.78 121.07 117.85 117.07 117.62 115.58 144.3 175.0 177.8 159.79 143.14 130.76 120.54 120.65 126.59 130.93 141.79 156.15 162.62 155.0 136.33 107.16 117.43 109.34 97.31 103.81 101.94 100.5 100.94 105.09 126.64 155.0 156.28 140.42
