512 5
1 40 42 46 32
1 0 0 0 0 0 3 1 2 3 0 122 15.27
9 0 0 4 0 0 3 4 7 8 1 140 11.21
9 0 0 7 0 9 3 9 10 11 1 121 9.94
8 0 0 5 0 0 3 5 6 17 1 130 10.4
1 0 1 0 0 5 3 9 10 15 10 175 17.71
6 0 0 7 0 0 3 12 18 25 9 133 12.02
6 0 3 3 10 0 3 9 11 15 9 161 9.59
2 0 0 0 0 5 1 10 10 171 12.74
6 0 0 6 1 3 3 12 20 21 10 141 15.11
7 0 0 4 0 0 3 13 23 25 15 133 13.43
1 0 6 3 0 0 3 20 21 25 12 169 16.68
4 0 3 0 3 0 3 19 23 24 15 107 10.22
5 0 2 3 3 2 3 15 16 19 16 124 11.72
10 0 10 7 6 0 2 14 16 22 119 15.72
10 1 0 0 0 0 3 18 20 30 32 124 14.13
5 0 8 10 0 10 3 22 23 29 21 185 9.88
7 0 8 0 0 0 2 22 28 32 191 15.27
2 0 2 0 1 1 3 18 19 27 9 108 16.85
10 0 6 7 6 0 2 21 24 42 166 12.97
10 0 4 3 6 5 2 22 26 21 139 17.04
6 0 0 0 8 0 1 24 42 161 11.18
1 0 0 0 0 6 1 28 52 183 9.23
9 0 1 0 0 4 1 30 39 143 11.19
7 0 2 3 0 0 2 26 27 26 181 17.4
10 0 0 0 2 0 1 29 52 174 11.34
8 0 3 1 0 0 3 26 27 29 22 131 16.95
8 1 0 0 0 0 1 30 33 171 11.32
1 1 0 0 0 0 1 28 33 121 10.19
8 0 0 0 0 7 1 31 53 160 14.56
3 0 0 0 10 0 1 31 62 195 17.48
8 0 7 0 1 1 1 31 48 180 10.21
1 0 0 0 0 0 0 65 172 13.12
1 0 0 0 0 0 3 33 34 35 0 129 11.93
5 0 0 0 0 8 3 37 38 41 1 168 17.18
3 0 0 7 0 0 1 51 1 146 11.98
7 0 4 0 0 0 1 36 1 96 14.94
3 0 0 0 6 0 2 39 48 8 117 16.26
4 0 0 9 0 0 1 44 6 93 14.47
6 0 8 0 0 0 1 43 6 164 9.24
7 0 5 0 0 0 3 40 45 47 11 135 18.02
2 1 0 0 0 0 3 50 52 53 18 102 11.98
10 0 0 3 0 0 3 42 46 55 6 124 11.45
6 0 0 0 5 0 1 62 16 106 11.25
5 0 0 0 10 0 1 61 12 174 17.73
5 0 2 0 0 0 1 45 10 161 11.71
8 0 0 6 0 0 2 58 62 18 167 14.16
7 0 4 0 0 0 1 49 16 125 15.32
7 0 7 0 0 0 1 57 18 143 13.08
3 0 0 0 0 5 1 56 11 159 11.38
6 0 0 8 0 0 3 53 56 58 23 119 15.71
7 1 0 0 0 0 1 54 20 182 14.17
8 0 0 8 0 0 2 57 60 4 142 9.9
9 1 0 0 0 0 2 56 57 20 190 14.59
10 0 0 0 0 7 2 60 62 29 197 15.41
7 0 0 0 0 5 1 60 27 123 11.59
6 0 0 0 0 10 1 61 16 173 14.6
5 0 0 0 0 3 1 59 29 152 12.83
1 0 0 0 0 9 1 59 29 150 10.74
1 0 9 0 0 0 1 59 29 124 17.88
5 0 0 0 8 0 1 61 34 146 12.1
1 0 5 0 0 0 1 63 39 139 9.18
4 0 0 1 0 0 1 63 39 181 18.27
2 0 0 6 0 0 1 63 39 147 14.35
1 0 0 0 0 0 0 43 150 10.09
1 0 0 0 0 0 3 65 66 67 0 89 17.76
1 0 5 7 10 5 3 76 89 91 1 86 14.02
7 0 5 4 10 7 3 68 72 75 1 105 16.44
1 0 10 3 2 7 3 69 71 78 1 165 10.98
4 0 10 3 6 8 3 70 81 85 8 176 10.78
2 0 1 9 9 2 1 83 2 96 12.26
6 0 6 6 8 3 3 74 79 91 12 117 17.0
8 0 10 6 8 7 3 73 74 84 2 131 14.98
5 0 8 6 8 5 3 74 81 84 8 155 14.81
4 0 10 10 1 9 2 82 88 10 155 12.59
1 0 7 10 8 5 1 89 18 165 16.66
7 0 9 10 10 5 2 77 84 8 106 16.72
5 0 10 10 6 7 3 80 93 94 2 137 10.57
4 0 8 4 1 8 1 94 15 167 14.39
9 0 4 10 10 9 2 82 90 2 120 16.4
9 0 8 1 4 6 3 83 86 92 18 165 13.22
4 0 10 10 3 6 1 85 7 170 14.73
2 0 10 6 1 7 3 88 89 91 13 160 15.48
7 0 9 2 5 4 1 85 14 118 18.1
8 1 0 0 0 0 1 87 27 160 9.94
3 0 4 7 10 8 2 86 94 15 99 16.73
10 0 1 1 8 1 1 92 21 190 16.22
2 1 0 0 0 0 1 87 27 145 16.14
7 1 0 0 0 0 1 88 35 128 10.3
10 0 5 9 4 1 1 90 42 176 15.52
7 0 9 3 1 3 2 90 92 19 156 14.07
8 0 4 9 2 6 1 93 52 164 13.61
7 0 9 5 3 6 1 93 18 127 16.39
2 1 0 0 0 0 1 95 31 172 14.17
4 0 4 3 7 7 1 95 60 215 12.8
9 1 0 0 0 0 1 95 19 158 17.01
1 0 0 0 0 0 0 64 183 12.62
1 0 0 0 0 0 3 97 98 99 0 144 13.03
4 0 0 10 10 0 3 108 109 113 1 166 15.37
10 0 10 3 4 0 2 106 108 1 97 11.7
4 0 8 0 0 0 3 100 101 102 1 87 13.74
5 0 0 2 1 3 2 103 115 5 92 11.61
8 0 6 0 7 0 2 117 125 5 170 14.76
2 0 0 0 4 6 1 118 5 99 13.09
2 0 0 10 3 0 2 104 105 10 162 9.57
10 1 0 0 0 0 1 112 12 137 14.84
2 0 0 0 0 1 3 107 110 123 12 101 10.31
6 0 1 0 0 6 2 109 121 11 123 10.59
7 0 0 1 0 0 1 119 14 172 11.89
2 0 0 0 3 0 3 111 122 124 11 141 14.36
10 0 0 7 0 2 1 116 17 132 16.75
4 0 0 0 0 8 1 126 14 125 12.82
9 1 0 0 0 0 1 126 13 168 13.11
2 1 0 0 0 0 2 114 120 22 108 13.5
8 1 0 0 0 0 1 117 5 147 15.42
6 0 0 0 0 6 1 117 24 155 11.23
8 0 0 5 10 4 1 118 10 165 14.64
4 0 5 0 0 6 1 124 27 122 13.15
3 0 0 9 0 7 1 123 30 163 13.42
1 0 6 7 0 0 1 123 18 148 12.47
2 1 0 0 0 0 1 125 21 127 11.93
4 0 5 0 1 5 2 121 122 24 112 13.91
6 0 7 0 6 1 1 126 28 172 12.65
5 0 0 0 10 0 1 125 28 116 13.69
1 0 0 1 10 6 1 124 33 175 11.74
6 0 0 4 6 0 1 127 34 151 15.53
2 0 3 2 0 1 1 127 33 155 18.28
5 0 4 0 0 1 1 127 34 160 14.48
1 0 0 0 0 0 0 40 178 9.9
1 0 0 0 0 0 3 129 130 131 0 134 15.46
3 0 0 0 0 9 3 139 143 153 1 92 12.24
8 0 0 0 0 7 3 135 140 149 1 171 13.16
4 0 0 7 0 0 3 132 133 139 1 136 10.28
4 0 0 3 0 0 3 141 145 149 5 167 11.8
6 0 0 0 9 0 2 134 135 5 117 18.27
5 0 0 0 3 0 3 140 145 149 11 131 10.25
7 0 10 0 0 0 3 136 137 146 11 144 14.48
2 1 0 0 0 0 3 138 141 142 18 143 15.83
5 0 0 0 7 0 3 142 147 150 18 142 14.09
1 1 0 0 0 0 2 144 152 20 180 9.73
9 0 0 0 5 0 3 140 144 146 5 121 17.3
9 0 0 0 0 5 3 141 147 157 16 135 17.14
5 1 0 0 0 0 1 151 25 187 9.65
10 0 0 0 0 3 2 148 152 23 140 10.25
8 1 0 0 0 0 2 146 148 4 137 12.78
10 1 0 0 0 0 2 145 150 21 156 9.86
2 0 0 0 0 7 3 148 151 154 31 168 16.19
8 1 0 0 0 0 3 147 150 155 18 146 10.33
8 0 0 5 0 0 2 151 156 26 122 11.77
9 0 0 4 0 0 1 158 33 168 11.63
1 0 0 0 2 0 2 153 155 16 164 12.44
3 0 3 0 0 0 1 154 31 169 15.11
7 0 3 0 0 0 1 158 34 139 9.7
10 0 0 0 3 0 2 153 155 33 137 12.2
6 0 0 0 0 9 3 154 156 157 43 159 14.58
5 0 0 0 0 7 1 158 49 201 17.59
10 0 0 0 4 0 2 156 157 43 168 10.58
10 0 0 0 0 9 1 159 53 200 18.09
10 0 2 0 0 0 1 159 53 170 11.33
8 0 0 2 0 0 1 159 54 202 12.6
1 0 0 0 0 0 0 63 146 14.13
1 0 0 0 0 0 3 161 162 163 0 155 15.61
4 0 4 10 10 0 3 165 167 171 1 165 14.72
6 1 0 0 0 0 2 166 186 1 127 15.25
1 0 1 0 0 5 1 164 1 130 16.11
6 0 0 6 8 0 3 173 175 178 2 134 10.23
9 0 0 10 9 9 2 168 169 5 139 11.85
3 1 0 0 0 0 1 187 7 99 9.54
7 0 0 0 0 1 2 180 188 5 172 13.54
2 0 4 0 0 5 1 170 14 102 11.49
8 0 8 0 0 0 3 172 181 189 14 112 10.29
7 0 0 0 7 1 1 185 16 182 16.86
7 0 10 0 0 7 1 186 5 109 15.51
2 0 4 10 0 2 1 174 22 184 17.28
8 0 8 0 3 0 3 179 181 184 8 119 9.95
5 1 0 0 0 0 3 176 177 182 24 165 17.55
4 0 0 8 0 0 2 183 190 8 132 11.23
1 0 6 4 0 0 2 180 184 29 162 12.94
10 0 9 0 5 4 1 186 29 158 15.99
9 0 6 0 9 0 1 180 8 167 10.29
8 0 0 0 0 9 1 182 16 181 14.76
6 0 1 8 9 0 1 185 30 156 14.01
8 1 0 0 0 0 1 185 22 134 12.25
1 1 0 0 0 0 1 187 29 124 12.4
6 1 0 0 0 0 1 184 12 149 13.91
1 0 0 10 4 2 1 187 30 138 13.61
8 0 0 8 0 0 1 190 36 187 17.94
10 0 1 0 0 0 1 190 39 187 11.93
2 0 1 0 0 6 1 188 31 185 15.97
4 0 0 0 3 5 1 191 33 151 17.65
10 0 0 4 0 7 1 191 22 122 13.53
2 0 0 9 8 0 1 191 49 206 12.23
1 0 0 0 0 0 0 51 153 15.42
1 0 0 0 0 0 3 193 194 195 0 158 16.56
4 0 4 8 0 0 3 196 198 207 1 109 9.82
1 0 5 0 0 5 2 197 205 1 132 15.56
5 0 4 0 0 3 2 199 218 1 146 11.58
9 0 0 3 0 3 3 206 209 221 5 125 10.72
10 0 0 4 3 0 3 201 202 217 2 166 17.45
6 0 9 0 2 2 1 212 5 165 10.42
1 0 0 4 0 0 3 200 202 220 6 109 14.87
9 0 9 5 0 0 2 210 213 7 147 12.73
2 0 0 10 7 0 1 208 12 164 17.23
8 0 0 0 7 3 3 203 204 211 12 163 11.71
8 0 0 5 10 0 1 210 20 164 14.34
8 1 0 0 0 0 1 213 20 189 14.4
2 0 4 10 0 7 1 213 2 132 16.61
2 0 8 0 3 0 3 211 216 219 14 159 13.09
10 0 3 2 4 5 1 219 5 132 12.48
8 0 7 5 0 0 1 221 14 116 17.47
10 0 10 3 0 0 1 214 14 119 11.59
2 1 0 0 0 0 1 216 28 185 11.75
10 0 0 0 2 7 1 222 20 173 10.08
5 0 3 0 5 0 1 215 11 101 12.23
3 1 0 0 0 0 1 216 28 177 13.8
6 1 0 0 0 0 1 215 24 185 16.95
5 0 2 5 0 4 1 217 30 178 17.21
10 0 0 0 0 2 1 222 31 132 18.21
10 0 5 6 0 10 1 222 35 136 14.95
8 0 0 5 0 0 1 219 6 178 15.21
10 0 0 5 0 0 1 220 16 129 11.47
2 1 0 0 0 0 1 223 26 184 12.41
10 1 0 0 0 0 1 223 22 162 14.75
3 0 3 0 5 0 1 223 45 194 9.69
1 0 0 0 0 0 0 48 162 16.43
1 0 0 0 0 0 3 225 226 227 0 129 9.98
3 0 3 0 1 0 3 228 231 235 1 97 9.37
3 0 0 0 0 2 3 233 234 236 1 140 13.53
5 0 2 1 10 0 3 229 230 237 1 140 9.78
3 0 0 0 0 2 3 240 243 252 4 93 11.07
7 0 10 6 0 4 3 232 236 242 6 126 12.44
2 0 0 2 0 10 3 232 234 236 6 137 14.3
3 0 9 0 4 4 3 232 234 243 4 129 15.98
8 0 2 4 7 6 3 239 244 247 13 125 16.94
9 0 0 2 0 9 3 238 241 243 4 136 15.57
8 0 0 4 0 0 3 238 241 248 8 114 13.52
8 0 10 9 4 0 3 240 248 252 4 130 16.36
10 0 0 7 5 0 3 238 244 251 13 178 15.21
4 0 2 4 0 0 3 239 242 251 6 144 15.07
2 1 0 0 0 0 3 239 240 246 23 122 17.13
6 0 2 0 0 7 2 245 254 25 111 9.88
5 1 0 0 0 0 1 245 25 176 11.5
9 1 0 0 0 0 2 242 253 16 181 13.54
5 1 0 0 0 0 2 244 254 25 167 11.39
7 0 0 0 0 2 2 245 249 13 124 13.77
4 0 8 0 0 3 1 250 30 176 9.38
4 0 0 4 5 0 1 253 31 118 11.23
1 0 0 3 0 0 2 249 250 25 142 16.72
10 1 0 0 0 0 2 248 250 21 178 10.53
10 0 0 0 0 9 2 249 251 31 161 10.38
9 0 9 0 0 4 1 253 41 170 17.39
4 0 0 2 2 8 1 252 34 133 16.44
3 0 0 0 0 10 1 254 41 191 10.01
5 0 5 0 3 2 1 255 38 128 10.4
6 0 0 6 0 1 1 255 50 194 18.09
8 0 0 9 0 7 1 255 44 182 11.16
1 0 0 0 0 0 0 56 200 17.76
1 0 0 0 0 0 3 257 258 259 0 157 11.86
10 0 0 5 0 0 3 260 264 285 1 94 9.8
6 0 0 10 0 0 3 261 263 267 1 160 13.05
8 0 0 0 0 1 2 268 278 1 169 9.77
6 0 0 2 0 0 1 272 11 168 15.88
5 0 0 0 0 7 3 262 270 272 7 150 17.97
9 1 0 0 0 0 1 265 12 166 17.0
1 0 0 0 7 0 1 279 7 173 10.42
6 0 6 0 0 0 3 266 271 274 11 175 9.92
6 0 0 2 0 0 1 284 21 147 12.19
6 0 0 8 0 0 2 277 280 17 135 14.89
1 1 0 0 0 0 2 269 273 7 115 10.04
4 0 2 0 0 0 1 282 9 127 18.18
1 1 0 0 0 0 1 282 8 136 17.03
7 1 0 0 0 0 1 281 12 111 10.65
8 1 0 0 0 0 3 273 276 279 17 130 15.02
4 0 0 0 0 2 1 277 17 157 13.25
3 1 0 0 0 0 1 275 25 149 16.2
3 1 0 0 0 0 2 275 284 17 166 11.36
2 1 0 0 0 0 1 283 28 133 17.01
1 1 0 0 0 0 1 277 25 114 11.39
3 1 0 0 0 0 2 281 283 26 128 16.37
6 0 0 0 1 0 1 279 9 143 10.78
10 0 0 0 0 3 1 283 25 183 13.86
1 0 0 0 0 4 1 286 23 162 13.13
4 1 0 0 0 0 1 286 29 188 10.16
6 1 0 0 0 0 1 284 13 175 13.85
6 0 0 2 0 0 1 286 35 192 14.39
3 0 0 0 10 0 1 287 27 186 13.24
4 0 0 0 0 9 1 287 11 98 10.35
8 0 1 0 0 0 1 287 41 138 10.54
1 0 0 0 0 0 0 49 185 14.54
1 0 0 0 0 0 3 289 290 291 0 132 11.99
8 0 0 8 8 0 3 295 296 297 1 134 16.11
4 0 0 0 9 10 2 304 315 1 104 11.67
9 0 5 7 5 5 3 292 293 301 1 127 9.2
6 0 0 0 3 0 3 294 300 307 10 118 11.57
8 0 1 10 8 4 3 298 300 308 10 142 18.12
8 0 1 5 4 0 1 306 16 117 15.16
4 0 10 8 3 0 1 303 9 131 15.74
6 0 5 10 7 0 2 302 303 9 173 9.69
10 0 4 9 9 7 2 299 316 9 119 14.36
5 0 8 5 6 0 2 305 318 18 111 12.34
1 0 9 0 1 1 1 312 19 158 17.43
2 0 0 7 4 6 1 318 18 102 14.49
5 0 9 0 4 4 1 313 10 127 16.76
9 0 6 10 10 0 1 309 15 173 15.64
10 0 9 4 2 7 1 309 15 158 13.0
6 0 4 0 5 8 1 317 5 128 15.74
10 0 0 0 9 3 2 310 314 23 175 12.36
6 1 0 0 0 0 2 311 312 24 162 14.4
8 0 4 2 1 5 1 316 16 165 16.52
10 0 1 0 10 0 2 315 317 18 116 14.85
3 1 0 0 0 0 1 315 25 110 18.26
7 0 8 0 0 10 1 311 33 164 11.91
7 0 1 4 3 9 1 313 40 201 16.33
10 0 2 10 1 0 1 314 30 139 10.23
3 0 3 8 0 4 1 316 47 168 18.04
3 0 3 7 3 0 1 317 40 145 15.87
2 1 0 0 0 0 1 318 28 117 13.21
8 0 4 9 6 2 1 319 50 180 16.51
1 0 0 0 2 8 1 319 43 167 14.77
2 0 10 8 3 0 1 319 30 132 13.96
1 0 0 0 0 0 0 58 163 10.42
1 0 0 0 0 0 3 321 322 323 0 167 10.32
9 0 7 1 6 8 3 331 332 348 1 96 11.42
10 0 0 0 6 6 2 325 326 1 123 13.38
9 0 10 4 1 7 2 324 328 1 145 13.76
10 0 3 0 3 8 1 346 10 160 14.54
7 0 5 10 8 0 2 327 338 11 107 11.14
1 0 3 2 5 3 1 341 11 94 15.04
4 0 4 7 0 10 3 329 336 340 18 128 17.32
4 0 1 9 0 8 1 347 10 146 14.96
4 0 0 2 6 1 2 330 341 22 171 13.89
8 0 10 0 0 2 1 335 26 143 17.91
9 0 1 8 9 5 3 334 343 349 10 101 11.81
3 0 8 5 6 0 3 333 339 342 10 118 13.83
2 0 8 2 4 7 2 334 345 13 146 14.65
1 0 1 0 2 2 1 338 19 123 11.66
3 1 0 0 0 0 1 337 34 183 12.69
7 0 3 3 7 6 1 345 22 142 13.39
7 0 0 3 0 1 1 344 37 146 12.69
4 1 0 0 0 0 1 346 20 140 9.33
6 0 0 5 1 0 1 347 13 179 12.54
9 0 2 4 0 7 1 350 22 172 10.69
9 0 0 0 8 8 2 343 349 26 170 10.18
8 1 0 0 0 0 1 349 13 150 15.86
8 0 9 0 1 4 1 350 35 188 11.11
6 1 0 0 0 0 2 345 348 44 205 9.77
10 0 7 10 6 0 1 346 50 154 14.61
7 0 2 0 0 0 1 347 60 204 11.41
6 0 10 6 9 9 1 350 67 210 17.15
4 1 0 0 0 0 1 351 50 192 9.2
1 1 0 0 0 0 1 351 35 138 9.94
9 0 0 3 7 0 1 351 73 175 14.93
1 0 0 0 0 0 0 82 182 10.8
1 0 0 0 0 0 3 353 354 355 0 161 16.73
7 0 10 1 9 3 3 357 364 373 1 151 15.94
3 0 1 4 7 4 3 358 368 371 1 100 10.86
2 0 3 7 6 10 3 356 360 365 1 116 15.94
1 0 5 4 7 5 3 359 361 362 3 136 17.7
9 0 8 10 10 3 3 361 362 368 8 123 15.02
7 0 3 7 4 10 3 366 370 373 4 137 9.25
5 0 4 6 10 7 3 363 368 372 4 156 13.4
3 0 10 8 1 7 3 362 364 379 3 120 12.64
4 1 0 0 0 0 3 363 366 369 17 135 15.06
9 0 6 10 1 5 2 367 382 17 109 9.8
5 1 0 0 0 0 3 371 374 376 21 132 9.26
7 0 5 9 10 9 3 366 369 376 8 142 11.52
2 0 3 10 8 8 3 370 377 378 3 126 18.04
5 0 8 9 8 6 1 380 21 179 13.18
5 1 0 0 0 0 2 369 376 26 190 17.88
6 0 7 2 5 1 3 370 375 378 17 171 13.27
8 1 0 0 0 0 2 371 372 31 127 9.51
7 0 8 4 7 2 3 374 379 380 23 124 9.82
5 1 0 0 0 0 1 375 39 167 9.7
1 1 0 0 0 0 2 375 381 39 134 9.91
5 0 3 10 9 9 3 374 377 378 11 133 13.32
9 0 1 8 3 1 1 382 30 144 15.02
9 0 3 5 10 4 1 377 44 187 9.74
6 0 2 8 5 5 1 381 31 146 15.21
10 0 10 10 2 6 1 380 53 147 13.86
7 0 7 9 5 4 2 379 381 23 176 16.79
6 0 2 4 10 8 1 382 30 174 15.26
2 0 10 7 6 4 1 383 63 199 12.95
7 0 8 10 1 3 1 383 40 187 11.68
5 0 9 10 9 9 1 383 39 196 13.3
1 0 0 0 0 0 0 65 156 10.23
1 0 0 0 0 0 3 385 386 387 0 128 12.93
6 0 0 0 2 0 3 391 394 403 1 148 13.01
1 0 2 7 0 7 3 389 390 397 1 108 13.77
5 0 0 7 0 0 3 388 392 404 1 135 16.46
6 0 9 0 3 10 3 393 398 411 6 143 9.29
10 0 6 0 0 0 3 394 395 396 2 160 10.22
10 0 8 0 0 5 2 391 402 2 143 17.78
4 0 0 1 0 4 3 393 399 400 12 152 11.51
9 0 9 2 0 0 3 393 397 405 6 111 10.88
2 0 0 0 0 9 3 396 401 414 16 130 16.93
4 0 10 5 0 2 3 401 404 408 12 123 11.23
6 0 1 10 0 0 3 403 406 408 12 136 9.82
7 1 0 0 0 0 1 407 18 127 14.28
9 0 10 4 0 0 3 402 408 409 15 134 17.19
9 0 10 0 8 3 3 399 400 402 12 177 13.77
6 1 0 0 0 0 2 405 410 21 159 18.26
5 1 0 0 0 0 2 401 406 21 144 15.03
2 1 0 0 0 0 1 409 26 180 17.82
8 0 7 2 0 0 3 406 407 414 24 134 9.3
9 0 8 0 3 1 3 404 407 411 18 119 16.65
6 0 5 1 5 0 2 405 409 27 143 12.63
5 0 0 0 0 9 1 413 33 152 9.2
4 0 8 0 0 0 1 412 32 189 9.92
10 0 0 5 9 4 1 412 32 131 13.59
2 0 0 0 5 2 3 410 411 413 24 139 15.27
3 0 0 9 7 5 2 410 413 33 132 13.76
3 0 0 1 10 0 1 412 36 176 17.3
6 0 0 0 10 0 1 414 27 170 14.4
5 0 0 0 5 10 1 415 42 149 10.78
4 0 2 0 10 0 1 415 38 157 10.64
7 0 7 0 2 0 1 415 33 137 16.25
1 0 0 0 0 0 0 47 128 17.76
1 0 0 0 0 0 3 417 418 419 0 113 12.99
8 0 4 5 7 5 2 434 435 1 120 12.8
7 0 2 3 4 3 3 420 424 430 1 144 15.67
1 0 9 7 3 10 3 422 428 446 1 135 12.0
10 0 2 10 6 8 3 421 425 441 8 165 14.28
6 1 0 0 0 0 3 423 429 434 18 125 12.28
5 0 5 4 6 3 2 435 444 2 103 11.23
1 1 0 0 0 0 3 433 439 443 24 179 13.31
1 0 6 2 4 2 3 426 427 431 8 160 10.22
7 1 0 0 0 0 2 432 435 18 106 12.14
9 0 5 2 1 7 3 428 433 434 9 164 14.02
8 0 9 8 1 4 1 441 9 150 13.2
10 0 8 6 5 1 1 429 18 149 14.78
10 0 4 3 3 9 1 442 28 167 9.46
10 0 2 1 7 3 1 432 8 150 9.8
9 0 1 4 8 1 3 433 436 443 9 140 11.59
1 0 8 3 5 10 3 437 444 446 25 115 10.44
4 0 4 5 8 2 1 438 25 166 11.63
1 0 5 7 5 7 2 440 445 24 170 9.19
2 0 6 8 8 3 2 437 443 25 124 16.7
8 0 5 4 8 10 3 437 440 441 18 120 14.46
2 0 10 6 1 7 1 442 27 187 13.62
3 0 2 6 5 8 1 446 29 120 17.43
9 0 5 3 9 10 1 440 25 170 13.64
5 0 8 10 7 2 1 444 34 192 14.4
3 0 9 2 10 6 1 442 26 159 17.93
2 0 1 6 6 8 1 445 38 192 17.93
1 0 8 10 3 7 1 445 27 156 16.89
2 0 7 1 1 4 1 447 39 192 16.57
1 0 9 6 3 1 1 447 40 184 14.84
1 0 1 2 4 2 1 447 32 177 9.27
1 0 0 0 0 0 0 41 168 9.52
1 0 0 0 0 0 3 449 450 451 0 86 15.2
3 0 0 0 5 0 1 463 1 155 18.09
1 0 1 0 0 0 3 452 456 467 1 127 12.74
6 0 0 0 8 0 3 453 455 460 1 90 12.53
6 0 7 0 0 0 3 454 464 466 2 99 16.28
1 0 0 0 6 0 1 470 7 105 9.19
1 0 0 0 6 0 1 459 8 145 12.72
6 0 0 0 2 0 2 464 473 7 139 13.45
6 0 0 2 0 0 2 457 459 2 125 10.24
6 0 0 0 0 4 3 458 462 473 8 128 10.99
7 0 5 0 0 0 1 475 14 119 15.31
2 0 0 3 0 0 1 469 9 149 13.91
8 0 10 0 0 0 2 461 469 7 135 13.56
10 0 4 0 0 0 1 465 15 179 9.47
3 0 0 0 6 0 1 468 14 100 18.19
9 0 0 8 0 0 1 474 4 148 9.47
8 0 0 0 0 10 1 474 13 127 17.31
10 1 0 0 0 0 1 477 25 119 13.88
8 0 1 0 0 0 1 475 8 108 15.78
4 0 0 0 0 8 3 472 476 478 2 169 14.74
10 0 0 0 0 3 1 469 17 160 10.62
10 1 0 0 0 0 2 471 474 27 172 12.61
5 0 0 0 0 1 1 475 8 111 14.64
9 0 0 0 9 0 2 472 478 37 184 17.07
2 0 0 7 0 0 1 477 46 144 12.0
5 1 0 0 0 0 1 476 14 124 9.35
4 0 0 0 2 0 1 476 37 149 9.21
4 0 0 0 0 6 1 477 21 155 16.41
5 0 0 8 0 0 1 479 41 126 15.2
10 0 0 0 0 7 1 479 48 185 14.49
8 0 0 0 4 0 1 479 46 132 17.44
1 0 0 0 0 0 0 58 202 9.64
1 0 0 0 0 0 3 481 482 483 0 98 10.84
4 0 0 1 0 0 3 490 491 492 1 142 13.63
10 0 0 0 0 3 3 486 493 498 1 163 12.68
7 0 0 7 0 0 3 484 487 500 1 144 17.87
6 0 0 0 0 8 3 485 489 495 8 171 14.06
5 0 3 0 0 0 3 492 494 496 14 107 16.01
4 0 0 0 0 6 3 487 491 497 11 147 14.11
5 0 0 0 6 0 2 488 494 15 102 17.44
1 1 0 0 0 0 2 504 507 20 163 14.09
9 0 2 0 0 0 3 492 493 508 14 173 15.83
4 0 1 0 0 0 3 493 498 503 5 115 12.22
7 0 9 0 0 0 3 494 500 504 15 132 11.28
6 1 0 0 0 0 2 497 509 23 138 14.82
8 0 0 0 0 6 2 502 506 23 190 12.3
5 1 0 0 0 0 3 499 501 503 22 114 16.63
1 0 7 0 0 0 3 499 503 506 14 144 15.15
10 0 0 0 7 0 3 497 499 501 19 155 11.88
10 0 0 0 0 5 1 507 29 194 9.32
9 0 0 0 0 5 2 500 504 11 172 16.87
4 1 0 0 0 0 3 502 508 510 29 181 17.43
10 0 0 0 9 0 1 501 22 147 15.93
3 1 0 0 0 0 2 502 506 32 157 10.16
8 0 6 0 0 0 1 505 35 128 10.83
1 1 0 0 0 0 2 505 508 27 154 15.97
2 1 0 0 0 0 2 505 510 22 143 14.93
6 0 0 0 0 2 1 509 43 165 14.3
4 0 0 5 0 0 2 507 509 35 171 10.67
5 0 1 0 0 0 1 510 39 133 10.04
3 0 0 9 0 0 1 511 33 140 13.47
8 0 0 0 9 0 1 511 49 180 15.52
8 0 0 1 0 0 1 511 44 185 15.15
1 0 0 0 0 0 0 57 198 13.55
111.21 104.19 97.44 94.3 100.58 111.92 132.74 136.4 113.64 94.79 70.9 28.81 12.77 5.0 8.0 28.58 74.99 99.3 116.82 149.23 231.01 154.91 129.65 114.48 116.99 107.35 104.17 106.33 112.6 121.82 144.38 132.49 97.54 77.61 62.82 16.0 7.74 9.07 10.87 28.29 72.91 99.9 109.98 132.32 193.13 152.12 121.93 110.2 107.93 102.33 97.9 94.9 93.7 102.49 112.48 116.54 107.82 84.82 42.22 57.3 50.0 45.17 55.07 70.54 71.62 110.3 122.4 179.0 114.35 110.27 100.72 90.0 101.9 91.14 86.89 86.53 87.33 94.1 112.33 112.03 103.39 98.92 92.89 88.25 90.0 81.26 84.62 95.73 98.9 112.07 134.29 123.69 154.93 131.5 119.6 105.0 104.4 96.58 90.17 89.74 96.2 110.05 132.28 136.37 118.04 88.47 74.43 61.31 23.0 19.58 20.0 64.98 63.58 68.39 114.95 137.77 181.42 146.75 128.14 110.68 106.05 95.88 89.49 84.88 83.36 81.29 83.46 76.84 62.05 12.26 -0.02 -0.33 -0.45 -0.55 -0.9 -1.85 -0.39 50.1 85.92 115.14 134.06 122.87 101.3 91.52 66.23 32.0 16.83 8.36 3.85 2.72 1.2 1.24 -0.02 -0.03 -0.6 -1.31 -1.73 -5.68 -7.2 -6.98 -2.0 0.34 17.45 95.62 109.81 111.77 103.62 94.45 89.84 79.97 75.12 74.41 79.81 88.13 119.49 146.41 130.98 93.48 61.34 24.23 16.4 11.28 6.14 9.7 26.35 57.95 111.65 146.07 212.9 170.69 129.25 106.4 99.03 86.4 77.9 76.44 80.21 83.42 95.01 86.36 69.35 51.1 4.39 3.49 0.16 0.68 1.84 12.73 59.63 88.33 111.39 135.18 182.47 134.28 111.86 92.79 86.59 73.07 70.42 65.61 68.26 79.11 94.64 101.37 96.19 91.7 78.29 73.3 66.97 59.9 57.86 73.48 73.52 98.82 116.22 131.57 159.1 136.24 121.7 104.56 97.6 93.19 90.94 90.45 90.33 90.51 84.78 84.39 82.11 61.49 18.77 1.65 0.24 2.22 0.23 5.48 1.6 15.17 65.09 97.03 121.25 105.81 92.95 75.96 63.73 72.62 48.6 33.95 37.39 56.54 82.17 68.38 53.01 29.13 1.85 0.21 7.44 4.84 -1.56 1.44 0.22 30.36 73.81 123.62 148.34 144.49 130.19 108.2 107.0 100.32 99.42 100.0 100.91 99.1 91.62 79.94 54.19 1.0 -0.02 -1.0 -3.07 -13.17 -7.75 -3.0 -0.05 42.26 88.98 131.6 192.35 192.37 133.16 102.5 91.87 85.29 79.1 73.77 71.34 65.15 35.45 13.0 2.4 -0.01 -0.6 -2.11 -5.48 -12.93 -20.41 -15.61 -6.0 -4.64 10.62 81.25 94.91 100.0 106.67 91.43 83.43 76.96 76.14 79.02 85.08 95.08 109.2 113.48 102.13 86.88 58.73 33.21 20.0 12.78 11.0 19.75 58.25 89.94 124.8 194.41 273.75 244.46 139.44 112.37 114.6 112.55 104.28 101.89 99.45 116.14 134.71 121.52 87.38 59.16 9.74 11.34 14.44 12.36 10.66 21.84 76.45 94.3 95.67 140.89 198.86 136.66 105.25 91.69 70.69 66.16 64.09 64.37 67.64 81.86 100.48 113.08 105.38 65.98 49.02 38.59 18.13 9.69 18.42 46.85 76.59 101.37 120.38 155.33 205.64 138.82 112.43 92.91 105.34 98.78 91.88 90.87 92.47 91.83 111.72 126.85 114.22 80.06 65.62 47.6 20.11 11.6 7.68 21.41 65.66 84.98 106.77 126.48 165.36 119.07 99.8 86.87 77.55 64.81 60.3 54.73 49.3 65.69 97.45 100.0 61.47 11.35 0.08 1.09 6.58 19.12 15.18 20.35 29.65 10.59 52.57 135.0 139.7 134.0 125.31 103.86 111.48 90.4 86.28 90.0 94.54 90.58 85.47 86.74 77.57 63.13 29.64 9.44 1.19 -0.01 -0.02 -0.02 11.17 18.76 72.6 127.6 110.0 103.11 109.7 91.44 94.42 84.85 77.88 76.49 68.55 56.89 40.12 3.87 0.0 -0.5 -2.0 1.8 -14.23 -15.85 -22.95 5.0 4.32 125.6 141.25 200.0 228.34 164.81 96.97 85.68 79.91 68.58 49.25 48.46 44.74 52.32 119.91 103.5 79.65 9.96 0.4 7.37 11.79 -13.76 -13.66 -1.4 7.57 114.4 120.0 119.28 155.95 150.28 125.45 103.15 88.35 79.95 70.42 60.94 55.17 64.85 79.95 83.92 84.6 65.74 22.64 0.7 -0.01 -1.4 3.43 18.39 31.83 105.0 128.4 123.38 134.24 109.02 97.46 102.2 96.08 88.58 74.42 71.15 73.04 90.0 124.71 124.8 92.84 65.19 21.1 1.32 1.19 1.87 1.0 6.12 22.91 79.08 94.63 136.68 217.0 176.83 119.4 95.93 96.43 88.02 85.62 85.4 89.76 93.37 114.18 104.3 78.24 36.33 0.0 -0.2 -7.67 -15.42 -8.67 5.97 8.4 41.7 91.9 123.45 166.41 131.79 131.49 115.08 90.0 90.0 83.11 77.77 75.37 80.1 103.6 87.26 76.49 40.02 4.52 0.12 -1.03 -4.56 -2.38 8.72 13.48 126.56 96.62 122.55 147.83 125.0 109.48 84.8 115.5 90.51 92.35 97.62 69.49 64.57 53.24 21.97 8.28 0.0 -2.45 -10.45 -35.0 -36.75 -25.97 -6.77 -0.39 8.42 85.96 123.83 139.15 130.0 117.59 109.61 91.93 87.92 86.24 89.75 91.34 91.58 83.13 63.59 20.71 1.61 0.0 -0.02 -1.41 -5.75 -5.0 -2.0 -0.01 57.66 99.89 116.85 135.82 138.4 149.75 110.23 104.25 91.34 85.14 84.83 83.22 90.46 110.96 123.49 107.05 82.66 61.96 80.01 80.01 79.64 76.29 79.0 132.03 97.04 93.33 118.49 186.12 189.94 125.79 102.56 103.51 96.61 94.3 93.81 94.71 102.51 118.0 106.38 97.67 70.74 4.58 2.29 1.56 -1.01 -0.09 4.57 27.76 91.21 105.02 139.17 245.0 241.38 136.65 115.77 112.91 106.55 101.4 95.46 96.68 102.89 111.77 114.56 110.18 77.31 22.24 1.17 1.31 1.53 2.87 28.39 28.64 92.72 115.17 138.07 182.43 175.18 132.98 114.59 112.67 106.42 104.65 99.43 99.97 96.21 100.22 89.25 87.48 19.39 0.44 5.61 -12.0 0.44 -29.99 5.36 12.66 160.08 83.36 118.96 132.0 137.25 126.69 105.61 109.34 104.57 104.26 105.37 104.69 109.29 120.56 117.15 104.91 73.23 17.61 4.35 -0.46 -1.15 -0.21 2.49 32.24 93.45 110.58 136.54 202.88 179.61 137.05 121.38 118.78 110.48 108.15 106.86 108.99 104.38 100.71 90.74 75.93 23.4 -0.07 -2.37 -15.91 -29.21 -23.56 -3.17 0.11 64.11 106.3 129.53 157.3 165.82 140.65 118.68 108.61 101.05 96.91 92.65 90.34 88.49 72.75 26.44 0.0 -0.09 -11.11 -37.5 -64.11 -91.87 -75.14 -36.95 -6.08 7.89
