512 5
1 55 63 38 63
1 0 0 0 0 0 3 1 2 3 0 150 14.08
8 0 1 3 1 10 3 13 20 24 1 152 16.05
6 0 6 9 2 1 1 15 1 111 11.19
6 0 4 7 9 7 3 4 5 7 1 158 10.02
5 0 4 1 1 10 3 6 10 12 7 131 18.62
9 0 7 10 9 3 1 17 7 117 11.11
5 0 4 8 2 9 2 9 11 12 132 10.55
7 0 8 4 9 5 2 8 26 7 99 15.74
3 0 3 2 4 4 1 24 14 164 11.11
1 0 7 6 1 7 1 14 17 157 12.72
6 0 5 5 5 8 1 16 12 173 18.68
6 0 5 6 8 9 3 13 17 30 17 126 15.11
8 0 1 5 2 7 1 19 12 151 10.08
2 1 0 0 0 0 1 28 23 161 15.75
2 1 0 0 0 0 1 27 18 131 15.44
2 0 7 8 10 9 3 17 24 29 7 130 10.21
4 0 9 5 10 3 3 18 21 22 18 180 16.17
2 0 8 9 5 4 1 28 23 142 17.1
9 1 0 0 0 0 2 20 29 22 119 14.06
6 0 5 3 5 8 1 28 20 141 15.37
6 1 0 0 0 0 1 26 31 139 10.0
8 1 0 0 0 0 1 25 22 119 11.89
5 0 3 5 5 7 1 23 22 145 10.22
1 1 0 0 0 0 1 25 27 120 16.61
4 0 7 8 2 10 1 30 17 166 13.26
10 0 4 2 9 2 1 26 30 127 10.52
5 0 1 9 6 7 1 27 40 174 18.12
2 0 10 6 2 3 1 30 45 135 13.8
6 0 2 7 3 10 1 31 26 178 18.82
8 0 8 3 6 7 1 31 31 134 15.99
8 0 3 1 6 9 1 31 47 136 14.75
1 0 0 0 0 0 0 55 163 14.57
1 0 0 0 0 0 3 33 34 35 0 118 18.14
6 0 3 5 0 3 1 40 1 105 16.25
5 0 8 1 7 0 3 36 39 47 1 162 18.65
4 0 0 3 7 3 1 46 1 113 9.47
7 0 2 5 9 2 3 37 40 50 6 128 16.49
5 0 4 3 5 5 3 38 41 62 13 161 12.89
8 0 5 6 8 9 2 42 43 18 143 14.72
10 0 0 1 0 2 2 45 54 6 111 13.8
10 0 0 9 1 10 1 44 13 123 13.6
8 0 9 2 1 2 3 49 52 54 18 167 13.22
4 1 0 0 0 0 3 44 46 57 26 111 10.32
4 1 0 0 0 0 2 44 51 26 181 11.66
4 0 2 0 4 5 2 48 53 30 165 12.0
8 0 8 10 9 4 3 48 49 51 16 169 17.91
9 0 3 10 0 0 3 48 51 54 30 146 10.36
2 0 9 0 7 0 1 57 6 109 15.49
9 0 8 9 5 5 1 55 39 132 12.52
1 1 0 0 0 0 1 53 26 122 16.26
5 0 0 0 2 7 2 58 61 13 170 9.86
2 0 8 9 4 2 2 59 60 39 169 16.89
4 1 0 0 0 0 2 55 57 26 163 10.0
2 0 3 1 0 0 2 56 60 34 130 10.68
6 0 9 3 10 4 3 55 56 58 39 182 17.4
6 0 8 0 7 0 1 61 48 140 14.02
4 0 9 4 8 3 1 59 45 171 13.59
6 1 0 0 0 0 2 58 59 30 117 9.96
6 0 5 4 4 0 1 60 45 142 18.2
1 0 4 1 0 10 1 61 49 194 14.14
4 0 2 0 10 0 1 63 51 194 14.71
2 0 7 8 2 6 1 63 54 154 15.06
9 0 2 3 0 4 1 63 18 147 10.71
1 0 0 0 0 0 0 56 201 11.88
1 0 0 0 0 0 3 65 66 67 0 137 12.23
2 0 2 7 3 5 3 69 70 72 1 125 16.69
4 0 4 10 10 4 3 68 75 83 1 153 13.45
5 0 0 0 3 7 2 70 71 1 124 18.11
1 0 5 7 3 0 3 71 82 88 5 142 16.34
8 0 6 6 3 8 1 94 3 150 16.59
7 0 0 8 6 5 1 92 6 121 17.02
2 1 0 0 0 0 1 89 6 144 18.01
4 0 0 6 0 0 3 73 78 89 3 122 12.25
2 0 4 1 0 9 2 74 76 7 109 18.14
9 0 0 2 0 0 2 77 83 9 166 11.82
1 0 3 10 2 0 3 77 78 79 5 114 17.07
3 0 4 7 3 7 1 77 9 143 10.06
9 0 1 1 0 8 3 82 84 90 18 178 10.39
8 0 2 0 9 4 2 86 87 7 166 17.5
1 1 0 0 0 0 3 80 84 85 6 135 9.67
9 0 1 6 2 5 2 81 86 7 96 11.97
5 0 0 9 7 1 2 88 91 16 161 12.83
3 1 0 0 0 0 1 91 27 172 11.87
5 0 6 2 7 0 2 87 93 18 131 15.4
1 1 0 0 0 0 1 87 27 171 11.84
4 1 0 0 0 0 2 86 89 7 161 18.35
9 0 8 0 7 1 2 90 92 16 176 14.53
8 0 9 0 1 1 2 88 94 28 160 13.16
5 0 1 1 0 8 1 92 36 150 18.26
7 0 2 3 10 8 1 90 11 161 10.18
2 0 5 7 9 0 2 91 94 27 136 16.08
1 0 7 3 7 0 1 93 30 122 11.01
7 0 8 3 10 7 1 95 41 172 18.53
4 0 0 7 0 0 1 95 31 147 10.91
1 0 1 6 2 2 1 95 36 151 11.75
1 0 0 0 0 0 0 48 181 16.41
1 0 0 0 0 0 3 97 98 99 0 126 11.62
4 0 3 3 5 9 3 100 120 121 1 127 11.32
2 0 3 6 5 2 3 104 112 114 1 159 17.06
6 0 1 1 10 6 3 101 102 103 1 103 15.89
1 0 2 4 1 2 3 106 111 116 5 158 10.63
3 0 8 6 1 2 3 105 107 120 7 126 15.54
2 0 6 2 1 8 3 107 109 117 7 115 10.29
7 0 6 5 3 1 3 106 115 120 7 108 10.81
6 0 8 8 10 2 1 119 3 123 11.03
3 0 10 8 4 9 2 111 114 10 118 13.36
2 0 4 1 9 7 3 109 110 122 14 168 17.59
7 0 10 8 1 10 2 108 125 10 168 18.55
5 1 0 0 0 0 2 111 119 17 137 17.55
9 0 1 1 3 3 1 123 16 135 11.33
10 0 2 8 9 8 1 112 16 115 15.82
2 0 6 5 1 8 2 122 124 22 135 16.22
5 1 0 0 0 0 3 113 124 126 26 114 10.65
3 0 9 4 3 3 1 118 31 149 18.75
5 0 5 3 7 5 2 115 121 13 103 15.79
4 0 3 6 9 7 1 116 18 157 14.72
4 1 0 0 0 0 2 117 118 22 145 13.25
7 1 0 0 0 0 1 123 26 164 13.57
5 0 6 10 3 5 1 125 34 190 13.23
3 1 0 0 0 0 1 121 22 124 16.26
6 1 0 0 0 0 1 125 14 142 13.12
6 1 0 0 0 0 2 123 124 25 137 11.1
6 0 5 2 8 1 1 126 24 141 13.36
7 0 6 7 5 5 1 126 33 155 11.76
10 0 8 8 5 2 1 127 31 151 11.86
6 0 5 10 3 8 1 127 39 187 18.31
9 0 10 9 9 5 1 127 40 180 13.44
1 0 0 0 0 0 0 49 194 9.64
1 0 0 0 0 0 3 129 130 131 0 101 17.42
2 0 8 1 2 4 3 132 135 144 1 112 9.7
9 0 1 9 1 3 1 150 1 112 15.04
3 0 4 7 1 9 3 133 136 142 1 101 9.72
7 0 10 8 7 10 2 134 139 3 170 12.7
2 0 10 10 9 2 2 141 145 4 88 14.32
9 0 5 4 5 5 2 149 154 10 160 10.93
8 0 4 9 4 3 1 137 3 131 18.34
10 0 3 1 2 10 1 138 4 145 16.48
5 0 3 7 8 9 2 140 143 11 132 11.61
7 0 4 2 2 4 2 153 157 14 108 16.41
4 0 4 6 4 7 1 149 10 105 9.9
2 1 0 0 0 0 2 152 157 16 177 15.7
2 0 4 5 1 8 2 146 147 6 156 13.26
8 0 2 6 4 8 2 150 158 4 156 18.67
10 0 7 1 2 6 2 146 152 16 140 13.86
4 0 3 8 8 9 1 147 3 118 12.32
7 0 6 6 7 8 1 147 6 155 11.37
2 0 4 9 3 9 1 154 26 108 12.45
7 1 0 0 0 0 2 148 156 13 171 11.19
4 0 6 8 4 6 1 151 20 105 15.69
3 1 0 0 0 0 1 152 19 162 15.87
4 0 10 10 3 9 2 155 157 12 149 18.77
6 0 2 1 9 8 1 158 24 114 14.28
1 0 2 1 4 2 1 155 26 162 11.83
4 0 1 6 4 3 1 154 21 163 9.49
3 0 3 10 5 7 1 156 28 178 14.05
7 0 6 4 3 8 1 156 27 125 10.17
1 0 3 5 4 9 1 159 34 146 10.88
5 0 9 4 7 1 1 159 21 131 11.25
2 0 3 5 2 10 1 159 30 134 9.49
1 0 0 0 0 0 0 35 180 16.17
1 0 0 0 0 0 3 161 162 163 0 133 13.38
2 0 3 2 6 6 3 164 165 169 1 139 14.8
10 0 3 8 10 4 3 165 166 167 1 121 14.11
8 0 10 9 7 7 3 164 173 174 1 167 15.26
3 0 8 1 10 1 3 166 171 177 9 140 16.81
10 0 6 8 0 0 3 168 170 171 11 162 11.56
8 0 3 7 10 2 3 180 184 190 12 151 13.59
6 0 4 0 4 0 3 168 178 187 11 128 10.41
10 1 0 0 0 0 3 173 175 176 21 116 16.71
9 0 4 4 0 0 2 172 189 3 120 13.27
4 0 9 3 5 7 3 172 174 180 21 134 11.12
9 1 0 0 0 0 3 175 180 181 21 171 11.43
7 0 7 9 6 0 2 178 179 25 123 18.4
5 0 4 7 8 0 3 179 181 182 31 163 15.18
2 1 0 0 0 0 3 175 183 184 25 123 17.16
8 0 0 4 1 0 3 179 182 186 31 117 17.55
6 1 0 0 0 0 1 181 31 154 14.72
7 0 3 3 5 10 3 178 183 184 12 101 16.3
7 0 3 6 0 0 2 182 190 32 141 13.91
2 0 6 1 10 6 2 188 190 39 178 11.37
6 1 0 0 0 0 2 183 185 30 190 14.88
3 0 0 1 0 3 1 186 37 128 18.34
8 0 1 0 6 6 1 188 39 131 9.81
7 0 4 7 0 4 3 186 187 188 36 171 18.02
10 1 0 0 0 0 1 185 27 153 11.07
5 0 2 0 9 6 1 187 37 169 13.53
8 0 7 5 9 2 1 189 43 148 12.28
10 0 9 3 0 3 1 189 43 140 11.15
5 0 2 3 5 8 1 191 47 137 9.6
2 0 10 7 3 7 1 191 53 197 10.42
9 0 0 6 0 10 1 191 41 146 16.28
1 0 0 0 0 0 0 55 206 10.76
1 0 0 0 0 0 3 193 194 195 0 162 16.85
1 0 0 0 3 0 3 196 197 198 1 115 17.4
2 0 0 1 0 0 2 216 221 1 154 11.04
2 0 0 0 10 0 3 200 201 212 1 135 13.87
2 0 0 2 0 0 1 209 2 160 15.82
1 0 0 8 0 0 1 208 2 84 12.04
2 0 0 1 0 0 1 199 2 162 17.54
10 0 0 0 6 0 2 207 220 4 155 12.78
8 0 0 0 1 0 2 202 204 3 127 16.93
5 0 0 0 0 3 1 208 3 129 14.39
4 0 0 0 3 0 3 203 205 215 11 148 18.26
1 0 3 0 0 0 2 206 218 15 114 11.9
3 0 0 2 0 0 1 209 11 121 17.04
10 0 7 0 0 0 3 211 214 219 15 147 10.81
1 1 0 0 0 0 1 208 16 99 12.47
6 0 0 0 10 0 2 210 222 14 174 16.87
4 1 0 0 0 0 1 217 17 179 11.39
7 0 0 0 0 10 2 210 222 14 123 15.06
10 1 0 0 0 0 2 213 217 21 143 10.84
10 1 0 0 0 0 1 222 25 162 18.58
10 0 0 6 0 0 1 217 3 126 9.9
9 0 2 0 0 0 1 218 31 160 14.96
10 0 0 0 4 0 1 218 25 117 14.45
4 0 0 1 0 0 1 220 15 149 16.23
2 0 3 0 0 0 1 220 3 93 12.67
7 0 0 0 0 4 1 219 31 117 11.25
4 0 10 0 0 0 1 221 40 180 9.62
4 0 0 0 7 0 1 221 38 166 12.36
5 0 0 0 0 7 1 223 19 122 14.31
10 0 8 0 0 0 1 223 44 196 18.77
9 0 0 0 0 6 1 223 35 141 13.04
1 0 0 0 0 0 0 54 172 14.77
1 0 0 0 0 0 3 225 226 227 0 132 11.44
1 0 0 8 0 2 3 228 233 236 1 132 16.45
5 0 7 0 6 0 3 229 231 234 1 116 18.89
4 0 3 10 0 5 2 230 247 1 159 9.49
3 0 0 1 0 5 3 232 235 244 2 117 15.16
4 0 7 0 0 7 1 239 6 162 15.38
7 0 5 0 0 10 2 241 252 5 148 17.81
4 0 0 4 6 0 1 235 6 109 18.15
8 0 5 9 0 10 2 237 246 5 167 13.35
8 0 10 7 2 0 3 247 250 253 2 142 10.52
8 0 0 6 0 2 1 235 6 140 18.18
2 0 0 4 10 0 1 254 14 139 9.85
1 0 1 0 0 0 3 238 240 243 2 99 12.75
3 0 5 0 0 10 1 238 13 108 16.52
7 0 0 0 0 7 1 241 16 106 14.97
7 0 0 7 0 0 2 241 242 10 157 18.08
6 0 4 0 7 10 1 245 3 126 12.46
8 0 10 5 6 1 1 254 23 115 10.89
3 1 0 0 0 0 1 249 17 155 17.83
9 0 0 1 0 0 1 253 3 108 16.62
4 0 1 4 0 0 1 248 5 107 11.07
7 0 6 0 1 3 1 246 9 165 11.43
1 1 0 0 0 0 1 248 16 96 17.01
1 0 3 9 0 4 1 252 10 165 14.94
3 1 0 0 0 0 2 249 254 17 171 9.46
6 0 0 2 0 0 1 251 20 145 14.95
2 0 0 0 8 9 1 252 10 149 11.91
6 0 9 7 0 0 1 253 26 180 18.75
4 0 0 0 10 8 1 255 12 170 17.73
3 0 0 8 9 0 1 255 32 134 15.31
5 0 3 0 0 0 1 255 31 129 11.54
1 0 0 0 0 0 0 36 175 13.28
1 0 0 0 0 0 3 257 258 259 0 115 9.8
2 0 5 6 8 9 3 263 273 276 1 122 15.85
10 0 6 9 1 7 3 266 270 278 1 107 14.9
4 0 3 8 2 8 3 260 262 265 1 158 17.68
5 0 3 8 6 9 2 261 278 5 107 9.57
8 0 9 8 1 1 3 264 268 270 10 145 18.58
9 0 8 1 10 5 3 269 271 275 5 100 10.62
2 0 10 3 7 6 3 275 277 283 3 162 18.5
1 1 0 0 0 0 3 266 274 279 18 131 13.76
3 0 10 4 6 1 3 266 268 270 5 110 11.24
1 1 0 0 0 0 3 267 269 283 19 176 17.04
5 1 0 0 0 0 3 271 272 284 20 106 15.97
8 0 5 10 10 8 3 271 274 279 18 154 11.03
5 0 4 8 3 5 2 273 281 20 176 9.56
6 1 0 0 0 0 3 272 274 283 18 149 13.74
8 0 6 10 6 2 2 276 286 26 186 14.92
9 0 4 10 3 7 3 273 275 280 25 169 18.85
8 0 1 5 4 7 1 286 34 182 18.23
2 1 0 0 0 0 3 276 280 281 26 136 18.15
3 0 3 9 10 1 1 285 34 114 13.99
8 0 1 10 4 8 1 282 34 179 18.54
4 0 3 3 2 5 2 278 279 5 145 16.01
1 1 0 0 0 0 2 281 282 11 162 11.91
2 0 6 9 4 1 1 280 26 146 16.89
5 0 9 8 2 2 1 282 34 172 16.0
5 0 10 2 2 5 2 284 285 28 131 11.26
3 0 10 5 4 7 1 285 42 153 12.49
10 0 6 1 7 6 2 284 286 24 157 16.93
6 0 8 8 6 5 1 287 34 157 16.0
3 0 10 8 3 4 1 287 45 136 13.45
6 0 7 3 2 6 1 287 42 162 12.03
1 0 0 0 0 0 0 48 130 12.56
1 0 0 0 0 0 3 289 290 291 0 144 17.18
10 0 6 0 0 8 3 295 304 311 1 95 17.23
3 0 10 6 0 0 1 292 1 143 16.86
4 0 0 9 10 10 3 295 298 314 1 139 13.82
4 0 0 0 1 0 3 293 298 299 4 132 11.12
4 0 1 0 9 4 3 294 297 301 8 139 16.88
9 0 9 0 0 0 3 295 296 310 12 167 14.2
10 1 0 0 0 0 3 307 309 312 21 159 11.07
6 1 0 0 0 0 3 300 307 312 21 128 16.05
1 0 0 6 0 0 3 300 308 310 12 162 10.55
6 0 0 0 6 0 3 305 308 315 8 103 12.55
4 0 2 7 4 0 3 301 304 305 8 115 15.31
4 0 7 0 0 0 3 302 304 305 27 158 11.85
2 0 6 0 4 0 3 303 307 312 12 134 18.29
1 1 0 0 0 0 3 306 309 311 31 118 11.74
6 0 0 8 0 4 3 306 310 311 14 169 17.09
8 1 0 0 0 0 3 306 309 315 31 193 16.22
10 0 10 0 3 0 1 313 31 176 14.74
5 0 10 0 8 2 2 314 317 39 174 11.55
6 1 0 0 0 0 2 308 316 31 185 10.55
5 0 2 0 0 0 1 317 37 191 15.52
8 0 6 0 0 7 2 313 318 39 161 11.87
8 1 0 0 0 0 1 318 21 181 13.25
10 0 0 10 0 0 3 313 314 315 32 168 11.43
7 0 0 8 5 9 1 317 31 137 13.43
1 0 7 8 5 7 1 316 47 197 16.62
8 0 1 0 0 4 1 316 44 160 18.35
6 0 0 2 0 8 1 318 42 200 13.79
6 0 10 0 0 2 1 319 52 156 12.69
5 0 5 7 6 0 1 319 44 177 11.42
5 0 8 0 10 0 1 319 48 195 10.25
1 0 0 0 0 0 0 58 205 12.34
1 0 0 0 0 0 3 321 322 323 0 153 10.82
2 0 1 7 2 2 3 326 329 341 1 88 14.57
5 0 7 3 3 6 1 341 1 91 17.83
8 0 9 7 3 8 3 324 325 327 1 104 11.16
6 0 6 5 1 1 3 331 340 344 9 158 12.38
8 0 1 7 1 1 3 326 328 333 9 108 9.98
1 0 10 1 1 3 1 342 17 164 14.69
4 0 10 9 6 2 2 330 345 9 108 13.43
1 0 6 3 8 3 3 335 336 337 17 159 14.08
8 0 5 7 4 8 2 334 340 3 92 18.9
5 0 3 3 7 9 3 338 343 344 13 147 14.17
2 0 1 8 1 4 1 332 15 123 10.5
4 0 3 5 9 2 1 335 17 168 18.23
9 1 0 0 0 0 2 339 340 17 170 17.69
5 0 1 10 6 1 2 338 349 11 140 14.53
9 0 4 8 5 4 3 343 345 347 21 124 11.65
2 1 0 0 0 0 2 338 348 18 133 13.6
7 0 5 2 5 9 2 339 346 18 113 11.37
2 0 5 3 9 8 1 350 20 101 15.84
4 1 0 0 0 0 1 347 26 166 17.06
1 1 0 0 0 0 2 342 346 26 113 16.14
9 1 0 0 0 0 3 342 344 345 6 120 9.8
5 0 7 9 8 4 1 347 27 115 18.23
3 1 0 0 0 0 2 346 348 30 148 9.55
3 0 1 8 5 10 1 348 18 107 18.17
4 0 3 6 2 1 2 349 350 30 176 12.63
10 0 6 6 4 7 1 350 33 163 10.35
2 0 8 8 9 8 1 349 32 169 15.21
5 0 7 2 1 6 1 351 33 140 11.82
1 0 7 9 1 9 1 351 34 122 10.73
8 0 9 1 5 3 1 351 43 190 16.46
1 0 0 0 0 0 0 51 155 18.59
1 0 0 0 0 0 3 353 354 355 0 128 13.56
3 0 1 0 0 0 2 356 363 1 154 17.21
8 1 0 0 0 0 2 365 377 1 103 10.49
7 0 0 0 0 3 3 361 362 379 1 122 13.98
9 0 0 0 2 0 3 357 359 371 4 116 13.23
4 0 0 0 7 0 3 358 360 376 13 110 17.26
9 1 0 0 0 0 3 366 367 372 17 122 15.23
6 0 0 0 9 0 3 364 365 374 13 141 14.8
8 1 0 0 0 0 3 364 369 372 17 174 17.69
8 0 10 0 0 0 2 368 370 8 168 14.29
10 0 0 0 1 0 2 364 371 8 134 17.18
10 0 0 0 0 7 1 374 4 164 14.49
5 0 0 0 2 0 1 373 25 109 14.93
1 1 0 0 0 0 3 367 373 376 19 171 11.66
2 0 0 4 0 0 1 380 26 171 10.83
3 0 0 0 9 0 1 382 26 148 17.04
1 0 0 0 0 1 2 378 381 16 121 9.55
3 0 0 7 0 0 1 373 25 146 11.96
8 1 0 0 0 0 3 372 375 376 16 153 16.9
3 0 7 0 0 0 2 375 378 18 138 9.91
9 0 0 9 0 0 2 377 381 26 176 14.4
2 0 0 0 0 9 1 375 30 111 12.37
2 1 0 0 0 0 2 377 379 19 105 15.79
6 0 0 0 0 8 1 382 32 140 18.37
3 0 0 0 3 0 2 378 381 24 166 15.42
1 0 6 0 0 0 1 382 35 176 16.35
10 0 2 0 0 0 1 380 27 133 11.65
9 0 7 0 0 0 1 380 21 168 14.25
1 0 0 0 0 1 1 383 37 150 15.57
2 0 0 8 0 0 1 383 35 121 16.61
1 0 0 0 0 8 1 383 38 175 15.11
1 0 0 0 0 0 0 39 154 13.63
1 0 0 0 0 0 3 385 386 387 0 103 13.64
10 0 4 0 0 7 2 389 405 1 150 16.38
10 0 10 0 0 0 1 388 1 154 11.88
4 0 5 0 0 0 2 390 403 1 154 11.05
9 0 9 5 0 0 3 391 394 403 11 144 15.02
5 0 4 4 7 9 3 397 398 400 11 170 15.17
7 0 9 3 0 5 2 393 398 5 94 14.54
2 0 0 0 8 0 2 392 414 20 122 17.39
7 1 0 0 0 0 1 401 22 165 15.67
2 0 9 10 0 7 2 394 396 12 160 13.53
3 1 0 0 0 0 1 395 20 125 11.46
7 0 7 9 10 3 1 412 23 165 16.73
5 1 0 0 0 0 2 407 411 14 127 17.94
2 1 0 0 0 0 2 399 401 16 117 16.44
7 0 0 0 10 7 2 409 410 16 179 10.06
9 0 0 10 0 0 1 404 18 177 12.97
3 0 0 0 4 1 2 402 408 16 126 10.57
7 0 4 4 0 7 1 402 29 134 15.01
5 0 9 5 0 0 1 406 36 183 11.5
3 0 0 7 10 0 1 405 20 110 14.26
6 0 4 1 0 0 1 414 27 125 12.6
6 0 0 4 0 4 1 411 23 118 11.71
4 0 10 0 7 4 1 412 41 179 10.04
6 0 7 0 8 0 2 412 413 19 178 11.16
7 0 4 0 3 0 1 410 19 150 15.16
10 1 0 0 0 0 1 411 23 164 16.82
9 1 0 0 0 0 2 413 414 26 186 11.48
5 0 0 0 6 7 1 413 33 168 13.87
10 0 0 0 0 2 1 415 45 192 12.84
5 0 0 0 5 4 1 415 38 154 18.36
3 0 8 0 0 0 1 415 35 154 11.84
1 0 0 0 0 0 0 55 181 18.38
1 0 0 0 0 0 3 417 418 419 0 94 15.17
7 0 1 9 7 2 1 420 1 114 16.45
7 0 6 10 2 1 3 421 424 430 1 89 17.6
6 0 6 5 2 4 3 422 434 444 1 122 14.23
7 0 5 9 9 2 3 423 427 436 8 133 14.82
7 0 10 2 7 7 2 426 433 8 158 17.37
7 0 7 2 5 2 1 431 7 170 17.92
3 0 3 5 7 8 2 425 438 15 103 15.57
4 1 0 0 0 0 1 437 8 110 15.56
6 1 0 0 0 0 3 439 443 445 18 166 16.99
2 0 6 8 1 10 2 427 436 15 152 18.28
1 0 8 8 2 8 3 428 429 431 17 174 17.43
1 1 0 0 0 0 1 432 18 101 13.01
5 0 6 9 7 4 3 435 437 438 18 143 16.04
3 0 4 7 8 5 2 431 433 8 147 15.99
4 0 5 6 1 7 1 446 18 111 16.86
1 0 2 8 6 1 2 437 442 19 120 16.21
6 0 9 5 3 9 3 438 440 445 15 150 14.73
5 0 8 10 10 7 2 440 442 7 172 13.46
4 1 0 0 0 0 2 439 441 23 107 11.04
10 0 2 8 5 4 3 439 441 443 17 153 14.25
5 0 9 9 8 1 1 441 23 118 14.48
9 1 0 0 0 0 1 443 23 117 10.06
7 1 0 0 0 0 2 440 442 27 158 11.1
10 0 9 1 10 4 1 446 34 179 16.54
5 0 5 9 10 9 2 444 445 28 137 10.27
6 0 5 8 6 5 1 446 34 117 9.53
6 0 1 8 5 10 1 444 32 139 10.53
7 0 2 3 9 10 1 447 38 151 12.93
7 0 8 5 6 9 1 447 33 119 10.42
7 0 3 1 4 5 1 447 44 160 10.17
1 0 0 0 0 0 0 51 182 16.44
1 0 0 0 0 0 3 449 450 451 0 104 17.69
3 0 2 2 0 0 3 452 453 454 1 124 17.62
8 0 0 2 7 1 3 460 466 468 1 145 12.1
6 0 4 0 0 10 2 455 459 1 117 15.32
3 0 0 0 6 7 3 458 462 467 4 104 15.17
5 0 6 8 0 8 3 456 457 469 4 118 12.64
8 0 1 6 3 7 1 465 4 111 13.04
9 0 10 3 6 10 1 477 7 146 12.21
1 0 0 9 2 4 3 471 475 476 9 130 17.73
5 0 7 6 0 5 1 472 9 174 17.94
9 0 4 3 7 0 2 463 464 7 105 10.16
10 0 8 9 6 6 1 461 7 173 10.46
3 0 8 10 3 6 1 467 9 157 10.48
2 0 2 4 2 3 2 471 472 17 142 12.7
10 0 8 7 0 5 2 470 473 7 146 17.88
8 1 0 0 0 0 1 476 16 108 16.31
3 1 0 0 0 0 1 478 16 129 18.88
9 0 1 7 7 6 1 475 12 102 18.71
6 0 4 0 2 9 1 473 9 175 13.99
5 0 5 4 9 0 2 471 478 12 174 14.02
5 0 5 9 0 3 1 476 9 141 16.49
2 0 0 1 9 8 1 474 9 111 10.95
5 0 6 1 7 10 1 472 17 125 12.06
7 0 1 0 4 6 1 477 19 110 11.8
1 1 0 0 0 0 1 474 22 109 12.41
10 0 1 2 0 2 1 474 17 108 14.37
1 0 2 10 0 0 1 477 27 111 9.99
2 1 0 0 0 0 1 478 21 165 18.06
8 0 0 9 2 4 1 479 24 167 18.53
8 0 0 1 0 9 1 479 28 175 15.68
8 0 0 6 9 0 1 479 23 170 9.7
1 0 0 0 0 0 0 36 163 14.77
1 0 0 0 0 0 3 481 482 483 0 90 14.03
9 0 0 0 0 8 3 485 487 488 1 138 12.24
4 0 0 5 0 0 2 486 503 1 124 17.18
2 0 5 0 0 0 1 484 1 93 14.46
10 0 0 0 0 8 2 493 510 3 154 9.74
1 0 0 0 0 10 1 492 10 137 10.23
1 0 3 0 0 0 2 489 491 5 120 14.3
5 0 0 0 5 0 2 490 498 10 95 14.22
8 0 10 0 0 0 2 493 507 10 156 13.62
3 0 0 0 0 2 3 494 495 500 6 166 14.27
9 0 0 0 0 3 1 506 15 125 11.67
9 0 0 0 0 5 1 505 6 135 16.67
5 0 5 0 0 0 3 497 499 505 11 152 18.0
6 0 0 0 0 10 3 495 496 501 18 103 16.3
4 0 4 0 0 0 2 501 504 9 110 18.41
7 1 0 0 0 0 1 504 24 112 10.56
6 1 0 0 0 0 1 504 24 113 14.76
4 0 6 0 0 0 1 501 16 130 18.73
10 0 0 0 7 0 1 507 15 109 16.56
5 0 0 0 3 0 1 507 16 174 15.31
8 0 0 0 1 0 1 509 9 109 12.44
2 1 0 0 0 0 2 502 508 24 183 11.2
8 0 1 0 0 0 1 509 26 141 12.26
3 0 0 1 0 0 1 510 5 150 15.41
7 1 0 0 0 0 1 505 31 154 17.67
7 0 0 0 0 3 1 506 38 132 13.84
4 0 0 0 7 0 1 508 45 171 18.65
9 0 0 0 0 9 1 508 25 186 13.45
9 0 0 0 6 0 1 511 49 141 11.54
7 0 0 0 9 0 1 511 34 150 12.36
5 0 0 0 2 0 1 511 13 119 18.9
1 0 0 0 0 0 0 58 162 16.43
88.35 86.84 83.37 85.41 87.18 100.46 132.06 176.44 144.5 108.02 84.23 64.57 27.99 23.89 30.0 65.29 83.54 105.14 131.7 173.84 164.32 137.8 116.32 102.52 94.89 88.85 90.16 91.48 93.25 108.74 146.31 180.55 136.77 91.31 81.16 81.04 50.08 47.9 59.1 65.55 78.47 92.0 115.0 173.66 174.75 140.84 122.64 107.28 108.64 99.74 97.29 97.64 98.63 114.12 158.07 175.56 131.56 100.44 84.16 66.16 15.48 11.03 26.56 48.59 72.36 89.44 102.39 125.0 130.89 105.0 98.55 100.49 94.84 92.22 91.47 90.69 93.35 101.32 137.63 174.11 136.88 103.38 87.12 68.25 39.09 2.49 0.08 2.22 64.43 72.67 105.23 153.82 157.98 101.14 85.74 83.58 74.31 70.36 64.32 64.99 67.44 88.93 114.0 111.57 90.0 61.39 13.78 0.22 -1.39 -5.06 -4.33 -0.1 15.07 65.62 115.85 140.11 161.49 135.22 123.11 108.14 109.28 105.89 102.31 99.94 100.8 100.77 105.85 101.16 96.91 68.05 20.19 0.0 -8.45 -34.11 -36.54 -14.41 -0.19 61.75 112.99 151.66 139.9 99.59 78.0 45.94 53.65 44.72 41.89 41.54 31.8 33.0 35.93 27.75 13.15 8.43 0.0 -0.02 -3.32 -18.84 -25.38 -9.93 -0.01 20.31 100.0 123.71 120.0 109.0 104.94 96.64 89.92 84.78 84.1 84.37 86.9 99.45 125.0 152.11 144.03 107.54 95.55 76.31 60.49 61.64 66.22 75.8 84.6 99.0 124.29 185.27 158.68 106.12 83.42 79.36 77.96 76.79 70.01 67.27 69.42 75.27 85.46 95.0 100.0 95.0 70.41 92.74 91.28 90.01 80.01 75.01 69.89 86.57 108.76 137.32 145.94 113.58 105.8 97.2 89.32 83.81 84.44 84.93 88.01 103.34 124.04 135.68 109.94 82.49 59.41 37.67 19.62 12.15 13.1 31.9 65.62 94.94 118.39 157.87 154.65 121.83 109.97 98.59 90.44 85.33 83.48 82.34 83.84 90.43 109.6 123.17 124.43 90.0 61.14 45.95 43.0 40.84 36.53 74.14 87.15 100.0 114.39 131.02 124.3 114.17 98.9 96.72 90.26 81.14 78.44 77.73 77.6 77.4 80.0 86.52 88.46 89.0 88.96 86.31 77.82 67.28 65.05 67.51 77.77 91.86 106.14 126.23 133.75 118.8 108.83 101.95 91.61 81.89 86.4 84.44 86.95 92.98 97.71 94.12 82.13 59.9 19.4 4.54 0.0 -2.72 -6.57 -0.78 0.2 66.51 105.94 130.84 149.1 130.44 111.58 99.44 101.48 96.74 97.58 98.3 98.66 103.07 103.5 86.91 63.7 5.8 -0.69 -30.5 -80.69 -84.89 -54.65 -7.53 0.0 68.65 107.04 116.77 142.51 133.91 121.69 110.95 107.96 98.59 95.84 95.98 98.32 98.32 95.72 89.98 79.86 55.56 18.77 9.09 -14.57 -22.49 -0.94 9.53 47.56 84.28 101.2 121.53 139.09 132.1 122.77 106.49 96.63 89.22 87.89 85.33 85.04 98.71 122.53 151.54 140.71 104.45 93.4 83.43 77.19 66.99 71.71 78.64 83.86 101.6 132.36 206.14 259.37 155.9 123.21 111.54 108.66 101.1 99.09 99.12 103.52 111.92 137.55 144.7 123.52 99.89 87.72 88.53 79.59 79.56 86.67 94.26 100.74 109.96 133.14 163.36 169.27 126.8 108.41 97.88 94.72 89.22 87.51 86.32 85.57 92.15 110.82 119.21 117.72 105.07 94.79 89.4 80.72 77.31 78.01 80.04 85.24 97.38 103.94 116.68 121.61 114.48 106.53 93.1 92.38 83.68 82.73 84.31 85.77 95.88 105.04 113.39 108.65 94.86 86.57 74.23 67.93 49.4 42.59 62.77 77.05 85.06 100.08 116.33 123.39 109.63 100.37 92.09 101.25 92.79 91.74 90.3 89.64 91.4 93.54 86.45 71.06 34.45 2.55 -0.01 -5.87 -12.51 -9.86 -2.0 -0.01 30.99 79.17 100.0 107.86 96.21 85.8 73.21 69.11 62.6 58.39 59.28 63.53 68.24 67.96 63.08 35.01 0.04 -3.0 -32.41 -94.9 -123.0 -113.5 -50.5 -5.17 18.35 92.74 110.72 124.48 109.04 99.0 93.85 92.84 87.19 83.31 86.0 91.62 100.01 139.94 131.09 95.79 67.37 9.79 -0.01 -3.67 -5.9 -6.18 -1.54 2.04 72.36 104.34 152.34 196.91 129.07 106.24 96.85 91.27 87.45 82.41 79.94 80.88 91.19 107.09 113.13 94.58 67.9 5.81 0.0 -0.76 -1.9 -1.69 -0.01 14.81 77.49 101.74 139.83 178.26 130.0 109.31 98.19 95.0 90.03 88.19 88.76 92.14 96.36 115.21 120.29 95.59 72.05 7.08 0.0 -1.0 -6.21 -3.0 -0.02 19.91 79.17 102.79 132.19 176.8 127.99 108.47 99.08 98.18 92.44 91.01 91.24 91.18 84.68 83.52 76.04 58.7 0.0 -3.0 -40.1 -81.56 -128.47 -118.34 -49.99 -5.17 39.86 96.49 129.91 164.23 121.97 100.28 86.68 89.09 74.7 64.5 62.85 65.88 75.12 86.99 85.7 75.53 33.29 0.85 -0.01 -0.8 -3.0 -4.0 -0.08 0.3 68.54 100.92 119.84 151.5 121.99 107.54 97.28 98.28 93.84 92.68 92.21 91.19 91.72 92.07 87.0 70.98 13.53 0.01 -0.01 -1.16 -3.04 -2.69 -0.03 0.0 29.09 67.4 75.71 87.88 85.02 78.71 66.8 60.83 45.35 31.65 20.43 20.14 15.58 13.62 7.83 2.93 0.0 -0.01 -0.01 -0.02 -2.0 -5.01 -1.59 -0.01 10.28 81.56 97.26 109.52 110.32 101.26 88.32 72.81 70.95 69.49 72.07 72.92 89.42 109.29 124.51 108.86 93.59 91.92 74.17 62.97 59.93 58.89 70.26 84.06 92.46 102.9 134.1 170.66 124.4 106.23 96.34 87.55 81.22 79.58 78.27 82.59 97.42 114.58 120.78 109.39 85.85 80.88 70.25 55.89 53.26 57.16 68.87 76.5 93.49 111.02 137.2 160.08 133.88 115.44 100.98 94.43 88.78 87.15 89.84 94.29 106.11 129.17 142.9 123.11 97.02 87.47 77.64 68.48 68.2 71.34 78.25 84.55 99.24 111.21 131.76 143.46 123.94 109.69 98.02 97.61 93.33 93.2 95.18 96.09 108.79 123.95 137.91 122.67 103.21 90.11 77.84 66.09 65.49 72.06 81.37 87.82 93.9 109.11 132.01 173.87 134.44 112.64 105.87 102.02 97.86 95.0 96.35 100.38 111.94 135.54 133.18 98.02 83.34 52.95 3.24 3.09 0.13 0.01 7.49 59.42 87.6 94.58 117.4 155.2 124.27 103.02 96.79 101.99 103.56 99.41 96.56 101.13 100.72 97.91 93.79 73.88 9.1 -0.09 -22.58 -56.61 -114.38 -109.63 -49.89 -6.78 29.94 97.26 125.4 167.01 126.19 107.85 95.28
