544 5
1 37 33 36 34
1 0 0 0 0 0 3 1 2 3 0 167 46.76
1 0 2 0 0 0 1 5 1 140 28.2
4 0 0 0 4 0 3 4 7 18 1 96 33.75
8 0 0 7 0 0 3 6 8 12 1 104 36.88
6 0 0 1 0 0 2 8 15 5 191 26.88
3 0 0 2 0 0 3 9 10 11 2 106 34.5
3 0 0 0 0 7 3 13 17 23 9 163 35.9
9 0 0 0 6 0 3 16 25 27 5 143 40.1
2 0 0 2 0 0 1 21 11 176 32.71
6 0 1 0 0 0 2 17 18 5 130 39.1
8 0 0 0 8 0 2 14 17 5 134 36.22
4 0 0 0 1 0 2 13 26 5 121 40.48
9 0 0 0 8 0 1 25 9 112 28.06
4 0 0 0 0 1 1 20 12 106 40.09
10 0 0 8 0 0 2 18 26 13 118 30.34
9 0 0 0 0 5 1 20 11 168 34.74
4 0 0 0 6 0 2 19 22 14 150 41.47
10 0 7 0 0 0 3 20 25 26 13 130 37.45
9 0 8 0 0 0 3 19 22 30 23 183 28.05
9 0 0 0 1 0 1 28 32 201 28.7
9 0 0 5 0 0 1 22 23 160 38.03
7 0 0 5 0 0 2 24 27 13 125 42.94
3 0 0 0 1 0 2 24 28 32 181 44.7
2 0 0 0 10 0 2 24 27 12 136 37.56
4 0 0 8 0 0 1 29 35 179 33.77
7 0 0 0 0 10 2 28 29 23 129 36.95
1 1 0 0 0 0 2 29 30 23 198 29.33
2 0 0 0 9 0 1 30 20 141 33.89
1 0 0 1 0 0 1 31 41 155 36.96
1 0 0 0 0 8 1 31 39 188 30.77
2 0 0 0 7 0 1 31 32 198 34.55
1 0 0 0 0 0 0 42 194 46.85
1 0 0 0 0 0 3 33 34 35 0 92 38.82
4 0 0 9 0 0 1 61 1 158 39.73
5 0 6 0 0 0 3 36 38 42 1 181 46.3
6 0 0 0 4 0 2 43 46 1 140 35.88
3 0 0 0 10 0 3 37 39 48 6 166 38.67
3 0 0 8 0 0 1 58 9 136 44.44
3 0 0 0 0 8 2 41 60 6 166 42.99
5 0 3 0 0 0 3 40 44 54 9 133 44.35
7 0 0 0 0 2 1 50 14 115 27.09
1 0 0 6 0 0 1 56 9 170 47.07
10 0 2 0 0 0 1 51 6 114 34.2
1 0 0 0 7 0 2 48 55 7 110 36.91
8 0 0 0 6 0 2 45 55 14 152 34.65
7 1 0 0 0 0 2 47 49 22 172 46.28
9 0 0 0 6 0 1 52 7 159 36.46
8 1 0 0 0 0 1 58 29 167 48.07
7 0 5 0 0 0 2 53 58 9 166 32.72
6 1 0 0 0 0 2 51 62 29 210 31.6
1 0 6 0 0 0 1 57 21 121 31.23
3 1 0 0 0 0 2 52 59 35 147 33.06
10 0 9 0 0 0 2 53 57 38 205 42.97
5 0 0 0 0 1 1 60 48 174 35.3
10 0 0 6 0 0 1 57 14 162 30.82
8 0 0 0 8 0 1 56 22 178 41.6
1 1 0 0 0 0 1 62 30 174 44.57
4 0 0 0 0 7 1 61 48 139 28.7
5 0 0 6 0 0 1 59 37 148 43.13
2 0 0 9 0 0 1 60 42 190 30.12
8 0 5 0 0 0 1 63 53 172 26.73
7 0 0 0 0 10 1 63 52 163 40.67
8 0 0 0 0 3 1 63 35 190 46.38
1 0 0 0 0 0 0 61 212 29.54
1 0 0 0 0 0 3 65 66 67 0 182 42.69
5 0 7 0 6 9 3 68 74 77 1 116 31.58
4 0 2 0 0 0 3 69 71 73 1 184 26.49
6 0 3 0 0 0 3 72 80 88 1 110 40.83
4 0 10 2 0 10 3 69 70 78 6 189 37.54
7 0 0 6 0 8 3 72 80 90 10 175 42.19
6 0 0 0 9 9 3 71 79 82 10 109 42.52
10 0 0 0 2 0 2 85 87 16 171 45.27
3 0 0 10 0 0 3 87 89 92 17 200 24.83
6 0 4 0 9 1 3 75 77 80 5 166 35.46
7 0 5 0 5 0 3 78 81 83 6 145 45.15
6 0 8 5 5 0 3 76 79 81 11 190 42.5
7 0 0 1 0 0 3 83 86 93 17 162 32.39
8 0 0 1 0 0 2 78 81 11 131 45.34
4 0 0 0 6 0 2 82 84 19 146 28.74
1 0 8 0 0 4 2 83 84 17 166 27.89
2 0 0 3 5 0 2 87 94 17 109 30.37
2 1 0 0 0 0 3 82 86 92 19 181 38.35
10 1 0 0 0 0 1 91 23 135 45.75
8 1 0 0 0 0 3 88 89 90 24 190 39.48
6 0 6 0 2 0 3 85 89 93 23 179 24.57
6 1 0 0 0 0 3 86 90 91 29 172 38.2
3 0 5 0 1 0 1 88 35 163 31.21
7 1 0 0 0 0 1 93 26 143 41.66
8 0 0 0 0 2 1 94 38 218 28.94
8 0 0 0 10 8 1 91 32 148 27.29
6 0 8 1 1 4 1 92 35 187 32.45
2 0 0 0 7 7 1 94 40 217 43.36
10 0 3 10 7 0 1 95 41 180 36.25
10 0 10 0 0 4 1 95 33 131 43.03
6 0 0 9 0 3 1 95 46 216 30.83
1 0 0 0 0 0 0 52 177 40.91
1 0 0 0 0 0 3 97 98 99 0 101 39.96
10 0 1 2 5 3 3 100 107 111 1 181 42.86
9 0 3 10 6 10 1 103 1 144 38.53
6 0 2 2 4 7 3 101 108 117 1 98 44.36
1 0 2 8 7 3 3 102 105 118 11 174 46.43
1 0 9 7 5 4 3 104 109 116 7 107 42.11
10 0 3 3 10 5 3 106 108 112 12 186 40.36
7 0 8 5 10 6 3 104 109 111 10 147 43.15
5 0 4 7 1 7 1 119 17 191 44.91
4 0 6 3 9 5 2 114 120 12 163 39.45
9 1 0 0 0 0 2 124 126 22 208 29.86
10 0 9 5 3 1 1 118 11 153 27.54
6 1 0 0 0 0 1 116 22 130 24.58
4 0 9 9 3 8 3 110 115 121 17 111 30.65
7 1 0 0 0 0 3 120 122 123 21 132 42.67
7 0 10 2 9 3 2 121 126 17 121 47.48
8 1 0 0 0 0 3 113 115 123 22 185 46.14
1 1 0 0 0 0 3 116 122 125 30 151 27.34
4 0 1 2 10 10 1 117 16 189 31.69
4 0 10 9 9 4 2 119 125 30 149 33.7
7 0 3 1 8 1 2 120 124 31 195 32.02
2 1 0 0 0 0 1 119 20 186 28.26
1 0 3 5 6 10 1 121 21 161 31.9
9 0 5 10 1 7 1 122 34 142 32.45
10 0 5 10 6 7 1 126 38 180 38.07
9 0 7 4 3 8 1 123 24 177 33.33
10 0 10 9 1 10 1 124 43 168 26.78
7 0 8 6 10 4 1 125 33 197 41.91
2 0 3 6 2 9 1 127 53 195 42.24
1 0 9 9 9 2 1 127 40 191 29.85
3 0 2 7 9 6 1 127 48 175 46.18
1 0 0 0 0 0 0 55 204 30.57
1 0 0 0 0 0 3 129 130 131 0 148 46.24
2 0 6 8 6 9 3 132 134 135 1 133 36.06
4 0 9 9 10 8 3 141 142 148 1 119 35.01
3 0 9 4 8 8 3 140 142 152 1 136 41.31
9 0 6 7 3 8 3 133 138 144 3 164 40.82
6 0 4 5 7 8 3 139 140 147 12 163 29.39
6 0 1 8 1 2 3 136 138 142 3 141 41.55
3 0 5 8 2 9 3 136 137 144 3 126 32.94
5 1 0 0 0 0 2 149 152 9 119 26.92
10 0 8 9 10 4 1 143 6 126 26.91
6 0 5 10 4 5 3 139 150 152 12 193 45.18
4 1 0 0 0 0 2 145 155 18 147 25.33
4 0 1 6 1 9 2 143 146 18 144 28.47
1 0 3 3 4 2 3 145 147 149 5 185 24.95
2 0 4 2 9 1 3 146 147 149 9 179 31.04
9 0 3 10 8 4 3 148 150 158 22 207 44.48
5 1 0 0 0 0 3 146 148 156 12 150 41.28
3 0 10 6 1 6 2 151 154 22 163 47.36
8 0 1 8 3 6 3 153 154 157 22 186 33.96
8 0 3 10 7 7 2 150 151 18 133 30.18
7 0 2 5 5 10 1 157 31 143 36.02
9 0 9 9 9 9 2 151 154 14 125 43.92
4 0 1 9 4 1 1 155 31 161 31.42
5 0 9 1 5 7 2 153 156 26 175 39.02
2 0 2 3 6 10 3 153 155 156 18 184 45.42
1 0 4 9 2 1 1 158 31 152 35.65
6 0 6 4 4 2 1 158 30 171 40.9
9 0 3 5 1 2 1 157 35 142 36.16
2 0 3 8 10 8 1 159 31 132 27.04
2 0 1 2 1 1 1 159 44 155 34.39
6 0 2 7 9 2 1 159 36 210 37.32
1 0 0 0 0 0 0 46 136 28.54
1 0 0 0 0 0 3 161 162 163 0 142 32.73
7 0 0 7 0 1 3 167 175 179 1 186 38.01
5 0 0 0 6 6 3 166 168 180 1 145 45.67
8 0 10 8 5 1 3 164 165 186 1 107 32.23
1 0 4 0 1 0 1 171 9 105 46.21
3 0 0 9 0 10 2 169 180 9 154 38.01
3 0 0 10 0 4 2 169 177 6 140 38.88
1 0 2 2 9 0 2 178 180 8 104 29.4
6 0 0 8 0 6 2 170 174 6 143 34.04
2 0 0 0 10 0 2 176 181 12 175 44.9
8 0 4 0 0 3 3 171 172 182 12 144 29.09
2 0 0 3 2 8 1 184 20 180 45.96
5 1 0 0 0 0 3 173 183 186 20 120 26.0
5 0 5 7 0 0 3 177 189 190 25 203 24.68
7 0 0 0 0 1 2 175 178 12 178 33.92
10 1 0 0 0 0 3 177 181 187 19 205 45.0
1 0 0 5 3 0 1 179 14 177 47.02
2 1 0 0 0 0 1 188 30 200 33.81
9 1 0 0 0 0 1 187 19 177 42.68
3 0 0 3 3 0 2 184 185 15 129 32.85
5 0 4 6 1 0 2 189 190 12 130 42.36
7 1 0 0 0 0 2 183 188 29 188 45.98
10 0 6 0 0 8 3 184 185 186 20 126 47.19
4 0 0 2 0 2 1 185 36 171 32.88
10 0 9 0 1 6 1 190 30 175 32.62
9 0 0 0 6 0 1 189 40 216 27.94
2 1 0 0 0 0 1 187 30 170 46.64
6 0 6 0 6 9 1 188 32 173 48.09
4 0 6 5 0 0 1 191 38 186 46.9
5 0 0 2 0 0 1 191 49 143 29.22
8 0 0 0 8 0 1 191 40 216 25.41
1 0 0 0 0 0 0 54 158 34.08
1 0 0 0 0 0 3 193 194 195 0 140 32.74
3 0 0 0 0 3 3 201 206 207 1 129 40.5
2 0 10 0 0 0 3 198 202 207 1 168 48.03
8 0 0 7 7 0 3 196 197 221 1 171 44.09
4 0 2 0 9 6 3 205 209 210 9 131 30.67
3 0 0 0 8 0 3 199 203 206 9 193 25.25
4 0 0 5 0 0 3 200 204 208 3 164 39.64
1 0 9 0 0 0 3 200 208 211 12 116 33.97
5 0 0 0 3 0 3 205 215 216 13 165 33.84
3 0 4 0 8 0 3 205 210 211 4 130 31.16
4 0 2 0 4 4 3 204 213 214 3 173 34.24
2 0 5 3 2 2 3 211 212 217 12 109 32.55
8 0 0 10 1 0 3 206 209 221 7 164 43.78
10 0 5 9 0 9 1 213 18 191 46.6
3 0 0 4 0 5 3 210 218 222 15 120 38.26
9 0 2 3 0 0 1 214 4 124 42.51
2 0 0 0 0 3 3 209 212 213 13 187 38.65
2 0 1 0 0 0 2 215 219 15 189 26.09
7 1 0 0 0 0 2 212 217 18 166 47.76
10 0 0 0 10 0 3 216 219 222 14 115 28.91
6 1 0 0 0 0 1 215 25 155 40.2
4 1 0 0 0 0 2 217 218 28 144 26.16
9 0 0 5 3 4 3 216 221 222 13 178 39.86
10 0 6 0 0 2 1 220 31 159 42.31
8 0 0 0 2 1 1 218 24 162 36.38
3 1 0 0 0 0 1 219 32 210 33.79
2 0 3 5 1 10 1 220 32 135 31.14
5 1 0 0 0 0 1 220 35 138 34.54
9 0 8 2 0 0 1 223 41 160 34.01
8 0 10 10 10 7 1 223 22 193 27.34
4 1 0 0 0 0 1 223 24 139 26.21
1 0 0 0 0 0 0 50 154 25.97
1 0 0 0 0 0 3 225 226 227 0 169 27.42
10 0 0 9 10 0 3 228 230 233 1 137 31.0
5 0 4 0 0 9 3 229 231 236 1 123 39.05
2 0 8 0 0 0 3 229 230 238 1 150 34.65
2 0 6 3 5 0 3 235 239 252 11 190 29.32
4 0 0 0 4 0 3 235 241 246 6 157 30.66
10 0 0 4 7 0 3 232 234 237 11 121 25.91
3 0 0 5 8 10 3 233 240 242 6 123 39.67
6 1 0 0 0 0 2 240 251 21 167 38.04
10 0 0 9 0 5 3 238 244 248 11 164 37.97
6 1 0 0 0 0 3 243 247 252 21 131 26.56
4 0 5 0 0 7 2 243 245 13 180 25.93
8 0 0 0 0 6 3 242 244 246 6 150 39.34
4 0 0 8 6 7 3 240 241 246 21 151 42.39
8 1 0 0 0 0 3 247 249 250 21 180 39.8
10 0 0 0 0 3 3 241 244 245 13 194 38.65
9 1 0 0 0 0 2 245 247 27 143 44.91
6 1 0 0 0 0 3 242 243 253 25 146 33.93
3 1 0 0 0 0 1 254 31 202 24.6
7 0 1 0 1 1 2 250 251 31 150 44.39
3 1 0 0 0 0 1 249 23 203 46.7
1 0 8 7 0 1 1 248 36 167 30.7
9 0 0 1 2 9 3 248 249 252 25 204 29.07
3 1 0 0 0 0 1 253 36 135 43.67
5 0 8 7 0 0 2 250 253 37 159 39.5
7 0 0 10 10 10 1 251 34 182 41.25
10 0 0 7 0 7 1 254 42 171 31.66
8 0 1 0 8 0 1 254 41 143 41.41
2 1 0 0 0 0 1 255 34 131 43.57
6 0 5 0 4 0 1 255 42 141 27.25
6 0 9 10 0 0 1 255 52 212 37.84
1 0 0 0 0 0 0 58 203 42.52
1 0 0 0 0 0 3 257 258 259 0 123 44.91
3 0 3 0 1 0 3 260 263 267 1 122 31.98
3 0 0 0 0 2 3 265 266 268 1 107 38.48
5 0 2 1 10 0 3 261 262 269 1 148 24.92
3 0 0 0 0 2 3 272 275 284 4 102 41.44
7 0 10 6 0 4 3 264 268 274 6 123 27.98
2 0 0 2 0 10 3 264 266 268 6 159 42.08
3 0 9 0 4 4 3 264 266 275 4 163 47.09
8 0 2 4 7 6 3 271 276 279 13 148 30.26
9 0 0 2 0 9 3 270 273 275 4 178 38.91
8 0 0 4 0 0 3 270 273 280 8 190 26.58
8 0 10 9 4 0 3 272 280 284 4 140 46.24
10 0 0 7 5 0 3 270 276 283 13 149 36.62
4 0 2 4 0 0 3 271 274 283 6 144 38.49
2 1 0 0 0 0 3 271 272 278 23 153 31.93
6 0 2 0 0 7 2 277 286 25 147 37.25
5 1 0 0 0 0 1 277 25 176 30.22
9 1 0 0 0 0 2 274 285 16 201 40.65
5 1 0 0 0 0 2 276 286 25 202 31.35
7 0 0 0 0 2 2 277 281 13 145 24.13
4 0 8 0 0 3 1 282 30 142 25.59
4 0 0 4 5 0 1 285 31 180 41.96
1 1 0 0 0 0 2 281 282 25 202 27.79
10 0 1 4 0 0 2 280 282 21 145 24.8
10 0 0 0 0 9 2 281 283 31 133 32.71
9 0 9 0 0 4 1 285 41 154 37.91
4 0 0 2 2 8 1 284 34 126 29.95
3 0 0 0 0 10 1 286 41 179 34.75
5 0 5 0 3 2 1 287 38 201 26.67
6 0 0 6 0 1 1 287 50 219 26.15
8 0 0 9 0 7 1 287 44 147 40.41
1 0 0 0 0 0 0 56 204 33.37
1 0 0 0 0 0 3 289 290 291 0 180 38.65
9 0 0 0 2 0 3 296 297 312 1 149 29.37
2 0 0 0 0 1 3 292 293 295 1 161 36.28
4 0 0 0 1 0 3 294 295 296 1 179 42.31
5 0 0 0 0 3 3 298 300 301 3 101 31.41
9 0 0 0 1 0 3 296 297 309 3 176 38.55
7 0 0 0 9 0 3 299 300 302 5 118 46.13
9 0 1 0 0 0 3 306 307 313 5 188 33.48
3 0 4 0 0 0 2 299 301 12 131 44.77
10 0 0 0 0 9 2 306 318 12 130 43.62
3 0 0 1 0 0 3 299 302 303 8 154 32.86
8 1 0 0 0 0 2 314 317 15 116 37.72
1 0 2 0 0 0 3 304 309 318 12 134 45.05
8 1 0 0 0 0 3 308 310 313 15 123 27.46
6 0 0 0 10 0 3 307 308 313 12 133 34.13
5 0 0 3 0 0 2 304 305 11 107 43.35
3 0 0 0 7 0 3 306 310 312 16 188 25.26
5 0 0 8 0 0 1 307 16 190 29.14
7 1 0 0 0 0 2 308 317 22 155 37.89
8 0 4 0 0 0 2 309 310 21 165 37.94
10 0 0 0 5 0 1 314 29 147 34.37
8 0 0 0 0 10 2 311 312 29 186 37.18
1 1 0 0 0 0 2 311 316 29 153 47.54
2 1 0 0 0 0 1 315 37 196 38.59
9 0 0 0 1 0 2 314 315 37 216 44.22
6 1 0 0 0 0 3 315 316 318 23 149 42.1
9 0 9 0 0 0 1 316 46 162 44.33
3 0 0 0 9 0 1 317 46 186 40.83
4 0 0 0 0 8 1 319 55 170 43.44
10 0 0 10 0 0 1 319 49 178 24.81
6 0 2 0 0 0 1 319 29 130 43.79
1 0 0 0 0 0 0 59 167 25.32
1 0 0 0 0 0 3 321 322 323 0 106 39.7
3 0 9 0 0 0 3 325 327 333 1 104 47.45
1 0 0 0 0 10 2 326 340 1 103 42.97
7 0 0 0 0 7 3 324 325 328 1 120 27.17
1 0 0 0 0 2 3 334 337 347 8 158 46.19
9 0 0 0 0 2 3 326 329 339 8 165 29.67
9 0 0 0 0 1 3 332 334 336 17 149 29.76
6 0 5 0 0 0 3 331 332 335 4 115 41.61
5 0 0 6 0 0 2 330 334 8 173 24.93
8 0 9 0 0 0 3 330 332 340 17 175 40.09
10 1 0 0 0 0 3 336 337 341 25 170 35.87
9 0 4 0 0 0 3 337 339 340 10 147 47.5
1 0 0 2 0 0 2 341 344 26 160 43.95
10 0 5 0 0 0 3 335 341 344 4 130 34.69
5 1 0 0 0 0 3 338 342 343 26 137 35.62
10 0 0 5 0 0 3 342 346 350 14 170 36.44
10 0 0 0 0 7 3 338 347 349 35 190 36.6
5 1 0 0 0 0 1 350 35 135 39.3
8 0 0 0 8 0 2 345 348 45 205 46.0
8 1 0 0 0 0 3 343 345 346 19 165 45.49
2 1 0 0 0 0 3 343 344 345 25 199 36.52
1 1 0 0 0 0 1 342 35 128 37.59
8 0 0 0 0 10 1 349 36 131 34.06
7 0 0 0 0 10 1 349 31 159 29.01
2 0 4 0 0 0 2 346 347 27 185 31.16
7 0 1 0 0 0 1 350 53 146 27.1
6 0 6 0 0 0 1 348 29 188 45.66
8 0 0 0 3 0 1 348 45 203 31.01
2 0 0 0 2 0 1 351 53 169 43.86
2 0 0 6 0 0 1 351 45 135 36.27
4 0 0 0 0 2 1 351 60 231 31.32
1 0 0 0 0 0 0 64 210 42.68
1 0 0 0 0 0 3 353 354 355 0 132 36.31
8 0 4 0 0 0 3 357 362 366 1 182 35.73
4 0 10 0 0 0 3 358 359 364 1 100 36.24
6 0 0 0 0 3 3 356 360 361 1 178 31.47
3 0 3 0 0 0 1 371 7 106 40.9
8 0 0 0 0 8 1 381 9 158 42.45
5 0 4 0 0 0 1 378 5 111 44.62
9 0 0 1 0 0 3 363 370 378 5 120 43.63
2 0 6 0 0 0 1 365 7 160 33.94
7 0 0 0 0 1 2 367 376 7 185 47.59
9 1 0 0 0 0 2 371 377 9 178 25.25
2 0 0 7 0 0 1 365 14 185 41.13
6 0 4 0 0 0 2 368 369 5 143 31.62
3 0 0 8 0 0 1 368 16 177 24.43
9 1 0 0 0 0 1 376 9 114 43.45
10 0 0 0 0 5 2 372 373 14 149 39.08
6 0 0 0 0 8 1 373 19 188 32.15
5 0 0 0 0 7 2 371 373 11 116 35.84
3 0 0 1 0 0 2 375 380 14 131 31.83
7 0 0 10 0 0 2 374 376 18 177 38.94
2 0 0 0 0 6 1 379 24 162 40.74
7 0 2 0 0 0 1 374 25 146 37.19
2 0 3 0 0 0 1 375 32 163 35.49
3 0 0 9 0 0 1 381 34 173 43.87
3 0 4 0 0 0 1 381 25 124 37.64
7 0 0 0 4 0 1 382 18 158 39.86
8 1 0 0 0 0 1 379 14 148 24.44
3 0 0 8 0 0 1 382 26 187 32.46
7 0 0 7 0 0 1 383 17 197 28.34
2 0 0 7 0 0 1 383 37 158 37.62
2 0 0 0 2 0 1 383 29 205 25.37
1 0 0 0 0 0 0 39 179 42.94
1 0 0 0 0 0 3 385 386 387 0 122 43.88
4 0 0 9 0 0 3 388 395 402 1 139 45.89
5 0 0 0 7 0 2 392 398 1 106 47.93
10 0 2 0 0 0 3 389 390 393 1 120 27.95
8 0 0 0 0 8 3 391 397 400 5 178 31.55
8 0 0 0 0 6 2 396 397 11 192 41.58
5 0 0 0 9 0 3 398 399 407 11 175 42.86
7 1 0 0 0 0 1 396 13 159 29.89
8 0 0 0 0 3 3 397 400 402 6 121 35.08
3 0 0 0 0 1 3 394 398 405 11 163 26.99
9 0 0 2 0 0 1 401 14 151 31.41
3 0 0 0 0 9 1 405 5 103 35.3
6 0 0 0 2 0 1 409 20 192 38.23
6 1 0 0 0 0 3 399 406 412 19 172 43.3
8 1 0 0 0 0 1 403 16 156 36.58
6 0 0 0 8 0 1 413 25 151 32.14
10 0 8 0 0 0 2 410 412 14 113 25.35
2 0 7 0 0 0 1 404 23 182 25.44
6 0 0 1 0 0 2 406 407 14 182 47.57
6 1 0 0 0 0 2 409 411 24 206 32.12
4 1 0 0 0 0 2 408 414 25 173 46.86
1 0 0 0 0 9 2 406 411 14 169 41.87
2 1 0 0 0 0 1 408 25 176 33.77
8 0 0 0 8 0 3 409 410 411 20 117 25.0
5 0 0 8 0 0 1 410 29 158 47.15
3 0 0 0 0 1 2 412 414 30 131 46.1
5 0 0 2 0 0 1 413 34 184 35.75
1 0 0 0 9 0 2 413 414 30 140 30.09
3 0 0 0 0 3 1 415 33 180 37.73
9 0 0 0 0 2 1 415 39 194 30.24
2 0 10 0 0 0 1 415 33 143 24.98
1 0 0 0 0 0 0 48 154 30.42
1 0 0 0 0 0 3 417 418 419 0 97 32.77
9 0 0 8 5 4 3 420 422 425 1 132 40.94
5 0 7 0 8 7 3 420 436 437 1 104 26.84
3 0 0 0 7 2 3 421 431 433 1 118 24.19
3 0 8 3 0 4 3 424 434 440 10 190 35.88
4 0 3 5 2 1 3 423 425 428 4 106 44.6
5 0 7 3 5 10 3 427 438 439 10 140 31.2
4 0 6 8 2 0 3 426 429 430 8 134 38.55
9 0 0 6 10 9 1 432 13 143 46.69
9 0 6 9 8 7 3 426 427 430 10 162 33.11
8 0 0 4 0 7 1 445 19 175 37.22
4 1 0 0 0 0 2 432 441 19 155 35.08
5 1 0 0 0 0 2 442 444 8 103 41.05
4 1 0 0 0 0 3 437 439 444 12 182 44.14
6 0 7 9 2 8 2 437 438 19 146 43.64
3 0 7 6 3 0 1 436 4 179 40.78
6 0 0 10 0 1 1 443 23 119 38.02
3 0 3 5 0 8 1 442 4 128 34.13
6 0 1 0 7 0 1 435 13 155 40.43
9 0 5 7 7 0 2 439 441 19 190 31.04
7 0 4 0 10 0 1 438 7 133 27.09
10 0 5 0 1 8 2 443 446 25 199 34.38
7 0 6 0 2 7 2 440 445 25 169 27.64
1 0 1 5 8 0 1 446 28 182 42.3
8 0 5 6 3 6 1 441 32 197 27.89
2 0 0 4 2 6 2 444 446 40 145 36.35
3 0 0 6 0 1 1 443 13 141 32.26
10 0 2 5 7 0 1 445 35 180 26.56
4 0 4 0 2 3 1 447 42 207 45.83
2 0 0 8 5 2 1 447 45 203 44.95
6 0 0 5 2 9 1 447 42 169 27.59
1 0 0 0 0 0 0 48 219 31.77
1 0 0 0 0 0 3 449 450 451 0 140 45.11
5 0 3 8 1 1 3 454 467 473 1 140 26.51
9 0 2 3 4 1 3 452 456 458 1 123 38.72
2 0 8 5 6 3 3 457 459 464 1 150 45.27
6 0 3 7 3 5 3 453 454 455 10 151 29.76
10 0 9 8 3 6 3 462 465 470 16 161 45.09
2 0 10 3 9 5 3 460 461 476 16 180 40.59
6 0 6 7 3 10 3 457 460 468 16 124 44.65
9 0 8 10 10 2 3 459 460 461 10 126 30.85
4 1 0 0 0 0 3 467 472 477 22 137 46.21
3 1 0 0 0 0 3 466 468 469 10 184 26.74
4 1 0 0 0 0 3 462 463 465 19 133 28.08
9 0 7 4 5 6 2 470 475 22 165 46.17
10 0 7 3 9 1 3 464 469 474 19 199 45.6
2 1 0 0 0 0 3 469 471 472 26 172 44.53
1 1 0 0 0 0 3 466 471 472 23 173 34.12
10 0 4 9 6 10 2 470 475 29 148 38.68
2 0 4 2 4 4 3 466 468 471 26 178 43.86
4 0 7 9 2 3 2 467 475 28 137 27.5
3 0 2 10 6 3 2 474 476 32 177 41.44
10 0 8 6 9 3 1 473 28 196 38.81
6 0 3 4 1 1 1 477 29 141 44.32
7 0 10 8 4 3 1 477 39 206 45.17
4 0 5 3 1 1 1 478 28 192 33.06
8 0 9 2 5 1 1 473 28 125 28.17
2 0 1 10 7 9 2 474 476 38 196 31.64
1 0 4 6 10 9 1 478 40 149 45.79
4 0 6 9 3 4 1 478 39 165 31.35
5 0 5 6 10 4 1 479 40 220 38.48
1 0 2 1 6 3 1 479 46 178 34.19
4 0 5 2 5 7 1 479 43 179 37.98
1 0 0 0 0 0 0 47 157 25.21
1 0 0 0 0 0 3 481 482 483 0 129 47.22
8 0 0 7 3 0 3 497 499 504 1 115 44.43
5 0 6 9 7 0 3 484 486 506 1 108 31.92
9 0 7 10 2 0 3 486 492 510 1 107 29.36
8 0 10 0 0 7 2 485 488 6 120 27.37
2 0 10 4 6 6 3 487 490 491 14 110 31.52
4 0 3 3 3 3 1 507 10 176 28.62
1 0 4 5 4 8 1 489 16 152 38.23
4 0 1 0 8 0 2 498 500 14 133 40.03
6 0 10 8 0 4 3 492 493 495 17 166 26.73
8 1 0 0 0 0 3 495 496 505 16 146 38.32
1 0 8 0 1 4 1 494 16 192 30.33
8 1 0 0 0 0 3 497 498 500 23 123 47.13
1 1 0 0 0 0 2 498 507 23 177 34.74
10 0 7 1 6 8 3 495 496 503 17 190 25.99
4 0 0 9 1 4 2 497 508 27 173 31.99
7 1 0 0 0 0 3 499 509 510 27 184 25.61
3 0 6 8 3 8 1 509 31 140 47.6
7 1 0 0 0 0 2 499 502 31 186 40.58
4 0 7 5 1 4 1 508 38 154 37.13
8 0 9 7 3 2 2 501 502 31 206 27.35
1 0 0 8 1 8 2 503 507 39 148 25.09
5 0 1 5 0 0 1 503 39 168 29.86
9 0 0 4 6 3 1 504 44 168 24.62
5 0 2 3 0 8 1 505 53 181 43.33
2 0 8 2 10 7 1 508 58 202 47.87
3 0 0 0 6 0 1 510 6 148 41.31
2 1 0 0 0 0 1 509 40 148 32.16
5 0 6 3 9 0 1 511 60 178 44.14
10 0 7 2 0 1 1 511 42 171 34.42
1 0 0 5 0 3 1 511 34 197 45.78
1 0 0 0 0 0 0 65 162 25.14
1 0 0 0 0 0 3 513 514 515 0 184 27.22
2 0 2 5 8 7 3 517 527 528 1 116 45.88
8 0 4 8 1 6 3 516 523 534 1 185 24.83
1 0 9 9 5 9 3 522 524 533 1 177 24.49
10 0 1 2 5 6 3 518 519 520 9 157 24.44
10 0 7 10 1 7 1 536 3 189 32.95
1 1 0 0 0 0 3 525 538 540 19 138 25.06
4 0 7 10 3 4 1 521 19 174 38.13
3 1 0 0 0 0 1 526 19 149 47.0
8 1 0 0 0 0 2 529 532 23 148 48.02
6 0 3 8 6 6 1 527 2 155 47.73
8 0 5 3 6 9 2 528 529 9 194 26.74
6 0 10 6 1 8 1 540 2 151 45.86
7 1 0 0 0 0 3 526 531 533 20 131 39.42
5 0 9 10 1 9 1 528 27 166 24.58
4 0 5 1 4 9 1 530 8 107 33.43
7 0 3 9 8 3 1 535 32 150 37.41
7 0 10 5 5 7 1 538 31 136 41.97
8 0 8 8 6 10 1 537 12 113 35.17
1 1 0 0 0 0 1 532 27 184 34.24
10 0 6 9 2 6 1 541 31 175 25.11
3 1 0 0 0 0 1 535 27 198 30.57
2 0 1 2 7 1 1 536 9 115 30.66
3 0 9 9 2 2 1 536 39 156 40.34
8 0 3 1 4 10 1 542 42 170 43.99
4 0 5 7 9 7 2 540 542 20 181 24.77
4 0 3 10 2 5 1 539 38 134 41.44
1 0 4 1 2 4 1 541 42 193 24.14
8 1 0 0 0 0 1 543 24 135 47.42
2 0 1 4 8 3 1 543 43 157 31.29
2 0 8 8 6 6 1 543 50 141 24.68
1 0 0 0 0 0 0 52 195 31.86
91.43 86.73 83.81 82.78 87.9 98.84 117.11 125.34 108.78 88.51 71.02 45.93 20.04 14.23 18.34 54.56 71.68 93.82 110.93 185.7 211.45 125.19 107.2 101.25 100.92 94.61 88.0 86.13 89.8 102.21 110.84 109.58 98.05 88.57 69.64 43.23 25.21 20.77 28.79 42.92 65.47 95.33 120.11 155.37 165.78 115.95 104.24 98.22 97.51 92.93 87.44 85.52 89.59 98.68 109.06 109.55 102.58 87.69 76.37 66.19 48.56 35.0 41.89 72.39 80.69 103.73 114.26 136.15 133.62 116.14 105.02 98.95 97.02 88.8 86.23 89.28 90.52 107.21 114.02 115.32 106.73 99.11 88.1 80.09 71.8 70.01 69.62 78.23 84.22 102.03 113.4 129.68 132.91 112.93 103.96 94.17 88.33 80.75 77.23 75.91 75.56 86.3 104.74 106.3 102.09 91.08 72.35 41.5 14.85 4.4 0.7 4.73 45.3 72.22 94.17 105.08 112.82 107.45 103.02 94.37 95.33 89.32 87.61 85.05 85.35 85.46 86.59 86.77 83.29 60.4 13.71 3.32 1.34 0.07 0.17 3.52 12.59 75.36 97.69 109.0 120.28 120.32 111.16 105.24 100.5 95.12 94.2 91.87 90.91 90.8 90.0 84.9 48.37 2.64 -0.01 -0.07 -1.98 -7.45 -7.4 -0.1 0.0 65.46 100.87 110.4 117.21 114.32 107.5 100.52 95.28 87.03 83.48 81.78 82.6 101.79 114.33 123.39 108.88 91.97 70.01 35.02 10.0 5.93 6.78 25.2 59.45 88.12 111.51 157.12 227.31 137.47 115.04 105.15 105.52 101.05 97.8 96.22 98.05 105.41 123.03 122.7 106.64 90.0 73.77 62.72 42.78 26.28 38.05 73.05 89.43 106.86 130.67 193.46 185.66 124.99 109.69 99.37 98.91 90.23 86.76 87.9 90.91 98.72 110.37 115.52 113.64 101.63 83.54 81.08 65.36 51.78 51.32 76.84 85.94 106.04 133.45 218.26 217.95 127.79 113.63 103.57 97.15 92.01 87.98 87.74 91.23 98.38 120.86 136.33 123.46 83.31 71.7 61.79 57.78 53.81 63.61 70.11 92.15 126.1 155.84 188.26 150.6 122.93 106.89 91.59 85.16 84.97 84.76 83.9 86.29 94.5 113.29 119.52 117.86 109.01 87.94 84.87 73.31 57.53 62.83 77.05 88.78 109.37 131.23 156.02 141.73 120.69 100.29 89.96 93.16 87.41 83.92 81.51 84.54 89.28 94.58 97.44 89.43 80.04 37.19 5.23 0.0 0.0 0.0 3.11 30.83 92.49 111.22 126.86 131.73 119.52 104.87 89.63 87.32 77.52 69.3 65.77 62.57 66.75 67.33 64.06 22.3 5.28 0.0 -0.01 -0.1 -0.98 -0.61 0.0 26.37 82.74 118.77 137.67 134.23 115.33 103.42 91.67 86.59 85.1 84.31 83.32 84.89 95.66 120.63 127.19 114.2 99.42 78.94 68.68 39.12 24.72 42.64 69.5 85.01 110.97 160.72 241.5 210.56 121.44 111.29 99.57 93.16 88.84 90.09 91.53 93.87 105.14 129.45 151.47 147.32 118.93 97.23 86.24 80.59 78.03 76.67 82.45 97.44 118.07 172.44 302.75 258.2 138.17 109.35 93.64 100.15 88.94 84.81 80.02 81.52 95.05 120.61 122.47 109.4 85.12 33.8 5.22 4.02 3.58 3.48 21.43 59.9 87.1 120.44 189.72 164.8 107.02 93.89 81.12 57.92 42.83 40.58 43.77 66.38 90.63 118.13 121.23 108.61 76.95 40.98 5.79 3.2 3.33 34.22 69.58 93.12 129.1 189.29 338.31 246.26 134.16 110.17 103.32 97.24 86.42 84.79 84.5 84.65 96.8 118.31 131.29 125.0 101.07 89.51 86.57 80.3 73.94 72.25 79.49 93.61 120.0 125.0 151.47 149.89 113.25 101.43 98.45 101.7 101.39 100.66 99.28 98.39 99.37 101.76 99.56 97.17 80.63 11.57 0.0 -0.02 -0.86 -0.99 -0.01 42.63 86.36 107.2 161.52 136.23 100.9 95.99 84.68 88.7 84.31 80.1 82.69 82.22 81.97 80.43 54.92 0.0 -0.09 -4.0 -20.09 -40.02 -53.4 -46.97 -20.71 -2.71 19.23 108.69 131.47 126.15 107.05 98.6 92.11 84.42 86.67 85.85 84.8 86.32 98.33 123.46 149.8 125.0 101.94 85.83 76.73 65.92 61.47 70.56 79.89 101.44 132.42 210.51 413.66 308.52 150.28 119.37 108.69 108.12 109.21 106.31 104.25 104.21 107.35 182.39 294.59 193.65 125.7 102.57 96.01 84.74 84.27 87.45 94.85 105.81 131.17 192.68 386.4 210.0 130.02 112.62 105.9 104.86 103.61 100.57 101.42 100.87 110.31 133.35 216.33 165.29 122.31 113.97 114.82 103.58 96.03 86.56 95.58 110.26 126.54 170.59 276.46 172.73 117.57 98.94 84.59 85.95 83.19 75.65 67.14 66.2 71.23 105.95 123.07 121.14 104.81 76.01 38.73 51.48 49.23 57.64 54.03 46.92 89.09 126.33 188.92 151.12 116.25 92.43 81.94 48.33 42.49 35.11 33.23 41.42 73.44 114.49 123.43 109.04 92.68 58.95 49.64 47.43 46.93 59.75 76.99 92.55 97.99 130.14 200.52 165.0 119.39 104.84 98.65 94.3 79.39 72.93 73.75 79.32 82.83 86.36 78.23 72.18 54.48 14.27 2.37 0.0 0.01 0.01 0.02 41.22 101.57 123.7 142.34 127.6 113.87 100.62 88.1 85.5 77.16 79.68 84.97 92.72 99.3 99.25 103.59 107.52 87.7 61.58 17.66 6.57 0.0 -0.01 0.0 19.63 95.86 126.39 153.29 126.73 96.36 88.69 59.17 45.18 38.07 18.19 16.89 17.23 77.52 251.79 162.58 143.47 88.21 22.55 18.6 25.0 33.72 29.71 62.02 84.92 100.0 140.0 105.0 120.61 98.72 69.71 9.48 33.47 58.49 63.4 77.12 73.94 62.83 131.6 195.0 145.3 119.72 80.87 52.97 66.91 59.72 71.3 87.25 138.17 238.48 146.08 149.05 111.0 98.67 103.88 66.86 70.8 63.52 50.97 47.81 57.66 70.46 112.71 124.24 112.69 94.26 69.34 43.5 12.04 8.56 11.66 45.8 83.64 109.11 114.0 170.32 136.63 110.0 100.0 78.66 57.64 49.63 38.85 38.75 49.22 75.94 115.0 117.81 112.9 91.36 66.01 5.94 0.2 0.0 0.0 0.53 51.54 120.86 144.94 212.26 147.12 110.0 102.07 88.2 74.09 72.22 70.58 70.29 70.38 86.1 118.42 141.48 117.45 92.51 53.21 13.12 0.99 0.0 0.0 11.97 76.93 118.68 255.21 409.24 167.05 110.91 95.47 80.03 90.15 80.58 77.19 77.04 77.0 82.66 91.11 89.67 77.66 24.91 0.98 -0.89 -7.45 -10.25 -4.7 0.1 28.84 96.69 118.22 126.99 95.47 79.14 75.12 49.18 3.45 1.14 2.64 0.62 1.29 0.58 4.41 5.23 3.15 0.4 -0.25 -6.87 -10.36 -10.73 -2.58 -0.07 9.47 88.87 110.72 118.6 117.58 103.57 97.59 90.59 84.95 81.26 77.32 76.98 77.79 91.71 119.98 129.86 128.51 106.34 88.11 69.61 70.41 65.06 70.42 76.05 88.42 122.95 143.06 216.38 144.51 114.24 100.24 92.77 86.64 86.71 86.15 86.08 88.7 101.47 126.62 172.36 159.13 119.37 89.84 88.92 80.86 77.82 77.56 88.6 102.65 127.01 157.33 216.73 125.53 101.58 96.92 91.98 75.64 70.05 69.46 70.17 58.67 71.28 110.41 130.2 119.5 92.86 62.28 41.17 27.1 28.68 28.21 65.69 76.26 91.19 113.08 119.62 108.42 88.11 81.54 63.78 73.22 70.16 67.15 66.86 70.34 79.6 110.1 120.11
