544 5
1 40 34 45 34
1 0 0 0 0 0 3 1 2 3 0 155 7.26
5 0 6 0 6 3 3 5 7 23 1 143 6.23
4 0 0 10 0 1 3 10 13 16 1 209 5.37
10 0 0 0 7 1 3 4 6 8 1 202 5.01
10 0 0 1 6 7 3 10 13 16 11 218 6.89
2 0 0 3 6 6 2 17 21 6 175 6.8
3 0 9 10 1 3 3 14 21 27 11 149 5.2
9 0 6 10 1 0 3 9 10 14 6 187 6.67
9 1 0 0 0 0 3 15 23 29 11 195 8.18
3 0 9 1 5 4 3 11 13 24 15 206 7.33
9 1 0 0 0 0 3 17 18 24 21 236 7.48
2 0 9 0 1 9 3 12 18 25 18 143 5.1
10 1 0 0 0 0 3 15 20 29 20 216 8.71
2 1 0 0 0 0 2 20 22 21 145 7.21
4 0 3 5 0 3 3 19 20 25 15 127 6.06
1 1 0 0 0 0 2 17 19 30 204 7.72
4 0 0 8 0 0 3 18 21 23 21 142 8.17
7 0 2 3 0 9 2 22 30 31 225 6.38
1 1 0 0 0 0 3 19 22 26 30 213 8.85
7 0 3 1 9 0 1 28 31 157 4.64
6 0 5 0 2 1 1 30 30 204 5.7
2 1 0 0 0 0 3 24 25 28 25 172 5.81
8 0 4 0 0 8 1 27 38 200 5.9
7 0 10 0 8 6 1 27 25 159 5.44
2 1 0 0 0 0 2 26 30 30 185 4.5
1 0 1 9 7 8 1 26 27 177 4.98
10 0 8 2 7 0 1 29 32 239 4.78
1 0 9 2 9 9 1 28 46 209 8.38
10 0 3 2 1 8 1 31 47 261 4.76
10 0 0 1 4 8 1 31 42 252 8.75
3 0 0 4 9 6 1 31 38 202 7.7
1 0 0 0 0 0 0 57 166 7.89
1 0 0 0 0 0 3 33 34 35 0 114 7.68
1 0 7 0 2 0 2 50 60 1 142 7.95
3 0 0 3 3 6 3 38 41 51 1 165 4.98
8 0 9 0 3 4 3 36 37 47 1 167 4.7
1 0 4 0 7 7 3 39 42 44 9 222 7.63
4 0 2 0 0 0 2 43 45 9 196 6.17
4 0 9 0 0 8 1 46 4 168 5.93
3 0 10 5 10 0 1 40 10 227 7.91
7 1 0 0 0 0 1 53 13 157 8.42
9 0 8 0 0 0 2 52 55 4 151 7.79
2 0 2 0 2 0 1 48 10 186 7.49
8 0 0 10 6 0 1 48 13 194 6.63
6 0 0 9 2 0 3 54 56 58 10 179 8.01
2 1 0 0 0 0 1 57 13 215 7.03
8 1 0 0 0 0 2 54 56 8 193 8.58
9 0 0 7 0 10 3 49 59 61 9 205 5.58
2 1 0 0 0 0 1 62 21 172 7.87
10 0 0 0 0 6 2 58 60 18 216 8.95
8 0 10 0 0 0 1 56 2 166 5.37
7 0 0 4 3 8 1 59 4 217 4.81
5 0 5 6 0 0 1 57 13 163 6.46
5 1 0 0 0 0 1 54 20 143 5.35
8 0 0 9 3 1 1 60 25 162 8.93
8 0 6 0 0 10 1 61 13 151 8.93
1 1 0 0 0 0 1 57 16 224 8.9
10 0 8 0 0 0 1 59 18 151 4.86
5 0 6 0 0 4 1 62 28 140 6.12
10 0 4 7 3 10 1 62 28 182 8.58
3 0 0 1 0 0 1 63 33 210 8.69
8 0 0 0 7 0 1 63 21 206 5.21
10 0 0 0 2 0 1 63 38 232 6.31
1 0 0 0 0 0 0 48 161 6.13
1 0 0 0 0 0 3 65 66 67 0 168 7.67
7 0 0 7 0 1 3 71 79 83 1 133 8.85
5 0 0 0 6 6 3 70 72 84 1 116 7.1
8 0 10 8 5 1 3 68 69 90 1 221 4.8
1 0 4 0 1 0 1 75 9 131 8.34
3 0 0 9 0 10 2 73 84 9 120 4.71
3 0 0 10 0 4 2 73 81 6 193 7.13
1 0 2 2 9 0 2 82 84 8 208 4.85
6 0 0 8 0 6 2 74 78 6 120 5.0
2 0 0 0 10 0 2 80 85 12 160 7.91
8 0 4 0 0 3 3 75 76 86 12 215 5.84
2 1 0 0 0 0 1 88 20 179 6.63
5 0 0 8 0 0 3 77 87 90 20 227 6.12
5 1 0 0 0 0 3 81 93 94 25 172 6.64
7 0 0 0 0 1 2 79 82 12 135 6.44
10 1 0 0 0 0 3 81 85 91 19 219 7.43
1 0 0 5 3 0 1 83 14 155 7.88
2 1 0 0 0 0 1 92 30 159 8.84
9 1 0 0 0 0 1 91 19 150 6.0
3 0 0 3 3 0 2 88 89 15 190 6.74
5 0 4 6 1 0 2 93 94 12 130 7.73
7 1 0 0 0 0 2 87 92 29 161 5.88
10 0 6 0 0 8 3 88 89 90 20 214 8.57
4 0 0 2 0 2 1 89 36 208 5.05
10 0 9 0 1 6 1 94 30 233 7.66
9 0 0 0 6 0 1 93 40 216 4.59
2 0 0 0 2 0 1 91 30 221 5.23
6 0 6 0 6 9 1 92 32 208 4.53
4 0 6 5 0 0 1 95 38 182 5.65
5 0 0 2 0 0 1 95 49 227 6.92
8 0 0 0 8 0 1 95 40 232 6.1
1 0 0 0 0 0 0 54 210 5.85
1 0 0 0 0 0 3 97 98 99 0 218 5.77
6 0 5 0 0 0 2 100 103 1 137 6.39
5 0 5 2 8 10 3 104 106 115 1 222 8.03
3 0 8 0 0 0 2 104 107 1 128 7.53
3 0 3 0 5 0 1 101 7 186 6.73
8 0 7 6 0 0 2 102 117 10 195 5.08
6 0 1 0 1 0 1 124 18 170 4.51
8 0 0 7 0 9 3 109 110 120 7 193 6.27
8 0 0 0 9 0 3 105 108 118 6 183 6.04
6 0 0 8 2 0 1 114 14 167 7.35
10 0 9 0 0 0 2 107 116 6 219 5.85
8 0 0 0 2 7 1 124 16 201 5.97
8 0 5 2 2 0 2 111 112 14 176 8.81
6 0 0 0 0 5 2 113 119 15 207 5.59
5 0 10 7 2 4 2 113 117 15 144 8.73
2 1 0 0 0 0 2 113 116 22 226 7.51
9 0 0 0 0 9 2 119 126 22 217 6.92
7 1 0 0 0 0 1 123 24 202 8.08
5 1 0 0 0 0 1 119 20 223 5.54
4 0 2 0 8 0 1 122 6 134 7.22
3 1 0 0 0 0 1 125 24 146 8.34
10 1 0 0 0 0 1 123 20 157 7.92
8 0 0 0 0 9 1 124 14 181 8.24
6 0 0 7 0 3 1 121 31 148 7.33
1 0 9 5 6 0 1 121 15 125 6.22
8 0 7 0 4 0 1 122 37 239 5.01
6 0 5 0 8 7 1 125 45 195 5.72
5 0 0 0 10 0 1 126 31 195 6.16
8 1 0 0 0 0 1 127 24 236 8.05
1 0 10 0 5 7 1 127 51 237 6.94
9 0 0 8 0 0 1 127 36 189 5.17
1 0 0 0 0 0 0 52 235 7.38
1 0 0 0 0 0 3 129 130 131 0 156 7.38
6 0 0 0 6 0 3 132 134 137 1 125 6.81
10 0 2 0 0 0 2 148 154 1 129 6.26
8 0 0 1 0 0 1 135 1 146 6.87
7 0 2 0 0 0 2 133 136 7 132 5.6
2 0 4 0 0 0 2 142 156 14 224 6.39
4 0 0 0 0 9 2 138 147 7 159 8.74
1 0 10 0 0 0 3 145 146 149 9 224 8.89
4 0 0 0 0 4 1 139 14 160 8.44
7 0 0 3 0 0 3 140 151 152 7 227 4.8
9 0 0 0 0 5 2 141 150 11 133 8.77
6 0 0 0 9 0 1 151 18 141 6.75
2 0 0 0 2 0 1 147 14 135 5.28
6 1 0 0 0 0 1 149 20 144 7.71
6 0 0 0 1 0 3 143 144 155 16 230 6.04
7 1 0 0 0 0 1 158 22 220 6.35
4 0 0 8 0 0 2 145 153 22 158 8.61
3 1 0 0 0 0 1 157 26 201 6.06
9 0 0 9 0 0 1 147 10 166 8.82
1 0 6 0 0 0 1 157 19 199 5.88
4 0 3 0 0 0 1 150 11 155 7.13
7 0 0 0 9 0 1 155 26 242 5.45
2 1 0 0 0 0 1 155 20 149 8.94
5 1 0 0 0 0 2 154 157 24 221 6.0
8 0 0 5 0 0 1 153 14 152 4.68
1 1 0 0 0 0 1 154 26 212 7.37
6 0 0 0 0 6 1 158 29 232 6.34
9 0 6 0 0 0 1 158 33 162 5.27
8 0 0 0 9 0 1 159 16 224 6.09
8 0 0 0 0 3 1 159 29 144 5.57
6 0 0 0 8 0 1 159 42 221 5.52
1 0 0 0 0 0 0 48 251 8.9
1 0 0 0 0 0 3 161 162 163 0 164 7.69
1 0 0 0 0 2 3 171 178 184 1 199 8.18
2 0 0 0 5 0 2 164 169 1 187 4.75
7 0 0 0 10 0 3 167 168 174 1 129 6.06
7 0 8 0 0 0 3 165 175 178 3 187 5.34
4 0 0 0 3 0 3 166 170 176 10 129 7.51
3 1 0 0 0 0 3 172 179 186 14 161 4.56
2 0 0 0 2 0 3 172 175 187 8 155 6.57
5 0 0 0 0 3 3 169 173 176 8 134 5.13
8 0 0 4 0 0 3 170 171 179 13 227 8.87
10 1 0 0 0 0 3 172 177 181 21 239 4.95
6 0 0 0 1 0 3 175 181 189 21 179 6.75
7 0 1 0 0 0 2 180 189 31 248 7.19
8 0 0 0 0 6 3 177 178 184 13 202 6.48
9 0 0 0 10 0 3 176 180 185 8 211 6.72
7 0 0 0 2 0 2 188 190 27 194 6.31
6 1 0 0 0 0 3 179 183 188 17 157 6.49
9 1 0 0 0 0 3 180 182 185 31 187 7.38
4 1 0 0 0 0 3 181 182 185 21 143 4.76
1 1 0 0 0 0 1 184 23 164 4.48
3 0 0 1 0 0 1 183 40 216 6.75
5 1 0 0 0 0 2 183 187 31 162 5.16
3 0 10 0 0 0 1 186 40 189 5.12
2 0 0 8 0 0 1 190 43 220 8.61
4 0 0 0 9 0 1 189 24 178 4.67
1 1 0 0 0 0 1 186 40 216 8.75
9 0 0 10 0 0 2 187 190 43 198 8.56
6 0 8 0 0 0 1 188 52 201 5.9
3 0 0 0 0 3 1 191 58 266 5.72
1 0 0 0 6 0 1 191 38 249 8.56
6 0 0 3 0 0 1 191 52 180 5.52
1 0 0 0 0 0 0 61 243 5.19
1 0 0 0 0 0 3 193 194 195 0 187 6.31
10 0 8 10 7 4 2 197 199 1 203 5.96
8 0 1 5 2 7 1 202 1 143 7.2
6 0 8 5 1 10 2 196 202 1 168 5.28
3 0 2 2 10 4 1 199 7 132 5.14
4 0 6 7 4 7 3 198 205 208 11 202 4.6
10 0 10 4 6 8 3 200 206 207 15 209 7.07
5 0 7 7 1 8 2 201 213 11 183 8.68
10 1 0 0 0 0 2 204 219 25 238 6.67
10 0 3 6 6 8 3 203 209 214 16 188 5.14
7 0 9 1 4 1 1 204 9 143 8.31
6 0 7 9 3 4 3 207 216 218 26 240 7.13
5 0 8 5 3 3 2 218 221 35 213 7.24
10 0 9 8 6 5 3 212 217 220 15 229 6.08
4 1 0 0 0 0 1 211 25 137 5.12
9 1 0 0 0 0 2 215 217 32 217 6.5
7 0 2 10 4 5 3 209 210 212 15 163 6.16
6 1 0 0 0 0 2 211 217 26 162 4.62
8 0 6 3 8 1 3 211 213 215 22 182 5.73
7 0 3 3 1 5 3 216 218 221 32 159 4.64
9 0 8 1 4 4 1 214 25 231 6.29
10 0 5 7 5 4 1 216 30 188 7.76
4 0 3 2 8 5 1 215 34 144 7.4
4 0 4 6 3 7 1 222 41 247 8.52
3 0 4 1 4 9 2 220 222 40 169 6.77
10 0 1 8 8 4 2 219 222 41 195 6.51
2 0 1 8 6 4 1 220 40 196 6.08
3 0 9 3 5 9 1 221 51 225 7.25
8 0 8 3 9 4 1 223 43 247 8.21
10 0 10 6 8 4 1 223 54 253 4.81
6 0 7 5 3 10 1 223 51 242 7.64
1 0 0 0 0 0 0 64 177 4.49
1 0 0 0 0 0 3 225 226 227 0 195 5.38
4 0 4 0 0 0 3 229 234 236 1 120 8.6
7 0 8 0 0 0 3 228 230 239 1 222 7.16
8 0 10 0 0 0 3 228 232 236 1 205 8.84
5 0 0 0 0 8 3 235 237 244 9 197 7.56
7 0 0 0 6 0 3 233 240 249 5 119 5.37
5 0 0 0 0 1 3 231 236 246 8 164 8.26
1 0 0 5 0 0 3 235 238 253 13 141 6.05
1 0 0 0 0 1 3 237 239 242 9 165 5.78
4 0 0 0 2 0 3 237 239 247 12 197 5.37
10 0 2 0 0 0 3 235 249 250 5 222 6.01
2 0 0 0 10 0 2 240 243 15 189 8.41
8 0 3 0 0 0 3 238 240 247 13 169 5.51
7 0 0 10 0 0 3 238 241 248 16 185 8.23
1 1 0 0 0 0 2 245 252 23 137 6.19
5 0 0 0 1 0 3 246 248 252 16 201 7.09
2 0 0 0 6 0 1 245 21 211 6.04
3 0 0 0 7 0 1 243 23 210 6.85
1 0 3 0 0 0 3 244 248 249 10 176 6.56
1 0 0 0 5 0 1 252 26 142 8.53
7 1 0 0 0 0 3 245 246 247 14 176 4.91
4 0 10 0 0 0 1 254 24 145 7.07
7 0 7 0 0 0 2 251 254 21 136 5.3
8 1 0 0 0 0 2 250 251 21 168 7.27
7 0 0 0 10 0 2 250 253 23 159 4.75
4 1 0 0 0 0 1 251 15 179 7.32
7 0 6 0 0 0 1 254 30 194 5.89
4 0 0 8 0 0 1 253 29 201 5.34
5 0 0 5 0 0 1 255 27 184 8.15
7 0 2 0 0 0 1 255 33 148 7.99
7 0 0 0 6 0 1 255 37 226 4.54
1 0 0 0 0 0 0 44 184 5.17
1 0 0 0 0 0 3 257 258 259 0 172 8.36
6 0 1 0 0 2 1 262 1 132 7.11
9 0 7 7 3 0 2 263 268 1 213 5.35
7 0 10 0 10 3 3 260 261 273 1 156 8.24
1 0 1 0 8 9 2 266 270 8 205 6.43
2 0 0 0 5 9 3 264 267 272 8 123 6.58
5 0 5 0 10 0 2 265 275 7 194 5.79
7 0 0 0 3 9 2 277 281 10 130 6.48
7 0 0 5 1 0 2 271 279 10 175 5.17
7 0 7 2 0 0 2 280 284 12 216 6.55
1 0 8 0 3 10 1 268 9 171 7.81
3 0 5 6 0 0 2 283 285 10 151 8.73
1 0 0 7 0 8 3 269 274 284 10 185 6.88
8 0 8 0 10 4 1 278 11 132 7.24
1 0 9 0 0 0 1 282 9 187 8.61
7 1 0 0 0 0 1 282 17 166 7.48
1 0 0 0 10 0 1 274 10 211 7.36
2 0 3 7 0 0 1 280 8 142 8.6
6 0 0 0 0 8 1 276 11 201 7.25
4 0 0 9 5 0 2 279 285 12 178 7.51
9 1 0 0 0 0 1 280 17 147 7.0
6 0 4 0 0 10 1 286 17 185 5.63
5 1 0 0 0 0 1 282 19 230 7.15
2 1 0 0 0 0 2 281 286 17 166 8.49
9 0 9 0 8 0 1 286 26 206 7.13
1 1 0 0 0 0 1 283 19 183 8.09
2 0 5 4 0 0 1 285 24 191 5.06
8 1 0 0 0 0 1 284 20 194 6.69
5 0 0 9 9 5 1 287 28 227 8.93
5 0 5 6 0 0 1 287 26 221 4.5
10 0 4 4 8 6 1 287 35 220 8.72
1 0 0 0 0 0 0 45 154 4.69
1 0 0 0 0 0 3 289 290 291 0 186 5.03
9 0 3 0 0 5 3 295 304 307 1 195 7.99
10 0 6 8 4 3 3 292 293 298 1 192 4.81
6 0 3 1 1 4 3 296 298 301 1 199 7.66
9 0 5 5 1 4 3 301 303 309 11 127 5.54
4 0 3 9 1 7 2 294 305 11 143 7.49
8 0 3 1 6 1 3 297 300 302 15 232 8.68
3 0 2 4 10 0 3 296 298 301 10 214 5.1
4 0 3 0 6 0 3 300 303 311 13 202 5.03
7 1 0 0 0 0 3 299 303 309 23 159 7.49
5 0 5 0 9 5 3 299 305 308 13 147 5.71
2 0 9 0 9 0 3 310 317 318 30 240 4.48
1 1 0 0 0 0 3 306 314 316 23 220 7.35
10 0 6 3 8 4 2 305 313 20 145 5.83
9 1 0 0 0 0 2 307 316 23 153 8.31
1 1 0 0 0 0 3 306 308 310 30 207 7.77
8 0 6 10 6 10 3 306 310 314 10 163 6.59
6 1 0 0 0 0 3 311 312 318 30 228 7.03
9 1 0 0 0 0 1 313 31 240 4.49
2 1 0 0 0 0 2 309 311 32 194 5.8
5 1 0 0 0 0 2 312 315 31 168 5.4
1 1 0 0 0 0 2 313 315 34 190 6.31
5 0 5 6 2 0 1 312 32 213 6.31
10 0 7 10 3 3 2 314 315 36 164 8.09
4 0 5 6 3 9 1 316 37 167 5.73
6 0 3 4 3 10 1 318 40 249 6.2
7 0 9 6 0 0 1 317 46 163 7.05
8 0 0 5 1 0 1 317 46 221 4.62
10 0 10 0 7 2 1 319 41 207 7.85
10 0 0 0 9 2 1 319 54 187 7.64
4 0 8 3 0 1 1 319 46 176 6.37
1 0 0 0 0 0 0 64 205 5.81
1 0 0 0 0 0 3 321 322 323 0 212 6.67
8 0 10 9 4 7 3 327 340 348 1 177 8.31
8 0 9 5 9 9 3 324 325 339 1 176 6.18
5 0 8 10 8 1 3 327 328 337 1 121 4.8
2 0 8 5 3 10 1 326 9 130 8.02
6 0 10 2 8 6 2 332 333 9 147 5.24
10 0 7 1 9 5 2 329 335 11 211 5.01
8 1 0 0 0 0 3 331 344 345 9 143 4.9
6 0 10 3 8 7 1 330 6 212 7.16
5 0 2 5 10 5 3 331 334 336 21 172 7.67
3 1 0 0 0 0 2 338 343 12 129 8.53
6 0 6 2 2 7 1 347 26 167 5.39
7 0 9 2 3 3 3 334 338 346 15 201 8.64
3 0 5 6 3 4 3 334 343 346 15 186 6.49
10 1 0 0 0 0 2 340 347 26 200 8.94
10 1 0 0 0 0 2 338 342 21 212 7.85
10 0 7 1 8 6 1 341 26 195 4.75
3 1 0 0 0 0 2 339 343 6 203 5.03
1 1 0 0 0 0 1 340 31 174 7.32
5 0 2 2 9 2 2 342 350 9 133 5.92
9 0 1 1 1 3 3 344 345 350 36 208 7.16
7 0 9 5 7 8 3 342 346 348 36 250 4.77
2 0 8 2 2 1 1 349 43 186 6.43
5 0 2 2 5 5 1 348 18 156 6.43
7 0 7 10 3 10 1 349 45 238 8.21
8 0 1 10 7 4 1 349 45 186 5.48
9 0 9 10 7 7 1 347 43 174 5.15
8 0 3 6 7 10 1 350 52 189 6.99
9 0 6 9 10 2 1 351 43 259 4.65
1 0 5 9 7 3 1 351 53 165 8.36
6 0 2 8 6 10 1 351 60 193 8.85
1 0 0 0 0 0 0 66 262 5.23
1 0 0 0 0 0 3 353 354 355 0 210 4.59
1 0 0 4 0 0 3 363 365 378 1 167 5.73
3 0 9 0 0 0 3 356 369 370 1 194 5.44
6 0 0 9 0 5 3 358 359 361 1 200 5.4
8 0 1 0 0 2 3 357 358 360 4 221 8.01
1 0 0 1 2 6 3 363 364 367 12 224 6.95
10 0 0 4 8 2 3 372 374 381 12 207 6.17
5 0 0 0 7 2 3 362 369 371 7 154 6.24
10 0 7 10 10 10 3 361 363 371 12 183 8.94
2 0 4 0 0 0 3 372 376 378 22 138 6.38
3 0 4 0 0 1 3 365 366 382 12 217 5.02
3 1 0 0 0 0 3 368 372 373 22 189 6.34
1 1 0 0 0 0 3 371 374 378 13 143 5.62
10 0 0 6 0 0 3 367 370 377 15 180 7.27
3 0 5 0 0 1 3 367 368 370 15 127 6.95
2 0 0 9 9 0 1 375 25 188 5.88
10 1 0 0 0 0 2 375 377 25 181 7.93
1 1 0 0 0 0 1 376 12 177 8.02
6 0 7 4 6 0 2 373 374 25 196 7.41
8 1 0 0 0 0 2 373 376 22 181 5.72
2 1 0 0 0 0 1 379 25 182 6.09
4 0 5 5 0 0 2 379 381 31 193 4.88
9 0 2 0 7 0 1 375 31 240 6.21
2 0 1 0 5 0 1 380 40 235 8.89
4 1 0 0 0 0 2 377 382 30 206 8.43
1 1 0 0 0 0 2 380 381 35 214 8.88
7 1 0 0 0 0 2 379 382 24 226 5.16
10 0 6 8 0 10 1 380 35 180 6.2
9 0 2 0 0 8 1 383 45 210 5.92
4 0 0 0 0 9 1 383 36 208 8.21
6 0 0 0 1 8 1 383 34 193 6.39
1 0 0 0 0 0 0 54 254 4.67
1 0 0 0 0 0 3 385 386 387 0 111 5.28
4 0 5 6 7 7 3 393 395 403 1 195 5.16
5 0 8 7 6 10 3 389 399 405 1 120 5.76
3 0 6 9 4 6 2 388 389 1 205 7.81
6 0 8 2 10 4 3 392 395 402 4 211 6.63
6 0 5 6 4 10 3 390 393 394 6 203 7.19
1 0 7 5 10 6 3 391 400 403 12 221 7.92
1 0 4 9 8 9 3 398 401 410 13 162 8.28
10 0 8 4 1 7 3 399 403 405 10 190 4.68
5 0 4 6 6 5 3 396 398 408 12 214 7.59
6 0 2 10 1 9 3 396 406 407 12 138 8.1
5 0 3 1 9 4 3 396 399 407 10 192 7.14
3 1 0 0 0 0 3 397 400 412 18 194 5.87
9 1 0 0 0 0 2 410 413 21 235 8.46
9 0 6 9 3 6 3 406 412 414 17 231 8.72
7 0 6 1 10 8 3 400 401 411 20 141 7.07
9 0 3 2 5 6 3 404 409 413 27 232 7.46
6 0 1 9 1 10 1 408 27 141 5.77
2 0 4 3 8 10 2 404 405 10 198 6.08
4 1 0 0 0 0 2 404 406 20 181 8.15
1 0 5 2 9 5 1 410 36 200 7.19
4 1 0 0 0 0 3 407 408 411 20 191 6.63
9 0 3 1 3 4 1 411 26 200 5.67
9 0 2 7 10 4 1 409 24 222 5.19
4 0 2 2 5 9 2 409 412 33 229 4.7
3 0 9 5 2 7 1 414 37 194 5.69
6 0 5 6 9 9 1 414 37 208 8.29
8 0 1 9 7 3 1 413 35 194 6.82
4 0 2 7 10 8 1 415 37 241 8.59
2 0 6 9 4 5 1 415 43 211 5.24
1 0 9 6 7 9 1 415 43 211 5.75
1 0 0 0 0 0 0 45 183 4.62
1 0 0 0 0 0 3 417 418 419 0 141 6.96
3 0 3 0 0 0 1 421 1 175 6.08
2 0 3 0 0 0 3 420 429 444 1 138 7.28
9 0 8 0 0 0 1 432 1 140 6.18
3 0 0 0 3 0 3 423 434 439 3 192 4.5
10 0 0 0 0 6 3 422 426 429 4 171 5.1
2 0 2 0 0 0 1 433 14 181 6.2
2 0 10 0 0 0 3 424 428 430 6 213 6.3
10 0 0 0 4 0 1 425 8 141 5.08
5 0 0 0 3 0 1 436 18 213 7.49
2 0 0 0 4 0 2 427 431 14 180 4.5
5 0 0 9 0 0 2 433 435 16 218 6.66
3 0 7 0 0 0 1 436 8 191 6.83
4 0 5 0 0 0 1 438 14 174 7.74
8 0 0 0 6 0 1 433 8 130 6.05
3 0 8 0 0 0 1 440 16 129 6.16
4 1 0 0 0 0 1 445 10 132 8.77
3 1 0 0 0 0 1 443 21 207 8.13
10 0 0 0 10 0 2 438 442 6 150 8.39
3 0 0 6 0 0 3 437 439 441 21 130 8.31
8 1 0 0 0 0 1 441 23 239 8.28
10 1 0 0 0 0 2 440 442 24 219 4.59
8 1 0 0 0 0 1 441 18 136 5.99
8 0 0 0 0 7 1 446 24 149 6.33
6 0 0 7 0 0 2 445 446 34 224 5.41
10 0 0 0 1 0 1 443 31 210 6.34
9 0 0 0 0 5 1 445 34 229 8.75
1 0 0 0 8 0 1 446 41 218 7.43
9 0 0 0 5 0 1 447 3 183 7.05
9 0 2 0 0 0 1 447 43 256 6.1
1 0 0 6 0 0 1 447 42 171 7.48
1 0 0 0 0 0 0 52 172 7.57
1 0 0 0 0 0 3 449 450 451 0 169 5.46
7 0 9 4 8 9 1 452 1 205 4.71
4 0 0 0 3 0 3 453 455 464 1 152 6.92
4 0 2 0 0 0 3 456 458 465 1 115 7.81
5 0 10 9 5 3 3 454 467 468 8 206 5.0
2 0 0 0 0 10 2 462 473 5 142 8.15
1 0 8 0 0 0 1 461 13 193 5.52
7 0 0 10 8 0 1 469 5 214 6.2
3 0 3 10 0 5 1 457 5 157 7.02
7 0 7 0 0 0 1 464 8 203 8.84
6 0 5 0 9 7 2 459 464 5 169 6.37
8 0 0 0 1 6 3 460 466 471 11 186 7.65
3 1 0 0 0 0 1 463 19 147 6.26
1 0 7 10 6 0 2 470 476 14 196 8.76
8 0 4 2 10 0 2 474 477 7 127 6.35
5 1 0 0 0 0 1 476 22 159 8.48
3 0 0 0 3 7 1 475 15 174 6.99
8 0 10 3 10 0 2 467 472 5 146 8.72
2 1 0 0 0 0 1 472 19 197 5.03
5 0 10 7 0 0 2 473 477 13 179 8.91
7 0 0 0 7 2 2 474 478 13 196 7.38
8 0 0 9 4 8 1 475 12 140 5.14
8 1 0 0 0 0 1 472 15 167 8.14
5 1 0 0 0 0 1 473 19 208 6.6
7 0 10 0 7 0 1 478 23 144 7.24
6 0 0 0 7 0 1 475 24 147 8.37
4 1 0 0 0 0 1 476 20 196 7.6
2 0 0 1 0 0 1 478 30 208 8.63
7 0 0 0 0 3 1 479 27 176 5.52
4 0 0 0 1 3 1 479 18 163 6.14
10 0 3 0 5 0 1 479 32 152 6.88
1 0 0 0 0 0 0 42 208 8.16
1 0 0 0 0 0 3 481 482 483 0 156 6.35
10 0 8 10 7 4 2 485 487 1 143 6.19
8 0 1 5 2 7 1 490 1 206 8.5
6 0 8 5 1 10 2 484 490 1 121 8.27
3 0 2 2 10 4 1 487 7 187 7.03
4 0 6 7 4 7 3 486 493 496 11 137 6.36
10 0 10 4 6 8 3 488 494 495 15 139 6.05
5 0 7 7 1 8 2 489 501 11 131 5.25
10 1 0 0 0 0 2 492 507 25 158 5.18
10 0 3 6 6 8 3 491 497 502 16 229 7.56
7 0 9 1 4 1 1 492 9 226 6.84
6 1 0 0 0 0 3 495 504 506 26 209 5.53
5 0 8 5 3 3 2 506 509 35 233 5.22
10 1 0 0 0 0 3 500 505 508 15 146 6.68
4 0 5 10 5 6 1 499 25 217 5.17
9 1 0 0 0 0 2 503 505 32 164 8.22
7 0 2 10 4 5 3 497 498 500 15 133 5.35
6 0 1 1 3 5 2 499 505 26 230 5.83
8 0 6 3 8 1 3 499 501 503 22 233 7.96
7 0 3 3 1 5 3 504 506 509 32 205 7.29
9 0 8 1 4 4 1 502 25 156 5.51
10 0 5 7 5 4 1 504 30 190 8.82
4 0 3 2 8 5 1 503 34 235 6.08
4 0 4 6 3 7 1 510 41 187 5.77
3 0 4 1 4 9 2 508 510 40 251 6.43
10 0 1 8 8 4 2 507 510 41 242 6.76
2 0 1 8 6 4 1 508 40 221 6.65
3 0 9 3 5 9 1 509 51 209 8.72
8 0 8 3 9 4 1 511 43 215 8.57
10 0 10 6 8 4 1 511 54 182 6.58
6 0 7 5 3 10 1 511 51 258 5.45
1 0 0 0 0 0 0 64 216 7.64
1 0 0 0 0 0 3 513 514 515 0 162 5.37
6 0 0 0 0 2 3 522 531 539 1 169 5.07
6 0 0 0 0 8 2 517 521 1 174 7.88
7 0 0 0 0 2 3 516 518 521 1 206 5.61
6 0 4 0 0 0 3 519 520 532 8 170 5.86
10 0 0 0 8 0 3 522 532 537 7 209 8.27
7 0 0 6 0 0 3 523 524 532 8 221 7.19
10 0 0 0 0 9 3 526 527 530 14 218 6.41
4 0 0 7 0 0 3 522 524 534 14 176 5.23
6 0 2 0 0 0 3 525 531 536 8 172 5.93
8 1 0 0 0 0 2 529 533 18 228 6.67
8 0 0 4 0 0 3 525 528 533 15 180 7.28
8 0 1 0 0 0 3 530 533 542 18 150 6.72
4 1 0 0 0 0 3 526 527 541 23 200 4.51
2 1 0 0 0 0 2 529 534 27 154 5.93
5 0 2 0 0 0 3 535 538 542 27 172 7.48
2 1 0 0 0 0 3 529 530 534 23 234 8.04
8 0 0 0 0 4 1 538 29 164 5.03
1 1 0 0 0 0 3 531 536 538 26 207 4.99
2 1 0 0 0 0 2 535 537 27 224 5.79
7 1 0 0 0 0 3 535 539 541 17 188 4.7
6 0 0 3 0 0 1 536 26 237 5.99
9 1 0 0 0 0 2 537 539 29 164 6.25
1 0 0 0 3 0 1 540 32 195 8.1
5 0 10 0 0 0 1 541 32 180 8.62
5 0 0 0 8 0 1 540 38 159 5.6
2 0 0 0 2 0 1 540 37 174 7.96
7 0 2 0 0 0 1 542 38 218 6.65
2 0 0 0 3 0 1 543 43 215 5.93
10 0 7 0 0 0 1 543 37 192 7.48
9 0 0 0 0 8 1 543 45 169 4.77
1 0 0 0 0 0 0 54 239 7.2
91.62 84.97 84.12 83.96 84.96 94.24 116.33 123.34 118.99 105.0 97.67 93.45 84.94 83.84 82.95 84.94 92.6 103.86 119.85 145.57 111.39 113.65 101.91 99.9 90.37 87.53 84.89 82.27 83.7 91.4 109.11 108.66 100.22 91.99 83.17 70.01 64.53 23.99 12.57 42.89 69.94 87.04 112.05 135.55 99.43 106.55 101.3 101.58 93.63 88.67 88.96 84.58 88.72 93.04 95.34 102.74 96.5 82.81 70.63 76.77 69.62 69.5 69.06 70.66 82.27 95.45 122.48 181.21 176.27 93.76 98.89 100.0 97.21 99.22 94.6 93.45 95.37 102.99 110.98 115.44 109.36 96.42 89.86 85.09 82.69 83.21 84.56 89.86 98.56 105.66 106.58 110.0 102.96 123.04 107.47 106.47 109.66 104.06 98.39 94.29 98.85 99.2 110.0 112.29 110.94 98.44 94.93 85.24 83.33 80.31 78.77 86.34 91.55 92.77 116.96 137.6 183.66 135.21 105.39 107.18 108.78 103.92 94.8 96.0 96.45 97.0 98.78 97.23 88.72 87.08 81.02 76.61 67.54 63.14 62.17 71.96 85.2 100.69 92.47 93.86 100.81 115.0 113.62 107.99 102.03 97.0 92.48 89.38 90.06 87.17 87.86 85.6 80.85 80.1 77.09 71.24 46.2 15.04 8.85 17.66 47.08 81.86 82.62 90.79 94.59 115.47 110.0 102.57 97.87 87.02 82.24 80.38 80.8 86.2 105.62 116.88 118.42 108.0 100.75 93.19 84.1 80.21 72.36 77.93 80.45 90.43 88.61 90.9 94.03 99.18 99.56 93.52 88.51 85.86 84.7 84.05 86.25 95.18 101.38 108.9 96.98 82.12 68.77 56.28 25.06 8.95 11.67 21.47 55.14 74.27 85.81 107.85 141.01 116.33 108.83 100.96 96.09 92.03 87.07 85.17 87.15 97.15 100.98 98.65 90.99 72.7 58.59 40.45 24.79 17.69 10.7 28.25 54.23 81.08 84.43 121.34 113.2 108.13 99.62 96.29 94.81 88.24 78.39 75.82 78.37 87.12 100.52 100.69 93.96 85.62 72.89 71.88 62.44 49.48 35.27 56.25 73.74 88.12 90.87 114.17 131.28 118.62 107.87 102.21 104.96 98.01 91.74 88.3 93.62 100.52 106.43 110.0 106.13 98.62 77.66 71.83 72.48 63.67 50.41 50.76 72.4 77.48 91.84 107.62 105.0 99.37 106.42 101.11 104.13 100.0 97.59 92.19 91.37 90.87 89.53 84.61 77.91 61.53 31.71 5.68 2.95 0.0 0.0 0.0 5.43 61.96 92.52 100.14 101.15 100.34 101.05 94.13 82.96 77.4 71.52 68.87 66.59 60.8 47.24 26.18 6.16 0.0 -1.01 -2.1 -3.0 -9.9 -10.08 -4.98 -1.78 -11.06 58.84 79.91 85.38 89.62 94.0 85.09 81.29 70.07 69.97 69.91 73.31 81.9 94.44 102.03 98.6 91.4 72.89 53.83 14.9 4.05 0.66 11.02 34.96 65.28 81.0 90.65 93.08 89.09 68.34 62.14 9.5 15.71 11.54 24.55 54.79 74.46 92.24 94.42 75.45 3.91 0.03 -1.8 -4.81 -6.18 -11.72 -5.54 21.6 55.01 60.8 103.44 114.28 103.44 85.0 79.94 75.0 60.44 59.64 59.37 58.98 83.01 99.68 99.85 83.98 27.84 0.0 -1.01 -4.11 -6.47 -2.87 5.52 19.18 45.97 95.92 109.11 169.88 156.88 110.0 101.58 97.65 97.7 92.13 89.87 90.16 94.42 109.67 105.0 72.67 41.83 6.77 0.0 -0.12 -2.71 -0.25 -0.01 17.09 63.53 98.24 111.57 146.42 127.54 110.0 101.28 94.64 90.38 86.47 83.66 82.0 91.14 101.07 102.69 92.89 65.12 30.52 7.48 0.0 -0.01 -0.01 0.0 10.49 75.6 100.0 133.22 164.05 154.54 122.22 108.68 102.93 102.39 102.0 99.09 100.0 100.0 99.23 93.45 69.73 15.34 -0.02 -1.0 -8.67 -15.96 -15.2 -3.47 -0.01 33.15 82.07 106.38 120.0 119.26 107.77 95.6 84.88 83.43 83.41 78.31 81.12 84.16 82.51 71.97 26.43 -0.01 -3.32 -15.6 -38.92 -61.21 -50.62 -21.0 -0.95 10.9 81.36 109.09 123.64 120.23 107.16 98.87 101.36 93.13 88.36 85.99 94.18 105.51 132.2 131.05 103.44 57.85 22.77 2.54 0.0 0.0 0.0 9.0 58.06 94.83 113.01 169.56 217.3 140.0 108.87 96.0 93.0 89.67 85.41 85.32 87.01 94.82 108.05 105.07 97.94 84.58 38.06 22.56 8.38 3.0 5.15 35.05 73.34 99.96 118.39 183.56 212.05 146.12 114.35 98.07 96.42 90.0 86.89 84.71 87.07 93.52 108.93 107.62 104.34 76.99 45.83 41.84 20.83 16.96 41.39 70.9 84.3 96.64 121.94 204.58 235.8 154.57 123.21 106.27 98.1 92.0 88.45 88.02 88.36 97.49 108.92 110.23 99.92 91.43 77.41 66.74 52.26 41.36 54.9 69.43 78.99 101.51 129.83 233.8 274.02 154.56 120.34 105.95 99.77 99.09 93.63 89.92 91.63 96.47 101.15 100.86 95.62 75.64 32.41 3.0 0.08 0.0 0.0 1.73 31.89 81.5 106.71 117.47 128.68 111.97 105.93 95.92 95.82 90.68 89.62 85.21 83.94 86.88 90.43 89.64 79.86 66.52 25.45 3.8 0.17 -0.01 -0.01 -0.01 29.76 70.01 73.45 81.78 88.0 93.02 93.56 89.98 91.22 85.05 86.15 85.77 86.57 88.56 88.43 79.15 74.4 27.39 8.15 0.32 -0.05 -0.78 -1.03 0.65 14.0 70.55 94.8 109.12 109.84 110.04 105.02 102.41 91.43 86.73 83.81 82.78 87.9 98.84 117.11 125.34 108.78 88.51 71.02 45.93 20.04 14.23 18.34 54.56 71.68 93.82 110.93 185.7 211.45 125.19 107.2 101.25 100.92 94.61 88.0 86.13 89.8 102.21 110.84 109.58 98.05 88.57 69.64 43.23 25.21 20.77 28.79 42.92 65.47 95.33 120.11 155.37 165.78 115.95 104.24 98.22 97.51 92.93 87.44 85.52 89.59 98.68 109.06 109.55 102.58 87.69 76.37 66.19 48.56 35.0 41.89 72.39 80.69 103.73 114.26 136.15 133.62 116.14 105.02 98.95 97.02 88.8 86.23 89.28 90.52 107.21 114.02 115.32 106.73 99.11 88.1 80.09 71.8 70.01 69.62 78.23 84.22 102.03 113.4 129.68 132.91 112.93 103.96 94.17 88.33 80.75 77.23 75.91 75.56 86.3 104.74 106.3 102.09 91.08 72.35 41.5 14.85 4.4 0.7 4.73 45.3 72.22 94.17 105.08 112.82 107.45 103.02 94.37 95.33 89.32 87.61 85.05 85.35 85.46 86.59 86.77 83.29 60.4 13.71 3.32 1.34 0.07 0.17 3.52 12.59 75.36 97.69 109.0 120.28 120.32 111.16 105.24 100.5 95.12 94.2 91.87 90.91 90.8 90.0 84.9 48.37 2.64 -0.01 -0.07 -1.98 -7.45 -7.4 -0.1 0.0 65.46 100.87 110.4 117.21 114.32 107.5 100.52 95.28 87.03 83.48 81.78 82.6 101.79 114.33 123.39 108.88 91.97 70.01 35.02 10.0 5.93 6.78 25.2 59.45 88.12 111.51 157.12 227.31 137.47 115.04 105.15 105.52 101.05 97.8 96.22 98.05 105.41 123.03 122.7 106.64 90.0 73.77 62.72 42.78 26.28 38.05 73.05 89.43 106.86 130.67 193.46 185.66 124.99 109.69 99.37 98.91 90.23 86.76 87.9 90.91 98.72 110.37 115.52 113.64 101.63 83.54 81.08 65.36 51.78 51.32 76.84 85.94 106.04 133.45 218.26 217.95 127.79 113.63 103.57 97.15 92.01 87.98 87.74 91.23 98.38 120.86 136.33 123.46 83.31 71.7 61.79 57.78 53.81 63.61 70.11 92.15 126.1 155.84 188.26 150.6 122.93 106.89 91.59 85.16 84.97 84.76 83.9 86.29 94.5 113.29 119.52 117.86 109.01 87.94 84.87 73.31 57.53 62.83 77.05 88.78 109.37 131.23 156.02 141.73 120.69 100.29 89.96 93.16 87.41 83.92 81.51 84.54 89.28 94.58 97.44 89.43 80.04 37.19 5.23 0.0 0.0 0.0 3.11 30.83 92.49 111.22 126.86 131.73 119.52 104.87 89.63 87.32 77.52 69.3 65.77 62.57 66.75 67.33 64.06 22.3 5.28 0.0 -0.01 -0.1 -0.98 -0.61 0.0 26.37 82.74 118.77 137.67 134.23 115.33 103.42 91.67 86.59 85.1 84.31 83.32 84.89 95.66 120.63 127.19 114.2 99.42 78.94 68.68 39.12 24.72 42.64 69.5 85.01 110.97 160.72 241.5 210.56 121.44 111.29 99.57 93.16 88.84 90.09 91.53 93.87 105.14 129.45 151.47 147.32 118.93 97.23 86.24 80.59 78.03 76.67 82.45 97.44 118.07 172.44 302.75 258.2 138.17 109.35 93.64 100.15 88.94 84.81 80.02 81.52 95.05 120.61 122.47 109.4 85.12 33.8 5.22 4.02 3.58 3.48 21.43 59.9 87.1 120.44 189.72 164.8 107.02 93.89 81.12 57.92 42.83 40.58 43.77 66.38 90.63 118.13 121.23 108.61 76.95
