544 5
1 37 45 44 33
1 0 0 0 0 0 3 1 2 3 0 97 16.17
4 0 5 2 4 9 2 7 17 1 155 26.63
6 0 9 7 10 10 3 4 5 9 1 121 28.65
2 0 5 7 6 8 1 6 1 187 24.84
7 0 6 2 2 2 3 12 13 25 7 160 26.96
2 0 4 6 5 4 2 19 24 7 116 29.59
5 0 2 5 9 9 1 30 3 154 29.62
9 0 1 6 5 9 3 8 15 20 5 111 22.04
8 0 7 10 7 3 2 10 11 14 116 30.93
1 0 2 4 7 4 1 18 7 116 18.09
8 0 2 6 8 1 1 13 22 170 17.24
10 0 1 2 1 8 3 16 21 22 22 131 26.36
10 0 4 7 1 3 1 28 14 149 23.57
7 0 8 6 3 10 1 14 30 192 21.17
10 0 3 10 9 5 1 23 37 225 21.05
4 0 3 4 10 2 2 18 27 14 126 21.23
8 1 0 0 0 0 1 18 32 131 28.85
2 0 3 9 3 7 1 25 5 158 24.2
4 1 0 0 0 0 1 28 40 160 23.29
9 0 10 8 7 8 3 21 25 27 9 182 22.42
10 1 0 0 0 0 2 23 27 14 120 17.94
8 0 4 10 4 2 1 30 32 166 16.64
9 1 0 0 0 0 1 30 32 189 21.58
9 0 8 2 10 10 1 26 47 152 16.39
2 0 6 5 6 2 1 28 9 166 30.97
1 0 8 10 2 6 1 26 18 198 21.56
8 0 2 10 6 5 1 29 56 153 16.3
9 0 8 1 8 9 1 29 24 182 22.09
3 0 9 3 6 6 1 31 44 155 19.04
4 0 9 8 2 10 1 31 64 233 26.42
2 0 5 9 5 10 1 31 41 198 19.13
1 0 0 0 0 0 0 68 199 28.62
1 0 0 0 0 0 3 33 34 35 0 135 17.67
5 0 0 6 10 9 3 41 47 60 1 144 31.5
4 0 7 10 6 0 3 36 43 46 1 180 31.35
7 0 0 8 7 6 3 39 42 55 1 176 31.01
2 0 3 0 7 0 3 37 38 53 5 181 30.33
6 0 2 1 2 6 2 44 48 7 119 19.63
4 0 5 10 5 5 1 40 7 173 18.23
10 0 6 0 0 3 2 41 52 8 180 17.77
10 0 3 7 0 9 2 55 57 11 203 25.3
5 0 10 9 4 2 1 54 18 188 19.14
2 0 0 6 8 0 1 52 8 108 22.62
10 0 8 1 1 3 1 45 5 116 23.9
1 0 2 0 3 7 1 51 13 190 17.97
3 0 5 0 8 0 1 58 15 162 17.8
8 0 6 3 10 6 1 51 5 146 30.87
9 0 2 4 3 6 3 49 50 57 6 164 22.83
9 0 0 0 7 7 2 51 54 13 182 31.12
7 0 8 0 0 0 1 59 15 123 19.65
2 0 9 9 0 0 1 62 15 173 31.35
8 1 0 0 0 0 1 52 22 172 27.81
6 0 1 1 1 1 1 56 30 192 19.62
6 0 2 1 0 7 1 56 7 162 26.77
8 0 7 9 6 6 1 59 23 163 26.24
1 1 0 0 0 0 1 59 21 141 23.65
4 0 7 3 0 0 1 62 36 168 23.31
1 1 0 0 0 0 1 61 21 156 19.25
10 0 4 9 9 5 1 60 18 133 18.57
1 0 9 5 2 8 2 61 62 31 135 16.09
10 0 0 5 0 8 1 63 28 191 26.83
3 0 2 0 8 5 1 63 32 212 25.2
5 0 0 5 8 0 1 63 40 191 25.22
1 0 0 0 0 0 0 45 180 17.27
1 0 0 0 0 0 3 65 66 67 0 134 20.51
2 0 0 10 0 0 3 68 70 76 1 114 30.42
3 0 0 3 0 0 3 69 81 87 1 152 27.32
6 0 0 0 9 0 1 82 1 108 21.82
8 0 8 0 0 0 3 71 72 73 3 130 25.88
3 0 0 6 0 0 3 74 76 85 4 103 21.7
2 0 0 8 0 0 1 77 3 141 29.27
2 0 0 9 0 0 1 92 11 189 25.24
1 0 0 5 0 0 2 78 88 11 156 21.51
8 0 0 10 0 0 1 75 11 169 18.66
4 0 0 5 0 0 1 77 7 147 22.46
3 0 0 0 0 5 1 79 19 189 19.36
2 0 0 1 0 0 2 86 89 7 179 31.03
7 0 4 0 0 0 1 93 11 111 26.9
6 1 0 0 0 0 1 82 12 127 20.7
8 1 0 0 0 0 3 80 84 85 22 136 18.0
5 0 0 0 1 0 2 83 89 30 156 18.22
6 0 0 0 0 9 1 91 4 140 30.73
8 0 0 0 7 0 1 92 18 134 19.01
5 1 0 0 0 0 1 88 35 198 31.4
2 0 0 0 8 0 1 89 30 215 18.93
1 1 0 0 0 0 3 86 90 92 30 157 16.61
3 1 0 0 0 0 1 91 31 158 21.03
6 0 0 0 0 4 1 94 4 157 19.0
5 0 0 1 0 0 1 91 40 143 27.12
10 0 0 0 0 9 1 90 35 175 23.09
8 0 0 4 0 0 1 93 45 177 25.36
5 0 0 0 1 0 1 94 45 210 22.14
5 0 0 0 8 0 1 95 31 178 28.58
8 0 5 0 0 0 1 95 53 201 16.32
6 0 0 0 0 6 1 95 50 200 16.93
1 0 0 0 0 0 0 61 197 21.61
1 0 0 0 0 0 3 97 98 99 0 97 28.43
8 0 0 0 0 4 3 100 101 102 1 129 22.73
2 0 7 4 5 3 1 104 1 191 20.61
10 0 9 8 0 0 1 125 1 129 16.88
1 0 4 10 8 6 2 112 115 9 130 24.78
10 0 6 7 2 6 3 103 106 108 9 195 27.25
2 0 1 10 2 4 1 119 9 197 21.13
5 0 1 5 5 4 2 111 114 19 121 21.3
2 0 1 10 0 2 3 105 107 113 3 150 17.75
6 0 6 0 8 0 1 109 5 164 19.97
6 0 0 1 8 2 3 110 111 119 19 184 23.73
3 0 0 4 1 2 1 123 5 142 30.06
3 1 0 0 0 0 1 116 19 120 16.44
1 0 4 7 2 9 2 114 121 11 115 20.18
8 0 9 6 0 1 1 123 25 191 20.63
6 1 0 0 0 0 1 115 25 214 30.72
9 0 0 10 8 0 1 117 10 179 30.24
10 0 7 10 1 0 1 123 5 150 30.55
7 1 0 0 0 0 2 122 124 24 170 31.44
9 0 1 0 5 4 1 126 31 213 18.14
5 1 0 0 0 0 2 124 125 22 133 26.82
5 1 0 0 0 0 3 118 120 122 19 149 21.79
4 1 0 0 0 0 1 121 24 172 16.44
3 1 0 0 0 0 1 120 25 134 27.14
4 0 9 4 7 2 1 125 28 170 22.01
10 0 9 0 2 0 1 126 28 203 25.29
9 0 7 10 2 0 1 126 31 214 24.17
7 0 0 0 3 0 1 124 33 145 16.4
7 0 1 7 5 7 1 127 40 161 20.06
7 0 1 8 9 0 1 127 32 186 21.64
8 0 0 8 2 5 1 127 40 182 20.05
1 0 0 0 0 0 0 48 175 23.94
1 0 0 0 0 0 3 129 130 131 0 147 27.18
1 0 6 5 3 5 3 135 141 142 1 118 27.39
6 0 2 9 9 5 3 132 133 138 1 177 29.08
9 0 4 5 9 8 3 134 138 140 1 167 18.38
6 0 7 6 8 6 3 136 145 153 7 138 24.76
2 0 6 7 4 5 3 134 135 137 7 131 23.5
5 0 7 1 4 1 2 157 158 10 159 16.03
7 0 10 5 8 5 3 143 146 147 9 162 28.48
2 0 3 5 4 10 3 146 147 158 13 154 25.63
7 0 1 6 6 8 3 143 144 149 9 112 26.9
4 0 7 1 5 2 3 139 141 149 10 119 29.74
5 0 8 4 5 4 3 142 143 150 14 175 30.55
3 0 10 2 9 10 3 142 146 152 10 142 24.11
7 0 4 3 8 10 3 144 148 152 14 192 26.97
8 0 4 10 2 10 2 144 147 19 205 23.54
7 0 6 7 8 8 2 154 156 19 175 19.1
5 1 0 0 0 0 3 145 151 153 27 141 30.7
1 1 0 0 0 0 1 154 32 143 24.71
5 1 0 0 0 0 3 148 149 151 16 129 21.25
6 1 0 0 0 0 2 148 157 27 182 17.33
9 0 5 8 8 7 1 156 33 184 27.81
6 1 0 0 0 0 1 155 21 171 24.58
2 0 8 10 5 3 3 151 152 153 19 153 16.33
9 0 9 9 5 7 1 155 32 172 23.82
6 0 6 1 9 5 1 156 21 163 28.33
7 1 0 0 0 0 2 154 158 32 208 21.85
9 0 5 3 4 6 1 155 39 173 29.54
8 0 6 10 4 7 1 157 48 183 17.72
7 0 8 6 8 4 1 159 42 226 17.84
4 0 9 1 1 2 1 159 56 210 17.05
9 0 8 4 3 6 1 159 39 206 26.78
1 0 0 0 0 0 0 60 163 24.0
1 0 0 0 0 0 3 161 162 163 0 151 20.29
10 0 4 0 0 7 2 165 181 1 113 27.65
10 0 10 0 0 0 1 164 1 178 26.28
4 0 5 0 0 0 2 166 179 1 102 18.24
9 0 9 5 0 0 3 167 170 179 11 201 28.39
5 0 4 4 7 9 3 173 174 176 11 153 24.55
7 0 9 3 0 5 2 169 174 5 144 18.7
2 1 0 0 0 0 2 168 190 20 192 16.42
7 0 1 2 0 0 1 177 22 142 23.0
2 0 9 10 0 7 2 170 172 12 158 20.36
3 1 0 0 0 0 1 171 20 165 22.89
7 0 7 9 10 3 1 188 23 135 25.47
5 0 0 0 0 8 2 183 187 14 173 22.83
2 1 0 0 0 0 2 175 177 16 180 16.45
7 0 0 0 10 7 2 185 186 16 188 24.3
9 0 0 10 0 0 1 180 18 120 29.48
3 0 0 0 4 1 2 178 184 16 146 19.67
7 0 4 4 0 7 1 178 29 210 31.04
5 0 9 5 0 0 1 182 36 135 25.68
3 1 0 0 0 0 1 181 20 207 24.69
6 0 4 1 0 0 1 190 27 177 24.52
6 0 0 4 0 4 1 187 23 149 31.03
4 0 10 0 7 4 1 188 41 143 29.06
6 0 7 0 8 0 2 188 189 19 148 17.83
7 0 4 0 3 0 1 186 19 146 28.08
10 1 0 0 0 0 1 187 23 161 18.21
9 1 0 0 0 0 2 189 190 26 167 29.08
5 0 0 0 6 7 1 189 33 148 17.21
10 0 0 0 0 2 1 191 45 199 17.08
5 0 0 0 5 4 1 191 38 185 25.16
3 0 8 0 0 0 1 191 35 155 19.42
1 0 0 0 0 0 0 55 231 19.19
1 0 0 0 0 0 3 193 194 195 0 158 17.08
6 0 0 7 10 0 3 196 199 202 1 135 29.98
5 0 1 10 0 4 2 200 207 1 161 20.17
8 0 0 6 0 5 3 198 209 213 1 125 19.16
8 0 8 9 0 0 3 197 212 214 7 166 26.83
10 0 10 10 0 4 3 200 201 203 15 161 20.24
10 1 0 0 0 0 3 206 207 208 9 170 30.89
6 0 10 6 0 0 3 205 208 212 7 128 25.56
2 1 0 0 0 0 3 204 210 211 25 156 20.25
1 0 0 0 6 2 3 205 210 211 25 156 30.05
7 0 0 0 7 0 3 203 208 213 7 152 19.71
1 0 8 0 5 10 3 206 210 220 25 154 17.31
2 1 0 0 0 0 3 209 218 219 27 127 23.07
4 1 0 0 0 0 3 206 209 216 26 200 25.73
2 1 0 0 0 0 2 215 221 30 214 16.05
10 0 9 0 0 10 3 212 217 218 19 155 25.46
8 1 0 0 0 0 3 211 214 217 19 131 28.47
3 1 0 0 0 0 2 215 220 30 126 26.16
4 0 2 0 3 9 1 218 27 124 17.76
1 0 8 1 8 0 1 216 27 135 24.85
2 0 1 6 0 0 1 219 29 191 19.7
6 0 0 0 0 10 3 214 215 216 14 118 21.43
6 0 6 0 0 7 2 219 220 27 160 23.95
5 0 0 0 0 8 1 217 33 141 22.4
8 0 3 1 0 0 1 221 30 138 29.19
9 0 0 0 6 3 1 222 38 140 29.17
6 0 9 0 8 1 1 222 31 178 23.45
3 0 0 2 9 5 2 221 222 33 217 17.37
4 0 2 0 0 10 1 223 33 156 15.82
8 0 5 8 0 10 1 223 38 177 19.96
8 0 0 0 0 4 1 223 47 191 21.01
1 0 0 0 0 0 0 55 189 17.49
1 0 0 0 0 0 3 225 226 227 0 165 23.34
10 0 9 0 0 0 3 229 231 235 1 117 21.29
6 0 1 0 0 0 3 228 230 240 1 195 21.68
10 0 2 0 0 0 1 249 1 153 22.0
9 0 0 8 0 0 2 234 243 7 126 27.74
7 0 0 0 0 2 3 238 247 249 11 123 29.51
3 0 0 0 0 4 2 232 241 7 185 24.49
10 0 9 0 0 0 2 237 244 11 154 18.52
8 0 0 0 0 10 2 233 249 10 127 31.02
10 0 0 0 3 0 3 235 236 239 18 171 30.27
7 0 0 0 6 0 3 237 242 248 16 118 29.05
6 0 0 0 0 3 2 248 254 28 142 21.2
10 0 7 0 0 0 2 238 247 28 200 24.95
3 0 0 0 7 0 2 241 250 23 206 22.55
7 1 0 0 0 0 3 242 243 244 38 140 24.73
10 0 0 5 0 0 2 246 251 28 167 22.69
4 0 0 0 4 0 1 241 7 157 30.71
3 0 0 0 0 1 1 254 26 129 29.61
3 1 0 0 0 0 2 246 251 45 153 16.41
10 0 0 0 0 6 2 246 252 45 225 17.05
10 1 0 0 0 0 2 245 253 45 225 29.57
6 0 2 0 0 0 2 250 254 55 175 29.15
9 0 2 0 0 0 1 253 55 170 29.13
4 1 0 0 0 0 1 248 38 175 17.2
5 0 5 0 0 0 1 250 42 193 15.91
7 0 0 0 3 0 2 252 253 18 125 24.41
7 0 6 0 0 0 1 251 61 171 24.36
9 0 5 0 0 0 1 252 68 216 28.04
7 0 1 0 0 0 1 255 77 212 17.84
4 0 0 0 0 1 1 255 64 198 16.18
6 0 0 6 0 0 1 255 61 183 27.08
1 0 0 0 0 0 0 84 183 16.0
1 0 0 0 0 0 3 257 258 259 0 104 29.67
7 0 0 0 0 6 3 264 265 266 1 192 17.24
10 0 0 0 0 10 3 269 276 285 1 117 27.77
10 0 0 2 0 0 2 260 272 1 193 27.38
4 0 2 0 0 0 3 261 270 280 11 148 22.53
1 0 0 10 0 0 2 262 263 15 136 15.92
10 0 0 5 0 0 2 264 281 16 135 21.84
5 0 0 0 0 10 2 268 276 16 140 23.32
3 0 0 5 0 0 3 271 277 279 26 209 30.47
3 0 3 0 0 0 1 267 8 108 22.91
1 0 0 0 1 0 1 273 8 183 15.9
9 0 6 0 0 0 3 273 275 283 11 163 17.7
5 1 0 0 0 0 3 274 278 284 21 148 18.5
6 0 0 8 0 0 3 271 278 283 11 133 18.18
8 0 0 0 0 1 2 273 275 15 135 28.89
4 0 3 0 0 0 1 284 29 141 21.31
9 0 6 0 0 0 2 279 280 11 183 24.77
3 1 0 0 0 0 2 277 279 23 168 30.38
10 1 0 0 0 0 3 275 281 282 26 183 16.16
10 0 0 1 0 0 1 285 36 198 19.42
3 1 0 0 0 0 2 278 283 21 135 31.48
7 1 0 0 0 0 1 282 29 215 26.65
3 1 0 0 0 0 2 281 282 26 121 30.51
4 1 0 0 0 0 1 286 29 136 23.82
3 1 0 0 0 0 1 285 20 172 24.64
5 0 0 3 0 0 1 286 36 187 23.81
10 0 0 4 0 0 1 286 36 170 27.29
1 0 0 0 0 6 1 284 24 210 21.07
2 1 0 0 0 0 1 287 33 204 18.97
1 0 0 0 5 0 1 287 46 222 28.87
9 0 0 0 7 0 1 287 46 187 18.48
1 0 0 0 0 0 0 55 182 22.78
1 0 0 0 0 0 3 289 290 291 0 124 21.04
1 0 6 7 0 0 3 293 297 298 1 179 23.7
2 0 0 6 3 10 3 292 294 318 1 121 17.65
10 0 0 1 3 10 3 295 301 307 1 154 26.08
9 0 0 3 7 5 3 296 299 317 3 184 27.71
5 0 3 6 4 6 1 316 2 128 27.32
7 0 0 3 0 3 2 309 310 3 166 30.88
3 0 6 10 4 0 2 300 303 11 125 24.95
8 0 0 4 3 4 2 302 313 12 197 30.16
2 0 6 4 6 1 2 304 305 2 103 21.99
3 0 4 1 2 8 1 306 2 101 17.56
1 0 0 1 1 3 2 302 315 12 176 22.35
2 0 8 1 7 4 2 304 306 14 131 23.33
9 0 2 8 1 0 2 302 304 11 161 28.23
5 0 6 0 1 6 1 309 20 173 17.48
2 0 9 7 5 5 3 305 306 312 14 196 29.63
4 1 0 0 0 0 2 308 310 20 143 30.62
4 1 0 0 0 0 3 313 314 317 16 169 26.13
5 1 0 0 0 0 1 311 16 159 20.68
7 0 1 0 9 0 3 310 311 317 11 171 28.63
10 1 0 0 0 0 3 311 312 318 24 204 29.99
8 1 0 0 0 0 1 314 25 128 26.61
6 1 0 0 0 0 1 312 24 197 31.06
5 0 0 0 5 3 1 315 34 165 23.35
5 1 0 0 0 0 2 313 314 34 158 17.52
10 0 0 7 0 7 1 315 39 225 25.72
2 0 9 4 10 6 1 316 39 195 25.28
5 0 3 10 0 0 1 316 49 187 20.89
10 0 0 0 4 1 1 319 54 198 18.05
9 0 10 1 5 9 1 319 20 193 25.5
3 0 7 10 0 1 1 319 34 150 20.8
1 0 0 0 0 0 0 64 193 22.61
1 0 0 0 0 0 3 321 322 323 0 157 19.88
1 0 2 0 0 0 1 325 1 119 23.47
4 0 0 0 4 0 3 324 327 338 1 158 18.78
8 0 0 7 0 0 3 326 328 332 1 182 19.79
6 0 0 1 0 0 2 328 335 5 120 27.36
3 0 0 2 0 0 3 329 330 331 2 119 27.28
3 0 0 0 0 7 3 333 337 343 9 119 25.99
9 0 0 0 6 0 3 336 345 347 5 157 19.88
2 0 0 2 0 0 1 341 11 130 23.19
6 0 1 0 0 0 2 337 338 5 159 22.31
8 0 0 0 8 0 2 334 337 5 110 29.03
4 0 0 0 1 0 2 333 346 5 106 27.87
9 0 0 0 8 0 1 345 9 153 27.66
4 0 0 0 0 1 1 340 12 124 24.08
10 0 0 8 0 0 2 338 346 13 195 25.13
9 0 0 0 0 5 1 340 11 184 23.33
4 0 0 0 6 0 2 339 342 14 142 22.6
10 0 7 0 0 0 3 340 345 346 13 183 31.04
9 0 8 0 0 0 3 339 342 350 23 141 25.69
9 0 0 0 1 0 1 348 32 216 26.59
9 0 0 5 0 0 1 342 23 197 24.2
7 0 0 5 0 0 2 344 347 13 136 20.7
3 0 0 0 1 0 2 344 348 32 158 25.81
2 0 0 0 10 0 2 344 347 12 202 23.64
4 0 0 8 0 0 1 349 35 193 23.56
7 0 0 0 0 10 2 348 349 23 184 30.86
1 0 10 0 0 0 2 349 350 23 155 21.57
2 1 0 0 0 0 1 350 20 208 23.63
1 0 0 1 0 0 1 351 41 202 28.96
1 0 0 0 0 8 1 351 39 167 23.2
2 0 0 0 7 0 1 351 32 198 23.06
1 0 0 0 0 0 0 42 212 28.45
1 0 0 0 0 0 3 353 354 355 0 166 19.58
9 0 7 6 0 0 3 359 361 362 1 172 30.87
7 0 6 0 8 6 3 356 358 372 1 109 29.05
8 0 0 1 9 1 3 357 368 373 1 188 20.69
5 0 9 0 0 0 2 362 380 8 121 30.93
6 0 0 2 5 4 1 360 9 175 21.57
9 0 8 10 2 8 1 365 8 144 16.6
8 0 10 6 3 10 2 364 378 10 145 17.65
1 0 7 6 5 5 1 376 15 169 18.17
3 0 10 10 2 4 3 363 375 378 10 113 24.6
10 0 0 4 5 0 1 381 13 129 25.2
7 0 4 6 9 0 1 369 13 199 27.12
9 0 7 0 10 8 2 366 374 18 152 23.36
10 1 0 0 0 0 3 371 377 380 17 140 20.08
6 1 0 0 0 0 2 367 381 27 180 15.95
7 0 10 0 0 10 1 368 33 218 16.09
4 0 6 0 0 4 1 382 40 163 28.94
6 1 0 0 0 0 1 370 20 193 22.04
10 1 0 0 0 0 1 372 26 161 21.06
5 0 7 2 1 0 1 374 27 148 22.1
8 0 0 6 10 5 1 373 36 172 23.51
3 0 6 8 9 7 1 380 44 197 31.28
10 0 3 0 9 0 1 379 32 153 27.66
7 0 0 8 9 0 1 376 13 141 19.4
3 0 3 2 9 7 2 377 382 20 147 19.17
4 0 10 4 0 10 1 381 27 158 18.39
7 0 7 0 9 2 1 379 18 140 22.62
2 0 2 4 10 8 1 382 42 136 16.55
10 0 1 3 0 10 1 383 47 199 17.28
9 0 2 6 6 4 1 383 33 216 30.76
6 0 5 0 3 9 1 383 44 195 16.49
1 0 0 0 0 0 0 57 185 15.83
1 0 0 0 0 0 3 385 386 387 0 133 19.39
9 0 1 9 6 10 2 388 389 1 111 25.92
4 0 3 7 0 7 3 395 399 408 1 128 19.51
1 0 6 8 2 1 1 393 1 183 16.18
8 0 7 5 8 2 3 390 391 402 10 143 16.5
4 0 8 4 0 2 2 395 401 10 188 18.57
4 0 6 0 8 9 3 392 396 411 18 146 27.88
3 0 4 0 7 2 1 394 18 176 29.76
9 0 4 4 0 4 3 397 400 403 22 146 23.05
2 0 1 1 3 2 3 402 406 408 2 157 29.88
4 0 0 2 0 10 2 398 407 21 128 28.03
7 0 10 0 9 0 2 400 411 14 201 25.33
2 0 2 2 3 0 1 398 22 180 28.53
5 1 0 0 0 0 1 401 31 181 19.83
8 0 0 6 7 1 2 404 408 25 180 30.07
4 0 4 0 8 9 2 400 407 5 138 19.05
8 1 0 0 0 0 3 404 405 410 31 159 18.2
7 1 0 0 0 0 2 404 407 36 138 26.84
7 0 1 7 10 5 3 405 410 413 18 197 16.95
1 1 0 0 0 0 3 405 406 409 31 187 24.97
4 0 6 8 1 1 1 414 43 205 29.43
4 0 9 9 0 3 1 414 39 176 18.54
4 1 0 0 0 0 1 413 32 133 21.88
8 0 4 0 0 0 2 409 410 43 168 25.89
10 1 0 0 0 0 1 409 33 198 30.72
9 0 10 9 4 0 1 414 51 159 25.34
9 0 5 0 4 9 1 412 51 157 31.21
3 0 10 0 8 8 2 412 413 22 143 25.08
10 0 3 0 0 7 1 415 60 212 26.77
3 1 0 0 0 0 1 415 36 145 26.98
5 0 10 0 0 7 1 415 60 191 27.87
1 0 0 0 0 0 0 70 200 25.86
1 0 0 0 0 0 3 417 418 419 0 175 19.49
3 0 3 0 0 0 1 421 1 183 29.87
2 0 3 0 0 0 3 420 429 444 1 115 27.82
9 0 8 0 0 0 1 432 1 166 17.0
3 0 0 0 3 0 3 423 434 439 3 144 23.34
10 0 0 0 0 6 3 422 426 429 4 158 28.01
2 0 2 0 0 0 1 433 14 186 31.03
2 0 10 0 0 0 3 424 428 430 6 107 21.04
10 0 0 0 4 0 1 425 8 174 21.75
5 0 0 0 3 0 1 436 18 172 24.99
2 0 0 0 4 0 2 427 431 14 169 21.64
5 0 0 9 0 0 2 433 435 16 185 22.38
3 0 7 0 0 0 1 436 8 171 25.01
4 0 5 0 0 0 1 438 14 161 18.14
8 0 0 0 6 0 1 433 8 165 16.81
3 0 8 0 0 0 1 440 16 205 28.67
4 1 0 0 0 0 1 445 10 141 24.17
3 1 0 0 0 0 1 443 21 152 28.53
10 0 0 0 10 0 2 438 442 6 194 25.09
3 1 0 0 0 0 3 437 439 441 21 170 28.39
8 1 0 0 0 0 1 441 23 164 17.39
10 1 0 0 0 0 2 440 442 24 181 23.89
8 0 0 5 0 0 1 441 18 149 30.06
8 0 0 0 0 7 1 446 24 205 16.93
6 0 0 7 0 0 2 445 446 34 155 24.45
10 0 0 0 1 0 1 443 31 160 17.95
9 0 0 0 0 5 1 445 34 217 24.1
1 0 0 0 8 0 1 446 41 168 27.66
9 0 0 0 5 0 1 447 3 164 25.22
9 0 2 0 0 0 1 447 43 176 23.16
1 0 0 6 0 0 1 447 42 217 25.08
1 0 0 0 0 0 0 52 162 25.78
1 0 0 0 0 0 3 449 450 451 0 172 22.34
8 0 8 7 5 2 2 460 475 1 157 23.95
6 0 5 3 9 6 3 453 455 456 1 115 25.06
4 0 8 4 8 8 2 452 474 1 104 28.24
4 0 5 5 3 4 1 463 5 133 31.28
10 0 1 3 2 6 3 454 468 474 7 130 20.44
3 0 3 10 6 8 2 457 470 17 158 31.35
1 0 1 7 10 5 3 458 469 470 7 105 21.88
5 0 4 8 2 10 1 462 7 141 27.05
2 0 8 8 2 4 1 465 20 127 29.33
3 0 6 2 5 9 3 459 461 463 8 172 21.92
7 0 2 8 5 2 1 478 11 188 27.69
3 0 6 3 10 5 1 477 9 115 17.12
4 0 2 10 9 4 2 464 471 11 155 19.75
5 0 8 7 4 7 1 466 12 173 17.95
1 0 6 5 5 4 1 475 11 156 17.96
4 0 10 5 3 5 2 466 473 15 152 18.54
8 1 0 0 0 0 1 467 22 182 18.79
5 1 0 0 0 0 1 472 19 202 25.25
7 0 6 10 7 3 1 472 30 132 18.51
6 0 6 6 10 3 1 471 17 206 24.97
7 0 2 6 5 2 3 472 473 476 8 165 28.88
6 1 0 0 0 0 1 476 20 170 21.24
5 1 0 0 0 0 1 477 23 194 23.36
6 0 9 4 1 6 1 477 37 199 22.32
7 0 2 6 9 8 1 478 19 210 20.64
3 0 1 8 8 6 1 475 17 153 15.92
10 1 0 0 0 0 1 476 20 193 20.23
8 0 6 7 3 3 1 479 30 139 23.2
9 0 10 4 6 7 1 479 43 208 30.92
2 1 0 0 0 0 1 479 26 162 26.09
1 0 0 0 0 0 0 52 200 20.24
1 0 0 0 0 0 3 481 482 483 0 160 25.3
10 0 8 1 10 6 1 506 1 144 24.77
9 0 4 6 2 9 2 488 489 1 198 17.14
5 0 2 4 10 10 3 484 486 487 1 125 27.65
1 0 4 1 5 3 3 485 494 502 6 143 24.07
1 0 4 1 3 9 2 493 509 7 136 25.0
9 0 9 7 2 4 2 490 491 6 144 15.94
5 0 6 5 1 8 1 497 6 143 29.73
9 1 0 0 0 0 1 498 10 127 23.26
4 0 9 2 9 5 2 492 499 10 119 20.96
8 0 10 10 2 9 3 493 501 504 15 180 18.21
7 0 9 6 10 3 3 493 495 503 15 180 26.88
2 1 0 0 0 0 1 505 14 128 29.61
3 1 0 0 0 0 1 500 23 147 25.07
1 0 8 7 2 2 2 498 509 7 168 21.94
8 0 9 10 1 5 1 496 22 184 16.21
9 0 8 9 2 10 1 506 30 160 18.76
8 0 7 3 1 4 2 506 507 11 182 20.68
4 0 4 10 5 2 1 510 19 154 19.04
5 0 3 7 3 4 1 503 14 154 18.78
2 0 1 10 1 6 1 505 26 191 18.36
10 0 10 2 6 2 1 505 23 194 21.25
2 0 2 8 1 3 1 508 7 144 23.17
4 0 3 3 2 3 1 509 22 205 28.77
1 1 0 0 0 0 1 510 23 142 20.71
6 0 10 1 7 5 2 507 508 33 169 18.07
2 0 9 6 5 5 1 508 39 184 17.72
4 0 3 1 5 8 1 510 39 145 28.75
1 0 6 6 10 4 1 511 41 205 19.42
2 0 7 10 7 3 1 511 26 208 22.42
2 0 5 4 5 7 1 511 43 177 19.71
1 0 0 0 0 0 0 45 161 19.78
1 0 0 0 0 0 3 513 514 515 0 103 25.1
1 0 3 1 3 2 3 516 521 524 1 168 20.24
5 0 2 7 6 1 3 517 520 526 1 134 28.6
7 0 0 5 10 2 1 539 1 158 27.95
2 0 4 2 3 7 2 523 540 2 182 25.7
8 0 5 4 6 7 3 518 519 524 6 175 21.1
10 0 2 6 0 7 3 527 530 533 14 190 21.85
3 0 2 3 0 2 1 542 14 150 31.48
7 0 3 7 7 0 1 527 6 109 18.7
2 0 4 3 0 7 2 522 525 2 140 19.84
10 0 9 10 3 4 1 526 4 134 20.92
7 0 4 0 1 0 2 532 534 4 137 22.81
9 0 0 0 3 7 1 536 14 209 21.56
5 0 0 0 6 0 1 535 4 117 30.43
5 0 0 2 6 2 3 528 537 538 14 186 15.94
6 1 0 0 0 0 1 535 24 143 28.92
9 1 0 0 0 0 2 529 531 19 124 22.29
6 0 0 0 9 0 1 532 28 139 21.53
6 0 0 8 0 4 1 534 24 132 19.13
7 0 0 5 1 5 1 532 28 167 22.88
4 0 4 7 0 7 1 541 35 134 16.16
8 1 0 0 0 0 1 537 24 167 23.23
5 0 3 5 0 4 1 536 30 188 21.29
10 0 2 7 5 1 2 539 540 30 212 21.74
5 0 6 5 10 3 1 541 35 180 21.89
3 0 2 10 0 8 1 540 32 184 22.28
7 0 2 10 0 0 1 542 19 162 20.32
5 0 6 8 0 3 1 541 40 219 18.59
2 0 4 1 10 7 1 543 40 203 23.7
4 0 3 3 1 5 1 543 45 184 19.42
5 0 0 5 1 1 1 543 26 210 17.61
1 0 0 0 0 0 0 49 174 27.44
45.18 38.07 18.19 16.89 17.23 77.52 251.79 162.58 143.47 88.21 22.55 18.6 25.0 33.72 29.71 62.02 84.92 100.0 140.0 105.0 120.61 98.72 69.71 9.48 33.47 58.49 63.4 77.12 73.94 62.83 131.6 195.0 145.3 119.72 80.87 52.97 66.91 59.72 71.3 87.25 138.17 238.48 146.08 149.05 111.0 98.67 103.88 66.86 70.8 63.52 50.97 47.81 57.66 70.46 112.71 124.24 112.69 94.26 69.34 43.5 12.04 8.56 11.66 45.8 83.64 109.11 114.0 170.32 136.63 110.0 100.0 78.66 57.64 49.63 38.85 38.75 49.22 75.94 115.0 117.81 112.9 91.36 66.01 5.94 0.2 0.0 0.0 0.53 51.54 120.86 144.94 212.26 147.12 110.0 102.07 88.2 74.09 72.22 70.58 70.29 70.38 86.1 118.42 141.48 117.45 92.51 53.21 13.12 0.99 0.0 0.0 11.97 76.93 118.68 255.21 409.24 167.05 110.91 95.47 80.03 90.15 80.58 77.19 77.04 77.0 82.66 91.11 89.67 77.66 24.91 0.98 -0.89 -7.45 -10.25 -4.7 0.1 28.84 96.69 118.22 126.99 95.47 79.14 75.12 49.18 3.45 1.14 2.64 0.62 1.29 0.58 4.41 5.23 3.15 0.4 -0.25 -6.87 -10.36 -10.73 -2.58 -0.07 9.47 88.87 110.72 118.6 117.58 103.57 97.59 90.59 84.95 81.26 77.32 76.98 77.79 91.71 119.98 129.86 128.51 106.34 88.11 69.61 70.41 65.06 70.42 76.05 88.42 122.95 143.06 216.38 144.51 114.24 100.24 92.77 86.64 86.71 86.15 86.08 88.7 101.47 126.62 172.36 159.13 119.37 89.84 88.92 80.86 77.82 77.56 88.6 102.65 127.01 157.33 216.73 125.53 101.58 96.92 91.98 75.64 70.05 69.46 70.17 58.67 71.28 110.41 130.2 119.5 92.86 62.28 41.17 27.1 28.68 28.21 65.69 76.26 91.19 113.08 119.62 108.42 88.11 81.54 63.78 73.22 70.16 67.15 66.86 70.34 79.6 110.1 120.11 124.72 99.11 85.73 136.26 114.15 65.81 50.98 78.75 84.24 106.5 116.52 136.61 123.61 101.82 89.58 81.09 78.48 75.08 73.18 73.2 75.12 82.3 105.52 119.97 124.63 114.16 105.0 99.9 98.86 83.35 83.78 82.88 99.34 110.88 124.17 132.96 119.61 106.21 96.9 89.9 85.01 83.76 83.3 83.19 86.07 90.0 90.5 104.69 109.63 97.26 89.58 79.73 64.26 36.66 49.45 79.79 95.03 112.74 133.07 147.26 120.0 109.15 104.98 94.47 98.57 96.34 94.41 91.61 95.03 97.06 99.7 105.16 98.24 92.93 83.52 37.73 17.11 8.53 13.0 63.03 83.45 99.01 125.43 127.81 118.45 107.4 97.34 96.71 92.44 90.35 89.52 89.69 89.81 100.0 130.03 212.21 164.86 120.68 91.09 86.24 80.0 78.5 85.11 89.16 102.3 134.81 274.59 402.21 165.12 121.13 101.83 89.41 101.42 98.15 97.22 96.68 99.78 101.37 137.47 244.0 209.23 136.34 116.64 98.43 89.56 88.06 89.94 98.77 114.54 156.02 250.86 356.15 138.73 104.71 95.0 91.39 85.56 82.32 78.54 90.17 89.01 97.37 127.3 175.46 138.74 105.23 86.5 75.97 71.47 74.29 78.48 87.45 98.01 135.0 249.52 339.75 150.72 113.11 98.93 90.99 91.44 88.59 87.5 90.3 92.28 96.83 130.8 179.79 137.16 100.04 91.26 79.97 68.09 63.52 74.36 83.69 90.02 124.84 173.05 188.22 126.3 101.78 99.9 88.26 86.63 77.25 74.57 74.96 77.73 89.46 118.58 130.22 111.44 90.17 64.99 43.12 28.56 20.18 31.7 59.82 82.79 110.97 146.1 140.78 107.36 78.64 62.33 36.3 52.99 40.71 44.13 21.12 24.5 4.81 28.02 46.89 51.67 36.88 19.0 2.03 0.72 3.81 18.98 40.01 46.27 40.39 37.87 72.34 49.47 17.08 35.7 3.26 -0.79 1.27 -1.09 -1.17 -1.06 -0.99 -1.72 -0.31 15.04 16.23 16.02 10.44 15.94 6.66 1.62 6.57 8.03 64.94 100.81 185.0 136.63 65.0 65.0 65.0 53.01 86.57 63.27 42.37 20.73 25.66 105.0 120.0 110.01 120.0 101.53 90.62 89.43 83.92 93.3 92.2 94.16 110.0 127.96 158.37 126.94 120.19 119.33 105.89 100.68 94.18 90.38 90.07 93.83 97.29 134.49 228.56 284.54 208.59 152.29 131.35 112.92 108.5 107.75 115.64 124.61 152.46 204.46 217.86 146.41 123.24 107.42 97.48 93.45 88.44 87.56 87.2 90.27 98.29 116.8 154.23 165.96 134.62 117.18 104.18 91.34 90.11 91.41 100.62 118.7 148.89 179.14 198.98 140.0 112.81 108.86 98.07 97.38 92.95 93.66 91.76 94.02 102.79 126.61 144.82 149.94 133.23 110.81 98.32 94.14 89.59 88.91 97.61 99.46 109.39 116.52 114.63 106.55 96.17 88.08 77.77 86.49 84.36 79.52 78.04 78.04 78.01 93.58 111.82 121.99 107.93 93.33 82.88 77.77 77.75 80.96 91.5 96.87 111.41 107.47 109.56 105.76 97.8 93.51 91.53 92.96 88.84 87.79 84.61 82.75 85.05 90.27 96.75 100.46 94.54 84.96 74.92 59.14 45.84 49.82 77.57 87.3 116.24 125.9 130.5 120.98 113.33 107.49 95.15 96.33 93.02 89.62 86.28 87.45 88.01 88.89 89.54 88.81 84.69 80.78 76.54 52.46 52.59 65.38 84.17 92.42 105.35 102.41 108.53 108.56 108.8 108.75 93.97 94.62 91.27 92.03 91.57 96.57 100.54 122.73 204.07 195.24 148.74 127.45 113.19 95.92 91.31 94.34 104.46 111.58 165.0 287.83 287.51 167.91 124.82 122.0 111.66 109.86 103.77 100.41 100.32 101.8 107.57 128.3 169.18 197.16 159.02 134.08 121.54 109.67 106.57 113.28 130.91 157.9 221.54 391.95 400.62 217.31 150.0 126.38 114.46 117.0 113.79 109.43 105.67 108.85 115.33 155.0 282.83 275.88 180.05 141.56 128.26 121.83 115.58 119.14 126.81 141.78 155.09 201.75 205.73 136.19 110.61 90.04 70.91 87.81 86.49 90.82 88.61 91.01 89.36 107.52 115.79 132.85 120.2 93.13 88.46 84.0 82.62 85.14 86.88 105.01 121.62 134.02 139.96 123.61 107.79 103.02 93.95 89.51 82.6 84.41 82.75 88.54 97.49 116.38 137.75 146.31 129.02 118.2 99.84 89.74 89.4 92.13 99.68 113.94 129.65 139.1 140.0 120.66 106.09 99.82 92.82 77.35 75.11 78.62 79.9 82.95 80.55 87.76 104.61 112.37 106.97 96.1 84.02 76.34 71.35 76.08 86.26 93.82 117.8 126.58 117.8 107.59 95.43 97.57 94.57 92.63 84.81 78.82 79.33 81.1 85.62 90.42 93.03 91.2 80.7 72.1 62.21 34.88 20.62 37.12 69.7 92.01 120.93 124.31 109.1 94.36 89.44 80.7 65.11 73.92 69.83 67.28 66.54 67.52 81.68 120.0 132.61 124.43 107.51 94.45 84.44 91.11 94.06 88.14 104.04 113.17 113.73 99.95 86.25 75.7 72.22 73.7 63.18 70.02 56.22 53.26 46.12 51.19 65.08 78.53 120.0 116.48 91.74 96.15 100.05 99.28 93.19 78.84 72.71 82.18 112.85 117.66 115.47 105.11 93.96 88.83 80.7 92.42 92.04 91.57 92.72 92.57 93.64 112.83 129.89 130.37 125.9 105.42 90.41 86.16 85.05 92.98 113.66 147.49 203.85 293.73 274.02 185.28 137.43 125.98 111.72 105.01 103.21 98.46 87.42 82.86 93.34 116.33 126.62 120.97 105.38 85.2 71.54 68.8 67.05 75.55 92.32 106.66 114.91 118.8 116.56 105.0 89.52 82.75 70.74 38.87 30.2 24.41 23.04 30.06 44.4 82.0 168.7 193.66 180.3 134.4 134.01 144.23 98.57 85.64 82.0 107.17 105.04
