544 5
1 57 48 51 47
1 0 0 0 0 0 3 1 2 3 0 172 17.12
4 0 9 1 3 8 2 4 16 1 147 19.0
4 0 10 4 5 10 3 5 11 16 1 104 12.99
1 0 8 9 9 10 3 8 12 16 1 105 16.9
3 0 1 2 9 8 3 6 13 15 5 146 15.18
5 0 2 2 8 5 3 7 9 10 5 114 20.15
3 0 1 1 4 5 3 8 10 23 8 152 14.29
1 0 4 10 9 4 3 12 17 19 10 118 16.47
5 0 8 10 4 4 3 17 22 24 11 124 18.59
3 0 2 2 3 9 3 13 15 20 10 113 11.31
1 0 2 3 6 4 2 12 24 11 148 12.39
8 0 3 3 1 10 3 14 18 22 5 171 18.78
6 0 9 8 1 1 3 14 27 30 12 150 18.94
5 0 2 1 7 8 3 14 18 21 13 150 16.33
8 0 2 3 10 4 2 28 29 18 162 16.94
3 0 5 8 3 2 2 19 26 13 161 20.17
5 0 7 5 3 6 3 17 19 22 5 160 11.68
2 0 9 4 4 6 3 18 20 25 16 129 14.03
10 0 3 4 6 1 1 30 18 196 11.57
9 0 1 10 3 3 2 23 25 16 140 16.64
8 1 0 0 0 0 2 26 30 18 116 17.01
4 1 0 0 0 0 2 23 24 18 190 17.87
10 0 5 9 3 3 1 27 16 174 18.02
2 0 7 7 10 10 1 28 25 145 12.27
5 1 0 0 0 0 2 25 26 22 165 18.35
10 0 4 6 4 5 1 29 27 162 12.09
9 0 6 9 7 4 2 27 29 27 162 20.38
6 0 1 1 10 8 1 28 36 183 12.16
7 0 5 8 3 8 1 31 42 182 18.07
4 0 7 7 1 4 1 31 37 146 10.59
6 0 9 1 5 10 1 31 28 124 18.77
1 0 0 0 0 0 0 49 180 13.73
1 0 0 0 0 0 3 33 34 35 0 139 16.36
7 0 9 8 5 9 2 42 55 1 137 17.46
4 0 6 5 6 7 1 41 1 169 19.03
5 0 2 9 4 5 3 36 38 39 1 158 19.59
1 0 8 6 8 6 3 37 44 48 6 116 15.79
1 0 2 7 5 9 2 56 61 7 161 17.74
2 0 8 3 8 8 3 46 50 60 6 138 12.83
7 0 3 7 2 2 2 40 58 6 141 20.6
4 0 3 10 2 3 2 46 51 13 133 16.69
4 0 10 5 5 3 2 43 45 5 178 14.18
9 0 9 3 5 7 1 43 8 116 14.98
10 0 4 6 10 2 3 47 49 62 17 125 11.23
7 0 8 9 4 2 1 59 7 153 10.59
2 0 9 8 9 3 1 50 9 182 13.99
4 1 0 0 0 0 1 59 17 190 12.11
2 1 0 0 0 0 1 50 27 137 17.66
7 0 2 9 7 4 1 53 7 161 16.93
9 0 4 6 6 4 1 52 27 200 20.31
2 0 2 8 8 4 2 51 59 29 154 20.66
5 0 8 10 3 10 1 54 31 140 13.92
3 0 4 5 8 10 1 57 36 154 13.22
8 0 6 3 7 8 1 57 14 181 12.67
5 0 10 8 10 2 1 61 36 154 11.33
4 0 4 4 10 1 2 56 58 8 131 17.3
5 0 3 2 6 9 1 57 12 141 11.5
2 0 2 8 3 3 1 60 39 194 11.33
8 0 5 9 8 8 1 62 13 131 17.42
1 0 5 10 7 4 1 61 31 132 13.49
4 0 9 5 10 10 1 63 41 139 12.51
1 0 4 1 5 3 1 63 41 167 16.79
7 0 4 5 4 9 1 63 27 176 16.81
1 0 0 0 0 0 0 45 195 14.17
1 0 0 0 0 0 3 65 66 67 0 113 17.97
1 0 0 0 3 0 3 68 69 70 1 89 11.87
2 0 0 1 0 0 2 88 93 1 90 15.85
2 0 0 0 10 0 3 72 73 84 1 124 20.44
2 0 0 2 0 0 1 81 2 115 15.83
1 0 0 8 0 0 1 80 2 93 14.44
2 0 0 1 0 0 1 71 2 165 15.96
10 0 0 0 6 0 2 79 92 4 110 18.24
8 0 0 0 1 0 2 74 76 3 161 15.37
5 0 0 0 0 3 1 80 3 109 13.11
4 0 0 0 3 0 3 75 77 87 11 147 13.82
1 0 3 0 0 0 2 78 90 15 133 16.63
3 0 0 2 0 0 1 81 11 134 16.43
10 0 7 0 0 0 3 83 86 91 15 148 13.1
1 0 10 0 0 0 1 80 16 118 18.51
6 0 0 0 10 0 2 82 94 14 171 12.31
4 1 0 0 0 0 1 89 17 173 20.87
7 0 0 0 0 10 2 82 94 14 118 20.72
10 1 0 0 0 0 2 85 89 21 186 20.92
10 1 0 0 0 0 1 94 25 151 16.72
10 0 0 6 0 0 1 89 3 148 12.15
9 0 2 0 0 0 1 90 31 140 16.05
10 1 0 0 0 0 1 90 25 157 14.03
4 0 0 1 0 0 1 92 15 140 14.84
2 0 3 0 0 0 1 92 3 134 17.79
7 0 0 0 0 4 1 91 31 182 18.67
4 0 10 0 0 0 1 93 40 152 20.16
4 0 0 0 7 0 1 93 38 155 13.0
5 0 0 0 0 7 1 95 19 148 13.11
10 0 8 0 0 0 1 95 44 136 11.39
9 0 0 0 0 6 1 95 35 198 17.35
1 0 0 0 0 0 0 54 167 15.46
1 0 0 0 0 0 3 97 98 99 0 155 10.77
6 0 0 0 0 2 3 106 115 123 1 131 14.68
6 0 0 0 0 8 2 101 105 1 153 17.37
7 0 0 0 0 2 3 100 102 105 1 175 20.61
6 0 4 0 0 0 3 103 104 116 8 161 15.55
10 0 0 0 8 0 3 106 116 121 7 141 10.5
7 0 0 6 0 0 3 107 108 116 8 136 20.61
10 0 0 0 0 9 3 110 111 114 14 167 15.04
4 1 0 0 0 0 3 106 108 118 14 110 20.92
6 0 2 0 0 0 3 109 115 120 8 180 19.95
8 1 0 0 0 0 2 113 117 18 138 18.45
8 0 0 4 0 0 3 109 112 117 15 186 17.46
8 1 0 0 0 0 3 114 117 126 18 186 14.28
4 1 0 0 0 0 3 110 111 125 23 170 20.66
2 0 10 0 0 0 2 113 118 27 133 14.18
5 1 0 0 0 0 3 119 122 126 27 194 12.19
2 1 0 0 0 0 3 113 114 118 23 173 17.15
8 0 0 0 0 4 1 122 29 203 16.75
1 1 0 0 0 0 3 115 120 122 26 184 17.49
2 1 0 0 0 0 2 119 121 27 159 18.56
7 0 0 8 0 0 3 119 123 125 17 167 17.2
6 0 0 3 0 0 1 120 26 152 20.94
9 0 4 0 0 0 2 121 123 29 145 18.37
1 0 0 0 3 0 1 124 32 145 18.46
5 0 10 0 0 0 1 125 32 167 19.75
5 0 0 0 8 0 1 124 38 128 16.44
2 0 0 0 2 0 1 124 37 154 13.86
7 0 2 0 0 0 1 126 38 162 15.64
2 0 0 0 3 0 1 127 43 190 11.79
10 0 7 0 0 0 1 127 37 158 15.51
9 0 0 0 0 8 1 127 45 145 14.59
1 0 0 0 0 0 0 54 170 18.4
1 0 0 0 0 0 3 129 130 131 0 154 16.21
7 0 6 7 8 2 3 133 135 145 1 129 12.75
6 0 4 3 8 1 3 132 136 138 1 136 18.37
1 0 1 5 2 9 3 136 137 140 1 119 19.53
6 0 5 6 3 7 3 134 139 148 7 116 10.74
5 0 2 6 1 4 3 138 139 147 8 144 14.64
9 0 10 3 4 5 2 142 156 13 142 14.09
9 0 6 10 10 5 3 136 141 148 8 187 14.04
6 1 0 0 0 0 2 146 158 17 114 14.87
3 0 6 2 7 6 3 143 145 147 2 147 17.02
3 1 0 0 0 0 3 151 154 158 13 159 18.36
1 1 0 0 0 0 3 143 149 151 13 156 18.21
5 0 4 1 4 10 3 141 143 149 2 138 18.26
2 0 4 6 9 6 3 142 144 147 17 171 16.41
9 0 10 10 6 8 2 152 158 22 166 15.68
2 0 8 6 4 7 3 144 150 157 14 149 14.35
9 0 2 4 9 7 1 146 19 146 17.8
1 1 0 0 0 0 3 148 149 151 8 140 12.22
2 1 0 0 0 0 1 153 28 160 14.23
8 1 0 0 0 0 3 150 152 153 19 159 10.76
1 1 0 0 0 0 2 153 157 17 121 11.01
6 0 8 9 8 1 3 150 152 154 14 130 18.9
8 0 1 10 4 9 1 155 27 147 13.2
4 0 8 7 8 1 1 155 16 167 11.55
8 0 5 9 8 2 1 157 31 192 19.36
2 0 5 8 1 6 2 154 155 30 150 15.21
7 0 2 1 9 8 1 156 32 156 15.3
9 0 9 10 1 10 1 156 35 174 18.54
7 0 5 1 7 3 1 159 44 138 18.55
3 0 8 1 10 1 1 159 39 169 19.5
6 0 10 3 3 4 1 159 31 137 20.22
1 0 0 0 0 0 0 51 209 14.1
1 0 0 0 0 0 3 161 162 163 0 107 11.64
5 0 0 0 6 3 3 167 171 180 1 123 13.34
4 0 0 0 2 8 3 164 165 172 1 100 11.12
9 0 10 6 9 10 3 165 172 184 1 138 13.98
10 0 0 10 0 5 3 166 167 174 5 187 14.73
5 0 6 5 3 10 3 168 170 174 10 166 17.08
8 0 2 1 0 2 3 168 171 178 15 123 15.68
4 0 9 0 4 10 3 175 178 179 15 167 16.88
5 0 0 0 8 1 2 169 181 23 188 12.15
8 0 9 4 5 10 3 182 183 186 28 123 15.25
7 0 8 0 5 3 3 176 177 179 15 128 10.97
10 0 1 9 3 0 2 183 184 23 198 12.6
6 0 5 10 4 3 3 173 177 179 10 178 15.66
9 1 0 0 0 0 3 176 180 185 16 149 10.78
6 0 0 2 3 0 3 177 178 180 15 178 20.25
4 1 0 0 0 0 2 184 188 19 117 20.56
8 1 0 0 0 0 2 181 182 25 195 18.05
5 1 0 0 0 0 1 185 22 171 19.74
10 1 0 0 0 0 1 186 23 193 14.54
1 1 0 0 0 0 3 181 182 185 22 132 11.15
3 1 0 0 0 0 2 187 189 25 179 19.43
4 0 1 10 8 7 2 183 186 33 160 20.33
3 0 8 0 7 10 2 188 190 36 170 12.79
6 0 6 0 1 0 1 189 37 168 16.77
9 0 10 4 0 3 1 190 33 156 11.09
1 0 5 5 4 7 2 187 188 27 121 16.12
6 0 0 6 3 10 2 187 189 37 143 16.01
10 0 7 2 5 6 1 190 43 141 13.35
6 0 0 0 0 1 1 191 39 156 12.27
5 0 3 10 6 5 1 191 43 196 20.83
4 0 0 4 4 5 1 191 53 146 17.16
1 0 0 0 0 0 0 57 181 14.74
1 0 0 0 0 0 3 193 194 195 0 160 16.78
5 0 10 4 6 3 1 205 1 176 12.02
5 0 2 4 4 10 2 214 222 1 130 17.44
1 0 6 4 7 4 3 196 206 210 1 156 14.68
4 0 5 4 9 8 3 197 198 202 2 129 19.89
6 0 7 1 9 10 1 200 6 181 14.51
3 0 5 10 5 9 3 199 201 203 6 135 20.63
4 0 1 3 7 2 1 209 9 172 20.8
4 0 7 5 6 9 1 213 12 106 19.98
3 0 2 4 2 2 2 215 221 9 132 20.33
8 0 7 7 10 8 2 208 218 6 156 19.98
3 0 3 8 5 6 3 204 207 211 9 154 15.78
3 0 1 7 5 4 2 218 219 12 122 20.54
4 0 2 3 5 2 1 206 6 145 16.26
9 0 10 3 3 2 2 213 221 10 173 15.1
8 0 10 10 2 10 2 208 219 12 186 17.82
3 1 0 0 0 0 1 216 20 130 14.12
9 1 0 0 0 0 1 217 13 123 15.89
6 0 9 4 2 4 2 211 220 2 103 14.99
4 0 6 4 1 4 1 212 12 173 15.98
7 1 0 0 0 0 1 218 16 132 16.04
3 0 6 7 7 2 1 217 19 136 11.67
10 0 8 4 4 4 1 216 6 121 11.59
5 0 6 2 9 4 1 220 12 108 18.22
1 0 1 9 4 8 1 220 23 117 17.88
8 0 8 9 5 3 1 222 22 117 20.31
3 0 5 9 8 5 1 222 23 193 11.42
10 0 4 5 6 6 1 221 20 126 12.63
10 0 7 10 10 7 1 223 24 129 15.93
7 0 4 10 5 4 1 223 30 140 16.23
6 0 1 1 7 2 1 223 30 129 11.2
1 0 0 0 0 0 0 37 146 20.38
1 0 0 0 0 0 3 225 226 227 0 109 18.71
6 0 4 5 10 9 3 230 232 244 1 148 19.15
3 0 7 9 1 3 3 231 237 238 1 120 14.79
9 0 9 10 6 5 3 228 229 234 1 111 15.79
3 0 2 9 1 4 3 230 232 238 10 114 18.59
8 0 10 10 3 8 1 236 10 190 13.54
3 0 4 1 8 6 3 233 235 241 13 112 14.01
1 0 8 7 9 8 3 233 234 235 4 155 16.94
10 0 7 2 2 3 3 239 245 248 13 179 16.34
8 0 8 4 8 7 3 236 243 245 16 148 15.23
4 0 9 5 9 6 3 241 246 254 10 154 15.6
9 0 1 5 10 3 3 236 245 248 16 182 10.83
4 0 9 10 9 7 2 253 254 25 185 16.91
9 0 5 1 3 8 3 239 243 247 4 152 13.07
8 0 1 6 4 8 3 240 242 248 13 148 19.6
5 0 6 8 10 7 3 246 251 254 23 165 17.64
7 0 3 8 3 7 3 241 243 244 21 162 13.25
2 0 9 10 7 7 2 247 249 28 135 10.97
9 1 0 0 0 0 2 244 250 21 192 14.52
9 0 6 10 5 9 2 250 251 28 172 18.15
10 0 4 5 2 2 2 247 253 30 205 12.31
9 1 0 0 0 0 1 246 25 179 20.52
3 1 0 0 0 0 1 249 34 181 20.61
8 0 7 10 8 8 1 252 40 189 15.67
7 1 0 0 0 0 2 249 251 25 151 15.04
4 0 3 8 5 7 1 250 37 147 20.38
4 0 2 2 7 6 2 252 253 41 173 20.93
2 0 5 9 9 7 1 252 37 205 16.48
9 0 10 3 1 6 1 255 48 141 17.89
9 0 8 2 5 1 1 255 45 144 14.4
9 0 9 10 5 7 1 255 29 199 14.82
1 0 0 0 0 0 0 57 147 17.76
1 0 0 0 0 0 3 257 258 259 0 117 18.56
2 0 0 0 3 4 3 263 268 272 1 149 12.77
5 0 0 0 5 0 3 260 261 272 1 98 18.33
5 0 8 0 0 0 2 273 274 1 126 15.1
1 0 7 0 2 8 3 263 264 273 6 104 20.6
4 0 10 7 6 0 3 262 265 273 6 147 18.3
2 0 8 2 0 0 3 264 266 271 10 105 19.45
9 0 0 0 2 4 3 265 269 277 7 177 11.49
5 1 0 0 0 0 3 269 270 279 12 151 20.76
4 0 0 6 6 8 3 267 274 282 16 152 16.38
9 1 0 0 0 0 3 275 276 278 12 133 19.44
10 1 0 0 0 0 2 270 280 20 129 18.13
9 1 0 0 0 0 2 270 271 3 176 11.74
5 0 0 9 0 2 3 276 282 285 17 153 13.57
5 0 0 8 0 2 2 275 276 30 170 15.35
2 0 0 10 0 0 3 274 277 278 12 154 15.2
1 0 0 0 0 3 1 283 6 110 19.2
1 0 10 0 0 0 3 277 279 285 10 110 12.04
3 0 2 2 0 8 3 275 280 285 20 132 18.19
2 0 9 0 10 0 1 281 35 124 17.98
5 0 0 9 8 0 2 281 286 35 159 13.16
5 0 0 0 7 6 1 284 16 186 16.73
1 0 0 0 10 0 3 279 281 282 21 174 13.53
2 0 0 0 2 0 1 280 22 128 17.71
8 0 5 0 0 0 2 283 286 30 160 11.53
3 0 6 6 0 0 1 283 40 149 17.4
6 0 0 0 0 6 2 284 286 22 196 12.46
2 0 1 1 2 1 1 284 43 207 16.19
2 0 8 6 10 0 1 287 45 164 18.59
5 0 3 3 0 2 1 287 23 173 11.39
1 0 0 0 8 6 1 287 40 149 20.93
1 0 0 0 0 0 0 47 173 17.25
1 0 0 0 0 0 3 289 290 291 0 96 10.6
7 0 0 0 0 6 3 296 297 298 1 182 11.22
10 0 0 0 0 10 3 301 308 317 1 117 15.99
10 0 0 2 0 0 2 292 304 1 154 10.84
4 0 2 0 0 0 3 293 302 312 11 178 19.16
1 0 0 10 0 0 2 294 295 15 156 16.49
10 0 0 5 0 0 2 296 313 16 174 12.02
5 0 0 0 0 10 2 300 308 16 107 13.08
3 1 0 0 0 0 3 303 309 311 26 195 10.78
3 0 3 0 0 0 1 299 8 173 16.74
1 0 0 0 1 0 1 305 8 169 18.34
9 0 6 0 0 0 3 305 307 315 11 105 14.9
5 1 0 0 0 0 3 306 310 316 21 124 16.73
6 0 0 8 0 0 3 303 310 315 11 110 14.72
8 0 0 0 0 1 2 305 307 15 127 15.94
4 1 0 0 0 0 1 316 29 138 15.3
9 0 6 0 0 0 2 311 312 11 125 14.8
3 1 0 0 0 0 2 309 311 23 162 15.48
10 0 2 0 0 0 3 307 313 314 26 193 10.72
10 0 0 1 0 0 1 317 36 209 16.28
3 1 0 0 0 0 2 310 315 21 159 14.78
7 1 0 0 0 0 1 314 29 183 13.25
3 0 0 6 0 0 2 313 314 26 125 10.83
4 1 0 0 0 0 1 318 29 145 14.85
3 0 0 7 0 0 1 317 20 153 17.07
5 0 0 3 0 0 1 318 36 192 15.56
10 0 0 4 0 0 1 318 36 195 13.83
1 1 0 0 0 0 1 316 24 113 15.5
2 1 0 0 0 0 1 319 33 153 17.63
1 0 0 0 5 0 1 319 46 206 17.29
9 0 0 0 7 0 1 319 46 162 16.73
1 0 0 0 0 0 0 55 212 19.67
1 0 0 0 0 0 3 321 322 323 0 131 11.9
5 0 8 2 2 10 3 324 330 339 1 130 11.28
6 0 9 8 3 8 3 325 336 338 1 118 14.92
4 0 6 3 10 3 3 327 329 331 1 137 19.62
3 0 5 6 3 9 3 326 328 334 6 103 18.69
3 0 9 5 9 3 2 326 328 7 135 11.73
10 0 3 5 4 1 1 332 10 182 12.85
9 0 6 10 8 4 2 333 337 5 113 13.42
2 1 0 0 0 0 1 343 10 116 18.55
1 0 2 3 2 3 1 333 5 169 18.43
4 0 4 6 2 6 1 341 6 105 16.51
5 0 3 2 5 7 1 335 5 122 19.05
7 0 6 6 4 6 1 348 20 193 11.89
10 0 8 9 2 4 1 350 14 115 14.72
5 0 5 8 5 1 1 345 9 162 10.91
2 1 0 0 0 0 3 337 340 345 10 132 12.09
2 1 0 0 0 0 3 343 346 348 7 129 17.87
6 0 7 10 9 3 1 347 14 125 16.62
4 0 8 6 6 1 1 341 7 153 13.29
9 0 3 5 6 6 2 342 346 6 118 12.63
9 0 3 7 5 5 1 342 12 172 14.09
2 0 9 2 4 9 1 344 11 145 16.87
4 0 7 6 9 1 1 350 21 185 11.7
3 1 0 0 0 0 1 345 12 141 20.67
2 0 3 6 1 6 1 350 13 105 18.44
3 0 8 1 8 5 1 347 15 155 18.09
9 1 0 0 0 0 1 349 15 120 13.36
6 0 1 1 1 5 1 349 20 151 14.15
6 0 1 10 1 3 1 351 27 171 15.1
2 0 9 7 10 9 1 351 26 130 18.48
4 0 9 5 3 6 1 351 25 116 17.84
1 0 0 0 0 0 0 33 140 15.96
1 0 0 0 0 0 3 353 354 355 0 118 14.8
6 0 9 9 10 8 3 359 362 363 1 99 12.4
7 0 9 1 6 0 3 357 374 375 1 107 18.39
4 0 5 0 8 4 3 356 357 361 1 173 14.59
8 0 0 6 0 1 3 358 364 366 5 175 17.45
1 0 8 9 5 4 3 376 378 380 8 158 19.05
8 0 1 10 9 0 3 360 365 370 13 153 19.81
6 0 2 3 0 10 1 377 7 100 14.8
8 0 0 4 4 2 3 368 369 373 21 164 15.9
8 0 9 0 7 3 2 362 367 5 104 18.17
1 0 9 7 7 6 1 370 13 114 10.6
1 0 2 6 10 1 3 366 368 372 7 145 16.52
6 0 9 6 0 0 3 373 379 382 13 161 18.2
6 0 1 0 8 3 1 371 21 154 17.06
5 0 9 9 0 0 1 374 13 114 15.16
3 0 4 1 3 10 3 369 372 378 13 159 14.74
7 1 0 0 0 0 1 375 29 158 12.19
4 1 0 0 0 0 1 377 29 146 14.55
5 0 7 0 10 5 2 371 372 21 162 13.77
8 0 3 2 10 5 2 375 376 27 199 18.35
7 1 0 0 0 0 2 373 382 26 197 15.0
8 1 0 0 0 0 1 374 33 171 13.19
10 0 8 9 0 4 2 377 381 41 140 14.99
5 0 0 0 2 10 1 379 36 208 18.77
3 0 6 0 10 3 1 382 35 149 18.13
8 0 7 10 0 5 1 380 51 193 16.98
4 0 6 0 0 7 1 381 16 106 20.28
2 0 8 0 10 3 1 381 41 178 15.65
8 0 4 3 1 4 1 383 59 188 17.14
9 0 8 0 5 5 1 383 51 168 18.53
3 0 0 4 8 9 1 383 38 143 12.32
1 0 0 0 0 0 0 67 166 10.79
1 0 0 0 0 0 3 385 386 387 0 135 19.39
2 0 5 0 0 0 2 389 401 1 168 12.93
10 0 5 0 0 0 3 388 398 405 1 108 16.65
10 0 0 4 0 0 2 392 397 1 145 17.73
8 0 0 7 0 0 3 393 399 401 11 167 18.76
4 0 0 0 9 0 3 390 394 396 3 169 15.76
7 0 0 0 0 2 2 391 406 7 174 14.03
6 0 0 9 0 0 1 400 14 141 18.08
5 0 0 2 0 0 2 404 410 11 116 13.0
7 1 0 0 0 0 2 397 409 19 170 14.58
2 0 0 1 0 0 3 395 398 414 7 112 20.07
10 0 0 7 0 0 3 402 407 413 9 161 20.73
5 0 9 0 0 0 2 397 402 7 141 20.53
2 0 0 6 0 0 3 407 411 413 26 152 19.16
2 0 0 0 4 0 2 403 413 11 122 12.38
8 0 0 0 0 8 2 406 409 19 158 17.03
1 1 0 0 0 0 2 412 414 20 145 19.07
10 0 0 1 0 0 3 404 406 410 19 198 12.87
8 0 0 0 0 4 2 403 408 19 173 18.84
4 1 0 0 0 0 1 404 27 189 15.35
3 0 0 0 0 9 1 409 31 130 17.57
6 0 0 5 0 0 1 408 11 111 16.16
8 1 0 0 0 0 2 408 414 29 145 20.09
6 1 0 0 0 0 1 410 28 155 12.48
10 0 0 0 0 10 1 411 37 139 14.47
9 0 0 0 0 10 1 411 34 210 15.67
3 0 0 0 5 0 1 412 34 205 20.85
6 0 0 1 0 0 1 412 47 157 16.04
1 0 2 0 0 0 1 415 53 188 20.89
7 0 0 0 0 9 1 415 28 145 15.21
10 0 0 0 10 0 1 415 37 142 13.83
1 0 0 0 0 0 0 54 197 12.47
1 0 0 0 0 0 3 417 418 419 0 171 19.78
7 0 3 10 7 0 3 426 430 434 1 129 12.8
2 0 4 0 0 0 3 423 425 427 1 154 19.16
4 0 0 0 0 4 3 420 421 422 1 167 13.43
7 0 4 8 0 0 1 425 5 144 19.5
9 0 0 8 1 3 3 433 435 438 5 109 19.1
6 0 2 0 7 7 3 424 440 441 5 121 15.08
3 0 0 9 2 2 3 436 442 444 3 154 16.61
5 0 4 9 0 0 1 428 11 173 11.98
9 0 0 0 10 1 2 435 438 12 122 12.44
9 0 8 7 0 0 2 427 428 8 147 18.66
6 1 0 0 0 0 2 429 431 17 129 16.33
1 0 0 0 1 0 1 436 17 190 20.39
1 0 0 0 0 1 3 432 438 439 23 191 13.6
4 0 0 2 3 4 3 435 441 445 8 151 15.39
3 1 0 0 0 0 1 432 23 182 12.93
2 1 0 0 0 0 1 443 26 161 14.44
3 0 8 7 0 0 2 434 437 14 103 14.83
6 1 0 0 0 0 1 439 17 175 15.15
6 0 3 6 0 2 3 436 437 444 21 135 15.94
9 0 10 0 0 3 1 446 27 193 15.35
6 0 0 2 0 0 1 442 27 197 12.82
6 1 0 0 0 0 2 440 445 24 174 20.22
3 1 0 0 0 0 2 443 445 24 179 15.14
8 0 10 0 2 2 1 442 30 128 13.16
5 0 5 10 9 0 1 443 12 162 14.7
4 0 0 7 4 0 1 446 38 178 15.92
1 0 0 0 9 5 2 444 446 28 173 12.62
1 0 9 9 0 6 1 447 29 180 19.15
5 0 0 7 3 0 1 447 30 179 16.34
5 0 0 0 0 3 1 447 42 149 20.39
1 0 0 0 0 0 0 47 138 17.18
1 0 0 0 0 0 3 449 450 451 0 108 11.53
8 0 9 1 8 9 3 463 465 466 1 165 19.13
2 0 7 10 5 2 3 453 460 462 1 156 12.24
6 0 8 6 10 10 3 452 454 475 1 145 20.2
10 0 10 7 1 4 2 455 459 7 115 15.22
1 0 5 3 8 7 3 456 459 470 3 101 18.26
8 0 5 7 7 3 2 461 464 7 162 17.93
6 1 0 0 0 0 2 463 465 17 111 14.87
8 0 9 1 1 9 2 457 458 4 131 13.18
8 0 7 6 7 10 1 464 12 115 10.93
1 0 7 4 6 2 1 476 12 109 19.85
1 0 6 4 8 10 3 465 466 473 17 136 12.77
4 0 1 5 8 2 3 474 475 478 3 142 20.14
3 0 5 4 6 3 2 462 469 15 114 15.58
4 1 0 0 0 0 2 470 477 18 169 19.66
5 0 2 8 6 4 2 470 477 23 149 12.8
7 1 0 0 0 0 3 466 468 471 20 115 10.58
6 0 1 5 8 10 2 467 472 23 141 16.38
5 1 0 0 0 0 1 472 27 150 17.31
6 0 1 10 2 2 1 471 29 135 12.3
10 1 0 0 0 0 1 473 27 137 15.45
8 0 5 2 8 3 2 472 473 18 178 13.41
8 0 4 5 8 5 1 471 28 204 17.32
2 0 1 10 5 9 1 478 36 138 10.9
8 0 1 8 4 9 1 474 32 126 16.4
4 0 7 6 7 9 3 474 477 478 37 184 17.65
2 0 8 1 8 10 1 476 41 152 18.21
10 0 6 1 4 5 1 476 7 107 13.68
6 0 5 8 9 8 1 479 43 206 14.9
9 0 7 10 3 6 1 479 41 169 19.4
7 0 10 3 3 2 1 479 41 151 14.45
1 0 0 0 0 0 0 50 185 20.65
1 0 0 0 0 0 3 481 482 483 0 173 13.09
1 0 1 8 7 0 3 484 485 489 1 114 16.24
6 0 0 0 9 9 1 505 1 125 12.72
10 0 1 10 0 3 3 488 493 496 1 144 13.31
10 0 9 5 9 8 2 487 503 2 140 20.63
2 0 0 1 1 7 3 486 490 494 2 131 18.2
9 0 3 2 9 7 2 501 504 4 121 15.01
9 0 5 8 10 6 2 498 506 12 113 20.68
7 0 0 6 6 9 1 500 11 161 18.13
5 0 0 1 10 6 3 491 492 495 2 120 11.4
5 0 0 3 8 8 2 501 504 4 156 16.95
1 0 0 1 0 10 1 510 7 156 18.57
9 0 7 0 1 0 1 506 7 146 13.0
6 0 8 6 2 9 1 497 11 152 18.0
7 0 2 6 6 0 1 509 4 148 13.75
4 0 0 2 0 8 1 499 7 182 17.79
4 0 9 5 2 1 1 509 11 152 15.52
9 0 9 3 4 5 1 507 17 139 16.66
1 1 0 0 0 0 2 500 508 21 193 13.08
8 0 6 1 6 0 1 504 11 169 17.35
3 0 6 1 0 9 2 502 507 22 190 17.3
2 0 4 6 4 5 1 509 13 169 18.56
5 1 0 0 0 0 1 505 25 176 12.8
3 0 0 7 9 0 2 505 507 12 107 20.81
1 1 0 0 0 0 1 508 19 154 15.7
10 0 2 4 0 10 1 510 30 207 12.14
8 1 0 0 0 0 1 508 21 133 18.82
1 1 0 0 0 0 1 510 26 194 19.91
5 0 5 8 6 6 1 511 29 128 13.15
7 0 9 2 6 3 1 511 15 109 18.96
8 0 0 10 10 3 1 511 40 175 14.91
1 0 0 0 0 0 0 48 186 15.66
1 0 0 0 0 0 3 513 514 515 0 111 18.7
4 0 0 5 5 4 3 517 531 535 1 168 20.42
2 0 5 0 2 0 1 522 1 170 14.08
8 0 0 0 4 0 3 516 530 534 1 97 15.22
1 0 3 5 10 3 1 520 9 180 14.97
8 0 0 0 1 2 3 518 519 523 5 103 15.81
4 0 0 0 0 2 3 520 521 524 13 180 20.25
10 0 9 0 10 5 2 526 541 13 138 17.62
10 0 8 1 0 6 2 525 528 17 151 13.69
8 0 4 0 0 0 2 532 540 17 185 18.82
3 0 0 0 0 2 1 535 3 103 20.72
10 0 5 8 9 0 1 534 13 159 18.56
1 0 8 5 0 0 2 525 532 17 179 13.44
3 1 0 0 0 0 3 527 539 542 27 133 14.82
2 0 2 3 2 0 2 527 539 23 128 20.62
5 0 10 0 0 0 1 533 30 180 14.52
6 1 0 0 0 0 3 529 533 536 27 159 12.48
4 1 0 0 0 0 1 537 33 161 19.33
1 0 0 0 3 1 3 531 533 535 9 100 20.16
4 0 0 1 0 1 3 532 536 537 10 115 15.46
2 1 0 0 0 0 2 541 542 25 146 12.86
2 0 0 0 6 0 1 540 35 135 19.32
6 1 0 0 0 0 1 538 23 133 14.42
7 0 0 10 0 0 3 536 537 542 10 122 15.86
5 1 0 0 0 0 2 538 541 33 180 20.1
5 0 10 0 0 3 1 538 37 208 15.13
5 0 7 0 2 0 1 539 42 182 18.1
4 0 0 8 0 7 1 540 47 206 14.01
10 0 6 0 0 8 1 543 51 157 12.32
3 0 0 0 9 10 1 543 38 178 11.31
3 0 0 5 0 0 1 543 30 177 18.33
1 0 0 0 0 0 0 61 161 10.87
88.81 92.21 69.54 66.9 79.78 94.61 130.46 109.44 91.87 51.48 38.02 50.01 84.3 110.22 100.41 142.84 166.99 139.0 250.0 196.34 152.6 125.0 103.11 84.39 103.63 102.38 99.68 95.61 79.55 108.35 125.43 118.18 111.65 120.75 46.91 55.34 74.14 76.35 68.17 54.37 100.0 120.99 135.0 101.96 138.44 120.24 165.03 130.94 82.97 74.81 73.34 72.05 73.82 80.55 105.72 112.01 98.44 72.08 25.74 15.77 27.37 26.51 57.69 66.84 74.29 89.11 113.92 149.24 198.96 240.25 170.94 124.57 119.95 108.09 103.39 99.91 100.02 104.51 120.14 121.01 106.79 96.87 88.26 81.57 70.5 69.41 68.33 80.0 97.39 104.45 125.0 158.95 169.86 147.17 108.36 89.68 74.97 69.34 67.91 73.25 75.68 84.35 105.58 113.2 107.7 91.16 79.18 67.45 55.25 74.77 91.97 97.56 92.63 82.01 87.88 100.72 119.73 134.89 125.79 106.69 92.87 89.72 82.18 76.9 70.45 75.65 74.53 58.98 27.8 2.34 0.01 0.3 1.26 2.25 -0.56 1.22 28.15 49.77 72.37 105.52 116.65 125.28 119.83 103.5 95.07 89.42 89.66 86.82 85.28 85.3 86.37 75.58 47.91 2.03 0.0 -0.27 -4.95 -16.56 -2.44 0.0 -0.49 27.22 95.0 102.14 111.98 118.07 113.73 101.0 98.73 89.03 85.03 84.13 86.44 97.23 114.67 111.75 104.99 98.14 87.73 61.18 22.74 19.98 26.65 62.54 82.65 98.25 110.14 178.94 283.1 233.0 157.0 122.65 111.28 97.24 89.1 88.32 90.01 98.78 114.97 120.28 110.76 82.71 77.22 68.74 50.5 50.48 70.87 78.41 90.8 102.81 152.08 302.22 465.66 394.02 240.15 145.09 119.29 102.77 92.54 92.08 90.99 99.87 115.32 110.16 104.52 90.96 80.28 80.01 48.71 34.31 56.97 72.39 82.1 98.79 135.44 260.22 305.31 186.0 134.93 110.34 99.18 86.46 79.0 78.93 80.88 88.52 104.49 107.47 104.9 90.45 75.06 57.35 42.16 45.4 67.55 79.9 90.61 110.0 117.42 145.01 190.85 166.78 132.8 113.97 109.25 104.54 101.31 98.39 103.62 106.63 122.6 116.65 100.0 91.15 70.01 65.86 20.419999999999998 21.814999999999998 32.535 40.96 59.57 92.505 103.25 136.76999999999998 163.07999999999998 147.10500000000002 123.60000000000001 110.41499999999999 109.95 102.16 100.46 97.16 95.93 88.11 85.74 44.95 17.86 3.34 0.0 -0.09 -1.32 -1.77 -2.48 2.02 28.53 75.01 89.08 128.53 135.31 127.43 114.4 106.86 96.9 91.8 90.47 106.23 110.68 86.01 77.67 76.72 69.32 36.45 19.3 15.7 13.66 7.48 12.07 51.12 75.13 102.96 114.0 134.18 148.04 138.91 124.28 109.99 118.61 106.45 101.44 98.81 100.99 110.05 134.2 143.67 149.08 132.38 110.37 109.41 90.85 97.69 99.79 85.42 114.43 105.42 109.84 142.85 151.22 131.88 110.4 91.46 104.19 94.75 89.95 88.99 89.44 93.67 111.41 118.73 116.13 91.29 83.34 81.26 86.08 79.91 76.02 74.34 84.79 92.57 89.0 112.47 128.72 119.55 115.9 100.0 95.1 83.93 80.72 81.43 81.54 94.05 113.66 116.46 114.08 96.59 84.68 77.34 63.67 46.02 36.98 49.8 76.89 81.48 101.47 118.11 138.09 137.6 117.58 104.57 100.91 95.73 89.1 86.4 87.77 98.5 107.29 107.57 104.93 88.28 79.62 65.33 45.17 39.34 39.25 56.39 76.55 86.99 100.03 112.59 132.34 132.27 120.31 107.33 103.55 98.01 93.32 89.8 90.67 95.58 104.78 102.99 101.96 92.19 81.38 71.53 61.66 41.05 32.04 50.0 70.94 95.0 105.88 112.89 120.83 117.01 109.68 103.13 112.0 104.43 103.56 97.52 93.47 89.89 85.09 87.79 82.96 60.06 18.19 3.0 0.22 0.0 0.0 0.22 23.08 71.54 106.94 110.28 119.41 123.65 125.0 115.42 115.05 108.56 107.78 106.85 104.04 100.25 95.11 91.59 79.26 36.95 4.28 0.05 0.0 0.0 0.0 0.0 2.32 71.81 102.22 115.58 122.12 128.07 126.94 115.63 113.78 103.11 97.31 93.57 97.3 108.18 117.87 119.7 103.12 87.75 81.22 77.69 71.95 65.01 58.01 67.28 85.23 99.88 117.0 150.05 186.21 164.52 128.73 114.94 107.59 102.64 92.71 88.22 87.18 93.0 110.69 113.26 106.74 90.29 76.31 64.27 61.73 49.76 50.47 64.91 83.37 100.22 117.11 136.16 147.62 144.83 120.52 110.6 97.93 92.89 85.63 82.27 82.94 88.98 106.05 112.86 111.66 103.18 88.93 85.5 82.8 81.76 78.61 83.81 91.1 95.54 105.52 125.0 143.17 134.85 116.44 108.94 105.09 100.09 91.7 89.3 90.21 93.89 108.91 114.11 105.92 93.1 85.0 77.07 70.17 67.76 57.1 71.34 88.48 94.73 112.75 128.76 139.96 134.5 125.07 114.18 107.84 99.69 96.24 96.29 97.95 107.46 116.86 115.82 109.4 97.77 84.84 82.01 80.0 73.02 71.2 72.68 87.65 91.87 101.9 120.0 142.41 139.5 124.58 111.94 103.49 104.13 102.01 99.65 96.93 95.73 97.07 86.1 78.11 52.32 10.0 0.65 0.0 -0.01 0.0 4.09 40.39 84.6 106.66 115.13 120.72 111.15 105.48 98.02 98.1 88.55 91.3 99.42 99.81 96.71 95.24 78.03 74.6 40.61 8.52 1.96 0.0 -0.01 0.0 8.53 69.88 94.7 104.51 115.63 122.54 126.75 117.31 108.24 91.62 84.97 84.12 83.96 84.96 94.24 116.33 123.34 118.99 105.0 97.67 93.45 84.94 83.84 82.95 84.94 92.6 103.86 119.85 145.57 111.39 113.65 101.91 99.9 90.37 87.53 84.89 82.27 83.7 91.4 109.11 108.66 100.22 91.99 83.17 70.01 64.53 23.99 12.57 42.89 69.94 87.04 112.05 135.55 99.43 106.55 101.3 101.58 93.63 88.67 88.96 84.58 88.72 93.04 95.34 102.74 96.5 82.81 70.63 76.77 69.62 69.5 69.06 70.66 82.27 95.45 122.48 181.21 176.27 93.76 98.89 100.0 97.21 99.22 94.6 93.45 95.37 102.99 110.98 115.44 109.36 96.42 89.86 85.09 82.69 83.21 84.56 89.86 98.56 105.66 106.58 110.0 102.96 123.04 107.47 106.47 109.66 104.06 98.39 94.29 98.85 99.2 110.0 112.29 110.94 98.44 94.93 85.24 83.33 80.31 78.77 86.34 91.55 92.77 116.96 137.6 183.66 135.21 105.39 107.18 108.78 103.92 94.8 96.0 96.45 97.0 98.78 97.23 88.72 87.08 81.02 76.61 67.54 63.14 62.17 71.96 85.2 100.69 92.47 93.86 100.81 115.0 113.62 107.99 102.03 97.0 92.48 89.38 90.06 87.17 87.86 85.6 80.85 80.1 77.09 71.24 46.2 15.04 8.85 17.66 47.08 81.86 82.62 90.79 94.59 115.47 110.0 102.57 97.87 87.02 82.24 80.38 80.8 86.2 105.62 116.88 118.42 108.0 100.75 93.19 84.1 80.21 72.36 77.93 80.45 90.43 88.61 90.9 94.03 99.18 99.56 93.52 88.51 85.86 84.7 84.05 86.25 95.18 101.38 108.9 96.98 82.12 68.77 56.28 25.06 8.95
