544 5
1 33 38 39 44
1 0 0 0 0 0 3 1 2 3 0 211 14.51
9 0 4 6 9 8 3 15 16 27 1 214 8.46
10 0 2 3 6 10 3 4 6 9 1 125 14.01
6 0 3 7 8 8 3 5 16 22 1 119 14.91
6 0 5 1 7 4 3 7 11 12 11 145 15.17
8 0 7 10 6 7 3 14 20 24 7 153 13.76
3 0 10 10 9 4 2 8 25 11 125 10.77
10 0 2 4 7 3 3 22 25 29 17 213 13.91
5 0 8 6 3 1 3 10 13 20 14 130 10.18
8 0 6 10 10 4 1 15 11 199 14.43
10 0 2 4 2 8 1 21 19 187 14.96
5 0 1 6 6 7 1 18 17 166 16.1
10 0 4 7 10 8 1 18 17 157 12.48
5 0 5 1 1 9 2 15 26 19 144 12.61
10 0 10 6 1 7 1 23 15 204 10.77
6 0 1 4 6 6 1 30 24 239 16.06
7 1 0 0 0 0 2 17 30 10 190 15.49
5 1 0 0 0 0 3 21 23 25 17 165 13.11
8 1 0 0 0 0 3 19 21 23 27 149 15.17
9 0 6 9 1 3 2 22 24 35 186 9.89
6 1 0 0 0 0 2 26 27 19 210 8.52
5 0 7 3 4 5 1 24 35 210 11.84
5 0 9 4 2 5 2 27 30 44 250 16.09
1 0 5 10 3 2 2 28 29 35 159 9.63
7 0 9 7 6 3 1 26 44 183 8.57
2 0 2 3 7 10 1 28 27 235 12.28
3 0 6 7 3 8 1 29 51 218 15.46
4 0 8 5 1 5 1 28 49 200 15.94
6 0 9 7 2 6 1 31 53 261 9.58
5 0 6 3 2 2 1 31 54 205 11.71
6 0 2 10 10 9 1 31 49 165 16.44
1 0 0 0 0 0 0 59 177 8.46
1 0 0 0 0 0 3 33 34 35 0 226 14.2
4 0 0 0 10 6 2 38 42 1 196 10.61
6 0 6 0 0 3 2 44 57 1 135 10.07
5 0 0 2 0 0 3 36 49 51 1 120 9.65
5 0 0 0 0 9 2 37 39 6 221 12.12
5 0 0 0 1 9 3 40 43 46 11 179 15.36
8 0 0 4 0 7 1 45 5 193 14.25
8 0 1 1 0 8 2 41 56 11 135 10.16
7 0 7 0 0 3 1 48 16 156 12.13
1 1 0 0 0 0 1 53 19 155 9.01
4 0 7 9 10 0 3 50 56 59 5 189 13.22
5 0 10 7 8 7 2 47 62 16 161 13.96
4 0 7 0 0 0 1 46 7 214 14.43
6 0 0 0 10 5 2 52 55 13 167 11.89
10 0 0 4 7 0 1 52 16 234 15.83
2 0 0 10 0 8 3 52 56 59 21 176 13.32
5 0 0 4 4 5 1 50 23 142 13.51
6 1 0 0 0 0 1 53 6 191 12.09
8 0 0 0 10 8 1 54 28 195 14.18
10 0 10 0 0 0 1 60 6 139 8.35
8 1 0 0 0 0 1 58 26 201 11.81
7 1 0 0 0 0 1 59 20 217 9.99
7 0 0 7 0 0 1 61 36 204 12.11
7 0 10 3 0 10 1 58 19 175 8.95
7 1 0 0 0 0 1 57 23 144 13.02
10 0 7 0 0 0 2 58 60 30 230 11.62
10 0 0 2 6 0 1 61 40 262 13.26
10 0 7 0 0 7 1 61 27 248 13.94
3 0 7 0 0 5 1 63 40 226 14.81
9 0 9 5 0 8 1 63 50 270 13.24
1 1 0 0 0 0 1 63 21 200 15.7
1 0 0 0 0 0 0 59 187 8.34
1 0 0 0 0 0 3 65 66 67 0 159 11.79
5 0 3 0 0 0 3 70 73 79 1 193 11.87
2 0 0 9 0 0 3 68 75 79 1 153 8.25
5 0 0 1 0 0 3 68 69 71 1 192 8.68
6 0 0 7 0 0 3 73 87 93 6 146 12.86
7 0 0 0 1 0 3 74 76 78 6 211 12.32
8 0 0 0 0 2 3 75 76 81 6 211 14.73
1 0 0 0 0 9 3 72 76 86 6 231 12.3
7 0 0 1 0 0 3 75 81 83 7 158 13.42
5 0 0 0 0 2 1 84 12 223 15.32
6 0 0 0 5 0 3 77 79 81 13 197 15.42
9 0 0 0 0 3 2 82 88 14 195 16.25
5 0 0 0 0 10 1 83 14 158 9.16
10 0 0 0 0 2 1 84 19 140 16.36
8 0 10 0 0 0 3 83 89 90 13 211 9.98
5 0 2 0 0 0 3 80 85 87 19 177 10.89
7 1 0 0 0 0 3 82 84 88 24 238 16.41
2 0 0 8 0 0 3 82 85 87 19 140 10.89
8 1 0 0 0 0 3 90 91 93 31 155 10.31
2 1 0 0 0 0 2 85 93 21 174 11.74
4 1 0 0 0 0 1 86 31 243 9.03
5 0 0 0 0 7 2 91 94 24 221 14.78
8 0 8 0 0 0 2 89 92 35 228 16.12
7 0 0 6 0 0 1 88 24 222 12.03
7 1 0 0 0 0 3 89 90 91 31 239 9.0
3 0 0 4 0 0 1 94 43 242 16.5
5 0 0 4 0 0 2 92 94 39 154 9.3
1 1 0 0 0 0 1 92 39 231 11.87
5 0 0 0 10 0 1 95 44 248 14.91
3 0 0 6 0 0 1 95 39 232 15.89
10 0 6 0 0 0 1 95 46 251 14.82
1 0 0 0 0 0 0 56 267 11.14
1 0 0 0 0 0 3 97 98 99 0 144 16.01
8 0 2 3 3 8 3 100 117 121 1 189 8.74
5 0 2 3 0 1 3 105 116 126 1 118 12.3
9 0 7 0 0 0 3 103 104 107 1 196 14.23
3 0 5 1 0 1 3 101 111 122 9 135 14.58
6 0 4 8 1 0 2 102 113 12 183 11.93
8 1 0 0 0 0 2 104 120 18 145 11.17
8 0 0 0 0 5 3 109 112 125 10 158 10.57
10 0 5 0 0 0 3 110 118 124 26 146 13.0
1 0 0 7 0 0 3 106 108 110 6 127 11.98
5 0 2 3 0 0 2 112 120 7 127 8.31
7 0 10 6 0 8 2 114 117 10 134 8.9
10 0 0 0 4 0 1 122 7 207 8.38
3 1 0 0 0 0 2 117 120 18 231 12.25
2 0 7 7 0 0 1 125 36 232 12.01
6 0 3 10 0 4 2 113 115 12 190 8.32
4 1 0 0 0 0 2 119 121 18 205 12.47
5 0 10 0 3 0 2 114 123 18 144 14.98
6 1 0 0 0 0 1 118 23 200 10.71
6 1 0 0 0 0 3 116 118 125 18 193 8.8
7 1 0 0 0 0 1 119 24 145 10.41
3 1 0 0 0 0 2 119 126 21 170 9.87
8 0 3 0 3 5 1 126 36 213 14.97
8 0 0 0 7 0 1 123 31 162 12.0
4 0 3 8 0 0 1 123 26 233 15.79
2 1 0 0 0 0 1 122 22 143 11.21
3 0 0 0 0 2 1 124 24 204 16.13
5 0 1 7 9 0 1 124 39 179 14.53
3 0 0 0 9 7 1 127 44 186 13.75
2 0 0 5 0 8 1 127 38 209 8.9
8 0 0 0 0 2 1 127 44 256 9.77
1 0 0 0 0 0 0 52 254 13.38
1 0 0 0 0 0 3 129 130 131 0 128 11.11
1 0 6 3 1 6 3 134 141 145 1 205 10.15
2 0 6 5 9 6 2 133 136 1 126 9.94
6 0 4 9 5 7 3 132 140 145 1 181 15.38
3 0 9 2 5 10 3 133 135 137 7 149 12.11
2 0 3 5 6 9 3 147 148 149 10 140 13.66
10 0 7 7 3 1 3 138 144 158 2 150 11.28
7 0 9 9 9 8 3 139 142 143 10 129 10.43
3 0 2 8 1 5 3 145 151 152 3 125 12.8
4 0 4 6 9 9 2 141 142 10 186 10.84
5 0 8 5 5 9 3 142 143 152 12 185 9.76
2 0 3 8 6 5 2 144 149 17 205 13.29
2 0 9 4 4 8 3 143 150 158 7 153 15.01
7 0 2 9 4 8 3 144 148 149 14 179 15.6
1 0 5 8 2 1 1 146 17 145 11.25
4 0 3 1 9 6 2 146 153 17 136 11.21
3 1 0 0 0 0 3 147 150 151 21 135 14.9
7 0 3 5 6 7 3 146 153 158 7 125 14.02
5 1 0 0 0 0 3 147 148 154 21 197 16.49
2 1 0 0 0 0 2 156 157 26 151 12.44
3 1 0 0 0 0 1 157 26 171 12.07
6 1 0 0 0 0 3 150 151 152 21 150 12.05
8 1 0 0 0 0 1 153 27 217 11.0
9 0 8 9 9 7 2 155 156 27 172 10.29
2 0 8 4 10 2 1 154 27 224 14.46
7 0 10 6 8 2 2 154 156 35 193 13.74
2 0 8 1 4 5 1 155 42 254 10.61
4 0 3 3 10 3 1 157 44 263 14.66
10 0 5 5 7 5 1 159 42 236 16.49
7 0 1 3 3 4 1 159 48 184 9.55
6 0 7 6 2 5 1 159 14 159 11.41
1 0 0 0 0 0 0 55 232 8.38
1 0 0 0 0 0 3 161 162 163 0 174 16.08
4 0 5 6 7 7 3 169 171 179 1 173 12.48
5 0 8 7 6 10 3 165 175 181 1 196 14.82
3 0 6 9 4 6 2 164 165 1 228 14.97
6 0 8 2 10 4 3 168 171 178 4 191 10.79
6 0 5 6 4 10 3 166 169 170 6 155 9.8
1 0 7 5 10 6 3 167 176 179 12 128 16.34
1 0 4 9 8 9 3 174 177 186 13 131 13.63
10 0 8 4 1 7 3 175 179 181 10 174 10.23
5 0 4 6 6 5 3 172 174 184 12 159 8.41
6 0 2 10 1 9 3 172 182 183 12 220 13.79
5 0 3 1 9 4 3 172 175 183 10 203 8.38
3 1 0 0 0 0 3 173 176 188 18 138 14.71
9 0 1 6 8 7 2 186 189 21 189 16.1
9 1 0 0 0 0 3 182 188 190 17 177 12.61
7 1 0 0 0 0 3 176 177 187 20 241 16.12
9 0 3 2 5 6 3 180 185 189 27 202 10.66
6 0 1 9 1 10 1 184 27 178 15.61
2 0 4 3 8 10 2 180 181 10 215 10.97
4 1 0 0 0 0 2 180 182 20 193 12.74
1 0 5 2 9 5 1 186 36 240 16.48
4 0 10 7 1 1 3 183 184 187 20 168 12.82
9 0 3 1 3 4 1 187 26 213 11.4
9 0 2 7 10 4 1 185 24 151 14.63
4 0 2 2 5 9 2 185 188 33 247 12.04
3 0 9 5 2 7 1 190 37 168 12.14
6 0 5 6 9 9 1 190 37 239 8.75
8 0 1 9 7 3 1 189 35 156 13.96
4 0 2 7 10 8 1 191 37 253 8.6
2 0 6 9 4 5 1 191 43 232 13.46
1 0 9 6 7 9 1 191 43 214 13.29
1 0 0 0 0 0 0 45 204 14.03
1 0 0 0 0 0 3 193 194 195 0 168 15.77
9 0 10 6 9 4 3 196 202 214 1 199 10.65
6 0 8 8 2 5 3 209 210 216 1 137 15.93
10 0 1 1 3 4 3 197 198 204 1 229 10.15
3 0 3 9 8 8 3 199 201 216 10 183 15.78
1 0 7 3 9 9 2 211 217 11 205 15.14
9 0 6 2 8 6 3 200 201 205 11 175 11.52
6 0 2 8 8 8 1 208 13 131 10.91
5 1 0 0 0 0 2 210 213 20 221 14.02
2 1 0 0 0 0 3 217 219 221 20 215 11.43
6 0 2 2 6 1 2 203 204 10 136 13.65
1 0 10 3 2 10 1 220 16 215 14.71
3 0 10 10 8 6 2 206 211 16 162 15.58
9 0 5 10 9 6 3 207 209 216 20 167 16.21
1 1 0 0 0 0 2 208 212 19 173 12.98
2 0 8 6 4 10 2 213 215 29 188 11.6
10 1 0 0 0 0 1 209 20 183 11.45
4 1 0 0 0 0 2 215 221 30 247 14.71
6 0 2 10 1 3 1 221 25 147 10.96
4 1 0 0 0 0 1 219 19 209 13.65
7 0 1 6 4 4 2 215 218 20 217 15.4
2 1 0 0 0 0 3 214 218 222 31 232 12.17
8 0 8 8 1 1 1 219 33 219 14.21
10 0 9 4 9 9 1 222 34 239 8.7
6 1 0 0 0 0 2 217 218 29 212 11.69
2 1 0 0 0 0 1 222 35 236 11.47
9 0 2 1 4 2 1 220 35 205 10.11
10 0 6 8 1 4 1 220 41 222 12.37
4 0 5 7 3 10 1 223 51 202 10.6
9 0 5 6 6 4 1 223 34 153 15.78
5 0 3 4 2 3 1 223 44 180 14.08
1 0 0 0 0 0 0 55 228 11.7
1 0 0 0 0 0 3 225 226 227 0 161 12.47
2 0 0 6 8 9 3 233 234 252 1 160 8.72
4 0 0 2 0 0 3 228 245 246 1 161 15.6
5 0 4 0 0 0 3 229 230 239 1 169 9.33
6 0 4 0 0 0 3 232 235 254 5 144 14.95
10 0 0 0 0 5 3 231 232 237 6 194 8.29
9 0 0 7 4 0 2 248 249 6 192 11.09
3 0 1 0 9 3 2 241 244 16 184 10.01
1 0 6 9 0 5 3 242 247 252 16 229 12.67
10 0 0 7 7 10 1 236 3 205 10.36
4 0 6 9 0 0 3 243 246 249 3 153 12.44
9 1 0 0 0 0 2 252 253 11 139 14.47
8 0 5 0 7 0 3 238 240 244 13 196 12.99
8 0 10 6 0 0 2 238 254 16 237 12.3
8 0 0 7 8 10 1 251 24 202 13.02
9 0 10 0 5 4 2 244 253 6 166 8.42
5 0 0 2 0 8 2 242 247 21 232 15.87
1 0 4 0 0 0 2 242 245 19 187 13.55
2 1 0 0 0 0 2 243 250 26 156 12.62
8 1 0 0 0 0 1 248 28 251 12.74
3 0 0 7 0 0 1 254 21 198 13.37
6 0 9 0 0 2 2 247 248 20 208 11.41
2 0 0 4 0 0 1 250 7 224 14.47
9 1 0 0 0 0 1 249 26 164 10.91
8 0 3 3 0 6 1 251 36 220 11.33
1 1 0 0 0 0 1 250 35 238 10.06
8 0 10 0 0 0 1 251 36 171 11.21
6 0 8 0 0 8 1 253 44 208 10.46
8 0 2 0 7 0 1 255 20 167 12.84
9 0 8 8 0 8 1 255 50 186 9.9
10 1 0 0 0 0 1 255 24 243 14.85
1 0 0 0 0 0 0 59 246 16.44
1 0 0 0 0 0 3 257 258 259 0 132 11.75
6 0 4 3 7 1 3 261 265 285 1 207 14.21
8 0 9 7 9 4 2 270 271 1 129 11.14
2 0 7 3 7 5 3 260 262 267 1 161 9.06
6 0 8 10 3 6 1 275 3 152 10.15
1 0 5 8 10 6 2 264 276 7 163 8.54
7 0 7 10 8 9 3 263 266 271 3 183 14.36
9 0 7 10 1 4 3 269 273 279 10 214 8.31
1 0 4 6 8 3 3 272 273 284 8 151 13.7
5 0 3 3 2 8 1 268 7 189 12.94
3 0 6 1 1 7 2 268 275 10 135 13.4
6 0 8 9 1 2 1 277 3 160 15.34
1 0 8 3 6 3 1 280 13 213 13.01
8 1 0 0 0 0 1 276 19 232 8.36
5 0 6 6 1 10 1 285 9 159 12.58
4 0 9 6 4 4 1 274 10 127 16.48
3 1 0 0 0 0 1 283 9 204 10.72
7 0 5 3 5 2 1 278 19 153 11.45
7 0 4 7 3 8 2 276 278 14 136 13.71
1 1 0 0 0 0 1 281 13 225 14.93
1 1 0 0 0 0 1 282 27 239 12.52
4 1 0 0 0 0 1 281 9 142 13.84
2 0 3 7 6 8 1 286 26 243 15.35
8 0 7 7 2 4 1 285 19 176 9.21
4 0 7 9 8 9 1 281 14 218 13.94
7 1 0 0 0 0 2 282 284 18 167 16.31
5 0 6 4 1 6 1 283 28 183 12.49
9 0 10 10 6 10 1 286 33 172 13.28
3 0 9 8 9 2 1 287 25 168 15.09
1 0 2 4 8 4 1 287 27 182 15.5
9 0 3 1 2 4 1 287 42 253 15.44
1 0 0 0 0 0 0 51 218 10.64
1 0 0 0 0 0 3 289 290 291 0 205 8.85
10 0 0 0 0 7 2 310 317 1 126 13.5
6 0 0 4 0 0 3 292 311 316 1 197 15.62
2 0 6 0 0 0 3 293 295 305 1 139 16.4
9 0 0 0 10 0 2 297 304 7 202 12.49
7 0 0 10 0 0 3 294 296 316 3 146 13.96
7 0 0 9 0 0 2 297 312 10 135 12.44
9 0 0 0 3 0 1 298 3 231 9.98
4 0 0 0 0 3 3 300 301 309 10 228 9.87
2 0 0 0 5 0 3 300 307 314 17 158 15.62
3 0 0 0 5 0 3 299 308 313 12 198 11.84
10 0 0 9 0 0 3 300 303 311 15 144 14.63
7 1 0 0 0 0 1 317 25 172 15.31
4 0 0 0 3 0 2 302 312 14 188 16.02
6 0 0 4 0 0 2 310 317 18 161 9.26
6 1 0 0 0 0 2 314 316 25 165 15.0
5 0 0 0 0 4 3 307 309 313 16 204 16.44
6 0 0 10 0 0 3 306 309 310 3 179 13.41
4 0 3 0 0 0 2 307 308 9 178 15.07
1 1 0 0 0 0 1 315 21 206 13.78
9 0 2 0 0 0 1 311 15 192 12.95
2 0 0 8 0 0 1 312 21 150 12.96
2 1 0 0 0 0 1 313 24 169 12.71
2 1 0 0 0 0 1 318 25 196 11.09
5 1 0 0 0 0 1 315 23 208 11.92
10 0 0 0 0 10 1 314 26 200 9.52
9 0 0 0 6 0 1 315 36 260 11.07
5 0 9 0 0 0 1 318 45 236 12.88
3 0 9 0 0 0 1 319 31 180 11.99
1 1 0 0 0 0 1 319 32 155 13.6
2 0 0 0 8 0 1 319 50 214 12.06
1 0 0 0 0 0 0 52 232 9.95
1 0 0 0 0 0 3 321 322 323 0 133 11.64
10 0 0 3 0 6 3 324 326 331 1 202 12.56
8 0 7 0 4 7 3 324 325 333 1 227 11.78
5 0 3 1 7 9 3 324 325 336 1 174 14.71
2 0 1 5 7 8 2 341 348 11 183 12.99
5 0 5 3 9 5 3 327 328 338 9 229 10.09
10 0 1 3 8 7 2 327 333 11 195 13.1
3 1 0 0 0 0 3 330 334 341 21 191 9.19
6 0 10 9 5 10 1 329 14 146 16.06
4 0 1 0 0 6 3 332 335 337 20 220 9.69
4 1 0 0 0 0 2 337 345 24 183 10.42
10 0 2 7 10 1 3 336 337 342 11 173 15.16
2 1 0 0 0 0 3 340 344 347 24 178 14.6
2 1 0 0 0 0 3 335 336 339 21 229 14.86
1 0 0 9 10 10 3 339 342 344 24 211 14.33
10 0 3 4 9 0 1 342 24 225 13.95
7 0 9 10 0 8 3 338 341 343 23 235 8.9
1 1 0 0 0 0 3 339 340 343 28 248 12.11
6 1 0 0 0 0 3 340 345 348 30 164 14.41
6 1 0 0 0 0 1 346 29 155 15.32
2 1 0 0 0 0 1 346 36 231 13.83
9 1 0 0 0 0 3 344 346 347 30 213 11.37
7 0 8 0 1 2 2 343 349 34 149 16.04
5 0 0 0 9 9 2 347 348 41 166 9.08
8 0 0 9 3 0 2 345 350 39 262 13.94
9 0 2 0 10 7 1 349 47 166 8.43
9 0 0 5 3 6 2 349 350 39 164 10.95
9 0 7 0 7 5 1 350 46 212 16.0
7 0 3 1 10 1 1 351 46 268 14.7
2 0 1 0 8 0 1 351 56 183 11.55
3 0 0 7 9 8 1 351 55 167 14.85
1 0 0 0 0 0 0 58 168 13.87
1 0 0 0 0 0 3 353 354 355 0 139 14.19
10 0 0 10 0 0 3 359 375 379 1 162 8.68
3 0 0 0 6 0 3 357 364 366 1 197 13.35
10 0 0 0 0 4 3 356 358 359 1 128 10.08
4 0 0 0 0 8 3 360 364 365 11 220 13.36
10 0 0 9 0 0 3 367 370 373 4 125 13.92
10 0 0 0 4 0 3 361 362 363 11 146 16.36
3 0 0 0 0 8 3 364 369 377 11 194 13.88
3 0 0 0 9 0 3 367 369 379 15 220 15.65
8 0 0 4 0 0 2 366 373 21 191 8.81
8 0 0 0 6 0 2 368 373 21 175 15.72
7 1 0 0 0 0 3 368 369 376 21 171 9.29
1 0 0 0 0 4 2 367 382 15 129 12.48
10 0 0 0 0 4 3 371 376 378 15 200 13.64
7 0 0 0 0 8 3 368 370 374 29 247 15.59
3 0 10 0 0 0 1 372 18 148 14.1
10 1 0 0 0 0 3 371 375 382 36 221 14.09
4 1 0 0 0 0 3 372 374 382 28 149 8.45
4 0 0 10 0 0 3 371 372 375 36 158 15.43
10 0 0 0 6 0 1 379 46 200 12.6
7 0 0 0 0 7 1 378 40 164 9.71
10 1 0 0 0 0 3 374 376 378 29 187 13.93
10 0 8 0 0 0 2 380 381 39 163 9.31
4 0 0 0 6 0 2 377 380 46 199 16.18
2 1 0 0 0 0 1 377 39 199 8.82
1 0 0 0 10 0 1 381 50 177 14.46
7 0 6 0 0 0 1 381 47 256 8.91
2 0 0 3 0 0 1 380 56 235 15.13
2 0 0 0 9 0 1 383 58 189 11.47
10 0 0 0 9 0 1 383 54 242 10.17
5 0 0 0 0 10 1 383 46 235 11.69
1 0 0 0 0 0 0 64 247 14.62
1 0 0 0 0 0 3 385 386 387 0 206 15.54
9 0 4 8 9 0 3 388 389 392 1 129 10.38
8 0 0 4 1 9 1 398 1 155 11.74
10 0 9 2 7 0 3 391 392 394 1 147 8.93
7 0 0 7 3 0 3 390 403 407 10 238 15.6
4 0 8 9 6 6 3 399 402 403 10 187 11.56
10 0 0 10 0 3 1 395 17 150 12.71
4 0 10 10 0 9 2 405 406 11 203 9.31
8 0 5 0 7 0 2 393 404 11 157 11.05
9 0 4 0 3 0 3 397 402 411 19 245 12.91
8 0 2 0 7 10 1 400 11 176 14.71
3 1 0 0 0 0 1 396 27 217 11.28
8 0 3 4 4 9 2 400 401 30 199 9.63
4 0 8 0 1 2 2 403 409 28 195 15.01
7 0 2 0 2 9 3 401 406 410 9 167 11.88
1 0 0 8 5 2 2 404 408 14 148 8.69
6 1 0 0 0 0 2 405 411 38 216 12.7
8 1 0 0 0 0 2 412 413 38 203 11.8
4 0 0 8 3 3 1 407 28 224 12.6
10 1 0 0 0 0 3 410 412 414 32 190 15.16
6 0 7 10 1 0 3 406 409 411 19 192 13.75
9 0 10 8 5 0 1 408 44 167 12.13
2 0 2 7 0 1 1 412 25 225 9.33
6 1 0 0 0 0 1 408 32 242 8.3
4 0 9 0 2 0 2 409 414 53 205 14.01
10 0 8 2 10 5 1 410 57 272 8.66
4 0 5 3 0 10 1 413 67 217 15.7
2 1 0 0 0 0 2 413 414 44 197 11.6
8 0 7 6 1 3 1 415 46 196 11.0
3 0 5 5 3 3 1 415 71 191 10.59
3 0 0 3 9 2 1 415 57 262 13.27
1 0 0 0 0 0 0 74 219 11.04
1 0 0 0 0 0 3 417 418 419 0 133 15.57
9 0 10 8 4 7 3 428 437 443 1 195 10.61
10 0 3 6 10 5 2 420 422 1 166 11.13
1 0 2 2 8 6 1 421 1 222 15.68
5 0 4 10 2 9 3 427 429 436 11 216 14.15
9 0 5 10 5 5 3 423 434 446 2 139 10.65
9 0 6 10 10 7 2 425 445 11 196 12.48
6 0 5 6 7 6 2 424 426 11 229 8.66
7 1 0 0 0 0 1 445 17 190 9.13
6 0 4 7 1 9 2 430 431 20 171 9.3
9 0 1 1 6 3 1 429 17 212 11.0
8 0 2 8 5 7 1 435 16 176 16.46
9 0 7 2 8 4 1 434 10 227 12.39
7 1 0 0 0 0 2 432 439 26 204 11.77
8 0 2 6 3 8 2 438 442 26 205 16.02
1 1 0 0 0 0 2 433 441 26 150 11.39
1 1 0 0 0 0 2 438 441 33 179 15.07
9 0 8 10 4 5 1 434 27 203 9.01
6 0 9 3 1 8 1 440 36 209 13.04
6 0 9 9 2 1 2 437 444 24 144 9.52
10 0 8 5 3 10 1 440 16 217 15.45
3 0 10 8 10 5 1 445 30 188 11.69
4 0 4 2 4 2 1 440 34 178 14.96
9 1 0 0 0 0 1 441 33 240 13.47
1 0 2 7 8 1 1 444 42 234 10.4
4 0 1 6 9 2 1 444 42 164 14.96
8 0 10 10 9 7 1 446 34 175 9.59
5 1 0 0 0 0 1 446 10 144 10.82
3 0 2 3 5 5 1 447 46 199 11.24
2 0 1 8 10 5 1 447 33 222 8.62
7 0 10 10 6 5 1 447 42 210 14.74
1 0 0 0 0 0 0 49 251 11.88
1 0 0 0 0 0 3 449 450 451 0 130 12.06
10 0 2 3 9 6 2 453 455 1 199 13.7
9 0 10 4 1 6 3 452 453 454 1 192 10.51
8 0 5 9 2 6 3 463 465 469 1 175 13.38
6 0 4 6 3 6 3 458 459 472 10 206 9.35
1 0 2 5 8 7 1 456 11 229 13.09
10 0 2 10 8 5 3 459 463 467 10 199 12.77
10 0 5 3 4 6 2 456 463 11 224 10.47
10 1 0 0 0 0 3 457 469 473 21 222 16.47
8 1 0 0 0 0 3 470 472 476 31 236 15.2
4 0 4 4 7 7 2 461 469 16 180 8.43
10 0 1 7 7 5 3 460 462 478 20 162 10.83
4 0 6 5 2 6 2 464 471 30 151 11.35
8 0 3 2 5 10 2 462 468 20 245 12.9
9 1 0 0 0 0 1 474 30 231 11.4
1 0 1 5 8 7 2 464 466 21 182 11.71
10 0 5 3 6 3 1 474 34 221 12.77
1 0 8 8 2 7 2 473 476 9 136 8.77
4 1 0 0 0 0 1 472 22 193 15.28
2 0 9 1 9 1 3 470 474 476 20 217 12.53
7 0 4 5 9 4 1 478 28 222 14.69
2 1 0 0 0 0 2 471 475 31 166 12.45
8 0 5 3 2 8 1 471 39 226 11.68
6 0 5 4 9 1 1 477 47 257 11.78
5 0 3 6 1 5 2 475 477 39 162 8.57
6 1 0 0 0 0 1 475 31 226 13.99
5 0 4 3 10 9 1 477 44 258 10.1
2 0 1 9 9 3 1 478 44 178 8.91
7 0 7 3 7 2 1 479 39 185 13.17
8 0 6 3 10 3 1 479 53 209 8.83
6 0 10 5 6 1 1 479 46 256 16.27
1 0 0 0 0 0 0 61 237 14.48
1 0 0 0 0 0 3 481 482 483 0 197 15.36
7 0 3 2 0 6 1 487 1 166 11.91
1 0 0 0 7 5 3 484 485 486 1 137 14.57
7 0 0 0 4 0 2 488 501 1 230 14.62
7 0 0 0 2 10 1 487 2 216 15.41
4 0 9 2 10 0 3 490 500 504 2 128 9.12
10 0 5 10 7 2 2 489 492 2 227 10.08
7 0 0 0 8 0 2 495 496 9 219 15.82
9 0 10 0 0 4 1 508 8 144 16.39
8 1 0 0 0 0 3 491 496 497 12 233 16.21
9 0 7 0 0 0 3 494 499 501 6 224 8.33
1 0 0 10 8 0 1 493 20 239 15.64
3 1 0 0 0 0 1 505 12 214 14.81
3 1 0 0 0 0 2 502 510 21 158 12.21
10 0 4 0 0 5 1 505 15 172 12.38
6 0 0 0 7 1 1 498 16 228 12.98
7 0 8 9 0 10 1 509 20 162 11.02
8 0 9 5 0 0 3 503 506 507 20 140 9.87
7 1 0 0 0 0 1 503 22 204 10.67
9 0 0 0 7 0 1 506 15 232 9.97
9 0 0 2 0 0 2 501 510 6 197 15.89
10 1 0 0 0 0 1 508 15 192 8.83
2 0 7 0 7 0 1 505 24 155 14.26
1 0 0 0 8 0 1 509 29 170 9.81
4 1 0 0 0 0 1 507 6 205 9.54
1 0 9 0 0 9 1 509 26 189 12.87
3 0 6 7 0 0 1 510 28 233 8.75
1 0 3 10 5 0 1 508 28 151 12.56
4 0 7 0 7 6 1 511 29 239 10.65
7 0 7 6 2 0 1 511 30 185 15.99
4 0 0 4 3 0 1 511 31 173 9.68
1 0 0 0 0 0 0 37 227 12.25
1 0 0 0 0 0 3 513 514 515 0 224 10.81
7 0 7 0 0 0 2 516 524 1 132 10.07
10 0 0 3 0 0 1 529 1 218 15.37
3 0 0 0 0 10 2 528 539 1 154 10.18
10 0 0 9 0 0 3 517 519 523 8 143 9.11
5 0 0 0 0 4 3 518 520 522 18 216 12.68
2 0 0 3 0 0 1 529 23 165 8.83
10 0 0 0 0 7 1 521 18 143 10.19
9 0 0 0 0 3 2 527 528 23 157 10.94
9 1 0 0 0 0 3 531 539 541 28 166 15.9
8 1 0 0 0 0 3 526 527 540 23 162 10.52
2 0 0 1 0 0 3 526 531 537 18 196 9.92
4 0 0 9 0 0 2 525 533 8 212 11.52
8 1 0 0 0 0 1 540 12 225 14.68
1 1 0 0 0 0 3 532 534 535 31 216 15.6
1 1 0 0 0 0 2 530 534 32 158 9.3
9 1 0 0 0 0 2 530 538 32 179 14.1
7 1 0 0 0 0 3 537 538 542 25 242 13.88
2 0 10 0 0 0 3 532 535 537 41 238 15.67
3 1 0 0 0 0 1 532 37 250 15.22
1 0 0 0 0 6 1 536 43 175 12.86
8 1 0 0 0 0 2 535 538 12 199 15.07
4 0 10 0 0 0 2 536 539 33 228 16.37
3 0 0 0 0 1 1 536 43 251 14.83
8 0 0 0 0 5 1 542 46 184 14.86
10 0 10 0 0 0 1 541 43 198 15.84
5 0 0 0 3 0 2 540 541 41 219 12.22
1 0 0 10 0 0 1 542 37 162 9.62
8 0 0 5 0 0 1 543 46 182 12.67
1 0 0 0 5 0 1 543 53 223 8.28
7 0 5 0 0 0 1 543 54 195 10.18
1 0 0 0 0 0 0 61 224 13.81
87.57 82.76 82.38 82.95 86.24 100.16 142.17 145.29 109.98 73.06 10.85 3.94 0.36 -4.66 -9.2 18.56 37.67 79.56 109.13 148.9 200.08 135.52 101.71 94.17 94.54 90.18 90.53 95.0 97.86 107.68 137.6 128.6 100.29 80.49 18.73 2.06 0.97 -4.47 1.23 6.06 6.93 74.73 108.71 154.44 257.56 152.65 113.79 103.59 103.88 98.89 97.07 98.94 99.7 104.54 126.88 122.38 99.46 71.7 2.52 1.38 -11.12 -21.34 -22.95 -4.1 8.4 39.13 89.66 111.33 158.42 131.4 111.07 101.31 98.92 90.67 89.3 89.25 91.8 100.22 122.62 126.49 100.41 72.4 22.19 15.1 8.01 0.44 -2.43 38.21 69.14 70.01 80.96 117.23 145.53 125.44 110.13 101.61 94.98 88.9 85.85 85.42 89.2 97.19 112.28 117.13 106.05 81.09 21.8 6.29 8.75 25.9 38.95 41.43 56.32 75.01 95.5 122.43 146.35 138.86 116.1 99.3 93.16 93.46 88.78 88.91 90.0 94.11 91.72 89.79 59.52 0.88 0.0 0.2 -4.41 -10.07 -11.32 -6.44 1.28 28.9 75.05 91.54 109.06 125.01 130.03 109.08 106.7 101.54 98.62 97.45 98.41 98.05 91.3 87.2 65.28 9.23 0.0 -0.2 -2.0 -7.37 -15.0 -8.97 -0.2 16.56 92.44 108.04 124.52 130.98 118.86 104.17 111.21 104.19 97.44 94.3 100.58 111.92 132.74 136.4 113.64 94.79 70.9 28.81 12.77 5.0 8.0 28.58 74.99 99.3 116.82 149.23 231.01 154.91 129.65 114.48 116.99 107.35 104.17 106.33 112.6 121.82 144.38 132.49 97.54 77.61 62.82 16.0 7.74 9.07 10.87 28.29 72.91 99.9 109.98 132.32 193.13 152.12 121.93 110.2 107.93 102.33 97.9 94.9 93.7 102.49 112.48 116.54 107.82 84.82 42.22 57.3 50.0 45.17 55.07 70.54 71.62 110.3 122.4 179.0 114.35 110.27 100.72 90.0 101.9 91.14 86.89 86.53 87.33 94.1 112.33 112.03 103.39 98.92 92.89 88.25 90.0 81.26 84.62 95.73 98.9 112.07 134.29 123.69 154.93 131.5 119.6 105.0 104.4 96.58 90.17 89.74 96.2 110.05 132.28 136.37 118.04 88.47 74.43 61.31 23.0 19.58 20.0 64.98 63.58 68.39 114.95 137.77 181.42 146.75 128.14 110.68 106.05 95.88 89.49 84.88 83.36 81.29 83.46 76.84 62.05 12.26 -0.02 -0.33 -0.45 -0.55 -0.9 -1.85 -0.39 50.1 85.92 115.14 134.06 122.87 101.3 91.52 66.23 32.0 16.83 8.36 3.85 2.72 1.2 1.24 -0.02 -0.03 -0.6 -1.31 -1.73 -5.68 -7.2 -6.98 -2.0 0.34 17.45 95.62 109.81 111.77 103.62 94.45 89.84 79.97 75.12 74.41 79.81 88.13 119.49 146.41 130.98 93.48 61.34 24.23 16.4 11.28 6.14 9.7 26.35 57.95 111.65 146.07 212.9 170.69 129.25 106.4 99.03 86.4 77.9 76.44 80.21 83.42 95.01 86.36 69.35 51.1 4.39 3.49 0.16 0.68 1.84 12.73 59.63 88.33 111.39 135.18 182.47 134.28 111.86 92.79 86.59 73.07 70.42 65.61 68.26 79.11 94.64 101.37 96.19 91.7 78.29 73.3 66.97 59.9 57.86 73.48 73.52 98.82 116.22 131.57 159.1 136.24 121.7 104.56 97.6 93.19 90.94 90.45 90.33 90.51 84.78 84.39 82.11 61.49 18.77 1.65 0.24 2.22 0.23 5.48 1.6 15.17 65.09 97.03 121.25 105.81 92.95 75.96 63.73 72.62 48.6 33.95 37.39 56.54 82.17 68.38 53.01 29.13 1.85 0.21 7.44 4.84 -1.56 1.44 0.22 30.36 73.81 123.62 148.34 144.49 130.19 108.2 107.0 100.32 99.42 100.0 100.91 99.1 91.62 79.94 54.19 1.0 -0.02 -1.0 -3.07 -13.17 -7.75 -3.0 -0.05 42.26 88.98 131.6 192.35 192.37 133.16 102.5 91.87 85.29 79.1 73.77 71.34 65.15 35.45 13.0 2.4 -0.01 -0.6 -2.11 -5.48 -12.93 -20.41 -15.61 -6.0 -4.64 10.62 81.25 94.91 100.0 106.67 91.43 83.43 76.96 76.14 79.02 85.08 95.08 109.2 113.48 102.13 86.88 58.73 33.21 20.0 12.78 11.0 19.75 58.25 89.94 124.8 194.41 273.75 244.46 139.44 112.37 114.6 112.55 104.28 101.89 99.45 116.14 134.71 121.52 87.38 59.16 9.74 11.34 14.44 12.36 10.66 21.84 76.45 94.3 95.67 140.89 198.86 136.66 105.25 91.69 70.69 66.16 64.09 64.37 67.64 81.86 100.48 113.08 105.38 65.98 49.02 38.59 18.13 9.69 18.42 46.85 76.59 101.37 120.38 155.33 205.64 138.82 112.43 92.91 105.34 98.78 91.88 90.87 92.47 91.83 111.72 126.85 114.22 80.06 65.62 47.6 20.11 11.6 7.68 21.41 65.66 84.98 106.77 126.48 165.36 119.07 99.8 86.87 77.55 64.81 60.3 54.73 49.3 65.69 97.45 100.0 61.47 11.35 0.08 1.09 6.58 19.12 15.18 20.35 29.65 10.59 52.57 135.0 139.7 134.0 125.31 103.86 111.48 90.4 86.28 90.0 94.54 90.58 85.47 86.74 77.57 63.13 29.64 9.44 1.19 -0.01 -0.02 -0.02 11.17 18.76 72.6 127.6 110.0 103.11 109.7 91.44 94.42 84.85 77.88 76.49 68.55 56.89 40.12 3.87 0.0 -0.5 -2.0 1.8 -14.23 -15.85 -22.95 5.0 4.32 125.6 141.25 200.0 228.34 164.81 96.97 85.68 79.91 68.58 49.25 48.46 44.74 52.32 119.91 103.5 79.65 9.96 0.4 7.37 11.79 -13.76 -13.66 -1.4 7.57 114.4 120.0 119.28 155.95 150.28 125.45 103.15 88.35 79.95 70.42 60.94 55.17 64.85 79.95 83.92 84.6 65.74 22.64 0.7 -0.01 -1.4 3.43 18.39 31.83 105.0 128.4 123.38 134.24 109.02 97.46 102.2 96.08 88.58 74.42 71.15 73.04 90.0 124.71 124.8 92.84 65.19 21.1 1.32 1.19 1.87 1.0 6.12 22.91 79.08 94.63 136.68 217.0 176.83 119.4 95.93 96.43 88.02 85.62 85.4 89.76 93.37 114.18 104.3 78.24 36.33 0.0 -0.2 -7.67 -15.42 -8.67 5.97 8.4 41.7 91.9 123.45 166.41 131.79 131.49 115.08 90.0 90.0 83.11 77.77 75.37 80.1 103.6 87.26 76.49 40.02 4.52 0.12 -1.03 -4.56 -2.38 8.72 13.48 126.56 96.62 122.55 147.83 125.0 109.48 84.8 115.5 90.51 92.35 97.62 69.49 64.57 53.24 21.97 8.28 0.0 -2.45 -10.45 -35.0 -36.75 -25.97 -6.77 -0.39 8.42 85.96 123.83 139.15 130.0 117.59 109.61 91.93 87.92 86.24 89.75 91.34 91.58 83.13 63.59 20.71 1.61 0.0 -0.02 -1.41 -5.75 -5.0 -2.0 -0.01 57.66 99.89 116.85 135.82 138.4 149.75 110.23 104.25 91.34 85.14 84.83 83.22 90.46 110.96 123.49 107.05 82.66 61.96 80.01 80.01 79.64 76.29 79.0 132.03 97.04 93.33 118.49 186.12 189.94 125.79 102.56 103.51 96.61 94.3 93.81 94.71 102.51 118.0 106.38 97.67 70.74 4.58 2.29 1.56 -1.01 -0.09 4.57 27.76 91.21 105.02 139.17 245.0 241.38 136.65 115.77 112.91 106.55 101.4 95.46 96.68 102.89 111.77 114.56 110.18 77.31 22.24 1.17 1.31 1.53 2.87 28.39 28.64 92.72 115.17 138.07 182.43 175.18 132.98 114.59 112.67 106.42 104.65 99.43 99.97 96.21 100.22 89.25 87.48 19.39 0.44 5.61 -12.0 0.44 -29.99 5.36 12.66 160.08 83.36 118.96 132.0 137.25 126.69 105.61 109.34 104.57 104.26 105.37 104.69 109.29 120.56 117.15 104.91 73.23 17.61 4.35 -0.46 -1.15 -0.21 2.49 32.24 93.45 110.58 136.54 202.88 179.61 137.05 121.38 118.78 110.48 108.15 106.86 108.99 104.38 100.71 90.74 75.93 23.4 -0.07 -2.37 -15.91 -29.21 -23.56 -3.17 0.11 64.11 106.3 129.53 157.3 165.82 140.65 118.68 108.61 101.05 96.91 92.65 90.34 88.49 72.75 26.44 0.0 -0.09 -11.11 -37.5 -64.11 -91.87 -75.14 -36.95 -6.08 7.89 107.72 119.23 137.2 137.11 126.42 101.63 88.81 92.21 69.54 66.9 79.78 94.61 130.46 109.44 91.87 51.48 38.02 50.01 84.3 110.22 100.41 142.84 166.99 139.0 250.0 196.34 152.6 125.0 103.11 84.39 103.63 102.38 99.68 95.61 79.55 108.35 125.43 118.18 111.65 120.75 46.91 55.34 74.14 76.35 68.17 54.37 100.0 120.99 135.0 101.96 138.44 120.24 165.03 130.94 82.97 74.81 73.34 72.05 73.82 80.55 105.72 112.01 98.44 72.08 25.74 15.77 27.37 26.51 57.69 66.84 74.29 89.11 113.92 149.24 198.96 240.25 170.94 124.57 119.95 108.09 103.39 99.91 100.02 104.51 120.14 121.01 106.79 96.87 88.26 81.57 70.5 69.41 68.33 80.0 97.39 104.45 125.0 158.95 169.86 147.17 108.36 89.68 74.97 69.34 67.91 73.25 75.68 84.35 105.58 113.2 107.7 91.16 79.18 67.45 55.25 74.77 91.97 97.56 92.63 82.01 87.88 100.72 119.73 134.89 125.79 106.69 92.87 89.72
