544 5
1 43 45 45 43
1 0 0 0 0 0 3 1 2 3 0 112 7.11
5 0 0 0 2 0 2 5 23 1 144 6.63
9 0 2 0 0 0 3 4 6 12 1 137 6.75
5 0 0 0 0 6 2 14 16 1 187 5.73
10 0 0 0 0 4 2 7 22 10 168 7.5
3 0 3 0 0 0 3 8 11 26 6 167 5.49
9 0 4 0 0 0 2 10 22 10 166 7.48
10 1 0 0 0 0 1 9 20 216 4.33
10 0 0 0 0 10 2 21 25 9 142 6.33
5 0 0 0 9 0 1 27 30 174 7.9
4 1 0 0 0 0 1 13 19 124 5.36
5 0 0 5 0 0 1 20 9 191 5.22
10 0 0 0 8 0 1 28 10 152 6.74
1 0 0 0 0 8 2 15 24 23 169 4.11
1 0 0 10 0 0 3 18 19 22 6 134 7.57
8 0 0 1 0 0 1 17 24 207 6.05
6 0 10 0 0 0 1 18 6 191 4.21
2 0 6 0 0 0 1 18 32 176 6.05
1 0 0 0 8 0 3 20 21 23 34 217 4.24
7 0 0 0 0 4 2 25 29 7 152 4.28
1 0 5 0 0 0 1 30 35 166 7.81
1 0 6 0 0 0 1 29 35 211 7.15
6 0 0 0 9 0 1 30 20 181 5.21
2 0 4 0 0 0 1 26 35 138 6.69
5 1 0 0 0 0 1 29 24 162 4.64
10 1 0 0 0 0 1 27 19 148 7.77
3 0 0 0 8 0 1 30 37 169 7.19
10 0 10 0 0 0 1 28 35 181 6.98
1 0 0 0 0 3 1 31 45 154 7.16
6 0 0 0 6 0 1 31 36 188 6.91
1 0 0 0 4 0 1 31 40 206 4.33
1 0 0 0 0 0 0 46 164 6.42
1 0 0 0 0 0 3 33 34 35 0 187 6.05
10 0 0 5 0 0 3 36 40 61 1 182 5.79
6 0 0 10 0 0 3 37 39 43 1 169 6.8
8 0 0 0 0 1 2 44 54 1 141 7.11
6 0 0 2 0 0 1 48 11 182 6.94
5 1 0 0 0 0 3 38 46 48 7 181 5.36
9 0 0 0 0 10 1 41 12 187 5.58
1 0 0 0 7 0 1 55 7 135 6.48
6 0 6 0 0 0 3 42 47 50 11 123 7.07
6 0 0 2 0 0 1 60 21 192 6.72
6 0 0 8 0 0 2 53 56 17 150 5.66
1 0 0 0 3 0 2 45 49 7 120 7.62
4 0 2 0 0 0 1 58 9 202 5.29
1 0 0 0 4 0 1 58 8 169 4.49
7 1 0 0 0 0 1 57 12 146 4.16
8 1 0 0 0 0 3 49 52 55 17 182 6.12
4 1 0 0 0 0 1 53 17 177 5.9
3 1 0 0 0 0 1 51 25 153 5.73
3 1 0 0 0 0 2 51 60 17 150 7.66
2 1 0 0 0 0 1 59 28 204 5.35
1 1 0 0 0 0 1 53 25 222 4.26
3 1 0 0 0 0 2 57 59 26 177 5.2
6 0 0 0 1 0 1 55 9 204 5.94
10 0 0 0 0 3 1 59 25 185 7.72
1 1 0 0 0 0 1 62 23 200 7.48
4 1 0 0 0 0 1 62 29 150 7.35
6 1 0 0 0 0 1 60 13 133 6.08
6 0 0 2 0 0 1 62 35 175 5.76
3 0 0 0 10 0 1 63 27 218 7.42
4 0 0 0 0 9 1 63 11 180 6.76
8 0 1 0 0 0 1 63 41 158 3.97
1 0 0 0 0 0 0 49 237 6.28
1 0 0 0 0 0 3 65 66 67 0 183 4.69
3 0 0 0 0 1 3 69 71 77 1 161 4.82
4 0 3 2 10 0 3 68 73 75 1 131 6.84
7 0 2 0 6 2 3 80 81 87 1 146 5.14
1 0 0 0 5 3 3 77 78 79 5 134 5.6
1 0 0 6 0 10 3 70 73 82 4 177 7.6
2 0 0 9 0 8 3 72 74 76 5 187 5.41
2 0 0 3 3 0 3 75 78 89 4 176 7.12
10 0 0 3 3 0 3 78 81 85 7 173 5.34
5 0 0 0 8 0 3 79 81 92 5 193 4.9
10 0 0 0 0 5 3 85 87 93 7 188 7.53
3 0 2 7 9 0 3 76 80 88 6 155 6.97
6 0 0 0 9 0 2 79 91 9 185 4.96
10 0 4 1 6 0 3 80 83 87 6 193 6.27
8 1 0 0 0 0 2 83 94 17 155 7.16
1 1 0 0 0 0 2 86 90 15 159 5.87
10 0 0 9 0 0 2 84 93 16 218 7.81
9 0 1 0 1 10 2 86 89 17 150 7.91
8 0 0 0 4 0 3 83 84 93 5 168 4.41
9 0 2 0 4 5 1 88 25 202 6.8
4 1 0 0 0 0 1 85 26 225 7.57
7 0 3 8 0 0 3 86 90 91 30 183 4.16
2 0 5 0 0 0 1 94 37 187 7.57
1 1 0 0 0 0 3 88 89 91 17 194 5.48
6 0 5 0 9 0 1 92 34 158 5.31
6 0 0 0 0 8 1 90 26 157 4.41
7 0 8 0 0 5 1 94 37 195 5.15
6 0 0 5 0 0 1 92 37 205 4.19
6 0 3 6 0 9 1 95 43 230 5.07
3 1 0 0 0 0 1 95 26 155 4.22
7 0 0 0 9 0 1 95 44 180 5.68
1 0 0 0 0 0 0 51 158 4.81
1 0 0 0 0 0 3 97 98 99 0 177 6.94
2 0 10 9 2 5 3 100 102 103 1 105 4.53
2 0 10 7 8 3 3 100 103 111 1 147 5.73
10 0 0 0 10 0 3 108 110 119 1 133 4.32
6 0 2 1 8 0 3 101 107 118 3 150 4.61
1 0 2 9 0 3 2 115 116 9 202 4.84
2 0 2 5 6 0 3 104 111 115 3 148 5.2
9 0 8 4 10 9 3 104 105 112 3 186 5.55
1 0 0 6 10 9 3 106 108 110 12 207 7.85
6 0 2 5 0 0 3 108 113 117 12 118 5.19
10 0 0 10 0 6 1 109 13 190 6.72
6 0 8 10 6 4 3 110 112 116 9 180 7.07
7 0 3 0 10 0 3 118 120 123 18 145 5.99
5 1 0 0 0 0 2 114 116 23 141 6.67
7 0 4 4 2 0 2 121 122 15 133 4.39
10 0 7 3 9 10 3 117 120 122 5 204 4.09
10 0 5 0 5 6 3 114 115 121 15 184 4.45
4 0 7 2 3 4 3 114 118 119 18 197 6.69
4 1 0 0 0 0 1 122 28 191 5.96
8 0 6 6 0 10 3 120 124 125 25 224 4.82
6 1 0 0 0 0 1 117 28 145 6.0
4 1 0 0 0 0 1 119 34 199 5.4
1 1 0 0 0 0 1 126 25 191 6.66
5 0 2 4 5 2 3 121 123 126 38 162 4.72
2 0 7 5 4 1 1 126 33 175 5.85
5 0 0 7 8 2 2 124 125 43 191 7.64
1 1 0 0 0 0 1 123 32 131 5.25
8 0 5 0 9 9 2 124 125 43 234 4.23
6 0 7 0 0 0 1 127 51 244 6.44
1 0 1 3 9 0 1 127 51 219 6.77
3 0 5 0 7 3 1 127 43 191 5.98
1 0 0 0 0 0 0 57 159 4.65
1 0 0 0 0 0 3 129 130 131 0 150 7.2
6 0 0 9 8 7 3 137 141 144 1 115 6.33
10 0 10 1 7 0 3 133 136 146 1 117 5.39
10 0 8 2 0 6 3 132 135 136 1 119 4.68
5 0 0 7 8 0 3 134 138 144 11 153 6.16
8 1 0 0 0 0 2 140 152 11 135 6.38
3 1 0 0 0 0 2 140 150 16 174 5.62
8 0 8 7 6 6 3 137 138 139 11 122 4.75
10 0 6 8 2 5 3 142 144 148 11 154 3.98
6 0 0 7 6 3 3 142 146 148 19 185 4.24
7 0 0 2 10 10 3 143 149 150 19 216 5.59
8 1 0 0 0 0 2 141 156 19 193 5.36
5 1 0 0 0 0 3 141 142 148 19 122 7.51
2 1 0 0 0 0 2 147 151 27 190 7.7
6 0 2 7 4 0 3 145 154 156 25 207 7.38
6 1 0 0 0 0 1 151 26 164 6.92
9 0 0 3 5 0 3 147 150 156 21 155 5.72
10 0 0 6 0 6 2 147 155 31 200 4.52
4 0 3 5 3 6 3 149 152 155 25 151 5.04
6 0 3 2 4 2 1 149 41 180 7.2
10 0 5 4 3 9 1 151 25 202 5.7
7 0 6 1 5 8 2 153 158 47 244 4.72
7 1 0 0 0 0 2 152 154 30 199 6.49
9 0 7 8 3 6 3 153 154 155 35 184 4.59
3 0 1 9 10 0 1 153 37 139 5.19
6 0 1 0 0 8 1 157 54 175 6.55
5 0 1 5 10 7 2 157 158 44 221 4.08
3 0 0 1 10 5 2 157 158 44 226 4.14
10 0 9 9 0 1 1 159 31 188 6.58
3 0 5 5 7 0 1 159 60 213 5.77
10 0 0 0 0 5 1 159 54 202 4.53
1 0 0 0 0 0 0 64 197 4.39
1 0 0 0 0 0 3 161 162 163 0 196 5.82
2 0 0 0 2 0 1 169 1 164 5.59
10 0 0 8 0 0 3 164 168 174 1 124 5.97
7 0 0 0 7 0 2 166 172 1 153 5.69
1 0 8 0 0 0 2 165 176 11 119 4.87
3 0 0 0 0 8 3 172 175 177 12 158 7.32
6 0 0 0 5 0 3 167 170 178 8 174 6.85
2 0 0 9 0 0 1 186 14 205 6.84
10 0 0 0 0 2 2 173 187 11 138 5.21
5 0 1 0 0 0 2 171 181 3 138 6.51
9 0 2 0 0 0 2 180 185 14 126 6.04
4 0 0 0 6 0 1 183 8 161 5.88
4 0 0 5 0 0 1 184 15 200 7.78
2 0 0 0 10 0 1 184 21 196 7.58
4 0 0 0 0 10 1 180 11 210 6.72
10 0 10 0 0 0 2 179 185 15 123 6.05
10 0 0 0 7 0 3 180 185 188 12 142 6.62
7 0 5 0 0 0 1 182 15 217 7.87
10 1 0 0 0 0 1 184 14 180 4.57
7 0 0 0 3 0 1 190 25 186 6.48
2 1 0 0 0 0 1 190 23 186 6.89
1 0 10 0 0 0 2 186 188 8 173 6.43
2 0 8 0 0 0 1 190 22 149 5.65
2 1 0 0 0 0 1 188 12 205 7.8
2 0 0 0 0 7 1 189 24 149 6.4
9 0 7 0 0 0 1 186 25 213 5.37
1 0 0 0 0 1 1 189 34 211 4.06
4 0 8 0 0 0 1 189 21 136 4.15
7 1 0 0 0 0 1 191 22 223 6.81
8 0 0 0 8 0 1 191 35 201 6.06
9 0 0 6 0 0 1 191 32 155 5.64
1 0 0 0 0 0 0 43 170 6.44
1 0 0 0 0 0 3 193 194 195 0 189 6.19
8 0 8 2 2 7 3 199 200 201 1 167 6.55
7 0 7 5 5 4 3 197 203 208 1 152 5.93
4 0 3 10 1 8 3 196 205 206 1 155 7.53
10 0 7 10 8 7 3 198 202 204 5 136 5.53
7 0 2 10 10 10 3 207 213 215 8 204 6.4
1 0 4 6 1 10 2 207 222 15 204 4.88
1 0 7 1 10 3 3 204 209 213 9 200 4.64
1 0 6 5 10 2 2 203 210 9 190 4.86
5 0 8 10 5 1 3 204 206 209 9 174 6.01
3 0 7 9 5 5 3 211 213 218 15 152 4.63
4 0 9 1 10 5 3 211 214 215 10 180 4.32
8 0 5 3 7 6 3 207 216 218 15 156 7.12
7 0 9 9 2 9 3 208 210 214 5 153 6.78
10 0 2 9 10 3 3 208 210 215 14 207 5.51
5 0 8 9 1 4 1 221 23 182 4.15
6 1 0 0 0 0 2 212 219 24 162 5.27
10 0 3 10 2 4 3 211 214 218 14 191 5.21
5 1 0 0 0 0 2 212 217 24 134 6.59
1 1 0 0 0 0 2 212 216 24 162 7.55
3 0 7 10 9 1 2 220 222 30 167 5.56
6 0 2 2 6 5 1 217 18 215 4.27
3 1 0 0 0 0 2 216 221 24 148 6.41
4 1 0 0 0 0 1 220 24 189 5.05
5 1 0 0 0 0 1 217 27 174 5.01
3 0 5 3 5 5 1 219 32 177 7.49
3 1 0 0 0 0 2 219 221 24 184 4.01
7 0 8 7 1 9 2 220 222 35 211 7.38
9 0 1 5 10 2 1 223 42 224 4.48
8 0 1 2 4 6 1 223 28 190 7.26
3 0 9 2 4 4 1 223 42 153 4.53
1 0 0 0 0 0 0 51 241 4.42
1 0 0 0 0 0 3 225 226 227 0 157 7.05
9 0 6 3 4 9 3 228 229 233 1 159 7.74
10 0 3 3 6 10 3 229 245 246 1 111 7.0
4 0 8 3 10 1 3 232 233 243 1 162 5.45
1 0 4 2 10 7 3 230 231 234 10 116 6.69
9 0 6 5 3 10 3 230 237 240 11 132 4.18
4 0 6 1 10 4 2 242 244 20 188 4.18
6 0 8 2 4 5 3 235 237 246 11 176 5.59
1 0 7 4 5 5 3 237 238 251 5 202 7.12
1 0 2 5 1 1 3 236 242 244 10 176 4.64
2 0 2 10 9 3 3 238 241 248 11 133 5.13
3 0 7 3 4 9 3 236 239 240 17 130 4.35
4 0 3 10 10 6 3 238 248 250 20 171 6.18
7 0 9 4 8 4 1 247 20 191 4.14
10 1 0 0 0 0 1 245 24 218 7.24
8 0 1 8 5 6 3 241 242 245 20 127 6.65
9 0 5 9 3 4 3 241 248 249 20 207 4.7
7 0 5 4 4 4 2 243 252 29 206 4.1
4 1 0 0 0 0 3 247 249 251 28 154 5.23
9 0 5 6 10 3 2 244 247 36 206 4.29
10 0 7 2 2 9 2 250 251 45 161 6.38
5 0 6 6 1 1 1 249 34 172 7.91
10 1 0 0 0 0 2 250 252 17 128 4.1
8 0 10 8 6 5 2 253 254 45 179 5.99
9 0 2 7 3 4 1 252 29 230 5.11
1 0 8 9 2 2 1 254 39 203 4.85
5 0 2 4 2 9 2 253 254 55 224 7.62
6 0 8 10 9 3 1 253 55 208 7.49
8 0 5 10 4 10 1 255 38 238 6.97
5 0 1 7 6 8 1 255 61 245 6.6
6 0 4 8 1 10 1 255 60 161 4.28
1 0 0 0 0 0 0 66 248 5.96
1 0 0 0 0 0 3 257 258 259 0 162 6.52
6 0 1 6 8 6 3 260 263 265 1 117 7.64
7 0 4 7 7 4 2 272 284 1 193 7.67
6 0 5 4 1 7 3 261 262 272 1 205 7.46
4 0 6 10 3 9 3 262 273 277 7 197 6.11
7 0 4 9 8 3 3 266 267 268 7 209 7.3
6 0 10 2 2 5 1 264 11 152 4.02
7 0 3 6 1 5 3 269 280 284 7 139 4.99
8 0 2 9 1 2 2 266 274 17 145 7.61
7 0 4 3 2 3 3 271 275 281 7 188 5.66
9 0 3 10 3 8 1 275 25 201 7.52
5 1 0 0 0 0 3 276 278 282 14 164 7.39
9 0 2 6 1 1 3 269 270 279 14 154 7.7
7 1 0 0 0 0 2 275 286 23 203 4.14
1 1 0 0 0 0 2 280 285 23 130 4.0
10 0 9 1 7 10 2 278 282 14 167 5.35
2 0 6 4 3 1 1 276 8 159 4.57
6 0 2 3 10 9 1 274 11 199 4.91
10 0 7 6 10 5 1 279 25 145 6.87
10 0 10 5 4 4 1 278 34 177 5.98
3 1 0 0 0 0 3 277 279 280 19 205 5.97
5 0 3 6 10 2 1 283 22 137 6.77
1 0 1 1 4 6 1 283 44 205 7.26
3 1 0 0 0 0 1 283 35 183 7.28
9 0 4 9 8 4 1 286 24 226 6.94
2 1 0 0 0 0 2 282 284 14 171 6.5
8 0 10 4 7 2 2 285 286 24 216 4.8
6 0 1 10 6 9 1 285 45 207 7.03
3 1 0 0 0 0 1 287 16 199 5.82
5 0 6 6 10 10 1 287 51 235 6.93
8 0 9 5 4 9 1 287 33 194 6.2
1 0 0 0 0 0 0 56 231 5.43
1 0 0 0 0 0 3 289 290 291 0 195 5.12
10 0 2 10 7 2 3 292 294 312 1 197 5.34
9 0 10 10 8 8 2 297 299 1 195 7.48
3 0 3 7 5 7 3 294 295 301 1 202 4.89
5 0 1 1 6 5 1 293 11 132 5.07
10 0 10 5 6 7 3 296 300 311 16 185 6.47
4 1 0 0 0 0 3 302 303 318 11 190 6.11
9 0 1 9 5 8 1 306 4 113 7.31
3 0 2 9 3 6 2 298 309 26 211 4.01
6 0 8 10 3 9 1 313 10 194 6.48
2 1 0 0 0 0 2 303 308 29 203 5.74
3 0 7 3 8 9 1 304 10 112 7.73
2 1 0 0 0 0 2 305 314 26 174 4.54
6 1 0 0 0 0 1 310 4 148 6.71
8 0 8 7 3 8 1 309 15 197 7.92
2 0 9 5 7 2 2 306 316 31 157 6.96
5 0 3 5 3 3 1 307 13 156 4.1
7 1 0 0 0 0 2 306 310 28 213 7.11
4 0 6 9 2 2 1 317 35 180 6.84
9 0 1 8 3 10 1 316 18 152 7.3
6 0 3 9 3 5 1 317 31 155 5.9
5 0 4 4 8 1 1 314 29 155 7.87
7 0 8 6 9 6 1 315 35 189 5.31
2 0 3 9 9 7 1 313 26 189 4.65
8 0 9 7 9 8 1 316 11 174 5.4
10 0 5 2 7 3 2 314 315 28 225 4.84
2 0 8 4 2 9 1 317 38 172 4.44
7 0 7 4 8 5 1 318 42 156 4.89
8 0 1 7 7 2 1 319 33 187 4.38
5 0 2 1 5 8 1 319 40 207 4.0
10 0 5 5 7 3 1 319 49 209 7.32
1 0 0 0 0 0 0 59 171 5.76
1 0 0 0 0 0 3 321 322 323 0 132 7.11
7 0 0 0 0 2 1 325 1 148 7.45
1 0 0 8 0 0 1 338 1 155 4.96
4 0 0 0 10 0 1 324 1 191 7.21
6 0 7 0 0 0 3 326 329 330 5 152 5.12
2 0 0 0 7 0 1 342 8 131 7.28
10 0 0 0 5 0 3 327 328 331 11 183 4.0
7 0 0 0 0 2 2 332 337 21 171 4.19
1 0 0 0 0 7 2 333 335 21 154 6.43
10 0 0 0 1 0 2 332 345 11 199 4.71
6 0 0 10 0 0 2 336 348 11 190 4.51
9 0 8 0 0 0 2 339 346 21 167 6.89
7 1 0 0 0 0 2 334 340 28 217 5.49
6 0 0 0 1 0 2 334 337 22 194 6.14
9 1 0 0 0 0 1 344 35 142 4.31
9 1 0 0 0 0 2 347 350 22 184 6.39
10 0 0 0 7 0 1 337 17 163 4.5
10 0 0 0 0 9 3 341 343 349 28 141 7.78
10 0 0 5 0 0 1 347 2 128 4.55
10 1 0 0 0 0 1 347 30 213 5.69
8 1 0 0 0 0 1 348 35 192 6.78
1 0 0 0 5 0 1 344 38 156 6.94
10 0 0 1 0 0 1 348 10 134 5.97
10 0 0 0 3 0 2 344 345 38 207 7.44
6 0 0 5 0 0 1 346 48 169 5.65
8 0 0 3 0 0 1 346 48 225 7.68
8 0 0 8 0 0 1 350 56 162 5.89
5 1 0 0 0 0 1 349 40 197 6.49
5 0 0 0 0 7 1 351 43 153 7.18
1 1 0 0 0 0 1 351 45 200 7.45
9 0 0 0 2 0 1 351 64 237 5.05
1 0 0 0 0 0 0 73 222 4.82
1 0 0 0 0 0 3 353 354 355 0 144 4.28
2 0 3 9 6 8 3 358 362 367 1 170 6.6
10 0 8 2 8 2 3 356 361 363 1 130 4.66
5 0 8 6 4 3 3 359 370 373 1 140 5.21
4 0 4 8 1 9 2 357 366 11 134 4.44
3 1 0 0 0 0 2 373 382 15 193 6.14
7 1 0 0 0 0 3 360 374 379 3 147 7.47
1 0 9 3 3 3 3 365 369 376 6 136 5.77
2 0 7 1 8 1 3 364 377 381 10 179 6.07
6 0 1 5 5 10 2 368 372 11 131 6.16
1 0 1 8 3 6 3 369 371 373 3 114 5.29
10 0 5 3 7 5 2 368 374 11 177 4.09
6 1 0 0 0 0 2 370 382 12 201 7.01
4 0 10 5 8 2 2 371 372 7 208 6.14
8 1 0 0 0 0 2 372 378 15 178 6.9
8 0 5 10 3 7 1 368 3 151 6.08
9 0 2 1 5 2 1 375 21 218 4.18
5 0 9 7 8 1 2 375 379 7 153 6.91
2 0 3 3 2 1 1 380 18 123 4.36
1 0 6 10 5 3 1 380 11 129 6.34
5 1 0 0 0 0 1 374 23 152 4.14
1 0 1 1 3 10 2 375 376 18 162 5.91
6 0 3 9 7 4 1 382 28 196 7.37
1 0 4 2 9 7 2 378 381 30 220 6.43
4 1 0 0 0 0 2 377 379 19 133 6.83
9 0 8 7 1 10 1 378 23 178 4.4
5 0 4 6 1 10 1 380 32 182 4.58
6 0 8 5 3 6 1 381 23 195 3.97
4 0 3 6 5 10 1 383 37 161 4.96
6 0 6 9 3 9 1 383 31 147 4.81
2 0 2 8 6 5 1 383 34 153 6.46
1 0 0 0 0 0 0 41 205 5.81
1 0 0 0 0 0 3 385 386 387 0 157 6.75
5 0 0 0 2 0 2 389 407 1 192 4.68
9 0 2 0 0 0 3 388 390 396 1 141 5.37
5 0 0 0 0 6 2 398 400 1 185 4.7
10 0 0 0 0 4 2 391 406 10 122 4.28
3 0 3 0 0 0 3 392 395 410 6 162 6.89
9 0 4 0 0 0 2 394 406 10 135 6.02
10 1 0 0 0 0 1 393 20 185 6.07
10 0 0 0 0 10 2 405 409 9 131 4.54
5 0 0 0 9 0 1 411 30 194 4.97
4 0 0 0 1 0 1 397 19 170 6.46
5 0 0 5 0 0 1 404 9 148 4.55
10 0 0 0 8 0 1 412 10 133 7.04
1 1 0 0 0 0 2 399 408 23 147 4.02
1 0 0 10 0 0 3 402 403 406 6 127 7.11
8 0 0 1 0 0 1 401 24 165 5.74
6 0 10 0 0 0 1 402 6 111 7.19
2 0 6 0 0 0 1 402 32 219 5.82
1 0 0 0 8 0 3 404 405 407 34 189 6.78
7 0 0 0 0 4 2 409 413 7 155 5.96
1 0 5 0 0 0 1 414 35 144 5.03
1 0 6 0 0 0 1 413 35 141 5.07
6 1 0 0 0 0 1 414 20 183 5.99
2 0 4 0 0 0 1 410 35 228 6.49
5 1 0 0 0 0 1 413 24 195 5.25
10 0 0 0 5 0 1 411 19 187 5.6
3 0 0 0 8 0 1 414 37 208 4.06
10 0 10 0 0 0 1 412 35 174 3.99
1 0 0 0 0 3 1 415 45 173 7.58
6 0 0 0 6 0 1 415 36 184 6.64
1 0 0 0 4 0 1 415 40 210 7.3
1 0 0 0 0 0 0 46 202 6.29
1 0 0 0 0 0 3 417 418 419 0 119 6.74
6 0 6 0 0 0 3 420 425 432 1 179 7.19
6 0 8 0 0 0 3 421 422 424 1 189 4.74
4 0 7 0 0 0 3 423 428 445 1 144 7.16
1 0 1 0 0 0 3 422 431 440 7 187 6.01
9 0 7 0 0 0 3 429 433 435 7 212 4.74
5 0 0 7 0 0 2 426 434 8 166 4.02
7 0 0 0 4 0 3 426 430 435 5 158 4.85
8 0 0 0 0 7 3 425 433 440 7 153 6.28
10 0 1 0 0 0 3 427 439 445 15 158 6.64
3 0 5 0 0 0 2 427 436 13 124 6.93
10 1 0 0 0 0 3 429 437 438 25 186 4.16
4 0 0 0 1 0 2 429 430 5 182 6.18
4 1 0 0 0 0 2 441 443 35 147 5.21
9 0 0 0 6 0 3 432 438 439 12 193 7.03
8 0 1 0 0 0 3 433 435 438 8 125 5.76
1 0 0 10 0 0 3 436 437 440 21 202 6.84
1 0 0 0 5 0 3 434 439 444 16 167 7.84
3 0 0 0 6 0 2 445 446 17 118 5.52
3 0 0 0 0 5 3 436 437 442 16 133 6.14
1 1 0 0 0 0 1 446 22 148 6.3
1 0 4 0 0 0 1 443 35 204 5.02
1 1 0 0 0 0 2 441 443 35 134 5.55
3 1 0 0 0 0 1 442 25 152 4.35
8 0 0 3 0 0 1 441 22 157 5.22
9 0 0 0 0 8 2 442 444 39 151 6.46
7 0 0 6 0 0 1 446 48 194 5.15
4 0 0 0 5 0 1 444 39 143 7.09
5 0 0 0 0 9 1 447 48 233 5.07
10 1 0 0 0 0 1 447 25 210 5.43
7 0 0 0 2 0 1 447 55 200 6.25
1 0 0 0 0 0 0 62 200 5.94
1 0 0 0 0 0 3 449 450 451 0 119 7.2
7 0 3 10 4 4 3 452 462 468 1 138 4.9
10 0 5 8 9 8 3 454 455 461 1 162 4.45
2 0 4 4 3 9 3 458 461 471 1 170 4.71
6 0 7 5 9 10 3 453 456 457 8 192 6.4
8 0 4 7 3 4 3 455 460 477 14 216 7.31
1 0 2 6 9 7 3 460 462 468 11 123 7.7
8 1 0 0 0 0 2 463 465 22 192 4.63
1 0 10 4 8 3 3 458 463 467 14 125 4.3
7 0 10 10 3 1 3 459 465 466 14 133 7.04
4 0 4 1 4 5 3 464 470 473 15 159 6.96
6 1 0 0 0 0 3 460 461 469 21 220 6.37
4 1 0 0 0 0 2 463 478 27 144 6.39
9 1 0 0 0 0 3 470 474 476 27 194 5.17
10 0 8 1 3 9 3 465 466 467 12 218 4.14
1 1 0 0 0 0 1 464 31 190 7.71
7 0 10 2 8 5 1 476 32 135 4.43
8 0 6 3 3 8 3 471 472 473 30 199 5.08
6 0 7 9 1 5 3 469 474 475 22 167 7.05
2 0 6 2 1 2 2 472 475 22 157 5.31
5 0 6 5 9 1 3 469 470 474 12 206 7.83
6 1 0 0 0 0 3 471 472 473 28 196 5.1
2 0 2 10 8 4 1 475 36 142 5.96
2 0 10 10 7 7 1 476 38 214 5.28
6 0 6 7 9 5 1 478 38 141 6.52
9 0 8 6 4 7 1 478 38 189 6.47
4 0 7 5 7 7 1 477 36 230 4.77
10 0 2 10 9 4 1 477 38 149 6.03
3 0 7 9 6 6 1 479 40 178 6.55
5 0 10 4 6 4 1 479 48 237 4.02
8 0 9 4 4 9 1 479 47 224 5.46
1 0 0 0 0 0 0 55 226 5.45
1 0 0 0 0 0 3 481 482 483 0 183 4.99
3 0 0 0 0 9 3 489 494 510 1 144 4.93
1 0 0 2 0 0 3 490 492 496 1 201 7.15
3 0 10 5 0 9 3 484 485 486 1 122 4.0
1 0 2 0 2 3 3 495 497 499 4 135 5.89
6 0 5 3 1 0 3 487 488 491 4 161 5.74
2 0 1 9 3 7 1 489 4 144 5.88
9 0 0 6 10 0 1 495 10 202 5.5
5 0 0 0 6 0 3 493 502 507 10 119 7.57
8 0 7 4 0 1 2 490 506 6 180 5.46
10 0 0 3 0 7 2 500 504 14 193 6.59
2 0 0 6 0 7 3 495 498 504 10 176 7.56
3 0 8 0 9 0 1 508 2 147 5.64
5 0 0 6 5 0 2 509 510 15 199 4.87
1 0 0 4 0 0 2 500 503 4 138 6.99
7 1 0 0 0 0 3 501 502 503 19 198 4.09
7 0 0 0 0 2 2 499 501 2 131 6.64
7 0 2 0 0 0 1 508 5 190 5.16
4 1 0 0 0 0 2 499 500 12 122 7.36
1 1 0 0 0 0 2 502 506 16 117 4.57
7 1 0 0 0 0 1 505 24 183 7.71
1 1 0 0 0 0 1 505 26 156 7.06
5 1 0 0 0 0 2 505 510 26 204 5.11
10 0 0 9 0 7 1 506 26 137 7.47
8 0 5 5 0 0 1 507 24 163 6.42
8 0 4 1 3 0 1 509 31 205 6.7
3 0 0 9 0 2 2 507 508 36 190 5.34
7 0 0 4 7 5 1 509 39 223 5.55
4 0 8 3 0 0 1 511 39 231 6.18
8 0 0 0 9 0 1 511 46 175 5.73
5 0 7 0 0 8 1 511 31 211 7.91
1 0 0 0 0 0 0 54 218 5.09
1 0 0 0 0 0 3 513 514 515 0 126 6.93
9 0 0 0 4 0 3 517 518 526 1 206 5.15
2 0 1 6 1 0 1 516 1 127 6.72
7 0 0 5 0 5 1 519 1 128 5.77
4 0 0 2 0 0 1 538 3 139 7.31
7 0 4 8 0 7 3 520 524 525 10 127 6.13
6 0 7 0 3 4 1 527 10 130 6.18
3 0 4 0 9 6 1 527 8 116 4.16
6 0 2 2 5 0 3 521 531 541 17 182 4.07
7 0 0 4 1 9 3 522 527 533 23 132 6.38
7 1 0 0 0 0 2 523 530 30 178 7.35
3 1 0 0 0 0 3 528 535 537 37 145 7.37
9 0 1 0 3 0 2 529 540 17 125 4.51
6 0 10 0 0 3 1 542 17 150 5.63
5 0 7 0 5 0 3 531 534 536 10 147 5.54
7 1 0 0 0 0 1 532 30 192 4.26
6 0 4 10 8 0 1 542 40 218 7.44
6 0 0 7 1 5 1 530 26 140 6.59
4 1 0 0 0 0 1 532 37 208 5.06
6 0 0 0 2 0 1 538 23 174 6.08
5 0 0 0 0 2 1 536 41 237 6.71
6 1 0 0 0 0 1 534 30 212 7.8
7 1 0 0 0 0 1 537 36 216 7.49
2 1 0 0 0 0 1 538 40 153 4.83
6 0 0 3 5 0 1 539 46 223 6.07
1 0 10 0 0 0 2 539 540 43 170 7.91
2 1 0 0 0 0 1 539 42 178 7.09
9 0 0 6 0 0 1 542 52 201 5.87
1 0 0 0 7 10 1 543 44 178 7.1
9 0 0 0 10 9 1 543 23 157 6.87
7 0 6 8 0 0 1 543 61 239 7.91
1 0 0 0 0 0 0 68 225 7.51
74.83 94.76 78.09 74.49 75.47 99.0 101.31 143.85 156.25 125.92 105.16 84.75 86.48 111.71 119.08 118.0 134.4 157.07 153.35 163.26 165.13 142.18 109.0 73.96 36.5 64.29 65.24 16.73 73.9 95.38 132.63 160.0 130.0 134.47 135.0 134.0 138.1 160.0 150.0 135.0 135.0 135.0 140.0 150.0 130.67 108.87 98.17 74.79 91.9 74.49 72.45 70.87 74.49 94.72 149.35 147.92 137.4 125.56 109.89 102.38 105.53 110.01 120.0 135.31 144.73 153.96 148.64 148.16 136.35 127.09 116.13 104.77 103.8 103.02 101.14 98.67 102.42 106.11 129.74 147.26 161.7 153.5 145.17 137.77 126.54 122.34 126.62 131.61 130.26 127.73 131.49 120.2 113.36 100.29 100.01 89.06 87.67 80.5 80.4 79.14 71.98 82.15 92.68 112.27 136.85 135.41 123.57 113.59 107.43 105.01 110.01 128.69 131.41 141.55 143.35 140.01 134.75 122.51 120.0 114.97 108.67 99.83 96.52 93.17 92.34 94.05 96.3 93.82 109.69 105.89 103.46 99.74 96.81 93.15 100.72 104.76 106.95 115.88 120.91 111.7 110.66 104.72 104.39 106.2 87.22 86.15 87.87 85.27 85.0 85.48 87.52 101.75 117.68 120.07 117.77 105.61 102.99 99.61 105.09 119.43 133.94 141.84 146.66 143.9 135.34 127.63 121.36 114.9 112.39 105.07 104.46 100.37 100.0 110.15 140.28 180.0 220.91 173.53 141.49 121.08 114.26 118.34 119.76 141.59 134.07 146.21 147.81 138.69 118.5 118.19 115.57 103.84 108.44 105.52 101.09 99.84 103.23 108.88 147.76 159.75 183.97 151.94 123.72 117.43 112.05 112.97 115.35 123.7 122.33 145.63 155.13 148.25 126.47 100.8 114.93 127.32 106.14 111.75 110.48 108.91 105.85 108.88 128.02 189.75 301.07 307.36 299.88 294.05 299.39 296.95 277.91 278.85 320.03 368.41 320.52 268.72 180.95 151.2 140.72 123.9 126.14 117.84 117.38 114.72 114.38 120.87 128.06 162.75 197.25 175.0 151.9 140.64 132.21 133.21 138.91 159.07 171.96 187.68 184.32 179.97 159.6 138.33 140.96 127.6 119.83 121.5 118.11 115.27 115.58 121.93 140.8 175.01 208.13 175.34 158.0 140.74 126.44 124.03 133.25 151.98 166.42 178.02 179.92 174.22 157.91 145.0 139.97 129.09 126.97 121.42 121.77 118.96 117.46 119.88 118.35 137.54 146.2 144.1 135.94 121.96 118.87 115.01 119.36 132.7 139.43 160.0 167.57 167.85 156.12 143.42 136.4 129.36 130.04 125.6 124.18 121.24 120.18 120.0 121.77 124.65 123.74 126.82 127.5 126.21 112.25 107.51 116.81 126.88 136.94 144.8 155.42 152.75 143.82 134.7 136.78 124.72 122.64 120.11 116.64 114.41 115.45 130.43 157.86 262.23 418.43 291.7 236.29 196.09 181.38 171.39 191.9 277.05 381.61 563.13 473.28 295.57 220.0 170.0 164.46 146.37 128.04 124.74 116.86 109.16 104.41 107.58 118.07 139.33 182.65 185.39 180.0 141.91 123.12 124.43 125.4 167.12 199.3 284.16 244.75 200.27 172.45 153.82 136.59 121.22 128.83 125.47 122.91 122.4 124.01 124.98 140.01 168.87 229.46 199.41 179.06 172.94 165.0 170.0 179.92 193.22 173.93 181.09 165.0 150.33 104.81 117.61 127.0 104.67 108.01 103.33 108.55 103.09 98.75 108.01 140.0 136.6 155.0 170.0 149.61 151.0 148.85 160.59 151.9 155.0 140.0 132.7 130.72 141.07 140.0 134.36 132.7 100.02 108.01 108.01 85.9 84.59 84.59 112.01 150.0 159.79 165.0 155.0 155.0 145.0 164.97 161.9 165.0 150.0 142.98 150.0 144.92 120.72 112.52 84.59 78.49 69.69 78.81 79.28 85.0 85.89 83.08 87.35 86.48 93.34 99.43 97.58 90.98 88.95 84.76 83.83 93.78 111.34 128.12 143.36 148.87 143.84 134.26 137.76 136.07 122.98 128.16 117.41 113.77 108.6 107.9 110.17 112.83 120.0 127.4 124.96 108.2 103.36 97.14 92.16 105.97 114.2 129.53 135.05 124.79 113.78 111.15 100.88 82.0 77.55 74.89 70.06 38.09 41.5 74.3 80.24 229.52 262.77 179.0 139.31 99.15 95.78 129.35 105.39 131.67 150.0 165.0 145.0 130.0 165.0 145.44 116.26 130.0 88.67 79.25 80.38 81.28 80.57 84.17 101.8 122.89 133.83 146.8 132.61 125.2 120.56 118.25 121.75 125.94 135.95 146.66 152.24 141.76 133.9 118.07 94.05 100.5 86.66 86.54 84.95 81.03 79.81 84.95 95.93 119.06 133.72 144.22 133.53 108.03 91.41 85.6 86.04 92.91 115.15 119.94 140.72 150.0 145.35 135.08 123.06 115.19 100.21 97.39 97.02 96.22 97.37 96.94 111.24 141.97 153.11 160.3 151.64 132.75 123.25 113.85 113.3 129.8 153.72 161.45 178.92 174.84 161.29 150.56 134.48 126.66 120.2 120.0 117.35 114.01 114.01 116.58 121.01 154.37 159.87 163.7 154.82 130.1 126.2 120.06 121.19 119.89 151.47 168.59 184.56 184.48 178.99 162.66 152.7 152.38 134.97 139.56 131.39 125.78 119.17 119.22 120.86 127.18 144.74 153.46 142.44 128.4 120.08 110.29 103.4 113.7 129.91 155.04 168.01 167.41 162.98 156.6 145.24 141.73 131.74 133.26 126.91 122.99 120.66 122.34 123.41 128.09 135.9 137.3 137.7 130.04 129.33 122.24 111.88 116.65 128.89 153.14 165.25 172.32 173.95 165.5 155.77 148.44 133.24 129.54 126.63 124.72 120.04 123.24 127.77 159.18 207.88 243.23 178.04 149.95 126.16 117.27 115.52 124.31 147.32 169.51 214.64 200.73 201.1 167.74 153.0 144.21 135.81 132.4 125.54 123.18 123.99 123.25 127.63 155.37 191.13 211.99 163.31 136.53 126.71 117.55 113.18 120.09 138.47 170.43 178.26 175.0 171.02 152.85 131.0 130.77 123.05 115.2 110.86 110.27 109.09 115.43 122.5 147.67 168.12 180.81 159.33 133.5 121.97 117.02 119.5 128.85 144.12 160.36 177.15 189.9 189.63 170.0 155.42 143.7 133.68 133.67 129.8 125.95 125.0 125.01 134.5 154.93 180.09 219.08 178.95 160.22 150.88 145.88 142.97 139.07 150.09 171.17 176.63 169.12 162.12 135.15 123.54 131.27 121.95 126.05 112.7 108.82 105.0 114.14 127.75 178.61 181.71 164.98 150.47 134.44 117.05 113.52 118.79 122.32 151.3 133.7 132.92 136.89 132.27 111.54 87.65 98.8 100.0 83.39 86.49 86.39 88.13 89.69 90.99 88.95 93.24 112.24 97.54 94.55 86.74 85.4 87.56 92.77 118.0 136.88 144.46 160.47 160.33 155.17 149.0 143.56 135.53 135.0 127.75 124.07 119.3 116.81 117.0 117.0 133.43 136.77 120.94 113.7 109.1 87.08 98.01 109.9 120.4 138.0 142.93 155.76 150.6 144.55 142.16 143.0 128.54 119.56 114.07 111.4 107.72 107.31 115.58 153.71 173.8 181.36 163.18 141.45 121.23 125.33 124.09 136.91 152.78 140.3 126.84 125.09 140.0 120.0 109.21 131.31 88.52 78.92 86.98 135.0 105.01 88.55 99.0 145.0 194.13 169.7 143.69 116.05 104.85 107.55 117.2 130.96 135.7 145.75 143.93 145.0 156.88 156.01 137.8 141.47 128.2 129.26 127.91 126.82 126.59 128.74 128.87 141.3 173.11 180.0 174.92 168.75 168.43 157.95 159.23 141.48 150.0 160.1 162.69 181.66 183.99 152.14 144.99 139.78 133.0 132.38 140.12 150.74 144.49 146.91 133.16 135.3 270.7 251.77 222.64 205.6 185.9 176.9 184.44 190.0 211.71 200.21 207.33 205.5 196.52 176.36 162.92 153.12 139.32 139.65 137.01 131.66 131.43 130.78 140.09 163.63 224.86 261.75 214.52 180.61 163.74 150.06 149.42 157.07 172.21 196.88 292.25 288.53 224.61 183.55 163.6 153.0 140.03 135.66 130.69 120.25 118.7 118.97 120.87 134.52 149.23 150.53 137.05 124.59 118.36 112.39 110.01 116.42 129.59 145.64 164.02 175.23 161.46 141.16 116.37 130.3 120.32 134.11 128.9 123.57 119.9 119.57 119.84 118.05 124.47 123.77 125.75 131.48 128.92 127.85 121.36 123.67 127.33 139.52 170.0 172.12 168.8 155.51 134.93 132.06 131.51
