544 5
1 31 35 34 34
1 0 0 0 0 0 3 1 2 3 0 215 12.21
4 0 5 0 0 0 2 8 20 1 132 10.29
3 0 0 0 0 3 3 6 10 12 1 173 8.48
10 0 7 0 0 1 3 4 5 16 1 157 15.78
4 0 10 0 0 10 3 7 9 11 11 214 11.5
9 0 3 2 7 4 3 15 17 20 11 212 15.59
2 0 0 0 3 0 3 21 22 30 4 155 12.9
8 0 0 8 1 0 3 15 17 25 15 137 11.58
6 0 3 0 0 0 1 29 5 195 14.14
8 0 10 0 9 7 1 13 15 165 13.72
5 0 9 3 5 4 3 14 19 23 4 165 16.19
1 0 0 2 9 0 2 14 18 15 213 8.69
3 0 3 0 0 10 2 18 25 4 221 13.52
3 0 0 1 0 2 3 23 26 30 23 240 14.56
1 0 8 0 0 0 1 24 16 187 14.77
5 0 10 0 7 0 2 18 21 23 240 13.01
6 0 0 0 2 6 2 17 21 11 230 11.54
8 1 0 0 0 0 1 19 23 194 8.41
5 1 0 0 0 0 2 26 30 28 234 11.05
7 1 0 0 0 0 1 27 31 206 14.17
1 0 9 0 9 0 1 22 20 152 13.39
4 1 0 0 0 0 2 24 28 28 190 10.79
2 0 4 0 0 0 3 23 24 28 21 229 15.89
3 1 0 0 0 0 1 25 26 224 15.04
4 1 0 0 0 0 1 26 32 168 14.49
3 1 0 0 0 0 1 27 29 200 13.7
8 0 7 0 5 0 1 27 36 151 9.79
5 0 0 1 10 7 1 29 44 181 15.96
6 1 0 0 0 0 1 31 32 178 11.53
10 0 10 0 7 7 1 31 49 254 8.71
1 1 0 0 0 0 1 31 33 182 11.26
1 0 0 0 0 0 0 59 200 11.49
1 0 0 0 0 0 3 33 34 35 0 149 10.34
5 0 5 4 5 2 3 37 38 40 1 117 12.55
2 0 7 3 3 10 3 43 44 49 1 221 10.71
9 0 7 1 2 5 3 36 43 47 1 204 15.17
3 0 6 7 4 6 3 53 56 58 10 155 12.52
2 0 9 2 7 2 3 39 41 42 6 181 8.64
6 0 4 9 7 4 3 41 42 49 6 187 13.72
5 0 1 3 5 2 3 45 46 53 8 143 12.5
7 0 5 7 3 1 3 44 46 47 6 172 14.56
1 0 5 1 4 2 3 47 57 60 12 123 11.55
2 0 6 9 2 3 3 55 59 61 12 146 14.35
7 0 4 9 2 1 3 45 46 50 10 217 14.21
10 0 2 8 10 9 3 50 52 54 13 215 15.98
7 0 2 8 8 1 2 48 54 17 163 11.04
8 0 10 3 2 5 3 52 60 61 17 186 9.61
1 0 2 2 10 9 1 62 13 154 14.69
9 1 0 0 0 0 2 51 55 24 241 12.6
9 0 7 10 8 4 3 51 52 54 12 174 9.69
2 0 7 7 7 3 3 51 53 55 23 212 15.57
4 1 0 0 0 0 2 56 58 33 217 12.1
10 1 0 0 0 0 1 57 25 147 9.75
10 1 0 0 0 0 1 61 25 210 9.43
9 1 0 0 0 0 2 56 57 24 164 15.59
6 1 0 0 0 0 2 58 60 33 193 13.72
7 0 6 10 4 8 1 59 37 164 10.54
8 0 1 3 2 5 1 59 35 239 10.07
9 0 6 3 4 6 1 62 39 248 13.91
8 0 8 2 9 9 1 62 44 224 13.18
6 0 5 5 8 3 1 63 39 241 9.43
9 0 7 5 3 8 1 63 35 219 11.12
9 0 6 9 1 7 1 63 52 178 11.64
1 0 0 0 0 0 0 61 259 15.93
1 0 0 0 0 0 3 65 66 67 0 177 9.32
3 0 0 0 1 0 3 69 71 88 1 168 8.68
8 0 8 0 0 0 1 94 1 187 10.13
6 0 0 0 0 9 3 68 72 76 1 154 11.12
5 0 0 6 0 0 3 69 70 86 7 125 15.85
4 0 0 0 0 9 3 79 80 85 12 146 13.23
1 0 3 0 0 0 3 74 79 91 12 211 14.9
6 0 0 0 0 7 3 72 78 84 4 210 15.53
10 0 0 5 0 0 2 73 87 10 147 12.21
2 0 0 0 0 1 3 80 82 85 20 150 11.62
5 0 0 0 5 0 1 75 13 144 10.12
3 1 0 0 0 0 2 82 90 18 140 11.4
8 0 4 0 0 0 3 77 83 89 7 138 12.01
7 1 0 0 0 0 2 80 92 15 152 11.49
1 0 5 0 0 0 1 92 10 178 9.58
3 1 0 0 0 0 2 81 89 16 182 11.89
2 1 0 0 0 0 3 81 90 94 22 198 14.53
8 0 0 3 0 0 1 93 24 147 11.83
4 0 0 9 0 0 1 93 22 168 11.6
8 0 0 2 0 0 1 84 15 147 13.21
2 1 0 0 0 0 2 85 87 23 199 14.62
3 1 0 0 0 0 1 94 25 144 10.29
10 0 0 0 0 1 2 87 88 12 231 14.64
7 0 0 0 1 0 1 91 25 221 15.33
8 0 0 0 0 7 2 89 91 22 197 14.09
2 0 0 0 0 4 1 90 30 191 10.83
10 0 0 3 0 0 1 93 32 200 10.83
5 0 0 0 9 0 1 92 32 175 13.65
1 0 9 0 0 0 1 95 37 189 15.28
1 0 0 0 3 0 1 95 42 150 14.32
9 0 0 0 2 0 1 95 28 153 13.16
1 0 0 0 0 0 0 43 207 9.64
1 0 0 0 0 0 3 97 98 99 0 153 11.11
9 0 6 3 4 9 3 100 101 105 1 221 12.27
10 0 3 3 6 10 3 101 117 118 1 219 13.59
4 0 8 3 10 1 3 104 105 115 1 141 9.34
1 0 4 2 10 7 3 102 103 106 10 122 12.57
9 0 6 5 3 10 3 102 109 112 11 162 11.68
4 0 6 1 10 4 2 114 116 20 197 10.55
6 0 8 2 4 5 3 107 109 118 11 130 12.63
1 0 7 4 5 5 3 109 110 123 5 115 9.55
1 0 2 5 1 1 3 108 114 116 10 129 12.66
2 0 2 10 9 3 3 110 113 120 11 215 9.12
3 0 7 3 4 9 3 108 111 112 17 167 8.4
4 0 3 10 10 6 3 110 120 122 20 144 13.09
7 0 9 4 8 4 1 119 20 205 14.12
10 0 1 4 1 10 1 117 24 217 8.89
8 0 1 8 5 6 3 113 114 117 20 179 9.58
9 0 5 9 3 4 3 113 120 121 20 184 8.98
7 1 0 0 0 0 2 115 124 29 219 13.43
4 1 0 0 0 0 3 119 121 123 28 222 14.43
9 0 5 6 10 3 2 116 119 36 193 12.29
10 0 7 2 2 9 2 122 123 45 223 12.72
5 0 6 6 1 1 1 121 34 209 9.53
10 1 0 0 0 0 2 122 124 17 164 10.65
8 0 10 8 6 5 2 125 126 45 222 16.29
9 0 2 7 3 4 1 124 29 181 14.88
1 0 8 9 2 2 1 126 39 233 12.13
5 0 2 4 2 9 2 125 126 55 166 10.3
6 0 8 10 9 3 1 125 55 183 13.19
8 0 5 10 4 10 1 127 38 158 15.48
5 0 1 7 6 8 1 127 61 262 12.75
6 0 4 8 1 10 1 127 60 228 10.68
1 0 0 0 0 0 0 66 231 13.98
1 0 0 0 0 0 3 129 130 131 0 186 14.41
3 0 7 8 10 4 3 132 139 147 1 117 11.73
4 0 6 5 3 1 3 132 134 136 1 162 10.2
5 0 4 10 10 10 3 133 142 146 1 215 9.34
8 0 8 2 8 1 3 135 138 140 5 154 9.35
1 0 1 1 6 10 3 139 141 143 6 189 13.17
5 0 8 4 5 7 3 151 152 158 5 125 14.72
4 0 4 5 9 3 3 137 144 154 13 230 14.77
8 0 2 3 8 1 3 139 141 150 5 159 14.71
10 0 3 9 4 7 3 141 145 146 17 177 12.65
4 0 1 7 2 9 2 142 148 13 214 8.83
3 0 7 5 4 9 3 140 144 153 13 192 15.48
10 0 6 5 6 5 3 149 155 156 16 212 12.08
6 1 0 0 0 0 1 148 27 211 13.33
6 0 1 7 4 10 3 145 150 153 17 174 15.58
10 0 7 5 5 4 3 144 147 148 7 153 10.11
9 1 0 0 0 0 3 145 151 156 17 187 10.23
8 0 8 2 1 6 1 152 27 143 12.7
6 1 0 0 0 0 2 149 151 27 151 12.4
1 0 7 5 8 4 3 150 153 155 17 145 10.9
9 0 7 10 1 6 3 149 155 156 33 194 11.18
5 0 6 7 3 9 1 152 42 188 13.96
4 0 2 1 7 2 1 154 23 223 11.88
3 0 6 9 7 2 1 157 33 154 10.26
6 0 2 3 1 4 1 157 47 222 11.86
10 1 0 0 0 0 2 154 157 23 205 9.29
9 0 4 3 4 2 1 158 33 176 9.18
6 0 8 9 7 9 1 158 42 210 15.65
9 0 9 7 10 3 1 159 42 243 14.17
5 0 2 9 8 1 1 159 53 162 15.85
10 0 5 2 7 9 1 159 48 240 12.52
1 0 0 0 0 0 0 58 179 9.97
1 0 0 0 0 0 3 161 162 163 0 137 11.6
1 0 0 6 0 0 3 168 170 179 1 205 15.87
9 0 9 4 9 3 2 164 167 1 196 10.47
4 0 4 1 7 9 2 165 171 1 177 13.09
10 0 0 0 7 0 1 166 10 135 13.61
10 0 2 8 0 4 3 181 184 185 5 170 8.69
7 1 0 0 0 0 3 169 180 183 20 153 9.96
2 0 0 0 0 5 1 175 10 201 15.79
5 0 4 10 0 0 1 174 2 223 12.82
7 0 0 0 10 0 1 178 27 185 12.13
8 0 8 4 0 0 2 173 190 2 209 13.4
9 0 0 0 0 2 3 172 173 177 5 158 16.04
7 0 0 0 0 2 1 184 14 224 12.41
3 0 0 7 0 0 1 176 14 133 11.21
10 0 2 0 2 0 1 187 7 171 12.07
3 0 0 6 0 0 1 178 12 127 10.2
3 0 3 0 6 0 1 189 17 134 11.68
9 0 0 2 7 0 1 180 14 137 9.46
5 1 0 0 0 0 2 182 186 34 222 11.64
8 0 7 3 0 0 2 185 189 2 179 14.52
8 1 0 0 0 0 3 181 184 187 27 175 15.94
9 0 0 5 1 0 1 186 35 224 14.23
7 0 0 4 0 2 1 185 39 211 8.76
7 0 0 8 8 0 1 188 27 178 8.55
8 0 0 10 8 0 1 190 35 251 9.3
9 0 1 6 6 0 1 188 46 260 11.11
10 0 5 0 6 0 1 190 44 165 8.67
7 0 0 4 0 0 1 189 35 199 8.23
1 0 0 3 1 9 1 191 55 244 9.17
8 0 9 6 7 4 1 191 42 221 9.17
4 0 6 0 0 6 1 191 54 205 9.49
1 0 0 0 0 0 0 58 235 15.34
1 0 0 0 0 0 3 193 194 195 0 126 10.95
9 0 0 6 0 1 3 202 215 218 1 219 12.86
7 0 0 0 1 0 3 197 199 200 1 161 13.83
1 0 5 7 10 0 3 196 201 205 1 184 11.37
1 0 6 9 1 0 3 197 198 202 2 133 8.48
10 0 0 3 0 0 3 206 212 215 8 162 12.29
4 0 7 7 1 0 3 203 209 210 3 117 9.49
5 0 2 0 0 0 3 206 214 215 8 151 16.14
10 0 0 10 10 0 3 202 203 207 8 207 9.98
6 0 0 0 6 0 3 207 216 222 2 187 9.32
9 1 0 0 0 0 3 208 209 211 18 195 10.52
7 0 3 0 0 0 3 204 206 219 18 139 13.98
6 0 0 10 0 5 3 212 213 218 25 204 11.0
8 0 0 10 0 6 3 207 210 211 2 129 12.42
6 1 0 0 0 0 3 211 217 218 25 189 11.71
6 1 0 0 0 0 2 214 217 18 185 9.73
7 1 0 0 0 0 3 210 216 220 27 187 11.47
9 0 0 0 3 5 1 222 27 191 13.08
5 0 0 2 0 9 3 212 213 219 34 196 9.57
6 0 0 0 10 6 1 213 31 220 13.08
8 0 0 5 0 2 1 214 39 236 8.34
8 0 5 0 3 0 1 222 39 160 12.45
3 0 3 2 10 0 1 221 47 181 16.05
6 1 0 0 0 0 3 216 219 220 18 223 10.12
7 0 2 0 0 0 1 217 34 250 12.13
2 0 7 1 3 0 1 221 41 227 11.04
5 0 6 2 0 2 1 220 31 213 12.46
8 0 0 9 0 0 1 221 39 256 11.4
10 0 0 10 5 0 1 223 36 228 11.42
2 0 4 0 0 3 1 223 50 161 8.93
2 0 10 0 8 0 1 223 47 194 13.42
1 0 0 0 0 0 0 52 237 16.34
1 0 0 0 0 0 3 225 226 227 0 191 15.64
4 0 10 0 6 7 3 228 229 232 1 178 15.02
2 0 7 0 10 0 3 243 244 246 1 163 14.42
3 0 3 1 0 0 3 230 233 235 1 129 13.58
1 0 3 6 1 8 3 231 235 244 5 138 8.25
3 0 9 5 6 5 3 230 234 241 5 220 15.83
2 0 1 0 9 10 3 237 240 253 8 118 8.67
4 0 4 3 3 0 3 236 238 245 6 200 13.41
4 0 5 5 0 1 3 233 238 243 5 170 13.42
9 0 8 5 7 0 3 234 237 239 9 164 12.09
6 0 10 1 10 4 3 242 249 254 18 132 13.65
7 0 5 0 0 0 2 240 245 6 215 10.7
2 0 0 7 3 0 2 237 246 10 142 13.04
10 1 0 0 0 0 3 242 248 254 18 140 10.43
3 0 8 0 0 0 2 239 240 10 172 9.46
9 0 3 10 5 1 3 242 247 253 18 193 13.81
7 0 8 10 10 0 1 251 13 220 13.7
2 0 0 0 4 0 3 244 245 246 8 173 15.48
5 0 9 1 0 6 1 251 28 185 15.08
5 0 6 7 0 3 2 247 253 9 223 8.9
6 0 2 0 3 0 3 248 249 250 10 212 15.42
7 0 8 3 1 5 1 250 13 130 11.0
9 0 0 7 8 10 1 247 12 164 13.8
9 0 5 9 5 3 3 248 249 250 27 179 13.53
4 0 8 0 2 1 1 252 36 148 13.45
3 0 8 5 3 6 1 251 36 174 10.01
7 0 6 10 7 4 2 252 254 36 186 15.09
3 0 6 0 6 9 1 252 39 220 12.04
4 0 2 4 1 0 1 255 43 203 13.87
6 0 7 1 9 8 1 255 27 176 15.33
10 0 7 5 1 9 1 255 43 201 11.15
1 0 0 0 0 0 0 53 231 13.0
1 0 0 0 0 0 3 257 258 259 0 198 11.28
3 0 7 0 0 0 3 262 265 266 1 153 14.24
3 0 0 0 0 3 1 260 1 160 9.69
9 0 1 0 0 0 3 261 265 276 1 176 9.11
1 0 0 5 0 0 1 283 4 148 9.97
7 0 0 6 0 0 3 266 269 280 10 170 15.05
4 0 0 0 0 8 2 263 277 4 137 12.98
4 0 0 0 6 0 3 264 270 276 8 136 9.18
4 1 0 0 0 0 2 268 272 12 215 14.26
3 0 10 0 0 0 3 267 273 279 10 191 12.87
1 1 0 0 0 0 3 281 282 283 17 133 10.13
6 0 0 9 0 0 3 268 274 275 13 129 14.81
8 0 0 10 0 0 1 269 19 143 15.97
5 0 1 0 0 0 3 281 282 283 27 171 14.83
4 0 6 0 0 0 3 271 273 279 12 210 10.08
9 1 0 0 0 0 2 274 278 16 185 15.3
2 1 0 0 0 0 2 273 286 16 192 13.18
5 1 0 0 0 0 1 274 18 225 8.43
1 0 7 0 0 0 1 280 25 217 10.41
1 1 0 0 0 0 3 278 285 286 19 221 10.41
5 0 0 1 0 0 1 285 12 161 10.33
3 0 0 0 0 2 1 285 8 219 9.47
5 0 6 0 0 0 1 280 25 195 9.63
2 0 0 0 8 0 2 281 284 16 162 12.93
10 0 3 0 0 0 1 282 30 209 10.55
1 0 0 0 4 0 1 286 32 229 11.98
1 0 0 0 0 8 1 284 40 235 8.61
3 0 0 9 0 0 1 284 32 141 14.66
4 0 8 0 0 0 1 287 41 189 15.0
9 0 0 0 6 0 1 287 20 237 8.54
6 0 0 0 0 3 1 287 33 250 14.38
1 0 0 0 0 0 0 45 208 10.34
1 0 0 0 0 0 3 289 290 291 0 186 13.65
2 0 6 0 0 0 3 292 308 309 1 116 12.45
6 0 0 0 1 0 2 295 301 1 202 14.76
4 0 0 4 0 0 3 293 294 296 1 127 13.04
1 0 10 0 0 0 3 298 305 307 3 164 10.24
5 0 0 0 2 0 1 303 5 210 8.59
9 0 1 0 0 0 3 297 298 303 5 149 11.47
2 0 0 0 3 0 2 299 313 7 201 9.32
6 0 0 8 0 0 3 300 307 309 5 180 10.2
2 0 0 0 0 5 3 308 312 316 14 152 11.42
1 0 3 0 0 0 3 302 304 314 14 219 14.97
10 0 0 0 0 3 3 300 306 311 9 154 8.31
4 0 3 0 0 0 1 304 19 210 8.28
10 0 0 1 0 0 1 306 7 152 14.9
5 0 0 0 6 0 1 310 15 140 15.33
3 0 0 0 1 0 3 308 310 312 14 226 15.3
1 1 0 0 0 0 1 316 23 134 14.74
9 0 0 0 2 0 2 312 316 4 203 8.77
7 1 0 0 0 0 3 309 310 314 19 182 11.97
9 0 0 0 0 4 1 317 11 143 12.92
8 1 0 0 0 0 1 311 17 134 9.47
7 1 0 0 0 0 1 315 26 204 11.52
4 0 0 4 0 0 2 315 317 26 236 13.58
4 1 0 0 0 0 2 314 318 25 179 13.44
8 0 0 0 0 8 1 313 17 194 10.85
4 1 0 0 0 0 1 315 25 188 9.61
3 1 0 0 0 0 1 317 29 148 10.28
10 0 0 0 6 0 1 318 33 245 10.35
6 0 8 0 0 0 1 319 24 139 13.29
10 0 0 0 4 0 1 319 32 202 9.82
7 0 0 5 0 0 1 319 43 160 9.18
1 0 0 0 0 0 0 50 181 13.22
1 0 0 0 0 0 3 321 322 323 0 138 14.91
10 0 5 3 8 10 3 331 339 343 1 208 10.54
10 0 8 2 3 8 3 324 325 333 1 205 11.24
3 0 8 2 1 10 3 326 332 342 1 198 8.63
2 0 1 1 4 4 2 328 344 11 151 13.99
10 0 7 10 3 6 3 335 339 340 11 234 15.34
9 0 8 1 1 4 3 327 335 343 4 160 10.02
6 0 4 1 3 9 3 329 330 336 13 139 11.52
6 0 10 5 5 3 2 334 343 13 137 12.69
2 0 5 9 5 1 2 338 348 19 152 15.68
1 1 0 0 0 0 2 344 349 19 184 10.85
5 1 0 0 0 0 3 335 341 347 11 181 9.96
3 0 4 7 9 8 1 333 4 161 9.54
1 0 9 8 10 8 1 336 11 207 14.47
3 1 0 0 0 0 3 337 341 347 19 196 15.14
5 1 0 0 0 0 1 348 21 184 8.86
2 1 0 0 0 0 2 344 345 19 201 12.41
10 1 0 0 0 0 2 342 346 22 190 12.18
1 0 5 2 2 9 1 345 21 171 9.74
8 1 0 0 0 0 2 342 346 21 176 11.46
1 0 1 7 6 10 2 341 346 21 230 15.37
8 1 0 0 0 0 2 349 350 22 237 14.45
6 0 6 3 10 1 1 345 32 166 15.2
2 1 0 0 0 0 1 350 19 214 11.22
2 1 0 0 0 0 1 347 21 171 8.73
8 0 3 10 4 6 1 349 38 167 14.69
6 0 7 1 3 3 1 348 32 150 12.9
4 1 0 0 0 0 1 350 23 187 13.61
3 0 9 8 1 9 1 351 38 199 16.4
8 0 4 3 10 8 1 351 46 169 12.39
1 0 7 4 5 1 1 351 30 147 14.69
1 0 0 0 0 0 0 54 183 10.29
1 0 0 0 0 0 3 353 354 355 0 145 11.24
6 0 1 6 5 3 1 356 1 134 11.82
4 0 0 6 3 6 3 358 363 364 1 119 8.9
6 0 8 10 10 2 2 357 363 1 205 14.45
6 0 2 1 2 1 3 371 372 376 7 224 12.37
2 0 3 0 0 3 2 370 375 7 188 14.06
3 0 0 0 4 0 3 359 360 361 5 202 12.72
9 0 8 0 5 8 3 367 372 380 8 174 9.69
9 0 1 4 2 0 2 362 371 8 200 10.36
9 0 4 8 0 6 3 365 369 374 8 177 11.38
2 0 2 9 0 9 3 370 373 374 17 159 15.64
2 0 8 6 1 8 1 379 7 143 16.27
3 1 0 0 0 0 1 366 5 214 12.86
8 1 0 0 0 0 3 366 370 373 17 139 11.57
9 0 7 5 7 0 1 376 25 238 11.83
10 1 0 0 0 0 1 368 17 206 9.23
2 1 0 0 0 0 2 369 379 27 167 15.37
2 0 4 7 0 2 1 382 29 219 13.68
9 0 5 0 5 7 2 376 378 25 221 13.45
10 0 2 0 4 0 1 373 17 177 11.82
4 1 0 0 0 0 2 375 379 17 183 13.33
1 0 4 0 6 2 3 377 378 381 27 241 9.93
2 0 4 4 8 3 3 375 377 382 19 179 13.24
3 0 0 2 3 8 1 381 21 180 8.37
5 0 2 8 10 8 1 377 34 242 11.4
1 0 0 0 7 4 1 380 39 226 8.61
2 0 4 1 7 1 1 380 34 193 15.45
2 0 4 6 3 8 2 381 382 29 186 14.57
4 0 6 5 0 10 1 383 40 239 10.3
1 0 0 10 2 0 1 383 31 157 14.97
10 0 6 5 1 0 1 383 31 182 9.23
1 0 0 0 0 0 0 44 225 14.69
1 0 0 0 0 0 3 385 386 387 0 191 13.48
10 0 2 10 7 2 3 388 390 408 1 133 15.96
9 0 10 10 8 8 2 393 395 1 189 15.48
3 0 3 7 5 7 3 390 391 397 1 159 12.56
5 0 1 1 6 5 1 389 11 163 11.28
10 0 10 5 6 7 3 392 396 407 16 220 8.26
4 1 0 0 0 0 3 398 399 414 11 166 15.6
9 0 1 9 5 8 1 402 4 186 11.01
3 1 0 0 0 0 2 394 405 26 140 8.52
6 0 8 10 3 9 1 409 10 175 16.3
2 1 0 0 0 0 2 399 404 29 147 13.55
3 0 7 3 8 9 1 400 10 164 11.12
2 1 0 0 0 0 2 401 410 26 217 14.6
6 0 4 1 6 9 1 406 4 158 8.25
8 0 8 7 3 8 1 405 15 131 12.25
2 0 9 5 7 2 2 402 412 31 191 10.66
5 0 3 5 3 3 1 403 13 159 8.74
7 1 0 0 0 0 2 402 406 28 230 9.06
4 0 6 9 2 2 1 413 35 163 13.12
9 0 1 8 3 10 1 412 18 175 11.74
6 0 3 9 3 5 1 413 31 243 11.37
5 0 4 4 8 1 1 410 29 206 9.59
7 0 8 6 9 6 1 411 35 243 8.56
2 0 3 9 9 7 1 409 26 174 14.07
8 0 9 7 9 8 1 412 11 127 11.98
10 0 5 2 7 3 2 410 411 28 198 11.72
2 0 8 4 2 9 1 413 38 202 15.1
7 0 7 4 8 5 1 414 42 174 13.06
8 0 1 7 7 2 1 415 33 217 10.79
5 0 2 1 5 8 1 415 40 208 11.61
10 0 5 5 7 3 1 415 49 170 16.05
1 0 0 0 0 0 0 59 229 8.22
1 0 0 0 0 0 3 417 418 419 0 180 14.57
5 0 0 3 0 0 3 420 424 438 1 186 10.76
1 0 4 0 0 0 3 421 422 423 1 120 9.69
8 0 2 0 8 0 3 425 430 439 1 163 9.46
4 0 10 0 0 10 3 425 428 439 6 175 12.05
4 0 0 8 7 0 3 427 433 446 2 164 13.38
1 0 9 2 0 2 3 429 434 438 2 198 16.25
7 0 0 1 5 0 1 436 2 225 15.08
10 0 0 5 3 0 3 425 426 428 6 215 12.48
5 0 0 1 2 0 1 441 16 179 8.99
6 0 2 0 5 0 2 430 434 16 218 11.2
9 0 9 0 0 0 2 430 432 6 191 13.05
7 0 4 1 0 5 3 431 432 435 16 149 9.08
4 0 7 4 4 0 1 444 3 180 13.01
6 1 0 0 0 0 1 440 22 192 11.72
6 1 0 0 0 0 2 441 445 23 201 10.65
2 0 10 2 0 3 2 442 443 23 208 10.29
9 0 2 10 0 4 1 440 6 124 11.99
9 1 0 0 0 0 1 437 22 187 11.18
5 1 0 0 0 0 2 440 445 23 150 10.63
8 0 4 0 0 10 1 437 9 188 10.9
2 1 0 0 0 0 2 439 441 31 149 14.67
8 0 0 0 3 8 2 443 445 6 134 12.9
5 0 0 3 0 1 2 442 446 33 248 13.3
5 1 0 0 0 0 1 443 28 143 14.26
3 0 2 0 0 1 2 442 446 33 161 12.21
8 0 0 0 9 6 1 444 38 230 8.5
1 1 0 0 0 0 1 444 33 163 13.75
8 0 0 6 0 0 1 447 46 180 14.13
7 0 4 10 0 0 1 447 29 164 16.11
1 0 0 9 8 10 1 447 38 145 14.16
1 0 0 0 0 0 0 54 202 13.2
1 0 0 0 0 0 3 449 450 451 0 216 11.08
2 0 0 0 0 8 3 452 455 458 1 152 16.17
10 0 0 3 0 0 3 453 460 467 1 213 11.96
10 0 0 0 6 0 3 452 465 469 1 226 9.6
6 0 0 2 0 0 3 457 459 460 11 127 14.16
10 0 0 0 0 9 3 454 456 468 11 147 9.41
6 1 0 0 0 0 3 461 464 472 21 194 11.47
1 0 0 0 8 0 3 465 466 472 3 162 12.26
5 1 0 0 0 0 3 458 461 462 21 181 9.8
2 0 0 0 0 10 3 463 467 471 17 222 8.74
7 0 2 0 0 0 3 466 470 475 26 230 13.82
5 0 0 0 4 0 3 463 464 467 17 209 15.22
7 0 0 0 5 0 3 461 463 464 17 235 9.65
6 1 0 0 0 0 1 475 27 205 14.95
8 1 0 0 0 0 3 469 471 472 26 165 13.16
5 1 0 0 0 0 1 477 24 155 11.09
10 1 0 0 0 0 3 466 470 473 27 247 12.62
8 0 0 0 8 0 3 468 471 473 11 129 8.39
6 0 0 3 0 0 2 476 477 37 249 15.41
5 1 0 0 0 0 2 468 470 22 193 12.34
9 1 0 0 0 0 1 478 27 166 10.68
9 0 7 0 0 0 3 474 476 477 34 203 10.97
2 1 0 0 0 0 1 478 37 195 8.74
4 0 0 0 6 0 2 474 476 34 193 15.12
3 0 0 0 0 6 1 473 34 230 11.39
5 0 0 0 0 3 1 474 37 168 11.78
4 0 0 0 0 8 1 475 43 187 9.48
10 0 0 0 1 0 1 478 47 237 13.26
3 0 0 0 5 0 1 479 43 180 15.67
5 0 0 0 0 4 1 479 43 232 11.67
3 0 3 0 0 0 1 479 57 182 14.45
1 0 0 0 0 0 0 60 175 9.89
1 0 0 0 0 0 3 481 482 483 0 217 12.3
5 0 9 0 6 0 3 484 489 507 1 134 12.85
2 0 7 6 0 0 3 485 488 492 1 159 13.94
7 0 4 0 9 0 3 486 494 505 1 207 10.32
7 0 8 10 10 0 3 487 498 499 6 138 15.84
7 0 0 1 1 2 3 491 497 503 3 175 8.92
10 0 6 0 5 2 1 503 8 230 16.17
1 0 2 10 0 9 2 488 496 13 157 12.48
3 1 0 0 0 0 2 490 500 14 230 10.71
2 0 0 0 0 9 2 493 501 6 220 15.01
3 0 6 0 1 7 1 506 17 225 10.11
6 0 0 3 0 0 1 507 10 230 9.63
3 0 0 0 1 8 1 509 3 224 12.32
10 0 3 0 8 0 2 495 504 8 189 14.72
3 0 8 8 0 0 1 499 8 220 10.73
10 0 9 0 0 0 1 509 18 197 14.93
3 1 0 0 0 0 1 502 14 126 10.58
9 1 0 0 0 0 1 502 10 148 14.73
10 0 0 10 5 0 2 500 505 13 201 13.24
4 0 7 9 0 0 1 500 13 187 11.67
10 0 0 7 2 0 1 510 23 213 8.61
7 1 0 0 0 0 1 508 8 136 11.83
5 0 0 0 7 0 1 510 19 139 14.56
5 0 1 0 0 0 1 509 18 206 8.47
8 0 0 10 4 0 1 510 18 240 11.29
9 0 7 7 0 0 1 506 23 196 8.98
6 0 6 0 1 0 1 508 32 242 13.71
1 1 0 0 0 0 1 508 16 223 11.35
2 0 8 0 4 8 1 511 38 145 12.95
4 0 9 0 7 0 1 511 28 199 9.05
2 0 10 0 0 0 1 511 33 151 14.88
1 0 0 0 0 0 0 40 178 14.6
1 0 0 0 0 0 3 513 514 515 0 170 11.11
6 0 7 8 0 0 3 518 520 528 1 126 9.31
5 0 5 0 0 0 1 531 1 171 12.63
9 0 3 0 10 0 1 516 1 132 13.85
1 0 6 0 10 10 3 517 519 536 10 224 14.36
7 0 0 0 10 6 3 521 522 523 11 229 13.35
7 0 8 6 0 4 3 525 527 530 7 189 12.38
3 0 6 0 5 5 1 524 11 193 9.0
3 0 1 2 5 9 2 526 529 7 218 8.36
7 0 4 0 10 0 1 528 18 156 12.26
2 0 2 0 0 0 1 528 18 234 11.15
3 1 0 0 0 0 2 537 542 18 210 11.64
3 0 0 4 8 0 1 525 14 148 8.63
10 1 0 0 0 0 2 535 541 17 233 14.36
3 0 0 0 4 10 1 540 10 186 8.99
4 0 0 8 0 0 3 532 533 539 14 225 11.99
7 1 0 0 0 0 1 534 25 152 9.73
6 0 10 0 2 7 2 530 541 10 195 10.45
2 1 0 0 0 0 1 532 16 144 8.36
2 0 0 5 0 0 1 534 6 225 12.08
10 1 0 0 0 0 1 538 18 153 10.3
7 1 0 0 0 0 1 534 18 174 10.1
1 0 0 0 0 6 2 535 542 32 245 15.15
3 0 3 0 0 2 1 538 33 156 9.65
9 1 0 0 0 0 1 538 11 175 14.6
1 1 0 0 0 0 1 539 21 185 12.07
5 0 0 6 0 3 1 540 36 246 14.12
4 1 0 0 0 0 1 541 22 214 10.03
8 0 10 3 0 0 1 543 41 200 16.02
8 0 0 2 9 8 1 543 27 158 14.7
3 0 8 4 0 0 1 543 33 199 14.94
1 0 0 0 0 0 0 49 209 12.95
111.21 104.19 97.44 94.3 100.58 111.92 132.74 136.4 113.64 94.79 70.9 28.81 12.77 5.0 8.0 28.58 74.99 99.3 116.82 149.23 231.01 154.91 129.65 114.48 116.99 107.35 104.17 106.33 112.6 121.82 144.38 132.49 97.54 77.61 62.82 16.0 7.74 9.07 10.87 28.29 72.91 99.9 109.98 132.32 193.13 152.12 121.93 110.2 107.93 102.33 97.9 94.9 93.7 102.49 112.48 116.54 107.82 84.82 42.22 57.3 50.0 45.17 55.07 70.54 71.62 110.3 122.4 179.0 114.35 110.27 100.72 90.0 101.9 91.14 86.89 86.53 87.33 94.1 112.33 112.03 103.39 98.92 92.89 88.25 90.0 81.26 84.62 95.73 98.9 112.07 134.29 123.69 154.93 131.5 119.6 105.0 104.4 96.58 90.17 89.74 96.2 110.05 132.28 136.37 118.04 88.47 74.43 61.31 23.0 19.58 20.0 64.98 63.58 68.39 114.95 137.77 181.42 146.75 128.14 110.68 106.05 95.88 89.49 84.88 83.36 81.29 83.46 76.84 62.05 12.26 -0.02 -0.33 -0.45 -0.55 -0.9 -1.85 -0.39 50.1 85.92 115.14 134.06 122.87 101.3 91.52 66.23 32.0 16.83 8.36 3.85 2.72 1.2 1.24 -0.02 -0.03 -0.6 -1.31 -1.73 -5.68 -7.2 -6.98 -2.0 0.34 17.45 95.62 109.81 111.77 103.62 94.45 89.84 79.97 75.12 74.41 79.81 88.13 119.49 146.41 130.98 93.48 61.34 24.23 16.4 11.28 6.14 9.7 26.35 57.95 111.65 146.07 212.9 170.69 129.25 106.4 99.03 86.4 77.9 76.44 80.21 83.42 95.01 86.36 69.35 51.1 4.39 3.49 0.16 0.68 1.84 12.73 59.63 88.33 111.39 135.18 182.47 134.28 111.86 92.79 86.59 73.07 70.42 65.61 68.26 79.11 94.64 101.37 96.19 91.7 78.29 73.3 66.97 59.9 57.86 73.48 73.52 98.82 116.22 131.57 159.1 136.24 121.7 104.56 97.6 93.19 90.94 90.45 90.33 90.51 84.78 84.39 82.11 61.49 18.77 1.65 0.24 2.22 0.23 5.48 1.6 15.17 65.09 97.03 121.25 105.81 92.95 75.96 63.73 72.62 48.6 33.95 37.39 56.54 82.17 68.38 53.01 29.13 1.85 0.21 7.44 4.84 -1.56 1.44 0.22 30.36 73.81 123.62 148.34 144.49 130.19 108.2 107.0 100.32 99.42 100.0 100.91 99.1 91.62 79.94 54.19 1.0 -0.02 -1.0 -3.07 -13.17 -7.75 -3.0 -0.05 42.26 88.98 131.6 192.35 192.37 133.16 102.5 91.87 85.29 79.1 73.77 71.34 65.15 35.45 13.0 2.4 -0.01 -0.6 -2.11 -5.48 -12.93 -20.41 -15.61 -6.0 -4.64 10.62 81.25 94.91 100.0 106.67 91.43 83.43 76.96 76.14 79.02 85.08 95.08 109.2 113.48 102.13 86.88 58.73 33.21 20.0 12.78 11.0 19.75 58.25 89.94 124.8 194.41 273.75 244.46 139.44 112.37 114.6 112.55 104.28 101.89 99.45 116.14 134.71 121.52 87.38 59.16 9.74 11.34 14.44 12.36 10.66 21.84 76.45 94.3 95.67 140.89 198.86 136.66 105.25 91.69 70.69 66.16 64.09 64.37 67.64 81.86 100.48 113.08 105.38 65.98 49.02 38.59 18.13 9.69 18.42 46.85 76.59 101.37 120.38 155.33 205.64 138.82 112.43 92.91 105.34 98.78 91.88 90.87 92.47 91.83 111.72 126.85 114.22 80.06 65.62 47.6 20.11 11.6 7.68 21.41 65.66 84.98 106.77 126.48 165.36 119.07 99.8 86.87 77.55 64.81 60.3 54.73 49.3 65.69 97.45 100.0 61.47 11.35 0.08 1.09 6.58 19.12 15.18 20.35 29.65 10.59 52.57 135.0 139.7 134.0 125.31 103.86 111.48 90.4 86.28 90.0 94.54 90.58 85.47 86.74 77.57 63.13 29.64 9.44 1.19 -0.01 -0.02 -0.02 11.17 18.76 72.6 127.6 110.0 103.11 109.7 91.44 94.42 84.85 77.88 76.49 68.55 56.89 40.12 3.87 0.0 -0.5 -2.0 1.8 -14.23 -15.85 -22.95 5.0 4.32 125.6 141.25 200.0 228.34 164.81 96.97 85.68 79.91 68.58 49.25 48.46 44.74 52.32 119.91 103.5 79.65 9.96 0.4 7.37 11.79 -13.76 -13.66 -1.4 7.57 114.4 120.0 119.28 155.95 150.28 125.45 103.15 88.35 79.95 70.42 60.94 55.17 64.85 79.95 83.92 84.6 65.74 22.64 0.7 -0.01 -1.4 3.43 18.39 31.83 105.0 128.4 123.38 134.24 109.02 97.46 102.2 96.08 88.58 74.42 71.15 73.04 90.0 124.71 124.8 92.84 65.19 21.1 1.32 1.19 1.87 1.0 6.12 22.91 79.08 94.63 136.68 217.0 176.83 119.4 95.93 96.43 88.02 85.62 85.4 89.76 93.37 114.18 104.3 78.24 36.33 0.0 -0.2 -7.67 -15.42 -8.67 5.97 8.4 41.7 91.9 123.45 166.41 131.79 131.49 115.08 90.0 90.0 83.11 77.77 75.37 80.1 103.6 87.26 76.49 40.02 4.52 0.12 -1.03 -4.56 -2.38 8.72 13.48 126.56 96.62 122.55 147.83 125.0 109.48 84.8 115.5 90.51 92.35 97.62 69.49 64.57 53.24 21.97 8.28 0.0 -2.45 -10.45 -35.0 -36.75 -25.97 -6.77 -0.39 8.42 85.96 123.83 139.15 130.0 117.59 109.61 91.93 87.92 86.24 89.75 91.34 91.58 83.13 63.59 20.71 1.61 0.0 -0.02 -1.41 -5.75 -5.0 -2.0 -0.01 57.66 99.89 116.85 135.82 138.4 149.75 110.23 104.25 91.34 85.14 84.83 83.22 90.46 110.96 123.49 107.05 82.66 61.96 80.01 80.01 79.64 76.29 79.0 132.03 97.04 93.33 118.49 186.12 189.94 125.79 102.56 103.51 96.61 94.3 93.81 94.71 102.51 118.0 106.38 97.67 70.74 4.58 2.29 1.56 -1.01 -0.09 4.57 27.76 91.21 105.02 139.17 245.0 241.38 136.65 115.77 112.91 106.55 101.4 95.46 96.68 102.89 111.77 114.56 110.18 77.31 22.24 1.17 1.31 1.53 2.87 28.39 28.64 92.72 115.17 138.07 182.43 175.18 132.98 114.59 112.67 106.42 104.65 99.43 99.97 96.21 100.22 89.25 87.48 19.39 0.44 5.61 -12.0 0.44 -29.99 5.36 12.66 160.08 83.36 118.96 132.0 137.25 126.69 105.61 109.34 104.57 104.26 105.37 104.69 109.29 120.56 117.15 104.91 73.23 17.61 4.35 -0.46 -1.15 -0.21 2.49 32.24 93.45 110.58 136.54 202.88 179.61 137.05 121.38 118.78 110.48 108.15 106.86 108.99 104.38 100.71 90.74 75.93 23.4 -0.07 -2.37 -15.91 -29.21 -23.56 -3.17 0.11 64.11 106.3 129.53 157.3 165.82 140.65 118.68 108.61 101.05 96.91 92.65 90.34 88.49 72.75 26.44 0.0 -0.09 -11.11 -37.5 -64.11 -91.87 -75.14 -36.95 -6.08 7.89 107.72 119.23 137.2 137.11 126.42 101.63 88.81 92.21 69.54 66.9 79.78 94.61 130.46 109.44 91.87 51.48 38.02 50.01 84.3 110.22 100.41 142.84 166.99 139.0 250.0 196.34 152.6 125.0 103.11 84.39 103.63 102.38 99.68 95.61 79.55 108.35 125.43 118.18 111.65 120.75 46.91 55.34 74.14 76.35 68.17 54.37 100.0 120.99 135.0 101.96 138.44 120.24 165.03 130.94 82.97 74.81 73.34 72.05 73.82 80.55 105.72 112.01 98.44 72.08 25.74 15.77 27.37 26.51 57.69 66.84 74.29 89.11 113.92 149.24 198.96 240.25 170.94 124.57 119.95 108.09 103.39 99.91 100.02 104.51 120.14 121.01 106.79 96.87 88.26 81.57 70.5 69.41 68.33 80.0 97.39 104.45 125.0 158.95 169.86 147.17 108.36 89.68 74.97 69.34 67.91 73.25 75.68 84.35 105.58 113.2 107.7 91.16 79.18 67.45 55.25 74.77 91.97 97.56 92.63 82.01 87.88 100.72 119.73 134.89 125.79 106.69 92.87 89.72 82.18 76.9 70.45 75.65 74.53 58.98 27.8 2.34 0.01 0.3 1.26 2.25 -0.56 1.22 28.15 49.77 72.37 105.52 116.65 125.28 119.83 103.5 95.07 89.42 89.66 86.82 85.28 85.3 86.37 75.58 47.91 2.03 0.0 -0.27 -4.95 -16.56 -2.44 0.0 -0.49 27.22 95.0 102.14 111.98 118.07 113.73 101.0 98.73 89.03 85.03 84.13 86.44 97.23 114.67 111.75 104.99 98.14 87.73 61.18 22.74 19.98 26.65 62.54 82.65 98.25 110.14 178.94 283.1 233.0 157.0 122.65 111.28 97.24 89.1 88.32 90.01 98.78 114.97 120.28 110.76 82.71 77.22 68.74 50.5 50.48 70.87 78.41 90.8 102.81 152.08 302.22 465.66 394.02 240.15 145.09 119.29 102.77 92.54 92.08 90.99 99.87 115.32 110.16 104.52 90.96 80.28 80.01 48.71 34.31 56.97 72.39 82.1 98.79 135.44 260.22 305.31 186.0 134.93 110.34 99.18 86.46 79.0 78.93 80.88 88.52 104.49 107.47 104.9 90.45 75.06 57.35 42.16 45.4 67.55 79.9
