576 5
1 55 63 38 63
1 0 0 0 0 0 3 1 2 3 0 197 20.94
10 0 7 0 1 0 3 4 5 8 1 135 18.12
9 0 9 4 6 7 3 6 7 8 1 170 28.13
2 0 2 0 9 3 3 6 20 24 1 115 17.0
3 0 0 2 0 0 3 9 12 14 11 177 19.58
8 0 0 1 10 9 3 6 10 12 11 218 23.7
5 0 7 0 10 4 3 22 26 30 19 204 16.98
5 0 0 3 3 1 3 9 10 12 10 218 19.38
7 0 0 2 1 0 2 9 11 11 212 29.61
6 0 8 5 1 0 2 15 23 18 143 18.24
5 0 3 0 0 8 3 11 13 22 19 216 27.4
7 0 0 8 9 7 3 18 25 26 24 198 30.75
2 0 6 0 9 2 2 21 22 19 134 18.23
4 1 0 0 0 0 2 14 25 24 173 30.15
10 1 0 0 0 0 3 15 16 19 28 208 15.76
3 0 4 9 7 1 2 18 26 38 233 20.95
2 1 0 0 0 0 2 17 18 38 235 22.53
1 1 0 0 0 0 3 20 21 23 40 233 29.05
4 0 6 4 5 6 3 20 21 24 41 186 23.01
4 0 8 0 4 5 3 24 27 28 38 223 22.45
4 0 2 6 3 10 1 27 45 215 30.46
10 0 6 1 6 0 2 27 30 45 207 19.59
10 1 0 0 0 0 2 23 25 24 149 26.38
6 0 9 9 0 4 1 28 41 229 16.52
2 0 9 8 10 6 1 30 45 221 25.92
4 1 0 0 0 0 1 29 34 205 25.57
5 0 0 10 0 3 2 28 29 41 222 30.06
5 0 9 0 10 5 1 29 55 195 23.62
10 0 0 5 7 0 1 31 47 163 26.9
5 0 3 7 4 7 1 31 60 207 17.02
1 0 8 6 5 3 1 31 55 166 26.26
1 0 0 0 0 0 0 65 170 21.03
1 0 0 0 0 0 3 33 34 35 0 201 25.28
6 0 8 0 0 0 3 40 52 54 1 135 21.43
3 0 0 0 0 2 3 36 37 39 1 121 20.35
5 0 0 0 0 1 3 38 41 43 1 125 15.71
6 0 7 0 0 0 3 42 48 50 4 188 17.15
10 0 6 0 0 0 3 38 41 46 4 133 27.09
5 0 6 0 0 0 3 50 52 58 14 211 26.18
2 0 0 0 7 0 3 40 43 49 4 145 23.31
10 0 0 0 0 4 2 48 53 7 149 22.63
10 0 0 0 0 10 3 45 51 58 14 174 26.42
7 0 0 0 10 0 3 44 45 51 10 157 26.76
10 0 0 0 0 8 3 47 48 53 6 138 29.84
3 0 4 0 0 0 3 47 55 57 17 165 26.83
6 1 0 0 0 0 3 49 52 54 24 198 21.47
8 0 5 0 0 0 2 47 62 14 143 24.15
10 0 0 0 2 0 1 60 22 158 20.7
1 0 1 0 0 0 2 56 58 17 189 29.65
1 1 0 0 0 0 1 56 30 209 19.13
1 0 0 0 8 0 2 51 57 19 144 20.62
8 0 0 8 0 0 3 53 54 55 24 168 17.02
3 1 0 0 0 0 3 55 57 60 30 214 31.04
3 1 0 0 0 0 2 60 61 32 181 29.57
8 0 0 0 3 0 1 62 32 223 17.0
10 1 0 0 0 0 1 56 33 202 15.7
6 0 0 0 0 8 2 59 61 43 155 21.99
5 1 0 0 0 0 1 59 33 208 19.38
10 1 0 0 0 0 2 59 61 24 137 21.24
9 0 0 3 0 0 1 62 49 199 21.2
8 0 0 0 2 0 1 63 35 192 18.62
1 0 0 3 0 0 1 63 49 151 27.12
9 0 0 0 2 0 1 63 58 243 21.55
1 0 0 0 0 0 0 67 194 20.16
1 0 0 0 0 0 3 65 66 67 0 111 17.39
6 0 4 5 10 9 3 70 72 84 1 173 16.1
3 0 7 9 1 3 3 71 77 78 1 192 22.15
9 0 9 10 6 5 3 68 69 74 1 163 15.73
3 0 2 9 1 4 3 70 72 78 10 179 31.08
8 0 10 10 3 8 1 76 10 199 16.42
3 0 4 1 8 6 3 73 75 81 13 202 21.79
1 0 8 7 9 8 3 73 74 75 4 171 25.1
10 0 7 2 2 3 3 79 85 88 13 219 30.77
8 0 8 4 8 7 3 76 83 85 16 177 20.2
4 0 9 5 9 6 3 81 86 94 10 155 26.65
9 0 1 5 10 3 3 76 85 88 16 201 25.21
4 0 9 10 9 7 2 93 94 25 143 24.36
9 0 5 1 3 8 3 79 83 87 4 142 24.73
8 0 1 6 4 8 3 80 82 88 13 151 23.2
5 1 0 0 0 0 3 86 91 94 23 190 24.58
7 1 0 0 0 0 3 81 83 84 21 177 25.86
2 0 9 10 7 7 2 87 89 28 209 25.28
9 0 9 10 4 6 2 84 90 21 185 18.82
9 0 6 10 5 9 2 90 91 28 207 21.97
10 0 4 5 2 2 2 87 93 30 211 23.14
9 1 0 0 0 0 1 86 25 208 29.73
3 0 10 8 8 9 1 89 34 145 30.79
8 0 7 10 8 8 1 92 40 195 28.18
7 1 0 0 0 0 2 89 91 25 155 23.1
4 0 3 8 5 7 1 90 37 174 30.39
4 0 2 2 7 6 2 92 93 41 211 29.33
2 0 5 9 9 7 1 92 37 187 18.18
9 0 10 3 1 6 1 95 48 226 28.29
9 0 8 2 5 1 1 95 45 159 21.9
9 0 9 10 5 7 1 95 29 199 30.27
1 0 0 0 0 0 0 57 216 24.28
1 0 0 0 0 0 3 97 98 99 0 207 28.73
3 0 2 2 0 0 3 100 101 102 1 146 27.37
8 0 0 2 7 1 3 108 114 116 1 173 16.96
6 0 4 0 0 10 2 103 107 1 143 26.87
3 0 0 0 6 7 3 106 110 115 4 182 19.14
5 0 6 8 0 8 3 104 105 117 4 160 17.37
8 0 1 6 3 7 1 113 4 116 30.15
9 0 10 3 6 10 1 125 7 135 25.52
1 0 0 9 2 4 3 119 123 124 9 121 27.84
5 0 7 6 0 5 1 120 9 199 19.29
9 0 4 3 7 0 2 111 112 7 199 16.74
10 0 8 9 6 6 1 109 7 212 21.61
3 0 8 10 3 6 1 115 9 204 24.98
2 1 0 0 0 0 2 119 120 17 208 30.37
10 0 8 7 0 5 2 118 121 7 162 26.89
8 1 0 0 0 0 1 124 16 204 28.37
3 0 7 0 8 5 1 126 16 224 16.17
9 0 1 7 7 6 1 123 12 206 17.14
6 0 4 0 2 9 1 121 9 217 19.62
5 0 5 4 9 0 2 119 126 12 169 15.82
5 0 5 9 0 3 1 124 9 131 25.06
2 0 0 1 9 8 1 122 9 205 21.73
5 0 6 1 7 10 1 120 17 131 21.79
7 0 1 0 4 6 1 125 19 226 19.18
1 1 0 0 0 0 1 122 22 181 27.18
10 0 1 2 0 2 1 122 17 157 18.91
1 0 2 10 0 0 1 125 27 146 28.08
2 1 0 0 0 0 1 126 21 188 17.63
8 0 0 9 2 4 1 127 24 196 19.68
8 0 0 1 0 9 1 127 28 229 16.45
8 0 0 6 9 0 1 127 23 221 31.13
1 0 0 0 0 0 0 36 223 21.11
1 0 0 0 0 0 3 129 130 131 0 109 16.05
5 0 0 7 1 0 3 137 139 158 1 208 18.37
8 0 0 7 0 5 2 135 148 1 118 18.36
10 0 5 0 0 3 2 132 153 1 218 23.63
10 0 4 7 0 0 3 133 136 142 11 148 17.99
9 0 2 0 0 10 2 134 155 21 232 17.01
7 0 5 8 0 0 3 144 145 154 30 211 23.57
1 0 5 7 10 0 1 137 9 154 16.38
5 0 2 6 0 0 3 138 149 151 21 158 22.95
10 0 9 8 0 0 2 143 146 10 213 21.35
10 0 9 0 0 8 2 144 148 26 152 30.71
8 0 3 3 4 8 2 140 141 6 142 26.89
4 0 0 0 0 8 2 143 146 14 127 24.8
9 0 9 8 3 0 1 148 14 205 31.15
8 0 7 5 0 0 3 143 147 150 21 233 20.87
8 1 0 0 0 0 2 144 151 29 208 17.28
1 0 9 0 0 6 1 152 37 144 19.31
9 1 0 0 0 0 2 146 152 37 152 18.97
10 0 0 0 4 7 2 149 157 46 201 25.6
8 1 0 0 0 0 2 149 158 29 194 22.45
5 1 0 0 0 0 3 150 152 154 36 224 22.75
6 0 9 4 0 0 1 156 56 164 27.02
5 1 0 0 0 0 1 155 41 220 26.99
9 1 0 0 0 0 2 154 155 37 216 16.77
6 0 3 10 0 0 1 156 46 164 20.79
1 0 0 0 10 0 1 158 11 208 23.86
10 0 0 9 0 0 1 157 46 199 29.06
8 0 5 0 0 0 2 156 157 46 222 23.07
8 0 0 0 0 1 1 159 62 236 19.23
2 0 7 0 0 4 1 159 56 165 17.1
10 1 0 0 0 0 1 159 37 220 30.0
1 0 0 0 0 0 0 70 261 16.29
1 0 0 0 0 0 3 161 162 163 0 136 21.81
10 0 2 4 3 3 3 164 166 169 1 213 25.84
10 0 6 8 3 1 3 166 175 179 1 138 29.61
2 0 2 10 1 1 3 168 169 170 1 178 17.82
8 0 6 10 4 3 3 165 179 181 11 123 19.53
10 0 6 1 7 3 3 168 170 174 19 150 25.57
1 0 1 6 9 10 3 167 168 177 11 156 21.3
7 1 0 0 0 0 3 173 181 186 12 180 26.87
8 1 0 0 0 0 3 172 180 182 29 224 19.09
9 0 8 1 3 9 3 180 182 187 11 131 26.38
8 0 8 1 8 9 3 171 177 180 29 158 19.3
8 1 0 0 0 0 3 172 175 182 37 236 19.64
2 0 8 8 10 1 3 173 178 185 45 161 21.89
1 0 3 1 5 8 1 176 47 235 26.37
4 1 0 0 0 0 3 176 177 186 29 145 19.21
9 1 0 0 0 0 3 176 178 183 45 184 18.39
5 0 2 10 1 10 1 184 54 231 28.47
1 1 0 0 0 0 2 189 190 37 222 23.59
5 0 2 4 6 8 3 184 187 189 54 236 24.08
8 0 9 6 7 3 1 183 19 210 18.79
9 0 3 5 8 3 3 183 185 188 37 224 27.79
2 0 7 4 4 8 1 187 19 129 19.01
8 0 4 6 6 4 3 185 188 190 45 239 28.75
2 0 10 4 6 6 1 184 54 155 26.88
4 0 10 9 2 8 1 190 59 225 24.19
5 0 4 10 2 10 1 186 53 176 20.02
6 0 1 8 3 2 1 189 58 242 19.99
7 0 2 10 9 4 1 188 59 178 24.05
7 0 2 3 7 4 1 191 66 182 30.71
7 0 6 2 3 10 1 191 64 210 20.01
2 0 2 2 4 4 1 191 63 191 27.18
1 0 0 0 0 0 0 73 227 29.81
1 0 0 0 0 0 3 193 194 195 0 139 25.72
6 0 3 0 0 9 3 198 200 210 1 117 18.4
3 0 7 0 0 8 2 200 201 1 136 30.27
6 0 0 0 0 9 3 196 202 204 1 184 17.64
7 0 0 4 0 9 3 197 198 200 7 129 26.73
9 0 0 5 0 9 3 205 208 211 14 139 21.17
10 0 3 0 0 7 3 199 203 207 14 147 26.75
9 1 0 0 0 0 2 208 217 24 157 26.95
2 0 5 0 0 1 3 206 207 208 14 176 27.44
6 0 0 0 0 10 3 202 205 211 4 159 19.18
3 0 6 2 2 0 2 210 218 10 199 18.46
3 1 0 0 0 0 3 206 209 214 24 215 26.49
4 0 5 4 0 0 3 212 214 219 7 118 24.68
9 0 0 0 1 8 3 210 214 215 23 205 16.11
7 1 0 0 0 0 3 212 213 216 27 187 19.53
4 0 0 0 7 0 3 213 215 222 24 188 26.89
1 1 0 0 0 0 3 215 218 220 33 218 21.47
1 1 0 0 0 0 2 211 216 27 131 19.68
6 0 0 10 0 0 2 212 222 32 207 27.9
10 0 0 8 1 0 2 213 222 28 229 24.06
4 1 0 0 0 0 1 217 38 192 26.42
10 0 7 3 10 8 3 217 218 219 38 167 26.74
2 1 0 0 0 0 1 220 32 181 21.15
6 1 0 0 0 0 2 216 219 34 178 27.51
6 0 3 0 3 1 1 221 40 181 25.31
10 0 3 3 2 0 1 220 48 203 21.23
8 0 7 8 3 0 1 221 48 205 29.15
2 0 4 0 0 0 1 221 48 244 24.04
8 0 10 4 0 0 1 223 58 221 24.3
10 0 4 6 10 0 1 223 56 224 17.34
5 1 0 0 0 0 1 223 38 222 26.12
1 0 0 0 0 0 0 66 219 22.13
1 0 0 0 0 0 3 225 226 227 0 190 19.22
1 1 0 0 0 0 1 254 1 202 15.97
1 0 9 6 3 9 3 228 231 237 1 134 18.27
8 0 10 9 5 7 3 229 234 244 1 163 27.97
7 0 9 1 7 4 1 235 2 174 27.34
2 0 4 5 3 5 2 230 233 9 163 25.64
9 0 9 2 6 2 2 241 248 11 203 19.78
9 0 2 1 9 9 1 232 2 164 28.18
4 0 4 3 6 9 3 233 236 238 11 157 21.82
10 0 1 9 5 9 1 240 15 213 22.12
1 1 0 0 0 0 1 249 9 181 24.74
3 0 2 9 3 9 1 239 9 198 28.38
10 1 0 0 0 0 1 247 15 213 22.08
3 0 7 8 10 6 2 243 246 2 143 22.43
3 0 7 2 2 2 2 240 242 15 171 20.06
10 0 7 6 9 2 1 246 12 169 29.52
8 0 1 8 4 1 1 250 25 200 31.16
2 1 0 0 0 0 1 249 20 173 27.95
9 0 3 3 6 7 1 245 18 168 17.22
5 1 0 0 0 0 1 247 5 179 27.39
3 0 4 6 9 1 2 247 251 9 147 28.38
10 0 2 2 3 8 3 249 251 254 27 222 30.68
1 0 3 3 6 6 1 248 22 188 19.21
6 0 6 1 2 3 1 253 25 224 27.17
4 1 0 0 0 0 2 251 254 23 217 18.48
8 0 8 6 5 3 2 252 253 37 220 17.83
2 0 1 3 10 3 1 252 33 175 21.66
5 0 9 1 4 10 1 253 37 169 30.15
1 0 2 3 6 10 1 255 45 159 29.27
1 0 4 3 3 3 1 255 45 162 17.26
10 0 9 5 10 9 1 255 37 178 28.65
1 0 0 0 0 0 0 47 202 17.78
1 0 0 0 0 0 3 257 258 259 0 126 22.38
1 0 6 7 0 0 3 261 265 266 1 123 18.77
2 0 0 6 3 10 3 260 262 286 1 211 16.46
10 0 0 1 3 10 3 263 269 275 1 146 20.57
9 0 0 3 7 5 3 264 267 285 3 135 18.67
5 0 3 6 4 6 1 284 2 174 22.42
7 0 0 3 0 3 2 277 278 3 158 28.87
3 0 6 10 4 0 2 268 271 11 171 29.06
8 0 0 4 3 4 2 270 281 12 189 16.34
2 0 6 4 6 1 2 272 273 2 120 22.25
3 0 4 1 2 8 1 274 2 133 23.96
1 0 0 1 1 3 2 270 283 12 154 25.36
2 0 8 1 7 4 2 272 274 14 146 30.19
9 0 2 8 1 0 2 270 272 11 204 16.13
5 0 6 0 1 6 1 277 20 130 18.69
2 1 0 0 0 0 3 273 274 280 14 177 30.11
4 1 0 0 0 0 2 276 278 20 214 29.07
4 0 10 1 3 7 3 281 282 285 16 144 18.94
5 1 0 0 0 0 1 279 16 217 25.34
7 0 1 0 9 0 3 278 279 285 11 130 29.18
10 1 0 0 0 0 3 279 280 286 24 182 20.54
8 1 0 0 0 0 1 282 25 230 30.93
6 0 10 9 0 3 1 280 24 151 19.71
5 1 0 0 0 0 1 283 34 204 18.38
5 1 0 0 0 0 2 281 282 34 140 23.47
10 0 0 7 0 7 1 283 39 236 29.64
2 0 9 4 10 6 1 284 39 227 30.62
5 0 3 10 0 0 1 284 49 179 20.77
10 0 0 0 4 1 1 287 54 168 29.99
9 0 10 1 5 9 1 287 20 171 24.54
3 0 7 10 0 1 1 287 34 203 20.6
1 0 0 0 0 0 0 64 174 30.69
1 0 0 0 0 0 3 289 290 291 0 196 17.02
3 0 9 2 4 2 3 292 294 296 1 183 21.48
9 0 7 2 6 8 2 293 300 1 191 25.32
3 0 7 1 6 9 3 299 300 308 1 163 24.8
1 0 10 2 2 4 3 295 302 304 4 160 27.12
9 0 7 1 7 6 3 299 303 308 10 123 25.96
2 0 2 8 2 10 3 298 301 314 4 182 27.06
7 0 2 5 1 5 3 297 301 314 5 135 18.38
10 0 6 8 2 6 3 298 299 302 4 168 15.9
10 0 7 7 4 7 3 303 307 318 12 154 26.56
4 0 1 10 4 2 3 300 304 317 14 135 21.04
5 0 3 6 3 1 3 305 307 313 19 133 30.4
9 0 6 5 3 5 2 303 307 18 230 17.76
2 0 4 4 6 10 2 308 312 12 173 23.88
10 0 3 7 6 7 3 309 310 318 14 173 29.72
6 1 0 0 0 0 2 306 309 27 134 22.64
8 0 3 6 8 2 3 306 311 313 18 200 30.36
8 0 6 4 2 4 3 306 310 311 24 213 22.25
8 0 4 1 6 7 2 312 315 33 238 29.79
4 1 0 0 0 0 1 309 27 202 23.97
3 0 5 9 8 2 2 313 317 19 205 26.85
5 1 0 0 0 0 2 311 315 33 219 25.3
6 1 0 0 0 0 2 314 315 32 233 29.62
10 0 4 4 4 5 1 312 38 221 22.08
8 0 9 5 2 10 1 316 48 168 19.27
1 0 2 5 10 3 2 316 318 26 130 20.89
8 0 3 5 10 9 1 317 38 149 31.0
6 0 8 10 1 5 1 316 41 236 26.57
5 0 10 10 5 3 1 319 56 253 19.32
7 0 6 7 4 6 1 319 46 243 17.19
5 0 1 5 4 5 1 319 27 161 28.49
1 0 0 0 0 0 0 61 230 16.99
1 0 0 0 0 0 3 321 322 323 0 118 18.9
6 0 6 7 2 0 3 324 326 332 1 114 15.68
3 0 5 6 0 3 3 325 327 332 1 167 23.88
5 0 10 3 3 9 3 325 330 340 1 179 20.91
5 0 1 2 0 9 3 330 333 336 7 189 23.95
3 0 4 5 5 5 2 328 334 6 216 23.61
6 0 0 0 10 3 3 328 337 338 7 173 23.63
10 0 8 8 0 10 3 335 336 337 4 198 26.59
2 0 0 5 0 3 2 329 341 13 124 17.25
10 0 0 10 6 6 3 331 342 343 15 138 24.73
6 1 0 0 0 0 3 334 337 338 12 163 17.11
9 1 0 0 0 0 2 333 335 25 217 19.67
2 0 5 4 0 4 3 334 335 336 7 212 24.46
5 0 6 5 5 3 2 344 349 34 222 25.53
1 1 0 0 0 0 2 341 344 18 212 21.25
9 0 3 8 0 0 2 339 347 34 156 18.99
10 0 4 5 9 10 3 338 343 344 14 130 16.86
10 0 0 0 0 6 3 339 343 349 18 187 17.39
6 0 0 8 9 7 3 339 341 349 24 229 30.39
10 0 5 5 5 7 2 345 350 43 176 16.07
5 1 0 0 0 0 2 346 347 6 124 27.6
3 1 0 0 0 0 3 342 345 350 30 230 25.55
10 0 10 6 4 9 1 346 33 215 17.49
3 0 5 0 10 7 1 345 28 159 23.02
3 0 4 6 1 3 1 347 39 186 22.57
4 0 2 9 3 8 1 346 53 215 29.09
1 0 0 4 9 4 1 348 57 249 29.61
5 0 0 3 3 10 2 348 350 43 177 29.68
5 0 2 5 0 0 1 351 58 203 25.58
10 0 7 0 0 6 1 351 39 149 30.63
3 0 1 0 7 10 1 351 53 222 29.06
1 0 0 0 0 0 0 63 204 18.79
1 0 0 0 0 0 3 353 354 355 0 210 20.93
4 0 1 3 0 1 1 357 1 157 26.74
1 0 1 0 0 0 2 356 359 1 199 29.64
8 0 7 4 0 0 1 366 1 172 16.74
1 0 3 0 0 0 3 362 372 378 2 115 23.21
10 0 1 0 8 0 3 358 361 365 5 127 26.15
8 0 0 1 10 0 1 363 15 226 25.84
4 0 9 5 8 0 2 360 382 2 210 17.5
1 0 0 9 10 0 1 373 6 165 16.27
10 0 0 4 6 7 2 367 371 15 153 29.72
7 0 8 0 2 0 1 376 3 196 30.26
9 1 0 0 0 0 2 364 375 23 209 18.09
1 0 0 0 4 0 1 369 32 194 21.95
4 0 9 3 0 0 3 369 374 379 15 175 17.46
7 0 0 9 6 1 1 377 9 218 21.88
10 0 0 6 0 0 3 368 376 379 25 148 20.71
1 0 9 0 5 0 1 370 35 173 17.91
6 0 4 4 10 0 2 370 380 33 194 20.23
1 0 5 0 4 10 1 378 39 160 17.58
8 1 0 0 0 0 1 376 25 161 15.76
3 0 0 0 4 3 1 379 3 173 26.14
10 0 3 0 2 0 3 375 377 380 7 207 30.73
3 1 0 0 0 0 1 375 19 207 26.62
7 0 0 7 6 0 1 381 32 140 17.56
1 0 6 0 0 0 1 381 35 229 20.6
9 0 1 0 9 0 1 381 17 169 31.22
7 0 8 0 3 8 1 382 40 168 29.67
4 0 10 0 1 5 1 380 35 173 25.49
7 0 0 4 0 0 1 383 39 178 23.94
6 0 0 8 0 0 1 383 39 167 24.25
4 0 10 0 1 0 1 383 47 173 28.71
1 0 0 0 0 0 0 51 217 29.43
1 0 0 0 0 0 3 385 386 387 0 199 21.18
1 0 2 9 9 4 3 388 390 397 1 133 27.79
10 0 2 10 0 2 3 398 399 400 1 161 17.31
6 0 7 3 0 0 1 391 1 184 22.81
1 0 3 7 5 1 1 389 2 126 25.51
3 0 0 7 4 1 2 402 403 3 173 16.74
9 0 6 1 0 0 3 392 394 396 2 147 30.29
2 1 0 0 0 0 1 402 7 159 26.46
10 0 0 7 0 6 1 393 11 147 27.95
2 0 8 2 0 0 1 395 21 222 28.18
5 0 4 0 9 0 2 404 406 11 151 19.6
4 1 0 0 0 0 1 407 23 197 28.71
8 0 0 6 10 9 2 405 408 11 174 30.25
3 0 4 1 0 6 1 412 2 173 23.37
6 0 1 7 0 5 1 411 11 223 23.3
5 0 1 5 9 4 1 414 11 182 28.52
3 0 5 0 5 0 3 401 402 407 11 163 16.14
1 1 0 0 0 0 2 404 406 14 211 21.96
7 0 5 8 2 2 1 414 14 165 24.56
8 1 0 0 0 0 1 410 6 210 22.48
2 1 0 0 0 0 2 405 409 16 208 20.36
8 1 0 0 0 0 1 411 19 232 23.22
8 0 9 3 5 0 2 412 414 16 134 22.83
2 0 8 10 9 3 1 412 27 166 26.45
7 0 0 4 7 5 1 409 19 213 28.88
8 0 3 0 1 4 2 410 411 26 137 17.14
10 0 1 0 9 3 1 413 34 162 30.5
1 0 0 7 5 1 1 413 34 191 18.14
1 0 4 9 2 5 1 415 29 198 21.41
4 0 5 1 7 0 1 415 44 200 16.33
1 0 10 0 1 1 1 415 24 183 26.64
1 0 0 0 0 0 0 48 218 29.7
1 0 0 0 0 0 3 417 418 419 0 194 22.74
6 0 3 5 0 3 1 424 1 166 22.08
5 0 8 1 7 0 3 420 423 431 1 175 20.35
4 0 0 3 7 3 1 430 1 212 29.9
7 0 2 5 9 2 3 421 424 434 6 145 16.79
5 0 4 3 5 5 3 422 425 446 13 126 26.18
8 0 5 6 8 9 2 426 427 18 229 16.29
10 0 0 1 0 2 2 429 438 6 170 16.06
10 0 0 9 1 10 1 428 13 134 30.04
8 0 9 2 1 2 3 433 436 438 18 139 25.53
4 1 0 0 0 0 3 428 430 441 26 210 21.24
4 1 0 0 0 0 2 428 435 26 182 24.97
4 0 2 0 4 5 2 432 437 30 159 19.45
8 0 8 10 9 4 3 432 433 435 16 198 29.08
9 0 3 10 0 0 3 432 435 438 30 231 25.47
2 0 9 0 7 0 1 441 6 134 18.05
9 0 8 9 5 5 1 439 39 238 18.76
1 1 0 0 0 0 1 437 26 225 19.55
5 0 0 0 2 7 2 442 445 13 189 27.71
2 0 8 9 4 2 2 443 444 39 202 28.4
4 1 0 0 0 0 2 439 441 26 174 21.7
2 1 0 0 0 0 2 440 444 34 138 18.03
6 0 9 3 10 4 3 439 440 442 39 211 28.94
6 0 8 0 7 0 1 445 48 182 16.12
4 0 9 4 8 3 1 443 45 203 16.94
6 0 5 0 8 3 2 442 443 30 181 23.03
6 0 5 4 4 0 1 444 45 180 30.47
1 0 4 1 0 10 1 445 49 213 21.73
4 0 2 0 10 0 1 447 51 213 17.95
2 0 7 8 2 6 1 447 54 197 29.89
9 0 2 3 0 4 1 447 18 164 24.6
1 0 0 0 0 0 0 56 161 20.28
1 0 0 0 0 0 3 449 450 451 0 207 22.47
10 0 2 0 6 9 3 457 459 463 1 124 25.58
4 0 6 0 8 0 3 453 465 471 1 125 26.23
6 0 0 1 0 10 3 452 454 475 1 179 31.19
8 0 6 0 0 0 2 458 462 7 198 26.24
7 0 0 0 3 0 1 455 5 123 18.73
10 0 9 0 5 0 2 456 466 7 143 20.26
8 0 3 6 0 2 1 469 12 161 16.08
3 0 2 0 3 0 1 470 17 181 25.22
7 0 0 10 3 6 3 460 461 476 11 139 24.36
5 0 4 0 0 0 2 467 477 15 180 24.18
5 1 0 0 0 0 1 461 11 208 27.77
9 0 1 0 7 6 3 464 467 473 18 165 19.3
1 1 0 0 0 0 1 468 18 142 28.7
9 0 1 0 4 8 1 474 15 132 18.79
5 0 0 0 1 3 1 477 11 168 22.8
4 1 0 0 0 0 1 468 27 223 29.11
8 0 1 0 0 0 2 469 472 5 152 20.86
8 1 0 0 0 0 1 476 17 214 19.57
6 0 9 0 10 0 1 470 27 218 20.58
4 0 0 1 0 0 1 472 31 152 22.77
3 1 0 0 0 0 1 474 20 222 24.29
4 0 0 6 0 0 1 471 33 154 16.52
4 0 3 0 0 5 1 478 37 149 29.57
2 0 0 0 8 0 2 475 477 35 225 15.7
5 0 0 0 0 2 1 474 27 223 24.33
7 1 0 0 0 0 1 478 32 168 20.31
9 0 0 1 5 10 1 478 37 243 22.28
1 0 0 0 10 2 1 479 25 209 28.95
5 0 0 5 9 6 1 479 37 230 20.08
9 0 4 0 8 0 1 479 46 225 23.47
1 0 0 0 0 0 0 55 193 25.17
1 0 0 0 0 0 3 481 482 483 0 163 27.56
3 0 10 9 8 5 3 485 491 495 1 185 23.27
1 0 7 0 5 2 3 484 485 487 1 190 28.34
10 0 5 0 0 4 3 490 493 504 1 122 29.73
9 0 0 10 2 0 3 486 489 497 2 157 21.49
5 0 7 7 4 0 1 502 4 176 29.65
10 0 4 8 5 2 3 490 491 496 11 163 19.14
4 0 7 5 10 8 3 488 500 510 2 162 27.72
7 0 7 0 0 0 3 494 497 508 6 192 21.66
6 0 6 9 5 8 2 505 506 11 124 17.68
3 0 0 7 1 0 3 492 507 510 21 133 30.88
6 0 8 7 0 9 2 493 500 21 190 30.65
9 1 0 0 0 0 1 509 24 194 19.81
10 1 0 0 0 0 1 494 27 144 21.22
1 0 7 3 1 10 1 503 37 156 23.72
7 0 6 5 4 5 1 501 4 185 20.23
9 1 0 0 0 0 3 498 500 507 21 196 25.52
8 0 0 0 8 10 3 498 499 501 13 140 19.69
10 0 2 9 10 9 2 502 505 30 218 26.56
7 0 9 0 0 4 1 503 21 152 18.01
4 1 0 0 0 0 2 502 508 30 202 22.06
2 1 0 0 0 0 1 503 21 184 26.27
10 0 0 0 8 7 1 509 40 192 28.23
7 0 4 5 4 3 1 505 38 167 21.13
3 0 0 0 7 2 1 506 11 155 27.18
8 0 8 10 4 9 1 509 45 229 24.55
5 1 0 0 0 0 2 507 510 17 203 25.35
8 0 5 10 0 10 1 508 30 191 20.23
7 0 0 3 4 7 1 511 38 193 20.35
10 0 1 7 5 1 1 511 53 189 19.29
7 0 8 0 10 9 1 511 24 195 30.64
1 0 0 0 0 0 0 63 197 22.31
1 0 0 0 0 0 3 513 514 515 0 153 19.39
7 0 6 7 8 2 3 517 519 529 1 215 19.06
6 0 4 3 8 1 3 516 520 522 1 123 21.12
1 0 1 5 2 9 3 520 521 524 1 186 28.12
6 0 5 6 3 7 3 518 523 532 7 217 28.68
5 0 2 6 1 4 3 522 523 531 8 200 16.01
9 0 10 3 4 5 2 526 540 13 145 28.87
9 0 6 10 10 5 3 520 525 532 8 131 20.02
6 0 4 10 5 6 2 530 542 17 181 24.09
3 0 6 2 7 6 3 527 529 531 2 135 16.89
3 1 0 0 0 0 3 535 538 542 13 199 21.89
1 1 0 0 0 0 3 527 533 535 13 118 27.7
5 0 4 1 4 10 3 525 527 533 2 116 29.23
2 0 4 6 9 6 3 526 528 531 17 182 26.84
9 0 10 10 6 8 2 536 542 22 223 15.83
2 0 8 6 4 7 3 528 534 541 14 135 29.02
9 1 0 0 0 0 1 530 19 148 29.68
1 1 0 0 0 0 3 532 533 535 8 190 19.13
2 1 0 0 0 0 1 537 28 195 22.52
8 0 10 3 6 2 3 534 536 537 19 177 19.65
1 1 0 0 0 0 2 537 541 17 143 20.36
6 1 0 0 0 0 3 534 536 538 14 185 16.7
8 0 1 10 4 9 1 539 27 157 17.14
4 0 8 7 8 1 1 539 16 157 25.89
8 0 5 9 8 2 1 541 31 238 24.33
2 0 5 8 1 6 2 538 539 30 221 27.3
7 0 2 1 9 8 1 540 32 201 26.68
9 0 9 10 1 10 1 540 35 174 30.1
7 0 5 1 7 3 1 543 44 199 16.84
3 0 8 1 10 1 1 543 39 223 28.77
6 0 10 3 3 4 1 543 31 232 28.33
1 0 0 0 0 0 0 51 231 26.6
1 0 0 0 0 0 3 545 546 547 0 185 19.25
6 0 1 8 10 9 3 548 551 552 1 203 16.28
6 0 1 1 5 4 3 549 554 562 1 197 18.88
9 0 8 8 8 3 3 561 567 574 1 129 28.16
6 0 1 7 7 7 3 550 561 574 7 219 27.0
5 0 3 8 5 2 1 553 7 206 30.62
1 1 0 0 0 0 1 562 13 161 17.2
9 0 5 1 9 9 3 556 563 572 7 155 17.08
8 0 5 1 9 4 3 556 557 559 7 156 20.8
3 0 10 6 1 2 2 555 566 12 137 21.09
9 0 2 7 7 6 3 561 567 568 7 183 30.76
3 0 10 8 4 3 3 556 557 558 15 176 23.99
3 1 0 0 0 0 2 560 568 18 215 26.76
3 0 2 3 9 10 1 573 18 156 26.41
7 0 5 5 6 7 3 564 569 570 18 148 27.7
3 0 6 2 1 3 2 562 569 15 125 25.59
6 0 8 7 4 2 3 565 567 570 21 136 18.25
1 1 0 0 0 0 1 572 16 174 26.04
4 1 0 0 0 0 1 565 18 156 18.61
9 1 0 0 0 0 2 565 566 16 136 24.98
8 0 5 9 10 6 1 568 25 193 17.38
7 0 8 7 1 3 1 571 27 143 20.18
3 0 3 8 10 10 1 570 25 135 17.38
1 0 5 10 6 1 1 571 27 195 22.61
1 0 2 3 6 7 1 571 33 237 18.26
7 1 0 0 0 0 2 572 573 25 192 26.69
3 0 8 2 3 9 1 574 28 161 20.64
2 0 9 10 2 1 1 573 34 189 23.86
8 0 6 4 1 8 1 575 32 147 20.42
10 0 2 8 5 2 1 575 36 201 26.42
7 0 10 4 2 7 1 575 31 237 25.43
1 0 0 0 0 0 0 46 225 20.18
72.81 70.95 69.49 72.07 72.92 89.42 109.29 124.51 108.86 93.59 91.92 74.17 62.97 59.93 58.89 70.26 84.06 92.46 102.9 134.1 170.66 124.4 106.23 96.34 87.55 81.22 79.58 78.27 82.59 97.42 114.58 120.78 109.39 85.85 80.88 70.25 55.89 53.26 57.16 68.87 76.5 93.49 111.02 137.2 160.08 133.88 115.44 100.98 94.43 88.78 87.15 89.84 94.29 106.11 129.17 142.9 123.11 97.02 87.47 77.64 68.48 68.2 71.34 78.25 84.55 99.24 111.21 131.76 143.46 123.94 109.69 98.02 97.61 93.33 93.2 95.18 96.09 108.79 123.95 137.91 122.67 103.21 90.11 77.84 66.09 65.49 72.06 81.37 87.82 93.9 109.11 132.01 173.87 134.44 112.64 105.87 102.02 97.86 95.0 96.35 100.38 111.94 135.54 133.18 98.02 83.34 52.95 3.24 3.09 0.13 0.01 7.49 59.42 87.6 94.58 117.4 155.2 124.27 103.02 96.79 101.99 103.56 99.41 96.56 101.13 100.72 97.91 93.79 73.88 9.1 -0.09 -22.58 -56.61 -114.38 -109.63 -49.89 -6.78 29.94 97.26 125.4 167.01 126.19 107.85 95.28 98.27 96.34 94.3 96.76 96.74 96.77 88.98 66.69 4.96 -0.1 -12.08 -49.39 -170.77 -224.49 -219.87 -110.58 -18.81 0.1 83.97 120.03 134.62 116.69 101.79 89.36 87.57 82.76 82.38 82.95 86.24 100.16 142.17 145.29 109.98 73.06 10.85 3.94 0.36 -4.66 -9.2 18.56 37.67 79.56 109.13 148.9 200.08 135.52 101.71 94.17 94.54 90.18 90.53 95.0 97.86 107.68 137.6 128.6 100.29 80.49 18.73 2.06 0.97 -4.47 1.23 6.06 6.93 74.73 108.71 154.44 257.56 152.65 113.79 103.59 103.88 98.89 97.07 98.94 99.7 104.54 126.88 122.38 99.46 71.7 2.52 1.38 -11.12 -21.34 -22.95 -4.1 8.4 39.13 89.66 111.33 158.42 131.4 111.07 101.31 98.92 90.67 89.3 89.25 91.8 100.22 122.62 126.49 100.41 72.4 22.19 15.1 8.01 0.44 -2.43 38.21 69.14 70.01 80.96 117.23 145.53 125.44 110.13 101.61 94.98 88.9 85.85 85.42 89.2 97.19 112.28 117.13 106.05 81.09 21.8 6.29 8.75 25.9 38.95 41.43 56.32 75.01 95.5 122.43 146.35 138.86 116.1 99.3 93.16 93.46 88.78 88.91 90.0 94.11 91.72 89.79 59.52 0.88 0.0 0.2 -4.41 -10.07 -11.32 -6.44 1.28 28.9 75.05 91.54 109.06 125.01 130.03 109.08 106.7 101.54 98.62 97.45 98.41 98.05 91.3 87.2 65.28 9.23 0.0 -0.2 -2.0 -7.37 -15.0 -8.97 -0.2 16.56 92.44 108.04 124.52 130.98 118.86 104.17 111.21 104.19 97.44 94.3 100.58 111.92 132.74 136.4 113.64 94.79 70.9 28.81 12.77 5.0 8.0 28.58 74.99 99.3 116.82 149.23 231.01 154.91 129.65 114.48 116.99 107.35 104.17 106.33 112.6 121.82 144.38 132.49 97.54 77.61 62.82 16.0 7.74 9.07 10.87 28.29 72.91 99.9 109.98 132.32 193.13 152.12 121.93 110.2 107.93 102.33 97.9 94.9 93.7 102.49 112.48 116.54 107.82 84.82 42.22 57.3 50.0 45.17 55.07 70.54 71.62 110.3 122.4 179.0 114.35 110.27 100.72 90.0 101.9 91.14 86.89 86.53 87.33 94.1 112.33 112.03 103.39 98.92 92.89 88.25 90.0 81.26 84.62 95.73 98.9 112.07 134.29 123.69 154.93 131.5 119.6 105.0 104.4 96.58 90.17 89.74 96.2 110.05 132.28 136.37 118.04 88.47 74.43 61.31 23.0 19.58 20.0 64.98 63.58 68.39 114.95 137.77 181.42 146.75 128.14 110.68 106.05 95.88 89.49 84.88 83.36 81.29 83.46 76.84 62.05 12.26 -0.02 -0.33 -0.45 -0.55 -0.9 -1.85 -0.39 50.1 85.92 115.14 134.06 122.87 101.3 91.52 66.23 32.0 16.83 8.36 3.85 2.72 1.2 1.24 -0.02 -0.03 -0.6 -1.31 -1.73 -5.68 -7.2 -6.98 -2.0 0.34 17.45 95.62 109.81 111.77 103.62 94.45 89.84 79.97 75.12 74.41 79.81 88.13 119.49 146.41 130.98 93.48 61.34 24.23 16.4 11.28 6.14 9.7 26.35 57.95 111.65 146.07 212.9 170.69 129.25 106.4 99.03 86.4 77.9 76.44 80.21 83.42 95.01 86.36 69.35 51.1 4.39 3.49 0.16 0.68 1.84 12.73 59.63 88.33 111.39 135.18 182.47 134.28 111.86 92.79 86.59 73.07 70.42 65.61 68.26 79.11 94.64 101.37 96.19 91.7 78.29 73.3 66.97 59.9 57.86 73.48 73.52 98.82 116.22 131.57 159.1 136.24 121.7 104.56 97.6 93.19 90.94 90.45 90.33 90.51 84.78 84.39 82.11 61.49 18.77 1.65 0.24 2.22 0.23 5.48 1.6 15.17 65.09 97.03 121.25 105.81 92.95 75.96 63.73 72.62 48.6 33.95 37.39 56.54 82.17 68.38 53.01 29.13 1.85 0.21 7.44 4.84 -1.56 1.44 0.22 30.36 73.81 123.62 148.34 144.49 130.19 108.2 107.0 100.32 99.42 100.0 100.91 99.1 91.62 79.94 54.19 1.0 -0.02 -1.0 -3.07 -13.17 -7.75 -3.0 -0.05 42.26 88.98 131.6 192.35 192.37 133.16 102.5 91.87 85.29 79.1 73.77 71.34 65.15 35.45 13.0 2.4 -0.01 -0.6 -2.11 -5.48 -12.93 -20.41 -15.61 -6.0 -4.64 10.62 81.25 94.91 100.0 106.67 91.43 83.43 76.96 76.14 79.02 85.08 95.08 109.2 113.48 102.13 86.88 58.73 33.21 20.0 12.78 11.0 19.75 58.25 89.94 124.8 194.41 273.75 244.46 139.44 112.37 114.6 112.55 104.28 101.89 99.45 116.14 134.71 121.52 87.38 59.16 9.74 11.34 14.44 12.36 10.66 21.84 76.45 94.3 95.67 140.89 198.86 136.66 105.25 91.69 70.69 66.16 64.09 64.37 67.64 81.86 100.48 113.08 105.38 65.98 49.02 38.59 18.13 9.69 18.42 46.85 76.59 101.37 120.38 155.33 205.64 138.82 112.43 92.91 105.34 98.78 91.88 90.87 92.47 91.83 111.72 126.85 114.22 80.06 65.62 47.6 20.11 11.6 7.68 21.41 65.66 84.98 106.77 126.48 165.36 119.07 99.8 86.87 77.55 64.81 60.3 54.73 49.3 65.69 97.45 100.0 61.47 11.35 0.08 1.09 6.58 19.12 15.18 20.35 29.65 10.59 52.57 135.0 139.7 134.0 125.31 103.86 111.48 90.4 86.28 90.0 94.54 90.58 85.47 86.74 77.57 63.13 29.64 9.44 1.19 -0.01 -0.02 -0.02 11.17 18.76 72.6 127.6 110.0 103.11 109.7 91.44 94.42 84.85 77.88 76.49 68.55 56.89 40.12 3.87 0.0 -0.5 -2.0 1.8 -14.23 -15.85 -22.95 5.0 4.32 125.6 141.25 200.0 228.34 164.81 96.97 85.68 79.91 68.58 49.25 48.46 44.74 52.32 119.91 103.5 79.65 9.96 0.4 7.37 11.79 -13.76 -13.66 -1.4 7.57 114.4 120.0 119.28 155.95 150.28 125.45 103.15 88.35 79.95 70.42 60.94 55.17 64.85 79.95 83.92 84.6 65.74 22.64 0.7 -0.01 -1.4 3.43 18.39 31.83 105.0 128.4 123.38 134.24 109.02 97.46 102.2 96.08 88.58 74.42 71.15 73.04 90.0 124.71 124.8 92.84 65.19 21.1 1.32 1.19 1.87 1.0 6.12 22.91 79.08 94.63 136.68 217.0 176.83 119.4 95.93 96.43 88.02 85.62 85.4 89.76 93.37 114.18 104.3 78.24 36.33 0.0 -0.2 -7.67 -15.42 -8.67 5.97 8.4 41.7 91.9 123.45 166.41 131.79 131.49 115.08 90.0 90.0 83.11 77.77 75.37 80.1 103.6 87.26 76.49 40.02 4.52 0.12 -1.03 -4.56 -2.38 8.72 13.48 126.56 96.62 122.55 147.83 125.0 109.48 84.8 115.5 90.51 92.35 97.62 69.49 64.57 53.24 21.97 8.28 0.0 -2.45 -10.45 -35.0 -36.75 -25.97 -6.77 -0.39 8.42 85.96 123.83 139.15 130.0 117.59 109.61 91.93 87.92 86.24 89.75 91.34 91.58 83.13 63.59 20.71 1.61 0.0 -0.02 -1.41 -5.75 -5.0 -2.0 -0.01 57.66 99.89 116.85 135.82 138.4 149.75 110.23 104.25 91.34 85.14 84.83 83.22 90.46 110.96 123.49 107.05 82.66 61.96 80.01 80.01 79.64 76.29 79.0 132.03 97.04 93.33 118.49 186.12 189.94 125.79 102.56 103.51 96.61 94.3 93.81 94.71 102.51 118.0 106.38 97.67 70.74 4.58 2.29 1.56 -1.01 -0.09 4.57 27.76 91.21 105.02 139.17
