576 5
1 40 45 34 37
1 0 0 0 0 0 3 1 2 3 0 206 11.62
5 0 10 5 8 5 3 6 9 10 1 170 15.4
2 0 9 3 8 7 3 7 15 18 1 163 16.53
6 0 5 9 4 1 3 4 5 18 1 140 12.87
10 0 5 7 6 4 3 11 12 13 7 160 14.42
7 0 9 4 2 10 3 7 16 27 7 208 9.05
10 0 7 2 10 6 3 8 11 21 6 134 13.1
9 0 4 5 2 6 3 12 13 14 14 128 11.8
3 0 6 3 6 6 3 15 18 24 16 173 15.28
8 0 8 10 10 9 3 13 16 22 6 172 11.44
10 0 4 6 4 8 3 17 20 26 6 214 16.83
1 0 9 5 4 4 3 15 16 26 17 220 10.42
6 1 0 0 0 0 2 17 20 23 222 10.49
6 1 0 0 0 0 3 19 21 23 23 184 12.48
9 0 4 5 4 9 2 17 22 23 221 16.6
9 0 10 7 9 8 3 19 27 29 19 238 14.11
4 0 7 4 10 3 2 24 25 18 164 11.37
4 0 5 4 6 4 1 30 32 178 16.72
4 0 2 7 3 2 3 19 25 26 19 207 14.0
3 1 0 0 0 0 1 28 29 191 10.45
9 1 0 0 0 0 2 21 22 29 202 10.42
4 0 3 3 5 2 1 28 38 159 15.24
3 0 2 5 4 3 2 23 24 38 245 15.61
6 0 5 4 9 7 2 25 29 41 157 8.6
9 0 5 7 8 5 2 28 29 41 163 11.09
3 0 9 1 4 2 1 30 47 158 13.11
8 1 0 0 0 0 1 27 23 218 13.84
6 1 0 0 0 0 1 30 31 233 16.23
10 0 8 7 9 3 1 31 50 184 9.0
8 0 1 5 7 8 1 31 50 246 11.52
10 0 5 2 8 1 1 31 50 221 11.95
1 0 0 0 0 0 0 60 219 11.08
1 0 0 0 0 0 3 33 34 35 0 200 11.26
3 0 1 4 5 2 3 39 43 56 1 159 16.24
3 0 0 0 0 9 3 37 47 57 1 170 13.46
4 0 5 8 5 0 3 36 44 46 1 219 16.08
1 0 0 0 10 10 3 38 48 52 5 150 13.34
6 0 0 4 3 10 2 42 55 4 187 9.1
4 0 10 7 10 7 1 56 6 141 14.47
1 0 1 9 0 5 3 40 45 51 4 135 17.08
2 0 8 2 7 0 2 41 60 5 119 11.78
6 0 3 0 0 0 2 44 46 7 122 8.57
8 0 0 6 4 0 2 50 59 10 146 9.94
4 0 5 7 3 5 1 50 4 212 16.48
3 0 0 2 3 4 2 49 59 13 138 14.68
6 0 4 0 4 1 2 49 60 5 208 8.72
2 0 5 8 0 4 1 57 13 147 8.76
3 0 9 10 10 9 2 50 53 4 160 14.23
9 0 2 2 9 8 3 49 57 62 6 159 16.31
5 1 0 0 0 0 1 55 16 230 16.88
7 1 0 0 0 0 2 54 58 18 145 16.39
10 0 9 9 7 0 2 54 62 5 168 17.09
4 0 0 7 0 9 3 53 55 56 6 144 15.18
3 1 0 0 0 0 3 54 59 61 10 185 10.07
9 0 4 2 2 0 1 60 25 152 11.44
7 0 0 8 3 2 1 58 21 138 12.86
7 0 4 8 8 3 1 58 10 212 8.81
6 0 5 1 0 5 1 61 15 134 13.2
1 0 7 5 3 4 1 61 28 176 15.1
10 0 5 0 5 8 1 62 18 152 11.5
7 0 8 8 0 5 1 63 34 159 8.92
3 0 2 8 7 9 1 63 29 170 14.99
4 0 1 3 2 1 1 63 28 219 11.63
1 0 0 0 0 0 0 41 175 16.78
1 0 0 0 0 0 3 65 66 67 0 206 13.11
8 0 1 3 6 1 3 69 73 78 1 185 11.28
10 0 3 10 9 4 3 69 70 75 1 165 9.91
9 0 10 10 7 3 3 68 76 86 1 126 14.2
7 0 8 6 4 10 3 85 88 91 10 144 15.71
9 0 2 1 5 2 3 71 74 77 11 178 8.9
3 0 10 6 3 6 3 72 78 80 11 204 8.97
4 0 4 9 7 7 3 79 80 93 20 148 15.67
10 0 8 10 7 8 3 73 79 81 14 157 12.54
1 1 0 0 0 0 3 76 82 89 24 179 16.95
10 0 3 4 1 7 3 76 81 84 20 177 12.71
1 0 7 3 1 6 3 79 83 84 11 134 15.82
4 1 0 0 0 0 2 87 90 30 171 15.57
9 0 3 7 6 2 3 82 83 88 20 219 10.42
3 0 2 3 5 6 3 83 86 90 14 168 9.69
3 1 0 0 0 0 3 82 88 91 24 183 15.05
2 1 0 0 0 0 3 81 89 94 24 166 15.18
4 0 4 10 3 6 1 91 30 228 13.61
8 0 2 3 4 3 1 94 29 244 14.36
10 1 0 0 0 0 3 85 87 92 29 213 16.45
5 1 0 0 0 0 2 85 86 30 216 9.48
9 0 4 9 7 7 1 93 39 208 13.06
5 0 1 1 4 3 2 87 89 35 221 12.91
5 0 10 5 1 7 1 93 40 213 12.01
1 0 8 7 4 10 1 90 29 178 8.6
9 0 9 2 1 2 1 92 40 197 17.09
5 1 0 0 0 0 1 94 34 179 12.21
3 1 0 0 0 0 1 92 34 148 15.7
10 0 4 6 4 10 1 95 49 203 16.28
4 0 3 6 7 7 1 95 48 236 11.61
7 0 7 8 1 7 1 95 39 154 11.3
1 0 0 0 0 0 0 59 244 16.06
1 0 0 0 0 0 3 97 98 99 0 123 10.35
1 0 2 0 9 0 1 106 1 141 14.91
5 0 2 8 3 0 3 100 102 110 1 158 13.04
7 0 6 7 0 0 3 101 103 104 1 145 13.39
10 0 0 0 1 0 2 112 114 6 141 14.59
1 0 0 8 0 0 3 105 108 119 8 118 10.98
5 0 0 5 0 0 3 107 111 112 6 209 15.88
1 0 6 0 0 6 3 108 113 118 8 124 10.63
5 0 0 3 1 0 3 106 117 119 8 149 11.72
9 0 0 0 0 10 2 121 125 9 141 10.41
3 0 1 9 7 0 1 109 13 174 9.22
7 0 2 10 0 8 2 108 124 11 202 15.28
4 1 0 0 0 0 1 116 18 192 9.5
2 1 0 0 0 0 2 114 116 16 191 10.7
7 0 4 7 3 1 1 111 6 164 11.23
6 1 0 0 0 0 2 113 123 13 175 16.06
7 0 3 10 7 10 2 113 115 16 165 14.4
8 0 10 0 10 10 2 116 117 23 160 11.48
8 0 3 0 0 6 1 120 18 183 9.69
8 0 0 4 6 0 3 117 118 123 23 202 10.68
4 0 0 1 1 6 1 121 31 151 9.14
5 0 0 0 4 0 1 122 31 240 12.7
3 0 0 2 0 7 2 122 126 31 160 12.28
5 0 0 1 10 0 2 120 121 13 185 8.79
10 0 0 0 3 2 2 122 123 26 202 10.02
3 0 4 0 1 3 1 126 35 162 15.51
4 0 7 0 0 0 2 124 125 36 223 14.13
3 0 0 1 3 0 1 124 36 167 12.59
1 0 0 2 0 0 1 127 40 167 13.49
3 0 0 0 6 6 1 127 40 147 14.21
1 0 0 7 0 0 1 127 38 173 14.13
1 0 0 0 0 0 0 43 197 11.25
1 0 0 0 0 0 3 129 130 131 0 161 11.07
1 0 1 5 1 5 3 132 139 140 1 195 13.18
8 0 7 4 9 9 3 134 143 145 1 164 13.88
10 0 1 1 9 6 3 133 137 144 1 167 9.88
3 0 8 3 10 5 3 135 141 144 2 164 13.45
2 0 3 6 5 5 3 134 143 147 11 203 13.61
8 0 4 4 8 3 3 136 151 156 13 198 9.91
7 0 10 6 9 9 3 138 143 146 5 149 14.21
1 1 0 0 0 0 1 141 21 209 16.08
8 0 10 10 10 1 2 139 149 11 154 12.87
4 0 4 7 4 2 3 142 147 156 12 227 12.1
10 0 1 8 8 7 3 142 145 146 19 137 15.12
5 1 0 0 0 0 3 141 142 149 2 165 13.75
8 1 0 0 0 0 3 150 152 153 22 196 15.57
8 0 10 2 10 9 2 151 154 29 169 9.28
5 0 4 3 7 8 2 149 154 13 229 13.23
5 0 2 6 6 9 3 145 146 156 11 208 9.73
7 1 0 0 0 0 2 147 150 29 182 12.4
10 1 0 0 0 0 3 148 151 153 29 195 15.44
8 0 7 5 8 6 2 152 155 36 198 12.75
8 1 0 0 0 0 2 150 158 39 235 9.36
9 0 1 9 5 7 2 153 158 19 202 14.77
1 0 6 10 4 1 1 154 47 213 11.84
6 0 6 5 10 9 2 152 155 39 230 11.77
2 0 2 10 5 7 2 157 158 45 193 13.8
1 0 3 3 10 6 1 157 39 182 16.88
10 0 6 6 9 2 1 155 48 221 14.25
4 0 10 9 10 6 1 157 58 174 14.64
3 0 7 1 1 8 1 159 21 179 11.78
2 0 5 5 1 1 1 159 62 168 14.78
1 0 4 2 2 1 1 159 47 193 12.81
1 0 0 0 0 0 0 64 211 14.81
1 0 0 0 0 0 3 161 162 163 0 121 10.38
6 0 0 3 0 0 3 171 177 186 1 114 9.57
4 0 0 3 0 0 2 165 169 1 220 14.08
9 0 0 0 7 0 3 164 166 181 1 222 15.23
5 0 1 0 0 0 2 173 189 10 191 16.44
10 0 0 4 0 0 3 167 178 183 5 163 16.2
10 0 0 3 0 0 3 168 170 182 10 126 11.16
1 0 6 0 0 0 1 185 15 183 12.99
1 1 0 0 0 0 3 172 179 190 20 142 14.69
7 0 9 0 0 0 1 174 5 189 16.02
2 1 0 0 0 0 1 184 20 225 13.82
7 0 0 7 0 0 1 180 7 127 14.91
6 1 0 0 0 0 1 176 21 202 13.58
1 0 8 0 0 0 2 175 176 15 195 11.87
10 0 0 0 0 3 1 182 12 170 9.67
9 1 0 0 0 0 1 179 16 170 14.43
4 0 0 8 0 0 1 184 27 169 13.14
6 0 0 0 9 0 1 183 7 151 16.8
10 0 0 2 0 0 1 180 15 181 9.38
2 1 0 0 0 0 1 184 25 150 13.84
5 0 0 3 0 0 1 181 25 148 12.55
4 0 0 0 8 0 2 188 189 30 217 13.84
7 0 0 0 2 0 1 187 22 193 16.64
6 1 0 0 0 0 2 185 190 15 208 10.96
4 0 0 0 0 8 1 188 31 226 13.71
10 0 0 0 0 4 1 188 21 175 8.85
4 0 7 0 0 0 1 190 7 171 14.55
4 0 0 6 0 0 1 189 29 199 12.8
3 0 5 0 0 0 1 191 35 232 14.53
10 0 0 0 9 0 1 191 34 166 10.84
8 0 0 1 0 0 1 191 21 179 16.74
1 0 0 0 0 0 0 44 221 8.98
1 0 0 0 0 0 3 193 194 195 0 120 12.44
8 0 0 0 0 4 3 196 197 198 1 199 13.63
2 0 7 4 5 3 1 200 1 213 12.41
10 0 9 8 0 0 1 221 1 221 16.94
1 0 4 10 8 6 2 208 211 9 164 14.24
10 0 6 7 2 6 3 199 202 204 9 137 11.86
2 0 1 10 2 4 1 215 9 133 15.95
5 1 0 0 0 0 2 207 210 19 185 12.63
2 0 1 10 0 2 3 201 203 209 3 218 16.32
6 0 6 0 8 0 1 205 5 149 14.24
6 1 0 0 0 0 3 206 207 215 19 196 14.95
3 0 0 4 1 2 1 219 5 211 14.16
3 1 0 0 0 0 1 212 19 140 10.63
1 0 4 7 2 9 2 210 217 11 164 15.19
8 0 9 6 0 1 1 219 25 225 14.28
6 0 7 10 1 0 1 211 25 229 15.11
9 0 0 10 8 0 1 213 10 167 12.12
10 0 7 10 1 0 1 219 5 147 9.06
7 1 0 0 0 0 2 218 220 24 195 13.85
9 0 1 0 5 4 1 222 31 237 14.72
5 1 0 0 0 0 2 220 221 22 206 16.32
5 0 10 4 9 2 3 214 216 218 19 148 15.84
4 1 0 0 0 0 1 217 24 218 13.43
3 0 0 0 7 0 1 216 25 215 14.44
4 1 0 0 0 0 1 221 28 221 12.1
10 0 9 0 2 0 1 222 28 156 9.35
9 0 7 10 2 0 1 222 31 148 12.43
7 0 0 0 3 0 1 220 33 215 13.35
7 0 1 7 5 7 1 223 40 231 15.53
7 0 1 8 9 0 1 223 32 208 11.24
8 0 0 8 2 5 1 223 40 185 9.08
1 0 0 0 0 0 0 48 188 11.44
1 0 0 0 0 0 3 225 226 227 0 110 14.06
9 0 1 9 6 10 2 228 229 1 155 16.69
4 0 3 7 0 7 3 235 239 248 1 158 8.71
1 0 6 8 2 1 1 233 1 164 9.62
8 0 7 5 8 2 3 230 231 242 10 134 14.78
4 0 8 4 0 2 2 235 241 10 199 12.86
4 0 6 0 8 9 3 232 236 251 18 168 12.15
3 0 4 0 7 2 1 234 18 144 12.59
9 0 4 4 0 4 3 237 240 243 22 178 9.05
2 0 1 1 3 2 3 242 246 248 2 180 15.96
4 0 0 2 0 10 2 238 247 21 216 11.44
7 0 10 0 9 0 2 240 251 14 170 11.99
2 0 2 2 3 0 1 238 22 196 11.62
5 0 3 0 6 0 1 241 31 225 8.72
8 1 0 0 0 0 2 244 248 25 229 9.4
4 0 4 0 8 9 2 240 247 5 153 11.4
8 1 0 0 0 0 3 244 245 250 31 223 8.92
7 1 0 0 0 0 2 244 247 36 243 13.31
7 0 1 7 10 5 3 245 250 253 18 144 13.76
1 1 0 0 0 0 3 245 246 249 31 209 9.48
4 0 6 8 1 1 1 254 43 187 9.41
4 1 0 0 0 0 1 254 39 242 14.02
4 1 0 0 0 0 1 253 32 200 9.37
8 0 4 0 0 0 2 249 250 43 231 11.64
10 0 7 10 0 1 1 249 33 192 10.83
9 0 10 9 4 0 1 254 51 250 15.92
9 0 5 0 4 9 1 252 51 235 14.98
3 0 10 0 8 8 2 252 253 22 222 15.74
10 0 3 0 0 7 1 255 60 178 9.5
3 1 0 0 0 0 1 255 36 192 14.61
5 0 10 0 0 7 1 255 60 247 11.34
1 0 0 0 0 0 0 70 202 9.71
1 0 0 0 0 0 3 257 258 259 0 126 15.81
1 0 2 1 3 7 3 263 265 267 1 163 14.08
5 0 7 3 4 10 2 260 261 1 187 10.82
1 0 7 6 10 1 3 262 263 270 1 213 10.59
9 0 4 8 4 10 2 266 268 6 210 11.46
4 0 3 9 7 10 3 266 271 282 6 151 14.51
6 0 3 9 10 9 3 267 271 274 2 120 13.53
3 0 8 9 10 9 1 264 2 220 13.77
8 0 3 7 4 9 3 269 276 282 5 198 12.58
10 0 4 3 6 4 1 273 2 218 8.71
4 1 0 0 0 0 3 270 278 280 15 188 16.39
6 0 9 6 5 10 1 277 8 138 16.51
10 0 2 7 9 1 3 272 277 284 15 200 9.32
9 0 10 5 4 10 3 271 280 285 13 163 12.2
5 1 0 0 0 0 1 283 19 140 9.33
1 0 2 1 1 6 1 283 22 221 13.91
10 1 0 0 0 0 3 274 278 279 25 235 9.01
2 0 5 7 9 2 2 275 279 12 163 11.85
4 1 0 0 0 0 2 276 281 35 177 9.18
4 1 0 0 0 0 3 280 281 286 14 159 9.53
7 0 8 5 7 3 1 286 39 174 12.62
3 0 7 5 10 5 1 278 25 166 11.97
8 0 7 5 10 10 1 281 35 177 9.38
9 0 8 1 1 4 2 282 285 35 217 12.24
7 0 7 10 6 10 1 283 22 163 8.67
7 0 6 6 7 8 1 285 43 247 16.48
2 0 10 9 7 10 1 286 44 193 15.0
9 0 8 2 9 2 1 284 29 179 14.45
6 0 7 6 2 9 1 287 38 205 13.57
5 0 1 8 8 8 1 287 50 228 16.97
5 0 10 3 1 4 1 287 46 233 12.42
1 0 0 0 0 0 0 55 201 11.4
1 0 0 0 0 0 3 289 290 291 0 141 12.65
1 0 1 0 0 0 2 292 296 1 120 11.54
10 0 0 9 4 4 3 293 294 299 1 185 10.88
4 0 0 0 9 9 1 301 1 123 12.99
4 0 0 0 0 7 3 295 297 298 2 198 10.26
3 0 9 0 0 0 2 305 312 11 211 11.33
4 0 0 8 5 10 1 308 11 201 11.73
9 0 1 0 4 0 3 300 313 316 6 172 12.64
10 0 3 0 0 0 3 304 306 309 2 211 10.01
2 0 3 4 5 0 1 311 6 147 16.11
7 0 0 3 1 9 1 304 6 212 10.64
1 0 8 0 1 7 1 310 11 218 8.59
1 1 0 0 0 0 1 314 15 138 16.46
2 0 9 0 5 0 1 302 5 201 9.73
6 0 0 3 0 1 2 303 307 7 212 14.85
10 0 10 0 5 9 3 305 314 315 13 167 16.46
9 0 0 0 8 0 1 318 13 131 10.34
7 0 2 0 5 0 1 316 23 216 14.91
5 1 0 0 0 0 1 316 12 151 8.66
1 1 0 0 0 0 1 308 13 150 16.4
2 1 0 0 0 0 1 311 15 214 15.33
6 1 0 0 0 0 3 311 314 317 12 215 14.81
3 0 4 0 3 0 1 312 12 169 8.94
2 0 8 9 0 7 1 313 18 186 11.92
6 0 0 0 7 0 1 317 15 179 11.71
8 0 1 4 7 0 1 315 20 225 9.84
3 0 1 6 0 0 1 318 23 189 13.66
3 0 0 2 0 0 1 318 28 193 8.88
9 0 9 0 0 5 1 319 30 229 15.13
8 0 9 0 5 5 1 319 21 155 8.7
2 0 0 0 0 7 1 319 31 219 15.54
1 0 0 0 0 0 0 39 225 15.49
1 0 0 0 0 0 3 321 322 323 0 116 16.58
10 0 2 4 3 3 3 324 326 329 1 195 13.26
10 0 6 8 3 1 3 326 335 339 1 185 11.01
2 0 2 10 1 1 3 328 329 330 1 196 11.01
8 0 6 10 4 3 3 325 339 341 11 138 14.6
10 0 6 1 7 3 3 328 330 334 19 163 10.02
1 0 1 6 9 10 3 327 328 337 11 223 11.09
7 1 0 0 0 0 3 333 341 346 12 149 15.78
8 0 2 1 3 6 3 332 340 342 29 187 13.25
9 0 8 1 3 9 3 340 342 347 11 196 10.23
8 0 8 1 8 9 3 331 337 340 29 187 15.99
8 0 9 3 7 5 3 332 335 342 37 245 15.51
2 0 8 8 10 1 3 333 338 345 45 251 9.79
1 0 3 1 5 8 1 336 47 204 12.23
4 1 0 0 0 0 3 336 337 346 29 242 15.9
9 1 0 0 0 0 3 336 338 343 45 210 11.72
5 0 2 10 1 10 1 344 54 203 16.11
1 1 0 0 0 0 2 349 350 37 214 16.41
5 0 2 4 6 8 3 344 347 349 54 168 10.35
8 0 9 6 7 3 1 343 19 162 11.01
9 1 0 0 0 0 3 343 345 348 37 238 15.73
2 1 0 0 0 0 1 347 19 136 15.49
8 0 4 6 6 4 3 345 348 350 45 199 16.38
2 0 10 4 6 6 1 344 54 170 10.63
4 0 10 9 2 8 1 350 59 193 12.79
5 0 4 10 2 10 1 346 53 163 10.5
6 0 1 8 3 2 1 349 58 177 11.76
7 0 2 10 9 4 1 348 59 254 16.78
7 0 2 3 7 4 1 351 66 270 14.26
7 0 6 2 3 10 1 351 64 252 14.51
2 0 2 2 4 4 1 351 63 259 9.5
1 0 0 0 0 0 0 73 181 11.47
1 0 0 0 0 0 3 353 354 355 0 156 14.01
6 0 0 0 0 2 3 362 371 379 1 221 15.24
6 0 0 0 0 8 2 357 361 1 186 16.13
7 0 0 0 0 2 3 356 358 361 1 143 12.71
6 0 4 0 0 0 3 359 360 372 8 146 8.66
10 0 0 0 8 0 3 362 372 377 7 225 9.98
7 0 0 6 0 0 3 363 364 372 8 214 14.19
10 0 0 0 0 9 3 366 367 370 14 147 13.59
4 1 0 0 0 0 3 362 364 374 14 213 13.03
6 0 2 0 0 0 3 365 371 376 8 197 10.16
8 1 0 0 0 0 2 369 373 18 152 10.66
8 0 0 4 0 0 3 365 368 373 15 167 15.82
8 0 1 0 0 0 3 370 373 382 18 211 16.13
4 1 0 0 0 0 3 366 367 381 23 201 11.5
2 0 10 0 0 0 2 369 374 27 236 14.78
5 1 0 0 0 0 3 375 378 382 27 143 15.98
2 1 0 0 0 0 3 369 370 374 23 141 11.17
8 0 0 0 0 4 1 378 29 166 15.11
1 1 0 0 0 0 3 371 376 378 26 205 15.03
2 0 0 0 1 0 2 375 377 27 203 11.71
7 1 0 0 0 0 3 375 379 381 17 176 13.99
6 0 0 3 0 0 1 376 26 218 14.3
9 1 0 0 0 0 2 377 379 29 158 16.84
1 0 0 0 3 0 1 380 32 200 11.87
5 0 10 0 0 0 1 381 32 241 9.81
5 0 0 0 8 0 1 380 38 146 12.41
2 0 0 0 2 0 1 380 37 168 8.73
7 0 2 0 0 0 1 382 38 206 10.74
2 0 0 0 3 0 1 383 43 207 9.33
10 0 7 0 0 0 1 383 37 237 11.72
9 0 0 0 0 8 1 383 45 222 13.9
1 0 0 0 0 0 0 54 200 14.87
1 0 0 0 0 0 3 385 386 387 0 194 13.66
3 0 2 0 5 5 1 392 1 194 11.74
3 0 0 0 2 2 3 389 390 398 1 200 11.1
8 0 0 7 6 4 2 388 395 1 191 13.47
6 0 0 10 0 4 2 391 393 9 185 11.46
8 0 2 0 0 7 2 403 407 4 183 15.06
8 0 0 10 3 5 2 396 403 4 147 12.74
5 0 4 10 1 0 3 402 411 412 15 136 10.59
4 0 0 8 0 9 2 397 410 4 167 12.27
8 0 0 0 5 0 1 394 15 189 11.76
9 0 0 8 4 0 3 399 404 405 23 201 9.81
3 0 2 0 10 0 1 401 9 205 16.66
5 0 10 0 8 8 1 399 12 225 12.84
10 0 0 1 0 0 2 400 407 8 151 11.18
3 0 8 3 2 0 1 408 4 212 16.16
4 0 0 2 0 0 1 401 32 220 11.3
9 0 4 0 3 8 2 401 409 18 225 9.8
7 0 0 0 0 4 1 414 36 245 9.86
8 1 0 0 0 0 3 405 407 409 20 183 9.44
10 0 0 1 0 4 1 404 12 197 8.66
4 0 2 0 0 3 1 412 32 223 11.38
6 0 0 7 10 1 1 406 32 169 12.61
1 0 0 2 7 0 1 413 38 228 8.65
3 0 9 2 0 3 1 413 28 208 9.08
5 0 0 0 0 7 1 412 7 161 10.43
9 0 0 0 0 8 1 414 28 228 16.29
6 1 0 0 0 0 1 414 8 141 14.49
8 1 0 0 0 0 1 413 20 177 16.56
4 0 0 9 0 6 1 415 36 246 10.63
5 0 0 0 4 5 1 415 39 163 10.05
1 0 0 0 9 3 1 415 43 206 14.28
1 0 0 0 0 0 0 44 235 12.26
1 0 0 0 0 0 3 417 418 419 0 201 11.67
3 0 5 5 2 10 3 420 425 431 1 144 15.75
5 0 6 8 7 5 3 421 422 424 1 133 11.19
6 0 1 3 4 3 3 420 425 435 1 187 11.25
1 0 1 10 6 10 3 422 428 438 7 165 13.58
5 0 6 10 6 7 3 423 426 431 6 167 13.7
1 0 10 4 3 3 3 426 429 439 8 200 8.86
9 0 9 4 3 9 3 427 429 446 11 216 15.06
3 0 8 1 7 3 3 428 436 438 6 126 14.44
3 0 8 5 9 5 3 429 433 434 7 177 12.36
9 0 4 3 2 1 2 427 434 11 203 11.49
2 0 10 9 1 9 3 433 436 441 20 163 15.8
4 0 8 7 2 1 3 439 442 443 9 213 16.31
6 1 0 0 0 0 1 430 20 152 15.03
8 1 0 0 0 0 2 437 440 26 166 15.11
5 0 4 10 6 7 3 432 434 435 11 151 14.42
8 1 0 0 0 0 3 436 437 446 16 227 14.36
6 1 0 0 0 0 2 440 445 22 214 11.33
7 1 0 0 0 0 1 446 20 161 15.64
8 0 1 7 8 1 3 437 438 442 16 191 17.06
10 0 10 2 1 8 2 440 443 24 213 8.9
1 0 3 9 9 9 2 441 444 34 165 9.84
10 1 0 0 0 0 3 439 441 444 24 155 9.47
2 0 6 5 4 3 1 445 34 199 16.52
9 0 4 6 1 8 1 442 34 226 12.1
4 0 1 5 5 6 1 443 35 204 10.02
8 0 5 3 3 4 1 444 43 228 11.96
10 0 6 7 9 1 1 445 39 165 14.08
2 0 6 9 10 8 1 447 51 256 9.14
9 0 6 1 7 10 1 447 49 256 13.43
4 0 4 7 5 3 1 447 27 187 13.21
1 0 0 0 0 0 0 58 189 10.19
1 0 0 0 0 0 3 449 450 451 0 202 15.07
10 0 0 0 0 8 2 456 460 1 120 16.76
5 0 0 8 0 0 3 452 455 463 1 180 11.84
2 0 3 0 0 0 1 453 1 112 14.97
3 0 0 0 0 6 3 454 464 466 6 186 13.56
5 0 8 0 0 0 3 459 461 473 3 196 10.45
1 0 0 0 10 0 3 456 462 472 9 204 9.31
8 0 0 0 0 7 2 457 460 6 120 12.03
5 0 0 0 0 9 2 475 478 11 163 13.41
9 0 8 0 0 0 3 458 468 478 14 231 16.66
8 1 0 0 0 0 2 469 471 23 196 16.64
3 0 4 0 0 0 2 469 474 8 117 15.57
5 1 0 0 0 0 1 470 14 192 16.46
10 0 0 5 0 0 3 465 466 475 8 230 15.59
4 0 0 0 2 0 2 465 467 10 160 9.96
3 0 9 0 0 0 3 464 465 471 6 138 10.24
7 0 0 9 0 0 2 472 477 9 180 10.01
2 0 0 0 1 0 2 468 476 18 188 16.9
10 0 6 0 0 0 1 476 18 191 14.02
7 0 0 0 3 0 2 473 475 14 228 14.35
10 0 1 0 0 0 1 469 23 220 9.05
4 0 0 8 0 0 1 477 33 219 10.07
3 1 0 0 0 0 3 471 472 473 19 232 14.87
9 0 0 2 0 0 1 474 31 217 16.14
10 0 0 0 3 0 1 474 22 199 9.35
8 0 2 0 0 0 1 478 22 191 11.42
10 0 0 0 0 2 1 476 40 210 16.47
1 0 0 8 0 0 1 477 21 176 14.43
6 0 0 0 0 5 1 479 50 183 9.69
3 0 0 0 0 9 1 479 37 152 9.65
10 0 2 0 0 0 1 479 30 200 16.96
1 0 0 0 0 0 0 56 202 12.68
1 0 0 0 0 0 3 481 482 483 0 185 15.29
8 0 2 3 3 8 3 484 501 505 1 221 15.36
5 0 2 3 0 1 3 489 500 510 1 115 16.87
9 0 7 0 0 0 3 487 488 491 1 218 15.83
3 0 5 1 0 1 3 485 495 506 9 161 15.41
6 0 4 8 1 0 2 486 497 12 207 9.32
8 0 0 10 0 0 2 488 504 18 202 11.06
8 0 0 0 0 5 3 493 496 509 10 159 13.25
10 0 5 0 0 0 3 494 502 508 26 154 12.55
1 0 0 7 0 0 3 490 492 494 6 135 10.88
5 0 2 3 0 0 2 496 504 7 193 11.39
7 0 10 6 0 8 2 498 501 10 203 11.35
10 0 0 0 4 0 1 506 7 207 8.83
3 0 1 0 6 0 2 501 504 18 209 11.03
2 0 7 7 0 0 1 509 36 208 16.18
6 0 3 10 0 4 2 497 499 12 207 11.42
4 1 0 0 0 0 2 503 505 18 198 12.34
5 1 0 0 0 0 2 498 507 18 179 15.65
6 1 0 0 0 0 1 502 23 156 13.78
6 1 0 0 0 0 3 500 502 509 18 187 10.28
7 1 0 0 0 0 1 503 24 141 15.04
3 1 0 0 0 0 2 503 510 21 153 9.52
8 0 3 0 3 5 1 510 36 149 8.65
8 0 0 0 7 0 1 507 31 162 12.77
4 1 0 0 0 0 1 507 26 159 16.27
2 1 0 0 0 0 1 506 22 203 16.12
3 0 0 0 0 2 1 508 24 186 14.93
5 0 1 7 9 0 1 508 39 219 13.17
3 0 0 0 9 7 1 511 44 178 15.12
2 0 0 5 0 8 1 511 38 245 15.04
8 0 0 0 0 2 1 511 44 209 9.0
1 0 0 0 0 0 0 52 197 12.09
1 0 0 0 0 0 3 513 514 515 0 136 16.42
6 0 5 0 0 0 2 516 519 1 118 10.07
5 0 5 2 8 10 3 520 522 531 1 204 11.37
3 0 8 0 0 0 2 520 523 1 131 15.85
3 0 3 0 5 0 1 517 7 213 9.28
8 0 7 6 0 0 2 518 533 10 129 13.15
6 1 0 0 0 0 1 540 18 225 11.0
8 0 0 7 0 9 3 525 526 536 7 145 8.95
8 0 0 0 9 0 3 521 524 534 6 220 12.81
6 0 0 8 2 0 1 530 14 133 17.0
10 0 9 0 0 0 2 523 532 6 196 14.99
8 0 0 0 2 7 1 540 16 214 15.0
8 0 5 2 2 0 2 527 528 14 156 12.12
6 0 0 0 0 5 2 529 535 15 230 14.64
5 0 10 7 2 4 2 529 533 15 227 15.44
2 1 0 0 0 0 2 529 532 22 227 14.41
9 0 0 0 0 9 2 535 542 22 168 14.87
7 1 0 0 0 0 1 539 24 150 12.92
5 1 0 0 0 0 1 535 20 161 15.8
4 0 2 0 8 0 1 538 6 188 16.23
3 0 0 6 0 5 1 541 24 177 9.62
10 1 0 0 0 0 1 539 20 194 16.09
8 0 0 0 0 9 1 540 14 230 11.86
6 0 0 7 0 3 1 537 31 154 14.92
1 0 9 5 6 0 1 537 15 168 10.13
8 0 7 0 4 0 1 538 37 227 12.84
6 0 5 0 8 7 1 541 45 178 13.92
5 0 0 0 10 0 1 542 31 219 14.65
8 1 0 0 0 0 1 543 24 196 14.04
1 0 10 0 5 7 1 543 51 225 15.18
9 0 0 8 0 0 1 543 36 234 13.41
1 0 0 0 0 0 0 52 177 12.99
1 0 0 0 0 0 3 545 546 547 0 197 15.07
6 0 1 6 8 6 3 548 551 553 1 177 10.5
7 0 4 7 7 4 2 560 572 1 158 16.21
6 0 5 4 1 7 3 549 550 560 1 137 14.17
4 0 6 10 3 9 3 550 561 565 7 203 13.59
7 0 4 9 8 3 3 554 555 556 7 168 8.78
6 0 10 2 2 5 1 552 11 168 16.19
7 0 3 6 1 5 3 557 568 572 7 198 14.87
8 0 2 9 1 2 2 554 562 17 188 14.41
7 0 4 3 2 3 3 559 563 569 7 197 9.82
9 0 3 10 3 8 1 563 25 217 8.82
5 1 0 0 0 0 3 564 566 570 14 160 9.3
9 0 2 6 1 1 3 557 558 567 14 191 16.88
7 1 0 0 0 0 2 563 574 23 143 14.41
1 0 2 3 3 9 2 568 573 23 157 13.16
10 0 9 1 7 10 2 566 570 14 144 16.18
2 1 0 0 0 0 1 564 8 211 16.36
6 0 2 3 10 9 1 562 11 171 10.33
10 1 0 0 0 0 1 567 25 238 8.64
10 0 10 5 4 4 1 566 34 236 10.53
3 1 0 0 0 0 3 565 567 568 19 211 11.06
5 0 3 6 10 2 1 571 22 194 13.6
1 0 1 1 4 6 1 571 44 172 15.83
3 1 0 0 0 0 1 571 35 160 15.57
9 0 4 9 8 4 1 574 24 170 15.05
2 1 0 0 0 0 2 570 572 14 176 13.32
8 0 10 4 7 2 2 573 574 24 217 16.07
6 0 1 10 6 9 1 573 45 176 14.85
3 0 6 6 6 10 1 575 16 146 12.64
5 0 6 6 10 10 1 575 51 164 14.05
8 0 9 5 4 9 1 575 33 201 9.1
1 0 0 0 0 0 0 56 256 9.23
89.92 84.78 84.1 84.37 86.9 99.45 125.0 152.11 144.03 107.54 95.55 76.31 60.49 61.64 66.22 75.8 84.6 99.0 124.29 185.27 158.68 106.12 83.42 79.36 77.96 76.79 70.01 67.27 69.42 75.27 85.46 95.0 100.0 95.0 70.41 92.74 91.28 90.01 80.01 75.01 69.89 86.57 108.76 137.32 145.94 113.58 105.8 97.2 89.32 83.81 84.44 84.93 88.01 103.34 124.04 135.68 109.94 82.49 59.41 37.67 19.62 12.15 13.1 31.9 65.62 94.94 118.39 157.87 154.65 121.83 109.97 98.59 90.44 85.33 83.48 82.34 83.84 90.43 109.6 123.17 124.43 90.0 61.14 45.95 43.0 40.84 36.53 74.14 87.15 100.0 114.39 131.02 124.3 114.17 98.9 96.72 90.26 81.14 78.44 77.73 77.6 77.4 80.0 86.52 88.46 89.0 88.96 86.31 77.82 67.28 65.05 67.51 77.77 91.86 106.14 126.23 133.75 118.8 108.83 101.95 91.61 81.89 86.4 84.44 86.95 92.98 97.71 94.12 82.13 59.9 19.4 4.54 0.0 -2.72 -6.57 -0.78 0.2 66.51 105.94 130.84 149.1 130.44 111.58 99.44 101.48 96.74 97.58 98.3 98.66 103.07 103.5 86.91 63.7 5.8 -0.69 -30.5 -80.69 -84.89 -54.65 -7.53 0.0 68.65 107.04 116.77 142.51 133.91 121.69 110.95 107.96 98.59 95.84 95.98 98.32 98.32 95.72 89.98 79.86 55.56 18.77 9.09 -14.57 -22.49 -0.94 9.53 47.56 84.28 101.2 121.53 139.09 132.1 122.77 106.49 96.63 89.22 87.89 85.33 85.04 98.71 122.53 151.54 140.71 104.45 93.4 83.43 77.19 66.99 71.71 78.64 83.86 101.6 132.36 206.14 259.37 155.9 123.21 111.54 108.66 101.1 99.09 99.12 103.52 111.92 137.55 144.7 123.52 99.89 87.72 88.53 79.59 79.56 86.67 94.26 100.74 109.96 133.14 163.36 169.27 126.8 108.41 97.88 94.72 89.22 87.51 86.32 85.57 92.15 110.82 119.21 117.72 105.07 94.79 89.4 80.72 77.31 78.01 80.04 85.24 97.38 103.94 116.68 121.61 114.48 106.53 93.1 92.38 83.68 82.73 84.31 85.77 95.88 105.04 113.39 108.65 94.86 86.57 74.23 67.93 49.4 42.59 62.77 77.05 85.06 100.08 116.33 123.39 109.63 100.37 92.09 101.25 92.79 91.74 90.3 89.64 91.4 93.54 86.45 71.06 34.45 2.55 -0.01 -5.87 -12.51 -9.86 -2.0 -0.01 30.99 79.17 100.0 107.86 96.21 85.8 73.21 69.11 62.6 58.39 59.28 63.53 68.24 67.96 63.08 35.01 0.04 -3.0 -32.41 -94.9 -123.0 -113.5 -50.5 -5.17 18.35 92.74 110.72 124.48 109.04 99.0 93.85 92.84 87.19 83.31 86.0 91.62 100.01 139.94 131.09 95.79 67.37 9.79 -0.01 -3.67 -5.9 -6.18 -1.54 2.04 72.36 104.34 152.34 196.91 129.07 106.24 96.85 91.27 87.45 82.41 79.94 80.88 91.19 107.09 113.13 94.58 67.9 5.81 0.0 -0.76 -1.9 -1.69 -0.01 14.81 77.49 101.74 139.83 178.26 130.0 109.31 98.19 95.0 90.03 88.19 88.76 92.14 96.36 115.21 120.29 95.59 72.05 7.08 0.0 -1.0 -6.21 -3.0 -0.02 19.91 79.17 102.79 132.19 176.8 127.99 108.47 99.08 98.18 92.44 91.01 91.24 91.18 84.68 83.52 76.04 58.7 0.0 -3.0 -40.1 -81.56 -128.47 -118.34 -49.99 -5.17 39.86 96.49 129.91 164.23 121.97 100.28 86.68 89.09 74.7 64.5 62.85 65.88 75.12 86.99 85.7 75.53 33.29 0.85 -0.01 -0.8 -3.0 -4.0 -0.08 0.3 68.54 100.92 119.84 151.5 121.99 107.54 97.28 98.28 93.84 92.68 92.21 91.19 91.72 92.07 87.0 70.98 13.53 0.01 -0.01 -1.16 -3.04 -2.69 -0.03 0.0 29.09 67.4 75.71 87.88 85.02 78.71 66.8 60.83 45.35 31.65 20.43 20.14 15.58 13.62 7.83 2.93 0.0 -0.01 -0.01 -0.02 -2.0 -5.01 -1.59 -0.01 10.28 81.56 97.26 109.52 110.32 101.26 88.32 72.81 70.95 69.49 72.07 72.92 89.42 109.29 124.51 108.86 93.59 91.92 74.17 62.97 59.93 58.89 70.26 84.06 92.46 102.9 134.1 170.66 124.4 106.23 96.34 87.55 81.22 79.58 78.27 82.59 97.42 114.58 120.78 109.39 85.85 80.88 70.25 55.89 53.26 57.16 68.87 76.5 93.49 111.02 137.2 160.08 133.88 115.44 100.98 94.43 88.78 87.15 89.84 94.29 106.11 129.17 142.9 123.11 97.02 87.47 77.64 68.48 68.2 71.34 78.25 84.55 99.24 111.21 131.76 143.46 123.94 109.69 98.02 97.61 93.33 93.2 95.18 96.09 108.79 123.95 137.91 122.67 103.21 90.11 77.84 66.09 65.49 72.06 81.37 87.82 93.9 109.11 132.01 173.87 134.44 112.64 105.87 102.02 97.86 95.0 96.35 100.38 111.94 135.54 133.18 98.02 83.34 52.95 3.24 3.09 0.13 0.01 7.49 59.42 87.6 94.58 117.4 155.2 124.27 103.02 96.79 101.99 103.56 99.41 96.56 101.13 100.72 97.91 93.79 73.88 9.1 -0.09 -22.58 -56.61 -114.38 -109.63 -49.89 -6.78 29.94 97.26 125.4 167.01 126.19 107.85 95.28 98.27 96.34 94.3 96.76 96.74 96.77 88.98 66.69 4.96 -0.1 -12.08 -49.39 -170.77 -224.49 -219.87 -110.58 -18.81 0.1 83.97 120.03 134.62 116.69 101.79 89.36 87.57 82.76 82.38 82.95 86.24 100.16 142.17 145.29 109.98 73.06 10.85 3.94 0.36 -4.66 -9.2 18.56 37.67 79.56 109.13 148.9 200.08 135.52 101.71 94.17 94.54 90.18 90.53 95.0 97.86 107.68 137.6 128.6 100.29 80.49 18.73 2.06 0.97 -4.47 1.23 6.06 6.93 74.73 108.71 154.44 257.56 152.65 113.79 103.59 103.88 98.89 97.07 98.94 99.7 104.54 126.88 122.38 99.46 71.7 2.52 1.38 -11.12 -21.34 -22.95 -4.1 8.4 39.13 89.66 111.33 158.42 131.4 111.07 101.31 98.92 90.67 89.3 89.25 91.8 100.22 122.62 126.49 100.41 72.4 22.19 15.1 8.01 0.44 -2.43 38.21 69.14 70.01 80.96 117.23 145.53 125.44 110.13 101.61 94.98 88.9 85.85 85.42 89.2 97.19 112.28 117.13 106.05 81.09 21.8 6.29 8.75 25.9 38.95 41.43 56.32 75.01 95.5 122.43 146.35 138.86 116.1 99.3 93.16 93.46 88.78 88.91 90.0 94.11 91.72 89.79 59.52 0.88 0.0 0.2 -4.41 -10.07 -11.32 -6.44 1.28 28.9 75.05 91.54 109.06 125.01 130.03 109.08 106.7 101.54 98.62 97.45 98.41 98.05 91.3 87.2 65.28 9.23 0.0 -0.2 -2.0 -7.37 -15.0 -8.97 -0.2 16.56 92.44 108.04 124.52 130.98 118.86 104.17 111.21 104.19 97.44 94.3 100.58 111.92 132.74 136.4 113.64 94.79 70.9 28.81 12.77 5.0 8.0 28.58 74.99 99.3 116.82 149.23 231.01 154.91 129.65 114.48 116.99 107.35 104.17 106.33 112.6 121.82 144.38 132.49 97.54 77.61 62.82 16.0 7.74 9.07 10.87 28.29 72.91 99.9 109.98 132.32 193.13 152.12 121.93 110.2 107.93 102.33 97.9 94.9 93.7 102.49 112.48 116.54 107.82 84.82 42.22 57.3 50.0 45.17 55.07 70.54 71.62 110.3 122.4 179.0 114.35 110.27 100.72 90.0 101.9 91.14 86.89 86.53 87.33 94.1 112.33 112.03 103.39 98.92 92.89 88.25 90.0 81.26 84.62 95.73 98.9 112.07 134.29 123.69 154.93 131.5 119.6 105.0 104.4 96.58 90.17 89.74 96.2 110.05 132.28 136.37 118.04 88.47 74.43 61.31 23.0 19.58 20.0 64.98 63.58 68.39 114.95 137.77 181.42 146.75 128.14 110.68 106.05 95.88 89.49 84.88 83.36 81.29 83.46 76.84 62.05 12.26 -0.02 -0.33 -0.45 -0.55 -0.9 -1.85 -0.39 50.1 85.92 115.14 134.06 122.87 101.3 91.52 66.23 32.0 16.83 8.36 3.85 2.72 1.2 1.24 -0.02 -0.03 -0.6 -1.31 -1.73 -5.68 -7.2 -6.98 -2.0 0.34 17.45 95.62 109.81 111.77 103.62 94.45 89.84 79.97 75.12 74.41 79.81 88.13 119.49 146.41 130.98 93.48 61.34 24.23 16.4 11.28 6.14 9.7 26.35 57.95 111.65 146.07 212.9 170.69 129.25 106.4 99.03 86.4 77.9 76.44 80.21 83.42 95.01 86.36 69.35 51.1 4.39 3.49 0.16 0.68 1.84 12.73 59.63 88.33 111.39 135.18 182.47 134.28 111.86 92.79 86.59 73.07 70.42 65.61 68.26 79.11 94.64 101.37 96.19 91.7 78.29 73.3 66.97 59.9 57.86 73.48 73.52 98.82 116.22 131.57 159.1 136.24 121.7 104.56
