608 5
1 55 63 38 63
1 0 0 0 0 0 3 1 2 3 0 134 9.22
10 0 0 8 0 0 3 8 13 26 1 142 6.32
3 0 0 0 0 3 3 5 10 29 1 163 9.51
7 0 0 0 0 5 3 4 6 9 1 129 10.43
5 0 0 0 0 7 2 18 23 8 117 8.38
5 0 0 0 0 7 3 7 14 18 4 180 8.68
10 0 2 0 0 0 1 19 8 137 8.23
5 0 3 0 0 0 3 11 12 17 9 141 8.81
9 0 0 0 6 0 3 12 14 15 11 180 10.09
4 0 0 0 0 2 3 16 17 24 8 167 8.64
7 0 9 0 0 0 2 23 25 4 116 8.68
10 0 2 0 0 0 2 20 25 14 134 7.28
7 1 0 0 0 0 2 20 24 20 143 9.22
8 0 0 7 0 0 3 20 22 24 11 157 6.31
10 0 0 5 0 0 2 22 28 20 133 8.99
5 1 0 0 0 0 3 16 17 18 20 196 9.38
7 1 0 0 0 0 1 27 25 168 6.96
3 0 7 0 0 0 3 21 25 27 25 142 5.56
9 0 0 3 0 0 1 28 25 137 8.57
6 1 0 0 0 0 1 22 18 153 10.13
5 1 0 0 0 0 1 21 27 133 5.47
8 0 0 10 0 0 1 23 32 135 9.11
9 0 0 3 0 0 1 27 30 149 9.98
2 0 0 6 0 0 1 30 40 195 9.96
6 1 0 0 0 0 1 30 27 135 8.52
8 0 0 0 8 0 1 28 28 152 5.73
2 0 1 0 0 0 1 29 11 170 8.83
4 0 0 0 1 0 1 30 39 212 10.46
4 0 0 2 0 0 1 31 36 186 8.35
8 0 0 4 0 0 1 31 13 187 7.35
7 0 1 0 0 0 1 31 43 139 5.4
1 0 0 0 0 0 0 50 150 7.07
1 0 0 0 0 0 3 33 34 35 0 184 6.04
3 0 4 0 2 10 3 38 41 42 1 117 8.78
4 0 0 6 2 9 3 36 37 39 1 166 5.73
6 0 8 0 5 1 1 44 1 175 7.71
5 0 0 4 0 7 1 47 5 141 10.59
6 0 8 7 3 2 1 46 5 152 6.66
7 0 1 5 0 1 3 40 48 51 4 123 9.05
3 0 2 7 4 1 2 52 53 5 144 10.08
10 0 2 4 0 4 2 45 57 11 152 5.44
4 0 9 6 6 4 1 43 4 149 10.54
7 0 1 6 0 2 3 49 54 56 4 119 6.59
7 0 7 5 7 10 1 46 8 147 9.32
1 0 9 0 8 8 1 47 7 143 7.99
10 0 0 1 1 0 2 53 61 21 149 6.38
8 1 0 0 0 0 2 50 58 15 133 8.6
6 1 0 0 0 0 1 55 10 131 7.47
1 0 0 0 5 8 1 57 11 138 8.17
1 1 0 0 0 0 2 52 55 11 123 7.63
3 1 0 0 0 0 3 56 59 62 23 117 9.86
9 1 0 0 0 0 1 56 11 129 10.42
1 0 0 8 4 3 1 62 12 138 10.16
1 0 0 10 0 6 1 60 31 120 7.14
3 0 7 10 9 6 1 55 11 142 6.22
6 0 1 5 4 6 1 61 16 112 6.02
7 0 10 0 4 6 1 57 26 137 10.22
2 0 8 9 4 2 1 60 33 179 10.55
7 0 9 5 0 0 1 59 23 155 10.45
8 0 1 5 4 6 1 60 30 140 5.45
1 0 9 6 3 2 1 63 38 183 6.26
6 0 0 3 9 0 1 63 31 136 7.51
9 0 4 10 5 6 1 63 26 152 8.92
1 0 0 0 0 0 0 39 209 8.17
1 0 0 0 0 0 3 65 66 67 0 162 10.09
3 0 0 1 0 0 3 70 73 74 1 150 9.98
4 0 0 0 9 0 3 69 76 81 1 151 7.77
10 0 0 0 8 0 3 68 71 72 1 154 6.58
7 0 7 0 0 0 3 75 80 82 11 182 5.58
2 0 4 0 0 0 3 73 79 86 5 117 6.32
6 0 0 6 0 0 2 77 85 4 167 7.61
9 0 0 10 0 0 3 80 83 86 11 124 6.61
8 0 0 9 0 0 3 73 77 78 11 191 8.86
8 0 0 10 0 0 1 84 19 123 6.09
7 0 0 0 0 3 3 75 79 81 4 167 10.1
2 0 8 0 0 0 3 76 86 87 18 162 5.9
7 0 0 0 0 2 2 93 94 20 196 7.2
6 0 0 0 0 8 3 82 84 88 19 184 6.06
3 0 0 0 7 0 2 79 87 19 187 7.21
6 0 0 0 8 0 3 82 83 84 22 189 5.44
9 0 5 0 0 0 3 81 85 87 20 120 8.37
7 1 0 0 0 0 2 89 92 29 148 9.16
5 1 0 0 0 0 1 90 28 140 6.22
7 1 0 0 0 0 2 85 90 28 167 5.96
4 1 0 0 0 0 1 91 28 172 8.24
9 0 0 0 0 4 2 88 89 35 187 6.91
9 0 0 0 2 0 3 88 89 92 20 157 9.37
1 1 0 0 0 0 2 90 94 29 141 7.0
3 0 0 9 0 0 2 93 94 44 188 7.81
5 0 0 1 0 0 1 91 44 177 6.96
5 0 0 0 0 1 2 91 92 35 159 8.9
8 0 7 0 0 0 1 93 49 173 10.25
3 0 0 0 8 0 1 95 40 141 10.11
3 0 0 0 0 10 1 95 57 217 8.72
3 0 0 5 0 0 1 95 47 182 8.58
1 0 0 0 0 0 0 60 165 9.8
1 0 0 0 0 0 3 97 98 99 0 160 6.26
3 0 0 0 0 1 3 101 103 109 1 132 8.02
4 0 3 2 10 0 3 100 105 107 1 124 6.79
7 0 2 0 6 2 3 112 113 119 1 164 6.52
1 0 0 0 5 3 3 109 110 111 5 167 10.61
1 0 0 6 0 10 3 102 105 114 4 101 7.85
2 0 0 9 0 8 3 104 106 108 5 165 6.99
2 0 0 3 3 0 3 107 110 121 4 138 6.85
10 0 0 3 3 0 3 110 113 117 7 166 8.65
5 0 0 0 8 0 3 111 113 124 5 167 8.81
10 0 0 0 0 5 3 117 119 125 7 156 9.24
3 0 2 7 9 0 3 108 112 120 6 131 5.72
6 0 0 0 9 0 2 111 123 9 184 10.52
10 0 4 1 6 0 3 112 115 119 6 178 6.73
8 0 0 6 4 9 2 115 126 17 192 10.36
1 1 0 0 0 0 2 118 122 15 128 10.09
10 0 0 9 0 0 2 116 125 16 172 8.85
9 0 1 0 1 10 2 118 121 17 167 7.89
8 0 0 0 4 0 3 115 116 125 5 177 9.91
9 0 2 0 4 5 1 120 25 125 7.67
4 0 0 1 8 8 1 117 26 164 6.38
7 1 0 0 0 0 3 118 122 123 30 143 10.19
2 0 5 0 0 0 1 126 37 175 6.37
1 1 0 0 0 0 3 120 121 123 17 162 5.75
6 0 5 0 9 0 1 124 34 156 8.42
6 1 0 0 0 0 1 122 26 203 5.7
7 0 8 0 0 5 1 126 37 149 8.23
6 0 0 5 0 0 1 124 37 142 8.13
6 0 3 6 0 9 1 127 43 143 9.83
3 1 0 0 0 0 1 127 26 172 10.06
7 0 0 0 9 0 1 127 44 168 8.83
1 0 0 0 0 0 0 51 185 10.34
1 0 0 0 0 0 3 129 130 131 0 177 10.32
4 0 0 1 0 0 3 138 139 140 1 160 8.5
10 0 0 0 0 3 3 134 141 146 1 160 5.91
7 0 0 7 0 0 3 132 135 148 1 157 6.27
6 0 0 0 0 8 3 133 137 143 8 112 8.77
5 0 3 0 0 0 3 140 142 144 14 117 7.15
4 0 0 0 0 6 3 135 139 145 11 157 6.22
5 0 0 0 6 0 2 136 142 15 132 6.73
1 0 0 0 5 0 2 152 155 20 128 7.07
9 0 2 0 0 0 3 140 141 156 14 174 9.01
4 0 1 0 0 0 3 141 146 151 5 129 10.74
7 0 9 0 0 0 3 142 148 152 15 165 10.26
6 1 0 0 0 0 2 145 157 23 160 6.47
8 0 0 0 0 6 2 150 154 23 132 5.4
5 1 0 0 0 0 3 147 149 151 22 189 9.45
1 0 7 0 0 0 3 147 151 154 14 119 9.04
10 0 0 0 7 0 3 145 147 149 19 193 5.79
10 0 0 0 0 5 1 155 29 199 8.36
9 0 0 0 0 5 2 148 152 11 193 10.3
4 1 0 0 0 0 3 150 156 158 29 205 7.83
10 1 0 0 0 0 1 149 22 173 8.66
3 1 0 0 0 0 2 150 154 32 151 7.43
8 0 6 0 0 0 1 153 35 174 8.88
1 0 0 0 0 8 2 153 156 27 193 5.95
2 1 0 0 0 0 2 153 158 22 172 8.6
6 0 0 0 0 2 1 157 43 143 10.6
4 0 0 5 0 0 2 155 157 35 182 6.78
5 0 1 0 0 0 1 158 39 191 7.39
3 1 0 0 0 0 1 159 33 183 10.62
8 0 0 0 9 0 1 159 49 187 6.51
8 0 0 1 0 0 1 159 44 203 7.8
1 0 0 0 0 0 0 57 211 7.51
1 0 0 0 0 0 3 161 162 163 0 122 5.78
4 0 0 0 9 0 1 178 1 114 9.17
1 0 8 2 0 0 3 166 167 173 1 149 6.17
1 0 6 2 0 0 3 164 168 184 1 94 8.59
8 0 0 0 4 0 2 165 173 2 145 6.7
4 0 0 4 1 0 3 171 176 182 10 142 7.6
8 0 0 8 3 9 1 181 2 103 9.51
7 0 9 0 10 0 3 169 184 190 2 148 8.42
10 0 2 0 2 8 1 188 2 143 8.64
9 0 0 9 0 0 2 170 172 9 136 7.86
3 0 0 0 6 0 1 183 18 127 5.57
10 0 6 0 0 8 1 175 14 127 6.63
8 0 0 10 0 0 3 174 178 186 18 204 8.08
5 0 0 0 10 0 1 177 10 123 7.55
8 1 0 0 0 0 1 185 26 158 5.78
1 1 0 0 0 0 1 187 24 119 6.64
4 0 1 0 8 10 1 187 14 174 5.41
9 1 0 0 0 0 1 179 15 115 9.78
8 1 0 0 0 0 2 180 185 26 162 9.69
7 0 10 6 9 4 2 181 183 24 164 9.88
8 0 0 0 5 0 2 182 183 34 183 5.64
4 0 6 0 1 0 1 190 31 163 6.52
10 0 5 0 10 0 1 189 42 175 6.98
3 0 0 10 6 3 1 188 42 156 9.06
2 0 1 0 0 7 1 187 9 159 5.84
4 1 0 0 0 0 1 188 34 133 8.03
6 0 9 0 0 0 1 189 26 122 6.72
7 0 0 0 3 7 1 189 25 128 6.88
3 0 0 1 6 0 1 191 45 203 9.11
2 0 0 0 3 5 1 191 52 188 5.67
10 0 2 10 0 8 1 191 35 203 7.26
1 0 0 0 0 0 0 54 211 8.08
1 0 0 0 0 0 3 193 194 195 0 161 6.18
4 0 5 10 0 0 3 197 203 211 1 161 7.85
10 0 8 0 0 0 2 196 207 1 128 6.28
1 0 0 9 3 6 3 196 199 203 1 165 7.77
10 0 9 0 5 0 3 198 202 209 11 183 6.63
8 0 6 0 4 7 2 198 207 5 163 7.16
2 0 8 0 0 10 3 201 214 217 21 194 5.63
2 0 3 10 0 5 3 200 204 220 2 130 7.4
3 0 0 0 0 8 1 206 4 121 6.75
4 1 0 0 0 0 3 208 213 215 23 133 9.76
4 0 0 7 0 0 3 204 205 215 21 198 5.64
1 0 10 0 1 0 3 204 212 215 5 106 8.62
3 0 3 6 0 0 3 208 216 217 25 123 9.19
10 1 0 0 0 0 3 208 210 220 25 125 10.13
7 0 0 0 0 4 3 207 209 210 7 175 10.45
9 0 1 0 9 0 2 217 219 14 191 7.53
6 1 0 0 0 0 2 219 222 35 194 8.85
8 0 0 0 5 0 3 211 212 222 21 135 10.11
6 1 0 0 0 0 3 211 212 218 35 180 6.72
8 0 0 4 0 5 2 213 214 41 214 9.48
2 1 0 0 0 0 2 213 214 41 190 6.09
7 0 0 0 0 7 2 216 219 49 146 5.46
5 0 9 1 0 5 1 216 49 181 8.4
3 1 0 0 0 0 2 218 220 27 155 6.47
7 0 3 1 0 7 1 221 56 174 9.21
9 0 0 0 10 10 2 218 221 28 133 7.98
7 0 0 4 6 8 1 222 41 152 6.27
4 0 0 6 1 0 1 221 56 203 8.6
8 1 0 0 0 0 1 223 35 215 6.17
1 0 8 0 0 10 1 223 63 235 9.46
10 0 8 0 8 4 1 223 48 203 5.94
1 0 0 0 0 0 0 64 153 8.9
1 0 0 0 0 0 3 225 226 227 0 163 10.66
1 0 2 9 9 4 3 228 230 237 1 115 6.88
10 0 2 10 0 2 3 238 239 240 1 171 10.65
6 0 7 3 0 0 1 231 1 129 9.47
1 0 3 7 5 1 1 229 2 172 6.1
3 1 0 0 0 0 2 242 243 3 122 9.76
9 0 6 1 0 0 3 232 234 236 2 148 7.86
2 0 7 4 7 0 1 242 7 110 8.96
10 0 0 7 0 6 1 233 11 149 8.89
2 1 0 0 0 0 1 235 21 152 8.1
5 0 4 0 9 0 2 244 246 11 107 7.7
4 1 0 0 0 0 1 247 23 192 9.09
8 0 0 6 10 9 2 245 248 11 126 8.99
3 0 4 1 0 6 1 252 2 105 10.38
6 0 1 7 0 5 1 251 11 195 9.89
5 0 1 5 9 4 1 254 11 117 7.56
3 0 5 0 5 0 3 241 242 247 11 123 8.03
1 0 2 4 4 10 2 244 246 14 109 9.4
7 0 5 8 2 2 1 254 14 170 5.71
8 1 0 0 0 0 1 250 6 145 9.43
2 1 0 0 0 0 2 245 249 16 140 7.04
8 0 7 0 8 8 1 251 19 134 10.16
8 0 9 3 5 0 2 252 254 16 200 7.69
2 0 8 10 9 3 1 252 27 199 6.91
7 1 0 0 0 0 1 249 19 147 6.25
8 0 3 0 1 4 2 250 251 26 180 9.6
10 0 1 0 9 3 1 253 34 189 6.8
1 0 0 7 5 1 1 253 34 139 9.06
1 0 4 9 2 5 1 255 29 124 8.59
4 0 5 1 7 0 1 255 44 167 8.42
1 0 10 0 1 1 1 255 24 154 9.46
1 0 0 0 0 0 0 48 152 7.8
1 0 0 0 0 0 3 257 258 259 0 105 9.96
10 0 6 9 7 10 3 260 270 274 1 121 5.85
2 0 5 6 6 5 3 261 266 281 1 165 7.87
8 0 2 7 6 2 3 264 269 276 1 109 8.31
5 0 2 1 4 8 3 262 263 275 11 166 9.78
8 0 3 1 9 7 3 265 273 277 3 127 6.31
8 0 5 2 3 6 1 267 16 186 9.91
1 0 2 3 9 3 1 266 16 130 8.94
3 0 6 10 3 2 1 285 9 141 5.75
1 1 0 0 0 0 2 271 286 11 162 7.12
9 0 8 6 1 5 1 268 17 196 9.83
10 0 9 1 8 7 2 272 277 24 165 5.59
1 0 5 3 1 10 1 278 26 149 8.66
6 0 1 9 5 5 1 280 9 144 9.24
9 0 10 6 5 2 2 272 279 11 189 9.6
7 0 4 1 9 6 1 282 12 148 7.13
3 0 1 5 2 8 2 283 286 34 127 10.02
9 0 3 4 5 5 1 285 11 149 8.67
9 0 9 1 1 8 1 276 11 111 7.8
2 0 3 5 10 3 1 282 16 125 9.02
5 1 0 0 0 0 1 281 20 146 6.6
2 1 0 0 0 0 1 278 34 199 5.49
8 0 1 10 2 3 2 279 284 36 134 10.73
2 0 9 3 4 9 1 283 44 159 6.65
6 0 1 10 2 10 1 283 15 118 10.66
10 0 9 6 6 3 1 282 25 177 10.53
9 0 4 3 2 2 1 284 35 133 10.07
2 0 7 6 5 6 1 285 46 211 7.9
3 0 2 9 4 2 1 287 44 186 7.19
4 0 1 5 2 3 1 287 48 163 7.62
4 0 5 2 10 1 1 287 37 208 9.34
1 0 0 0 0 0 0 52 153 5.76
1 0 0 0 0 0 3 289 290 291 0 109 10.13
9 0 9 0 0 0 3 293 299 312 1 191 8.95
3 0 0 0 4 0 3 292 294 315 1 96 6.45
9 0 8 0 0 0 3 296 298 304 1 129 7.57
3 0 0 0 3 0 2 304 305 4 122 7.15
7 0 0 0 5 0 3 297 307 309 10 177 10.42
10 0 0 8 0 0 3 295 300 301 4 110 9.15
1 0 0 0 5 0 2 303 310 14 109 8.35
5 0 0 0 0 10 3 301 302 313 10 177 7.24
9 0 0 0 2 0 3 308 311 315 17 183 6.32
3 0 0 6 0 0 3 303 306 311 10 153 6.56
4 0 5 0 0 0 1 313 10 156 8.89
8 0 0 0 3 0 1 312 14 146 7.19
9 0 1 0 0 0 2 308 309 15 117 8.73
9 0 0 0 0 4 1 307 15 191 9.15
1 0 0 0 0 7 2 308 314 15 121 8.48
9 0 0 0 0 3 1 307 10 197 8.09
1 0 0 0 0 10 2 311 314 7 151 7.11
2 0 0 0 6 0 1 315 13 154 9.43
2 1 0 0 0 0 1 310 24 154 10.09
6 0 7 0 0 0 2 316 318 26 160 6.86
4 1 0 0 0 0 2 310 314 24 146 6.39
9 0 0 0 0 10 2 316 318 28 154 9.96
9 0 0 5 0 0 2 317 318 26 183 10.0
8 0 5 0 0 0 1 313 22 163 6.57
4 0 9 0 0 0 1 317 30 186 5.83
1 0 6 0 0 0 1 317 28 161 8.67
1 1 0 0 0 0 1 316 26 154 5.7
7 0 0 5 0 0 1 319 37 171 7.86
9 0 0 0 1 0 1 319 35 203 10.26
4 0 0 7 0 0 1 319 37 175 8.85
1 0 0 0 0 0 0 44 171 8.82
1 0 0 0 0 0 3 321 322 323 0 121 8.45
3 0 1 0 0 0 2 324 331 1 134 10.32
8 1 0 0 0 0 2 333 345 1 104 6.55
7 0 0 0 0 3 3 329 330 347 1 132 7.75
9 0 0 0 2 0 3 325 327 339 4 131 5.44
4 0 0 0 7 0 3 326 328 344 13 172 6.55
9 0 4 0 0 0 3 334 335 340 17 150 7.02
6 1 0 0 0 0 3 332 333 342 13 130 10.69
8 1 0 0 0 0 3 332 337 340 17 194 10.28
8 0 10 0 0 0 2 336 338 8 130 7.75
10 0 0 0 1 0 2 332 339 8 172 8.11
10 0 0 0 0 7 1 342 4 194 10.35
5 0 0 0 2 0 1 341 25 125 7.68
1 1 0 0 0 0 3 335 341 344 19 147 8.73
2 0 0 4 0 0 1 348 26 155 7.27
3 0 0 0 9 0 1 350 26 140 7.86
1 1 0 0 0 0 2 346 349 16 122 7.78
3 0 0 7 0 0 1 341 25 167 6.08
8 0 0 0 0 6 3 340 343 344 16 150 8.38
3 0 7 0 0 0 2 343 346 18 194 9.09
9 0 0 9 0 0 2 345 349 26 184 10.76
2 0 0 0 0 9 1 343 30 155 8.2
2 1 0 0 0 0 2 345 347 19 182 7.1
6 0 0 0 0 8 1 350 32 164 5.42
3 0 0 0 3 0 2 346 349 24 118 9.52
1 0 6 0 0 0 1 350 35 197 10.52
10 0 2 0 0 0 1 348 27 147 8.29
9 0 7 0 0 0 1 348 21 146 7.02
1 0 0 0 0 1 1 351 37 135 9.32
2 0 0 8 0 0 1 351 35 144 10.14
1 0 0 0 0 8 1 351 38 181 6.57
1 0 0 0 0 0 0 39 196 9.42
1 0 0 0 0 0 3 353 354 355 0 97 8.99
7 0 0 0 0 7 3 356 365 374 1 99 5.83
6 0 10 0 3 0 3 359 363 371 1 148 8.63
5 0 0 0 8 5 3 359 363 369 1 139 7.83
10 0 5 0 0 0 3 357 358 372 8 156 6.16
9 1 0 0 0 0 1 362 18 160 7.09
7 0 8 0 1 0 2 366 367 18 160 10.73
10 0 0 9 0 2 3 360 362 379 7 125 8.81
2 0 0 0 0 9 3 361 373 377 17 186 7.27
9 0 0 2 2 0 1 364 19 145 6.14
10 0 0 0 3 4 2 368 373 27 148 5.43
3 0 8 0 1 9 1 374 7 164 9.12
2 0 0 9 1 0 1 372 28 164 6.92
8 0 7 0 10 0 3 370 376 380 8 141 9.25
5 1 0 0 0 0 1 371 25 189 6.98
8 0 2 1 3 0 1 370 25 178 8.28
4 0 0 4 4 7 3 376 380 381 37 174 9.66
3 0 8 0 6 4 2 371 378 6 139 8.94
6 1 0 0 0 0 3 373 375 377 33 127 8.79
5 0 2 3 1 6 2 375 376 30 204 10.13
9 0 3 10 6 0 1 381 30 153 6.47
9 0 1 0 0 8 1 382 39 199 10.63
2 0 9 0 0 2 3 375 378 380 10 118 5.93
8 0 0 0 4 4 1 379 39 179 9.21
6 0 8 0 0 0 1 377 41 218 9.46
2 0 0 3 0 4 1 382 47 161 9.37
9 0 0 5 0 9 2 379 381 12 180 7.03
1 0 0 0 4 0 1 382 47 177 10.64
2 0 5 0 3 4 1 383 41 196 8.65
8 0 8 0 0 0 1 383 41 223 6.59
6 0 0 0 0 3 1 383 49 142 7.46
1 0 0 0 0 0 0 55 206 7.55
1 0 0 0 0 0 3 385 386 387 0 173 9.61
5 0 6 0 6 3 3 389 391 407 1 126 5.48
4 0 0 10 0 1 3 394 397 400 1 104 10.65
10 0 0 0 7 1 3 388 390 392 1 162 9.26
10 0 0 1 6 7 3 394 397 400 11 156 5.69
2 0 0 3 6 6 2 401 405 6 126 5.82
3 0 9 10 1 3 3 398 405 411 11 145 8.78
9 0 6 10 1 0 3 393 394 398 6 145 9.3
9 1 0 0 0 0 3 399 407 413 11 130 7.62
3 0 9 1 5 4 3 395 397 408 15 188 9.02
9 0 2 10 0 2 3 401 402 408 21 128 7.38
2 0 9 0 1 9 3 396 402 409 18 164 9.22
10 1 0 0 0 0 3 399 404 413 20 134 8.41
2 1 0 0 0 0 2 404 406 21 191 9.43
4 0 3 5 0 3 3 403 404 409 15 148 8.55
1 1 0 0 0 0 2 401 403 30 207 7.88
4 1 0 0 0 0 3 402 405 407 21 144 10.62
7 0 2 3 0 9 2 406 414 31 131 5.46
1 1 0 0 0 0 3 403 406 410 30 154 7.44
7 0 3 1 9 0 1 412 31 138 8.5
6 0 5 0 2 1 1 414 30 140 7.52
2 0 10 0 7 8 3 408 409 412 25 150 10.72
8 0 4 0 0 8 1 411 38 188 6.75
7 0 10 0 8 6 1 411 25 155 9.6
2 1 0 0 0 0 2 410 414 30 154 7.15
1 1 0 0 0 0 1 410 27 195 10.32
10 0 8 2 7 0 1 413 32 129 5.51
1 0 9 2 9 9 1 412 46 213 10.06
10 0 3 2 1 8 1 415 47 152 10.67
10 0 0 1 4 8 1 415 42 180 9.21
3 0 0 4 9 6 1 415 38 153 8.91
1 0 0 0 0 0 0 57 163 7.62
1 0 0 0 0 0 3 417 418 419 0 132 10.58
1 0 0 0 3 0 3 420 421 422 1 130 9.13
2 0 0 1 0 0 2 440 445 1 146 6.13
2 0 0 0 10 0 3 424 425 436 1 117 9.09
2 0 0 2 0 0 1 433 2 162 9.61
1 0 0 8 0 0 1 432 2 102 10.46
2 0 0 1 0 0 1 423 2 172 5.67
10 0 0 0 6 0 2 431 444 4 105 8.88
8 0 0 0 1 0 2 426 428 3 159 6.1
5 0 0 0 0 3 1 432 3 188 8.68
4 0 0 0 3 0 3 427 429 439 11 165 7.43
1 0 3 0 0 0 2 430 442 15 127 9.44
3 0 0 2 0 0 1 433 11 145 10.04
10 0 7 0 0 0 3 435 438 443 15 173 6.78
1 1 0 0 0 0 1 432 16 173 7.98
6 0 0 0 10 0 2 434 446 14 169 6.86
4 0 0 0 0 4 1 441 17 171 7.44
7 0 0 0 0 10 2 434 446 14 179 6.03
10 1 0 0 0 0 2 437 441 21 141 6.44
10 1 0 0 0 0 1 446 25 133 7.21
10 0 0 6 0 0 1 441 3 127 6.19
9 0 2 0 0 0 1 442 31 171 6.6
10 1 0 0 0 0 1 442 25 209 8.54
4 0 0 1 0 0 1 444 15 180 10.6
2 0 3 0 0 0 1 444 3 98 10.16
7 0 0 0 0 4 1 443 31 206 10.44
4 0 10 0 0 0 1 445 40 132 7.49
4 0 0 0 7 0 1 445 38 215 10.33
5 0 0 0 0 7 1 447 19 201 5.56
10 0 8 0 0 0 1 447 44 208 9.93
9 0 0 0 0 6 1 447 35 184 5.71
1 0 0 0 0 0 0 54 222 5.47
1 0 0 0 0 0 3 449 450 451 0 180 9.86
3 0 2 2 0 0 3 452 453 454 1 155 8.56
8 0 0 2 7 1 3 460 466 468 1 152 8.09
6 0 4 0 0 10 2 455 459 1 147 5.74
3 0 0 0 6 7 3 458 462 467 4 116 6.7
5 0 6 8 0 8 3 456 457 469 4 156 9.08
8 0 1 6 3 7 1 465 4 175 10.48
9 0 10 3 6 10 1 477 7 179 7.05
1 0 0 9 2 4 3 471 475 476 9 127 9.7
5 0 7 6 0 5 1 472 9 189 7.06
9 0 4 3 7 0 2 463 464 7 141 9.38
10 0 8 9 6 6 1 461 7 128 7.77
3 0 8 10 3 6 1 467 9 132 5.94
2 1 0 0 0 0 2 471 472 17 110 7.82
10 0 8 7 0 5 2 470 473 7 150 7.67
8 0 10 0 3 4 1 476 16 176 9.06
3 0 7 0 8 5 1 478 16 183 6.4
9 0 1 7 7 6 1 475 12 125 5.8
6 0 4 0 2 9 1 473 9 194 7.12
5 0 5 4 9 0 2 471 478 12 130 10.61
5 0 5 9 0 3 1 476 9 110 9.35
2 0 0 1 9 8 1 474 9 156 6.28
5 1 0 0 0 0 1 472 17 152 9.17
7 0 1 0 4 6 1 477 19 151 8.58
1 1 0 0 0 0 1 474 22 201 7.71
10 0 1 2 0 2 1 474 17 189 8.99
1 0 2 10 0 0 1 477 27 157 8.6
2 1 0 0 0 0 1 478 21 140 9.24
8 0 0 9 2 4 1 479 24 157 8.94
8 0 0 1 0 9 1 479 28 130 10.06
8 0 0 6 9 0 1 479 23 163 9.7
1 0 0 0 0 0 0 36 151 10.65
1 0 0 0 0 0 3 481 482 483 0 104 6.71
4 0 9 1 3 8 2 484 496 1 176 7.96
4 0 10 4 5 10 3 485 491 496 1 156 8.8
1 0 8 9 9 10 3 488 492 496 1 111 8.86
3 0 1 2 9 8 3 486 493 495 5 153 9.62
5 0 2 2 8 5 3 487 489 490 5 105 8.55
3 0 1 1 4 5 3 488 490 503 8 173 10.36
1 0 4 10 9 4 3 492 497 499 10 184 8.98
5 0 8 10 4 4 3 497 502 504 11 124 8.55
3 0 2 2 3 9 3 493 495 500 10 109 9.88
1 0 2 3 6 4 2 492 504 11 167 9.8
8 1 0 0 0 0 3 494 498 502 5 129 6.35
6 0 9 8 1 1 3 494 507 510 12 128 9.46
5 0 2 1 7 8 3 494 498 501 13 135 9.16
8 0 2 3 10 4 2 508 509 18 139 7.28
3 0 5 8 3 2 2 499 506 13 125 6.74
5 0 7 5 3 6 3 497 499 502 5 163 10.68
2 0 9 4 4 6 3 498 500 505 16 118 7.86
10 0 3 4 6 1 1 510 18 148 5.91
9 0 1 10 3 3 2 503 505 16 171 6.66
8 1 0 0 0 0 2 506 510 18 186 8.42
4 0 4 8 8 5 2 503 504 18 130 10.03
10 0 5 9 3 3 1 507 16 198 5.51
2 0 7 7 10 10 1 508 25 152 9.51
5 1 0 0 0 0 2 505 506 22 187 7.02
10 0 4 6 4 5 1 509 27 168 7.91
9 0 6 9 7 4 2 507 509 27 175 10.61
6 0 1 1 10 8 1 508 36 170 9.8
7 0 5 8 3 8 1 511 42 215 8.07
4 0 7 7 1 4 1 511 37 211 8.34
6 0 9 1 5 10 1 511 28 130 8.31
1 0 0 0 0 0 0 49 169 9.02
1 0 0 0 0 0 3 513 514 515 0 155 8.28
2 0 10 6 4 0 3 520 522 523 1 159 7.2
2 0 1 2 7 0 3 518 521 541 1 183 5.76
8 0 3 6 2 1 3 516 521 534 1 186 10.58
1 0 9 8 5 5 3 517 533 535 9 103 10.72
6 0 3 0 0 7 2 532 540 10 183 6.17
10 0 0 2 0 1 3 519 531 536 3 127 7.34
5 0 0 0 4 2 2 520 525 13 173 7.06
1 1 0 0 0 0 2 534 539 18 153 6.65
3 0 5 0 0 0 3 524 527 528 9 106 8.91
4 0 9 1 10 8 3 533 536 538 3 126 9.53
10 0 10 4 4 6 3 530 532 541 3 192 9.41
8 0 0 3 1 2 3 526 529 542 12 169 7.6
1 1 0 0 0 0 2 528 542 18 139 5.74
8 0 3 9 0 2 2 533 535 20 123 8.62
6 0 6 5 9 3 2 530 538 12 164 8.53
1 1 0 0 0 0 1 529 19 153 7.96
8 0 2 8 8 9 1 538 20 133 9.43
7 1 0 0 0 0 2 535 536 18 176 5.59
5 0 4 6 0 2 1 532 13 112 10.48
1 1 0 0 0 0 1 542 18 178 9.85
3 0 5 10 0 9 1 537 28 179 9.16
5 0 0 7 7 7 1 540 19 167 8.13
4 0 3 10 9 0 1 537 28 144 10.25
3 0 3 8 9 2 1 537 25 140 9.12
4 0 0 10 5 6 1 539 32 201 8.15
4 0 0 0 3 5 1 539 28 158 8.1
2 0 1 6 3 4 1 540 36 195 8.64
3 0 0 1 0 4 1 543 38 209 5.81
4 0 7 6 3 1 1 543 13 142 10.47
6 0 4 0 8 5 1 543 20 150 6.77
1 0 0 0 0 0 0 41 177 6.54
1 0 0 0 0 0 3 545 546 547 0 117 8.9
9 0 0 0 4 0 3 549 550 558 1 156 10.67
2 0 1 6 1 0 1 548 1 167 5.76
7 0 0 5 0 5 1 551 1 169 10.46
4 0 0 2 0 0 1 570 3 114 8.37
7 0 4 8 0 7 3 552 556 557 10 150 8.47
6 0 7 0 3 4 1 559 10 185 8.4
3 0 4 0 9 6 1 559 8 171 10.4
6 0 2 2 5 0 3 553 563 573 17 131 10.53
7 0 0 4 1 9 3 554 559 565 23 199 7.76
7 1 0 0 0 0 2 555 562 30 170 7.95
3 1 0 0 0 0 3 560 567 569 37 159 9.23
9 0 1 0 3 0 2 561 572 17 149 8.63
6 0 10 0 0 3 1 574 17 117 5.67
5 0 7 0 5 0 3 563 566 568 10 109 6.03
7 0 10 0 0 0 1 564 30 143 9.4
6 0 4 10 8 0 1 574 40 203 8.83
6 1 0 0 0 0 1 562 26 184 5.61
4 1 0 0 0 0 1 564 37 182 8.82
6 0 0 0 2 0 1 570 23 207 8.34
5 0 0 0 0 2 1 568 41 217 6.59
6 0 0 0 6 0 1 566 30 197 5.86
7 1 0 0 0 0 1 569 36 181 5.85
2 1 0 0 0 0 1 570 40 200 5.62
6 0 0 3 5 0 1 571 46 203 9.87
1 1 0 0 0 0 2 571 572 43 131 10.71
2 1 0 0 0 0 1 571 42 207 6.27
9 0 0 6 0 0 1 574 52 146 6.29
1 0 0 0 7 10 1 575 44 145 7.35
9 0 0 0 10 9 1 575 23 178 9.17
7 0 6 8 0 0 1 575 61 218 5.75
1 0 0 0 0 0 0 68 185 10.29
1 0 0 0 0 0 3 577 578 579 0 172 5.75
7 0 7 0 0 0 3 584 587 592 1 109 5.95
3 0 0 8 0 0 3 580 585 586 1 102 8.81
10 0 0 0 0 2 3 581 589 599 1 172 6.21
2 0 0 5 0 0 3 582 584 593 4 120 6.01
6 0 0 0 0 4 2 582 583 11 148 8.06
8 0 0 0 1 0 3 587 590 591 17 183 5.59
7 0 0 0 0 1 2 585 587 17 129 10.7
1 0 3 0 0 0 3 589 599 604 8 182 10.15
6 0 0 5 0 0 3 590 591 593 24 153 8.56
9 0 0 2 0 0 3 588 594 597 4 171 10.64
3 1 0 0 0 0 1 596 25 167 7.49
4 0 0 0 10 0 3 589 591 596 13 123 8.64
1 0 0 0 3 0 1 606 17 143 7.05
7 1 0 0 0 0 3 592 597 598 30 164 6.1
8 1 0 0 0 0 2 595 598 30 184 8.91
9 0 0 0 5 0 3 594 595 602 37 181 8.33
8 1 0 0 0 0 3 596 597 598 30 193 7.63
1 0 8 0 0 0 3 600 603 605 46 181 6.97
6 0 0 0 6 0 3 600 603 605 46 143 5.99
8 0 0 0 0 8 2 601 602 38 153 5.4
3 1 0 0 0 0 1 601 38 195 9.69
8 0 2 0 0 0 2 600 602 38 172 5.5
2 0 0 0 0 7 2 601 603 11 181 5.56
2 0 0 7 0 0 1 604 52 222 8.61
2 0 0 0 2 0 2 605 606 46 183 9.74
10 0 0 0 0 5 1 604 46 145 9.35
6 0 4 0 0 0 1 606 52 151 9.32
6 0 0 6 0 0 1 607 56 206 5.53
2 0 1 0 0 0 1 607 52 147 9.24
7 0 0 0 0 5 1 607 58 211 5.54
1 0 0 0 0 0 0 65 208 9.61
89.92 84.78 84.1 84.37 86.9 99.45 125.0 152.11 144.03 107.54 95.55 76.31 60.49 61.64 66.22 75.8 84.6 99.0 124.29 185.27 158.68 106.12 83.42 79.36 77.96 76.79 70.01 67.27 69.42 75.27 85.46 95.0 100.0 95.0 70.41 92.74 91.28 90.01 80.01 75.01 69.89 86.57 108.76 137.32 145.94 113.58 105.8 97.2 89.32 83.81 84.44 84.93 88.01 103.34 124.04 135.68 109.94 82.49 59.41 37.67 19.62 12.15 13.1 31.9 65.62 94.94 118.39 157.87 154.65 121.83 109.97 98.59 90.44 85.33 83.48 82.34 83.84 90.43 109.6 123.17 124.43 90.0 61.14 45.95 43.0 40.84 36.53 74.14 87.15 100.0 114.39 131.02 124.3 114.17 98.9 96.72 90.26 81.14 78.44 77.73 77.6 77.4 80.0 86.52 88.46 89.0 88.96 86.31 77.82 67.28 65.05 67.51 77.77 91.86 106.14 126.23 133.75 118.8 108.83 101.95 91.61 81.89 86.4 84.44 86.95 92.98 97.71 94.12 82.13 59.9 19.4 4.54 0.0 -2.72 -6.57 -0.78 0.2 66.51 105.94 130.84 149.1 130.44 111.58 99.44 101.48 96.74 97.58 98.3 98.66 103.07 103.5 86.91 63.7 5.8 -0.69 -30.5 -80.69 -84.89 -54.65 -7.53 0.0 68.65 107.04 116.77 142.51 133.91 121.69 110.95 107.96 98.59 95.84 95.98 98.32 98.32 95.72 89.98 79.86 55.56 18.77 9.09 -14.57 -22.49 -0.94 9.53 47.56 84.28 101.2 121.53 139.09 132.1 122.77 106.49 96.63 89.22 87.89 85.33 85.04 98.71 122.53 151.54 140.71 104.45 93.4 83.43 77.19 66.99 71.71 78.64 83.86 101.6 132.36 206.14 259.37 155.9 123.21 111.54 108.66 101.1 99.09 99.12 103.52 111.92 137.55 144.7 123.52 99.89 87.72 88.53 79.59 79.56 86.67 94.26 100.74 109.96 133.14 163.36 169.27 126.8 108.41 97.88 94.72 89.22 87.51 86.32 85.57 92.15 110.82 119.21 117.72 105.07 94.79 89.4 80.72 77.31 78.01 80.04 85.24 97.38 103.94 116.68 121.61 114.48 106.53 93.1 92.38 83.68 82.73 84.31 85.77 95.88 105.04 113.39 108.65 94.86 86.57 74.23 67.93 49.4 42.59 62.77 77.05 85.06 100.08 116.33 123.39 109.63 100.37 92.09 101.25 92.79 91.74 90.3 89.64 91.4 93.54 86.45 71.06 34.45 2.55 -0.01 -5.87 -12.51 -9.86 -2.0 -0.01 30.99 79.17 100.0 107.86 96.21 85.8 73.21 69.11 62.6 58.39 59.28 63.53 68.24 67.96 63.08 35.01 0.04 -3.0 -32.41 -94.9 -123.0 -113.5 -50.5 -5.17 18.35 92.74 110.72 124.48 109.04 99.0 93.85 92.84 87.19 83.31 86.0 91.62 100.01 139.94 131.09 95.79 67.37 9.79 -0.01 -3.67 -5.9 -6.18 -1.54 2.04 72.36 104.34 152.34 196.91 129.07 106.24 96.85 91.27 87.45 82.41 79.94 80.88 91.19 107.09 113.13 94.58 67.9 5.81 0.0 -0.76 -1.9 -1.69 -0.01 14.81 77.49 101.74 139.83 178.26 130.0 109.31 98.19 95.0 90.03 88.19 88.76 92.14 96.36 115.21 120.29 95.59 72.05 7.08 0.0 -1.0 -6.21 -3.0 -0.02 19.91 79.17 102.79 132.19 176.8 127.99 108.47 99.08 98.18 92.44 91.01 91.24 91.18 84.68 83.52 76.04 58.7 0.0 -3.0 -40.1 -81.56 -128.47 -118.34 -49.99 -5.17 39.86 96.49 129.91 164.23 121.97 100.28 86.68 89.09 74.7 64.5 62.85 65.88 75.12 86.99 85.7 75.53 33.29 0.85 -0.01 -0.8 -3.0 -4.0 -0.08 0.3 68.54 100.92 119.84 151.5 121.99 107.54 97.28 98.28 93.84 92.68 92.21 91.19 91.72 92.07 87.0 70.98 13.53 0.01 -0.01 -1.16 -3.04 -2.69 -0.03 0.0 29.09 67.4 75.71 87.88 85.02 78.71 66.8 60.83 45.35 31.65 20.43 20.14 15.58 13.62 7.83 2.93 0.0 -0.01 -0.01 -0.02 -2.0 -5.01 -1.59 -0.01 10.28 81.56 97.26 109.52 110.32 101.26 88.32 72.81 70.95 69.49 72.07 72.92 89.42 109.29 124.51 108.86 93.59 91.92 74.17 62.97 59.93 58.89 70.26 84.06 92.46 102.9 134.1 170.66 124.4 106.23 96.34 87.55 81.22 79.58 78.27 82.59 97.42 114.58 120.78 109.39 85.85 80.88 70.25 55.89 53.26 57.16 68.87 76.5 93.49 111.02 137.2 160.08 133.88 115.44 100.98 94.43 88.78 87.15 89.84 94.29 106.11 129.17 142.9 123.11 97.02 87.47 77.64 68.48 68.2 71.34 78.25 84.55 99.24 111.21 131.76 143.46 123.94 109.69 98.02 97.61 93.33 93.2 95.18 96.09 108.79 123.95 137.91 122.67 103.21 90.11 77.84 66.09 65.49 72.06 81.37 87.82 93.9 109.11 132.01 173.87 134.44 112.64 105.87 102.02 97.86 95.0 96.35 100.38 111.94 135.54 133.18 98.02 83.34 52.95 3.24 3.09 0.13 0.01 7.49 59.42 87.6 94.58 117.4 155.2 124.27 103.02 96.79 101.99 103.56 99.41 96.56 101.13 100.72 97.91 93.79 73.88 9.1 -0.09 -22.58 -56.61 -114.38 -109.63 -49.89 -6.78 29.94 97.26 125.4 167.01 126.19 107.85 95.28 98.27 96.34 94.3 96.76 96.74 96.77 88.98 66.69 4.96 -0.1 -12.08 -49.39 -170.77 -224.49 -219.87 -110.58 -18.81 0.1 83.97 120.03 134.62 116.69 101.79 89.36 87.57 82.76 82.38 82.95 86.24 100.16 142.17 145.29 109.98 73.06 10.85 3.94 0.36 -4.66 -9.2 18.56 37.67 79.56 109.13 148.9 200.08 135.52 101.71 94.17 94.54 90.18 90.53 95.0 97.86 107.68 137.6 128.6 100.29 80.49 18.73 2.06 0.97 -4.47 1.23 6.06 6.93 74.73 108.71 154.44 257.56 152.65 113.79 103.59 103.88 98.89 97.07 98.94 99.7 104.54 126.88 122.38 99.46 71.7 2.52 1.38 -11.12 -21.34 -22.95 -4.1 8.4 39.13 89.66 111.33 158.42 131.4 111.07 101.31 98.92 90.67 89.3 89.25 91.8 100.22 122.62 126.49 100.41 72.4 22.19 15.1 8.01 0.44 -2.43 38.21 69.14 70.01 80.96 117.23 145.53 125.44 110.13 101.61 94.98 88.9 85.85 85.42 89.2 97.19 112.28 117.13 106.05 81.09 21.8 6.29 8.75 25.9 38.95 41.43 56.32 75.01 95.5 122.43 146.35 138.86 116.1 99.3 93.16 93.46 88.78 88.91 90.0 94.11 91.72 89.79 59.52 0.88 0.0 0.2 -4.41 -10.07 -11.32 -6.44 1.28 28.9 75.05 91.54 109.06 125.01 130.03 109.08 106.7 101.54 98.62 97.45 98.41 98.05 91.3 87.2 65.28 9.23 0.0 -0.2 -2.0 -7.37 -15.0 -8.97 -0.2 16.56 92.44 108.04 124.52 130.98 118.86 104.17 111.21 104.19 97.44 94.3 100.58 111.92 132.74 136.4 113.64 94.79 70.9 28.81 12.77 5.0 8.0 28.58 74.99 99.3 116.82 149.23 231.01 154.91 129.65 114.48 116.99 107.35 104.17 106.33 112.6 121.82 144.38 132.49 97.54 77.61 62.82 16.0 7.74 9.07 10.87 28.29 72.91 99.9 109.98 132.32 193.13 152.12 121.93 110.2 107.93 102.33 97.9 94.9 93.7 102.49 112.48 116.54 107.82 84.82 42.22 57.3 50.0 45.17 55.07 70.54 71.62 110.3 122.4 179.0 114.35 110.27 100.72 90.0 101.9 91.14 86.89 86.53 87.33 94.1 112.33 112.03
