608 5
1 38 35 34 37
1 0 0 0 0 0 3 1 2 3 0 156 8.88
1 0 6 5 3 5 3 7 13 14 1 162 9.03
6 0 2 9 9 5 3 4 5 10 1 168 8.92
9 0 4 5 9 8 3 6 10 12 1 185 7.41
6 0 7 6 8 6 3 8 17 25 7 218 7.69
2 0 6 7 4 5 3 6 7 9 7 226 7.26
5 0 7 1 4 1 2 29 30 10 174 5.28
7 0 10 5 8 5 3 15 18 19 9 170 8.52
2 0 3 5 4 10 3 18 19 30 13 152 8.02
7 0 1 6 6 8 3 15 16 21 9 129 6.98
4 0 7 1 5 2 3 11 13 21 10 185 9.54
5 0 8 4 5 4 3 14 15 22 14 154 4.96
3 0 10 2 9 10 3 14 18 24 10 178 5.6
7 0 4 3 8 10 3 16 20 24 14 138 7.55
8 0 4 10 2 10 2 16 19 19 136 7.45
7 0 6 7 8 8 2 26 28 19 158 7.58
5 1 0 0 0 0 3 17 23 25 27 163 6.35
1 1 0 0 0 0 1 26 32 197 6.65
5 0 10 3 10 9 3 20 21 23 16 229 6.56
6 1 0 0 0 0 2 20 29 27 203 7.92
9 0 5 8 8 7 1 28 33 162 7.59
6 1 0 0 0 0 1 27 21 220 6.05
2 0 8 10 5 3 3 23 24 25 19 208 5.7
9 0 9 9 5 7 1 27 32 247 9.47
6 1 0 0 0 0 1 28 21 240 7.46
7 1 0 0 0 0 2 26 30 32 216 6.76
9 0 5 3 4 6 1 27 39 216 8.45
8 0 6 10 4 7 1 29 48 162 6.21
7 0 8 6 8 4 1 31 42 183 9.65
4 0 9 1 1 2 1 31 56 198 5.82
9 0 8 4 3 6 1 31 39 235 8.71
1 0 0 0 0 0 0 60 201 7.08
1 0 0 0 0 0 3 33 34 35 0 210 9.28
1 0 0 0 3 0 3 36 37 38 1 159 6.15
2 0 0 1 0 0 2 56 61 1 136 8.75
2 0 0 0 10 0 3 40 41 52 1 194 6.62
2 0 0 2 0 0 1 49 2 219 7.51
1 0 0 8 0 0 1 48 2 148 8.34
2 0 0 1 0 0 1 39 2 191 8.45
10 0 0 0 6 0 2 47 60 4 178 7.22
8 0 0 0 1 0 2 42 44 3 217 5.84
5 0 0 0 0 3 1 48 3 214 8.33
4 0 0 0 3 0 3 43 45 55 11 152 7.25
1 0 3 0 0 0 2 46 58 15 223 8.73
3 0 0 2 0 0 1 49 11 190 6.38
10 0 7 0 0 0 3 51 54 59 15 188 6.57
1 1 0 0 0 0 1 48 16 134 7.81
6 0 0 0 10 0 2 50 62 14 176 9.62
4 1 0 0 0 0 1 57 17 201 5.69
7 0 0 0 0 10 2 50 62 14 162 7.96
10 1 0 0 0 0 2 53 57 21 162 8.76
10 1 0 0 0 0 1 62 25 238 9.07
10 0 0 6 0 0 1 57 3 167 8.17
9 0 2 0 0 0 1 58 31 172 8.13
10 0 0 0 4 0 1 58 25 144 8.18
4 0 0 1 0 0 1 60 15 149 9.57
2 0 3 0 0 0 1 60 3 146 8.3
7 0 0 0 0 4 1 59 31 172 9.42
4 0 10 0 0 0 1 61 40 181 5.8
4 0 0 0 7 0 1 61 38 166 6.1
5 0 0 0 0 7 1 63 19 154 6.57
10 0 8 0 0 0 1 63 44 209 8.92
9 0 0 0 0 6 1 63 35 252 5.32
1 0 0 0 0 0 0 54 178 5.63
1 0 0 0 0 0 3 65 66 67 0 144 6.68
5 0 3 0 0 0 3 70 73 79 1 213 8.54
2 0 0 9 0 0 3 68 75 79 1 211 7.94
5 0 0 1 0 0 3 68 69 71 1 150 8.23
6 0 0 7 0 0 3 73 87 93 6 185 8.51
7 0 0 0 1 0 3 74 76 78 6 212 5.56
8 0 0 0 0 2 3 75 76 81 6 197 8.03
1 0 0 0 0 9 3 72 76 86 6 220 7.36
7 0 0 1 0 0 3 75 81 83 7 148 7.89
5 0 0 0 0 2 1 84 12 197 8.79
6 0 0 0 5 0 3 77 79 81 13 166 8.08
9 0 0 0 0 3 2 82 88 14 198 8.59
5 0 0 0 0 10 1 83 14 179 6.63
10 1 0 0 0 0 1 84 19 182 5.04
8 0 10 0 0 0 3 83 89 90 13 161 8.15
5 0 2 0 0 0 3 80 85 87 19 146 6.59
7 0 0 0 9 0 3 82 84 88 24 214 5.52
2 0 0 8 0 0 3 82 85 87 19 217 6.64
8 1 0 0 0 0 3 90 91 93 31 239 9.25
2 1 0 0 0 0 2 85 93 21 151 7.19
4 0 0 5 0 0 1 86 31 189 7.19
5 1 0 0 0 0 2 91 94 24 216 5.86
8 0 8 0 0 0 2 89 92 35 188 6.63
7 1 0 0 0 0 1 88 24 197 5.04
7 0 0 0 0 9 3 89 90 91 31 204 6.23
3 0 0 4 0 0 1 94 43 192 6.7
5 0 0 4 0 0 2 92 94 39 248 7.85
1 1 0 0 0 0 1 92 39 202 7.9
5 0 0 0 10 0 1 95 44 190 6.52
3 0 0 6 0 0 1 95 39 251 8.85
10 0 6 0 0 0 1 95 46 260 7.84
1 0 0 0 0 0 0 56 165 9.6
1 0 0 0 0 0 3 97 98 99 0 175 8.03
2 0 3 9 1 9 3 100 103 109 1 216 8.29
4 0 8 8 3 10 3 103 117 126 1 218 9.13
4 0 3 4 3 1 3 101 105 106 1 211 8.55
1 0 1 7 6 4 3 101 102 107 3 115 6.18
10 1 0 0 0 0 2 114 122 5 137 9.36
10 0 7 5 7 10 3 110 111 118 4 219 7.07
7 0 6 3 1 3 2 104 120 5 206 5.61
2 0 1 8 7 6 3 111 112 119 12 211 6.75
7 0 2 9 3 4 2 107 108 5 144 5.68
2 0 8 5 3 3 3 112 115 122 5 155 8.42
3 0 1 6 8 2 3 113 114 116 12 167 7.18
4 0 1 9 10 7 3 110 113 115 12 201 5.68
3 0 5 8 2 5 3 110 111 118 3 163 7.81
3 0 3 10 4 9 3 112 114 116 16 183 7.59
5 1 0 0 0 0 1 125 14 196 4.96
6 1 0 0 0 0 1 124 19 173 6.7
1 0 8 2 6 8 3 118 121 126 16 196 5.5
9 0 8 1 7 9 3 117 120 126 19 210 8.03
7 1 0 0 0 0 2 116 117 16 152 7.1
4 0 5 3 4 10 3 119 120 124 23 192 8.66
5 1 0 0 0 0 2 119 121 28 160 7.44
5 0 8 5 5 7 2 122 123 17 159 6.38
8 0 4 4 4 2 1 123 33 197 7.69
4 0 4 10 7 8 2 121 123 28 148 5.65
3 0 4 10 3 1 1 125 33 208 7.63
8 0 10 10 7 1 1 124 22 165 8.28
7 0 7 3 6 6 1 125 41 194 7.74
9 0 5 1 10 7 1 127 30 187 8.96
6 0 3 2 4 5 1 127 48 204 5.38
2 0 7 3 2 8 1 127 28 242 9.32
1 0 0 0 0 0 0 54 233 9.05
1 0 0 0 0 0 3 129 130 131 0 200 8.9
7 0 7 0 0 0 2 132 140 1 225 4.94
10 0 0 3 0 0 1 145 1 172 8.01
3 0 0 0 0 10 2 144 155 1 203 4.9
10 0 0 9 0 0 3 133 135 139 8 221 5.2
5 0 0 0 0 4 3 134 136 138 18 135 7.96
2 1 0 0 0 0 1 145 23 235 8.6
10 0 0 0 0 7 1 137 18 238 5.86
9 0 0 0 0 3 2 143 144 23 150 7.31
9 1 0 0 0 0 3 147 155 157 28 144 4.9
8 1 0 0 0 0 3 142 143 156 23 195 9.54
2 0 0 1 0 0 3 142 147 153 18 145 6.37
4 0 0 9 0 0 2 141 149 8 174 8.09
8 1 0 0 0 0 1 156 12 159 6.37
1 1 0 0 0 0 3 148 150 151 31 208 5.94
1 1 0 0 0 0 2 146 150 32 191 7.67
9 1 0 0 0 0 2 146 154 32 211 6.61
7 0 0 3 0 0 3 153 154 158 25 170 8.87
2 0 10 0 0 0 3 148 151 153 41 222 9.32
3 1 0 0 0 0 1 148 37 164 7.14
1 0 0 0 0 6 1 152 43 158 9.14
8 0 0 0 0 4 2 151 154 12 229 9.28
4 0 10 0 0 0 2 152 155 33 179 8.23
3 0 0 0 0 1 1 152 43 215 5.46
8 0 0 0 0 5 1 158 46 203 7.98
10 0 10 0 0 0 1 157 43 171 5.49
5 0 0 0 3 0 2 156 157 41 176 7.55
1 1 0 0 0 0 1 158 37 202 6.56
8 0 0 5 0 0 1 159 46 186 6.21
1 0 0 0 5 0 1 159 53 266 7.55
7 0 5 0 0 0 1 159 54 184 7.79
1 0 0 0 0 0 0 61 227 7.26
1 0 0 0 0 0 3 161 162 163 0 211 5.6
9 0 0 8 5 4 3 164 166 169 1 141 8.9
5 0 7 0 8 7 3 164 180 181 1 143 5.09
3 0 0 0 7 2 3 165 175 177 1 226 5.85
3 0 8 3 0 4 3 168 178 184 10 154 5.49
4 0 3 5 2 1 3 167 169 172 4 170 7.04
5 0 7 3 5 10 3 171 182 183 10 151 9.27
4 0 6 8 2 0 3 170 173 174 8 229 7.94
9 0 0 6 10 9 1 176 13 165 8.24
9 0 6 9 8 7 3 170 171 174 10 164 8.66
8 0 0 4 0 7 1 189 19 192 7.93
4 0 1 0 10 7 2 176 185 19 151 9.28
5 1 0 0 0 0 2 186 188 8 184 8.03
4 1 0 0 0 0 3 181 183 188 12 153 8.62
6 1 0 0 0 0 2 181 182 19 220 9.14
3 0 7 6 3 0 1 180 4 171 7.89
6 0 0 10 0 1 1 187 23 162 5.32
3 0 3 5 0 8 1 186 4 144 6.33
6 0 1 0 7 0 1 179 13 200 6.9
9 0 5 7 7 0 2 183 185 19 184 7.17
7 0 4 0 10 0 1 182 7 189 6.64
10 0 5 0 1 8 2 187 190 25 143 8.62
7 0 6 0 2 7 2 184 189 25 181 5.12
1 0 1 5 8 0 1 190 28 150 9.55
8 0 5 6 3 6 1 185 32 163 5.81
2 0 0 4 2 6 2 188 190 40 222 8.45
3 0 0 6 0 1 1 187 13 183 9.2
10 0 2 5 7 0 1 189 35 192 6.12
4 0 4 0 2 3 1 191 42 211 6.79
2 0 0 8 5 2 1 191 45 255 9.39
6 0 0 5 2 9 1 191 42 204 7.23
1 0 0 0 0 0 0 48 255 5.0
1 0 0 0 0 0 3 193 194 195 0 129 5.98
1 0 6 1 0 9 1 200 1 129 5.64
7 0 2 2 8 7 3 197 209 214 1 145 8.91
6 0 0 0 4 10 2 196 203 1 227 8.08
7 0 9 4 3 4 3 199 201 202 7 193 5.1
4 0 0 0 1 8 1 198 8 152 7.45
10 0 0 1 2 2 2 203 221 12 184 9.27
4 0 7 2 4 5 3 206 211 219 14 235 7.63
6 0 1 1 5 3 2 202 204 2 166 8.42
9 0 0 8 1 5 3 204 207 211 14 175 8.65
6 0 5 1 1 4 2 205 213 14 137 5.61
9 1 0 0 0 0 1 216 22 236 9.26
4 0 3 0 5 2 3 205 208 210 23 230 5.01
8 1 0 0 0 0 3 209 218 220 27 240 6.87
7 0 5 2 0 3 2 209 213 18 158 7.18
3 1 0 0 0 0 3 208 216 217 23 149 7.53
2 0 1 2 0 7 2 212 215 27 165 8.82
8 0 8 1 9 1 1 221 35 247 9.14
1 0 0 6 4 0 3 212 215 216 27 218 7.12
1 0 2 1 6 3 1 222 23 225 6.29
8 1 0 0 0 0 1 220 29 179 9.22
6 0 0 1 10 6 2 214 217 25 173 9.63
4 1 0 0 0 0 2 215 218 31 190 8.74
6 1 0 0 0 0 1 221 35 208 9.47
2 1 0 0 0 0 2 219 222 31 217 7.26
9 0 0 1 0 10 1 218 31 221 5.65
6 0 10 0 0 4 1 222 40 245 6.31
10 0 5 0 0 0 1 220 33 256 8.78
8 0 9 3 8 0 1 223 43 176 7.03
7 0 0 10 9 0 1 223 43 188 5.69
4 0 5 8 8 1 1 223 46 184 8.25
1 0 0 0 0 0 0 51 257 7.22
1 0 0 0 0 0 3 225 226 227 0 194 6.93
8 0 1 3 6 1 3 229 233 238 1 203 6.78
10 0 3 10 9 4 3 229 230 235 1 204 5.35
9 0 10 10 7 3 3 228 236 246 1 168 6.78
7 0 8 6 4 10 3 245 248 251 10 186 6.95
9 0 2 1 5 2 3 231 234 237 11 183 7.92
3 0 10 6 3 6 3 232 238 240 11 203 6.46
4 0 4 9 7 7 3 239 240 253 20 166 6.86
10 0 8 10 7 8 3 233 239 241 14 199 8.13
1 1 0 0 0 0 3 236 242 249 24 236 8.51
10 0 3 4 1 7 3 236 241 244 20 222 8.93
1 0 7 3 1 6 3 239 243 244 11 166 7.79
4 1 0 0 0 0 2 247 250 30 244 8.75
9 0 3 7 6 2 3 242 243 248 20 154 8.87
3 0 2 3 5 6 3 243 246 250 14 215 9.18
3 1 0 0 0 0 3 242 248 251 24 143 8.11
2 1 0 0 0 0 3 241 249 254 24 176 8.42
4 0 4 10 3 6 1 251 30 193 6.76
8 1 0 0 0 0 1 254 29 167 8.91
10 0 1 4 5 8 3 245 247 252 29 162 9.22
5 1 0 0 0 0 2 245 246 30 223 6.46
9 0 4 9 7 7 1 253 39 155 5.42
5 0 1 1 4 3 2 247 249 35 179 8.5
5 0 10 5 1 7 1 253 40 184 8.59
1 1 0 0 0 0 1 250 29 217 5.05
9 0 9 2 1 2 1 252 40 240 8.16
5 1 0 0 0 0 1 254 34 206 8.25
3 0 3 4 3 7 1 252 34 165 7.77
10 0 4 6 4 10 1 255 49 233 5.48
4 0 3 6 7 7 1 255 48 176 6.95
7 0 7 8 1 7 1 255 39 255 7.52
1 0 0 0 0 0 0 59 220 6.96
1 0 0 0 0 0 3 257 258 259 0 214 6.37
3 0 3 0 0 0 1 261 1 151 5.42
2 0 3 0 0 0 3 260 269 284 1 212 8.79
9 0 8 0 0 0 1 272 1 221 9.56
3 0 0 0 3 0 3 263 274 279 3 147 5.74
10 0 0 0 0 6 3 262 266 269 4 180 5.34
2 0 2 0 0 0 1 273 14 131 8.12
2 0 10 0 0 0 3 264 268 270 6 205 7.14
10 0 0 0 4 0 1 265 8 209 8.56
5 1 0 0 0 0 1 276 18 182 7.94
2 0 0 0 4 0 2 267 271 14 142 5.47
5 0 0 9 0 0 2 273 275 16 222 8.56
3 0 7 0 0 0 1 276 8 222 7.37
4 0 5 0 0 0 1 278 14 128 5.51
8 0 0 0 6 0 1 273 8 214 8.82
3 0 8 0 0 0 1 280 16 223 7.74
4 1 0 0 0 0 1 285 10 230 8.91
3 1 0 0 0 0 1 283 21 178 9.39
10 0 0 0 10 0 2 278 282 6 208 7.12
3 1 0 0 0 0 3 277 279 281 21 227 6.76
8 1 0 0 0 0 1 281 23 153 6.91
10 0 0 0 6 0 2 280 282 24 183 5.05
8 0 0 5 0 0 1 281 18 222 7.92
8 0 0 0 0 7 1 286 24 216 6.21
6 0 0 7 0 0 2 285 286 34 183 8.68
10 0 0 0 1 0 1 283 31 231 9.28
9 0 0 0 0 5 1 285 34 189 8.77
1 0 0 0 8 0 1 286 41 246 9.12
9 0 0 0 5 0 1 287 3 159 7.67
9 0 2 0 0 0 1 287 43 260 9.16
1 0 0 6 0 0 1 287 42 226 7.86
1 0 0 0 0 0 0 52 224 5.86
1 0 0 0 0 0 3 289 290 291 0 121 8.42
6 0 9 9 10 8 3 295 298 299 1 192 7.53
7 0 9 1 6 0 3 293 310 311 1 154 6.47
4 0 5 0 8 4 3 292 293 297 1 173 8.6
8 0 0 6 0 1 3 294 300 302 5 123 7.8
1 0 8 9 5 4 3 312 314 316 8 183 8.39
8 0 1 10 9 0 3 296 301 306 13 132 6.85
6 0 2 3 0 10 1 313 7 209 5.2
8 0 0 4 4 2 3 304 305 309 21 233 5.48
8 0 9 0 7 3 2 298 303 5 211 6.57
1 0 9 7 7 6 1 306 13 193 5.51
1 0 2 6 10 1 3 302 304 308 7 132 7.04
6 0 9 6 0 0 3 309 315 318 13 156 8.73
6 1 0 0 0 0 1 307 21 175 8.91
5 0 9 9 0 0 1 310 13 171 8.32
3 0 4 1 3 10 3 305 308 314 13 138 5.26
7 1 0 0 0 0 1 311 29 182 8.66
4 0 1 0 0 9 1 313 29 166 5.14
5 0 7 0 10 5 2 307 308 21 222 6.73
8 0 3 2 10 5 2 311 312 27 209 8.96
7 1 0 0 0 0 2 309 318 26 169 9.03
8 1 0 0 0 0 1 310 33 173 8.35
10 0 8 9 0 4 2 313 317 41 176 7.32
5 0 0 0 2 10 1 315 36 231 7.7
3 0 6 0 10 3 1 318 35 234 7.27
8 0 7 10 0 5 1 316 51 170 6.9
4 0 6 0 0 7 1 317 16 222 8.37
2 0 8 0 10 3 1 317 41 224 5.57
8 0 4 3 1 4 1 319 59 239 9.27
9 0 8 0 5 5 1 319 51 231 7.84
3 0 0 4 8 9 1 319 38 170 7.86
1 0 0 0 0 0 0 67 220 5.95
1 0 0 0 0 0 3 321 322 323 0 223 6.3
5 0 6 3 5 5 3 340 345 346 1 132 5.61
9 0 9 10 10 9 3 324 328 329 1 120 5.06
9 0 8 10 2 9 3 325 331 332 1 152 7.8
1 0 6 4 1 4 3 326 327 330 10 222 9.01
6 0 4 2 5 10 3 334 337 338 10 141 7.92
7 0 10 3 1 5 1 336 11 194 7.59
8 0 6 1 10 3 3 331 332 333 11 227 8.21
9 0 6 8 1 6 1 349 10 159 7.75
5 0 9 2 9 3 3 342 343 347 10 231 9.1
10 0 3 8 4 10 2 341 348 11 180 8.45
2 0 4 5 1 2 1 340 19 173 5.09
3 0 7 1 3 6 2 334 335 19 207 6.28
9 0 10 8 3 4 3 336 339 344 19 210 5.17
6 1 0 0 0 0 1 342 22 215 9.62
2 1 0 0 0 0 2 337 340 22 151 6.0
3 0 10 7 2 2 1 342 28 212 9.55
9 1 0 0 0 0 3 343 346 349 24 234 7.09
8 0 6 10 5 5 2 339 347 16 149 6.97
7 0 8 8 8 2 1 341 28 219 6.62
9 1 0 0 0 0 2 343 348 24 154 8.79
7 0 1 10 7 5 2 345 349 35 202 9.23
1 1 0 0 0 0 1 350 31 198 6.64
10 0 3 10 2 5 1 350 33 185 8.68
9 1 0 0 0 0 2 345 346 28 150 6.04
7 0 4 6 2 6 1 350 42 212 5.54
9 0 8 10 10 9 1 347 37 170 5.94
4 0 10 10 8 2 1 348 46 217 6.9
4 0 2 3 1 3 1 351 50 250 7.12
10 0 6 9 2 1 1 351 42 190 6.93
9 0 10 2 1 2 1 351 49 262 9.35
1 0 0 0 0 0 0 58 265 5.93
1 0 0 0 0 0 3 353 354 355 0 174 8.54
10 0 0 10 0 0 3 359 375 379 1 126 7.64
3 0 0 0 6 0 3 357 364 366 1 121 7.85
10 0 0 0 0 4 3 356 358 359 1 204 9.32
4 0 0 0 0 8 3 360 364 365 11 233 5.99
10 0 0 9 0 0 3 367 370 373 4 216 4.88
10 0 0 0 4 0 3 361 362 363 11 173 8.9
3 0 0 0 0 8 3 364 369 377 11 206 9.66
3 0 0 0 9 0 3 367 369 379 15 130 8.56
8 0 0 4 0 0 2 366 373 21 199 8.18
8 0 0 0 6 0 2 368 373 21 212 9.65
7 1 0 0 0 0 3 368 369 376 21 227 5.04
1 0 0 0 0 4 2 367 382 15 233 8.91
10 0 0 0 0 4 3 371 376 378 15 153 6.78
7 1 0 0 0 0 3 368 370 374 29 180 7.53
3 0 10 0 0 0 1 372 18 190 6.03
10 1 0 0 0 0 3 371 375 382 36 224 6.38
4 1 0 0 0 0 3 372 374 382 28 146 9.33
4 0 0 10 0 0 3 371 372 375 36 232 6.63
10 0 0 0 6 0 1 379 46 231 5.59
7 0 0 0 0 7 1 378 40 198 5.91
10 1 0 0 0 0 3 374 376 378 29 226 8.01
10 0 8 0 0 0 2 380 381 39 186 6.66
4 0 0 0 6 0 2 377 380 46 194 5.7
2 0 0 0 2 0 1 377 39 195 5.85
1 0 0 0 10 0 1 381 50 222 7.24
7 0 6 0 0 0 1 381 47 230 8.45
2 0 0 3 0 0 1 380 56 223 7.87
2 0 0 0 9 0 1 383 58 243 7.78
10 0 0 0 9 0 1 383 54 225 7.45
5 0 0 0 0 10 1 383 46 188 9.19
1 0 0 0 0 0 0 64 198 5.51
1 0 0 0 0 0 3 385 386 387 0 220 7.18
9 0 0 0 6 0 3 389 397 413 1 155 8.27
1 0 0 4 4 6 2 388 412 1 153 8.54
1 0 2 0 0 0 3 390 391 393 1 127 9.64
2 0 0 5 0 0 3 392 395 400 2 188 8.97
9 0 9 0 0 8 1 406 10 195 7.65
8 0 4 7 5 0 3 392 394 407 2 214 9.43
5 0 4 7 3 2 1 411 2 140 4.91
1 0 0 0 9 0 1 405 10 141 8.93
8 0 0 7 4 0 2 398 404 2 150 6.42
2 0 3 0 5 3 1 398 10 191 5.55
10 0 5 0 0 0 2 396 399 4 157 6.13
4 0 3 0 0 0 1 402 14 174 6.28
4 0 0 3 7 0 1 401 10 199 7.62
8 0 0 1 0 0 1 409 12 176 5.37
7 0 0 0 9 0 1 403 14 172 5.29
10 0 0 6 0 0 1 403 4 128 8.35
10 1 0 0 0 0 2 409 410 14 168 8.08
7 0 0 0 3 5 2 408 411 18 155 9.11
7 0 0 9 4 6 2 405 413 21 152 9.02
10 0 7 2 6 0 1 408 10 173 5.81
4 0 6 0 0 5 1 411 28 218 7.45
3 1 0 0 0 0 1 409 19 196 5.51
7 0 1 0 8 10 2 408 414 10 217 5.36
9 0 0 5 0 0 1 413 25 151 8.81
6 0 0 3 9 10 1 412 24 181 6.2
4 0 5 0 3 0 1 412 24 217 7.71
5 0 0 9 0 0 1 414 32 168 5.76
10 0 8 4 0 7 1 415 30 251 7.58
4 0 10 5 0 1 1 415 34 228 9.21
5 0 4 6 9 0 1 415 37 196 6.79
1 0 0 0 0 0 0 42 202 6.4
1 0 0 0 0 0 3 417 418 419 0 140 6.78
8 0 4 0 3 8 1 420 1 126 6.52
2 0 7 0 6 0 3 420 425 428 1 186 9.06
9 0 7 0 7 4 3 426 427 428 1 171 7.47
1 0 0 4 0 8 3 421 422 423 9 153 9.56
5 0 0 10 0 0 3 424 435 439 10 199 8.62
2 0 3 0 4 0 2 424 429 10 184 4.96
2 0 0 8 0 0 1 434 10 216 7.75
6 1 0 0 0 0 3 437 442 446 15 137 6.74
4 0 0 3 5 1 2 429 431 3 167 8.52
10 0 4 0 0 6 1 446 10 163 9.26
7 0 7 0 0 0 1 433 10 186 7.35
7 0 7 0 4 0 3 430 436 445 10 220 5.86
2 0 0 10 2 0 3 432 441 443 12 135 7.61
9 0 2 0 0 7 2 431 434 17 142 7.1
3 0 7 0 0 10 1 440 26 168 8.1
8 0 0 0 6 6 1 437 14 205 4.97
7 1 0 0 0 0 3 437 440 441 17 166 5.91
4 0 9 10 9 0 3 438 439 440 26 245 7.96
6 1 0 0 0 0 2 438 445 15 152 8.53
9 1 0 0 0 0 2 438 439 17 235 9.16
7 0 3 0 0 0 2 444 445 24 222 5.46
4 0 1 3 0 2 1 442 30 249 4.91
2 0 0 7 8 6 2 441 446 30 171 6.88
4 0 0 0 0 4 1 442 30 144 6.36
6 0 4 0 2 7 1 444 32 241 5.58
4 0 10 4 0 0 1 443 34 215 7.16
2 0 3 0 7 0 1 444 38 156 8.16
3 0 1 9 0 0 1 447 40 213 9.22
7 0 8 2 0 0 1 447 31 176 4.89
2 0 5 0 0 1 1 447 32 198 9.49
1 0 0 0 0 0 0 43 201 6.68
1 0 0 0 0 0 3 449 450 451 0 194 7.61
8 0 0 9 0 0 2 453 457 1 212 7.28
3 0 0 4 0 8 3 452 454 463 1 199 9.57
5 0 0 4 0 0 3 453 455 456 1 184 7.25
7 0 9 0 8 0 3 453 456 462 4 230 7.29
4 0 9 3 0 3 3 459 461 478 11 160 7.68
8 0 0 0 0 1 2 458 468 4 219 9.4
8 0 1 4 0 5 3 457 464 466 6 176 8.34
4 0 1 4 0 0 2 459 460 11 127 9.08
6 0 8 0 0 8 3 462 465 467 14 237 8.73
8 0 7 7 0 0 3 470 474 478 12 159 6.54
8 0 5 5 1 1 2 466 468 15 173 8.67
2 0 10 0 5 1 3 461 464 475 15 185 6.08
10 0 0 0 1 10 3 466 467 469 17 171 6.22
9 0 0 5 8 0 3 469 471 478 20 206 6.72
8 0 0 4 10 0 3 464 467 475 4 132 6.14
7 0 4 0 0 0 3 465 472 473 17 178 8.83
7 0 8 0 0 0 2 474 476 24 160 9.25
3 1 0 0 0 0 1 471 27 233 6.63
9 0 7 8 0 0 3 470 471 473 27 250 6.73
4 1 0 0 0 0 3 469 475 476 23 174 8.73
2 1 0 0 0 0 2 470 473 29 183 8.41
4 0 3 0 0 0 1 472 36 156 8.85
6 0 5 5 0 0 2 472 476 36 253 9.67
2 0 5 0 10 7 1 477 42 230 6.21
10 0 0 0 5 0 1 474 36 252 9.15
9 0 0 2 8 8 1 477 46 172 6.76
10 0 0 7 10 0 1 477 27 185 7.17
6 0 0 0 9 5 1 479 42 205 5.47
2 0 4 8 0 0 1 479 55 195 7.61
6 1 0 0 0 0 1 479 29 172 7.69
1 0 0 0 0 0 0 57 235 9.19
1 0 0 0 0 0 3 481 482 483 0 200 5.97
1 0 1 6 4 10 3 485 489 506 1 133 9.6
9 0 5 5 4 5 2 485 490 1 204 8.02
10 0 3 3 4 8 3 484 486 487 1 209 7.89
4 0 9 1 5 3 3 492 502 504 11 185 9.67
8 1 0 0 0 0 3 494 498 501 10 145 8.04
2 0 6 10 4 2 3 490 491 493 11 217 5.31
4 0 3 8 10 4 3 488 491 494 11 130 8.2
7 0 10 6 3 2 3 492 495 496 15 155 6.72
4 0 6 3 6 7 2 494 496 2 116 6.59
10 0 10 9 8 10 3 495 502 506 13 166 6.17
1 0 10 10 8 8 2 500 501 15 193 6.31
7 1 0 0 0 0 3 497 506 507 22 225 5.84
3 0 4 8 10 5 2 497 501 13 177 8.57
6 0 10 6 5 10 3 497 503 505 18 146 9.4
3 1 0 0 0 0 2 498 499 23 173 9.52
9 0 6 8 5 10 2 498 499 22 180 6.42
4 0 9 8 10 1 3 508 509 510 29 246 5.76
1 1 0 0 0 0 1 500 31 173 6.72
1 1 0 0 0 0 2 500 503 31 151 8.02
5 0 7 7 10 9 1 504 32 164 7.49
6 1 0 0 0 0 2 502 504 18 171 7.64
2 1 0 0 0 0 3 503 505 507 24 134 9.26
1 0 7 4 1 3 1 509 32 143 6.13
3 1 0 0 0 0 2 505 507 37 182 8.7
4 0 5 7 6 3 1 510 40 234 6.66
10 0 7 1 7 3 2 508 509 29 234 8.78
10 0 10 9 8 8 2 508 510 40 218 7.21
7 0 2 5 5 1 1 511 50 224 7.88
4 0 4 3 2 7 1 511 39 182 9.16
9 0 8 2 7 9 1 511 50 217 9.19
1 0 0 0 0 0 0 59 265 8.84
1 0 0 0 0 0 3 513 514 515 0 160 7.87
9 0 0 4 0 10 3 516 518 522 1 163 6.45
5 0 0 2 0 9 2 519 541 1 179 5.08
9 0 1 10 0 0 3 520 526 532 1 171 9.55
8 1 0 0 0 0 3 517 527 531 10 135 8.86
6 1 0 0 0 0 1 533 18 174 5.77
3 0 9 0 0 10 2 524 525 10 180 6.53
10 0 0 0 0 3 2 521 526 6 226 8.44
10 0 0 5 2 0 2 523 536 10 222 5.86
8 0 0 0 9 0 2 528 530 16 216 5.46
3 0 1 0 2 0 1 525 10 170 5.55
9 1 0 0 0 0 2 537 541 20 211 8.83
1 0 0 0 0 4 2 527 533 13 197 5.79
7 1 0 0 0 0 2 537 538 13 166 6.04
1 0 5 0 3 9 1 529 16 141 6.29
4 1 0 0 0 0 1 528 18 149 7.25
7 1 0 0 0 0 1 534 24 169 5.83
1 0 1 5 0 0 1 540 17 185 5.85
2 1 0 0 0 0 2 536 539 24 158 8.02
1 1 0 0 0 0 1 541 18 182 5.45
8 0 4 0 9 0 1 536 10 150 7.93
8 0 5 0 9 7 1 535 24 156 5.1
9 0 4 0 2 0 1 542 31 233 8.1
7 0 2 0 9 0 1 537 32 246 8.29
6 0 0 2 3 0 1 538 26 140 8.49
10 0 5 4 0 6 1 540 39 182 5.46
9 0 0 8 4 0 1 540 32 180 7.6
5 0 7 0 0 0 1 542 26 203 5.19
8 0 10 0 3 6 1 543 49 265 5.06
4 0 9 0 0 0 1 543 29 165 5.92
4 0 0 1 0 5 1 543 40 188 7.85
1 0 0 0 0 0 0 57 261 9.49
1 0 0 0 0 0 3 545 546 547 0 220 5.46
6 0 0 0 8 1 3 548 551 566 1 132 6.59
1 0 0 8 6 5 3 551 557 560 1 115 9.18
2 0 9 2 0 5 3 549 552 556 1 116 7.71
9 0 0 3 0 3 3 550 563 564 7 233 9.14
8 0 0 0 0 1 3 550 554 563 3 138 7.08
5 0 0 3 0 9 1 557 16 180 6.95
5 0 0 7 5 0 3 553 555 559 7 176 5.93
6 0 0 0 0 7 3 567 568 569 3 215 7.45
4 1 0 0 0 0 2 556 565 12 214 7.6
8 0 0 10 0 3 3 559 561 571 11 135 7.97
4 0 0 0 0 8 3 558 561 568 12 169 8.27
10 0 0 2 5 0 1 570 16 136 5.61
9 0 0 0 9 0 2 561 565 21 246 9.16
2 1 0 0 0 0 1 573 16 177 7.37
7 0 8 0 1 2 2 562 568 19 153 7.89
6 0 0 6 7 6 1 562 2 142 5.35
1 1 0 0 0 0 1 562 30 165 7.39
9 0 8 0 0 9 2 570 573 31 225 9.0
10 0 0 10 0 0 1 567 16 190 6.34
7 0 1 3 0 8 2 565 567 16 181 4.98
10 0 0 0 8 1 1 570 30 156 8.16
10 1 0 0 0 0 1 574 7 203 8.12
9 0 0 3 0 0 2 571 574 26 194 5.03
3 0 0 0 6 0 1 573 26 228 8.78
5 1 0 0 0 0 2 571 574 9 142 9.67
5 0 2 0 8 10 1 572 40 169 7.86
7 0 6 0 10 1 1 572 35 215 7.49
8 0 5 0 0 0 1 575 45 249 9.37
8 0 5 5 10 0 1 575 40 259 8.83
10 0 7 0 3 2 1 575 35 208 8.41
1 0 0 0 0 0 0 53 194 7.03
1 0 0 0 0 0 3 577 578 579 0 151 8.37
3 0 10 10 5 5 3 583 589 590 1 226 7.47
2 0 10 2 3 8 3 581 582 591 1 130 6.88
1 0 5 9 2 8 3 580 585 586 1 116 6.38
7 0 3 2 10 10 3 584 594 596 2 139 7.38
2 0 4 6 10 8 1 587 3 169 6.37
1 1 0 0 0 0 1 588 3 147 9.34
9 0 10 8 8 2 1 595 4 194 8.52
8 1 0 0 0 0 1 604 9 226 7.12
8 0 4 2 3 2 1 600 2 229 6.36
8 0 2 9 2 5 1 593 2 157 8.32
4 0 8 2 6 2 2 599 604 5 210 7.55
10 0 9 1 2 6 1 595 4 156 6.31
4 0 8 4 10 9 2 598 599 4 163 8.96
10 0 4 6 4 1 2 592 606 4 199 7.18
7 0 7 8 8 2 1 597 3 164 8.32
1 1 0 0 0 0 1 598 14 193 5.01
4 0 6 4 5 2 2 594 602 10 228 8.71
9 1 0 0 0 0 1 595 14 212 7.9
1 0 6 3 5 5 1 597 23 154 8.66
4 0 1 6 3 4 2 598 602 9 189 6.83
3 0 4 3 10 8 1 601 24 207 5.54
5 0 10 9 5 6 2 600 603 15 151 8.31
4 1 0 0 0 0 1 602 9 132 5.73
3 0 6 10 9 4 2 601 604 20 220 5.48
1 0 9 3 10 2 1 605 27 140 8.16
7 0 4 1 3 7 1 603 14 164 7.36
6 0 3 9 1 9 1 605 21 154 5.92
9 0 7 6 6 10 1 607 23 193 8.02
7 0 8 9 6 5 1 607 28 145 8.2
3 1 0 0 0 0 1 607 14 174 6.14
1 0 0 0 0 0 0 35 198 5.14
91.62 84.97 84.12 83.96 84.96 94.24 116.33 123.34 118.99 105.0 97.67 93.45 84.94 83.84 82.95 84.94 92.6 103.86 119.85 145.57 111.39 113.65 101.91 99.9 90.37 87.53 84.89 82.27 83.7 91.4 109.11 108.66 100.22 91.99 83.17 70.01 64.53 23.99 12.57 42.89 69.94 87.04 112.05 135.55 99.43 106.55 101.3 101.58 93.63 88.67 88.96 84.58 88.72 93.04 95.34 102.74 96.5 82.81 70.63 76.77 69.62 69.5 69.06 70.66 82.27 95.45 122.48 181.21 176.27 93.76 98.89 100.0 97.21 99.22 94.6 93.45 95.37 102.99 110.98 115.44 109.36 96.42 89.86 85.09 82.69 83.21 84.56 89.86 98.56 105.66 106.58 110.0 102.96 123.04 107.47 106.47 109.66 104.06 98.39 94.29 98.85 99.2 110.0 112.29 110.94 98.44 94.93 85.24 83.33 80.31 78.77 86.34 91.55 92.77 116.96 137.6 183.66 135.21 105.39 107.18 108.78 103.92 94.8 96.0 96.45 97.0 98.78 97.23 88.72 87.08 81.02 76.61 67.54 63.14 62.17 71.96 85.2 100.69 92.47 93.86 100.81 115.0 113.62 107.99 102.03 97.0 92.48 89.38 90.06 87.17 87.86 85.6 80.85 80.1 77.09 71.24 46.2 15.04 8.85 17.66 47.08 81.86 82.62 90.79 94.59 115.47 110.0 102.57 97.87 87.02 82.24 80.38 80.8 86.2 105.62 116.88 118.42 108.0 100.75 93.19 84.1 80.21 72.36 77.93 80.45 90.43 88.61 90.9 94.03 99.18 99.56 93.52 88.51 85.86 84.7 84.05 86.25 95.18 101.38 108.9 96.98 82.12 68.77 56.28 25.06 8.95 11.67 21.47 55.14 74.27 85.81 107.85 141.01 116.33 108.83 100.96 96.09 92.03 87.07 85.17 87.15 97.15 100.98 98.65 90.99 72.7 58.59 40.45 24.79 17.69 10.7 28.25 54.23 81.08 84.43 121.34 113.2 108.13 99.62 96.29 94.81 88.24 78.39 75.82 78.37 87.12 100.52 100.69 93.96 85.62 72.89 71.88 62.44 49.48 35.27 56.25 73.74 88.12 90.87 114.17 131.28 118.62 107.87 102.21 104.96 98.01 91.74 88.3 93.62 100.52 106.43 110.0 106.13 98.62 77.66 71.83 72.48 63.67 50.41 50.76 72.4 77.48 91.84 107.62 105.0 99.37 106.42 101.11 104.13 100.0 97.59 92.19 91.37 90.87 89.53 84.61 77.91 61.53 31.71 5.68 2.95 0.0 0.0 0.0 5.43 61.96 92.52 100.14 101.15 100.34 101.05 94.13 82.96 77.4 71.52 68.87 66.59 60.8 47.24 26.18 6.16 0.0 -1.01 -2.1 -3.0 -9.9 -10.08 -4.98 -1.78 -11.06 58.84 79.91 85.38 89.62 94.0 85.09 81.29 70.07 69.97 69.91 73.31 81.9 94.44 102.03 98.6 91.4 72.89 53.83 14.9 4.05 0.66 11.02 34.96 65.28 81.0 90.65 93.08 89.09 68.34 62.14 9.5 15.71 11.54 24.55 54.79 74.46 92.24 94.42 75.45 3.91 0.03 -1.8 -4.81 -6.18 -11.72 -5.54 21.6 55.01 60.8 103.44 114.28 103.44 85.0 79.94 75.0 60.44 59.64 59.37 58.98 83.01 99.68 99.85 83.98 27.84 0.0 -1.01 -4.11 -6.47 -2.87 5.52 19.18 45.97 95.92 109.11 169.88 156.88 110.0 101.58 97.65 97.7 92.13 89.87 90.16 94.42 109.67 105.0 72.67 41.83 6.77 0.0 -0.12 -2.71 -0.25 -0.01 17.09 63.53 98.24 111.57 146.42 127.54 110.0 101.28 94.64 90.38 86.47 83.66 82.0 91.14 101.07 102.69 92.89 65.12 30.52 7.48 0.0 -0.01 -0.01 0.0 10.49 75.6 100.0 133.22 164.05 154.54 122.22 108.68 102.93 102.39 102.0 99.09 100.0 100.0 99.23 93.45 69.73 15.34 -0.02 -1.0 -8.67 -15.96 -15.2 -3.47 -0.01 33.15 82.07 106.38 120.0 119.26 107.77 95.6 84.88 83.43 83.41 78.31 81.12 84.16 82.51 71.97 26.43 -0.01 -3.32 -15.6 -38.92 -61.21 -50.62 -21.0 -0.95 10.9 81.36 109.09 123.64 120.23 107.16 98.87 101.36 93.13 88.36 85.99 94.18 105.51 132.2 131.05 103.44 57.85 22.77 2.54 0.0 0.0 0.0 9.0 58.06 94.83 113.01 169.56 217.3 140.0 108.87 96.0 93.0 89.67 85.41 85.32 87.01 94.82 108.05 105.07 97.94 84.58 38.06 22.56 8.38 3.0 5.15 35.05 73.34 99.96 118.39 183.56 212.05 146.12 114.35 98.07 96.42 90.0 86.89 84.71 87.07 93.52 108.93 107.62 104.34 76.99 45.83 41.84 20.83 16.96 41.39 70.9 84.3 96.64 121.94 204.58 235.8 154.57 123.21 106.27 98.1 92.0 88.45 88.02 88.36 97.49 108.92 110.23 99.92 91.43 77.41 66.74 52.26 41.36 54.9 69.43 78.99 101.51 129.83 233.8 274.02 154.56 120.34 105.95 99.77 99.09 93.63 89.92 91.63 96.47 101.15 100.86 95.62 75.64 32.41 3.0 0.08 0.0 0.0 1.73 31.89 81.5 106.71 117.47 128.68 111.97 105.93 95.92 95.82 90.68 89.62 85.21 83.94 86.88 90.43 89.64 79.86 66.52 25.45 3.8 0.17 -0.01 -0.01 -0.01 29.76 70.01 73.45 81.78 88.0 93.02 93.56 89.98 91.22 85.05 86.15 85.77 86.57 88.56 88.43 79.15 74.4 27.39 8.15 0.32 -0.05 -0.78 -1.03 0.65 14.0 70.55 94.8 109.12 109.84 110.04 105.02 102.41 91.43 86.73 83.81 82.78 87.9 98.84 117.11 125.34 108.78 88.51 71.02 45.93 20.04 14.23 18.34 54.56 71.68 93.82 110.93 185.7 211.45 125.19 107.2 101.25 100.92 94.61 88.0 86.13 89.8 102.21 110.84 109.58 98.05 88.57 69.64 43.23 25.21 20.77 28.79 42.92 65.47 95.33 120.11 155.37 165.78 115.95 104.24 98.22 97.51 92.93 87.44 85.52 89.59 98.68 109.06 109.55 102.58 87.69 76.37 66.19 48.56 35.0 41.89 72.39 80.69 103.73 114.26 136.15 133.62 116.14 105.02 98.95 97.02 88.8 86.23 89.28 90.52 107.21 114.02 115.32 106.73 99.11 88.1 80.09 71.8 70.01 69.62 78.23 84.22 102.03 113.4 129.68 132.91 112.93 103.96 94.17 88.33 80.75 77.23 75.91 75.56 86.3 104.74 106.3 102.09 91.08 72.35 41.5 14.85 4.4 0.7 4.73 45.3 72.22 94.17 105.08 112.82 107.45 103.02 94.37 95.33 89.32 87.61 85.05 85.35 85.46 86.59 86.77 83.29 60.4 13.71 3.32 1.34 0.07 0.17 3.52 12.59 75.36 97.69 109.0 120.28 120.32 111.16 105.24 100.5 95.12 94.2 91.87 90.91 90.8 90.0 84.9 48.37 2.64 -0.01 -0.07 -1.98 -7.45 -7.4 -0.1 0.0 65.46 100.87 110.4 117.21 114.32 107.5 100.52 95.28 87.03 83.48 81.78 82.6 101.79 114.33 123.39 108.88 91.97 70.01 35.02 10.0 5.93 6.78 25.2 59.45 88.12 111.51 157.12 227.31 137.47 115.04 105.15 105.52 101.05 97.8 96.22 98.05 105.41 123.03 122.7 106.64 90.0 73.77 62.72 42.78 26.28 38.05 73.05 89.43 106.86 130.67 193.46 185.66 124.99 109.69 99.37 98.91 90.23 86.76 87.9 90.91 98.72 110.37 115.52 113.64 101.63 83.54 81.08 65.36 51.78 51.32 76.84 85.94 106.04 133.45 218.26 217.95 127.79 113.63 103.57 97.15 92.01 87.98 87.74 91.23 98.38 120.86 136.33 123.46 83.31 71.7 61.79 57.78 53.81 63.61 70.11 92.15 126.1 155.84 188.26 150.6 122.93 106.89 91.59 85.16 84.97 84.76 83.9 86.29 94.5 113.29 119.52 117.86 109.01 87.94 84.87 73.31 57.53 62.83 77.05 88.78 109.37 131.23 156.02 141.73 120.69 100.29 89.96 93.16 87.41 83.92 81.51 84.54 89.28 94.58 97.44 89.43 80.04 37.19 5.23 0.0 0.0 0.0 3.11 30.83 92.49 111.22 126.86 131.73 119.52 104.87 89.63 87.32 77.52 69.3 65.77 62.57 66.75 67.33 64.06 22.3 5.28 0.0 -0.01 -0.1 -0.98 -0.61 0.0 26.37 82.74 118.77 137.67 134.23 115.33 103.42 91.67 86.59 85.1 84.31 83.32 84.89 95.66 120.63 127.19 114.2 99.42 78.94 68.68 39.12 24.72 42.64 69.5 85.01 110.97 160.72 241.5 210.56 121.44 111.29 99.57 93.16 88.84 90.09 91.53 93.87 105.14 129.45 151.47 147.32 118.93 97.23 86.24 80.59 78.03 76.67 82.45 97.44 118.07 172.44 302.75 258.2 138.17 109.35 93.64 100.15 88.94 84.81 80.02 81.52 95.05 120.61 122.47 109.4 85.12 33.8 5.22 4.02 3.58 3.48 21.43 59.9 87.1 120.44 189.72 164.8 107.02 93.89 81.12 57.92 42.83 40.58 43.77 66.38 90.63 118.13 121.23 108.61 76.95 40.98 5.79 3.2 3.33 34.22 69.58 93.12 129.1 189.29 338.31 246.26 134.16 110.17 103.32 97.24 86.42 84.79 84.5 84.65 96.8 118.31 131.29 125.0 101.07
