608 5
1 42 48 37 50
1 0 0 0 0 0 3 1 2 3 0 185 7.63
2 0 9 8 3 9 3 4 10 14 1 108 9.93
3 0 1 3 3 10 3 5 8 14 1 123 13.33
3 0 10 6 7 9 3 4 7 13 1 195 13.7
5 1 0 0 0 0 3 16 18 20 4 111 7.56
6 0 4 1 7 1 3 6 10 18 4 115 10.05
2 0 2 7 4 7 3 9 12 17 10 179 7.98
8 0 4 10 8 8 3 8 11 16 4 142 13.22
1 0 6 7 10 9 3 12 18 22 12 152 13.84
10 1 0 0 0 0 3 13 21 26 12 124 9.29
1 0 9 4 4 4 3 11 13 16 10 138 13.81
8 0 3 8 5 5 3 12 15 17 12 166 14.04
8 0 2 6 9 6 2 20 24 20 151 10.7
9 0 7 3 3 7 1 30 22 196 13.43
9 0 9 4 8 10 2 21 22 4 185 11.58
8 0 9 9 10 5 3 19 22 23 20 150 14.74
9 0 5 2 9 3 2 23 30 12 204 11.03
5 1 0 0 0 0 3 19 28 29 20 155 10.88
4 0 10 8 3 2 2 23 25 13 171 13.5
7 0 5 4 10 2 1 20 28 141 14.68
5 0 1 6 4 5 2 21 26 35 235 14.72
6 0 1 1 7 9 1 25 40 170 12.8
7 0 1 1 5 10 2 24 26 28 135 10.48
1 0 7 2 5 3 2 28 29 28 156 13.0
2 0 9 2 9 1 3 25 28 29 35 171 12.73
1 0 4 6 2 9 1 27 46 168 8.86
8 0 5 5 1 3 1 27 40 192 14.16
3 0 4 4 4 3 1 30 48 237 8.63
8 0 5 1 3 8 1 31 37 178 10.67
3 0 6 2 5 2 1 31 37 146 13.32
8 0 1 10 3 3 1 31 51 193 10.53
1 0 0 0 0 0 0 59 236 8.31
1 0 0 0 0 0 3 33 34 35 0 122 7.84
4 0 0 0 3 0 3 37 38 40 1 204 11.84
7 0 0 0 6 0 2 41 53 1 203 7.77
7 0 4 0 0 0 1 36 1 205 9.39
8 0 0 0 4 0 1 52 8 149 9.08
2 0 0 0 3 0 3 39 50 61 5 134 9.75
2 0 0 0 10 0 1 43 5 162 13.11
2 0 0 0 6 0 2 42 57 7 179 8.07
2 0 0 0 0 6 1 45 5 191 13.12
2 0 0 0 10 0 2 47 49 8 194 7.64
9 0 0 0 6 0 3 44 49 55 9 170 8.12
2 0 0 0 6 0 2 46 47 7 168 14.11
3 1 0 0 0 0 1 46 18 171 14.42
7 0 0 0 0 6 1 50 7 124 14.24
3 1 0 0 0 0 3 48 51 62 21 220 9.64
7 0 0 0 1 0 1 54 10 214 8.29
4 1 0 0 0 0 1 59 24 172 13.61
1 0 0 0 0 4 1 60 18 130 12.63
5 0 0 0 0 9 2 56 58 14 213 14.35
1 1 0 0 0 0 1 59 24 200 8.84
3 0 0 5 0 0 2 54 61 16 183 13.74
2 0 0 8 0 0 1 54 8 143 12.35
10 1 0 0 0 0 2 56 58 19 136 10.91
6 1 0 0 0 0 1 62 18 157 10.78
8 0 0 5 0 0 1 57 29 147 8.58
5 0 3 0 0 0 1 62 37 161 9.48
5 0 0 0 0 10 1 59 29 185 9.53
4 0 0 7 0 0 1 60 34 156 13.27
6 0 0 0 4 0 1 63 38 173 14.09
7 0 0 3 0 0 1 63 19 168 9.9
8 0 0 0 0 2 1 63 42 157 13.41
1 0 0 0 0 0 0 50 162 11.28
1 0 0 0 0 0 3 65 66 67 0 166 10.53
1 0 2 0 0 0 1 69 1 145 12.3
4 0 0 0 4 0 3 68 71 82 1 210 14.59
8 0 0 7 0 0 3 70 72 76 1 185 10.37
6 0 0 1 0 0 2 72 79 5 204 14.08
3 0 0 2 0 0 3 73 74 75 2 147 13.7
3 0 0 0 0 7 3 77 81 87 9 184 8.12
9 0 0 0 6 0 3 80 89 91 5 123 9.67
2 0 0 2 0 0 1 85 11 171 8.51
6 0 1 0 0 0 2 81 82 5 119 10.73
8 0 0 0 8 0 2 78 81 5 172 13.36
4 0 0 0 1 0 2 77 90 5 212 11.52
9 0 0 0 8 0 1 89 9 209 12.18
4 0 0 0 0 1 1 84 12 156 14.7
10 0 0 8 0 0 2 82 90 13 149 7.8
9 0 0 0 0 5 1 84 11 195 9.2
4 0 0 0 6 0 2 83 86 14 210 12.9
10 0 7 0 0 0 3 84 89 90 13 205 14.61
9 0 8 0 0 0 3 83 86 94 23 216 12.62
9 0 0 0 1 0 1 92 32 196 8.23
9 0 0 5 0 0 1 86 23 227 9.37
7 0 0 5 0 0 2 88 91 13 188 9.23
3 0 0 0 1 0 2 88 92 32 150 14.13
2 0 0 0 10 0 2 88 91 12 183 11.36
4 0 0 8 0 0 1 93 35 223 14.06
7 0 0 0 0 10 2 92 93 23 210 7.52
1 1 0 0 0 0 2 93 94 23 224 11.09
2 0 0 0 9 0 1 94 20 159 11.7
1 0 0 1 0 0 1 95 41 140 7.58
1 0 0 0 0 8 1 95 39 141 7.75
2 0 0 0 7 0 1 95 32 208 11.84
1 0 0 0 0 0 0 42 211 7.81
1 0 0 0 0 0 3 97 98 99 0 206 9.85
7 0 0 0 5 4 3 102 103 104 1 163 8.8
1 0 0 3 0 0 3 100 101 105 1 138 8.22
3 0 3 9 0 2 3 103 108 123 1 194 13.23
5 0 0 0 9 9 3 102 110 118 2 157 13.5
8 0 0 6 0 0 3 103 108 116 2 168 10.82
4 0 1 0 0 0 2 106 109 8 127 12.27
4 0 0 0 7 0 3 110 112 124 10 181 8.62
5 0 10 0 0 0 3 111 114 117 8 211 9.33
1 0 4 10 0 0 3 109 113 115 2 200 9.92
10 0 3 0 9 10 3 107 111 117 12 133 11.19
10 1 0 0 0 0 2 113 121 22 165 12.13
9 0 1 9 0 0 3 110 112 120 10 153 10.51
10 0 4 5 0 0 1 117 12 180 14.18
6 1 0 0 0 0 2 114 121 19 216 11.64
4 1 0 0 0 0 3 113 120 123 22 225 9.38
6 1 0 0 0 0 2 114 118 19 217 8.87
9 0 4 0 3 0 2 116 124 32 232 11.15
9 1 0 0 0 0 2 119 125 25 194 10.56
7 0 5 8 4 7 2 116 118 3 159 10.84
4 0 0 0 0 8 2 119 122 41 200 13.41
6 0 0 0 8 2 3 120 123 124 22 140 9.84
1 1 0 0 0 0 3 119 121 122 25 140 12.31
2 0 0 0 3 1 1 126 45 175 11.04
9 0 0 8 9 0 2 122 125 28 217 13.51
1 0 10 10 0 2 1 125 32 194 14.61
1 0 8 0 4 0 1 126 45 190 12.25
4 0 0 0 3 0 1 126 28 202 11.22
7 0 8 3 0 9 1 127 41 212 9.5
3 0 10 0 0 0 1 127 37 225 13.1
8 0 2 5 2 5 1 127 47 195 10.85
1 0 0 0 0 0 0 55 168 12.81
1 0 0 0 0 0 3 129 130 131 0 173 10.26
7 0 4 2 0 0 2 154 158 1 198 13.38
1 0 0 0 1 0 3 132 133 141 1 169 11.93
7 0 0 0 7 0 3 139 141 144 1 184 10.6
8 0 0 0 0 10 3 134 135 140 2 113 10.66
5 0 0 0 9 0 3 136 137 149 2 148 7.9
3 0 2 0 0 0 3 138 142 149 10 205 11.6
4 0 7 9 0 8 3 142 144 152 10 165 10.34
4 0 8 0 2 8 3 140 147 153 7 202 7.53
10 0 0 9 0 0 3 140 142 152 7 162 11.91
7 0 1 0 0 3 3 139 143 151 13 159 13.27
5 0 0 9 5 0 3 145 146 155 20 138 8.61
5 1 0 0 0 0 3 144 148 156 17 215 10.27
8 0 0 0 0 3 3 145 146 149 8 133 14.41
6 1 0 0 0 0 3 143 145 151 17 201 14.24
8 1 0 0 0 0 1 150 23 155 12.54
5 0 8 9 0 0 1 157 22 193 7.63
8 1 0 0 0 0 3 148 154 156 25 160 10.72
10 0 3 0 0 8 1 147 25 186 13.1
8 0 0 5 0 8 2 148 154 35 170 8.33
5 0 0 7 2 7 1 150 43 170 9.38
3 0 0 2 0 7 3 150 151 152 16 143 9.96
7 0 0 4 0 2 1 158 48 208 12.73
3 1 0 0 0 0 3 153 155 156 23 129 8.53
5 0 10 6 3 10 2 153 155 19 215 13.78
9 0 0 5 0 3 1 158 26 164 13.85
7 0 0 0 7 6 1 157 43 189 8.48
7 0 0 0 0 4 1 157 26 231 11.56
9 0 10 8 0 7 1 159 33 167 10.36
8 0 6 0 5 0 1 159 50 237 7.87
8 0 4 6 0 4 1 159 55 169 11.27
1 0 0 0 0 0 0 63 218 11.11
1 0 0 0 0 0 3 161 162 163 0 194 10.51
4 0 9 1 3 8 2 164 176 1 109 8.0
4 0 10 4 5 10 3 165 171 176 1 159 11.31
1 0 8 9 9 10 3 168 172 176 1 180 10.31
3 0 1 2 9 8 3 166 173 175 5 196 9.6
5 0 2 2 8 5 3 167 169 170 5 195 9.85
3 0 1 1 4 5 3 168 170 183 8 172 13.16
1 0 4 10 9 4 3 172 177 179 10 163 13.56
5 0 8 10 4 4 3 177 182 184 11 138 9.36
3 0 2 2 3 9 3 173 175 180 10 192 7.67
1 0 2 3 6 4 2 172 184 11 144 9.34
8 1 0 0 0 0 3 174 178 182 5 164 8.89
6 0 9 8 1 1 3 174 187 190 12 153 13.43
5 0 2 1 7 8 3 174 178 181 13 197 12.77
8 0 2 3 10 4 2 188 189 18 129 9.04
3 0 5 8 3 2 2 179 186 13 212 8.01
5 0 7 5 3 6 3 177 179 182 5 212 10.23
2 0 9 4 4 6 3 178 180 185 16 177 8.19
10 0 3 4 6 1 1 190 18 141 8.38
9 0 1 10 3 3 2 183 185 16 138 14.45
8 1 0 0 0 0 2 186 190 18 145 8.34
4 0 4 8 8 5 2 183 184 18 134 14.36
10 0 5 9 3 3 1 187 16 222 12.56
2 0 7 7 10 10 1 188 25 183 10.79
5 1 0 0 0 0 2 185 186 22 128 13.59
10 0 4 6 4 5 1 189 27 147 9.32
9 0 6 9 7 4 2 187 189 27 139 9.67
6 0 1 1 10 8 1 188 36 182 12.0
7 0 5 8 3 8 1 191 42 237 11.06
4 0 7 7 1 4 1 191 37 218 8.43
6 0 9 1 5 10 1 191 28 158 9.22
1 0 0 0 0 0 0 49 177 11.07
1 0 0 0 0 0 3 193 194 195 0 123 13.76
3 0 3 0 1 0 3 196 199 203 1 155 13.3
3 0 0 0 0 2 3 201 202 204 1 189 10.11
5 0 2 1 10 0 3 197 198 205 1 162 11.54
3 0 0 0 0 2 3 208 211 220 4 206 12.19
7 0 10 6 0 4 3 200 204 210 6 204 13.84
2 0 0 2 0 10 3 200 202 204 6 125 10.12
3 0 9 0 4 4 3 200 202 211 4 127 11.21
8 0 2 4 7 6 3 207 212 215 13 193 11.22
9 0 0 2 0 9 3 206 209 211 4 154 11.16
8 0 0 4 0 0 3 206 209 216 8 159 10.27
8 0 10 9 4 0 3 208 216 220 4 177 12.37
10 0 0 7 5 0 3 206 212 219 13 157 12.34
4 0 2 4 0 0 3 207 210 219 6 151 8.2
2 1 0 0 0 0 3 207 208 214 23 177 7.96
6 1 0 0 0 0 2 213 222 25 187 9.47
5 1 0 0 0 0 1 213 25 160 7.92
9 0 0 3 10 0 2 210 221 16 125 9.58
5 0 9 6 8 0 2 212 222 25 137 7.6
7 0 0 0 0 2 2 213 217 13 213 14.61
4 0 8 0 0 3 1 218 30 195 8.27
4 0 0 4 5 0 1 221 31 220 9.86
1 1 0 0 0 0 2 217 218 25 139 11.88
10 1 0 0 0 0 2 216 218 21 167 13.99
10 0 0 0 0 9 2 217 219 31 170 14.05
9 0 9 0 0 4 1 221 41 190 10.66
4 0 0 2 2 8 1 220 34 189 14.37
3 0 0 0 0 10 1 222 41 197 9.64
5 0 5 0 3 2 1 223 38 150 9.6
6 0 0 6 0 1 1 223 50 198 13.48
8 0 0 9 0 7 1 223 44 180 14.8
1 0 0 0 0 0 0 56 174 9.7
1 0 0 0 0 0 3 225 226 227 0 129 9.29
9 0 0 6 0 0 2 239 253 1 182 12.21
9 0 0 0 1 3 3 228 229 231 1 129 13.53
2 0 2 4 0 0 3 230 241 248 1 121 11.11
1 0 7 5 6 4 1 235 10 132 12.24
2 0 0 0 0 8 2 238 249 10 117 9.88
10 0 0 0 8 1 2 232 234 3 213 9.14
5 0 0 0 6 3 1 233 10 188 11.92
9 0 4 0 6 2 1 247 13 152 9.36
4 0 0 0 9 1 1 236 15 136 8.53
1 0 0 6 4 5 2 240 244 13 184 10.14
4 0 0 0 9 4 1 237 11 123 14.07
6 0 2 10 0 5 2 237 239 19 185 13.95
8 1 0 0 0 0 1 242 25 193 9.21
7 0 0 8 0 0 3 243 246 251 12 177 9.2
3 1 0 0 0 0 1 240 25 207 9.01
10 1 0 0 0 0 1 242 28 197 11.77
1 0 4 1 7 0 2 249 252 3 145 9.52
5 0 3 4 0 0 1 250 38 154 13.47
6 0 0 2 0 0 2 247 248 19 135 11.86
5 0 5 7 0 4 1 245 14 159 10.71
1 0 0 0 0 9 1 246 19 148 9.52
4 0 0 1 0 0 1 250 20 177 13.13
3 0 0 0 8 0 2 253 254 25 228 9.66
8 0 0 6 3 0 1 250 25 189 10.66
2 0 8 3 6 0 2 253 254 12 193 8.33
10 0 9 0 0 0 1 254 43 160 9.83
3 0 0 0 1 7 1 252 19 196 12.0
4 1 0 0 0 0 1 255 22 174 11.06
9 0 10 0 0 5 1 255 28 175 9.52
4 0 0 2 0 4 1 255 53 182 11.79
1 0 0 0 0 0 0 57 180 11.19
1 0 0 0 0 0 3 257 258 259 0 131 14.44
9 0 0 0 6 0 3 260 264 269 1 168 12.45
10 0 7 0 0 0 3 262 273 275 1 140 10.52
8 0 9 0 0 0 3 267 278 279 1 190 8.73
9 0 0 0 0 10 3 261 262 270 10 150 13.13
7 0 0 0 4 0 3 263 265 267 19 149 10.02
1 0 0 0 0 6 3 271 272 276 19 150 7.67
4 0 0 5 0 0 3 266 268 275 26 194 7.63
1 0 0 0 10 0 3 266 267 268 10 198 9.01
4 1 0 0 0 0 3 273 276 278 26 167 7.74
8 0 0 0 0 2 3 272 277 282 30 218 13.98
5 1 0 0 0 0 1 274 26 166 13.92
10 1 0 0 0 0 3 272 273 278 30 194 8.2
5 0 0 0 6 0 2 279 284 10 154 11.55
6 0 7 0 0 0 1 275 19 185 10.78
5 0 0 0 0 4 2 274 281 20 191 11.7
4 1 0 0 0 0 3 274 280 283 40 206 10.78
3 0 0 0 0 6 3 277 280 285 40 231 8.51
4 0 0 2 0 0 1 284 44 226 12.31
10 1 0 0 0 0 3 276 279 283 30 225 7.61
10 1 0 0 0 0 2 277 280 40 191 7.65
1 0 0 6 0 0 1 286 50 234 8.33
7 1 0 0 0 0 3 281 282 283 40 235 7.5
5 0 7 0 0 0 2 282 286 40 240 10.44
8 0 4 0 0 0 2 281 286 50 252 13.46
9 0 0 0 5 0 1 284 58 169 13.25
1 0 0 3 0 0 1 285 47 208 14.05
10 0 9 0 0 0 1 285 47 170 7.98
10 0 1 0 0 0 1 287 67 224 14.09
1 0 5 0 0 0 1 287 57 165 11.81
9 0 0 0 9 0 1 287 58 202 8.68
1 0 0 0 0 0 0 77 188 14.39
1 0 0 0 0 0 3 289 290 291 0 109 11.53
5 0 5 0 8 6 3 292 299 311 1 205 8.66
3 0 7 8 0 9 3 293 295 302 1 158 9.87
6 0 5 3 2 1 1 300 1 124 14.2
2 0 3 3 0 8 1 306 6 183 11.46
2 0 0 4 0 3 3 294 296 310 4 128 7.66
9 0 4 8 8 8 3 297 303 312 6 150 8.37
8 0 3 0 0 8 3 306 312 314 4 178 11.66
8 0 8 1 3 0 1 298 6 165 9.9
10 0 0 6 10 3 2 301 307 15 150 8.39
7 0 4 0 6 4 2 306 308 14 195 12.59
4 0 8 0 9 10 2 304 318 6 115 10.57
1 0 10 0 7 2 2 302 307 7 175 10.06
5 1 0 0 0 0 1 313 25 160 13.81
8 0 7 0 8 2 3 303 310 314 8 197 13.81
5 0 2 0 0 0 2 309 315 16 139 10.96
4 0 10 7 0 3 1 305 10 209 9.42
6 0 1 9 0 6 2 309 315 14 222 8.17
4 1 0 0 0 0 2 307 309 21 142 9.55
5 1 0 0 0 0 1 317 25 223 14.81
10 1 0 0 0 0 3 311 313 314 21 205 10.47
8 1 0 0 0 0 1 316 25 137 14.04
7 0 5 4 10 2 2 311 313 16 146 14.06
6 0 10 2 7 0 1 312 31 164 14.22
7 0 5 9 0 8 2 315 316 37 170 10.99
3 1 0 0 0 0 2 317 318 31 209 11.66
7 0 6 0 4 6 2 316 318 31 167 7.76
9 0 10 4 0 0 1 317 44 158 9.2
2 0 8 5 0 0 1 319 44 153 11.94
7 0 1 2 0 10 1 319 53 212 12.83
8 0 5 10 8 3 1 319 38 236 14.32
1 0 0 0 0 0 0 60 186 8.91
1 0 0 0 0 0 3 321 322 323 0 162 8.15
8 0 0 0 4 0 3 326 331 332 1 205 13.08
5 0 9 0 0 0 3 327 328 330 1 134 12.45
1 0 0 0 3 0 2 324 333 1 189 14.2
1 0 0 0 2 0 3 325 349 350 2 126 11.95
2 0 8 0 0 0 2 329 342 3 131 9.85
7 0 0 0 0 5 3 328 339 347 9 173 13.61
8 0 0 0 0 7 1 339 6 199 14.59
6 1 0 0 0 0 1 334 16 156 12.02
7 0 10 0 0 0 1 343 5 193 8.59
8 0 3 0 0 0 3 334 341 343 6 179 9.87
9 0 1 0 0 0 1 335 9 215 12.74
2 0 4 0 0 0 2 333 336 9 129 10.83
8 0 10 0 0 0 2 340 349 11 190 14.67
7 1 0 0 0 0 2 344 345 22 189 11.05
6 0 0 0 10 0 3 337 338 345 18 171 13.21
2 0 0 0 6 0 3 339 342 345 11 114 12.56
4 1 0 0 0 0 2 346 350 24 214 11.72
8 1 0 0 0 0 2 341 342 24 167 12.78
9 1 0 0 0 0 2 340 344 16 199 13.73
10 0 0 0 5 0 2 343 350 25 179 9.24
4 1 0 0 0 0 2 344 347 32 169 9.44
7 0 0 4 0 0 1 347 32 192 12.79
2 0 0 3 0 0 1 346 35 233 12.21
3 0 0 10 0 0 2 348 349 36 232 10.9
1 0 0 0 8 0 1 346 29 209 13.36
8 0 8 0 0 0 1 348 37 242 12.56
2 0 0 0 1 0 1 348 39 144 14.55
9 0 0 0 0 3 1 351 45 206 12.38
3 0 0 0 9 0 1 351 39 151 9.55
5 0 0 4 0 0 1 351 35 169 9.07
1 0 0 0 0 0 0 54 202 10.89
1 0 0 0 0 0 3 353 354 355 0 157 12.83
4 0 4 5 6 2 2 356 358 1 184 12.4
1 0 3 4 7 6 3 356 357 363 1 134 10.63
8 0 5 6 4 5 2 364 371 1 199 9.62
8 0 10 2 2 2 1 380 5 152 13.2
6 0 5 8 5 6 2 362 366 2 127 11.48
2 0 9 9 1 8 3 359 360 361 5 171 8.91
10 0 1 2 1 3 3 374 380 381 7 149 10.6
1 0 9 2 3 5 1 365 7 187 12.4
1 0 4 5 8 1 1 372 7 204 8.63
5 0 2 2 4 10 2 367 379 8 166 13.61
8 0 5 1 3 3 3 368 375 382 2 199 10.85
6 0 3 1 4 6 1 367 9 124 9.7
6 0 9 6 2 10 2 370 374 8 187 13.76
4 0 2 5 2 6 1 373 8 171 8.3
7 0 3 6 3 8 2 369 376 15 135 10.23
3 0 2 4 9 4 2 370 372 10 131 8.74
1 0 8 7 1 6 1 378 22 190 13.47
7 0 5 1 10 3 1 373 14 137 9.43
5 0 5 9 8 4 1 380 9 130 11.3
2 0 3 6 10 3 1 376 13 209 11.36
5 0 6 5 7 5 1 379 21 206 12.76
8 1 0 0 0 0 1 377 17 213 11.54
1 0 8 8 5 1 1 379 10 213 12.14
3 1 0 0 0 0 1 381 22 131 13.22
10 0 3 3 2 2 1 378 25 173 12.78
4 0 10 5 10 2 1 382 35 144 12.0
9 0 7 3 6 7 1 381 26 211 13.39
4 1 0 0 0 0 1 383 17 198 13.12
6 0 8 7 2 3 1 383 35 233 10.74
9 0 1 8 1 3 1 383 39 225 13.85
1 0 0 0 0 0 0 48 244 7.41
1 0 0 0 0 0 3 385 386 387 0 190 11.15
3 0 8 0 0 0 3 388 389 410 1 110 9.63
10 0 5 0 0 0 3 406 409 410 1 149 10.73
2 0 0 0 5 0 3 392 396 399 1 109 13.97
5 0 9 0 0 0 3 391 394 396 4 193 7.93
10 0 2 0 0 0 3 390 397 413 4 163 8.75
1 0 6 0 0 0 3 395 402 405 14 124 10.11
1 0 0 0 4 0 3 398 400 401 9 201 12.5
10 0 7 0 0 0 3 393 395 405 3 150 7.94
3 0 0 0 0 3 3 397 400 404 13 210 12.25
9 0 1 0 0 0 3 395 397 398 9 155 11.5
5 1 0 0 0 0 2 400 401 18 179 9.95
10 0 0 0 0 8 3 398 404 408 9 120 9.39
5 1 0 0 0 0 3 401 402 408 18 217 14.14
4 1 0 0 0 0 3 402 405 407 19 159 12.63
4 0 0 0 0 5 2 403 404 3 205 11.52
6 0 0 0 9 0 2 408 409 23 139 10.27
6 1 0 0 0 0 1 406 23 209 12.62
6 1 0 0 0 0 1 414 23 129 14.77
8 0 0 0 0 4 3 406 407 410 7 161 7.47
1 1 0 0 0 0 2 407 413 19 196 9.89
8 0 0 0 2 0 2 411 414 23 136 9.34
8 0 0 0 0 7 1 411 29 194 12.74
3 0 0 5 0 0 2 409 412 23 145 14.56
4 0 0 6 0 0 1 411 29 162 14.19
1 0 0 0 7 0 1 414 29 149 11.48
9 0 0 0 3 0 2 412 413 15 152 12.32
3 0 0 1 0 0 1 412 37 155 9.63
5 0 0 0 0 3 1 415 40 194 11.49
7 0 0 0 0 7 1 415 24 174 11.55
2 0 0 0 8 0 1 415 31 171 8.91
1 0 0 0 0 0 0 45 234 13.25
1 0 0 0 0 0 3 417 418 419 0 150 10.52
3 0 10 9 8 5 3 421 427 431 1 125 8.01
1 0 7 0 5 2 3 420 421 423 1 163 10.35
10 0 5 0 0 4 3 426 429 440 1 137 9.98
9 0 0 10 2 0 3 422 425 433 2 148 11.03
5 0 7 7 4 0 1 438 4 213 9.27
10 0 4 8 5 2 3 426 427 432 11 168 11.19
4 0 7 5 10 8 3 424 436 446 2 125 9.83
7 0 7 0 0 0 3 430 433 444 6 212 9.23
6 0 6 9 5 8 2 441 442 11 123 11.55
3 0 0 7 1 0 3 428 443 446 21 205 12.69
6 0 8 7 0 9 2 429 436 21 197 8.39
9 1 0 0 0 0 1 445 24 151 14.49
10 1 0 0 0 0 1 430 27 181 9.89
1 1 0 0 0 0 1 439 37 205 10.56
7 0 6 5 4 5 1 437 4 134 13.55
9 0 1 5 4 0 3 434 436 443 21 147 8.42
8 0 0 0 8 10 3 434 435 437 13 130 11.22
10 0 2 9 10 9 2 438 441 30 202 11.62
7 1 0 0 0 0 1 439 21 183 11.64
4 0 9 9 0 7 2 438 444 30 158 10.21
2 1 0 0 0 0 1 439 21 154 12.38
10 0 0 0 8 7 1 445 40 164 10.95
7 0 4 5 4 3 1 441 38 155 10.97
3 0 0 0 7 2 1 442 11 205 12.18
8 0 8 10 4 9 1 445 45 226 10.61
5 1 0 0 0 0 2 443 446 17 126 12.55
8 0 5 10 0 10 1 444 30 177 11.45
7 0 0 3 4 7 1 447 38 145 9.49
10 0 1 7 5 1 1 447 53 190 9.2
7 0 8 0 10 9 1 447 24 159 9.2
1 0 0 0 0 0 0 63 257 10.42
1 0 0 0 0 0 3 449 450 451 0 142 10.15
9 0 2 5 2 1 3 452 454 455 1 132 13.81
3 0 4 0 6 3 3 461 464 465 1 164 9.62
3 0 0 4 8 0 3 462 465 475 1 183 10.47
8 0 4 4 3 6 3 453 457 474 10 219 8.85
3 0 8 8 9 4 3 464 466 472 18 170 12.67
9 0 6 9 0 3 3 465 474 477 10 202 9.53
1 0 5 3 0 4 3 456 460 461 10 118 8.29
8 0 3 1 5 1 3 458 459 468 11 215 14.29
6 1 0 0 0 0 3 458 469 475 18 195 12.22
5 0 1 6 0 7 2 467 471 24 208 9.74
10 0 0 3 9 7 3 463 464 471 19 181 9.2
4 0 0 6 2 2 3 462 463 471 11 130 11.45
9 0 0 6 0 10 3 462 463 466 11 207 12.19
2 1 0 0 0 0 2 473 476 20 185 7.82
4 0 0 5 0 0 3 467 474 477 29 178 13.39
9 1 0 0 0 0 3 469 470 477 29 144 10.68
9 0 3 3 0 1 3 466 468 472 19 156 9.83
1 1 0 0 0 0 1 467 28 143 12.41
4 0 9 0 4 4 2 470 473 33 147 11.52
6 1 0 0 0 0 2 469 470 28 142 13.63
7 0 4 0 1 1 2 473 476 38 211 11.86
4 0 10 0 3 0 1 478 38 162 13.35
2 0 9 0 5 7 1 472 29 151 7.71
6 0 7 0 0 10 1 476 31 190 9.68
6 0 0 0 6 3 1 478 45 226 10.87
6 0 1 1 3 1 1 475 33 220 7.89
5 0 5 8 6 7 1 478 39 172 12.67
3 0 1 0 0 5 1 479 45 194 8.93
5 0 3 0 2 8 1 479 38 210 13.1
8 0 3 1 6 9 1 479 51 187 8.08
1 0 0 0 0 0 0 59 216 8.0
1 0 0 0 0 0 3 481 482 483 0 179 10.09
7 0 5 1 4 7 3 484 490 498 1 116 12.05
1 0 3 9 2 2 1 495 1 166 8.95
8 0 4 7 4 5 3 485 486 493 1 167 7.6
2 0 4 4 10 7 3 487 488 491 8 213 11.21
5 0 1 1 6 5 2 489 502 9 137 7.86
8 0 9 4 2 6 1 503 9 216 9.81
7 0 1 4 2 6 1 506 10 182 14.4
10 0 2 4 2 3 1 501 10 139 8.7
6 0 5 3 10 5 1 492 14 153 9.97
4 0 4 10 8 3 1 500 8 159 9.78
6 0 3 10 8 6 2 492 494 10 144 8.87
4 1 0 0 0 0 3 497 504 505 20 164 10.13
5 0 1 7 4 9 1 503 9 214 12.14
10 0 6 8 1 3 2 496 501 16 183 7.59
9 0 7 8 1 2 2 498 510 2 212 9.66
10 0 5 3 2 4 1 499 26 192 11.95
7 1 0 0 0 0 1 507 24 187 14.77
3 0 2 6 2 7 1 508 11 202 9.54
7 0 10 1 10 1 1 508 36 213 10.24
5 0 10 8 10 8 1 507 12 173 9.41
4 1 0 0 0 0 1 510 26 215 12.03
7 0 8 2 3 7 1 509 14 192 14.52
7 0 5 6 6 8 3 504 505 510 17 170 12.77
5 0 9 7 4 5 2 507 509 24 175 14.65
6 1 0 0 0 0 1 506 24 147 9.71
4 1 0 0 0 0 1 509 30 160 9.62
8 0 2 5 7 3 1 508 31 144 12.66
9 0 4 8 5 9 1 511 43 241 9.2
3 0 6 9 1 2 1 511 34 145 12.68
2 0 5 6 8 4 1 511 30 160 13.14
1 0 0 0 0 0 0 52 219 14.59
1 0 0 0 0 0 3 513 514 515 0 163 14.58
6 0 0 0 5 0 2 521 524 1 113 8.19
6 0 6 0 6 3 3 516 517 518 1 150 10.7
3 0 0 3 0 0 3 520 523 532 1 201 7.53
5 0 0 0 4 0 3 522 530 531 7 173 10.44
7 0 8 5 0 2 3 521 525 531 7 141 13.17
3 0 0 0 9 3 2 519 527 7 167 10.35
9 0 6 0 4 0 3 521 530 532 10 163 12.34
8 0 10 4 0 0 3 527 529 530 4 147 14.35
9 0 0 0 0 4 1 529 19 151 10.15
7 0 0 3 0 5 3 523 524 528 12 171 12.99
6 0 5 1 6 0 3 527 529 541 19 173 12.24
9 0 10 0 0 7 3 526 533 541 19 226 13.45
10 0 0 0 10 0 3 526 528 533 14 183 11.28
9 1 0 0 0 0 3 532 534 542 28 149 11.37
5 0 0 8 3 0 2 537 538 25 153 7.83
8 1 0 0 0 0 2 535 536 24 176 9.95
10 0 0 0 3 0 3 533 534 535 28 215 9.17
9 0 0 0 7 0 3 534 535 536 19 189 10.43
2 0 8 0 8 5 2 536 539 14 120 9.5
10 0 10 9 8 0 2 537 539 37 194 14.67
6 0 3 0 4 1 2 538 542 38 166 12.99
2 0 1 0 4 0 3 537 538 539 38 204 13.11
1 1 0 0 0 0 1 542 38 164 8.05
3 1 0 0 0 0 1 541 32 222 11.37
2 0 10 10 0 5 1 540 47 196 7.86
3 0 0 0 10 7 1 540 44 207 10.98
1 0 6 6 6 0 1 540 47 222 8.03
9 0 0 1 0 0 1 543 49 210 14.56
5 0 1 0 8 0 1 543 35 150 9.35
2 0 3 0 0 10 1 543 44 222 10.96
1 0 0 0 0 0 0 58 198 12.83
1 0 0 0 0 0 3 545 546 547 0 188 8.7
7 0 3 2 0 6 1 551 1 198 14.32
1 0 0 0 7 5 3 548 549 550 1 183 13.4
7 0 0 0 4 0 2 552 565 1 177 8.85
7 0 0 0 2 10 1 551 2 211 8.15
4 0 9 2 10 0 3 554 564 568 2 183 11.78
10 0 5 10 7 2 2 553 556 2 177 10.93
7 0 0 0 8 0 2 559 560 9 202 10.96
9 0 10 0 0 4 1 572 8 165 10.37
8 1 0 0 0 0 3 555 560 561 12 215 10.42
9 0 7 0 0 0 3 558 563 565 6 145 7.9
1 1 0 0 0 0 1 557 20 180 9.74
3 1 0 0 0 0 1 569 12 123 7.82
3 1 0 0 0 0 2 566 574 21 196 11.47
10 0 4 0 0 5 1 569 15 138 9.23
6 1 0 0 0 0 1 562 16 209 11.7
7 0 8 9 0 10 1 573 20 131 11.52
8 0 9 5 0 0 3 567 570 571 20 207 13.51
7 0 6 5 0 10 1 567 22 137 11.96
9 0 0 0 7 0 1 570 15 147 10.01
9 0 0 2 0 0 2 565 574 6 125 8.69
10 1 0 0 0 0 1 572 15 190 7.6
2 0 7 0 7 0 1 569 24 186 10.4
1 0 0 0 8 0 1 573 29 139 9.61
4 0 5 0 5 0 1 571 6 143 13.45
1 0 9 0 0 9 1 573 26 223 9.49
3 0 6 7 0 0 1 574 28 230 10.97
1 0 3 10 5 0 1 572 28 166 13.03
4 0 7 0 7 6 1 575 29 158 14.35
7 0 7 6 2 0 1 575 30 151 9.06
4 0 0 4 3 0 1 575 31 181 11.13
1 0 0 0 0 0 0 37 210 11.55
1 0 0 0 0 0 3 577 578 579 0 133 12.13
2 0 3 9 6 8 3 582 586 591 1 166 7.92
10 0 8 2 8 2 3 580 585 587 1 158 12.02
5 0 8 6 4 3 3 583 594 597 1 184 13.13
4 0 4 8 1 9 2 581 590 11 169 13.7
3 0 7 2 8 2 2 597 606 15 136 11.18
7 0 4 7 4 4 3 584 598 603 3 124 12.89
1 0 9 3 3 3 3 589 593 600 6 189 14.29
2 1 0 0 0 0 3 588 601 605 10 137 7.8
6 0 1 5 5 10 2 592 596 11 162 14.07
1 0 1 8 3 6 3 593 595 597 3 150 11.32
10 0 5 3 7 5 2 592 598 11 181 13.09
6 1 0 0 0 0 2 594 606 12 199 13.14
4 0 10 5 8 2 2 595 596 7 161 12.9
8 1 0 0 0 0 2 596 602 15 192 9.52
8 0 5 10 3 7 1 592 3 134 8.57
9 0 2 1 5 2 1 599 21 144 8.1
5 0 9 7 8 1 2 599 603 7 178 8.03
2 0 3 3 2 1 1 604 18 127 13.9
1 0 6 10 5 3 1 604 11 165 14.56
5 1 0 0 0 0 1 598 23 213 11.01
1 1 0 0 0 0 2 599 600 18 165 9.15
6 0 3 9 7 4 1 606 28 201 12.64
1 0 4 2 9 7 2 602 605 30 143 13.7
4 1 0 0 0 0 2 601 603 19 196 8.44
9 0 8 7 1 10 1 602 23 173 7.7
5 0 4 6 1 10 1 604 32 176 9.47
6 0 8 5 3 6 1 605 23 149 8.97
4 0 3 6 5 10 1 607 37 170 14.41
6 0 6 9 3 9 1 607 31 219 8.7
2 0 2 8 6 5 1 607 34 152 8.61
1 0 0 0 0 0 0 41 226 12.16
119.13 111.96 110.07 105.47 108.85 121.02 139.61 163.0 147.64 107.97 85.5 62.58 21.68 50.54 72.41 86.29 104.29 144.34 170.0 173.67 147.64 119.96 118.77 117.53 130.55 114.53 108.49 109.3 95.71 100.37 133.31 167.75 141.95 115.85 97.28 24.87 36.75 29.72 70.91 79.13 101.38 142.36 169.41 156.59 125.55 104.29 107.28 100.01 78.64 76.16 91.23 86.02 71.84 81.25 108.18 155.0 107.19 73.19 17.91 10.31 5.42 0.78 5.04 68.05 87.86 129.89 135.0 139.41 114.96 98.02 104.22 90.64 78.59 79.99 85.01 85.01 91.77 87.0 135.0 152.32 108.5 80.01 59.91 5.02 0.7 0.32 13.16 72.12 118.8 145.0 153.93 136.74 117.64 101.77 94.57 84.76 87.42 88.14 90.97 91.69 100.57 117.57 146.26 149.54 123.13 83.13 65.48 31.81 12.79 8.03 37.6 92.58 130.5 159.26 216.63 180.77 150.79 135.56 121.41 113.04 125.69 115.29 119.78 118.39 120.23 122.85 129.31 121.4 98.04 72.54 18.05 2.14 0.12 -0.05 0.07 57.7 104.01 149.25 176.09 136.59 111.41 101.02 95.6 97.78 95.38 96.06 96.13 99.31 101.65 104.63 103.48 94.89 66.39 29.27 10.1 0.85 -0.91 -1.25 0.39 17.39 92.3 128.3 135.73 135.49 128.82 121.74 113.06 107.14 97.27 95.59 96.7 96.87 95.85 107.83 149.64 159.75 133.83 98.92 82.86 76.9 76.02 77.32 84.34 98.64 129.32 147.74 176.19 160.0 141.99 127.36 107.24 98.25 105.01 102.47 100.09 101.02 103.45 111.75 146.9 151.76 146.05 127.22 102.0 97.75 96.84 99.04 103.19 113.96 135.39 169.2 201.75 180.05 149.11 133.5 121.9 107.34 101.86 100.33 97.93 97.38 102.47 111.47 142.89 159.18 147.42 125.0 101.42 99.6 98.06 99.65 101.62 118.14 140.0 154.74 194.78 179.35 148.15 132.2 120.0 109.91 108.13 99.46 93.88 92.48 96.34 105.97 133.09 160.65 160.0 150.0 126.4 113.26 111.86 108.18 109.09 110.18 121.78 142.65 166.05 173.47 149.0 135.69 118.45 108.91 109.09 106.0 105.9 103.83 105.3 114.06 143.14 155.32 156.96 133.7 113.62 108.36 106.01 106.01 108.1 109.92 125.85 145.35 154.7 151.13 130.01 111.39 114.0 105.17 112.15 103.14 96.0 89.9 86.9 90.55 97.01 99.42 99.53 87.37 71.14 60.17 57.02 48.0 54.51 71.59 84.65 128.13 139.58 132.96 121.46 108.5 105.02 95.25 90.01 85.79 79.62 78.18 78.6 80.51 85.14 82.07 77.95 77.14 36.86 17.75 9.61 7.22 13.62 31.0 71.48 118.11 131.69 140.0 125.79 108.29 101.41 80.97 80.37 80.95 79.75 80.91 85.85 103.3 135.18 152.87 135.96 107.38 90.62 87.9 64.65 36.35 50.21 70.56 100.22 146.43 176.5 170.0 141.5 119.19 108.11 93.5 92.2 89.99 92.64 89.77 96.35 112.01 140.16 136.68 106.52 74.26 32.93 2.24 3.38 4.28 8.44 63.68 98.36 143.47 171.92 167.11 143.45 123.77 117.17 103.62 108.77 105.01 103.52 102.61 107.33 124.46 160.27 148.08 108.95 45.9 34.23 2.48 1.42 2.18 5.6 66.88 112.16 156.99 250.73 220.41 176.68 141.18 126.84 112.23 119.77 104.88 101.26 102.34 106.05 122.29 148.32 142.04 100.27 79.23 38.56 3.42 0.43 0.65 16.83 80.13 121.72 157.59 278.23 250.3 161.79 138.78 128.17 120.61 127.07 117.53 114.42 108.26 112.54 131.38 162.72 148.8 111.39 74.75 43.62 7.37 1.26 0.09 3.73 64.19 122.15 137.1 150.0 190.0 177.0 100.0 100.0 95.0 90.0 94.1 94.1 99.93 100.0 103.15 90.0 69.75 43.24 33.7 13.24 11.81 17.64 27.61 42.51 70.0 75.8 118.97 159.8 157.46 147.1 84.14 77.04 65.04 32.68 35.14 43.85 42.35 42.39 42.14 44.71 36.24 27.91 23.25 13.78 9.6 13.49 5.01 11.46 42.78 86.51 126.61 142.0 143.02 141.47 130.65 126.32 114.24 111.25 107.14 101.8 98.77 101.77 119.72 141.87 164.45 162.19 135.43 111.32 108.5 102.79 104.17 111.1 119.7 132.69 155.06 213.73 193.29 161.93 138.95 125.58 115.16 102.54 102.02 100.38 103.72 103.19 108.48 137.76 142.87 138.87 114.85 109.0 103.71 93.5 94.53 100.01 100.01 110.8 143.56 174.98 172.26 148.6 122.35 116.87 102.05 101.02 98.25 97.78 97.52 96.03 101.06 129.4 142.88 137.46 111.86 100.0 96.64 94.94 84.72 93.5 99.43 111.16 136.34 163.91 169.94 154.77 130.25 121.35 109.11 104.93 99.04 97.8 98.85 97.43 105.11 130.6 140.15 123.5 89.92 78.92 45.58 32.04 14.8 46.3 77.86 96.71 130.06 160.0 171.79 141.87 124.68 113.35 100.96 90.74 79.4 79.02 79.38 79.93 106.94 129.4 122.2 102.08 77.75 60.6 34.0 35.37 40.32 62.46 75.98 105.0 132.77 166.87 166.38 149.33 126.25 118.04 110.0 115.44 105.36 97.93 97.71 97.75 93.74 99.2 99.81 96.13 80.27 101.5 98.68 95.42 51.42 50.38 68.42 76.25 102.14 148.13 154.14 127.06 101.09 83.21 68.77 46.26 15.89 15.89 5.09 1.2 0.09 0.89 0.95 1.39 0.08 -2.47 -8.16 -17.1 -24.5 -24.94 -12.61 -4.04 5.14 65.07 93.23 95.13 85.69 81.97 57.17 71.58 64.89 65.26 68.65 70.9 94.42 125.84 169.5 176.15 135.51 112.24 102.19 90.43 84.31 75.01 72.83 80.68 106.15 136.55 193.78 177.12 135.68 115.62 102.34 102.04 95.83 93.8 94.79 92.6 102.04 131.25 178.53 159.37 109.28 87.69 73.78 61.16 25.46 28.64 41.86 77.51 87.79 126.85 161.74 140.4 113.1 96.67 80.29 69.27 68.67 68.58 70.01 71.02 84.43 117.5 152.77 125.47 85.45 61.22 39.44 31.11 19.09 17.03 28.63 68.17 68.49 105.0 141.27 127.01 103.68 85.81 73.64 68.47 69.66 68.55 70.4 73.84 95.81 134.77 165.0 133.3 79.11 41.0 0.19 -0.95 -7.15 -5.04 1.15 25.91 79.02 141.28 184.01 174.44 139.91 114.52 105.62 110.0 104.92 105.1 105.33 108.46 114.3 154.79 182.25 140.78 96.23 65.17 7.82 0.0 -1.13 -1.07 -0.05 31.05 79.84 128.71 172.61 159.72 120.3 103.31 96.97 109.19 102.92 99.91 100.48 99.46 98.29 103.63 107.23 100.41 57.45 0.66 -0.85 -21.04 -47.34 -49.39 -29.98 -3.31 5.16 72.68 95.83 89.0 78.93 78.99 68.75 70.45 61.66 63.51 69.45 71.21 78.88 78.18 79.73 42.41 0.1 -2.02 -27.76 -60.4 -104.76 -109.67 -66.68 -17.81 11.14 118.37 136.1 135.48 123.12 113.13 101.14 88.35 86.84 83.37 85.41 87.18 100.46 132.06 176.44 144.5 108.02 84.23 64.57 27.99 23.89 30.0 65.29 83.54 105.14 131.7 173.84 164.32 137.8 116.32 102.52 94.89 88.85 90.16 91.48 93.25 108.74 146.31 180.55 136.77 91.31 81.16 81.04 50.08 47.9 59.1 65.55 78.47 92.0 115.0 173.66 174.75 140.84 122.64 107.28 108.64 99.74 97.29 97.64 98.63 114.12 158.07 175.56 131.56 100.44 84.16 66.16 15.48 11.03 26.56 48.59 72.36 89.44 102.39 125.0 130.89 105.0 98.55 100.49 94.84 92.22 91.47 90.69 93.35 101.32 137.63 174.11 136.88 103.38 87.12 68.25 39.09 2.49 0.08 2.22 64.43 72.67 105.23 153.82 157.98 101.14 85.74 83.58 74.31 70.36 64.32 64.99 67.44 88.93 114.0 111.57 90.0 61.39 13.78 0.22 -1.39 -5.06 -4.33 -0.1 15.07 65.62 115.85 140.11 161.49 135.22 123.11 108.14 109.28 105.89 102.31 99.94 100.8 100.77 105.85 101.16 96.91 68.05 20.19 0.0 -8.45 -34.11 -36.54 -14.41 -0.19 61.75 112.99 151.66 139.9 99.59 78.0 45.94 53.65 44.72 41.89 41.54 31.8 33.0 35.93 27.75 13.15 8.43 0.0 -0.02 -3.32 -18.84 -25.38 -9.93 -0.01 20.31 100.0 123.71 120.0 109.0 104.94 96.64 89.92 84.78 84.1 84.37 86.9 99.45 125.0 152.11 144.03 107.54 95.55 76.31 60.49 61.64 66.22 75.8 84.6 99.0 124.29 185.27 158.68 106.12
