608 5
1 46 40 46 46
1 0 0 0 0 0 3 1 2 3 0 135 7.93
4 0 5 2 4 9 2 7 17 1 121 12.92
6 0 9 7 10 10 3 4 5 9 1 205 9.05
2 0 5 7 6 8 1 6 1 188 12.32
7 0 6 2 2 2 3 12 13 25 7 227 6.85
2 0 4 6 5 4 2 19 24 7 158 7.62
5 0 2 5 9 9 1 30 3 160 9.15
9 0 1 6 5 9 3 8 15 20 5 172 6.92
8 0 7 10 7 3 2 10 11 14 244 10.75
1 0 2 4 7 4 1 18 7 126 12.44
8 0 2 6 8 1 1 13 22 151 8.28
10 0 1 2 1 8 3 16 21 22 22 155 7.46
10 0 4 7 1 3 1 28 14 245 9.07
7 1 0 0 0 0 1 14 30 257 11.99
10 0 3 10 9 5 1 23 37 267 7.74
4 0 3 4 10 2 2 18 27 14 141 7.36
8 1 0 0 0 0 1 18 32 207 12.18
2 0 3 9 3 7 1 25 5 126 7.25
4 0 4 10 4 9 1 28 40 198 8.3
9 0 10 8 7 8 3 21 25 27 9 168 7.8
10 1 0 0 0 0 2 23 27 14 147 7.99
8 0 4 10 4 2 1 30 32 247 10.31
9 1 0 0 0 0 1 30 32 209 7.01
9 0 8 2 10 10 1 26 47 207 12.14
2 0 6 5 6 2 1 28 9 190 6.77
1 0 8 10 2 6 1 26 18 192 7.96
8 0 2 10 6 5 1 29 56 253 9.49
9 0 8 1 8 9 1 29 24 258 9.12
3 0 9 3 6 6 1 31 44 202 7.75
4 0 9 8 2 10 1 31 64 234 9.98
2 0 5 9 5 10 1 31 41 157 13.23
1 0 0 0 0 0 0 68 280 9.33
1 0 0 0 0 0 3 33 34 35 0 202 11.94
8 0 7 9 9 5 2 36 37 1 166 10.59
9 0 3 4 8 1 3 40 53 55 1 199 11.57
7 0 1 3 10 3 3 36 40 44 1 157 9.82
6 0 1 1 10 10 3 38 41 46 9 161 13.2
9 0 10 6 10 1 2 38 40 9 179 9.13
4 0 6 2 1 4 3 39 43 47 18 137 7.82
10 1 0 0 0 0 3 42 45 48 22 176 9.75
5 0 3 9 2 2 3 49 50 56 18 186 8.53
2 0 1 2 7 9 3 54 57 58 15 241 7.5
1 1 0 0 0 0 3 50 52 53 32 207 9.18
8 1 0 0 0 0 2 45 52 22 246 9.35
5 0 7 1 2 10 3 45 47 56 8 156 8.18
1 1 0 0 0 0 3 49 50 55 32 259 8.67
9 0 10 5 2 9 3 47 51 61 15 205 7.84
10 1 0 0 0 0 1 57 24 211 11.43
6 0 5 9 9 6 3 49 51 52 32 181 13.13
5 0 4 1 7 7 1 58 38 246 10.43
1 1 0 0 0 0 2 58 59 33 256 9.96
3 0 1 7 8 6 2 53 56 38 238 10.27
4 0 1 7 8 6 2 54 55 38 157 8.6
4 0 7 7 9 10 2 54 59 41 262 10.72
7 0 9 8 9 3 1 62 45 202 10.07
3 0 5 3 3 1 2 57 61 42 214 7.21
4 0 9 9 8 7 1 60 41 244 11.71
1 0 7 8 6 7 2 59 62 45 200 12.67
6 0 8 4 4 4 3 60 61 62 43 263 8.54
5 0 9 6 2 9 1 60 46 246 7.37
1 0 9 1 3 8 1 63 51 233 12.03
3 0 6 5 3 6 1 63 49 181 12.89
7 0 3 4 1 1 1 63 52 182 12.17
1 0 0 0 0 0 0 59 280 11.3
1 0 0 0 0 0 3 65 66 67 0 170 11.36
3 0 0 0 0 3 3 73 78 79 1 140 12.06
2 0 10 0 0 0 3 70 74 79 1 172 10.58
8 0 0 7 7 0 3 68 69 93 1 186 9.14
4 0 2 0 9 6 3 77 81 82 9 135 7.8
3 0 0 0 8 0 3 71 75 78 9 172 8.65
4 0 0 5 0 0 3 72 76 80 3 169 6.84
1 0 9 0 0 0 3 72 80 83 12 206 8.88
5 0 0 0 3 0 3 77 87 88 13 187 12.84
3 0 4 0 8 0 3 77 82 83 4 142 9.21
4 0 2 0 4 4 3 76 85 86 3 204 7.0
2 0 5 3 2 2 3 83 84 89 12 203 12.47
8 0 0 10 1 0 3 78 81 93 7 159 8.02
10 0 5 9 0 9 1 85 18 174 7.51
3 0 0 4 0 5 3 82 90 94 15 146 7.64
9 0 2 3 0 0 1 86 4 145 6.91
2 0 0 0 0 3 3 81 84 85 13 178 8.2
2 0 1 0 0 0 2 87 91 15 178 9.94
7 1 0 0 0 0 2 84 89 18 149 8.5
10 0 0 0 10 0 3 88 91 94 14 210 10.16
6 0 0 0 6 1 1 87 25 233 11.33
4 1 0 0 0 0 2 89 90 28 163 10.52
9 0 0 5 3 4 3 88 93 94 13 158 12.14
10 0 6 0 0 2 1 92 31 181 7.2
8 1 0 0 0 0 1 90 24 147 12.79
3 1 0 0 0 0 1 91 32 162 12.76
2 0 3 5 1 10 1 92 32 154 9.12
5 1 0 0 0 0 1 92 35 205 7.15
9 0 8 2 0 0 1 95 41 241 13.05
8 0 10 10 10 7 1 95 22 212 9.43
4 1 0 0 0 0 1 95 24 147 9.41
1 0 0 0 0 0 0 50 205 6.96
1 0 0 0 0 0 3 97 98 99 0 151 12.26
4 0 4 8 7 10 3 101 102 104 1 219 11.08
9 0 8 3 8 10 3 103 105 108 1 212 8.46
5 0 2 9 1 8 2 100 101 1 174 8.51
9 0 3 3 9 3 3 102 104 125 6 226 7.66
7 0 8 8 5 7 2 112 123 6 144 6.74
8 0 4 8 9 1 3 109 113 114 15 180 12.42
10 0 4 1 10 10 1 120 10 227 11.49
8 0 5 7 4 10 2 106 107 15 183 10.22
9 0 8 4 8 6 2 106 107 10 160 12.26
2 1 0 0 0 0 2 111 119 23 175 9.39
8 0 6 4 8 2 1 121 23 239 7.49
6 0 3 6 2 6 1 115 10 204 11.13
6 1 0 0 0 0 2 110 111 23 239 8.37
1 1 0 0 0 0 2 116 117 29 245 7.58
1 1 0 0 0 0 3 115 116 120 29 254 11.07
9 0 2 6 7 1 3 114 116 125 13 233 8.18
10 1 0 0 0 0 3 115 117 119 23 158 8.53
7 1 0 0 0 0 1 121 23 195 10.55
7 1 0 0 0 0 1 123 33 252 8.51
2 0 9 10 8 9 2 124 126 30 244 8.67
1 0 3 7 6 4 2 118 121 33 187 10.21
2 1 0 0 0 0 1 122 34 253 13.05
9 0 5 7 9 9 2 120 123 33 239 8.77
3 0 10 3 3 7 1 122 42 232 10.85
2 1 0 0 0 0 1 122 34 168 6.98
9 0 8 5 3 1 2 124 126 45 246 10.61
10 0 3 7 3 5 1 126 42 167 10.68
8 0 4 4 9 9 1 127 54 259 10.33
5 0 4 4 8 5 1 127 22 170 10.75
5 0 5 9 2 2 1 127 54 171 11.27
1 0 0 0 0 0 0 62 178 11.2
1 0 0 0 0 0 3 129 130 131 0 200 9.68
2 0 5 8 10 6 3 133 139 144 1 173 13.43
2 0 0 10 6 7 3 135 137 138 1 153 12.36
7 0 10 10 5 0 2 132 143 1 142 11.1
5 0 8 6 5 0 1 141 8 149 12.1
9 0 3 0 8 6 3 134 136 140 3 157 8.02
9 0 0 8 5 0 3 145 148 150 12 136 7.63
3 0 3 10 6 7 2 140 146 3 151 13.09
10 0 0 3 0 4 2 137 138 12 201 9.88
10 0 6 5 0 0 3 145 149 153 22 256 7.09
6 1 0 0 0 0 3 142 155 157 22 218 12.04
3 0 5 8 2 4 3 145 149 152 3 184 7.66
7 0 10 6 0 7 2 141 149 12 226 10.58
5 1 0 0 0 0 2 148 156 19 199 11.72
8 1 0 0 0 0 1 154 28 184 9.09
1 0 3 2 0 4 1 153 8 226 12.91
7 0 2 3 0 0 3 146 151 154 3 160 10.13
3 0 2 0 9 0 1 147 32 206 7.67
3 0 2 7 9 5 2 147 156 10 185 9.98
8 0 6 2 7 6 1 157 35 241 9.04
9 1 0 0 0 0 1 152 24 177 13.16
6 0 3 1 7 0 1 158 32 256 11.49
3 1 0 0 0 0 1 154 21 216 10.46
6 0 8 7 3 8 2 152 153 10 228 7.41
7 0 4 9 1 2 2 155 157 33 192 8.16
9 0 0 3 9 0 1 155 32 163 11.56
2 0 10 1 1 5 2 156 158 36 167 8.47
7 0 5 8 2 0 1 158 41 183 9.03
1 0 5 0 0 8 1 159 38 263 11.87
7 0 0 1 10 0 1 159 43 253 7.32
6 0 0 0 7 2 1 159 48 273 13.34
1 0 0 0 0 0 0 54 196 11.83
1 0 0 0 0 0 3 161 162 163 0 161 10.12
6 0 0 9 8 7 3 169 173 176 1 130 11.09
10 0 10 1 7 0 3 165 168 178 1 239 12.58
10 0 8 2 0 6 3 164 167 168 1 228 9.09
5 0 0 7 8 0 3 166 170 176 11 210 11.87
8 1 0 0 0 0 2 172 184 11 201 10.86
3 0 6 2 0 1 2 172 182 16 189 7.17
8 0 8 7 6 6 3 169 170 171 11 182 11.32
10 0 6 8 2 5 3 174 176 180 11 161 6.95
6 0 0 7 6 3 3 174 178 180 19 199 12.05
7 0 0 2 10 10 3 175 181 182 19 250 7.73
8 1 0 0 0 0 2 173 188 19 178 7.2
5 0 8 5 10 0 3 173 174 180 19 173 10.26
2 1 0 0 0 0 2 179 183 27 162 11.12
6 1 0 0 0 0 3 177 186 188 25 155 8.6
6 1 0 0 0 0 1 183 26 220 9.83
9 1 0 0 0 0 3 179 182 188 21 218 11.48
10 0 0 6 0 6 2 179 187 31 192 11.49
4 0 3 5 3 6 3 181 184 187 25 211 8.02
6 0 3 2 4 2 1 181 41 265 12.07
10 0 5 4 3 9 1 183 25 247 8.85
7 0 6 1 5 8 2 185 190 47 229 11.18
7 1 0 0 0 0 2 184 186 30 162 11.44
9 0 7 8 3 6 3 185 186 187 35 242 12.66
3 0 1 9 10 0 1 185 37 260 10.4
6 0 1 0 0 8 1 189 54 208 9.41
5 0 1 5 10 7 2 189 190 44 197 8.02
3 0 0 1 10 5 2 189 190 44 255 12.19
10 0 9 9 0 1 1 191 31 193 8.14
3 0 5 5 7 0 1 191 60 202 9.2
10 0 0 0 0 5 1 191 54 199 12.12
1 0 0 0 0 0 0 64 213 7.84
1 0 0 0 0 0 3 193 194 195 0 179 12.61
9 0 8 4 0 4 3 198 209 212 1 207 10.24
7 0 7 4 4 0 3 196 200 203 1 205 9.42
8 0 0 6 0 4 3 197 199 220 1 182 12.87
9 0 0 0 4 0 3 202 206 207 8 158 12.79
3 0 3 8 0 1 3 201 207 209 9 202 8.79
6 0 3 0 0 0 3 201 202 203 10 132 13.3
6 0 6 0 0 1 3 205 209 213 9 169 13.05
7 0 0 1 0 0 3 201 210 215 8 155 7.49
3 0 0 0 8 0 3 205 213 214 16 233 11.2
6 0 9 6 6 0 3 205 215 216 17 182 10.12
4 0 0 0 0 9 3 204 208 210 16 208 8.89
10 0 0 10 5 9 3 207 211 215 20 233 7.58
4 1 0 0 0 0 2 208 211 23 184 12.16
9 0 0 0 1 0 3 208 212 217 17 188 10.77
6 1 0 0 0 0 3 213 218 221 30 246 10.33
2 0 1 0 0 0 1 218 27 198 9.92
1 0 0 1 1 0 3 210 214 222 15 136 7.14
8 0 0 1 0 0 1 216 20 157 10.72
7 0 7 9 0 0 1 217 30 189 9.67
9 1 0 0 0 0 3 214 219 220 26 155 7.1
1 0 0 3 6 0 1 219 36 250 10.43
6 0 7 8 6 0 1 216 35 160 10.43
1 1 0 0 0 0 2 217 220 30 248 8.64
8 0 0 10 0 4 1 221 41 257 7.06
1 0 8 0 0 0 2 218 221 37 175 9.23
5 0 4 0 0 9 1 219 38 197 7.74
1 0 0 5 0 1 1 222 43 160 10.44
5 1 0 0 0 0 1 223 35 184 12.37
5 0 10 4 0 0 1 223 49 186 6.94
9 0 9 4 9 0 1 223 44 184 12.27
1 0 0 0 0 0 0 54 168 7.47
1 0 0 0 0 0 3 225 226 227 0 120 8.9
4 0 4 0 0 0 3 229 234 236 1 146 7.3
7 0 8 0 0 0 3 228 230 239 1 225 10.15
8 0 10 0 0 0 3 228 232 236 1 199 13.0
5 0 0 0 0 8 3 235 237 244 9 147 11.53
7 0 0 0 6 0 3 233 240 249 5 145 7.05
5 0 0 0 0 1 3 231 236 246 8 221 13.4
1 0 0 5 0 0 3 235 238 253 13 153 10.8
1 0 0 0 0 1 3 237 239 242 9 167 12.66
4 0 0 0 2 0 3 237 239 247 12 211 11.58
10 0 2 0 0 0 3 235 249 250 5 238 7.23
2 0 0 0 10 0 2 240 243 15 178 12.01
8 0 3 0 0 0 3 238 240 247 13 239 13.22
7 0 0 10 0 0 3 238 241 248 16 157 9.06
1 1 0 0 0 0 2 245 252 23 203 8.86
5 0 0 0 1 0 3 246 248 252 16 214 7.04
2 0 0 0 6 0 1 245 21 203 7.96
3 0 0 0 7 0 1 243 23 231 12.94
1 0 3 0 0 0 3 244 248 249 10 211 11.58
1 0 0 0 5 0 1 252 26 225 12.38
7 0 0 0 3 0 3 245 246 247 14 222 11.88
4 0 10 0 0 0 1 254 24 219 11.75
7 0 7 0 0 0 2 251 254 21 168 11.09
8 1 0 0 0 0 2 250 251 21 219 8.04
7 1 0 0 0 0 2 250 253 23 203 7.99
4 1 0 0 0 0 1 251 15 169 8.2
7 0 6 0 0 0 1 254 30 173 12.39
4 0 0 8 0 0 1 253 29 189 11.85
5 0 0 5 0 0 1 255 27 158 9.83
7 0 2 0 0 0 1 255 33 255 11.89
7 0 0 0 6 0 1 255 37 264 9.74
1 0 0 0 0 0 0 44 255 11.1
1 0 0 0 0 0 3 257 258 259 0 187 8.62
9 0 1 0 2 0 2 263 282 1 171 12.5
7 0 4 0 0 5 3 260 261 262 1 158 11.09
1 0 1 3 0 0 3 264 267 274 1 227 11.74
8 0 5 2 0 8 3 263 264 278 8 204 7.5
10 0 3 0 0 0 2 266 275 8 238 9.15
8 0 4 0 3 7 2 275 280 8 224 12.69
3 0 0 3 8 0 3 265 269 276 16 248 9.62
7 0 0 1 0 10 2 265 276 16 206 11.9
4 0 8 0 5 0 3 268 270 283 23 167 10.11
1 0 0 7 0 6 3 267 270 272 18 176 6.93
6 1 0 0 0 0 1 279 19 236 8.27
7 1 0 0 0 0 2 271 273 27 160 10.2
3 1 0 0 0 0 3 271 284 285 19 158 8.3
1 1 0 0 0 0 1 271 27 147 9.23
2 1 0 0 0 0 1 286 34 200 8.24
1 0 0 0 1 9 1 277 19 245 13.14
6 0 0 7 4 6 1 285 34 230 8.62
6 0 0 0 0 2 3 275 280 281 2 176 12.49
4 0 0 10 0 0 2 283 284 18 213 7.74
10 1 0 0 0 0 1 285 23 216 11.15
2 1 0 0 0 0 2 278 279 20 186 12.27
9 1 0 0 0 0 1 286 22 203 7.81
3 1 0 0 0 0 3 280 281 284 25 180 8.27
2 0 3 0 0 3 1 282 28 238 12.46
3 0 5 0 9 0 1 282 28 186 8.53
10 0 0 0 0 2 1 283 31 206 7.39
3 0 0 5 10 0 1 286 41 221 8.6
5 1 0 0 0 0 1 287 28 220 10.52
8 0 0 8 0 0 1 287 40 177 11.42
10 0 0 9 0 1 1 287 44 177 7.87
1 0 0 0 0 0 0 54 218 7.93
1 0 0 0 0 0 3 289 290 291 0 137 9.29
7 0 6 0 0 0 3 293 295 296 1 165 12.31
10 0 0 8 0 0 3 294 298 305 1 235 12.66
2 0 4 0 0 0 3 292 294 295 1 165 9.83
3 0 5 0 0 0 3 308 309 311 3 128 8.76
2 0 6 0 0 0 2 294 297 8 182 13.36
1 0 0 0 0 10 2 299 301 11 235 13.13
3 0 0 9 0 0 3 300 302 307 8 188 9.5
5 0 9 0 0 0 3 297 299 301 8 149 8.91
10 0 0 0 1 0 3 302 303 307 13 217 10.01
9 0 0 0 0 3 2 301 311 11 140 7.92
9 0 0 5 0 0 3 303 308 312 13 226 13.38
3 0 0 0 2 0 3 304 306 308 11 230 11.81
5 0 0 0 0 10 2 316 317 20 212 10.47
1 0 0 0 0 8 1 304 23 172 11.02
6 1 0 0 0 0 2 306 315 23 223 9.33
6 1 0 0 0 0 3 305 311 315 24 200 11.76
9 0 0 0 0 9 3 309 310 312 30 215 12.64
5 0 0 7 0 0 2 310 314 29 234 12.96
2 1 0 0 0 0 3 309 313 317 23 187 10.63
9 1 0 0 0 0 3 310 313 315 22 160 8.77
3 0 1 0 0 0 2 314 318 39 173 9.67
5 0 0 0 4 0 1 317 39 165 11.27
8 1 0 0 0 0 2 312 313 30 253 8.56
2 0 0 0 6 0 1 316 39 244 12.81
3 0 9 0 0 0 2 314 318 38 233 10.68
10 0 0 0 10 0 1 316 42 225 11.85
2 1 0 0 0 0 1 318 31 201 8.84
8 0 0 0 0 5 1 319 52 229 11.88
1 0 0 0 3 0 1 319 44 187 7.28
9 0 0 0 0 6 1 319 42 178 9.19
1 0 0 0 0 0 0 60 174 7.24
1 0 0 0 0 0 3 321 322 323 0 126 9.97
10 0 5 3 6 9 3 331 337 341 1 137 11.24
2 0 0 1 0 8 3 324 327 328 1 138 9.74
10 0 2 0 6 6 3 325 330 338 1 204 8.16
9 0 6 7 6 3 3 326 333 342 3 138 12.47
9 0 4 0 0 0 3 329 331 337 11 153 11.48
9 0 3 5 10 0 3 329 332 334 12 227 12.92
9 0 9 8 10 7 3 335 339 342 3 131 12.4
4 0 0 10 8 1 3 332 333 344 3 179 7.7
6 1 0 0 0 0 3 335 336 348 21 162 10.77
1 0 5 4 6 3 3 336 342 347 11 231 7.39
1 1 0 0 0 0 2 340 344 20 191 11.96
10 1 0 0 0 0 3 336 338 339 21 241 9.25
5 1 0 0 0 0 2 335 340 12 237 12.7
5 1 0 0 0 0 3 337 338 341 21 244 12.5
1 0 0 4 1 5 2 343 345 27 182 8.62
4 0 2 9 0 10 1 345 31 159 7.43
1 0 9 0 5 1 2 344 346 26 144 8.09
6 0 1 0 5 0 3 346 347 349 31 181 6.73
10 0 0 8 9 4 2 340 341 31 159 6.99
2 0 7 8 5 0 1 350 41 159 10.32
5 0 0 8 8 10 1 343 41 171 8.94
8 1 0 0 0 0 3 343 345 348 12 237 9.36
10 0 6 5 2 6 1 349 46 240 11.77
10 0 0 2 4 0 3 347 348 349 27 192 10.47
5 0 6 0 0 6 1 346 35 170 9.04
3 0 9 10 7 0 1 350 40 159 8.31
4 0 2 2 0 0 1 350 37 216 9.65
8 0 5 4 10 0 1 351 37 268 10.53
4 0 3 8 5 0 1 351 56 249 8.14
8 0 2 5 6 8 1 351 43 163 8.46
1 0 0 0 0 0 0 60 257 8.15
1 0 0 0 0 0 3 353 354 355 0 182 11.41
5 0 9 4 7 4 1 378 1 182 12.51
3 0 3 6 7 2 3 361 364 375 1 163 10.81
6 0 7 1 8 10 3 356 360 380 1 176 12.21
4 0 6 2 7 1 3 357 358 374 7 128 12.91
7 0 9 6 3 5 2 359 367 11 231 12.22
2 0 8 9 5 8 2 362 382 11 144 8.67
3 1 0 0 0 0 1 365 18 141 9.39
8 0 10 8 2 9 3 363 369 370 7 166 9.12
2 0 4 8 9 10 2 366 367 4 130 9.59
4 0 9 4 1 5 1 371 13 185 13.07
4 1 0 0 0 0 1 373 15 183 12.38
3 0 3 4 2 9 1 378 4 197 7.71
3 0 7 1 8 1 2 371 376 21 195 10.68
7 0 3 9 2 7 1 376 6 221 12.98
4 0 6 3 3 2 2 368 372 18 234 10.18
5 1 0 0 0 0 1 379 22 242 10.21
5 1 0 0 0 0 1 376 15 238 12.86
3 1 0 0 0 0 1 372 15 171 7.85
8 0 9 2 7 3 2 375 378 24 253 8.84
7 1 0 0 0 0 1 379 22 180 8.33
4 0 10 8 1 3 1 377 19 150 11.04
2 1 0 0 0 0 2 375 382 11 206 7.44
10 0 2 3 10 9 1 381 32 203 7.04
8 0 4 9 3 8 1 377 24 156 9.02
6 0 7 6 7 2 1 382 32 247 11.36
4 0 1 8 9 7 1 381 32 244 8.73
8 0 4 4 5 4 1 381 29 186 8.02
1 0 2 4 10 6 1 383 7 228 6.85
4 0 7 8 9 9 1 383 42 173 9.23
4 0 9 1 4 8 1 383 38 259 7.44
1 0 0 0 0 0 0 46 204 6.84
1 0 0 0 0 0 3 385 386 387 0 208 9.43
7 0 4 6 10 3 3 388 394 398 1 198 13.23
9 0 5 8 1 4 1 400 1 215 6.73
9 0 1 1 1 2 3 391 395 397 1 175 8.57
6 0 9 3 5 1 3 389 390 392 8 134 8.09
1 0 3 7 1 6 1 395 14 168 12.22
3 0 10 4 10 10 2 396 403 14 154 7.99
3 0 6 2 3 6 1 405 10 181 8.94
2 0 3 4 6 10 1 393 14 213 8.93
2 0 6 2 1 10 1 402 16 184 12.74
10 0 6 7 8 5 2 395 401 8 235 9.27
5 1 0 0 0 0 1 413 18 190 10.48
5 0 8 4 9 7 2 399 407 17 185 12.32
4 0 5 3 3 7 1 402 10 171 8.43
7 0 4 6 1 5 2 404 408 8 244 11.87
1 1 0 0 0 0 1 406 22 232 9.7
5 0 6 4 9 10 1 410 10 237 8.49
3 1 0 0 0 0 1 402 18 243 6.98
6 0 6 4 9 2 1 412 21 141 9.68
2 0 8 4 10 4 2 407 413 17 205 10.98
10 0 7 6 1 10 2 405 407 15 234 9.51
8 0 3 5 10 7 2 406 409 25 201 8.02
7 0 1 1 10 3 1 411 33 189 10.7
4 1 0 0 0 0 1 409 25 231 8.82
7 0 10 6 3 4 1 411 15 150 12.18
1 1 0 0 0 0 1 412 33 256 7.51
4 0 1 5 5 3 3 411 412 414 15 133 7.93
5 0 5 4 2 1 1 413 40 258 12.34
6 0 2 3 8 3 1 415 34 181 12.46
7 0 1 6 4 5 1 415 45 171 12.08
4 1 0 0 0 0 1 415 19 171 11.84
1 0 0 0 0 0 0 52 239 10.96
1 0 0 0 0 0 3 417 418 419 0 122 10.75
2 0 3 5 1 1 2 421 443 1 173 10.46
8 0 7 2 10 6 3 423 425 426 1 192 12.4
2 0 8 1 5 2 2 420 427 1 163 9.31
1 0 5 9 9 2 1 431 3 149 11.6
10 0 9 6 1 8 2 422 434 3 170 7.51
7 0 1 7 5 9 1 424 13 185 10.1
7 1 0 0 0 0 1 439 9 200 11.24
7 0 6 3 6 7 2 428 437 20 249 7.25
7 0 5 1 6 3 3 429 432 433 9 217 6.87
4 1 0 0 0 0 1 435 9 185 9.02
6 0 6 7 10 6 3 430 435 436 3 180 7.01
4 0 10 9 2 10 1 440 27 231 7.96
1 1 0 0 0 0 1 444 16 173 6.78
7 0 3 7 9 4 2 432 437 9 148 9.32
10 1 0 0 0 0 1 437 4 154 9.1
2 0 8 1 8 1 2 441 446 16 245 10.0
8 0 5 5 3 9 2 444 445 16 171 9.53
1 0 5 9 8 3 2 438 441 13 201 10.84
5 1 0 0 0 0 1 442 13 165 12.3
5 0 8 4 10 8 2 438 439 9 209 11.52
2 0 7 9 1 3 1 440 27 225 12.03
3 1 0 0 0 0 1 445 14 244 11.5
9 0 5 2 6 5 1 445 16 214 13.31
10 0 4 7 1 7 1 446 31 239 13.13
10 0 1 5 1 6 1 442 18 216 11.1
7 0 7 6 7 10 1 444 28 175 11.7
1 0 5 6 5 6 1 446 3 193 7.6
4 0 1 7 3 4 1 447 35 213 13.39
7 0 8 6 5 10 1 447 25 225 8.74
3 0 6 1 5 9 1 447 41 191 8.31
1 0 0 0 0 0 0 44 210 11.64
1 0 0 0 0 0 3 449 450 451 0 190 7.11
10 0 2 0 0 0 3 464 467 468 1 172 10.64
3 0 8 0 0 0 3 456 457 460 1 215 11.57
1 0 0 5 0 0 3 452 455 459 1 149 7.14
1 0 0 0 6 0 3 453 454 461 2 211 8.63
7 0 5 0 0 0 2 458 466 3 213 12.96
10 0 0 6 0 0 2 457 475 3 242 8.68
4 0 0 0 6 0 3 456 465 472 2 233 12.45
7 0 0 3 0 0 3 463 464 467 6 129 13.04
2 0 0 0 0 3 2 458 472 13 146 10.87
4 1 0 0 0 0 2 462 470 15 179 12.61
2 0 0 5 0 0 1 471 2 143 10.13
1 0 0 3 0 0 3 465 471 473 4 140 7.99
4 0 0 0 8 0 3 462 463 478 3 141 11.74
7 0 0 0 7 0 2 473 476 19 145 11.74
9 0 2 0 0 0 1 476 13 212 12.85
10 0 1 0 0 0 1 469 13 162 11.41
8 0 0 7 0 0 1 466 6 234 10.52
5 1 0 0 0 0 1 474 14 146 8.01
10 0 0 5 0 0 1 470 13 221 11.46
9 1 0 0 0 0 1 472 11 249 10.4
2 0 0 0 0 2 3 470 475 476 23 231 9.59
3 0 0 8 0 0 2 471 473 25 165 11.31
6 0 0 0 0 9 1 477 28 258 7.51
9 0 5 0 0 0 1 478 20 167 9.46
2 0 0 0 0 9 1 477 28 185 11.37
9 0 4 0 0 0 2 475 477 19 229 8.92
4 0 0 10 0 0 1 478 28 162 12.46
7 0 0 0 0 10 1 479 26 192 10.12
2 0 0 0 0 4 1 479 34 183 11.43
1 0 0 0 6 0 1 479 32 174 13.22
1 0 0 0 0 0 0 36 222 11.34
1 0 0 0 0 0 3 481 482 483 0 142 11.29
7 0 0 0 0 10 1 487 1 208 12.25
8 0 9 0 0 0 3 489 491 503 1 232 11.51
8 0 0 7 0 0 3 484 485 494 1 173 12.71
7 0 0 0 9 0 3 486 490 505 9 161 8.53
6 0 0 0 0 1 3 488 497 503 9 160 12.33
7 0 0 0 0 2 1 496 16 240 12.8
8 0 0 0 7 0 2 488 500 8 172 11.05
7 0 0 2 0 0 3 499 502 507 16 239 10.78
10 0 0 0 2 0 2 493 495 9 155 7.63
5 0 0 0 0 1 3 492 493 504 16 194 11.46
3 0 0 0 6 0 3 492 504 505 9 188 12.67
3 1 0 0 0 0 1 508 21 213 10.76
1 1 0 0 0 0 1 507 21 238 12.39
1 0 0 0 7 0 2 497 498 9 133 11.58
5 0 0 0 0 9 3 496 499 505 19 239 7.62
9 1 0 0 0 0 3 497 498 506 24 153 9.99
5 0 0 0 0 7 2 500 502 33 164 10.09
1 1 0 0 0 0 2 502 510 33 161 13.27
3 1 0 0 0 0 1 509 24 177 12.39
9 0 0 0 3 0 1 501 38 261 10.61
5 0 0 0 10 0 1 508 47 166 7.12
6 0 0 0 7 0 1 508 38 253 12.67
8 0 0 0 8 0 2 504 506 15 156 10.55
10 0 0 0 6 0 1 510 23 203 7.19
3 0 6 0 0 0 2 507 509 24 251 7.96
8 0 0 0 9 0 1 509 33 207 10.43
8 1 0 0 0 0 1 510 27 186 10.65
6 0 8 0 0 0 1 511 52 182 12.1
9 0 0 10 0 0 1 511 41 221 7.96
6 0 0 0 7 0 1 511 35 153 13.27
1 0 0 0 0 0 0 58 265 8.96
1 0 0 0 0 0 3 513 514 515 0 209 12.99
8 0 6 0 0 0 3 518 530 537 1 142 8.71
7 0 10 0 4 6 3 516 520 538 1 236 8.45
3 0 8 0 0 8 2 521 528 1 221 7.04
7 0 0 10 5 3 3 517 519 534 8 150 8.16
3 1 0 0 0 0 2 529 531 15 173 12.6
9 0 0 0 0 4 1 532 9 207 12.83
3 1 0 0 0 0 1 523 15 162 9.52
9 0 0 6 0 0 1 524 8 182 11.22
4 0 0 10 8 10 3 522 525 527 4 235 10.93
3 0 7 0 0 8 2 533 537 8 241 11.28
9 1 0 0 0 0 1 535 18 176 12.81
4 1 0 0 0 0 1 526 17 136 10.15
10 0 5 9 0 5 2 532 535 8 158 9.44
7 1 0 0 0 0 1 535 21 169 10.82
2 0 0 5 0 7 1 541 8 125 8.8
8 0 10 0 1 7 1 540 4 235 12.69
6 0 7 0 0 0 2 533 539 18 239 7.7
1 1 0 0 0 0 1 532 9 189 7.87
9 1 0 0 0 0 2 541 542 18 242 9.01
2 0 0 8 4 8 1 533 18 186 11.87
6 0 0 8 5 8 2 536 540 24 150 7.13
3 1 0 0 0 0 1 539 15 247 10.35
4 0 0 6 0 0 1 536 28 183 12.89
10 0 0 0 0 5 1 542 32 218 9.51
7 0 6 0 8 0 1 542 11 205 11.89
1 0 8 0 3 4 1 541 8 171 7.41
1 1 0 0 0 0 1 540 24 251 10.14
9 0 0 0 6 0 1 543 30 192 10.24
4 0 10 10 0 4 1 543 27 197 11.85
1 0 0 0 0 7 1 543 42 242 11.24
1 0 0 0 0 0 0 43 232 11.91
1 0 0 0 0 0 3 545 546 547 0 179 9.26
2 0 6 8 6 9 3 548 550 551 1 137 13.25
4 0 9 9 10 8 3 557 558 564 1 217 9.38
3 0 9 4 8 8 3 556 558 568 1 214 11.44
9 0 6 7 3 8 3 549 554 560 3 208 11.97
6 0 4 5 7 8 3 555 556 563 12 215 10.87
6 0 1 8 1 2 3 552 554 558 3 222 11.18
3 0 5 8 2 9 3 552 553 560 3 205 12.86
5 0 2 8 7 5 2 565 568 9 153 9.29
10 0 8 9 10 4 1 559 6 172 12.65
6 0 5 10 4 5 3 555 566 568 12 223 12.1
4 1 0 0 0 0 2 561 571 18 145 8.59
4 1 0 0 0 0 2 559 562 18 184 6.97
1 0 3 3 4 2 3 561 563 565 5 157 10.69
2 0 4 2 9 1 3 562 563 565 9 156 7.93
9 0 3 10 8 4 3 564 566 574 22 154 11.74
5 0 7 9 10 8 3 562 564 572 12 160 11.53
3 0 10 6 1 6 2 567 570 22 220 8.33
8 0 1 8 3 6 3 569 570 573 22 181 11.47
8 1 0 0 0 0 2 566 567 18 185 9.17
7 0 2 5 5 10 1 573 31 247 9.68
9 0 9 9 9 9 2 567 570 14 241 7.7
4 0 1 9 4 1 1 571 31 209 11.34
5 0 9 1 5 7 2 569 572 26 228 8.78
2 0 2 3 6 10 3 569 571 572 18 137 8.87
1 0 4 9 2 1 1 574 31 242 8.97
6 0 6 4 4 2 1 574 30 200 12.91
9 0 3 5 1 2 1 573 35 163 12.55
2 0 3 8 10 8 1 575 31 227 8.41
2 0 1 2 1 1 1 575 44 162 9.32
6 0 2 7 9 2 1 575 36 156 10.87
1 0 0 0 0 0 0 46 253 8.61
1 0 0 0 0 0 3 577 578 579 0 216 10.79
8 0 0 6 0 0 1 582 1 164 9.74
9 0 2 4 8 0 3 580 584 589 1 227 8.57
2 0 0 5 0 0 3 581 583 586 1 163 10.59
5 0 7 0 0 0 2 585 590 10 152 8.86
8 0 4 9 0 0 3 587 597 600 3 209 9.53
2 0 0 6 0 1 3 589 595 597 9 188 6.87
6 0 0 3 5 2 1 592 3 153 10.5
1 0 4 0 0 9 3 588 598 599 10 203 8.45
3 0 0 10 0 0 2 594 595 15 183 12.12
6 0 2 0 9 10 2 599 601 3 126 9.48
7 1 0 0 0 0 1 593 11 204 7.07
8 0 4 8 9 6 1 604 11 153 7.74
8 0 0 5 2 0 1 591 11 238 11.84
7 0 6 8 5 0 3 591 597 598 15 239 7.95
5 1 0 0 0 0 2 599 600 22 216 13.39
7 0 0 10 0 0 3 594 596 600 9 220 11.39
1 1 0 0 0 0 1 595 18 205 9.51
4 1 0 0 0 0 2 601 602 18 233 8.64
8 1 0 0 0 0 2 596 602 19 241 13.24
5 0 0 0 1 0 3 598 601 603 27 148 10.84
6 0 6 0 3 8 1 605 22 194 7.36
3 0 0 0 3 2 1 606 32 189 12.2
5 1 0 0 0 0 1 602 27 239 7.87
6 0 4 0 1 0 1 603 27 213 8.56
1 0 0 0 0 8 2 605 606 32 257 7.67
10 0 3 0 4 0 1 603 32 198 12.75
7 0 0 4 9 0 3 604 605 606 42 268 8.57
3 0 8 0 0 0 1 607 49 181 7.35
4 0 0 1 1 0 1 607 49 197 7.32
4 0 0 8 0 0 1 607 49 259 9.61
1 0 0 0 0 0 0 53 259 12.89
119.56 114.07 111.4 107.72 107.31 115.58 153.71 173.8 181.36 163.18 141.45 121.23 125.33 124.09 136.91 152.78 140.3 126.84 125.09 140.0 120.0 109.21 131.31 88.52 78.92 86.98 135.0 105.01 88.55 99.0 145.0 194.13 169.7 143.69 116.05 104.85 107.55 117.2 130.96 135.7 145.75 143.93 145.0 156.88 156.01 137.8 141.47 128.2 129.26 127.91 126.82 126.59 128.74 128.87 141.3 173.11 180.0 174.92 168.75 168.43 157.95 159.23 141.48 150.0 160.1 162.69 181.66 183.99 152.14 144.99 139.78 133.0 132.38 140.12 150.74 144.49 146.91 133.16 135.3 270.7 251.77 222.64 205.6 185.9 176.9 184.44 190.0 211.71 200.21 207.33 205.5 196.52 176.36 162.92 153.12 139.32 139.65 137.01 131.66 131.43 130.78 140.09 163.63 224.86 261.75 214.52 180.61 163.74 150.06 149.42 157.07 172.21 196.88 292.25 288.53 224.61 183.55 163.6 153.0 140.03 135.66 130.69 120.25 118.7 118.97 120.87 134.52 149.23 150.53 137.05 124.59 118.36 112.39 110.01 116.42 129.59 145.64 164.02 175.23 161.46 141.16 116.37 130.3 120.32 134.11 128.9 123.57 119.9 119.57 119.84 118.05 124.47 123.77 125.75 131.48 128.92 127.85 121.36 123.67 127.33 139.52 170.0 172.12 168.8 155.51 134.93 132.06 131.51 125.9 121.06 120.34 125.94 129.5 126.7 157.39 208.25 209.79 171.3 139.67 116.94 113.24 106.55 118.11 135.02 173.29 225.32 271.52 216.5 179.08 151.4 131.21 122.95 134.75 126.4 127.5 114.54 110.45 108.19 135.32 186.2 193.8 141.92 117.27 98.81 79.06 84.62 98.35 104.87 190.7 189.76 176.77 165.0 142.03 141.9 119.58 103.61 94.31 93.84 96.91 95.24 102.66 141.4 155.0 180.26 166.37 128.76 109.88 92.9 90.14 91.8 92.23 107.41 147.49 161.25 159.24 160.76 141.4 109.61 103.4 91.8 114.41 118.13 130.0 113.87 113.59 130.0 148.54 140.0 129.45 114.24 104.15 94.18 97.41 93.06 100.4 97.28 114.1 139.8 156.19 150.71 147.34 121.67 118.79 90.0 73.45 70.72 73.03 72.42 81.11 120.0 125.17 165.34 150.72 131.26 104.33 87.37 79.1 77.95 91.97 87.88 165.72 148.62 154.5 152.0 163.87 82.7 82.9 97.94 71.48 71.73 71.92 71.65 72.29 80.0 113.21 123.18 115.0 70.93 58.53 57.76 54.57 56.75 68.09 73.31 82.0 115.0 99.24 95.0 105.0 100.0 75.3 71.54 77.95 67.63 72.42 69.74 72.51 72.53 92.28 102.91 112.52 100.63 85.49 88.98 72.5 72.48 85.6 106.6 127.71 145.54 152.08 135.33 136.61 117.64 130.0 103.81 78.91 105.0 73.83 73.2 73.2 77.5 104.0 181.78 196.24 124.4 182.35 110.0 105.0 82.1 73.13 77.53 83.93 120.0 120.0 119.4 100.33 87.23 94.06 95.42 74.35 89.16 81.26 82.35 86.45 90.09 123.16 146.91 170.88 154.68 141.5 127.78 125.97 127.61 136.49 150.81 158.69 189.96 216.32 174.62 149.42 137.98 127.44 109.8 123.78 121.07 117.85 117.07 117.62 115.58 144.3 175.0 177.8 159.79 143.14 130.76 120.54 120.65 126.59 130.93 141.79 156.15 162.62 155.0 136.33 107.16 117.43 109.34 97.31 103.81 101.94 100.5 100.94 105.09 126.64 155.0 156.28 140.42 129.19 103.97 103.06 115.06 117.36 133.27 155.0 168.49 171.94 161.29 148.41 136.82 123.12 114.89 114.33 110.54 109.38 107.0 112.32 111.63 132.78 148.2 161.92 146.35 128.5 116.72 109.73 109.04 111.82 125.87 131.65 147.66 151.31 149.37 135.47 128.58 125.88 118.52 128.39 120.52 117.16 112.5 110.0 114.77 120.42 136.23 139.21 138.43 126.03 113.04 102.8 98.25 101.07 111.95 122.91 137.13 148.67 142.21 133.83 127.36 123.65 119.92 123.5 105.19 98.19 90.69 90.74 89.89 88.78 97.19 101.45 89.0 68.3 49.0 27.5 9.16 20.7 57.89 74.34 122.38 140.0 142.71 128.21 114.09 119.82 114.45 119.13 111.96 110.07 105.47 108.85 121.02 139.61 163.0 147.64 107.97 85.5 62.58 21.68 50.54 72.41 86.29 104.29 144.34 170.0 173.67 147.64 119.96 118.77 117.53 130.55 114.53 108.49 109.3 95.71 100.37 133.31 167.75 141.95 115.85 97.28 24.87 36.75 29.72 70.91 79.13 101.38 142.36 169.41 156.59 125.55 104.29 107.28 100.01 78.64 76.16 91.23 86.02 71.84 81.25 108.18 155.0 107.19 73.19 17.91 10.31 5.42 0.78 5.04 68.05 87.86 129.89 135.0 139.41 114.96 98.02 104.22 90.64 78.59 79.99 85.01 85.01 91.77 87.0 135.0 152.32 108.5 80.01 59.91 5.02 0.7 0.32 13.16 72.12 118.8 145.0 153.93 136.74 117.64 101.77 94.57 84.76 87.42 88.14 90.97 91.69 100.57 117.57 146.26 149.54 123.13 83.13 65.48 31.81 12.79 8.03 37.6 92.58 130.5 159.26 216.63 180.77 150.79 135.56 121.41 113.04 125.69 115.29 119.78 118.39 120.23 122.85 129.31 121.4 98.04 72.54 18.05 2.14 0.12 -0.05 0.07 57.7 104.01 149.25 176.09 136.59 111.41 101.02 95.6 97.78 95.38 96.06 96.13 99.31 101.65 104.63 103.48 94.89 66.39 29.27 10.1 0.85 -0.91 -1.25 0.39 17.39 92.3 128.3 135.73 135.49 128.82 121.74 113.06 107.14 97.27 95.59 96.7 96.87 95.85 107.83 149.64 159.75 133.83 98.92 82.86 76.9 76.02 77.32 84.34 98.64 129.32 147.74 176.19 160.0 141.99 127.36 107.24 98.25 105.01 102.47 100.09 101.02 103.45 111.75 146.9 151.76 146.05 127.22 102.0 97.75 96.84 99.04 103.19 113.96 135.39 169.2 201.75 180.05 149.11 133.5 121.9 107.34 101.86 100.33 97.93 97.38 102.47 111.47 142.89 159.18 147.42 125.0 101.42 99.6 98.06 99.65 101.62 118.14 140.0 154.74 194.78 179.35 148.15 132.2 120.0 109.91 108.13 99.46 93.88 92.48 96.34 105.97 133.09 160.65 160.0 150.0 126.4 113.26 111.86 108.18 109.09 110.18 121.78 142.65 166.05 173.47 149.0 135.69 118.45 108.91 109.09 106.0 105.9 103.83 105.3 114.06 143.14 155.32 156.96 133.7 113.62 108.36 106.01 106.01 108.1 109.92 125.85 145.35 154.7 151.13 130.01 111.39 114.0 105.17 112.15 103.14 96.0 89.9 86.9 90.55 97.01 99.42 99.53 87.37 71.14 60.17 57.02 48.0 54.51 71.59 84.65 128.13 139.58 132.96 121.46 108.5 105.02 95.25 90.01 85.79 79.62 78.18 78.6 80.51 85.14 82.07 77.95 77.14 36.86 17.75 9.61 7.22 13.62 31.0 71.48 118.11 131.69 140.0 125.79 108.29 101.41 80.97 80.37 80.95 79.75 80.91 85.85 103.3 135.18 152.87 135.96 107.38 90.62 87.9 64.65 36.35 50.21 70.56 100.22 146.43 176.5 170.0 141.5 119.19 108.11 93.5 92.2 89.99 92.64 89.77 96.35 112.01 140.16 136.68 106.52 74.26 32.93 2.24 3.38 4.28 8.44 63.68 98.36 143.47 171.92 167.11 143.45 123.77 117.17 103.62 108.77 105.01 103.52 102.61 107.33 124.46 160.27 148.08 108.95 45.9 34.23 2.48 1.42 2.18 5.6 66.88 112.16 156.99 250.73 220.41 176.68 141.18 126.84 112.23 119.77 104.88 101.26 102.34 106.05 122.29 148.32 142.04 100.27 79.23 38.56 3.42 0.43 0.65 16.83 80.13 121.72 157.59 278.23 250.3 161.79 138.78 128.17 120.61 127.07 117.53 114.42 108.26 112.54 131.38 162.72 148.8 111.39 74.75 43.62 7.37 1.26 0.09 3.73 64.19 122.15 137.1 150.0 190.0 177.0 100.0 100.0 95.0 90.0 94.1 94.1 99.93 100.0 103.15 90.0 69.75 43.24 33.7 13.24 11.81 17.64 27.61 42.51 70.0 75.8 118.97 159.8 157.46 147.1 84.14 77.04 65.04 32.68 35.14 43.85 42.35 42.39 42.14 44.71 36.24 27.91 23.25 13.78 9.6 13.49 5.01 11.46 42.78 86.51 126.61 142.0 143.02 141.47 130.65 126.32 114.24 111.25 107.14 101.8 98.77 101.77 119.72 141.87 164.45 162.19 135.43 111.32 108.5 102.79 104.17 111.1 119.7 132.69 155.06 213.73 193.29 161.93 138.95 125.58 115.16 102.54 102.02 100.38 103.72 103.19 108.48 137.76 142.87 138.87 114.85 109.0 103.71 93.5 94.53 100.01 100.01 110.8 143.56 174.98 172.26 148.6 122.35 116.87 102.05 101.02 98.25 97.78 97.52 96.03 101.06 129.4 142.88 137.46 111.86 100.0 96.64 94.94 84.72 93.5 99.43 111.16 136.34 163.91 169.94 154.77 130.25 121.35 109.11 104.93 99.04 97.8 98.85 97.43 105.11 130.6 140.15 123.5 89.92 78.92 45.58 32.04 14.8 46.3 77.86 96.71 130.06 160.0 171.79 141.87 124.68 113.35 100.96 90.74 79.4 79.02 79.38 79.93 106.94 129.4 122.2 102.08 77.75 60.6 34.0 35.37 40.32 62.46 75.98 105.0 132.77 166.87 166.38 149.33 126.25 118.04 110.0 115.44 105.36 97.93 97.71 97.75 93.74 99.2 99.81 96.13 80.27 101.5 98.68 95.42 51.42 50.38 68.42 76.25 102.14 148.13 154.14 127.06 101.09 83.21 68.77 46.26 15.89 15.89 5.09 1.2 0.09 0.89 0.95 1.39 0.08 -2.47 -8.16 -17.1 -24.5
