32 5
1 17 14 20 22
1 0 0 0 0 0 3 1 2 3 0 23 6.97
3 0 9 3 0 1 3 9 11 20 1 20 7.69
10 0 0 0 8 9 3 9 25 26 1 30 9.86
6 0 7 0 0 6 3 4 5 10 1 22 7.69
9 0 3 4 7 7 3 7 15 28 7 33 10.78
7 0 0 3 0 10 3 6 7 8 7 29 5.85
2 0 1 9 4 10 3 13 17 18 14 37 6.72
1 0 4 3 6 1 3 16 19 20 16 29 6.84
6 0 4 1 0 7 3 9 11 20 14 39 8.09
10 0 0 2 0 10 3 12 15 18 20 43 6.25
4 0 0 0 10 7 3 11 13 15 7 35 7.38
3 0 1 4 0 0 3 17 19 21 20 45 10.75
9 1 0 0 0 0 3 13 17 22 30 51 7.73
10 0 1 3 0 5 1 14 39 65 5.5
3 0 6 0 5 4 3 16 23 28 49 66 6.17
10 0 4 5 10 6 1 24 30 56 7.4
6 0 1 5 4 8 1 29 52 68 7.63
6 0 0 5 1 8 1 27 39 62 9.15
1 1 0 0 0 0 3 22 28 30 30 46 6.6
8 0 4 1 9 5 3 23 25 26 23 47 10.01
4 0 0 5 0 7 3 21 23 26 20 39 7.09
7 1 0 0 0 0 3 22 24 25 24 47 7.62
3 0 6 5 9 7 1 29 39 51 10.39
5 0 8 0 4 6 2 24 27 52 71 9.57
3 0 0 9 10 8 1 30 57 71 9.51
10 1 0 0 0 0 1 29 31 60 9.97
6 1 0 0 0 0 1 27 31 48 9.1
1 0 1 2 0 1 1 30 57 68 8.66
10 0 0 3 8 9 1 31 52 76 10.7
5 0 7 1 0 2 1 31 58 75 6.13
6 0 7 3 10 0 1 31 60 75 9.21
1 0 0 0 0 0 0 66 76 10.09
92.84 87.19 83.31 86.0 91.62 100.01 139.94 131.09 95.79 67.37 9.79 -0.01 -3.67 -5.9 -6.18 -1.54 2.04 72.36 104.34 152.34 196.91 129.07 106.24 96.85 91.27 87.45 82.41 79.94 80.88 91.19 107.09 113.13 94.58 67.9 5.81 0.0 -0.76 -1.9 -1.69 -0.01 14.81 77.49 101.74 139.83 178.26 130.0 109.31 98.19 95.0 90.03 88.19 88.76 92.14 96.36 115.21 120.29 95.59 72.05 7.08 0.0 -1.0 -6.21 -3.0 -0.02 19.91 79.17 102.79 132.19 176.8 127.99 108.47 99.08 98.18 92.44 91.01 91.24 91.18 84.68 83.52 76.04 58.7 0.0 -3.0 -40.1 -81.56 -128.47 -118.34 -49.99 -5.17 39.86 96.49 129.91 164.23 121.97 100.28 86.68 89.09 74.7 64.5 62.85 65.88 75.12 86.99 85.7 75.53 33.29 0.85 -0.01 -0.8 -3.0 -4.0 -0.08 0.3 68.54 100.92 119.84 151.5 121.99 107.54 97.28 98.28 93.84 92.68 92.21 91.19 91.72 92.07 87.0 70.98 13.53 0.01 -0.01 -1.16 -3.04 -2.69 -0.03 0.0 29.09
