32 5
1 11 12 12 8
1 0 0 0 0 0 3 1 2 3 0 22 4.68
5 0 3 0 0 0 3 4 7 9 1 24 8.18
9 0 0 5 3 6 1 14 1 35 8.4
2 0 0 0 4 0 2 9 13 1 20 7.82
10 0 2 0 1 0 2 5 15 6 44 6.15
10 0 4 6 4 0 1 6 16 41 6.51
1 0 0 0 0 6 3 8 10 11 26 52 8.05
9 0 6 0 4 0 2 17 22 6 42 5.11
8 1 0 0 0 0 3 17 26 28 27 50 7.18
7 0 0 0 9 7 3 25 28 29 6 38 4.87
5 0 9 0 3 0 3 12 20 25 27 54 6.38
2 1 0 0 0 0 3 18 21 24 27 47 6.96
4 0 1 0 5 1 3 16 22 27 32 50 7.0
4 0 0 4 0 0 2 14 20 3 23 5.57
1 0 9 5 0 0 2 15 18 10 33 5.1
7 0 0 9 4 1 1 16 16 46 6.65
6 1 0 0 0 0 1 21 36 55 8.41
3 1 0 0 0 0 2 19 24 35 57 5.01
8 1 0 0 0 0 3 19 22 26 29 51 8.46
5 0 0 4 0 0 1 27 38 67 8.24
9 0 0 3 0 0 2 23 30 32 54 6.17
5 1 0 0 0 0 1 23 42 61 5.47
8 0 0 4 0 0 2 23 30 37 64 5.51
9 0 4 0 5 6 2 28 29 47 68 4.67
3 0 0 0 6 0 1 25 38 55 8.42
7 0 2 0 6 1 1 27 41 67 6.88
6 0 0 0 8 0 1 29 37 67 6.53
2 0 10 6 0 0 1 30 48 63 8.3
1 0 7 0 8 0 1 31 56 78 6.17
5 0 7 10 1 4 1 31 56 77 4.57
10 0 0 9 8 0 1 31 50 78 5.11
1 0 0 0 0 0 0 61 76 5.03
19.8 21.7 20.31 12.79 25.86 39.93 81.79 109.65 108.18 105.8 99.3 98.11 91.01 98.55 106.03 119.66 133.38 141.46 128.4 119.95 104.49 88.83 80.81 65.06 51.74 39.15 31.06 24.15 25.3 39.19 65.01 89.38 90.75 87.18 82.38 77.11 77.52 91.48 102.48 95.75 102.83 109.54 108.62 104.55 98.7 87.65 81.44 77.03 70.89 68.74 68.31 69.39 68.56 79.33 102.7 111.89 100.25 86.2 73.24 71.61 71.89 77.3 88.97 119.89 143.23 150.08 136.12 128.07 115.49 98.02 93.86 87.29 77.86 72.35 70.55 66.55 59.97 67.03 97.61 100.62 97.29 76.54 60.97 66.66 62.22 64.18 68.38 76.87 86.45 111.45 109.28 109.41 97.79 95.46 104.37 88.87 105.0 97.72 93.64 84.8 78.26 90.8 120.0 120.53 111.27 85.1 77.89 76.3 78.11 86.41 109.48 130.62 162.55 175.95 122.19 110.14 101.11 96.86 88.97 68.2 72.31 67.75 59.24 76.25 81.51 63.73 83.5 95.0 37.93 35.3 18.3 15.76 21.02 31.51 69.0 115.0 77.75 95.0 84.88 86.05 81.53 78.57 81.41 78.46 84.18 75.8 73.46 72.21 77.77 78.87 84.28 77.79 79.18 82.38 79.08 79.15 78.91 86.76 95.98 114.55 120.67 131.83 129.81 116.92
