32 5
1 25 12 23 23
1 0 0 0 0 0 3 1 2 3 0 16 25.58
9 0 10 0 0 0 3 4 12 15 1 34 20.31
10 0 0 6 3 0 3 5 8 21 1 35 32.75
9 0 0 7 0 0 3 4 7 8 1 38 23.81
9 0 5 2 5 0 2 10 17 10 40 34.33
2 0 0 0 6 3 3 6 7 11 11 28 26.28
6 0 0 1 0 7 3 9 10 13 13 37 31.65
10 0 5 0 8 0 3 12 14 15 13 39 31.63
10 1 0 0 0 0 1 20 11 39 24.8
3 1 0 0 0 0 3 12 17 22 19 37 33.55
10 0 4 0 7 10 3 18 22 30 19 42 22.9
9 0 4 0 0 0 2 19 29 13 36 20.27
4 0 0 0 0 10 3 16 18 27 23 44 37.83
8 0 5 2 8 0 3 16 17 22 19 49 29.85
2 1 0 0 0 0 3 16 18 30 23 42 26.38
3 1 0 0 0 0 3 23 25 27 23 42 33.48
9 1 0 0 0 0 3 19 20 25 27 58 26.76
1 1 0 0 0 0 3 24 26 27 27 43 27.31
6 1 0 0 0 0 3 19 20 25 29 50 25.44
8 0 7 0 0 0 1 23 36 56 19.8
2 0 0 4 10 0 1 24 36 55 24.62
8 0 10 1 0 0 1 28 11 45 23.79
3 1 0 0 0 0 2 23 29 29 51 28.95
7 0 10 2 0 0 2 24 26 44 66 24.28
3 0 6 0 7 6 1 28 51 71 36.29
10 0 4 1 0 7 2 26 29 36 64 21.03
8 0 0 8 0 7 1 28 51 74 20.39
1 0 6 0 9 6 1 30 28 47 29.13
2 0 5 0 0 0 1 31 59 73 19.3
5 0 0 9 0 8 1 31 46 70 33.46
6 1 0 0 0 0 1 31 29 56 31.3
1 0 0 0 0 0 0 61 76 33.11
118.61 106.45 101.44 98.81 100.99 110.05 134.2 143.67 149.08 132.38 110.37 109.41 90.85 97.69 99.79 85.42 114.43 105.42 109.84 142.85 151.22 131.88 110.4 91.46 104.19 94.75 89.95 88.99 89.44 93.67 111.41 118.73 116.13 91.29 83.34 81.26 86.08 79.91 76.02 74.34 84.79 92.57 89.0 112.47 128.72 119.55 115.9 100.0 95.1 83.93 80.72 81.43 81.54 94.05 113.66 116.46 114.08 96.59 84.68 77.34 63.67 46.02 36.98 49.8 76.89 81.48 101.47 118.11 138.09 137.6 117.58 104.57 100.91 95.73 89.1 86.4 87.77 98.5 107.29 107.57 104.93 88.28 79.62 65.33 45.17 39.34 39.25 56.39 76.55 86.99 100.03 112.59 132.34 132.27 120.31 107.33 103.55 98.01 93.32 89.8 90.67 95.58 104.78 102.99 101.96 92.19 81.38 71.53 61.66 41.05 32.04 50.0 70.94 95.0 105.88 112.89 120.83 117.01 109.68 103.13 112.0 104.43 103.56 97.52 93.47 89.89 85.09 87.79 82.96 60.06 18.19 3.0 0.22 0.0 0.0 0.22 23.08 71.54 106.94 110.28 119.41 123.65 125.0 115.42 115.05 108.56 107.78 106.85 104.04 100.25 95.11 91.59
