32 5
1 25 26 20 19
1 0 0 0 0 0 3 1 2 3 0 28 11.41
6 0 9 9 10 8 3 7 10 11 1 23 10.11
7 0 9 1 6 0 3 5 22 23 1 30 8.65
4 0 5 0 8 4 3 4 5 9 1 25 10.22
8 0 0 6 0 1 3 6 12 14 5 35 8.69
1 0 8 9 5 4 3 24 26 28 8 32 8.49
8 0 1 10 9 0 3 8 13 18 13 34 9.65
6 0 2 3 0 10 1 25 7 25 6.25
8 0 0 4 4 2 3 16 17 21 21 42 6.12
8 0 9 0 7 3 2 10 15 5 27 11.42
1 0 9 7 7 6 1 18 13 36 11.31
1 0 2 6 10 1 3 14 16 20 7 26 7.52
6 0 9 6 0 0 3 21 27 30 13 34 10.77
6 1 0 0 0 0 1 19 21 39 7.55
5 0 9 9 0 0 1 22 13 34 7.67
3 0 4 1 3 10 3 17 20 26 13 39 9.21
7 1 0 0 0 0 1 23 29 50 11.1
4 1 0 0 0 0 1 25 29 46 10.06
5 0 7 0 10 5 2 19 20 21 46 8.48
8 1 0 0 0 0 2 23 24 27 46 11.24
7 0 0 1 4 0 2 21 30 26 49 9.33
8 0 0 8 1 1 1 22 33 54 11.45
10 0 8 9 0 4 2 25 29 41 66 10.11
5 0 0 0 2 10 1 27 36 51 11.42
3 0 6 0 10 3 1 30 35 56 6.49
8 0 7 10 0 5 1 28 51 73 9.27
4 0 6 0 0 7 1 29 16 35 6.9
2 0 8 0 10 3 1 29 41 56 9.9
8 0 4 3 1 4 1 31 59 78 11.39
9 0 8 0 5 5 1 31 51 69 8.42
3 0 0 4 8 9 1 31 38 56 8.96
1 0 0 0 0 0 0 67 78 7.82
125.9 121.06 120.34 125.94 129.5 126.7 157.39 208.25 209.79 171.3 139.67 116.94 113.24 106.55 118.11 135.02 173.29 225.32 271.52 216.5 179.08 151.4 131.21 122.95 134.75 126.4 127.5 114.54 110.45 108.19 135.32 186.2 193.8 141.92 117.27 98.81 79.06 84.62 98.35 104.87 190.7 189.76 176.77 165.0 142.03 141.9 119.58 103.61 94.31 93.84 96.91 95.24 102.66 141.4 155.0 180.26 166.37 128.76 109.88 92.9 90.14 91.8 92.23 107.41 147.49 161.25 159.24 160.76 141.4 109.61 103.4 91.8 114.41 118.13 130.0 113.87 113.59 130.0 148.54 140.0 129.45 114.24 104.15 94.18 97.41 93.06 100.4 97.28 114.1 139.8 156.19 150.71 147.34 121.67 118.79 90.0 73.45 70.72 73.03 72.42 81.11 120.0 125.17 165.34 150.72 131.26 104.33 87.37 79.1 77.95 91.97 87.88 165.72 148.62 154.5 152.0 163.87 82.7 82.9 97.94 71.48 71.73 71.92 71.65 72.29 80.0 113.21 123.18 115.0 70.93 58.53 57.76 54.57 56.75 68.09 73.31
