640 5
1 41 37 35 42
1 0 0 0 0 0 3 1 2 3 0 161 9.45
1 0 3 1 3 2 3 4 9 12 1 191 11.15
5 0 2 7 6 1 3 5 8 14 1 212 9.87
7 0 0 5 10 2 1 27 1 113 10.64
2 0 4 2 3 7 2 11 28 2 120 10.23
8 0 5 4 6 7 3 6 7 12 6 191 11.43
10 0 2 6 0 7 3 15 18 21 14 227 8.45
3 0 2 3 0 2 1 30 14 185 10.66
7 0 3 7 7 0 1 15 6 211 6.9
2 0 4 3 0 7 2 10 13 2 148 9.69
10 0 9 10 3 4 1 14 4 133 10.76
7 0 4 0 1 0 2 20 22 4 136 8.48
9 0 0 0 3 7 1 24 14 159 11.39
5 0 0 0 6 0 1 23 4 208 10.94
5 0 0 2 6 2 3 16 25 26 14 205 7.41
6 0 9 0 7 2 1 23 24 153 8.97
9 1 0 0 0 0 2 17 19 19 160 10.1
6 0 0 0 9 0 1 20 28 189 8.09
6 1 0 0 0 0 1 22 24 179 11.75
7 0 0 5 1 5 1 20 28 167 9.23
4 0 4 7 0 7 1 29 35 201 6.56
8 1 0 0 0 0 1 25 24 224 8.57
5 0 3 5 0 4 1 24 30 237 11.69
10 0 2 7 5 1 2 27 28 30 140 10.98
5 0 6 5 10 3 1 29 35 152 10.51
3 0 2 10 0 8 1 28 32 172 9.99
7 0 2 10 0 0 1 30 19 199 10.78
5 0 6 8 0 3 1 29 40 188 6.29
2 0 4 1 10 7 1 31 40 183 9.05
4 0 3 3 1 5 1 31 45 177 7.68
5 0 0 5 1 1 1 31 26 180 11.37
1 0 0 0 0 0 0 49 212 6.34
1 0 0 0 0 0 3 33 34 35 0 132 11.98
1 0 10 3 7 10 2 37 43 1 173 8.91
3 0 8 6 8 2 3 36 40 60 1 193 10.17
5 0 6 0 3 0 3 38 51 55 1 143 11.79
4 0 10 0 0 8 2 39 56 4 205 7.47
2 0 10 9 9 10 3 44 50 61 2 140 6.07
5 0 4 2 6 2 2 42 53 6 114 10.4
10 0 8 7 3 0 3 41 51 57 8 140 7.25
8 0 8 10 4 4 1 52 4 188 6.7
4 0 1 3 5 0 2 45 54 18 216 8.25
9 0 10 0 0 2 3 47 49 50 11 182 7.06
6 0 7 0 0 0 2 44 55 2 128 7.89
4 0 0 1 6 8 3 46 48 53 8 213 11.13
9 0 6 9 0 0 3 46 48 50 22 158 11.27
2 1 0 0 0 0 2 47 52 31 218 7.11
3 1 0 0 0 0 1 62 33 140 6.78
8 1 0 0 0 0 2 52 58 31 143 9.63
5 1 0 0 0 0 3 54 56 57 20 168 10.67
5 0 7 0 10 8 1 59 31 215 9.72
9 0 4 0 10 4 2 53 61 18 131 8.16
7 0 6 2 9 1 1 62 39 208 8.9
6 1 0 0 0 0 1 54 27 158 6.61
10 0 0 10 0 6 1 59 33 215 11.35
9 0 3 0 2 9 2 56 58 8 183 9.45
8 0 1 3 7 9 1 61 25 167 7.1
1 1 0 0 0 0 1 58 25 221 7.09
9 0 1 0 1 9 1 59 39 189 9.85
3 0 9 2 7 9 1 62 48 177 10.13
9 0 10 3 1 9 1 63 4 185 9.84
2 1 0 0 0 0 1 63 33 154 8.16
7 0 6 4 0 1 1 63 51 256 11.86
1 0 0 0 0 0 0 58 220 9.19
1 0 0 0 0 0 3 65 66 67 0 130 10.01
5 0 4 9 10 4 3 72 80 90 1 179 6.09
1 0 4 10 9 4 3 68 73 76 1 125 11.78
1 0 0 1 0 1 2 69 88 1 127 10.63
6 0 3 0 5 0 1 74 2 175 6.29
7 0 0 1 0 8 1 70 2 146 7.8
9 0 0 5 0 10 2 71 75 9 210 7.1
5 0 2 2 6 0 3 78 89 92 18 218 7.6
3 0 4 7 3 0 1 76 6 184 7.28
7 0 9 0 4 1 1 84 2 157 10.19
1 0 8 6 4 8 2 81 82 8 202 7.79
9 0 9 0 7 0 2 77 87 18 194 7.58
6 0 10 6 3 8 1 79 9 148 6.91
5 1 0 0 0 0 2 89 92 27 140 9.43
5 0 8 10 2 6 1 82 23 187 11.67
7 1 0 0 0 0 2 85 91 15 216 10.21
7 0 4 6 9 4 1 81 6 135 9.08
4 0 10 5 10 4 2 83 94 13 165 9.37
4 1 0 0 0 0 1 91 28 225 11.23
10 1 0 0 0 0 1 86 17 129 11.84
1 1 0 0 0 0 2 86 88 9 155 9.6
7 0 3 3 3 10 1 93 22 201 7.15
8 0 3 0 6 6 1 87 27 222 10.79
3 0 8 1 9 5 1 91 35 208 9.22
3 0 7 1 7 4 1 92 10 175 6.22
9 0 1 7 9 0 2 90 94 32 176 8.61
4 0 3 0 9 0 1 93 41 222 6.91
5 0 10 1 3 0 1 93 38 175 7.93
8 0 0 8 0 6 1 95 32 165 10.98
8 0 0 1 9 0 1 95 45 228 7.41
3 0 8 5 0 0 1 95 41 200 6.6
1 0 0 0 0 0 0 53 230 11.49
1 0 0 0 0 0 3 97 98 99 0 114 7.04
5 0 4 10 5 9 3 102 111 118 1 116 10.02
4 0 1 8 2 1 2 101 104 1 141 9.91
2 0 4 4 9 8 3 100 105 106 1 133 8.71
7 0 6 8 1 10 2 109 120 3 145 6.96
6 0 7 4 7 5 2 118 123 5 120 7.96
8 0 8 7 4 5 2 103 107 6 208 9.12
7 0 9 9 2 2 3 108 109 110 14 133 8.75
7 0 1 2 8 9 1 111 5 202 11.36
5 0 4 6 6 9 1 112 3 209 6.72
2 0 1 9 1 1 1 113 3 144 8.9
6 0 3 9 2 6 1 125 14 164 8.11
1 1 0 0 0 0 2 112 119 21 192 7.14
6 0 9 10 5 6 2 115 117 21 228 8.07
1 0 9 5 10 9 2 124 125 21 146 7.97
8 0 6 6 3 6 1 114 12 201 10.67
3 1 0 0 0 0 2 116 122 22 171 9.77
10 0 6 6 9 8 2 114 117 5 151 7.16
4 1 0 0 0 0 1 121 20 219 9.71
7 0 4 10 6 8 1 126 27 201 6.07
9 0 6 8 2 10 1 117 25 190 10.67
5 0 7 1 3 2 1 123 34 145 10.69
8 0 4 8 5 8 1 122 11 157 9.05
9 1 0 0 0 0 1 121 22 232 10.92
10 0 9 1 6 7 1 122 10 129 7.88
5 0 8 10 3 8 1 123 31 160 9.23
3 0 7 5 1 2 1 125 25 172 6.32
4 0 6 2 2 10 1 126 39 159 7.64
5 0 6 7 8 4 1 127 22 228 11.25
2 0 7 5 10 9 1 127 28 187 8.72
5 0 10 5 1 8 1 127 43 240 7.6
1 0 0 0 0 0 0 48 237 11.95
1 0 0 0 0 0 3 129 130 131 0 159 9.31
8 0 4 5 7 5 2 146 147 1 163 10.89
7 0 2 3 4 3 3 132 136 142 1 145 11.26
1 0 9 7 3 10 3 134 140 158 1 138 9.25
10 0 2 10 6 8 3 133 137 153 8 183 6.76
6 1 0 0 0 0 3 135 141 146 18 209 6.02
5 0 5 4 6 3 2 147 156 2 163 11.75
1 1 0 0 0 0 3 145 151 155 24 204 6.55
1 0 6 2 4 2 3 138 139 143 8 187 6.28
7 1 0 0 0 0 2 144 147 18 133 10.47
9 0 5 2 1 7 3 140 145 146 9 132 10.56
8 0 9 8 1 4 1 153 9 136 10.83
10 0 8 6 5 1 1 141 18 196 6.7
10 0 4 3 3 9 1 154 28 205 10.1
10 0 2 1 7 3 1 144 8 186 7.47
9 0 1 4 8 1 3 145 148 155 9 136 7.48
1 0 8 3 5 10 3 149 156 158 25 220 11.43
4 0 4 5 8 2 1 150 25 180 6.91
1 0 5 7 5 7 2 152 157 24 208 7.51
2 0 6 8 8 3 2 149 155 25 188 11.34
8 0 5 4 8 10 3 149 152 153 18 224 10.74
2 0 10 6 1 7 1 154 27 203 9.5
3 0 2 6 5 8 1 158 29 180 10.01
9 0 5 3 9 10 1 152 25 222 10.3
5 0 8 10 7 2 1 156 34 181 6.29
3 0 9 2 10 6 1 154 26 147 8.87
2 0 1 6 6 8 1 157 38 142 10.52
1 0 8 10 3 7 1 157 27 176 9.64
2 0 7 1 1 4 1 159 39 142 11.23
1 0 9 6 3 1 1 159 40 194 9.32
1 0 1 2 4 2 1 159 32 192 9.75
1 0 0 0 0 0 0 41 183 6.22
1 0 0 0 0 0 3 161 162 163 0 174 10.61
2 0 5 8 10 6 3 165 171 176 1 165 9.13
2 0 0 10 6 7 3 167 169 170 1 183 8.88
7 0 10 10 5 0 2 164 175 1 148 8.58
5 0 8 6 5 0 1 173 8 203 9.99
9 0 3 0 8 6 3 166 168 172 3 142 7.75
9 0 0 8 5 0 3 177 180 182 12 197 7.61
3 0 3 10 6 7 2 172 178 3 140 10.46
10 0 0 3 0 4 2 169 170 12 181 11.49
10 0 6 5 0 0 3 177 181 185 22 144 11.49
6 1 0 0 0 0 3 174 187 189 22 199 9.46
3 0 5 8 2 4 3 177 181 184 3 196 6.3
7 0 10 6 0 7 2 173 181 12 124 9.95
5 1 0 0 0 0 2 180 188 19 188 10.38
8 1 0 0 0 0 1 186 28 181 7.76
1 0 3 2 0 4 1 185 8 113 7.35
7 0 2 3 0 0 3 178 183 186 3 188 11.7
3 0 2 0 9 0 1 179 32 136 7.63
3 0 2 7 9 5 2 179 188 10 205 8.2
8 0 6 2 7 6 1 189 35 200 9.01
9 1 0 0 0 0 1 184 24 171 8.81
6 0 3 1 7 0 1 190 32 224 7.03
3 1 0 0 0 0 1 186 21 146 7.37
6 0 8 7 3 8 2 184 185 10 137 6.95
7 0 4 9 1 2 2 187 189 33 203 11.14
9 0 0 3 9 0 1 187 32 206 11.83
2 0 10 1 1 5 2 188 190 36 163 11.35
7 0 5 8 2 0 1 190 41 208 8.07
1 0 5 0 0 8 1 191 38 164 6.54
7 0 0 1 10 0 1 191 43 249 8.0
6 0 0 0 7 2 1 191 48 239 7.8
1 0 0 0 0 0 0 54 238 7.94
1 0 0 0 0 0 3 193 194 195 0 137 8.85
5 0 0 0 0 8 3 197 198 201 1 117 9.45
3 0 0 7 0 0 1 211 1 190 10.66
7 0 4 0 0 0 1 196 1 117 8.85
3 0 0 0 6 0 2 199 208 8 145 9.91
4 0 0 9 0 0 1 204 6 130 11.03
6 0 8 0 0 0 1 203 6 152 9.03
7 0 5 0 0 0 3 200 205 207 11 136 8.59
2 1 0 0 0 0 3 210 212 213 18 129 8.33
10 0 0 3 0 0 3 202 206 215 6 207 6.7
6 0 0 0 5 0 1 222 16 129 7.82
5 0 0 0 10 0 1 221 12 144 9.52
5 1 0 0 0 0 1 205 10 172 8.78
8 0 0 6 0 0 2 218 222 18 212 9.72
7 0 4 0 0 0 1 209 16 198 6.63
7 0 7 0 0 0 1 217 18 129 6.16
3 0 0 0 0 5 1 216 11 140 7.11
6 0 0 8 0 0 3 213 216 218 23 181 8.79
7 0 6 0 0 0 1 214 20 218 6.25
8 0 0 8 0 0 2 217 220 4 118 11.05
9 1 0 0 0 0 2 216 217 20 181 8.45
10 0 0 0 0 7 2 220 222 29 184 7.39
7 0 0 0 0 5 1 220 27 179 7.45
6 0 0 0 0 10 1 221 16 214 8.64
5 0 0 0 0 3 1 219 29 155 7.13
1 0 0 0 0 9 1 219 29 144 8.28
1 0 9 0 0 0 1 219 29 224 6.34
5 0 0 0 8 0 1 221 34 151 8.57
1 0 5 0 0 0 1 223 39 174 8.13
4 0 0 1 0 0 1 223 39 193 10.34
2 0 0 6 0 0 1 223 39 186 11.59
1 0 0 0 0 0 0 43 205 6.07
1 0 0 0 0 0 3 225 226 227 0 168 10.46
5 0 5 4 5 2 3 229 230 232 1 165 8.06
2 0 7 3 3 10 3 235 236 241 1 153 6.24
9 0 7 1 2 5 3 228 235 239 1 128 10.82
3 0 6 7 4 6 3 245 248 250 10 147 10.89
2 0 9 2 7 2 3 231 233 234 6 154 10.3
6 0 4 9 7 4 3 233 234 241 6 179 11.05
5 0 1 3 5 2 3 237 238 245 8 127 8.11
7 0 5 7 3 1 3 236 238 239 6 199 11.31
1 0 5 1 4 2 3 239 249 252 12 154 6.95
2 0 6 9 2 3 3 247 251 253 12 193 6.23
7 0 4 9 2 1 3 237 238 242 10 141 6.73
10 0 2 8 10 9 3 242 244 246 13 205 11.66
7 0 2 8 8 1 2 240 246 17 184 6.86
8 0 10 3 2 5 3 244 252 253 17 155 8.55
1 1 0 0 0 0 1 254 13 178 11.73
9 1 0 0 0 0 2 243 247 24 194 11.77
9 0 7 10 8 4 3 243 244 246 12 143 9.94
2 1 0 0 0 0 3 243 245 247 23 146 9.86
4 0 7 10 3 8 2 248 250 33 189 8.18
10 1 0 0 0 0 1 249 25 200 9.67
10 1 0 0 0 0 1 253 25 215 10.73
9 1 0 0 0 0 2 248 249 24 159 10.24
6 0 6 7 10 6 2 250 252 33 190 7.13
7 0 6 10 4 8 1 251 37 147 9.54
8 0 1 3 2 5 1 251 35 179 7.69
9 0 6 3 4 6 1 254 39 182 6.86
8 0 8 2 9 9 1 254 44 236 10.01
6 0 5 5 8 3 1 255 39 243 7.97
9 0 7 5 3 8 1 255 35 242 8.86
9 0 6 9 1 7 1 255 52 170 6.7
1 0 0 0 0 0 0 61 234 9.2
1 0 0 0 0 0 3 257 258 259 0 156 7.03
2 0 9 8 3 9 3 260 266 270 1 138 7.5
3 0 1 3 3 10 3 261 264 270 1 125 11.35
3 0 10 6 7 9 3 260 263 269 1 178 10.48
5 1 0 0 0 0 3 272 274 276 4 115 9.11
6 0 4 1 7 1 3 262 266 274 4 214 9.57
2 0 2 7 4 7 3 265 268 273 10 150 8.34
8 0 4 10 8 8 3 264 267 272 4 202 10.24
1 0 6 7 10 9 3 268 274 278 12 139 9.76
10 0 6 6 5 8 3 269 277 282 12 140 6.94
1 0 9 4 4 4 3 267 269 272 10 148 10.54
8 0 3 8 5 5 3 268 271 273 12 195 6.08
8 0 2 6 9 6 2 276 280 20 157 10.63
9 0 7 3 3 7 1 286 22 160 7.7
9 0 9 4 8 10 2 277 278 4 189 6.49
8 0 9 9 10 5 3 275 278 279 20 232 10.4
9 0 5 2 9 3 2 279 286 12 205 6.91
5 1 0 0 0 0 3 275 284 285 20 224 10.1
4 1 0 0 0 0 2 279 281 13 139 7.27
7 0 5 4 10 2 1 276 28 144 9.5
5 0 1 6 4 5 2 277 282 35 207 11.36
6 0 1 1 7 9 1 281 40 182 8.05
7 0 1 1 5 10 2 280 282 28 204 8.52
1 0 7 2 5 3 2 284 285 28 219 8.1
2 0 9 2 9 1 3 281 284 285 35 186 10.61
1 0 4 6 2 9 1 283 46 168 8.12
8 0 5 5 1 3 1 283 40 223 6.42
3 0 4 4 4 3 1 286 48 216 10.91
8 0 5 1 3 8 1 287 37 162 6.38
3 0 6 2 5 2 1 287 37 155 11.24
8 0 1 10 3 3 1 287 51 162 11.74
1 0 0 0 0 0 0 59 176 9.55
1 0 0 0 0 0 3 289 290 291 0 210 8.76
1 0 10 3 7 10 2 293 299 1 179 10.35
3 0 8 6 8 2 3 292 296 316 1 156 9.65
5 0 6 0 3 0 3 294 307 311 1 211 10.29
4 0 10 0 0 8 2 295 312 4 136 7.14
2 0 10 9 9 10 3 300 306 317 2 176 9.23
5 0 4 2 6 2 2 298 309 6 150 11.8
10 0 8 7 3 0 3 297 307 313 8 188 8.39
8 0 8 10 4 4 1 308 4 207 6.1
4 0 1 3 5 0 2 301 310 18 184 8.04
9 0 10 0 0 2 3 303 305 306 11 177 7.11
6 0 7 0 0 0 2 300 311 2 180 6.32
4 0 0 1 6 8 3 302 304 309 8 164 9.27
9 0 6 9 0 0 3 302 304 306 22 135 8.12
2 1 0 0 0 0 2 303 308 31 137 6.82
3 1 0 0 0 0 1 318 33 211 7.08
8 0 5 0 8 3 2 308 314 31 230 6.19
5 0 0 9 6 6 3 310 312 313 20 211 8.82
5 1 0 0 0 0 1 315 31 156 7.62
9 0 4 0 10 4 2 309 317 18 182 9.93
7 0 6 2 9 1 1 318 39 187 6.27
6 1 0 0 0 0 1 310 27 193 10.06
10 0 0 10 0 6 1 315 33 173 7.57
9 0 3 0 2 9 2 312 314 8 198 10.65
8 1 0 0 0 0 1 317 25 164 6.15
1 1 0 0 0 0 1 314 25 167 9.54
9 0 1 0 1 9 1 315 39 152 11.08
3 0 9 2 7 9 1 318 48 165 6.02
9 0 10 3 1 9 1 319 4 180 7.77
2 1 0 0 0 0 1 319 33 217 11.16
7 0 6 4 0 1 1 319 51 209 9.08
1 0 0 0 0 0 0 58 172 8.05
1 0 0 0 0 0 3 321 322 323 0 181 7.22
4 0 0 5 5 4 3 325 339 343 1 209 11.39
2 0 5 0 2 0 1 330 1 178 10.82
8 0 0 0 4 0 3 324 338 342 1 187 11.33
1 0 3 5 10 3 1 328 9 145 7.13
8 0 0 0 1 2 3 326 327 331 5 187 11.61
4 0 0 0 0 2 3 328 329 332 13 182 8.02
10 0 9 0 10 5 2 334 349 13 154 7.67
10 0 8 1 0 6 2 333 336 17 222 9.52
8 1 0 0 0 0 2 340 348 17 215 7.92
3 0 0 0 0 2 1 343 3 145 8.53
10 0 5 8 9 0 1 342 13 194 7.86
1 1 0 0 0 0 2 333 340 17 136 11.99
3 1 0 0 0 0 3 335 347 350 27 232 6.97
2 0 2 3 2 0 2 335 347 23 163 6.81
5 0 10 0 0 0 1 341 30 136 11.42
6 0 9 0 5 8 3 337 341 344 27 194 6.45
4 0 6 9 0 0 1 345 33 139 11.72
1 0 0 0 3 1 3 339 341 343 9 197 6.56
4 0 0 1 0 1 3 340 344 345 10 214 7.24
2 1 0 0 0 0 2 349 350 25 206 6.12
2 0 0 0 6 0 1 348 35 229 10.08
6 0 10 6 0 0 1 346 23 141 6.0
7 0 0 10 0 0 3 344 345 350 10 157 11.22
5 1 0 0 0 0 2 346 349 33 179 6.64
5 0 10 0 0 3 1 346 37 164 6.61
5 0 7 0 2 0 1 347 42 148 11.47
4 0 0 8 0 7 1 348 47 203 8.15
10 0 6 0 0 8 1 351 51 228 6.98
3 1 0 0 0 0 1 351 38 184 9.48
3 0 0 5 0 0 1 351 30 193 10.99
1 0 0 0 0 0 0 61 238 9.65
1 0 0 0 0 0 3 353 354 355 0 150 10.8
3 0 0 7 0 0 3 356 357 359 1 175 7.35
4 0 9 0 0 0 3 362 367 369 1 168 9.43
4 0 0 10 0 0 2 360 365 1 124 9.96
9 0 0 0 1 0 3 358 361 362 4 154 11.29
10 0 0 0 10 0 3 363 369 373 4 145 10.44
10 0 0 0 10 0 3 360 363 367 13 216 9.97
3 0 0 0 0 1 3 366 369 377 4 120 7.08
5 1 0 0 0 0 3 366 373 380 23 150 11.57
6 0 0 0 8 0 3 367 368 376 13 144 7.39
5 0 0 0 0 1 3 365 370 371 13 153 6.39
2 1 0 0 0 0 3 364 371 375 23 155 8.11
3 1 0 0 0 0 3 365 368 372 25 197 10.46
3 1 0 0 0 0 3 366 374 380 28 233 6.49
1 1 0 0 0 0 2 376 378 31 187 8.76
7 0 0 8 0 0 3 370 374 375 23 209 6.3
6 1 0 0 0 0 2 378 379 28 210 6.05
5 0 7 0 0 0 1 372 14 167 6.23
2 0 0 0 0 3 2 373 377 30 166 6.59
8 1 0 0 0 0 3 372 374 376 25 207 8.11
6 0 0 0 1 0 2 379 380 33 207 7.23
8 0 0 0 6 0 1 379 32 170 8.8
8 0 0 0 0 9 1 382 33 177 7.51
8 0 0 3 0 0 1 377 30 215 9.77
2 1 0 0 0 0 1 381 33 191 10.59
8 0 4 0 0 0 2 378 382 38 216 7.57
1 0 0 0 8 0 1 381 46 172 11.4
6 0 3 0 0 0 2 381 382 40 176 8.57
6 0 0 0 7 0 1 383 39 165 11.26
6 0 0 8 0 0 1 383 47 251 6.57
1 0 0 1 0 0 1 383 46 175 10.3
1 0 0 0 0 0 0 53 187 9.23
1 0 0 0 0 0 3 385 386 387 0 154 7.17
5 0 7 0 0 3 1 388 1 148 8.31
3 0 4 4 0 4 3 389 400 409 1 165 9.38
1 0 0 2 0 1 3 393 397 402 1 148 8.9
1 0 6 9 0 8 3 395 399 401 6 215 9.47
5 0 0 0 8 0 3 390 391 398 4 188 7.67
2 0 3 8 0 0 3 392 394 403 9 159 9.74
2 0 0 8 4 0 1 405 9 151 9.73
8 0 3 0 0 10 1 406 11 175 8.65
9 0 4 3 0 9 1 404 2 123 9.53
1 0 0 6 9 0 1 396 11 115 8.41
4 0 6 0 10 9 2 400 414 7 161 9.23
2 0 10 0 0 0 1 412 12 173 9.35
4 0 0 1 2 0 1 410 2 158 6.38
1 0 5 0 0 0 2 402 412 9 165 6.16
1 0 0 0 1 0 2 409 410 7 116 9.17
3 0 0 9 0 0 2 410 411 11 121 11.16
7 0 9 4 9 0 2 402 408 7 129 10.13
6 1 0 0 0 0 1 411 14 219 11.03
1 1 0 0 0 0 1 408 11 203 11.7
8 0 0 5 0 1 1 413 11 203 7.84
3 0 0 5 0 8 1 407 11 161 8.42
3 0 0 2 0 0 1 414 19 131 11.06
10 0 0 0 8 0 1 411 14 157 9.32
8 1 0 0 0 0 1 414 14 188 11.48
7 1 0 0 0 0 1 412 8 205 10.83
4 1 0 0 0 0 1 413 14 172 10.56
5 0 0 2 5 0 1 413 24 149 9.88
2 1 0 0 0 0 1 415 15 176 10.6
7 0 0 6 9 0 1 415 29 228 8.4
5 0 2 9 8 3 1 415 22 192 8.67
1 0 0 0 0 0 0 36 166 6.13
1 0 0 0 0 0 3 417 418 419 0 184 11.36
10 0 10 7 8 10 3 423 427 434 1 202 7.84
3 0 1 5 2 10 3 420 421 422 1 197 6.16
7 0 3 3 4 10 1 429 1 158 9.14
2 0 6 9 4 9 2 426 444 4 116 11.26
5 0 3 4 7 5 3 435 443 445 4 131 9.36
6 0 10 9 3 8 2 424 431 4 164 11.04
7 0 7 2 3 10 2 425 438 11 151 7.85
1 0 8 6 10 3 1 432 10 149 10.44
3 0 8 7 5 10 1 432 18 169 7.57
4 0 10 9 10 4 1 437 6 122 6.94
8 0 1 7 5 6 2 428 430 11 167 10.59
4 1 0 0 0 0 3 432 441 443 19 134 7.12
6 0 9 4 2 7 1 435 8 156 8.01
1 1 0 0 0 0 2 435 441 19 202 11.1
3 1 0 0 0 0 1 445 10 194 9.22
1 0 4 9 4 5 2 433 442 23 184 8.27
2 1 0 0 0 0 1 436 24 191 6.57
4 1 0 0 0 0 1 444 11 167 10.12
4 1 0 0 0 0 1 437 20 160 8.37
2 1 0 0 0 0 1 439 26 143 9.93
4 0 2 6 10 4 1 446 24 193 11.23
4 1 0 0 0 0 1 442 18 215 11.53
1 1 0 0 0 0 1 440 28 150 10.54
10 0 8 10 4 9 1 444 29 213 7.83
4 1 0 0 0 0 2 442 445 23 175 7.74
10 0 3 6 8 5 1 446 27 183 10.19
7 0 9 5 1 6 1 446 23 195 9.66
10 0 9 9 3 5 1 447 39 242 8.84
2 1 0 0 0 0 1 447 27 138 6.22
2 0 8 6 8 8 1 447 37 152 11.58
1 0 0 0 0 0 0 49 190 9.6
1 0 0 0 0 0 3 449 450 451 0 163 6.2
2 0 2 7 3 5 3 453 454 456 1 197 7.28
4 0 4 10 10 4 3 452 459 467 1 175 11.33
5 0 0 0 3 7 2 454 455 1 190 11.27
1 0 5 7 3 0 3 455 466 472 5 175 7.14
8 0 6 6 3 8 1 478 3 127 9.92
7 0 0 8 6 5 1 476 6 185 7.99
2 1 0 0 0 0 1 473 6 180 11.72
4 0 0 6 0 0 3 457 462 473 3 112 10.96
2 0 4 1 0 9 2 458 460 7 121 10.9
9 0 0 2 0 0 2 461 467 9 126 7.41
1 0 3 10 2 0 3 461 462 463 5 151 8.23
3 0 4 7 3 7 1 461 9 179 9.8
9 0 1 1 0 8 3 466 468 474 18 151 10.31
8 0 2 0 9 4 2 470 471 7 177 10.68
1 1 0 0 0 0 3 464 468 469 6 153 9.44
9 1 0 0 0 0 2 465 470 7 186 7.51
5 0 0 9 7 1 2 472 475 16 218 10.39
3 0 10 0 4 3 1 475 27 227 11.78
5 0 6 2 7 0 2 471 477 18 162 11.65
1 1 0 0 0 0 1 471 27 201 10.61
4 1 0 0 0 0 2 470 473 7 133 8.57
9 0 8 0 7 1 2 474 476 16 215 10.14
8 0 9 0 1 1 2 472 478 28 206 11.11
5 0 1 1 0 8 1 476 36 239 7.66
7 0 2 3 10 8 1 474 11 153 7.51
2 0 5 7 9 0 2 475 478 27 155 11.16
1 0 7 3 7 0 1 477 30 165 7.46
7 0 8 3 10 7 1 479 41 160 6.51
4 0 0 7 0 0 1 479 31 142 10.14
1 0 1 6 2 2 1 479 36 143 8.84
1 0 0 0 0 0 0 48 241 11.4
1 0 0 0 0 0 3 481 482 483 0 139 11.65
5 0 4 7 3 8 3 495 497 504 1 193 6.99
4 0 2 10 9 0 3 484 502 509 1 152 6.91
8 0 9 2 4 7 3 485 487 489 1 151 9.99
1 1 0 0 0 0 2 500 501 5 125 11.92
4 0 6 0 0 2 3 486 498 504 9 196 7.86
7 0 10 6 0 0 3 488 490 491 13 123 7.24
8 0 3 7 6 1 2 504 510 9 172 6.72
2 1 0 0 0 0 2 496 505 20 191 11.23
2 0 0 5 4 0 3 493 494 498 9 126 11.1
4 1 0 0 0 0 2 495 507 20 219 7.57
7 1 0 0 0 0 3 492 496 507 20 195 8.5
10 1 0 0 0 0 3 494 500 506 27 163 9.07
8 0 2 4 9 0 1 497 11 179 8.09
4 0 5 9 7 10 2 503 508 37 177 9.78
2 1 0 0 0 0 1 501 24 150 9.24
6 0 7 5 2 3 1 499 27 177 8.69
9 0 4 0 6 0 3 501 502 509 19 225 10.19
10 0 1 8 1 0 1 503 13 140 10.79
4 0 5 0 9 2 1 508 33 190 7.47
2 0 2 4 4 7 1 503 37 193 11.59
8 0 9 6 0 0 2 505 506 28 238 9.1
1 1 0 0 0 0 2 505 506 28 217 7.7
7 0 4 0 0 7 1 510 41 166 10.07
4 0 7 3 5 8 1 507 17 192 6.83
3 0 4 0 5 1 1 510 36 231 11.79
6 0 10 10 5 2 1 508 37 174 10.6
4 1 0 0 0 0 1 509 27 138 7.14
5 0 0 1 0 9 1 511 43 196 8.92
3 0 0 5 4 7 1 511 31 203 9.49
1 0 3 6 7 2 1 511 48 243 8.99
1 0 0 0 0 0 0 49 207 11.37
1 0 0 0 0 0 3 513 514 515 0 162 11.33
1 0 2 1 3 7 3 519 521 523 1 140 6.74
5 0 7 3 4 10 2 516 517 1 145 6.47
1 0 7 6 10 1 3 518 519 526 1 169 11.06
9 0 4 8 4 10 2 522 524 6 183 9.07
4 0 3 9 7 10 3 522 527 538 6 173 10.83
6 0 3 9 10 9 3 523 527 530 2 149 7.23
3 0 8 9 10 9 1 520 2 180 9.51
8 0 3 7 4 9 3 525 532 538 5 194 6.34
10 0 4 3 6 4 1 529 2 219 8.76
4 0 2 4 2 1 3 526 534 536 15 204 6.48
6 0 9 6 5 10 1 533 8 216 10.95
10 0 2 7 9 1 3 528 533 540 15 224 9.12
9 0 10 5 4 10 3 527 536 541 13 141 8.72
5 1 0 0 0 0 1 539 19 208 9.02
1 0 2 1 1 6 1 539 22 221 9.32
10 1 0 0 0 0 3 530 534 535 25 142 9.13
2 0 5 7 9 2 2 531 535 12 193 9.64
4 1 0 0 0 0 2 532 537 35 141 6.32
4 1 0 0 0 0 3 536 537 542 14 164 6.58
7 0 8 5 7 3 1 542 39 199 8.77
3 1 0 0 0 0 1 534 25 225 8.3
8 0 7 5 10 10 1 537 35 198 9.18
9 0 8 1 1 4 2 538 541 35 189 9.45
7 0 7 10 6 10 1 539 22 157 6.23
7 0 6 6 7 8 1 541 43 167 7.72
2 0 10 9 7 10 1 542 44 190 7.93
9 0 8 2 9 2 1 540 29 185 11.09
6 0 7 6 2 9 1 543 38 209 8.24
5 0 1 8 8 8 1 543 50 177 7.84
5 0 10 3 1 4 1 543 46 200 10.33
1 0 0 0 0 0 0 55 237 9.31
1 0 0 0 0 0 3 545 546 547 0 198 8.97
5 0 5 10 9 7 3 550 554 555 1 189 11.02
2 0 10 4 1 9 3 548 549 572 1 163 7.65
7 0 4 5 4 6 2 552 553 1 159 7.83
4 0 0 6 2 0 1 559 3 124 7.09
1 0 9 0 0 8 1 573 3 128 6.03
3 0 5 5 0 9 3 551 568 569 6 112 10.05
9 0 7 0 7 1 1 564 9 205 8.68
8 0 7 0 3 0 1 562 8 152 11.29
10 0 9 8 0 7 1 558 8 214 11.22
10 0 0 5 0 8 1 565 6 213 9.07
8 0 0 0 1 9 2 556 557 6 139 8.66
9 0 1 9 6 0 1 563 14 135 11.27
10 0 1 3 10 8 1 561 14 158 11.79
4 0 9 10 8 10 3 560 561 570 18 194 11.28
9 0 7 1 5 9 1 568 7 174 7.3
6 1 0 0 0 0 1 566 22 193 7.05
3 0 4 8 6 0 3 565 571 574 24 136 6.61
9 0 8 0 9 0 2 566 569 16 159 10.66
8 1 0 0 0 0 1 568 23 218 9.34
4 0 3 0 1 0 2 566 570 18 132 9.71
3 1 0 0 0 0 1 567 27 169 11.29
4 0 6 0 0 9 1 572 28 148 11.81
9 0 4 8 7 4 1 573 30 211 7.61
9 0 10 0 2 7 2 570 573 31 165 10.01
5 1 0 0 0 0 1 574 25 222 7.93
4 0 4 4 7 8 1 574 40 239 9.42
7 1 0 0 0 0 1 572 27 216 8.03
7 0 0 1 8 1 1 575 34 179 9.83
1 0 9 10 1 4 1 575 40 215 10.2
9 0 2 3 0 0 1 575 44 221 7.13
1 0 0 0 0 0 0 53 164 11.89
1 0 0 0 0 0 3 577 578 579 0 195 11.59
9 0 0 6 0 0 2 591 605 1 164 7.32
9 0 0 0 1 3 3 580 581 583 1 200 10.92
2 0 2 4 0 0 3 582 593 600 1 190 8.76
1 0 7 5 6 4 1 587 10 193 8.63
2 0 0 0 0 8 2 590 601 10 215 7.66
10 0 0 0 8 1 2 584 586 3 179 10.36
5 0 0 0 6 3 1 585 10 120 6.86
9 0 4 0 6 2 1 599 13 180 6.02
4 0 0 0 9 1 1 588 15 136 8.01
1 0 0 6 4 5 2 592 596 13 167 9.15
4 0 0 0 9 4 1 589 11 154 9.97
6 0 2 10 0 5 2 589 591 19 172 8.66
8 1 0 0 0 0 1 594 25 172 6.68
7 0 0 8 0 0 3 595 598 603 12 121 10.86
3 1 0 0 0 0 1 592 25 136 8.62
10 1 0 0 0 0 1 594 28 200 10.12
1 0 4 1 7 0 2 601 604 3 143 7.27
5 0 3 4 0 0 1 602 38 223 11.62
6 0 0 2 0 0 2 599 600 19 195 9.85
5 0 5 7 0 4 1 597 14 224 10.63
1 0 0 0 0 9 1 598 19 143 6.52
4 0 0 1 0 0 1 602 20 185 7.46
3 1 0 0 0 0 2 605 606 25 211 7.4
8 0 0 6 3 0 1 602 25 138 9.56
2 0 8 3 6 0 2 605 606 12 199 7.2
10 0 9 0 0 0 1 606 43 208 9.43
3 0 0 0 1 7 1 604 19 124 11.6
4 0 3 0 8 0 1 607 22 174 8.45
9 0 10 0 0 5 1 607 28 212 7.58
4 0 0 2 0 4 1 607 53 255 10.62
1 0 0 0 0 0 0 57 248 9.43
1 0 0 0 0 0 3 609 610 611 0 141 7.76
6 0 3 0 0 9 3 614 616 626 1 210 6.16
3 0 7 0 0 8 2 616 617 1 137 9.31
6 0 0 0 0 9 3 612 618 620 1 158 10.27
7 0 0 4 0 9 3 613 614 616 7 126 6.91
9 0 0 5 0 9 3 621 624 627 14 158 11.16
10 0 3 0 0 7 3 615 619 623 14 131 9.72
9 0 0 0 5 0 2 624 633 24 205 11.84
2 0 5 0 0 1 3 622 623 624 14 199 8.42
6 0 0 0 0 10 3 618 621 627 4 187 7.27
3 0 6 2 2 0 2 626 634 10 167 8.52
3 0 6 10 0 0 3 622 625 630 24 216 10.37
4 0 5 4 0 0 3 628 630 635 7 141 9.23
9 1 0 0 0 0 3 626 630 631 23 139 11.35
7 1 0 0 0 0 3 628 629 632 27 225 10.1
4 1 0 0 0 0 3 629 631 638 24 206 6.38
1 0 0 7 0 5 3 631 634 636 33 148 11.88
1 1 0 0 0 0 2 627 632 27 197 8.12
6 1 0 0 0 0 2 628 638 32 191 11.97
10 0 0 8 1 0 2 629 638 28 164 11.04
4 1 0 0 0 0 1 633 38 180 6.01
10 0 7 3 10 8 3 633 634 635 38 229 8.26
2 1 0 0 0 0 1 636 32 236 10.65
6 1 0 0 0 0 2 632 635 34 179 10.34
6 0 3 0 3 1 1 637 40 224 7.87
10 0 3 3 2 0 1 636 48 169 11.42
8 0 7 8 3 0 1 637 48 171 6.23
2 0 4 0 0 0 1 637 48 198 11.16
8 0 10 4 0 0 1 639 58 191 9.83
10 0 4 6 10 0 1 639 56 214 8.79
5 1 0 0 0 0 1 639 38 195 8.03
1 0 0 0 0 0 0 66 199 6.52
84.42 86.67 85.85 84.8 86.32 98.33 123.46 149.8 125.0 101.94 85.83 76.73 65.92 61.47 70.56 79.89 101.44 132.42 210.51 413.66 308.52 150.28 119.37 108.69 108.12 109.21 106.31 104.25 104.21 107.35 182.39 294.59 193.65 125.7 102.57 96.01 84.74 84.27 87.45 94.85 105.81 131.17 192.68 386.4 210.0 130.02 112.62 105.9 104.86 103.61 100.57 101.42 100.87 110.31 133.35 216.33 165.29 122.31 113.97 114.82 103.58 96.03 86.56 95.58 110.26 126.54 170.59 276.46 172.73 117.57 98.94 84.59 85.95 83.19 75.65 67.14 66.2 71.23 105.95 123.07 121.14 104.81 76.01 38.73 51.48 49.23 57.64 54.03 46.92 89.09 126.33 188.92 151.12 116.25 92.43 81.94 48.33 42.49 35.11 33.23 41.42 73.44 114.49 123.43 109.04 92.68 58.95 49.64 47.43 46.93 59.75 76.99 92.55 97.99 130.14 200.52 165.0 119.39 104.84 98.65 94.3 79.39 72.93 73.75 79.32 82.83 86.36 78.23 72.18 54.48 14.27 2.37 0.0 0.01 0.01 0.02 41.22 101.57 123.7 142.34 127.6 113.87 100.62 88.1 85.5 77.16 79.68 84.97 92.72 99.3 99.25 103.59 107.52 87.7 61.58 17.66 6.57 0.0 -0.01 0.0 19.63 95.86 126.39 153.29 126.73 96.36 88.69 59.17 45.18 38.07 18.19 16.89 17.23 77.52 251.79 162.58 143.47 88.21 22.55 18.6 25.0 33.72 29.71 62.02 84.92 100.0 140.0 105.0 120.61 98.72 69.71 9.48 33.47 58.49 63.4 77.12 73.94 62.83 131.6 195.0 145.3 119.72 80.87 52.97 66.91 59.72 71.3 87.25 138.17 238.48 146.08 149.05 111.0 98.67 103.88 66.86 70.8 63.52 50.97 47.81 57.66 70.46 112.71 124.24 112.69 94.26 69.34 43.5 12.04 8.56 11.66 45.8 83.64 109.11 114.0 170.32 136.63 110.0 100.0 78.66 57.64 49.63 38.85 38.75 49.22 75.94 115.0 117.81 112.9 91.36 66.01 5.94 0.2 0.0 0.0 0.53 51.54 120.86 144.94 212.26 147.12 110.0 102.07 88.2 74.09 72.22 70.58 70.29 70.38 86.1 118.42 141.48 117.45 92.51 53.21 13.12 0.99 0.0 0.0 11.97 76.93 118.68 255.21 409.24 167.05 110.91 95.47 80.03 90.15 80.58 77.19 77.04 77.0 82.66 91.11 89.67 77.66 24.91 0.98 -0.89 -7.45 -10.25 -4.7 0.1 28.84 96.69 118.22 126.99 95.47 79.14 75.12 49.18 3.45 1.14 2.64 0.62 1.29 0.58 4.41 5.23 3.15 0.4 -0.25 -6.87 -10.36 -10.73 -2.58 -0.07 9.47 88.87 110.72 118.6 117.58 103.57 97.59 90.59 84.95 81.26 77.32 76.98 77.79 91.71 119.98 129.86 128.51 106.34 88.11 69.61 70.41 65.06 70.42 76.05 88.42 122.95 143.06 216.38 144.51 114.24 100.24 92.77 86.64 86.71 86.15 86.08 88.7 101.47 126.62 172.36 159.13 119.37 89.84 88.92 80.86 77.82 77.56 88.6 102.65 127.01 157.33 216.73 125.53 101.58 96.92 91.98 75.64 70.05 69.46 70.17 58.67 71.28 110.41 130.2 119.5 92.86 62.28 41.17 27.1 28.68 28.21 65.69 76.26 91.19 113.08 119.62 108.42 88.11 81.54 63.78 73.22 70.16 67.15 66.86 70.34 79.6 110.1 120.11 124.72 99.11 85.73 136.26 114.15 65.81 50.98 78.75 84.24 106.5 116.52 136.61 123.61 101.82 89.58 81.09 78.48 75.08 73.18 73.2 75.12 82.3 105.52 119.97 124.63 114.16 105.0 99.9 98.86 83.35 83.78 82.88 99.34 110.88 124.17 132.96 119.61 106.21 96.9 89.9 85.01 83.76 83.3 83.19 86.07 90.0 90.5 104.69 109.63 97.26 89.58 79.73 64.26 36.66 49.45 79.79 95.03 112.74 133.07 147.26 120.0 109.15 104.98 94.47 98.57 96.34 94.41 91.61 95.03 97.06 99.7 105.16 98.24 92.93 83.52 37.73 17.11 8.53 13.0 63.03 83.45 99.01 125.43 127.81 118.45 107.4 97.34 96.71 92.44 90.35 89.52 89.69 89.81 100.0 130.03 212.21 164.86 120.68 91.09 86.24 80.0 78.5 85.11 89.16 102.3 134.81 274.59 402.21 165.12 121.13 101.83 89.41 101.42 98.15 97.22 96.68 99.78 101.37 137.47 244.0 209.23 136.34 116.64 98.43 89.56 88.06 89.94 98.77 114.54 156.02 250.86 356.15 138.73 104.71 95.0 91.39 85.56 82.32 78.54 90.17 89.01 97.37 127.3 175.46 138.74 105.23 86.5 75.97 71.47 74.29 78.48 87.45 98.01 135.0 249.52 339.75 150.72 113.11 98.93 90.99 91.44 88.59 87.5 90.3 92.28 96.83 130.8 179.79 137.16 100.04 91.26 79.97 68.09 63.52 74.36 83.69 90.02 124.84 173.05 188.22 126.3 101.78 99.9 88.26 86.63 77.25 74.57 74.96 77.73 89.46 118.58 130.22 111.44 90.17 64.99 43.12 28.56 20.18 31.7 59.82 82.79 110.97 146.1 140.78 107.36 78.64 62.33 36.3 52.99 40.71 44.13 21.12 24.5 4.81 28.02 46.89 51.67 36.88 19.0 2.03 0.72 3.81 18.98 40.01 46.27 40.39 37.87 72.34 49.47 17.08 35.7 3.26 -0.79 1.27 -1.09 -1.17 -1.06 -0.99 -1.72 -0.31 15.04 16.23 16.02 10.44 15.94 6.66 1.62 6.57 8.03 64.94 100.81 185.0 136.63 65.0 65.0 65.0 53.01 86.57 63.27 42.37 20.73 25.66 105.0 120.0 110.01 120.0 101.53 90.62 89.43 83.92 93.3 92.2 94.16 110.0 127.96 158.37 126.94 120.19 119.33 105.89 100.68 94.18 90.38 90.07 93.83 97.29 134.49 228.56 284.54 208.59 152.29 131.35 112.92 108.5 107.75 115.64 124.61 152.46 204.46 217.86 146.41 123.24 107.42 97.48 93.45 88.44 87.56 87.2 90.27 98.29 116.8 154.23 165.96 134.62 117.18 104.18 91.34 90.11 91.41 100.62 118.7 148.89 179.14 198.98 140.0 112.81 108.86 98.07 97.38 92.95 93.66 91.76 94.02 102.79 126.61 144.82 149.94 133.23 110.81 98.32 94.14 89.59 88.91 97.61 99.46 109.39 116.52 114.63 106.55 96.17 88.08 77.77 86.49 84.36 79.52 78.04 78.04 78.01 93.58 111.82 121.99 107.93 93.33 82.88 77.77 77.75 80.96 91.5 96.87 111.41 107.47 109.56 105.76 97.8 93.51 91.53 92.96 88.84 87.79 84.61 82.75 85.05 90.27 96.75 100.46 94.54 84.96 74.92 59.14 45.84 49.82 77.57 87.3 116.24 125.9 130.5 120.98 113.33 107.49 95.15 96.33 93.02 89.62 86.28 87.45 88.01 88.89 89.54 88.81 84.69 80.78 76.54 52.46 52.59 65.38 84.17 92.42 105.35 102.41 108.53 108.56 108.8 108.75 93.97 94.62 91.27 92.03 91.57 96.57 100.54 122.73 204.07 195.24 148.74 127.45 113.19 95.92 91.31 94.34 104.46 111.58 165.0 287.83 287.51 167.91 124.82 122.0 111.66 109.86 103.77 100.41 100.32 101.8 107.57 128.3 169.18 197.16 159.02 134.08 121.54 109.67 106.57 113.28 130.91 157.9 221.54 391.95 400.62 217.31 150.0 126.38 114.46 117.0 113.79 109.43 105.67 108.85 115.33 155.0 282.83 275.88 180.05 141.56 128.26 121.83 115.58 119.14 126.81 141.78 155.09 201.75 205.73 136.19 110.61 90.04 70.91 87.81 86.49 90.82 88.61 91.01 89.36 107.52 115.79 132.85 120.2 93.13 88.46 84.0 82.62 85.14 86.88 105.01 121.62 134.02 139.96 123.61 107.79 103.02 93.95 89.51 82.6 84.41 82.75 88.54 97.49 116.38 137.75 146.31 129.02 118.2 99.84 89.74 89.4 92.13 99.68 113.94 129.65 139.1 140.0 120.66 106.09 99.82 92.82 77.35 75.11 78.62 79.9 82.95 80.55 87.76 104.61 112.37 106.97 96.1 84.02 76.34 71.35 76.08 86.26 93.82 117.8 126.58 117.8 107.59 95.43 97.57 94.57 92.63 84.81 78.82 79.33 81.1 85.62 90.42 93.03 91.2 80.7 72.1 62.21 34.88 20.62 37.12 69.7 92.01 120.93 124.31 109.1 94.36 89.44 80.7 65.11 73.92 69.83 67.28 66.54 67.52 81.68 120.0 132.61 124.43 107.51 94.45 84.44 91.11 94.06 88.14 104.04 113.17 113.73 99.95 86.25 75.7 72.22 73.7 63.18 70.02 56.22 53.26 46.12 51.19 65.08 78.53 120.0 116.48 91.74 96.15 100.05 99.28 93.19 78.84 72.71
