640 5
1 41 40 43 39
1 0 0 0 0 0 3 1 2 3 0 158 11.37
3 0 9 0 9 0 3 16 24 28 1 169 7.16
5 0 0 10 3 0 3 8 9 15 1 182 13.92
9 0 6 2 2 0 3 4 5 6 1 228 12.4
10 0 0 0 10 1 1 16 10 185 11.73
1 0 10 1 2 0 3 12 15 21 10 191 13.83
7 0 0 0 0 2 1 7 10 227 7.43
2 0 9 8 3 10 1 11 17 192 12.55
10 0 6 8 2 5 3 10 14 18 6 226 14.12
9 0 9 3 9 9 2 22 23 6 187 12.69
10 0 0 7 5 9 1 24 16 194 10.99
5 0 0 5 2 6 1 30 19 144 10.56
2 0 0 3 0 0 2 13 26 11 199 14.06
5 0 8 10 10 8 1 19 13 189 11.01
7 0 0 0 5 0 1 20 16 183 13.5
7 0 5 6 0 10 2 19 25 11 202 8.68
7 0 0 0 7 8 2 17 25 20 150 9.76
9 1 0 0 0 0 1 23 27 163 8.17
10 0 4 9 10 1 1 28 16 179 12.12
6 0 1 8 10 8 1 24 18 140 13.9
6 1 0 0 0 0 1 21 23 218 13.04
9 0 7 8 4 3 2 22 23 29 245 13.96
9 0 3 0 8 2 1 30 38 243 13.93
6 0 5 4 10 0 1 27 38 249 8.66
9 1 0 0 0 0 1 29 26 206 11.04
10 1 0 0 0 0 1 26 27 154 13.95
4 1 0 0 0 0 1 27 37 216 12.02
10 0 1 1 0 8 1 29 44 251 14.12
2 0 6 3 9 7 1 31 26 243 7.85
10 0 10 10 5 10 1 31 54 208 10.84
6 0 6 0 3 7 1 31 47 201 7.91
1 0 0 0 0 0 0 64 224 12.82
1 0 0 0 0 0 3 33 34 35 0 204 7.5
1 0 10 3 7 10 2 37 43 1 146 11.93
3 0 8 6 8 2 3 36 40 60 1 180 7.38
5 0 6 0 3 0 3 38 51 55 1 149 10.76
4 0 10 0 0 8 2 39 56 4 131 11.22
2 0 10 9 9 10 3 44 50 61 2 131 13.17
5 0 4 2 6 2 2 42 53 6 192 10.62
10 0 8 7 3 0 3 41 51 57 8 155 13.26
8 0 8 10 4 4 1 52 4 183 10.2
4 0 1 3 5 0 2 45 54 18 166 10.6
9 0 10 0 0 2 3 47 49 50 11 175 8.75
6 0 7 0 0 0 2 44 55 2 176 10.89
4 0 0 1 6 8 3 46 48 53 8 218 11.3
9 1 0 0 0 0 3 46 48 50 22 184 9.65
2 1 0 0 0 0 2 47 52 31 207 7.88
3 0 4 0 0 2 1 62 33 152 11.03
8 0 5 0 8 3 2 52 58 31 214 11.57
5 1 0 0 0 0 3 54 56 57 20 208 13.02
5 1 0 0 0 0 1 59 31 240 8.3
9 0 4 0 10 4 2 53 61 18 214 9.13
7 0 6 2 9 1 1 62 39 161 8.31
6 1 0 0 0 0 1 54 27 251 14.03
10 0 0 10 0 6 1 59 33 228 12.49
9 0 3 0 2 9 2 56 58 8 153 9.37
8 0 1 3 7 9 1 61 25 198 8.74
1 1 0 0 0 0 1 58 25 196 11.66
9 0 1 0 1 9 1 59 39 246 13.29
3 0 9 2 7 9 1 62 48 253 12.21
9 0 10 3 1 9 1 63 4 234 7.11
2 1 0 0 0 0 1 63 33 150 8.58
7 0 6 4 0 1 1 63 51 213 8.07
1 0 0 0 0 0 0 58 269 11.74
1 0 0 0 0 0 3 65 66 67 0 205 14.01
3 0 0 0 0 1 3 69 71 77 1 199 11.59
4 0 3 2 10 0 3 68 73 75 1 223 7.63
7 0 2 0 6 2 3 80 81 87 1 238 14.01
1 0 0 0 5 3 3 77 78 79 5 128 9.5
1 0 0 6 0 10 3 70 73 82 4 131 13.09
2 0 0 9 0 8 3 72 74 76 5 123 13.44
2 0 0 3 3 0 3 75 78 89 4 223 9.86
10 0 0 3 3 0 3 78 81 85 7 181 8.31
5 0 0 0 8 0 3 79 81 92 5 184 9.84
10 0 0 0 0 5 3 85 87 93 7 226 12.61
3 0 2 7 9 0 3 76 80 88 6 162 13.25
6 0 0 0 9 0 2 79 91 9 239 12.6
10 0 4 1 6 0 3 80 83 87 6 225 11.77
8 1 0 0 0 0 2 83 94 17 168 12.14
1 1 0 0 0 0 2 86 90 15 173 13.89
10 0 0 9 0 0 2 84 93 16 210 13.13
9 0 1 0 1 10 2 86 89 17 157 13.01
8 0 0 0 4 0 3 83 84 93 5 163 11.31
9 0 2 0 4 5 1 88 25 251 8.83
4 1 0 0 0 0 1 85 26 149 7.83
7 1 0 0 0 0 3 86 90 91 30 229 12.71
2 0 5 0 0 0 1 94 37 178 9.38
1 0 5 9 8 0 3 88 89 91 17 135 14.13
6 0 5 0 9 0 1 92 34 236 8.35
6 0 0 0 0 8 1 90 26 234 10.9
7 0 8 0 0 5 1 94 37 206 9.63
6 0 0 5 0 0 1 92 37 264 11.2
6 0 3 6 0 9 1 95 43 216 13.53
3 1 0 0 0 0 1 95 26 197 10.24
7 0 0 0 9 0 1 95 44 251 10.69
1 0 0 0 0 0 0 51 194 8.72
1 0 0 0 0 0 3 97 98 99 0 179 8.31
4 0 0 0 3 0 3 101 102 104 1 138 11.94
7 0 0 0 6 0 2 105 117 1 154 13.21
7 0 4 0 0 0 1 100 1 202 8.66
8 0 0 0 4 0 1 116 8 244 9.74
2 0 0 0 3 0 3 103 114 125 5 231 8.56
2 0 0 0 10 0 1 107 5 133 13.14
2 0 0 0 6 0 2 106 121 7 185 9.09
2 0 0 0 0 6 1 109 5 142 9.71
2 0 0 0 10 0 2 111 113 8 213 8.38
9 0 0 0 6 0 3 108 113 119 9 208 7.94
2 0 0 0 6 0 2 110 111 7 177 12.24
3 1 0 0 0 0 1 110 18 231 8.7
7 0 0 0 0 6 1 114 7 132 11.89
3 1 0 0 0 0 3 112 115 126 21 217 12.35
7 0 0 0 1 0 1 118 10 149 9.3
4 1 0 0 0 0 1 123 24 251 9.79
1 1 0 0 0 0 1 124 18 145 12.61
5 0 0 0 0 9 2 120 122 14 211 13.31
1 0 0 1 0 0 1 123 24 225 7.14
3 0 0 5 0 0 2 118 125 16 159 9.73
2 0 0 8 0 0 1 118 8 195 8.77
10 1 0 0 0 0 2 120 122 19 232 11.85
6 1 0 0 0 0 1 126 18 157 13.69
8 0 0 5 0 0 1 121 29 190 9.54
5 0 3 0 0 0 1 126 37 244 12.18
5 0 0 0 0 10 1 123 29 183 8.29
4 0 0 7 0 0 1 124 34 168 13.16
6 0 0 0 4 0 1 127 38 190 10.91
7 0 0 3 0 0 1 127 19 221 7.3
8 0 0 0 0 2 1 127 42 203 7.27
1 0 0 0 0 0 0 50 200 10.39
1 0 0 0 0 0 3 129 130 131 0 126 13.67
4 0 5 10 0 0 3 133 139 147 1 167 12.25
10 0 8 0 0 0 2 132 143 1 169 10.83
1 0 0 9 3 6 3 132 135 139 1 181 10.96
10 0 9 0 5 0 3 134 138 145 11 229 12.04
8 0 6 0 4 7 2 134 143 5 199 7.77
2 0 8 0 0 10 3 137 150 153 21 137 13.07
2 0 3 10 0 5 3 136 140 156 2 214 10.4
3 0 0 0 0 8 1 142 4 184 8.31
4 1 0 0 0 0 3 144 149 151 23 195 9.82
4 0 0 7 0 0 3 140 141 151 21 252 7.79
1 1 0 0 0 0 3 140 148 151 5 185 9.37
3 1 0 0 0 0 3 144 152 153 25 194 13.25
10 0 0 0 4 2 3 144 146 156 25 247 7.99
7 0 0 0 0 4 3 143 145 146 7 149 11.78
9 0 1 0 9 0 2 153 155 14 165 7.43
6 0 0 9 5 0 2 155 158 35 204 11.47
8 0 0 0 5 0 3 147 148 158 21 194 9.96
6 1 0 0 0 0 3 147 148 154 35 192 12.81
8 0 0 4 0 5 2 149 150 41 226 12.8
2 1 0 0 0 0 2 149 150 41 253 7.12
7 0 0 0 0 7 2 152 155 49 269 8.46
5 0 9 1 0 5 1 152 49 228 8.17
3 1 0 0 0 0 2 154 156 27 152 12.93
7 0 3 1 0 7 1 157 56 275 8.17
9 1 0 0 0 0 2 154 157 28 247 10.08
7 0 0 4 6 8 1 158 41 223 7.94
4 0 0 6 1 0 1 157 56 259 12.19
8 0 5 0 0 6 1 159 35 185 11.37
1 0 8 0 0 10 1 159 63 266 8.08
10 0 8 0 8 4 1 159 48 255 9.57
1 0 0 0 0 0 0 64 279 11.2
1 0 0 0 0 0 3 161 162 163 0 198 12.01
1 0 0 4 0 0 3 165 166 175 1 134 7.86
10 0 4 0 0 0 3 167 181 184 1 136 8.65
5 0 0 0 5 0 2 164 167 1 174 12.0
8 0 6 0 0 0 3 169 180 190 6 143 10.58
5 0 0 1 0 0 3 170 171 174 2 185 7.07
9 0 0 0 0 1 2 168 177 2 178 12.08
1 0 7 0 0 0 2 179 182 11 191 10.78
8 0 1 0 0 0 3 172 181 182 11 163 8.75
8 0 0 0 6 0 2 170 173 14 173 9.65
6 1 0 0 0 0 2 172 176 22 172 9.52
6 0 0 7 0 0 2 182 185 7 162 8.0
6 0 0 0 10 0 2 186 187 28 210 10.89
6 1 0 0 0 0 1 183 22 164 7.36
1 0 1 0 0 0 1 177 7 126 14.01
6 0 0 0 0 6 2 178 179 2 227 9.34
1 0 0 0 1 0 3 178 185 186 28 206 11.26
3 0 8 0 0 0 2 179 183 11 221 10.13
7 0 0 7 0 0 1 181 29 158 9.01
10 0 10 0 0 0 2 180 190 14 190 13.49
8 1 0 0 0 0 2 188 189 24 192 8.73
10 0 0 8 0 0 1 187 36 198 11.44
8 0 0 0 0 2 1 190 19 177 8.55
3 0 0 7 0 0 1 184 28 236 12.02
3 0 3 0 0 0 2 185 186 31 199 7.65
7 0 0 0 0 1 2 187 189 34 253 13.7
7 0 1 0 0 0 1 189 34 181 9.12
3 0 0 3 0 0 1 188 46 252 11.2
5 0 0 0 6 0 1 191 49 263 10.38
5 0 0 2 0 0 1 191 41 237 10.33
1 1 0 0 0 0 1 191 27 181 8.1
1 0 0 0 0 0 0 54 228 10.82
1 0 0 0 0 0 3 193 194 195 0 196 13.55
10 0 0 10 0 0 3 199 215 219 1 225 9.11
3 0 0 0 6 0 3 197 204 206 1 136 11.18
10 0 0 0 0 4 3 196 198 199 1 146 12.28
4 0 0 0 0 8 3 200 204 205 11 132 9.28
10 0 0 9 0 0 3 207 210 213 4 179 13.28
10 0 0 0 4 0 3 201 202 203 11 247 11.44
3 0 0 0 0 8 3 204 209 217 11 174 8.42
3 0 0 0 9 0 3 207 209 219 15 153 8.92
8 0 0 4 0 0 2 206 213 21 217 8.33
8 0 0 0 6 0 2 208 213 21 186 8.99
7 1 0 0 0 0 3 208 209 216 21 212 10.99
1 0 0 0 0 4 2 207 222 15 229 8.42
10 0 0 0 0 4 3 211 216 218 15 205 11.27
7 1 0 0 0 0 3 208 210 214 29 209 11.51
3 0 10 0 0 0 1 212 18 238 11.89
10 1 0 0 0 0 3 211 215 222 36 228 12.68
4 0 3 0 0 0 3 212 214 222 28 253 9.29
4 0 0 10 0 0 3 211 212 215 36 231 12.43
10 0 0 0 6 0 1 219 46 175 12.01
7 0 0 0 0 7 1 218 40 234 13.02
10 1 0 0 0 0 3 214 216 218 29 213 13.74
10 0 8 0 0 0 2 220 221 39 209 10.21
4 0 0 0 6 0 2 217 220 46 205 13.25
2 1 0 0 0 0 1 217 39 188 7.42
1 0 0 0 10 0 1 221 50 255 9.69
7 0 6 0 0 0 1 221 47 259 8.58
2 0 0 3 0 0 1 220 56 241 8.34
2 0 0 0 9 0 1 223 58 268 9.75
10 0 0 0 9 0 1 223 54 207 7.24
5 0 0 0 0 10 1 223 46 197 8.63
1 0 0 0 0 0 0 64 239 13.99
1 0 0 0 0 0 3 225 226 227 0 122 10.53
5 0 8 3 5 6 3 230 233 239 1 218 10.41
4 0 8 7 3 6 3 228 229 235 1 172 7.96
1 1 0 0 0 0 3 240 242 244 1 196 7.13
9 0 8 1 7 3 3 234 237 240 5 243 10.94
4 0 10 3 2 3 3 231 232 236 5 201 8.01
6 0 4 4 1 7 1 231 6 161 11.55
3 0 8 5 10 10 3 234 241 247 12 142 10.78
9 0 7 7 4 6 3 245 246 250 9 185 9.77
1 0 4 10 1 1 3 234 240 241 6 211 7.18
1 0 3 2 8 7 3 238 243 248 15 209 8.41
10 0 3 10 1 3 3 241 245 247 5 239 7.34
3 0 3 8 10 7 3 238 246 247 9 142 9.85
9 0 6 3 6 3 3 239 244 249 14 187 12.51
10 0 4 10 1 4 2 244 252 16 187 11.19
8 1 0 0 0 0 3 242 246 248 23 227 12.03
4 0 3 7 10 5 3 243 249 251 14 154 10.75
4 1 0 0 0 0 3 242 248 249 15 151 10.66
3 0 5 4 6 9 2 243 254 31 224 12.44
5 0 2 6 4 3 1 253 34 203 13.23
9 0 3 6 5 7 1 245 26 230 8.54
8 0 7 4 5 9 1 251 35 165 7.96
5 0 2 2 5 7 2 251 254 31 183 9.92
10 1 0 0 0 0 2 252 254 15 139 9.99
1 0 1 1 6 9 2 250 253 31 239 12.3
6 1 0 0 0 0 1 250 23 212 10.12
10 0 7 7 10 7 1 252 32 193 12.4
2 0 2 8 10 8 1 253 43 189 9.87
9 0 3 2 3 4 1 255 42 198 10.82
6 0 1 5 2 3 1 255 45 248 10.64
10 0 4 4 2 4 1 255 36 207 13.38
1 0 0 0 0 0 0 51 272 8.78
1 0 0 0 0 0 3 257 258 259 0 160 12.8
6 0 0 9 8 7 3 265 269 272 1 139 8.93
10 0 10 1 7 0 3 261 264 274 1 145 12.14
10 0 8 2 0 6 3 260 263 264 1 171 13.28
5 0 0 7 8 0 3 262 266 272 11 243 13.26
8 1 0 0 0 0 2 268 280 11 226 8.55
3 0 6 2 0 1 2 268 278 16 245 11.08
8 0 8 7 6 6 3 265 266 267 11 184 12.7
10 0 6 8 2 5 3 270 272 276 11 134 10.91
6 0 0 7 6 3 3 270 274 276 19 216 14.04
7 0 0 2 10 10 3 271 277 278 19 222 10.86
8 0 8 10 10 10 2 269 284 19 191 7.16
5 1 0 0 0 0 3 269 270 276 19 241 7.39
2 1 0 0 0 0 2 275 279 27 186 12.0
6 1 0 0 0 0 3 273 282 284 25 240 9.46
6 1 0 0 0 0 1 279 26 146 7.95
9 1 0 0 0 0 3 275 278 284 21 160 7.11
10 0 0 6 0 6 2 275 283 31 263 13.14
4 1 0 0 0 0 3 277 280 283 25 153 8.81
6 0 3 2 4 2 1 277 41 167 10.52
10 0 5 4 3 9 1 279 25 247 11.98
7 0 6 1 5 8 2 281 286 47 258 11.74
7 0 0 0 3 8 2 280 282 30 198 9.95
9 0 7 8 3 6 3 281 282 283 35 223 13.14
3 0 1 9 10 0 1 281 37 191 9.92
6 0 1 0 0 8 1 285 54 189 8.01
5 0 1 5 10 7 2 285 286 44 160 8.77
3 0 0 1 10 5 2 285 286 44 196 10.42
10 0 9 9 0 1 1 287 31 234 9.21
3 0 5 5 7 0 1 287 60 270 14.07
10 0 0 0 0 5 1 287 54 282 9.77
1 0 0 0 0 0 0 64 205 10.5
1 0 0 0 0 0 3 289 290 291 0 205 9.81
3 0 7 0 0 0 3 293 301 310 1 157 8.81
10 0 0 8 0 0 1 316 1 236 13.93
10 0 0 5 0 0 1 292 1 231 7.17
7 0 0 0 10 0 1 295 11 209 11.71
6 0 0 0 0 5 3 294 302 306 4 191 9.06
9 0 0 0 0 4 3 300 307 311 10 241 9.73
7 0 0 0 4 0 3 296 297 309 18 163 11.46
9 1 0 0 0 0 1 313 25 230 8.91
4 1 0 0 0 0 3 298 299 313 25 229 12.56
4 0 0 0 0 9 1 304 29 193 8.94
9 0 0 0 3 0 2 307 316 29 188 10.63
7 0 0 9 0 0 3 303 305 308 19 148 8.34
9 0 0 0 0 9 1 314 4 189 13.73
5 1 0 0 0 0 2 303 312 10 209 9.0
7 0 0 0 0 9 1 315 26 157 13.22
1 1 0 0 0 0 1 316 33 217 13.62
7 1 0 0 0 0 1 318 26 150 12.18
2 0 0 0 0 10 1 313 10 181 12.28
9 0 0 7 0 0 1 317 38 252 11.11
2 1 0 0 0 0 1 312 26 201 11.09
7 0 0 2 0 0 1 310 25 236 12.06
3 1 0 0 0 0 2 312 318 32 197 8.75
10 0 0 0 10 0 1 318 19 225 11.74
1 1 0 0 0 0 1 315 35 227 10.78
4 1 0 0 0 0 1 317 34 164 13.4
4 0 0 0 7 0 1 315 13 143 9.98
1 0 0 0 1 0 1 317 36 157 9.84
10 0 0 6 0 0 1 319 38 269 7.14
9 0 0 0 0 6 1 319 47 270 11.41
8 0 0 0 0 10 1 319 35 159 10.77
1 0 0 0 0 0 0 56 171 9.11
1 0 0 0 0 0 3 321 322 323 0 146 12.58
6 0 0 0 8 1 3 324 327 342 1 154 12.51
1 0 0 8 6 5 3 327 333 336 1 124 12.2
2 0 9 2 0 5 3 325 328 332 1 156 7.54
9 0 0 3 0 3 3 326 339 340 7 181 7.12
8 0 0 0 0 1 3 326 330 339 3 205 11.22
5 0 0 3 0 9 1 333 16 182 8.1
5 0 0 7 5 0 3 329 331 335 7 199 11.97
6 0 0 0 0 7 3 343 344 345 3 191 9.39
4 0 8 9 1 3 2 332 341 12 198 12.6
8 0 0 10 0 3 3 335 337 347 11 177 7.39
4 0 0 0 0 8 3 334 337 344 12 171 10.91
10 0 0 2 5 0 1 346 16 189 13.46
9 1 0 0 0 0 2 337 341 21 240 9.77
2 1 0 0 0 0 1 349 16 201 9.77
7 0 8 0 1 2 2 338 344 19 233 8.16
6 0 0 6 7 6 1 338 2 154 7.6
1 1 0 0 0 0 1 338 30 200 7.15
9 0 8 0 0 9 2 346 349 31 225 14.01
10 0 0 10 0 0 1 343 16 178 7.55
7 0 1 3 0 8 2 341 343 16 205 12.88
10 0 0 0 8 1 1 346 30 159 8.43
10 1 0 0 0 0 1 350 7 139 11.85
9 0 0 3 0 0 2 347 350 26 209 7.93
3 0 0 0 6 0 1 349 26 253 13.58
5 1 0 0 0 0 2 347 350 9 226 9.98
5 0 2 0 8 10 1 348 40 262 9.91
7 0 6 0 10 1 1 348 35 248 13.63
8 0 5 0 0 0 1 351 45 204 9.97
8 0 5 5 10 0 1 351 40 223 10.48
10 0 7 0 3 2 1 351 35 157 12.67
1 0 0 0 0 0 0 53 258 8.73
1 0 0 0 0 0 3 353 354 355 0 190 7.38
8 0 4 0 0 0 3 356 357 366 1 175 7.11
2 0 0 9 0 0 3 358 371 374 1 207 7.85
1 0 0 0 0 5 2 359 364 1 180 11.16
8 0 0 9 0 0 3 360 361 365 9 132 8.3
10 0 0 10 0 0 2 381 382 9 141 14.0
5 0 0 0 0 6 2 359 364 3 203 9.42
4 0 2 0 0 0 3 361 362 367 8 132 12.38
4 0 0 0 0 9 3 367 368 373 17 230 7.61
5 1 0 0 0 0 3 370 377 378 17 243 12.74
1 0 0 0 0 2 2 363 372 12 206 7.44
9 1 0 0 0 0 3 365 373 380 13 142 8.47
10 0 3 0 0 0 1 381 8 208 13.72
4 1 0 0 0 0 1 377 22 236 13.5
3 0 0 0 0 8 3 371 374 377 9 153 13.17
1 0 0 0 0 2 1 369 21 163 12.0
2 1 0 0 0 0 1 372 21 213 11.26
10 0 0 9 0 0 2 376 379 22 166 9.29
3 0 0 5 0 0 2 375 376 22 195 7.98
8 0 10 0 0 0 2 378 380 12 223 10.6
1 1 0 0 0 0 2 375 382 23 140 10.41
3 1 0 0 0 0 1 378 22 246 8.38
5 0 0 0 0 7 2 375 376 12 226 13.54
7 0 0 8 0 0 1 381 25 226 9.79
1 0 0 7 0 0 1 380 32 164 11.13
6 0 6 0 0 0 1 379 26 224 7.37
8 0 0 0 0 6 1 379 25 213 8.7
8 0 0 0 0 4 1 382 33 177 13.84
2 0 0 0 9 0 1 383 33 185 9.37
2 0 2 0 0 0 1 383 32 247 12.69
2 0 0 9 0 0 1 383 41 194 10.51
1 0 0 0 0 0 0 43 168 11.13
1 0 0 0 0 0 3 385 386 387 0 150 11.75
9 0 0 0 6 0 3 389 397 413 1 165 9.82
1 0 0 4 4 6 2 388 412 1 163 8.28
1 0 2 0 0 0 3 390 391 393 1 131 10.65
2 0 0 5 0 0 3 392 395 400 2 173 11.47
9 0 9 0 0 8 1 406 10 185 8.25
8 0 4 7 5 0 3 392 394 407 2 157 12.36
5 0 4 7 3 2 1 411 2 199 12.7
1 0 0 0 9 0 1 405 10 145 9.54
8 0 0 7 4 0 2 398 404 2 137 11.48
2 0 3 0 5 3 1 398 10 193 12.82
10 0 5 0 0 0 2 396 399 4 188 13.22
4 0 3 0 0 0 1 402 14 227 13.47
4 0 0 3 7 0 1 401 10 192 9.69
8 0 0 1 0 0 1 409 12 231 14.13
7 0 0 0 9 0 1 403 14 180 9.51
10 0 0 6 0 0 1 403 4 227 13.81
10 1 0 0 0 0 2 409 410 14 208 7.55
7 0 0 0 3 5 2 408 411 18 209 8.08
7 0 0 9 4 6 2 405 413 21 203 8.5
10 0 7 2 6 0 1 408 10 149 12.28
4 0 6 0 0 5 1 411 28 202 10.68
3 1 0 0 0 0 1 409 19 225 9.17
7 0 1 0 8 10 2 408 414 10 179 7.77
9 0 0 5 0 0 1 413 25 164 8.1
6 0 0 3 9 10 1 412 24 174 11.46
4 0 5 0 3 0 1 412 24 178 11.41
5 0 0 9 0 0 1 414 32 212 9.83
10 0 8 4 0 7 1 415 30 213 13.15
4 0 10 5 0 1 1 415 34 243 7.93
5 0 4 6 9 0 1 415 37 248 8.07
1 0 0 0 0 0 0 42 223 9.41
1 0 0 0 0 0 3 417 418 419 0 206 9.61
6 0 0 2 0 0 3 424 437 439 1 150 13.72
4 0 0 0 9 0 2 421 427 1 198 11.04
10 0 7 0 0 0 3 420 422 445 1 188 8.46
9 0 0 5 0 0 3 423 429 432 11 238 13.03
3 0 0 0 7 0 1 443 5 170 11.58
4 0 0 0 9 0 1 444 11 236 8.59
4 0 5 0 0 0 2 426 428 20 221 12.68
3 0 0 9 0 0 2 425 430 7 195 9.34
8 0 4 0 0 0 1 434 10 216 10.27
5 0 0 0 10 0 2 439 441 24 158 7.14
6 0 0 0 2 0 1 436 5 139 13.5
2 0 5 0 0 0 3 431 435 438 24 185 9.65
8 0 0 0 8 0 1 436 20 214 13.7
4 0 0 0 0 7 1 431 10 231 8.57
10 1 0 0 0 0 1 436 26 208 9.81
8 0 0 0 0 10 1 433 20 167 11.55
2 0 0 0 2 0 1 442 28 198 12.49
4 0 8 0 0 0 1 445 18 209 10.14
10 1 0 0 0 0 2 440 441 26 211 12.04
4 1 0 0 0 0 1 446 36 207 11.67
4 0 0 0 8 0 1 442 7 199 11.69
5 1 0 0 0 0 1 440 26 170 10.63
1 1 0 0 0 0 2 444 446 29 154 11.99
6 0 0 0 3 0 1 442 36 171 13.15
10 0 0 0 8 0 1 443 36 246 7.78
1 0 0 6 0 0 2 443 446 42 241 13.44
8 0 0 0 1 0 1 444 46 180 11.49
6 0 5 0 0 0 1 447 54 208 7.84
8 1 0 0 0 0 1 447 22 194 9.77
9 0 0 0 1 0 1 447 43 178 12.73
1 0 0 0 0 0 0 60 230 12.4
1 0 0 0 0 0 3 449 450 451 0 130 8.06
7 0 7 0 0 0 3 456 459 464 1 129 13.67
3 0 0 8 0 0 3 452 457 458 1 153 11.62
10 0 0 0 0 2 3 453 461 471 1 196 8.02
2 0 0 5 0 0 3 454 456 465 4 220 8.48
6 0 0 0 0 4 2 454 455 11 214 8.3
8 0 0 0 1 0 3 459 462 463 17 244 13.34
7 0 0 0 0 1 2 457 459 17 164 13.44
1 0 3 0 0 0 3 461 471 476 8 212 9.5
6 1 0 0 0 0 3 462 463 465 24 198 8.56
9 0 0 2 0 0 3 460 466 469 4 168 7.09
3 1 0 0 0 0 1 468 25 219 9.54
4 0 0 0 10 0 3 461 463 468 13 243 13.88
1 0 0 0 3 0 1 478 17 182 13.14
7 0 9 0 0 0 3 464 469 470 30 166 9.52
8 1 0 0 0 0 2 467 470 30 186 8.21
9 0 0 0 5 0 3 466 467 474 37 184 12.24
8 1 0 0 0 0 3 468 469 470 30 199 10.97
1 0 8 0 0 0 3 472 475 477 46 191 7.56
6 0 0 0 6 0 3 472 475 477 46 203 11.83
8 0 0 0 0 8 2 473 474 38 235 10.17
3 1 0 0 0 0 1 473 38 200 11.06
8 0 2 0 0 0 2 472 474 38 268 10.82
2 0 0 0 0 7 2 473 475 11 198 9.02
2 0 0 7 0 0 1 476 52 205 11.59
2 0 0 0 2 0 2 477 478 46 262 11.32
10 0 0 0 0 5 1 476 46 179 10.49
6 0 4 0 0 0 1 478 52 261 10.89
6 0 0 6 0 0 1 479 56 243 13.13
2 0 1 0 0 0 1 479 52 167 8.84
7 0 0 0 0 5 1 479 58 205 7.54
1 0 0 0 0 0 0 65 183 12.97
1 0 0 0 0 0 3 481 482 483 0 172 12.24
9 0 0 9 0 6 1 492 1 231 9.29
3 0 0 6 3 9 2 484 485 1 223 10.09
9 0 0 5 1 10 2 487 491 1 171 13.9
2 0 2 4 0 0 3 486 492 500 4 148 13.44
7 0 0 10 8 6 2 497 499 4 176 13.01
10 0 4 6 9 9 3 488 494 496 6 153 12.88
7 0 0 4 6 10 3 489 490 503 10 220 11.69
3 0 5 4 0 0 3 489 490 498 16 148 8.72
7 1 0 0 0 0 1 497 19 236 10.12
5 0 1 0 4 10 2 504 509 19 163 10.62
7 0 0 9 9 5 3 492 493 506 10 221 11.17
10 1 0 0 0 0 3 498 509 510 17 231 11.26
9 1 0 0 0 0 1 495 17 173 13.05
2 0 5 7 8 6 2 498 503 16 140 13.85
1 1 0 0 0 0 2 500 505 26 207 9.74
7 0 8 0 8 2 2 497 499 16 175 11.96
5 1 0 0 0 0 2 504 505 26 176 14.08
3 0 0 10 0 6 1 508 27 179 7.99
7 0 4 1 0 0 2 501 504 23 145 11.16
4 0 2 5 0 0 2 507 508 27 153 10.47
3 0 5 6 1 0 1 502 30 207 13.28
2 1 0 0 0 0 1 503 33 201 7.21
10 0 2 10 3 0 1 506 35 160 9.06
7 0 4 6 1 9 3 506 507 508 31 233 8.89
10 0 8 0 4 0 2 507 509 31 224 13.25
5 0 3 4 10 3 1 510 45 186 11.69
5 0 8 10 1 1 1 510 41 238 9.12
5 0 2 2 9 1 1 511 38 196 11.13
3 0 5 0 7 6 1 511 41 212 12.17
10 0 7 6 7 5 1 511 50 272 7.73
1 0 0 0 0 0 0 60 202 11.09
1 0 0 0 0 0 3 513 514 515 0 204 9.16
9 0 6 1 8 6 3 516 520 522 1 206 8.54
1 0 0 9 5 0 3 519 526 533 1 144 11.07
3 0 7 0 0 1 3 524 528 533 1 125 9.15
7 0 2 0 7 8 3 517 521 530 10 168 11.14
4 0 2 9 8 9 3 518 524 529 17 174 7.35
9 0 6 5 9 0 3 523 525 536 21 232 13.23
3 0 9 0 3 2 3 521 529 530 2 124 10.88
6 0 3 0 0 0 3 524 526 537 10 132 12.32
1 0 3 5 2 8 3 532 534 535 17 141 11.5
4 0 0 6 4 10 3 531 535 536 10 163 14.04
6 1 0 0 0 0 3 527 534 538 30 166 9.53
5 0 6 5 3 2 3 527 541 542 21 192 7.81
7 0 3 0 8 8 3 527 528 533 30 250 9.26
4 0 6 9 0 8 2 528 530 16 142 10.93
1 0 0 6 8 10 1 531 37 198 8.24
9 0 1 2 0 1 2 531 539 37 166 10.83
7 1 0 0 0 0 2 536 538 21 163 9.85
4 0 0 10 0 9 2 532 538 20 230 7.93
1 0 0 5 1 8 1 532 46 173 10.76
10 0 7 0 2 3 1 540 47 247 13.92
8 0 1 9 3 10 2 534 535 37 247 11.02
7 0 5 9 6 10 2 537 539 45 248 13.35
2 0 4 10 0 5 1 541 45 265 10.28
5 0 0 3 0 4 1 537 30 221 13.84
4 0 4 0 5 3 2 540 542 52 208 10.87
8 1 0 0 0 0 3 539 540 541 36 258 8.59
8 0 0 8 7 8 1 542 52 232 9.39
5 0 4 6 8 0 1 543 57 254 11.59
1 0 0 4 9 1 1 543 47 213 10.82
6 0 4 9 0 3 1 543 60 261 9.58
1 0 0 0 0 0 0 66 213 8.25
1 0 0 0 0 0 3 545 546 547 0 122 9.07
5 0 0 3 0 0 3 548 552 566 1 160 12.49
1 0 4 0 0 0 3 549 550 551 1 200 9.75
8 0 2 0 8 0 3 553 558 567 1 194 10.11
4 0 10 0 0 10 3 553 556 567 6 216 8.95
4 0 0 8 7 0 3 555 561 574 2 121 12.28
1 0 9 2 0 2 3 557 562 566 2 127 7.45
7 0 0 1 5 0 1 564 2 188 12.4
10 0 0 5 3 0 3 553 554 556 6 147 12.42
5 0 0 1 2 0 1 569 16 178 10.06
6 0 2 0 5 0 2 558 562 16 196 9.37
9 0 9 0 0 0 2 558 560 6 179 10.53
7 0 4 1 0 5 3 559 560 563 16 223 13.18
4 0 7 4 4 0 1 572 3 151 7.66
6 1 0 0 0 0 1 568 22 243 13.06
6 1 0 0 0 0 2 569 573 23 152 12.41
2 0 10 2 0 3 2 570 571 23 181 13.99
9 0 2 10 0 4 1 568 6 139 9.29
9 0 0 4 0 9 1 565 22 229 13.14
5 1 0 0 0 0 2 568 573 23 191 13.51
8 0 4 0 0 10 1 565 9 161 7.79
2 1 0 0 0 0 2 567 569 31 164 10.8
8 0 0 0 3 8 2 571 573 6 142 11.16
5 0 0 3 0 1 2 570 574 33 215 13.06
5 1 0 0 0 0 1 571 28 157 8.44
3 1 0 0 0 0 2 570 574 33 246 12.57
8 0 0 0 9 6 1 572 38 160 10.02
1 0 0 4 0 10 1 572 33 203 11.89
8 0 0 6 0 0 1 575 46 194 7.1
7 1 0 0 0 0 1 575 29 173 13.14
1 0 0 9 8 10 1 575 38 227 11.85
1 0 0 0 0 0 0 54 218 13.39
1 0 0 0 0 0 3 577 578 579 0 146 11.77
9 0 5 0 0 2 3 580 584 594 1 149 12.68
4 0 0 5 0 9 3 585 588 589 1 212 9.02
5 0 4 0 0 0 3 581 582 583 1 234 9.67
7 0 3 2 7 0 1 581 10 225 7.39
1 0 6 2 0 0 1 601 17 220 11.1
3 0 0 0 0 3 1 603 6 207 11.33
9 0 0 0 0 9 1 601 6 243 13.65
8 0 7 0 5 3 3 586 589 592 10 145 13.65
10 0 0 1 0 0 3 587 591 593 5 196 8.52
6 0 0 4 4 9 2 590 606 18 232 12.93
5 0 0 1 0 0 1 604 15 169 7.69
10 0 0 0 9 0 2 598 599 5 229 8.03
3 0 8 4 0 7 3 595 603 605 18 237 9.59
6 0 0 5 2 7 1 597 24 162 12.91
9 0 0 0 2 0 1 602 15 249 13.11
3 0 0 0 0 5 2 603 606 18 140 11.17
4 0 0 9 8 7 1 605 15 242 10.28
10 0 0 2 1 0 1 596 10 235 10.97
7 0 0 0 9 0 1 600 21 203 13.84
10 1 0 0 0 0 1 601 20 223 10.84
6 1 0 0 0 0 1 598 30 190 12.53
7 0 4 9 5 2 1 602 36 165 7.19
8 0 0 7 0 10 1 600 15 171 8.5
1 1 0 0 0 0 1 602 28 250 8.1
7 0 6 0 4 10 1 605 30 174 9.94
3 0 9 0 8 0 1 604 43 191 8.21
7 1 0 0 0 0 1 604 21 151 13.23
8 0 0 5 5 0 1 607 46 252 7.57
3 0 4 0 1 5 1 607 37 191 13.08
3 1 0 0 0 0 1 607 24 143 13.19
1 0 0 0 0 0 0 54 177 8.23
1 0 0 0 0 0 3 609 610 611 0 152 10.2
5 0 9 5 5 4 2 616 628 1 217 7.86
5 0 1 3 10 4 3 613 614 617 1 168 8.2
9 0 10 1 7 5 2 612 622 1 140 12.76
9 0 3 8 3 2 3 615 620 623 10 174 8.28
2 0 1 10 2 5 2 620 632 6 189 7.56
6 0 5 1 2 3 3 618 619 627 6 206 7.94
4 1 0 0 0 0 1 629 19 164 7.2
1 0 1 1 10 6 3 631 635 637 6 167 11.38
2 0 6 1 9 6 1 622 6 195 12.66
6 0 3 10 4 9 1 629 12 136 11.38
10 0 3 9 8 7 3 620 621 624 12 213 11.91
2 1 0 0 0 0 2 629 636 22 163 9.29
10 0 1 1 2 7 3 630 631 635 22 183 12.41
9 0 3 9 7 2 2 625 630 10 206 11.89
2 1 0 0 0 0 3 626 628 630 19 209 12.17
4 0 8 1 5 3 3 625 628 633 22 238 9.61
4 1 0 0 0 0 2 626 635 26 213 8.23
3 1 0 0 0 0 1 631 30 165 7.25
4 1 0 0 0 0 1 637 12 231 10.53
6 0 6 4 9 3 2 632 634 26 184 8.94
1 1 0 0 0 0 1 633 24 176 8.27
9 0 4 6 8 6 1 638 32 160 12.58
5 0 4 1 10 8 2 632 638 33 199 10.71
7 0 2 10 7 4 1 636 38 267 7.65
7 0 8 2 7 9 1 634 26 188 9.18
10 0 4 9 9 2 1 637 33 191 8.86
4 0 2 10 10 8 2 636 638 32 238 7.34
2 0 4 4 7 10 1 639 45 232 11.87
1 0 3 6 6 8 1 639 43 241 13.8
3 0 5 8 10 2 1 639 41 201 11.02
1 0 0 0 0 0 0 47 185 10.22
104.25 91.34 85.14 84.83 83.22 90.46 110.96 123.49 107.05 82.66 61.96 80.01 80.01 79.64 76.29 79.0 132.03 97.04 93.33 118.49 186.12 189.94 125.79 102.56 103.51 96.61 94.3 93.81 94.71 102.51 118.0 106.38 97.67 70.74 4.58 2.29 1.56 -1.01 -0.09 4.57 27.76 91.21 105.02 139.17 245.0 241.38 136.65 115.77 112.91 106.55 101.4 95.46 96.68 102.89 111.77 114.56 110.18 77.31 22.24 1.17 1.31 1.53 2.87 28.39 28.64 92.72 115.17 138.07 182.43 175.18 132.98 114.59 112.67 106.42 104.65 99.43 99.97 96.21 100.22 89.25 87.48 19.39 0.44 5.61 -12.0 0.44 -29.99 5.36 12.66 160.08 83.36 118.96 132.0 137.25 126.69 105.61 109.34 104.57 104.26 105.37 104.69 109.29 120.56 117.15 104.91 73.23 17.61 4.35 -0.46 -1.15 -0.21 2.49 32.24 93.45 110.58 136.54 202.88 179.61 137.05 121.38 118.78 110.48 108.15 106.86 108.99 104.38 100.71 90.74 75.93 23.4 -0.07 -2.37 -15.91 -29.21 -23.56 -3.17 0.11 64.11 106.3 129.53 157.3 165.82 140.65 118.68 108.61 101.05 96.91 92.65 90.34 88.49 72.75 26.44 0.0 -0.09 -11.11 -37.5 -64.11 -91.87 -75.14 -36.95 -6.08 7.89 107.72 119.23 137.2 137.11 126.42 101.63 88.81 92.21 69.54 66.9 79.78 94.61 130.46 109.44 91.87 51.48 38.02 50.01 84.3 110.22 100.41 142.84 166.99 139.0 250.0 196.34 152.6 125.0 103.11 84.39 103.63 102.38 99.68 95.61 79.55 108.35 125.43 118.18 111.65 120.75 46.91 55.34 74.14 76.35 68.17 54.37 100.0 120.99 135.0 101.96 138.44 120.24 165.03 130.94 82.97 74.81 73.34 72.05 73.82 80.55 105.72 112.01 98.44 72.08 25.74 15.77 27.37 26.51 57.69 66.84 74.29 89.11 113.92 149.24 198.96 240.25 170.94 124.57 119.95 108.09 103.39 99.91 100.02 104.51 120.14 121.01 106.79 96.87 88.26 81.57 70.5 69.41 68.33 80.0 97.39 104.45 125.0 158.95 169.86 147.17 108.36 89.68 74.97 69.34 67.91 73.25 75.68 84.35 105.58 113.2 107.7 91.16 79.18 67.45 55.25 74.77 91.97 97.56 92.63 82.01 87.88 100.72 119.73 134.89 125.79 106.69 92.87 89.72 82.18 76.9 70.45 75.65 74.53 58.98 27.8 2.34 0.01 0.3 1.26 2.25 -0.56 1.22 28.15 49.77 72.37 105.52 116.65 125.28 119.83 103.5 95.07 89.42 89.66 86.82 85.28 85.3 86.37 75.58 47.91 2.03 0.0 -0.27 -4.95 -16.56 -2.44 0.0 -0.49 27.22 95.0 102.14 111.98 118.07 113.73 101.0 98.73 89.03 85.03 84.13 86.44 97.23 114.67 111.75 104.99 98.14 87.73 61.18 22.74 19.98 26.65 62.54 82.65 98.25 110.14 178.94 283.1 233.0 157.0 122.65 111.28 97.24 89.1 88.32 90.01 98.78 114.97 120.28 110.76 82.71 77.22 68.74 50.5 50.48 70.87 78.41 90.8 102.81 152.08 302.22 465.66 394.02 240.15 145.09 119.29 102.77 92.54 92.08 90.99 99.87 115.32 110.16 104.52 90.96 80.28 80.01 48.71 34.31 56.97 72.39 82.1 98.79 135.44 260.22 305.31 186.0 134.93 110.34 99.18 86.46 79.0 78.93 80.88 88.52 104.49 107.47 104.9 90.45 75.06 57.35 42.16 45.4 67.55 79.9 90.61 110.0 117.42 145.01 190.85 166.78 132.8 113.97 109.25 104.54 101.31 98.39 103.62 106.63 122.6 116.65 100.0 91.15 70.01 65.86 20.419999999999998 21.814999999999998 32.535 40.96 59.57 92.505 103.25 136.76999999999998 163.07999999999998 147.10500000000002 123.60000000000001 110.41499999999999 109.95 102.16 100.46 97.16 95.93 88.11 85.74 44.95 17.86 3.34 0.0 -0.09 -1.32 -1.77 -2.48 2.02 28.53 75.01 89.08 128.53 135.31 127.43 114.4 106.86 96.9 91.8 90.47 106.23 110.68 86.01 77.67 76.72 69.32 36.45 19.3 15.7 13.66 7.48 12.07 51.12 75.13 102.96 114.0 134.18 148.04 138.91 124.28 109.99 118.61 106.45 101.44 98.81 100.99 110.05 134.2 143.67 149.08 132.38 110.37 109.41 90.85 97.69 99.79 85.42 114.43 105.42 109.84 142.85 151.22 131.88 110.4 91.46 104.19 94.75 89.95 88.99 89.44 93.67 111.41 118.73 116.13 91.29 83.34 81.26 86.08 79.91 76.02 74.34 84.79 92.57 89.0 112.47 128.72 119.55 115.9 100.0 95.1 83.93 80.72 81.43 81.54 94.05 113.66 116.46 114.08 96.59 84.68 77.34 63.67 46.02 36.98 49.8 76.89 81.48 101.47 118.11 138.09 137.6 117.58 104.57 100.91 95.73 89.1 86.4 87.77 98.5 107.29 107.57 104.93 88.28 79.62 65.33 45.17 39.34 39.25 56.39 76.55 86.99 100.03 112.59 132.34 132.27 120.31 107.33 103.55 98.01 93.32 89.8 90.67 95.58 104.78 102.99 101.96 92.19 81.38 71.53 61.66 41.05 32.04 50.0 70.94 95.0 105.88 112.89 120.83 117.01 109.68 103.13 112.0 104.43 103.56 97.52 93.47 89.89 85.09 87.79 82.96 60.06 18.19 3.0 0.22 0.0 0.0 0.22 23.08 71.54 106.94 110.28 119.41 123.65 125.0 115.42 115.05 108.56 107.78 106.85 104.04 100.25 95.11 91.59 79.26 36.95 4.28 0.05 0.0 0.0 0.0 0.0 2.32 71.81 102.22 115.58 122.12 128.07 126.94 115.63 113.78 103.11 97.31 93.57 97.3 108.18 117.87 119.7 103.12 87.75 81.22 77.69 71.95 65.01 58.01 67.28 85.23 99.88 117.0 150.05 186.21 164.52 128.73 114.94 107.59 102.64 92.71 88.22 87.18 93.0 110.69 113.26 106.74 90.29 76.31 64.27 61.73 49.76 50.47 64.91 83.37 100.22 117.11 136.16 147.62 144.83 120.52 110.6 97.93 92.89 85.63 82.27 82.94 88.98 106.05 112.86 111.66 103.18 88.93 85.5 82.8 81.76 78.61 83.81 91.1 95.54 105.52 125.0 143.17 134.85 116.44 108.94 105.09 100.09 91.7 89.3 90.21 93.89 108.91 114.11 105.92 93.1 85.0 77.07 70.17 67.76 57.1 71.34 88.48 94.73 112.75 128.76 139.96 134.5 125.07 114.18 107.84 99.69 96.24 96.29 97.95 107.46 116.86 115.82 109.4 97.77 84.84 82.01 80.0 73.02 71.2 72.68 87.65 91.87 101.9 120.0 142.41 139.5 124.58 111.94 103.49 104.13 102.01 99.65 96.93 95.73 97.07 86.1 78.11 52.32 10.0 0.65 0.0 -0.01 0.0 4.09 40.39 84.6 106.66 115.13 120.72 111.15 105.48 98.02 98.1 88.55 91.3 99.42 99.81 96.71 95.24 78.03 74.6 40.61 8.52 1.96 0.0 -0.01 0.0 8.53 69.88 94.7 104.51 115.63 122.54 126.75 117.31 108.24 91.62 84.97 84.12 83.96 84.96 94.24 116.33 123.34 118.99 105.0 97.67 93.45 84.94 83.84 82.95 84.94 92.6 103.86 119.85 145.57 111.39 113.65 101.91 99.9 90.37 87.53 84.89 82.27 83.7 91.4 109.11 108.66 100.22 91.99 83.17 70.01 64.53 23.99 12.57 42.89 69.94 87.04 112.05 135.55 99.43 106.55 101.3 101.58 93.63 88.67 88.96 84.58 88.72 93.04 95.34 102.74 96.5 82.81 70.63 76.77 69.62 69.5 69.06 70.66 82.27 95.45 122.48 181.21 176.27 93.76 98.89 100.0 97.21 99.22 94.6 93.45 95.37 102.99 110.98 115.44 109.36 96.42 89.86 85.09 82.69 83.21 84.56 89.86 98.56 105.66 106.58 110.0 102.96 123.04 107.47 106.47 109.66 104.06 98.39 94.29 98.85 99.2 110.0 112.29 110.94 98.44 94.93 85.24 83.33 80.31 78.77 86.34 91.55 92.77 116.96 137.6 183.66 135.21 105.39 107.18 108.78 103.92 94.8 96.0 96.45 97.0 98.78 97.23 88.72 87.08 81.02 76.61 67.54 63.14 62.17 71.96 85.2 100.69 92.47 93.86 100.81 115.0 113.62 107.99 102.03 97.0 92.48 89.38 90.06 87.17 87.86 85.6 80.85 80.1 77.09 71.24 46.2 15.04 8.85 17.66 47.08 81.86 82.62 90.79 94.59 115.47 110.0 102.57 97.87 87.02 82.24 80.38 80.8 86.2 105.62 116.88 118.42 108.0 100.75 93.19 84.1 80.21 72.36 77.93 80.45 90.43 88.61 90.9 94.03 99.18 99.56 93.52 88.51 85.86 84.7 84.05 86.25 95.18 101.38 108.9 96.98 82.12 68.77 56.28 25.06 8.95 11.67 21.47 55.14 74.27 85.81 107.85 141.01 116.33 108.83 100.96 96.09 92.03 87.07 85.17 87.15 97.15 100.98 98.65 90.99 72.7 58.59 40.45 24.79 17.69 10.7 28.25 54.23 81.08 84.43 121.34 113.2 108.13 99.62 96.29 94.81 88.24 78.39 75.82 78.37 87.12 100.52 100.69 93.96 85.62 72.89 71.88 62.44 49.48 35.27 56.25 73.74 88.12 90.87 114.17 131.28 118.62 107.87 102.21 104.96 98.01 91.74 88.3 93.62 100.52 106.43 110.0 106.13 98.62 77.66 71.83 72.48 63.67 50.41 50.76 72.4 77.48 91.84 107.62 105.0 99.37 106.42 101.11 104.13 100.0 97.59 92.19 91.37 90.87 89.53 84.61 77.91 61.53 31.71 5.68 2.95 0.0 0.0 0.0 5.43 61.96 92.52 100.14 101.15 100.34 101.05 94.13 82.96 77.4 71.52 68.87 66.59 60.8 47.24 26.18
