640 5
1 42 39 43 48
1 0 0 0 0 0 3 1 2 3 0 161 7.71
8 0 4 0 3 8 1 4 1 144 6.15
2 0 7 0 6 0 3 4 9 12 1 142 7.85
9 0 7 0 7 4 3 10 11 12 1 179 8.8
1 0 0 4 0 8 3 5 6 7 9 176 7.73
5 0 0 10 0 0 3 8 19 23 10 199 7.4
2 0 3 0 4 0 2 8 13 10 177 9.6
2 0 0 8 0 0 1 18 10 131 8.36
6 1 0 0 0 0 3 21 26 30 15 221 7.02
4 0 0 3 5 1 2 13 15 3 211 9.04
10 0 4 0 0 6 1 30 10 199 5.31
7 0 7 0 0 0 1 17 10 193 9.01
7 0 7 0 4 0 3 14 20 29 10 176 7.89
2 0 0 10 2 0 3 16 25 27 12 155 5.25
9 1 0 0 0 0 2 15 18 17 218 4.93
3 1 0 0 0 0 1 24 26 173 8.94
8 0 0 0 6 6 1 21 14 150 9.72
7 0 8 0 0 0 3 21 24 25 17 172 8.21
4 0 9 10 9 0 3 22 23 24 26 167 9.63
6 1 0 0 0 0 2 22 29 15 199 6.8
9 0 0 10 4 0 2 22 23 17 137 4.89
7 0 3 0 0 0 2 28 29 24 157 6.04
4 0 1 3 0 2 1 26 30 201 8.14
2 0 0 7 8 6 2 25 30 30 224 8.73
4 0 0 0 0 4 1 26 30 159 8.14
6 0 4 0 2 7 1 28 32 164 5.17
4 0 10 4 0 0 1 27 34 162 7.95
2 0 3 0 7 0 1 28 38 151 6.19
3 0 1 9 0 0 1 31 40 204 8.89
7 0 8 2 0 0 1 31 31 182 8.45
2 0 5 0 0 1 1 31 32 242 9.35
1 0 0 0 0 0 0 43 218 6.64
1 0 0 0 0 0 3 33 34 35 0 174 9.04
6 0 7 4 8 9 3 36 38 40 1 214 8.26
7 0 3 4 7 5 3 42 44 59 1 208 5.15
8 0 8 5 10 3 3 37 40 48 1 218 7.98
6 0 4 4 8 5 3 37 39 44 7 180 9.32
2 0 4 4 4 9 3 50 56 58 13 134 9.46
2 0 4 10 8 7 2 41 55 7 152 8.85
3 0 1 5 10 7 3 41 46 47 13 138 6.45
8 1 0 0 0 0 3 52 59 61 9 219 9.32
6 0 7 7 1 9 3 53 54 58 16 166 9.58
6 0 7 2 1 6 3 43 47 48 8 122 7.12
2 0 2 4 5 9 3 46 49 57 14 215 9.35
7 0 2 4 6 5 3 45 47 57 13 157 9.22
4 0 2 2 4 8 2 46 49 20 183 6.04
6 0 2 8 3 1 2 50 51 24 193 8.84
7 1 0 0 0 0 3 49 50 51 20 136 4.99
2 0 9 7 2 9 2 51 55 14 175 5.71
6 0 5 9 7 9 3 52 53 58 27 191 6.31
2 0 4 2 1 3 1 55 30 145 5.33
10 1 0 0 0 0 2 52 53 30 181 5.32
5 0 4 2 8 3 1 62 40 245 6.08
6 0 4 2 5 7 1 56 40 173 7.16
9 1 0 0 0 0 3 56 57 59 22 172 5.21
4 0 3 1 1 8 1 60 32 164 6.85
4 0 4 7 7 2 2 60 61 46 172 7.83
9 0 7 7 1 9 1 60 31 174 5.43
9 0 8 6 3 6 2 61 62 33 169 9.56
8 0 10 5 1 2 1 62 31 196 9.63
7 0 4 6 10 5 1 63 50 248 6.47
10 0 7 2 1 8 1 63 50 204 9.71
6 0 2 1 3 3 1 63 45 194 7.89
1 0 0 0 0 0 0 60 214 8.79
1 0 0 0 0 0 3 65 66 67 0 113 8.6
10 0 5 3 6 9 3 75 81 85 1 151 5.52
2 0 0 1 0 8 3 68 71 72 1 178 5.64
10 0 2 0 6 6 3 69 74 82 1 177 5.14
9 0 6 7 6 3 3 70 77 86 3 180 5.5
9 0 4 0 0 0 3 73 75 81 11 152 7.97
9 0 3 5 10 0 3 73 76 78 12 198 6.74
9 0 9 8 10 7 3 79 83 86 3 213 9.31
4 0 0 10 8 1 3 76 77 88 3 123 7.53
6 1 0 0 0 0 3 79 80 92 21 199 6.18
1 0 5 4 6 3 3 80 86 91 11 152 6.14
1 1 0 0 0 0 2 84 88 20 198 9.18
10 1 0 0 0 0 3 80 82 83 21 174 5.19
5 1 0 0 0 0 2 79 84 12 141 8.44
5 1 0 0 0 0 3 81 82 85 21 194 6.99
1 1 0 0 0 0 2 87 89 27 191 5.29
4 0 2 9 0 10 1 89 31 167 8.76
1 0 9 0 5 1 2 88 90 26 205 8.68
6 0 1 0 5 0 3 90 91 93 31 187 9.29
10 0 0 8 9 4 2 84 85 31 198 6.61
2 0 7 8 5 0 1 94 41 215 9.67
5 0 0 8 8 10 1 87 41 247 7.13
8 0 8 3 0 2 3 87 89 92 12 216 6.08
10 0 6 5 2 6 1 93 46 164 6.49
10 0 0 2 4 0 3 91 92 93 27 149 8.27
5 0 6 0 0 6 1 90 35 206 6.76
3 0 9 10 7 0 1 94 40 230 8.19
4 0 2 2 0 0 1 94 37 212 9.26
8 0 5 4 10 0 1 95 37 226 8.27
4 0 3 8 5 0 1 95 56 167 5.59
8 0 2 5 6 8 1 95 43 201 8.83
1 0 0 0 0 0 0 60 184 5.39
1 0 0 0 0 0 3 97 98 99 0 207 5.47
10 0 4 6 6 3 3 100 101 103 1 122 7.43
8 0 1 9 0 5 2 105 108 1 216 6.46
4 0 3 5 4 0 2 112 124 1 125 6.15
10 0 1 4 3 2 3 102 106 111 11 150 8.5
7 0 10 0 3 5 1 108 11 157 6.65
1 1 0 0 0 0 2 104 107 21 144 5.75
3 0 2 2 0 0 2 113 117 11 223 6.77
2 1 0 0 0 0 2 116 120 22 199 8.28
5 0 4 1 9 5 2 114 118 9 179 7.23
6 1 0 0 0 0 1 109 21 170 5.11
9 1 0 0 0 0 1 121 22 205 6.39
7 0 7 0 4 0 1 116 18 192 7.82
5 0 1 10 10 8 2 110 123 27 154 6.62
3 1 0 0 0 0 2 113 118 32 236 9.12
3 1 0 0 0 0 1 113 21 166 5.92
4 0 6 10 8 0 1 118 5 156 5.78
5 0 2 8 2 8 1 122 35 192 8.85
10 0 1 0 0 3 2 115 125 14 166 7.56
9 0 10 8 0 4 1 124 24 244 5.28
3 1 0 0 0 0 1 119 25 190 7.79
1 0 4 5 2 0 3 121 122 126 14 184 8.37
6 0 2 4 7 0 1 122 35 219 6.12
1 0 7 7 6 0 1 124 28 221 5.54
5 1 0 0 0 0 1 126 24 235 7.59
1 1 0 0 0 0 1 125 31 230 8.56
3 0 10 0 9 1 1 125 41 177 5.47
7 0 5 5 7 3 1 126 32 228 9.63
9 0 6 4 0 3 1 127 33 251 7.67
10 0 3 7 10 0 1 127 44 205 7.33
2 0 9 10 7 8 1 127 39 239 8.42
1 0 0 0 0 0 0 54 206 9.2
1 0 0 0 0 0 3 129 130 131 0 182 7.92
4 0 4 5 6 2 2 132 134 1 124 7.98
1 0 3 4 7 6 3 132 133 139 1 177 7.54
8 0 5 6 4 5 2 140 147 1 172 9.68
8 0 10 2 2 2 1 156 5 157 5.47
6 0 5 8 5 6 2 138 142 2 136 9.34
2 0 9 9 1 8 3 135 136 137 5 198 5.96
10 0 1 2 1 3 3 150 156 157 7 208 6.86
1 0 9 2 3 5 1 141 7 184 5.07
1 0 4 5 8 1 1 148 7 116 9.18
5 0 2 2 4 10 2 143 155 8 122 7.69
8 0 5 1 3 3 3 144 151 158 2 209 9.6
6 0 3 1 4 6 1 143 9 190 8.96
6 0 9 6 2 10 2 146 150 8 209 8.56
4 0 2 5 2 6 1 149 8 143 5.5
7 0 3 6 3 8 2 145 152 15 211 5.6
3 0 2 4 9 4 2 146 148 10 188 4.97
1 1 0 0 0 0 1 154 22 154 7.37
7 0 5 1 10 3 1 149 14 155 5.89
5 0 5 9 8 4 1 156 9 123 5.82
2 0 3 6 10 3 1 152 13 169 8.53
5 1 0 0 0 0 1 155 21 204 6.96
8 0 8 8 10 6 1 153 17 145 4.98
1 0 8 8 5 1 1 155 10 171 4.98
3 1 0 0 0 0 1 157 22 134 7.68
10 0 3 3 2 2 1 154 25 169 6.34
4 0 10 5 10 2 1 158 35 187 5.49
9 0 7 3 6 7 1 157 26 243 8.66
4 0 2 4 3 5 1 159 17 140 5.81
6 0 8 7 2 3 1 159 35 168 8.75
9 0 1 8 1 3 1 159 39 251 7.6
1 0 0 0 0 0 0 48 240 8.98
1 0 0 0 0 0 3 161 162 163 0 204 6.83
8 0 0 0 4 0 3 166 171 172 1 200 5.5
5 0 9 0 0 0 3 167 168 170 1 212 5.2
1 0 0 0 3 0 2 164 173 1 203 5.62
1 0 0 0 2 0 3 165 189 190 2 184 8.94
2 0 8 0 0 0 2 169 182 3 216 9.57
7 0 0 0 0 5 3 168 179 187 9 156 5.87
8 0 0 0 0 7 1 179 6 162 5.97
6 1 0 0 0 0 1 174 16 155 7.94
7 0 10 0 0 0 1 183 5 120 4.89
8 0 3 0 0 0 3 174 181 183 6 145 8.79
9 0 1 0 0 0 1 175 9 158 6.4
2 0 4 0 0 0 2 173 176 9 199 8.33
8 0 10 0 0 0 2 180 189 11 175 7.19
7 0 0 0 0 7 2 184 185 22 161 8.87
6 0 0 0 10 0 3 177 178 185 18 179 9.2
2 0 0 0 6 0 3 179 182 185 11 209 7.2
4 1 0 0 0 0 2 186 190 24 155 6.74
8 0 0 0 0 10 2 181 182 24 163 5.06
9 1 0 0 0 0 2 180 184 16 212 7.08
10 0 0 0 5 0 2 183 190 25 194 5.15
4 1 0 0 0 0 2 184 187 32 215 8.79
7 1 0 0 0 0 1 187 32 228 9.5
2 0 0 3 0 0 1 186 35 202 8.8
3 0 0 10 0 0 2 188 189 36 204 6.45
1 0 0 0 8 0 1 186 29 236 7.32
8 0 8 0 0 0 1 188 37 152 5.59
2 1 0 0 0 0 1 188 39 219 6.7
9 0 0 0 0 3 1 191 45 237 7.9
3 0 0 0 9 0 1 191 39 238 5.35
5 0 0 4 0 0 1 191 35 207 7.06
1 0 0 0 0 0 0 54 246 5.4
1 0 0 0 0 0 3 193 194 195 0 143 9.5
9 0 0 0 6 0 3 197 205 221 1 225 5.54
1 0 0 4 4 6 2 196 220 1 217 8.68
1 0 2 0 0 0 3 198 199 201 1 158 8.09
2 0 0 5 0 0 3 200 203 208 2 125 8.68
9 0 9 0 0 8 1 214 10 221 7.21
8 0 4 7 5 0 3 200 202 215 2 160 4.9
5 0 4 7 3 2 1 219 2 116 8.86
1 0 0 0 9 0 1 213 10 144 6.03
8 0 0 7 4 0 2 206 212 2 160 5.52
2 0 3 0 5 3 1 206 10 181 7.03
10 0 5 0 0 0 2 204 207 4 191 5.19
4 0 3 0 0 0 1 210 14 219 7.23
4 0 0 3 7 0 1 209 10 191 6.02
8 0 0 1 0 0 1 217 12 162 7.38
7 0 0 0 9 0 1 211 14 186 6.71
10 0 0 6 0 0 1 211 4 191 5.68
10 1 0 0 0 0 2 217 218 14 149 6.98
7 1 0 0 0 0 2 216 219 18 203 8.95
7 0 0 9 4 6 2 213 221 21 160 4.9
10 0 7 2 6 0 1 216 10 191 8.59
4 0 6 0 0 5 1 219 28 168 8.35
3 0 0 6 3 0 1 217 19 183 7.77
7 0 1 0 8 10 2 216 222 10 192 9.62
9 0 0 5 0 0 1 221 25 202 8.4
6 0 0 3 9 10 1 220 24 210 7.96
4 0 5 0 3 0 1 220 24 224 7.37
5 0 0 9 0 0 1 222 32 160 7.16
10 0 8 4 0 7 1 223 30 194 6.53
4 0 10 5 0 1 1 223 34 231 6.08
5 0 4 6 9 0 1 223 37 189 5.39
1 0 0 0 0 0 0 42 227 5.16
1 0 0 0 0 0 3 225 226 227 0 173 9.34
2 0 5 10 0 10 3 236 247 248 1 170 8.81
4 0 5 10 10 7 3 228 229 230 1 167 9.0
3 0 3 1 1 4 3 235 237 238 1 149 8.17
2 0 0 9 9 0 3 233 240 242 5 202 9.3
6 0 6 7 8 8 3 231 234 242 5 140 8.0
4 0 4 0 0 3 2 232 233 5 150 7.21
6 0 10 5 4 1 1 241 11 225 5.19
10 0 7 4 7 0 3 234 237 241 9 157 4.98
10 0 1 0 1 3 3 236 243 246 9 213 8.36
5 0 7 0 3 0 3 235 236 243 19 224 8.82
8 1 0 0 0 0 3 240 244 249 24 236 8.52
3 0 0 10 8 3 3 249 250 254 24 166 7.2
1 1 0 0 0 0 3 240 251 253 19 131 6.87
7 0 6 0 10 1 3 239 243 244 4 126 8.42
2 0 2 6 0 6 3 242 246 249 11 224 5.04
9 0 2 0 1 8 2 245 250 32 237 8.42
7 1 0 0 0 0 2 244 251 19 204 7.92
6 1 0 0 0 0 3 245 248 251 13 152 8.73
5 0 0 6 3 0 3 247 248 250 24 175 5.64
4 0 0 9 10 0 3 245 246 253 32 208 5.0
4 0 9 1 0 0 1 247 41 178 6.16
3 0 3 7 8 0 1 252 36 144 8.81
7 0 7 8 3 0 1 254 45 179 9.44
5 0 1 0 0 4 1 252 29 179 6.0
9 0 0 0 5 2 1 253 32 191 7.57
7 0 7 9 0 9 1 252 41 254 6.48
7 0 9 1 7 7 1 254 26 203 7.39
5 0 2 3 8 10 1 255 48 186 8.8
5 0 4 4 9 6 1 255 41 183 8.62
2 0 3 6 7 7 1 255 52 258 7.19
1 0 0 0 0 0 0 54 186 9.74
1 0 0 0 0 0 3 257 258 259 0 196 5.72
9 0 8 7 9 4 2 266 270 1 136 9.22
5 0 10 5 6 10 3 263 269 272 1 195 6.9
8 0 9 8 3 2 3 260 261 274 1 221 7.01
3 0 6 7 9 10 1 280 9 186 9.34
9 0 4 10 1 1 2 262 282 9 222 5.34
4 0 3 4 5 9 2 264 267 18 188 9.11
4 0 9 4 2 1 3 265 273 276 6 170 9.04
2 1 0 0 0 0 2 269 271 22 144 6.14
9 0 8 3 9 4 3 266 274 280 10 200 7.8
9 0 4 5 3 1 3 267 279 283 19 140 9.48
9 0 3 4 7 2 3 268 275 281 28 153 7.26
5 0 6 2 3 5 1 286 37 211 6.47
2 0 4 7 10 6 1 277 24 193 7.05
5 1 0 0 0 0 3 272 278 285 10 169 7.87
8 1 0 0 0 0 3 272 279 284 24 225 6.97
9 0 2 6 4 3 1 280 32 211 7.3
10 1 0 0 0 0 1 284 10 182 8.32
10 1 0 0 0 0 3 275 277 282 19 139 7.78
9 0 3 6 1 3 2 278 286 37 159 9.66
1 0 1 6 7 2 3 277 278 281 10 143 6.81
5 0 9 2 4 4 1 279 29 237 5.29
7 0 4 9 8 7 1 284 46 219 6.87
6 0 8 8 8 8 1 285 34 233 5.21
8 0 9 8 2 9 1 283 41 180 5.5
9 0 2 8 10 1 1 285 37 226 5.56
3 1 0 0 0 0 1 283 29 243 8.36
7 0 6 2 10 2 1 286 49 250 7.44
7 0 8 10 4 10 1 287 53 223 5.34
1 0 3 9 10 8 1 287 46 212 5.28
6 0 9 7 10 3 1 287 56 189 8.83
1 0 0 0 0 0 0 62 212 8.54
1 0 0 0 0 0 3 289 290 291 0 149 8.22
1 0 2 5 2 8 3 292 299 307 1 159 6.35
4 0 6 7 6 9 2 298 303 1 187 8.37
2 0 5 8 7 3 3 296 298 300 1 157 5.48
2 0 10 5 4 3 3 293 294 295 2 199 7.89
5 0 3 7 7 4 1 306 4 179 7.0
6 0 4 1 2 4 3 301 310 311 4 208 7.49
4 0 1 4 3 8 2 297 298 4 137 7.8
10 0 4 1 3 7 3 302 303 317 3 222 8.86
7 0 1 7 1 4 1 304 8 146 6.45
7 0 4 6 10 4 1 304 8 204 7.21
9 0 7 2 7 3 3 308 311 312 2 183 8.97
5 0 8 9 9 10 2 305 309 3 166 8.37
3 0 7 6 3 9 1 316 10 134 5.19
2 1 0 0 0 0 1 306 13 124 5.25
3 1 0 0 0 0 2 304 318 13 132 8.29
5 1 0 0 0 0 3 305 306 313 16 223 7.77
3 0 4 10 6 3 1 308 21 136 6.68
3 1 0 0 0 0 1 316 21 182 6.08
5 0 7 2 6 3 2 308 309 2 195 7.03
1 0 8 8 6 4 1 315 24 145 6.4
5 0 5 7 1 10 2 310 311 8 133 5.52
6 1 0 0 0 0 2 312 314 13 200 5.72
9 0 1 10 1 2 3 313 314 317 13 211 5.42
3 1 0 0 0 0 2 313 318 19 154 5.81
8 0 6 3 8 10 1 315 22 233 9.6
3 0 8 2 4 8 2 315 318 22 147 7.43
2 0 4 7 1 3 1 316 30 139 6.99
4 0 1 2 8 9 1 319 32 148 5.28
8 0 8 3 2 3 1 319 22 161 6.79
9 0 5 8 8 10 1 319 25 199 8.21
1 0 0 0 0 0 0 36 208 8.37
1 0 0 0 0 0 3 321 322 323 0 149 5.12
5 0 3 0 0 0 3 326 329 335 1 165 5.24
2 0 0 9 0 0 3 324 331 335 1 192 9.16
5 0 0 1 0 0 3 324 325 327 1 175 6.06
6 0 0 7 0 0 3 329 343 349 6 219 9.06
7 0 0 0 1 0 3 330 332 334 6 159 9.02
8 0 0 0 0 2 3 331 332 337 6 191 4.94
1 0 0 0 0 9 3 328 332 342 6 192 6.5
7 0 0 1 0 0 3 331 337 339 7 176 6.41
5 0 0 0 0 2 1 340 12 177 7.61
6 0 0 0 5 0 3 333 335 337 13 205 6.88
9 0 0 0 0 3 2 338 344 14 233 7.35
5 0 0 0 0 10 1 339 14 207 8.33
10 0 0 0 0 2 1 340 19 215 9.4
8 0 10 0 0 0 3 339 345 346 13 142 9.2
5 0 2 0 0 0 3 336 341 343 19 159 7.34
7 1 0 0 0 0 3 338 340 344 24 168 5.84
2 0 0 8 0 0 3 338 341 343 19 191 9.36
8 1 0 0 0 0 3 346 347 349 31 145 7.59
2 1 0 0 0 0 2 341 349 21 147 7.46
4 0 0 5 0 0 1 342 31 181 7.35
5 1 0 0 0 0 2 347 350 24 215 5.44
8 0 8 0 0 0 2 345 348 35 202 7.62
7 0 0 6 0 0 1 344 24 143 9.43
7 1 0 0 0 0 3 345 346 347 31 166 5.93
3 0 0 4 0 0 1 350 43 234 7.72
5 0 0 4 0 0 2 348 350 39 187 8.73
1 1 0 0 0 0 1 348 39 234 5.76
5 0 0 0 10 0 1 351 44 256 9.26
3 0 0 6 0 0 1 351 39 213 6.91
10 0 6 0 0 0 1 351 46 245 9.76
1 0 0 0 0 0 0 56 179 9.25
1 0 0 0 0 0 3 353 354 355 0 137 7.2
10 0 0 0 0 4 3 356 358 359 1 220 6.17
1 0 0 0 0 10 1 362 1 181 5.76
9 0 4 0 0 0 2 357 367 1 223 8.35
3 0 6 0 0 0 2 366 374 11 160 7.35
1 0 3 0 0 0 2 361 363 10 192 7.91
7 1 0 0 0 0 3 360 365 376 11 197 6.81
1 0 0 0 0 2 1 364 11 122 9.01
4 1 0 0 0 0 1 375 18 228 5.38
10 0 0 0 0 2 1 373 11 185 9.3
6 0 0 0 10 0 3 365 367 375 2 173 8.09
2 0 0 0 0 6 2 364 372 11 191 7.48
3 0 0 7 0 0 3 368 375 381 13 149 8.44
1 0 0 0 3 0 1 369 18 160 7.85
3 0 0 0 0 6 2 367 380 14 206 9.75
1 1 0 0 0 0 1 370 17 172 7.42
3 1 0 0 0 0 1 369 16 167 7.53
10 0 0 0 0 9 2 371 382 19 178 6.15
1 1 0 0 0 0 1 379 18 161 6.7
3 0 5 0 0 0 1 377 29 162 8.74
4 0 0 3 0 0 1 379 13 149 7.27
2 1 0 0 0 0 1 379 21 168 7.63
4 0 1 0 0 0 1 378 14 159 7.59
2 1 0 0 0 0 2 377 382 22 187 8.71
4 0 0 9 0 0 1 381 18 128 9.39
6 0 0 0 0 7 1 380 32 204 8.5
9 1 0 0 0 0 1 381 18 227 8.62
2 0 0 0 0 5 1 382 23 134 8.4
1 0 0 0 9 0 1 383 38 155 7.16
1 1 0 0 0 0 1 383 27 151 8.58
9 0 0 0 4 0 1 383 29 182 5.0
1 0 0 0 0 0 0 39 193 8.18
1 0 0 0 0 0 3 385 386 387 0 188 7.85
10 0 0 0 0 7 2 406 413 1 211 9.43
6 0 0 4 0 0 3 388 407 412 1 178 8.56
2 0 6 0 0 0 3 389 391 401 1 117 5.3
9 0 0 0 10 0 2 393 400 7 221 9.3
7 0 0 10 0 0 3 390 392 412 3 203 7.29
7 0 0 9 0 0 2 393 408 10 126 6.3
9 0 0 0 3 0 1 394 3 190 5.97
4 0 0 0 0 3 3 396 397 405 10 127 5.68
2 0 0 0 5 0 3 396 403 410 17 202 6.15
3 0 0 0 5 0 3 395 404 409 12 168 6.3
10 0 0 9 0 0 3 396 399 407 15 183 6.6
7 1 0 0 0 0 1 413 25 151 5.91
4 0 0 0 3 0 2 398 408 14 214 8.19
6 1 0 0 0 0 2 406 413 18 138 7.1
6 1 0 0 0 0 2 410 412 25 226 4.98
5 0 0 0 0 4 3 403 405 409 16 204 6.77
6 0 0 10 0 0 3 402 405 406 3 219 5.46
4 0 3 0 0 0 2 403 404 9 223 5.38
1 0 0 4 0 0 1 411 21 175 6.49
9 0 2 0 0 0 1 407 15 219 9.13
2 1 0 0 0 0 1 408 21 146 6.54
2 0 0 0 0 4 1 409 24 161 5.79
2 0 9 0 0 0 1 414 25 179 8.61
5 1 0 0 0 0 1 411 23 197 9.64
10 0 0 0 0 10 1 410 26 141 7.03
9 0 0 0 6 0 1 411 36 168 5.32
5 0 9 0 0 0 1 414 45 164 6.12
3 1 0 0 0 0 1 415 31 222 6.8
1 1 0 0 0 0 1 415 32 150 9.55
2 0 0 0 8 0 1 415 50 215 9.13
1 0 0 0 0 0 0 52 260 7.19
1 0 0 0 0 0 3 417 418 419 0 183 9.37
7 0 1 9 7 2 1 420 1 207 5.29
7 0 6 10 2 1 3 421 424 430 1 134 5.79
6 0 6 5 2 4 3 422 434 444 1 171 7.9
7 0 5 9 9 2 3 423 427 436 8 182 7.31
7 0 10 2 7 7 2 426 433 8 202 6.85
7 0 7 2 5 2 1 431 7 215 8.58
3 0 3 5 7 8 2 425 438 15 140 6.28
4 0 1 9 5 1 1 437 8 137 5.47
6 1 0 0 0 0 3 439 443 445 18 235 6.87
2 0 6 8 1 10 2 427 436 15 186 9.05
1 0 8 8 2 8 3 428 429 431 17 146 8.17
1 1 0 0 0 0 1 432 18 197 8.53
5 0 6 9 7 4 3 435 437 438 18 225 6.21
3 0 4 7 8 5 2 431 433 8 146 5.57
4 1 0 0 0 0 1 446 18 158 7.76
1 1 0 0 0 0 2 437 442 19 213 5.28
6 0 9 5 3 9 3 438 440 445 15 203 6.91
5 0 8 10 10 7 2 440 442 7 131 8.78
4 1 0 0 0 0 2 439 441 23 227 8.0
10 0 2 8 5 4 3 439 441 443 17 229 5.08
5 0 9 9 8 1 1 441 23 205 5.19
9 0 8 5 1 9 1 443 23 175 8.06
7 1 0 0 0 0 2 440 442 27 243 9.38
10 0 9 1 10 4 1 446 34 172 7.62
5 0 5 9 10 9 2 444 445 28 168 7.96
6 0 5 8 6 5 1 446 34 219 9.05
6 0 1 8 5 10 1 444 32 147 4.9
7 0 2 3 9 10 1 447 38 245 5.5
7 0 8 5 6 9 1 447 33 219 7.49
7 0 3 1 4 5 1 447 44 163 7.25
1 0 0 0 0 0 0 51 236 7.02
1 0 0 0 0 0 3 449 450 451 0 214 7.63
6 0 7 9 7 0 3 461 463 474 1 155 5.6
10 0 6 8 9 0 2 453 454 1 170 7.08
10 0 6 2 6 8 3 452 455 471 1 133 5.72
3 0 0 6 1 6 3 456 458 459 11 224 8.5
10 0 9 3 9 0 1 460 11 225 6.82
8 0 0 0 3 0 2 457 464 11 227 8.76
1 0 8 10 0 8 1 463 11 181 5.09
4 0 10 4 3 0 2 462 472 14 153 6.04
9 1 0 0 0 0 2 468 473 19 147 6.37
5 0 4 10 0 5 3 467 473 475 14 192 8.37
4 0 2 7 0 4 1 477 14 146 5.44
8 1 0 0 0 0 1 466 21 204 7.52
10 0 0 1 0 1 1 465 7 231 8.59
9 0 9 0 4 0 1 463 18 152 7.35
10 0 10 2 10 5 1 466 27 177 7.54
9 0 1 9 4 2 1 476 19 238 5.17
6 1 0 0 0 0 1 468 17 141 9.53
7 0 2 5 4 2 2 469 470 37 233 9.53
8 0 10 2 6 2 1 472 19 201 7.87
2 1 0 0 0 0 1 472 28 167 8.47
1 0 4 8 9 5 1 476 44 208 9.74
10 0 2 9 7 0 1 478 44 158 7.8
1 0 2 0 7 0 2 475 478 11 181 8.76
6 0 9 5 0 4 1 476 30 233 5.62
10 0 9 10 0 2 2 474 478 28 209 8.52
6 0 3 6 2 2 1 477 38 181 9.57
10 0 1 9 2 9 1 477 19 210 8.0
5 0 1 0 10 7 1 479 45 156 7.13
4 0 10 7 4 1 1 479 44 220 9.43
1 0 0 2 0 0 1 479 54 190 8.32
1 0 0 0 0 0 0 55 168 6.89
1 0 0 0 0 0 3 481 482 483 0 202 9.36
7 0 3 10 7 0 3 490 494 498 1 156 8.57
2 0 4 0 0 0 3 487 489 491 1 119 8.8
4 0 0 0 0 4 3 484 485 486 1 140 7.88
7 0 4 8 0 0 1 489 5 213 5.18
9 0 0 8 1 3 3 497 499 502 5 174 9.76
6 0 2 0 7 7 3 488 504 505 5 142 9.19
3 0 0 9 2 2 3 500 506 508 3 116 6.37
5 0 4 9 0 0 1 492 11 160 5.1
9 0 0 0 10 1 2 499 502 12 190 5.04
9 0 8 7 0 0 2 491 492 8 146 6.63
6 1 0 0 0 0 2 493 495 17 173 8.7
1 1 0 0 0 0 1 500 17 160 7.45
1 0 0 0 0 1 3 496 502 503 23 234 5.14
4 0 0 2 3 4 3 499 505 509 8 168 6.15
3 1 0 0 0 0 1 496 23 205 6.24
2 1 0 0 0 0 1 507 26 199 7.08
3 0 8 7 0 0 2 498 501 14 164 5.38
6 1 0 0 0 0 1 503 17 221 9.53
6 0 3 6 0 2 3 500 501 508 21 213 8.01
9 0 10 0 0 3 1 510 27 215 7.31
6 0 0 2 0 0 1 506 27 237 7.04
6 1 0 0 0 0 2 504 509 24 221 8.58
3 0 0 7 10 0 2 507 509 24 191 4.93
8 0 10 0 2 2 1 506 30 235 6.61
5 0 5 10 9 0 1 507 12 178 8.05
4 0 0 7 4 0 1 510 38 250 9.37
1 0 0 0 9 5 2 508 510 28 155 9.11
1 0 9 9 0 6 1 511 29 206 7.52
5 0 0 7 3 0 1 511 30 224 6.34
5 0 0 0 0 3 1 511 42 218 6.2
1 0 0 0 0 0 0 47 170 7.58
1 0 0 0 0 0 3 513 514 515 0 179 6.81
10 0 1 0 1 0 2 517 525 1 168 9.64
4 0 4 0 0 3 3 516 524 533 1 161 8.14
5 0 0 2 6 4 3 518 520 521 1 130 5.01
1 0 0 0 7 5 1 523 5 145 4.93
5 0 8 4 7 6 3 519 521 528 11 170 7.44
9 0 8 6 0 0 3 527 530 535 6 148 9.68
3 0 0 0 7 7 1 530 16 212 5.07
9 0 0 0 10 8 3 522 533 536 6 211 5.35
7 0 0 2 0 0 1 522 16 183 5.19
9 1 0 0 0 0 3 526 529 539 23 159 8.7
8 0 4 0 0 6 1 529 6 209 7.28
1 0 0 6 0 1 2 534 539 5 149 7.35
7 0 2 0 0 0 2 527 538 11 227 8.87
9 0 4 0 0 0 2 532 535 32 209 8.31
5 0 0 0 0 10 3 531 536 537 18 142 9.09
4 1 0 0 0 0 2 533 534 16 206 9.64
2 1 0 0 0 0 2 538 540 32 154 6.18
8 0 8 0 0 0 2 532 534 19 194 8.06
6 0 8 9 1 10 2 539 541 23 197 5.9
2 0 8 7 0 1 1 537 41 221 7.5
3 1 0 0 0 0 2 535 540 20 228 8.87
4 1 0 0 0 0 2 537 542 27 235 6.75
7 0 0 0 8 6 1 538 41 191 9.69
1 1 0 0 0 0 2 541 542 23 184 9.17
7 0 0 1 9 0 1 541 43 231 6.84
7 0 0 0 0 2 1 542 48 231 5.69
8 0 5 5 4 0 1 540 32 151 8.5
5 0 1 0 7 6 1 543 40 222 9.31
10 0 0 5 0 0 1 543 50 174 6.68
9 0 0 10 0 10 1 543 55 248 8.37
1 0 0 0 0 0 0 64 168 6.61
1 0 0 0 0 0 3 545 546 547 0 169 8.4
4 0 0 0 0 5 3 549 556 567 1 116 5.87
4 0 0 0 4 0 3 548 550 555 1 184 5.02
1 0 0 0 0 4 1 552 1 116 4.97
2 0 9 0 0 0 3 551 558 568 5 171 7.29
4 0 0 0 0 7 2 553 569 5 153 9.34
1 0 0 0 0 2 2 554 567 5 163 5.16
7 0 0 0 0 4 1 561 7 192 8.87
9 0 9 0 0 0 1 557 2 120 5.14
6 0 8 0 0 0 1 563 9 170 8.01
2 0 0 7 0 0 1 558 6 199 5.67
3 0 4 0 0 0 2 571 574 5 150 8.19
9 0 0 0 0 9 2 559 560 5 134 6.96
3 0 0 1 0 0 1 566 11 159 9.55
4 0 0 0 0 7 2 560 571 8 141 7.06
5 0 0 6 0 0 3 561 568 572 14 230 9.09
5 0 0 0 8 0 1 573 14 230 4.93
7 1 0 0 0 0 3 562 564 571 19 210 8.7
9 0 4 0 0 0 1 569 26 227 5.94
2 0 0 0 4 0 1 565 15 222 6.38
10 0 6 0 0 0 1 573 26 154 7.18
3 0 3 0 0 0 1 566 17 135 7.43
2 1 0 0 0 0 1 570 20 192 5.02
7 0 0 0 0 5 1 569 6 168 7.04
10 1 0 0 0 0 1 570 19 144 9.48
8 0 0 9 0 0 1 570 35 242 9.03
3 0 0 0 5 0 1 574 43 237 7.21
9 0 0 0 2 0 1 573 26 203 8.52
4 1 0 0 0 0 1 575 19 163 8.13
1 0 0 0 0 2 1 575 36 217 4.99
2 0 0 0 0 3 1 575 46 223 7.72
1 0 0 0 0 0 0 48 168 5.89
1 0 0 0 0 0 3 577 578 579 0 193 8.77
1 0 6 7 0 0 3 581 585 586 1 173 6.82
2 0 0 6 3 10 3 580 582 606 1 176 6.06
10 0 0 1 3 10 3 583 589 595 1 124 8.48
9 0 0 3 7 5 3 584 587 605 3 150 7.4
5 0 3 6 4 6 1 604 2 124 7.44
7 0 0 3 0 3 2 597 598 3 174 5.11
3 0 6 10 4 0 2 588 591 11 213 8.62
8 0 0 4 3 4 2 590 601 12 142 5.74
2 0 6 4 6 1 2 592 593 2 123 9.13
3 0 4 1 2 8 1 594 2 197 7.21
1 0 0 1 1 3 2 590 603 12 120 5.92
2 0 8 1 7 4 2 592 594 14 167 7.3
9 0 2 8 1 0 2 590 592 11 154 5.05
5 1 0 0 0 0 1 597 20 229 5.56
2 1 0 0 0 0 3 593 594 600 14 136 7.99
4 0 7 0 4 0 2 596 598 20 131 5.58
4 0 10 1 3 7 3 601 602 605 16 231 7.54
5 1 0 0 0 0 1 599 16 216 5.16
7 0 1 0 9 0 3 598 599 605 11 166 6.59
10 1 0 0 0 0 3 599 600 606 24 180 5.06
8 0 7 4 0 9 1 602 25 169 8.3
6 1 0 0 0 0 1 600 24 198 7.38
5 1 0 0 0 0 1 603 34 145 6.54
5 1 0 0 0 0 2 601 602 34 239 9.33
10 0 0 7 0 7 1 603 39 230 6.43
2 0 9 4 10 6 1 604 39 250 4.9
5 0 3 10 0 0 1 604 49 193 5.85
10 0 0 0 4 1 1 607 54 192 9.09
9 0 10 1 5 9 1 607 20 201 8.51
3 0 7 10 0 1 1 607 34 239 5.12
1 0 0 0 0 0 0 64 239 8.33
1 0 0 0 0 0 3 609 610 611 0 158 7.58
5 0 7 0 6 9 3 612 618 621 1 131 5.35
4 0 2 0 0 0 3 613 615 617 1 169 8.51
6 0 3 0 0 0 3 616 624 632 1 169 5.3
4 0 10 2 0 10 3 613 614 622 6 134 9.2
7 0 0 6 0 8 3 616 624 634 10 136 7.27
6 0 0 0 9 9 3 615 623 626 10 173 9.75
10 0 0 0 2 0 2 629 631 16 148 5.05
3 0 0 10 0 0 3 631 633 636 17 171 5.88
6 0 4 0 9 1 3 619 621 624 5 161 5.35
7 0 5 0 5 0 3 622 625 627 6 134 6.7
6 0 8 5 5 0 3 620 623 625 11 206 7.21
7 0 0 1 0 0 3 627 630 637 17 209 9.69
8 0 0 1 0 0 2 622 625 11 171 8.37
4 1 0 0 0 0 2 626 628 19 139 8.79
1 0 8 0 0 4 2 627 628 17 174 5.99
2 0 0 3 5 0 2 631 638 17 159 5.79
2 1 0 0 0 0 3 626 630 636 19 232 5.43
10 1 0 0 0 0 1 635 23 171 6.09
8 1 0 0 0 0 3 632 633 634 24 182 8.59
6 1 0 0 0 0 3 629 633 637 23 155 8.54
6 0 0 10 6 3 3 630 634 635 29 202 5.75
3 0 5 0 1 0 1 632 35 172 9.57
7 0 0 10 0 10 1 637 26 195 6.64
8 0 0 0 0 2 1 638 38 191 6.31
8 0 0 0 10 8 1 635 32 151 5.43
6 0 8 1 1 4 1 636 35 152 5.43
2 0 0 0 7 7 1 638 40 156 8.16
10 0 3 10 7 0 1 639 41 188 5.67
10 0 10 0 0 4 1 639 33 166 6.43
6 0 0 9 0 3 1 639 46 233 7.84
1 0 0 0 0 0 0 52 227 6.83
89.95 88.43 89.7 89.26 88.94 94.95 119.33 146.14 159.38 145.3 132.48 120.88 110.86 120.58 137.43 153.89 165.89 157.81 144.49 129.01 123.13 105.74 102.95 93.79 87.51 85.51 82.05 82.54 83.13 88.06 92.52 118.12 119.09 110.91 95.63 90.82 89.43 92.95 105.63 125.09 142.73 140.36 127.67 122.91 113.64 107.62 103.19 89.79 81.44 80.8 78.5 78.66 83.81 96.05 120.15 138.24 119.79 93.36 80.26 71.56 72.73 83.45 99.32 129.27 137.0 119.75 110.32 96.72 92.76 79.49 79.26 72.4 35.11 27.61 25.35 23.94 41.2 74.33 115.0 123.57 103.63 81.97 79.99 74.33 79.88 81.97 81.97 110.0 124.05 123.04 124.55 125.6 127.65 119.7 113.93 106.61 101.49 98.6 97.64 93.54 95.33 98.1 121.14 140.79 138.99 124.06 115.27 108.94 104.49 110.68 124.01 135.35 140.0 135.31 133.78 128.97 119.4 107.27 107.4 90.73 76.27 80.77 79.71 79.67 77.57 75.43 86.01 95.46 94.84 94.35 96.51 95.0 93.69 99.57 109.28 123.4 120.73 124.74 124.2 117.81 114.66 105.3 104.16 97.98 93.09 96.19 94.81 92.32 87.87 90.89 88.66 96.05 100.62 103.44 101.64 104.81 103.87 106.13 111.72 119.59 127.04 131.4 126.36 116.94 110.9 102.04 97.28 87.16 89.82 81.59 75.19 73.28 76.73 88.07 102.26 118.22 130.28 127.45 119.26 109.34 108.14 109.69 114.77 113.4 116.98 118.23 116.61 110.71 103.05 93.4 90.22 81.17 85.11 83.1 79.29 78.05 80.91 83.94 100.8 119.44 120.23 107.81 92.43 89.36 90.9 96.89 106.45 127.69 150.75 153.1 144.98 133.76 112.95 98.36 98.94 89.96 87.74 86.3 84.47 83.82 85.39 91.65 115.83 134.06 137.48 116.77 94.45 88.57 93.17 99.81 116.08 146.79 163.23 143.0 132.12 127.88 114.07 108.02 104.6 91.89 90.85 88.48 87.43 87.23 87.59 94.45 119.3 146.83 155.06 152.8 142.76 132.12 132.47 140.52 147.85 159.6 183.44 175.03 163.0 155.82 136.59 119.71 107.74 93.8 102.27 94.35 90.45 90.49 94.16 102.44 132.96 179.83 205.42 182.59 153.77 140.32 132.18 137.55 157.26 198.1 252.29 248.33 204.85 171.53 142.18 117.74 105.31 95.19 102.58 94.64 88.44 85.28 86.54 85.8 91.42 108.44 107.13 95.35 90.73 87.72 85.01 91.67 110.54 125.0 138.12 135.41 131.26 123.71 114.1 98.13 94.13 82.43 81.53 74.35 70.44 63.23 60.89 67.08 74.35 81.07 82.68 82.03 80.64 80.01 82.71 85.11 96.97 108.43 122.7 119.2 131.04 117.72 108.19 94.94 90.02 74.35 79.57 72.33 72.87 74.48 75.54 88.78 129.86 146.76 148.94 155.57 154.99 164.44 169.05 182.05 206.08 219.53 249.28 268.62 239.59 202.41 169.46 139.14 125.4 107.54 102.73 101.39 100.16 98.98 102.74 110.68 169.3 300.0 341.7 311.65 289.35 319.95 344.74 330.28 325.77 323.13 339.94 372.84 296.01 246.35 172.86 134.57 118.19 102.14 92.88 91.2 89.39 90.42 90.83 97.97 127.66 191.04 236.81 211.94 196.61 171.11 165.05 169.35 184.76 224.08 293.46 293.71 228.54 183.63 141.2 114.96 102.2 90.32 89.98 84.38 80.17 77.85 81.27 83.23 114.48 130.0 135.0 130.0 111.99 115.17 101.85 111.96 129.1 137.68 147.23 135.52 140.03 130.0 112.53 97.09 92.11 80.92 82.13 89.18 80.93 75.43 89.44 93.27 109.09 145.0 150.0 145.0 127.96 106.64 125.82 117.87 145.0 132.29 140.0 127.75 131.47 128.79 113.27 105.49 102.86 89.57 90.65 87.98 92.63 94.76 95.42 99.2 94.38 103.99 108.02 107.22 103.72 104.02 107.02 97.47 104.2 116.09 130.98 135.0 137.26 125.0 130.0 103.9 125.0 118.93 89.3 88.43 84.29 82.53 82.84 84.41 86.77 84.29 85.56 102.45 85.86 87.4 89.69 86.62 102.21 115.0 131.8 131.2 131.62 132.39 139.2 122.55 108.17 96.66 95.59 99.11 92.62 89.82 90.68 99.65 125.89 145.43 156.32 141.04 124.17 117.29 130.0 134.74 156.0 183.35 207.87 175.0 181.92 168.14 146.06 121.37 111.16 97.99 115.68 130.01 115.68 98.83 108.28 98.23 129.67 175.0 160.0 140.7 160.0 126.49 124.13 144.15 150.92 175.0 185.12 175.26 170.65 166.52 153.15 129.62 119.66 103.66 99.08 98.08 95.87 95.3 97.2 104.15 148.48 196.81 245.73 216.58 184.66 171.37 164.9 179.12 202.18 247.05 314.92 260.2 205.2 173.75 147.06 124.78 116.25 106.59 99.01 95.25 92.3 92.13 95.03 101.24 128.58 154.58 168.82 167.48 140.02 149.33 143.82 151.99 160.08 158.05 153.5 147.27 144.91 139.12 125.16 113.08 111.37 99.85 98.05 95.68 92.36 92.15 96.22 102.64 125.0 159.41 184.84 183.75 172.15 167.67 161.1 156.69 159.51 160.55 166.65 156.65 145.9 131.32 115.44 100.0 95.62 85.22 83.38 78.39 75.06 75.21 76.23 77.32 81.69 90.93 99.53 99.31 96.54 97.88 93.07 95.98 102.89 109.57 116.93 132.13 124.28 120.0 129.97 92.76 87.68 82.37 80.52 74.22 73.05 69.23 71.58 72.75 74.74 78.92 83.18 88.67 93.08 94.91 100.15 102.44 107.22 108.75 112.55 112.52 104.9 105.7 103.7 92.39 82.08 63.98 70.16 75.77 49.86 75.77 81.4 83.41 99.48 115.82 114.3 109.19 105.26 105.0 106.69 104.1 110.38 114.04 135.05 134.37 133.83 137.35 126.04 125.0 114.54 82.24 80.32 79.22 79.74 79.85 81.35 89.58 107.0 115.74 130.51 115.46 108.71 107.88 106.03 110.98 126.26 126.47 138.57 140.0 140.0 130.0 115.31 99.28 94.91 72.8 75.77 75.77 72.0 75.29 77.42 82.79 107.52 115.52 110.69 113.27 100.69 90.53 89.66 97.25 103.26 111.82 116.31 115.55 115.0 115.0 100.53 99.63 90.64 84.26 86.81 84.12 82.44 83.42 85.29 89.99 100.92 125.0 114.66 113.31 103.57 100.51 98.73 98.68 103.87 111.48 118.2 122.02 119.54 117.06 112.28 103.81 99.01 94.94 91.57 92.05 93.08 93.21 93.09 96.19 115.46 126.04 132.17 127.54 122.93 119.51 114.01 119.73 128.64 133.96 155.0 147.84 134.4 130.04 121.48 114.62 106.87 97.49 97.98 95.14 91.76 88.59 88.21 91.54 94.82 100.48 106.57 108.51 104.16 100.36 97.62 98.45 102.39 116.89 120.91 120.74 116.91 111.2 100.7 98.61 98.16 90.35 91.55 91.09 84.25 81.08 82.4 83.41 83.41 85.49 89.0 115.0 115.0 112.71 96.76 94.15 92.95 106.29 113.47 110.0 110.0 105.61 101.39 96.02 91.95 92.1 81.86 80.19 79.95 79.54 82.9 85.97 109.02 117.93 121.79 135.48 120.0 106.54 93.35 115.0 118.12 132.8 147.81 123.5 120.17 115.18 111.77 97.78 94.55 92.81 101.9 101.09 99.99 100.55 99.99 96.07 113.68 124.87 130.33 130.39 129.35 113.86 106.68 119.76 135.95 145.29 151.1 151.48 134.97 132.38 128.92 119.62 116.64 104.1 96.18 94.03 91.48 91.38 94.28 98.81 119.69 134.91 140.0 131.89 126.81 122.19 125.23 129.61 132.76 135.91 138.31 138.66 136.56 122.18 114.71 108.46 106.8 94.91 87.89 102.66 83.46 81.46 82.0 87.63 101.95 123.73 129.68 129.24 125.0 99.46 98.2 103.82 118.8 121.29 138.01 120.07 116.83 103.98 86.03 84.36 83.67 70.18 71.81 80.26 82.53 83.21 83.82 87.39 101.38 100.22 108.41 115.0 110.89 109.58 97.31 103.13 101.83 106.3 109.9 119.1 117.21 113.97 115.0 106.45 105.26 91.61 91.28 86.84 87.09 88.18 89.35 90.81 97.39 105.37 114.44 116.1 114.11 112.75 112.1 117.45 122.27 125.12 128.85 125.42 123.12 116.57 109.6 105.16 102.52 92.89 97.36 91.06 88.75 87.77 87.42 88.68 90.67 95.49 103.75 109.12 107.57 106.72 105.16 105.49 109.19 109.36 110.13 112.16 107.66 107.06 104.01 101.9 94.08 82.94 81.22 79.54 78.54 76.01 79.32 85.18 93.99 109.36 113.03 113.18 107.92 103.68 101.79 113.23 114.87 116.89 125.33 116.38 115.15 116.17 109.66 94.0 97.98 87.38 78.08 70.96 80.01 82.93 75.19 78.08 86.36 91.9 99.51 114.99 114.99 117.87 114.99 116.55 114.99 109.99 107.14 102.05 109.11 107.0 95.88 85.96 84.59 76.09 73.65 68.73 69.6 66.65 63.53 68.12 67.26 76.55 87.79 93.89 94.71 89.99 89.99 94.99 99.99 114.31 128.09 120.03 90.95 79.19 79.0 82.9 79.15 66.61 69.53 62.65 60.78 64.33 62.15 70.85 68.28 67.26 72.22 73.18
