64 5
1 24 32 28 30
1 0 0 0 0 0 3 1 2 3 0 19 10.86
2 0 10 6 4 0 3 8 10 11 1 19 9.31
2 0 1 2 7 0 3 6 9 29 1 23 6.5
8 0 3 6 2 1 3 4 9 22 1 19 12.2
1 0 9 8 5 5 3 5 21 23 9 27 7.38
6 0 3 0 0 7 2 20 28 10 35 6.75
10 0 0 2 0 1 3 7 19 24 3 24 10.85
5 0 0 0 4 2 2 8 13 13 33 6.3
1 1 0 0 0 0 2 22 27 18 32 8.95
3 0 5 0 0 0 3 12 15 16 9 32 7.4
4 0 9 1 10 8 3 21 24 26 3 25 8.23
10 0 10 4 4 6 3 18 20 29 3 29 10.15
8 0 0 3 1 2 3 14 17 30 12 31 8.34
1 0 2 1 1 0 2 16 30 18 29 6.48
8 0 3 9 0 2 2 21 23 20 45 9.39
6 0 6 5 9 3 2 18 26 12 33 9.92
1 0 10 0 1 5 1 17 19 39 9.16
8 0 2 8 8 9 1 26 20 39 10.17
7 1 0 0 0 0 2 23 24 18 35 9.84
5 0 4 6 0 2 1 20 13 37 9.2
1 1 0 0 0 0 1 30 18 28 9.96
3 0 5 10 0 9 1 25 28 43 10.14
5 1 0 0 0 0 1 28 19 38 9.0
4 0 3 10 9 0 1 25 28 44 8.43
3 0 3 8 9 2 1 25 25 38 7.62
4 0 0 10 5 6 1 27 32 45 10.05
4 0 0 0 3 5 1 27 28 48 7.35
2 0 1 6 3 4 1 28 36 53 8.82
3 0 0 1 0 4 1 31 38 50 9.21
4 0 7 6 3 1 1 31 13 35 9.85
6 1 0 0 0 0 1 31 20 44 7.77
1 0 0 0 0 0 0 41 55 12.16
1 0 0 0 0 0 3 33 34 35 0 16 8.47
4 0 0 5 3 0 3 40 46 55 1 27 10.38
10 0 0 6 0 10 3 36 53 54 1 24 12.26
1 0 0 0 10 8 2 37 43 1 19 11.5
5 0 1 3 0 0 3 39 45 61 11 30 9.73
4 0 0 9 9 0 2 38 41 2 26 11.86
3 0 6 2 0 6 3 40 51 53 6 27 6.85
9 0 4 1 0 0 3 41 42 44 16 34 6.36
8 0 4 6 0 0 1 45 9 28 11.07
1 1 0 0 0 0 2 52 60 25 39 12.07
9 0 0 8 0 2 1 57 25 47 6.92
4 0 4 1 0 10 2 44 48 2 19 7.1
8 1 0 0 0 0 3 49 52 55 25 49 10.19
8 0 0 0 5 8 1 49 17 34 7.87
10 0 7 0 0 10 3 47 48 50 5 26 8.29
5 0 0 10 0 0 2 49 56 15 39 8.98
8 0 10 0 0 0 2 56 58 15 34 9.5
4 1 0 0 0 0 1 59 33 45 11.98
1 0 0 0 0 8 2 54 59 15 26 7.97
3 0 2 0 0 0 1 57 9 25 6.55
2 1 0 0 0 0 1 62 33 43 9.41
8 0 3 5 0 0 3 55 57 61 11 34 11.36
7 0 0 10 0 0 3 56 58 61 16 41 10.04
7 0 3 0 7 3 1 58 33 47 10.84
4 1 0 0 0 0 1 62 23 35 10.8
7 0 9 0 0 1 1 62 34 54 12.01
4 0 0 6 10 6 1 60 40 52 9.21
10 0 0 10 4 0 1 60 37 59 6.34
10 0 0 3 0 0 1 63 47 64 6.89
9 0 6 10 0 10 1 63 23 46 8.73
8 0 6 9 0 0 1 63 41 58 10.25
1 0 0 0 0 0 0 57 67 10.04
101.36 93.13 88.36 85.99 94.18 105.51 132.2 131.05 103.44 57.85 22.77 2.54 0.0 0.0 0.0 9.0 58.06 94.83 113.01 169.56 217.3 140.0 108.87 96.0 93.0 89.67 85.41 85.32 87.01 94.82 108.05 105.07 97.94 84.58 38.06 22.56 8.38 3.0 5.15 35.05 73.34 99.96 118.39 183.56 212.05 146.12 114.35 98.07 96.42 90.0 86.89 84.71 87.07 93.52 108.93 107.62 104.34 76.99 45.83 41.84 20.83 16.96 41.39 70.9 84.3 96.64 121.94 204.58 235.8 154.57 123.21 106.27 98.1 92.0 88.45 88.02 88.36 97.49 108.92 110.23 99.92 91.43 77.41 66.74 52.26 41.36 54.9 69.43 78.99 101.51 129.83 233.8 274.02 154.56 120.34 105.95 99.77 99.09 93.63 89.92 91.63 96.47 101.15 100.86 95.62 75.64 32.41 3.0 0.08 0.0 0.0 1.73 31.89 81.5 106.71 117.47
