64 5
1 35 27 32 27
1 0 0 0 0 0 3 1 2 3 0 25 9.78
10 0 7 9 0 10 3 5 8 12 1 33 17.29
5 0 0 1 8 0 2 4 7 1 28 10.69
7 0 8 5 7 1 2 9 15 1 28 18.51
5 0 1 8 0 0 3 6 14 23 6 22 17.99
4 1 0 0 0 0 1 28 11 37 10.39
6 1 0 0 0 0 3 11 18 26 11 39 11.57
2 0 10 3 9 5 3 11 13 28 6 24 18.33
2 0 0 0 1 3 3 10 18 19 11 32 17.63
5 0 9 1 4 0 3 10 16 17 8 25 9.87
9 1 0 0 0 0 2 21 26 13 32 12.99
1 1 0 0 0 0 1 15 17 36 10.82
8 0 9 0 6 8 3 17 21 24 11 40 12.89
6 0 5 5 9 0 3 15 18 22 8 31 18.38
10 0 7 0 3 8 1 30 11 37 16.06
9 0 2 10 4 2 2 21 24 18 43 16.36
4 0 0 7 4 8 3 20 25 29 13 39 18.97
8 0 0 1 1 9 1 25 19 38 15.0
4 1 0 0 0 0 1 27 17 32 13.6
1 0 0 6 1 6 3 20 23 24 13 28 16.17
6 1 0 0 0 0 1 22 17 35 10.57
1 0 7 9 9 5 1 27 27 46 13.23
4 1 0 0 0 0 1 26 23 47 12.95
6 0 0 9 1 0 1 25 14 33 16.99
3 0 10 10 0 0 1 27 27 49 14.26
10 0 2 3 1 5 2 28 30 27 49 18.07
6 0 9 0 6 9 1 30 27 51 13.95
5 0 4 0 8 3 1 29 30 52 13.06
5 0 9 7 6 0 1 31 37 54 12.21
1 0 0 1 1 0 1 31 35 53 14.05
3 0 5 2 0 1 1 31 37 49 16.62
1 0 0 0 0 0 0 42 58 17.51
1 0 0 0 0 0 3 33 34 35 0 16 12.25
2 0 8 10 8 7 3 38 40 55 1 19 12.29
3 0 3 7 7 3 3 37 52 61 1 23 15.37
2 0 8 8 7 7 3 36 40 44 1 27 14.41
7 0 10 6 1 8 3 42 50 53 3 26 9.66
6 0 8 2 5 1 3 41 45 49 4 28 14.22
6 0 2 7 1 3 3 39 47 48 3 27 10.69
4 0 1 5 2 1 1 54 9 33 13.75
8 0 10 7 5 1 3 43 46 50 3 22 12.55
2 0 9 4 9 7 2 47 57 10 24 13.0
4 0 5 6 8 4 3 49 55 58 10 31 16.19
7 0 8 1 6 7 1 58 11 29 16.24
10 0 10 6 4 1 2 51 58 3 30 17.6
8 0 6 8 7 3 2 46 60 10 36 14.94
5 0 7 9 2 10 1 47 18 34 15.66
1 0 6 5 4 8 1 62 23 39 11.43
9 0 10 5 5 10 1 56 9 36 10.93
1 1 0 0 0 0 1 54 14 28 18.19
7 0 5 3 8 1 2 51 52 11 33 17.33
7 1 0 0 0 0 2 54 59 18 45 13.54
6 0 1 8 3 10 1 60 18 35 13.28
8 0 6 2 4 10 3 56 57 62 10 34 17.53
8 0 3 5 5 1 2 57 62 25 51 13.73
9 0 1 10 6 3 2 56 59 14 35 14.21
8 0 8 1 10 9 1 61 23 40 9.96
3 0 10 9 9 5 1 60 33 54 11.3
6 1 0 0 0 0 1 59 18 42 14.41
9 0 7 8 5 7 1 61 25 47 16.65
9 0 4 10 5 1 1 63 36 61 17.59
8 0 6 7 2 10 1 63 34 53 12.23
5 0 3 1 2 5 1 63 33 50 13.67
1 0 0 0 0 0 0 45 54 12.38
104.25 91.34 85.14 84.83 83.22 90.46 110.96 123.49 107.05 82.66 61.96 80.01 80.01 79.64 76.29 79.0 132.03 97.04 93.33 118.49 186.12 189.94 125.79 102.56 103.51 96.61 94.3 93.81 94.71 102.51 118.0 106.38 97.67 70.74 4.58 2.29 1.56 -1.01 -0.09 4.57 27.76 91.21 105.02 139.17 245.0 241.38 136.65 115.77 112.91 106.55 101.4 95.46 96.68 102.89 111.77 114.56 110.18 77.31 22.24 1.17 1.31 1.53 2.87 28.39 28.64 92.72 115.17 138.07 182.43 175.18 132.98 114.59 112.67 106.42 104.65 99.43 99.97 96.21 100.22 89.25 87.48 19.39 0.44 5.61 -12.0 0.44 -29.99 5.36 12.66 160.08 83.36 118.96 132.0 137.25 126.69 105.61 109.34 104.57 104.26 105.37 104.69 109.29 120.56 117.15 104.91 73.23 17.61 4.35 -0.46 -1.15 -0.21 2.49 32.24 93.45 110.58 136.54 202.88 179.61 137.05 121.38 118.78 110.48 108.15 106.86 108.99 104.38 100.71 90.74 75.93 23.4
