64 5
1 22 32 25 26
1 0 0 0 0 0 3 1 2 3 0 25 9.92
7 0 3 8 1 4 2 13 18 1 26 6.53
7 0 7 8 1 2 1 22 1 35 7.95
4 0 9 7 8 5 3 4 8 10 1 32 8.82
8 0 9 9 9 2 3 5 17 20 5 40 6.71
9 0 7 10 2 4 2 6 9 13 49 7.47
3 0 3 3 3 4 3 7 11 18 22 43 9.22
9 1 0 0 0 0 3 12 14 21 25 58 11.56
10 0 3 9 1 2 2 14 15 5 35 7.23
6 0 2 10 8 9 2 13 18 22 58 11.24
2 0 4 7 7 4 1 17 5 29 8.75
7 1 0 0 0 0 3 16 23 25 25 55 10.75
9 0 6 5 10 4 2 19 27 34 58 6.9
10 1 0 0 0 0 3 14 23 26 28 64 10.78
9 0 2 9 10 5 1 22 38 67 11.61
4 0 6 5 10 1 3 20 25 26 15 50 11.83
5 1 0 0 0 0 2 24 26 32 57 10.58
3 0 6 3 8 4 1 22 13 35 10.83
3 0 10 10 1 6 3 19 24 29 28 53 10.15
2 0 4 3 6 9 1 23 43 71 11.84
3 1 0 0 0 0 1 29 19 42 6.47
3 0 2 2 9 4 1 25 34 59 8.75
10 0 1 5 4 5 1 30 47 73 6.92
7 0 3 2 3 5 1 28 45 68 11.77
9 0 1 5 1 9 2 27 30 37 70 10.79
1 0 5 2 10 5 2 28 30 37 66 7.36
2 0 5 4 7 8 2 27 29 38 63 8.14
1 0 3 9 10 8 1 28 46 61 9.36
3 0 9 9 6 1 1 31 52 77 10.76
8 0 2 1 4 10 1 31 40 68 10.28
2 0 3 10 8 8 1 31 57 80 7.52
1 0 0 0 0 0 0 59 77 6.35
1 0 0 0 0 0 3 33 34 35 0 34 9.67
7 0 0 9 7 3 3 36 37 38 1 40 7.79
8 0 4 0 8 0 3 40 42 43 1 30 10.4
9 0 9 6 6 8 2 41 58 1 41 6.49
2 0 1 6 3 0 3 39 44 50 8 40 8.22
9 0 0 3 3 10 2 44 56 8 47 7.71
6 1 0 0 0 0 2 46 47 8 30 10.72
6 0 2 3 7 3 2 49 51 10 41 6.82
6 0 0 0 7 9 1 54 9 44 7.62
5 0 8 0 8 7 3 47 48 52 10 37 8.1
3 0 0 10 2 7 3 48 55 60 9 34 10.48
7 0 0 5 0 3 2 57 59 9 34 8.88
9 1 0 0 0 0 3 45 46 49 17 53 9.17
9 1 0 0 0 0 3 47 58 62 26 49 11.89
10 0 0 0 8 8 1 62 26 62 7.27
1 0 5 0 7 9 1 54 35 59 9.93
3 1 0 0 0 0 1 49 15 41 10.47
3 0 2 1 4 10 1 61 26 48 8.79
1 0 0 5 6 0 3 51 52 56 10 44 11.55
10 0 5 8 0 7 1 53 16 45 10.62
5 0 6 6 5 1 3 54 59 62 15 46 9.2
8 1 0 0 0 0 2 57 59 26 50 10.39
6 0 0 9 10 10 2 60 61 36 69 9.17
7 1 0 0 0 0 1 56 12 34 8.03
10 0 0 3 1 7 1 57 19 56 10.69
3 0 0 10 6 5 1 58 34 65 7.58
3 0 5 5 7 2 1 61 37 54 10.51
2 0 10 4 6 3 1 60 34 62 8.96
2 0 2 0 5 0 1 63 42 68 9.03
1 0 4 4 1 1 1 63 42 70 6.82
9 0 0 9 1 10 1 63 36 70 6.08
1 0 0 0 0 0 0 45 63 6.08
94.62 91.27 92.03 91.57 96.57 100.54 122.73 204.07 195.24 148.74 127.45 113.19 95.92 91.31 94.34 104.46 111.58 165.0 287.83 287.51 167.91 124.82 122.0 111.66 109.86 103.77 100.41 100.32 101.8 107.57 128.3 169.18 197.16 159.02 134.08 121.54 109.67 106.57 113.28 130.91 157.9 221.54 391.95 400.62 217.31 150.0 126.38 114.46 117.0 113.79 109.43 105.67 108.85 115.33 155.0 282.83 275.88 180.05 141.56 128.26 121.83 115.58 119.14 126.81 141.78 155.09 201.75 205.73 136.19 110.61 90.04 70.91 87.81 86.49 90.82 88.61 91.01 89.36 107.52 115.79 132.85 120.2 93.13 88.46 84.0 82.62 85.14 86.88 105.01 121.62 134.02 139.96 123.61 107.79 103.02 93.95 89.51 82.6 84.41 82.75 88.54 97.49 116.38 137.75 146.31 129.02 118.2 99.84 89.74 89.4 92.13 99.68 113.94 129.65 139.1 140.0 120.66 106.09 99.82 92.82 77.35 75.11 78.62 79.9 82.95 80.55 87.76 104.61 112.37 106.97 96.1 84.02 76.34 71.35 76.08 86.26 93.82 117.8 126.58 117.8 107.59 95.43 97.57 94.57 92.63 84.81 78.82 79.33 81.1 85.62 90.42 93.03 91.2 80.7 72.1 62.21 34.88 20.62 37.12 69.7 92.01 120.93 124.31 109.1 94.36 89.44 80.7 65.11 73.92 69.83 67.28 66.54 67.52 81.68 120.0 132.61 124.43 107.51
