64 5
1 30 27 17 21
1 0 0 0 0 0 3 1 2 3 0 23 9.25
1 0 0 0 0 2 3 11 18 24 1 28 4.97
2 0 0 0 5 0 2 4 9 1 27 7.82
7 0 0 0 10 0 3 7 8 14 1 25 9.77
7 0 8 0 0 0 3 5 15 18 3 41 9.1
4 0 0 0 3 0 3 6 10 16 10 44 9.53
3 1 0 0 0 0 3 12 19 26 14 32 7.01
2 0 0 0 2 0 3 12 15 27 8 34 8.25
5 0 0 0 0 3 3 9 13 16 8 43 5.51
8 0 0 4 0 0 3 10 11 19 13 38 6.23
10 1 0 0 0 0 3 12 17 21 21 50 4.94
6 1 0 0 0 0 3 15 21 29 21 51 9.2
7 1 0 0 0 0 2 20 29 31 65 9.5
8 0 0 0 0 6 3 17 18 24 13 36 6.23
9 0 0 0 10 0 3 16 20 25 8 47 8.46
7 0 0 0 2 0 2 28 30 27 49 9.39
6 0 3 0 0 0 3 19 23 28 17 41 5.39
9 1 0 0 0 0 3 20 22 25 31 55 9.57
4 1 0 0 0 0 3 21 22 25 21 45 6.48
1 1 0 0 0 0 1 24 23 43 7.42
3 0 0 1 0 0 1 23 40 63 7.18
5 1 0 0 0 0 2 23 27 31 60 9.71
3 0 10 0 0 0 1 26 40 62 6.89
2 0 0 8 0 0 1 30 43 68 7.15
4 0 0 0 9 0 1 29 24 57 9.47
1 0 0 0 8 0 1 26 40 67 5.56
9 0 0 10 0 0 2 27 30 43 74 7.64
6 0 8 0 0 0 1 28 52 77 5.26
3 0 0 0 0 3 1 31 58 81 7.2
1 0 0 0 6 0 1 31 38 54 5.42
6 0 0 3 0 0 1 31 52 71 7.86
1 0 0 0 0 0 0 61 80 6.29
1 0 0 0 0 0 3 33 34 35 0 32 6.66
8 0 7 10 3 0 3 38 45 48 1 25 6.56
3 0 8 6 1 2 3 36 37 51 1 36 5.76
7 0 9 10 0 9 1 55 1 35 7.13
2 0 10 0 0 8 1 49 4 31 6.7
3 0 1 3 2 0 3 39 50 52 4 36 5.23
6 0 1 10 3 9 1 41 9 35 5.37
7 0 9 0 3 0 2 40 47 7 45 6.27
9 0 2 3 0 0 2 43 55 14 51 9.68
9 0 7 10 5 10 1 42 15 53 6.77
3 0 0 5 3 6 2 44 46 24 51 6.88
1 0 0 4 7 3 1 45 23 47 5.0
2 1 0 0 0 0 2 52 53 27 57 9.02
5 1 0 0 0 0 2 56 62 24 53 9.21
2 1 0 0 0 0 2 57 58 27 44 6.68
5 0 7 3 6 0 1 60 14 40 6.48
9 0 2 3 8 4 1 52 9 38 7.52
3 0 5 9 4 6 1 60 6 32 9.28
2 1 0 0 0 0 1 56 7 35 5.44
3 0 4 2 6 0 1 55 4 40 9.4
3 1 0 0 0 0 1 59 29 53 5.71
8 0 0 5 8 0 1 54 29 63 6.82
9 0 1 7 10 4 3 56 58 62 37 63 7.45
4 0 9 3 0 1 2 57 62 23 45 8.72
7 0 0 8 0 0 1 61 46 68 9.03
3 1 0 0 0 0 1 59 29 47 7.39
9 0 3 1 7 0 1 59 46 69 9.51
9 0 8 7 6 5 1 60 55 78 5.45
4 0 0 2 2 7 1 63 64 88 8.91
5 0 0 9 8 4 1 63 53 78 5.86
2 0 9 9 0 0 1 63 46 71 8.14
1 0 0 0 0 0 0 68 80 9.56
72.81 70.95 69.49 72.07 72.92 89.42 109.29 124.51 108.86 93.59 91.92 74.17 62.97 59.93 58.89 70.26 84.06 92.46 102.9 134.1 170.66 124.4 106.23 96.34 87.55 81.22 79.58 78.27 82.59 97.42 114.58 120.78 109.39 85.85 80.88 70.25 55.89 53.26 57.16 68.87 76.5 93.49 111.02 137.2 160.08 133.88 115.44 100.98 94.43 88.78 87.15 89.84 94.29 106.11 129.17 142.9 123.11 97.02 87.47 77.64 68.48 68.2 71.34 78.25 84.55 99.24 111.21 131.76 143.46 123.94 109.69 98.02 97.61 93.33 93.2 95.18 96.09 108.79 123.95 137.91 122.67 103.21 90.11 77.84 66.09 65.49 72.06 81.37 87.82 93.9 109.11 132.01 173.87 134.44 112.64 105.87 102.02 97.86 95.0 96.35 100.38 111.94 135.54 133.18 98.02 83.34 52.95 3.24 3.09 0.13 0.01 7.49 59.42 87.6 94.58 117.4 155.2 124.27 103.02 96.79 101.99 103.56 99.41 96.56 101.13 100.72 97.91 93.79 73.88 9.1 -0.09 -22.58 -56.61 -114.38 -109.63 -49.89 -6.78 29.94 97.26 125.4 167.01 126.19 107.85 95.28 98.27 96.34 94.3 96.76 96.74 96.77 88.98 66.69 4.96 -0.1 -12.08 -49.39 -170.77 -224.49 -219.87 -110.58 -18.81 0.1 83.97 120.03 134.62 116.69 101.79 89.36 87.57 82.76 82.38 82.95 86.24 100.16
