96 5
1 18 27 23 38
1 0 0 0 0 0 3 1 2 3 0 25 8.49
9 0 5 0 0 2 3 4 8 18 1 31 7.69
4 0 0 5 0 9 3 9 12 13 1 46 7.62
5 0 4 0 0 0 3 5 6 7 1 33 5.17
7 0 3 2 7 0 1 5 10 53 5.33
1 0 6 2 0 0 1 25 17 58 8.53
3 0 0 0 0 3 1 27 6 39 7.89
9 0 0 0 0 9 1 25 6 51 6.19
8 0 7 0 5 3 3 10 13 16 10 47 8.76
10 0 0 1 0 0 3 11 15 17 5 53 8.21
6 0 0 4 4 9 2 14 30 18 47 7.3
5 0 0 1 0 0 1 28 15 52 7.1
10 0 0 0 9 0 2 22 23 5 39 8.69
3 0 8 4 0 7 3 19 27 29 18 59 6.68
6 0 0 5 2 7 1 21 24 51 5.26
9 0 0 0 2 0 1 26 15 62 5.82
3 0 0 0 0 5 2 27 30 18 42 7.26
4 0 0 9 8 7 1 29 15 56 6.96
10 0 0 2 1 0 1 20 10 39 8.42
7 1 0 0 0 0 1 24 21 63 4.96
10 1 0 0 0 0 1 25 20 54 5.63
6 1 0 0 0 0 1 22 30 55 5.21
7 0 4 9 5 2 1 26 36 61 5.86
8 0 0 7 0 10 1 24 15 53 8.4
1 1 0 0 0 0 1 26 28 52 6.32
7 0 6 0 4 10 1 29 30 65 5.21
3 0 9 0 8 0 1 28 43 69 4.71
7 1 0 0 0 0 1 28 21 57 5.52
8 0 0 5 5 0 1 31 46 78 7.88
3 0 4 0 1 5 1 31 37 75 7.34
3 0 2 0 0 3 1 31 24 62 8.85
1 0 0 0 0 0 0 54 76 6.89
1 0 0 0 0 0 3 33 34 35 0 42 8.79
7 0 1 0 0 0 3 41 44 55 1 35 6.25
4 0 7 0 0 0 3 38 39 46 1 39 7.55
7 0 10 0 0 0 3 36 39 61 1 34 6.62
3 0 0 0 3 0 3 37 42 44 8 34 6.67
4 0 0 0 7 0 3 38 40 46 11 48 8.67
3 0 0 0 8 0 3 41 47 55 15 53 6.92
9 0 0 0 0 8 3 48 52 53 8 55 7.12
2 0 0 0 0 7 3 47 51 57 15 54 6.73
8 0 3 0 0 0 3 43 45 49 18 64 5.2
10 0 0 0 4 0 2 60 62 11 60 6.73
2 0 0 0 10 0 3 48 50 51 26 62 7.88
9 0 0 0 0 1 3 45 46 47 11 47 7.55
6 1 0 0 0 0 3 50 51 53 26 60 5.64
1 0 0 0 0 2 3 49 53 56 20 60 5.82
6 0 0 0 6 0 2 49 50 20 54 5.64
5 1 0 0 0 0 2 54 57 28 65 8.66
7 1 0 0 0 0 2 59 62 26 54 6.26
10 1 0 0 0 0 2 52 56 32 66 5.41
2 1 0 0 0 0 3 52 54 58 32 68 6.51
9 0 0 0 0 10 1 59 42 76 6.99
8 1 0 0 0 0 2 54 57 32 65 8.94
2 0 0 0 0 2 1 60 40 75 5.04
3 0 0 0 0 7 1 56 18 49 7.41
1 0 0 4 0 0 1 58 42 76 7.49
6 0 3 0 0 0 1 58 40 71 9.04
6 0 0 7 0 0 2 59 62 46 75 8.62
4 0 0 0 0 7 1 60 52 74 8.93
8 0 0 5 0 0 1 63 56 88 7.88
4 0 9 0 0 0 1 63 8 51 5.83
2 0 0 0 9 0 1 63 52 82 7.95
1 0 0 0 0 0 0 64 90 5.14
1 0 0 0 0 0 3 65 66 67 0 36 5.35
2 0 5 10 0 10 3 76 87 88 1 34 7.5
4 0 5 10 10 7 3 68 69 70 1 29 8.77
3 0 3 1 1 4 3 75 77 78 1 35 7.36
2 0 0 9 9 0 3 73 80 82 5 45 4.82
6 0 6 7 8 8 3 71 74 82 5 37 7.38
4 0 4 0 0 3 2 72 73 5 40 7.08
6 0 10 5 4 1 1 81 11 45 5.35
10 0 7 4 7 0 3 74 77 81 9 49 5.25
10 0 1 0 1 3 3 76 83 86 9 53 6.49
5 0 7 0 3 0 3 75 76 83 19 50 7.51
8 0 4 0 9 8 3 80 84 89 24 62 7.65
3 1 0 0 0 0 3 89 90 94 24 55 6.63
1 1 0 0 0 0 3 80 91 93 19 42 5.47
7 0 6 0 10 1 3 79 83 84 4 31 6.44
2 0 2 6 0 6 3 82 86 89 11 39 8.76
9 0 2 0 1 8 2 85 90 32 66 6.21
7 1 0 0 0 0 2 84 91 19 54 8.94
6 1 0 0 0 0 3 85 88 91 13 38 7.93
5 0 0 6 3 0 3 87 88 90 24 50 6.69
4 0 0 9 10 0 3 85 86 93 32 70 8.59
4 0 9 1 0 0 1 87 41 65 6.96
3 0 3 7 8 0 1 92 36 63 7.9
7 0 7 8 3 0 1 94 45 83 7.53
5 0 1 0 0 4 1 92 29 70 8.68
9 0 0 0 5 2 1 93 32 66 6.6
7 0 7 9 0 9 1 92 41 80 8.94
7 0 9 1 7 7 1 94 26 66 5.96
5 0 2 3 8 10 1 95 48 83 6.37
5 0 4 4 9 6 1 95 41 69 7.0
2 0 3 6 7 7 1 95 52 73 8.55
1 0 0 0 0 0 0 54 73 4.61
88.81 92.21 69.54 66.9 79.78 94.61 130.46 109.44 91.87 51.48 38.02 50.01 84.3 110.22 100.41 142.84 166.99 139.0 250.0 196.34 152.6 125.0 103.11 84.39 103.63 102.38 99.68 95.61 79.55 108.35 125.43 118.18 111.65 120.75 46.91 55.34 74.14 76.35 68.17 54.37 100.0 120.99 135.0 101.96 138.44 120.24 165.03 130.94 82.97 74.81 73.34 72.05 73.82 80.55 105.72 112.01 98.44 72.08 25.74 15.77 27.37 26.51 57.69 66.84 74.29 89.11 113.92 149.24 198.96 240.25 170.94 124.57 119.95 108.09 103.39 99.91 100.02 104.51 120.14 121.01 106.79 96.87 88.26 81.57 70.5 69.41 68.33 80.0 97.39 104.45 125.0 158.95 169.86 147.17 108.36 89.68 74.97 69.34 67.91 73.25 75.68 84.35 105.58 113.2 107.7 91.16 79.18 67.45 55.25 74.77 91.97 97.56 92.63 82.01 87.88 100.72 119.73 134.89 125.79 106.69 92.87 89.72 82.18 76.9 70.45 75.65 74.53 58.98 27.8 2.34 0.01 0.3 1.26 2.25 -0.56 1.22 28.15 49.77 72.37 105.52 116.65 125.28 119.83 103.5 95.07 89.42 89.66 86.82 85.28 85.3 86.37 75.58 47.91 2.03 0.0 -0.27 -4.95 -16.56 -2.44 0.0 -0.49 27.22 95.0 102.14 111.98 118.07 113.73 101.0 98.73 89.03 85.03 84.13 86.44 97.23 114.67 111.75 104.99 98.14 87.73 61.18 22.74 19.98 26.65 62.54 82.65 98.25 110.14 178.94 283.1 233.0 157.0 122.65 111.28 97.24 89.1 88.32 90.01 98.78 114.97 120.28 110.76 82.71 77.22 68.74 50.5 50.48 70.87 78.41 90.8 102.81 152.08 302.22 465.66 394.02 240.15 145.09 119.29 102.77
