96 5
1 28 25 34 42
1 0 0 0 0 0 3 1 2 3 0 19 6.94
8 0 0 9 7 7 2 4 6 1 29 6.73
6 0 10 2 8 5 2 7 12 1 37 7.47
3 0 0 0 10 6 3 14 22 24 1 30 6.87
7 0 2 0 9 8 2 5 10 9 36 7.42
1 0 0 5 10 9 2 9 17 16 48 8.16
4 0 0 7 4 6 3 8 11 15 9 37 7.03
6 0 3 7 0 0 1 19 7 37 8.57
3 0 10 1 7 3 2 20 26 13 39 7.64
4 1 0 0 0 0 2 18 21 17 47 7.49
4 0 0 0 8 0 2 22 28 16 49 5.75
9 0 0 0 9 6 2 13 25 13 37 4.48
10 0 0 0 3 1 2 15 25 7 45 5.51
7 1 0 0 0 0 2 16 23 22 52 6.05
9 0 2 0 9 3 1 30 4 43 4.84
7 1 0 0 0 0 1 29 17 47 8.61
1 0 0 10 4 6 1 19 29 47 4.96
10 0 3 5 7 8 1 19 17 53 4.83
3 1 0 0 0 0 1 27 21 51 7.14
7 0 0 7 10 4 1 27 30 63 4.36
2 0 0 2 4 6 1 29 16 43 8.57
9 1 0 0 0 0 1 24 21 52 5.75
2 1 0 0 0 0 1 30 20 51 7.0
10 0 6 3 10 2 1 28 29 58 5.3
7 0 8 1 2 7 1 29 30 53 6.81
7 0 7 7 6 8 2 26 27 22 46 5.71
9 0 8 0 2 8 1 30 29 59 6.26
2 0 3 1 0 5 1 28 37 60 7.38
8 0 0 8 6 4 1 31 39 67 4.96
10 0 7 0 8 9 1 31 37 65 6.27
3 0 0 1 3 6 1 31 38 65 8.49
1 0 0 0 0 0 0 47 63 6.39
1 0 0 0 0 0 3 33 34 35 0 19 4.7
2 0 9 8 3 9 3 36 42 46 1 23 7.26
3 0 1 3 3 10 3 37 40 46 1 35 7.69
3 0 10 6 7 9 3 36 39 45 1 29 6.9
5 0 6 6 9 9 3 48 50 52 4 35 7.25
6 0 4 1 7 1 3 38 42 50 4 31 7.39
2 0 2 7 4 7 3 41 44 49 10 42 6.2
8 0 4 10 8 8 3 40 43 48 4 38 6.3
1 0 6 7 10 9 3 44 50 54 12 33 6.28
10 1 0 0 0 0 3 45 53 58 12 42 4.33
1 0 9 4 4 4 3 43 45 48 10 27 4.35
8 0 3 8 5 5 3 44 47 49 12 39 8.36
8 1 0 0 0 0 2 52 56 20 48 6.31
9 0 7 3 3 7 1 62 22 46 5.23
9 0 9 4 8 10 2 53 54 4 40 6.83
8 0 9 9 10 5 3 51 54 55 20 49 6.62
9 0 5 2 9 3 2 55 62 12 43 6.44
5 1 0 0 0 0 3 51 60 61 20 40 4.56
4 0 10 8 3 2 2 55 57 13 36 5.13
7 0 5 4 10 2 1 52 28 61 6.76
5 0 1 6 4 5 2 53 58 35 56 4.87
6 0 1 1 7 9 1 57 40 63 6.09
7 0 1 1 5 10 2 56 58 28 61 5.42
1 0 7 2 5 3 2 60 61 28 57 4.43
2 0 9 2 9 1 3 57 60 61 35 51 6.28
1 0 4 6 2 9 1 59 46 60 5.56
8 0 5 5 1 3 1 59 40 68 7.76
3 0 4 4 4 3 1 62 48 64 7.47
8 0 5 1 3 8 1 63 37 58 4.63
3 0 6 2 5 2 1 63 37 62 7.92
8 0 1 10 3 3 1 63 51 71 8.37
1 0 0 0 0 0 0 59 74 6.18
1 0 0 0 0 0 3 65 66 67 0 33 5.68
6 0 0 0 7 0 3 74 75 78 1 29 5.9
4 0 0 0 1 0 3 68 71 79 1 30 7.32
2 0 0 0 0 2 1 90 1 32 5.92
1 0 0 0 6 0 3 69 75 77 5 31 5.99
5 0 2 0 0 0 1 70 6 37 5.31
1 0 0 0 0 6 2 72 91 11 28 5.38
3 0 0 9 0 0 2 73 83 5 26 8.2
5 1 0 0 0 0 2 76 84 12 43 6.03
6 0 8 0 0 0 2 80 88 8 38 7.5
6 0 0 0 7 0 2 88 91 7 30 8.23
4 0 7 0 0 0 2 88 92 7 39 4.42
1 1 0 0 0 0 3 85 86 94 17 46 7.42
6 0 0 1 0 0 1 80 6 40 6.81
5 1 0 0 0 0 1 87 7 39 4.52
3 0 0 0 5 0 1 81 5 27 7.89
3 1 0 0 0 0 1 89 14 36 6.34
2 0 7 0 0 0 2 82 86 8 34 7.17
3 0 0 8 0 0 1 85 10 37 4.43
3 0 0 0 5 0 1 92 8 44 5.86
7 1 0 0 0 0 1 94 17 48 6.05
4 1 0 0 0 0 1 87 18 40 7.55
8 0 0 0 0 5 1 87 18 53 7.97
1 0 0 0 0 5 1 92 26 56 5.67
8 0 0 9 0 0 1 93 14 44 6.83
8 0 0 5 0 0 1 91 17 54 5.68
5 0 0 9 0 0 1 93 3 27 6.87
1 0 0 4 0 0 1 93 25 41 4.32
5 0 0 4 0 0 1 95 27 61 5.76
2 0 0 9 0 0 1 95 26 47 5.11
1 0 0 0 0 10 1 95 24 51 4.33
1 0 0 0 0 0 0 32 53 5.14
129.54 126.63 124.72 120.04 123.24 127.77 159.18 207.88 243.23 178.04 149.95 126.16 117.27 115.52 124.31 147.32 169.51 214.64 200.73 201.1 167.74 153.0 144.21 135.81 132.4 125.54 123.18 123.99 123.25 127.63 155.37 191.13 211.99 163.31 136.53 126.71 117.55 113.18 120.09 138.47 170.43 178.26 175.0 171.02 152.85 131.0 130.77 123.05 115.2 110.86 110.27 109.09 115.43 122.5 147.67 168.12 180.81 159.33 133.5 121.97 117.02 119.5 128.85 144.12 160.36 177.15 189.9 189.63 170.0 155.42 143.7 133.68 133.67 129.8 125.95 125.0 125.01 134.5 154.93 180.09 219.08 178.95 160.22 150.88 145.88 142.97 139.07 150.09 171.17 176.63 169.12 162.12 135.15 123.54 131.27 121.95 126.05 112.7 108.82 105.0 114.14 127.75 178.61 181.71 164.98 150.47 134.44 117.05 113.52 118.79 122.32 151.3 133.7 132.92 136.89 132.27 111.54 87.65 98.8 100.0 83.39 86.49 86.39 88.13 89.69 90.99 88.95 93.24 112.24 97.54 94.55 86.74 85.4 87.56 92.77 118.0 136.88 144.46 160.47 160.33 155.17 149.0 143.56 135.53 135.0 127.75 124.07 119.3 116.81 117.0 117.0 133.43 136.77 120.94 113.7 109.1 87.08 98.01 109.9 120.4 138.0 142.93 155.76 150.6 144.55 142.16 143.0 128.54 119.56 114.07 111.4 107.72 107.31 115.58 153.71 173.8 181.36 163.18
