96 5
1 33 33 32 37
1 0 0 0 0 0 3 1 2 3 0 51 5.1
10 0 9 9 8 4 2 6 12 1 51 5.37
10 0 3 9 5 10 3 13 19 25 1 48 7.6
10 0 6 5 5 9 3 4 7 16 1 53 6.24
5 0 5 1 6 7 3 5 8 29 11 50 6.98
6 0 1 7 6 6 3 6 13 20 16 60 4.86
5 1 0 0 0 0 2 15 23 22 65 4.62
10 0 9 9 3 2 3 9 13 23 11 66 7.41
1 1 0 0 0 0 1 21 16 48 4.42
2 1 0 0 0 0 2 10 27 21 59 6.55
1 0 6 5 9 2 3 11 14 20 23 57 6.15
5 1 0 0 0 0 1 18 24 75 6.37
7 1 0 0 0 0 2 15 22 11 42 5.25
10 1 0 0 0 0 2 15 22 22 73 5.38
1 0 1 7 5 8 1 17 24 56 8.29
9 1 0 0 0 0 2 27 28 32 69 5.78
6 0 10 7 3 1 1 24 11 54 8.18
7 0 2 10 3 4 1 24 25 76 8.51
1 0 7 4 5 4 3 24 25 28 29 72 6.81
3 0 8 7 1 5 2 20 23 11 53 5.65
3 1 0 0 0 0 1 21 24 56 5.12
5 0 5 9 7 7 2 22 26 27 60 6.11
6 0 8 2 2 4 2 28 30 32 80 4.66
4 1 0 0 0 0 2 26 27 27 72 5.69
4 0 2 7 5 2 2 26 29 32 64 5.06
8 0 7 1 5 6 1 29 30 75 5.23
10 0 6 10 7 5 1 30 36 83 7.13
10 0 5 2 1 6 1 30 41 73 7.91
10 0 8 10 1 10 1 31 41 72 4.47
7 0 2 2 10 2 1 31 38 72 8.42
4 0 10 4 9 1 1 31 51 96 4.72
1 0 0 0 0 0 0 55 94 8.25
1 0 0 0 0 0 3 33 34 35 0 38 7.0
4 0 1 0 0 0 3 36 38 51 1 39 8.13
3 0 0 0 0 2 1 53 1 44 7.58
10 0 0 0 0 4 1 49 1 54 6.93
10 0 0 0 1 0 3 37 40 41 5 62 7.42
5 0 0 10 0 0 1 61 15 52 8.24
1 0 0 3 0 0 3 39 42 52 5 51 8.52
7 0 3 0 0 0 1 61 6 53 7.1
4 0 0 0 0 1 3 44 45 47 15 56 8.38
5 0 0 0 0 6 1 50 15 57 8.48
7 0 0 0 0 6 1 43 6 53 6.55
10 1 0 0 0 0 2 48 56 13 59 4.87
2 1 0 0 0 0 2 52 54 19 52 7.4
4 1 0 0 0 0 2 46 58 19 69 7.02
5 1 0 0 0 0 1 59 23 56 7.06
5 1 0 0 0 0 1 60 19 70 6.33
4 0 0 0 0 4 1 55 23 51 7.9
3 0 0 0 7 0 2 50 54 11 44 4.72
7 1 0 0 0 0 1 62 20 63 7.84
6 0 8 0 0 0 1 54 5 52 6.53
2 0 0 0 2 0 1 55 21 69 8.0
5 0 0 0 8 0 2 57 58 4 41 6.8
8 0 10 0 0 0 2 57 62 21 69 4.4
3 0 0 0 7 0 1 59 27 67 6.83
3 0 5 0 0 0 2 58 59 23 65 7.9
2 0 8 0 0 0 1 61 29 64 5.88
10 0 0 0 5 0 1 62 26 78 7.14
3 0 0 0 0 9 1 60 30 56 5.96
5 0 8 0 0 0 1 63 33 79 4.56
5 0 7 0 0 0 1 63 31 58 6.11
1 0 5 0 0 0 1 63 36 59 4.8
1 0 0 0 0 0 0 38 65 7.03
1 0 0 0 0 0 3 65 66 67 0 52 5.41
5 0 10 5 8 5 3 70 73 74 1 55 7.06
2 0 9 3 8 7 3 71 79 82 1 46 6.12
6 0 5 9 4 1 3 68 69 82 1 56 8.47
10 0 5 7 6 4 3 75 76 77 7 65 5.31
7 0 9 4 2 10 3 71 80 91 7 51 7.82
10 0 7 2 10 6 3 72 75 85 6 52 4.71
9 0 4 5 2 6 3 76 77 78 14 61 5.14
3 0 6 3 6 6 3 79 82 88 16 48 4.48
8 0 8 10 10 9 3 77 80 86 6 40 5.1
10 0 4 6 4 8 3 81 84 90 6 60 6.66
1 0 9 5 4 4 3 79 80 90 17 60 6.04
6 1 0 0 0 0 2 81 84 23 55 7.54
6 1 0 0 0 0 3 83 85 87 23 55 6.16
9 0 4 5 4 9 2 81 86 23 76 8.45
9 0 10 7 9 8 3 83 91 93 19 56 6.24
4 0 7 4 10 3 2 88 89 18 46 6.29
4 1 0 0 0 0 1 94 32 81 6.27
4 0 2 7 3 2 3 83 89 90 19 65 5.19
3 0 6 10 3 10 1 92 29 71 6.81
9 1 0 0 0 0 2 85 86 29 77 6.16
4 0 3 3 5 2 1 92 38 83 6.27
3 0 2 5 4 3 2 87 88 38 84 6.06
6 0 5 4 9 7 2 89 93 41 86 4.71
9 0 5 7 8 5 2 92 93 41 77 5.69
3 0 9 1 4 2 1 94 47 83 5.79
8 1 0 0 0 0 1 91 23 64 7.13
6 1 0 0 0 0 1 94 31 81 7.62
10 0 8 7 9 3 1 95 50 98 6.65
8 0 1 5 7 8 1 95 50 90 5.75
10 0 5 2 8 1 1 95 50 84 6.32
1 0 0 0 0 0 0 60 83 7.15
92.44 90.35 89.52 89.69 89.81 100.0 130.03 212.21 164.86 120.68 91.09 86.24 80.0 78.5 85.11 89.16 102.3 134.81 274.59 402.21 165.12 121.13 101.83 89.41 101.42 98.15 97.22 96.68 99.78 101.37 137.47 244.0 209.23 136.34 116.64 98.43 89.56 88.06 89.94 98.77 114.54 156.02 250.86 356.15 138.73 104.71 95.0 91.39 85.56 82.32 78.54 90.17 89.01 97.37 127.3 175.46 138.74 105.23 86.5 75.97 71.47 74.29 78.48 87.45 98.01 135.0 249.52 339.75 150.72 113.11 98.93 90.99 91.44 88.59 87.5 90.3 92.28 96.83 130.8 179.79 137.16 100.04 91.26 79.97 68.09 63.52 74.36 83.69 90.02 124.84 173.05 188.22 126.3 101.78 99.9 88.26 86.63 77.25 74.57 74.96 77.73 89.46 118.58 130.22 111.44 90.17 64.99 43.12 28.56 20.18 31.7 59.82 82.79 110.97 146.1 140.78 107.36 78.64 62.33 36.3 52.99 40.71 44.13 21.12 24.5 4.81 28.02 46.89 51.67 36.88 19.0 2.03 0.72 3.81 18.98 40.01 46.27 40.39 37.87 72.34 49.47 17.08 35.7 3.26 -0.79 1.27 -1.09 -1.17 -1.06 -0.99 -1.72 -0.31 15.04 16.23 16.02 10.44 15.94 6.66 1.62 6.57 8.03 64.94 100.81 185.0 136.63 65.0 65.0 65.0 53.01 86.57 63.27 42.37 20.73 25.66 105.0 120.0 110.01 120.0 101.53 90.62 89.43 83.92 93.3 92.2 94.16 110.0 127.96 158.37 126.94 120.19 119.33 105.89 100.68 94.18 90.38 90.07 93.83 97.29 134.49 228.56 284.54 208.59 152.29 131.35 112.92 108.5 107.75 115.64 124.61 152.46 204.46 217.86 146.41 123.24 107.42 97.48 93.45 88.44 87.56 87.2 90.27 98.29 116.8 154.23 165.96 134.62 117.18 104.18 91.34 90.11 91.41 100.62 118.7 148.89 179.14 198.98 140.0 112.81 108.86 98.07 97.38 92.95 93.66 91.76 94.02 102.79 126.61 144.82 149.94 133.23 110.81 98.32 94.14 89.59 88.91 97.61 99.46 109.39 116.52 114.63 106.55 96.17
