96 5
1 45 36 39 33
1 0 0 0 0 0 3 1 2 3 0 29 25.5
10 0 6 2 10 9 3 4 5 14 1 34 23.27
10 0 1 1 3 9 2 6 7 1 38 34.55
9 0 2 9 3 5 3 6 8 16 1 37 19.29
6 0 7 4 3 3 3 20 24 26 11 38 28.01
9 0 6 9 8 9 3 10 11 12 11 47 25.83
3 0 9 3 2 8 3 13 18 20 11 40 30.99
4 0 1 4 7 2 3 16 17 20 11 35 21.17
4 0 8 5 2 6 3 9 10 13 10 37 34.7
7 0 8 4 6 6 1 11 14 50 29.16
6 0 8 1 4 1 1 15 20 41 34.58
10 0 1 5 8 9 2 15 17 21 45 28.21
4 0 10 10 1 7 2 16 26 20 41 29.99
3 0 4 4 5 3 3 21 22 25 14 44 22.99
1 0 1 4 7 5 1 30 11 43 29.13
7 1 0 0 0 0 2 22 23 31 58 29.0
10 1 0 0 0 0 1 24 24 59 18.89
1 0 9 9 4 6 2 19 22 31 54 28.96
1 0 5 5 8 3 1 19 14 39 23.43
4 1 0 0 0 0 2 23 25 32 57 19.47
6 0 9 10 3 5 1 28 17 52 34.21
8 0 10 4 1 9 2 23 24 17 48 19.99
8 0 10 1 7 5 1 30 38 63 37.35
4 1 0 0 0 0 1 30 38 54 35.21
1 0 1 2 9 1 2 27 28 34 61 32.26
9 0 8 2 10 7 1 26 36 59 34.3
10 0 3 2 5 8 2 27 28 45 76 22.97
2 0 7 3 6 5 1 29 55 69 34.8
8 0 5 9 6 7 1 31 55 75 35.87
9 0 5 7 3 8 1 31 57 86 36.59
3 0 4 5 10 1 1 31 46 63 34.48
1 0 0 0 0 0 0 66 87 22.42
1 0 0 0 0 0 3 33 34 35 0 27 22.77
6 0 1 9 2 10 3 36 41 48 1 30 22.59
6 0 9 2 3 4 2 37 55 1 33 36.84
10 0 8 2 3 1 1 44 1 36 29.09
5 0 5 10 9 8 1 61 7 28 25.53
2 0 5 6 2 2 3 38 39 43 7 25 23.52
6 0 8 5 4 3 1 45 9 35 25.95
7 0 10 2 6 3 3 40 42 49 9 44 19.83
7 0 3 5 1 2 1 50 16 37 36.86
3 0 7 3 3 3 1 46 7 32 20.53
10 0 3 2 9 2 1 61 16 50 23.95
1 0 7 5 8 7 2 56 58 9 32 37.37
4 0 3 6 2 6 2 54 60 11 44 27.84
10 0 8 8 8 7 1 50 15 39 31.49
10 0 6 3 4 1 2 47 51 10 48 30.03
7 1 0 0 0 0 1 54 20 44 22.8
1 0 10 3 8 4 3 50 52 53 7 33 35.05
4 0 6 3 1 7 1 57 16 35 29.72
8 0 2 3 4 2 1 54 25 56 31.95
6 0 8 8 9 4 1 62 20 46 22.15
10 0 4 1 6 2 2 56 59 8 39 20.21
5 0 3 7 2 8 2 56 58 8 33 31.0
4 0 6 2 7 6 1 59 33 55 19.51
6 0 5 4 3 4 1 60 7 41 24.34
3 1 0 0 0 0 1 61 18 49 37.57
4 1 0 0 0 0 1 58 20 43 23.45
10 0 7 5 4 9 2 60 62 24 52 26.74
1 0 3 5 4 6 1 62 37 52 31.97
7 0 5 9 6 10 1 63 34 53 25.5
3 0 7 7 9 5 1 63 26 43 29.91
10 0 10 3 3 7 1 63 38 69 25.43
1 0 0 0 0 0 0 48 60 27.39
1 0 0 0 0 0 3 65 66 67 0 25 28.47
8 0 0 6 0 0 1 70 1 40 36.65
9 0 2 4 8 0 3 68 72 77 1 36 33.93
2 0 0 5 0 0 3 69 71 74 1 29 29.34
5 0 7 0 0 0 2 73 78 10 45 34.65
8 0 4 9 0 0 3 75 85 88 3 29 33.41
2 0 0 6 0 1 3 77 83 85 9 35 28.06
6 0 0 3 5 2 1 80 3 36 23.3
1 0 4 0 0 9 3 76 86 87 10 33 27.08
3 1 0 0 0 0 2 82 83 15 38 26.18
6 0 2 0 9 10 2 87 89 3 40 26.44
7 1 0 0 0 0 1 81 11 34 29.05
8 0 4 8 9 6 1 92 11 45 31.19
8 0 0 5 2 0 1 79 11 38 19.94
7 0 6 8 5 0 3 79 85 86 15 50 21.59
5 0 0 1 5 2 2 87 88 22 54 31.91
7 1 0 0 0 0 3 82 84 88 9 44 33.19
1 1 0 0 0 0 1 83 18 44 31.49
4 0 0 0 0 5 2 89 90 18 43 33.11
8 1 0 0 0 0 2 84 90 19 43 19.35
5 0 0 0 1 0 3 86 89 91 27 52 19.68
6 0 6 0 3 8 1 93 22 43 27.61
3 0 0 0 3 2 1 94 32 53 32.77
5 1 0 0 0 0 1 90 27 53 31.52
6 0 4 0 1 0 1 91 27 58 27.63
1 0 0 0 0 8 2 93 94 32 58 32.35
10 0 3 0 4 0 1 91 32 62 20.44
7 0 0 4 9 0 3 92 93 94 42 69 27.79
3 0 8 0 0 0 1 95 49 73 27.44
4 0 0 1 1 0 1 95 49 71 24.15
4 0 0 8 0 0 1 95 49 75 35.58
1 0 0 0 0 0 0 53 73 22.43
88.81 92.21 69.54 66.9 79.78 94.61 130.46 109.44 91.87 51.48 38.02 50.01 84.3 110.22 100.41 142.84 166.99 139.0 250.0 196.34 152.6 125.0 103.11 84.39 103.63 102.38 99.68 95.61 79.55 108.35 125.43 118.18 111.65 120.75 46.91 55.34 74.14 76.35 68.17 54.37 100.0 120.99 135.0 101.96 138.44 120.24 165.03 130.94 82.97 74.81 73.34 72.05 73.82 80.55 105.72 112.01 98.44 72.08 25.74 15.77 27.37 26.51 57.69 66.84 74.29 89.11 113.92 149.24 198.96 240.25 170.94 124.57 119.95 108.09 103.39 99.91 100.02 104.51 120.14 121.01 106.79 96.87 88.26 81.57 70.5 69.41 68.33 80.0 97.39 104.45 125.0 158.95 169.86 147.17 108.36 89.68 74.97 69.34 67.91 73.25 75.68 84.35 105.58 113.2 107.7 91.16 79.18 67.45 55.25 74.77 91.97 97.56 92.63 82.01 87.88 100.72 119.73 134.89 125.79 106.69 92.87 89.72 82.18 76.9 70.45 75.65 74.53 58.98 27.8 2.34 0.01 0.3 1.26 2.25 -0.56 1.22 28.15 49.77 72.37 105.52 116.65 125.28 119.83 103.5 95.07 89.42 89.66 86.82 85.28 85.3 86.37 75.58 47.91 2.03 0.0 -0.27 -4.95 -16.56 -2.44 0.0 -0.49 27.22 95.0 102.14 111.98 118.07 113.73 101.0
