96 5
1 42 39 51 44
1 0 0 0 0 0 3 1 2 3 0 37 30.05
7 0 10 3 9 7 3 4 5 10 1 43 20.6
9 0 2 7 5 5 3 6 8 20 1 43 23.58
5 0 8 4 9 3 3 6 9 14 1 34 19.82
5 0 2 1 10 8 3 7 11 27 8 50 29.05
10 0 10 4 2 7 3 7 11 21 8 47 31.25
7 0 4 8 3 2 3 15 19 21 10 49 19.85
4 0 9 8 2 6 3 12 14 17 18 55 28.43
5 0 8 3 10 8 3 11 18 24 10 45 26.0
1 1 0 0 0 0 3 13 22 27 6 44 23.08
6 0 1 1 1 7 2 14 16 8 48 31.33
9 0 6 8 1 1 3 19 22 25 18 56 31.27
10 0 5 1 1 3 3 13 15 23 22 51 25.82
7 0 9 10 3 5 3 18 20 24 32 61 27.6
5 1 0 0 0 0 2 23 30 22 56 22.87
9 1 0 0 0 0 2 18 28 32 64 26.46
2 0 5 1 7 9 2 17 21 14 45 29.12
9 0 6 3 5 10 3 19 20 25 22 65 21.49
3 0 4 2 6 7 1 30 41 63 27.95
7 1 0 0 0 0 1 26 31 63 24.13
4 0 8 4 10 8 2 26 29 39 71 27.48
8 1 0 0 0 0 3 22 23 27 18 54 31.92
9 0 1 3 8 9 1 29 27 67 30.0
1 1 0 0 0 0 1 24 32 61 31.01
8 1 0 0 0 0 1 25 39 64 19.18
4 0 1 10 1 5 2 26 29 47 71 30.23
10 0 10 7 8 2 1 28 51 82 21.84
3 0 6 8 9 4 2 28 30 26 56 29.01
10 0 7 3 5 7 1 31 61 88 24.37
9 0 7 6 5 9 1 31 51 80 28.03
9 0 7 8 9 10 1 31 44 78 16.35
1 0 0 0 0 0 0 71 98 27.32
1 0 0 0 0 0 3 33 34 35 0 25 26.5
10 0 0 0 0 7 2 54 61 1 35 24.38
6 0 0 4 0 0 3 36 55 60 1 34 27.41
2 0 6 0 0 0 3 37 39 49 1 28 31.88
9 0 0 0 10 0 2 41 48 7 39 17.69
7 0 0 10 0 0 3 38 40 60 3 30 18.67
7 0 0 9 0 0 2 41 56 10 49 19.67
9 0 0 0 3 0 1 42 3 38 21.99
4 0 0 0 0 3 3 44 45 53 10 44 25.5
2 0 0 0 5 0 3 44 51 58 17 48 27.01
3 0 0 0 5 0 3 43 52 57 12 48 29.95
10 0 0 9 0 0 3 44 47 55 15 60 26.66
7 1 0 0 0 0 1 61 25 64 17.92
4 0 0 0 3 0 2 46 56 14 37 25.07
6 1 0 0 0 0 2 54 61 18 47 23.46
6 0 9 0 0 0 2 58 60 25 61 27.28
5 0 0 0 0 4 3 51 53 57 16 51 30.27
6 0 0 10 0 0 3 50 53 54 3 29 30.39
4 0 3 0 0 0 2 51 52 9 32 20.19
1 0 0 4 0 0 1 59 21 47 31.44
9 0 2 0 0 0 1 55 15 41 18.83
2 1 0 0 0 0 1 56 21 43 19.99
2 1 0 0 0 0 1 57 24 60 19.62
2 0 9 0 0 0 1 62 25 44 26.49
5 1 0 0 0 0 1 59 23 53 28.96
10 0 0 0 0 10 1 58 26 52 16.13
9 0 0 0 6 0 1 59 36 68 16.19
5 0 9 0 0 0 1 62 45 70 22.48
3 1 0 0 0 0 1 63 31 57 30.58
1 1 0 0 0 0 1 63 32 50 20.41
2 0 0 0 8 0 1 63 50 81 22.07
1 0 0 0 0 0 0 52 70 24.52
1 0 0 0 0 0 3 65 66 67 0 37 28.5
1 0 1 8 7 0 3 68 69 73 1 38 21.07
6 0 0 0 9 9 1 89 1 39 24.06
10 0 1 10 0 3 3 72 77 80 1 32 18.36
10 0 9 5 9 8 2 71 87 2 49 27.38
2 0 0 1 1 7 3 70 74 78 2 23 31.95
9 0 3 2 9 7 2 85 88 4 48 31.15
9 0 5 8 10 6 2 82 90 12 50 24.98
7 0 0 6 6 9 1 84 11 44 21.87
5 0 0 1 10 6 3 75 76 79 2 33 30.32
5 0 0 3 8 8 2 85 88 4 35 31.4
1 0 0 1 0 10 1 94 7 46 20.3
9 0 7 0 1 0 1 90 7 35 31.6
6 0 8 6 2 9 1 81 11 39 19.61
7 0 2 6 6 0 1 93 4 47 27.8
4 0 0 2 0 8 1 83 7 32 28.34
4 0 9 5 2 1 1 93 11 49 29.46
9 1 0 0 0 0 1 91 17 57 26.85
1 0 5 0 1 5 2 84 92 21 44 18.0
8 0 6 1 6 0 1 88 11 55 25.62
3 1 0 0 0 0 2 86 91 22 53 23.07
2 0 4 6 4 5 1 93 13 40 29.28
5 1 0 0 0 0 1 89 25 58 18.92
3 0 0 7 9 0 2 89 91 12 50 29.18
1 1 0 0 0 0 1 92 19 48 26.81
10 0 2 4 0 10 1 94 30 66 26.05
8 0 0 0 0 7 1 92 21 54 28.06
1 1 0 0 0 0 1 94 26 57 30.67
5 0 5 8 6 6 1 95 29 53 19.64
7 0 9 2 6 3 1 95 15 54 27.5
8 0 0 10 10 3 1 95 40 70 18.41
1 0 0 0 0 0 0 48 78 24.99
113.78 103.11 97.31 93.57 97.3 108.18 117.87 119.7 103.12 87.75 81.22 77.69 71.95 65.01 58.01 67.28 85.23 99.88 117.0 150.05 186.21 164.52 128.73 114.94 107.59 102.64 92.71 88.22 87.18 93.0 110.69 113.26 106.74 90.29 76.31 64.27 61.73 49.76 50.47 64.91 83.37 100.22 117.11 136.16 147.62 144.83 120.52 110.6 97.93 92.89 85.63 82.27 82.94 88.98 106.05 112.86 111.66 103.18 88.93 85.5 82.8 81.76 78.61 83.81 91.1 95.54 105.52 125.0 143.17 134.85 116.44 108.94 105.09 100.09 91.7 89.3 90.21 93.89 108.91 114.11 105.92 93.1 85.0 77.07 70.17 67.76 57.1 71.34 88.48 94.73 112.75 128.76 139.96 134.5 125.07 114.18 107.84 99.69 96.24 96.29 97.95 107.46 116.86 115.82 109.4 97.77 84.84 82.01 80.0 73.02 71.2 72.68 87.65 91.87 101.9 120.0 142.41 139.5 124.58 111.94 103.49 104.13 102.01 99.65 96.93 95.73 97.07 86.1 78.11 52.32 10.0 0.65 0.0 -0.01 0.0 4.09 40.39 84.6 106.66 115.13 120.72 111.15 105.48 98.02 98.1 88.55 91.3 99.42 99.81 96.71 95.24 78.03 74.6 40.61 8.52 1.96 0.0 -0.01 0.0 8.53 69.88 94.7 104.51 115.63 122.54 126.75 117.31 108.24 91.62 84.97 84.12 83.96 84.96 94.24 116.33 123.34 118.99 105.0 97.67 93.45 84.94 83.84 82.95 84.94 92.6 103.86 119.85 145.57 111.39 113.65 101.91 99.9 90.37 87.53 84.89 82.27 83.7 91.4 109.11 108.66 100.22 91.99
