96 5
1 30 31 38 35
1 0 0 0 0 0 3 1 2 3 0 40 10.63
9 0 0 6 0 0 2 15 29 1 30 12.9
9 0 0 0 1 3 3 4 5 7 1 40 16.37
2 0 2 4 0 0 3 6 17 24 1 27 15.35
1 0 7 5 6 4 1 11 10 38 12.53
2 0 0 0 0 8 2 14 25 10 45 17.02
10 0 0 0 8 1 2 8 10 3 42 15.24
5 0 0 0 6 3 1 9 10 40 9.84
9 0 4 0 6 2 1 23 13 41 10.35
4 0 0 0 9 1 1 12 15 38 10.82
1 0 0 6 4 5 2 16 20 13 53 15.19
4 0 0 0 9 4 1 13 11 51 12.62
6 0 2 10 0 5 2 13 15 19 57 16.0
8 1 0 0 0 0 1 18 25 65 15.58
7 0 0 8 0 0 3 19 22 27 12 42 18.67
3 0 7 8 0 0 1 16 25 61 11.41
10 1 0 0 0 0 1 18 28 65 14.82
1 0 4 1 7 0 2 25 28 3 43 13.7
5 0 3 4 0 0 1 26 38 65 18.17
6 0 0 2 0 0 2 23 24 19 49 14.04
5 0 5 7 0 4 1 21 14 39 16.63
1 0 0 0 0 9 1 22 19 39 17.2
4 0 0 1 0 0 1 26 20 60 16.98
3 1 0 0 0 0 2 29 30 25 59 18.51
8 0 0 6 3 0 1 26 25 62 10.62
2 0 8 3 6 0 2 29 30 12 48 14.43
10 0 9 0 0 0 1 30 43 74 15.88
3 0 0 0 1 7 1 28 19 52 17.76
4 1 0 0 0 0 1 31 22 64 9.93
9 0 10 0 0 5 1 31 28 55 17.17
4 0 0 2 0 4 1 31 53 78 18.65
1 0 0 0 0 0 0 57 87 16.33
1 0 0 0 0 0 3 33 34 35 0 42 15.59
4 0 7 1 3 10 1 40 1 47 13.97
4 0 10 10 3 4 1 54 1 43 13.04
5 0 8 5 7 8 3 36 40 42 1 40 17.65
3 0 10 6 7 8 3 37 38 39 6 34 18.02
8 0 5 8 5 5 3 47 50 54 9 39 14.45
2 0 3 1 10 9 2 44 49 9 35 17.86
1 0 3 1 5 4 3 41 43 51 9 33 12.89
5 0 3 5 7 1 1 53 6 39 13.56
1 0 8 6 8 10 2 47 48 10 47 16.5
3 0 2 5 2 9 2 46 55 6 42 13.88
6 0 4 4 3 3 2 45 48 10 48 11.06
6 0 5 9 7 8 2 48 52 11 56 12.28
3 1 0 0 0 0 3 49 55 57 16 55 18.66
2 0 7 7 5 7 2 53 60 9 49 14.28
8 1 0 0 0 0 1 59 17 63 10.1
6 0 5 10 10 9 3 55 56 58 17 54 15.6
3 1 0 0 0 0 2 53 54 19 60 12.67
4 1 0 0 0 0 3 51 58 61 17 54 17.11
2 1 0 0 0 0 1 52 21 58 16.03
6 1 0 0 0 0 2 56 57 23 63 15.36
5 1 0 0 0 0 1 59 22 52 17.35
3 0 2 8 3 5 3 58 61 62 22 56 16.73
2 0 6 1 1 5 2 59 60 23 60 17.63
7 0 9 5 7 3 1 62 29 70 14.92
4 0 4 1 1 3 1 62 29 60 11.77
2 1 0 0 0 0 1 60 25 49 14.91
10 0 9 5 3 5 1 61 27 54 11.27
6 0 2 6 9 5 1 63 27 59 12.51
8 0 1 8 3 3 1 63 37 73 14.37
5 0 8 8 10 4 1 63 36 61 15.08
1 0 0 0 0 0 0 45 72 10.29
1 0 0 0 0 0 3 65 66 67 0 28 12.8
6 1 0 0 0 0 2 80 82 1 32 10.16
7 0 7 0 1 9 3 71 74 81 1 43 14.92
7 0 10 3 1 8 3 68 69 91 1 40 10.66
4 0 6 1 3 0 2 70 84 8 46 14.7
10 0 0 7 5 0 1 72 8 45 17.05
1 0 9 0 2 9 2 75 93 12 37 12.17
1 0 2 0 0 3 1 91 8 47 15.99
6 1 0 0 0 0 2 73 89 18 47 17.12
2 0 2 0 0 0 2 83 88 24 55 10.89
9 0 2 9 9 0 1 90 8 50 17.56
4 0 4 2 7 7 3 76 79 80 13 45 15.82
4 0 4 1 0 0 1 77 17 56 15.08
6 1 0 0 0 0 3 78 82 87 21 60 10.15
6 0 0 10 2 8 2 86 90 27 58 10.24
8 0 7 10 0 9 1 83 17 51 16.39
3 0 1 6 4 9 1 85 17 45 10.8
2 0 7 2 8 7 1 94 8 31 13.67
8 0 4 4 8 7 1 88 27 57 17.7
9 1 0 0 0 0 1 85 26 58 17.53
8 0 6 3 0 0 1 88 12 58 17.37
6 0 5 8 5 2 1 92 35 69 12.62
8 0 7 0 7 1 1 89 33 72 13.08
4 1 0 0 0 0 2 89 94 27 60 14.07
4 0 5 7 0 8 1 92 35 71 12.77
1 0 1 7 4 9 1 92 41 73 16.3
1 0 0 7 8 5 1 94 33 52 12.69
6 0 0 3 6 9 1 93 9 40 14.68
4 0 4 9 9 7 1 95 42 74 10.02
8 1 0 0 0 0 1 95 15 47 17.34
8 0 7 4 6 6 1 95 34 64 17.06
1 0 0 0 0 0 0 46 77 12.55
88.35 86.84 83.37 85.41 87.18 100.46 132.06 176.44 144.5 108.02 84.23 64.57 27.99 23.89 30.0 65.29 83.54 105.14 131.7 173.84 164.32 137.8 116.32 102.52 94.89 88.85 90.16 91.48 93.25 108.74 146.31 180.55 136.77 91.31 81.16 81.04 50.08 47.9 59.1 65.55 78.47 92.0 115.0 173.66 174.75 140.84 122.64 107.28 108.64 99.74 97.29 97.64 98.63 114.12 158.07 175.56 131.56 100.44 84.16 66.16 15.48 11.03 26.56 48.59 72.36 89.44 102.39 125.0 130.89 105.0 98.55 100.49 94.84 92.22 91.47 90.69 93.35 101.32 137.63 174.11 136.88 103.38 87.12 68.25 39.09 2.49 0.08 2.22 64.43 72.67 105.23 153.82 157.98 101.14 85.74 83.58 74.31 70.36 64.32 64.99 67.44 88.93 114.0 111.57 90.0 61.39 13.78 0.22 -1.39 -5.06 -4.33 -0.1 15.07 65.62 115.85 140.11 161.49 135.22 123.11 108.14 109.28 105.89 102.31 99.94 100.8 100.77 105.85 101.16 96.91 68.05 20.19 0.0 -8.45 -34.11 -36.54 -14.41 -0.19 61.75 112.99 151.66 139.9 99.59 78.0 45.94 53.65 44.72 41.89 41.54 31.8 33.0 35.93 27.75 13.15 8.43 0.0 -0.02 -3.32 -18.84 -25.38 -9.93 -0.01 20.31 100.0 123.71 120.0 109.0 104.94 96.64 89.92 84.78 84.1 84.37 86.9 99.45 125.0 152.11 144.03 107.54 95.55 76.31 60.49 61.64 66.22 75.8 84.6 99.0 124.29 185.27 158.68 106.12 83.42 79.36 77.96 76.79 70.01 67.27 69.42 75.27 85.46 95.0 100.0 95.0 70.41 92.74 91.28 90.01 80.01 75.01 69.89 86.57 108.76 137.32 145.94 113.58 105.8 97.2
