128 5
1 26 32 32 28
1 0 0 0 0 0 3 1 2 3 0 41 6.07
10 0 8 1 10 6 1 26 1 42 9.99
9 0 4 6 2 9 2 8 9 1 57 5.36
5 0 2 4 10 10 3 4 6 7 1 40 10.21
1 0 4 1 5 3 3 5 14 22 6 41 7.14
1 0 4 1 3 9 2 13 29 7 55 6.27
9 0 9 7 2 4 2 10 11 6 65 10.41
5 0 6 5 1 8 1 17 6 49 10.42
9 1 0 0 0 0 1 18 10 62 9.95
4 0 9 2 9 5 2 12 19 10 60 8.37
8 0 10 10 2 9 3 13 21 24 15 64 8.77
7 0 9 6 10 3 3 13 15 23 15 58 9.96
2 1 0 0 0 0 1 25 14 59 9.16
3 1 0 0 0 0 1 20 23 69 5.82
1 0 8 7 2 2 2 18 29 7 52 8.72
8 0 9 10 1 5 1 16 22 56 9.12
9 0 8 9 2 10 1 26 30 62 5.45
8 0 7 3 1 4 2 26 27 11 62 5.55
4 0 4 10 5 2 1 30 19 54 7.41
5 1 0 0 0 0 1 23 14 49 8.48
2 0 1 10 1 6 1 25 26 75 8.56
10 0 10 2 6 2 1 25 23 66 8.52
2 0 2 8 1 3 1 28 7 54 10.28
4 0 3 3 2 3 1 29 22 67 10.42
1 0 2 2 1 4 1 30 23 69 7.33
6 0 10 1 7 5 2 27 28 33 76 6.71
2 0 9 6 5 5 1 28 39 75 7.57
4 0 3 1 5 8 1 30 39 75 8.63
1 0 6 6 10 4 1 31 41 76 7.25
2 0 7 10 7 3 1 31 26 58 7.74
2 0 5 4 5 7 1 31 43 75 6.48
1 0 0 0 0 0 0 45 74 5.89
1 0 0 0 0 0 3 33 34 35 0 38 7.41
10 0 0 8 0 0 3 40 45 58 1 50 5.69
3 0 0 0 0 3 3 37 42 61 1 36 6.46
7 0 0 0 0 5 3 36 38 41 1 42 5.29
5 0 0 0 0 7 2 50 55 8 49 7.3
5 0 0 0 0 7 3 39 46 50 4 46 9.85
10 0 2 0 0 0 1 51 8 62 9.43
5 0 3 0 0 0 3 43 44 49 9 65 9.94
9 0 0 0 6 0 3 44 46 47 11 62 6.23
4 0 0 0 0 2 3 48 49 56 8 56 6.98
7 0 9 0 0 0 2 55 57 4 41 10.02
10 0 2 0 0 0 2 52 57 14 62 7.19
7 1 0 0 0 0 2 52 56 20 65 8.21
8 0 0 7 0 0 3 52 54 56 11 67 5.51
10 1 0 0 0 0 2 54 60 20 64 9.78
5 1 0 0 0 0 3 48 49 50 20 74 10.5
7 1 0 0 0 0 1 59 25 71 7.24
3 1 0 0 0 0 3 53 57 59 25 57 9.03
9 0 0 3 0 0 1 60 25 79 10.28
6 1 0 0 0 0 1 54 18 71 8.6
5 0 0 0 0 3 1 53 27 68 6.76
8 0 0 10 0 0 1 55 32 85 7.21
9 0 0 3 0 0 1 59 30 82 6.94
2 0 0 6 0 0 1 62 40 77 7.09
6 0 0 0 6 0 1 62 27 71 8.18
8 0 0 0 8 0 1 60 28 71 9.03
2 0 1 0 0 0 1 61 11 58 6.55
4 0 0 0 1 0 1 62 39 78 8.61
4 0 0 2 0 0 1 63 36 75 10.04
8 0 0 4 0 0 1 63 13 59 5.6
7 0 1 0 0 0 1 63 43 74 5.96
1 0 0 0 0 0 0 50 82 6.54
1 0 0 0 0 0 3 65 66 67 0 31 6.79
7 0 4 1 10 1 3 72 81 84 1 46 6.5
4 0 5 3 5 5 3 70 71 73 1 51 5.62
1 0 3 9 5 5 3 68 69 88 1 41 8.37
3 0 1 9 10 1 3 72 74 75 2 48 9.64
6 0 3 5 3 1 2 75 77 2 57 6.87
8 0 2 2 5 10 3 77 83 87 5 48 9.63
9 0 6 5 10 6 3 84 89 91 5 49 8.61
5 0 6 3 1 9 3 80 85 87 8 51 9.88
8 0 7 9 8 8 3 78 84 86 5 40 5.32
3 0 4 9 6 5 3 76 77 87 5 49 7.46
3 0 3 2 7 2 3 76 78 79 8 63 8.17
9 0 4 9 10 1 3 80 82 89 11 67 10.14
5 0 1 3 5 1 3 79 81 90 13 64 5.7
7 0 2 7 2 6 3 81 83 90 13 46 7.9
2 1 0 0 0 0 3 82 85 86 18 49 7.37
7 1 0 0 0 0 2 83 86 20 62 5.39
10 1 0 0 0 0 2 82 85 20 77 6.39
2 1 0 0 0 0 1 93 30 80 9.55
2 0 4 2 1 7 1 92 27 68 8.1
8 1 0 0 0 0 2 88 94 14 51 7.26
7 0 2 2 8 6 2 89 91 30 65 9.07
8 0 8 4 6 6 2 91 93 27 81 7.1
6 0 6 8 2 2 2 90 94 13 61 10.2
6 0 1 1 9 10 1 92 22 57 5.4
10 0 7 7 6 2 1 94 37 72 8.86
5 1 0 0 0 0 1 93 20 57 7.96
1 0 1 1 2 4 1 92 37 75 9.2
9 0 7 1 9 4 1 95 38 77 6.51
3 0 9 4 5 10 1 95 35 65 5.78
2 0 2 7 3 9 1 95 47 93 8.04
1 0 0 0 0 0 0 49 85 6.2
1 0 0 0 0 0 3 97 98 99 0 51 6.9
8 0 7 9 9 5 2 100 101 1 54 10.39
9 0 3 4 8 1 3 104 117 119 1 44 6.77
7 0 1 3 10 3 3 100 104 108 1 35 10.27
6 0 1 1 10 10 3 102 105 110 9 47 10.17
9 0 10 6 10 1 2 102 104 9 53 5.34
4 0 6 2 1 4 3 103 107 111 18 54 9.18
10 1 0 0 0 0 3 106 109 112 22 77 9.67
5 1 0 0 0 0 3 113 114 120 18 61 8.44
2 0 1 2 7 9 3 118 121 122 15 60 7.42
1 0 6 3 1 5 3 114 116 117 32 79 7.75
8 1 0 0 0 0 2 109 116 22 68 6.92
5 0 7 1 2 10 3 109 111 120 8 52 5.83
1 1 0 0 0 0 3 113 114 119 32 65 8.19
9 0 10 5 2 9 3 111 115 125 15 61 9.68
10 0 3 8 4 1 1 121 24 81 8.1
6 1 0 0 0 0 3 113 115 116 32 68 7.7
5 0 4 1 7 7 1 122 38 72 10.33
1 1 0 0 0 0 2 122 123 33 78 8.09
3 0 1 7 8 6 2 117 120 38 66 7.95
4 0 1 7 8 6 2 118 119 38 67 9.61
4 0 7 7 9 10 2 118 123 41 82 5.47
7 0 9 8 9 3 1 126 45 91 8.59
3 0 5 3 3 1 2 121 125 42 72 6.43
4 0 9 9 8 7 1 124 41 70 8.18
1 0 7 8 6 7 2 123 126 45 70 9.74
6 0 8 4 4 4 3 124 125 126 43 82 9.0
5 0 9 6 2 9 1 124 46 93 9.14
1 0 9 1 3 8 1 127 51 78 7.04
3 0 6 5 3 6 1 127 49 75 8.16
7 0 3 4 1 1 1 127 52 93 7.92
1 0 0 0 0 0 0 59 91 10.02
91.43 86.73 83.81 82.78 87.9 98.84 117.11 125.34 108.78 88.51 71.02 45.93 20.04 14.23 18.34 54.56 71.68 93.82 110.93 185.7 211.45 125.19 107.2 101.25 100.92 94.61 88.0 86.13 89.8 102.21 110.84 109.58 98.05 88.57 69.64 43.23 25.21 20.77 28.79 42.92 65.47 95.33 120.11 155.37 165.78 115.95 104.24 98.22 97.51 92.93 87.44 85.52 89.59 98.68 109.06 109.55 102.58 87.69 76.37 66.19 48.56 35.0 41.89 72.39 80.69 103.73 114.26 136.15 133.62 116.14 105.02 98.95 97.02 88.8 86.23 89.28 90.52 107.21 114.02 115.32 106.73 99.11 88.1 80.09 71.8 70.01 69.62 78.23 84.22 102.03 113.4 129.68 132.91 112.93 103.96 94.17 88.33 80.75 77.23 75.91 75.56 86.3 104.74 106.3 102.09 91.08 72.35 41.5 14.85 4.4 0.7 4.73 45.3 72.22 94.17 105.08 112.82 107.45 103.02 94.37 95.33 89.32 87.61 85.05 85.35 85.46 86.59 86.77 83.29 60.4 13.71 3.32 1.34 0.07 0.17 3.52 12.59 75.36 97.69 109.0 120.28 120.32 111.16 105.24 100.5 95.12 94.2 91.87 90.91 90.8 90.0 84.9 48.37 2.64 -0.01 -0.07 -1.98 -7.45 -7.4 -0.1 0.0 65.46 100.87 110.4 117.21 114.32 107.5 100.52 95.28 87.03 83.48 81.78 82.6 101.79 114.33 123.39 108.88 91.97 70.01 35.02 10.0 5.93 6.78 25.2 59.45 88.12 111.51 157.12 227.31 137.47 115.04 105.15 105.52 101.05 97.8 96.22 98.05 105.41 123.03 122.7 106.64 90.0 73.77 62.72 42.78 26.28 38.05 73.05 89.43 106.86 130.67 193.46 185.66 124.99 109.69 99.37 98.91 90.23 86.76 87.9 90.91 98.72 110.37 115.52 113.64 101.63 83.54 81.08 65.36 51.78 51.32 76.84 85.94 106.04 133.45 218.26 217.95 127.79 113.63 103.57 97.15 92.01 87.98 87.74 91.23 98.38 120.86 136.33 123.46 83.31 71.7 61.79 57.78 53.81 63.61 70.11 92.15 126.1 155.84 188.26 150.6 122.93 106.89 91.59 85.16 84.97 84.76 83.9 86.29 94.5 113.29 119.52
