128 5
1 21 22 27 22
1 0 0 0 0 0 3 1 2 3 0 47 10.13
6 0 0 0 0 9 2 16 18 1 31 8.1
7 0 7 0 1 9 3 7 10 17 1 33 13.78
7 0 10 3 1 8 3 4 5 27 1 44 12.75
4 0 6 1 3 0 2 6 20 8 41 8.19
10 0 0 7 5 0 1 8 8 51 10.25
1 0 9 0 2 9 2 11 29 12 50 10.05
1 0 2 0 0 3 1 27 8 45 11.05
6 1 0 0 0 0 2 9 25 18 45 9.3
2 0 2 0 0 0 2 19 24 24 62 12.74
9 0 2 9 9 0 1 26 8 60 12.74
4 0 4 2 7 7 3 12 15 16 13 53 13.47
4 1 0 0 0 0 1 13 17 48 9.86
6 1 0 0 0 0 3 14 18 23 21 48 10.49
6 0 0 10 2 8 2 22 26 27 60 9.96
8 0 7 10 0 9 1 19 17 60 13.16
3 0 1 6 4 9 1 21 17 46 13.57
2 0 7 2 8 7 1 30 8 50 7.84
8 0 4 4 8 7 1 24 27 74 9.48
9 1 0 0 0 0 1 21 26 72 11.01
8 0 6 3 0 0 1 24 12 46 14.31
6 0 5 8 5 2 1 28 35 66 9.95
8 0 7 0 7 1 1 25 33 71 11.91
4 1 0 0 0 0 2 25 30 27 51 8.77
4 0 5 7 0 8 1 28 35 71 8.25
1 0 1 7 4 9 1 28 41 73 13.51
1 0 0 7 8 5 1 30 33 62 12.79
6 0 0 3 6 9 1 29 9 55 7.52
4 0 4 9 9 7 1 31 42 72 8.57
8 1 0 0 0 0 1 31 15 45 9.34
8 0 7 4 6 6 1 31 34 75 12.81
1 0 0 0 0 0 0 46 82 7.54
1 0 0 0 0 0 3 33 34 35 0 32 12.88
9 0 0 0 6 0 3 37 45 61 1 40 12.74
1 0 0 4 4 6 2 36 60 1 32 12.74
1 0 2 0 0 0 3 38 39 41 1 48 11.21
2 0 0 5 0 0 3 40 43 48 2 46 8.59
9 0 9 0 0 8 1 54 10 49 12.92
8 0 4 7 5 0 3 40 42 55 2 44 9.24
5 0 4 7 3 2 1 59 2 48 9.95
1 0 0 0 9 0 1 53 10 51 8.77
8 0 0 7 4 0 2 46 52 2 34 12.15
2 0 3 0 5 3 1 46 10 56 13.81
10 0 5 0 0 0 2 44 47 4 51 9.48
4 0 3 0 0 0 1 50 14 50 9.3
4 0 0 3 7 0 1 49 10 42 12.08
8 0 0 1 0 0 1 57 12 61 12.27
7 0 0 0 9 0 1 51 14 45 13.0
10 0 0 6 0 0 1 51 4 36 10.51
10 1 0 0 0 0 2 57 58 14 62 9.39
7 0 0 0 3 5 2 56 59 18 56 14.04
7 0 0 9 4 6 2 53 61 21 68 8.93
10 0 7 2 6 0 1 56 10 41 11.27
4 0 6 0 0 5 1 59 28 68 12.67
3 1 0 0 0 0 1 57 19 57 8.52
7 0 1 0 8 10 2 56 62 10 54 11.26
9 0 0 5 0 0 1 61 25 68 11.09
6 0 0 3 9 10 1 60 24 66 10.86
4 0 5 0 3 0 1 60 24 57 13.83
5 0 0 9 0 0 1 62 32 56 8.02
10 0 8 4 0 7 1 63 30 68 11.69
4 0 10 5 0 1 1 63 34 67 10.07
5 0 4 6 9 0 1 63 37 64 8.65
1 0 0 0 0 0 0 42 64 14.5
1 0 0 0 0 0 3 65 66 67 0 26 11.53
3 0 9 0 0 0 3 69 71 77 1 40 10.39
1 0 0 0 0 10 2 70 84 1 48 9.48
7 0 0 0 0 7 3 68 69 72 1 36 13.54
1 0 0 0 0 2 3 78 81 91 8 37 12.19
9 0 0 0 0 2 3 70 73 83 8 54 8.53
9 0 0 0 0 1 3 76 78 80 17 51 11.02
6 0 5 0 0 0 3 75 76 79 4 35 10.35
5 0 0 6 0 0 2 74 78 8 54 14.42
8 0 9 0 0 0 3 74 76 84 17 55 11.57
10 1 0 0 0 0 3 80 81 85 25 66 11.61
9 0 4 0 0 0 3 81 83 84 10 44 9.88
1 0 0 2 0 0 2 85 88 26 50 10.23
10 0 5 0 0 0 3 79 85 88 4 45 7.58
5 1 0 0 0 0 3 82 86 87 26 52 7.31
10 0 0 5 0 0 3 86 90 94 14 52 8.18
10 0 0 0 0 7 3 82 91 93 35 80 10.12
5 1 0 0 0 0 1 94 35 60 10.28
8 0 0 0 8 0 2 89 92 45 72 14.17
8 1 0 0 0 0 3 87 89 90 19 64 8.42
2 1 0 0 0 0 3 87 88 89 25 50 8.65
1 0 0 2 0 0 1 86 35 75 7.39
8 0 0 0 0 10 1 93 36 79 12.49
7 0 0 0 0 10 1 93 31 71 7.87
2 1 0 0 0 0 2 90 91 27 56 12.63
7 0 1 0 0 0 1 94 53 79 12.88
6 0 6 0 0 0 1 92 29 68 9.6
8 0 0 0 3 0 1 92 45 72 10.77
2 0 0 0 2 0 1 95 53 73 13.3
2 0 0 6 0 0 1 95 45 72 11.77
4 0 0 0 0 2 1 95 60 85 11.29
1 0 0 0 0 0 0 64 82 10.09
1 0 0 0 0 0 3 97 98 99 0 31 11.21
1 0 0 0 0 1 3 100 106 112 1 31 13.74
2 0 0 2 0 0 3 102 105 108 1 26 12.54
9 0 0 9 0 0 3 103 106 112 1 37 9.52
7 0 0 9 0 0 3 101 104 115 2 33 11.65
1 0 9 0 0 0 3 103 107 116 9 52 12.47
9 0 0 0 8 0 3 103 110 115 3 49 8.19
7 0 0 0 0 3 3 109 114 119 12 55 9.1
5 0 9 0 0 0 3 110 111 116 9 42 8.91
4 0 0 0 6 0 3 106 112 115 3 31 12.28
1 0 4 0 0 0 2 107 111 10 37 8.4
7 0 0 0 7 0 2 113 120 11 60 13.93
3 0 0 0 0 5 3 114 119 122 3 51 9.59
3 1 0 0 0 0 3 117 120 122 19 52 9.55
10 1 0 0 0 0 2 118 121 14 61 12.24
2 1 0 0 0 0 3 113 120 122 14 38 8.88
10 0 1 0 0 0 2 118 125 10 60 8.66
6 0 0 0 7 0 3 114 117 119 18 57 9.93
8 0 0 7 0 0 1 126 24 68 7.99
10 0 0 0 0 6 3 118 121 124 12 52 13.52
2 1 0 0 0 0 2 117 124 14 52 11.42
2 1 0 0 0 0 1 125 24 46 13.64
6 0 0 0 0 1 1 126 24 63 13.39
7 0 9 0 0 0 1 121 24 57 8.12
10 0 4 0 0 0 1 123 22 63 8.27
2 0 0 0 0 3 2 123 125 31 57 9.26
7 0 7 0 0 0 2 123 124 22 68 8.14
4 0 0 0 1 0 1 126 33 68 13.81
10 0 0 1 0 0 1 127 29 76 14.47
10 0 1 0 0 0 1 127 33 70 13.43
4 0 0 0 3 0 1 127 37 69 9.44
1 0 0 0 0 0 0 43 67 11.56
119.56 114.07 111.4 107.72 107.31 115.58 153.71 173.8 181.36 163.18 141.45 121.23 125.33 124.09 136.91 152.78 140.3 126.84 125.09 140.0 120.0 109.21 131.31 88.52 78.92 86.98 135.0 105.01 88.55 99.0 145.0 194.13 169.7 143.69 116.05 104.85 107.55 117.2 130.96 135.7 145.75 143.93 145.0 156.88 156.01 137.8 141.47 128.2 129.26 127.91 126.82 126.59 128.74 128.87 141.3 173.11 180.0 174.92 168.75 168.43 157.95 159.23 141.48 150.0 160.1 162.69 181.66 183.99 152.14 144.99 139.78 133.0 132.38 140.12 150.74 144.49 146.91 133.16 135.3 270.7 251.77 222.64 205.6 185.9 176.9 184.44 190.0 211.71 200.21 207.33 205.5 196.52 176.36 162.92 153.12 139.32 139.65 137.01 131.66 131.43 130.78 140.09 163.63 224.86 261.75 214.52 180.61 163.74 150.06 149.42 157.07 172.21 196.88 292.25 288.53 224.61 183.55 163.6 153.0 140.03 135.66 130.69 120.25 118.7 118.97 120.87 134.52 149.23 150.53 137.05 124.59 118.36 112.39 110.01 116.42 129.59 145.64 164.02 175.23 161.46 141.16 116.37 130.3 120.32 134.11 128.9 123.57 119.9 119.57 119.84 118.05 124.47 123.77 125.75 131.48 128.92 127.85 121.36 123.67 127.33 139.52 170.0 172.12 168.8 155.51 134.93 132.06 131.51 125.9 121.06 120.34 125.94 129.5 126.7 157.39 208.25 209.79 171.3 139.67 116.94 113.24 106.55 118.11 135.02 173.29 225.32 271.52 216.5 179.08 151.4 131.21 122.95 134.75 126.4 127.5 114.54 110.45 108.19 135.32 186.2 193.8 141.92 117.27 98.81 79.06 84.62 98.35 104.87 190.7 189.76 176.77 165.0 142.03 141.9 119.58 103.61 94.31 93.84 96.91 95.24 102.66 141.4 155.0 180.26 166.37 128.76 109.88 92.9 90.14 91.8 92.23 107.41
