128 5
1 23 22 26 23
1 0 0 0 0 0 3 1 2 3 0 50 16.44
1 0 3 7 8 2 3 6 8 10 1 41 13.82
7 0 10 8 8 3 3 4 5 7 1 36 17.02
6 0 4 3 10 8 3 13 15 21 1 36 16.12
5 0 5 3 3 4 3 20 21 24 8 36 15.47
8 0 1 2 5 2 2 11 23 8 62 17.11
7 0 4 3 5 7 3 9 13 14 2 42 17.94
5 0 10 8 7 6 3 13 14 26 8 50 14.86
9 0 5 6 10 1 2 11 22 2 54 17.14
9 0 2 8 3 7 3 11 15 19 9 55 18.74
3 0 8 1 8 7 2 12 16 2 39 18.53
6 0 6 6 1 4 2 26 30 18 48 19.51
10 0 2 2 7 7 3 17 18 22 5 58 20.11
7 1 0 0 0 0 3 16 19 20 13 43 19.08
9 0 8 3 2 3 3 15 16 19 13 49 16.92
6 1 0 0 0 0 2 17 18 22 66 12.72
6 0 7 4 3 9 3 17 24 25 22 52 18.48
7 0 3 1 2 3 1 29 28 59 12.77
3 1 0 0 0 0 2 20 27 28 68 16.56
7 1 0 0 0 0 2 22 23 22 55 21.78
9 0 6 3 5 7 2 23 28 31 76 14.37
8 0 2 8 3 1 2 25 26 13 61 18.5
5 0 2 2 2 3 2 24 27 29 56 16.33
1 0 7 5 10 10 1 25 40 67 17.65
9 0 6 7 2 1 2 28 30 34 69 12.2
6 0 2 2 4 10 2 29 30 41 69 21.34
2 0 9 9 9 6 2 27 29 24 50 17.65
10 0 6 5 9 5 1 28 34 74 13.24
3 0 8 6 2 8 1 31 44 76 16.59
4 0 5 5 5 4 1 31 47 78 17.89
9 0 9 3 6 4 1 31 47 88 12.15
1 0 0 0 0 0 0 56 79 14.45
1 0 0 0 0 0 3 33 34 35 0 50 13.87
7 0 0 0 0 8 3 38 42 49 1 47 17.04
6 0 0 0 0 8 3 41 47 49 1 42 12.38
2 0 10 0 0 0 3 36 39 41 1 28 19.57
1 0 0 0 10 0 3 37 43 49 3 43 17.47
10 0 2 0 0 0 2 45 55 4 41 19.3
4 0 3 0 0 0 3 40 46 47 8 39 18.14
9 0 0 0 0 2 3 42 48 52 3 58 21.54
10 0 0 2 0 0 2 48 62 12 58 16.54
8 0 0 0 0 1 3 44 45 56 7 59 13.09
4 0 0 10 0 0 3 45 46 50 12 49 13.31
9 0 0 0 2 0 3 44 50 60 4 49 13.77
1 0 0 0 8 0 1 62 15 59 12.45
9 0 0 0 0 5 3 53 57 61 16 62 19.34
10 1 0 0 0 0 3 54 58 59 16 59 17.99
8 0 0 3 0 0 3 48 51 52 12 46 14.25
9 0 0 1 0 0 2 57 59 22 65 12.19
5 0 0 0 7 0 2 51 52 8 47 12.96
3 0 0 0 0 1 2 54 61 16 55 15.39
6 1 0 0 0 0 3 53 55 56 20 60 13.62
1 1 0 0 0 0 3 53 55 56 20 48 12.0
7 0 5 0 0 0 2 54 58 26 65 12.97
7 0 9 0 0 0 1 62 33 74 14.87
6 1 0 0 0 0 1 59 26 61 21.43
1 1 0 0 0 0 1 57 26 67 13.82
3 0 0 1 0 0 1 58 31 62 16.17
9 0 0 0 8 0 1 60 34 71 19.09
2 0 0 0 0 3 2 60 61 32 67 15.08
1 0 0 0 8 0 1 63 43 76 20.33
2 0 0 0 0 7 1 63 34 59 15.29
9 0 0 8 0 0 1 63 40 81 16.43
1 0 0 0 0 0 0 49 83 20.11
1 0 0 0 0 0 3 65 66 67 0 49 14.57
7 0 10 1 9 3 3 69 76 85 1 42 20.39
3 0 1 4 7 4 3 70 80 83 1 46 13.4
2 0 3 7 6 10 3 68 72 77 1 50 17.11
1 0 5 4 7 5 3 71 73 74 3 40 15.76
9 0 8 10 10 3 3 73 74 80 8 51 14.05
7 0 3 7 4 10 3 78 82 85 4 44 13.63
5 0 4 6 10 7 3 75 80 84 4 57 16.5
3 0 10 8 1 7 3 74 76 91 3 46 17.52
4 1 0 0 0 0 3 75 78 81 17 65 11.75
9 0 6 10 1 5 2 79 94 17 51 15.13
5 1 0 0 0 0 3 83 86 88 21 49 14.7
7 0 5 9 10 9 3 78 81 88 8 46 20.53
2 0 3 10 8 8 3 82 89 90 3 53 19.36
5 0 8 9 8 6 1 92 21 60 20.45
5 1 0 0 0 0 2 81 88 26 68 21.58
6 0 7 2 5 1 3 82 87 90 17 47 13.42
8 0 9 9 4 1 2 83 84 31 67 12.42
7 0 8 4 7 2 3 86 91 92 23 66 15.71
5 1 0 0 0 0 1 87 39 75 16.58
1 1 0 0 0 0 2 87 93 39 64 19.9
5 1 0 0 0 0 3 86 89 90 11 63 14.19
9 0 1 8 3 1 1 94 30 64 12.96
9 0 3 5 10 4 1 89 44 85 17.05
6 0 2 8 5 5 1 93 31 73 13.5
10 0 10 10 2 6 1 92 53 91 17.72
7 0 7 9 5 4 2 91 93 23 68 12.13
6 0 2 4 10 8 1 94 30 72 12.29
2 0 10 7 6 4 1 95 63 98 15.02
7 0 8 10 1 3 1 95 40 67 14.06
5 0 9 10 9 9 1 95 39 68 11.47
1 0 0 0 0 0 0 65 91 11.86
1 0 0 0 0 0 3 97 98 99 0 27 19.97
9 0 0 4 0 10 3 100 102 106 1 50 16.0
5 0 0 2 0 9 2 103 125 1 40 16.36
9 0 1 10 0 0 3 104 110 116 1 58 19.65
8 1 0 0 0 0 3 101 111 115 10 47 12.95
6 1 0 0 0 0 1 117 18 62 17.05
3 0 9 0 0 10 2 108 109 10 41 11.17
10 0 0 0 0 3 2 105 110 6 50 13.76
10 0 0 5 2 0 2 107 120 10 52 20.17
8 0 0 0 9 0 2 112 114 16 66 11.7
3 0 1 0 2 0 1 109 10 44 19.84
9 0 4 0 0 0 2 121 125 20 64 21.5
1 1 0 0 0 0 2 111 117 13 47 15.4
7 0 0 2 7 0 2 121 122 13 60 19.9
1 0 5 0 3 9 1 113 16 42 20.58
4 1 0 0 0 0 1 112 18 58 11.62
7 1 0 0 0 0 1 118 24 62 11.46
1 0 1 5 0 0 1 124 17 53 12.46
2 1 0 0 0 0 2 120 123 24 65 15.55
1 0 2 0 1 0 1 125 18 55 18.44
8 0 4 0 9 0 1 120 10 49 14.34
8 0 5 0 9 7 1 119 24 58 19.91
9 0 4 0 2 0 1 126 31 64 16.73
7 0 2 0 9 0 1 121 32 77 18.7
6 1 0 0 0 0 1 122 26 65 15.27
10 0 5 4 0 6 1 124 39 80 13.55
9 0 0 8 4 0 1 124 32 64 12.18
5 1 0 0 0 0 1 126 26 70 15.44
8 0 10 0 3 6 1 127 49 91 12.89
4 0 9 0 0 0 1 127 29 62 18.58
4 0 0 1 0 5 1 127 40 79 13.24
1 0 0 0 0 0 0 57 92 20.62
78.91 105.0 73.83 73.2 73.2 77.5 104.0 181.78 196.24 124.4 182.35 110.0 105.0 82.1 73.13 77.53 83.93 120.0 120.0 119.4 100.33 87.23 94.06 95.42 74.35 89.16 81.26 82.35 86.45 90.09 123.16 146.91 170.88 154.68 141.5 127.78 125.97 127.61 136.49 150.81 158.69 189.96 216.32 174.62 149.42 137.98 127.44 109.8 123.78 121.07 117.85 117.07 117.62 115.58 144.3 175.0 177.8 159.79 143.14 130.76 120.54 120.65 126.59 130.93 141.79 156.15 162.62 155.0 136.33 107.16 117.43 109.34 97.31 103.81 101.94 100.5 100.94 105.09 126.64 155.0 156.28 140.42 129.19 103.97 103.06 115.06 117.36 133.27 155.0 168.49 171.94 161.29 148.41 136.82 123.12 114.89 114.33 110.54 109.38 107.0 112.32 111.63 132.78 148.2 161.92 146.35 128.5 116.72 109.73 109.04 111.82 125.87 131.65 147.66 151.31 149.37 135.47 128.58 125.88 118.52 128.39 120.52 117.16 112.5 110.0 114.77 120.42 136.23 139.21 138.43 126.03 113.04 102.8 98.25 101.07 111.95 122.91 137.13 148.67 142.21 133.83 127.36 123.65 119.92 123.5 105.19 98.19 90.69 90.74 89.89 88.78 97.19 101.45 89.0 68.3 49.0 27.5 9.16 20.7 57.89 74.34 122.38 140.0 142.71 128.21 114.09 119.82 114.45 119.13 111.96 110.07 105.47 108.85 121.02 139.61 163.0 147.64 107.97 85.5 62.58 21.68 50.54 72.41 86.29 104.29 144.34 170.0 173.67 147.64 119.96 118.77 117.53 130.55 114.53 108.49 109.3 95.71 100.37 133.31 167.75 141.95 115.85 97.28 24.87 36.75 29.72 70.91 79.13 101.38 142.36 169.41 156.59 125.55 104.29 107.28 100.01 78.64 76.16 91.23 86.02 71.84 81.25 108.18 155.0 107.19 73.19 17.91 10.31 5.42 0.78 5.04 68.05 87.86 129.89 135.0 139.41 114.96 98.02 104.22 90.64 78.59 79.99 85.01 85.01 91.77 87.0 135.0 152.32 108.5 80.01 59.91 5.02
