128 5
1 25 30 28 28
1 0 0 0 0 0 3 1 2 3 0 35 8.94
9 0 9 5 5 1 3 7 9 11 1 50 13.19
7 0 2 4 9 6 3 4 5 8 1 37 12.55
7 0 5 5 5 2 3 5 16 18 1 38 11.14
2 0 7 8 3 4 3 6 9 22 8 43 10.98
4 0 1 5 7 5 3 6 10 13 8 61 16.04
2 0 1 3 9 7 3 12 17 20 12 48 15.49
2 0 4 1 9 4 2 16 22 10 52 11.6
7 0 1 3 8 4 3 13 15 20 8 50 14.89
4 0 5 9 7 7 3 10 14 26 10 48 13.94
9 0 3 10 4 9 3 21 23 27 14 55 12.41
6 0 8 3 5 6 3 13 15 18 10 65 10.77
8 0 7 3 2 6 3 21 28 29 14 60 10.09
4 0 7 6 9 10 2 17 27 16 48 11.49
8 0 1 3 1 2 3 15 20 29 14 52 10.35
7 1 0 0 0 0 3 16 24 25 22 72 14.44
10 0 9 1 8 10 1 23 29 61 13.76
5 1 0 0 0 0 2 19 21 20 58 12.38
2 1 0 0 0 0 2 19 22 16 55 15.18
2 1 0 0 0 0 2 23 26 25 68 10.6
10 0 1 2 8 3 2 24 25 22 71 8.52
10 1 0 0 0 0 1 30 25 74 16.12
6 0 4 5 1 9 3 24 25 26 18 51 14.82
9 0 2 5 3 5 1 28 39 81 15.74
10 0 5 8 9 3 1 30 32 67 13.81
6 0 8 10 6 9 2 27 28 32 72 14.72
10 0 3 10 4 6 1 29 27 65 16.39
4 0 8 3 9 3 1 30 38 75 8.78
8 0 8 2 9 8 1 31 48 79 10.08
7 0 10 8 5 5 1 31 37 71 10.14
1 0 8 10 4 10 1 31 42 87 10.75
1 0 0 0 0 0 0 56 82 10.34
1 0 0 0 0 0 3 33 34 35 0 49 11.12
1 0 0 0 0 7 3 39 41 47 1 28 16.57
6 0 3 0 0 0 3 42 49 51 1 59 10.94
4 0 6 0 0 0 2 36 39 1 43 15.33
8 0 8 0 0 0 3 37 38 48 5 38 13.9
4 0 0 0 0 7 3 43 46 52 13 53 12.77
1 0 0 0 6 0 3 42 44 45 13 54 9.12
4 0 0 0 0 3 3 40 43 48 5 35 11.74
3 0 0 9 0 0 3 45 51 52 9 49 14.4
10 0 0 0 7 0 3 46 53 59 2 40 13.88
3 0 0 0 0 8 3 47 54 55 14 43 8.73
3 0 9 0 0 0 3 50 56 57 17 53 15.44
1 0 0 8 0 0 3 47 49 55 14 56 15.82
7 0 0 0 0 10 2 53 59 14 58 12.12
4 0 0 0 0 1 2 51 61 17 46 13.07
10 1 0 0 0 0 2 50 58 17 56 10.01
3 0 0 7 0 0 3 49 52 57 13 63 11.05
6 1 0 0 0 0 3 50 61 62 16 71 13.75
4 0 0 9 0 0 1 60 27 61 13.26
5 1 0 0 0 0 2 56 58 21 73 14.28
5 0 0 4 0 0 3 54 55 59 17 57 9.74
9 0 0 0 8 0 3 54 56 57 21 67 10.61
4 0 0 0 8 0 1 61 30 73 14.38
9 1 0 0 0 0 1 58 22 63 14.69
2 1 0 0 0 0 1 60 30 69 9.74
6 0 0 2 0 0 1 60 30 60 10.12
9 0 0 0 8 0 1 62 31 68 10.44
10 1 0 0 0 0 1 62 22 61 9.95
2 0 0 5 0 0 1 63 36 64 8.58
6 0 0 1 0 0 1 63 34 66 15.39
9 0 0 0 0 2 1 63 40 77 12.1
1 0 0 0 0 0 0 49 73 15.5
1 0 0 0 0 0 3 65 66 67 0 35 16.75
5 0 0 0 0 9 3 68 75 78 1 36 12.77
2 0 9 0 0 0 2 76 77 1 41 14.24
5 0 0 0 0 3 3 69 71 83 1 44 11.1
8 0 0 0 0 10 2 73 86 6 58 9.87
8 0 0 0 7 0 3 70 72 79 6 60 8.5
9 0 0 0 0 10 3 73 81 90 14 65 11.44
6 0 0 0 8 0 1 81 6 59 12.1
1 0 10 0 0 0 3 74 80 82 14 59 8.91
10 0 0 0 10 0 3 85 87 89 23 61 14.44
2 0 0 0 5 0 1 81 15 54 8.47
2 0 0 9 0 0 3 77 82 92 6 45 11.69
7 0 0 5 0 0 3 84 88 92 3 59 9.01
5 0 0 2 0 0 1 86 8 53 13.79
10 0 0 0 0 9 3 79 85 90 6 58 13.75
9 0 0 8 0 0 2 82 89 16 50 15.99
8 0 0 0 6 0 3 87 89 94 15 57 11.37
9 0 0 0 0 6 2 87 92 23 70 9.0
10 1 0 0 0 0 1 88 25 77 8.51
8 1 0 0 0 0 2 88 94 6 52 14.64
6 0 0 10 0 0 1 86 10 50 15.66
3 0 0 0 2 0 1 94 33 74 9.84
10 1 0 0 0 0 1 93 16 62 9.77
1 0 8 0 0 0 1 91 33 80 15.33
5 0 0 0 0 7 1 93 35 68 11.05
4 0 0 7 0 0 1 91 33 65 15.08
7 1 0 0 0 0 1 91 23 74 9.77
8 0 0 8 0 0 1 93 37 71 13.11
2 0 3 0 0 0 1 95 32 64 15.87
1 0 0 0 7 0 1 95 45 84 12.09
10 0 0 0 0 6 1 95 36 89 12.21
1 0 0 0 0 0 0 46 88 13.42
1 0 0 0 0 0 3 97 98 99 0 50 12.45
5 0 8 2 2 10 3 100 106 115 1 51 10.23
6 0 9 8 3 8 3 101 112 114 1 47 10.7
4 0 6 3 10 3 3 103 105 107 1 52 14.18
3 0 5 6 3 9 3 102 104 110 6 42 10.26
3 0 9 5 9 3 2 102 104 7 52 13.14
10 0 3 5 4 1 1 108 10 57 16.32
9 0 6 10 8 4 2 109 113 5 60 16.04
2 0 3 4 5 6 1 119 10 55 11.61
1 0 2 3 2 3 1 109 5 44 8.67
4 0 4 6 2 6 1 117 6 59 10.31
5 1 0 0 0 0 1 111 5 60 15.26
7 0 6 6 4 6 1 124 20 54 11.85
10 0 8 9 2 4 1 126 14 59 8.54
5 1 0 0 0 0 1 121 9 64 9.8
2 1 0 0 0 0 3 113 116 121 10 37 10.28
2 0 2 8 4 6 3 119 122 124 7 53 12.29
6 0 7 10 9 3 1 123 14 64 16.81
4 0 8 6 6 1 1 117 7 42 12.15
9 0 3 5 6 6 2 118 122 6 56 10.77
9 0 3 7 5 5 1 118 12 66 14.28
2 0 9 2 4 9 1 120 11 48 14.07
4 0 7 6 9 1 1 126 21 65 11.01
3 1 0 0 0 0 1 121 12 56 9.59
2 0 3 6 1 6 1 126 13 44 10.29
3 0 8 1 8 5 1 123 15 58 10.4
9 1 0 0 0 0 1 125 15 61 14.92
6 0 1 1 1 5 1 125 20 70 12.18
6 0 1 10 1 3 1 127 27 60 9.0
2 0 9 7 10 9 1 127 26 57 10.32
4 0 9 5 3 6 1 127 25 75 13.35
1 0 0 0 0 0 0 33 68 13.47
97.27 95.59 96.7 96.87 95.85 107.83 149.64 159.75 133.83 98.92 82.86 76.9 76.02 77.32 84.34 98.64 129.32 147.74 176.19 160.0 141.99 127.36 107.24 98.25 105.01 102.47 100.09 101.02 103.45 111.75 146.9 151.76 146.05 127.22 102.0 97.75 96.84 99.04 103.19 113.96 135.39 169.2 201.75 180.05 149.11 133.5 121.9 107.34 101.86 100.33 97.93 97.38 102.47 111.47 142.89 159.18 147.42 125.0 101.42 99.6 98.06 99.65 101.62 118.14 140.0 154.74 194.78 179.35 148.15 132.2 120.0 109.91 108.13 99.46 93.88 92.48 96.34 105.97 133.09 160.65 160.0 150.0 126.4 113.26 111.86 108.18 109.09 110.18 121.78 142.65 166.05 173.47 149.0 135.69 118.45 108.91 109.09 106.0 105.9 103.83 105.3 114.06 143.14 155.32 156.96 133.7 113.62 108.36 106.01 106.01 108.1 109.92 125.85 145.35 154.7 151.13 130.01 111.39 114.0 105.17 112.15 103.14 96.0 89.9 86.9 90.55 97.01 99.42 99.53 87.37 71.14 60.17 57.02 48.0 54.51 71.59 84.65 128.13 139.58 132.96 121.46 108.5 105.02 95.25 90.01 85.79 79.62 78.18 78.6 80.51 85.14 82.07 77.95 77.14 36.86 17.75 9.61 7.22 13.62 31.0 71.48 118.11 131.69 140.0 125.79 108.29 101.41 80.97 80.37 80.95 79.75 80.91 85.85 103.3 135.18 152.87 135.96 107.38 90.62 87.9 64.65 36.35 50.21 70.56 100.22 146.43 176.5 170.0 141.5 119.19 108.11 93.5 92.2 89.99 92.64 89.77 96.35 112.01 140.16 136.68 106.52 74.26 32.93 2.24 3.38 4.28 8.44 63.68 98.36 143.47 171.92 167.11 143.45 123.77 117.17 103.62 108.77 105.01 103.52 102.61 107.33 124.46 160.27 148.08 108.95 45.9 34.23 2.48 1.42 2.18 5.6 66.88 112.16 156.99 250.73 220.41 176.68 141.18 126.84 112.23 119.77 104.88 101.26 102.34 106.05 122.29 148.32 142.04 100.27 79.23 38.56 3.42 0.43 0.65 16.83 80.13 121.72 157.59 278.23 250.3 161.79 138.78 128.17 120.61 127.07 117.53 114.42 108.26
