128 5
1 38 35 30 37
1 0 0 0 0 0 3 1 2 3 0 41 18.51
5 0 6 3 5 5 3 20 25 26 1 41 13.57
9 0 9 10 10 9 3 4 8 9 1 66 14.39
9 0 8 10 2 9 3 5 11 12 1 48 13.62
1 0 6 4 1 4 3 6 7 10 10 47 17.82
6 0 4 2 5 10 3 14 17 18 10 71 22.54
7 0 10 3 1 5 1 16 11 62 17.16
8 0 6 1 10 3 3 11 12 13 11 59 19.21
9 0 6 8 1 6 1 29 10 54 21.39
5 0 9 2 9 3 3 22 23 27 10 65 14.34
10 0 3 8 4 10 2 21 28 11 50 22.6
2 0 4 5 1 2 1 20 19 75 22.09
3 0 7 1 3 6 2 14 15 19 62 20.89
9 0 10 8 3 4 3 16 19 24 19 77 19.56
6 0 10 2 6 2 1 22 22 63 18.12
2 1 0 0 0 0 2 17 20 22 77 16.27
3 1 0 0 0 0 1 22 28 57 18.7
9 0 4 3 6 2 3 23 26 29 24 61 12.26
8 0 6 10 5 5 2 19 27 16 70 12.22
7 1 0 0 0 0 1 21 28 80 20.62
9 1 0 0 0 0 2 23 28 24 80 21.77
7 0 1 10 7 5 2 25 29 35 80 12.55
1 1 0 0 0 0 1 30 31 63 16.0
10 0 3 10 2 5 1 30 33 88 11.78
9 1 0 0 0 0 2 25 26 28 62 13.34
7 0 4 6 2 6 1 30 42 74 22.27
9 0 8 10 10 9 1 27 37 91 14.35
4 0 10 10 8 2 1 28 46 85 19.36
4 0 2 3 1 3 1 31 50 79 16.12
10 0 6 9 2 1 1 31 42 95 17.32
9 0 10 2 1 2 1 31 49 103 12.16
1 0 0 0 0 0 0 58 96 15.12
1 0 0 0 0 0 3 33 34 35 0 30 20.59
6 0 7 9 7 0 3 45 47 58 1 48 13.04
10 0 6 8 9 0 2 37 38 1 64 14.06
10 0 6 2 6 8 3 36 39 55 1 44 22.82
3 0 0 6 1 6 3 40 42 43 11 47 13.32
10 0 9 3 9 0 1 44 11 55 14.17
8 0 0 0 3 0 2 41 48 11 49 18.82
1 1 0 0 0 0 1 47 11 47 20.2
4 0 10 4 3 0 2 46 56 14 53 22.84
9 1 0 0 0 0 2 52 57 19 54 15.67
5 0 4 10 0 5 3 51 57 59 14 57 19.28
4 0 2 7 0 4 1 61 14 66 13.7
8 1 0 0 0 0 1 50 21 66 11.89
10 0 0 1 0 1 1 49 7 66 19.61
9 0 9 0 4 0 1 47 18 60 16.36
10 0 10 2 10 5 1 50 27 73 23.02
9 1 0 0 0 0 1 60 19 56 14.47
6 0 6 6 0 4 1 52 17 71 15.63
7 0 2 5 4 2 2 53 54 37 90 12.24
8 0 10 2 6 2 1 56 19 65 14.14
2 0 2 6 0 8 1 56 28 79 15.14
1 0 4 8 9 5 1 60 44 91 15.49
10 0 2 9 7 0 1 62 44 82 20.55
1 0 2 0 7 0 2 59 62 11 55 13.45
6 0 9 5 0 4 1 60 30 86 15.02
10 0 9 10 0 2 2 58 62 28 78 22.84
6 0 3 6 2 2 1 61 38 89 18.56
10 0 1 9 2 9 1 61 19 55 16.46
5 0 1 0 10 7 1 63 45 79 18.26
4 0 10 7 4 1 1 63 44 95 19.55
1 0 0 2 0 0 1 63 54 82 21.88
1 0 0 0 0 0 0 55 83 14.1
1 0 0 0 0 0 3 65 66 67 0 37 14.84
1 0 1 5 1 5 3 68 75 76 1 38 14.32
8 0 7 4 9 9 3 70 79 81 1 42 18.11
10 0 1 1 9 6 3 69 73 80 1 42 21.36
3 0 8 3 10 5 3 71 77 80 2 45 22.99
2 0 3 6 5 5 3 70 79 83 11 65 15.48
8 0 4 4 8 3 3 72 87 92 13 76 12.82
7 0 10 6 9 9 3 74 79 82 5 67 14.5
1 0 10 8 9 6 1 77 21 49 15.58
8 0 10 10 10 1 2 75 85 11 62 20.92
4 0 4 7 4 2 3 78 83 92 12 66 15.95
10 0 1 8 8 7 3 78 81 82 19 76 11.74
5 1 0 0 0 0 3 77 78 85 2 62 16.9
8 1 0 0 0 0 3 86 88 89 22 72 18.81
8 0 10 2 10 9 2 87 90 29 87 17.2
5 0 4 3 7 8 2 85 90 13 58 21.99
5 1 0 0 0 0 3 81 82 92 11 49 16.18
7 1 0 0 0 0 2 83 86 29 77 14.13
10 1 0 0 0 0 3 84 87 89 29 88 17.66
8 0 7 5 8 6 2 88 91 36 83 19.51
8 1 0 0 0 0 2 86 94 39 93 14.2
9 0 1 9 5 7 2 89 94 19 61 21.86
1 0 6 10 4 1 1 90 47 93 15.8
6 0 6 5 10 9 2 88 91 39 89 19.69
2 0 2 10 5 7 2 93 94 45 96 17.22
1 0 3 3 10 6 1 93 39 84 21.94
10 0 6 6 9 2 1 91 48 95 16.08
4 0 10 9 10 6 1 93 58 92 23.01
3 0 7 1 1 8 1 95 21 69 17.75
2 0 5 5 1 1 1 95 62 105 14.57
1 0 4 2 2 1 1 95 47 78 15.64
1 0 0 0 0 0 0 64 91 12.66
1 0 0 0 0 0 3 97 98 99 0 57 22.55
9 0 0 0 1 7 3 101 104 109 1 47 19.76
8 0 0 1 0 0 3 102 103 105 1 60 20.56
3 0 10 0 1 0 3 100 115 118 1 50 15.23
9 0 0 0 1 6 2 105 113 4 61 19.55
1 0 4 3 6 0 3 111 112 119 10 44 16.55
5 0 6 0 0 0 1 106 9 46 15.21
5 0 0 0 2 0 2 108 110 9 44 21.77
4 0 0 0 0 4 2 121 125 10 69 19.45
9 0 0 5 10 10 2 107 122 13 51 12.24
10 0 1 0 10 2 3 108 123 124 14 77 21.66
2 1 0 0 0 0 3 110 112 123 22 57 18.94
1 0 6 2 0 0 3 113 118 120 24 79 12.78
1 0 0 9 0 0 2 110 117 10 39 17.0
8 1 0 0 0 0 2 114 116 24 83 15.18
8 1 0 0 0 0 2 113 116 11 57 16.55
7 1 0 0 0 0 1 116 24 81 21.8
9 0 3 9 0 0 1 125 25 61 15.7
4 0 4 8 0 7 1 119 32 74 17.13
1 0 0 0 6 6 3 119 121 123 4 36 22.4
9 0 0 9 6 8 1 126 32 87 22.57
10 0 0 2 4 0 3 120 121 122 11 61 15.49
4 0 7 0 0 9 1 125 25 79 16.52
5 0 0 9 1 0 1 120 36 78 19.49
5 0 0 0 0 8 1 126 41 94 22.37
8 1 0 0 0 0 1 124 21 74 22.9
2 1 0 0 0 0 1 124 22 71 21.98
8 0 9 1 0 0 1 126 24 61 22.01
9 0 4 6 7 0 1 127 29 67 21.21
5 0 6 8 3 0 1 127 34 84 12.69
3 0 5 7 0 10 1 127 46 93 11.56
1 0 0 0 0 0 0 49 74 11.78
45.18 38.07 18.19 16.89 17.23 77.52 251.79 162.58 143.47 88.21 22.55 18.6 25.0 33.72 29.71 62.02 84.92 100.0 140.0 105.0 120.61 98.72 69.71 9.48 33.47 58.49 63.4 77.12 73.94 62.83 131.6 195.0 145.3 119.72 80.87 52.97 66.91 59.72 71.3 87.25 138.17 238.48 146.08 149.05 111.0 98.67 103.88 66.86 70.8 63.52 50.97 47.81 57.66 70.46 112.71 124.24 112.69 94.26 69.34 43.5 12.04 8.56 11.66 45.8 83.64 109.11 114.0 170.32 136.63 110.0 100.0 78.66 57.64 49.63 38.85 38.75 49.22 75.94 115.0 117.81 112.9 91.36 66.01 5.94 0.2 0.0 0.0 0.53 51.54 120.86 144.94 212.26 147.12 110.0 102.07 88.2 74.09 72.22 70.58 70.29 70.38 86.1 118.42 141.48 117.45 92.51 53.21 13.12 0.99 0.0 0.0 11.97 76.93 118.68 255.21 409.24 167.05 110.91 95.47 80.03 90.15 80.58 77.19 77.04 77.0 82.66 91.11 89.67 77.66 24.91 0.98 -0.89 -7.45 -10.25 -4.7 0.1 28.84 96.69 118.22 126.99 95.47 79.14 75.12 49.18 3.45 1.14 2.64 0.62 1.29 0.58 4.41 5.23 3.15 0.4 -0.25 -6.87 -10.36 -10.73 -2.58 -0.07 9.47 88.87 110.72 118.6 117.58 103.57 97.59 90.59 84.95 81.26 77.32 76.98 77.79 91.71 119.98 129.86 128.51 106.34 88.11 69.61 70.41 65.06 70.42 76.05 88.42 122.95 143.06 216.38 144.51 114.24 100.24 92.77 86.64 86.71 86.15 86.08 88.7 101.47 126.62 172.36 159.13 119.37 89.84 88.92 80.86 77.82 77.56 88.6 102.65 127.01 157.33 216.73 125.53 101.58 96.92 91.98 75.64 70.05 69.46 70.17 58.67 71.28 110.41 130.2 119.5 92.86 62.28 41.17 27.1 28.68 28.21 65.69 76.26 91.19 113.08 119.62 108.42 88.11 81.54 63.78 73.22 70.16 67.15 66.86 70.34 79.6 110.1 120.11 124.72 99.11 85.73 136.26 114.15 65.81 50.98 78.75 84.24 106.5 116.52 136.61 123.61 101.82 89.58 81.09 78.48 75.08 73.18 73.2 75.12 82.3 105.52 119.97 124.63 114.16 105.0 99.9 98.86 83.35 83.78 82.88 99.34 110.88 124.17 132.96 119.61 106.21 96.9 89.9 85.01 83.76 83.3 83.19 86.07 90.0 90.5 104.69
