128 5
1 28 30 34 27
1 0 0 0 0 0 3 1 2 3 0 46 9.06
8 0 6 0 0 0 3 4 10 11 1 48 9.77
6 0 0 8 0 0 3 4 6 21 1 53 9.39
2 0 0 0 7 0 3 7 9 15 1 50 7.58
6 0 0 0 1 0 3 5 8 16 9 43 13.08
4 0 0 8 0 0 2 13 23 15 71 13.61
4 0 0 2 0 0 3 14 18 20 7 56 7.35
7 0 0 5 0 0 3 12 13 14 3 37 12.88
3 0 9 0 0 0 3 17 19 26 15 69 7.48
8 0 0 1 0 0 3 14 18 24 3 40 13.3
5 0 0 0 0 7 3 15 16 19 9 50 14.22
10 0 0 0 3 0 3 12 17 22 9 50 7.81
6 0 10 0 0 0 3 18 19 21 19 72 12.44
10 0 1 0 0 0 2 17 29 19 62 7.8
7 0 5 0 0 0 2 16 25 11 60 13.17
4 0 6 0 0 0 3 20 21 22 14 70 12.72
9 1 0 0 0 0 1 27 18 75 13.88
5 0 0 0 2 0 1 30 29 60 13.54
4 1 0 0 0 0 1 28 25 66 13.57
6 1 0 0 0 0 1 20 25 67 9.3
1 0 0 0 0 9 2 24 30 31 70 10.6
4 0 0 5 0 0 2 23 26 25 68 12.34
8 0 0 7 0 0 3 23 24 26 19 75 12.72
6 1 0 0 0 0 2 25 30 29 70 10.97
2 1 0 0 0 0 2 25 27 32 73 7.61
5 0 0 0 0 10 2 28 29 35 73 8.79
9 1 0 0 0 0 2 27 28 29 76 11.09
10 0 0 6 0 0 1 29 38 85 8.33
3 0 0 0 8 0 1 31 40 73 10.14
10 0 0 0 4 0 1 31 48 85 7.29
7 0 0 0 4 0 1 31 35 70 8.03
1 0 0 0 0 0 0 58 93 13.7
1 0 0 0 0 0 3 33 34 35 0 42 11.29
9 0 1 9 6 10 2 36 37 1 56 8.87
4 0 3 7 0 7 3 43 47 56 1 55 14.45
1 0 6 8 2 1 1 41 1 53 8.73
8 0 7 5 8 2 3 38 39 50 10 47 11.27
4 0 8 4 0 2 2 43 49 10 52 8.15
4 0 6 0 8 9 3 40 44 59 18 72 10.21
3 0 4 0 7 2 1 42 18 63 14.47
9 0 4 4 0 4 3 45 48 51 22 81 10.1
2 0 1 1 3 2 3 50 54 56 2 48 12.75
4 0 0 2 0 10 2 46 55 21 68 11.21
7 0 10 0 9 0 2 48 59 14 62 7.68
2 0 2 2 3 0 1 46 22 53 7.68
5 1 0 0 0 0 1 49 31 79 9.81
8 0 0 6 7 1 2 52 56 25 72 11.74
4 0 4 0 8 9 2 48 55 5 64 12.36
8 0 1 0 9 9 3 52 53 58 31 80 10.76
7 1 0 0 0 0 2 52 55 36 68 8.36
7 0 1 7 10 5 3 53 58 61 18 53 13.83
1 1 0 0 0 0 3 53 54 57 31 73 10.16
4 1 0 0 0 0 1 62 43 87 11.07
4 0 9 9 0 3 1 62 39 74 10.86
4 1 0 0 0 0 1 61 32 68 11.44
8 0 4 0 0 0 2 57 58 43 80 12.24
10 1 0 0 0 0 1 57 33 73 9.9
9 0 10 9 4 0 1 62 51 94 10.52
9 0 5 0 4 9 1 60 51 95 8.79
3 0 10 0 8 8 2 60 61 22 74 7.72
10 0 3 0 0 7 1 63 60 100 12.62
3 1 0 0 0 0 1 63 36 78 8.47
5 0 10 0 0 7 1 63 60 86 14.13
1 0 0 0 0 0 0 70 94 12.19
1 0 0 0 0 0 3 65 66 67 0 50 8.64
5 0 7 0 0 3 1 68 1 45 9.15
3 0 4 4 0 4 3 69 80 89 1 33 12.58
1 0 0 2 0 1 3 73 77 82 1 57 11.68
1 0 6 9 0 8 3 75 79 81 6 47 10.37
5 0 0 0 8 0 3 70 71 78 4 43 9.58
2 0 3 8 0 0 3 72 74 83 9 54 8.03
2 0 0 8 4 0 1 85 9 54 7.85
8 0 3 0 0 10 1 86 11 59 14.05
9 0 4 3 0 9 1 84 2 48 9.73
1 0 0 6 9 0 1 76 11 63 10.25
4 0 6 0 10 9 2 80 94 7 64 8.12
2 0 10 0 0 0 1 92 12 44 8.42
4 0 0 1 2 0 1 90 2 33 10.22
1 0 5 0 0 0 2 82 92 9 37 12.4
1 0 0 0 1 0 2 89 90 7 49 9.59
3 0 0 9 0 0 2 90 91 11 43 13.36
7 0 9 4 9 0 2 82 88 7 65 10.22
6 1 0 0 0 0 1 91 14 63 9.19
1 0 7 5 0 0 1 88 11 55 12.06
8 0 0 5 0 1 1 93 11 51 8.66
3 0 0 5 0 8 1 87 11 45 14.37
3 1 0 0 0 0 1 94 19 59 13.94
10 1 0 0 0 0 1 91 14 71 9.19
8 1 0 0 0 0 1 94 14 49 8.36
7 1 0 0 0 0 1 92 8 49 8.01
4 0 0 7 0 10 1 93 14 60 13.45
5 0 0 2 5 0 1 93 24 66 11.05
2 1 0 0 0 0 1 95 15 56 10.35
7 0 0 6 9 0 1 95 29 62 10.4
5 0 2 9 8 3 1 95 22 56 13.16
1 0 0 0 0 0 0 36 82 13.4
1 0 0 0 0 0 3 97 98 99 0 40 8.31
7 0 5 1 0 0 3 101 112 113 1 63 11.36
2 0 0 5 10 10 3 100 106 116 1 54 12.33
9 0 6 4 5 7 3 101 102 118 1 46 8.59
1 0 3 0 4 2 3 103 113 114 3 56 11.6
10 0 6 3 2 1 2 111 115 10 65 14.2
7 0 4 9 6 0 2 104 108 10 59 8.06
10 0 4 5 8 5 3 104 107 111 4 63 9.48
6 0 6 0 5 0 1 105 17 68 10.11
8 1 0 0 0 0 2 109 119 23 70 12.96
6 0 0 3 3 2 3 113 115 118 3 55 7.48
3 0 7 2 0 0 2 121 126 14 70 9.58
4 0 0 1 7 9 2 116 117 17 69 12.75
2 1 0 0 0 0 1 110 31 65 10.53
10 0 0 10 3 0 1 120 33 89 7.82
7 0 5 9 4 9 2 119 125 20 73 11.63
4 0 2 8 0 2 2 122 123 8 39 10.79
4 0 9 0 9 3 2 117 124 9 56 13.98
7 0 2 0 7 0 3 115 118 120 4 62 14.42
3 1 0 0 0 0 1 122 20 71 13.39
2 1 0 0 0 0 1 121 21 70 12.48
1 0 2 10 3 0 3 120 121 126 21 57 13.26
9 1 0 0 0 0 2 119 124 11 50 10.42
10 0 4 6 9 6 1 126 31 74 12.09
7 0 5 0 2 0 1 125 43 85 12.86
4 0 10 3 2 2 1 122 23 60 9.16
3 1 0 0 0 0 1 125 27 64 11.67
10 0 1 9 3 0 1 124 12 74 14.21
8 0 9 9 3 7 1 127 22 80 13.42
9 0 4 8 9 0 1 127 50 92 7.4
10 0 1 6 4 9 1 127 41 85 8.56
1 0 0 0 0 0 0 59 97 8.95
81.29 70.07 69.97 69.91 73.31 81.9 94.44 102.03 98.6 91.4 72.89 53.83 14.9 4.05 0.66 11.02 34.96 65.28 81.0 90.65 93.08 89.09 68.34 62.14 9.5 15.71 11.54 24.55 54.79 74.46 92.24 94.42 75.45 3.91 0.03 -1.8 -4.81 -6.18 -11.72 -5.54 21.6 55.01 60.8 103.44 114.28 103.44 85.0 79.94 75.0 60.44 59.64 59.37 58.98 83.01 99.68 99.85 83.98 27.84 0.0 -1.01 -4.11 -6.47 -2.87 5.52 19.18 45.97 95.92 109.11 169.88 156.88 110.0 101.58 97.65 97.7 92.13 89.87 90.16 94.42 109.67 105.0 72.67 41.83 6.77 0.0 -0.12 -2.71 -0.25 -0.01 17.09 63.53 98.24 111.57 146.42 127.54 110.0 101.28 94.64 90.38 86.47 83.66 82.0 91.14 101.07 102.69 92.89 65.12 30.52 7.48 0.0 -0.01 -0.01 0.0 10.49 75.6 100.0 133.22 164.05 154.54 122.22 108.68 102.93 102.39 102.0 99.09 100.0 100.0 99.23 93.45 69.73 15.34 -0.02 -1.0 -8.67 -15.96 -15.2 -3.47 -0.01 33.15 82.07 106.38 120.0 119.26 107.77 95.6 84.88 83.43 83.41 78.31 81.12 84.16 82.51 71.97 26.43 -0.01 -3.32 -15.6 -38.92 -61.21 -50.62 -21.0 -0.95 10.9 81.36 109.09 123.64 120.23 107.16 98.87 101.36 93.13 88.36 85.99 94.18 105.51 132.2 131.05 103.44 57.85 22.77 2.54 0.0 0.0 0.0 9.0 58.06 94.83 113.01 169.56 217.3 140.0 108.87 96.0 93.0 89.67 85.41 85.32 87.01 94.82 108.05 105.07 97.94 84.58 38.06 22.56 8.38 3.0 5.15 35.05 73.34 99.96 118.39 183.56 212.05 146.12 114.35 98.07 96.42 90.0 86.89 84.71 87.07 93.52 108.93 107.62 104.34 76.99 45.83 41.84 20.83 16.96 41.39 70.9 84.3 96.64 121.94 204.58 235.8 154.57 123.21 106.27 98.1 92.0 88.45 88.02 88.36 97.49 108.92 110.23 99.92 91.43 77.41 66.74 52.26 41.36 54.9 69.43 78.99 101.51 129.83 233.8 274.02 154.56 120.34 105.95 99.77 99.09 93.63 89.92 91.63 96.47 101.15 100.86 95.62 75.64 32.41 3.0 0.08 0.0 0.0 1.73 31.89 81.5 106.71 117.47
