160 5
1 22 23 21 32
1 0 0 0 0 0 3 1 2 3 0 53 14.05
3 0 10 9 8 5 3 5 11 15 1 42 14.25
1 0 7 0 5 2 3 4 5 7 1 46 9.18
10 0 5 0 0 4 3 10 13 24 1 61 7.97
9 0 0 10 2 0 3 6 9 17 2 45 12.74
5 0 7 7 4 0 1 22 4 43 9.06
10 0 4 8 5 2 3 10 11 16 11 51 13.42
4 0 7 5 10 8 3 8 20 30 2 62 10.31
7 0 7 0 0 0 3 14 17 28 6 49 8.98
6 0 6 9 5 8 2 25 26 11 63 12.14
3 0 0 7 1 0 3 12 27 30 21 73 13.72
6 0 8 7 0 9 2 13 20 21 63 8.52
9 1 0 0 0 0 1 29 24 78 13.04
10 0 7 1 2 9 1 14 27 70 10.85
1 1 0 0 0 0 1 23 37 88 8.69
7 0 6 5 4 5 1 21 4 49 11.44
9 1 0 0 0 0 3 18 20 27 21 59 8.15
8 0 0 0 8 10 3 18 19 21 13 67 9.84
10 0 2 9 10 9 2 22 25 30 90 11.45
7 1 0 0 0 0 1 23 21 74 13.23
4 1 0 0 0 0 2 22 28 30 67 8.95
2 1 0 0 0 0 1 23 21 57 13.51
10 0 0 0 8 7 1 29 40 86 8.65
7 0 4 5 4 3 1 25 38 70 10.05
3 0 0 0 7 2 1 26 11 65 8.32
8 0 8 10 4 9 1 29 45 80 9.63
5 0 7 0 5 0 2 27 30 17 63 13.24
8 0 5 10 0 10 1 28 30 71 14.68
7 0 0 3 4 7 1 31 38 79 7.95
10 0 1 7 5 1 1 31 53 89 12.98
7 0 8 0 10 9 1 31 24 59 13.2
1 0 0 0 0 0 0 63 104 9.72
1 0 0 0 0 0 3 33 34 35 0 45 7.6
3 0 1 6 8 7 3 36 37 50 1 56 7.68
1 0 8 2 6 9 2 39 51 1 34 13.09
7 0 1 3 2 9 3 42 51 53 1 44 14.78
5 0 2 9 4 2 1 38 4 55 14.67
7 0 1 4 1 3 3 39 40 41 4 50 7.55
10 1 0 0 0 0 1 45 9 50 11.94
9 0 3 9 2 4 1 43 11 74 11.05
9 0 8 6 6 6 3 47 56 57 11 65 10.78
9 0 7 7 9 3 2 44 49 11 74 8.05
9 0 5 9 8 10 1 52 8 70 13.63
3 1 0 0 0 0 3 44 55 58 20 72 10.95
7 1 0 0 0 0 2 46 59 23 68 14.06
6 0 9 6 4 2 2 48 58 19 76 11.14
5 1 0 0 0 0 1 57 30 69 7.9
9 1 0 0 0 0 1 51 20 56 11.42
8 0 1 6 2 1 1 55 25 69 12.58
5 0 3 1 1 7 1 61 20 61 12.22
10 1 0 0 0 0 1 55 4 69 14.11
6 0 5 8 9 2 1 60 29 86 12.42
7 0 4 7 9 10 1 57 17 71 14.47
5 0 8 9 8 3 1 54 8 55 11.17
7 0 8 3 5 5 1 56 13 59 12.79
3 0 4 5 9 9 1 60 33 79 10.76
5 0 5 4 7 8 1 61 20 63 13.22
8 0 1 7 8 9 1 62 35 90 8.64
1 0 8 5 7 7 2 60 61 25 64 11.94
1 0 7 3 10 8 1 62 30 59 13.52
5 0 9 2 8 6 1 63 36 85 11.93
3 0 2 6 3 8 1 63 26 75 9.2
3 0 8 1 10 10 1 63 43 82 13.31
1 0 0 0 0 0 0 46 97 9.94
1 0 0 0 0 0 3 65 66 67 0 39 11.47
8 0 8 3 3 8 2 68 78 1 62 9.98
2 0 2 10 0 5 3 69 72 74 1 43 13.64
9 0 3 0 10 7 3 71 73 76 1 44 11.16
5 0 2 2 0 0 3 69 74 80 9 57 14.23
6 0 3 0 9 0 3 70 71 73 14 75 9.06
3 0 10 10 0 6 3 75 77 85 20 64 9.1
3 0 3 10 9 0 3 75 81 90 20 59 12.34
6 0 10 1 6 0 3 78 85 86 3 47 9.82
2 0 3 10 9 0 3 77 81 86 20 63 9.64
5 0 4 0 1 5 3 82 88 89 14 61 10.27
2 0 3 1 9 0 2 83 93 23 72 14.58
4 0 1 4 5 0 3 78 79 91 10 57 10.21
5 1 0 0 0 0 2 82 87 23 60 11.12
8 0 6 3 8 0 3 84 93 94 14 58 8.53
10 1 0 0 0 0 3 82 83 88 14 60 8.16
7 1 0 0 0 0 3 81 83 87 14 51 7.79
8 1 0 0 0 0 2 85 89 23 71 12.49
3 1 0 0 0 0 2 84 90 28 65 8.0
5 0 9 0 3 6 2 84 86 25 63 7.53
10 0 5 7 0 3 1 92 31 76 14.79
7 0 8 5 5 1 1 91 31 89 12.85
5 0 0 0 9 0 1 89 30 84 11.47
7 0 8 9 9 2 3 88 90 91 28 79 10.47
8 0 0 4 0 6 1 93 35 73 9.34
10 0 2 3 0 3 2 92 94 35 92 7.68
2 0 5 4 7 0 1 92 35 68 9.28
5 0 4 0 1 4 1 94 38 94 13.55
5 0 6 6 2 5 1 95 45 76 8.29
3 0 10 9 7 1 1 95 43 78 7.64
2 0 5 5 4 6 1 95 45 82 12.15
1 0 0 0 0 0 0 50 86 9.16
1 0 0 0 0 0 3 97 98 99 0 61 9.17
2 0 0 0 4 0 1 123 1 49 12.62
3 0 2 0 1 1 1 107 1 54 12.3
7 0 0 10 10 0 3 100 101 106 1 67 11.25
1 0 6 9 4 0 2 103 109 8 53 14.03
8 0 4 0 8 0 1 102 8 66 14.86
3 1 0 0 0 0 1 122 16 75 8.46
3 0 0 0 2 8 3 104 105 107 9 42 10.5
2 0 0 5 0 6 1 111 12 43 12.05
9 0 10 4 0 7 2 108 112 12 60 7.94
10 0 7 0 0 4 1 124 8 58 14.87
8 0 0 8 0 1 2 114 115 12 49 9.88
6 1 0 0 0 0 2 115 121 21 72 11.39
3 0 0 1 0 10 1 110 9 44 11.79
1 0 0 0 0 8 3 114 119 121 12 60 7.75
9 0 0 8 1 0 3 112 113 116 14 66 7.99
7 0 5 2 4 0 1 122 23 79 10.17
4 0 10 5 0 2 1 125 23 69 7.58
1 0 0 1 5 0 1 120 20 77 11.75
5 0 0 0 3 4 3 117 118 120 27 69 14.88
9 0 10 5 0 10 2 118 119 23 75 9.49
4 0 0 0 0 10 1 125 32 73 7.98
7 0 3 6 0 0 1 126 32 84 11.31
6 0 5 7 6 0 1 122 32 71 7.68
5 0 3 7 0 0 1 126 32 66 8.26
7 0 0 3 0 10 1 124 27 77 8.02
1 0 4 0 0 0 1 125 38 69 14.27
6 0 0 2 0 0 1 124 3 54 10.23
4 0 6 0 0 7 1 127 34 83 14.08
5 0 0 2 0 3 1 127 39 94 10.1
3 0 5 0 9 6 1 127 39 87 12.88
1 0 0 0 0 0 0 44 73 11.44
1 0 0 0 0 0 3 129 130 131 0 35 8.07
3 0 9 0 0 0 3 133 135 141 1 44 14.21
1 0 0 0 0 10 2 134 148 1 62 12.19
7 0 0 0 0 7 3 132 133 136 1 66 10.75
1 0 0 0 0 2 3 142 145 155 8 40 10.91
9 0 0 0 0 2 3 134 137 147 8 50 12.79
9 0 0 0 0 1 3 140 142 144 17 66 14.43
6 0 5 0 0 0 3 139 140 143 4 62 14.04
5 0 0 6 0 0 2 138 142 8 52 11.1
8 0 9 0 0 0 3 138 140 148 17 70 9.03
10 1 0 0 0 0 3 144 145 149 25 71 8.5
9 0 4 0 0 0 3 145 147 148 10 71 11.64
1 0 0 2 0 0 2 149 152 26 70 9.09
10 0 5 0 0 0 3 143 149 152 4 68 13.67
5 1 0 0 0 0 3 146 150 151 26 72 11.08
10 0 0 5 0 0 3 150 154 158 14 76 9.73
10 0 0 0 0 7 3 146 155 157 35 73 14.21
5 1 0 0 0 0 1 158 35 66 8.53
8 0 0 0 8 0 2 153 156 45 85 8.69
8 0 7 0 0 0 3 151 153 154 19 54 11.29
2 1 0 0 0 0 3 151 152 153 25 58 10.02
1 1 0 0 0 0 1 150 35 72 13.35
8 0 0 0 0 10 1 157 36 88 11.88
7 0 0 0 0 10 1 157 31 81 7.85
2 1 0 0 0 0 2 154 155 27 74 13.93
7 0 1 0 0 0 1 158 53 105 10.77
6 0 6 0 0 0 1 156 29 69 8.72
8 0 0 0 3 0 1 156 45 80 10.33
2 0 0 0 2 0 1 159 53 103 8.91
2 0 0 6 0 0 1 159 45 79 11.91
4 0 0 0 0 2 1 159 60 102 13.06
1 0 0 0 0 0 0 64 99 12.16
104.25 91.34 85.14 84.83 83.22 90.46 110.96 123.49 107.05 82.66 61.96 80.01 80.01 79.64 76.29 79.0 132.03 97.04 93.33 118.49 186.12 189.94 125.79 102.56 103.51 96.61 94.3 93.81 94.71 102.51 118.0 106.38 97.67 70.74 4.58 2.29 1.56 -1.01 -0.09 4.57 27.76 91.21 105.02 139.17 245.0 241.38 136.65 115.77 112.91 106.55 101.4 95.46 96.68 102.89 111.77 114.56 110.18 77.31 22.24 1.17 1.31 1.53 2.87 28.39 28.64 92.72 115.17 138.07 182.43 175.18 132.98 114.59 112.67 106.42 104.65 99.43 99.97 96.21 100.22 89.25 87.48 19.39 0.44 5.61 -12.0 0.44 -29.99 5.36 12.66 160.08 83.36 118.96 132.0 137.25 126.69 105.61 109.34 104.57 104.26 105.37 104.69 109.29 120.56 117.15 104.91 73.23 17.61 4.35 -0.46 -1.15 -0.21 2.49 32.24 93.45 110.58 136.54 202.88 179.61 137.05 121.38 118.78 110.48 108.15 106.86 108.99 104.38 100.71 90.74 75.93 23.4 -0.07 -2.37 -15.91 -29.21 -23.56 -3.17 0.11 64.11 106.3 129.53 157.3 165.82 140.65 118.68 108.61 101.05 96.91 92.65 90.34 88.49 72.75 26.44 0.0 -0.09 -11.11 -37.5 -64.11 -91.87 -75.14 -36.95 -6.08 7.89 107.72 119.23 137.2 137.11 126.42 101.63 88.81 92.21 69.54 66.9 79.78 94.61 130.46 109.44 91.87 51.48 38.02 50.01 84.3 110.22 100.41 142.84 166.99 139.0 250.0 196.34 152.6 125.0 103.11 84.39 103.63 102.38 99.68 95.61 79.55 108.35 125.43 118.18 111.65 120.75 46.91 55.34 74.14 76.35 68.17 54.37 100.0 120.99 135.0 101.96 138.44 120.24 165.03 130.94 82.97 74.81 73.34 72.05 73.82 80.55 105.72 112.01 98.44 72.08 25.74 15.77 27.37 26.51 57.69 66.84 74.29 89.11 113.92 149.24 198.96 240.25 170.94 124.57 119.95 108.09 103.39 99.91 100.02 104.51 120.14 121.01 106.79 96.87 88.26 81.57 70.5 69.41 68.33 80.0 97.39 104.45 125.0 158.95 169.86 147.17 108.36 89.68 74.97 69.34 67.91 73.25 75.68 84.35 105.58 113.2 107.7 91.16 79.18 67.45 55.25 74.77 91.97 97.56 92.63 82.01 87.88 100.72 119.73 134.89 125.79 106.69 92.87 89.72 82.18 76.9 70.45 75.65 74.53 58.98 27.8 2.34 0.01 0.3 1.26 2.25 -0.56 1.22
