160 5
1 34 52 35 59
1 0 0 0 0 0 3 1 2 3 0 50 13.64
2 0 8 9 10 2 1 4 1 47 8.11
5 0 1 4 8 9 2 6 10 1 34 9.6
8 0 0 1 6 3 2 7 13 1 55 8.46
3 0 6 1 0 8 2 5 8 3 35 11.98
4 1 0 0 0 0 3 18 19 29 6 65 11.27
1 0 9 0 10 3 2 15 16 6 41 7.98
7 0 6 0 2 5 3 9 12 22 9 63 9.42
2 0 5 7 5 0 1 26 6 56 15.21
3 1 0 0 0 0 2 17 18 16 56 12.98
3 0 7 7 3 0 2 11 30 6 37 9.25
10 0 6 6 9 0 1 21 9 70 11.79
7 0 10 2 3 0 3 14 21 24 16 75 13.05
2 0 3 5 0 6 3 16 20 25 9 38 12.78
8 0 0 4 7 9 1 20 23 59 13.2
10 0 0 4 0 8 1 19 7 55 9.6
9 0 7 4 0 6 1 19 11 71 12.57
6 0 8 8 0 0 1 24 19 55 11.01
6 0 6 0 10 8 1 30 19 56 11.55
3 1 0 0 0 0 1 28 20 51 11.89
3 1 0 0 0 0 2 23 27 31 79 7.74
10 0 2 0 5 7 1 23 23 80 10.26
7 1 0 0 0 0 1 26 16 72 11.64
10 0 9 0 6 4 1 29 34 90 12.52
9 0 0 0 2 7 1 27 25 63 9.25
9 0 4 8 7 9 1 27 11 63 12.39
7 1 0 0 0 0 1 29 23 56 9.84
8 0 5 10 9 1 1 28 34 76 14.75
2 0 0 3 0 8 1 31 42 81 10.16
7 0 1 7 0 6 1 31 44 98 10.69
5 0 9 1 4 2 1 31 25 67 14.68
1 0 0 0 0 0 0 51 91 8.82
1 0 0 0 0 0 3 33 34 35 0 31 11.86
5 0 2 4 7 9 3 36 38 46 1 44 10.51
4 0 3 1 7 2 3 52 54 56 1 36 12.44
6 0 1 3 10 2 3 37 44 49 1 37 9.38
1 0 2 7 7 3 3 40 42 49 6 56 10.31
4 0 5 8 1 5 3 39 42 45 7 45 11.65
4 0 9 1 9 7 3 41 47 54 6 41 13.95
8 0 2 9 7 3 3 40 48 53 11 57 9.11
9 0 8 3 1 3 3 47 50 60 19 61 14.49
5 0 10 5 1 2 3 43 49 53 10 49 8.3
4 0 6 10 9 5 3 47 48 53 11 45 8.67
3 0 6 7 2 5 3 44 45 56 15 69 13.92
4 0 6 5 10 6 2 50 58 18 48 10.39
2 0 8 2 9 1 2 50 55 18 50 8.94
1 0 9 7 9 1 3 51 58 61 6 60 12.22
10 1 0 0 0 0 1 51 28 85 9.59
5 0 5 5 1 9 3 54 55 59 19 70 9.12
9 0 5 3 2 2 2 52 55 15 77 10.61
7 0 5 8 4 4 2 51 61 28 68 14.37
10 0 3 5 10 5 2 52 59 38 77 8.53
1 0 7 3 7 7 1 62 48 81 11.0
4 0 2 3 2 5 2 56 57 19 55 8.75
9 1 0 0 0 0 1 57 24 62 10.59
8 1 0 0 0 0 3 57 58 60 24 58 14.99
8 1 0 0 0 0 2 59 60 23 82 7.94
10 0 4 3 1 1 1 61 33 71 9.95
10 0 2 6 8 9 1 62 32 75 10.89
1 0 4 4 7 7 1 62 48 79 9.17
6 0 3 10 3 10 1 63 32 80 13.29
1 0 6 2 9 8 1 63 43 81 11.77
10 0 8 8 2 3 1 63 49 89 11.99
1 0 0 0 0 0 0 59 103 14.51
1 0 0 0 0 0 3 65 66 67 0 33 9.79
1 0 1 5 1 5 3 68 75 76 1 49 9.74
8 0 7 4 9 9 3 70 79 81 1 45 11.64
10 0 1 1 9 6 3 69 73 80 1 52 15.17
3 0 8 3 10 5 3 71 77 80 2 42 9.41
2 0 3 6 5 5 3 70 79 83 11 62 7.8
8 1 0 0 0 0 3 72 87 92 13 56 12.35
7 0 10 6 9 9 3 74 79 82 5 49 8.81
1 1 0 0 0 0 1 77 21 58 9.01
8 0 10 10 10 1 2 75 85 11 51 13.14
4 0 4 7 4 2 3 78 83 92 12 70 10.19
10 0 1 8 8 7 3 78 81 82 19 75 8.09
5 1 0 0 0 0 3 77 78 85 2 39 8.14
8 1 0 0 0 0 3 86 88 89 22 66 11.84
8 0 10 2 10 9 2 87 90 29 64 8.56
5 0 4 3 7 8 2 85 90 13 60 10.54
5 0 2 6 6 9 3 81 82 92 11 67 8.41
7 1 0 0 0 0 2 83 86 29 73 14.01
10 1 0 0 0 0 3 84 87 89 29 71 13.86
8 0 7 5 8 6 2 88 91 36 85 13.47
8 0 9 10 6 8 2 86 94 39 80 12.95
9 0 1 9 5 7 2 89 94 19 74 11.14
1 0 6 10 4 1 1 90 47 91 9.56
6 0 6 5 10 9 2 88 91 39 70 12.48
2 0 2 10 5 7 2 93 94 45 90 10.38
1 0 3 3 10 6 1 93 39 90 11.94
10 0 6 6 9 2 1 91 48 84 10.82
4 0 10 9 10 6 1 93 58 86 8.66
3 0 7 1 1 8 1 95 21 66 15.21
2 0 5 5 1 1 1 95 62 88 15.01
1 0 4 2 2 1 1 95 47 72 13.87
1 0 0 0 0 0 0 64 91 9.27
1 0 0 0 0 0 3 97 98 99 0 45 11.32
2 0 8 1 2 4 3 100 103 112 1 53 13.38
9 0 1 9 1 3 1 118 1 66 11.48
3 0 4 7 1 9 3 101 104 110 1 52 11.93
7 0 10 8 7 10 2 102 107 3 45 13.42
2 0 10 10 9 2 2 109 113 4 54 12.24
9 0 5 4 5 5 2 117 122 10 51 11.69
8 0 4 9 4 3 1 105 3 60 15.03
10 0 3 1 2 10 1 106 4 69 8.1
5 0 3 7 8 9 2 108 111 11 67 8.04
7 0 4 2 2 4 2 121 125 14 66 9.32
4 0 4 6 4 7 1 117 10 50 9.64
2 1 0 0 0 0 2 120 125 16 57 13.36
2 0 4 5 1 8 2 114 115 6 61 15.32
8 0 2 6 4 8 2 118 126 4 59 10.42
10 0 7 1 2 6 2 114 120 16 65 11.37
4 0 3 8 8 9 1 115 3 48 10.28
7 0 6 6 7 8 1 115 6 61 13.53
2 0 4 9 3 9 1 122 26 57 9.8
7 1 0 0 0 0 2 116 124 13 49 9.9
4 0 6 8 4 6 1 119 20 72 12.48
3 1 0 0 0 0 1 120 19 63 9.33
4 0 10 10 3 9 2 123 125 12 65 11.57
6 0 2 1 9 8 1 126 24 60 14.91
1 0 2 1 4 2 1 123 26 53 13.09
4 0 1 6 4 3 1 122 21 69 8.92
3 0 3 10 5 7 1 124 28 67 13.56
7 0 6 4 3 8 1 124 27 59 9.71
1 0 3 5 4 9 1 127 34 69 12.14
5 0 9 4 7 1 1 127 21 53 12.09
2 0 3 5 2 10 1 127 30 67 14.64
1 0 0 0 0 0 0 35 67 13.65
1 0 0 0 0 0 3 129 130 131 0 45 10.57
5 0 7 0 0 3 1 132 1 52 11.36
3 0 4 4 0 4 3 133 144 153 1 35 10.6
1 0 0 2 0 1 3 137 141 146 1 34 9.03
1 0 6 9 0 8 3 139 143 145 6 42 14.66
5 0 0 0 8 0 3 134 135 142 4 38 14.24
2 0 3 8 0 0 3 136 138 147 9 58 9.72
2 0 0 8 4 0 1 149 9 49 13.66
8 0 3 0 0 10 1 150 11 73 14.08
9 0 4 3 0 9 1 148 2 61 14.73
1 0 0 6 9 0 1 140 11 42 10.18
4 0 6 0 10 9 2 144 158 7 45 15.33
2 0 10 0 0 0 1 156 12 51 13.24
4 0 0 1 2 0 1 154 2 41 11.28
1 0 5 0 0 0 2 146 156 9 48 10.94
1 0 0 0 1 0 2 153 154 7 59 12.2
3 0 0 9 0 0 2 154 155 11 51 8.71
7 0 9 4 9 0 2 146 152 7 48 10.01
6 0 8 9 0 2 1 155 14 55 8.17
1 1 0 0 0 0 1 152 11 58 11.1
8 0 0 5 0 1 1 157 11 51 12.75
3 0 0 5 0 8 1 151 11 55 8.72
3 1 0 0 0 0 1 158 19 54 8.26
10 1 0 0 0 0 1 155 14 60 13.99
8 1 0 0 0 0 1 158 14 56 14.72
7 0 7 0 10 0 1 156 8 47 13.26
4 1 0 0 0 0 1 157 14 62 8.48
5 0 0 2 5 0 1 157 24 73 8.38
2 1 0 0 0 0 1 159 15 53 13.01
7 0 0 6 9 0 1 159 29 78 12.89
5 0 2 9 8 3 1 159 22 78 11.59
1 0 0 0 0 0 0 36 77 15.24
92.44 90.35 89.52 89.69 89.81 100.0 130.03 212.21 164.86 120.68 91.09 86.24 80.0 78.5 85.11 89.16 102.3 134.81 274.59 402.21 165.12 121.13 101.83 89.41 101.42 98.15 97.22 96.68 99.78 101.37 137.47 244.0 209.23 136.34 116.64 98.43 89.56 88.06 89.94 98.77 114.54 156.02 250.86 356.15 138.73 104.71 95.0 91.39 85.56 82.32 78.54 90.17 89.01 97.37 127.3 175.46 138.74 105.23 86.5 75.97 71.47 74.29 78.48 87.45 98.01 135.0 249.52 339.75 150.72 113.11 98.93 90.99 91.44 88.59 87.5 90.3 92.28 96.83 130.8 179.79 137.16 100.04 91.26 79.97 68.09 63.52 74.36 83.69 90.02 124.84 173.05 188.22 126.3 101.78 99.9 88.26 86.63 77.25 74.57 74.96 77.73 89.46 118.58 130.22 111.44 90.17 64.99 43.12 28.56 20.18 31.7 59.82 82.79 110.97 146.1 140.78 107.36 78.64 62.33 36.3 52.99 40.71 44.13 21.12 24.5 4.81 28.02 46.89 51.67 36.88 19.0 2.03 0.72 3.81 18.98 40.01 46.27 40.39 37.87 72.34 49.47 17.08 35.7 3.26 -0.79 1.27 -1.09 -1.17 -1.06 -0.99 -1.72 -0.31 15.04 16.23 16.02 10.44 15.94 6.66 1.62 6.57 8.03 64.94 100.81 185.0 136.63 65.0 65.0 65.0 53.01 86.57 63.27 42.37 20.73 25.66 105.0 120.0 110.01 120.0 101.53 90.62 89.43 83.92 93.3 92.2 94.16 110.0 127.96 158.37 126.94 120.19 119.33 105.89 100.68 94.18 90.38 90.07 93.83 97.29 134.49 228.56 284.54 208.59 152.29 131.35 112.92 108.5 107.75 115.64 124.61 152.46 204.46 217.86 146.41 123.24 107.42 97.48 93.45 88.44 87.56 87.2 90.27 98.29 116.8 154.23 165.96 134.62 117.18 104.18 91.34 90.11 91.41 100.62 118.7 148.89 179.14 198.98 140.0 112.81 108.86 98.07 97.38 92.95 93.66 91.76 94.02 102.79 126.61 144.82 149.94 133.23 110.81 98.32 94.14 89.59 88.91 97.61 99.46 109.39 116.52 114.63 106.55 96.17 88.08 77.77 86.49 84.36 79.52 78.04 78.04 78.01 93.58 111.82 121.99 107.93 93.33 82.88 77.77 77.75 80.96 91.5 96.87 111.41 107.47 109.56 105.76 97.8 93.51 91.53 92.96 88.84
