160 5
1 26 21 27 25
1 0 0 0 0 0 3 1 2 3 0 35 18.43
1 0 0 5 7 7 3 9 10 14 1 53 13.06
9 0 0 8 5 4 3 4 7 11 1 73 18.27
5 0 0 10 0 8 1 18 1 56 19.53
6 0 0 6 10 2 3 5 6 8 10 54 18.81
4 0 2 0 0 10 3 13 19 27 16 79 12.34
9 0 5 0 4 0 3 12 15 29 16 75 22.58
7 0 0 0 7 0 1 21 10 71 16.99
4 0 0 0 10 0 3 10 16 25 16 83 21.38
8 0 0 1 0 0 2 11 17 2 57 16.51
10 0 2 0 0 8 1 22 20 84 16.0
4 0 2 0 0 0 1 25 10 74 19.08
10 0 0 7 5 0 3 18 21 23 25 87 19.69
2 1 0 0 0 0 2 20 26 20 66 19.13
8 0 0 7 0 1 3 15 16 24 2 55 19.21
9 1 0 0 0 0 3 18 22 28 25 91 16.09
10 0 0 10 0 7 3 21 27 28 20 65 17.79
3 0 8 2 0 0 2 19 20 10 71 20.34
10 0 10 6 0 6 1 30 35 98 16.57
4 1 0 0 0 0 2 23 24 20 80 13.52
5 1 0 0 0 0 1 24 22 88 16.2
3 1 0 0 0 0 1 22 35 75 16.24
6 0 5 3 8 0 1 30 38 86 13.64
5 1 0 0 0 0 1 25 35 89 14.86
6 0 0 6 7 6 1 29 27 86 20.77
4 0 0 0 0 10 1 26 40 98 19.19
4 0 9 0 1 0 2 28 30 44 104 12.69
4 0 0 8 9 1 1 29 30 77 19.69
5 0 0 0 3 0 1 31 48 91 20.86
3 0 7 10 9 1 1 31 34 89 14.91
6 0 9 0 5 5 1 31 48 88 11.6
1 0 0 0 0 0 0 54 103 16.08
1 0 0 0 0 0 3 33 34 35 0 64 12.63
7 0 4 0 6 0 3 36 40 43 1 42 22.65
1 0 0 7 8 1 3 39 47 51 1 65 15.46
10 0 0 2 1 0 3 37 38 41 1 53 17.63
5 0 9 0 10 0 3 37 38 44 8 56 16.81
7 0 0 10 0 5 3 39 45 46 13 59 12.89
5 0 0 0 7 9 3 48 57 59 13 70 14.12
6 0 0 0 6 0 3 48 50 58 20 77 16.54
10 0 2 0 0 2 3 42 49 52 8 54 14.05
5 0 0 0 0 9 3 42 43 44 11 65 17.81
4 0 0 3 0 0 3 45 46 53 18 73 16.86
1 0 0 4 6 0 3 45 50 53 16 71 12.61
10 0 3 0 7 0 3 47 49 52 16 59 21.29
7 0 0 0 8 0 3 47 51 54 22 87 19.55
8 0 0 3 2 0 3 51 58 59 22 84 18.37
10 1 0 0 0 0 3 48 58 62 29 76 14.42
2 1 0 0 0 0 1 61 39 83 13.55
4 1 0 0 0 0 2 55 57 26 87 17.62
2 1 0 0 0 0 2 52 57 26 83 19.04
10 1 0 0 0 0 1 60 30 86 13.77
7 1 0 0 0 0 1 54 28 70 21.81
7 0 2 1 0 7 1 54 22 88 15.33
5 1 0 0 0 0 2 55 61 35 85 12.53
1 1 0 0 0 0 2 56 60 40 71 17.6
9 0 6 4 0 8 1 59 41 106 12.27
2 1 0 0 0 0 2 61 62 30 84 20.67
6 0 0 5 10 0 1 60 39 98 16.86
3 0 9 0 6 0 1 62 50 85 21.7
3 0 0 0 4 0 1 63 45 88 19.04
1 0 9 0 5 2 1 63 41 83 15.79
8 0 7 10 7 0 1 63 53 91 13.27
1 0 0 0 0 0 0 61 96 15.3
1 0 0 0 0 0 3 65 66 67 0 62 13.37
2 0 3 4 7 1 1 74 1 39 22.55
8 0 0 0 0 3 2 69 71 1 66 19.98
8 0 7 8 0 3 2 68 70 1 41 17.4
10 0 6 1 7 0 1 90 9 81 13.56
8 0 4 7 4 0 3 76 77 79 9 69 22.27
7 0 9 1 4 4 1 71 9 69 20.65
7 0 4 0 7 4 3 72 77 79 16 75 17.11
1 1 0 0 0 0 2 73 75 23 73 20.39
9 0 3 0 6 0 3 78 82 87 24 74 17.68
7 0 7 7 4 7 1 86 3 55 21.65
7 1 0 0 0 0 2 84 85 24 63 18.75
9 0 0 1 1 0 3 83 87 93 17 61 14.85
5 1 0 0 0 0 1 80 23 77 12.56
5 0 2 0 7 5 2 80 91 33 68 20.07
1 1 0 0 0 0 1 81 23 57 14.72
9 0 10 1 10 7 1 88 38 89 19.44
3 1 0 0 0 0 1 84 24 68 19.89
10 0 6 0 1 3 1 89 33 72 22.19
9 1 0 0 0 0 1 88 26 73 21.26
3 1 0 0 0 0 2 90 94 31 80 16.73
6 1 0 0 0 0 2 86 90 31 68 20.48
10 0 5 2 5 6 1 94 37 95 19.05
8 1 0 0 0 0 1 89 33 95 20.47
10 0 0 10 0 0 1 94 47 94 21.14
4 0 3 3 0 0 1 91 43 87 16.36
1 0 8 2 4 2 1 92 37 68 15.02
1 0 2 5 10 7 1 92 47 85 17.86
9 0 4 2 9 8 1 95 48 88 13.48
10 0 0 1 4 4 1 95 26 82 13.98
4 0 7 1 8 1 1 95 57 96 12.23
1 0 0 0 0 0 0 61 101 19.31
1 0 0 0 0 0 3 97 98 99 0 62 16.14
2 0 3 0 0 3 1 112 1 57 21.64
9 0 6 5 10 1 1 104 1 49 14.9
8 0 7 9 6 4 2 100 108 1 53 12.74
6 0 9 1 9 8 3 101 102 114 9 72 12.2
2 0 5 3 2 0 3 105 109 116 15 61 12.91
3 0 0 1 9 7 3 103 117 120 15 70 13.19
9 0 5 1 10 3 3 106 107 110 18 64 13.09
9 0 5 0 7 2 2 105 113 10 77 18.81
4 1 0 0 0 0 3 110 112 123 19 55 17.57
6 0 0 8 7 10 2 124 126 27 74 20.6
5 0 10 6 10 9 1 119 27 74 18.74
10 0 4 2 4 10 2 121 124 9 58 22.43
8 0 10 4 3 8 2 111 120 17 57 21.11
2 1 0 0 0 0 1 118 27 69 15.3
9 0 6 5 2 0 2 118 126 25 90 18.01
2 0 7 0 4 9 1 125 23 57 14.28
3 0 4 0 0 9 3 115 116 120 19 81 14.44
1 0 5 0 9 2 2 116 117 15 71 14.09
2 0 9 0 0 5 3 117 119 121 22 80 14.3
10 1 0 0 0 0 2 118 121 22 84 12.93
7 0 0 4 3 0 2 122 123 24 65 13.94
7 0 6 1 2 0 1 119 34 94 18.29
9 0 6 0 0 0 1 122 41 103 22.37
6 0 10 0 0 0 2 123 125 25 74 16.55
6 0 7 4 0 8 2 122 126 32 92 12.16
2 0 3 0 1 0 1 125 50 84 12.75
1 0 0 7 10 5 1 124 31 63 11.7
7 0 1 0 0 6 1 127 33 70 15.74
5 0 9 7 10 8 1 127 52 96 17.84
2 0 9 7 9 8 1 127 38 91 19.74
1 0 0 0 0 0 0 57 86 21.13
1 0 0 0 0 0 3 129 130 131 0 59 20.34
2 0 1 0 0 0 3 132 137 138 1 52 17.44
3 0 0 4 0 0 3 134 136 138 1 61 13.74
10 0 0 0 0 8 3 133 135 137 1 67 21.15
5 0 0 0 0 1 3 133 134 143 3 57 18.65
8 0 0 0 0 6 1 156 11 53 12.96
2 0 5 0 0 0 2 140 141 8 71 14.78
3 0 3 0 0 0 3 139 142 146 11 78 22.49
7 0 0 0 0 8 3 142 147 152 4 50 18.88
3 0 0 0 8 0 3 140 151 157 11 59 14.18
4 0 8 0 0 0 1 147 4 53 15.79
10 0 0 0 0 5 3 140 149 152 14 85 16.58
9 0 7 0 0 0 2 144 158 24 66 17.76
3 0 10 0 0 0 2 144 145 10 54 21.98
7 1 0 0 0 0 1 157 14 75 18.75
2 0 0 0 3 0 2 147 149 8 43 22.01
1 0 0 0 0 4 1 150 33 91 16.5
7 1 0 0 0 0 1 154 13 64 13.2
8 0 7 0 0 0 1 149 14 83 21.19
9 1 0 0 0 0 2 148 150 11 54 17.75
2 0 0 5 0 0 1 153 20 58 15.09
2 1 0 0 0 0 3 150 153 155 24 83 17.54
2 0 0 0 0 5 1 156 34 87 16.83
9 0 0 6 0 0 2 156 158 14 54 19.31
6 0 0 8 0 0 2 154 155 24 67 17.83
9 0 0 0 9 0 1 154 26 88 19.96
7 0 0 0 1 0 1 157 35 72 18.14
9 0 0 0 0 7 1 158 30 85 13.98
1 0 0 7 0 0 1 159 36 69 17.38
3 0 0 3 0 0 1 159 42 86 14.5
3 0 6 0 0 0 1 159 39 82 17.72
1 0 0 0 0 0 0 45 104 13.34
81.86 80.19 79.95 79.54 82.9 85.97 109.02 117.93 121.79 135.48 120.0 106.54 93.35 115.0 118.12 132.8 147.81 123.5 120.17 115.18 111.77 97.78 94.55 92.81 101.9 101.09 99.99 100.55 99.99 96.07 113.68 124.87 130.33 130.39 129.35 113.86 106.68 119.76 135.95 145.29 151.1 151.48 134.97 132.38 128.92 119.62 116.64 104.1 96.18 94.03 91.48 91.38 94.28 98.81 119.69 134.91 140.0 131.89 126.81 122.19 125.23 129.61 132.76 135.91 138.31 138.66 136.56 122.18 114.71 108.46 106.8 94.91 87.89 102.66 83.46 81.46 82.0 87.63 101.95 123.73 129.68 129.24 125.0 99.46 98.2 103.82 118.8 121.29 138.01 120.07 116.83 103.98 86.03 84.36 83.67 70.18 71.81 80.26 82.53 83.21 83.82 87.39 101.38 100.22 108.41 115.0 110.89 109.58 97.31 103.13 101.83 106.3 109.9 119.1 117.21 113.97 115.0 106.45 105.26 91.61 91.28 86.84 87.09 88.18 89.35 90.81 97.39 105.37 114.44 116.1 114.11 112.75 112.1 117.45 122.27 125.12 128.85 125.42 123.12 116.57 109.6 105.16 102.52 92.89 97.36 91.06 88.75 87.77 87.42 88.68 90.67 95.49 103.75 109.12 107.57 106.72 105.16 105.49 109.19 109.36 110.13 112.16 107.66 107.06 104.01 101.9 94.08 82.94 81.22 79.54 78.54 76.01 79.32 85.18 93.99 109.36 113.03 113.18 107.92 103.68 101.79 113.23 114.87 116.89 125.33 116.38 115.15 116.17 109.66 94.0 97.98 87.38 78.08 70.96 80.01 82.93 75.19 78.08 86.36 91.9 99.51 114.99 114.99 117.87 114.99 116.55 114.99 109.99 107.14 102.05 109.11 107.0 95.88 85.96 84.59 76.09 73.65 68.73 69.6 66.65 63.53 68.12 67.26 76.55 87.79 93.89 94.71 89.99 89.99 94.99 99.99 114.31 128.09 120.03 90.95 79.19 79.0 82.9 79.15 66.61 69.53 62.65 60.78 64.33 62.15 70.85 68.28 67.26 72.22 73.18 67.75 68.55 65.56 59.85 78.38 97.09 101.18 103.99 111.08 114.99 119.61 113.19 102.33 94.99 97.1 91.05 85.84 83.15 82.75 83.28 85.11 93.96 99.12 96.86 89.25 84.99 82.31 83.2 93.27 110.24 117.95 121.47 117.63 116.9 114.48 112.27 108.77 99.65 96.85 91.86 84.85 83.14 84.52 83.67 88.73 100.53 102.91 94.03 80.13 75.56 74.64 82.0 97.74 114.99 129.99 124.47 119.34 119.99 111.99 96.19 104.5 95.81 99.55 90.56 88.87 86.31 85.32 88.09 89.67 98.03 98.06 93.74 88.59 80.45 80.05 80.19 87.0 101.55 111.59 114.28 114.99 109.99 105.01 99.03 98.28 92.51
