160 5
1 33 52 35 59
1 0 0 0 0 0 3 1 2 3 0 42 17.99
7 0 3 9 6 5 3 6 7 11 1 38 10.96
9 0 10 5 8 10 2 4 11 1 40 19.9
7 0 5 5 9 2 1 5 1 46 16.98
4 0 5 4 8 8 1 29 10 61 10.56
9 0 9 8 10 4 3 8 13 15 8 57 15.29
7 0 1 9 5 5 1 28 8 49 19.74
5 0 6 8 6 8 3 12 22 24 8 51 10.84
7 0 8 5 7 2 3 9 10 17 17 67 13.56
5 1 0 0 0 0 1 19 24 63 16.92
4 1 0 0 0 0 3 21 26 27 24 62 19.04
9 0 7 9 7 4 1 13 10 47 13.02
3 0 10 2 5 3 3 14 18 20 13 49 13.93
2 0 6 2 4 9 1 16 19 50 11.19
5 1 0 0 0 0 1 28 16 57 19.23
8 1 0 0 0 0 1 16 17 52 17.92
2 0 6 5 2 3 1 23 25 50 19.53
9 0 7 8 6 1 1 26 24 65 18.82
1 1 0 0 0 0 1 19 16 52 10.61
10 0 9 6 5 3 1 21 29 79 11.26
5 1 0 0 0 0 1 25 16 52 10.85
2 0 8 1 2 2 2 23 25 39 68 12.02
2 0 3 4 9 10 1 27 13 45 11.34
10 0 6 3 4 3 1 29 41 90 16.15
8 0 9 4 8 8 2 25 30 13 61 17.68
1 0 7 2 9 5 1 28 41 69 18.26
9 0 4 1 4 2 1 30 33 78 16.57
4 0 10 5 7 6 1 30 28 71 11.39
8 0 10 4 5 7 1 31 42 80 12.89
4 0 1 3 1 5 1 31 51 93 10.64
1 0 4 2 3 8 1 31 42 75 17.47
1 0 0 0 0 0 0 55 81 13.45
1 0 0 0 0 0 3 33 34 35 0 38 11.22
6 0 5 3 4 7 1 60 1 44 10.54
2 0 1 2 10 5 3 36 37 38 1 35 12.41
9 0 3 4 7 7 3 45 51 52 1 38 17.62
8 0 2 8 3 10 3 42 56 62 3 41 13.66
1 0 10 5 1 7 3 47 49 50 3 39 16.21
4 0 9 1 1 7 3 39 40 43 3 34 10.82
2 1 0 0 0 0 1 51 7 49 17.01
1 0 1 4 6 2 1 41 7 42 14.89
3 0 10 2 7 5 2 46 53 8 37 15.87
2 0 1 2 2 8 2 44 57 11 38 13.91
6 0 9 1 2 9 1 49 7 39 13.96
5 0 7 10 4 4 1 46 13 50 11.93
3 0 2 3 3 4 1 53 10 43 10.27
1 1 0 0 0 0 1 48 18 61 16.43
7 0 2 1 9 4 1 55 4 56 13.82
2 1 0 0 0 0 1 55 19 48 10.62
10 0 4 5 3 3 2 52 54 13 59 16.46
3 0 8 8 3 10 1 51 4 48 16.96
8 0 3 9 2 3 1 62 10 49 10.44
6 1 0 0 0 0 1 62 23 64 10.36
6 1 0 0 0 0 1 54 13 44 18.17
9 0 7 10 2 9 2 56 60 23 58 18.36
9 0 6 10 7 10 2 59 61 21 54 13.68
1 0 8 3 7 1 1 57 32 72 11.49
7 0 10 9 7 6 1 58 33 66 17.92
2 0 7 4 5 5 1 61 40 65 13.58
5 0 4 9 7 2 1 60 30 60 10.3
9 0 4 5 8 10 1 63 35 73 17.22
2 0 7 5 1 2 1 63 42 68 18.53
2 0 5 1 5 4 1 63 29 60 14.99
1 0 0 0 0 0 0 44 65 19.59
1 0 0 0 0 0 3 65 66 67 0 37 12.66
5 0 0 0 6 3 3 71 75 84 1 38 13.44
4 0 0 0 2 8 3 68 69 76 1 32 10.38
9 0 10 6 9 10 3 69 76 88 1 51 17.23
10 0 0 10 0 5 3 70 71 78 5 46 13.3
5 0 6 5 3 10 3 72 74 78 10 57 11.28
8 0 2 1 0 2 3 72 75 82 15 46 11.55
4 0 9 0 4 10 3 79 82 83 15 64 15.11
5 0 0 0 8 1 2 73 85 23 65 14.95
8 0 9 4 5 10 3 86 87 90 28 61 18.06
7 0 8 0 5 3 3 80 81 83 15 63 19.54
10 0 1 9 3 0 2 87 88 23 74 11.19
6 0 5 10 4 3 3 77 81 83 10 44 10.05
9 1 0 0 0 0 3 80 84 89 16 63 16.46
6 0 0 2 3 0 3 81 82 84 15 60 16.04
4 1 0 0 0 0 2 88 92 19 47 17.97
8 0 3 9 5 0 2 85 86 25 75 16.14
5 1 0 0 0 0 1 89 22 60 12.89
10 1 0 0 0 0 1 90 23 66 11.21
1 1 0 0 0 0 3 85 86 89 22 67 16.22
3 1 0 0 0 0 2 91 93 25 63 15.08
4 0 1 10 8 7 2 87 90 33 62 19.77
3 0 8 0 7 10 2 92 94 36 79 14.35
6 0 6 0 1 0 1 93 37 66 13.58
9 0 10 4 0 3 1 94 33 68 17.32
1 1 0 0 0 0 2 91 92 27 55 15.56
6 0 0 6 3 10 2 91 93 37 84 18.97
10 0 7 2 5 6 1 94 43 80 19.75
6 0 0 0 0 1 1 95 39 66 11.93
5 0 3 10 6 5 1 95 43 71 16.8
4 0 0 4 4 5 1 95 53 92 18.97
1 0 0 0 0 0 0 57 86 15.95
1 0 0 0 0 0 3 97 98 99 0 47 10.27
2 0 8 1 2 4 3 100 103 112 1 33 17.89
9 0 1 9 1 3 1 118 1 41 12.26
3 0 4 7 1 9 3 101 104 110 1 28 12.74
7 0 10 8 7 10 2 102 107 3 43 11.13
2 0 10 10 9 2 2 109 113 4 31 17.45
9 0 5 4 5 5 2 117 122 10 63 10.12
8 0 4 9 4 3 1 105 3 36 13.02
10 0 3 1 2 10 1 106 4 59 18.14
5 0 3 7 8 9 2 108 111 11 39 13.68
7 0 4 2 2 4 2 121 125 14 58 14.79
4 0 4 6 4 7 1 117 10 41 17.79
2 1 0 0 0 0 2 120 125 16 63 17.85
2 0 4 5 1 8 2 114 115 6 44 14.62
8 0 2 6 4 8 2 118 126 4 48 10.6
10 0 7 1 2 6 2 114 120 16 67 14.75
4 0 3 8 8 9 1 115 3 49 14.15
7 0 6 6 7 8 1 115 6 45 13.42
2 0 4 9 3 9 1 122 26 51 10.7
7 1 0 0 0 0 2 116 124 13 53 11.23
4 0 6 8 4 6 1 119 20 50 11.88
3 1 0 0 0 0 1 120 19 50 19.52
4 0 10 10 3 9 2 123 125 12 42 16.33
6 0 2 1 9 8 1 126 24 74 10.21
1 0 2 1 4 2 1 123 26 62 10.79
4 0 1 6 4 3 1 122 21 58 14.75
3 0 3 10 5 7 1 124 28 60 15.38
7 0 6 4 3 8 1 124 27 66 18.83
1 0 3 5 4 9 1 127 34 78 13.33
5 0 9 4 7 1 1 127 21 62 15.76
2 0 3 5 2 10 1 127 30 57 14.44
1 0 0 0 0 0 0 35 74 16.26
1 0 0 0 0 0 3 129 130 131 0 41 13.73
8 0 10 3 4 9 3 135 144 147 1 45 17.77
3 0 2 8 9 1 3 134 140 142 1 36 10.12
5 0 10 9 7 3 3 132 139 155 1 31 13.76
4 0 5 10 9 3 3 133 142 150 6 41 16.14
7 0 8 10 5 9 1 136 10 50 17.89
10 0 8 8 10 7 2 146 155 4 50 19.85
2 0 10 7 9 7 3 138 143 157 9 57 19.01
3 0 3 6 2 2 2 137 140 17 60 12.29
1 1 0 0 0 0 2 138 141 20 51 10.49
4 1 0 0 0 0 2 145 149 21 54 13.91
8 0 6 2 8 10 2 142 153 6 37 13.45
3 1 0 0 0 0 1 148 20 54 15.63
7 1 0 0 0 0 2 148 149 21 55 10.49
6 0 2 2 6 6 2 152 154 14 64 11.38
7 0 6 6 6 10 1 146 11 45 10.72
10 0 1 5 3 2 3 146 154 155 9 59 13.73
5 0 4 5 2 4 1 152 25 74 17.19
4 1 0 0 0 0 3 150 152 153 19 48 18.66
6 1 0 0 0 0 2 149 150 9 40 13.85
1 0 8 6 5 1 1 151 28 59 13.74
8 0 1 10 8 8 1 156 28 59 16.73
10 0 10 10 10 5 2 156 158 23 56 10.61
7 0 2 6 6 2 2 153 154 29 59 19.31
10 0 9 6 7 2 1 158 30 74 17.02
3 0 3 8 9 9 2 156 158 36 80 18.11
9 0 6 1 3 8 1 157 36 83 12.93
1 0 5 9 4 9 1 157 19 44 14.15
10 0 8 8 6 5 1 159 39 80 10.21
8 0 2 8 5 5 1 159 45 91 15.28
1 0 6 6 5 8 1 159 40 62 11.14
1 0 0 0 0 0 0 53 83 19.51
84.95 81.26 77.32 76.98 77.79 91.71 119.98 129.86 128.51 106.34 88.11 69.61 70.41 65.06 70.42 76.05 88.42 122.95 143.06 216.38 144.51 114.24 100.24 92.77 86.64 86.71 86.15 86.08 88.7 101.47 126.62 172.36 159.13 119.37 89.84 88.92 80.86 77.82 77.56 88.6 102.65 127.01 157.33 216.73 125.53 101.58 96.92 91.98 75.64 70.05 69.46 70.17 58.67 71.28 110.41 130.2 119.5 92.86 62.28 41.17 27.1 28.68 28.21 65.69 76.26 91.19 113.08 119.62 108.42 88.11 81.54 63.78 73.22 70.16 67.15 66.86 70.34 79.6 110.1 120.11 124.72 99.11 85.73 136.26 114.15 65.81 50.98 78.75 84.24 106.5 116.52 136.61 123.61 101.82 89.58 81.09 78.48 75.08 73.18 73.2 75.12 82.3 105.52 119.97 124.63 114.16 105.0 99.9 98.86 83.35 83.78 82.88 99.34 110.88 124.17 132.96 119.61 106.21 96.9 89.9 85.01 83.76 83.3 83.19 86.07 90.0 90.5 104.69 109.63 97.26 89.58 79.73 64.26 36.66 49.45 79.79 95.03 112.74 133.07 147.26 120.0 109.15 104.98 94.47 98.57 96.34 94.41 91.61 95.03 97.06 99.7 105.16 98.24 92.93 83.52 37.73 17.11 8.53 13.0 63.03 83.45 99.01 125.43 127.81 118.45 107.4 97.34 96.71 92.44 90.35 89.52 89.69 89.81 100.0 130.03 212.21 164.86 120.68 91.09 86.24 80.0 78.5 85.11 89.16 102.3 134.81 274.59 402.21 165.12 121.13 101.83 89.41 101.42 98.15 97.22 96.68 99.78 101.37 137.47 244.0 209.23 136.34 116.64 98.43 89.56 88.06 89.94 98.77 114.54 156.02 250.86 356.15 138.73 104.71 95.0 91.39 85.56 82.32 78.54 90.17 89.01 97.37 127.3 175.46 138.74 105.23 86.5 75.97 71.47 74.29 78.48 87.45 98.01 135.0 249.52 339.75 150.72 113.11 98.93 90.99 91.44 88.59 87.5 90.3 92.28 96.83 130.8 179.79 137.16 100.04
