192 5
1 34 28 29 33
1 0 0 0 0 0 3 1 2 3 0 39 5.5
7 0 2 2 6 2 1 14 1 43 8.03
3 0 10 2 5 9 3 5 7 9 1 49 5.03
5 0 3 4 4 8 1 4 1 36 7.25
4 0 10 5 7 7 2 6 24 6 61 6.12
3 0 5 5 8 8 3 8 12 18 4 35 5.18
4 0 2 1 8 9 1 10 10 58 6.29
1 0 6 3 6 10 2 13 22 4 53 7.19
2 0 10 10 10 6 2 11 30 7 36 4.91
4 0 6 5 6 8 3 15 19 25 4 58 5.31
7 0 6 8 10 1 1 26 14 54 7.43
1 0 9 7 1 5 2 16 21 9 61 7.88
5 0 1 4 2 3 1 15 7 43 7.92
7 0 9 9 6 10 2 17 19 5 40 5.34
3 0 8 5 1 2 3 20 22 28 8 40 4.32
4 1 0 0 0 0 2 21 27 12 59 7.25
9 1 0 0 0 0 1 24 10 69 5.18
5 1 0 0 0 0 2 23 29 12 58 4.81
6 0 4 7 3 8 1 20 7 46 7.14
5 0 2 1 7 9 1 21 12 49 7.53
10 0 3 4 1 6 1 29 13 70 7.72
6 0 8 6 3 7 1 24 17 60 6.6
7 0 3 1 5 8 1 29 11 49 4.92
5 0 5 9 1 2 1 27 17 49 5.52
3 0 8 3 1 5 1 28 23 54 8.05
1 1 0 0 0 0 1 30 8 41 6.3
6 0 3 4 3 10 1 27 21 59 7.63
3 0 10 7 3 4 1 28 27 76 8.42
5 0 6 10 1 10 1 31 30 70 6.22
6 0 1 8 5 9 1 31 23 76 5.13
6 0 5 8 6 3 1 31 9 61 5.36
1 0 0 0 0 0 0 35 81 8.02
1 0 0 0 0 0 3 33 34 35 0 52 7.79
2 0 10 6 4 0 3 40 42 43 1 43 5.11
2 0 1 2 7 0 3 38 41 61 1 45 5.46
8 0 3 6 2 1 3 36 41 54 1 42 5.8
1 0 9 8 5 5 3 37 53 55 9 56 6.19
6 0 3 0 0 7 2 52 60 10 47 4.42
10 0 0 2 0 1 3 39 51 56 3 54 8.44
5 0 0 0 4 2 2 40 45 13 52 6.86
1 0 8 8 0 6 2 54 59 18 55 7.39
3 0 5 0 0 0 3 44 47 48 9 62 8.23
4 0 9 1 10 8 3 53 56 58 3 43 7.1
10 0 10 4 4 6 3 50 52 61 3 46 7.22
8 0 0 3 1 2 3 46 49 62 12 54 4.4
1 0 2 1 1 0 2 48 62 18 60 6.69
8 0 3 9 0 2 2 53 55 20 67 7.13
6 0 6 5 9 3 2 50 58 12 45 7.48
1 1 0 0 0 0 1 49 19 57 5.03
8 0 2 8 8 9 1 58 20 74 5.41
7 1 0 0 0 0 2 55 56 18 62 7.61
5 0 4 6 0 2 1 52 13 58 7.6
1 1 0 0 0 0 1 62 18 62 7.53
3 0 5 10 0 9 1 57 28 77 4.74
5 1 0 0 0 0 1 60 19 70 4.78
4 0 3 10 9 0 1 57 28 70 6.49
3 0 3 8 9 2 1 57 25 71 4.35
4 0 0 10 5 6 1 59 32 67 5.68
4 0 0 0 3 5 1 59 28 77 5.36
2 0 1 6 3 4 1 60 36 85 7.38
3 0 0 1 0 4 1 63 38 70 7.99
4 0 7 6 3 1 1 63 13 48 4.37
6 1 0 0 0 0 1 63 20 62 6.57
1 0 0 0 0 0 0 41 83 8.14
1 0 0 0 0 0 3 65 66 67 0 31 5.6
7 0 1 0 0 0 3 73 76 87 1 35 4.44
4 0 7 0 0 0 3 70 71 78 1 55 7.52
7 0 10 0 0 0 3 68 71 93 1 60 5.09
3 0 0 0 3 0 3 69 74 76 8 37 8.39
4 0 0 0 7 0 3 70 72 78 11 60 4.89
3 0 0 0 8 0 3 73 79 87 15 67 5.53
9 0 0 0 0 8 3 80 84 85 8 50 5.26
2 0 0 0 0 7 3 79 83 89 15 42 4.97
8 0 3 0 0 0 3 75 77 81 18 76 4.69
10 0 0 0 4 0 2 92 94 11 70 4.66
2 1 0 0 0 0 3 80 82 83 26 52 5.95
9 0 0 0 0 1 3 77 78 79 11 70 4.59
6 1 0 0 0 0 3 82 83 85 26 60 5.44
1 0 0 0 0 2 3 81 85 88 20 70 8.2
6 0 0 0 6 0 2 81 82 20 69 5.02
5 1 0 0 0 0 2 86 89 28 66 5.68
7 0 0 0 0 5 2 91 94 26 62 5.32
10 0 1 0 0 0 2 84 88 32 65 7.24
2 0 8 0 0 0 3 84 86 90 32 69 5.16
9 0 0 0 0 10 1 91 42 74 5.23
8 1 0 0 0 0 2 86 89 32 73 6.43
2 1 0 0 0 0 1 92 40 72 5.92
3 0 0 0 0 7 1 88 18 48 7.72
1 1 0 0 0 0 1 90 42 69 4.4
6 0 3 0 0 0 1 90 40 70 4.42
6 0 0 7 0 0 2 91 94 46 93 4.67
4 0 0 0 0 7 1 92 52 81 7.3
8 0 0 5 0 0 1 95 56 92 5.36
4 0 9 0 0 0 1 95 8 49 8.21
2 0 0 0 9 0 1 95 52 97 8.51
1 0 0 0 0 0 0 64 104 7.77
1 0 0 0 0 0 3 97 98 99 0 31 6.29
9 0 5 5 0 9 3 102 104 110 1 54 7.57
8 0 1 8 0 0 3 101 112 124 1 36 6.9
3 0 3 8 0 0 3 100 103 107 1 42 7.85
1 0 0 0 1 7 1 109 4 52 8.04
1 0 3 0 3 0 2 108 114 9 40 7.88
10 0 7 8 0 3 2 109 125 10 62 8.29
7 0 0 0 7 5 3 105 106 121 4 46 4.85
4 0 9 8 0 9 3 116 120 121 10 42 8.43
5 0 7 0 0 7 2 108 117 11 45 5.7
4 0 1 0 0 0 2 114 124 11 51 5.64
7 0 10 0 0 3 1 111 4 55 4.93
6 1 0 0 0 0 2 122 123 16 67 8.56
1 0 1 7 10 0 1 118 20 53 4.49
6 0 0 0 0 6 3 113 114 120 10 49 6.95
2 0 0 5 0 5 3 115 121 122 11 46 5.65
4 0 8 0 0 3 2 117 125 9 65 5.96
9 1 0 0 0 0 2 116 118 16 51 8.13
5 1 0 0 0 0 2 117 122 16 49 8.33
5 0 0 0 1 8 3 116 118 120 13 59 7.29
5 0 0 0 9 5 1 119 25 76 8.02
9 0 3 0 8 0 1 126 21 61 6.37
7 0 3 1 0 0 1 119 25 74 7.0
3 0 0 0 7 5 1 124 32 61 5.81
9 0 2 0 0 0 2 123 126 18 56 7.49
6 0 0 0 6 0 1 123 14 54 7.73
3 1 0 0 0 0 1 126 22 60 8.24
2 0 1 0 9 3 1 125 27 78 5.98
1 0 10 0 1 2 1 127 35 68 5.29
7 0 8 0 0 0 1 127 29 73 8.36
9 0 5 0 6 0 1 127 30 65 6.7
1 0 0 0 0 0 0 39 65 5.07
1 0 0 0 0 0 3 129 130 131 0 33 7.27
1 0 8 0 1 0 3 133 139 140 1 41 8.36
6 0 9 6 1 9 3 139 143 153 1 40 6.07
7 0 7 0 1 5 3 132 135 136 1 59 4.77
9 0 0 0 1 0 3 134 143 147 8 56 6.61
1 0 1 0 4 0 3 138 145 150 2 47 6.32
8 0 9 0 0 0 3 141 150 151 17 55 4.67
10 0 8 0 0 0 2 137 149 8 62 4.58
3 0 0 0 9 0 3 138 142 152 8 58 6.95
8 0 0 10 0 4 3 138 147 151 18 60 7.81
6 0 0 9 0 4 2 144 156 26 76 6.12
9 0 3 9 0 3 2 142 146 7 54 4.83
9 0 0 2 1 0 3 144 147 150 2 56 5.55
10 1 0 0 0 0 3 145 149 152 25 60 4.83
9 0 0 7 3 0 3 148 149 151 16 57 8.57
7 0 0 0 5 0 3 144 145 154 17 54 5.62
6 0 0 0 9 0 2 146 158 32 75 6.21
1 1 0 0 0 0 2 146 148 35 76 7.83
3 0 0 9 0 5 1 157 38 67 4.83
3 1 0 0 0 0 3 148 153 158 26 54 5.53
2 1 0 0 0 0 1 155 36 67 6.45
8 0 0 0 10 0 2 154 155 35 75 4.91
5 1 0 0 0 0 1 152 25 78 5.46
1 1 0 0 0 0 3 154 155 157 26 66 5.45
10 0 0 1 0 0 2 153 157 35 73 7.66
3 0 1 0 5 0 1 156 45 71 7.91
1 0 8 4 9 8 1 158 43 76 7.72
6 0 0 0 6 0 1 156 43 81 8.58
8 0 9 6 6 0 1 159 49 99 7.77
5 0 1 5 8 0 1 159 45 78 7.6
6 0 0 7 0 0 1 159 44 86 5.09
1 0 0 0 0 0 0 57 81 6.59
1 0 0 0 0 0 3 161 162 163 0 41 5.94
5 0 0 0 5 0 3 166 179 186 1 39 6.16
6 0 0 10 0 0 2 164 169 1 43 7.16
2 0 0 0 0 2 3 165 167 168 1 38 5.04
8 0 0 0 0 5 1 171 7 65 4.4
2 0 8 0 0 0 2 187 188 3 33 6.91
4 0 0 0 4 0 3 174 175 184 6 44 5.16
9 0 1 0 0 0 2 170 183 3 51 8.46
1 0 0 0 0 10 1 185 3 44 5.81
1 0 0 6 0 0 3 172 173 176 7 53 6.66
6 1 0 0 0 0 1 186 12 58 8.22
7 1 0 0 0 0 1 175 15 47 8.31
3 0 0 0 0 9 1 190 8 55 6.53
8 0 0 0 9 0 2 177 178 8 61 6.97
7 0 7 0 0 0 1 181 10 46 8.45
5 0 0 5 0 0 1 189 22 66 7.79
9 0 0 0 0 1 2 185 186 8 44 5.3
3 1 0 0 0 0 1 184 16 63 5.34
4 0 0 0 0 4 1 180 16 64 5.67
2 0 0 2 0 0 1 183 6 53 6.92
4 1 0 0 0 0 2 181 182 20 65 7.82
10 0 0 0 3 0 1 189 24 65 8.34
5 0 0 0 0 7 1 184 24 75 6.6
4 0 0 0 0 3 1 185 12 63 8.3
2 0 0 3 0 0 1 190 29 76 5.78
8 0 3 0 0 0 1 189 17 52 7.68
5 0 6 0 0 0 2 187 188 18 65 5.97
8 0 0 0 0 9 1 190 23 65 5.68
9 0 0 6 0 0 1 191 23 69 7.55
1 0 0 6 0 0 1 191 34 59 5.2
1 0 0 0 0 3 1 191 31 56 5.33
1 0 0 0 0 0 0 35 63 4.41
86.34 80.16 74.08 73.81 83.09 90.84 116.06 128.76 123.45 101.53 90.34 86.37 85.01 88.04 92.41 94.1 104.92 113.59 90.44 87.21 86.79 72.56 64.49 57.21 23.51 68.08 71.0 68.45 31.47 59.42 94.45 110.34 109.02 84.11 72.1 64.3 61.98 76.85 90.08 120.43 148.24 149.62 102.69 112.21 112.51 93.16 90.57 80.16 73.33 72.09 74.63 73.77 77.27 87.2 109.3 112.02 109.42 93.57 82.45 77.56 76.6 85.3 100.25 119.47 129.47 138.88 116.78 102.38 96.06 90.98 80.63 81.97 96.26 93.73 94.32 93.75 95.3 93.73 113.63 125.0 118.45 94.61 86.35 84.67 84.73 88.01 100.36 124.88 132.04 139.58 127.88 117.47 109.96 97.55 95.31 89.12 91.23 90.2 91.15 91.62 92.61 95.29 106.92 127.4 126.75 109.28 94.8 91.11 90.06 93.66 103.2 129.48 162.81 180.69 143.5 127.94 115.99 104.5 97.8 91.6 96.4 97.37 95.01 95.52 96.93 95.46 95.84 104.56 106.98 104.52 102.34 96.81 95.03 95.8 102.86 120.18 126.42 137.03 136.12 131.43 124.16 114.51 107.18 97.57 97.2 95.56 93.98 92.33 92.88 92.81 90.83 90.53 99.2 99.02 98.67 99.09 99.57 100.38 102.04 106.86 120.23 129.59 128.25 125.21 117.22 105.66 100.48 92.81 89.95 88.43 89.7 89.26 88.94 94.95 119.33 146.14 159.38 145.3 132.48 120.88 110.86 120.58 137.43 153.89 165.89 157.81 144.49 129.01 123.13 105.74 102.95 93.79 87.51 85.51 82.05 82.54 83.13 88.06 92.52 118.12 119.09 110.91 95.63 90.82 89.43 92.95 105.63 125.09 142.73 140.36 127.67 122.91 113.64 107.62 103.19 89.79 81.44 80.8 78.5 78.66 83.81 96.05 120.15 138.24 119.79 93.36 80.26 71.56 72.73 83.45 99.32 129.27 137.0 119.75 110.32 96.72 92.76 79.49 79.26 72.4 35.11 27.61 25.35 23.94 41.2 74.33 115.0 123.57 103.63 81.97 79.99 74.33 79.88 81.97 81.97 110.0 124.05 123.04 124.55 125.6 127.65 119.7 113.93 106.61 101.49 98.6 97.64 93.54 95.33 98.1 121.14 140.79 138.99 124.06 115.27 108.94
