192 5
1 35 32 34 29
1 0 0 0 0 0 3 1 2 3 0 36 12.07
5 0 0 0 7 0 3 4 13 27 1 66 16.55
4 0 0 0 0 2 3 5 6 7 1 71 15.38
2 0 0 8 3 0 3 13 16 24 1 40 13.51
7 0 0 4 0 0 3 5 8 12 6 58 8.49
1 1 0 0 0 0 3 14 16 26 13 73 10.47
8 0 2 8 0 1 3 9 10 21 5 76 9.42
10 0 0 0 3 8 3 15 18 19 5 66 9.48
7 0 0 0 0 7 3 11 18 21 13 79 11.75
4 0 5 0 9 0 3 12 17 18 13 58 9.11
8 0 0 0 6 8 2 11 13 13 68 8.81
10 0 0 3 0 7 3 14 16 17 21 89 15.54
5 0 0 0 4 0 2 14 22 17 70 14.16
2 1 0 0 0 0 2 20 28 21 81 14.6
5 1 0 0 0 0 3 19 23 29 31 89 9.19
9 0 0 0 0 8 3 20 21 27 15 81 10.93
1 1 0 0 0 0 1 19 31 75 15.99
7 1 0 0 0 0 3 20 22 23 31 79 14.82
6 0 9 1 7 4 2 23 26 20 64 14.45
3 0 0 4 3 0 2 25 30 36 83 12.3
1 0 1 0 2 0 1 26 38 90 13.02
9 1 0 0 0 0 3 22 25 29 24 76 12.72
8 0 0 4 10 6 1 24 38 96 16.35
9 0 1 3 0 0 2 24 25 38 92 10.69
9 0 0 0 10 0 1 28 47 96 14.69
10 0 0 9 8 3 1 28 47 114 13.53
9 0 9 5 1 6 1 30 39 92 10.74
5 1 0 0 0 0 2 29 30 24 81 12.58
6 0 0 2 5 7 1 31 57 113 14.84
10 0 0 0 10 10 1 31 36 92 15.77
6 0 0 6 0 5 1 31 48 109 14.74
1 0 0 0 0 0 0 63 92 10.44
1 0 0 0 0 0 3 33 34 35 0 44 8.85
8 0 1 3 6 1 3 37 41 46 1 53 12.94
10 0 3 10 9 4 3 37 38 43 1 52 8.92
9 0 10 10 7 3 3 36 44 54 1 70 16.74
7 0 8 6 4 10 3 53 56 59 10 67 12.1
9 0 2 1 5 2 3 39 42 45 11 67 14.26
3 0 10 6 3 6 3 40 46 48 11 72 12.49
4 0 4 9 7 7 3 47 48 61 20 59 9.83
10 0 8 10 7 8 3 41 47 49 14 59 14.85
1 1 0 0 0 0 3 44 50 57 24 71 11.06
10 0 3 4 1 7 3 44 49 52 20 88 8.82
1 0 7 3 1 6 3 47 51 52 11 67 16.27
4 1 0 0 0 0 2 55 58 30 75 16.26
9 0 3 7 6 2 3 50 51 56 20 79 11.6
3 0 2 3 5 6 3 51 54 58 14 74 9.39
3 1 0 0 0 0 3 50 56 59 24 88 12.37
2 1 0 0 0 0 3 49 57 62 24 61 14.27
4 1 0 0 0 0 1 59 30 80 12.76
8 1 0 0 0 0 1 62 29 86 14.59
10 0 1 4 5 8 3 53 55 60 29 100 16.38
5 1 0 0 0 0 2 53 54 30 81 8.89
9 0 4 9 7 7 1 61 39 91 8.71
5 0 1 1 4 3 2 55 57 35 88 14.77
5 0 10 5 1 7 1 61 40 102 12.37
1 0 8 7 4 10 1 58 29 70 13.49
9 0 9 2 1 2 1 60 40 83 9.44
5 1 0 0 0 0 1 62 34 99 8.95
3 0 3 4 3 7 1 60 34 90 13.68
10 0 4 6 4 10 1 63 49 105 14.41
4 0 3 6 7 7 1 63 48 96 12.66
7 0 7 8 1 7 1 63 39 105 11.97
1 0 0 0 0 0 0 59 111 15.67
1 0 0 0 0 0 3 65 66 67 0 50 14.59
10 0 5 3 6 9 3 75 81 85 1 54 10.77
2 0 0 1 0 8 3 68 71 72 1 51 14.32
10 0 2 0 6 6 3 69 74 82 1 49 9.46
9 0 6 7 6 3 3 70 77 86 3 62 10.85
9 0 4 0 0 0 3 73 75 81 11 77 14.85
9 0 3 5 10 0 3 73 76 78 12 61 14.74
9 0 9 8 10 7 3 79 83 86 3 67 15.38
4 0 0 10 8 1 3 76 77 88 3 46 12.91
6 1 0 0 0 0 3 79 80 92 21 68 14.17
1 0 5 4 6 3 3 80 86 91 11 52 16.78
1 1 0 0 0 0 2 84 88 20 84 15.48
10 1 0 0 0 0 3 80 82 83 21 80 12.19
5 1 0 0 0 0 2 79 84 12 68 15.02
5 0 6 0 1 7 3 81 82 85 21 81 15.81
1 0 0 4 1 5 2 87 89 27 77 12.63
4 0 2 9 0 10 1 89 31 78 11.09
1 1 0 0 0 0 2 88 90 26 71 14.22
6 0 1 0 5 0 3 90 91 93 31 91 9.16
10 0 0 8 9 4 2 84 85 31 86 14.3
2 0 7 8 5 0 1 94 41 78 9.92
5 0 0 8 8 10 1 87 41 92 13.34
8 1 0 0 0 0 3 87 89 92 12 62 16.28
10 0 6 5 2 6 1 93 46 109 12.36
10 0 0 2 4 0 3 91 92 93 27 88 12.26
5 0 6 0 0 6 1 90 35 100 10.73
3 0 9 10 7 0 1 94 40 97 13.96
4 0 2 2 0 0 1 94 37 96 12.7
8 0 5 4 10 0 1 95 37 80 12.33
4 0 3 8 5 0 1 95 56 110 11.67
8 0 2 5 6 8 1 95 43 87 15.85
1 0 0 0 0 0 0 60 98 8.72
1 0 0 0 0 0 3 97 98 99 0 69 12.03
2 0 8 10 8 7 3 102 104 119 1 64 11.82
3 0 3 7 7 3 3 101 116 125 1 48 10.13
2 0 8 8 7 7 3 100 104 108 1 69 15.39
7 0 10 6 1 8 3 106 114 117 3 66 12.85
6 0 8 2 5 1 3 105 109 113 4 69 15.0
6 0 2 7 1 3 3 103 111 112 3 45 15.34
4 0 1 5 2 1 1 118 9 75 10.03
8 0 10 7 5 1 3 107 110 114 3 76 13.44
2 0 9 4 9 7 2 111 121 10 72 10.34
4 0 5 6 8 4 3 113 119 122 10 70 14.45
7 0 8 1 6 7 1 122 11 53 13.38
10 0 10 6 4 1 2 115 122 3 78 10.81
8 0 6 8 7 3 2 110 124 10 52 13.15
5 0 7 9 2 10 1 111 18 71 12.89
1 0 6 5 4 8 1 126 23 62 12.15
9 1 0 0 0 0 1 120 9 68 16.36
1 1 0 0 0 0 1 118 14 75 13.58
7 0 5 3 8 1 2 115 116 11 65 8.49
7 1 0 0 0 0 2 118 123 18 60 10.89
6 0 1 8 3 10 1 124 18 75 10.61
8 0 6 2 4 10 3 120 121 126 10 78 16.48
8 0 3 5 5 1 2 121 126 25 70 15.22
9 0 1 10 6 3 2 120 123 14 58 12.6
8 0 8 1 10 9 1 125 23 68 9.15
3 0 10 9 9 5 1 124 33 71 15.78
6 0 9 5 10 8 1 123 18 71 10.67
9 0 7 8 5 7 1 125 25 85 15.92
9 0 4 10 5 1 1 127 36 78 13.41
8 0 6 7 2 10 1 127 34 91 12.19
5 0 3 1 2 5 1 127 33 69 15.67
1 0 0 0 0 0 0 45 76 15.76
1 0 0 0 0 0 3 129 130 131 0 48 14.97
4 0 5 0 0 0 2 136 148 1 66 10.47
3 0 0 0 0 3 3 134 138 140 1 47 16.66
10 0 7 0 0 1 3 132 133 144 1 57 12.35
4 0 10 0 0 10 3 135 137 139 11 49 14.25
9 0 3 2 7 4 3 143 145 148 11 82 13.91
2 0 0 0 3 0 3 149 150 158 4 50 11.83
8 0 0 8 1 0 3 143 145 153 15 55 14.68
6 0 3 0 0 0 1 157 5 74 15.46
8 0 10 0 9 7 1 141 15 56 15.81
5 0 9 3 5 4 3 142 147 151 4 50 14.28
1 0 0 2 9 0 2 142 146 15 70 8.97
3 0 3 0 0 10 2 146 153 4 59 13.24
3 1 0 0 0 0 3 151 154 158 23 67 13.43
1 0 8 0 0 0 1 152 16 76 10.23
5 1 0 0 0 0 2 146 149 23 89 11.44
6 0 0 0 2 6 2 145 149 11 59 13.59
8 1 0 0 0 0 1 147 23 89 13.32
5 1 0 0 0 0 2 154 158 28 93 11.61
7 1 0 0 0 0 1 155 31 91 8.42
1 0 9 0 9 0 1 150 20 60 10.23
4 0 0 0 0 7 2 152 156 28 74 11.3
2 1 0 0 0 0 3 151 152 156 21 78 10.23
3 1 0 0 0 0 1 153 26 70 15.45
4 1 0 0 0 0 1 154 32 72 15.6
3 0 3 0 0 4 1 155 29 82 12.64
8 0 7 0 5 0 1 155 36 84 8.97
5 0 0 1 10 7 1 157 44 97 11.68
6 1 0 0 0 0 1 159 32 85 12.79
10 0 10 0 7 7 1 159 49 105 10.67
1 0 0 0 7 0 1 159 33 86 12.15
1 0 0 0 0 0 0 59 96 14.04
1 0 0 0 0 0 3 161 162 163 0 69 12.52
8 0 4 5 7 5 2 178 179 1 43 13.07
7 0 2 3 4 3 3 164 168 174 1 52 8.57
1 0 9 7 3 10 3 166 172 190 1 55 8.49
10 0 2 10 6 8 3 165 169 185 8 68 9.76
6 0 7 3 8 1 3 167 173 178 18 63 10.76
5 0 5 4 6 3 2 179 188 2 49 16.69
1 1 0 0 0 0 3 177 183 187 24 86 9.39
1 0 6 2 4 2 3 170 171 175 8 67 15.5
7 1 0 0 0 0 2 176 179 18 69 13.56
9 0 5 2 1 7 3 172 177 178 9 51 9.5
8 0 9 8 1 4 1 185 9 49 14.7
10 0 8 6 5 1 1 173 18 84 14.41
10 0 4 3 3 9 1 186 28 73 9.03
10 0 2 1 7 3 1 176 8 57 10.23
9 0 1 4 8 1 3 177 180 187 9 83 13.39
1 0 8 3 5 10 3 181 188 190 25 76 13.88
4 0 4 5 8 2 1 182 25 81 12.88
1 0 5 7 5 7 2 184 189 24 75 14.8
2 1 0 0 0 0 2 181 187 25 83 11.77
8 0 5 4 8 10 3 181 184 185 18 81 9.97
2 0 10 6 1 7 1 186 27 87 14.76
3 0 2 6 5 8 1 190 29 82 12.39
9 0 5 3 9 10 1 184 25 87 11.67
5 0 8 10 7 2 1 188 34 77 15.95
3 0 9 2 10 6 1 186 26 81 10.0
2 0 1 6 6 8 1 189 38 87 9.14
1 0 8 10 3 7 1 189 27 91 13.97
2 0 7 1 1 4 1 191 39 92 11.27
1 0 9 6 3 1 1 191 40 72 14.77
1 0 1 2 4 2 1 191 32 86 13.9
1 0 0 0 0 0 0 41 78 10.4
73.92 69.83 67.28 66.54 67.52 81.68 120.0 132.61 124.43 107.51 94.45 84.44 91.11 94.06 88.14 104.04 113.17 113.73 99.95 86.25 75.7 72.22 73.7 63.18 70.02 56.22 53.26 46.12 51.19 65.08 78.53 120.0 116.48 91.74 96.15 100.05 99.28 93.19 78.84 72.71 82.18 112.85 117.66 115.47 105.11 93.96 88.83 80.7 92.42 92.04 91.57 92.72 92.57 93.64 112.83 129.89 130.37 125.9 105.42 90.41 86.16 85.05 92.98 113.66 147.49 203.85 293.73 274.02 185.28 137.43 125.98 111.72 105.01 103.21 98.46 87.42 82.86 93.34 116.33 126.62 120.97 105.38 85.2 71.54 68.8 67.05 75.55 92.32 106.66 114.91 118.8 116.56 105.0 89.52 82.75 70.74 38.87 30.2 24.41 23.04 30.06 44.4 82.0 168.7 193.66 180.3 134.4 134.01 144.23 98.57 85.64 82.0 107.17 105.04 154.02 178.46 129.2 78.0 54.09 36.63 20.38 18.78 18.15 16.55 16.01 16.01 13.28 78.33 80.0 70.0 58.14 40.01 18.43 22.87 31.07 52.06 69.38 72.37 115.1 139.3 83.83 24.68 25.89 19.66 29.42 35.77 34.43 31.71 29.44 37.62 48.02 53.47 44.16 40.7 15.65 26.82 20.0 33.93 50.2 78.19 78.14 133.5 181.34 194.77 170.68 66.73 48.97 61.96 19.8 21.7 20.31 12.79 25.86 39.93 81.79 109.65 108.18 105.8 99.3 98.11 91.01 98.55 106.03 119.66 133.38 141.46 128.4 119.95 104.49 88.83 80.81 65.06 51.74 39.15 31.06 24.15 25.3 39.19 65.01 89.38 90.75 87.18 82.38 77.11 77.52 91.48 102.48 95.75 102.83 109.54 108.62 104.55 98.7 87.65 81.44 77.03 70.89 68.74 68.31 69.39 68.56 79.33 102.7 111.89 100.25 86.2 73.24 71.61 71.89 77.3 88.97 119.89 143.23 150.08 136.12 128.07 115.49 98.02 93.86 87.29 77.86 72.35 70.55 66.55 59.97 67.03 97.61 100.62 97.29 76.54 60.97 66.66 62.22 64.18 68.38 76.87 86.45 111.45 109.28 109.41 97.79 95.46 104.37 88.87 105.0 97.72 93.64 84.8 78.26 90.8 120.0 120.53 111.27 85.1 77.89 76.3 78.11 86.41 109.48 130.62 162.55 175.95 122.19 110.14 101.11 96.86 88.97 68.2 72.31 67.75 59.24 76.25 81.51 63.73 83.5 95.0 37.93 35.3 18.3 15.76 21.02 31.51 69.0 115.0 77.75 95.0 84.88 86.05 81.53 78.57 81.41 78.46 84.18 75.8 73.46 72.21 77.77 78.87 84.28 77.79 79.18 82.38 79.08 79.15 78.91 86.76 95.98 114.55 120.67 131.83 129.81 116.92 111.78 101.25 98.12 86.94 86.34 80.16 74.08 73.81 83.09 90.84 116.06 128.76 123.45 101.53
