192 5
1 20 23 20 20
1 0 0 0 0 0 3 1 2 3 0 48 9.25
8 0 0 9 0 0 2 5 9 1 40 9.01
3 0 0 4 0 8 3 4 6 15 1 38 7.87
5 0 0 4 0 0 3 5 7 8 1 58 11.42
7 0 9 0 8 0 3 5 8 14 4 51 9.64
4 0 9 3 0 3 3 11 13 30 11 55 11.1
8 0 0 0 0 1 2 10 20 4 56 6.42
8 0 1 4 0 5 3 9 16 18 6 51 9.84
4 0 1 4 0 0 2 11 12 11 50 9.55
6 0 8 0 0 8 3 14 17 19 14 58 8.91
8 0 7 7 0 0 3 22 26 30 12 65 11.81
8 0 5 5 1 1 2 18 20 15 51 6.46
2 0 10 0 5 1 3 13 16 27 15 45 8.24
10 0 0 0 1 10 3 18 19 21 17 59 10.07
9 0 0 5 8 0 3 21 23 30 20 63 7.24
8 0 0 4 10 0 3 16 19 27 4 51 6.57
7 0 4 0 0 0 3 17 24 25 17 56 10.95
7 0 8 0 0 0 2 26 28 24 75 6.02
3 1 0 0 0 0 1 23 27 70 9.63
9 1 0 0 0 0 3 22 23 25 27 72 10.87
4 0 0 7 4 10 3 21 27 28 23 77 10.93
2 1 0 0 0 0 2 22 25 29 60 11.83
4 0 3 0 0 0 1 24 36 75 9.56
6 0 5 5 0 0 2 24 28 36 69 7.76
2 0 5 0 10 7 1 29 42 77 10.04
10 0 0 0 5 0 1 26 36 71 6.27
9 0 0 2 8 8 1 29 46 79 6.74
10 0 0 7 10 0 1 29 27 79 11.39
6 0 0 0 9 5 1 31 42 80 8.66
2 0 4 8 0 0 1 31 55 91 10.08
6 1 0 0 0 0 1 31 29 71 11.65
1 0 0 0 0 0 0 57 88 7.16
1 0 0 0 0 0 3 33 34 35 0 33 10.88
7 0 9 3 0 6 3 37 38 44 1 35 11.47
4 0 3 5 6 1 2 46 58 1 33 8.23
10 0 10 0 0 0 2 36 41 1 52 11.69
2 0 1 3 0 2 1 49 11 54 6.27
10 0 4 7 3 9 3 40 55 62 8 59 10.52
4 0 10 7 1 0 3 39 43 50 8 47 9.91
5 0 5 8 0 3 3 49 52 57 12 67 9.17
4 1 0 0 0 0 2 45 54 18 52 7.8
10 0 6 2 2 7 3 42 48 50 11 61 7.36
3 1 0 0 0 0 3 52 59 60 21 67 7.44
7 0 7 8 1 0 2 53 54 12 57 9.45
9 0 4 7 3 6 2 47 60 8 46 8.12
5 0 8 6 3 3 2 48 51 22 52 11.88
3 1 0 0 0 0 3 52 53 57 5 36 6.35
2 0 5 0 3 10 1 62 17 63 6.25
2 0 3 10 8 6 2 53 57 27 65 6.06
3 0 5 0 1 4 2 54 58 17 61 8.27
5 0 4 3 6 9 2 55 58 21 71 11.7
4 0 8 8 0 6 2 56 60 27 65 8.41
7 0 0 3 0 0 1 55 24 68 8.48
1 0 0 7 0 0 1 56 29 58 7.32
1 0 6 8 10 4 1 61 22 59 9.24
3 0 7 8 0 8 1 56 31 80 7.49
5 0 9 10 0 3 1 61 34 66 11.3
1 0 0 8 3 3 1 59 29 60 7.18
1 0 0 0 6 4 2 59 62 26 68 8.71
4 0 7 7 8 0 1 61 30 74 9.6
1 0 10 0 8 5 1 63 31 63 10.38
3 0 2 0 4 8 1 63 39 75 8.68
6 0 2 5 9 1 1 63 27 58 6.96
1 0 0 0 0 0 0 42 83 6.76
1 0 0 0 0 0 3 65 66 67 0 38 8.94
1 0 0 0 0 10 3 70 78 83 1 46 7.77
6 0 0 0 0 7 2 72 87 1 55 6.47
8 0 0 0 0 4 3 68 73 74 1 50 8.59
1 0 0 0 0 7 3 69 71 79 9 56 7.63
3 0 0 0 8 0 1 80 10 62 11.52
5 0 0 0 0 7 1 75 2 60 11.58
6 0 0 0 0 5 3 80 82 90 10 48 11.13
8 0 0 4 0 0 1 85 7 64 9.45
7 0 3 0 0 0 3 76 77 85 9 58 9.77
5 0 8 0 0 0 2 84 86 9 47 10.54
6 0 0 0 0 10 2 89 93 7 45 7.34
8 0 0 4 0 0 2 78 92 16 65 11.63
5 0 10 0 0 0 2 79 81 16 48 6.03
6 0 0 0 8 0 1 82 24 55 7.44
5 1 0 0 0 0 1 91 21 52 11.35
10 0 0 10 0 0 1 83 16 65 11.28
4 1 0 0 0 0 1 92 21 65 10.88
3 0 0 0 5 0 1 86 30 75 10.16
6 0 0 2 0 0 1 89 26 80 10.86
1 0 0 4 0 0 1 92 14 46 9.01
3 1 0 0 0 0 1 88 16 58 10.66
7 0 0 0 0 7 1 89 33 70 8.24
10 0 0 0 0 9 1 88 7 49 8.25
5 0 0 0 2 0 1 93 19 51 6.21
3 0 0 0 0 10 1 94 40 88 10.85
1 0 3 0 0 0 1 94 16 43 7.81
4 0 0 0 2 0 1 93 26 80 11.07
1 1 0 0 0 0 1 95 25 76 7.52
10 0 0 0 0 4 1 95 30 78 9.57
5 0 3 0 0 0 1 95 43 71 7.54
1 0 0 0 0 0 0 48 74 6.43
1 0 0 0 0 0 3 97 98 99 0 48 11.69
8 0 8 3 3 8 2 100 110 1 39 7.87
2 0 2 10 0 5 3 101 104 106 1 43 11.24
9 0 3 0 10 7 3 103 105 108 1 41 11.59
5 0 2 2 0 0 3 101 106 112 9 54 8.2
6 0 3 0 9 0 3 102 103 105 14 49 6.77
3 0 10 10 0 6 3 107 109 117 20 52 9.9
3 1 0 0 0 0 3 107 113 122 20 72 6.22
6 0 10 1 6 0 3 110 117 118 3 47 11.11
2 0 3 10 9 0 3 109 113 118 20 51 7.43
5 0 4 0 1 5 3 114 120 121 14 61 9.47
2 1 0 0 0 0 2 115 125 23 72 10.29
4 0 1 4 5 0 3 110 111 123 10 46 9.69
5 1 0 0 0 0 2 114 119 23 61 6.9
8 0 6 3 8 0 3 116 125 126 14 70 9.96
10 1 0 0 0 0 3 114 115 120 14 58 11.65
7 0 0 8 10 7 3 113 115 119 14 58 9.16
8 1 0 0 0 0 2 117 121 23 79 6.35
3 0 0 3 0 4 2 116 122 28 71 8.02
5 0 9 0 3 6 2 116 118 25 68 9.05
10 0 5 7 0 3 1 124 31 80 10.35
7 0 8 5 5 1 1 123 31 84 10.4
5 0 0 0 9 0 1 121 30 60 8.93
7 0 8 9 9 2 3 120 122 123 28 83 8.49
8 0 0 4 0 6 1 125 35 67 9.34
10 0 2 3 0 3 2 124 126 35 91 10.49
2 0 5 4 7 0 1 124 35 70 6.23
5 0 4 0 1 4 1 126 38 66 10.5
5 0 6 6 2 5 1 127 45 80 10.37
3 0 10 9 7 1 1 127 43 84 6.31
2 0 5 5 4 6 1 127 45 73 7.09
1 0 0 0 0 0 0 50 79 6.72
1 0 0 0 0 0 3 129 130 131 0 31 8.52
1 0 0 0 10 0 3 132 147 151 1 57 7.94
5 0 0 0 0 5 3 138 141 151 1 50 11.4
7 0 0 0 0 3 3 133 134 135 1 58 7.27
6 0 0 0 9 0 2 136 141 2 56 6.62
2 0 0 0 0 7 2 136 139 8 40 11.12
9 0 0 2 0 0 1 136 8 49 10.16
4 0 0 2 0 0 3 137 142 148 8 45 6.42
9 0 9 0 0 0 2 140 146 17 62 10.47
7 0 0 0 0 2 3 139 144 145 12 56 8.23
3 0 0 0 0 8 3 142 143 149 6 49 9.89
10 0 0 0 0 1 1 158 19 79 6.77
6 0 0 0 8 0 2 142 156 26 61 8.82
9 0 0 0 0 2 1 144 8 70 8.73
4 0 0 0 3 0 1 155 32 79 10.16
5 0 0 0 8 0 3 147 150 155 9 48 11.69
10 1 0 0 0 0 1 154 19 58 10.98
10 1 0 0 0 0 3 146 151 156 19 54 10.14
5 0 0 10 0 0 1 155 29 69 6.94
10 0 0 0 0 5 1 154 14 66 6.33
1 0 0 1 0 0 3 150 152 153 12 55 7.12
1 0 0 10 0 0 2 152 153 9 49 10.77
8 0 0 0 0 2 1 158 14 62 6.69
10 0 0 1 0 0 2 152 153 29 68 10.47
3 0 9 0 0 0 1 157 39 71 7.29
4 0 8 0 0 0 1 158 39 90 9.58
3 1 0 0 0 0 2 156 157 29 63 11.65
4 0 0 1 0 0 1 157 36 83 7.92
3 0 0 10 0 0 1 159 32 68 10.28
3 0 0 6 0 0 1 159 42 91 9.53
2 0 0 6 0 0 1 159 43 92 9.29
1 0 0 0 0 0 0 45 89 7.55
1 0 0 0 0 0 3 161 162 163 0 46 11.96
5 0 3 0 0 0 3 164 167 169 1 49 11.29
9 0 0 5 3 6 1 174 1 42 11.54
2 0 0 0 4 0 2 169 173 1 52 7.46
10 0 2 0 1 0 2 165 175 6 66 9.93
10 0 4 6 4 0 1 166 16 53 11.73
1 0 0 0 0 6 3 168 170 171 26 62 11.77
9 0 6 0 4 0 2 177 182 6 46 11.24
8 1 0 0 0 0 3 177 186 188 27 80 6.38
7 0 0 0 9 7 3 185 188 189 6 66 9.93
5 0 9 0 3 0 3 172 180 185 27 60 8.1
2 1 0 0 0 0 3 178 181 184 27 62 6.86
4 0 1 0 5 1 3 176 182 187 32 80 10.32
4 0 0 4 0 0 2 174 180 3 41 8.46
1 0 9 5 0 0 2 175 178 10 59 10.81
7 0 0 9 4 1 1 176 16 50 7.94
6 0 6 0 1 0 1 181 36 67 7.22
3 1 0 0 0 0 2 179 184 35 81 11.81
8 0 0 0 10 3 3 179 182 186 29 61 8.83
5 0 0 4 0 0 1 187 38 67 10.81
9 1 0 0 0 0 2 183 190 32 79 9.71
5 1 0 0 0 0 1 183 42 70 7.84
8 1 0 0 0 0 2 183 190 37 72 10.92
9 0 4 0 5 6 2 188 189 47 98 11.05
3 0 0 0 6 0 1 185 38 84 7.41
7 0 2 0 6 1 1 187 41 73 10.07
6 0 0 0 8 0 1 189 37 89 7.35
2 0 10 6 0 0 1 190 48 81 7.93
1 0 7 0 8 0 1 191 56 101 8.41
5 0 7 10 1 4 1 191 56 96 7.39
10 0 0 9 8 0 1 191 50 94 11.73
1 0 0 0 0 0 0 61 86 7.05
94.62 91.27 92.03 91.57 96.57 100.54 122.73 204.07 195.24 148.74 127.45 113.19 95.92 91.31 94.34 104.46 111.58 165.0 287.83 287.51 167.91 124.82 122.0 111.66 109.86 103.77 100.41 100.32 101.8 107.57 128.3 169.18 197.16 159.02 134.08 121.54 109.67 106.57 113.28 130.91 157.9 221.54 391.95 400.62 217.31 150.0 126.38 114.46 117.0 113.79 109.43 105.67 108.85 115.33 155.0 282.83 275.88 180.05 141.56 128.26 121.83 115.58 119.14 126.81 141.78 155.09 201.75 205.73 136.19 110.61 90.04 70.91 87.81 86.49 90.82 88.61 91.01 89.36 107.52 115.79 132.85 120.2 93.13 88.46 84.0 82.62 85.14 86.88 105.01 121.62 134.02 139.96 123.61 107.79 103.02 93.95 89.51 82.6 84.41 82.75 88.54 97.49 116.38 137.75 146.31 129.02 118.2 99.84 89.74 89.4 92.13 99.68 113.94 129.65 139.1 140.0 120.66 106.09 99.82 92.82 77.35 75.11 78.62 79.9 82.95 80.55 87.76 104.61 112.37 106.97 96.1 84.02 76.34 71.35 76.08 86.26 93.82 117.8 126.58 117.8 107.59 95.43 97.57 94.57 92.63 84.81 78.82 79.33 81.1 85.62 90.42 93.03 91.2 80.7 72.1 62.21 34.88 20.62 37.12 69.7 92.01 120.93 124.31 109.1 94.36 89.44 80.7 65.11 73.92 69.83 67.28 66.54 67.52 81.68 120.0 132.61 124.43 107.51 94.45 84.44 91.11 94.06 88.14 104.04 113.17 113.73 99.95 86.25 75.7 72.22 73.7 63.18 70.02 56.22 53.26 46.12 51.19 65.08 78.53 120.0 116.48 91.74 96.15 100.05 99.28 93.19 78.84 72.71 82.18 112.85 117.66 115.47 105.11 93.96 88.83 80.7 92.42 92.04 91.57 92.72 92.57 93.64 112.83 129.89 130.37 125.9 105.42 90.41 86.16 85.05 92.98 113.66 147.49 203.85 293.73 274.02 185.28 137.43 125.98 111.72 105.01 103.21 98.46 87.42 82.86 93.34 116.33 126.62 120.97 105.38 85.2 71.54 68.8 67.05 75.55 92.32 106.66 114.91 118.8 116.56 105.0 89.52 82.75 70.74 38.87 30.2 24.41 23.04 30.06 44.4 82.0 168.7 193.66 180.3 134.4 134.01 144.23 98.57 85.64 82.0 107.17 105.04
