192 5
1 40 30 25 25
1 0 0 0 0 0 3 1 2 3 0 66 15.25
1 0 6 1 0 9 1 8 1 62 18.33
7 0 2 2 8 7 3 5 17 22 1 57 12.04
6 0 0 0 4 10 2 4 11 1 76 12.36
7 0 9 4 3 4 3 7 9 10 7 80 11.64
4 0 0 0 1 8 1 6 8 83 17.45
10 0 0 1 2 2 2 11 29 12 95 19.55
4 0 7 2 4 5 3 14 19 27 14 68 12.39
6 0 1 1 5 3 2 10 12 2 57 14.28
9 0 0 8 1 5 3 12 15 19 14 88 16.83
6 0 5 1 1 4 2 13 21 14 80 18.65
9 1 0 0 0 0 1 24 22 103 13.37
4 0 3 0 5 2 3 13 16 18 23 70 14.21
8 1 0 0 0 0 3 17 26 28 27 103 17.51
7 0 5 2 0 3 2 17 21 18 83 14.3
3 1 0 0 0 0 3 16 24 25 23 91 13.35
2 1 0 0 0 0 2 20 23 27 70 14.72
8 0 8 1 9 1 1 29 35 101 16.76
1 0 0 6 4 0 3 20 23 24 27 74 17.16
1 0 2 1 6 3 1 30 23 99 11.32
8 1 0 0 0 0 1 28 29 105 11.68
6 0 0 1 10 6 2 22 25 25 84 14.43
4 1 0 0 0 0 2 23 26 31 75 10.2
6 0 8 6 5 1 1 29 35 102 11.72
2 0 10 0 9 0 2 27 30 31 104 16.93
9 1 0 0 0 0 1 26 31 101 17.23
6 0 10 0 0 4 1 30 40 120 18.23
10 0 5 0 0 0 1 28 33 118 16.74
8 0 9 3 8 0 1 31 43 93 17.51
7 0 0 10 9 0 1 31 43 89 13.68
4 0 5 8 8 1 1 31 46 88 16.59
1 0 0 0 0 0 0 51 99 14.84
1 0 0 0 0 0 3 33 34 35 0 71 11.04
6 0 5 7 7 2 3 36 39 45 1 55 15.51
8 0 6 9 5 6 2 37 43 1 69 16.45
5 0 7 10 5 9 1 52 1 65 15.01
9 0 9 9 10 9 3 38 46 54 7 94 10.22
7 0 9 8 4 5 2 40 53 9 88 13.51
8 0 7 9 2 5 2 41 49 16 79 9.96
10 0 4 9 2 9 2 49 51 7 86 10.44
6 0 7 9 10 1 1 42 16 94 16.07
1 0 9 2 2 6 3 48 57 58 24 75 14.65
10 1 0 0 0 0 1 44 22 107 15.49
6 0 4 7 9 6 1 56 9 70 15.3
3 1 0 0 0 0 2 47 56 32 76 11.9
6 0 2 5 6 3 1 47 7 83 12.85
8 0 2 4 1 10 2 50 55 16 92 12.95
2 0 4 4 1 8 1 59 35 93 18.74
8 1 0 0 0 0 1 52 25 81 10.14
6 0 6 7 3 7 2 55 59 24 94 19.12
9 1 0 0 0 0 1 53 24 89 13.45
6 1 0 0 0 0 1 60 17 79 15.8
9 0 1 8 5 5 1 61 33 94 15.08
10 0 4 3 4 4 2 61 62 33 88 14.22
3 1 0 0 0 0 1 56 16 94 10.59
4 0 4 9 8 1 2 58 62 30 100 16.6
10 0 8 2 1 7 1 58 35 97 15.49
4 1 0 0 0 0 1 59 25 70 10.1
9 0 9 9 10 8 1 60 45 94 18.44
9 0 5 8 6 9 1 62 37 100 14.58
3 0 4 9 8 2 1 63 54 101 19.26
9 0 5 7 7 9 1 63 43 102 11.71
1 0 9 7 3 3 1 63 46 97 18.44
1 0 0 0 0 0 0 57 110 13.55
1 0 0 0 0 0 3 65 66 67 0 53 16.75
4 0 4 8 0 0 3 68 70 79 1 64 18.46
1 0 5 0 0 5 2 69 77 1 49 15.98
5 0 4 0 0 3 2 71 90 1 70 16.84
9 0 0 3 0 3 3 78 81 93 5 71 11.84
10 0 0 4 3 0 3 73 74 89 2 71 19.01
6 0 9 0 2 2 1 84 5 76 14.87
1 0 0 4 0 0 3 72 74 92 6 79 14.84
9 0 9 5 0 0 2 82 85 7 69 19.34
2 0 0 10 7 0 1 80 12 64 14.54
8 0 0 0 7 3 3 75 76 83 12 72 10.03
8 1 0 0 0 0 1 82 20 76 17.29
8 1 0 0 0 0 1 85 20 88 15.75
2 0 4 10 0 7 1 85 2 49 10.03
2 0 8 0 3 0 3 83 88 91 14 68 10.4
10 0 3 2 4 5 1 91 5 84 10.51
8 0 7 5 0 0 1 93 14 63 15.54
10 0 10 3 0 0 1 86 14 66 18.65
2 1 0 0 0 0 1 88 28 97 18.68
10 0 0 0 2 7 1 94 20 92 10.26
5 0 3 0 5 0 1 87 11 80 13.91
3 0 2 2 0 9 1 88 28 97 18.41
6 1 0 0 0 0 1 87 24 98 14.84
5 0 2 5 0 4 1 89 30 89 11.96
10 0 0 0 0 2 1 94 31 83 11.68
10 0 5 6 0 10 1 94 35 93 14.58
8 0 0 5 0 0 1 91 6 87 13.97
10 0 0 5 0 0 1 92 16 98 12.79
2 1 0 0 0 0 1 95 26 78 12.96
10 1 0 0 0 0 1 95 22 105 15.73
3 0 3 0 5 0 1 95 45 118 13.04
1 0 0 0 0 0 0 48 98 10.85
1 0 0 0 0 0 3 97 98 99 0 71 12.47
5 0 2 2 3 4 3 102 104 108 1 67 14.87
10 0 4 6 1 9 2 105 109 1 85 16.53
5 0 10 4 1 3 3 100 101 106 1 61 16.8
2 0 1 6 6 1 3 105 114 119 6 70 12.14
3 0 9 4 9 1 3 104 108 116 6 72 10.68
3 0 7 3 3 4 3 103 109 110 6 70 19.25
3 1 0 0 0 0 3 113 115 126 9 57 15.56
5 0 1 10 8 5 3 112 115 117 9 77 19.21
8 0 8 9 5 8 3 118 122 123 11 65 18.39
2 0 9 10 2 1 3 107 110 115 6 63 13.8
3 0 8 5 1 3 3 111 114 121 8 70 16.52
9 0 1 3 2 8 3 109 110 113 9 90 12.28
9 0 1 1 9 3 3 117 119 126 18 98 12.11
6 0 10 9 10 6 2 112 121 18 74 17.97
3 0 3 6 7 2 3 113 116 117 11 95 16.5
5 0 10 2 2 8 3 114 119 123 24 89 12.41
5 0 9 5 5 4 2 120 125 18 84 19.17
1 1 0 0 0 0 2 118 124 29 72 19.64
2 1 0 0 0 0 3 121 122 123 14 69 18.5
6 1 0 0 0 0 1 118 14 82 13.19
9 1 0 0 0 0 1 120 27 101 17.9
9 0 6 4 7 9 1 126 30 84 13.81
4 1 0 0 0 0 2 120 125 29 84 14.13
7 0 6 7 6 3 1 122 36 118 12.11
6 0 4 10 5 8 1 124 24 94 19.21
10 0 10 3 10 1 1 124 43 124 14.3
10 0 1 3 7 1 1 125 29 80 18.87
4 0 8 5 1 1 1 127 53 99 10.58
7 0 9 1 3 10 1 127 39 94 13.97
6 0 5 7 5 10 1 127 39 120 17.0
1 0 0 0 0 0 0 57 128 12.39
1 0 0 0 0 0 3 129 130 131 0 57 10.16
9 0 0 10 4 8 3 133 134 137 1 89 10.12
3 0 7 3 3 4 1 133 1 71 14.84
1 0 10 7 5 10 3 132 136 147 1 67 15.62
7 0 4 0 0 9 3 133 135 141 2 60 19.04
7 0 6 10 0 3 1 138 10 95 15.19
4 0 10 6 2 5 3 139 140 146 10 95 15.82
3 0 5 4 10 3 1 144 9 68 16.37
9 1 0 0 0 0 3 139 154 157 2 60 17.53
1 0 6 2 10 2 2 149 157 10 68 14.58
2 0 5 10 0 10 1 152 17 100 10.22
2 0 2 7 7 0 2 153 155 14 69 12.59
6 0 1 0 0 6 1 145 14 93 11.13
1 0 5 9 0 9 2 142 143 9 79 10.09
3 0 5 0 6 1 1 152 10 62 15.7
6 0 1 6 7 0 1 157 10 82 18.67
6 1 0 0 0 0 1 153 12 64 17.87
9 1 0 0 0 0 1 148 20 106 10.78
4 0 0 3 0 5 1 147 14 76 18.91
3 0 0 0 0 10 2 150 156 18 82 13.78
10 0 3 8 8 2 1 149 29 108 11.72
6 0 10 7 4 1 2 151 158 39 102 14.2
3 1 0 0 0 0 1 152 21 77 13.17
4 0 8 10 0 0 1 153 45 100 11.48
8 0 2 0 8 1 1 154 24 104 17.35
1 0 0 9 5 9 1 156 49 124 14.98
6 0 9 7 10 6 1 155 32 76 11.59
7 0 7 0 0 1 1 158 38 120 18.01
4 0 7 1 0 4 1 159 50 94 10.11
3 0 7 6 0 1 1 159 16 76 18.2
1 0 7 9 5 0 1 159 45 110 12.59
1 0 0 0 0 0 0 54 115 13.15
1 0 0 0 0 0 3 161 162 163 0 45 12.92
5 0 3 0 0 0 3 166 169 175 1 63 14.21
2 0 0 9 0 0 3 164 171 175 1 51 10.35
5 0 0 1 0 0 3 164 165 167 1 65 10.38
6 0 0 7 0 0 3 169 183 189 6 82 12.75
7 0 0 0 1 0 3 170 172 174 6 76 17.07
8 0 0 0 0 2 3 171 172 177 6 86 12.79
1 0 0 0 0 9 3 168 172 182 6 72 12.89
7 0 0 1 0 0 3 171 177 179 7 77 18.57
5 0 0 0 0 2 1 180 12 86 13.52
6 0 0 0 5 0 3 173 175 177 13 73 16.52
9 0 0 0 0 3 2 178 184 14 73 10.56
5 0 0 0 0 10 1 179 14 60 12.31
10 1 0 0 0 0 1 180 19 83 9.97
8 0 10 0 0 0 3 179 185 186 13 71 17.75
5 0 2 0 0 0 3 176 181 183 19 88 11.3
7 1 0 0 0 0 3 178 180 184 24 95 11.47
2 0 0 8 0 0 3 178 181 183 19 67 14.04
8 0 10 0 0 0 3 186 187 189 31 108 17.27
2 1 0 0 0 0 2 181 189 21 85 10.7
4 1 0 0 0 0 1 182 31 106 9.89
5 1 0 0 0 0 2 187 190 24 69 17.75
8 0 8 0 0 0 2 185 188 35 119 17.09
7 0 0 6 0 0 1 184 24 73 13.37
7 1 0 0 0 0 3 185 186 187 31 95 15.95
3 0 0 4 0 0 1 190 43 97 17.63
5 0 0 4 0 0 2 188 190 39 107 17.59
1 0 5 0 0 0 1 188 39 101 16.57
5 0 0 0 10 0 1 191 44 100 17.61
3 0 0 6 0 0 1 191 39 118 13.09
10 0 6 0 0 0 1 191 46 120 17.2
1 0 0 0 0 0 0 56 100 11.07
87.57 82.76 82.38 82.95 86.24 100.16 142.17 145.29 109.98 73.06 10.85 3.94 0.36 -4.66 -9.2 18.56 37.67 79.56 109.13 148.9 200.08 135.52 101.71 94.17 94.54 90.18 90.53 95.0 97.86 107.68 137.6 128.6 100.29 80.49 18.73 2.06 0.97 -4.47 1.23 6.06 6.93 74.73 108.71 154.44 257.56 152.65 113.79 103.59 103.88 98.89 97.07 98.94 99.7 104.54 126.88 122.38 99.46 71.7 2.52 1.38 -11.12 -21.34 -22.95 -4.1 8.4 39.13 89.66 111.33 158.42 131.4 111.07 101.31 98.92 90.67 89.3 89.25 91.8 100.22 122.62 126.49 100.41 72.4 22.19 15.1 8.01 0.44 -2.43 38.21 69.14 70.01 80.96 117.23 145.53 125.44 110.13 101.61 94.98 88.9 85.85 85.42 89.2 97.19 112.28 117.13 106.05 81.09 21.8 6.29 8.75 25.9 38.95 41.43 56.32 75.01 95.5 122.43 146.35 138.86 116.1 99.3 93.16 93.46 88.78 88.91 90.0 94.11 91.72 89.79 59.52 0.88 0.0 0.2 -4.41 -10.07 -11.32 -6.44 1.28 28.9 75.05 91.54 109.06 125.01 130.03 109.08 106.7 101.54 98.62 97.45 98.41 98.05 91.3 87.2 65.28 9.23 0.0 -0.2 -2.0 -7.37 -15.0 -8.97 -0.2 16.56 92.44 108.04 124.52 130.98 118.86 104.17 111.21 104.19 97.44 94.3 100.58 111.92 132.74 136.4 113.64 94.79 70.9 28.81 12.77 5.0 8.0 28.58 74.99 99.3 116.82 149.23 231.01 154.91 129.65 114.48 116.99 107.35 104.17 106.33 112.6 121.82 144.38 132.49 97.54 77.61 62.82 16.0 7.74 9.07 10.87 28.29 72.91 99.9 109.98 132.32 193.13 152.12 121.93 110.2 107.93 102.33 97.9 94.9 93.7 102.49 112.48 116.54 107.82 84.82 42.22 57.3 50.0 45.17 55.07 70.54 71.62 110.3 122.4 179.0 114.35 110.27 100.72 90.0 101.9 91.14 86.89 86.53 87.33 94.1 112.33 112.03 103.39 98.92 92.89 88.25 90.0 81.26 84.62 95.73 98.9 112.07 134.29 123.69 154.93 131.5 119.6 105.0 104.4 96.58 90.17 89.74 96.2 110.05 132.28 136.37 118.04 88.47 74.43 61.31 23.0 19.58 20.0 64.98 63.58 68.39 114.95 137.77 181.42 146.75 128.14 110.68 106.05 95.88 89.49 84.88 83.36 81.29 83.46 76.84 62.05 12.26 -0.02 -0.33 -0.45 -0.55 -0.9 -1.85 -0.39 50.1 85.92 115.14 134.06 122.87 101.3 91.52 66.23 32.0 16.83 8.36 3.85 2.72 1.2 1.24 -0.02 -0.03 -0.6 -1.31 -1.73 -5.68 -7.2 -6.98 -2.0 0.34 17.45 95.62 109.81 111.77 103.62 94.45 89.84 79.97 75.12 74.41 79.81 88.13 119.49 146.41 130.98 93.48 61.34 24.23 16.4 11.28 6.14 9.7 26.35 57.95 111.65 146.07 212.9 170.69 129.25 106.4 99.03 86.4 77.9 76.44 80.21 83.42 95.01 86.36 69.35 51.1 4.39 3.49 0.16 0.68 1.84 12.73 59.63 88.33 111.39 135.18 182.47 134.28 111.86 92.79 86.59 73.07 70.42 65.61 68.26 79.11 94.64 101.37 96.19 91.7 78.29 73.3 66.97 59.9 57.86 73.48 73.52 98.82 116.22 131.57 159.1 136.24 121.7 104.56 97.6 93.19 90.94 90.45 90.33 90.51 84.78 84.39 82.11 61.49 18.77 1.65 0.24 2.22 0.23 5.48
