192 5
1 37 33 46 32
1 0 0 0 0 0 3 1 2 3 0 30 5.88
8 0 0 9 0 0 2 5 9 1 55 4.88
3 0 0 4 0 8 3 4 6 15 1 38 8.04
5 0 0 4 0 0 3 5 7 8 1 41 5.11
7 0 9 0 8 0 3 5 8 14 4 52 5.71
4 0 9 3 0 3 3 11 13 30 11 52 4.54
8 0 0 0 0 1 2 10 20 4 66 5.48
8 0 1 4 0 5 3 9 16 18 6 59 4.84
4 0 1 4 0 0 2 11 12 11 45 5.23
6 0 8 0 0 8 3 14 17 19 14 58 6.92
8 0 7 7 0 0 3 22 26 30 12 72 7.43
8 0 5 5 1 1 2 18 20 15 68 4.97
2 0 10 0 5 1 3 13 16 27 15 59 4.46
10 0 0 0 1 10 3 18 19 21 17 77 5.22
9 0 0 5 8 0 3 21 23 30 20 68 5.86
8 0 0 4 10 0 3 16 19 27 4 52 8.25
7 0 4 0 0 0 3 17 24 25 17 59 7.34
7 0 8 0 0 0 2 26 28 24 63 4.43
3 1 0 0 0 0 1 23 27 64 7.99
9 0 7 8 0 0 3 22 23 25 27 74 6.52
4 1 0 0 0 0 3 21 27 28 23 66 6.96
2 1 0 0 0 0 2 22 25 29 81 6.87
4 0 3 0 0 0 1 24 36 72 5.7
6 0 5 5 0 0 2 24 28 36 85 5.83
2 0 5 0 10 7 1 29 42 85 7.98
10 0 0 0 5 0 1 26 36 82 8.45
9 0 0 2 8 8 1 29 46 96 4.8
10 0 0 7 10 0 1 29 27 66 8.51
6 0 0 0 9 5 1 31 42 85 7.93
2 0 4 8 0 0 1 31 55 101 8.16
6 1 0 0 0 0 1 31 29 78 8.33
1 0 0 0 0 0 0 57 91 7.8
1 0 0 0 0 0 3 33 34 35 0 40 6.99
9 0 9 9 9 0 3 36 38 40 1 42 6.63
1 0 9 10 0 2 3 39 41 43 1 45 6.71
5 0 1 8 2 10 3 36 37 38 1 39 7.54
2 0 6 0 7 9 3 43 48 58 10 57 7.26
8 0 7 1 2 10 3 43 55 59 6 47 5.41
10 0 0 10 8 6 3 41 47 57 10 60 6.41
9 0 0 0 9 5 3 44 45 49 2 51 7.18
8 0 2 5 10 0 3 41 46 56 10 57 6.03
8 1 0 0 0 0 2 42 50 20 60 8.28
9 0 0 4 5 9 2 52 53 28 82 7.59
7 0 9 8 0 4 2 51 54 14 50 4.32
2 0 0 10 9 2 3 47 52 55 11 57 7.29
8 0 3 0 10 5 3 48 56 57 11 47 4.91
9 0 5 0 5 9 3 48 49 50 18 73 5.05
8 0 8 8 5 1 3 50 53 54 20 68 5.5
3 1 0 0 0 0 2 51 61 27 69 7.27
8 1 0 0 0 0 3 51 53 54 27 78 8.14
7 1 0 0 0 0 2 59 62 28 75 6.22
4 0 1 5 2 9 1 52 35 87 7.7
6 0 2 3 4 0 1 62 39 78 4.42
5 0 7 10 6 10 2 59 61 37 72 7.28
8 0 0 8 0 4 1 62 35 77 7.04
6 0 10 10 0 2 2 56 57 14 56 7.34
4 0 8 0 8 2 2 58 60 20 57 7.58
1 1 0 0 0 0 2 58 60 20 51 7.41
10 1 0 0 0 0 1 61 24 62 5.28
7 0 3 10 5 0 1 60 42 85 4.29
7 0 8 0 7 4 1 63 49 88 7.35
7 0 8 8 10 5 1 63 42 78 5.94
9 0 2 3 6 0 1 63 45 86 4.59
1 0 0 0 0 0 0 56 92 6.84
1 0 0 0 0 0 3 65 66 67 0 59 5.86
10 0 0 0 0 8 2 72 76 1 40 5.13
5 0 0 8 0 0 3 68 71 79 1 46 6.29
2 0 3 0 0 0 1 69 1 55 5.24
3 0 0 0 0 6 3 70 80 82 6 40 6.89
5 0 8 0 0 0 3 75 77 89 3 61 6.42
1 0 0 0 10 0 3 72 78 88 9 41 5.95
8 0 0 0 0 7 2 73 76 6 62 4.65
5 0 0 0 0 9 2 91 94 11 47 4.43
9 0 8 0 0 0 3 74 84 94 14 65 6.52
8 0 4 0 0 0 2 85 87 23 80 6.82
3 0 4 0 0 0 2 85 90 8 53 6.88
5 1 0 0 0 0 1 86 14 70 8.05
10 0 0 5 0 0 3 81 82 91 8 52 4.34
4 0 0 0 2 0 2 81 83 10 61 5.23
3 0 9 0 0 0 3 80 81 87 6 60 6.72
7 0 0 9 0 0 2 88 93 9 70 7.33
2 0 0 0 1 0 2 84 92 18 48 5.44
10 0 6 0 0 0 1 92 18 77 6.04
7 0 0 0 3 0 2 89 91 14 70 8.45
10 0 1 0 0 0 1 85 23 80 5.03
4 0 0 8 0 0 1 93 33 78 4.94
3 1 0 0 0 0 3 87 88 89 19 58 7.44
9 0 0 2 0 0 1 90 31 78 5.53
10 0 0 0 3 0 1 90 22 80 6.01
8 0 2 0 0 0 1 94 22 72 5.27
10 0 0 0 0 2 1 92 40 91 5.62
1 1 0 0 0 0 1 93 21 69 8.36
6 0 0 0 0 5 1 95 50 103 6.47
3 0 0 0 0 9 1 95 37 68 6.7
10 0 2 0 0 0 1 95 30 66 5.46
1 0 0 0 0 0 0 56 85 6.17
1 0 0 0 0 0 3 97 98 99 0 54 8.2
9 0 6 1 8 6 3 100 104 106 1 50 4.91
1 0 0 9 5 0 3 103 110 117 1 34 5.05
3 0 7 0 0 1 3 108 112 117 1 55 7.74
7 0 2 0 7 8 3 101 105 114 10 55 8.03
4 0 2 9 8 9 3 102 108 113 17 60 5.63
9 0 6 5 9 0 3 107 109 120 21 67 7.78
3 0 9 0 3 2 3 105 113 114 2 39 6.63
6 0 3 0 0 0 3 108 110 121 10 48 6.65
1 0 3 5 2 8 3 116 118 119 17 51 5.31
4 0 0 6 4 10 3 115 119 120 10 65 7.95
6 0 0 10 8 9 3 111 118 122 30 71 4.84
5 0 6 5 3 2 3 111 125 126 21 76 6.75
7 0 3 0 8 8 3 111 112 117 30 78 7.32
4 0 6 9 0 8 2 112 114 16 69 5.87
1 0 0 6 8 10 1 115 37 83 5.21
9 0 1 2 0 1 2 115 123 37 76 5.05
7 1 0 0 0 0 2 120 122 21 55 6.42
4 0 0 10 0 9 2 116 122 20 77 4.63
1 0 0 5 1 8 1 116 46 91 7.55
10 0 7 0 2 3 1 124 47 87 4.76
8 0 1 9 3 10 2 118 119 37 81 6.24
7 0 5 9 6 10 2 121 123 45 80 7.66
2 0 4 10 0 5 1 125 45 95 5.24
5 1 0 0 0 0 1 121 30 79 8.48
4 0 4 0 5 3 2 124 126 52 97 5.14
8 1 0 0 0 0 3 123 124 125 36 92 6.69
8 0 0 8 7 8 1 126 52 85 7.26
5 0 4 6 8 0 1 127 57 88 6.84
1 0 0 4 9 1 1 127 47 79 7.17
6 0 4 9 0 3 1 127 60 105 4.59
1 0 0 0 0 0 0 66 104 8.12
1 0 0 0 0 0 3 129 130 131 0 54 7.07
3 0 9 0 0 0 3 133 135 141 1 54 5.84
1 0 0 0 0 10 2 134 148 1 41 7.07
7 0 0 0 0 7 3 132 133 136 1 65 8.48
1 0 0 0 0 2 3 142 145 155 8 51 8.04
9 0 0 0 0 2 3 134 137 147 8 58 7.14
9 0 0 0 0 1 3 140 142 144 17 63 6.92
6 0 5 0 0 0 3 139 140 143 4 64 7.86
5 0 0 6 0 0 2 138 142 8 62 6.22
8 0 9 0 0 0 3 138 140 148 17 75 6.34
10 0 0 8 0 0 3 144 145 149 25 72 8.21
9 0 4 0 0 0 3 145 147 148 10 65 5.53
1 1 0 0 0 0 2 149 152 26 74 8.32
10 0 5 0 0 0 3 143 149 152 4 47 5.37
5 1 0 0 0 0 3 146 150 151 26 65 4.58
10 0 0 5 0 0 3 150 154 158 14 52 7.53
10 0 0 0 0 7 3 146 155 157 35 93 7.05
5 0 5 0 0 0 1 158 35 81 6.99
8 0 0 0 8 0 2 153 156 45 86 5.53
8 1 0 0 0 0 3 151 153 154 19 68 5.69
2 1 0 0 0 0 3 151 152 153 25 60 4.96
1 1 0 0 0 0 1 150 35 67 6.55
8 0 0 0 0 10 1 157 36 85 5.05
7 0 0 0 0 10 1 157 31 68 6.19
2 1 0 0 0 0 2 154 155 27 59 7.17
7 0 1 0 0 0 1 158 53 87 7.58
6 0 6 0 0 0 1 156 29 83 4.68
8 0 0 0 3 0 1 156 45 100 4.41
2 0 0 0 2 0 1 159 53 79 4.58
2 0 0 6 0 0 1 159 45 94 7.48
4 0 0 0 0 2 1 159 60 108 7.39
1 0 0 0 0 0 0 64 105 7.64
1 0 0 0 0 0 3 161 162 163 0 53 8.13
8 0 0 0 2 1 1 165 1 62 6.62
9 0 1 8 1 6 2 164 166 1 38 4.29
1 0 2 1 4 6 1 177 1 49 6.8
4 0 4 6 0 9 1 171 10 62 7.85
4 0 7 9 0 0 2 168 176 9 57 7.47
8 0 8 4 7 0 2 167 175 10 50 7.05
3 0 5 6 2 6 2 169 174 18 56 5.28
3 0 0 6 7 7 2 170 172 13 56 6.0
9 0 9 9 0 0 2 179 181 21 57 4.71
6 0 2 0 5 0 1 175 16 62 4.53
3 0 3 2 6 6 2 173 178 14 49 7.94
5 1 0 0 0 0 3 175 182 184 16 54 8.5
4 1 0 0 0 0 2 179 186 17 48 7.2
9 1 0 0 0 0 1 183 21 79 8.46
5 1 0 0 0 0 2 180 187 22 55 4.46
9 0 1 4 4 0 2 178 180 13 65 8.39
9 0 6 0 5 0 3 186 188 189 2 46 5.21
7 0 5 8 5 6 1 185 22 58 5.41
7 0 0 0 6 8 2 180 185 30 67 7.86
8 0 7 4 8 0 1 183 37 84 5.78
6 1 0 0 0 0 1 182 30 69 7.7
10 0 8 0 8 2 1 185 36 93 5.87
2 0 4 0 0 2 1 189 45 91 8.51
1 1 0 0 0 0 1 190 21 76 4.65
9 0 10 3 9 3 1 189 46 100 8.13
3 1 0 0 0 0 1 190 21 61 6.92
7 0 10 0 6 0 1 190 27 73 6.68
10 0 6 4 6 8 1 191 11 48 7.64
7 0 9 0 8 1 1 191 55 103 5.83
9 0 0 7 8 9 1 191 34 77 6.56
1 0 0 0 0 0 0 62 94 8.49
111.21 104.19 97.44 94.3 100.58 111.92 132.74 136.4 113.64 94.79 70.9 28.81 12.77 5.0 8.0 28.58 74.99 99.3 116.82 149.23 231.01 154.91 129.65 114.48 116.99 107.35 104.17 106.33 112.6 121.82 144.38 132.49 97.54 77.61 62.82 16.0 7.74 9.07 10.87 28.29 72.91 99.9 109.98 132.32 193.13 152.12 121.93 110.2 107.93 102.33 97.9 94.9 93.7 102.49 112.48 116.54 107.82 84.82 42.22 57.3 50.0 45.17 55.07 70.54 71.62 110.3 122.4 179.0 114.35 110.27 100.72 90.0 101.9 91.14 86.89 86.53 87.33 94.1 112.33 112.03 103.39 98.92 92.89 88.25 90.0 81.26 84.62 95.73 98.9 112.07 134.29 123.69 154.93 131.5 119.6 105.0 104.4 96.58 90.17 89.74 96.2 110.05 132.28 136.37 118.04 88.47 74.43 61.31 23.0 19.58 20.0 64.98 63.58 68.39 114.95 137.77 181.42 146.75 128.14 110.68 106.05 95.88 89.49 84.88 83.36 81.29 83.46 76.84 62.05 12.26 -0.02 -0.33 -0.45 -0.55 -0.9 -1.85 -0.39 50.1 85.92 115.14 134.06 122.87 101.3 91.52 66.23 32.0 16.83 8.36 3.85 2.72 1.2 1.24 -0.02 -0.03 -0.6 -1.31 -1.73 -5.68 -7.2 -6.98 -2.0 0.34 17.45 95.62 109.81 111.77 103.62 94.45 89.84 79.97 75.12 74.41 79.81 88.13 119.49 146.41 130.98 93.48 61.34 24.23 16.4 11.28 6.14 9.7 26.35 57.95 111.65 146.07 212.9 170.69 129.25 106.4 99.03 86.4 77.9 76.44 80.21 83.42 95.01 86.36 69.35 51.1 4.39 3.49 0.16 0.68 1.84 12.73 59.63 88.33 111.39 135.18 182.47 134.28 111.86 92.79 86.59 73.07 70.42 65.61 68.26 79.11 94.64 101.37 96.19 91.7 78.29 73.3 66.97 59.9 57.86 73.48 73.52 98.82 116.22 131.57 159.1 136.24 121.7 104.56 97.6 93.19 90.94 90.45 90.33 90.51 84.78 84.39 82.11 61.49 18.77 1.65 0.24 2.22 0.23 5.48 1.6 15.17 65.09 97.03 121.25 105.81 92.95 75.96 63.73 72.62 48.6 33.95 37.39 56.54 82.17 68.38 53.01 29.13 1.85 0.21 7.44 4.84 -1.56 1.44 0.22 30.36 73.81 123.62 148.34 144.49 130.19 108.2 107.0 100.32 99.42 100.0 100.91 99.1 91.62 79.94
