192 5
1 40 31 38 35
1 0 0 0 0 0 3 1 2 3 0 69 9.96
4 0 4 8 0 0 3 4 6 15 1 63 6.11
1 0 5 0 0 5 2 5 13 1 41 11.44
5 0 4 0 0 3 2 7 26 1 51 6.83
9 0 0 3 0 3 3 14 17 29 5 69 11.88
10 0 0 4 3 0 3 9 10 25 2 60 7.67
6 0 9 0 2 2 1 20 5 65 6.63
1 0 0 4 0 0 3 8 10 28 6 45 9.22
9 0 9 5 0 0 2 18 21 7 52 6.46
2 0 0 10 7 0 1 16 12 77 9.2
8 0 0 0 7 3 3 11 12 19 12 76 6.58
8 1 0 0 0 0 1 18 20 63 11.13
8 1 0 0 0 0 1 21 20 76 6.08
2 0 4 10 0 7 1 21 2 62 11.61
2 0 8 0 3 0 3 19 24 27 14 74 9.91
10 0 3 2 4 5 1 27 5 77 9.03
8 0 7 5 0 0 1 29 14 70 8.92
10 0 10 3 0 0 1 22 14 84 10.92
2 1 0 0 0 0 1 24 28 67 10.56
10 0 0 0 2 7 1 30 20 71 6.41
5 0 3 0 5 0 1 23 11 63 9.79
3 0 2 2 0 9 1 24 28 73 10.26
6 1 0 0 0 0 1 23 24 77 6.33
5 0 2 5 0 4 1 25 30 78 7.42
10 0 0 0 0 2 1 30 31 79 7.71
10 0 5 6 0 10 1 30 35 90 11.9
8 0 0 5 0 0 1 27 6 65 7.59
10 0 0 5 0 0 1 28 16 68 11.07
2 1 0 0 0 0 1 31 26 78 11.99
10 1 0 0 0 0 1 31 22 63 9.05
3 0 3 0 5 0 1 31 45 103 11.42
1 0 0 0 0 0 0 48 96 11.29
1 0 0 0 0 0 3 33 34 35 0 41 10.58
5 0 0 0 0 2 3 37 38 49 1 65 10.63
8 0 0 0 9 0 2 36 41 1 76 10.53
1 0 0 0 0 3 3 44 46 58 1 50 10.62
9 0 0 10 0 0 1 40 9 75 6.23
5 0 0 3 0 0 2 39 59 6 58 11.55
9 0 0 0 0 8 3 42 48 62 6 68 11.41
6 0 0 0 5 0 1 50 11 80 10.77
8 0 0 0 9 0 2 43 54 18 78 7.04
8 0 0 0 0 7 1 58 9 75 7.82
7 0 0 0 10 0 1 51 15 82 9.96
5 0 7 0 0 0 1 47 26 85 8.59
6 0 0 0 0 8 2 45 53 2 67 6.91
9 0 0 9 0 0 1 60 8 60 7.1
3 0 0 0 9 0 3 51 52 56 2 70 10.79
6 1 0 0 0 0 1 57 31 85 9.7
3 1 0 0 0 0 1 53 15 76 8.39
3 0 0 0 0 5 1 61 6 62 10.87
9 0 0 0 0 7 1 53 17 88 9.08
7 0 0 0 0 7 2 55 60 22 92 11.82
6 0 8 0 0 0 2 57 59 5 63 7.86
7 0 10 0 0 0 1 56 26 70 9.99
5 1 0 0 0 0 2 57 58 26 80 10.95
9 0 0 6 0 0 1 61 29 79 7.15
5 0 0 0 6 0 1 60 33 85 10.1
9 0 0 0 2 0 1 61 37 80 11.49
8 0 0 0 0 5 1 62 31 87 8.91
9 0 0 0 7 0 1 62 11 84 11.48
4 0 0 0 0 6 1 63 38 75 8.7
6 0 0 10 0 0 1 63 46 94 10.1
8 0 0 0 3 0 1 63 39 92 11.42
1 0 0 0 0 0 0 52 102 8.48
1 0 0 0 0 0 3 65 66 67 0 67 9.7
4 0 7 1 3 10 1 72 1 40 11.31
4 0 10 10 3 4 1 86 1 66 7.57
5 0 8 5 7 8 3 68 72 74 1 70 7.26
3 0 10 6 7 8 3 69 70 71 6 59 8.42
8 0 5 8 5 5 3 79 82 86 9 81 7.57
2 0 3 1 10 9 2 76 81 9 76 11.41
1 0 3 1 5 4 3 73 75 83 9 77 11.2
5 0 3 5 7 1 1 85 6 44 8.57
1 0 8 6 8 10 2 79 80 10 66 7.87
3 0 2 5 2 9 2 78 87 6 71 7.06
6 0 4 4 3 3 2 77 80 10 65 8.93
6 0 5 9 7 8 2 80 84 11 54 10.51
3 0 5 9 8 4 3 81 87 89 16 84 11.13
2 0 7 7 5 7 2 85 92 9 51 6.75
8 1 0 0 0 0 1 91 17 57 6.96
6 0 5 10 10 9 3 87 88 90 17 59 7.37
3 1 0 0 0 0 2 85 86 19 70 10.61
4 0 9 6 5 8 3 83 90 93 17 73 10.13
2 1 0 0 0 0 1 84 21 80 11.4
6 1 0 0 0 0 2 88 89 23 79 7.14
5 1 0 0 0 0 1 91 22 63 6.16
3 1 0 0 0 0 3 90 93 94 22 71 7.64
2 1 0 0 0 0 2 91 92 23 69 11.01
7 0 9 5 7 3 1 94 29 67 8.1
4 0 4 1 1 3 1 94 29 64 12.02
2 1 0 0 0 0 1 92 25 59 10.97
10 0 9 5 3 5 1 93 27 69 7.91
6 0 2 6 9 5 1 95 27 91 9.74
8 0 1 8 3 3 1 95 37 75 6.07
5 0 8 8 10 4 1 95 36 84 9.45
1 0 0 0 0 0 0 45 100 8.02
1 0 0 0 0 0 3 97 98 99 0 66 6.08
2 0 5 7 6 5 3 103 104 118 1 62 8.51
8 0 8 6 1 4 1 100 1 43 7.88
6 0 7 4 9 4 3 101 102 105 1 64 7.13
4 0 4 3 9 5 3 106 108 111 9 56 7.86
2 0 1 8 8 1 2 113 114 7 77 8.9
5 0 10 7 1 5 1 117 7 54 11.07
7 0 4 9 10 6 1 106 3 70 9.33
4 0 4 3 1 6 1 116 3 69 9.75
10 0 3 8 10 4 3 107 109 110 7 54 10.24
5 0 3 6 5 4 1 115 13 55 8.54
1 1 0 0 0 0 2 111 121 17 81 9.45
6 1 0 0 0 0 3 120 122 123 13 54 8.37
5 1 0 0 0 0 2 112 126 17 64 11.38
3 1 0 0 0 0 1 115 17 76 9.28
10 0 1 4 1 9 2 118 124 18 79 10.66
9 1 0 0 0 0 1 113 22 69 7.26
5 0 9 2 3 3 1 119 31 76 6.59
9 0 7 1 2 10 1 118 9 66 8.48
5 1 0 0 0 0 1 116 20 70 10.51
7 0 5 2 9 7 1 120 25 80 10.03
1 0 1 8 9 3 1 121 12 56 6.24
5 0 5 6 1 8 2 122 125 28 68 7.06
5 0 7 1 7 5 1 120 36 81 9.02
3 0 5 1 8 3 1 125 41 77 9.0
8 1 0 0 0 0 1 123 18 82 10.32
3 0 2 8 10 8 1 126 33 68 6.21
1 0 6 6 3 8 1 124 26 69 7.32
1 0 7 2 9 1 1 127 28 81 10.84
4 0 4 4 2 7 1 127 44 81 11.12
4 0 10 2 8 10 1 127 36 98 7.43
1 0 0 0 0 0 0 48 89 7.7
1 0 0 0 0 0 3 129 130 131 0 46 10.28
8 0 7 10 3 0 3 134 141 144 1 52 9.25
3 0 8 6 1 2 3 132 133 147 1 41 6.34
7 0 9 10 0 9 1 151 1 70 10.01
2 0 10 0 0 8 1 145 4 68 10.1
3 0 1 3 2 0 3 135 146 148 4 44 11.77
6 0 1 10 3 9 1 137 9 81 9.95
7 0 9 0 3 0 2 136 143 7 55 11.37
9 0 2 3 0 0 2 139 151 14 79 9.16
9 0 7 10 5 10 1 138 15 57 7.8
3 1 0 0 0 0 2 140 142 24 80 10.15
1 0 0 4 7 3 1 141 23 56 6.47
2 1 0 0 0 0 2 148 149 27 87 10.47
5 1 0 0 0 0 2 152 158 24 70 7.98
2 0 7 3 6 8 2 153 154 27 93 10.72
5 0 7 3 6 0 1 156 14 71 10.0
9 0 2 3 8 4 1 148 9 84 10.81
3 0 5 9 4 6 1 156 6 77 11.44
2 1 0 0 0 0 1 152 7 65 11.07
3 0 4 2 6 0 1 151 4 49 6.78
3 1 0 0 0 0 1 155 29 68 11.35
8 1 0 0 0 0 1 150 29 95 8.67
9 0 1 7 10 4 3 152 154 158 37 93 6.85
4 0 9 3 0 1 2 153 158 23 90 6.9
7 0 0 8 0 0 1 157 46 86 11.63
3 0 8 1 3 10 1 155 29 81 6.62
9 0 3 1 7 0 1 155 46 104 11.45
9 0 8 7 6 5 1 156 55 97 10.86
4 0 0 2 2 7 1 159 64 107 8.09
5 0 0 9 8 4 1 159 53 104 10.38
2 0 9 9 0 0 1 159 46 85 7.92
1 0 0 0 0 0 0 68 98 11.68
1 0 0 0 0 0 3 161 162 163 0 56 10.07
2 0 0 1 8 0 2 164 168 1 57 10.29
2 0 4 0 0 4 3 165 166 167 1 49 10.52
10 0 0 8 0 6 3 169 182 187 1 48 8.12
6 0 3 0 5 10 3 173 175 179 3 47 9.92
5 0 8 0 6 8 1 176 3 70 11.91
5 0 6 6 7 0 1 170 3 70 7.0
8 0 4 5 5 1 1 190 3 66 8.97
5 0 5 0 4 0 3 171 172 177 3 57 8.81
10 0 8 6 6 9 2 175 188 11 85 10.05
3 0 6 0 10 0 2 177 181 8 52 6.9
8 0 1 6 8 1 1 178 8 68 10.77
3 0 0 10 2 9 2 174 186 8 49 9.23
9 0 4 0 3 6 1 190 9 54 11.16
1 0 2 9 2 2 1 184 11 59 8.84
1 1 0 0 0 0 3 178 180 183 21 80 9.47
1 0 9 8 5 0 1 179 8 54 6.93
3 0 1 1 0 6 1 184 11 62 8.33
2 1 0 0 0 0 1 186 22 83 7.78
6 1 0 0 0 0 1 189 9 78 6.72
10 1 0 0 0 0 1 185 22 67 9.83
10 0 6 5 8 9 2 184 188 11 66 9.01
2 0 0 0 5 8 1 185 11 65 8.66
7 1 0 0 0 0 1 189 22 71 7.81
3 0 3 0 0 10 1 189 21 76 6.41
9 0 10 8 6 0 1 186 32 92 7.26
3 0 0 8 9 2 1 190 41 76 6.95
2 0 5 7 8 0 1 188 11 60 6.96
4 0 8 8 10 3 1 191 21 90 11.16
6 0 3 5 4 10 1 191 29 98 9.83
6 0 6 4 9 0 1 191 44 92 10.49
1 0 0 0 0 0 0 50 108 9.99
113.78 103.11 97.31 93.57 97.3 108.18 117.87 119.7 103.12 87.75 81.22 77.69 71.95 65.01 58.01 67.28 85.23 99.88 117.0 150.05 186.21 164.52 128.73 114.94 107.59 102.64 92.71 88.22 87.18 93.0 110.69 113.26 106.74 90.29 76.31 64.27 61.73 49.76 50.47 64.91 83.37 100.22 117.11 136.16 147.62 144.83 120.52 110.6 97.93 92.89 85.63 82.27 82.94 88.98 106.05 112.86 111.66 103.18 88.93 85.5 82.8 81.76 78.61 83.81 91.1 95.54 105.52 125.0 143.17 134.85 116.44 108.94 105.09 100.09 91.7 89.3 90.21 93.89 108.91 114.11 105.92 93.1 85.0 77.07 70.17 67.76 57.1 71.34 88.48 94.73 112.75 128.76 139.96 134.5 125.07 114.18 107.84 99.69 96.24 96.29 97.95 107.46 116.86 115.82 109.4 97.77 84.84 82.01 80.0 73.02 71.2 72.68 87.65 91.87 101.9 120.0 142.41 139.5 124.58 111.94 103.49 104.13 102.01 99.65 96.93 95.73 97.07 86.1 78.11 52.32 10.0 0.65 0.0 -0.01 0.0 4.09 40.39 84.6 106.66 115.13 120.72 111.15 105.48 98.02 98.1 88.55 91.3 99.42 99.81 96.71 95.24 78.03 74.6 40.61 8.52 1.96 0.0 -0.01 0.0 8.53 69.88 94.7 104.51 115.63 122.54 126.75 117.31 108.24 91.62 84.97 84.12 83.96 84.96 94.24 116.33 123.34 118.99 105.0 97.67 93.45 84.94 83.84 82.95 84.94 92.6 103.86 119.85 145.57 111.39 113.65 101.91 99.9 90.37 87.53 84.89 82.27 83.7 91.4 109.11 108.66 100.22 91.99 83.17 70.01 64.53 23.99 12.57 42.89 69.94 87.04 112.05 135.55 99.43 106.55 101.3 101.58 93.63 88.67 88.96 84.58 88.72 93.04 95.34 102.74 96.5 82.81 70.63 76.77 69.62 69.5 69.06 70.66 82.27 95.45 122.48 181.21 176.27 93.76 98.89 100.0 97.21 99.22 94.6 93.45 95.37 102.99 110.98 115.44 109.36 96.42 89.86 85.09 82.69 83.21 84.56 89.86 98.56 105.66 106.58 110.0 102.96 123.04 107.47 106.47 109.66 104.06 98.39 94.29 98.85 99.2 110.0 112.29 110.94 98.44 94.93 85.24 83.33 80.31 78.77 86.34 91.55 92.77 116.96 137.6 183.66 135.21 105.39 107.18 108.78 103.92 94.8 96.0 96.45 97.0 98.78 97.23 88.72 87.08 81.02 76.61 67.54 63.14 62.17 71.96 85.2 100.69 92.47 93.86 100.81 115.0 113.62 107.99 102.03 97.0 92.48 89.38 90.06 87.17 87.86 85.6 80.85 80.1 77.09 71.24 46.2 15.04 8.85 17.66 47.08 81.86 82.62 90.79 94.59 115.47 110.0 102.57 97.87 87.02 82.24 80.38 80.8 86.2 105.62 116.88 118.42 108.0 100.75 93.19 84.1 80.21
