224 5
1 37 35 32 30
1 0 0 0 0 0 3 1 2 3 0 79 14.96
4 0 5 10 0 0 3 5 11 19 1 65 20.01
10 0 8 0 0 0 2 4 15 1 81 20.22
1 0 0 9 3 6 3 4 7 11 1 63 17.61
10 0 9 0 5 0 3 6 10 17 11 82 15.71
8 0 6 0 4 7 2 6 15 5 73 21.05
2 0 8 0 0 10 3 9 22 25 21 91 12.82
2 0 3 10 0 5 3 8 12 28 2 72 18.26
3 0 0 0 0 8 1 14 4 58 18.8
4 1 0 0 0 0 3 16 21 23 23 97 11.09
4 0 0 7 0 0 3 12 13 23 21 80 19.5
1 1 0 0 0 0 3 12 20 23 5 52 12.11
3 1 0 0 0 0 3 16 24 25 25 70 12.05
10 0 0 0 4 2 3 16 18 28 25 99 17.55
7 0 0 0 0 4 3 15 17 18 7 69 14.82
9 0 1 0 9 0 2 25 27 14 64 14.34
6 1 0 0 0 0 2 27 30 35 94 19.39
8 0 0 0 5 0 3 19 20 30 21 79 12.4
6 1 0 0 0 0 3 19 20 26 35 111 20.72
8 0 0 4 0 5 2 21 22 41 84 17.97
2 1 0 0 0 0 2 21 22 41 103 20.35
7 0 0 0 0 7 2 24 27 49 104 12.63
5 0 9 1 0 5 1 24 49 115 13.99
3 0 0 1 2 0 2 26 28 27 73 11.05
7 0 3 1 0 7 1 29 56 103 12.29
9 0 0 0 10 10 2 26 29 28 103 13.15
7 0 0 4 6 8 1 30 41 96 12.68
4 0 0 6 1 0 1 29 56 112 19.04
8 1 0 0 0 0 1 31 35 86 20.08
1 0 8 0 0 10 1 31 63 125 18.52
10 0 8 0 8 4 1 31 48 107 17.56
1 0 0 0 0 0 0 64 124 19.32
1 0 0 0 0 0 3 33 34 35 0 79 12.61
5 0 0 0 5 0 3 38 51 58 1 61 18.05
6 0 0 10 0 0 2 36 41 1 79 17.77
2 0 0 0 0 2 3 37 39 40 1 45 12.95
8 0 0 0 0 5 1 43 7 77 15.61
2 0 8 0 0 0 2 59 60 3 43 17.67
4 0 0 0 4 0 3 46 47 56 6 63 12.6
9 0 1 0 0 0 2 42 55 3 68 17.28
1 0 0 0 0 10 1 57 3 68 13.16
1 0 0 6 0 0 3 44 45 48 7 49 12.74
6 1 0 0 0 0 1 58 12 86 18.23
7 1 0 0 0 0 1 47 15 72 19.28
3 0 0 0 0 9 1 62 8 68 17.42
8 0 0 0 9 0 2 49 50 8 74 10.8
7 0 7 0 0 0 1 53 10 57 17.09
5 0 0 5 0 0 1 61 22 82 15.18
9 0 0 0 0 1 2 57 58 8 74 18.94
3 0 0 0 0 7 1 56 16 84 14.22
4 1 0 0 0 0 1 52 16 73 16.23
2 0 0 2 0 0 1 55 6 58 16.33
4 0 0 0 1 0 2 53 54 20 66 18.96
10 0 0 0 3 0 1 61 24 73 13.81
5 0 0 0 0 7 1 56 24 76 19.36
4 0 0 0 0 3 1 57 12 83 14.1
2 0 0 3 0 0 1 62 29 82 14.17
8 1 0 0 0 0 1 61 17 81 18.71
5 0 6 0 0 0 2 59 60 18 81 15.96
8 0 0 0 0 9 1 62 23 81 14.99
9 0 0 6 0 0 1 63 23 94 16.94
1 0 0 6 0 0 1 63 34 96 17.45
1 0 0 0 0 3 1 63 31 93 15.24
1 0 0 0 0 0 0 35 93 20.34
1 0 0 0 0 0 3 65 66 67 0 64 20.74
10 0 2 10 7 2 3 68 70 88 1 78 15.36
9 0 10 10 8 8 2 73 75 1 54 12.56
3 0 3 7 5 7 3 70 71 77 1 44 16.77
5 0 1 1 6 5 1 69 11 90 12.83
10 0 10 5 6 7 3 72 76 87 16 79 15.12
4 1 0 0 0 0 3 78 79 94 11 81 12.53
9 0 1 9 5 8 1 82 4 57 10.96
3 1 0 0 0 0 2 74 85 26 98 20.97
6 0 8 10 3 9 1 89 10 53 16.27
2 1 0 0 0 0 2 79 84 29 97 19.01
3 0 7 3 8 9 1 80 10 75 19.19
2 1 0 0 0 0 2 81 90 26 71 13.22
6 1 0 0 0 0 1 86 4 85 11.65
8 0 8 7 3 8 1 85 15 66 15.25
2 0 9 5 7 2 2 82 92 31 91 11.52
5 0 3 5 3 3 1 83 13 82 18.17
7 0 10 4 1 4 2 82 86 28 89 11.94
4 0 6 9 2 2 1 93 35 93 21.15
9 0 1 8 3 10 1 92 18 64 19.28
6 0 3 9 3 5 1 93 31 91 18.17
5 0 4 4 8 1 1 90 29 83 11.13
7 0 8 6 9 6 1 91 35 86 19.56
2 0 3 9 9 7 1 89 26 79 19.19
8 0 9 7 9 8 1 92 11 81 12.36
10 0 5 2 7 3 2 90 91 28 108 12.94
2 0 8 4 2 9 1 93 38 76 15.63
7 0 7 4 8 5 1 94 42 111 14.66
8 0 1 7 7 2 1 95 33 89 20.24
5 0 2 1 5 8 1 95 40 83 14.97
10 0 5 5 7 3 1 95 49 94 10.94
1 0 0 0 0 0 0 59 120 15.63
1 0 0 0 0 0 3 97 98 99 0 64 11.85
1 0 0 0 10 0 3 100 115 119 1 60 11.79
5 0 0 0 0 5 3 106 109 119 1 52 14.1
7 0 0 0 0 3 3 101 102 103 1 66 13.32
6 0 0 0 9 0 2 104 109 2 47 16.96
2 0 0 0 0 7 2 104 107 8 83 14.1
9 0 0 2 0 0 1 104 8 91 13.87
4 0 0 2 0 0 3 105 110 116 8 54 16.43
9 1 0 0 0 0 2 108 114 17 85 21.33
7 0 0 0 0 2 3 107 112 113 12 90 16.12
3 0 0 0 0 8 3 110 111 117 6 77 16.18
10 1 0 0 0 0 1 126 19 76 20.62
6 0 0 0 8 0 2 110 124 26 100 16.69
9 0 0 0 0 2 1 112 8 87 19.44
4 0 0 0 3 0 1 123 32 83 14.22
5 0 0 0 8 0 3 115 118 123 9 60 14.54
10 1 0 0 0 0 1 122 19 68 11.04
10 0 0 0 1 0 3 114 119 124 19 79 17.89
5 0 0 10 0 0 1 123 29 94 20.54
10 0 0 0 0 5 1 122 14 94 13.7
1 0 0 1 0 0 3 118 120 121 12 84 20.95
1 0 0 10 0 0 2 120 121 9 56 16.3
8 0 0 0 0 2 1 126 14 61 11.91
10 0 0 1 0 0 2 120 121 29 92 11.2
3 0 9 0 0 0 1 125 39 94 18.57
4 0 8 0 0 0 1 126 39 100 14.5
3 0 0 0 3 0 2 124 125 29 95 12.72
4 0 0 1 0 0 1 125 36 97 11.1
3 0 0 10 0 0 1 127 32 70 16.16
3 0 0 6 0 0 1 127 42 96 13.67
2 0 0 6 0 0 1 127 43 88 19.29
1 0 0 0 0 0 0 45 85 18.12
1 0 0 0 0 0 3 129 130 131 0 67 15.74
4 0 5 5 0 10 2 135 139 1 64 18.34
8 0 5 3 6 4 3 133 141 150 1 70 11.09
8 0 2 5 0 10 3 132 134 139 1 61 21.2
4 0 3 7 7 0 3 133 142 143 9 69 18.33
1 0 9 0 1 5 3 136 137 149 13 77 10.77
7 0 4 9 7 0 3 136 137 138 9 61 16.74
9 0 2 0 0 10 3 138 141 146 5 77 15.18
3 1 0 0 0 0 3 145 151 152 16 91 12.86
8 1 0 0 0 0 2 145 151 16 73 14.86
5 0 3 5 0 0 2 147 153 16 92 17.1
2 0 0 6 10 8 3 140 148 149 9 83 15.91
10 0 9 1 5 0 3 143 146 147 11 78 18.08
3 0 7 9 0 9 2 143 144 14 90 18.47
3 0 0 0 1 4 3 147 148 154 13 61 17.52
8 1 0 0 0 0 3 152 153 155 21 77 13.38
4 1 0 0 0 0 3 145 149 152 17 93 15.46
7 0 4 4 5 3 2 148 155 24 72 21.14
10 0 8 10 6 7 3 150 154 157 21 73 12.24
4 0 9 9 6 5 1 150 21 87 19.57
7 0 3 0 3 9 1 156 31 96 10.92
4 1 0 0 0 0 3 151 153 155 21 88 17.13
1 0 8 0 9 0 1 158 31 68 19.42
10 0 0 1 7 4 1 157 25 88 15.75
8 0 4 10 10 9 1 158 29 82 18.11
4 0 0 10 0 0 1 154 29 83 17.56
8 0 0 2 7 6 1 156 33 101 14.72
2 0 1 7 3 4 3 156 157 158 31 78 10.88
2 0 4 2 4 6 1 159 41 80 19.26
6 0 6 3 1 0 1 159 35 82 14.24
2 0 0 4 7 4 1 159 37 76 11.74
1 0 0 0 0 0 0 43 89 16.6
1 0 0 0 0 0 3 161 162 163 0 64 19.42
10 0 9 9 8 4 2 166 172 1 51 13.56
10 0 3 9 5 10 3 173 179 185 1 75 13.99
10 0 6 5 5 9 3 164 167 176 1 70 12.4
5 0 5 1 6 7 3 165 168 189 11 88 15.53
6 0 1 7 6 6 3 166 173 180 16 75 21.04
5 0 2 7 7 3 2 175 183 22 73 16.51
10 0 9 9 3 2 3 169 173 183 11 71 16.68
1 1 0 0 0 0 1 181 16 90 14.36
2 1 0 0 0 0 2 170 187 21 78 14.23
1 1 0 0 0 0 3 171 174 180 23 60 18.09
5 1 0 0 0 0 1 178 24 74 16.55
7 1 0 0 0 0 2 175 182 11 66 13.7
10 1 0 0 0 0 2 175 182 22 84 14.11
1 1 0 0 0 0 1 177 24 71 20.35
9 1 0 0 0 0 2 187 188 32 110 13.65
6 0 10 7 3 1 1 184 11 66 16.42
7 0 2 10 3 4 1 184 25 73 20.98
1 0 7 4 5 4 3 184 185 188 29 72 18.29
3 1 0 0 0 0 2 180 183 11 67 17.23
3 0 9 6 7 7 1 181 24 85 16.87
5 0 5 9 7 7 2 182 186 27 74 12.86
6 0 8 2 2 4 2 188 190 32 98 14.47
4 0 2 1 8 5 2 186 187 27 74 16.7
4 0 2 7 5 2 2 186 189 32 105 20.4
8 0 7 1 5 6 1 189 30 88 21.19
10 0 6 10 7 5 1 190 36 96 17.0
10 0 5 2 1 6 1 190 41 111 12.18
10 0 8 10 1 10 1 191 41 109 20.34
7 0 2 2 10 2 1 191 38 108 18.01
4 0 10 4 9 1 1 191 51 121 20.04
1 0 0 0 0 0 0 55 99 15.67
1 0 0 0 0 0 3 193 194 195 0 70 10.86
6 0 1 0 0 2 1 198 1 80 16.58
9 0 7 7 3 0 2 199 204 1 73 15.79
7 0 10 0 10 3 3 196 197 209 1 59 19.66
1 0 1 0 8 9 2 202 206 8 55 18.34
2 0 0 0 5 9 3 200 203 208 8 75 17.73
5 0 5 0 10 0 2 201 211 7 77 10.82
7 0 0 0 3 9 2 213 217 10 72 18.54
7 0 0 5 1 0 2 207 215 10 69 15.9
7 0 7 2 0 0 2 216 220 12 79 13.83
1 0 8 0 3 10 1 204 9 85 20.97
3 0 5 6 0 0 2 219 221 10 65 17.12
1 0 0 7 0 8 3 205 210 220 10 61 13.71
8 0 8 0 10 4 1 214 11 61 11.53
1 0 9 0 0 0 1 218 9 55 11.1
7 0 0 0 0 9 1 218 17 75 20.04
1 0 0 0 10 0 1 210 10 79 13.6
2 0 3 7 0 0 1 216 8 50 14.13
6 0 0 0 0 8 1 212 11 64 11.05
4 0 0 9 5 0 2 215 221 12 53 18.61
9 0 0 6 0 0 1 216 17 87 14.17
6 1 0 0 0 0 1 222 17 63 18.14
5 1 0 0 0 0 1 218 19 74 21.14
2 1 0 0 0 0 2 217 222 17 75 14.12
9 0 9 0 8 0 1 222 26 86 13.95
1 1 0 0 0 0 1 219 19 66 18.6
2 1 0 0 0 0 1 221 24 77 17.53
8 1 0 0 0 0 1 220 20 73 14.63
5 0 0 9 9 5 1 223 28 93 20.35
5 0 5 6 0 0 1 223 26 94 17.13
10 0 4 4 8 6 1 223 35 105 12.83
1 0 0 0 0 0 0 45 107 18.6
92.44 90.35 89.52 89.69 89.81 100.0 130.03 212.21 164.86 120.68 91.09 86.24 80.0 78.5 85.11 89.16 102.3 134.81 274.59 402.21 165.12 121.13 101.83 89.41 101.42 98.15 97.22 96.68 99.78 101.37 137.47 244.0 209.23 136.34 116.64 98.43 89.56 88.06 89.94 98.77 114.54 156.02 250.86 356.15 138.73 104.71 95.0 91.39 85.56 82.32 78.54 90.17 89.01 97.37 127.3 175.46 138.74 105.23 86.5 75.97 71.47 74.29 78.48 87.45 98.01 135.0 249.52 339.75 150.72 113.11 98.93 90.99 91.44 88.59 87.5 90.3 92.28 96.83 130.8 179.79 137.16 100.04 91.26 79.97 68.09 63.52 74.36 83.69 90.02 124.84 173.05 188.22 126.3 101.78 99.9 88.26 86.63 77.25 74.57 74.96 77.73 89.46 118.58 130.22 111.44 90.17 64.99 43.12 28.56 20.18 31.7 59.82 82.79 110.97 146.1 140.78 107.36 78.64 62.33 36.3 52.99 40.71 44.13 21.12 24.5 4.81 28.02 46.89 51.67 36.88 19.0 2.03 0.72 3.81 18.98 40.01 46.27 40.39 37.87 72.34 49.47 17.08 35.7 3.26 -0.79 1.27 -1.09 -1.17 -1.06 -0.99 -1.72 -0.31 15.04 16.23 16.02 10.44 15.94 6.66 1.62 6.57 8.03 64.94 100.81 185.0 136.63 65.0 65.0 65.0 53.01 86.57 63.27 42.37 20.73 25.66 105.0 120.0 110.01 120.0 101.53 90.62 89.43 83.92 93.3 92.2 94.16 110.0 127.96 158.37 126.94 120.19 119.33 105.89 100.68 94.18 90.38 90.07 93.83 97.29 134.49 228.56 284.54 208.59 152.29 131.35 112.92 108.5 107.75 115.64 124.61 152.46 204.46 217.86 146.41 123.24 107.42 97.48 93.45 88.44 87.56 87.2 90.27 98.29 116.8 154.23 165.96 134.62 117.18 104.18 91.34 90.11 91.41 100.62 118.7 148.89 179.14 198.98 140.0 112.81 108.86 98.07 97.38 92.95 93.66 91.76 94.02 102.79 126.61 144.82 149.94 133.23 110.81 98.32 94.14 89.59 88.91 97.61 99.46 109.39 116.52 114.63 106.55 96.17 88.08 77.77 86.49 84.36 79.52 78.04 78.04 78.01 93.58 111.82 121.99 107.93 93.33 82.88 77.77 77.75 80.96 91.5 96.87 111.41 107.47 109.56 105.76 97.8 93.51 91.53 92.96 88.84 87.79 84.61 82.75 85.05 90.27 96.75 100.46 94.54 84.96 74.92 59.14 45.84 49.82 77.57 87.3 116.24 125.9 130.5 120.98 113.33 107.49 95.15 96.33 93.02 89.62 86.28 87.45 88.01 88.89 89.54 88.81 84.69 80.78 76.54 52.46 52.59 65.38 84.17 92.42 105.35 102.41 108.53 108.56 108.8 108.75 93.97 94.62 91.27 92.03 91.57 96.57 100.54 122.73 204.07 195.24 148.74 127.45 113.19 95.92 91.31 94.34 104.46 111.58 165.0 287.83 287.51 167.91 124.82 122.0 111.66 109.86 103.77 100.41 100.32 101.8 107.57 128.3 169.18 197.16 159.02 134.08 121.54 109.67 106.57 113.28 130.91 157.9 221.54 391.95 400.62 217.31 150.0 126.38 114.46 117.0 113.79 109.43 105.67 108.85 115.33 155.0 282.83
