224 5
1 45 35 37 37
1 0 0 0 0 0 3 1 2 3 0 87 9.98
10 0 10 7 8 10 3 7 11 18 1 77 11.86
3 0 1 5 2 10 3 4 5 6 1 63 9.77
7 0 3 3 4 10 1 13 1 58 17.37
2 0 6 9 4 9 2 10 28 4 51 9.91
5 0 3 4 7 5 3 19 27 29 4 53 11.51
6 0 10 9 3 8 2 8 15 4 71 11.09
7 0 7 2 3 10 2 9 22 11 95 14.48
1 0 8 6 10 3 1 16 10 84 11.96
3 1 0 0 0 0 1 16 18 91 12.88
4 0 10 9 10 4 1 21 6 90 13.62
8 0 1 7 5 6 2 12 14 11 69 9.91
4 1 0 0 0 0 3 16 25 27 19 105 11.82
6 0 9 4 2 7 1 19 8 97 10.43
1 1 0 0 0 0 2 19 25 19 77 11.07
3 0 7 9 4 7 1 29 10 85 17.15
1 1 0 0 0 0 2 17 26 23 88 11.82
2 1 0 0 0 0 1 20 24 90 13.49
4 0 8 7 8 9 1 28 11 91 10.72
4 1 0 0 0 0 1 21 20 84 14.86
2 1 0 0 0 0 1 23 26 104 9.76
4 0 2 6 10 4 1 30 24 69 16.66
4 0 2 4 1 6 1 26 18 68 12.38
1 1 0 0 0 0 1 24 28 93 15.46
10 0 8 10 4 9 1 28 29 116 12.29
4 1 0 0 0 0 2 26 29 23 89 15.09
10 0 3 6 8 5 1 30 27 96 10.62
7 1 0 0 0 0 1 30 23 82 13.19
10 0 9 9 3 5 1 31 39 103 17.24
2 1 0 0 0 0 1 31 27 99 17.27
2 0 8 6 8 8 1 31 37 110 15.63
1 0 0 0 0 0 0 49 102 9.6
1 0 0 0 0 0 3 33 34 35 0 48 9.63
6 0 3 5 9 3 1 36 1 60 13.41
6 0 10 2 7 0 1 42 1 74 15.91
8 0 0 2 6 10 3 38 39 47 1 54 14.78
5 0 9 3 5 9 1 37 7 63 12.53
8 1 0 0 0 0 1 50 12 91 16.76
2 0 0 6 7 0 3 40 55 59 9 82 14.08
5 0 5 5 0 2 2 53 56 9 69 12.26
5 0 0 8 0 7 3 41 43 45 11 80 17.24
6 0 7 9 5 9 3 44 46 48 16 70 15.75
3 0 3 6 4 0 3 49 60 62 7 70 13.51
6 0 8 1 5 0 1 48 16 104 14.19
4 0 6 0 6 3 2 52 56 22 73 8.73
5 1 0 0 0 0 2 51 57 16 86 9.2
6 0 0 8 0 8 1 60 22 90 12.69
6 1 0 0 0 0 1 53 9 59 9.05
5 1 0 0 0 0 1 50 22 108 17.26
4 0 3 1 7 0 2 54 58 10 96 17.04
4 0 8 6 8 8 2 52 61 27 109 15.35
7 0 8 7 0 5 1 52 21 96 10.79
9 0 0 3 9 10 1 53 31 101 17.05
8 0 3 1 0 10 1 60 40 124 14.1
7 1 0 0 0 0 1 61 14 76 10.96
2 0 1 6 10 0 1 58 11 70 14.23
5 0 0 5 2 5 1 58 26 77 11.05
5 1 0 0 0 0 1 62 21 105 11.59
3 0 4 0 5 0 1 61 31 105 10.63
4 0 8 0 6 1 1 62 11 71 10.06
8 0 8 4 7 5 1 63 48 117 9.18
7 0 0 2 2 8 1 63 34 89 10.07
6 0 10 6 9 0 1 63 26 99 9.36
1 0 0 0 0 0 0 56 106 13.35
1 0 0 0 0 0 3 65 66 67 0 88 10.7
5 0 6 3 5 5 3 84 89 90 1 77 12.21
9 0 9 10 10 9 3 68 72 73 1 83 14.77
9 0 8 10 2 9 3 69 75 76 1 64 11.23
1 0 6 4 1 4 3 70 71 74 10 68 9.14
6 0 4 2 5 10 3 78 81 82 10 60 16.0
7 0 10 3 1 5 1 80 11 85 10.29
8 0 6 1 10 3 3 75 76 77 11 100 8.98
9 0 6 8 1 6 1 93 10 72 13.22
5 0 9 2 9 3 3 86 87 91 10 61 15.58
10 0 3 8 4 10 2 85 92 11 103 14.92
2 0 4 5 1 2 1 84 19 75 13.11
3 0 7 1 3 6 2 78 79 19 90 12.92
9 0 10 8 3 4 3 80 83 88 19 83 14.39
6 0 10 2 6 2 1 86 22 86 10.09
2 1 0 0 0 0 2 81 84 22 86 16.06
3 1 0 0 0 0 1 86 28 83 12.57
9 1 0 0 0 0 3 87 90 93 24 98 16.8
8 0 6 10 5 5 2 83 91 16 93 9.98
7 1 0 0 0 0 1 85 28 92 10.0
9 1 0 0 0 0 2 87 92 24 101 16.23
7 0 1 10 7 5 2 89 93 35 87 10.45
1 1 0 0 0 0 1 94 31 95 9.55
10 0 3 10 2 5 1 94 33 102 14.91
9 0 1 1 1 6 2 89 90 28 92 11.38
7 0 4 6 2 6 1 94 42 122 9.46
9 0 8 10 10 9 1 91 37 106 12.81
4 0 10 10 8 2 1 92 46 106 10.32
4 0 2 3 1 3 1 95 50 116 16.93
10 0 6 9 2 1 1 95 42 104 10.99
9 0 10 2 1 2 1 95 49 95 14.86
1 0 0 0 0 0 0 58 132 14.56
1 0 0 0 0 0 3 97 98 99 0 61 9.32
10 0 6 2 10 9 3 100 101 110 1 96 17.27
10 0 1 1 3 9 2 102 103 1 82 15.28
9 0 2 9 3 5 3 102 104 112 1 60 13.51
6 0 7 4 3 3 3 116 120 122 11 65 14.77
9 0 6 9 8 9 3 106 107 108 11 62 13.12
3 0 9 3 2 8 3 109 114 116 11 79 9.62
4 0 1 4 7 2 3 112 113 116 11 98 13.61
4 0 8 5 2 6 3 105 106 109 10 98 16.88
7 0 8 4 6 6 1 107 14 76 16.05
6 0 8 1 4 1 1 111 20 95 15.04
10 0 1 5 8 9 2 111 113 21 73 17.02
4 0 10 10 1 7 2 112 122 20 68 15.99
3 0 4 4 5 3 3 117 118 121 14 74 16.81
1 0 1 4 7 5 1 126 11 96 12.2
7 0 9 10 9 9 2 118 119 31 93 14.16
10 1 0 0 0 0 1 120 24 84 15.69
1 0 9 9 4 6 2 115 118 31 98 10.21
1 0 5 5 8 3 1 115 14 86 14.97
4 1 0 0 0 0 2 119 121 32 81 16.59
6 0 9 10 3 5 1 124 17 64 12.51
8 0 10 4 1 9 2 119 120 17 85 11.45
8 0 10 1 7 5 1 126 38 85 8.75
4 1 0 0 0 0 1 126 38 111 16.37
1 1 0 0 0 0 2 123 124 34 111 15.91
9 0 8 2 10 7 1 122 36 87 15.6
10 0 3 2 5 8 2 123 124 45 122 9.83
2 0 7 3 6 5 1 125 55 116 9.82
8 0 5 9 6 7 1 127 55 102 13.4
9 0 5 7 3 8 1 127 57 135 14.07
3 0 4 5 10 1 1 127 46 87 16.7
1 0 0 0 0 0 0 66 139 16.91
1 0 0 0 0 0 3 129 130 131 0 84 13.76
4 0 5 6 7 7 3 137 139 147 1 77 15.25
5 0 8 7 6 10 3 133 143 149 1 85 12.58
3 0 6 9 4 6 2 132 133 1 77 11.1
6 0 8 2 10 4 3 136 139 146 4 68 9.66
6 0 5 6 4 10 3 134 137 138 6 59 14.56
1 0 7 5 10 6 3 135 144 147 12 74 11.5
1 0 4 9 8 9 3 142 145 154 13 64 15.68
10 0 8 4 1 7 3 143 147 149 10 75 13.78
5 0 4 6 6 5 3 140 142 152 12 68 9.39
6 0 2 10 1 9 3 140 150 151 12 71 13.55
5 0 3 1 9 4 3 140 143 151 10 90 10.82
3 1 0 0 0 0 3 141 144 156 18 101 15.28
9 1 0 0 0 0 2 154 157 21 73 10.43
9 0 6 9 3 6 3 150 156 158 17 69 16.49
7 1 0 0 0 0 3 144 145 155 20 81 14.31
9 0 3 2 5 6 3 148 153 157 27 89 12.07
6 0 1 9 1 10 1 152 27 96 13.23
2 0 4 3 8 10 2 148 149 10 72 12.9
4 0 4 6 2 7 2 148 150 20 70 14.32
1 0 5 2 9 5 1 154 36 94 11.63
4 1 0 0 0 0 3 151 152 155 20 103 11.59
9 0 3 1 3 4 1 155 26 90 10.68
9 0 2 7 10 4 1 153 24 73 12.54
4 0 2 2 5 9 2 153 156 33 80 15.28
3 0 9 5 2 7 1 158 37 97 12.31
6 0 5 6 9 9 1 158 37 103 9.29
8 0 1 9 7 3 1 157 35 101 10.95
4 0 2 7 10 8 1 159 37 110 13.74
2 0 6 9 4 5 1 159 43 88 14.94
1 0 9 6 7 9 1 159 43 120 11.62
1 0 0 0 0 0 0 45 95 14.04
1 0 0 0 0 0 3 161 162 163 0 63 15.75
6 0 0 3 0 0 3 169 176 185 1 65 9.45
2 0 9 9 9 0 3 164 165 171 1 86 8.88
8 0 8 0 4 0 3 164 165 166 1 53 15.12
1 0 0 9 4 0 3 173 175 190 9 76 13.63
9 0 0 0 8 0 2 172 181 9 79 14.28
5 0 0 9 0 3 3 167 173 177 9 89 16.95
3 0 0 5 0 9 3 168 169 174 14 67 15.33
3 0 0 0 9 0 3 170 172 181 17 100 16.93
1 0 9 5 2 0 2 186 187 17 94 12.77
9 1 0 0 0 0 2 175 178 20 97 14.49
8 0 0 0 0 8 3 176 177 187 3 92 14.85
3 0 2 0 10 0 3 175 179 184 20 75 14.79
3 0 9 0 3 5 3 176 179 184 14 85 15.81
9 0 3 6 0 8 2 178 190 17 92 9.45
9 1 0 0 0 0 3 183 185 187 29 84 14.15
1 0 1 9 0 7 1 188 17 70 10.74
1 0 0 0 2 0 3 178 179 181 14 61 14.36
1 1 0 0 0 0 3 180 182 184 29 87 13.06
10 1 0 0 0 0 2 180 182 23 98 10.45
6 0 8 0 0 6 2 183 188 33 98 17.19
1 1 0 0 0 0 2 182 190 20 64 13.0
8 0 1 0 5 0 2 183 185 33 114 9.6
9 0 0 6 6 0 1 189 41 110 13.82
5 1 0 0 0 0 2 186 189 30 97 14.64
4 0 0 3 3 4 1 186 41 94 16.68
5 0 0 9 5 0 1 188 45 111 9.44
8 0 4 0 0 0 1 189 38 96 16.48
1 0 5 7 7 3 1 191 50 124 13.93
9 0 0 0 10 0 1 191 50 98 15.72
10 0 9 0 0 9 1 191 26 89 8.81
1 0 0 0 0 0 0 59 103 13.99
1 0 0 0 0 0 3 193 194 195 0 48 17.25
7 0 3 2 0 6 1 199 1 57 10.58
1 0 0 0 7 5 3 196 197 198 1 65 16.08
7 0 0 0 4 0 2 200 213 1 61 14.28
7 0 0 0 2 10 1 199 2 71 9.05
4 0 9 2 10 0 3 202 212 216 2 57 12.38
10 0 5 10 7 2 2 201 204 2 85 17.26
7 0 0 0 8 0 2 207 208 9 83 11.72
9 0 10 0 0 4 1 220 8 67 16.06
8 0 6 0 0 0 3 203 208 209 12 61 16.78
9 0 7 0 0 0 3 206 211 213 6 74 16.14
1 0 0 10 8 0 1 205 20 75 11.47
3 1 0 0 0 0 1 217 12 99 9.81
3 1 0 0 0 0 2 214 222 21 68 9.42
10 0 4 0 0 5 1 217 15 100 15.11
6 0 0 0 7 1 1 210 16 84 11.4
7 0 8 9 0 10 1 221 20 94 12.72
8 0 9 5 0 0 3 215 218 219 20 101 12.7
7 1 0 0 0 0 1 215 22 100 10.07
9 1 0 0 0 0 1 218 15 76 13.6
9 0 0 2 0 0 2 213 222 6 70 12.09
10 1 0 0 0 0 1 220 15 94 17.12
2 0 7 0 7 0 1 217 24 94 13.69
1 0 0 0 8 0 1 221 29 85 12.49
4 1 0 0 0 0 1 219 6 63 14.41
1 0 9 0 0 9 1 221 26 86 9.23
3 0 6 7 0 0 1 222 28 98 10.24
1 0 3 10 5 0 1 220 28 89 11.98
4 0 7 0 7 6 1 223 29 74 9.8
7 0 7 6 2 0 1 223 30 108 10.84
4 0 0 4 3 0 1 223 31 79 13.3
1 0 0 0 0 0 0 37 106 17.29
111.21 104.19 97.44 94.3 100.58 111.92 132.74 136.4 113.64 94.79 70.9 28.81 12.77 5.0 8.0 28.58 74.99 99.3 116.82 149.23 231.01 154.91 129.65 114.48 116.99 107.35 104.17 106.33 112.6 121.82 144.38 132.49 97.54 77.61 62.82 16.0 7.74 9.07 10.87 28.29 72.91 99.9 109.98 132.32 193.13 152.12 121.93 110.2 107.93 102.33 97.9 94.9 93.7 102.49 112.48 116.54 107.82 84.82 42.22 57.3 50.0 45.17 55.07 70.54 71.62 110.3 122.4 179.0 114.35 110.27 100.72 90.0 101.9 91.14 86.89 86.53 87.33 94.1 112.33 112.03 103.39 98.92 92.89 88.25 90.0 81.26 84.62 95.73 98.9 112.07 134.29 123.69 154.93 131.5 119.6 105.0 104.4 96.58 90.17 89.74 96.2 110.05 132.28 136.37 118.04 88.47 74.43 61.31 23.0 19.58 20.0 64.98 63.58 68.39 114.95 137.77 181.42 146.75 128.14 110.68 106.05 95.88 89.49 84.88 83.36 81.29 83.46 76.84 62.05 12.26 -0.02 -0.33 -0.45 -0.55 -0.9 -1.85 -0.39 50.1 85.92 115.14 134.06 122.87 101.3 91.52 66.23 32.0 16.83 8.36 3.85 2.72 1.2 1.24 -0.02 -0.03 -0.6 -1.31 -1.73 -5.68 -7.2 -6.98 -2.0 0.34 17.45 95.62 109.81 111.77 103.62 94.45 89.84 79.97 75.12 74.41 79.81 88.13 119.49 146.41 130.98 93.48 61.34 24.23 16.4 11.28 6.14 9.7 26.35 57.95 111.65 146.07 212.9 170.69 129.25 106.4 99.03 86.4 77.9 76.44 80.21 83.42 95.01 86.36 69.35 51.1 4.39 3.49 0.16 0.68 1.84 12.73 59.63 88.33 111.39 135.18 182.47 134.28 111.86 92.79 86.59 73.07 70.42 65.61 68.26 79.11 94.64 101.37 96.19 91.7 78.29 73.3 66.97 59.9 57.86 73.48 73.52 98.82 116.22 131.57 159.1 136.24 121.7 104.56 97.6 93.19 90.94 90.45 90.33 90.51 84.78 84.39 82.11 61.49 18.77 1.65 0.24 2.22 0.23 5.48 1.6 15.17 65.09 97.03 121.25 105.81 92.95 75.96 63.73 72.62 48.6 33.95 37.39 56.54 82.17 68.38 53.01 29.13 1.85 0.21 7.44 4.84 -1.56 1.44 0.22 30.36 73.81 123.62 148.34 144.49 130.19 108.2 107.0 100.32 99.42 100.0 100.91 99.1 91.62 79.94 54.19 1.0 -0.02 -1.0 -3.07 -13.17 -7.75 -3.0 -0.05 42.26 88.98 131.6 192.35 192.37 133.16 102.5 91.87 85.29 79.1 73.77 71.34 65.15 35.45 13.0 2.4 -0.01 -0.6 -2.11 -5.48 -12.93 -20.41 -15.61 -6.0 -4.64 10.62 81.25 94.91 100.0 106.67 91.43 83.43 76.96 76.14 79.02 85.08 95.08 109.2 113.48 102.13 86.88 58.73 33.21 20.0 12.78 11.0 19.75 58.25 89.94 124.8 194.41 273.75 244.46 139.44 112.37 114.6 112.55 104.28 101.89 99.45 116.14 134.71 121.52 87.38 59.16 9.74 11.34 14.44 12.36 10.66 21.84 76.45 94.3 95.67 140.89 198.86 136.66 105.25 91.69 70.69 66.16 64.09 64.37 67.64 81.86 100.48 113.08 105.38 65.98 49.02 38.59 18.13 9.69 18.42 46.85 76.59 101.37 120.38 155.33 205.64 138.82 112.43 92.91 105.34 98.78 91.88 90.87 92.47 91.83 111.72 126.85 114.22 80.06 65.62 47.6 20.11 11.6 7.68 21.41 65.66 84.98 106.77 126.48 165.36 119.07 99.8 86.87 77.55 64.81 60.3 54.73
