224 5
1 45 32 46 34
1 0 0 0 0 0 3 1 2 3 0 75 5.87
4 0 4 8 7 10 3 5 6 8 1 73 8.66
9 0 8 3 8 10 3 7 9 12 1 60 5.61
5 0 2 9 1 8 2 4 5 1 66 10.07
9 0 3 3 9 3 3 6 8 29 6 66 9.48
7 0 8 8 5 7 2 16 27 6 98 6.44
8 0 4 8 9 1 3 13 17 18 15 88 7.91
10 0 4 1 10 10 1 24 10 74 6.25
8 0 5 7 4 10 2 10 11 15 103 6.95
9 0 8 4 8 6 2 10 11 10 94 8.13
2 1 0 0 0 0 2 15 23 23 89 5.85
8 1 0 0 0 0 1 25 23 83 7.03
6 0 3 6 2 6 1 19 10 66 6.17
6 0 10 9 8 2 2 14 15 23 84 6.69
1 0 8 9 5 10 2 20 21 29 103 6.76
1 1 0 0 0 0 3 19 20 24 29 108 9.2
9 0 2 6 7 1 3 18 20 29 13 63 7.64
10 1 0 0 0 0 3 19 21 23 23 104 8.71
7 1 0 0 0 0 1 25 23 96 7.21
7 0 5 8 2 5 1 27 33 111 9.82
2 1 0 0 0 0 2 28 30 30 88 6.71
1 1 0 0 0 0 2 22 25 33 76 7.98
2 1 0 0 0 0 1 26 34 105 6.02
9 0 5 7 9 9 2 24 27 33 108 5.85
3 0 10 3 3 7 1 26 42 86 7.61
2 0 4 10 4 1 1 26 34 114 8.4
9 0 8 5 3 1 2 28 30 45 121 9.52
10 0 3 7 3 5 1 30 42 127 6.3
8 0 4 4 9 9 1 31 54 107 10.5
5 1 0 0 0 0 1 31 22 77 6.83
5 0 5 9 2 2 1 31 54 111 9.62
1 0 0 0 0 0 0 62 125 9.88
1 0 0 0 0 0 3 33 34 35 0 73 10.55
7 0 6 5 4 0 3 39 41 44 1 89 10.26
9 0 5 4 6 5 3 36 40 50 1 88 7.02
1 0 4 7 1 4 3 37 47 48 1 86 10.04
1 0 5 2 0 10 3 41 49 62 10 55 6.44
9 0 8 8 4 5 2 38 53 2 81 7.81
8 0 7 0 7 0 1 59 11 76 7.42
3 0 7 7 8 5 2 42 43 8 74 10.41
1 0 1 0 6 4 2 45 58 10 55 5.8
10 0 7 2 0 0 1 61 11 66 8.85
9 0 6 8 8 6 1 55 11 95 7.97
10 0 5 4 2 2 2 46 52 11 82 6.74
2 0 1 9 1 10 1 48 8 92 5.94
1 0 4 7 0 7 1 51 11 72 6.03
5 0 3 0 4 0 1 61 21 107 8.54
3 0 0 0 0 7 1 56 2 60 6.18
9 1 0 0 0 0 1 52 10 75 5.63
8 0 2 2 0 10 1 60 11 85 6.37
4 0 0 1 9 0 3 51 54 55 10 59 6.03
10 0 9 0 8 5 1 52 14 81 10.33
5 0 4 4 8 3 1 59 24 101 7.65
3 1 0 0 0 0 1 57 11 73 9.25
4 1 0 0 0 0 1 57 14 63 6.2
5 0 7 7 6 1 2 56 60 20 93 10.2
7 0 0 4 6 7 1 61 25 103 7.12
5 0 10 3 9 9 1 59 18 95 9.12
2 0 1 0 8 9 1 62 11 65 8.12
2 0 8 0 8 9 1 62 29 80 9.82
2 0 5 0 0 4 1 63 25 102 6.4
6 0 0 7 0 8 1 63 32 114 6.74
6 0 7 1 0 8 1 63 31 97 5.74
1 0 0 0 0 0 0 38 90 7.66
1 0 0 0 0 0 3 65 66 67 0 48 9.17
9 0 0 10 4 8 3 69 70 73 1 74 9.6
3 0 7 3 3 4 1 69 1 79 7.85
1 0 10 7 5 10 3 68 72 83 1 80 6.7
7 0 4 0 0 9 3 69 71 77 2 89 6.21
7 0 6 10 0 3 1 74 10 92 8.53
4 0 10 6 2 5 3 75 76 82 10 70 9.47
3 0 5 4 10 3 1 80 9 86 10.25
9 1 0 0 0 0 3 75 90 93 2 65 7.56
1 0 6 2 10 2 2 85 93 10 69 6.2
2 1 0 0 0 0 1 88 17 74 7.36
2 0 2 7 7 0 2 89 91 14 97 9.2
6 0 1 0 0 6 1 81 14 65 8.28
1 0 5 9 0 9 2 78 79 9 54 5.63
3 0 5 0 6 1 1 88 10 73 9.22
6 0 1 6 7 0 1 93 10 80 9.7
6 0 0 1 0 9 1 89 12 69 6.48
9 1 0 0 0 0 1 84 20 81 6.82
4 0 0 3 0 5 1 83 14 68 8.88
3 1 0 0 0 0 2 86 92 18 65 7.42
10 0 3 8 8 2 1 85 29 103 8.21
6 0 10 7 4 1 2 87 94 39 92 9.64
3 0 9 10 8 9 1 88 21 83 6.08
4 0 8 10 0 0 1 89 45 104 7.98
8 0 2 0 8 1 1 90 24 94 5.68
1 0 0 9 5 9 1 92 49 118 7.86
6 0 9 7 10 6 1 91 32 95 10.44
7 0 7 0 0 1 1 94 38 115 6.3
4 0 7 1 0 4 1 95 50 110 10.18
3 0 7 6 0 1 1 95 16 65 9.1
1 0 7 9 5 0 1 95 45 105 10.65
1 0 0 0 0 0 0 54 127 6.19
1 0 0 0 0 0 3 97 98 99 0 67 9.83
9 0 3 7 0 10 3 100 105 106 1 63 10.32
5 0 0 2 10 6 3 102 108 113 1 58 7.97
9 0 7 5 7 0 3 101 104 111 1 84 10.13
10 0 4 6 10 8 1 110 10 62 9.69
8 0 8 4 7 8 3 103 107 112 10 72 7.98
1 0 9 7 1 3 1 117 6 64 7.89
10 0 3 0 2 4 1 109 18 96 8.15
6 0 4 0 3 8 1 117 10 86 7.54
3 0 0 7 4 0 3 109 124 126 10 88 6.11
9 0 4 0 4 8 1 116 10 83 10.74
10 1 0 0 0 0 1 125 18 105 9.54
4 0 6 0 5 3 2 111 120 6 67 7.77
2 0 4 10 9 5 1 120 28 86 8.73
4 1 0 0 0 0 1 114 20 70 7.73
10 0 3 6 4 0 2 115 121 10 70 7.43
9 1 0 0 0 0 1 118 18 106 7.88
9 0 5 2 3 4 1 117 6 98 5.44
10 0 0 9 0 0 2 116 118 24 78 6.37
1 1 0 0 0 0 1 119 20 63 8.13
7 0 7 0 6 4 1 123 34 84 9.01
9 0 5 5 2 1 2 120 124 16 88 7.86
5 0 4 0 9 9 1 125 34 112 6.39
5 0 5 0 0 7 2 123 126 21 84 8.05
3 1 0 0 0 0 1 121 30 79 10.05
8 0 7 10 9 0 1 122 33 113 8.34
4 0 0 7 8 10 1 123 41 108 9.77
2 0 3 0 1 0 1 125 45 119 8.28
1 0 0 9 2 7 1 127 25 70 10.69
7 0 2 2 3 8 1 127 47 97 7.54
8 0 0 7 2 5 1 127 26 114 7.66
1 0 0 0 0 0 0 54 121 6.9
1 0 0 0 0 0 3 129 130 131 0 60 5.9
2 0 0 9 0 0 3 132 133 134 1 50 9.47
7 0 0 0 2 0 3 137 141 142 1 67 8.42
9 0 8 6 0 3 3 132 134 135 1 64 10.46
7 1 0 0 0 0 3 139 140 144 10 70 6.66
6 0 8 0 2 0 3 138 140 145 3 87 10.6
2 0 0 8 0 0 3 136 141 155 10 76 5.89
2 0 0 10 7 0 3 141 149 152 10 95 10.43
8 0 0 3 0 0 3 139 148 158 12 74 8.06
6 0 1 0 0 10 1 138 8 60 8.86
8 0 10 6 0 6 2 143 144 14 95 6.33
2 1 0 0 0 0 2 143 151 20 83 10.73
1 1 0 0 0 0 3 143 146 149 17 98 6.92
9 1 0 0 0 0 3 148 150 151 12 69 8.92
3 0 0 4 0 2 3 147 149 152 8 56 9.63
7 0 0 9 5 0 1 157 22 74 8.67
2 1 0 0 0 0 2 146 147 22 99 7.96
3 0 0 0 5 9 3 146 148 152 9 75 9.41
7 0 3 3 0 7 3 150 155 156 24 92 8.95
8 1 0 0 0 0 2 150 154 24 90 9.52
6 1 0 0 0 0 2 153 156 21 99 10.26
6 0 0 0 2 0 2 151 154 18 107 10.44
2 0 6 10 0 5 2 153 158 32 101 10.64
3 1 0 0 0 0 1 156 24 69 8.98
8 0 7 0 6 0 3 153 154 158 12 79 6.62
6 0 6 10 5 0 1 157 34 114 6.5
9 0 0 3 0 9 1 155 32 94 9.52
4 0 0 0 0 8 1 157 41 85 8.31
8 0 4 8 9 10 1 159 31 119 8.98
2 0 0 4 0 5 1 159 45 86 6.23
9 0 5 0 0 5 1 159 34 107 5.88
1 0 0 0 0 0 0 47 108 6.44
1 0 0 0 0 0 3 161 162 163 0 66 6.64
9 0 10 0 0 0 3 164 172 175 1 88 9.53
10 0 0 6 3 0 3 165 168 181 1 63 5.55
9 0 0 7 0 0 3 164 167 168 1 66 9.61
9 0 5 2 5 0 2 170 177 10 92 9.24
2 0 0 0 6 3 3 166 167 171 11 94 10.45
6 0 0 1 0 7 3 169 170 173 13 88 7.24
10 0 5 0 8 0 3 172 174 175 13 102 8.45
10 1 0 0 0 0 1 180 11 96 6.43
3 1 0 0 0 0 3 172 177 182 19 102 9.92
10 1 0 0 0 0 3 178 182 190 19 104 8.04
9 0 4 0 0 0 2 179 189 13 99 8.91
4 1 0 0 0 0 3 176 178 187 23 90 8.9
8 0 5 2 8 0 3 176 177 182 19 75 7.05
2 0 10 4 0 0 3 176 178 190 23 72 8.26
3 1 0 0 0 0 3 183 185 187 23 98 5.9
9 0 2 0 0 3 3 179 180 185 27 76 9.18
1 1 0 0 0 0 3 184 186 187 27 102 7.94
6 1 0 0 0 0 3 179 180 185 29 86 8.47
8 0 7 0 0 0 1 183 36 89 5.49
2 0 0 4 10 0 1 184 36 88 8.67
8 0 10 1 0 0 1 188 11 64 8.19
3 1 0 0 0 0 2 183 189 29 95 5.83
7 0 10 2 0 0 2 184 186 44 106 9.63
3 0 6 0 7 6 1 188 51 127 8.72
10 0 4 1 0 7 2 186 189 36 85 5.97
8 0 0 8 0 7 1 188 51 105 10.83
1 0 6 0 9 6 1 190 28 71 8.77
2 0 5 0 0 0 1 191 59 132 9.65
5 0 0 9 0 8 1 191 46 103 9.19
6 1 0 0 0 0 1 191 29 84 10.16
1 0 0 0 0 0 0 61 114 9.86
1 0 0 0 0 0 3 193 194 195 0 45 7.64
5 0 4 9 10 4 3 200 208 218 1 50 6.0
1 0 4 10 9 4 3 196 201 204 1 86 7.27
1 0 0 1 0 1 2 197 216 1 62 9.86
6 0 3 0 5 0 1 202 2 90 7.37
7 0 0 1 0 8 1 198 2 66 8.77
9 0 0 5 0 10 2 199 203 9 65 5.47
5 0 2 2 6 0 3 206 217 220 18 68 7.56
3 0 4 7 3 0 1 204 6 66 8.49
7 0 9 0 4 1 1 212 2 88 5.63
1 0 8 6 4 8 2 209 210 8 57 6.21
9 0 9 0 7 0 2 205 215 18 97 10.84
6 0 10 6 3 8 1 207 9 99 5.76
5 0 1 9 1 5 2 217 220 27 82 9.2
5 1 0 0 0 0 1 210 23 72 9.56
7 1 0 0 0 0 2 213 219 15 99 5.77
7 0 4 6 9 4 1 209 6 62 8.51
4 0 10 5 10 4 2 211 222 13 85 6.74
4 1 0 0 0 0 1 219 28 95 7.58
10 1 0 0 0 0 1 214 17 78 8.88
1 0 10 7 0 9 2 214 216 9 74 8.12
7 0 3 3 3 10 1 221 22 106 7.72
8 0 3 0 6 6 1 215 27 89 5.73
3 0 8 1 9 5 1 219 35 103 7.69
3 1 0 0 0 0 1 220 10 86 6.98
9 0 1 7 9 0 2 218 222 32 82 9.66
4 0 3 0 9 0 1 221 41 105 6.13
5 0 10 1 3 0 1 221 38 97 6.09
8 0 0 8 0 6 1 223 32 90 9.4
8 0 0 1 9 0 1 223 45 104 5.79
3 0 8 5 0 0 1 223 41 120 5.63
1 0 0 0 0 0 0 53 114 9.2
87.57 82.76 82.38 82.95 86.24 100.16 142.17 145.29 109.98 73.06 10.85 3.94 0.36 -4.66 -9.2 18.56 37.67 79.56 109.13 148.9 200.08 135.52 101.71 94.17 94.54 90.18 90.53 95.0 97.86 107.68 137.6 128.6 100.29 80.49 18.73 2.06 0.97 -4.47 1.23 6.06 6.93 74.73 108.71 154.44 257.56 152.65 113.79 103.59 103.88 98.89 97.07 98.94 99.7 104.54 126.88 122.38 99.46 71.7 2.52 1.38 -11.12 -21.34 -22.95 -4.1 8.4 39.13 89.66 111.33 158.42 131.4 111.07 101.31 98.92 90.67 89.3 89.25 91.8 100.22 122.62 126.49 100.41 72.4 22.19 15.1 8.01 0.44 -2.43 38.21 69.14 70.01 80.96 117.23 145.53 125.44 110.13 101.61 94.98 88.9 85.85 85.42 89.2 97.19 112.28 117.13 106.05 81.09 21.8 6.29 8.75 25.9 38.95 41.43 56.32 75.01 95.5 122.43 146.35 138.86 116.1 99.3 93.16 93.46 88.78 88.91 90.0 94.11 91.72 89.79 59.52 0.88 0.0 0.2 -4.41 -10.07 -11.32 -6.44 1.28 28.9 75.05 91.54 109.06 125.01 130.03 109.08 106.7 101.54 98.62 97.45 98.41 98.05 91.3 87.2 65.28 9.23 0.0 -0.2 -2.0 -7.37 -15.0 -8.97 -0.2 16.56 92.44 108.04 124.52 130.98 118.86 104.17 111.21 104.19 97.44 94.3 100.58 111.92 132.74 136.4 113.64 94.79 70.9 28.81 12.77 5.0 8.0 28.58 74.99 99.3 116.82 149.23 231.01 154.91 129.65 114.48 116.99 107.35 104.17 106.33 112.6 121.82 144.38 132.49 97.54 77.61 62.82 16.0 7.74 9.07 10.87 28.29 72.91 99.9 109.98 132.32 193.13 152.12 121.93 110.2 107.93 102.33 97.9 94.9 93.7 102.49 112.48 116.54 107.82 84.82 42.22 57.3 50.0 45.17 55.07 70.54 71.62 110.3 122.4 179.0 114.35 110.27 100.72 90.0 101.9 91.14 86.89 86.53 87.33 94.1 112.33 112.03 103.39 98.92 92.89 88.25 90.0 81.26 84.62 95.73 98.9 112.07 134.29 123.69 154.93 131.5 119.6 105.0 104.4 96.58 90.17 89.74 96.2 110.05 132.28 136.37 118.04 88.47 74.43 61.31 23.0 19.58 20.0 64.98 63.58 68.39 114.95 137.77 181.42 146.75 128.14 110.68 106.05 95.88 89.49 84.88 83.36 81.29 83.46 76.84 62.05 12.26 -0.02 -0.33 -0.45 -0.55 -0.9 -1.85 -0.39 50.1 85.92 115.14 134.06 122.87 101.3 91.52 66.23 32.0 16.83 8.36 3.85 2.72 1.2 1.24 -0.02 -0.03 -0.6 -1.31 -1.73 -5.68 -7.2 -6.98 -2.0 0.34 17.45 95.62 109.81 111.77 103.62 94.45 89.84 79.97 75.12 74.41 79.81 88.13 119.49 146.41 130.98 93.48 61.34 24.23 16.4 11.28 6.14 9.7 26.35 57.95 111.65 146.07 212.9 170.69 129.25 106.4 99.03 86.4 77.9 76.44 80.21 83.42 95.01 86.36 69.35 51.1 4.39 3.49 0.16 0.68 1.84 12.73 59.63 88.33 111.39 135.18 182.47 134.28 111.86 92.79 86.59 73.07 70.42 65.61 68.26 79.11 94.64 101.37 96.19 91.7 78.29 73.3 66.97 59.9 57.86 73.48 73.52 98.82 116.22 131.57 159.1 136.24 121.7 104.56 97.6 93.19 90.94 90.45 90.33 90.51 84.78 84.39 82.11 61.49 18.77 1.65 0.24 2.22 0.23 5.48 1.6 15.17 65.09 97.03 121.25 105.81 92.95 75.96 63.73 72.62 48.6 33.95 37.39 56.54 82.17 68.38
