224 5
1 31 35 32 33
1 0 0 0 0 0 3 1 2 3 0 66 22.15
8 0 9 1 8 9 3 15 17 18 1 68 17.08
2 0 7 10 5 2 3 5 12 14 1 44 20.3
6 0 8 6 10 10 3 4 6 27 1 52 12.9
10 0 10 7 1 4 2 7 11 7 63 21.66
1 0 5 3 8 7 3 8 11 22 3 65 17.91
8 0 5 7 7 3 2 13 16 7 77 15.92
6 1 0 0 0 0 2 15 17 17 83 18.79
8 0 9 1 1 9 2 9 10 4 74 20.21
8 0 7 6 7 10 1 16 12 62 18.51
1 0 7 4 6 2 1 28 12 66 20.08
1 1 0 0 0 0 3 17 18 25 17 66 12.87
4 0 1 5 8 2 3 26 27 30 3 66 19.77
3 0 5 4 6 3 2 14 21 15 79 18.16
4 1 0 0 0 0 2 22 29 18 67 20.47
5 0 2 8 6 4 2 22 29 23 101 22.2
7 1 0 0 0 0 3 18 20 23 20 81 20.06
6 0 1 5 8 10 2 19 24 23 80 13.26
5 1 0 0 0 0 1 24 27 74 23.86
6 0 1 10 2 2 1 23 29 99 19.24
10 0 7 9 7 2 1 25 27 104 17.24
8 0 5 2 8 3 2 24 25 18 87 19.56
8 0 4 5 8 5 1 23 28 104 18.27
2 0 1 10 5 9 1 30 36 96 15.91
8 0 1 8 4 9 1 26 32 84 12.87
4 0 7 6 7 9 3 26 29 30 37 94 18.31
2 0 8 1 8 10 1 28 41 98 17.02
10 0 6 1 4 5 1 28 7 80 22.07
6 0 5 8 9 8 1 31 43 83 23.72
9 0 7 10 3 6 1 31 41 110 22.75
7 0 10 3 3 2 1 31 41 98 15.61
1 0 0 0 0 0 0 50 85 12.9
1 0 0 0 0 0 3 33 34 35 0 52 17.85
7 0 3 9 6 5 3 38 39 43 1 64 21.09
9 0 10 5 8 10 2 36 43 1 66 19.26
7 0 5 5 9 2 1 37 1 73 22.08
4 0 5 4 8 8 1 61 10 55 18.67
9 0 9 8 10 4 3 40 45 47 8 70 17.13
7 0 1 9 5 5 1 60 8 83 15.99
5 0 6 8 6 8 3 44 54 56 8 53 15.27
7 0 8 5 7 2 3 41 42 49 17 84 19.38
5 1 0 0 0 0 1 51 24 92 13.89
4 0 4 9 8 5 3 53 58 59 24 73 19.43
9 0 7 9 7 4 1 45 10 62 23.75
3 1 0 0 0 0 3 46 50 52 13 88 18.25
2 0 6 2 4 9 1 48 19 78 15.58
5 1 0 0 0 0 1 60 16 61 21.6
8 1 0 0 0 0 1 48 17 90 17.82
2 0 6 5 2 3 1 55 25 64 20.3
9 0 7 8 6 1 1 58 24 85 20.14
1 1 0 0 0 0 1 51 16 72 19.9
10 0 9 6 5 3 1 53 29 82 18.28
5 1 0 0 0 0 1 57 16 70 18.47
2 0 8 1 2 2 2 55 57 39 83 12.91
2 0 3 4 9 10 1 59 13 91 17.04
10 0 6 3 4 3 1 61 41 115 16.42
8 0 9 4 8 8 2 57 62 13 60 24.08
1 0 7 2 9 5 1 60 41 102 15.45
9 0 4 1 4 2 1 62 33 87 19.65
4 0 10 5 7 6 1 62 28 68 23.96
8 0 10 4 5 7 1 63 42 104 21.01
4 0 1 3 1 5 1 63 51 114 20.49
1 0 4 2 3 8 1 63 42 100 13.01
1 0 0 0 0 0 0 55 105 17.02
1 0 0 0 0 0 3 65 66 67 0 79 12.86
8 0 10 5 3 0 2 71 75 1 67 14.32
6 0 0 3 0 6 3 69 70 79 1 49 19.46
8 0 0 8 3 6 3 68 72 83 1 80 17.48
6 0 9 5 2 10 3 70 76 78 9 87 19.73
8 0 5 0 0 4 1 85 7 77 24.14
6 0 2 6 0 0 1 73 15 74 13.06
2 0 3 2 2 5 2 91 94 9 79 23.86
8 0 3 9 10 4 2 82 86 9 55 20.12
2 1 0 0 0 0 3 74 77 82 21 60 23.91
4 1 0 0 0 0 2 80 81 23 64 17.06
7 0 4 10 0 9 3 77 83 92 9 57 23.3
4 0 6 2 10 0 3 84 85 92 15 79 18.09
3 1 0 0 0 0 1 90 23 79 19.51
7 0 0 8 9 3 3 82 88 89 15 67 13.99
5 0 4 0 10 1 2 84 85 7 69 22.7
5 1 0 0 0 0 1 87 27 95 15.83
3 0 5 4 1 4 2 86 90 27 91 19.28
10 1 0 0 0 0 2 87 90 23 93 18.66
7 0 2 9 0 0 1 88 16 71 13.27
8 0 2 7 2 8 2 88 89 19 93 21.29
6 1 0 0 0 0 2 89 91 19 95 22.97
2 1 0 0 0 0 1 87 30 100 19.78
3 0 4 3 10 0 2 92 94 33 104 12.51
10 0 4 1 0 0 2 93 94 27 96 12.91
3 0 0 0 7 7 1 93 27 88 19.2
8 0 5 0 7 0 1 91 33 89 15.13
4 0 0 9 10 7 1 93 41 109 14.77
4 0 6 4 4 8 1 95 36 102 14.3
5 0 1 0 0 4 1 95 45 111 14.8
4 0 2 3 8 9 1 95 37 82 21.6
1 0 0 0 0 0 0 50 90 23.8
1 0 0 0 0 0 3 97 98 99 0 60 20.07
6 0 0 0 8 1 3 100 103 118 1 59 14.36
1 0 0 8 6 5 3 103 109 112 1 80 23.42
2 0 9 2 0 5 3 101 104 108 1 57 18.79
9 0 0 3 0 3 3 102 115 116 7 69 13.52
8 0 0 0 0 1 3 102 106 115 3 67 24.18
5 0 0 3 0 9 1 109 16 83 20.0
5 0 0 7 5 0 3 105 107 111 7 62 16.14
6 0 0 0 0 7 3 119 120 121 3 82 13.09
4 1 0 0 0 0 2 108 117 12 86 21.03
8 0 0 10 0 3 3 111 113 123 11 61 13.9
4 0 0 0 0 8 3 110 113 120 12 68 16.64
10 0 0 2 5 0 1 122 16 91 17.92
9 0 0 0 9 0 2 113 117 21 90 22.08
2 1 0 0 0 0 1 125 16 69 17.02
7 0 8 0 1 2 2 114 120 19 98 14.33
6 0 0 6 7 6 1 114 2 67 22.16
1 1 0 0 0 0 1 114 30 87 18.25
9 0 8 0 0 9 2 122 125 31 91 17.43
10 0 0 10 0 0 1 119 16 94 17.23
7 0 1 3 0 8 2 117 119 16 71 17.44
10 0 0 0 8 1 1 122 30 108 20.47
10 1 0 0 0 0 1 126 7 87 16.43
9 0 0 3 0 0 2 123 126 26 72 22.07
3 1 0 0 0 0 1 125 26 82 22.32
5 0 0 10 0 7 2 123 126 9 69 21.6
5 0 2 0 8 10 1 124 40 101 16.73
7 0 6 0 10 1 1 124 35 97 23.76
8 0 5 0 0 0 1 127 45 107 17.12
8 0 5 5 10 0 1 127 40 103 15.01
10 0 7 0 3 2 1 127 35 95 18.57
1 0 0 0 0 0 0 53 118 22.62
1 0 0 0 0 0 3 129 130 131 0 62 18.39
5 0 3 0 0 0 3 134 137 143 1 49 16.93
2 0 0 9 0 0 3 132 139 143 1 46 16.08
5 0 0 1 0 0 3 132 133 135 1 49 21.3
6 0 0 7 0 0 3 137 151 157 6 62 14.08
7 0 0 0 1 0 3 138 140 142 6 88 20.89
8 0 0 0 0 2 3 139 140 145 6 76 20.96
1 0 0 0 0 9 3 136 140 150 6 63 13.43
7 0 0 1 0 0 3 139 145 147 7 87 12.57
5 0 0 0 0 2 1 148 12 68 22.04
6 0 0 0 5 0 3 141 143 145 13 58 15.29
9 0 0 0 0 3 2 146 152 14 90 17.4
5 0 0 0 0 10 1 147 14 77 17.31
10 1 0 0 0 0 1 148 19 90 21.14
8 0 10 0 0 0 3 147 153 154 13 58 20.98
5 0 2 0 0 0 3 144 149 151 19 70 16.55
7 1 0 0 0 0 3 146 148 152 24 84 17.08
2 0 0 8 0 0 3 146 149 151 19 68 19.47
8 1 0 0 0 0 3 154 155 157 31 105 18.96
2 1 0 0 0 0 2 149 157 21 77 24.16
4 0 0 5 0 0 1 150 31 104 18.46
5 1 0 0 0 0 2 155 158 24 75 20.7
8 0 8 0 0 0 2 153 156 35 112 17.24
7 1 0 0 0 0 1 152 24 98 13.89
7 0 0 0 0 9 3 153 154 155 31 94 13.64
3 0 0 4 0 0 1 158 43 98 18.27
5 0 0 4 0 0 2 156 158 39 84 18.62
1 0 5 0 0 0 1 156 39 79 18.85
5 0 0 0 10 0 1 159 44 118 24.39
3 0 0 6 0 0 1 159 39 109 13.14
10 0 6 0 0 0 1 159 46 108 12.53
1 0 0 0 0 0 0 56 117 20.39
1 0 0 0 0 0 3 161 162 163 0 70 23.6
10 0 1 0 0 0 2 167 174 1 63 20.45
5 0 0 0 0 10 3 170 172 186 1 49 15.77
2 0 4 0 5 8 3 164 166 175 1 52 21.82
4 0 2 0 0 8 3 165 178 180 3 60 21.98
6 0 0 0 4 2 1 182 7 65 15.16
6 0 0 4 7 2 2 169 189 3 80 19.87
2 0 0 1 0 2 3 168 171 179 11 81 21.76
2 0 7 0 0 6 2 176 181 13 73 18.93
7 0 9 0 8 0 2 173 186 9 65 15.14
2 0 1 0 4 0 1 171 6 75 12.54
2 0 2 2 6 5 1 184 13 90 12.3
6 0 1 5 0 0 1 184 6 59 20.27
7 0 0 6 0 0 2 177 183 16 70 13.01
1 0 0 10 0 0 1 186 11 52 16.06
3 0 7 4 1 0 1 187 3 58 12.37
5 0 0 4 1 0 2 178 189 15 77 18.43
4 1 0 0 0 0 1 184 23 83 18.23
4 1 0 0 0 0 1 185 20 62 15.86
5 0 0 7 0 3 1 185 13 63 16.02
9 0 6 5 0 0 1 189 7 86 15.85
2 0 9 6 0 0 1 183 15 81 23.55
9 0 7 4 1 10 2 188 190 13 68 13.23
7 1 0 0 0 0 1 185 23 66 19.69
10 0 6 0 6 0 1 187 27 87 24.16
9 0 0 8 0 0 1 188 30 90 15.38
1 0 0 0 0 7 1 187 16 90 13.19
8 0 0 3 0 8 1 190 37 85 15.46
2 0 0 2 0 8 1 191 39 92 16.75
6 0 0 7 9 7 1 191 20 94 12.85
4 0 7 0 0 6 1 191 45 107 17.65
1 0 0 0 0 0 0 49 94 13.5
1 0 0 0 0 0 3 193 194 195 0 53 17.64
8 0 8 3 3 8 2 196 206 1 66 18.46
2 0 2 10 0 5 3 197 200 202 1 77 17.6
9 0 3 0 10 7 3 199 201 204 1 66 14.73
5 0 2 2 0 0 3 197 202 208 9 76 15.54
6 0 3 0 9 0 3 198 199 201 14 91 22.73
3 0 10 10 0 6 3 203 205 213 20 60 13.32
3 1 0 0 0 0 3 203 209 218 20 90 16.46
6 0 10 1 6 0 3 206 213 214 3 73 12.48
2 0 3 10 9 0 3 205 209 214 20 80 23.03
5 0 4 0 1 5 3 210 216 217 14 69 17.55
2 1 0 0 0 0 2 211 221 23 90 14.96
4 0 1 4 5 0 3 206 207 219 10 72 15.89
5 1 0 0 0 0 2 210 215 23 89 20.28
8 0 6 3 8 0 3 212 221 222 14 74 13.56
10 1 0 0 0 0 3 210 211 216 14 94 23.72
7 0 0 8 10 7 3 209 211 215 14 62 12.66
8 1 0 0 0 0 2 213 217 23 98 14.53
3 0 0 3 0 4 2 212 218 28 67 17.62
5 0 9 0 3 6 2 212 214 25 101 20.73
10 0 5 7 0 3 1 220 31 100 18.93
7 0 8 5 5 1 1 219 31 80 14.81
5 0 0 0 9 0 1 217 30 90 22.32
7 0 8 9 9 2 3 216 218 219 28 86 13.98
8 0 0 4 0 6 1 221 35 90 15.14
10 0 2 3 0 3 2 220 222 35 97 17.62
2 0 5 4 7 0 1 220 35 76 12.89
5 0 4 0 1 4 1 222 38 98 22.74
5 0 6 6 2 5 1 223 45 111 16.8
3 0 10 9 7 1 1 223 43 113 23.09
2 0 5 5 4 6 1 223 45 102 21.78
1 0 0 0 0 0 0 50 107 21.55
89.92 84.78 84.1 84.37 86.9 99.45 125.0 152.11 144.03 107.54 95.55 76.31 60.49 61.64 66.22 75.8 84.6 99.0 124.29 185.27 158.68 106.12 83.42 79.36 77.96 76.79 70.01 67.27 69.42 75.27 85.46 95.0 100.0 95.0 70.41 92.74 91.28 90.01 80.01 75.01 69.89 86.57 108.76 137.32 145.94 113.58 105.8 97.2 89.32 83.81 84.44 84.93 88.01 103.34 124.04 135.68 109.94 82.49 59.41 37.67 19.62 12.15 13.1 31.9 65.62 94.94 118.39 157.87 154.65 121.83 109.97 98.59 90.44 85.33 83.48 82.34 83.84 90.43 109.6 123.17 124.43 90.0 61.14 45.95 43.0 40.84 36.53 74.14 87.15 100.0 114.39 131.02 124.3 114.17 98.9 96.72 90.26 81.14 78.44 77.73 77.6 77.4 80.0 86.52 88.46 89.0 88.96 86.31 77.82 67.28 65.05 67.51 77.77 91.86 106.14 126.23 133.75 118.8 108.83 101.95 91.61 81.89 86.4 84.44 86.95 92.98 97.71 94.12 82.13 59.9 19.4 4.54 0.0 -2.72 -6.57 -0.78 0.2 66.51 105.94 130.84 149.1 130.44 111.58 99.44 101.48 96.74 97.58 98.3 98.66 103.07 103.5 86.91 63.7 5.8 -0.69 -30.5 -80.69 -84.89 -54.65 -7.53 0.0 68.65 107.04 116.77 142.51 133.91 121.69 110.95 107.96 98.59 95.84 95.98 98.32 98.32 95.72 89.98 79.86 55.56 18.77 9.09 -14.57 -22.49 -0.94 9.53 47.56 84.28 101.2 121.53 139.09 132.1 122.77 106.49 96.63 89.22 87.89 85.33 85.04 98.71 122.53 151.54 140.71 104.45 93.4 83.43 77.19 66.99 71.71 78.64 83.86 101.6 132.36 206.14 259.37 155.9 123.21 111.54 108.66 101.1 99.09 99.12 103.52 111.92 137.55 144.7 123.52 99.89 87.72 88.53 79.59 79.56 86.67 94.26 100.74 109.96 133.14 163.36 169.27 126.8 108.41 97.88 94.72 89.22 87.51 86.32 85.57 92.15 110.82 119.21 117.72 105.07 94.79 89.4 80.72 77.31 78.01 80.04 85.24 97.38 103.94 116.68 121.61 114.48 106.53 93.1 92.38 83.68 82.73 84.31 85.77 95.88 105.04 113.39 108.65 94.86 86.57 74.23 67.93 49.4 42.59 62.77 77.05 85.06 100.08 116.33 123.39 109.63 100.37 92.09 101.25 92.79 91.74 90.3 89.64 91.4 93.54 86.45 71.06 34.45 2.55 -0.01 -5.87 -12.51 -9.86 -2.0 -0.01 30.99 79.17 100.0 107.86 96.21 85.8 73.21 69.11 62.6 58.39 59.28 63.53 68.24 67.96 63.08 35.01 0.04 -3.0 -32.41 -94.9 -123.0 -113.5 -50.5 -5.17 18.35 92.74 110.72 124.48 109.04 99.0 93.85 92.84 87.19 83.31 86.0 91.62 100.01 139.94 131.09 95.79 67.37 9.79 -0.01 -3.67 -5.9 -6.18 -1.54 2.04 72.36 104.34 152.34 196.91 129.07 106.24 96.85 91.27 87.45 82.41 79.94 80.88 91.19 107.09 113.13 94.58 67.9 5.81 0.0 -0.76 -1.9 -1.69 -0.01 14.81 77.49 101.74 139.83 178.26 130.0 109.31 98.19 95.0 90.03 88.19 88.76 92.14 96.36 115.21 120.29 95.59 72.05 7.08 0.0 -1.0 -6.21
