224 5
1 38 42 46 34
1 0 0 0 0 0 3 1 2 3 0 48 3.27
8 0 9 10 7 4 3 8 9 14 1 59 4.18
7 0 9 3 4 6 3 7 13 24 1 61 3.32
9 0 1 7 2 5 3 4 5 10 1 76 3.04
7 0 5 4 5 2 3 11 14 17 10 63 4.24
5 0 7 5 10 5 3 6 7 24 10 69 5.03
10 0 3 5 10 2 3 8 13 17 15 64 4.88
5 0 8 8 9 9 3 12 15 20 15 67 5.14
7 1 0 0 0 0 3 12 19 20 25 84 3.94
8 0 1 10 5 10 3 12 15 17 9 57 4.58
10 0 7 6 5 2 3 15 18 22 10 63 3.42
7 0 10 7 3 5 3 20 24 26 17 86 4.74
5 1 0 0 0 0 2 16 28 32 79 4.65
8 0 7 1 8 10 2 27 30 25 101 3.67
7 1 0 0 0 0 3 18 21 22 17 71 3.6
8 0 3 4 2 5 1 19 20 82 5.14
8 1 0 0 0 0 3 18 23 25 37 92 2.94
8 0 9 9 3 9 2 21 27 25 99 3.74
7 0 5 6 6 10 1 26 45 103 4.06
3 0 1 10 5 5 2 26 28 32 100 5.3
7 0 5 7 7 2 2 21 22 32 75 4.04
6 0 4 2 1 2 2 23 25 39 104 4.0
9 0 7 7 10 8 3 23 25 28 39 103 3.76
2 0 5 2 4 7 1 29 48 89 4.12
2 0 5 3 6 9 2 29 30 24 66 4.83
10 0 7 9 8 4 1 30 48 103 5.4
3 0 9 1 1 2 1 27 52 116 3.98
3 0 2 4 1 7 1 29 55 120 5.36
4 0 4 6 10 10 1 31 48 93 5.47
7 0 4 8 9 4 1 31 58 97 4.98
1 0 9 6 7 9 1 31 58 95 5.57
1 0 0 0 0 0 0 65 116 3.66
1 0 0 0 0 0 3 33 34 35 0 61 5.0
2 0 0 7 4 7 3 37 38 39 1 64 3.06
6 0 3 4 7 0 3 36 38 54 1 55 3.19
8 0 7 0 10 8 3 42 46 53 1 45 5.52
6 0 0 9 3 10 3 37 41 48 7 69 4.24
8 0 4 5 0 4 3 40 42 51 13 68 4.13
3 1 0 0 0 0 3 47 53 55 7 64 2.94
3 0 0 2 8 6 3 41 45 48 3 73 4.95
4 1 0 0 0 0 3 43 44 58 21 91 3.22
7 0 10 3 6 10 3 43 51 58 13 70 4.29
6 1 0 0 0 0 3 49 52 62 21 81 3.31
4 0 9 6 0 4 3 47 52 56 25 94 3.97
2 1 0 0 0 0 3 49 53 55 25 80 5.3
5 0 1 8 0 3 3 49 54 55 6 70 2.99
10 0 4 2 7 2 3 47 50 54 9 77 5.73
5 1 0 0 0 0 1 57 29 101 3.4
3 1 0 0 0 0 3 50 52 62 13 64 4.82
10 0 8 0 6 4 1 59 27 93 3.25
7 1 0 0 0 0 2 51 60 19 87 4.93
1 0 3 6 0 1 1 57 26 77 3.09
7 0 7 1 0 0 2 59 61 29 83 5.04
3 0 10 2 4 0 2 60 61 27 90 5.3
1 0 0 8 2 5 2 56 58 19 90 4.24
1 1 0 0 0 0 1 56 27 91 2.94
7 0 1 2 7 0 1 57 29 74 3.71
4 0 3 8 4 5 1 61 36 107 5.59
4 0 0 10 7 0 2 59 62 25 88 5.23
2 0 0 4 0 0 1 60 37 105 3.4
7 0 3 3 1 9 1 63 39 97 4.51
8 0 5 5 10 2 1 63 40 92 3.15
10 0 3 9 2 4 1 63 29 84 3.08
1 0 0 0 0 0 0 48 100 5.52
1 0 0 0 0 0 3 65 66 67 0 53 5.67
3 0 0 7 0 0 3 68 69 71 1 66 5.72
4 0 9 0 0 0 3 74 79 81 1 64 3.8
4 0 0 10 0 0 2 72 77 1 64 4.13
9 0 0 0 1 0 3 70 73 74 4 57 4.46
10 0 0 0 10 0 3 75 81 85 4 73 5.64
10 0 0 0 10 0 3 72 75 79 13 61 3.04
3 0 0 0 0 1 3 78 81 89 4 69 5.49
5 1 0 0 0 0 3 78 85 92 23 65 4.84
6 1 0 0 0 0 3 79 80 88 13 59 3.47
5 0 0 0 0 1 3 77 82 83 13 56 3.69
2 1 0 0 0 0 3 76 83 87 23 79 4.15
3 1 0 0 0 0 3 77 80 84 25 94 3.36
3 1 0 0 0 0 3 78 86 92 28 70 4.79
1 0 0 0 0 7 2 88 90 31 78 3.63
7 1 0 0 0 0 3 82 86 87 23 64 4.42
6 1 0 0 0 0 2 90 91 28 102 3.82
5 0 7 0 0 0 1 84 14 88 5.33
2 1 0 0 0 0 2 85 89 30 98 4.67
8 0 8 0 0 0 3 84 86 88 25 86 4.54
6 0 0 0 1 0 2 91 92 33 102 5.35
8 0 0 0 6 0 1 91 32 76 5.52
8 0 0 0 0 9 1 94 33 81 2.91
8 0 0 3 0 0 1 89 30 78 4.42
2 0 0 5 0 0 1 93 33 90 5.28
8 0 4 0 0 0 2 90 94 38 106 5.47
1 0 0 0 8 0 1 93 46 84 3.84
6 0 3 0 0 0 2 93 94 40 81 5.18
6 0 0 0 7 0 1 95 39 97 5.25
6 0 0 8 0 0 1 95 47 114 5.16
1 0 0 1 0 0 1 95 46 89 5.43
1 0 0 0 0 0 0 53 93 5.71
1 0 0 0 0 0 3 97 98 99 0 52 5.43
8 0 9 1 8 9 3 111 113 114 1 55 3.94
2 0 7 10 5 2 3 101 108 110 1 76 4.17
6 0 8 6 10 10 3 100 102 123 1 57 3.09
10 0 10 7 1 4 2 103 107 7 70 3.69
1 0 5 3 8 7 3 104 107 118 3 45 4.98
8 0 5 7 7 3 2 109 112 7 80 4.14
6 1 0 0 0 0 2 111 113 17 73 3.16
8 0 9 1 1 9 2 105 106 4 60 3.63
8 0 7 6 7 10 1 112 12 67 5.06
1 0 7 4 6 2 1 124 12 83 4.74
1 1 0 0 0 0 3 113 114 121 17 53 4.94
4 0 1 5 8 2 3 122 123 126 3 58 5.32
3 0 5 4 6 3 2 110 117 15 56 4.02
4 1 0 0 0 0 2 118 125 18 62 4.28
5 0 2 8 6 4 2 118 125 23 63 3.67
7 1 0 0 0 0 3 114 116 119 20 72 5.22
6 0 1 5 8 10 2 115 120 23 77 4.28
5 0 6 8 2 5 1 120 27 75 4.07
6 0 1 10 2 2 1 119 29 80 3.27
10 1 0 0 0 0 1 121 27 97 3.24
8 0 5 2 8 3 2 120 121 18 91 4.17
8 0 4 5 8 5 1 119 28 102 4.63
2 0 1 10 5 9 1 126 36 103 3.98
8 0 1 8 4 9 1 122 32 82 5.13
4 0 7 6 7 9 3 122 125 126 37 79 4.65
2 0 8 1 8 10 1 124 41 94 3.72
10 0 6 1 4 5 1 124 7 82 3.76
6 0 5 8 9 8 1 127 43 83 3.78
9 0 7 10 3 6 1 127 41 108 4.2
7 0 10 3 3 2 1 127 41 100 3.38
1 0 0 0 0 0 0 50 113 3.4
1 0 0 0 0 0 3 129 130 131 0 44 4.8
10 0 1 2 5 3 3 132 139 143 1 69 4.04
9 0 3 10 6 10 1 135 1 64 5.66
6 0 2 2 4 7 3 133 140 149 1 54 5.23
1 0 2 8 7 3 3 134 137 150 11 66 5.62
1 0 9 7 5 4 3 136 141 148 7 63 3.59
10 0 3 3 10 5 3 138 140 144 12 62 3.47
7 0 8 5 10 6 3 136 141 143 10 52 3.95
5 0 4 7 1 7 1 151 17 75 4.49
4 0 6 3 9 5 2 146 152 12 86 4.21
9 0 8 2 8 4 2 156 158 22 77 3.65
10 0 9 5 3 1 1 150 11 60 5.56
6 1 0 0 0 0 1 148 22 71 3.38
4 0 9 9 3 8 3 142 147 153 17 63 3.37
7 1 0 0 0 0 3 152 154 155 21 74 3.81
7 0 10 2 9 3 2 153 158 17 63 4.58
8 0 7 4 8 8 3 145 147 155 22 68 3.17
1 1 0 0 0 0 3 148 154 157 30 95 5.57
4 0 1 2 10 10 1 149 16 58 5.31
4 1 0 0 0 0 2 151 157 30 97 3.27
7 0 3 1 8 1 2 152 156 31 72 4.29
2 1 0 0 0 0 1 151 20 91 4.82
1 1 0 0 0 0 1 153 21 64 3.39
9 0 5 10 1 7 1 154 34 107 3.31
10 0 5 10 6 7 1 158 38 103 3.37
9 0 7 4 3 8 1 155 24 74 3.02
10 0 10 9 1 10 1 156 43 99 4.03
7 0 8 6 10 4 1 157 33 91 5.24
2 0 3 6 2 9 1 159 53 96 4.07
1 0 9 9 9 2 1 159 40 76 4.32
3 0 2 7 9 6 1 159 48 96 3.75
1 0 0 0 0 0 0 55 99 3.46
1 0 0 0 0 0 3 161 162 163 0 56 3.86
8 0 0 8 8 0 3 167 168 169 1 72 3.36
4 0 0 0 9 10 2 176 187 1 79 3.91
9 0 5 7 5 5 3 164 165 173 1 54 5.28
6 0 0 0 3 0 3 166 172 179 10 76 3.54
8 0 1 10 8 4 3 170 172 180 10 89 5.18
8 0 1 5 4 0 1 178 16 62 4.62
4 0 10 8 3 0 1 175 9 80 4.84
6 0 5 10 7 0 2 174 175 9 60 5.12
10 0 4 9 9 7 2 171 188 9 80 4.97
5 0 8 5 6 0 2 177 190 18 81 4.76
1 0 9 0 1 1 1 184 19 75 3.22
2 0 0 7 4 6 1 190 18 71 3.52
5 0 9 0 4 4 1 185 10 67 2.91
9 0 6 10 10 0 1 181 15 61 4.46
10 0 9 4 2 7 1 181 15 70 3.39
6 0 4 0 5 8 1 189 5 75 3.97
10 1 0 0 0 0 2 182 186 23 86 3.08
6 0 9 3 7 4 2 183 184 24 68 4.46
8 0 4 2 1 5 1 188 16 84 4.42
10 0 1 0 10 0 2 187 189 18 95 5.34
3 1 0 0 0 0 1 187 25 62 3.83
7 0 8 0 0 10 1 183 33 99 4.46
7 0 1 4 3 9 1 185 40 106 3.57
10 0 2 10 1 0 1 186 30 98 4.16
3 0 3 8 0 4 1 188 47 92 4.33
3 0 3 7 3 0 1 189 40 86 2.89
2 1 0 0 0 0 1 190 28 97 3.08
8 0 4 9 6 2 1 191 50 92 3.48
1 0 0 0 2 8 1 191 43 98 4.08
2 0 10 8 3 0 1 191 30 78 5.17
1 0 0 0 0 0 0 58 117 5.51
1 0 0 0 0 0 3 193 194 195 0 49 3.01
5 0 0 0 0 8 3 197 198 201 1 78 4.71
3 0 0 7 0 0 1 211 1 45 3.53
7 0 4 0 0 0 1 196 1 49 3.11
3 0 0 0 6 0 2 199 208 8 84 4.72
4 0 0 9 0 0 1 204 6 53 4.86
6 0 8 0 0 0 1 203 6 50 3.24
7 0 5 0 0 0 3 200 205 207 11 55 5.01
2 0 7 0 0 0 3 210 212 213 18 67 4.24
10 0 0 3 0 0 3 202 206 215 6 70 3.19
6 0 0 0 5 0 1 222 16 80 5.38
5 0 0 0 10 0 1 221 12 83 5.34
5 1 0 0 0 0 1 205 10 82 3.59
8 0 0 6 0 0 2 218 222 18 72 5.03
7 0 4 0 0 0 1 209 16 70 5.54
7 0 7 0 0 0 1 217 18 62 4.1
3 0 0 0 0 5 1 216 11 57 5.64
6 1 0 0 0 0 3 213 216 218 23 66 3.77
7 0 6 0 0 0 1 214 20 81 3.56
8 0 0 8 0 0 2 217 220 4 59 3.49
9 1 0 0 0 0 2 216 217 20 88 5.13
10 0 0 0 0 7 2 220 222 29 87 2.98
7 0 0 0 0 5 1 220 27 102 4.81
6 0 0 0 0 10 1 221 16 68 3.71
5 0 0 0 0 3 1 219 29 83 3.08
1 0 0 0 0 9 1 219 29 84 4.32
1 0 9 0 0 0 1 219 29 77 4.14
5 0 0 0 8 0 1 221 34 106 5.15
1 0 5 0 0 0 1 223 39 83 4.73
4 0 0 1 0 0 1 223 39 84 4.95
2 0 0 6 0 0 1 223 39 74 3.95
1 0 0 0 0 0 0 43 107 3.05
74.89 70.06 38.09 41.5 74.3 80.24 229.52 262.77 179.0 139.31 99.15 95.78 129.35 105.39 131.67 150.0 165.0 145.0 130.0 165.0 145.44 116.26 130.0 88.67 79.25 80.38 81.28 80.57 84.17 101.8 122.89 133.83 146.8 132.61 125.2 120.56 118.25 121.75 125.94 135.95 146.66 152.24 141.76 133.9 118.07 94.05 100.5 86.66 86.54 84.95 81.03 79.81 84.95 95.93 119.06 133.72 144.22 133.53 108.03 91.41 85.6 86.04 92.91 115.15 119.94 140.72 150.0 145.35 135.08 123.06 115.19 100.21 97.39 97.02 96.22 97.37 96.94 111.24 141.97 153.11 160.3 151.64 132.75 123.25 113.85 113.3 129.8 153.72 161.45 178.92 174.84 161.29 150.56 134.48 126.66 120.2 120.0 117.35 114.01 114.01 116.58 121.01 154.37 159.87 163.7 154.82 130.1 126.2 120.06 121.19 119.89 151.47 168.59 184.56 184.48 178.99 162.66 152.7 152.38 134.97 139.56 131.39 125.78 119.17 119.22 120.86 127.18 144.74 153.46 142.44 128.4 120.08 110.29 103.4 113.7 129.91 155.04 168.01 167.41 162.98 156.6 145.24 141.73 131.74 133.26 126.91 122.99 120.66 122.34 123.41 128.09 135.9 137.3 137.7 130.04 129.33 122.24 111.88 116.65 128.89 153.14 165.25 172.32 173.95 165.5 155.77 148.44 133.24 129.54 126.63 124.72 120.04 123.24 127.77 159.18 207.88 243.23 178.04 149.95 126.16 117.27 115.52 124.31 147.32 169.51 214.64 200.73 201.1 167.74 153.0 144.21 135.81 132.4 125.54 123.18 123.99 123.25 127.63 155.37 191.13 211.99 163.31 136.53 126.71 117.55 113.18 120.09 138.47 170.43 178.26 175.0 171.02 152.85 131.0 130.77 123.05 115.2 110.86 110.27 109.09 115.43 122.5 147.67 168.12 180.81 159.33 133.5 121.97 117.02 119.5 128.85 144.12 160.36 177.15 189.9 189.63 170.0 155.42 143.7 133.68 133.67 129.8 125.95 125.0 125.01 134.5 154.93 180.09 219.08 178.95 160.22 150.88 145.88 142.97 139.07 150.09 171.17 176.63 169.12 162.12 135.15 123.54 131.27 121.95 126.05 112.7 108.82 105.0 114.14 127.75 178.61 181.71 164.98 150.47 134.44 117.05 113.52 118.79 122.32 151.3 133.7 132.92 136.89 132.27 111.54 87.65 98.8 100.0 83.39 86.49 86.39 88.13 89.69 90.99 88.95 93.24 112.24 97.54 94.55 86.74 85.4 87.56 92.77 118.0 136.88 144.46 160.47 160.33 155.17 149.0 143.56 135.53 135.0 127.75 124.07 119.3 116.81 117.0 117.0 133.43 136.77 120.94 113.7 109.1 87.08 98.01 109.9 120.4 138.0 142.93 155.76 150.6 144.55 142.16 143.0 128.54 119.56 114.07 111.4 107.72 107.31 115.58 153.71 173.8 181.36 163.18 141.45 121.23 125.33 124.09 136.91 152.78 140.3 126.84 125.09 140.0 120.0 109.21 131.31 88.52 78.92 86.98 135.0 105.01 88.55 99.0 145.0 194.13 169.7 143.69 116.05 104.85 107.55 117.2 130.96 135.7
