224 5
1 54 45 48 38
1 0 0 0 0 0 3 1 2 3 0 60 16.13
10 0 5 3 8 10 3 11 19 23 1 59 10.66
10 0 8 2 3 8 3 4 5 13 1 81 14.11
3 0 8 2 1 10 3 6 12 22 1 51 9.77
2 0 1 1 4 4 2 8 24 11 58 11.88
10 0 7 10 3 6 3 15 19 20 11 74 8.63
9 0 8 1 1 4 3 7 15 23 4 90 16.19
6 0 4 1 3 9 3 9 10 16 13 82 13.5
6 0 10 5 5 3 2 14 23 13 70 11.23
2 1 0 0 0 0 2 18 28 19 69 13.8
1 1 0 0 0 0 2 24 29 19 79 10.39
5 1 0 0 0 0 3 15 21 27 11 86 10.83
3 0 4 7 9 8 1 13 4 52 14.74
1 0 9 8 10 8 1 16 11 86 11.07
3 0 5 2 9 4 3 17 21 27 19 96 8.96
5 1 0 0 0 0 1 28 21 69 11.11
2 1 0 0 0 0 2 24 25 19 74 10.09
10 1 0 0 0 0 2 22 26 22 78 13.25
1 1 0 0 0 0 1 25 21 78 9.21
8 0 10 3 6 1 2 22 26 21 76 12.82
1 1 0 0 0 0 2 21 26 21 70 15.15
8 1 0 0 0 0 2 29 30 22 70 15.64
6 0 6 3 10 1 1 25 32 86 15.64
2 0 2 3 9 9 1 30 19 84 15.36
2 0 9 5 4 8 1 27 21 98 14.26
8 0 3 10 4 6 1 29 38 119 11.13
6 0 7 1 3 3 1 28 32 107 9.75
4 1 0 0 0 0 1 30 23 70 12.64
3 0 9 8 1 9 1 31 38 90 12.83
8 0 4 3 10 8 1 31 46 123 16.07
1 1 0 0 0 0 1 31 30 74 13.56
1 0 0 0 0 0 0 54 112 10.93
1 0 0 0 0 0 3 33 34 35 0 75 13.59
9 0 0 0 6 0 3 36 38 45 1 50 11.11
7 0 0 6 0 0 2 44 50 1 86 9.62
1 0 0 5 0 0 3 37 38 47 1 57 10.15
10 0 0 5 0 0 2 46 56 10 68 11.14
8 0 0 0 1 0 3 39 40 54 2 63 12.1
8 0 0 0 1 0 1 51 10 77 9.51
2 0 0 6 0 0 2 41 43 10 92 8.63
7 0 10 0 0 0 3 44 45 49 10 93 15.47
3 1 0 0 0 0 3 42 46 48 12 55 8.88
6 1 0 0 0 0 1 58 15 98 13.58
1 1 0 0 0 0 3 50 53 59 12 85 15.42
10 0 0 0 0 10 3 53 56 58 17 66 13.8
9 0 1 0 0 0 1 61 17 70 9.95
7 0 0 6 0 0 1 51 20 82 15.72
7 0 0 0 7 0 1 55 2 61 13.69
6 1 0 0 0 0 3 49 52 53 15 91 13.75
5 0 5 0 0 0 2 56 59 21 92 13.5
8 1 0 0 0 0 3 52 55 60 13 71 10.07
5 0 0 0 0 2 1 55 27 88 12.22
1 1 0 0 0 0 1 57 21 97 13.33
4 0 4 0 0 0 1 60 27 92 11.48
2 0 0 0 0 8 2 57 58 10 64 9.64
6 0 0 0 0 10 1 62 32 104 10.47
4 1 0 0 0 0 1 61 27 104 16.14
3 0 0 0 4 0 2 61 62 22 74 12.2
7 0 0 0 0 3 2 59 62 27 105 9.92
10 0 4 0 0 0 1 60 34 85 11.07
7 0 4 0 0 0 1 63 44 92 9.73
4 0 6 0 0 0 1 63 31 104 11.5
10 0 0 0 8 0 1 63 38 84 8.41
1 0 0 0 0 0 0 51 99 13.56
1 0 0 0 0 0 3 65 66 67 0 73 12.66
10 0 0 7 0 0 3 70 80 82 1 58 9.95
6 0 10 0 4 0 2 72 75 1 76 14.14
10 0 9 2 2 0 3 68 69 74 1 63 13.08
8 0 4 0 5 0 3 81 87 91 11 60 14.6
6 0 2 0 3 4 1 71 11 82 8.12
4 0 2 6 8 0 2 73 76 11 54 15.05
5 0 0 0 3 0 3 78 83 86 17 69 9.82
5 0 0 10 0 3 2 77 94 7 91 15.67
9 0 9 0 0 8 1 92 15 86 13.81
9 0 8 0 6 0 1 87 11 81 10.49
10 0 0 3 0 0 2 82 85 7 79 11.31
9 0 0 9 0 0 2 88 90 15 76 8.89
9 1 0 0 0 0 2 79 84 12 89 12.73
5 0 8 0 6 9 1 90 22 65 15.89
9 0 6 0 5 10 1 89 21 76 10.1
9 0 7 0 2 3 1 89 11 76 9.31
5 0 9 0 0 1 1 93 19 101 12.86
4 0 0 2 0 1 2 84 86 17 75 13.05
7 1 0 0 0 0 1 87 22 68 15.63
4 1 0 0 0 0 1 92 21 99 10.01
5 0 0 0 0 3 1 92 17 99 14.05
6 1 0 0 0 0 1 91 22 75 12.22
5 0 0 0 10 5 1 89 29 98 15.57
8 0 2 9 3 0 1 93 24 77 15.32
2 0 5 1 3 0 1 93 34 76 10.92
7 0 2 0 0 8 1 94 27 85 15.94
4 0 0 5 0 0 1 94 28 96 9.77
5 0 5 0 0 0 1 95 25 82 8.71
8 0 8 10 6 0 1 95 36 98 12.05
7 0 0 0 4 5 1 95 34 83 12.77
1 0 0 0 0 0 0 44 105 9.73
1 0 0 0 0 0 3 97 98 99 0 64 9.03
4 0 7 1 3 10 1 104 1 70 8.11
4 0 10 10 3 4 1 118 1 60 13.77
5 0 8 5 7 8 3 100 104 106 1 76 9.85
3 0 10 6 7 8 3 101 102 103 6 84 11.17
8 0 5 8 5 5 3 111 114 118 9 58 11.88
2 0 3 1 10 9 2 108 113 9 64 12.84
1 0 3 1 5 4 3 105 107 115 9 84 15.44
5 0 3 5 7 1 1 117 6 75 15.28
1 0 8 6 8 10 2 111 112 10 80 10.3
3 0 2 5 2 9 2 110 119 6 75 16.08
6 0 4 4 3 3 2 109 112 10 65 13.31
6 0 5 9 7 8 2 112 116 11 96 11.63
3 0 5 9 8 4 3 113 119 121 16 87 9.72
2 0 7 7 5 7 2 117 124 9 51 8.31
8 0 8 1 9 10 1 123 17 86 10.79
6 1 0 0 0 0 3 119 120 122 17 84 11.63
3 1 0 0 0 0 2 117 118 19 80 15.89
4 1 0 0 0 0 3 115 122 125 17 81 13.16
2 1 0 0 0 0 1 116 21 89 9.1
6 1 0 0 0 0 2 120 121 23 86 9.16
5 0 1 6 1 6 1 123 22 97 8.94
3 1 0 0 0 0 3 122 125 126 22 96 15.85
2 1 0 0 0 0 2 123 124 23 78 14.47
7 0 9 5 7 3 1 126 29 73 11.4
4 0 4 1 1 3 1 126 29 100 8.84
2 1 0 0 0 0 1 124 25 74 8.77
10 0 9 5 3 5 1 125 27 103 13.24
6 0 2 6 9 5 1 127 27 85 12.72
8 0 1 8 3 3 1 127 37 94 10.53
5 0 8 8 10 4 1 127 36 100 10.27
1 0 0 0 0 0 0 45 116 15.35
1 0 0 0 0 0 3 129 130 131 0 68 15.73
5 0 0 0 6 3 3 135 139 148 1 53 9.92
4 0 0 0 2 8 3 132 133 140 1 80 11.75
9 0 10 6 9 10 3 133 140 152 1 75 12.23
10 0 0 10 0 5 3 134 135 142 5 91 12.96
5 0 6 5 3 10 3 136 138 142 10 70 14.08
8 0 2 1 0 2 3 136 139 146 15 72 11.93
4 0 9 0 4 10 3 143 146 147 15 73 13.15
5 1 0 0 0 0 2 137 149 23 89 13.8
8 0 9 4 5 10 3 150 151 154 28 74 10.28
7 0 8 0 5 3 3 144 145 147 15 86 9.17
10 0 1 9 3 0 2 151 152 23 79 10.34
6 0 5 10 4 3 3 141 145 147 10 91 14.94
9 0 0 2 0 3 3 144 148 153 16 80 10.28
6 0 0 2 3 0 3 145 146 148 15 81 12.45
4 1 0 0 0 0 2 152 156 19 77 12.25
8 1 0 0 0 0 2 149 150 25 92 8.63
5 1 0 0 0 0 1 153 22 72 10.3
10 1 0 0 0 0 1 154 23 84 9.65
1 1 0 0 0 0 3 149 150 153 22 65 11.38
3 0 9 2 6 9 2 155 157 25 99 11.74
4 0 1 10 8 7 2 151 154 33 100 11.96
3 0 8 0 7 10 2 156 158 36 81 9.94
6 0 6 0 1 0 1 157 37 105 14.15
9 0 10 4 0 3 1 158 33 105 10.26
1 1 0 0 0 0 2 155 156 27 98 15.06
6 0 0 6 3 10 2 155 157 37 87 16.12
10 0 7 2 5 6 1 158 43 103 9.95
6 0 0 0 0 1 1 159 39 117 15.36
5 0 3 10 6 5 1 159 43 88 8.15
4 0 0 4 4 5 1 159 53 119 12.84
1 0 0 0 0 0 0 57 121 11.05
1 0 0 0 0 0 3 161 162 163 0 74 10.35
7 0 0 0 0 10 1 167 1 63 10.57
8 0 9 0 0 0 3 169 171 183 1 63 14.65
8 0 0 7 0 0 3 164 165 174 1 73 10.47
7 0 0 0 9 0 3 166 170 185 9 79 13.56
6 0 0 0 0 1 3 168 177 183 9 68 12.97
7 0 0 0 0 2 1 176 16 97 9.88
8 0 0 0 7 0 2 168 180 8 76 14.05
7 0 0 2 0 0 3 179 182 187 16 83 11.95
10 0 0 0 2 0 2 173 175 9 77 11.43
5 0 0 0 0 1 3 172 173 184 16 92 14.69
3 0 0 0 6 0 3 172 184 185 9 79 10.88
3 1 0 0 0 0 1 188 21 102 14.97
1 0 4 0 0 0 1 187 21 73 12.06
1 0 0 0 7 0 2 177 178 9 50 12.25
5 0 0 0 0 9 3 176 179 185 19 86 14.19
9 0 0 1 0 0 3 177 178 186 24 96 10.32
5 1 0 0 0 0 2 180 182 33 95 14.86
1 1 0 0 0 0 2 182 190 33 80 10.64
3 1 0 0 0 0 1 189 24 74 14.4
9 0 0 0 3 0 1 181 38 93 13.24
5 0 0 0 10 0 1 188 47 96 13.83
6 0 0 0 7 0 1 188 38 117 13.55
8 0 0 0 8 0 2 184 186 15 78 10.0
10 1 0 0 0 0 1 190 23 104 14.59
3 1 0 0 0 0 2 187 189 24 99 12.41
8 0 0 0 9 0 1 189 33 106 10.36
8 0 1 0 0 0 1 190 27 90 12.28
6 0 8 0 0 0 1 191 52 115 9.25
9 0 0 10 0 0 1 191 41 107 14.46
6 0 0 0 7 0 1 191 35 88 12.92
1 0 0 0 0 0 0 58 100 8.93
1 0 0 0 0 0 3 193 194 195 0 68 9.84
2 0 9 9 4 1 3 198 203 204 1 57 9.03
1 0 9 9 10 5 3 196 197 199 1 78 13.3
4 0 4 8 6 3 1 212 1 45 9.8
10 0 6 10 7 2 2 201 209 2 92 16.13
10 0 10 8 9 2 3 202 207 213 2 71 11.25
1 0 3 2 10 6 1 206 3 47 8.68
1 0 6 1 7 2 2 200 205 2 62 11.23
4 0 6 2 4 9 1 220 3 62 9.17
10 0 1 3 6 9 1 221 12 65 13.3
3 0 1 4 9 2 3 210 215 216 12 56 9.75
1 0 10 10 9 2 1 222 3 68 14.12
2 0 5 4 1 3 3 206 217 218 3 54 9.83
3 0 10 1 2 3 1 211 3 58 14.67
10 0 6 2 2 4 1 209 5 76 15.46
3 0 5 3 1 5 2 208 220 12 60 9.95
4 0 10 9 9 10 1 212 15 84 11.04
10 0 4 10 7 4 1 214 15 86 11.94
5 0 3 6 2 8 2 211 219 15 84 15.35
5 0 1 3 5 4 1 220 20 69 10.55
1 1 0 0 0 0 2 215 221 19 74 11.4
6 0 4 8 10 1 1 216 12 65 13.24
2 0 3 7 2 7 1 221 25 73 8.74
4 1 0 0 0 0 1 219 20 69 13.61
8 1 0 0 0 0 1 217 18 74 12.33
5 0 2 6 4 2 1 219 26 101 13.05
4 0 7 3 1 1 1 222 5 75 13.77
10 0 5 1 6 3 1 222 31 84 10.78
10 0 1 7 8 8 1 223 25 100 10.01
4 0 7 2 5 3 1 223 27 69 13.51
4 0 7 4 5 10 1 223 41 87 12.91
1 0 0 0 0 0 0 45 94 13.79
98.73 89.03 85.03 84.13 86.44 97.23 114.67 111.75 104.99 98.14 87.73 61.18 22.74 19.98 26.65 62.54 82.65 98.25 110.14 178.94 283.1 233.0 157.0 122.65 111.28 97.24 89.1 88.32 90.01 98.78 114.97 120.28 110.76 82.71 77.22 68.74 50.5 50.48 70.87 78.41 90.8 102.81 152.08 302.22 465.66 394.02 240.15 145.09 119.29 102.77 92.54 92.08 90.99 99.87 115.32 110.16 104.52 90.96 80.28 80.01 48.71 34.31 56.97 72.39 82.1 98.79 135.44 260.22 305.31 186.0 134.93 110.34 99.18 86.46 79.0 78.93 80.88 88.52 104.49 107.47 104.9 90.45 75.06 57.35 42.16 45.4 67.55 79.9 90.61 110.0 117.42 145.01 190.85 166.78 132.8 113.97 109.25 104.54 101.31 98.39 103.62 106.63 122.6 116.65 100.0 91.15 70.01 65.86 20.419999999999998 21.814999999999998 32.535 40.96 59.57 92.505 103.25 136.76999999999998 163.07999999999998 147.10500000000002 123.60000000000001 110.41499999999999 109.95 102.16 100.46 97.16 95.93 88.11 85.74 44.95 17.86 3.34 0.0 -0.09 -1.32 -1.77 -2.48 2.02 28.53 75.01 89.08 128.53 135.31 127.43 114.4 106.86 96.9 91.8 90.47 106.23 110.68 86.01 77.67 76.72 69.32 36.45 19.3 15.7 13.66 7.48 12.07 51.12 75.13 102.96 114.0 134.18 148.04 138.91 124.28 109.99 118.61 106.45 101.44 98.81 100.99 110.05 134.2 143.67 149.08 132.38 110.37 109.41 90.85 97.69 99.79 85.42 114.43 105.42 109.84 142.85 151.22 131.88 110.4 91.46 104.19 94.75 89.95 88.99 89.44 93.67 111.41 118.73 116.13 91.29 83.34 81.26 86.08 79.91 76.02 74.34 84.79 92.57 89.0 112.47 128.72 119.55 115.9 100.0 95.1 83.93 80.72 81.43 81.54 94.05 113.66 116.46 114.08 96.59 84.68 77.34 63.67 46.02 36.98 49.8 76.89 81.48 101.47 118.11 138.09 137.6 117.58 104.57 100.91 95.73 89.1 86.4 87.77 98.5 107.29 107.57 104.93 88.28 79.62 65.33 45.17 39.34 39.25 56.39 76.55 86.99 100.03 112.59 132.34 132.27 120.31 107.33 103.55 98.01 93.32 89.8 90.67 95.58 104.78 102.99 101.96 92.19 81.38 71.53 61.66 41.05 32.04 50.0 70.94 95.0 105.88 112.89 120.83 117.01 109.68 103.13 112.0 104.43 103.56 97.52 93.47 89.89 85.09 87.79 82.96 60.06 18.19 3.0 0.22 0.0 0.0 0.22 23.08 71.54 106.94 110.28 119.41 123.65 125.0 115.42 115.05 108.56 107.78 106.85 104.04 100.25 95.11 91.59 79.26 36.95 4.28 0.05 0.0 0.0 0.0 0.0 2.32 71.81 102.22 115.58 122.12 128.07 126.94 115.63 113.78 103.11 97.31 93.57 97.3 108.18 117.87 119.7 103.12 87.75 81.22 77.69 71.95 65.01 58.01 67.28 85.23 99.88 117.0 150.05 186.21 164.52 128.73 114.94 107.59 102.64 92.71 88.22 87.18 93.0 110.69 113.26 106.74 90.29 76.31 64.27 61.73 49.76 50.47 64.91 83.37 100.22 117.11 136.16 147.62 144.83 120.52 110.6 97.93 92.89 85.63 82.27 82.94 88.98 106.05 112.86 111.66 103.18 88.93 85.5 82.8 81.76 78.61 83.81 91.1 95.54 105.52 125.0 143.17 134.85 116.44 108.94 105.09 100.09 91.7 89.3 90.21 93.89
