224 5
1 52 40 30 33
1 0 0 0 0 0 3 1 2 3 0 66 7.01
3 0 5 10 9 5 3 6 9 16 1 69 5.47
7 0 2 8 10 6 3 14 17 25 1 71 7.28
7 0 9 4 1 5 3 4 5 13 1 54 4.33
4 0 8 10 2 6 3 7 8 10 8 73 4.48
2 0 3 3 9 1 3 6 9 26 8 52 5.22
8 0 2 10 4 8 2 12 19 10 80 7.52
3 0 8 3 3 1 3 11 15 16 12 56 5.4
3 0 10 5 2 7 3 9 15 18 12 80 5.05
1 0 2 7 1 5 3 17 19 23 15 66 6.55
3 0 10 3 4 10 3 11 16 30 12 62 7.86
9 0 3 2 5 5 3 17 18 26 15 66 7.53
8 1 0 0 0 0 2 20 21 18 59 7.86
5 0 6 8 7 8 3 15 19 22 8 57 7.95
2 0 10 4 8 1 3 21 23 24 8 46 7.61
9 0 10 4 7 7 3 20 23 26 15 79 7.76
1 0 8 5 1 5 2 18 28 15 54 5.42
10 0 1 7 9 2 2 22 27 24 71 4.93
4 0 9 6 10 4 3 21 25 27 24 66 7.21
1 1 0 0 0 0 1 20 18 64 5.43
5 0 8 3 10 6 2 24 25 26 78 5.83
1 0 4 5 8 8 1 22 28 68 5.76
6 0 7 2 5 2 1 29 34 81 4.32
2 1 0 0 0 0 3 27 28 30 24 71 5.7
10 0 4 6 1 6 1 30 31 72 4.39
5 0 2 7 2 9 1 29 31 95 6.82
1 0 4 3 5 9 1 28 24 82 6.84
7 0 5 7 9 2 1 29 34 96 4.39
7 0 8 8 1 9 1 31 26 63 5.48
4 0 4 9 10 10 1 31 41 94 5.0
2 0 3 4 3 1 1 31 41 79 7.7
1 0 0 0 0 0 0 45 104 7.62
1 0 0 0 0 0 3 33 34 35 0 58 4.75
10 0 2 0 6 9 3 41 43 47 1 76 6.76
4 0 6 0 8 0 3 37 49 55 1 57 4.34
6 0 0 1 0 10 3 36 38 59 1 52 4.88
8 0 6 0 0 0 2 42 46 7 56 7.56
7 0 0 0 3 0 1 39 5 57 4.15
10 0 9 0 5 0 2 40 50 7 60 4.81
8 0 3 6 0 2 1 53 12 65 4.1
3 0 2 0 3 0 1 54 17 74 5.36
7 0 0 10 3 6 3 44 45 60 11 76 4.49
5 0 4 0 0 0 2 51 61 15 68 7.48
5 1 0 0 0 0 1 45 11 59 6.67
9 0 1 0 7 6 3 48 51 57 18 76 5.8
1 1 0 0 0 0 1 52 18 65 7.96
9 0 1 0 4 8 1 58 15 62 5.51
5 0 0 0 1 3 1 61 11 50 6.66
4 1 0 0 0 0 1 52 27 88 7.54
8 0 1 0 0 0 2 53 56 5 50 5.14
8 0 0 3 0 8 1 60 17 65 7.8
6 1 0 0 0 0 1 54 27 94 4.78
4 0 0 1 0 0 1 56 31 69 5.37
3 1 0 0 0 0 1 58 20 59 4.02
4 0 0 6 0 0 1 55 33 91 6.36
4 0 3 0 0 5 1 62 37 88 7.37
2 0 0 0 8 0 2 59 61 35 69 7.4
5 0 0 0 0 2 1 58 27 83 6.23
7 1 0 0 0 0 1 62 32 81 7.33
9 0 0 1 5 10 1 62 37 103 6.49
1 0 0 0 10 2 1 63 25 75 4.81
5 0 0 5 9 6 1 63 37 97 6.82
9 0 4 0 8 0 1 63 46 92 6.28
1 0 0 0 0 0 0 55 108 5.06
1 0 0 0 0 0 3 65 66 67 0 39 7.02
8 0 4 0 0 0 3 68 69 78 1 69 6.13
2 0 0 9 0 0 3 70 83 86 1 40 7.56
1 0 0 0 0 5 2 71 76 1 41 7.78
8 0 0 9 0 0 3 72 73 77 9 72 6.6
10 0 0 10 0 0 2 93 94 9 78 6.71
5 0 0 0 0 6 2 71 76 3 47 4.76
4 0 2 0 0 0 3 73 74 79 8 61 4.06
4 0 0 0 0 9 3 79 80 85 17 83 6.65
5 0 3 0 0 0 3 82 89 90 17 85 6.15
1 0 0 0 0 2 2 75 84 12 73 5.68
9 0 4 0 0 0 3 77 85 92 13 58 4.1
10 1 0 0 0 0 1 93 8 58 4.39
4 1 0 0 0 0 1 89 22 79 5.51
3 0 0 0 0 8 3 83 86 89 9 75 4.02
1 1 0 0 0 0 1 81 21 84 4.81
2 1 0 0 0 0 1 84 21 80 4.06
10 0 0 9 0 0 2 88 91 22 67 7.32
3 0 0 5 0 0 2 87 88 22 87 4.85
8 0 10 0 0 0 2 90 92 12 56 5.51
1 1 0 0 0 0 2 87 94 23 87 7.55
3 1 0 0 0 0 1 90 22 82 4.28
5 0 0 0 0 7 2 87 88 12 59 6.35
7 0 0 8 0 0 1 93 25 80 4.07
1 0 0 7 0 0 1 92 32 75 7.71
6 0 6 0 0 0 1 91 26 87 7.72
8 0 0 0 0 6 1 91 25 64 4.87
8 0 0 0 0 4 1 94 33 94 7.15
2 0 0 0 9 0 1 95 33 69 7.53
2 0 2 0 0 0 1 95 32 65 5.58
2 0 0 9 0 0 1 95 41 73 5.81
1 0 0 0 0 0 0 43 75 5.06
1 0 0 0 0 0 3 97 98 99 0 60 4.97
9 0 0 0 0 6 3 101 103 107 1 47 4.72
3 0 0 1 0 0 3 100 113 117 1 42 5.64
8 0 6 0 0 0 3 102 104 109 1 69 6.18
3 0 0 0 0 1 3 103 106 120 4 51 4.48
5 0 0 6 0 0 1 111 10 60 7.81
5 0 0 0 0 4 3 105 106 113 9 61 5.14
5 0 0 0 0 9 2 109 124 10 79 6.13
7 0 0 10 0 0 3 105 111 113 9 73 4.53
3 0 0 2 0 0 3 108 114 115 16 71 4.16
8 0 0 0 0 10 3 110 112 115 14 86 4.62
9 0 3 0 0 0 3 109 111 112 10 74 4.71
9 0 0 0 0 4 3 110 112 121 19 60 7.6
6 0 8 0 0 0 1 125 19 74 7.32
10 1 0 0 0 0 2 116 118 28 83 5.1
3 0 0 0 0 3 3 114 115 120 19 77 4.58
1 1 0 0 0 0 3 116 118 123 28 65 5.96
3 1 0 0 0 0 3 116 120 122 16 64 6.32
8 0 0 4 0 0 2 122 126 22 67 6.08
9 1 0 0 0 0 2 119 122 22 83 5.43
9 0 0 0 6 0 1 119 38 87 4.23
3 0 0 10 0 0 3 118 119 121 4 63 6.68
8 0 0 0 0 4 1 126 38 98 5.68
2 0 0 10 0 0 3 124 125 126 47 105 4.86
10 1 0 0 0 0 1 121 22 88 7.44
1 0 4 0 0 0 2 123 125 32 94 5.46
1 1 0 0 0 0 1 123 31 73 5.84
3 0 0 0 2 0 1 124 33 70 7.28
5 0 0 2 0 0 1 127 49 110 4.47
6 0 9 0 0 0 1 127 49 86 4.57
4 0 9 0 0 0 1 127 49 110 4.87
1 0 0 0 0 0 0 55 108 5.95
1 0 0 0 0 0 3 129 130 131 0 42 4.53
2 0 1 2 4 0 3 137 138 155 1 69 5.07
5 0 0 5 9 10 3 136 142 143 1 63 6.64
6 0 8 10 10 0 3 132 133 134 1 64 7.94
4 0 8 3 0 8 1 135 7 65 6.04
2 0 3 1 8 5 2 145 154 7 57 7.85
9 0 5 0 5 10 2 141 145 7 70 4.19
9 0 4 0 0 3 3 139 140 146 11 68 4.82
4 0 8 0 8 10 1 137 6 52 7.08
8 0 0 0 0 5 1 149 10 78 6.47
7 0 1 6 6 6 1 152 3 47 7.67
10 0 2 10 3 8 1 157 20 63 5.47
1 0 10 8 2 8 1 147 20 59 7.01
1 1 0 0 0 0 1 158 16 50 6.02
1 0 4 0 9 9 2 148 151 6 74 5.3
5 0 0 9 6 9 3 144 154 157 6 47 4.52
2 1 0 0 0 0 1 145 11 72 6.64
5 1 0 0 0 0 1 148 16 84 6.59
5 0 2 7 9 0 1 156 20 75 4.0
9 0 0 5 4 1 1 150 21 82 5.07
10 0 0 8 0 8 1 153 21 81 5.93
1 1 0 0 0 0 1 150 18 67 7.85
5 0 4 8 3 8 1 153 30 93 6.94
4 1 0 0 0 0 1 152 7 48 4.22
10 0 9 0 0 1 3 153 154 157 11 84 6.17
5 0 1 8 0 7 1 156 35 70 7.65
9 0 7 3 4 7 1 158 21 69 6.71
10 0 7 0 0 3 1 158 3 60 6.15
2 0 1 3 0 10 1 159 40 93 7.83
10 0 4 0 3 7 1 159 30 95 7.49
3 0 0 4 5 1 1 159 30 65 6.91
1 0 0 0 0 0 0 42 88 5.26
1 0 0 0 0 0 3 161 162 163 0 68 7.86
10 0 5 3 6 9 3 171 177 181 1 57 5.01
2 0 0 1 0 8 3 164 167 168 1 57 6.19
10 0 2 0 6 6 3 165 170 178 1 56 4.34
9 0 6 7 6 3 3 166 173 182 3 71 6.53
9 0 4 0 0 0 3 169 171 177 11 62 6.32
9 0 3 5 10 0 3 169 172 174 12 64 4.94
9 0 9 8 10 7 3 175 179 182 3 75 6.1
4 0 0 10 8 1 3 172 173 184 3 64 5.94
6 1 0 0 0 0 3 175 176 188 21 90 7.13
1 0 5 4 6 3 3 176 182 187 11 64 4.45
1 1 0 0 0 0 2 180 184 20 68 7.14
10 1 0 0 0 0 3 176 178 179 21 68 6.91
5 1 0 0 0 0 2 175 180 12 58 5.32
5 0 6 0 1 7 3 177 178 181 21 64 7.04
1 1 0 0 0 0 2 183 185 27 65 6.27
4 0 2 9 0 10 1 185 31 70 6.99
1 0 9 0 5 1 2 184 186 26 58 6.64
6 0 1 0 5 0 3 186 187 189 31 86 5.93
10 0 0 8 9 4 2 180 181 31 99 6.6
2 0 7 8 5 0 1 190 41 81 7.88
5 0 0 8 8 10 1 183 41 82 5.55
8 1 0 0 0 0 3 183 185 188 12 58 4.45
10 0 6 5 2 6 1 189 46 107 4.7
10 0 0 2 4 0 3 187 188 189 27 78 5.44
5 0 6 0 0 6 1 186 35 77 5.19
3 0 9 10 7 0 1 190 40 94 7.71
4 0 2 2 0 0 1 190 37 77 7.65
8 0 5 4 10 0 1 191 37 103 6.84
4 0 3 8 5 0 1 191 56 107 6.17
8 0 2 5 6 8 1 191 43 89 4.97
1 0 0 0 0 0 0 60 94 5.58
1 0 0 0 0 0 3 193 194 195 0 55 6.69
2 0 0 7 9 9 3 197 199 200 1 68 7.33
4 0 6 0 0 1 2 198 220 1 72 4.84
2 0 2 2 3 0 2 196 202 1 68 4.43
10 0 9 6 8 2 1 204 3 52 6.16
5 0 3 2 0 0 3 201 205 206 3 73 5.24
5 0 0 0 10 2 3 199 203 221 5 60 7.74
7 0 10 3 8 5 2 207 217 10 62 4.04
8 0 9 0 1 0 1 211 3 46 4.37
6 0 10 8 0 4 3 213 214 216 8 51 4.65
2 0 4 7 3 0 1 209 3 50 4.33
6 0 4 6 6 0 1 219 10 61 6.32
5 0 4 7 4 0 1 222 13 60 4.44
3 0 4 9 0 3 1 212 8 64 4.97
5 0 6 5 3 1 2 208 211 8 61 6.04
1 1 0 0 0 0 1 213 17 65 5.23
6 0 8 7 0 10 2 210 215 13 74 6.81
4 0 0 2 5 7 1 218 5 62 4.74
6 1 0 0 0 0 1 220 19 70 5.85
3 0 5 9 4 0 3 212 214 220 13 56 5.88
8 0 2 4 0 0 1 216 16 82 5.99
3 1 0 0 0 0 1 218 18 59 7.45
7 1 0 0 0 0 1 221 16 72 4.53
6 0 8 3 0 0 1 222 19 60 5.31
2 0 3 7 4 4 1 221 24 60 6.03
7 1 0 0 0 0 1 219 17 67 5.27
1 1 0 0 0 0 1 219 21 71 6.97
8 0 5 10 8 0 1 222 24 69 7.48
6 0 0 1 4 1 1 223 25 73 4.74
4 0 7 6 0 8 1 223 26 61 7.47
6 0 4 8 10 5 1 223 32 97 6.64
1 0 0 0 0 0 0 38 76 6.4
97.27 95.59 96.7 96.87 95.85 107.83 149.64 159.75 133.83 98.92 82.86 76.9 76.02 77.32 84.34 98.64 129.32 147.74 176.19 160.0 141.99 127.36 107.24 98.25 105.01 102.47 100.09 101.02 103.45 111.75 146.9 151.76 146.05 127.22 102.0 97.75 96.84 99.04 103.19 113.96 135.39 169.2 201.75 180.05 149.11 133.5 121.9 107.34 101.86 100.33 97.93 97.38 102.47 111.47 142.89 159.18 147.42 125.0 101.42 99.6 98.06 99.65 101.62 118.14 140.0 154.74 194.78 179.35 148.15 132.2 120.0 109.91 108.13 99.46 93.88 92.48 96.34 105.97 133.09 160.65 160.0 150.0 126.4 113.26 111.86 108.18 109.09 110.18 121.78 142.65 166.05 173.47 149.0 135.69 118.45 108.91 109.09 106.0 105.9 103.83 105.3 114.06 143.14 155.32 156.96 133.7 113.62 108.36 106.01 106.01 108.1 109.92 125.85 145.35 154.7 151.13 130.01 111.39 114.0 105.17 112.15 103.14 96.0 89.9 86.9 90.55 97.01 99.42 99.53 87.37 71.14 60.17 57.02 48.0 54.51 71.59 84.65 128.13 139.58 132.96 121.46 108.5 105.02 95.25 90.01 85.79 79.62 78.18 78.6 80.51 85.14 82.07 77.95 77.14 36.86 17.75 9.61 7.22 13.62 31.0 71.48 118.11 131.69 140.0 125.79 108.29 101.41 80.97 80.37 80.95 79.75 80.91 85.85 103.3 135.18 152.87 135.96 107.38 90.62 87.9 64.65 36.35 50.21 70.56 100.22 146.43 176.5 170.0 141.5 119.19 108.11 93.5 92.2 89.99 92.64 89.77 96.35 112.01 140.16 136.68 106.52 74.26 32.93 2.24 3.38 4.28 8.44 63.68 98.36 143.47 171.92 167.11 143.45 123.77 117.17 103.62 108.77 105.01 103.52 102.61 107.33 124.46 160.27 148.08 108.95 45.9 34.23 2.48 1.42 2.18 5.6 66.88 112.16 156.99 250.73 220.41 176.68 141.18 126.84 112.23 119.77 104.88 101.26 102.34 106.05 122.29 148.32 142.04 100.27 79.23 38.56 3.42 0.43 0.65 16.83 80.13 121.72 157.59 278.23 250.3 161.79 138.78 128.17 120.61 127.07 117.53 114.42 108.26 112.54 131.38 162.72 148.8 111.39 74.75 43.62 7.37 1.26 0.09 3.73 64.19 122.15 137.1 150.0 190.0 177.0 100.0 100.0 95.0 90.0 94.1 94.1 99.93 100.0 103.15 90.0 69.75 43.24 33.7 13.24 11.81 17.64 27.61 42.51 70.0 75.8 118.97 159.8 157.46 147.1 84.14 77.04 65.04 32.68 35.14 43.85 42.35 42.39 42.14 44.71 36.24 27.91 23.25 13.78 9.6 13.49 5.01 11.46 42.78 86.51 126.61 142.0 143.02 141.47 130.65 126.32 114.24 111.25 107.14 101.8 98.77 101.77 119.72
