256 5
1 31 27 27 28
1 0 0 0 0 0 3 1 2 3 0 55 5.05
10 0 0 0 5 0 1 6 1 63 7.77
4 0 0 9 0 0 1 5 1 55 5.98
3 0 0 0 1 0 3 4 5 8 1 79 5.86
1 0 6 0 0 0 3 7 18 20 4 94 8.68
5 0 0 0 4 0 1 22 5 92 5.57
4 0 0 10 0 0 1 18 11 65 7.82
6 0 0 0 0 7 3 9 14 16 5 106 6.89
4 0 5 0 0 0 3 13 17 23 4 86 4.66
4 0 0 0 0 8 3 10 17 22 11 95 7.25
7 0 10 0 0 0 3 11 12 21 15 110 7.54
2 1 0 0 0 0 1 15 22 119 5.4
3 0 3 0 0 0 2 19 27 22 83 6.65
5 0 0 0 0 3 2 19 26 8 80 7.52
6 0 0 0 8 0 2 23 30 11 114 6.13
10 0 0 9 0 0 2 19 25 24 91 6.89
4 0 0 0 8 0 3 21 22 26 11 109 7.14
3 1 0 0 0 0 1 24 15 107 5.41
7 1 0 0 0 0 3 21 25 30 15 107 7.42
9 1 0 0 0 0 1 24 34 129 4.62
4 0 0 2 0 0 2 24 25 5 78 7.41
3 0 0 0 3 0 1 29 22 103 4.78
9 1 0 0 0 0 2 23 27 15 92 8.14
3 1 0 0 0 0 2 28 29 24 111 7.9
10 0 0 0 2 0 2 28 30 43 136 6.85
8 1 0 0 0 0 2 26 28 34 128 5.51
4 0 0 0 4 0 1 27 42 98 6.72
8 0 0 0 4 0 1 29 46 105 7.52
1 0 0 8 0 0 1 31 53 141 4.81
10 0 0 3 0 0 1 31 54 116 8.76
9 0 0 4 0 0 1 31 53 116 6.29
1 0 0 0 0 0 0 64 113 6.38
1 0 0 0 0 0 3 33 34 35 0 58 7.82
10 0 0 5 2 3 2 46 57 1 73 7.32
7 0 7 0 2 7 2 37 39 1 98 4.65
7 0 8 10 4 4 3 36 38 55 1 93 6.34
5 0 2 1 0 0 1 48 8 90 6.44
7 0 10 1 0 0 1 46 8 89 4.91
8 0 9 5 1 2 1 60 8 71 8.08
3 0 3 8 1 6 3 40 41 44 8 81 8.08
1 0 1 4 8 9 2 43 45 11 110 7.6
10 0 2 7 10 4 2 42 54 11 86 6.08
9 0 0 0 7 2 1 47 21 120 5.69
9 0 8 0 0 9 1 58 12 117 6.93
3 0 9 6 3 6 3 47 51 53 11 88 7.06
4 0 8 10 3 8 1 58 12 71 5.95
9 0 1 6 5 0 3 49 50 52 15 72 6.43
5 0 4 0 2 9 1 52 30 92 6.3
8 1 0 0 0 0 1 62 13 84 8.45
3 1 0 0 0 0 2 54 59 24 121 7.5
10 0 7 0 3 1 1 56 24 107 7.35
9 1 0 0 0 0 1 55 14 116 5.43
3 0 8 7 1 0 1 61 35 124 5.56
5 0 0 2 2 4 2 57 61 14 78 4.53
10 0 10 0 0 3 1 58 27 97 5.12
7 0 0 8 5 0 2 59 62 23 99 7.9
2 0 1 0 0 8 1 61 34 92 5.65
8 0 9 10 9 7 1 59 19 88 5.92
2 0 0 4 7 10 1 62 37 106 6.01
7 0 7 1 1 0 1 60 30 89 8.34
6 0 3 0 0 1 1 63 37 116 5.91
10 0 2 2 0 9 1 63 38 127 8.3
1 0 3 0 8 10 1 63 39 100 7.96
1 0 0 0 0 0 0 48 129 5.45
1 0 0 0 0 0 3 65 66 67 0 94 7.36
6 0 4 10 2 2 1 91 1 83 4.49
1 0 1 9 8 1 3 68 73 75 1 90 5.25
10 0 3 5 6 4 3 69 71 72 1 103 7.58
7 0 8 4 4 6 2 70 74 2 99 7.0
3 0 10 2 7 8 2 77 78 11 105 5.24
9 0 4 4 8 1 3 80 82 89 9 72 7.16
8 0 1 4 6 6 1 76 11 106 8.16
2 0 6 1 3 4 3 81 84 86 11 67 5.23
9 0 10 6 10 2 2 74 90 2 62 8.4
8 0 6 5 3 2 2 81 84 11 70 7.6
9 0 1 4 1 4 3 79 83 91 2 81 5.65
5 1 0 0 0 0 3 82 87 89 19 92 5.87
10 0 3 8 4 5 3 80 82 84 14 105 7.17
8 1 0 0 0 0 2 93 94 14 79 6.63
3 0 10 1 3 10 3 86 87 92 11 96 6.08
8 1 0 0 0 0 3 81 83 87 24 99 8.11
5 1 0 0 0 0 2 91 93 32 118 6.85
6 0 1 1 8 1 1 90 24 106 6.18
3 0 10 1 1 10 1 85 32 128 5.5
3 1 0 0 0 0 1 89 24 107 4.48
6 0 6 6 8 7 1 86 35 134 6.67
1 0 10 2 4 9 1 88 41 94 4.91
6 0 2 7 5 8 1 94 32 92 6.78
2 0 4 6 8 2 2 90 93 42 120 8.5
2 0 10 1 5 5 1 92 27 92 8.41
5 0 6 10 2 3 1 94 44 114 6.83
1 0 7 4 3 3 1 92 37 108 6.85
6 0 3 6 5 3 1 95 38 95 6.28
8 0 7 8 5 1 1 95 44 127 4.77
5 0 7 6 10 1 1 95 49 135 7.46
1 0 0 0 0 0 0 54 145 8.7
1 0 0 0 0 0 3 97 98 99 0 91 7.95
1 0 0 0 0 10 3 100 101 107 1 70 6.0
7 0 0 0 3 0 2 102 112 1 62 8.36
9 0 6 0 0 0 3 103 110 120 1 86 6.61
6 0 0 0 0 7 1 103 2 97 8.85
8 0 7 0 0 0 1 113 2 63 4.44
7 0 0 7 0 0 3 105 111 122 8 87 6.07
9 0 0 5 0 0 3 104 106 108 10 92 6.81
10 0 2 0 0 0 2 121 124 19 124 6.35
8 1 0 0 0 0 1 108 15 109 8.59
4 0 0 0 5 0 3 113 116 125 19 75 7.27
8 0 0 0 3 0 2 109 119 2 78 4.82
9 1 0 0 0 0 1 115 23 79 7.19
8 0 0 0 0 10 1 114 10 89 4.92
3 0 7 0 0 0 1 113 10 64 4.76
4 0 0 0 0 1 3 116 117 118 15 103 8.58
1 0 0 0 0 9 1 126 8 80 8.0
8 1 0 0 0 0 1 114 23 114 5.6
1 1 0 0 0 0 1 117 31 98 4.95
10 0 3 0 0 0 1 125 32 115 6.36
9 1 0 0 0 0 1 126 23 98 6.74
6 0 0 0 8 0 1 123 32 123 5.41
3 0 0 0 9 0 1 126 19 71 6.51
9 0 0 0 0 8 1 123 10 87 6.16
4 0 0 0 0 9 1 123 10 106 6.08
8 0 0 0 2 0 1 125 29 130 8.45
1 1 0 0 0 0 1 124 15 97 7.71
2 0 0 5 0 0 1 124 38 134 8.82
4 0 0 1 0 0 1 127 40 126 5.38
5 0 0 0 0 7 1 127 42 124 6.28
8 0 10 0 0 0 1 127 32 100 8.65
1 0 0 0 0 0 0 47 123 8.15
1 0 0 0 0 0 3 129 130 131 0 74 6.46
10 0 5 3 6 9 3 139 145 149 1 79 5.8
2 0 0 1 0 8 3 132 135 136 1 82 5.67
10 0 2 0 6 6 3 133 138 146 1 60 6.47
9 0 6 7 6 3 3 134 141 150 3 75 6.07
9 0 4 0 0 0 3 137 139 145 11 116 8.24
9 0 3 5 10 0 3 137 140 142 12 90 5.45
9 0 9 8 10 7 3 143 147 150 3 83 5.97
4 0 0 10 8 1 3 140 141 152 3 77 7.82
6 1 0 0 0 0 3 143 144 156 21 82 7.82
1 0 5 4 6 3 3 144 150 155 11 90 8.11
1 1 0 0 0 0 2 148 152 20 103 4.45
10 1 0 0 0 0 3 144 146 147 21 86 8.04
5 0 4 5 5 0 2 143 148 12 91 4.91
5 0 6 0 1 7 3 145 146 149 21 82 5.7
1 1 0 0 0 0 2 151 153 27 87 6.01
4 0 2 9 0 10 1 153 31 107 4.77
1 1 0 0 0 0 2 152 154 26 90 7.91
6 0 1 0 5 0 3 154 155 157 31 127 6.07
10 0 0 8 9 4 2 148 149 31 90 5.74
2 0 7 8 5 0 1 158 41 134 6.48
5 0 0 8 8 10 1 151 41 92 8.61
8 1 0 0 0 0 3 151 153 156 12 69 7.81
10 0 6 5 2 6 1 157 46 135 7.48
10 0 0 2 4 0 3 155 156 157 27 117 7.89
5 0 6 0 0 6 1 154 35 93 7.92
3 0 9 10 7 0 1 158 40 136 8.62
4 0 2 2 0 0 1 158 37 131 4.65
8 0 5 4 10 0 1 159 37 132 4.98
4 0 3 8 5 0 1 159 56 136 4.55
8 0 2 5 6 8 1 159 43 108 8.78
1 0 0 0 0 0 0 60 109 5.14
1 0 0 0 0 0 3 161 162 163 0 60 7.07
8 0 4 5 7 5 2 178 179 1 80 7.35
7 0 2 3 4 3 3 164 168 174 1 62 7.3
1 0 9 7 3 10 3 166 172 190 1 63 6.04
10 0 2 10 6 8 3 165 169 185 8 112 8.45
6 1 0 0 0 0 3 167 173 178 18 99 5.56
5 0 5 4 6 3 2 179 188 2 69 7.95
1 1 0 0 0 0 3 177 183 187 24 109 8.68
1 0 6 2 4 2 3 170 171 175 8 97 7.46
7 0 6 8 8 10 2 176 179 18 86 8.07
9 0 5 2 1 7 3 172 177 178 9 111 6.29
8 0 9 8 1 4 1 185 9 76 6.54
10 1 0 0 0 0 1 173 18 102 6.38
10 0 4 3 3 9 1 186 28 111 6.74
10 0 2 1 7 3 1 176 8 94 7.43
9 0 1 4 8 1 3 177 180 187 9 100 6.81
1 0 8 3 5 10 3 181 188 190 25 91 5.68
4 0 4 5 8 2 1 182 25 98 8.22
1 0 5 7 5 7 2 184 189 24 80 5.96
2 0 6 8 8 3 2 181 187 25 105 5.41
8 0 5 4 8 10 3 181 184 185 18 112 6.29
2 0 10 6 1 7 1 186 27 116 4.47
3 0 2 6 5 8 1 190 29 90 7.11
9 0 5 3 9 10 1 184 25 125 4.86
5 0 8 10 7 2 1 188 34 132 6.6
3 0 9 2 10 6 1 186 26 123 5.08
2 0 1 6 6 8 1 189 38 134 6.11
1 0 8 10 3 7 1 189 27 121 6.0
2 0 7 1 1 4 1 191 39 106 4.93
1 0 9 6 3 1 1 191 40 126 5.17
1 0 1 2 4 2 1 191 32 81 5.08
1 0 0 0 0 0 0 41 88 4.95
1 0 0 0 0 0 3 193 194 195 0 76 7.79
6 0 0 0 2 0 3 197 203 209 1 64 5.1
9 0 9 0 0 0 2 214 217 1 85 4.99
5 0 0 0 2 0 3 196 201 221 1 80 6.29
7 0 0 0 0 6 3 198 210 212 6 95 5.9
5 0 0 3 0 0 3 199 200 205 7 71 7.95
9 0 0 6 0 0 2 206 209 13 99 7.99
9 0 0 0 0 9 2 202 213 12 113 7.42
9 0 0 0 0 6 1 204 12 94 7.1
1 0 4 0 0 0 1 214 6 81 7.55
1 1 0 0 0 0 1 207 21 100 8.38
6 0 0 3 0 0 2 208 218 7 104 8.09
5 1 0 0 0 0 1 207 21 94 5.62
3 0 0 8 0 0 2 208 219 12 99 6.81
3 1 0 0 0 0 1 219 22 102 8.38
2 0 0 7 0 0 2 216 220 26 110 5.23
5 0 0 0 5 0 1 215 15 93 7.47
4 0 0 0 0 8 1 214 22 80 5.5
8 0 0 0 0 1 1 211 13 73 8.72
8 0 0 0 10 0 1 215 21 90 8.46
2 0 0 3 0 0 1 217 13 66 5.26
2 1 0 0 0 0 1 221 21 87 5.08
3 0 0 0 3 0 2 218 219 26 95 5.97
6 0 0 0 0 4 1 222 29 87 8.14
9 0 0 0 9 0 1 222 28 109 8.83
4 1 0 0 0 0 1 220 15 101 6.4
2 0 0 2 0 0 1 220 29 86 6.42
2 0 2 0 0 0 1 222 29 122 5.25
3 0 2 0 0 0 1 223 31 105 5.09
2 1 0 0 0 0 1 223 23 106 7.09
3 0 0 0 9 0 1 223 37 99 6.14
1 0 0 0 0 0 0 40 97 4.71
1 0 0 0 0 0 3 225 226 227 0 61 7.78
6 0 3 0 0 9 3 230 232 242 1 80 6.84
3 0 7 0 0 8 2 232 233 1 72 7.73
6 0 0 0 0 9 3 228 234 236 1 98 6.59
7 0 0 4 0 9 3 229 230 232 7 113 7.16
9 0 0 5 0 9 3 237 240 243 14 110 8.16
10 0 3 0 0 7 3 231 235 239 14 105 6.44
9 1 0 0 0 0 2 240 249 24 93 8.13
2 0 5 0 0 1 3 238 239 240 14 106 8.7
6 0 0 0 0 10 3 234 237 243 4 74 6.22
3 0 6 2 2 0 2 242 250 10 111 5.12
3 1 0 0 0 0 3 238 241 246 24 120 8.85
4 0 5 4 0 0 3 244 246 251 7 99 8.42
9 1 0 0 0 0 3 242 246 247 23 123 4.94
7 1 0 0 0 0 3 244 245 248 27 123 6.72
4 1 0 0 0 0 3 245 247 254 24 82 7.42
1 0 0 7 0 5 3 247 250 252 33 90 6.49
1 0 8 0 0 0 2 243 248 27 109 8.49
6 0 0 10 0 0 2 244 254 32 128 8.56
10 1 0 0 0 0 2 245 254 28 129 8.17
4 0 0 0 4 1 1 249 38 100 6.12
10 0 7 3 10 8 3 249 250 251 38 115 6.19
2 1 0 0 0 0 1 252 32 89 5.32
6 1 0 0 0 0 2 248 251 34 119 7.45
6 0 3 0 3 1 1 253 40 97 8.09
10 0 3 3 2 0 1 252 48 124 6.96
8 0 7 8 3 0 1 253 48 128 5.95
2 0 4 0 0 0 1 253 48 117 6.25
8 0 10 4 0 0 1 255 58 126 8.02
10 0 4 6 10 0 1 255 56 127 4.57
5 1 0 0 0 0 1 255 38 101 4.49
1 0 0 0 0 0 0 66 124 6.51
73.92 69.83 67.28 66.54 67.52 81.68 120.0 132.61 124.43 107.51 94.45 84.44 91.11 94.06 88.14 104.04 113.17 113.73 99.95 86.25 75.7 72.22 73.7 63.18 70.02 56.22 53.26 46.12 51.19 65.08 78.53 120.0 116.48 91.74 96.15 100.05 99.28 93.19 78.84 72.71 82.18 112.85 117.66 115.47 105.11 93.96 88.83 80.7 92.42 92.04 91.57 92.72 92.57 93.64 112.83 129.89 130.37 125.9 105.42 90.41 86.16 85.05 92.98 113.66 147.49 203.85 293.73 274.02 185.28 137.43 125.98 111.72 105.01 103.21 98.46 87.42 82.86 93.34 116.33 126.62 120.97 105.38 85.2 71.54 68.8 67.05 75.55 92.32 106.66 114.91 118.8 116.56 105.0 89.52 82.75 70.74 38.87 30.2 24.41 23.04 30.06 44.4 82.0 168.7 193.66 180.3 134.4 134.01 144.23 98.57 85.64 82.0 107.17 105.04 154.02 178.46 129.2 78.0 54.09 36.63 20.38 18.78 18.15 16.55 16.01 16.01 13.28 78.33 80.0 70.0 58.14 40.01 18.43 22.87 31.07 52.06 69.38 72.37 115.1 139.3 83.83 24.68 25.89 19.66 29.42 35.77 34.43 31.71 29.44 37.62 48.02 53.47 44.16 40.7 15.65 26.82 20.0 33.93 50.2 78.19 78.14 133.5 181.34 194.77 170.68 66.73 48.97 61.96 19.8 21.7 20.31 12.79 25.86 39.93 81.79 109.65 108.18 105.8 99.3 98.11 91.01 98.55 106.03 119.66 133.38 141.46 128.4 119.95 104.49 88.83 80.81 65.06 51.74 39.15 31.06 24.15 25.3 39.19 65.01 89.38 90.75 87.18 82.38 77.11 77.52 91.48 102.48 95.75 102.83 109.54 108.62 104.55 98.7 87.65 81.44 77.03 70.89 68.74 68.31 69.39 68.56 79.33 102.7 111.89 100.25 86.2 73.24 71.61 71.89 77.3 88.97 119.89 143.23 150.08 136.12 128.07 115.49 98.02 93.86 87.29 77.86 72.35 70.55 66.55 59.97 67.03 97.61 100.62 97.29 76.54 60.97 66.66 62.22 64.18 68.38 76.87 86.45 111.45 109.28 109.41 97.79 95.46 104.37 88.87 105.0 97.72 93.64 84.8 78.26 90.8 120.0 120.53 111.27 85.1 77.89 76.3 78.11 86.41 109.48 130.62 162.55 175.95 122.19 110.14 101.11 96.86 88.97 68.2 72.31 67.75 59.24 76.25 81.51 63.73 83.5 95.0 37.93 35.3 18.3 15.76 21.02 31.51 69.0 115.0 77.75 95.0 84.88 86.05 81.53 78.57 81.41 78.46 84.18 75.8 73.46 72.21 77.77 78.87 84.28 77.79 79.18 82.38 79.08 79.15 78.91 86.76 95.98 114.55 120.67 131.83 129.81 116.92 111.78 101.25 98.12 86.94 86.34 80.16 74.08 73.81 83.09 90.84 116.06 128.76 123.45 101.53 90.34 86.37 85.01 88.04 92.41 94.1 104.92 113.59 90.44 87.21 86.79 72.56 64.49 57.21 23.51 68.08 71.0 68.45 31.47 59.42 94.45 110.34 109.02 84.11 72.1 64.3 61.98 76.85 90.08 120.43 148.24 149.62 102.69 112.21 112.51 93.16 90.57 80.16 73.33 72.09 74.63 73.77 77.27 87.2 109.3 112.02 109.42 93.57 82.45 77.56 76.6 85.3 100.25 119.47 129.47 138.88 116.78 102.38 96.06 90.98 80.63 81.97 96.26 93.73 94.32 93.75 95.3 93.73 113.63 125.0 118.45 94.61 86.35 84.67 84.73 88.01 100.36 124.88 132.04 139.58 127.88 117.47 109.96 97.55 95.31 89.12 91.23 90.2 91.15 91.62 92.61 95.29 106.92 127.4 126.75 109.28 94.8 91.11 90.06 93.66 103.2 129.48 162.81 180.69 143.5 127.94 115.99 104.5 97.8 91.6 96.4 97.37 95.01 95.52 96.93 95.46 95.84 104.56 106.98 104.52 102.34 96.81 95.03 95.8 102.86 120.18 126.42 137.03 136.12 131.43 124.16 114.51 107.18 97.57 97.2 95.56 93.98 92.33 92.88 92.81 90.83 90.53 99.2 99.02 98.67 99.09 99.57 100.38 102.04 106.86 120.23 129.59 128.25 125.21 117.22 105.66 100.48 92.81 89.95 88.43 89.7 89.26 88.94 94.95
