256 5
1 30 32 34 30
1 0 0 0 0 0 3 1 2 3 0 63 16.19
7 0 0 9 7 3 3 4 5 6 1 74 13.02
8 0 4 0 8 0 3 8 10 11 1 89 16.99
9 0 9 6 6 8 2 9 26 1 73 15.06
2 0 1 6 3 0 3 7 12 18 8 63 15.46
9 0 0 3 3 10 2 12 24 8 84 18.2
6 0 0 0 3 3 2 14 15 8 92 17.8
6 0 2 3 7 3 2 17 19 10 91 16.35
6 1 0 0 0 0 1 22 9 59 13.51
5 0 8 0 8 7 3 15 16 20 10 65 18.47
3 1 0 0 0 0 3 16 23 28 9 78 14.46
7 0 0 5 0 3 2 25 27 9 69 10.21
9 1 0 0 0 0 3 13 14 17 17 69 12.41
9 1 0 0 0 0 3 15 26 30 26 96 11.38
10 0 0 0 8 8 1 30 26 109 9.96
1 0 5 0 7 9 1 22 35 83 10.17
3 1 0 0 0 0 1 17 15 60 16.39
3 0 2 1 4 10 1 29 26 73 12.96
1 0 0 5 6 0 3 19 20 24 10 55 16.69
10 0 5 8 0 7 1 21 16 95 11.01
5 0 6 6 5 1 3 22 27 30 15 66 12.22
8 1 0 0 0 0 2 25 27 26 79 14.66
6 0 0 9 10 10 2 28 29 36 119 12.23
7 0 5 9 0 0 1 24 12 96 16.56
10 0 0 3 1 7 1 25 19 76 15.28
3 0 0 10 6 5 1 26 34 102 10.68
3 0 5 5 7 2 1 29 37 90 17.53
2 0 10 4 6 3 1 28 34 102 10.98
2 0 2 0 5 0 1 31 42 94 13.92
1 0 4 4 1 1 1 31 42 109 15.68
9 0 0 9 1 10 1 31 36 95 17.8
1 0 0 0 0 0 0 45 106 17.27
1 0 0 0 0 0 3 33 34 35 0 67 16.38
10 0 2 10 7 2 3 36 38 56 1 62 16.47
9 0 10 10 8 8 2 41 43 1 76 12.75
3 0 3 7 5 7 3 38 39 45 1 75 13.68
5 0 1 1 6 5 1 37 11 80 12.94
10 0 10 5 6 7 3 40 44 55 16 85 16.89
4 1 0 0 0 0 3 46 47 62 11 72 16.38
9 0 1 9 5 8 1 50 4 78 10.97
3 1 0 0 0 0 2 42 53 26 108 12.79
6 0 8 10 3 9 1 57 10 63 12.28
2 0 8 9 2 7 2 47 52 29 89 14.22
3 0 7 3 8 9 1 48 10 79 9.3
2 1 0 0 0 0 2 49 58 26 89 16.61
6 1 0 0 0 0 1 54 4 60 15.83
8 0 8 7 3 8 1 53 15 78 12.03
2 0 9 5 7 2 2 50 60 31 105 9.49
5 0 3 5 3 3 1 51 13 87 17.13
7 1 0 0 0 0 2 50 54 28 99 13.95
4 0 6 9 2 2 1 61 35 108 10.33
9 0 1 8 3 10 1 60 18 105 15.75
6 0 3 9 3 5 1 61 31 84 11.84
5 0 4 4 8 1 1 58 29 114 17.47
7 0 8 6 9 6 1 59 35 105 15.0
2 0 3 9 9 7 1 57 26 76 17.95
8 0 9 7 9 8 1 60 11 70 14.79
10 0 5 2 7 3 2 58 59 28 114 17.16
2 0 8 4 2 9 1 61 38 87 9.81
7 0 7 4 8 5 1 62 42 126 11.49
8 0 1 7 7 2 1 63 33 100 15.59
5 0 2 1 5 8 1 63 40 122 11.5
10 0 5 5 7 3 1 63 49 108 12.27
1 0 0 0 0 0 0 59 127 16.93
1 0 0 0 0 0 3 65 66 67 0 70 13.47
5 0 3 8 1 1 3 70 83 89 1 72 15.76
9 0 2 3 4 1 3 68 72 74 1 84 17.56
2 0 8 5 6 3 3 73 75 80 1 70 16.9
6 0 3 7 3 5 3 69 70 71 10 67 16.19
10 0 9 8 3 6 3 78 81 86 16 106 18.47
2 0 10 3 9 5 3 76 77 92 16 83 9.39
6 0 6 7 3 10 3 73 76 84 16 67 9.57
9 0 8 10 10 2 3 75 76 77 10 84 14.23
4 0 5 3 7 8 3 83 88 93 22 70 14.39
3 1 0 0 0 0 3 82 84 85 10 91 11.38
4 0 7 5 5 9 3 78 79 81 19 79 15.52
9 1 0 0 0 0 2 86 91 22 90 14.88
10 0 7 3 9 1 3 80 85 90 19 92 10.79
2 1 0 0 0 0 3 85 87 88 26 91 15.66
1 1 0 0 0 0 3 82 87 88 23 85 11.74
10 0 4 9 6 10 2 86 91 29 108 12.47
2 1 0 0 0 0 3 82 84 87 26 80 18.26
4 0 7 9 2 3 2 83 91 28 98 13.26
3 0 2 10 6 3 2 90 92 32 79 10.6
10 0 8 6 9 3 1 89 28 113 11.69
6 0 3 4 1 1 1 93 29 108 16.24
7 0 10 8 4 3 1 93 39 109 10.55
4 0 5 3 1 1 1 94 28 97 9.41
8 0 9 2 5 1 1 89 28 100 10.86
2 0 1 10 7 9 2 90 92 38 94 12.68
1 0 4 6 10 9 1 94 40 105 17.0
4 0 6 9 3 4 1 94 39 102 13.53
5 0 5 6 10 4 1 95 40 107 11.73
1 0 2 1 6 3 1 95 46 93 13.2
4 0 5 2 5 7 1 95 43 86 10.35
1 0 0 0 0 0 0 47 97 10.32
1 0 0 0 0 0 3 97 98 99 0 46 16.78
8 0 1 3 6 1 3 101 105 110 1 67 15.23
10 0 3 10 9 4 3 101 102 107 1 92 9.3
9 0 10 10 7 3 3 100 108 118 1 76 18.38
7 0 8 6 4 10 3 117 120 123 10 78 16.18
9 0 2 1 5 2 3 103 106 109 11 96 17.85
3 0 10 6 3 6 3 104 110 112 11 78 17.62
4 0 4 9 7 7 3 111 112 125 20 89 15.55
10 0 8 10 7 8 3 105 111 113 14 81 17.08
1 1 0 0 0 0 3 108 114 121 24 97 12.25
10 0 3 4 1 7 3 108 113 116 20 97 11.72
1 0 7 3 1 6 3 111 115 116 11 91 11.32
4 1 0 0 0 0 2 119 122 30 77 12.72
9 0 3 7 6 2 3 114 115 120 20 79 13.88
3 0 2 3 5 6 3 115 118 122 14 93 17.0
3 1 0 0 0 0 3 114 120 123 24 78 14.75
2 1 0 0 0 0 3 113 121 126 24 90 9.98
4 1 0 0 0 0 1 123 30 81 10.35
8 0 2 3 4 3 1 126 29 85 15.09
10 0 1 4 5 8 3 117 119 124 29 104 13.81
5 1 0 0 0 0 2 117 118 30 97 11.95
9 0 4 9 7 7 1 125 39 119 18.31
5 0 1 1 4 3 2 119 121 35 80 14.14
5 0 10 5 1 7 1 125 40 113 16.59
1 1 0 0 0 0 1 122 29 71 17.37
9 0 9 2 1 2 1 124 40 98 16.83
5 1 0 0 0 0 1 126 34 116 10.84
3 0 3 4 3 7 1 124 34 90 9.92
10 0 4 6 4 10 1 127 49 121 16.75
4 0 3 6 7 7 1 127 48 106 9.54
7 0 7 8 1 7 1 127 39 113 16.92
1 0 0 0 0 0 0 59 134 9.54
1 0 0 0 0 0 3 129 130 131 0 56 14.29
6 0 0 0 5 0 2 137 140 1 80 11.89
6 0 6 0 6 3 3 132 133 134 1 55 17.43
3 0 0 3 0 0 3 136 139 148 1 83 9.35
5 0 0 0 4 0 3 138 146 147 7 67 14.91
7 0 8 5 0 2 3 137 141 147 7 83 12.29
3 0 0 0 9 3 2 135 143 7 88 9.3
9 0 6 0 4 0 3 137 146 148 10 76 15.9
8 0 10 4 0 0 3 143 145 146 4 81 10.86
9 0 0 0 0 4 1 145 19 75 10.12
7 0 0 3 0 5 3 139 140 144 12 77 12.45
6 0 5 1 6 0 3 143 145 157 19 81 11.19
9 0 10 0 0 7 3 142 149 157 19 81 9.68
10 0 0 0 10 0 3 142 144 149 14 67 9.67
9 0 0 7 5 0 3 148 150 158 28 102 15.45
5 1 0 0 0 0 2 153 154 25 70 12.8
8 0 2 0 10 6 2 151 152 24 78 12.36
10 1 0 0 0 0 3 149 150 151 28 94 13.25
9 0 0 0 7 0 3 150 151 152 19 77 13.25
2 0 8 0 8 5 2 152 155 14 83 11.87
10 0 10 9 8 0 2 153 155 37 122 15.89
6 0 3 0 4 1 2 154 158 38 94 14.11
2 0 1 0 4 0 3 153 154 155 38 111 10.26
1 1 0 0 0 0 1 158 38 81 17.02
3 1 0 0 0 0 1 157 32 79 17.98
2 0 10 10 0 5 1 156 47 117 13.99
3 0 0 0 10 7 1 156 44 121 17.78
1 0 6 6 6 0 1 156 47 118 10.14
9 0 0 1 0 0 1 159 49 129 17.0
5 0 1 0 8 0 1 159 35 100 16.14
2 0 3 0 0 10 1 159 44 87 11.58
1 0 0 0 0 0 0 58 103 11.82
1 0 0 0 0 0 3 161 162 163 0 45 14.59
10 0 8 6 10 3 3 164 166 167 1 91 14.34
7 0 4 0 0 3 3 167 169 172 1 54 16.98
10 0 8 7 4 3 3 173 181 182 1 73 14.71
10 0 5 7 8 0 3 165 168 172 11 91 13.83
8 0 0 2 9 0 3 171 173 175 21 80 13.57
8 0 8 1 1 10 3 168 174 181 11 84 17.58
8 1 0 0 0 0 3 168 179 183 11 67 18.21
6 1 0 0 0 0 3 170 184 188 21 91 17.06
3 0 1 0 3 2 3 170 177 187 8 80 18.23
1 0 9 0 8 6 3 176 186 190 27 108 18.09
10 1 0 0 0 0 3 174 177 178 29 91 10.52
5 1 0 0 0 0 3 180 182 183 21 94 14.14
6 1 0 0 0 0 3 177 180 185 29 83 14.12
1 1 0 0 0 0 2 176 183 39 100 10.98
3 0 0 8 9 10 3 176 178 185 29 100 9.38
1 0 0 1 6 8 1 182 40 94 9.95
3 1 0 0 0 0 2 188 190 39 103 17.43
1 0 10 0 0 0 3 179 180 186 39 99 9.45
6 0 0 9 3 7 2 181 184 40 94 16.84
6 0 0 4 9 0 1 187 40 118 12.84
2 0 0 9 1 1 1 189 46 91 11.69
5 0 5 1 3 7 1 189 41 109 15.87
3 0 0 0 8 7 2 184 185 40 116 12.8
2 0 3 1 2 4 1 190 46 92 11.47
2 1 0 0 0 0 2 186 187 43 90 11.26
9 0 0 0 10 2 1 189 45 129 17.92
6 0 9 4 9 3 1 188 46 117 15.34
2 0 0 0 10 0 1 191 52 126 16.94
6 0 0 6 9 3 1 191 54 128 10.57
3 0 3 3 4 0 1 191 48 103 15.38
1 0 0 0 0 0 0 60 122 13.82
1 0 0 0 0 0 3 193 194 195 0 61 17.39
6 0 7 9 7 0 3 205 207 218 1 56 13.93
10 0 6 8 9 0 2 197 198 1 91 16.99
10 0 6 2 6 8 3 196 199 215 1 71 15.55
3 0 0 6 1 6 3 200 202 203 11 88 10.48
10 0 9 3 9 0 1 204 11 90 17.89
8 0 0 0 3 0 2 201 208 11 71 18.16
1 1 0 0 0 0 1 207 11 84 9.3
4 0 10 4 3 0 2 206 216 14 83 9.32
9 1 0 0 0 0 2 212 217 19 91 11.28
5 0 4 10 0 5 3 211 217 219 14 102 16.19
4 0 2 7 0 4 1 221 14 85 14.22
8 1 0 0 0 0 1 210 21 106 15.18
10 0 0 1 0 1 1 209 7 91 10.54
9 0 9 0 4 0 1 207 18 71 16.47
10 0 10 2 10 5 1 210 27 93 12.7
9 0 1 9 4 2 1 220 19 94 11.35
6 0 6 6 0 4 1 212 17 84 10.47
7 0 2 5 4 2 2 213 214 37 106 13.48
8 0 10 2 6 2 1 216 19 67 17.09
2 1 0 0 0 0 1 216 28 74 14.15
1 0 4 8 9 5 1 220 44 90 9.27
10 0 2 9 7 0 1 222 44 122 12.87
1 0 2 0 7 0 2 219 222 11 54 10.14
6 0 9 5 0 4 1 220 30 82 16.36
10 0 9 10 0 2 2 218 222 28 104 11.05
6 0 3 6 2 2 1 221 38 83 13.96
10 0 1 9 2 9 1 221 19 104 17.05
5 0 1 0 10 7 1 223 45 91 16.32
4 0 10 7 4 1 1 223 44 101 17.78
1 0 0 2 0 0 1 223 54 126 17.2
1 0 0 0 0 0 0 55 111 12.35
1 0 0 0 0 0 3 225 226 227 0 75 17.6
9 0 8 4 0 4 3 230 241 244 1 52 16.92
7 0 7 4 4 0 3 228 232 235 1 89 17.73
8 0 0 6 0 4 3 229 231 252 1 63 12.21
9 0 0 0 4 0 3 234 238 239 8 82 11.79
3 0 3 8 0 1 3 233 239 241 9 56 15.52
6 0 3 0 0 0 3 233 234 235 10 86 9.91
6 0 6 0 0 1 3 237 241 245 9 92 18.26
7 0 0 1 0 0 3 233 242 247 8 86 17.49
3 0 0 0 8 0 3 237 245 246 16 92 16.67
6 0 9 6 6 0 3 237 247 248 17 102 11.61
4 0 0 0 0 9 3 236 240 242 16 99 17.65
10 0 0 10 5 9 3 239 243 247 20 78 13.59
4 1 0 0 0 0 2 240 243 23 99 9.55
9 0 0 0 1 0 3 240 244 249 17 73 12.48
6 1 0 0 0 0 3 245 250 253 30 111 13.51
2 1 0 0 0 0 1 250 27 81 12.42
1 0 0 1 1 0 3 242 246 254 15 87 12.48
8 0 0 1 0 0 1 248 20 74 9.63
7 1 0 0 0 0 1 249 30 110 13.15
9 1 0 0 0 0 3 246 251 252 26 109 17.41
1 0 0 3 6 0 1 251 36 80 14.73
6 0 7 8 6 0 1 248 35 98 17.03
1 0 1 10 4 0 2 249 252 30 86 14.73
8 0 0 10 0 4 1 253 41 95 12.63
1 0 8 0 0 0 2 250 253 37 108 14.71
5 0 4 0 0 9 1 251 38 105 9.63
1 0 0 5 0 1 1 254 43 101 12.33
5 0 3 0 4 0 1 255 35 80 17.79
5 0 10 4 0 0 1 255 49 130 10.86
9 0 9 4 9 0 1 255 44 118 9.27
1 0 0 0 0 0 0 54 103 16.4
70.16 75.77 49.86 75.77 81.4 83.41 99.48 115.82 114.3 109.19 105.26 105.0 106.69 104.1 110.38 114.04 135.05 134.37 133.83 137.35 126.04 125.0 114.54 82.24 80.32 79.22 79.74 79.85 81.35 89.58 107.0 115.74 130.51 115.46 108.71 107.88 106.03 110.98 126.26 126.47 138.57 140.0 140.0 130.0 115.31 99.28 94.91 72.8 75.77 75.77 72.0 75.29 77.42 82.79 107.52 115.52 110.69 113.27 100.69 90.53 89.66 97.25 103.26 111.82 116.31 115.55 115.0 115.0 100.53 99.63 90.64 84.26 86.81 84.12 82.44 83.42 85.29 89.99 100.92 125.0 114.66 113.31 103.57 100.51 98.73 98.68 103.87 111.48 118.2 122.02 119.54 117.06 112.28 103.81 99.01 94.94 91.57 92.05 93.08 93.21 93.09 96.19 115.46 126.04 132.17 127.54 122.93 119.51 114.01 119.73 128.64 133.96 155.0 147.84 134.4 130.04 121.48 114.62 106.87 97.49 97.98 95.14 91.76 88.59 88.21 91.54 94.82 100.48 106.57 108.51 104.16 100.36 97.62 98.45 102.39 116.89 120.91 120.74 116.91 111.2 100.7 98.61 98.16 90.35 91.55 91.09 84.25 81.08 82.4 83.41 83.41 85.49 89.0 115.0 115.0 112.71 96.76 94.15 92.95 106.29 113.47 110.0 110.0 105.61 101.39 96.02 91.95 92.1 81.86 80.19 79.95 79.54 82.9 85.97 109.02 117.93 121.79 135.48 120.0 106.54 93.35 115.0 118.12 132.8 147.81 123.5 120.17 115.18 111.77 97.78 94.55 92.81 101.9 101.09 99.99 100.55 99.99 96.07 113.68 124.87 130.33 130.39 129.35 113.86 106.68 119.76 135.95 145.29 151.1 151.48 134.97 132.38 128.92 119.62 116.64 104.1 96.18 94.03 91.48 91.38 94.28 98.81 119.69 134.91 140.0 131.89 126.81 122.19 125.23 129.61 132.76 135.91 138.31 138.66 136.56 122.18 114.71 108.46 106.8 94.91 87.89 102.66 83.46 81.46 82.0 87.63 101.95 123.73 129.68 129.24 125.0 99.46 98.2 103.82 118.8 121.29 138.01 120.07 116.83 103.98 86.03 84.36 83.67 70.18 71.81 80.26 82.53 83.21 83.82 87.39 101.38 100.22 108.41 115.0 110.89 109.58 97.31 103.13 101.83 106.3 109.9 119.1 117.21 113.97 115.0 106.45 105.26 91.61 91.28 86.84 87.09 88.18 89.35 90.81 97.39 105.37 114.44 116.1 114.11 112.75 112.1 117.45 122.27 125.12 128.85 125.42 123.12 116.57 109.6 105.16 102.52 92.89 97.36 91.06 88.75 87.77 87.42 88.68 90.67 95.49 103.75 109.12 107.57 106.72 105.16 105.49 109.19 109.36 110.13 112.16 107.66 107.06 104.01 101.9 94.08 82.94 81.22 79.54 78.54 76.01 79.32 85.18 93.99 109.36 113.03 113.18 107.92 103.68 101.79 113.23 114.87 116.89 125.33 116.38 115.15 116.17 109.66 94.0 97.98 87.38 78.08 70.96 80.01 82.93 75.19 78.08 86.36 91.9 99.51 114.99 114.99 117.87 114.99 116.55 114.99 109.99 107.14 102.05 109.11 107.0 95.88 85.96 84.59 76.09 73.65 68.73 69.6 66.65 63.53 68.12 67.26 76.55 87.79 93.89 94.71 89.99 89.99 94.99 99.99 114.31 128.09 120.03 90.95 79.19 79.0 82.9 79.15 66.61 69.53 62.65 60.78 64.33 62.15 70.85 68.28 67.26 72.22 73.18 67.75 68.55 65.56 59.85 78.38 97.09 101.18 103.99 111.08 114.99 119.61 113.19 102.33 94.99 97.1 91.05
