256 5
1 24 32 32 28
1 0 0 0 0 0 3 1 2 3 0 64 10.99
7 0 4 0 6 0 3 4 8 11 1 85 9.84
1 0 0 7 8 1 3 7 15 19 1 76 12.11
10 0 0 2 1 0 3 5 6 9 1 109 8.52
5 0 9 0 10 0 3 5 6 12 8 98 8.88
7 0 0 10 0 5 3 7 13 14 13 76 12.65
5 0 0 0 7 9 3 16 25 27 13 116 6.65
6 0 0 0 6 0 3 16 18 26 20 76 12.34
10 0 2 0 0 2 3 10 17 20 8 82 11.37
5 0 0 0 0 9 3 10 11 12 11 104 10.29
4 0 0 3 0 0 3 13 14 21 18 96 8.49
1 0 0 4 6 0 3 13 18 21 16 111 8.96
10 0 3 0 7 0 3 15 17 20 16 82 7.31
7 1 0 0 0 0 3 15 19 22 22 94 11.93
8 1 0 0 0 0 3 19 26 27 22 109 7.3
10 0 3 3 0 0 3 16 26 30 29 103 7.8
2 0 0 3 6 0 1 29 39 104 10.54
4 1 0 0 0 0 2 23 25 26 108 8.61
2 1 0 0 0 0 2 20 25 26 112 7.49
10 1 0 0 0 0 1 28 30 104 8.03
7 0 2 0 2 9 1 22 28 95 8.33
7 1 0 0 0 0 1 22 22 115 12.43
5 1 0 0 0 0 2 23 29 35 106 10.81
1 1 0 0 0 0 2 24 28 40 120 10.99
9 0 6 4 0 8 1 27 41 127 11.22
2 1 0 0 0 0 2 29 30 30 86 7.89
6 0 0 5 10 0 1 28 39 127 12.19
3 0 9 0 6 0 1 30 50 139 8.25
3 0 0 0 4 0 1 31 45 113 11.72
1 0 9 0 5 2 1 31 41 116 7.68
8 0 7 10 7 0 1 31 53 135 11.58
1 0 0 0 0 0 0 61 131 8.3
1 0 0 0 0 0 3 33 34 35 0 66 7.58
5 0 0 0 5 0 3 38 51 58 1 101 10.86
6 0 0 10 0 0 2 36 41 1 64 12.66
2 0 0 0 0 2 3 37 39 40 1 57 9.39
8 0 0 0 0 5 1 43 7 66 9.56
2 0 8 0 0 0 2 59 60 3 75 7.49
4 0 0 0 4 0 3 46 47 56 6 71 7.44
9 0 1 0 0 0 2 42 55 3 102 11.68
1 0 0 0 0 10 1 57 3 59 7.3
1 0 0 6 0 0 3 44 45 48 7 98 12.48
6 1 0 0 0 0 1 58 12 85 12.64
7 0 0 0 0 9 1 47 15 111 8.56
3 0 0 0 0 9 1 62 8 90 10.3
8 0 0 0 9 0 2 49 50 8 69 11.12
7 0 7 0 0 0 1 53 10 103 7.06
5 0 0 5 0 0 1 61 22 124 11.8
9 0 0 0 0 1 2 57 58 8 80 11.92
3 0 0 0 0 7 1 56 16 110 10.53
4 1 0 0 0 0 1 52 16 116 7.37
2 0 0 2 0 0 1 55 6 105 10.68
4 1 0 0 0 0 2 53 54 20 111 8.16
10 0 0 0 3 0 1 61 24 110 10.69
5 0 0 0 0 7 1 56 24 88 7.97
4 0 0 0 0 3 1 57 12 80 9.43
2 0 0 3 0 0 1 62 29 114 7.21
8 1 0 0 0 0 1 61 17 92 9.33
5 0 6 0 0 0 2 59 60 18 83 9.37
8 0 0 0 0 9 1 62 23 81 10.51
9 0 0 6 0 0 1 63 23 112 12.61
1 0 0 6 0 0 1 63 34 100 7.44
1 0 0 0 0 3 1 63 31 111 9.78
1 0 0 0 0 0 0 35 95 7.25
1 0 0 0 0 0 3 65 66 67 0 60 7.89
7 0 4 1 10 1 3 72 81 84 1 106 8.87
4 0 5 3 5 5 3 70 71 73 1 98 9.77
1 0 3 9 5 5 3 68 69 88 1 55 11.66
3 0 1 9 10 1 3 72 74 75 2 104 9.25
6 0 3 5 3 1 2 75 77 2 98 12.5
8 0 2 2 5 10 3 77 83 87 5 68 6.74
9 0 6 5 10 6 3 84 89 91 5 89 12.46
5 0 6 3 1 9 3 80 85 87 8 94 11.76
8 0 7 9 8 8 3 78 84 86 5 113 8.26
3 0 4 9 6 5 3 76 77 87 5 74 11.88
3 0 3 2 7 2 3 76 78 79 8 74 9.99
9 0 4 9 10 1 3 80 82 89 11 85 10.8
5 0 1 3 5 1 3 79 81 90 13 83 9.44
7 0 2 7 2 6 3 81 83 90 13 102 9.93
2 1 0 0 0 0 3 82 85 86 18 110 9.75
7 0 4 8 2 4 2 83 86 20 84 7.18
10 1 0 0 0 0 2 82 85 20 93 12.67
2 1 0 0 0 0 1 93 30 97 8.41
2 1 0 0 0 0 1 92 27 126 6.8
8 1 0 0 0 0 2 88 94 14 97 8.1
7 0 2 2 8 6 2 89 91 30 117 9.1
8 0 8 4 6 6 2 91 93 27 87 9.11
6 0 6 8 2 2 2 90 94 13 77 6.71
6 0 1 1 9 10 1 92 22 107 9.13
10 0 7 7 6 2 1 94 37 128 13.0
5 1 0 0 0 0 1 93 20 119 8.5
1 0 1 1 2 4 1 92 37 88 12.31
9 0 7 1 9 4 1 95 38 116 8.14
3 0 9 4 5 10 1 95 35 133 10.42
2 0 2 7 3 9 1 95 47 127 7.45
1 0 0 0 0 0 0 49 112 8.26
1 0 0 0 0 0 3 97 98 99 0 75 10.83
9 0 0 0 2 0 3 104 105 120 1 98 8.28
2 0 0 0 0 1 3 100 101 103 1 92 10.17
4 0 0 0 1 0 3 102 103 104 1 63 9.67
5 0 0 0 0 3 3 106 108 109 3 93 11.13
9 0 0 0 1 0 3 104 105 117 3 95 11.03
7 0 0 0 9 0 3 107 108 110 5 97 11.52
9 0 1 0 0 0 3 114 115 121 5 69 8.83
3 0 4 0 0 0 2 107 109 12 79 9.2
10 0 0 0 0 9 2 114 126 12 109 12.64
3 0 0 1 0 0 3 107 110 111 8 74 7.85
8 1 0 0 0 0 2 122 125 15 86 6.63
1 0 2 0 0 0 3 112 117 126 12 89 8.77
8 1 0 0 0 0 3 116 118 121 15 106 8.81
6 0 0 0 10 0 3 115 116 121 12 101 10.99
5 0 0 3 0 0 2 112 113 11 97 9.39
3 0 0 0 7 0 3 114 118 120 16 112 10.13
5 0 0 8 0 0 1 115 16 114 12.22
7 1 0 0 0 0 2 116 125 22 94 8.46
8 0 4 0 0 0 2 117 118 21 124 8.93
10 0 0 0 5 0 1 122 29 113 12.89
8 1 0 0 0 0 2 119 120 29 87 6.54
1 1 0 0 0 0 2 119 124 29 126 8.28
2 0 0 0 1 0 1 123 37 98 11.03
9 0 0 0 1 0 2 122 123 37 139 11.56
6 1 0 0 0 0 3 123 124 126 23 89 7.41
9 0 9 0 0 0 1 124 46 145 11.14
3 0 0 0 9 0 1 125 46 135 9.77
4 0 0 0 0 8 1 127 55 127 12.47
10 0 0 10 0 0 1 127 49 116 9.51
6 0 2 0 0 0 1 127 29 118 6.64
1 0 0 0 0 0 0 59 135 7.07
1 0 0 0 0 0 3 129 130 131 0 66 7.69
3 0 0 0 0 3 3 137 142 143 1 68 6.83
2 0 10 0 0 0 3 134 138 143 1 70 11.26
8 0 0 7 7 0 3 132 133 157 1 80 12.08
4 0 2 0 9 6 3 141 145 146 9 86 6.68
3 0 0 0 8 0 3 135 139 142 9 81 10.08
4 0 0 5 0 0 3 136 140 144 3 98 12.66
1 0 9 0 0 0 3 136 144 147 12 100 9.86
5 0 0 0 3 0 3 141 151 152 13 85 10.17
3 0 4 0 8 0 3 141 146 147 4 77 10.33
4 0 2 0 4 4 3 140 149 150 3 91 7.05
2 0 5 3 2 2 3 147 148 153 12 99 10.38
8 0 0 10 1 0 3 142 145 157 7 81 9.31
10 0 5 9 0 9 1 149 18 85 12.68
3 0 0 4 0 5 3 146 154 158 15 81 8.91
9 0 2 3 0 0 1 150 4 101 11.05
2 0 0 0 0 3 3 145 148 149 13 72 12.44
2 0 1 0 0 0 2 151 155 15 107 12.46
7 1 0 0 0 0 2 148 153 18 98 11.67
10 0 0 0 10 0 3 152 155 158 14 86 7.66
6 1 0 0 0 0 1 151 25 99 8.49
4 1 0 0 0 0 2 153 154 28 130 10.23
9 1 0 0 0 0 3 152 157 158 13 111 12.76
10 0 6 0 0 2 1 156 31 119 10.49
8 1 0 0 0 0 1 154 24 87 11.26
3 0 0 0 0 8 1 155 32 90 10.78
2 0 3 5 1 10 1 156 32 107 9.76
5 0 0 4 0 5 1 156 35 130 10.03
9 0 8 2 0 0 1 159 41 108 7.86
8 0 10 10 10 7 1 159 22 116 12.86
4 1 0 0 0 0 1 159 24 101 6.54
1 0 0 0 0 0 0 50 100 12.24
1 0 0 0 0 0 3 161 162 163 0 60 10.58
1 0 0 4 0 0 3 165 166 175 1 90 10.24
10 0 4 0 0 0 3 167 181 184 1 107 8.55
5 0 0 0 5 0 2 164 167 1 83 6.8
8 0 6 0 0 0 3 169 180 190 6 78 9.74
5 0 0 1 0 0 3 170 171 174 2 75 12.99
9 0 0 0 0 1 2 168 177 2 64 6.88
1 0 7 0 0 0 2 179 182 11 114 8.28
8 0 1 0 0 0 3 172 181 182 11 81 7.8
8 0 0 0 6 0 2 170 173 14 115 11.37
6 1 0 0 0 0 2 172 176 22 100 9.79
6 0 0 7 0 0 2 182 185 7 86 11.05
6 0 0 0 10 0 2 186 187 28 113 8.25
6 0 0 0 6 0 1 183 22 92 9.18
1 0 1 0 0 0 1 177 7 61 11.83
6 0 0 0 0 6 2 178 179 2 62 6.68
1 1 0 0 0 0 3 178 185 186 28 106 10.43
3 0 8 0 0 0 2 179 183 11 101 6.86
7 0 0 7 0 0 1 181 29 109 13.03
10 0 10 0 0 0 2 180 190 14 81 8.79
8 1 0 0 0 0 2 188 189 24 97 9.95
10 0 0 8 0 0 1 187 36 139 10.28
8 0 0 0 0 2 1 190 19 106 9.93
3 0 0 7 0 0 1 184 28 112 9.25
3 0 3 0 0 0 2 185 186 31 121 9.48
7 0 0 0 0 1 2 187 189 34 129 9.87
7 0 1 0 0 0 1 189 34 116 6.74
3 0 0 3 0 0 1 188 46 119 6.79
5 0 0 0 6 0 1 191 49 147 10.09
5 0 0 2 0 0 1 191 41 112 10.23
1 1 0 0 0 0 1 191 27 110 11.63
1 0 0 0 0 0 0 54 142 9.48
1 0 0 0 0 0 3 193 194 195 0 100 10.37
1 0 3 1 3 2 3 196 201 204 1 87 8.75
5 0 2 7 6 1 3 197 200 206 1 97 11.64
7 0 0 5 10 2 1 219 1 75 9.83
2 0 4 2 3 7 2 203 220 2 88 9.17
8 0 5 4 6 7 3 198 199 204 6 71 12.7
10 0 2 6 0 7 3 207 210 213 14 103 11.68
3 0 2 3 0 2 1 222 14 78 12.09
7 0 3 7 7 0 1 207 6 100 6.86
2 0 4 3 0 7 2 202 205 2 59 7.0
10 0 9 10 3 4 1 206 4 77 7.71
7 0 4 0 1 0 2 212 214 4 104 8.75
9 0 0 0 3 7 1 216 14 86 7.97
5 0 0 0 6 0 1 215 4 105 7.54
5 0 0 2 6 2 3 208 217 218 14 94 12.96
6 1 0 0 0 0 1 215 24 101 10.15
9 1 0 0 0 0 2 209 211 19 93 8.04
6 0 0 0 9 0 1 212 28 125 8.08
6 1 0 0 0 0 1 214 24 102 10.9
7 0 0 5 1 5 1 212 28 97 9.35
4 0 4 7 0 7 1 221 35 129 12.52
8 0 0 8 0 4 1 217 24 95 10.62
5 0 3 5 0 4 1 216 30 113 12.15
10 0 2 7 5 1 2 219 220 30 103 8.33
5 0 6 5 10 3 1 221 35 133 9.39
3 0 2 10 0 8 1 220 32 131 9.64
7 0 2 10 0 0 1 222 19 79 9.66
5 0 6 8 0 3 1 221 40 124 8.65
2 0 4 1 10 7 1 223 40 96 8.32
4 0 3 3 1 5 1 223 45 139 12.86
5 0 0 5 1 1 1 223 26 122 12.12
1 0 0 0 0 0 0 49 102 7.14
1 0 0 0 0 0 3 225 226 227 0 99 8.54
10 0 6 0 0 8 3 231 240 247 1 75 9.82
3 0 10 6 0 0 1 228 1 60 8.56
4 0 0 9 10 10 3 231 234 250 1 60 10.51
4 0 0 0 1 0 3 229 234 235 4 99 12.52
4 0 1 0 9 4 3 230 233 237 8 93 11.94
9 0 9 0 0 0 3 231 232 246 12 106 12.56
10 1 0 0 0 0 3 243 245 248 21 125 9.8
6 1 0 0 0 0 3 236 243 248 21 94 7.9
1 0 0 6 0 0 3 236 244 246 12 75 9.6
6 0 0 0 6 0 3 241 244 251 8 103 9.31
4 0 2 7 4 0 3 237 240 241 8 80 12.69
4 1 0 0 0 0 3 238 240 241 27 118 9.24
2 0 6 0 4 0 3 239 243 248 12 104 12.24
1 1 0 0 0 0 3 242 245 247 31 110 11.52
6 0 0 8 0 4 3 242 246 247 14 116 7.83
8 1 0 0 0 0 3 242 245 251 31 123 9.21
10 1 0 0 0 0 1 249 31 95 11.69
5 0 10 0 8 2 2 250 253 39 108 12.04
6 0 0 6 0 7 2 244 252 31 122 12.16
5 0 2 0 0 0 1 253 37 107 9.0
8 0 6 0 0 7 2 249 254 39 141 8.93
8 0 1 0 0 0 1 254 21 81 10.84
10 0 0 10 0 0 3 249 250 251 32 123 12.62
7 0 0 8 5 9 1 253 31 106 8.67
1 0 7 8 5 7 1 252 47 135 7.09
8 0 1 0 0 4 1 252 44 100 12.06
6 0 0 2 0 8 1 254 42 143 11.97
6 0 10 0 0 2 1 255 52 116 10.55
5 0 5 7 6 0 1 255 44 138 11.17
5 0 8 0 10 0 1 255 48 147 9.74
1 0 0 0 0 0 0 58 137 11.27
74.89 70.06 38.09 41.5 74.3 80.24 229.52 262.77 179.0 139.31 99.15 95.78 129.35 105.39 131.67 150.0 165.0 145.0 130.0 165.0 145.44 116.26 130.0 88.67 79.25 80.38 81.28 80.57 84.17 101.8 122.89 133.83 146.8 132.61 125.2 120.56 118.25 121.75 125.94 135.95 146.66 152.24 141.76 133.9 118.07 94.05 100.5 86.66 86.54 84.95 81.03 79.81 84.95 95.93 119.06 133.72 144.22 133.53 108.03 91.41 85.6 86.04 92.91 115.15 119.94 140.72 150.0 145.35 135.08 123.06 115.19 100.21 97.39 97.02 96.22 97.37 96.94 111.24 141.97 153.11 160.3 151.64 132.75 123.25 113.85 113.3 129.8 153.72 161.45 178.92 174.84 161.29 150.56 134.48 126.66 120.2 120.0 117.35 114.01 114.01 116.58 121.01 154.37 159.87 163.7 154.82 130.1 126.2 120.06 121.19 119.89 151.47 168.59 184.56 184.48 178.99 162.66 152.7 152.38 134.97 139.56 131.39 125.78 119.17 119.22 120.86 127.18 144.74 153.46 142.44 128.4 120.08 110.29 103.4 113.7 129.91 155.04 168.01 167.41 162.98 156.6 145.24 141.73 131.74 133.26 126.91 122.99 120.66 122.34 123.41 128.09 135.9 137.3 137.7 130.04 129.33 122.24 111.88 116.65 128.89 153.14 165.25 172.32 173.95 165.5 155.77 148.44 133.24 129.54 126.63 124.72 120.04 123.24 127.77 159.18 207.88 243.23 178.04 149.95 126.16 117.27 115.52 124.31 147.32 169.51 214.64 200.73 201.1 167.74 153.0 144.21 135.81 132.4 125.54 123.18 123.99 123.25 127.63 155.37 191.13 211.99 163.31 136.53 126.71 117.55 113.18 120.09 138.47 170.43 178.26 175.0 171.02 152.85 131.0 130.77 123.05 115.2 110.86 110.27 109.09 115.43 122.5 147.67 168.12 180.81 159.33 133.5 121.97 117.02 119.5 128.85 144.12 160.36 177.15 189.9 189.63 170.0 155.42 143.7 133.68 133.67 129.8 125.95 125.0 125.01 134.5 154.93 180.09 219.08 178.95 160.22 150.88 145.88 142.97 139.07 150.09 171.17 176.63 169.12 162.12 135.15 123.54 131.27 121.95 126.05 112.7 108.82 105.0 114.14 127.75 178.61 181.71 164.98 150.47 134.44 117.05 113.52 118.79 122.32 151.3 133.7 132.92 136.89 132.27 111.54 87.65 98.8 100.0 83.39 86.49 86.39 88.13 89.69 90.99 88.95 93.24 112.24 97.54 94.55 86.74 85.4 87.56 92.77 118.0 136.88 144.46 160.47 160.33 155.17 149.0 143.56 135.53 135.0 127.75 124.07 119.3 116.81 117.0 117.0 133.43 136.77 120.94 113.7 109.1 87.08 98.01 109.9 120.4 138.0 142.93 155.76 150.6 144.55 142.16 143.0 128.54 119.56 114.07 111.4 107.72 107.31 115.58 153.71 173.8 181.36 163.18 141.45 121.23 125.33 124.09 136.91 152.78 140.3 126.84 125.09 140.0 120.0 109.21 131.31 88.52 78.92 86.98 135.0 105.01 88.55 99.0 145.0 194.13 169.7 143.69 116.05 104.85 107.55 117.2 130.96 135.7 145.75 143.93 145.0 156.88 156.01 137.8 141.47 128.2 129.26 127.91 126.82 126.59 128.74 128.87 141.3 173.11 180.0 174.92 168.75 168.43 157.95 159.23 141.48 150.0 160.1 162.69 181.66 183.99 152.14 144.99 139.78 133.0 132.38 140.12 150.74 144.49 146.91 133.16 135.3 270.7 251.77 222.64 205.6 185.9 176.9 184.44 190.0 211.71 200.21 207.33 205.5 196.52 176.36 162.92 153.12 139.32 139.65 137.01 131.66 131.43 130.78 140.09 163.63 224.86 261.75 214.52 180.61 163.74 150.06 149.42 157.07 172.21 196.88 292.25 288.53 224.61 183.55 163.6 153.0 140.03 135.66 130.69 120.25 118.7 118.97 120.87 134.52 149.23 150.53 137.05 124.59 118.36 112.39 110.01 116.42 129.59 145.64 164.02 175.23 161.46 141.16 116.37 130.3 120.32 134.11 128.9 123.57 119.9 119.57 119.84 118.05 124.47 123.77 125.75 131.48 128.92 127.85 121.36 123.67 127.33 139.52 170.0 172.12 168.8 155.51 134.93 132.06 131.51 125.9 121.06 120.34 125.94 129.5 126.7 157.39 208.25 209.79 171.3 139.67 116.94 113.24 106.55 118.11 135.02 173.29 225.32 271.52 216.5
