256 5
1 29 39 51 43
1 0 0 0 0 0 3 1 2 3 0 81 9.93
8 0 0 6 0 0 3 4 8 9 1 97 9.83
6 0 1 0 0 0 1 5 1 51 9.62
6 0 0 0 0 7 1 14 1 77 7.99
2 0 0 9 0 0 2 11 19 9 72 8.05
3 0 0 0 0 6 2 6 8 7 59 7.47
6 0 1 0 0 0 2 7 12 10 90 9.42
10 0 1 0 0 0 2 13 25 16 74 8.06
2 0 0 0 0 5 2 16 17 10 63 5.87
3 0 10 0 0 0 2 10 15 9 74 10.84
6 0 0 0 7 0 2 13 17 12 70 8.91
1 0 10 0 0 0 1 22 11 81 5.56
7 0 0 0 3 0 1 23 16 99 8.06
1 1 0 0 0 0 2 18 24 26 86 6.04
8 0 7 0 0 0 1 29 7 91 7.98
9 0 0 0 1 0 3 18 21 24 12 104 9.63
5 0 0 8 0 0 1 25 12 61 6.98
8 0 5 0 0 0 1 30 18 78 10.77
8 1 0 0 0 0 2 20 26 27 114 8.11
8 0 0 10 0 0 1 22 11 84 10.72
3 0 7 0 0 0 1 23 35 104 9.06
8 0 0 0 0 2 1 29 21 85 6.31
6 0 0 0 0 4 2 28 29 19 78 9.63
3 0 0 0 1 0 1 28 38 107 10.12
3 0 7 0 0 0 1 27 27 75 10.22
9 1 0 0 0 0 1 26 26 104 10.54
5 0 4 0 0 0 2 27 30 35 115 10.02
7 0 0 0 7 0 1 28 40 123 5.98
9 0 9 0 0 0 1 31 47 113 7.69
10 0 0 0 0 9 1 31 29 112 9.43
1 0 0 4 0 0 1 31 40 93 7.71
1 0 0 0 0 0 0 56 134 6.91
1 0 0 0 0 0 3 33 34 35 0 46 9.28
2 0 9 4 0 0 1 36 1 79 9.48
10 0 10 0 0 4 3 37 54 62 1 95 8.99
4 0 0 0 0 7 3 51 53 58 1 59 7.81
2 1 0 0 0 0 3 39 43 49 3 66 9.34
1 0 8 0 8 1 3 38 40 52 11 91 7.13
4 0 0 4 7 5 3 41 42 44 12 78 9.56
1 1 0 0 0 0 1 46 5 74 6.84
10 0 0 0 8 9 2 42 51 12 99 6.18
10 0 0 0 3 0 3 43 48 58 16 77 7.94
6 0 0 4 0 0 3 45 47 57 22 75 5.66
6 1 0 0 0 0 1 50 26 108 9.56
1 0 0 0 3 7 3 48 49 53 16 73 10.41
3 0 4 7 0 8 3 49 53 59 28 105 10.71
3 1 0 0 0 0 3 47 50 55 6 79 7.29
7 1 0 0 0 0 2 48 59 28 108 6.4
7 0 8 2 2 0 1 61 35 106 7.94
9 0 8 9 0 0 1 58 31 115 9.82
1 1 0 0 0 0 1 51 32 80 7.63
9 0 0 0 0 5 1 56 33 89 6.72
3 0 9 1 0 0 1 57 12 89 8.14
2 0 1 0 1 7 1 60 31 98 7.1
7 0 6 2 0 0 2 56 60 11 62 9.55
9 1 0 0 0 0 2 56 62 9 95 9.54
1 0 0 2 7 0 1 57 42 112 9.46
5 0 3 0 0 4 1 59 43 120 7.21
9 0 7 2 0 0 2 60 61 40 115 9.12
7 0 3 0 0 7 1 61 48 128 7.38
10 0 3 0 0 7 1 63 49 108 8.95
3 0 0 7 0 0 1 63 55 99 9.79
8 0 2 0 0 10 1 63 18 106 10.77
1 0 0 0 0 0 0 59 123 6.77
1 0 0 0 0 0 3 65 66 67 0 75 5.58
10 0 5 0 0 8 2 75 86 1 67 8.69
4 0 10 0 5 0 3 68 71 80 1 90 7.34
1 0 5 0 1 0 3 69 82 87 1 86 10.73
3 0 0 0 10 5 3 70 73 89 5 67 6.69
5 0 3 0 0 0 3 79 85 91 2 91 10.29
10 0 0 0 5 0 1 72 8 75 9.87
1 0 0 4 0 0 1 74 5 67 8.91
4 1 0 0 0 0 1 87 18 64 10.9
6 0 1 4 4 8 2 76 85 8 94 9.38
8 0 2 0 0 1 2 78 88 6 97 9.62
7 1 0 0 0 0 1 89 11 94 6.26
7 1 0 0 0 0 1 77 14 106 8.82
4 1 0 0 0 0 2 83 91 21 99 6.67
3 0 9 0 3 10 1 87 14 76 6.24
10 0 3 5 0 0 1 84 7 102 9.36
3 0 10 4 3 10 1 81 5 81 9.59
4 0 0 1 0 1 1 90 8 60 8.61
3 0 6 6 0 1 3 83 84 93 2 78 10.47
7 0 0 6 0 0 1 92 25 100 7.14
5 0 0 0 5 0 1 86 17 104 9.26
1 0 2 8 2 1 2 88 93 14 67 6.26
10 1 0 0 0 0 1 90 22 91 8.71
8 0 1 0 8 2 1 90 22 73 6.24
1 0 1 0 0 8 1 94 15 66 6.36
6 0 0 3 0 8 1 92 18 74 9.44
4 0 0 0 4 0 1 92 32 86 9.38
7 0 0 9 0 0 1 94 25 76 9.7
6 0 0 7 0 0 1 95 36 120 9.96
9 0 0 0 4 4 1 95 15 72 5.91
4 0 9 0 1 7 1 95 32 112 10.36
1 0 0 0 0 0 0 42 97 5.65
1 0 0 0 0 0 3 97 98 99 0 51 8.76
6 0 0 0 7 0 3 106 107 110 1 80 8.94
4 0 0 0 1 0 3 100 103 111 1 81 10.35
2 0 0 0 0 2 1 122 1 53 6.98
1 0 0 0 6 0 3 101 107 109 5 77 6.15
5 0 2 0 0 0 1 102 6 77 7.53
1 0 0 0 0 6 2 104 123 11 72 6.98
3 0 0 9 0 0 2 105 115 5 81 10.84
5 0 0 8 0 0 2 108 116 12 67 7.24
6 0 8 0 0 0 2 112 120 8 99 9.36
6 0 0 0 7 0 2 120 123 7 68 7.94
4 1 0 0 0 0 2 120 124 7 76 7.67
1 1 0 0 0 0 3 117 118 126 17 70 8.18
6 0 0 1 0 0 1 112 6 62 10.61
5 0 0 0 0 2 1 119 7 65 7.01
3 0 0 0 5 0 1 113 5 62 9.81
3 1 0 0 0 0 1 121 14 62 8.4
2 0 7 0 0 0 2 114 118 8 86 7.41
3 0 0 8 0 0 1 117 10 76 8.37
3 1 0 0 0 0 1 124 8 96 9.42
7 1 0 0 0 0 1 126 17 91 9.03
4 1 0 0 0 0 1 119 18 87 10.32
8 0 0 0 0 5 1 119 18 100 6.43
1 0 0 0 0 5 1 124 26 97 10.16
8 0 0 9 0 0 1 125 14 106 10.8
8 0 0 5 0 0 1 123 17 92 6.39
5 0 0 9 0 0 1 125 3 87 5.88
1 0 0 4 0 0 1 125 25 80 9.2
5 0 0 4 0 0 1 127 27 89 9.16
2 0 0 9 0 0 1 127 26 75 9.28
1 0 0 0 0 10 1 127 24 92 6.12
1 0 0 0 0 0 0 32 100 10.1
1 0 0 0 0 0 3 129 130 131 0 51 5.78
5 0 4 10 5 9 3 134 143 150 1 70 8.8
4 0 1 8 2 1 2 133 136 1 49 10.76
2 0 4 4 9 8 3 132 137 138 1 73 8.28
7 0 6 8 1 10 2 141 152 3 81 10.4
6 0 7 4 7 5 2 150 155 5 79 10.11
8 0 8 7 4 5 2 135 139 6 97 5.47
7 0 9 9 2 2 3 140 141 142 14 104 7.9
7 0 1 2 8 9 1 143 5 88 9.57
5 0 4 6 6 9 1 144 3 75 10.58
2 0 1 9 1 1 1 145 3 78 6.4
6 1 0 0 0 0 1 157 14 74 7.64
1 1 0 0 0 0 2 144 151 21 101 5.92
6 1 0 0 0 0 2 147 149 21 88 6.36
1 0 9 5 10 9 2 156 157 21 91 10.69
8 0 6 6 3 6 1 146 12 93 7.89
3 1 0 0 0 0 2 148 154 22 98 7.33
10 0 6 6 9 8 2 146 149 5 66 7.14
4 0 7 4 9 3 1 153 20 73 10.38
7 0 4 10 6 8 1 158 27 78 6.58
9 0 6 8 2 10 1 149 25 108 6.13
5 0 7 1 3 2 1 155 34 94 9.7
8 0 4 8 5 8 1 154 11 103 8.54
9 0 7 3 9 5 1 153 22 95 9.98
10 0 9 1 6 7 1 154 10 91 7.96
5 0 8 10 3 8 1 155 31 80 9.94
3 0 7 5 1 2 1 157 25 88 8.92
4 0 6 2 2 10 1 158 39 86 8.28
5 0 6 7 8 4 1 159 22 74 9.73
2 0 7 5 10 9 1 159 28 109 10.29
5 0 10 5 1 8 1 159 43 104 8.52
1 0 0 0 0 0 0 48 112 10.32
1 0 0 0 0 0 3 161 162 163 0 69 7.42
9 0 4 2 1 1 1 184 1 91 6.62
5 0 5 4 8 10 3 164 165 172 1 81 6.01
10 0 9 6 7 6 3 168 173 174 1 66 9.85
4 0 3 4 3 4 3 166 167 175 6 92 8.12
7 0 1 6 9 10 1 190 6 93 8.09
9 0 6 8 8 2 3 170 176 187 10 88 8.13
8 0 4 9 9 7 3 171 177 189 10 71 7.26
8 0 9 5 8 4 2 169 186 11 71 9.91
10 1 0 0 0 0 2 171 176 19 85 8.1
9 0 6 9 5 2 1 173 19 79 8.34
2 1 0 0 0 0 1 183 29 84 10.5
2 0 2 8 8 4 1 189 6 84 7.16
1 1 0 0 0 0 3 180 181 185 28 74 5.48
2 0 7 9 9 10 1 179 11 71 5.55
5 0 2 2 8 1 1 178 10 68 6.39
5 0 2 4 7 10 1 180 29 80 5.51
3 0 4 4 3 10 1 182 18 88 9.99
4 0 2 2 10 2 1 190 15 69 10.02
3 0 4 5 3 10 1 181 13 67 9.3
8 0 3 1 9 7 1 184 34 91 5.97
6 0 1 7 10 1 1 188 29 117 8.6
10 1 0 0 0 0 1 186 21 112 8.88
3 0 9 4 7 5 2 184 190 31 79 6.47
3 0 10 9 1 2 1 188 42 90 9.17
9 0 7 3 3 5 1 186 29 94 6.91
4 0 8 1 2 9 1 188 38 99 7.77
10 1 0 0 0 0 1 189 19 78 5.87
4 0 8 4 4 4 1 191 45 100 10.86
9 0 8 5 3 9 1 191 29 105 8.3
9 0 7 2 7 7 1 191 34 100 9.31
1 0 0 0 0 0 0 49 116 9.25
1 0 0 0 0 0 3 193 194 195 0 57 10.63
10 0 0 8 0 0 3 198 206 212 1 58 9.82
2 0 0 2 8 0 3 196 197 201 1 59 6.17
8 0 0 0 8 3 2 199 203 1 84 8.65
6 0 2 8 0 0 3 200 209 214 3 94 7.23
2 0 0 1 0 0 3 200 205 207 3 53 8.44
6 0 0 4 0 7 3 204 213 214 11 90 8.39
10 0 10 9 1 2 3 205 207 208 9 69 9.25
4 0 0 3 0 8 2 202 208 9 66 6.6
1 0 5 8 7 0 3 203 205 210 3 50 5.93
5 1 0 0 0 0 3 210 212 217 13 79 9.4
1 1 0 0 0 0 3 204 212 218 9 80 7.99
6 1 0 0 0 0 2 209 211 17 79 8.39
8 0 0 0 7 8 3 209 217 219 19 107 9.88
1 0 2 0 0 8 3 208 210 211 11 77 6.15
6 0 0 0 0 4 3 211 213 215 19 99 10.73
4 0 10 0 3 0 3 213 215 222 19 77 8.77
6 1 0 0 0 0 1 216 27 80 7.15
4 1 0 0 0 0 3 218 220 222 18 79 8.16
3 1 0 0 0 0 2 216 221 25 111 10.69
3 1 0 0 0 0 3 216 219 220 18 65 9.91
9 0 0 2 0 0 1 217 25 75 9.18
8 0 3 7 0 0 1 215 17 78 7.78
9 0 0 5 5 0 2 218 220 25 91 7.94
7 0 2 9 0 2 1 222 33 107 7.81
1 1 0 0 0 0 1 221 34 102 7.02
9 0 3 0 6 0 1 219 34 122 5.57
9 0 2 0 3 0 1 221 43 123 5.49
3 1 0 0 0 0 1 223 34 112 6.66
4 0 0 7 7 9 1 223 52 132 5.74
9 0 0 0 0 7 1 223 40 102 5.75
1 0 0 0 0 0 0 56 128 9.97
1 0 0 0 0 0 3 225 226 227 0 63 7.22
8 0 10 9 4 7 3 231 244 252 1 82 8.0
8 0 9 5 9 9 3 228 229 243 1 68 10.19
5 0 8 10 8 1 3 231 232 241 1 71 6.74
2 0 8 5 3 10 1 230 9 89 6.41
6 0 10 2 8 6 2 236 237 9 86 10.2
10 0 7 1 9 5 2 233 239 11 99 7.22
8 1 0 0 0 0 3 235 248 249 9 81 9.13
6 0 10 3 8 7 1 234 6 88 9.09
5 0 2 5 10 5 3 235 238 240 21 105 9.23
3 0 2 10 6 7 2 242 247 12 80 6.06
6 0 6 2 2 7 1 251 26 110 5.68
7 0 9 2 3 3 3 238 242 250 15 72 7.65
3 0 5 6 3 4 3 238 247 250 15 92 10.43
10 1 0 0 0 0 2 244 251 26 110 5.61
10 1 0 0 0 0 2 242 246 21 105 10.16
10 0 7 1 8 6 1 245 26 77 9.74
3 1 0 0 0 0 2 243 247 6 57 6.47
1 1 0 0 0 0 1 244 31 74 9.41
5 0 2 2 9 2 2 246 254 9 99 6.02
9 0 1 1 1 3 3 248 249 254 36 117 10.49
7 1 0 0 0 0 3 246 250 252 36 91 9.29
2 0 8 2 2 1 1 253 43 122 6.73
5 0 2 2 5 5 1 252 18 85 8.73
7 0 7 10 3 10 1 253 45 127 10.76
8 0 1 10 7 4 1 253 45 93 7.54
9 0 9 10 7 7 1 251 43 91 9.52
8 0 3 6 7 10 1 254 52 99 10.66
9 0 6 9 10 2 1 255 43 113 10.59
1 0 5 9 7 3 1 255 53 100 9.46
6 0 2 8 6 10 1 255 60 108 5.47
1 0 0 0 0 0 0 66 107 6.16
19.8 21.7 20.31 12.79 25.86 39.93 81.79 109.65 108.18 105.8 99.3 98.11 91.01 98.55 106.03 119.66 133.38 141.46 128.4 119.95 104.49 88.83 80.81 65.06 51.74 39.15 31.06 24.15 25.3 39.19 65.01 89.38 90.75 87.18 82.38 77.11 77.52 91.48 102.48 95.75 102.83 109.54 108.62 104.55 98.7 87.65 81.44 77.03 70.89 68.74 68.31 69.39 68.56 79.33 102.7 111.89 100.25 86.2 73.24 71.61 71.89 77.3 88.97 119.89 143.23 150.08 136.12 128.07 115.49 98.02 93.86 87.29 77.86 72.35 70.55 66.55 59.97 67.03 97.61 100.62 97.29 76.54 60.97 66.66 62.22 64.18 68.38 76.87 86.45 111.45 109.28 109.41 97.79 95.46 104.37 88.87 105.0 97.72 93.64 84.8 78.26 90.8 120.0 120.53 111.27 85.1 77.89 76.3 78.11 86.41 109.48 130.62 162.55 175.95 122.19 110.14 101.11 96.86 88.97 68.2 72.31 67.75 59.24 76.25 81.51 63.73 83.5 95.0 37.93 35.3 18.3 15.76 21.02 31.51 69.0 115.0 77.75 95.0 84.88 86.05 81.53 78.57 81.41 78.46 84.18 75.8 73.46 72.21 77.77 78.87 84.28 77.79 79.18 82.38 79.08 79.15 78.91 86.76 95.98 114.55 120.67 131.83 129.81 116.92 111.78 101.25 98.12 86.94 86.34 80.16 74.08 73.81 83.09 90.84 116.06 128.76 123.45 101.53 90.34 86.37 85.01 88.04 92.41 94.1 104.92 113.59 90.44 87.21 86.79 72.56 64.49 57.21 23.51 68.08 71.0 68.45 31.47 59.42 94.45 110.34 109.02 84.11 72.1 64.3 61.98 76.85 90.08 120.43 148.24 149.62 102.69 112.21 112.51 93.16 90.57 80.16 73.33 72.09 74.63 73.77 77.27 87.2 109.3 112.02 109.42 93.57 82.45 77.56 76.6 85.3 100.25 119.47 129.47 138.88 116.78 102.38 96.06 90.98 80.63 81.97 96.26 93.73 94.32 93.75 95.3 93.73 113.63 125.0 118.45 94.61 86.35 84.67 84.73 88.01 100.36 124.88 132.04 139.58 127.88 117.47 109.96 97.55 95.31 89.12 91.23 90.2 91.15 91.62 92.61 95.29 106.92 127.4 126.75 109.28 94.8 91.11 90.06 93.66 103.2 129.48 162.81 180.69 143.5 127.94 115.99 104.5 97.8 91.6 96.4 97.37 95.01 95.52 96.93 95.46 95.84 104.56 106.98 104.52 102.34 96.81 95.03 95.8 102.86 120.18 126.42 137.03 136.12 131.43 124.16 114.51 107.18 97.57 97.2 95.56 93.98 92.33 92.88 92.81 90.83 90.53 99.2 99.02 98.67 99.09 99.57 100.38 102.04 106.86 120.23 129.59 128.25 125.21 117.22 105.66 100.48 92.81 89.95 88.43 89.7 89.26 88.94 94.95 119.33 146.14 159.38 145.3 132.48 120.88 110.86 120.58 137.43 153.89 165.89 157.81 144.49 129.01 123.13 105.74 102.95 93.79 87.51 85.51 82.05 82.54 83.13 88.06 92.52 118.12 119.09 110.91 95.63 90.82 89.43 92.95 105.63 125.09 142.73 140.36 127.67 122.91 113.64 107.62 103.19 89.79 81.44 80.8 78.5 78.66 83.81 96.05 120.15 138.24 119.79 93.36 80.26 71.56 72.73 83.45 99.32 129.27 137.0 119.75 110.32 96.72 92.76 79.49 79.26 72.4 35.11 27.61 25.35 23.94 41.2 74.33 115.0 123.57 103.63 81.97 79.99 74.33 79.88 81.97 81.97 110.0 124.05 123.04 124.55 125.6 127.65 119.7 113.93 106.61 101.49 98.6 97.64 93.54 95.33 98.1 121.14 140.79 138.99 124.06 115.27 108.94 104.49 110.68 124.01 135.35 140.0 135.31
