256 5
1 37 35 32 28
1 0 0 0 0 0 3 1 2 3 0 98 22.29
6 0 0 9 8 7 3 9 13 16 1 76 13.32
10 0 10 1 7 0 3 5 8 18 1 86 18.26
10 0 8 2 0 6 3 4 7 8 1 103 20.44
5 0 0 7 8 0 3 6 10 16 11 75 20.37
8 0 1 6 0 3 2 12 24 11 98 14.33
3 1 0 0 0 0 2 12 22 16 89 22.48
8 0 8 7 6 6 3 9 10 11 11 105 12.74
10 0 6 8 2 5 3 14 16 20 11 80 19.61
6 0 0 7 6 3 3 14 18 20 19 98 22.84
7 0 0 2 10 10 3 15 21 22 19 109 18.8
8 1 0 0 0 0 2 13 28 19 117 17.64
5 1 0 0 0 0 3 13 14 20 19 73 22.69
2 1 0 0 0 0 2 19 23 27 94 20.95
6 0 2 7 4 0 3 17 26 28 25 115 18.84
6 1 0 0 0 0 1 23 26 92 22.45
9 1 0 0 0 0 3 19 22 28 21 122 13.18
10 0 0 6 0 6 2 19 27 31 123 12.06
4 1 0 0 0 0 3 21 24 27 25 118 14.76
6 0 3 2 4 2 1 21 41 123 17.08
10 0 5 4 3 9 1 23 25 109 11.93
7 0 6 1 5 8 2 25 30 47 112 19.7
7 0 0 0 3 8 2 24 26 30 122 18.57
9 0 7 8 3 6 3 25 26 27 35 113 12.61
3 0 1 9 10 0 1 25 37 92 13.13
6 0 1 0 0 8 1 29 54 145 17.35
5 0 1 5 10 7 2 29 30 44 103 14.91
3 0 0 1 10 5 2 29 30 44 95 15.86
10 0 9 9 0 1 1 31 31 131 17.5
3 0 5 5 7 0 1 31 60 114 11.86
10 0 0 0 0 5 1 31 54 131 20.36
1 0 0 0 0 0 0 64 150 21.75
1 0 0 0 0 0 3 33 34 35 0 84 23.3
10 0 9 9 8 4 2 38 44 1 75 20.46
10 0 3 9 5 10 3 45 51 57 1 80 12.17
10 0 6 5 5 9 3 36 39 48 1 93 15.63
5 0 5 1 6 7 3 37 40 61 11 82 19.56
6 0 1 7 6 6 3 38 45 52 16 109 13.66
5 0 2 7 7 3 2 47 55 22 100 17.89
10 0 9 9 3 2 3 41 45 55 11 86 19.62
1 0 4 6 1 9 1 53 16 67 20.06
2 0 2 7 9 3 2 42 59 21 98 18.99
1 1 0 0 0 0 3 43 46 52 23 79 14.89
5 1 0 0 0 0 1 50 24 86 13.53
7 1 0 0 0 0 2 47 54 11 98 13.2
10 1 0 0 0 0 2 47 54 22 118 17.22
1 1 0 0 0 0 1 49 24 107 13.01
9 1 0 0 0 0 2 59 60 32 106 16.74
6 0 10 7 3 1 1 56 11 109 15.4
7 0 2 10 3 4 1 56 25 92 13.15
1 0 7 4 5 4 3 56 57 60 29 91 15.73
3 1 0 0 0 0 2 52 55 11 72 19.43
3 1 0 0 0 0 1 53 24 114 16.31
5 0 5 9 7 7 2 54 58 27 95 22.49
6 0 8 2 2 4 2 60 62 32 113 23.12
4 1 0 0 0 0 2 58 59 27 113 21.75
4 0 2 7 5 2 2 58 61 32 83 22.53
8 0 7 1 5 6 1 61 30 84 20.66
10 0 6 10 7 5 1 62 36 123 14.27
10 0 5 2 1 6 1 62 41 112 14.82
10 0 8 10 1 10 1 63 41 100 14.77
7 0 2 2 10 2 1 63 38 121 14.51
4 0 10 4 9 1 1 63 51 109 15.33
1 0 0 0 0 0 0 55 106 11.84
1 0 0 0 0 0 3 65 66 67 0 84 20.44
4 0 0 0 0 5 3 69 76 87 1 87 21.22
4 0 0 0 4 0 3 68 70 75 1 102 16.42
1 0 0 0 0 4 1 72 1 89 13.77
2 0 9 0 0 0 3 71 78 88 5 80 21.84
4 0 0 0 0 7 2 73 89 5 61 22.04
1 0 0 0 0 2 2 74 87 5 77 23.21
7 0 0 0 0 4 1 81 7 104 13.9
9 0 9 0 0 0 1 77 2 87 21.17
6 0 8 0 0 0 1 83 9 99 13.15
2 0 0 7 0 0 1 78 6 76 16.22
3 0 4 0 0 0 2 91 94 5 86 12.12
9 0 0 0 0 9 2 79 80 5 103 22.71
3 0 0 1 0 0 1 86 11 89 16.81
4 0 0 0 0 7 2 80 91 8 80 13.64
5 0 0 6 0 0 3 81 88 92 14 89 19.62
5 0 0 0 8 0 1 93 14 81 17.54
7 1 0 0 0 0 3 82 84 91 19 81 21.28
9 0 4 0 0 0 1 89 26 102 16.1
2 0 0 0 4 0 1 85 15 95 18.12
10 0 6 0 0 0 1 93 26 92 17.92
3 0 3 0 0 0 1 86 17 79 22.8
2 1 0 0 0 0 1 90 20 100 22.88
7 0 0 0 0 5 1 89 6 68 18.48
10 1 0 0 0 0 1 90 19 102 11.8
8 0 0 9 0 0 1 90 35 88 22.93
3 0 0 0 5 0 1 94 43 131 17.9
9 0 0 0 2 0 1 93 26 122 23.22
4 1 0 0 0 0 1 95 19 105 19.12
1 0 0 0 0 2 1 95 36 88 11.89
2 0 0 0 0 3 1 95 46 130 17.36
1 0 0 0 0 0 0 48 112 20.4
1 0 0 0 0 0 3 97 98 99 0 79 11.99
10 0 0 7 0 0 3 102 112 114 1 90 15.09
6 0 10 0 4 0 2 104 107 1 81 19.62
10 0 9 2 2 0 3 100 101 106 1 74 16.77
8 0 4 0 5 0 3 113 119 123 11 94 14.96
6 0 2 0 3 4 1 103 11 78 16.57
4 0 2 6 8 0 2 105 108 11 69 19.25
5 1 0 0 0 0 3 110 115 118 17 97 22.41
5 0 0 10 0 3 2 109 126 7 77 16.63
9 1 0 0 0 0 1 124 15 110 15.83
9 0 8 0 6 0 1 119 11 92 12.73
10 0 0 3 0 0 2 114 117 7 110 23.05
9 0 0 9 0 0 2 120 122 15 94 21.39
9 1 0 0 0 0 2 111 116 12 114 18.06
5 0 8 0 6 9 1 122 22 83 21.07
9 0 6 0 5 10 1 121 21 103 14.09
9 0 7 0 2 3 1 121 11 104 14.96
5 0 9 0 0 1 1 125 19 91 15.02
4 0 0 2 0 1 2 116 118 17 93 18.91
7 0 2 4 1 0 1 119 22 114 21.44
4 0 0 4 7 0 1 124 21 92 17.58
5 0 0 0 0 3 1 124 17 81 22.01
6 1 0 0 0 0 1 123 22 119 22.72
5 0 0 0 10 5 1 121 29 106 15.41
8 0 2 9 3 0 1 125 24 121 12.64
2 0 5 1 3 0 1 125 34 125 21.63
7 0 2 0 0 8 1 126 27 122 19.98
4 0 0 5 0 0 1 126 28 117 14.39
5 0 5 0 0 0 1 127 25 103 19.94
8 0 8 10 6 0 1 127 36 117 13.4
7 0 0 0 4 5 1 127 34 116 19.03
1 0 0 0 0 0 0 44 94 15.78
1 0 0 0 0 0 3 129 130 131 0 51 13.38
7 0 2 0 9 0 3 132 133 138 1 92 21.35
1 0 10 0 6 0 3 141 144 150 1 74 21.64
7 0 0 8 0 9 3 132 143 153 1 87 16.94
2 0 0 3 0 0 3 134 135 136 8 81 16.85
8 0 5 0 0 7 3 134 137 140 8 95 19.6
8 1 0 0 0 0 3 139 142 150 16 89 14.42
4 0 0 0 0 7 3 137 140 141 10 107 16.47
5 0 0 0 0 2 3 142 146 155 10 104 17.64
3 0 0 9 1 4 3 144 145 149 16 91 20.45
4 0 0 8 0 0 3 143 150 156 8 98 11.71
1 0 0 0 3 0 2 144 147 24 107 16.99
9 0 0 6 5 5 3 146 154 155 16 87 13.21
9 0 8 0 6 0 3 142 146 158 14 70 21.28
3 1 0 0 0 0 3 145 149 151 24 101 20.7
4 0 0 3 7 0 3 147 148 152 12 108 22.33
2 1 0 0 0 0 2 152 156 25 88 22.23
7 1 0 0 0 0 2 148 154 27 123 16.14
7 1 0 0 0 0 2 147 148 25 94 14.94
7 0 6 0 2 8 2 149 151 32 107 15.85
10 0 10 2 0 7 1 157 34 102 19.44
1 0 0 9 6 5 1 157 39 97 20.56
7 1 0 0 0 0 2 151 152 24 97 22.81
9 0 0 10 0 0 1 157 39 129 17.03
7 0 0 0 10 2 1 158 31 96 17.46
9 0 0 0 0 7 2 154 155 8 98 19.24
8 0 0 0 10 0 1 156 34 113 21.93
3 0 2 2 4 0 1 158 25 83 15.58
1 0 2 8 0 4 1 159 42 118 13.91
9 0 4 0 0 0 1 159 48 119 21.6
8 0 0 0 2 3 1 159 38 135 18.6
1 0 0 0 0 0 0 57 134 21.98
1 0 0 0 0 0 3 161 162 163 0 55 23.1
4 0 5 5 0 10 2 167 171 1 89 14.5
8 0 5 3 6 4 3 165 173 182 1 69 22.45
8 0 2 5 0 10 3 164 166 171 1 82 21.36
4 0 3 7 7 0 3 165 174 175 9 91 13.78
1 0 9 0 1 5 3 168 169 181 13 104 21.92
7 0 4 9 7 0 3 168 169 170 9 66 15.26
9 0 2 0 0 10 3 170 173 178 5 101 19.29
3 1 0 0 0 0 3 177 183 184 16 87 11.77
8 0 8 7 0 6 2 177 183 16 105 13.91
5 1 0 0 0 0 2 179 185 16 102 20.58
2 0 0 6 10 8 3 172 180 181 9 59 23.18
10 0 9 1 5 0 3 175 178 179 11 85 22.5
3 0 7 9 0 9 2 175 176 14 72 16.27
3 0 0 0 1 4 3 179 180 186 13 105 16.75
8 1 0 0 0 0 3 184 185 187 21 109 15.92
4 1 0 0 0 0 3 177 181 184 17 112 12.8
7 0 4 4 5 3 2 180 187 24 118 21.87
10 0 8 10 6 7 3 182 186 189 21 83 19.72
4 0 9 9 6 5 1 182 21 107 22.33
7 0 3 0 3 9 1 188 31 109 23.01
4 1 0 0 0 0 3 183 185 187 21 103 18.78
1 0 8 0 9 0 1 190 31 115 14.34
10 0 0 1 7 4 1 189 25 114 14.06
8 0 4 10 10 9 1 190 29 115 16.41
4 0 0 10 0 0 1 186 29 112 17.91
8 0 0 2 7 6 1 188 33 101 19.75
2 0 1 7 3 4 3 188 189 190 31 106 21.11
2 0 4 2 4 6 1 191 41 115 19.62
6 0 6 3 1 0 1 191 35 88 21.81
2 0 0 4 7 4 1 191 37 89 14.14
1 0 0 0 0 0 0 43 121 17.93
1 0 0 0 0 0 3 193 194 195 0 99 22.31
1 0 0 4 0 0 3 203 205 218 1 96 22.53
3 0 9 0 0 0 3 196 209 210 1 80 19.18
6 0 0 9 0 5 3 198 199 201 1 56 17.72
8 0 1 0 0 2 3 197 198 200 4 80 17.83
1 0 0 1 2 6 3 203 204 207 12 91 17.06
10 0 0 4 8 2 3 212 214 221 12 80 21.8
5 0 0 0 7 2 3 202 209 211 7 104 18.04
10 0 7 10 10 10 3 201 203 211 12 111 20.95
2 1 0 0 0 0 3 212 216 218 22 108 12.58
3 0 4 0 0 1 3 205 206 222 12 101 13.38
3 1 0 0 0 0 3 208 212 213 22 82 17.51
1 1 0 0 0 0 3 211 214 218 13 86 13.63
10 0 0 6 0 0 3 207 210 217 15 95 18.32
3 0 5 0 0 1 3 207 208 210 15 90 14.99
2 0 0 9 9 0 1 215 25 80 22.99
10 1 0 0 0 0 2 215 217 25 105 16.98
1 1 0 0 0 0 1 216 12 84 21.17
6 1 0 0 0 0 2 213 214 25 81 21.53
8 1 0 0 0 0 2 213 216 22 108 12.41
2 0 0 0 0 8 1 219 25 74 12.78
4 0 5 5 0 0 2 219 221 31 101 19.51
9 0 2 0 7 0 1 215 31 94 21.51
2 0 1 0 5 0 1 220 40 122 12.09
4 1 0 0 0 0 2 217 222 30 81 23.01
1 0 0 4 2 3 2 220 221 35 106 22.16
7 1 0 0 0 0 2 219 222 24 89 17.12
10 0 6 8 0 10 1 220 35 134 22.22
9 0 2 0 0 8 1 223 45 134 21.21
4 0 0 0 0 9 1 223 36 114 15.52
6 0 0 0 1 8 1 223 34 110 21.58
1 0 0 0 0 0 0 54 123 14.79
1 0 0 0 0 0 3 225 226 227 0 97 22.68
1 0 2 0 0 0 1 229 1 72 15.73
4 0 0 0 4 0 3 228 231 242 1 72 16.69
8 0 0 7 0 0 3 230 232 236 1 61 18.78
6 0 0 1 0 0 2 232 239 5 105 20.41
3 0 0 2 0 0 3 233 234 235 2 71 15.79
3 0 0 0 0 7 3 237 241 247 9 64 19.77
9 0 0 0 6 0 3 240 249 251 5 103 12.48
2 0 0 2 0 0 1 245 11 86 19.68
6 0 1 0 0 0 2 241 242 5 86 22.01
8 0 0 0 8 0 2 238 241 5 100 16.02
4 0 0 0 1 0 2 237 250 5 89 18.94
9 0 0 0 8 0 1 249 9 98 12.16
4 0 0 0 0 1 1 244 12 69 14.97
10 0 0 8 0 0 2 242 250 13 80 15.54
9 0 0 0 0 5 1 244 11 104 13.87
4 0 0 0 6 0 2 243 246 14 80 16.07
10 0 7 0 0 0 3 244 249 250 13 81 14.99
9 0 8 0 0 0 3 243 246 254 23 119 15.92
9 0 0 0 1 0 1 252 32 104 18.2
9 0 0 5 0 0 1 246 23 86 13.48
7 0 0 5 0 0 2 248 251 13 68 13.58
3 0 0 0 1 0 2 248 252 32 84 14.72
2 0 0 0 10 0 2 248 251 12 69 21.77
4 0 0 8 0 0 1 253 35 101 18.1
7 0 0 0 0 10 2 252 253 23 95 12.58
1 0 10 0 0 0 2 253 254 23 110 12.35
2 1 0 0 0 0 1 254 20 69 19.14
1 0 0 1 0 0 1 255 41 123 20.15
1 0 0 0 0 8 1 255 39 130 20.48
2 0 0 0 7 0 1 255 32 122 22.69
1 0 0 0 0 0 0 42 91 20.96
72.81 70.95 69.49 72.07 72.92 89.42 109.29 124.51 108.86 93.59 91.92 74.17 62.97 59.93 58.89 70.26 84.06 92.46 102.9 134.1 170.66 124.4 106.23 96.34 87.55 81.22 79.58 78.27 82.59 97.42 114.58 120.78 109.39 85.85 80.88 70.25 55.89 53.26 57.16 68.87 76.5 93.49 111.02 137.2 160.08 133.88 115.44 100.98 94.43 88.78 87.15 89.84 94.29 106.11 129.17 142.9 123.11 97.02 87.47 77.64 68.48 68.2 71.34 78.25 84.55 99.24 111.21 131.76 143.46 123.94 109.69 98.02 97.61 93.33 93.2 95.18 96.09 108.79 123.95 137.91 122.67 103.21 90.11 77.84 66.09 65.49 72.06 81.37 87.82 93.9 109.11 132.01 173.87 134.44 112.64 105.87 102.02 97.86 95.0 96.35 100.38 111.94 135.54 133.18 98.02 83.34 52.95 3.24 3.09 0.13 0.01 7.49 59.42 87.6 94.58 117.4 155.2 124.27 103.02 96.79 101.99 103.56 99.41 96.56 101.13 100.72 97.91 93.79 73.88 9.1 -0.09 -22.58 -56.61 -114.38 -109.63 -49.89 -6.78 29.94 97.26 125.4 167.01 126.19 107.85 95.28 98.27 96.34 94.3 96.76 96.74 96.77 88.98 66.69 4.96 -0.1 -12.08 -49.39 -170.77 -224.49 -219.87 -110.58 -18.81 0.1 83.97 120.03 134.62 116.69 101.79 89.36 87.57 82.76 82.38 82.95 86.24 100.16 142.17 145.29 109.98 73.06 10.85 3.94 0.36 -4.66 -9.2 18.56 37.67 79.56 109.13 148.9 200.08 135.52 101.71 94.17 94.54 90.18 90.53 95.0 97.86 107.68 137.6 128.6 100.29 80.49 18.73 2.06 0.97 -4.47 1.23 6.06 6.93 74.73 108.71 154.44 257.56 152.65 113.79 103.59 103.88 98.89 97.07 98.94 99.7 104.54 126.88 122.38 99.46 71.7 2.52 1.38 -11.12 -21.34 -22.95 -4.1 8.4 39.13 89.66 111.33 158.42 131.4 111.07 101.31 98.92 90.67 89.3 89.25 91.8 100.22 122.62 126.49 100.41 72.4 22.19 15.1 8.01 0.44 -2.43 38.21 69.14 70.01 80.96 117.23 145.53 125.44 110.13 101.61 94.98 88.9 85.85 85.42 89.2 97.19 112.28 117.13 106.05 81.09 21.8 6.29 8.75 25.9 38.95 41.43 56.32 75.01 95.5 122.43 146.35 138.86 116.1 99.3 93.16 93.46 88.78 88.91 90.0 94.11 91.72 89.79 59.52 0.88 0.0 0.2 -4.41 -10.07 -11.32 -6.44 1.28 28.9 75.05 91.54 109.06 125.01 130.03 109.08 106.7 101.54 98.62 97.45 98.41 98.05 91.3 87.2 65.28 9.23 0.0 -0.2 -2.0 -7.37 -15.0 -8.97 -0.2 16.56 92.44 108.04 124.52 130.98 118.86 104.17 111.21 104.19 97.44 94.3 100.58 111.92 132.74 136.4 113.64 94.79 70.9 28.81 12.77 5.0 8.0 28.58 74.99 99.3 116.82 149.23 231.01 154.91 129.65 114.48 116.99 107.35 104.17 106.33 112.6 121.82 144.38 132.49 97.54 77.61 62.82 16.0 7.74 9.07 10.87 28.29 72.91 99.9 109.98 132.32 193.13 152.12 121.93 110.2 107.93 102.33 97.9 94.9 93.7 102.49 112.48 116.54 107.82 84.82 42.22 57.3 50.0 45.17 55.07 70.54 71.62 110.3 122.4 179.0 114.35 110.27 100.72 90.0 101.9 91.14 86.89 86.53 87.33 94.1 112.33 112.03 103.39 98.92 92.89 88.25 90.0 81.26 84.62 95.73 98.9 112.07 134.29 123.69 154.93 131.5 119.6 105.0 104.4 96.58 90.17 89.74 96.2 110.05 132.28 136.37 118.04 88.47 74.43 61.31 23.0 19.58 20.0 64.98 63.58 68.39 114.95 137.77 181.42 146.75 128.14 110.68 106.05 95.88 89.49 84.88 83.36 81.29 83.46 76.84 62.05 12.26 -0.02 -0.33 -0.45 -0.55 -0.9 -1.85 -0.39 50.1 85.92 115.14 134.06 122.87 101.3 91.52 66.23 32.0 16.83 8.36 3.85 2.72 1.2 1.24 -0.02 -0.03 -0.6 -1.31
