288 5
1 30 34 29 37
1 0 0 0 0 0 3 1 2 3 0 98 9.16
10 0 0 0 6 1 2 21 29 1 69 9.79
1 0 7 0 0 8 3 4 5 10 1 97 6.33
9 0 0 0 2 4 1 16 1 99 6.03
5 0 3 0 0 3 3 6 18 25 2 58 6.06
2 0 4 9 0 0 3 7 11 21 2 104 7.33
2 0 0 0 10 9 3 9 12 13 7 85 6.84
5 0 0 8 0 2 3 8 17 24 4 69 8.15
6 0 0 10 0 5 2 14 15 9 76 6.75
7 0 0 5 5 3 3 11 17 27 9 75 8.96
3 0 0 0 7 10 3 14 18 28 2 97 6.92
1 0 0 9 9 7 1 30 16 96 10.47
7 1 0 0 0 0 2 17 23 9 105 5.43
7 0 0 8 0 0 2 19 20 9 113 8.72
4 0 2 0 1 0 2 20 29 15 115 6.55
8 0 10 10 0 0 2 16 19 15 77 7.8
9 1 0 0 0 0 3 18 23 25 23 81 9.01
9 1 0 0 0 0 2 20 29 16 113 5.68
9 0 6 0 0 8 1 26 32 97 10.76
3 1 0 0 0 0 1 22 23 98 8.81
9 0 5 0 0 0 1 30 25 107 6.55
6 0 4 0 4 0 2 24 26 11 77 5.82
5 1 0 0 0 0 2 23 26 26 91 6.94
9 1 0 0 0 0 1 27 32 113 10.0
6 0 7 10 0 3 1 25 17 103 6.91
7 0 4 0 0 4 1 27 32 94 8.56
6 0 6 1 5 0 1 30 41 96 6.26
7 0 0 8 0 7 1 28 41 108 7.76
6 0 1 1 0 0 1 31 48 133 9.64
8 0 0 5 0 0 1 31 25 128 6.21
9 0 5 0 0 0 1 31 47 119 7.41
1 0 0 0 0 0 0 56 120 8.97
1 0 0 0 0 0 3 33 34 35 0 87 6.99
5 0 4 10 5 9 3 38 47 54 1 60 7.44
4 0 1 8 2 1 2 37 40 1 56 6.18
2 0 4 4 9 8 3 36 41 42 1 104 8.46
7 0 6 8 1 10 2 45 56 3 104 6.72
6 0 7 4 7 5 2 54 59 5 66 8.08
8 0 8 7 4 5 2 39 43 6 78 9.78
7 0 9 9 2 2 3 44 45 46 14 108 6.33
7 0 1 2 8 9 1 47 5 72 9.19
5 0 4 6 6 9 1 48 3 96 9.22
2 0 1 9 1 1 1 49 3 78 7.59
6 1 0 0 0 0 1 61 14 110 8.01
1 1 0 0 0 0 2 48 55 21 81 10.6
6 0 9 10 5 6 2 51 53 21 101 8.48
1 0 9 5 10 9 2 60 61 21 86 10.16
8 0 6 6 3 6 1 50 12 77 10.31
3 0 5 4 2 3 2 52 58 22 93 9.69
10 0 6 6 9 8 2 50 53 5 113 6.71
4 1 0 0 0 0 1 57 20 117 6.25
7 0 4 10 6 8 1 62 27 89 5.77
9 0 6 8 2 10 1 53 25 126 6.52
5 0 7 1 3 2 1 59 34 119 9.82
8 0 4 8 5 8 1 58 11 104 7.1
9 1 0 0 0 0 1 57 22 119 9.42
10 0 9 1 6 7 1 58 10 88 7.7
5 0 8 10 3 8 1 59 31 111 8.83
3 0 7 5 1 2 1 61 25 100 5.59
4 0 6 2 2 10 1 62 39 127 6.7
5 0 6 7 8 4 1 63 22 114 9.43
2 0 7 5 10 9 1 63 28 85 8.56
5 0 10 5 1 8 1 63 43 136 10.01
1 0 0 0 0 0 0 48 138 7.94
1 0 0 0 0 0 3 65 66 67 0 78 8.47
3 0 8 0 0 9 3 70 71 74 1 90 5.63
7 0 3 0 1 9 3 68 72 83 1 60 10.22
6 0 10 7 6 9 3 76 78 79 1 101 6.65
4 0 7 6 8 10 3 69 76 77 8 95 9.44
6 0 10 4 7 0 2 75 85 12 81 7.9
7 0 6 6 0 9 1 86 4 65 6.13
9 0 0 8 3 7 2 73 88 4 63 5.76
9 0 2 2 10 4 2 76 77 8 87 6.34
3 0 1 9 3 8 3 82 84 94 13 75 6.81
7 0 5 7 9 6 2 81 87 4 90 10.45
8 0 0 0 2 10 1 80 18 107 5.79
1 0 1 10 10 4 3 82 84 86 17 71 7.3
5 0 1 7 4 1 2 86 87 17 98 10.32
5 0 10 1 0 6 3 80 85 93 7 79 8.17
5 0 5 6 7 6 2 82 91 7 84 8.14
10 1 0 0 0 0 1 81 26 103 5.61
5 1 0 0 0 0 1 88 36 134 7.75
1 1 0 0 0 0 1 92 18 106 7.78
10 0 0 5 0 1 3 90 91 93 8 77 9.82
2 0 4 0 6 8 3 85 90 93 18 113 6.01
7 0 3 4 0 0 1 92 20 103 5.82
8 0 5 5 9 0 1 89 22 104 9.41
4 0 10 3 9 0 1 94 22 87 10.09
4 0 1 5 0 10 2 89 90 41 129 10.61
9 0 0 8 0 4 1 91 45 120 5.69
8 0 9 4 0 0 1 92 45 129 8.8
5 0 1 6 0 3 1 94 54 135 9.67
10 0 0 3 0 2 1 95 53 129 10.25
4 1 0 0 0 0 1 95 20 113 9.56
1 0 5 6 6 0 1 95 59 112 9.51
1 0 0 0 0 0 0 63 120 9.4
1 0 0 0 0 0 3 97 98 99 0 73 8.02
10 0 6 0 10 0 3 100 105 113 1 82 6.42
8 0 10 0 0 1 2 103 125 1 80 6.16
5 0 6 0 0 2 3 101 102 105 1 73 10.83
10 0 0 0 6 4 3 104 107 118 11 116 8.21
4 0 0 4 7 7 2 114 118 6 66 8.08
2 0 5 0 8 0 2 106 112 6 91 5.62
3 0 0 0 2 0 3 108 112 115 9 95 5.74
6 0 0 0 0 3 3 106 109 114 21 90 9.06
2 0 8 0 0 6 3 108 110 112 11 112 10.79
6 0 0 6 2 0 3 115 120 122 27 80 6.63
7 1 0 0 0 0 2 111 121 21 84 9.17
3 0 6 6 9 0 1 124 13 99 7.4
6 1 0 0 0 0 3 115 116 123 27 84 7.01
9 0 0 7 0 4 1 117 13 119 8.96
4 1 0 0 0 0 1 117 28 83 10.38
7 0 5 0 2 0 2 117 119 13 101 9.48
3 0 4 0 0 2 3 116 120 122 11 90 9.8
1 0 0 0 6 6 1 126 27 103 8.89
5 0 10 1 2 9 2 119 124 33 95 7.78
5 0 5 0 1 0 1 119 33 129 6.28
9 0 6 0 0 1 1 126 32 106 8.98
5 1 0 0 0 0 1 123 21 105 10.49
3 0 1 0 0 5 1 126 38 91 7.57
4 0 0 0 5 2 1 123 33 89 10.03
9 0 0 8 0 5 1 122 28 128 6.93
3 0 0 10 0 2 1 125 37 109 10.59
1 0 8 0 8 0 2 124 125 37 111 9.03
4 0 5 0 0 5 1 127 38 115 6.5
5 0 0 7 6 2 1 127 40 120 7.0
6 0 0 0 9 0 1 127 41 129 6.34
1 0 0 0 0 0 0 47 132 6.71
1 0 0 0 0 0 3 129 130 131 0 83 9.24
1 0 2 7 9 1 3 147 154 155 1 56 7.86
5 0 4 2 9 1 2 136 153 1 92 6.17
9 0 5 8 1 1 3 132 134 135 1 74 6.68
6 0 10 8 3 10 3 133 137 138 10 103 8.17
1 0 6 3 1 7 1 152 16 92 8.46
8 0 5 10 3 1 2 141 142 10 86 5.79
3 0 9 6 3 4 1 155 10 70 9.85
9 0 8 10 2 9 1 141 6 92 8.17
6 0 7 3 10 8 1 143 16 74 10.01
7 0 4 3 3 4 2 139 140 16 72 6.3
1 1 0 0 0 0 1 157 23 98 7.94
8 1 0 0 0 0 2 148 156 23 125 7.5
10 0 7 4 5 5 1 144 18 103 9.6
2 0 7 2 6 8 1 152 18 86 9.66
8 1 0 0 0 0 1 146 22 105 6.43
9 1 0 0 0 0 3 145 149 151 28 109 7.55
6 0 6 8 4 8 1 154 37 110 7.18
10 0 10 8 10 10 1 150 30 103 9.96
9 0 2 1 10 6 2 148 156 2 82 7.97
7 0 5 10 6 8 1 150 31 106 5.49
1 0 6 8 7 9 2 150 152 37 88 9.13
7 0 1 1 2 7 1 157 40 121 7.71
4 0 4 7 7 9 1 158 37 112 5.78
8 0 4 7 4 2 1 155 38 99 7.63
10 0 8 1 1 4 1 154 6 89 9.19
1 0 10 4 3 1 1 157 43 102 7.63
5 0 3 5 6 9 2 156 158 46 113 9.48
1 0 9 1 2 1 1 159 51 132 5.83
8 0 4 2 5 2 1 159 47 123 6.85
8 0 9 2 2 7 1 159 51 109 7.93
1 0 0 0 0 0 0 59 122 10.54
1 0 0 0 0 0 3 161 162 163 0 60 7.88
2 0 5 7 6 5 3 167 168 182 1 78 8.93
8 0 8 6 1 4 1 164 1 105 7.95
6 0 7 4 9 4 3 165 166 169 1 67 5.7
4 0 4 3 9 5 3 170 172 175 9 82 5.72
2 0 1 8 8 1 2 177 178 7 76 8.61
5 0 10 7 1 5 1 181 7 87 6.78
7 0 4 9 10 6 1 170 3 108 8.7
4 0 4 3 1 6 1 180 3 57 5.86
10 0 3 8 10 4 3 171 173 174 7 107 9.17
5 1 0 0 0 0 1 179 13 101 5.95
1 1 0 0 0 0 2 175 185 17 78 7.26
6 0 4 10 9 4 3 184 186 187 13 115 6.4
5 1 0 0 0 0 2 176 190 17 95 6.23
3 1 0 0 0 0 1 179 17 95 8.05
10 1 0 0 0 0 2 182 188 18 93 6.43
9 1 0 0 0 0 1 177 22 83 10.61
5 0 9 2 3 3 1 183 31 112 8.17
9 0 7 1 2 10 1 182 9 87 7.99
5 0 7 7 5 2 1 180 20 73 8.28
7 0 5 2 9 7 1 184 25 127 5.76
1 1 0 0 0 0 1 185 12 102 5.76
5 0 5 6 1 8 2 186 189 28 105 6.61
5 0 7 1 7 5 1 184 36 108 6.93
3 0 5 1 8 3 1 189 41 120 8.93
8 0 5 8 9 9 1 187 18 75 9.83
3 0 2 8 10 8 1 190 33 99 7.08
1 0 6 6 3 8 1 188 26 92 5.87
1 0 7 2 9 1 1 191 28 93 6.36
4 0 4 4 2 7 1 191 44 109 6.91
4 0 10 2 8 10 1 191 36 132 7.14
1 0 0 0 0 0 0 48 110 7.62
1 0 0 0 0 0 3 193 194 195 0 58 6.74
2 0 3 0 0 3 1 208 1 103 6.45
9 0 6 5 10 1 1 200 1 106 8.6
8 0 7 9 6 4 2 196 204 1 93 9.15
6 0 9 1 9 8 3 197 198 210 9 107 10.58
2 0 5 3 2 0 3 201 205 212 15 108 10.83
3 0 0 1 9 7 3 199 213 216 15 77 6.63
9 0 5 1 10 3 3 202 203 206 18 95 9.49
9 0 5 0 7 2 2 201 209 10 90 6.98
4 1 0 0 0 0 3 206 208 219 19 112 10.82
6 0 0 8 7 10 2 220 222 27 92 10.04
5 1 0 0 0 0 1 215 27 86 10.39
10 0 4 2 4 10 2 217 220 9 79 6.82
8 0 10 4 3 8 2 207 216 17 116 9.34
2 1 0 0 0 0 1 214 27 77 8.84
9 0 6 5 2 0 2 214 222 25 108 6.76
2 0 7 0 4 9 1 221 23 79 10.11
3 0 4 0 0 9 3 211 212 216 19 109 9.59
1 0 5 0 9 2 2 212 213 15 81 6.6
2 0 9 0 0 5 3 213 215 217 22 79 7.22
10 0 10 5 10 6 2 214 217 22 93 10.09
7 0 0 4 3 0 2 218 219 24 94 7.54
7 0 6 1 2 0 1 215 34 116 7.77
9 0 6 0 0 0 1 218 41 129 7.0
6 0 10 0 0 0 2 219 221 25 96 9.53
6 0 7 4 0 8 2 218 222 32 86 9.71
2 0 3 0 1 0 1 221 50 104 8.99
1 0 0 7 10 5 1 220 31 115 6.45
7 0 1 0 0 6 1 223 33 107 7.24
5 0 9 7 10 8 1 223 52 139 8.76
2 0 9 7 9 8 1 223 38 124 8.09
1 0 0 0 0 0 0 57 121 9.42
1 0 0 0 0 0 3 225 226 227 0 77 6.28
6 0 2 0 8 5 2 228 238 1 70 10.74
8 0 2 10 3 0 3 229 232 234 1 105 6.68
7 0 2 0 4 2 2 230 242 1 67 9.8
4 0 1 3 2 9 2 231 233 7 87 7.56
4 0 0 0 7 0 3 231 244 252 9 63 5.44
8 0 7 0 3 3 2 231 232 8 87 6.09
10 0 5 10 8 8 1 249 16 116 6.99
10 0 5 0 0 4 3 235 236 237 16 117 7.37
4 0 9 9 10 8 3 235 241 246 11 110 6.88
9 0 0 10 8 2 2 239 240 9 102 7.44
3 0 1 7 9 2 2 243 245 26 115 7.65
9 1 0 0 0 0 2 250 251 26 110 5.77
8 1 0 0 0 0 1 246 26 125 5.84
7 0 0 10 0 10 1 253 7 73 6.39
1 0 0 1 9 4 2 243 246 18 69 9.87
1 0 5 0 9 4 2 241 245 18 111 6.04
6 0 10 8 0 7 2 244 248 19 117 8.8
6 0 0 5 1 7 1 253 8 76 7.03
5 1 0 0 0 0 3 244 247 249 29 95 8.89
6 1 0 0 0 0 1 253 34 90 5.73
4 0 0 5 2 9 3 247 248 249 29 123 8.17
6 1 0 0 0 0 3 248 250 252 34 125 7.72
10 0 3 5 2 9 1 252 34 115 7.23
6 0 7 7 4 7 1 251 40 114 10.29
8 1 0 0 0 0 2 250 251 34 104 8.17
4 0 2 7 0 0 1 254 42 99 9.04
9 0 9 10 10 0 1 254 46 101 9.98
4 0 3 4 10 10 1 255 44 107 7.76
10 0 7 9 0 9 1 255 40 119 7.62
8 0 0 10 3 2 1 255 55 117 8.68
1 0 0 0 0 0 0 63 152 6.23
1 0 0 0 0 0 3 257 258 259 0 86 9.79
2 0 8 9 10 2 1 260 1 91 6.03
5 0 1 4 8 9 2 262 266 1 88 5.77
8 0 0 1 6 3 2 263 269 1 106 7.17
3 0 6 1 0 8 2 261 264 3 59 7.19
4 1 0 0 0 0 3 274 275 285 6 69 8.79
1 0 9 0 10 3 2 271 272 6 87 10.79
7 0 6 0 2 5 3 265 268 278 9 104 8.27
2 0 5 7 5 0 1 282 6 81 6.82
3 1 0 0 0 0 2 273 274 16 90 9.99
3 0 7 7 3 0 2 267 286 6 79 5.96
10 0 6 6 9 0 1 277 9 97 7.95
7 0 10 2 3 0 3 270 277 280 16 108 8.57
2 0 3 5 0 6 3 272 276 281 9 98 7.29
8 0 0 4 7 9 1 276 23 88 10.04
10 0 0 4 0 8 1 275 7 107 9.57
9 0 7 4 0 6 1 275 11 108 8.35
6 0 8 8 0 0 1 280 19 110 7.99
6 0 6 0 10 8 1 286 19 116 7.57
3 1 0 0 0 0 1 284 20 74 8.31
3 1 0 0 0 0 2 279 283 31 105 6.67
10 1 0 0 0 0 1 279 23 118 7.52
7 1 0 0 0 0 1 282 16 74 7.57
10 0 9 0 6 4 1 285 34 109 7.03
9 0 0 0 2 7 1 283 25 102 10.45
9 0 4 8 7 9 1 283 11 117 5.99
7 0 10 0 5 0 1 285 23 82 5.71
8 0 5 10 9 1 1 284 34 103 5.62
2 0 0 3 0 8 1 287 42 132 10.3
7 0 1 7 0 6 1 287 44 106 9.52
5 0 9 1 4 2 1 287 25 90 9.21
1 0 0 0 0 0 0 51 109 9.38
45.18 38.07 18.19 16.89 17.23 77.52 251.79 162.58 143.47 88.21 22.55 18.6 25.0 33.72 29.71 62.02 84.92 100.0 140.0 105.0 120.61 98.72 69.71 9.48 33.47 58.49 63.4 77.12 73.94 62.83 131.6 195.0 145.3 119.72 80.87 52.97 66.91 59.72 71.3 87.25 138.17 238.48 146.08 149.05 111.0 98.67 103.88 66.86 70.8 63.52 50.97 47.81 57.66 70.46 112.71 124.24 112.69 94.26 69.34 43.5 12.04 8.56 11.66 45.8 83.64 109.11 114.0 170.32 136.63 110.0 100.0 78.66 57.64 49.63 38.85 38.75 49.22 75.94 115.0 117.81 112.9 91.36 66.01 5.94 0.2 0.0 0.0 0.53 51.54 120.86 144.94 212.26 147.12 110.0 102.07 88.2 74.09 72.22 70.58 70.29 70.38 86.1 118.42 141.48 117.45 92.51 53.21 13.12 0.99 0.0 0.0 11.97 76.93 118.68 255.21 409.24 167.05 110.91 95.47 80.03 90.15 80.58 77.19 77.04 77.0 82.66 91.11 89.67 77.66 24.91 0.98 -0.89 -7.45 -10.25 -4.7 0.1 28.84 96.69 118.22 126.99 95.47 79.14 75.12 49.18 3.45 1.14 2.64 0.62 1.29 0.58 4.41 5.23 3.15 0.4 -0.25 -6.87 -10.36 -10.73 -2.58 -0.07 9.47 88.87 110.72 118.6 117.58 103.57 97.59 90.59 84.95 81.26 77.32 76.98 77.79 91.71 119.98 129.86 128.51 106.34 88.11 69.61 70.41 65.06 70.42 76.05 88.42 122.95 143.06 216.38 144.51 114.24 100.24 92.77 86.64 86.71 86.15 86.08 88.7 101.47 126.62 172.36 159.13 119.37 89.84 88.92 80.86 77.82 77.56 88.6 102.65 127.01 157.33 216.73 125.53 101.58 96.92 91.98 75.64 70.05 69.46 70.17 58.67 71.28 110.41 130.2 119.5 92.86 62.28 41.17 27.1 28.68 28.21 65.69 76.26 91.19 113.08 119.62 108.42 88.11 81.54 63.78 73.22 70.16 67.15 66.86 70.34 79.6 110.1 120.11 124.72 99.11 85.73 136.26 114.15 65.81 50.98 78.75 84.24 106.5 116.52 136.61 123.61 101.82 89.58 81.09 78.48 75.08 73.18 73.2 75.12 82.3 105.52 119.97 124.63 114.16 105.0 99.9 98.86 83.35 83.78 82.88 99.34 110.88 124.17 132.96 119.61 106.21 96.9 89.9 85.01 83.76 83.3 83.19 86.07 90.0 90.5 104.69 109.63 97.26 89.58 79.73 64.26 36.66 49.45 79.79 95.03 112.74 133.07 147.26 120.0 109.15 104.98 94.47 98.57 96.34 94.41 91.61 95.03 97.06 99.7 105.16 98.24 92.93 83.52 37.73 17.11 8.53 13.0 63.03 83.45 99.01 125.43 127.81 118.45 107.4 97.34 96.71 92.44 90.35 89.52 89.69 89.81 100.0 130.03 212.21 164.86 120.68 91.09 86.24 80.0 78.5 85.11 89.16 102.3 134.81 274.59 402.21 165.12 121.13 101.83 89.41 101.42 98.15 97.22 96.68 99.78 101.37 137.47 244.0 209.23 136.34 116.64 98.43 89.56 88.06 89.94 98.77 114.54 156.02 250.86 356.15 138.73 104.71 95.0 91.39 85.56 82.32 78.54 90.17 89.01 97.37 127.3 175.46 138.74 105.23 86.5 75.97 71.47 74.29 78.48 87.45 98.01 135.0 249.52 339.75 150.72 113.11 98.93 90.99 91.44 88.59 87.5 90.3 92.28 96.83 130.8 179.79 137.16 100.04 91.26 79.97 68.09 63.52 74.36 83.69 90.02 124.84 173.05 188.22 126.3 101.78 99.9 88.26 86.63 77.25 74.57 74.96 77.73 89.46 118.58 130.22 111.44 90.17 64.99 43.12 28.56 20.18 31.7 59.82 82.79 110.97 146.1 140.78 107.36 78.64 62.33 36.3 52.99 40.71 44.13 21.12 24.5 4.81 28.02 46.89 51.67 36.88 19.0 2.03 0.72 3.81 18.98 40.01 46.27 40.39 37.87 72.34 49.47 17.08 35.7 3.26 -0.79 1.27 -1.09 -1.17 -1.06 -0.99 -1.72 -0.31 15.04 16.23 16.02 10.44 15.94 6.66 1.62 6.57 8.03 64.94 100.81 185.0 136.63 65.0 65.0 65.0 53.01 86.57 63.27 42.37
