288 5
1 34 41 38 42
1 0 0 0 0 0 3 1 2 3 0 110 9.29
10 0 9 9 8 4 2 6 12 1 128 8.53
10 0 3 9 5 10 3 13 19 25 1 124 8.29
10 0 6 5 5 9 3 4 7 16 1 99 7.7
5 0 5 1 6 7 3 5 8 29 11 109 10.44
6 0 1 7 6 6 3 6 13 20 16 91 6.16
5 0 2 7 7 3 2 15 23 22 123 5.58
10 0 9 9 3 2 3 9 13 23 11 95 7.96
1 1 0 0 0 0 1 21 16 119 6.0
2 1 0 0 0 0 2 10 27 21 98 7.02
1 0 6 5 9 2 3 11 14 20 23 83 7.87
5 1 0 0 0 0 1 18 24 135 7.07
7 1 0 0 0 0 2 15 22 11 105 9.88
10 1 0 0 0 0 2 15 22 22 142 10.23
1 1 0 0 0 0 1 17 24 127 8.18
9 1 0 0 0 0 2 27 28 32 106 8.72
6 0 10 7 3 1 1 24 11 104 10.49
7 0 2 10 3 4 1 24 25 134 7.54
1 0 7 4 5 4 3 24 25 28 29 142 7.47
3 1 0 0 0 0 2 20 23 11 91 5.97
3 0 9 6 7 7 1 21 24 100 10.14
5 0 5 9 7 7 2 22 26 27 111 6.9
6 0 8 2 2 4 2 28 30 32 135 9.7
4 1 0 0 0 0 2 26 27 27 135 6.64
4 0 2 7 5 2 2 26 29 32 123 5.79
8 0 7 1 5 6 1 29 30 122 5.61
10 0 6 10 7 5 1 30 36 111 10.61
10 0 5 2 1 6 1 30 41 134 7.85
10 0 8 10 1 10 1 31 41 144 5.8
7 0 2 2 10 2 1 31 38 144 8.45
4 0 10 4 9 1 1 31 51 136 6.88
1 0 0 0 0 0 0 55 129 6.57
1 0 0 0 0 0 3 33 34 35 0 72 10.36
10 0 8 6 10 3 3 36 38 39 1 124 9.31
7 0 4 0 0 3 3 39 41 44 1 118 7.91
10 0 8 7 4 3 3 45 53 54 1 109 9.89
10 0 5 7 8 0 3 37 40 44 11 116 8.46
8 0 0 2 9 0 3 43 45 47 21 99 10.7
8 0 8 1 1 10 3 40 46 53 11 82 10.55
8 1 0 0 0 0 3 40 51 55 11 89 7.66
6 1 0 0 0 0 3 42 56 60 21 86 8.05
3 0 1 0 3 2 3 42 49 59 8 101 8.02
1 0 9 0 8 6 3 48 58 62 27 92 9.43
10 1 0 0 0 0 3 46 49 50 29 131 9.29
5 0 5 5 4 10 3 52 54 55 21 108 8.98
6 0 0 2 3 0 3 49 52 57 29 122 6.63
1 1 0 0 0 0 2 48 55 39 149 10.32
3 1 0 0 0 0 3 48 50 57 29 142 8.01
1 0 0 1 6 8 1 54 40 135 7.06
3 1 0 0 0 0 2 60 62 39 112 10.56
1 0 10 0 0 0 3 51 52 58 39 98 8.54
6 0 0 9 3 7 2 53 56 40 120 8.25
6 0 0 4 9 0 1 59 40 142 9.99
2 0 0 9 1 1 1 61 46 107 8.72
5 0 5 1 3 7 1 61 41 118 10.12
3 1 0 0 0 0 2 56 57 40 100 6.87
2 0 3 1 2 4 1 62 46 153 8.43
2 1 0 0 0 0 2 58 59 43 138 9.22
9 0 0 0 10 2 1 61 45 158 6.79
6 0 9 4 9 3 1 60 46 113 7.1
2 0 0 0 10 0 1 63 52 114 10.59
6 0 0 6 9 3 1 63 54 133 9.83
3 0 3 3 4 0 1 63 48 108 8.92
1 0 0 0 0 0 0 60 160 6.6
1 0 0 0 0 0 3 65 66 67 0 90 6.36
7 0 0 2 0 0 3 70 75 91 1 71 9.99
4 0 0 0 4 0 3 68 74 79 1 73 6.2
1 0 0 0 7 0 3 69 71 76 1 93 6.28
5 0 0 0 0 4 3 76 78 91 5 99 5.86
9 0 0 0 6 0 3 73 78 86 2 89 9.15
7 0 0 0 5 0 3 71 79 80 8 118 9.83
5 0 0 0 0 7 3 72 77 81 15 114 8.92
7 1 0 0 0 0 3 83 84 88 20 110 8.02
10 0 0 0 0 2 3 80 82 88 11 81 5.87
8 0 0 0 0 9 3 77 87 89 5 119 9.59
2 0 0 10 0 0 3 76 81 85 8 97 7.57
6 0 0 8 0 0 3 80 87 88 10 92 6.69
2 0 0 0 5 0 2 78 86 20 109 7.04
6 0 0 4 0 0 2 85 90 22 101 8.76
5 1 0 0 0 0 3 81 85 90 15 118 7.18
7 1 0 0 0 0 2 84 92 21 140 6.05
4 1 0 0 0 0 3 83 86 87 20 132 6.78
9 1 0 0 0 0 3 83 84 91 21 125 6.79
3 1 0 0 0 0 1 93 30 90 10.23
7 0 0 0 2 0 2 89 90 30 143 8.23
7 0 0 0 10 0 1 92 28 109 9.7
6 0 0 0 0 9 1 93 24 121 7.2
5 0 0 8 0 0 1 92 24 118 10.63
6 1 0 0 0 0 1 89 27 113 8.97
10 0 8 0 0 0 2 93 94 37 143 5.59
2 0 0 5 0 0 1 94 37 108 5.51
5 0 0 0 3 0 1 94 30 121 7.95
3 0 0 9 0 0 1 95 35 107 8.63
7 0 0 0 1 0 1 95 47 109 9.92
5 0 5 0 0 0 1 95 47 115 9.16
1 0 0 0 0 0 0 54 136 9.26
1 0 0 0 0 0 3 97 98 99 0 69 6.24
2 0 3 0 0 3 1 112 1 121 7.64
9 0 6 5 10 1 1 104 1 75 8.22
8 0 7 9 6 4 2 100 108 1 72 6.33
6 0 9 1 9 8 3 101 102 114 9 103 8.17
2 0 5 3 2 0 3 105 109 116 15 95 7.26
3 0 0 1 9 7 3 103 117 120 15 108 6.65
9 0 5 1 10 3 3 106 107 110 18 120 8.61
9 0 5 0 7 2 2 105 113 10 118 9.23
4 1 0 0 0 0 3 110 112 123 19 99 7.57
6 0 0 8 7 10 2 124 126 27 141 7.67
5 1 0 0 0 0 1 119 27 124 5.65
10 0 4 2 4 10 2 121 124 9 102 10.54
8 0 10 4 3 8 2 111 120 17 105 7.24
2 1 0 0 0 0 1 118 27 96 6.84
9 0 6 5 2 0 2 118 126 25 118 9.08
2 0 7 0 4 9 1 125 23 122 10.6
3 0 4 0 0 9 3 115 116 120 19 92 6.94
1 0 5 0 9 2 2 116 117 15 89 9.44
2 0 9 0 0 5 3 117 119 121 22 99 8.07
10 0 10 5 10 6 2 118 121 22 132 8.49
7 0 0 4 3 0 2 122 123 24 118 5.53
7 0 6 1 2 0 1 119 34 153 8.05
9 0 6 0 0 0 1 122 41 155 7.36
6 0 10 0 0 0 2 123 125 25 110 9.66
6 0 7 4 0 8 2 122 126 32 140 9.66
2 0 3 0 1 0 1 125 50 155 9.62
1 0 0 7 10 5 1 124 31 104 8.55
7 0 1 0 0 6 1 127 33 121 5.56
5 0 9 7 10 8 1 127 52 122 7.02
2 0 9 7 9 8 1 127 38 123 9.67
1 0 0 0 0 0 0 57 156 8.69
1 0 0 0 0 0 3 129 130 131 0 65 5.53
5 0 0 0 9 0 3 133 140 142 1 112 9.32
7 0 4 0 0 0 3 132 135 138 1 117 8.22
4 0 0 3 0 0 3 139 145 151 1 102 7.25
5 0 0 0 1 0 2 134 154 8 77 10.4
4 0 0 0 0 5 1 157 6 125 7.36
4 0 0 0 0 4 1 137 13 121 8.09
4 0 0 0 0 6 1 136 8 99 5.51
9 0 0 0 0 3 1 147 12 92 6.72
10 0 0 0 2 0 1 143 17 110 8.31
4 0 6 0 0 0 2 144 158 8 95 10.28
5 0 0 1 0 0 1 149 5 119 6.44
2 0 8 0 0 0 3 141 143 146 6 76 6.44
1 0 0 0 7 0 1 157 8 107 10.02
10 0 8 0 0 0 3 147 150 152 6 106 8.69
6 0 0 0 2 0 1 153 27 95 6.62
1 0 0 6 0 0 2 145 156 12 123 9.38
8 0 0 0 1 0 1 157 13 132 6.23
1 0 0 8 0 0 2 149 155 8 106 6.94
9 1 0 0 0 0 1 148 21 111 6.99
6 1 0 0 0 0 1 153 30 104 5.42
1 0 0 5 0 0 1 158 10 125 6.66
1 0 0 0 0 9 1 154 16 131 8.84
8 0 0 0 7 0 1 152 5 97 9.24
8 0 0 0 0 5 1 155 16 137 5.75
3 0 0 0 0 4 1 155 36 103 10.56
3 0 0 0 10 0 1 156 17 108 10.21
6 0 3 0 0 0 2 156 158 39 128 9.25
10 0 10 0 0 0 1 159 45 110 7.01
5 1 0 0 0 0 1 159 21 110 9.18
5 0 0 0 0 3 1 159 45 143 6.36
1 0 0 0 0 0 0 55 130 8.06
1 0 0 0 0 0 3 161 162 163 0 114 8.21
4 0 5 10 0 0 3 165 171 179 1 72 10.58
10 0 8 0 0 0 2 164 175 1 112 10.31
1 0 0 9 3 6 3 164 167 171 1 66 7.33
10 0 9 0 5 0 3 166 170 177 11 125 7.02
8 0 6 0 4 7 2 166 175 5 82 10.36
2 0 8 0 0 10 3 169 182 185 21 107 7.94
2 0 3 10 0 5 3 168 172 188 2 89 7.5
3 0 0 0 0 8 1 174 4 75 7.83
4 0 5 0 6 0 3 176 181 183 23 125 6.76
4 0 0 7 0 0 3 172 173 183 21 101 5.69
1 0 10 0 1 0 3 172 180 183 5 101 9.32
3 1 0 0 0 0 3 176 184 185 25 121 7.1
10 0 0 0 4 2 3 176 178 188 25 142 8.16
7 0 0 0 0 4 3 175 177 178 7 109 9.2
9 0 1 0 9 0 2 185 187 14 93 7.83
6 1 0 0 0 0 2 187 190 35 128 6.3
8 0 0 0 5 0 3 179 180 190 21 140 7.12
6 1 0 0 0 0 3 179 180 186 35 115 10.15
8 0 0 4 0 5 2 181 182 41 113 7.01
2 1 0 0 0 0 2 181 182 41 136 8.55
7 0 0 0 0 7 2 184 187 49 132 9.59
5 0 9 1 0 5 1 184 49 139 9.1
3 1 0 0 0 0 2 186 188 27 140 7.66
7 0 3 1 0 7 1 189 56 148 9.9
9 1 0 0 0 0 2 186 189 28 129 7.9
7 0 0 4 6 8 1 190 41 147 5.62
4 0 0 6 1 0 1 189 56 165 8.31
8 1 0 0 0 0 1 191 35 134 8.54
1 0 8 0 0 10 1 191 63 157 8.11
10 0 8 0 8 4 1 191 48 136 6.21
1 0 0 0 0 0 0 64 151 5.99
1 0 0 0 0 0 3 193 194 195 0 104 6.39
4 0 1 2 5 9 2 199 214 1 123 8.7
5 0 5 9 2 9 2 197 202 1 76 7.34
3 0 6 8 1 9 2 196 212 1 110 6.93
2 0 5 8 3 9 3 201 203 204 4 87 6.59
8 0 5 7 4 6 3 198 200 205 6 120 8.15
1 0 3 2 8 6 2 201 210 14 101 10.54
10 0 4 10 1 6 2 208 209 5 75 8.28
10 0 2 1 9 2 3 209 211 220 14 86 7.33
9 0 8 4 8 9 2 206 219 15 86 8.55
9 0 2 6 10 2 3 211 212 217 6 132 5.71
7 0 7 6 8 2 2 206 217 6 79 7.28
10 0 10 9 8 4 3 210 216 219 6 114 5.46
8 0 2 2 2 10 3 207 211 217 14 134 7.11
10 1 0 0 0 0 2 213 222 24 141 10.7
2 1 0 0 0 0 2 213 216 22 106 7.97
2 0 4 1 7 3 2 212 215 15 99 9.29
10 1 0 0 0 0 2 221 222 24 91 5.75
3 0 4 5 2 9 1 213 16 119 7.11
7 1 0 0 0 0 2 216 218 24 139 9.44
1 0 1 5 3 5 2 218 220 17 120 8.27
1 0 8 1 10 1 1 215 34 103 5.68
5 0 2 3 7 9 1 215 5 96 8.28
6 0 7 4 7 4 1 220 35 113 10.55
3 0 3 2 8 2 1 222 31 108 6.87
8 1 0 0 0 0 1 218 22 136 6.72
6 0 1 3 5 5 1 219 31 111 7.99
7 0 4 7 6 2 1 221 37 129 10.31
4 0 7 2 9 3 1 223 41 138 9.7
8 0 2 4 8 3 1 223 44 116 10.24
9 0 8 6 5 6 1 223 34 148 10.53
1 0 0 0 0 0 0 52 108 7.45
1 0 0 0 0 0 3 225 226 227 0 97 9.69
4 0 5 0 0 0 2 232 244 1 117 6.05
3 0 0 0 0 3 3 230 234 236 1 101 7.92
10 0 7 0 0 1 3 228 229 240 1 106 7.79
4 0 10 0 0 10 3 231 233 235 11 92 9.24
9 0 3 2 7 4 3 239 241 244 11 119 8.27
2 0 0 0 3 0 3 245 246 254 4 99 8.78
8 0 0 8 1 0 3 239 241 249 15 121 8.41
6 0 3 0 0 0 1 253 5 84 6.78
8 0 10 0 9 7 1 237 15 98 7.67
5 0 9 3 5 4 3 238 243 247 4 99 6.52
1 0 0 2 9 0 2 238 242 15 120 7.16
3 0 3 0 0 10 2 242 249 4 119 10.11
3 1 0 0 0 0 3 247 250 254 23 130 7.64
1 0 8 0 0 0 1 248 16 101 5.74
5 1 0 0 0 0 2 242 245 23 102 6.56
6 0 0 0 2 6 2 241 245 11 111 7.81
8 1 0 0 0 0 1 243 23 139 5.77
5 0 0 4 1 9 2 250 254 28 130 9.45
7 1 0 0 0 0 1 251 31 100 6.35
1 0 9 0 9 0 1 246 20 99 7.78
4 1 0 0 0 0 2 248 252 28 132 7.3
2 0 4 0 0 0 3 247 248 252 21 89 6.74
3 0 8 0 2 0 1 249 26 98 5.39
4 1 0 0 0 0 1 250 32 94 10.02
3 1 0 0 0 0 1 251 29 90 9.21
8 0 7 0 5 0 1 251 36 122 7.9
5 0 0 1 10 7 1 253 44 129 9.43
6 1 0 0 0 0 1 255 32 138 9.25
10 0 10 0 7 7 1 255 49 148 9.89
1 1 0 0 0 0 1 255 33 98 8.04
1 0 0 0 0 0 0 59 148 9.55
1 0 0 0 0 0 3 257 258 259 0 86 9.66
5 0 5 10 9 7 3 262 266 267 1 105 6.0
2 0 10 4 1 9 3 260 261 284 1 112 9.42
7 0 4 5 4 6 2 264 265 1 67 10.71
4 0 0 6 2 0 1 271 3 113 9.66
1 0 9 0 0 8 1 285 3 102 10.03
3 0 5 5 0 9 3 263 280 281 6 110 6.25
9 0 7 0 7 1 1 276 9 82 5.84
8 0 7 0 3 0 1 274 8 131 5.89
10 0 9 8 0 7 1 270 8 121 9.95
10 0 0 5 0 8 1 277 6 83 10.21
8 0 0 0 1 9 2 268 269 6 116 7.01
9 0 1 9 6 0 1 275 14 110 10.12
10 0 1 3 10 8 1 273 14 107 9.66
4 0 9 10 8 10 3 272 273 282 18 86 10.53
9 0 7 1 5 9 1 280 7 118 10.02
6 1 0 0 0 0 1 278 22 116 7.21
3 1 0 0 0 0 3 277 283 286 24 84 5.56
9 0 8 0 9 0 2 278 281 16 107 5.5
8 0 0 1 4 7 1 280 23 110 7.84
4 0 3 0 1 0 2 278 282 18 88 7.06
3 1 0 0 0 0 1 279 27 115 9.19
4 0 6 0 0 9 1 284 28 122 5.42
9 0 4 8 7 4 1 285 30 139 9.55
9 0 10 0 2 7 2 282 285 31 109 10.03
5 1 0 0 0 0 1 286 25 128 5.55
4 0 4 4 7 8 1 286 40 140 7.76
7 1 0 0 0 0 1 284 27 127 9.4
7 0 0 1 8 1 1 287 34 122 10.65
1 0 9 10 1 4 1 287 40 130 9.34
9 0 2 3 0 0 1 287 44 123 7.27
1 0 0 0 0 0 0 53 131 9.68
92.44 90.35 89.52 89.69 89.81 100.0 130.03 212.21 164.86 120.68 91.09 86.24 80.0 78.5 85.11 89.16 102.3 134.81 274.59 402.21 165.12 121.13 101.83 89.41 101.42 98.15 97.22 96.68 99.78 101.37 137.47 244.0 209.23 136.34 116.64 98.43 89.56 88.06 89.94 98.77 114.54 156.02 250.86 356.15 138.73 104.71 95.0 91.39 85.56 82.32 78.54 90.17 89.01 97.37 127.3 175.46 138.74 105.23 86.5 75.97 71.47 74.29 78.48 87.45 98.01 135.0 249.52 339.75 150.72 113.11 98.93 90.99 91.44 88.59 87.5 90.3 92.28 96.83 130.8 179.79 137.16 100.04 91.26 79.97 68.09 63.52 74.36 83.69 90.02 124.84 173.05 188.22 126.3 101.78 99.9 88.26 86.63 77.25 74.57 74.96 77.73 89.46 118.58 130.22 111.44 90.17 64.99 43.12 28.56 20.18 31.7 59.82 82.79 110.97 146.1 140.78 107.36 78.64 62.33 36.3 52.99 40.71 44.13 21.12 24.5 4.81 28.02 46.89 51.67 36.88 19.0 2.03 0.72 3.81 18.98 40.01 46.27 40.39 37.87 72.34 49.47 17.08 35.7 3.26 -0.79 1.27 -1.09 -1.17 -1.06 -0.99 -1.72 -0.31 15.04 16.23 16.02 10.44 15.94 6.66 1.62 6.57 8.03 64.94 100.81 185.0 136.63 65.0 65.0 65.0 53.01 86.57 63.27 42.37 20.73 25.66 105.0 120.0 110.01 120.0 101.53 90.62 89.43 83.92 93.3 92.2 94.16 110.0 127.96 158.37 126.94 120.19 119.33 105.89 100.68 94.18 90.38 90.07 93.83 97.29 134.49 228.56 284.54 208.59 152.29 131.35 112.92 108.5 107.75 115.64 124.61 152.46 204.46 217.86 146.41 123.24 107.42 97.48 93.45 88.44 87.56 87.2 90.27 98.29 116.8 154.23 165.96 134.62 117.18 104.18 91.34 90.11 91.41 100.62 118.7 148.89 179.14 198.98 140.0 112.81 108.86 98.07 97.38 92.95 93.66 91.76 94.02 102.79 126.61 144.82 149.94 133.23 110.81 98.32 94.14 89.59 88.91 97.61 99.46 109.39 116.52 114.63 106.55 96.17 88.08 77.77 86.49 84.36 79.52 78.04 78.04 78.01 93.58 111.82 121.99 107.93 93.33 82.88 77.77 77.75 80.96 91.5 96.87 111.41 107.47 109.56 105.76 97.8 93.51 91.53 92.96 88.84 87.79 84.61 82.75 85.05 90.27 96.75 100.46 94.54 84.96 74.92 59.14 45.84 49.82 77.57 87.3 116.24 125.9 130.5 120.98 113.33 107.49 95.15 96.33 93.02 89.62 86.28 87.45 88.01 88.89 89.54 88.81 84.69 80.78 76.54 52.46 52.59 65.38 84.17 92.42 105.35 102.41 108.53 108.56 108.8 108.75 93.97 94.62 91.27 92.03 91.57 96.57 100.54 122.73 204.07 195.24 148.74 127.45 113.19 95.92 91.31 94.34 104.46 111.58 165.0 287.83 287.51 167.91 124.82 122.0 111.66 109.86 103.77 100.41 100.32 101.8 107.57 128.3 169.18 197.16 159.02 134.08 121.54 109.67 106.57 113.28 130.91 157.9 221.54 391.95 400.62 217.31 150.0 126.38 114.46 117.0 113.79 109.43 105.67 108.85 115.33 155.0 282.83 275.88 180.05 141.56 128.26 121.83 115.58 119.14 126.81 141.78 155.09 201.75 205.73 136.19 110.61 90.04 70.91 87.81 86.49 90.82 88.61 91.01 89.36 107.52 115.79 132.85 120.2 93.13 88.46 84.0 82.62 85.14 86.88 105.01 121.62 134.02 139.96 123.61 107.79 103.02 93.95 89.51 82.6 84.41 82.75 88.54 97.49 116.38 137.75 146.31 129.02 118.2 99.84 89.74 89.4 92.13 99.68 113.94 129.65 139.1 140.0 120.66 106.09 99.82 92.82 77.35 75.11 78.62 79.9 82.95 80.55 87.76 104.61 112.37 106.97 96.1 84.02 76.34 71.35 76.08 86.26 93.82 117.8 126.58 117.8 107.59 95.43 97.57 94.57 92.63 84.81 78.82 79.33 81.1 85.62 90.42 93.03 91.2 80.7 72.1 62.21 34.88 20.62 37.12 69.7 92.01 120.93 124.31 109.1 94.36 89.44 80.7 65.11 73.92 69.83 67.28 66.54 67.52 81.68 120.0 132.61 124.43 107.51 94.45 84.44 91.11 94.06 88.14 104.04 113.17 113.73 99.95 86.25 75.7 72.22 73.7 63.18 70.02 56.22 53.26 46.12 51.19 65.08 78.53 120.0 116.48 91.74 96.15 100.05 99.28 93.19 78.84 72.71 82.18 112.85 117.66 115.47 105.11 93.96 88.83 80.7 92.42 92.04 91.57 92.72 92.57 93.64 112.83 129.89 130.37 125.9 105.42 90.41 86.16 85.05 92.98 113.66 147.49 203.85 293.73 274.02 185.28 137.43 125.98 111.72 105.01 103.21 98.46 87.42 82.86 93.34 116.33 126.62 120.97 105.38 85.2 71.54 68.8 67.05 75.55 92.32 106.66 114.91 118.8 116.56 105.0 89.52 82.75 70.74 38.87 30.2
