320 5
1 45 30 37 33
1 0 0 0 0 0 3 1 2 3 0 87 8.06
1 0 0 0 0 10 3 6 14 19 1 62 9.67
6 0 0 0 0 7 2 8 23 1 65 9.3
8 0 0 0 0 4 3 4 9 10 1 60 7.03
1 0 0 0 0 7 3 5 7 15 9 88 7.44
3 0 0 0 8 0 1 16 10 62 10.45
5 0 0 0 0 7 1 11 2 67 5.58
6 0 0 0 0 5 3 16 18 26 10 74 9.19
8 0 0 4 0 0 1 21 7 104 8.83
7 0 3 0 0 0 3 12 13 21 9 80 7.33
5 0 8 0 0 0 2 20 22 9 96 6.68
6 0 0 0 0 10 2 25 29 7 77 9.31
8 0 0 4 0 0 2 14 28 16 99 5.38
5 0 10 0 0 0 2 15 17 16 109 6.21
6 1 0 0 0 0 1 18 24 105 7.42
5 1 0 0 0 0 1 27 21 77 9.41
10 0 0 10 0 0 1 19 16 96 8.62
4 0 0 6 0 0 1 28 21 97 6.4
3 0 0 0 5 0 1 22 30 88 6.6
6 0 0 2 0 0 1 25 26 94 6.06
1 0 0 4 0 0 1 28 14 78 8.13
3 1 0 0 0 0 1 24 16 73 5.74
7 0 0 0 0 7 1 25 33 103 7.83
10 0 0 0 0 9 1 24 7 81 7.32
5 0 0 0 2 0 1 29 19 91 5.26
3 0 0 0 0 10 1 30 40 96 9.29
1 0 3 0 0 0 1 30 16 70 5.96
4 0 0 0 2 0 1 29 26 118 8.2
1 1 0 0 0 0 1 31 25 106 5.69
10 0 0 0 0 4 1 31 30 86 8.66
5 0 3 0 0 0 1 31 43 133 6.35
1 0 0 0 0 0 0 48 120 6.3
1 0 0 0 0 0 3 33 34 35 0 67 8.29
7 0 0 9 7 3 3 36 37 38 1 104 7.6
8 0 4 0 8 0 3 40 42 43 1 103 5.73
9 0 9 6 6 8 2 41 58 1 64 6.25
2 0 1 6 3 0 3 39 44 50 8 89 6.91
9 0 0 3 3 10 2 44 56 8 111 8.01
6 1 0 0 0 0 2 46 47 8 74 9.32
6 0 2 3 7 3 2 49 51 10 70 8.22
6 1 0 0 0 0 1 54 9 79 5.34
5 0 8 0 8 7 3 47 48 52 10 79 8.06
3 1 0 0 0 0 3 48 55 60 9 96 5.51
7 0 0 5 0 3 2 57 59 9 76 7.2
9 1 0 0 0 0 3 45 46 49 17 111 9.46
9 1 0 0 0 0 3 47 58 62 26 126 8.54
10 0 0 0 8 8 1 62 26 115 10.27
1 0 5 0 7 9 1 54 35 88 6.1
3 1 0 0 0 0 1 49 15 99 6.49
3 0 2 1 4 10 1 61 26 119 9.21
1 0 0 5 6 0 3 51 52 56 10 93 9.24
10 0 5 8 0 7 1 53 16 120 6.85
5 0 6 6 5 1 3 54 59 62 15 82 8.91
8 0 3 8 0 10 2 57 59 26 82 6.21
6 0 0 9 10 10 2 60 61 36 111 10.19
7 0 5 9 0 0 1 56 12 85 8.58
10 0 0 3 1 7 1 57 19 82 7.9
3 0 0 10 6 5 1 58 34 118 10.39
3 0 5 5 7 2 1 61 37 87 8.76
2 0 10 4 6 3 1 60 34 101 7.47
2 0 2 0 5 0 1 63 42 99 6.67
1 0 4 4 1 1 1 63 42 114 7.6
9 0 0 9 1 10 1 63 36 131 5.62
1 0 0 0 0 0 0 45 132 7.66
1 0 0 0 0 0 3 65 66 67 0 53 9.58
2 0 7 0 0 0 2 76 91 1 58 9.89
1 0 6 0 0 0 1 73 1 61 7.03
3 0 0 1 0 0 3 68 70 84 1 56 5.45
10 0 0 0 4 0 3 69 72 75 4 75 6.78
10 0 0 0 0 4 3 71 79 83 14 112 5.99
2 0 0 0 0 3 2 72 73 4 60 7.82
2 1 0 0 0 0 1 88 24 115 10.15
3 0 0 3 0 0 3 79 80 81 14 75 6.09
3 0 0 0 0 8 2 74 90 6 74 7.09
3 0 2 0 0 0 2 78 85 9 92 9.46
4 0 0 0 0 1 2 77 87 14 93 7.75
8 0 0 8 0 0 3 82 85 86 3 78 9.64
2 1 0 0 0 0 2 89 90 18 84 10.06
2 0 5 0 0 0 1 81 12 80 9.34
1 0 0 10 0 0 2 88 90 24 110 7.22
2 0 0 0 0 9 3 82 85 86 17 89 7.97
7 0 0 10 0 0 2 82 87 17 81 9.72
7 1 0 0 0 0 1 94 24 99 8.11
3 1 0 0 0 0 2 88 91 24 74 7.46
3 0 0 3 0 0 2 86 87 4 94 9.92
8 0 0 0 4 0 1 89 19 89 6.59
4 1 0 0 0 0 1 92 19 102 8.21
8 1 0 0 0 0 2 89 91 24 95 6.38
10 0 10 0 0 0 2 93 94 27 85 7.67
5 0 0 4 0 0 1 94 32 94 9.36
3 0 0 0 0 10 1 92 25 94 6.71
5 0 5 0 0 0 2 92 93 32 95 7.42
6 0 1 0 0 0 1 95 37 91 5.78
8 0 0 0 3 0 1 95 37 134 9.62
1 0 6 0 0 0 1 95 37 128 7.66
1 0 0 0 0 0 0 45 106 8.44
1 0 0 0 0 0 3 97 98 99 0 80 6.56
7 0 1 7 3 0 3 101 102 103 1 69 8.73
10 0 0 5 0 9 1 100 1 82 6.13
3 0 0 0 0 9 3 104 105 120 1 83 8.56
1 0 2 0 10 5 1 107 11 95 5.57
10 1 0 0 0 0 3 110 121 124 8 98 9.75
10 0 0 0 3 1 3 106 114 115 8 92 10.19
1 0 6 0 4 0 3 112 116 119 8 100 10.23
9 0 6 0 9 3 1 118 4 77 7.18
3 0 0 0 0 8 3 108 109 115 4 95 8.59
10 0 0 7 0 3 3 112 117 125 18 86 6.46
6 0 7 0 0 0 3 109 113 115 12 65 7.31
4 0 7 4 0 0 3 110 111 119 7 104 8.2
6 0 0 8 0 10 3 110 111 124 18 73 6.53
3 0 3 0 9 0 1 126 24 96 6.3
9 0 0 8 0 5 1 121 24 90 7.1
4 0 0 7 0 0 1 123 28 102 10.07
9 1 0 0 0 0 2 117 120 18 91 7.3
4 0 0 6 0 0 3 116 120 123 18 74 6.28
1 0 0 6 0 0 2 118 126 18 74 7.05
2 1 0 0 0 0 1 117 22 93 10.25
4 0 3 7 0 0 1 121 28 90 9.38
5 1 0 0 0 0 1 122 19 117 8.39
3 0 0 8 0 1 2 122 125 11 99 6.58
3 0 0 1 4 7 1 125 27 78 7.35
4 0 9 4 0 7 1 126 33 94 6.34
4 0 0 9 0 10 1 123 24 91 7.24
2 0 10 3 0 0 1 124 32 83 7.67
10 0 7 2 0 9 1 127 34 122 7.58
8 0 5 4 3 0 1 127 30 85 8.68
9 0 0 3 0 6 1 127 37 110 8.59
1 0 0 0 0 0 0 46 116 6.05
1 0 0 0 0 0 3 129 130 131 0 88 5.4
9 0 9 0 0 0 3 133 139 152 1 100 6.2
3 0 0 0 4 0 3 132 134 155 1 81 5.66
9 0 8 0 0 0 3 136 138 144 1 67 10.32
3 0 0 0 3 0 2 144 145 4 101 5.9
7 0 0 0 5 0 3 137 147 149 10 67 5.92
10 0 0 8 0 0 3 135 140 141 4 70 9.49
1 0 0 0 5 0 2 143 150 14 84 7.33
5 0 0 0 0 10 3 141 142 153 10 71 8.54
9 0 0 0 2 0 3 148 151 155 17 94 8.4
3 0 0 6 0 0 3 143 146 151 10 73 9.34
4 0 5 0 0 0 1 153 10 93 9.26
8 0 0 0 3 0 1 152 14 69 5.41
9 0 1 0 0 0 2 148 149 15 94 6.99
9 0 0 0 0 4 1 147 15 88 6.77
1 0 0 0 0 7 2 148 154 15 110 5.35
9 0 0 0 0 3 1 147 10 77 8.7
1 0 0 0 0 10 2 151 154 7 101 5.4
2 0 0 0 6 0 1 155 13 87 9.24
2 1 0 0 0 0 1 150 24 73 5.3
6 0 7 0 0 0 2 156 158 26 107 9.08
4 1 0 0 0 0 2 150 154 24 103 7.99
9 0 0 0 0 10 2 156 158 28 102 9.82
9 0 0 5 0 0 2 157 158 26 105 9.09
8 0 5 0 0 0 1 153 22 86 9.53
4 0 9 0 0 0 1 157 30 97 6.59
1 1 0 0 0 0 1 157 28 98 8.17
1 0 0 0 0 3 1 156 26 88 9.07
7 0 0 5 0 0 1 159 37 126 5.73
9 0 0 0 1 0 1 159 35 120 8.78
4 0 0 7 0 0 1 159 37 132 5.87
1 0 0 0 0 0 0 44 125 7.31
1 0 0 0 0 0 3 161 162 163 0 89 7.96
5 0 7 0 0 0 3 172 175 178 1 78 8.88
3 0 6 0 0 0 3 164 166 171 1 97 10.33
5 0 0 0 7 0 3 167 171 176 1 63 6.25
3 0 0 0 1 0 3 165 173 183 4 82 10.1
10 0 0 0 0 5 2 175 176 7 85 8.23
5 0 0 0 0 9 3 170 174 176 4 105 8.07
1 0 0 0 7 0 3 168 169 175 6 93 8.37
4 0 0 0 0 5 3 170 174 183 7 76 5.57
1 0 0 5 0 0 3 170 174 182 7 96 7.84
1 0 0 0 0 1 2 172 181 11 68 5.47
8 0 0 0 1 0 3 173 178 184 6 75 10.33
8 0 0 0 0 8 2 177 185 12 112 6.17
8 0 0 0 0 7 3 180 182 186 14 112 9.06
7 0 0 0 6 0 3 181 184 189 11 91 5.26
6 0 0 0 0 1 3 177 185 186 17 102 9.08
5 1 0 0 0 0 3 177 178 185 17 96 5.61
8 1 0 0 0 0 1 179 23 118 8.25
1 1 0 0 0 0 3 180 182 189 22 75 5.96
3 0 0 0 0 7 1 184 31 83 9.37
2 0 0 0 6 0 2 181 188 23 85 6.78
6 0 0 0 0 10 1 190 25 111 8.8
3 0 0 0 0 2 2 187 190 23 95 9.54
7 0 0 0 4 0 1 186 11 83 5.86
1 0 0 0 4 0 1 187 34 113 7.71
9 0 0 0 0 5 2 188 189 23 89 9.07
9 0 1 0 0 0 2 187 190 23 84 7.35
3 0 0 0 6 0 1 188 35 106 8.44
10 0 0 1 0 0 1 191 38 132 9.75
9 0 0 6 0 0 1 191 32 112 10.26
5 0 0 0 0 4 1 191 32 91 9.05
1 0 0 0 0 0 0 48 94 9.77
1 0 0 0 0 0 3 193 194 195 0 73 7.15
6 0 7 3 4 0 3 202 207 219 1 74 5.66
3 0 7 5 9 0 3 196 201 202 1 78 7.15
10 0 0 5 6 0 3 197 199 200 1 99 9.57
6 0 2 4 0 7 1 211 4 97 8.63
9 0 7 7 3 0 1 198 11 79 6.87
2 0 7 6 9 0 1 204 20 114 10.05
8 0 0 9 10 10 3 203 211 212 11 110 8.05
6 0 0 0 1 3 3 206 208 212 11 76 7.12
7 0 0 5 2 0 1 220 4 97 6.96
3 0 8 1 7 3 1 218 7 62 5.76
9 0 7 0 10 3 2 207 213 19 113 7.51
10 0 9 2 0 5 1 205 22 86 8.14
4 1 0 0 0 0 3 209 211 215 32 87 8.26
5 0 0 0 9 0 2 210 214 17 114 7.49
1 1 0 0 0 0 2 215 222 28 94 6.76
3 0 2 1 3 1 2 213 214 17 87 6.94
6 1 0 0 0 0 3 216 217 218 36 112 6.41
4 1 0 0 0 0 3 213 215 216 22 114 6.21
8 1 0 0 0 0 2 214 217 36 93 9.16
4 0 4 9 9 0 1 216 19 93 10.25
5 0 3 6 1 2 2 217 221 28 115 9.39
5 1 0 0 0 0 1 222 44 101 9.08
5 1 0 0 0 0 2 218 221 36 91 5.34
5 1 0 0 0 0 2 219 221 42 131 9.54
10 0 0 0 3 3 2 219 220 44 130 8.6
2 0 10 2 4 0 1 220 42 97 8.64
2 0 7 3 10 7 1 222 54 121 5.85
9 0 5 10 0 4 1 223 54 132 5.92
8 0 4 10 2 1 1 223 47 136 9.9
9 0 1 8 8 7 1 223 56 110 9.4
1 0 0 0 0 0 0 65 149 8.0
1 0 0 0 0 0 3 225 226 227 0 62 8.36
10 0 6 2 10 9 3 228 229 238 1 63 8.51
10 0 1 1 3 9 2 230 231 1 96 10.06
9 0 2 9 3 5 3 230 232 240 1 105 7.37
6 0 7 4 3 3 3 244 248 250 11 112 9.69
9 0 6 9 8 9 3 234 235 236 11 68 9.51
3 0 9 3 2 8 3 237 242 244 11 76 7.39
4 0 1 4 7 2 3 240 241 244 11 83 7.99
4 0 8 5 2 6 3 233 234 237 10 101 6.9
7 0 8 4 6 6 1 235 14 111 8.43
6 0 8 1 4 1 1 239 20 84 7.68
10 0 1 5 8 9 2 239 241 21 91 7.46
4 0 10 10 1 7 2 240 250 20 106 8.42
3 0 4 4 5 3 3 245 246 249 14 95 5.51
1 0 1 4 7 5 1 254 11 66 9.12
7 0 9 10 9 9 2 246 247 31 88 5.43
10 1 0 0 0 0 1 248 24 85 5.46
1 1 0 0 0 0 2 243 246 31 88 9.4
1 0 5 5 8 3 1 243 14 96 8.48
4 1 0 0 0 0 2 247 249 32 98 9.73
6 0 9 10 3 5 1 252 17 97 6.35
8 0 10 4 1 9 2 247 248 17 119 7.59
8 0 10 1 7 5 1 254 38 135 6.26
4 1 0 0 0 0 1 254 38 121 9.42
1 0 1 2 9 1 2 251 252 34 105 5.79
9 0 8 2 10 7 1 250 36 97 8.89
10 0 3 2 5 8 2 251 252 45 103 9.23
2 0 7 3 6 5 1 253 55 112 9.15
8 0 5 9 6 7 1 255 55 132 7.56
9 0 5 7 3 8 1 255 57 150 8.75
3 0 4 5 10 1 1 255 46 126 7.86
1 0 0 0 0 0 0 66 111 9.23
1 0 0 0 0 0 3 257 258 259 0 96 10.33
1 0 3 3 3 10 3 260 262 263 1 77 6.31
6 0 0 1 0 6 3 270 271 279 1 99 6.53
5 0 8 1 10 9 3 261 268 271 1 81 7.4
1 0 0 9 7 1 3 267 272 281 2 93 6.27
4 0 5 0 2 3 3 266 277 279 6 92 8.92
5 0 5 4 7 8 3 264 266 275 2 73 9.24
7 0 10 5 7 8 3 265 268 270 2 71 7.36
10 0 6 8 0 0 3 268 269 276 7 107 6.07
1 0 9 2 5 2 3 267 271 281 9 92 7.33
2 1 0 0 0 0 3 272 278 285 10 93 6.53
8 0 0 0 10 8 3 273 274 275 10 99 5.67
6 1 0 0 0 0 3 280 282 286 17 89 9.2
8 1 0 0 0 0 2 270 274 17 83 9.38
1 0 0 5 5 2 3 272 273 278 25 106 8.41
8 0 5 2 0 6 3 274 275 282 10 70 8.5
2 0 4 0 1 9 1 284 26 99 8.6
8 0 3 10 10 0 1 277 26 98 6.76
4 0 0 2 1 5 2 280 284 25 121 9.6
7 1 0 0 0 0 2 277 283 18 100 8.12
3 1 0 0 0 0 3 278 279 280 17 99 8.32
3 0 10 10 4 0 1 286 34 85 9.05
3 1 0 0 0 0 1 283 26 110 8.12
5 0 5 4 3 4 2 281 283 20 85 7.91
4 0 0 10 9 8 1 285 29 84 9.91
10 0 0 9 9 9 2 282 284 25 103 8.56
2 0 7 0 4 6 1 285 35 99 7.99
9 0 10 2 7 1 1 286 29 85 6.77
2 0 9 0 5 4 1 287 35 114 6.68
6 0 2 6 0 0 1 287 37 98 8.73
6 0 8 2 0 0 1 287 38 128 7.11
1 0 0 0 0 0 0 44 110 9.03
1 0 0 0 0 0 3 289 290 291 0 75 8.25
3 0 0 0 0 4 3 292 308 313 1 74 7.67
4 0 4 9 1 4 1 303 1 81 7.56
2 0 4 0 2 0 1 301 1 72 5.75
10 0 6 2 10 0 3 293 295 297 4 82 9.57
9 0 0 9 10 0 3 294 296 299 14 102 6.66
5 0 4 0 0 0 3 298 304 305 23 109 7.79
3 1 0 0 0 0 1 307 14 103 8.17
9 1 0 0 0 0 2 298 302 23 105 6.39
5 0 10 4 0 0 2 299 315 14 69 7.05
7 0 8 0 9 0 1 300 32 91 5.71
6 1 0 0 0 0 2 302 306 23 113 7.92
1 0 0 0 4 0 1 317 39 108 7.93
9 0 5 4 0 6 1 310 3 68 6.64
4 0 1 0 0 0 1 317 32 100 8.03
8 0 2 0 0 9 1 305 5 98 7.19
9 1 0 0 0 0 1 311 28 123 9.28
9 0 1 7 0 6 1 311 28 128 6.04
4 0 0 10 6 0 1 309 29 82 9.1
2 1 0 0 0 0 1 314 17 88 6.29
4 0 9 3 0 0 3 311 314 318 4 97 8.16
2 0 5 0 0 0 1 318 33 102 6.52
5 0 0 3 0 1 2 314 315 12 109 6.91
4 0 3 0 5 4 1 312 37 116 7.32
9 0 0 3 6 8 1 316 41 117 6.71
1 1 0 0 0 0 2 317 318 4 84 6.43
10 0 6 0 0 0 1 316 19 89 5.58
8 0 6 5 0 10 1 316 19 89 5.92
7 0 6 0 0 0 1 319 50 133 5.82
7 0 9 0 0 0 1 319 40 134 5.24
8 0 0 0 4 0 1 319 35 100 9.42
1 0 0 0 0 0 0 57 142 5.31
92.44 90.35 89.52 89.69 89.81 100.0 130.03 212.21 164.86 120.68 91.09 86.24 80.0 78.5 85.11 89.16 102.3 134.81 274.59 402.21 165.12 121.13 101.83 89.41 101.42 98.15 97.22 96.68 99.78 101.37 137.47 244.0 209.23 136.34 116.64 98.43 89.56 88.06 89.94 98.77 114.54 156.02 250.86 356.15 138.73 104.71 95.0 91.39 85.56 82.32 78.54 90.17 89.01 97.37 127.3 175.46 138.74 105.23 86.5 75.97 71.47 74.29 78.48 87.45 98.01 135.0 249.52 339.75 150.72 113.11 98.93 90.99 91.44 88.59 87.5 90.3 92.28 96.83 130.8 179.79 137.16 100.04 91.26 79.97 68.09 63.52 74.36 83.69 90.02 124.84 173.05 188.22 126.3 101.78 99.9 88.26 86.63 77.25 74.57 74.96 77.73 89.46 118.58 130.22 111.44 90.17 64.99 43.12 28.56 20.18 31.7 59.82 82.79 110.97 146.1 140.78 107.36 78.64 62.33 36.3 52.99 40.71 44.13 21.12 24.5 4.81 28.02 46.89 51.67 36.88 19.0 2.03 0.72 3.81 18.98 40.01 46.27 40.39 37.87 72.34 49.47 17.08 35.7 3.26 -0.79 1.27 -1.09 -1.17 -1.06 -0.99 -1.72 -0.31 15.04 16.23 16.02 10.44 15.94 6.66 1.62 6.57 8.03 64.94 100.81 185.0 136.63 65.0 65.0 65.0 53.01 86.57 63.27 42.37 20.73 25.66 105.0 120.0 110.01 120.0 101.53 90.62 89.43 83.92 93.3 92.2 94.16 110.0 127.96 158.37 126.94 120.19 119.33 105.89 100.68 94.18 90.38 90.07 93.83 97.29 134.49 228.56 284.54 208.59 152.29 131.35 112.92 108.5 107.75 115.64 124.61 152.46 204.46 217.86 146.41 123.24 107.42 97.48 93.45 88.44 87.56 87.2 90.27 98.29 116.8 154.23 165.96 134.62 117.18 104.18 91.34 90.11 91.41 100.62 118.7 148.89 179.14 198.98 140.0 112.81 108.86 98.07 97.38 92.95 93.66 91.76 94.02 102.79 126.61 144.82 149.94 133.23 110.81 98.32 94.14 89.59 88.91 97.61 99.46 109.39 116.52 114.63 106.55 96.17 88.08 77.77 86.49 84.36 79.52 78.04 78.04 78.01 93.58 111.82 121.99 107.93 93.33 82.88 77.77 77.75 80.96 91.5 96.87 111.41 107.47 109.56 105.76 97.8 93.51 91.53 92.96 88.84 87.79 84.61 82.75 85.05 90.27 96.75 100.46 94.54 84.96 74.92 59.14 45.84 49.82 77.57 87.3 116.24 125.9 130.5 120.98 113.33 107.49 95.15 96.33 93.02 89.62 86.28 87.45 88.01 88.89 89.54 88.81 84.69 80.78 76.54 52.46 52.59 65.38 84.17 92.42 105.35 102.41 108.53 108.56 108.8 108.75 93.97 94.62 91.27 92.03 91.57 96.57 100.54 122.73 204.07 195.24 148.74 127.45 113.19 95.92 91.31 94.34 104.46 111.58 165.0 287.83 287.51 167.91 124.82 122.0 111.66 109.86 103.77 100.41 100.32 101.8 107.57 128.3 169.18 197.16 159.02 134.08 121.54 109.67 106.57 113.28 130.91 157.9 221.54 391.95 400.62 217.31 150.0 126.38 114.46 117.0 113.79 109.43 105.67 108.85 115.33 155.0 282.83 275.88 180.05 141.56 128.26 121.83 115.58 119.14 126.81 141.78 155.09 201.75 205.73 136.19 110.61 90.04 70.91 87.81 86.49 90.82 88.61 91.01 89.36 107.52 115.79 132.85 120.2 93.13 88.46 84.0 82.62 85.14 86.88 105.01 121.62 134.02 139.96 123.61 107.79 103.02 93.95 89.51 82.6 84.41 82.75 88.54 97.49 116.38 137.75 146.31 129.02 118.2 99.84 89.74 89.4 92.13 99.68 113.94 129.65 139.1 140.0 120.66 106.09 99.82 92.82 77.35 75.11 78.62 79.9 82.95 80.55 87.76 104.61 112.37 106.97 96.1 84.02 76.34 71.35 76.08 86.26 93.82 117.8 126.58 117.8 107.59 95.43 97.57 94.57 92.63 84.81 78.82 79.33 81.1 85.62 90.42 93.03 91.2 80.7 72.1 62.21 34.88 20.62 37.12 69.7
