320 5
1 34 34 28 38
1 0 0 0 0 0 3 1 2 3 0 121 11.73
3 0 1 0 0 0 2 4 11 1 90 11.08
8 0 8 0 0 0 2 13 25 1 111 9.37
7 0 0 0 0 3 3 9 10 27 1 119 7.12
9 0 0 0 2 0 3 5 7 19 4 87 8.37
4 0 0 0 7 0 3 6 8 24 13 130 10.19
9 1 0 0 0 0 3 14 15 20 17 97 7.21
6 1 0 0 0 0 3 12 13 22 13 144 6.29
8 0 0 0 0 5 3 12 17 20 17 155 7.49
8 0 10 0 0 0 2 16 18 8 142 11.13
10 0 0 0 1 0 2 12 19 8 150 10.26
10 0 0 0 0 7 1 22 4 98 6.81
5 0 0 0 2 0 1 21 25 143 8.05
1 1 0 0 0 0 3 15 21 24 19 116 11.66
2 0 0 4 0 0 1 28 26 118 11.38
3 0 0 0 9 0 1 30 26 101 10.62
1 1 0 0 0 0 2 26 29 16 111 10.31
3 0 0 7 0 0 1 21 25 158 8.67
8 1 0 0 0 0 3 20 23 24 16 129 11.18
3 0 7 0 0 0 2 23 26 18 146 7.74
9 0 0 9 0 0 2 25 29 26 158 8.43
2 0 0 0 0 9 1 23 30 151 8.42
2 1 0 0 0 0 2 25 27 19 98 9.94
6 0 0 0 0 8 1 30 32 167 10.71
3 0 0 0 3 0 2 26 29 24 93 8.56
1 0 6 0 0 0 1 30 35 116 10.65
10 0 2 0 0 0 1 28 27 113 11.83
9 0 7 0 0 0 1 28 21 97 6.46
1 0 0 0 0 1 1 31 37 123 7.29
2 0 0 8 0 0 1 31 35 120 7.58
1 0 0 0 0 8 1 31 38 160 7.5
1 0 0 0 0 0 0 39 147 11.95
1 0 0 0 0 0 3 33 34 35 0 72 6.33
5 0 0 7 1 0 3 41 43 62 1 89 10.62
8 0 0 7 0 5 2 39 52 1 103 9.95
10 0 5 0 0 3 2 36 57 1 101 10.78
10 0 4 7 0 0 3 37 40 46 11 154 10.4
9 0 2 0 0 10 2 38 59 21 141 11.84
7 1 0 0 0 0 3 48 49 58 30 118 11.31
1 0 5 7 10 0 1 41 9 83 11.53
5 0 2 6 0 0 3 42 53 55 21 127 9.86
10 0 9 8 0 0 2 47 50 10 135 7.68
10 1 0 0 0 0 2 48 52 26 102 8.79
8 0 3 3 4 8 2 44 45 6 114 9.47
4 0 0 0 0 8 2 47 50 14 131 9.68
9 0 9 8 3 0 1 52 14 139 9.44
8 0 7 5 0 0 3 47 51 54 21 121 6.54
8 1 0 0 0 0 2 48 55 29 140 11.58
1 0 9 0 0 6 1 56 37 107 6.83
9 1 0 0 0 0 2 50 56 37 133 9.69
10 0 0 0 4 7 2 53 61 46 151 9.4
8 0 0 1 7 5 2 53 62 29 140 11.06
5 1 0 0 0 0 3 54 56 58 36 110 8.68
6 0 9 4 0 0 1 60 56 158 9.62
5 1 0 0 0 0 1 59 41 118 8.22
9 1 0 0 0 0 2 58 59 37 135 7.03
6 0 3 10 0 0 1 60 46 133 6.1
1 0 0 0 10 0 1 62 11 135 8.61
10 0 0 9 0 0 1 61 46 170 8.67
8 0 5 0 0 0 2 60 61 46 128 10.77
8 0 0 0 0 1 1 63 62 132 7.27
2 0 7 0 0 4 1 63 56 176 11.09
10 0 6 6 7 7 1 63 37 132 9.04
1 0 0 0 0 0 0 70 184 7.3
1 0 0 0 0 0 3 65 66 67 0 138 9.75
4 0 6 9 9 5 1 76 1 134 9.9
6 0 5 6 2 3 3 71 84 90 1 135 11.42
1 0 2 3 3 2 2 68 72 1 102 11.59
9 0 2 10 4 5 3 69 84 89 2 113 11.61
1 0 4 9 4 8 3 70 73 78 11 110 10.94
9 0 10 9 3 3 2 76 79 12 115 11.97
2 0 2 4 4 5 1 72 7 79 9.56
4 0 5 4 4 6 2 77 85 9 125 8.23
2 0 8 7 10 7 2 74 76 12 87 12.07
2 0 9 7 1 9 2 75 80 14 96 7.62
4 0 4 2 10 1 3 77 81 90 16 131 8.4
7 1 0 0 0 0 2 82 85 21 121 7.45
9 1 0 0 0 0 3 79 83 87 20 123 6.46
2 0 7 9 4 6 2 85 86 12 93 11.92
2 1 0 0 0 0 1 88 29 96 10.78
3 0 7 3 3 8 3 81 82 86 16 93 6.25
7 1 0 0 0 0 2 83 87 20 149 6.93
3 0 4 7 6 3 1 90 28 107 8.41
8 0 9 4 2 10 1 88 29 133 10.06
7 1 0 0 0 0 1 93 11 96 7.57
5 0 9 3 9 3 2 91 92 28 108 9.82
2 1 0 0 0 0 2 88 93 19 131 7.68
4 0 5 2 8 3 2 93 94 29 159 9.41
9 0 5 8 9 3 1 94 37 161 10.11
7 0 5 5 10 1 2 91 92 11 125 11.67
2 0 9 5 10 1 2 91 92 31 112 6.27
2 0 9 5 5 4 1 94 33 164 6.27
2 0 6 6 9 7 1 95 33 104 10.4
3 0 4 5 7 4 1 95 33 124 8.45
6 0 1 7 9 10 1 95 46 174 11.46
1 0 0 0 0 0 0 52 117 8.52
1 0 0 0 0 0 3 97 98 99 0 79 10.28
7 0 0 0 0 6 3 104 105 106 1 114 11.4
10 0 0 0 0 10 3 109 116 125 1 108 10.34
10 0 0 2 0 0 2 100 112 1 128 7.39
4 0 2 0 0 0 3 101 110 120 11 130 6.59
1 0 0 10 0 0 2 102 103 15 133 8.19
10 0 0 5 0 0 2 104 121 16 123 10.82
5 0 0 0 0 10 2 108 116 16 146 10.29
3 1 0 0 0 0 3 111 117 119 26 111 11.39
3 0 3 0 0 0 1 107 8 91 9.01
1 0 0 0 1 0 1 113 8 106 9.22
9 0 6 0 0 0 3 113 115 123 11 148 6.65
5 0 0 0 0 3 3 114 118 124 21 120 10.22
6 0 0 8 0 0 3 111 118 123 11 119 8.05
8 0 0 0 0 1 2 113 115 15 138 8.37
4 1 0 0 0 0 1 124 29 157 6.83
9 0 6 0 0 0 2 119 120 11 93 7.14
3 1 0 0 0 0 2 117 119 23 106 8.6
10 1 0 0 0 0 3 115 121 122 26 127 11.65
10 0 0 1 0 0 1 125 36 117 8.5
3 1 0 0 0 0 2 118 123 21 105 9.96
7 0 0 0 0 8 1 122 29 110 10.38
3 1 0 0 0 0 2 121 122 26 142 9.34
4 0 0 0 1 0 1 126 29 161 7.82
3 1 0 0 0 0 1 125 20 126 10.02
5 0 0 3 0 0 1 126 36 109 6.19
10 0 0 4 0 0 1 126 36 130 7.77
1 1 0 0 0 0 1 124 24 116 7.43
2 1 0 0 0 0 1 127 33 161 8.04
1 0 0 0 5 0 1 127 46 149 7.61
9 0 0 0 7 0 1 127 46 165 7.32
1 0 0 0 0 0 0 55 144 9.16
1 0 0 0 0 0 3 129 130 131 0 121 10.25
1 0 0 6 0 0 3 136 138 147 1 129 11.21
9 0 9 4 9 3 2 132 135 1 82 8.35
4 0 4 1 7 9 2 133 139 1 112 6.12
10 0 0 0 7 0 1 134 10 119 7.91
10 0 2 8 0 4 3 149 152 153 5 96 7.96
7 1 0 0 0 0 3 137 148 151 20 141 9.83
2 0 0 0 0 5 1 143 10 100 12.02
5 0 4 10 0 0 1 142 2 87 7.71
7 1 0 0 0 0 1 146 27 106 9.96
8 0 8 4 0 0 2 141 158 2 113 10.81
9 0 0 0 0 2 3 140 141 145 5 112 11.6
7 0 0 0 0 2 1 152 14 123 9.67
3 0 0 7 0 0 1 144 14 86 7.31
10 0 2 0 2 0 1 155 7 131 6.07
3 0 0 6 0 0 1 146 12 134 10.66
3 0 3 0 6 0 1 157 17 99 6.72
9 0 0 2 7 0 1 148 14 151 6.81
5 0 0 0 8 7 2 150 154 34 154 8.28
8 0 7 3 0 0 2 153 157 2 131 6.48
8 1 0 0 0 0 3 149 152 155 27 157 9.14
9 0 0 5 1 0 1 154 35 157 6.7
7 0 0 4 0 2 1 153 39 157 11.88
7 0 0 8 8 0 1 156 27 135 8.93
8 0 0 10 8 0 1 158 35 150 11.06
9 0 1 6 6 0 1 156 46 150 7.73
10 0 5 0 6 0 1 158 44 144 7.45
7 0 0 4 0 0 1 157 35 144 6.28
1 0 0 3 1 9 1 159 55 176 6.17
8 0 9 6 7 4 1 159 42 155 7.21
4 0 6 0 0 6 1 159 54 170 8.76
1 0 0 0 0 0 0 58 121 11.27
1 0 0 0 0 0 3 161 162 163 0 94 10.67
9 0 5 0 0 2 3 164 168 178 1 87 8.95
4 0 0 5 0 9 3 169 172 173 1 99 10.07
5 0 4 0 0 0 3 165 166 167 1 101 6.77
7 0 3 2 7 0 1 165 10 140 6.3
1 0 6 2 0 0 1 185 17 128 10.64
3 0 0 0 0 3 1 187 6 139 9.99
9 0 0 0 0 9 1 185 6 103 8.68
8 0 7 0 5 3 3 170 173 176 10 132 8.12
10 0 0 1 0 0 3 171 175 177 5 141 10.31
6 0 0 4 4 9 2 174 190 18 109 10.6
5 0 0 1 0 0 1 188 15 109 6.06
10 0 0 0 9 0 2 182 183 5 137 11.88
3 0 8 4 0 7 3 179 187 189 18 105 7.15
6 0 0 5 2 7 1 181 24 131 6.65
9 0 0 0 2 0 1 186 15 125 7.71
3 0 0 0 0 5 2 187 190 18 108 8.12
4 0 0 9 8 7 1 189 15 152 11.63
10 0 0 2 1 0 1 180 10 125 11.96
7 1 0 0 0 0 1 184 21 110 10.38
10 1 0 0 0 0 1 185 20 149 7.4
6 1 0 0 0 0 1 182 30 109 9.21
7 0 4 9 5 2 1 186 36 155 7.61
8 0 0 7 0 10 1 184 15 125 11.3
1 0 0 6 0 9 1 186 28 139 7.03
7 0 6 0 4 10 1 189 30 105 10.88
3 0 9 0 8 0 1 188 43 150 10.85
7 1 0 0 0 0 1 188 21 95 10.74
8 0 0 5 5 0 1 191 46 172 6.76
3 0 4 0 1 5 1 191 37 148 11.54
3 1 0 0 0 0 1 191 24 138 7.08
1 0 0 0 0 0 0 54 141 11.27
1 0 0 0 0 0 3 193 194 195 0 71 8.94
9 0 3 0 0 5 3 199 208 211 1 104 11.7
10 0 6 8 4 3 3 196 197 202 1 85 6.58
6 0 3 1 1 4 3 200 202 205 1 99 8.79
9 0 5 5 1 4 3 205 207 213 11 126 9.0
4 0 3 9 1 7 2 198 209 11 139 8.84
8 0 3 1 6 1 3 201 204 206 15 151 6.06
3 0 2 4 10 0 3 200 202 205 10 124 8.83
4 0 3 0 6 0 3 204 207 215 13 92 9.06
7 1 0 0 0 0 3 203 207 213 23 125 6.4
5 0 5 0 9 5 3 203 209 212 13 113 10.13
2 0 9 0 9 0 3 214 221 222 30 161 7.96
1 1 0 0 0 0 3 210 218 220 23 90 9.98
10 0 6 3 8 4 2 209 217 20 141 7.86
9 1 0 0 0 0 2 211 220 23 146 8.62
1 0 0 2 5 1 3 210 212 214 30 140 8.06
8 0 6 10 6 10 3 210 214 218 10 90 6.3
6 1 0 0 0 0 3 215 216 222 30 127 11.89
9 1 0 0 0 0 1 217 31 163 7.43
2 0 0 10 2 8 2 213 215 32 112 10.57
5 1 0 0 0 0 2 216 219 31 135 11.4
1 1 0 0 0 0 2 217 219 34 143 11.03
5 1 0 0 0 0 1 216 32 151 6.75
10 0 7 10 3 3 2 218 219 36 156 6.76
4 1 0 0 0 0 1 220 37 160 7.07
6 0 3 4 3 10 1 222 40 129 10.96
7 0 9 6 0 0 1 221 46 119 10.56
8 0 0 5 1 0 1 221 46 175 7.59
10 0 10 0 7 2 1 223 41 123 8.86
10 0 0 0 9 2 1 223 54 183 7.24
4 0 8 3 0 1 1 223 46 166 8.11
1 0 0 0 0 0 0 64 174 6.97
1 0 0 0 0 0 3 225 226 227 0 114 10.7
7 0 0 0 10 0 3 233 244 251 1 113 6.09
8 0 0 8 0 0 3 229 230 237 1 77 10.25
9 0 8 0 0 0 3 228 235 251 1 143 9.8
3 0 0 3 0 0 3 237 242 249 10 132 8.05
6 0 0 0 10 0 3 238 244 248 9 134 9.34
4 0 0 0 1 0 3 231 236 238 9 123 11.79
6 0 0 0 0 3 3 232 234 251 13 85 8.62
8 0 0 0 1 0 3 240 241 244 19 109 6.58
2 0 6 0 0 0 3 234 238 239 8 136 7.42
5 1 0 0 0 0 3 240 247 250 19 103 10.88
8 0 0 8 0 0 3 237 246 253 10 126 12.02
4 0 0 7 0 0 3 239 241 253 13 88 9.44
10 1 0 0 0 0 2 243 247 18 158 9.05
4 0 0 10 0 0 2 241 242 15 117 9.24
4 1 0 0 0 0 2 240 246 17 131 9.25
4 0 4 0 0 0 3 242 243 248 27 130 9.76
1 0 0 0 8 0 3 243 250 254 27 157 9.68
4 0 7 0 0 0 2 245 254 31 159 11.9
2 0 0 3 0 0 1 245 31 138 9.87
2 1 0 0 0 0 2 245 246 27 99 7.7
2 0 0 0 0 6 1 252 35 152 7.73
1 1 0 0 0 0 3 247 249 250 29 152 11.89
9 0 5 0 0 0 1 252 30 155 11.66
5 0 0 0 0 5 1 249 31 128 6.31
4 0 0 0 0 9 1 254 36 159 9.14
7 0 2 0 0 0 1 252 30 130 7.46
4 1 0 0 0 0 1 253 19 155 12.03
8 0 0 0 0 8 1 255 39 134 8.3
7 1 0 0 0 0 1 255 23 124 10.66
4 0 0 0 0 8 1 255 40 114 9.96
1 0 0 0 0 0 0 47 130 9.99
1 0 0 0 0 0 3 257 258 259 0 74 8.34
9 0 1 6 2 3 3 262 274 285 1 78 10.98
4 0 5 2 10 6 2 261 267 1 84 7.5
9 0 2 3 3 9 3 260 264 275 1 94 10.66
8 0 6 4 7 1 3 265 272 278 10 84 8.91
4 0 2 6 8 9 3 268 269 275 5 80 6.89
2 0 7 7 5 6 1 263 10 99 7.92
4 0 9 6 9 10 3 266 270 280 12 149 11.3
2 0 8 5 2 6 3 269 270 279 10 129 10.38
4 0 1 4 1 10 3 271 273 284 18 112 7.74
7 0 9 9 8 9 3 271 275 276 16 115 9.84
5 1 0 0 0 0 2 281 285 5 144 8.71
10 0 5 7 3 2 1 282 9 108 6.29
5 0 4 7 6 4 1 272 12 110 10.38
2 0 4 2 2 10 3 276 277 278 16 144 9.31
9 0 5 6 9 9 2 277 279 23 136 11.69
10 1 0 0 0 0 1 286 18 102 11.6
3 1 0 0 0 0 3 276 277 279 22 138 11.54
9 0 3 3 7 3 3 280 281 284 10 97 11.2
10 0 8 10 6 10 1 284 23 101 10.11
6 0 7 4 4 4 1 286 25 128 10.07
8 1 0 0 0 0 1 281 32 130 8.05
9 0 6 4 8 1 1 283 18 110 10.86
1 1 0 0 0 0 1 282 32 130 8.63
1 0 6 7 1 7 1 283 19 86 10.48
6 0 7 4 8 10 1 282 40 147 11.66
9 0 10 9 6 10 1 283 46 144 8.68
6 0 7 8 3 1 1 286 55 160 6.78
3 0 2 1 9 7 1 287 33 166 6.48
10 0 2 5 6 1 1 287 10 138 8.39
2 0 5 5 2 8 1 287 61 137 9.2
1 0 0 0 0 0 0 63 140 10.16
1 0 0 0 0 0 3 289 290 291 0 109 9.32
2 0 2 5 8 7 3 293 303 304 1 84 7.53
8 0 4 8 1 6 3 292 299 310 1 102 8.94
1 0 9 9 5 9 3 298 300 309 1 136 8.77
10 0 1 2 5 6 3 294 295 296 9 137 8.84
10 0 7 10 1 7 1 312 3 85 6.04
1 1 0 0 0 0 3 301 314 316 19 104 7.97
4 0 7 10 3 4 1 297 19 104 9.41
3 1 0 0 0 0 1 302 19 119 6.36
8 0 4 7 7 8 2 305 308 23 139 11.26
6 0 3 8 6 6 1 303 2 82 6.68
8 0 5 3 6 9 2 304 305 9 89 7.65
6 0 10 6 1 8 1 316 2 100 6.35
7 1 0 0 0 0 3 302 307 309 20 124 8.0
5 1 0 0 0 0 1 304 27 101 7.85
4 0 5 1 4 9 1 306 8 108 10.13
7 0 3 9 8 3 1 311 32 112 11.18
7 0 10 5 5 7 1 314 31 141 9.09
8 0 8 8 6 10 1 313 12 111 8.7
1 1 0 0 0 0 1 308 27 138 11.74
10 0 6 9 2 6 1 317 31 152 7.45
3 1 0 0 0 0 1 311 27 111 11.62
2 0 1 2 7 1 1 312 9 115 7.73
3 0 9 9 2 2 1 312 39 142 7.28
8 0 3 1 4 10 1 318 42 122 7.72
4 0 5 7 9 7 2 316 318 20 140 9.33
4 0 3 10 2 5 1 315 38 138 9.71
1 0 4 1 2 4 1 317 42 163 11.34
8 1 0 0 0 0 1 319 24 150 10.76
2 0 1 4 8 3 1 319 43 154 7.51
2 0 8 8 6 6 1 319 50 126 7.03
1 0 0 0 0 0 0 52 122 9.06
122.64 120.11 116.64 114.41 115.45 130.43 157.86 262.23 418.43 291.7 236.29 196.09 181.38 171.39 191.9 277.05 381.61 563.13 473.28 295.57 220.0 170.0 164.46 146.37 128.04 124.74 116.86 109.16 104.41 107.58 118.07 139.33 182.65 185.39 180.0 141.91 123.12 124.43 125.4 167.12 199.3 284.16 244.75 200.27 172.45 153.82 136.59 121.22 128.83 125.47 122.91 122.4 124.01 124.98 140.01 168.87 229.46 199.41 179.06 172.94 165.0 170.0 179.92 193.22 173.93 181.09 165.0 150.33 104.81 117.61 127.0 104.67 108.01 103.33 108.55 103.09 98.75 108.01 140.0 136.6 155.0 170.0 149.61 151.0 148.85 160.59 151.9 155.0 140.0 132.7 130.72 141.07 140.0 134.36 132.7 100.02 108.01 108.01 85.9 84.59 84.59 112.01 150.0 159.79 165.0 155.0 155.0 145.0 164.97 161.9 165.0 150.0 142.98 150.0 144.92 120.72 112.52 84.59 78.49 69.69 78.81 79.28 85.0 85.89 83.08 87.35 86.48 93.34 99.43 97.58 90.98 88.95 84.76 83.83 93.78 111.34 128.12 143.36 148.87 143.84 134.26 137.76 136.07 122.98 128.16 117.41 113.77 108.6 107.9 110.17 112.83 120.0 127.4 124.96 108.2 103.36 97.14 92.16 105.97 114.2 129.53 135.05 124.79 113.78 111.15 100.88 82.0 77.55 74.89 70.06 38.09 41.5 74.3 80.24 229.52 262.77 179.0 139.31 99.15 95.78 129.35 105.39 131.67 150.0 165.0 145.0 130.0 165.0 145.44 116.26 130.0 88.67 79.25 80.38 81.28 80.57 84.17 101.8 122.89 133.83 146.8 132.61 125.2 120.56 118.25 121.75 125.94 135.95 146.66 152.24 141.76 133.9 118.07 94.05 100.5 86.66 86.54 84.95 81.03 79.81 84.95 95.93 119.06 133.72 144.22 133.53 108.03 91.41 85.6 86.04 92.91 115.15 119.94 140.72 150.0 145.35 135.08 123.06 115.19 100.21 97.39 97.02 96.22 97.37 96.94 111.24 141.97 153.11 160.3 151.64 132.75 123.25 113.85 113.3 129.8 153.72 161.45 178.92 174.84 161.29 150.56 134.48 126.66 120.2 120.0 117.35 114.01 114.01 116.58 121.01 154.37 159.87 163.7 154.82 130.1 126.2 120.06 121.19 119.89 151.47 168.59 184.56 184.48 178.99 162.66 152.7 152.38 134.97 139.56 131.39 125.78 119.17 119.22 120.86 127.18 144.74 153.46 142.44 128.4 120.08 110.29 103.4 113.7 129.91 155.04 168.01 167.41 162.98 156.6 145.24 141.73 131.74 133.26 126.91 122.99 120.66 122.34 123.41 128.09 135.9 137.3 137.7 130.04 129.33 122.24 111.88 116.65 128.89 153.14 165.25 172.32 173.95 165.5 155.77 148.44 133.24 129.54 126.63 124.72 120.04 123.24 127.77 159.18 207.88 243.23 178.04 149.95 126.16 117.27 115.52 124.31 147.32 169.51 214.64 200.73 201.1 167.74 153.0 144.21 135.81 132.4 125.54 123.18 123.99 123.25 127.63 155.37 191.13 211.99 163.31 136.53 126.71 117.55 113.18 120.09 138.47 170.43 178.26 175.0 171.02 152.85 131.0 130.77 123.05 115.2 110.86 110.27 109.09 115.43 122.5 147.67 168.12 180.81 159.33 133.5 121.97 117.02 119.5 128.85 144.12 160.36 177.15 189.9 189.63 170.0 155.42 143.7 133.68 133.67 129.8 125.95 125.0 125.01 134.5 154.93 180.09 219.08 178.95 160.22 150.88 145.88 142.97 139.07 150.09 171.17 176.63 169.12 162.12 135.15 123.54 131.27 121.95 126.05 112.7 108.82 105.0 114.14 127.75 178.61 181.71 164.98 150.47 134.44 117.05 113.52 118.79 122.32 151.3 133.7 132.92 136.89 132.27 111.54 87.65 98.8 100.0 83.39 86.49 86.39 88.13 89.69 90.99 88.95 93.24 112.24 97.54 94.55 86.74 85.4 87.56 92.77 118.0 136.88 144.46 160.47 160.33 155.17 149.0 143.56 135.53 135.0 127.75 124.07 119.3 116.81 117.0 117.0 133.43 136.77 120.94 113.7 109.1 87.08 98.01 109.9 120.4 138.0 142.93 155.76 150.6 144.55 142.16 143.0 128.54 119.56 114.07 111.4 107.72 107.31 115.58 153.71 173.8 181.36 163.18 141.45 121.23 125.33 124.09 136.91 152.78 140.3 126.84 125.09 140.0 120.0 109.21 131.31 88.52 78.92 86.98 135.0 105.01 88.55 99.0 145.0 194.13 169.7 143.69 116.05 104.85 107.55 117.2 130.96 135.7 145.75 143.93 145.0 156.88 156.01 137.8 141.47 128.2 129.26 127.91 126.82 126.59 128.74 128.87 141.3 173.11 180.0 174.92 168.75 168.43 157.95 159.23 141.48 150.0 160.1 162.69 181.66 183.99 152.14 144.99 139.78 133.0 132.38 140.12 150.74 144.49 146.91 133.16 135.3 270.7 251.77 222.64 205.6 185.9 176.9 184.44 190.0 211.71 200.21 207.33 205.5 196.52 176.36 162.92 153.12 139.32 139.65 137.01 131.66 131.43 130.78 140.09 163.63 224.86 261.75 214.52 180.61 163.74 150.06 149.42 157.07 172.21 196.88 292.25 288.53 224.61 183.55 163.6 153.0 140.03 135.66 130.69 120.25 118.7 118.97 120.87 134.52 149.23 150.53 137.05 124.59 118.36 112.39 110.01 116.42 129.59 145.64 164.02 175.23 161.46 141.16 116.37 130.3 120.32 134.11 128.9 123.57 119.9 119.57 119.84 118.05 124.47 123.77 125.75 131.48 128.92 127.85 121.36 123.67 127.33 139.52 170.0 172.12 168.8 155.51 134.93 132.06 131.51 125.9 121.06 120.34 125.94 129.5 126.7 157.39 208.25 209.79 171.3 139.67 116.94 113.24 106.55
