320 5
1 28 41 43 39
1 0 0 0 0 0 3 1 2 3 0 125 34.63
1 0 6 0 0 0 3 4 8 11 1 94 47.73
7 0 0 7 0 0 3 5 7 19 1 94 26.04
9 0 2 0 5 2 3 6 11 15 1 108 44.15
3 0 8 2 6 0 3 13 18 20 2 80 31.62
10 0 0 10 0 8 3 9 12 17 8 119 41.83
9 0 0 9 8 7 3 19 21 27 10 120 35.49
2 0 0 10 10 6 3 10 12 17 8 120 46.19
3 0 7 1 0 0 3 12 22 25 2 87 47.25
7 0 2 5 8 0 3 14 16 21 18 95 36.09
1 0 0 4 6 2 3 13 18 22 10 122 32.9
6 0 0 7 5 0 3 16 17 21 10 78 32.33
10 0 0 5 0 0 3 24 26 30 18 100 41.1
9 0 4 8 0 6 2 14 16 11 102 46.23
10 1 0 0 0 0 1 23 25 131 47.91
4 0 0 0 0 6 3 19 22 27 10 125 36.07
1 1 0 0 0 0 3 23 24 25 25 139 40.78
10 0 0 0 6 0 3 18 20 29 18 130 30.21
1 1 0 0 0 0 1 23 28 147 41.18
1 0 0 0 3 9 1 20 19 137 46.4
4 1 0 0 0 0 1 26 28 100 32.46
3 1 0 0 0 0 3 25 29 30 25 134 31.2
3 0 0 7 10 0 2 24 28 14 108 37.15
7 0 0 0 5 9 2 26 27 35 109 33.54
3 1 0 0 0 0 1 29 28 114 43.2
7 0 9 0 0 6 1 28 28 99 34.69
10 0 7 8 1 0 1 28 42 139 30.32
10 0 10 0 0 0 1 30 42 122 46.31
2 0 0 2 0 0 1 31 52 165 46.66
1 0 8 4 0 7 1 31 31 125 28.15
6 0 0 6 1 0 1 31 52 150 45.24
1 0 0 0 0 0 0 58 119 24.79
1 0 0 0 0 0 3 33 34 35 0 124 44.86
6 0 4 5 10 9 3 38 40 52 1 86 35.07
3 0 7 9 1 3 3 39 45 46 1 79 42.5
9 0 9 10 6 5 3 36 37 42 1 90 33.53
3 0 2 9 1 4 3 38 40 46 10 89 25.17
8 0 10 10 3 8 1 44 10 129 46.49
3 0 4 1 8 6 3 41 43 49 13 114 46.5
1 0 8 7 9 8 3 41 42 43 4 113 40.85
10 0 7 2 2 3 3 47 53 56 13 109 25.21
8 0 8 4 8 7 3 44 51 53 16 135 29.71
4 0 9 5 9 6 3 49 54 62 10 135 37.91
9 0 1 5 10 3 3 44 53 56 16 140 39.22
4 0 9 10 9 7 2 61 62 25 107 42.74
9 0 5 1 3 8 3 47 51 55 4 133 45.13
8 0 1 6 4 8 3 48 50 56 13 118 24.38
5 0 6 8 10 7 3 54 59 62 23 103 44.96
7 1 0 0 0 0 3 49 51 52 21 141 36.51
2 0 9 10 7 7 2 55 57 28 126 44.02
9 0 9 10 4 6 2 52 58 21 120 35.91
9 0 6 10 5 9 2 58 59 28 151 40.07
10 0 4 5 2 2 2 55 61 30 149 33.59
9 1 0 0 0 0 1 54 25 117 26.63
3 1 0 0 0 0 1 57 34 143 45.87
8 0 7 10 8 8 1 60 40 147 40.99
7 1 0 0 0 0 2 57 59 25 113 28.78
4 0 3 8 5 7 1 58 37 158 37.88
4 0 2 2 7 6 2 60 61 41 145 41.75
2 0 5 9 9 7 1 60 37 123 41.0
9 0 10 3 1 6 1 63 48 140 35.66
9 0 8 2 5 1 1 63 45 162 26.73
9 0 9 10 5 7 1 63 29 140 29.86
1 0 0 0 0 0 0 57 167 44.27
1 0 0 0 0 0 3 65 66 67 0 116 29.45
6 0 5 0 1 0 3 74 85 87 1 84 30.64
4 0 6 0 1 3 3 68 71 78 1 124 33.94
6 0 3 0 0 0 3 69 75 81 1 91 44.84
8 0 7 0 4 2 3 70 73 74 5 92 37.68
8 0 0 0 9 0 3 72 77 92 7 111 26.45
8 0 0 0 4 0 3 72 77 82 13 121 41.43
3 0 7 0 4 5 3 74 76 88 5 118 24.39
9 0 7 0 0 5 2 79 88 21 131 42.85
7 0 8 9 7 0 3 83 84 91 13 134 34.34
2 0 0 9 2 10 1 93 13 118 41.26
6 0 3 3 0 3 3 77 79 84 7 81 41.99
5 0 0 0 3 8 3 80 81 82 8 107 44.1
8 0 9 0 0 0 3 80 89 91 21 123 25.02
9 0 10 2 0 0 3 82 83 84 5 99 45.99
8 1 0 0 0 0 2 80 87 30 145 32.39
10 0 3 0 0 0 1 86 38 160 36.89
5 0 0 10 9 7 3 83 87 89 13 91 31.83
3 0 5 10 0 0 1 92 21 116 42.87
8 0 1 8 0 0 2 85 86 20 121 35.07
9 0 8 0 0 0 3 85 86 88 20 137 36.08
7 0 9 0 0 0 2 92 94 29 103 46.8
6 0 6 0 8 4 1 90 48 149 39.36
10 0 0 3 7 0 2 90 91 38 156 24.72
8 1 0 0 0 0 1 89 30 138 26.02
10 0 2 10 0 0 1 90 38 148 39.96
5 0 0 10 3 0 2 93 94 54 141 30.23
6 0 0 9 0 2 2 93 94 48 120 45.32
2 1 0 0 0 0 1 95 36 157 45.32
9 0 0 0 1 0 1 95 59 170 46.46
5 0 0 0 6 8 1 95 59 158 24.25
1 0 0 0 0 0 0 68 155 34.76
1 0 0 0 0 0 3 97 98 99 0 128 40.72
3 0 9 0 9 0 3 112 120 124 1 68 27.13
5 0 0 10 3 0 3 104 105 111 1 125 42.1
9 0 6 2 2 0 3 100 101 102 1 92 37.54
10 0 0 0 10 1 1 112 10 108 39.91
1 0 10 1 2 0 3 108 111 117 10 81 38.54
7 0 0 0 0 2 1 103 10 130 24.7
2 0 9 8 3 10 1 107 17 118 35.01
10 0 6 8 2 5 3 106 110 114 6 92 46.08
9 0 9 3 9 9 2 118 119 6 79 34.8
10 0 0 7 5 9 1 120 16 91 33.55
5 0 0 5 2 6 1 126 19 95 30.61
2 0 0 3 0 0 2 109 122 11 113 44.23
5 0 8 10 10 8 1 115 13 100 44.94
7 0 0 0 5 0 1 116 16 141 37.12
7 0 5 6 0 10 2 115 121 11 99 25.89
7 0 0 0 7 8 2 113 121 20 98 33.9
9 0 0 1 3 8 1 119 27 115 41.18
10 0 4 9 10 1 1 124 16 114 32.81
6 0 1 8 10 8 1 120 18 101 39.88
6 1 0 0 0 0 1 117 23 102 48.26
9 0 7 8 4 3 2 118 119 29 105 29.53
9 0 3 0 8 2 1 126 38 123 37.33
6 0 5 4 10 0 1 123 38 130 35.03
9 1 0 0 0 0 1 125 26 103 36.36
10 1 0 0 0 0 1 122 27 138 29.04
4 1 0 0 0 0 1 123 37 145 42.24
10 0 1 1 0 8 1 125 44 144 44.02
2 1 0 0 0 0 1 127 26 96 31.18
10 0 10 10 5 10 1 127 54 131 43.03
6 0 6 0 3 7 1 127 47 127 33.18
1 0 0 0 0 0 0 64 160 34.64
1 0 0 0 0 0 3 129 130 131 0 112 26.78
8 0 8 3 3 8 2 132 142 1 107 44.92
2 0 2 10 0 5 3 133 136 138 1 76 29.98
9 0 3 0 10 7 3 135 137 140 1 118 33.48
5 0 2 2 0 0 3 133 138 144 9 132 33.71
6 0 3 0 9 0 3 134 135 137 14 119 43.09
3 0 10 10 0 6 3 139 141 149 20 124 36.09
3 1 0 0 0 0 3 139 145 154 20 92 34.27
6 0 10 1 6 0 3 142 149 150 3 87 31.84
2 0 3 10 9 0 3 141 145 150 20 125 41.82
5 0 4 0 1 5 3 146 152 153 14 109 25.19
2 1 0 0 0 0 2 147 157 23 96 36.1
4 0 1 4 5 0 3 142 143 155 10 122 36.53
5 0 0 9 3 8 2 146 151 23 104 41.18
8 0 6 3 8 0 3 148 157 158 14 122 28.27
10 1 0 0 0 0 3 146 147 152 14 111 29.58
7 1 0 0 0 0 3 145 147 151 14 133 32.36
8 0 7 9 2 5 2 149 153 23 130 46.87
3 1 0 0 0 0 2 148 154 28 151 45.46
5 0 9 0 3 6 2 148 150 25 132 26.41
10 0 5 7 0 3 1 156 31 156 31.55
7 0 8 5 5 1 1 155 31 144 39.9
5 0 0 0 9 0 1 153 30 141 24.49
7 0 8 9 9 2 3 152 154 155 28 140 29.11
8 0 0 4 0 6 1 157 35 161 32.36
10 0 2 3 0 3 2 156 158 35 139 42.46
2 0 5 4 7 0 1 156 35 146 41.4
5 0 4 0 1 4 1 158 38 118 32.89
5 0 6 6 2 5 1 159 45 151 46.3
3 0 10 9 7 1 1 159 43 120 32.46
2 0 5 5 4 6 1 159 45 140 42.14
1 0 0 0 0 0 0 50 125 38.9
1 0 0 0 0 0 3 161 162 163 0 105 33.11
10 0 0 0 0 4 3 164 166 167 1 120 26.92
1 0 0 0 0 10 1 170 1 89 41.3
9 0 4 0 0 0 2 165 175 1 89 28.42
3 0 6 0 0 0 2 174 182 11 98 30.37
1 0 3 0 0 0 2 169 171 10 111 33.02
7 0 0 4 0 0 3 168 173 184 11 128 25.96
1 0 0 0 0 2 1 172 11 128 44.41
4 1 0 0 0 0 1 183 18 116 43.44
10 0 0 0 0 2 1 181 11 128 36.88
6 0 0 0 10 0 3 173 175 183 2 89 36.54
2 0 0 0 0 6 2 172 180 11 106 29.24
3 0 0 7 0 0 3 176 183 189 13 97 24.86
1 1 0 0 0 0 1 177 18 87 32.71
3 0 0 0 0 6 2 175 188 14 83 29.64
1 0 0 0 10 0 1 178 17 100 45.61
3 1 0 0 0 0 1 177 16 99 24.6
10 0 0 0 0 9 2 179 190 19 103 31.83
1 0 0 6 0 0 1 187 18 111 30.4
3 0 5 0 0 0 1 185 29 108 47.91
4 0 0 3 0 0 1 187 13 93 46.96
2 1 0 0 0 0 1 187 21 99 34.85
4 0 1 0 0 0 1 186 14 131 36.29
2 1 0 0 0 0 2 185 190 22 143 36.8
4 1 0 0 0 0 1 189 18 89 45.9
6 0 0 0 0 7 1 188 32 137 31.63
9 1 0 0 0 0 1 189 18 110 37.32
2 1 0 0 0 0 1 190 23 113 25.62
1 0 0 0 9 0 1 191 38 114 42.71
1 1 0 0 0 0 1 191 27 124 24.41
9 0 0 0 4 0 1 191 29 148 28.99
1 0 0 0 0 0 0 39 141 33.98
1 0 0 0 0 0 3 193 194 195 0 98 28.82
3 0 0 0 7 0 3 198 199 209 1 127 35.24
8 0 2 0 0 0 1 207 1 101 37.49
5 0 0 0 0 9 3 196 200 208 1 88 41.29
7 0 4 0 0 0 3 197 203 210 6 78 47.12
1 0 0 0 8 0 2 202 220 13 102 35.28
8 0 0 0 9 0 3 201 205 219 4 102 41.96
10 0 0 0 0 7 3 202 204 213 4 113 45.59
2 0 0 1 0 0 2 206 209 6 104 45.2
8 0 1 0 0 0 1 211 12 84 34.14
10 0 0 0 0 7 1 215 14 111 40.16
5 0 0 1 0 0 1 217 13 128 38.31
1 0 2 0 0 0 1 217 14 137 42.8
4 0 0 5 0 0 1 222 12 138 46.54
1 0 0 0 0 1 1 217 8 119 36.34
7 0 0 2 0 0 3 210 214 221 9 109 37.78
6 0 0 0 3 0 1 213 6 136 33.14
10 0 10 0 0 0 2 212 216 8 83 29.57
4 0 0 0 0 6 1 220 16 85 27.24
10 0 0 0 3 0 1 218 20 143 39.13
9 1 0 0 0 0 1 218 18 128 43.03
6 1 0 0 0 0 1 222 14 120 25.6
5 1 0 0 0 0 1 215 16 93 33.85
3 0 0 2 0 0 1 222 24 110 33.64
2 1 0 0 0 0 1 219 18 97 25.45
4 1 0 0 0 0 1 220 18 140 26.05
7 0 0 0 3 0 1 221 30 96 33.15
9 0 6 0 0 0 1 221 20 149 43.04
10 1 0 0 0 0 1 223 22 144 24.52
10 0 4 0 0 0 1 223 37 106 44.7
6 0 0 1 0 0 1 223 27 110 45.3
1 0 0 0 0 0 0 47 156 41.26
1 0 0 0 0 0 3 225 226 227 0 99 27.05
6 0 0 0 0 2 3 234 243 251 1 122 36.4
6 0 0 0 0 8 2 229 233 1 97 39.3
7 0 0 0 0 2 3 228 230 233 1 108 37.07
6 0 4 0 0 0 3 231 232 244 8 134 47.77
10 0 0 0 8 0 3 234 244 249 7 111 27.62
7 0 0 6 0 0 3 235 236 244 8 79 41.09
10 0 0 0 0 9 3 238 239 242 14 138 35.85
4 1 0 0 0 0 3 234 236 246 14 117 39.23
6 0 2 0 0 0 3 237 243 248 8 119 37.56
8 1 0 0 0 0 2 241 245 18 108 32.37
8 0 0 4 0 0 3 237 240 245 15 110 34.3
8 1 0 0 0 0 3 242 245 254 18 127 32.6
4 1 0 0 0 0 3 238 239 253 23 140 47.08
2 0 10 0 0 0 2 241 246 27 123 26.69
5 1 0 0 0 0 3 247 250 254 27 128 31.41
2 1 0 0 0 0 3 241 242 246 23 105 38.35
8 0 0 0 0 4 1 250 29 133 28.94
1 0 0 0 6 0 3 243 248 250 26 121 38.61
2 1 0 0 0 0 2 247 249 27 130 25.87
7 1 0 0 0 0 3 247 251 253 17 103 27.09
6 0 0 3 0 0 1 248 26 134 39.15
9 0 4 0 0 0 2 249 251 29 157 26.14
1 0 0 0 3 0 1 252 32 141 48.44
5 0 10 0 0 0 1 253 32 105 33.44
5 0 0 0 8 0 1 252 38 138 36.81
2 0 0 0 2 0 1 252 37 116 24.89
7 0 2 0 0 0 1 254 38 137 28.58
2 0 0 0 3 0 1 255 43 129 47.46
10 0 7 0 0 0 1 255 37 135 31.41
9 0 0 0 0 8 1 255 45 136 30.32
1 0 0 0 0 0 0 54 145 25.69
1 0 0 0 0 0 3 257 258 259 0 106 42.11
3 0 7 0 0 0 3 260 262 264 1 124 29.45
5 0 0 1 0 0 3 266 267 275 1 98 24.45
4 0 0 0 0 2 1 261 1 100 36.16
10 0 1 0 0 0 3 268 277 281 4 111 29.39
8 0 0 0 0 10 1 263 5 124 38.86
1 0 0 0 8 0 1 274 4 88 35.65
6 0 6 0 0 0 3 265 269 284 13 103 36.42
10 0 0 0 0 5 2 270 283 4 122 31.4
6 0 0 0 6 0 1 267 19 128 36.11
6 0 6 0 0 0 1 271 6 78 39.06
5 1 0 0 0 0 1 277 25 101 39.01
3 0 0 4 0 0 2 272 282 14 79 27.67
7 0 0 0 6 0 1 283 19 89 44.22
7 0 9 0 0 0 3 271 276 278 14 128 24.26
8 0 0 0 2 0 2 273 280 21 100 31.69
10 0 3 0 0 0 2 276 284 17 142 44.43
3 1 0 0 0 0 1 286 29 140 39.07
8 0 0 0 2 0 1 278 5 76 35.51
10 0 0 0 0 6 2 279 286 6 80 46.52
5 1 0 0 0 0 1 280 27 151 31.83
9 0 7 0 0 0 1 279 30 103 44.59
4 0 4 0 0 0 1 279 21 101 47.83
7 0 0 1 0 0 1 280 39 129 47.37
4 0 7 0 0 0 1 285 46 133 36.79
8 0 0 2 0 0 1 282 14 99 26.36
8 1 0 0 0 0 1 284 22 140 26.45
7 1 0 0 0 0 1 286 26 126 45.43
10 0 0 0 0 10 1 287 30 144 27.37
7 0 0 3 0 0 1 287 50 169 37.74
6 0 0 0 0 4 1 287 33 158 47.23
1 0 0 0 0 0 0 57 117 39.13
1 0 0 0 0 0 3 289 290 291 0 107 27.06
6 0 5 0 0 8 3 300 303 306 1 105 42.19
6 0 0 0 0 9 2 298 317 1 113 29.35
10 0 0 8 4 0 3 292 301 316 1 131 31.93
1 0 10 7 0 0 2 293 297 11 104 45.19
7 0 4 0 0 7 3 294 295 296 12 129 40.97
10 0 0 0 6 6 2 302 305 19 115 36.36
5 0 3 7 10 0 2 304 308 19 133 26.64
6 1 0 0 0 0 2 302 309 19 103 34.78
4 0 7 0 3 0 3 299 300 303 12 130 33.16
8 0 0 1 0 5 3 311 312 316 7 88 33.25
8 1 0 0 0 0 1 308 16 90 41.64
10 0 6 10 0 0 2 305 308 16 96 40.46
3 0 6 0 4 6 1 310 11 127 44.17
6 0 0 10 10 7 3 303 307 314 29 143 45.52
3 0 3 9 0 0 1 318 35 141 37.29
7 0 6 0 3 0 1 306 24 128 34.92
4 1 0 0 0 0 3 307 314 317 29 137 27.91
4 1 0 0 0 0 3 307 313 314 31 148 42.29
3 1 0 0 0 0 2 311 312 35 152 44.05
5 1 0 0 0 0 1 309 26 133 25.96
3 1 0 0 0 0 2 310 312 31 153 33.46
1 1 0 0 0 0 2 311 313 34 129 40.88
3 1 0 0 0 0 1 318 38 158 30.85
9 0 0 1 5 10 1 315 38 136 45.61
3 0 0 0 0 1 1 317 35 134 30.04
3 1 0 0 0 0 1 315 35 100 29.96
8 0 0 0 4 10 1 318 47 167 30.65
9 1 0 0 0 0 1 319 15 122 40.04
7 0 0 0 0 4 1 319 38 115 34.21
9 0 0 8 7 0 1 319 55 148 31.09
1 0 0 0 0 0 0 64 135 38.52
95.59 99.11 92.62 89.82 90.68 99.65 125.89 145.43 156.32 141.04 124.17 117.29 130.0 134.74 156.0 183.35 207.87 175.0 181.92 168.14 146.06 121.37 111.16 97.99 115.68 130.01 115.68 98.83 108.28 98.23 129.67 175.0 160.0 140.7 160.0 126.49 124.13 144.15 150.92 175.0 185.12 175.26 170.65 166.52 153.15 129.62 119.66 103.66 99.08 98.08 95.87 95.3 97.2 104.15 148.48 196.81 245.73 216.58 184.66 171.37 164.9 179.12 202.18 247.05 314.92 260.2 205.2 173.75 147.06 124.78 116.25 106.59 99.01 95.25 92.3 92.13 95.03 101.24 128.58 154.58 168.82 167.48 140.02 149.33 143.82 151.99 160.08 158.05 153.5 147.27 144.91 139.12 125.16 113.08 111.37 99.85 98.05 95.68 92.36 92.15 96.22 102.64 125.0 159.41 184.84 183.75 172.15 167.67 161.1 156.69 159.51 160.55 166.65 156.65 145.9 131.32 115.44 100.0 95.62 85.22 83.38 78.39 75.06 75.21 76.23 77.32 81.69 90.93 99.53 99.31 96.54 97.88 93.07 95.98 102.89 109.57 116.93 132.13 124.28 120.0 129.97 92.76 87.68 82.37 80.52 74.22 73.05 69.23 71.58 72.75 74.74 78.92 83.18 88.67 93.08 94.91 100.15 102.44 107.22 108.75 112.55 112.52 104.9 105.7 103.7 92.39 82.08 63.98 70.16 75.77 49.86 75.77 81.4 83.41 99.48 115.82 114.3 109.19 105.26 105.0 106.69 104.1 110.38 114.04 135.05 134.37 133.83 137.35 126.04 125.0 114.54 82.24 80.32 79.22 79.74 79.85 81.35 89.58 107.0 115.74 130.51 115.46 108.71 107.88 106.03 110.98 126.26 126.47 138.57 140.0 140.0 130.0 115.31 99.28 94.91 72.8 75.77 75.77 72.0 75.29 77.42 82.79 107.52 115.52 110.69 113.27 100.69 90.53 89.66 97.25 103.26 111.82 116.31 115.55 115.0 115.0 100.53 99.63 90.64 84.26 86.81 84.12 82.44 83.42 85.29 89.99 100.92 125.0 114.66 113.31 103.57 100.51 98.73 98.68 103.87 111.48 118.2 122.02 119.54 117.06 112.28 103.81 99.01 94.94 91.57 92.05 93.08 93.21 93.09 96.19 115.46 126.04 132.17 127.54 122.93 119.51 114.01 119.73 128.64 133.96 155.0 147.84 134.4 130.04 121.48 114.62 106.87 97.49 97.98 95.14 91.76 88.59 88.21 91.54 94.82 100.48 106.57 108.51 104.16 100.36 97.62 98.45 102.39 116.89 120.91 120.74 116.91 111.2 100.7 98.61 98.16 90.35 91.55 91.09 84.25 81.08 82.4 83.41 83.41 85.49 89.0 115.0 115.0 112.71 96.76 94.15 92.95 106.29 113.47 110.0 110.0 105.61 101.39 96.02 91.95 92.1 81.86 80.19 79.95 79.54 82.9 85.97 109.02 117.93 121.79 135.48 120.0 106.54 93.35 115.0 118.12 132.8 147.81 123.5 120.17 115.18 111.77 97.78 94.55 92.81 101.9 101.09 99.99 100.55 99.99 96.07 113.68 124.87 130.33 130.39 129.35 113.86 106.68 119.76 135.95 145.29 151.1 151.48 134.97 132.38 128.92 119.62 116.64 104.1 96.18 94.03 91.48 91.38 94.28 98.81 119.69 134.91 140.0 131.89 126.81 122.19 125.23 129.61 132.76 135.91 138.31 138.66 136.56 122.18 114.71 108.46 106.8 94.91 87.89 102.66 83.46 81.46 82.0 87.63 101.95 123.73 129.68 129.24 125.0 99.46 98.2 103.82 118.8 121.29 138.01 120.07 116.83 103.98 86.03 84.36 83.67 70.18 71.81 80.26 82.53 83.21 83.82 87.39 101.38 100.22 108.41 115.0 110.89 109.58 97.31 103.13 101.83 106.3 109.9 119.1 117.21 113.97 115.0 106.45 105.26 91.61 91.28 86.84 87.09 88.18 89.35 90.81 97.39 105.37 114.44 116.1 114.11 112.75 112.1 117.45 122.27 125.12 128.85 125.42 123.12 116.57 109.6 105.16 102.52 92.89 97.36 91.06 88.75 87.77 87.42 88.68 90.67 95.49 103.75 109.12 107.57 106.72 105.16 105.49 109.19 109.36 110.13 112.16 107.66 107.06 104.01 101.9 94.08 82.94 81.22 79.54 78.54 76.01 79.32 85.18 93.99 109.36 113.03 113.18 107.92 103.68 101.79 113.23 114.87 116.89 125.33 116.38 115.15 116.17 109.66 94.0 97.98 87.38 78.08 70.96 80.01 82.93 75.19 78.08 86.36 91.9 99.51 114.99 114.99 117.87 114.99 116.55 114.99 109.99 107.14 102.05 109.11 107.0 95.88 85.96 84.59 76.09 73.65 68.73 69.6 66.65 63.53 68.12 67.26 76.55 87.79 93.89 94.71 89.99 89.99 94.99 99.99 114.31 128.09 120.03 90.95 79.19 79.0 82.9 79.15 66.61 69.53 62.65 60.78 64.33 62.15 70.85 68.28 67.26 72.22 73.18 67.75 68.55 65.56 59.85 78.38 97.09 101.18 103.99 111.08 114.99 119.61 113.19 102.33 94.99 97.1 91.05 85.84 83.15 82.75 83.28 85.11 93.96 99.12 96.86 89.25 84.99 82.31 83.2 93.27 110.24 117.95 121.47 117.63 116.9 114.48 112.27 108.77 99.65 96.85 91.86 84.85 83.14 84.52 83.67 88.73 100.53 102.91 94.03 80.13 75.56
