320 5
1 31 27 28 30
1 0 0 0 0 0 3 1 2 3 0 71 6.08
3 0 5 0 9 10 3 4 15 20 1 89 6.65
8 0 0 6 0 0 3 5 8 12 1 106 8.82
7 0 1 4 7 10 3 9 15 22 1 84 9.64
6 0 7 6 6 5 3 6 10 11 4 64 8.34
5 0 10 4 0 0 3 17 18 22 9 78 6.56
3 0 0 0 1 0 3 7 8 9 10 76 9.82
2 0 0 4 0 7 3 21 23 26 13 121 9.38
5 0 0 4 4 6 3 13 16 29 13 116 7.01
2 0 0 3 10 3 3 14 18 21 13 93 7.93
6 0 1 10 10 2 3 12 18 19 10 90 9.63
2 0 10 4 3 7 3 12 14 21 10 68 7.15
1 0 0 4 3 1 3 16 25 26 16 112 8.75
7 1 0 0 0 0 2 14 19 18 93 10.35
5 0 8 6 4 9 2 17 28 25 95 8.17
10 0 10 2 1 5 2 16 19 8 71 7.55
2 0 3 2 5 0 1 17 18 80 9.06
8 0 8 4 9 3 1 24 30 89 5.66
4 0 5 0 10 10 2 23 27 16 81 7.03
6 1 0 0 0 0 3 24 26 28 25 101 9.47
1 0 1 9 0 8 2 22 23 4 84 5.3
4 0 5 10 0 2 2 25 27 15 81 9.92
1 0 3 2 0 0 2 24 27 14 79 7.54
6 1 0 0 0 0 2 25 30 20 99 9.15
3 0 0 3 3 6 1 30 38 114 9.2
10 0 2 0 8 10 1 29 26 109 7.68
6 0 10 5 9 2 1 30 31 87 6.22
2 1 0 0 0 0 2 28 29 20 109 9.82
10 0 0 6 1 0 1 31 31 110 5.46
5 0 4 2 0 5 1 31 36 134 8.48
10 0 0 8 8 3 1 31 41 130 6.17
1 0 0 0 0 0 0 51 138 7.99
1 0 0 0 0 0 3 33 34 35 0 77 10.06
2 0 5 0 0 0 2 37 49 1 83 10.22
10 0 5 0 0 0 3 36 46 53 1 112 6.42
10 0 0 4 0 0 2 40 45 1 93 7.98
8 0 0 7 0 0 3 41 47 49 11 88 6.16
4 0 0 0 9 0 3 38 42 44 3 110 9.87
7 0 0 0 0 2 2 39 54 7 85 8.96
6 0 0 9 0 0 1 48 14 89 6.28
5 0 0 2 0 0 2 52 58 11 72 10.29
7 1 0 0 0 0 2 45 57 19 82 10.39
2 0 0 1 0 0 3 43 46 62 7 115 8.14
10 0 0 7 0 0 3 50 55 61 9 88 5.29
5 0 9 0 0 0 2 45 50 7 69 7.53
2 1 0 0 0 0 3 55 59 61 26 96 6.87
2 0 0 0 4 0 2 51 61 11 119 10.02
8 0 0 0 0 8 2 54 57 19 105 9.73
1 1 0 0 0 0 2 60 62 20 81 6.45
10 0 0 1 0 0 3 52 54 58 19 119 8.12
8 0 0 0 0 4 2 51 56 19 109 5.6
4 1 0 0 0 0 1 52 27 127 7.0
3 1 0 0 0 0 1 57 31 116 5.9
6 0 0 5 0 0 1 56 11 82 7.15
8 0 0 8 0 0 2 56 62 29 112 6.5
6 0 0 3 0 0 1 58 28 108 10.02
10 0 0 0 0 10 1 59 37 112 9.45
9 0 0 0 0 10 1 59 34 121 5.63
3 0 0 0 5 0 1 60 34 98 5.89
6 0 0 1 0 0 1 60 47 108 7.58
1 0 2 0 0 0 1 63 53 140 7.25
7 0 0 0 0 9 1 63 28 93 8.75
10 0 0 0 10 0 1 63 37 119 9.96
1 0 0 0 0 0 0 54 143 8.88
1 0 0 0 0 0 3 65 66 67 0 86 10.53
4 0 5 10 0 0 3 69 75 83 1 67 7.75
10 0 8 0 0 0 2 68 79 1 69 9.62
1 0 0 9 3 6 3 68 71 75 1 62 6.0
10 0 9 0 5 0 3 70 74 81 11 81 8.15
8 0 6 0 4 7 2 70 79 5 114 10.45
2 0 8 0 0 10 3 73 86 89 21 94 8.14
2 0 3 10 0 5 3 72 76 92 2 59 7.31
3 0 0 0 0 8 1 78 4 103 5.62
4 1 0 0 0 0 3 80 85 87 23 109 9.61
4 0 0 7 0 0 3 76 77 87 21 128 6.19
1 0 10 0 1 0 3 76 84 87 5 70 6.42
3 1 0 0 0 0 3 80 88 89 25 96 9.6
10 1 0 0 0 0 3 80 82 92 25 106 8.72
7 0 0 0 0 4 3 79 81 82 7 69 8.72
9 0 1 0 9 0 2 89 91 14 90 5.6
6 1 0 0 0 0 2 91 94 35 122 5.79
8 0 0 0 5 0 3 83 84 94 21 125 6.18
6 0 10 0 0 0 3 83 84 90 35 100 9.24
8 0 0 4 0 5 2 85 86 41 113 8.68
2 1 0 0 0 0 2 85 86 41 138 9.05
7 0 0 0 0 7 2 88 91 49 135 9.94
5 0 9 1 0 5 1 88 49 132 7.37
3 0 0 1 2 0 2 90 92 27 121 10.16
7 0 3 1 0 7 1 93 56 159 8.89
9 1 0 0 0 0 2 90 93 28 87 8.27
7 0 0 4 6 8 1 94 41 124 10.22
4 0 0 6 1 0 1 93 56 123 8.64
8 1 0 0 0 0 1 95 35 94 10.53
1 0 8 0 0 10 1 95 63 128 9.93
10 0 8 0 8 4 1 95 48 107 8.08
1 0 0 0 0 0 0 64 120 9.23
1 0 0 0 0 0 3 97 98 99 0 102 8.91
1 1 0 0 0 0 1 126 1 63 8.14
1 0 9 6 3 9 3 100 103 109 1 84 8.67
8 0 10 9 5 7 3 101 106 116 1 105 9.38
7 0 9 1 7 4 1 107 2 73 5.67
2 0 4 5 3 5 2 102 105 9 103 7.49
9 0 9 2 6 2 2 113 120 11 92 6.64
9 0 2 1 9 9 1 104 2 67 8.55
4 0 4 3 6 9 3 105 108 110 11 117 6.11
10 0 1 9 5 9 1 112 15 105 5.37
1 1 0 0 0 0 1 121 9 72 7.22
3 0 2 9 3 9 1 111 9 97 9.74
10 1 0 0 0 0 1 119 15 111 9.57
3 0 7 8 10 6 2 115 118 2 104 7.73
3 0 7 2 2 2 2 112 114 15 80 7.11
10 0 7 6 9 2 1 118 12 76 7.77
8 0 1 8 4 1 1 122 25 102 7.35
2 0 10 10 2 3 1 121 20 103 5.65
9 1 0 0 0 0 1 117 18 124 7.39
5 1 0 0 0 0 1 119 5 85 8.45
3 0 4 6 9 1 2 119 123 9 98 8.42
10 0 2 2 3 8 3 121 123 126 27 125 8.85
1 0 3 3 6 6 1 120 22 124 10.14
6 0 6 1 2 3 1 125 25 91 6.38
4 1 0 0 0 0 2 123 126 23 98 9.69
8 0 8 6 5 3 2 124 125 37 108 9.36
2 0 1 3 10 3 1 124 33 113 6.44
5 0 9 1 4 10 1 125 37 125 6.09
1 0 2 3 6 10 1 127 45 115 6.17
1 0 4 3 3 3 1 127 45 139 5.7
10 0 9 5 10 9 1 127 37 96 8.72
1 0 0 0 0 0 0 47 132 10.12
1 0 0 0 0 0 3 129 130 131 0 76 5.93
3 0 7 7 0 0 3 133 139 154 1 72 8.43
5 0 4 7 5 9 2 147 154 1 78 6.56
2 0 6 8 6 0 3 132 143 153 1 60 8.95
8 0 8 0 0 1 3 135 141 148 3 74 6.14
5 0 0 10 0 5 1 134 4 93 5.56
7 0 6 0 0 10 3 136 137 140 9 89 8.63
5 0 0 8 0 3 3 142 155 158 11 101 5.92
9 0 5 0 5 4 2 138 147 16 125 6.12
5 0 4 0 2 1 3 141 150 151 16 105 5.8
8 0 3 2 5 9 3 143 144 150 25 124 5.74
3 0 4 2 3 8 1 153 4 72 6.93
7 0 8 10 5 0 3 143 144 152 16 86 5.53
1 1 0 0 0 0 2 142 152 21 103 6.42
9 1 0 0 0 0 2 145 147 22 97 6.71
10 0 1 0 6 2 3 149 157 158 33 122 7.33
10 0 0 4 4 8 2 151 153 33 129 10.51
3 0 6 1 6 5 1 146 31 134 6.91
7 0 0 8 6 6 1 149 34 139 8.74
3 0 9 9 6 0 1 156 31 88 6.59
3 1 0 0 0 0 3 150 151 156 11 89 7.0
1 0 4 6 0 9 1 156 43 101 8.62
9 0 10 9 5 4 1 152 33 116 5.97
10 0 0 6 6 1 1 155 43 130 7.82
4 0 7 4 0 0 1 155 42 99 9.11
2 0 6 5 7 5 1 157 43 108 5.96
7 0 0 9 1 4 1 158 6 92 7.31
4 0 3 0 0 0 1 157 53 126 7.34
3 0 4 9 3 1 1 159 44 118 9.31
2 0 8 5 3 5 1 159 57 155 10.44
3 0 1 9 10 9 1 159 43 106 8.6
1 0 0 0 0 0 0 59 155 6.28
1 0 0 0 0 0 3 161 162 163 0 72 9.72
5 0 0 4 8 1 3 166 170 175 1 69 10.55
4 0 6 0 5 0 3 164 171 176 1 60 8.89
9 0 0 0 6 0 3 165 169 172 1 93 7.96
8 0 0 1 7 0 1 182 5 94 6.18
9 0 0 7 0 3 3 167 178 185 10 113 6.06
6 0 0 0 0 6 3 168 172 178 6 77 7.14
4 0 0 6 0 4 3 173 179 187 19 87 7.33
6 0 0 0 0 4 3 171 176 181 12 76 7.28
6 0 3 5 10 10 3 170 171 178 10 110 8.73
10 0 0 7 0 1 3 174 177 179 16 79 7.22
10 1 0 0 0 0 2 173 179 18 120 6.72
2 0 6 0 0 4 3 176 177 187 12 112 10.43
8 0 4 0 0 0 2 183 190 28 115 10.49
7 0 9 0 8 4 2 180 181 26 106 7.77
6 0 0 1 7 1 2 177 180 6 93 6.16
10 1 0 0 0 0 3 180 182 186 18 111 7.24
1 0 9 1 0 0 1 185 26 117 5.32
6 1 0 0 0 0 3 181 183 186 19 124 7.84
2 0 0 8 0 0 3 184 186 189 28 87 9.15
7 0 7 0 8 0 3 183 184 185 33 99 8.39
8 0 0 0 8 8 2 182 187 33 140 6.3
4 0 0 0 0 1 3 184 189 190 41 139 10.21
6 0 0 2 2 5 1 189 40 129 6.2
2 0 5 8 0 6 1 188 45 126 7.09
2 0 10 5 0 0 1 188 40 114 5.5
7 0 0 0 5 0 1 190 30 138 7.41
5 0 0 8 7 0 1 188 41 135 6.77
6 0 0 0 6 9 1 191 47 129 9.17
2 0 0 2 0 2 1 191 46 141 8.92
1 0 9 0 0 6 1 191 45 129 8.72
1 0 0 0 0 0 0 53 140 10.15
1 0 0 0 0 0 3 193 194 195 0 96 7.54
9 0 0 0 2 0 3 200 201 216 1 104 6.66
2 0 0 0 0 1 3 196 197 199 1 72 8.95
4 0 0 0 1 0 3 198 199 200 1 81 8.2
5 0 0 0 0 3 3 202 204 205 3 97 5.57
9 0 0 0 1 0 3 200 201 213 3 111 10.14
7 0 0 0 9 0 3 203 204 206 5 98 5.96
9 0 1 0 0 0 3 210 211 217 5 108 10.5
3 0 4 0 0 0 2 203 205 12 84 8.45
10 0 0 0 0 9 2 210 222 12 79 9.55
3 0 0 1 0 0 3 203 206 207 8 65 9.25
8 0 0 4 0 0 2 218 221 15 84 8.59
1 0 2 0 0 0 3 208 213 222 12 105 5.95
8 0 0 0 0 6 3 212 214 217 15 83 7.65
6 0 0 0 10 0 3 211 212 217 12 73 8.52
5 0 0 3 0 0 2 208 209 11 92 10.23
3 0 0 0 7 0 3 210 214 216 16 75 10.3
5 0 0 8 0 0 1 211 16 87 9.65
7 1 0 0 0 0 2 212 221 22 88 8.67
8 1 0 0 0 0 2 213 214 21 81 7.58
10 0 0 0 5 0 1 218 29 126 5.45
8 1 0 0 0 0 2 215 216 29 100 8.08
1 1 0 0 0 0 2 215 220 29 99 8.29
2 1 0 0 0 0 1 219 37 127 5.83
9 0 0 0 1 0 2 218 219 37 133 8.75
6 1 0 0 0 0 3 219 220 222 23 122 8.87
9 0 9 0 0 0 1 220 46 129 6.95
3 0 0 0 9 0 1 221 46 142 9.99
4 0 0 0 0 8 1 223 55 139 10.13
10 0 0 10 0 0 1 223 49 125 9.84
6 0 2 0 0 0 1 223 29 105 8.48
1 0 0 0 0 0 0 59 132 6.75
1 0 0 0 0 0 3 225 226 227 0 71 10.33
2 0 0 1 8 0 2 228 232 1 89 9.13
2 0 4 0 0 4 3 229 230 231 1 105 6.14
10 0 0 8 0 6 3 233 246 251 1 74 7.85
6 0 3 0 5 10 3 237 239 243 3 92 5.45
5 0 8 0 6 8 1 240 3 97 9.61
5 0 6 6 7 0 1 234 3 78 8.0
8 0 4 5 5 1 1 254 3 79 10.27
5 0 5 0 4 0 3 235 236 241 3 64 6.48
10 0 8 6 6 9 2 239 252 11 80 8.91
3 0 6 0 10 0 2 241 245 8 115 9.59
8 0 1 6 8 1 1 242 8 107 8.85
3 0 0 10 2 9 2 238 250 8 112 6.95
9 0 4 0 3 6 1 254 9 82 6.73
1 0 2 9 2 2 1 248 11 88 7.36
1 0 6 9 1 7 3 242 244 247 21 118 8.56
1 0 9 8 5 0 1 243 8 116 7.03
3 1 0 0 0 0 1 248 11 89 9.32
2 1 0 0 0 0 1 250 22 123 7.2
6 1 0 0 0 0 1 253 9 73 9.92
10 1 0 0 0 0 1 249 22 124 8.72
10 0 6 5 8 9 2 248 252 11 83 8.17
2 0 0 0 5 8 1 249 11 97 8.76
7 1 0 0 0 0 1 253 22 119 10.21
3 0 3 0 0 10 1 253 21 115 8.81
9 0 10 8 6 0 1 250 32 113 6.57
3 0 0 8 9 2 1 254 41 131 6.67
2 0 5 7 8 0 1 252 11 107 7.43
4 0 8 8 10 3 1 255 21 85 5.98
6 0 3 5 4 10 1 255 29 86 10.03
6 0 6 4 9 0 1 255 44 127 9.43
1 0 0 0 0 0 0 50 100 9.47
1 0 0 0 0 0 3 257 258 259 0 69 8.37
2 0 0 9 0 0 3 260 261 262 1 100 9.08
7 0 0 0 2 0 3 265 269 270 1 93 6.6
9 0 8 6 0 3 3 260 262 263 1 86 5.95
7 1 0 0 0 0 3 267 268 272 10 116 7.28
6 0 8 0 2 0 3 266 268 273 3 74 8.8
2 0 0 8 0 0 3 264 269 283 10 92 6.72
2 0 0 10 7 0 3 269 277 280 10 97 8.1
8 0 0 3 0 0 3 267 276 286 12 77 7.91
6 0 1 0 0 10 1 266 8 115 7.84
8 0 10 6 0 6 2 271 272 14 83 8.6
2 1 0 0 0 0 2 271 279 20 125 5.72
1 0 9 0 0 3 3 271 274 277 17 94 6.76
9 1 0 0 0 0 3 276 278 279 12 96 7.86
3 0 0 4 0 2 3 275 277 280 8 97 6.81
7 0 0 9 5 0 1 285 22 131 8.21
2 1 0 0 0 0 2 274 275 22 91 6.93
3 0 0 0 5 9 3 274 276 280 9 77 7.76
7 1 0 0 0 0 3 278 283 284 24 107 7.18
8 1 0 0 0 0 2 278 282 24 125 9.04
6 1 0 0 0 0 2 281 284 21 113 10.09
6 1 0 0 0 0 2 279 282 18 107 9.77
2 0 6 10 0 5 2 281 286 32 88 10.33
3 0 4 7 0 0 1 284 24 103 6.0
8 0 7 0 6 0 3 281 282 286 12 83 9.17
6 0 6 10 5 0 1 285 34 92 9.7
9 0 0 3 0 9 1 283 32 131 5.72
4 0 0 0 0 8 1 285 41 114 5.99
8 0 4 8 9 10 1 287 31 93 6.53
2 0 0 4 0 5 1 287 45 143 10.45
9 0 5 0 0 5 1 287 34 107 7.21
1 0 0 0 0 0 0 47 118 9.87
1 0 0 0 0 0 3 289 290 291 0 84 9.21
3 0 7 7 0 0 3 293 299 314 1 75 10.43
5 0 4 7 5 9 2 307 314 1 66 9.1
2 0 6 8 6 0 3 292 303 313 1 83 6.54
8 0 8 0 0 1 3 295 301 308 3 117 6.27
5 0 0 10 0 5 1 294 4 70 6.83
7 0 6 0 0 10 3 296 297 300 9 121 9.9
5 0 0 8 0 3 3 302 315 318 11 112 7.9
9 0 5 0 5 4 2 298 307 16 123 5.62
5 0 4 0 2 1 3 301 310 311 16 104 6.51
8 1 0 0 0 0 3 303 304 310 25 121 9.57
3 0 4 2 3 8 1 313 4 82 8.17
7 0 8 10 5 0 3 303 304 312 16 124 7.42
1 1 0 0 0 0 2 302 312 21 75 9.36
9 0 0 9 4 0 2 305 307 22 105 7.67
10 0 1 0 6 2 3 309 317 318 33 105 6.4
10 0 0 4 4 8 2 311 313 33 140 5.82
3 0 6 1 6 5 1 306 31 99 7.34
7 0 0 8 6 6 1 309 34 100 8.92
3 0 9 9 6 0 1 316 31 125 8.26
3 1 0 0 0 0 3 310 311 316 11 119 6.85
1 0 4 6 0 9 1 316 43 118 7.11
9 0 10 9 5 4 1 312 33 117 9.69
10 0 0 6 6 1 1 315 43 124 7.54
4 0 7 4 0 0 1 315 42 96 8.97
2 0 6 5 7 5 1 317 43 113 6.6
7 0 0 9 1 4 1 318 6 117 10.31
4 0 3 0 0 0 1 317 53 142 6.51
3 0 4 9 3 1 1 319 44 139 6.91
2 0 8 5 3 5 1 319 57 152 9.16
3 0 1 9 10 9 1 319 43 136 8.29
1 0 0 0 0 0 0 59 125 5.92
112.39 105.07 104.46 100.37 100.0 110.15 140.28 180.0 220.91 173.53 141.49 121.08 114.26 118.34 119.76 141.59 134.07 146.21 147.81 138.69 118.5 118.19 115.57 103.84 108.44 105.52 101.09 99.84 103.23 108.88 147.76 159.75 183.97 151.94 123.72 117.43 112.05 112.97 115.35 123.7 122.33 145.63 155.13 148.25 126.47 100.8 114.93 127.32 106.14 111.75 110.48 108.91 105.85 108.88 128.02 189.75 301.07 307.36 299.88 294.05 299.39 296.95 277.91 278.85 320.03 368.41 320.52 268.72 180.95 151.2 140.72 123.9 126.14 117.84 117.38 114.72 114.38 120.87 128.06 162.75 197.25 175.0 151.9 140.64 132.21 133.21 138.91 159.07 171.96 187.68 184.32 179.97 159.6 138.33 140.96 127.6 119.83 121.5 118.11 115.27 115.58 121.93 140.8 175.01 208.13 175.34 158.0 140.74 126.44 124.03 133.25 151.98 166.42 178.02 179.92 174.22 157.91 145.0 139.97 129.09 126.97 121.42 121.77 118.96 117.46 119.88 118.35 137.54 146.2 144.1 135.94 121.96 118.87 115.01 119.36 132.7 139.43 160.0 167.57 167.85 156.12 143.42 136.4 129.36 130.04 125.6 124.18 121.24 120.18 120.0 121.77 124.65 123.74 126.82 127.5 126.21 112.25 107.51 116.81 126.88 136.94 144.8 155.42 152.75 143.82 134.7 136.78 124.72 122.64 120.11 116.64 114.41 115.45 130.43 157.86 262.23 418.43 291.7 236.29 196.09 181.38 171.39 191.9 277.05 381.61 563.13 473.28 295.57 220.0 170.0 164.46 146.37 128.04 124.74 116.86 109.16 104.41 107.58 118.07 139.33 182.65 185.39 180.0 141.91 123.12 124.43 125.4 167.12 199.3 284.16 244.75 200.27 172.45 153.82 136.59 121.22 128.83 125.47 122.91 122.4 124.01 124.98 140.01 168.87 229.46 199.41 179.06 172.94 165.0 170.0 179.92 193.22 173.93 181.09 165.0 150.33 104.81 117.61 127.0 104.67 108.01 103.33 108.55 103.09 98.75 108.01 140.0 136.6 155.0 170.0 149.61 151.0 148.85 160.59 151.9 155.0 140.0 132.7 130.72 141.07 140.0 134.36 132.7 100.02 108.01 108.01 85.9 84.59 84.59 112.01 150.0 159.79 165.0 155.0 155.0 145.0 164.97 161.9 165.0 150.0 142.98 150.0 144.92 120.72 112.52 84.59 78.49 69.69 78.81 79.28 85.0 85.89 83.08 87.35 86.48 93.34 99.43 97.58 90.98 88.95 84.76 83.83 93.78 111.34 128.12 143.36 148.87 143.84 134.26 137.76 136.07 122.98 128.16 117.41 113.77 108.6 107.9 110.17 112.83 120.0 127.4 124.96 108.2 103.36 97.14 92.16 105.97 114.2 129.53 135.05 124.79 113.78 111.15 100.88 82.0 77.55 74.89 70.06 38.09 41.5 74.3 80.24 229.52 262.77 179.0 139.31 99.15 95.78 129.35 105.39 131.67 150.0 165.0 145.0 130.0 165.0 145.44 116.26 130.0 88.67 79.25 80.38 81.28 80.57 84.17 101.8 122.89 133.83 146.8 132.61 125.2 120.56 118.25 121.75 125.94 135.95 146.66 152.24 141.76 133.9 118.07 94.05 100.5 86.66 86.54 84.95 81.03 79.81 84.95 95.93 119.06 133.72 144.22 133.53 108.03 91.41 85.6 86.04 92.91 115.15 119.94 140.72 150.0 145.35 135.08 123.06 115.19 100.21 97.39 97.02 96.22 97.37 96.94 111.24 141.97 153.11 160.3 151.64 132.75 123.25 113.85 113.3 129.8 153.72 161.45 178.92 174.84 161.29 150.56 134.48 126.66 120.2 120.0 117.35 114.01 114.01 116.58 121.01 154.37 159.87 163.7 154.82 130.1 126.2 120.06 121.19 119.89 151.47 168.59 184.56 184.48 178.99 162.66 152.7 152.38 134.97 139.56 131.39 125.78 119.17 119.22 120.86 127.18 144.74 153.46 142.44 128.4 120.08 110.29 103.4 113.7 129.91 155.04 168.01 167.41 162.98 156.6 145.24 141.73 131.74 133.26 126.91 122.99 120.66 122.34 123.41 128.09 135.9 137.3 137.7 130.04 129.33 122.24 111.88 116.65 128.89 153.14 165.25 172.32 173.95 165.5 155.77 148.44 133.24 129.54 126.63 124.72 120.04 123.24 127.77 159.18 207.88 243.23 178.04 149.95 126.16 117.27 115.52 124.31 147.32 169.51 214.64 200.73 201.1 167.74 153.0 144.21 135.81 132.4 125.54 123.18 123.99 123.25 127.63 155.37 191.13 211.99 163.31 136.53 126.71 117.55 113.18 120.09 138.47 170.43 178.26
