320 5
1 35 33 38 38
1 0 0 0 0 0 3 1 2 3 0 88 9.57
3 0 0 0 0 1 3 5 7 13 1 97 11.41
4 0 3 2 10 0 3 4 9 11 1 102 13.89
7 0 2 0 6 2 3 16 17 23 1 103 12.57
1 0 0 0 5 3 3 13 14 15 5 100 11.99
1 0 0 6 0 10 3 6 9 18 4 70 14.84
2 0 0 9 0 8 3 8 10 12 5 66 14.87
2 0 0 3 3 0 3 11 14 25 4 69 8.01
10 0 0 3 3 0 3 14 17 21 7 73 7.74
5 0 0 0 8 0 3 15 17 28 5 88 8.31
10 0 0 0 0 5 3 21 23 29 7 73 12.54
3 0 2 7 9 0 3 12 16 24 6 77 12.09
6 0 0 0 9 0 2 15 27 9 106 10.66
10 0 4 1 6 0 3 16 19 23 6 65 7.65
8 1 0 0 0 0 2 19 30 17 76 8.09
1 1 0 0 0 0 2 22 26 15 65 10.35
10 0 0 9 0 0 2 20 29 16 100 8.29
9 0 1 0 1 10 2 22 25 17 91 7.76
8 0 0 0 4 0 3 19 20 29 5 99 10.69
9 0 2 0 4 5 1 24 25 111 8.57
4 1 0 0 0 0 1 21 26 100 14.85
7 0 3 8 0 0 3 22 26 27 30 101 10.3
2 0 5 0 0 0 1 30 37 112 15.06
1 1 0 0 0 0 3 24 25 27 17 84 12.88
6 0 5 0 9 0 1 28 34 93 9.21
6 1 0 0 0 0 1 26 26 100 12.61
7 0 8 0 0 5 1 30 37 94 10.71
6 0 0 5 0 0 1 28 37 120 14.97
6 0 3 6 0 9 1 31 43 113 7.93
3 0 0 0 2 2 1 31 26 119 15.05
7 0 0 0 9 0 1 31 44 104 14.38
1 0 0 0 0 0 0 51 122 15.17
1 0 0 0 0 0 3 33 34 35 0 53 12.38
5 0 8 2 4 9 3 37 38 47 1 90 8.07
5 0 10 6 4 7 3 42 46 60 1 101 8.9
10 0 8 10 10 9 3 36 39 41 1 70 7.83
4 0 5 3 5 3 2 53 59 11 88 7.91
4 0 6 6 10 9 3 40 46 60 6 69 9.71
8 0 6 5 8 10 3 41 43 48 6 64 12.51
1 0 7 9 2 1 3 42 52 53 11 89 8.84
9 0 9 10 9 6 3 42 43 56 10 107 14.21
1 0 1 8 7 1 3 49 50 51 14 95 8.77
6 0 8 5 8 3 2 49 55 19 95 10.76
2 0 6 4 4 8 1 44 19 68 13.05
6 0 5 10 1 5 2 45 51 21 114 8.68
10 0 7 9 3 4 3 50 52 55 27 109 14.99
8 0 8 3 7 3 3 48 49 53 10 85 13.05
1 0 4 9 10 10 3 48 55 60 6 69 13.04
1 0 3 9 10 9 3 50 51 56 18 104 12.4
1 1 0 0 0 0 2 54 58 25 115 13.27
10 0 7 3 5 5 2 54 59 37 96 10.27
4 1 0 0 0 0 2 52 54 27 89 9.93
9 0 4 9 6 10 2 57 58 37 132 9.4
2 0 5 3 9 1 3 56 57 62 18 83 11.91
1 0 6 8 3 3 2 57 62 47 106 10.5
9 0 1 8 8 1 1 58 37 106 14.74
2 0 2 1 3 3 1 61 20 72 12.11
3 0 6 4 8 3 1 61 48 139 7.7
6 0 4 4 8 9 1 59 46 116 11.98
8 0 8 6 8 9 2 61 62 52 143 14.9
1 0 2 5 3 8 1 63 10 91 13.67
4 0 9 8 4 3 1 63 60 148 14.58
1 0 10 2 1 10 1 63 60 147 8.46
1 0 0 0 0 0 0 64 141 11.12
1 0 0 0 0 0 3 65 66 67 0 93 10.23
4 0 0 0 10 6 2 70 74 1 88 8.14
6 0 6 0 0 3 2 76 89 1 64 9.87
5 0 0 2 0 0 3 68 81 83 1 89 10.47
5 0 0 0 0 9 2 69 71 6 83 10.38
5 0 0 0 1 9 3 72 75 78 11 64 11.01
8 0 0 4 0 7 1 77 5 92 13.79
8 0 1 1 0 8 2 73 88 11 84 10.32
7 0 7 0 0 3 1 80 16 77 12.98
1 1 0 0 0 0 1 85 19 102 11.94
4 0 7 9 10 0 3 82 88 91 5 59 8.09
5 0 10 7 8 7 2 79 94 16 95 12.79
4 0 7 0 0 0 1 78 7 93 10.56
6 0 0 0 10 5 2 84 87 13 103 13.68
10 0 0 4 7 0 1 84 16 99 10.77
2 0 0 10 0 8 3 84 88 91 21 112 15.17
5 0 0 4 4 5 1 82 23 77 8.73
6 1 0 0 0 0 1 85 6 62 11.1
8 0 0 0 10 8 1 86 28 123 11.32
10 0 10 0 0 0 1 92 6 80 12.15
8 1 0 0 0 0 1 90 26 120 11.36
7 1 0 0 0 0 1 91 20 88 8.6
7 0 0 7 0 0 1 93 36 121 14.46
7 1 0 0 0 0 1 90 19 113 9.07
7 1 0 0 0 0 1 89 23 117 7.66
10 0 7 0 0 0 2 90 92 30 126 13.55
10 0 0 2 6 0 1 93 40 124 11.6
10 0 7 0 0 7 1 93 27 119 13.49
3 0 7 0 0 5 1 95 40 91 10.4
9 0 9 5 0 8 1 95 50 107 14.81
1 0 0 4 0 0 1 95 21 101 14.75
1 0 0 0 0 0 0 59 126 14.18
1 0 0 0 0 0 3 97 98 99 0 86 8.34
4 0 0 6 0 5 2 112 122 1 79 11.89
8 0 0 3 0 0 3 101 102 103 1 62 9.35
3 0 4 0 1 8 3 100 120 122 1 64 15.0
1 0 0 1 6 0 2 113 116 4 98 9.97
3 0 0 1 0 8 3 104 111 117 9 104 8.55
8 0 0 0 3 0 3 104 107 110 9 65 10.6
4 0 6 3 0 10 3 105 109 119 9 95 10.08
4 0 5 0 0 9 3 106 108 109 17 104 14.6
1 0 0 7 0 3 2 107 110 13 67 14.64
8 0 0 0 4 0 2 115 125 21 96 7.75
10 1 0 0 0 0 3 113 114 122 17 78 8.24
9 0 0 0 0 5 1 114 21 111 10.22
10 0 0 0 3 0 1 113 21 104 13.59
5 1 0 0 0 0 2 111 115 17 117 13.96
9 0 0 0 2 0 1 121 22 96 9.25
6 0 3 0 8 1 3 115 116 121 5 90 14.67
3 0 4 9 5 0 2 123 125 31 121 13.11
2 0 4 7 0 4 1 124 30 94 12.75
7 0 0 1 0 8 1 123 29 118 14.28
10 0 0 5 9 6 1 118 11 106 15.1
4 0 0 0 5 8 2 119 120 12 85 14.99
6 1 0 0 0 0 1 119 21 85 10.53
10 0 7 7 5 0 1 123 27 112 12.13
8 1 0 0 0 0 2 121 125 16 108 10.16
3 0 2 0 0 4 2 124 126 31 84 13.57
6 0 2 2 0 2 1 124 27 79 8.0
5 0 0 5 0 5 1 126 37 91 11.41
8 0 0 9 6 0 1 127 34 105 14.42
7 0 0 0 0 8 1 127 34 122 8.8
2 0 9 0 0 0 1 127 42 96 12.29
1 0 0 0 0 0 0 44 120 7.83
1 0 0 0 0 0 3 129 130 131 0 89 13.57
9 0 0 0 0 8 3 133 135 136 1 68 8.15
4 0 0 5 0 0 2 134 151 1 66 9.87
2 0 5 0 0 0 1 132 1 77 14.26
10 0 0 0 0 8 2 141 158 3 82 12.87
1 0 0 0 0 10 1 140 10 99 14.17
1 0 3 0 0 0 2 137 139 5 77 8.16
5 0 0 0 5 0 2 138 146 10 64 14.95
8 0 10 0 0 0 2 141 155 10 94 12.68
3 0 0 0 0 2 3 142 143 148 6 65 13.28
9 0 0 0 0 3 1 154 15 78 8.16
9 0 0 0 0 5 1 153 6 69 10.82
5 0 5 0 0 0 3 145 147 153 11 86 14.48
6 0 0 0 0 10 3 143 144 149 18 74 10.71
4 0 4 0 0 0 2 149 152 9 102 13.63
7 1 0 0 0 0 1 152 24 119 13.62
6 1 0 0 0 0 1 152 24 107 10.5
4 0 6 0 0 0 1 149 16 77 13.27
10 0 0 0 7 0 1 155 15 116 14.4
5 0 0 0 3 0 1 155 16 77 7.74
8 0 0 0 1 0 1 157 9 90 11.78
2 1 0 0 0 0 2 150 156 24 92 11.44
8 0 1 0 0 0 1 157 26 93 14.43
3 0 0 1 0 0 1 158 5 79 12.69
7 1 0 0 0 0 1 153 31 89 10.66
7 0 0 0 0 3 1 154 38 93 15.15
4 0 0 0 7 0 1 156 45 94 12.97
9 0 0 0 0 9 1 156 25 87 9.26
9 0 0 0 6 0 1 159 49 103 11.83
7 0 0 0 9 0 1 159 34 114 13.72
5 0 0 0 2 0 1 159 13 112 7.61
1 0 0 0 0 0 0 58 111 14.18
1 0 0 0 0 0 3 161 162 163 0 99 12.27
10 0 6 9 7 10 3 164 174 178 1 107 13.03
2 0 5 6 6 5 3 165 170 185 1 86 13.52
8 0 2 7 6 2 3 168 173 180 1 98 9.03
5 0 2 1 4 8 3 166 167 179 11 80 14.25
8 0 3 1 9 7 3 169 177 181 3 104 10.63
8 0 5 2 3 6 1 171 16 77 7.73
1 0 2 3 9 3 1 170 16 96 7.84
3 0 6 10 3 2 1 189 9 67 9.16
1 0 9 1 1 9 2 175 190 11 93 10.65
9 0 8 6 1 5 1 172 17 92 9.14
10 0 9 1 8 7 2 176 181 24 117 14.77
1 0 5 3 1 10 1 182 26 116 14.4
6 0 1 9 5 5 1 184 9 105 8.31
9 0 10 6 5 2 2 176 183 11 74 8.96
7 0 4 1 9 6 1 186 12 112 12.49
3 0 1 5 2 8 2 187 190 34 104 12.19
9 0 3 4 5 5 1 189 11 91 10.61
9 0 9 1 1 8 1 180 11 86 10.26
2 0 3 5 10 3 1 186 16 104 10.85
5 1 0 0 0 0 1 185 20 99 9.09
2 1 0 0 0 0 1 182 34 91 10.01
8 0 1 10 2 3 2 183 188 36 130 7.86
2 0 9 3 4 9 1 187 44 119 13.49
6 1 0 0 0 0 1 187 15 83 13.36
10 0 9 6 6 3 1 186 25 106 10.85
9 0 4 3 2 2 1 188 35 111 14.22
2 0 7 6 5 6 1 189 46 109 12.12
3 0 2 9 4 2 1 191 44 95 8.58
4 0 1 5 2 3 1 191 48 128 12.91
4 0 5 2 10 1 1 191 37 126 8.96
1 0 0 0 0 0 0 52 107 9.9
1 0 0 0 0 0 3 193 194 195 0 93 8.95
7 0 0 0 5 4 3 198 199 200 1 99 14.99
1 0 0 3 0 0 3 196 197 201 1 95 11.43
3 0 3 9 0 2 3 199 204 219 1 58 13.61
5 0 0 0 9 9 3 198 206 214 2 92 14.33
8 0 0 6 0 0 3 199 204 212 2 78 10.86
4 0 1 0 0 0 2 202 205 8 92 12.61
4 0 0 0 7 0 3 206 208 220 10 76 9.82
5 0 10 0 0 0 3 207 210 213 8 100 13.8
1 0 4 10 0 0 3 205 209 211 2 59 8.9
10 0 3 0 9 10 3 203 207 213 12 108 12.53
10 1 0 0 0 0 2 209 217 22 98 7.87
9 0 1 9 0 0 3 206 208 216 10 85 13.06
10 0 4 5 0 0 1 213 12 94 8.34
6 1 0 0 0 0 2 210 217 19 117 13.45
4 1 0 0 0 0 3 209 216 219 22 94 11.86
6 1 0 0 0 0 2 210 214 19 91 9.47
9 0 4 0 3 0 2 212 220 32 132 12.57
9 0 0 10 0 0 2 215 221 25 92 10.81
7 0 5 8 4 7 2 212 214 3 90 9.19
4 0 0 0 0 8 2 215 218 41 94 11.13
6 0 0 0 8 2 3 216 219 220 22 98 11.67
1 1 0 0 0 0 3 215 217 218 25 77 7.86
2 0 0 0 3 1 1 222 45 132 11.64
9 0 0 8 9 0 2 218 221 28 83 10.87
1 0 10 10 0 2 1 221 32 88 10.13
1 0 8 0 4 0 1 222 45 118 10.58
4 1 0 0 0 0 1 222 28 125 12.7
7 0 8 3 0 9 1 223 41 109 10.68
3 0 10 0 0 0 1 223 37 108 7.82
8 0 2 5 2 5 1 223 47 139 15.03
1 0 0 0 0 0 0 55 120 14.11
1 0 0 0 0 0 3 225 226 227 0 70 11.41
2 0 8 0 0 0 2 228 236 1 96 9.65
9 0 7 0 0 0 3 229 234 244 1 60 15.2
8 0 5 0 0 0 3 232 235 237 1 61 11.03
7 0 0 0 2 0 3 231 239 241 3 69 8.13
7 0 2 0 0 0 3 230 231 242 10 94 14.94
6 1 0 0 0 0 2 233 240 17 101 8.98
3 1 0 0 0 0 1 248 17 72 12.26
4 0 10 0 0 0 1 243 9 67 9.47
2 0 0 0 6 0 1 247 23 75 8.23
3 0 0 0 0 8 1 238 10 96 8.77
6 0 2 0 0 0 1 238 9 101 14.51
7 0 0 0 0 6 1 242 3 86 8.85
3 0 10 0 0 0 1 250 9 70 10.58
2 0 3 0 0 0 1 243 15 81 10.75
1 0 0 7 0 0 1 248 10 90 10.97
7 0 0 0 8 0 1 249 23 80 14.96
4 0 0 0 9 0 1 246 10 103 13.14
4 1 0 0 0 0 2 243 251 17 95 9.56
7 1 0 0 0 0 1 245 21 77 12.82
5 0 5 0 0 0 2 246 248 10 99 12.25
3 0 0 0 10 0 1 254 28 116 10.13
8 0 0 2 0 0 2 247 249 15 100 8.66
9 0 0 0 3 0 1 254 25 123 8.35
7 1 0 0 0 0 1 252 20 117 12.88
5 0 0 0 0 7 3 252 253 254 30 85 11.05
9 0 0 1 0 0 1 253 12 103 14.89
7 0 0 0 2 0 1 252 21 75 11.14
7 0 8 0 0 0 1 255 35 100 12.82
8 0 0 0 0 9 1 255 35 109 12.58
1 0 0 0 0 7 1 255 35 90 9.09
1 0 0 0 0 0 0 43 92 13.51
1 0 0 0 0 0 3 257 258 259 0 61 7.78
9 0 10 8 4 7 3 268 277 283 1 101 14.0
10 0 3 6 10 5 2 260 262 1 105 9.05
1 0 2 2 8 6 1 261 1 67 14.05
5 0 4 10 2 9 3 267 269 276 11 107 11.41
9 0 5 10 5 5 3 263 274 286 2 80 14.08
9 0 6 10 10 7 2 265 285 11 96 8.21
6 0 5 6 7 6 2 264 266 11 66 10.8
7 1 0 0 0 0 1 285 17 83 10.07
6 0 4 7 1 9 2 270 271 20 80 14.85
9 0 1 1 6 3 1 269 17 104 11.92
8 1 0 0 0 0 1 275 16 98 9.85
9 0 7 2 8 4 1 274 10 95 13.39
7 1 0 0 0 0 2 272 279 26 115 8.54
8 0 2 6 3 8 2 278 282 26 100 13.27
1 1 0 0 0 0 2 273 281 26 95 13.13
1 0 2 5 9 5 2 278 281 33 119 14.95
9 0 8 10 4 5 1 274 27 125 15.13
6 0 9 3 1 8 1 280 36 102 11.19
6 0 9 9 2 1 2 277 284 24 100 12.1
10 0 8 5 3 10 1 280 16 76 8.0
3 0 10 8 10 5 1 285 30 118 10.93
4 0 4 2 4 2 1 280 34 121 13.83
9 1 0 0 0 0 1 281 33 106 14.72
1 0 2 7 8 1 1 284 42 92 13.24
4 0 1 6 9 2 1 284 42 126 12.37
8 0 10 10 9 7 1 286 34 94 10.46
5 1 0 0 0 0 1 286 10 70 9.28
3 0 2 3 5 5 1 287 46 123 9.67
2 0 1 8 10 5 1 287 33 124 14.04
7 0 10 10 6 5 1 287 42 93 12.74
1 0 0 0 0 0 0 49 123 11.27
1 0 0 0 0 0 3 289 290 291 0 51 12.3
1 0 0 4 0 0 3 293 294 303 1 69 9.29
10 0 4 0 0 0 3 295 309 312 1 84 8.9
5 0 0 0 5 0 2 292 295 1 71 12.87
8 0 6 0 0 0 3 297 308 318 6 107 11.82
5 0 0 1 0 0 3 298 299 302 2 78 11.82
9 0 0 0 0 1 2 296 305 2 59 10.02
1 0 7 0 0 0 2 307 310 11 100 9.5
8 0 1 0 0 0 3 300 309 310 11 110 7.83
8 0 0 0 6 0 2 298 301 14 102 15.0
6 1 0 0 0 0 2 300 304 22 114 12.49
6 0 0 7 0 0 2 310 313 7 84 11.04
6 0 0 0 10 0 2 314 315 28 82 14.39
6 1 0 0 0 0 1 311 22 76 14.23
1 0 1 0 0 0 1 305 7 102 10.91
6 0 0 0 0 6 2 306 307 2 72 11.29
1 0 0 0 1 0 3 306 313 314 28 112 9.6
3 0 8 0 0 0 2 307 311 11 97 14.26
7 0 0 7 0 0 1 309 29 114 9.43
10 0 10 0 0 0 2 308 318 14 91 10.1
8 1 0 0 0 0 2 316 317 24 84 8.21
10 0 0 8 0 0 1 315 36 98 11.71
8 0 0 0 0 2 1 318 19 103 14.74
3 0 0 7 0 0 1 312 28 84 10.15
3 0 3 0 0 0 2 313 314 31 94 12.04
7 0 0 0 0 1 2 315 317 34 90 15.13
7 0 1 0 0 0 1 317 34 87 13.79
3 0 0 3 0 0 1 316 46 136 14.1
5 0 0 0 6 0 1 319 49 117 12.24
5 0 0 2 0 0 1 319 41 136 8.75
1 1 0 0 0 0 1 319 27 89 11.41
1 0 0 0 0 0 0 54 124 10.4
74.89 70.06 38.09 41.5 74.3 80.24 229.52 262.77 179.0 139.31 99.15 95.78 129.35 105.39 131.67 150.0 165.0 145.0 130.0 165.0 145.44 116.26 130.0 88.67 79.25 80.38 81.28 80.57 84.17 101.8 122.89 133.83 146.8 132.61 125.2 120.56 118.25 121.75 125.94 135.95 146.66 152.24 141.76 133.9 118.07 94.05 100.5 86.66 86.54 84.95 81.03 79.81 84.95 95.93 119.06 133.72 144.22 133.53 108.03 91.41 85.6 86.04 92.91 115.15 119.94 140.72 150.0 145.35 135.08 123.06 115.19 100.21 97.39 97.02 96.22 97.37 96.94 111.24 141.97 153.11 160.3 151.64 132.75 123.25 113.85 113.3 129.8 153.72 161.45 178.92 174.84 161.29 150.56 134.48 126.66 120.2 120.0 117.35 114.01 114.01 116.58 121.01 154.37 159.87 163.7 154.82 130.1 126.2 120.06 121.19 119.89 151.47 168.59 184.56 184.48 178.99 162.66 152.7 152.38 134.97 139.56 131.39 125.78 119.17 119.22 120.86 127.18 144.74 153.46 142.44 128.4 120.08 110.29 103.4 113.7 129.91 155.04 168.01 167.41 162.98 156.6 145.24 141.73 131.74 133.26 126.91 122.99 120.66 122.34 123.41 128.09 135.9 137.3 137.7 130.04 129.33 122.24 111.88 116.65 128.89 153.14 165.25 172.32 173.95 165.5 155.77 148.44 133.24 129.54 126.63 124.72 120.04 123.24 127.77 159.18 207.88 243.23 178.04 149.95 126.16 117.27 115.52 124.31 147.32 169.51 214.64 200.73 201.1 167.74 153.0 144.21 135.81 132.4 125.54 123.18 123.99 123.25 127.63 155.37 191.13 211.99 163.31 136.53 126.71 117.55 113.18 120.09 138.47 170.43 178.26 175.0 171.02 152.85 131.0 130.77 123.05 115.2 110.86 110.27 109.09 115.43 122.5 147.67 168.12 180.81 159.33 133.5 121.97 117.02 119.5 128.85 144.12 160.36 177.15 189.9 189.63 170.0 155.42 143.7 133.68 133.67 129.8 125.95 125.0 125.01 134.5 154.93 180.09 219.08 178.95 160.22 150.88 145.88 142.97 139.07 150.09 171.17 176.63 169.12 162.12 135.15 123.54 131.27 121.95 126.05 112.7 108.82 105.0 114.14 127.75 178.61 181.71 164.98 150.47 134.44 117.05 113.52 118.79 122.32 151.3 133.7 132.92 136.89 132.27 111.54 87.65 98.8 100.0 83.39 86.49 86.39 88.13 89.69 90.99 88.95 93.24 112.24 97.54 94.55 86.74 85.4 87.56 92.77 118.0 136.88 144.46 160.47 160.33 155.17 149.0 143.56 135.53 135.0 127.75 124.07 119.3 116.81 117.0 117.0 133.43 136.77 120.94 113.7 109.1 87.08 98.01 109.9 120.4 138.0 142.93 155.76 150.6 144.55 142.16 143.0 128.54 119.56 114.07 111.4 107.72 107.31 115.58 153.71 173.8 181.36 163.18 141.45 121.23 125.33 124.09 136.91 152.78 140.3 126.84 125.09 140.0 120.0 109.21 131.31 88.52 78.92 86.98 135.0 105.01 88.55 99.0 145.0 194.13 169.7 143.69 116.05 104.85 107.55 117.2 130.96 135.7 145.75 143.93 145.0 156.88 156.01 137.8 141.47 128.2 129.26 127.91 126.82 126.59 128.74 128.87 141.3 173.11 180.0 174.92 168.75 168.43 157.95 159.23 141.48 150.0 160.1 162.69 181.66 183.99 152.14 144.99 139.78 133.0 132.38 140.12 150.74 144.49 146.91 133.16 135.3 270.7 251.77 222.64 205.6 185.9 176.9 184.44 190.0 211.71 200.21 207.33 205.5 196.52 176.36 162.92 153.12 139.32 139.65 137.01 131.66 131.43 130.78 140.09 163.63 224.86 261.75 214.52 180.61 163.74 150.06 149.42 157.07 172.21 196.88 292.25 288.53 224.61 183.55 163.6 153.0 140.03 135.66 130.69 120.25 118.7 118.97 120.87 134.52 149.23 150.53 137.05 124.59 118.36 112.39 110.01 116.42 129.59 145.64 164.02 175.23 161.46 141.16 116.37 130.3 120.32 134.11 128.9 123.57 119.9 119.57 119.84 118.05 124.47 123.77 125.75 131.48 128.92 127.85 121.36 123.67 127.33 139.52 170.0
