352 5
1 41 48 37 50
1 0 0 0 0 0 3 1 2 3 0 94 6.41
6 0 4 3 7 1 3 5 9 29 1 111 10.36
8 0 9 7 9 4 2 14 15 1 82 5.98
2 0 7 3 7 5 3 4 6 11 1 125 8.85
6 0 8 10 3 6 1 19 3 119 9.51
1 0 5 8 10 6 2 8 20 7 92 5.54
7 0 7 10 8 9 3 7 10 15 3 115 6.0
9 0 7 10 1 4 3 13 17 23 10 125 7.17
1 0 4 6 8 3 3 16 17 28 8 107 7.86
5 0 3 3 2 8 1 12 7 83 5.53
3 0 6 1 1 7 2 12 19 10 86 10.66
6 0 8 9 1 2 1 21 3 127 5.81
1 0 8 3 6 3 1 24 13 81 10.23
8 1 0 0 0 0 1 20 19 139 5.65
5 0 6 6 1 10 1 29 9 107 7.26
4 0 9 6 4 4 1 18 10 78 10.69
3 1 0 0 0 0 1 27 9 120 9.75
7 0 5 3 5 2 1 22 19 138 8.09
7 1 0 0 0 0 2 20 22 14 136 6.91
1 0 9 9 5 1 1 25 13 98 9.74
1 1 0 0 0 0 1 26 27 123 7.11
4 0 9 2 7 5 1 25 9 111 7.59
2 0 3 7 6 8 1 30 26 103 7.81
8 0 7 7 2 4 1 29 19 134 9.8
4 0 7 9 8 9 1 25 14 111 10.51
7 1 0 0 0 0 2 26 28 18 95 10.33
5 1 0 0 0 0 1 27 28 146 6.45
9 0 10 10 6 10 1 30 33 133 9.94
3 0 9 8 9 2 1 31 25 147 8.94
1 0 2 4 8 4 1 31 27 94 6.32
9 0 3 1 2 4 1 31 42 127 9.62
1 0 0 0 0 0 0 51 154 6.31
1 0 0 0 0 0 3 33 34 35 0 121 10.21
3 0 7 0 0 0 3 36 38 40 1 74 8.97
5 0 0 1 0 0 3 42 43 51 1 87 8.66
4 0 0 0 0 2 1 37 1 102 9.38
10 0 1 0 0 0 3 44 53 57 4 97 6.31
8 0 0 0 0 10 1 39 5 126 8.53
1 0 0 0 8 0 1 50 4 89 9.63
6 0 6 0 0 0 3 41 45 60 13 123 10.27
10 0 0 0 0 5 2 46 59 4 111 8.18
6 0 0 0 6 0 1 43 19 104 6.19
6 0 6 0 0 0 1 47 6 96 10.41
5 1 0 0 0 0 1 53 25 126 9.33
3 0 0 4 0 0 2 48 58 14 132 6.49
7 0 0 0 6 0 1 59 19 103 5.86
7 0 9 0 0 0 3 47 52 54 14 116 10.45
8 1 0 0 0 0 2 49 56 21 128 10.6
10 0 3 0 0 0 2 52 60 17 124 9.08
3 1 0 0 0 0 1 62 29 100 8.34
8 0 0 0 2 0 1 54 5 131 5.54
10 0 0 0 0 6 2 55 62 6 123 9.19
5 0 5 0 0 0 1 56 27 130 7.17
9 0 7 0 0 0 1 55 30 124 7.1
4 0 4 0 0 0 1 55 21 96 5.9
7 0 0 1 0 0 1 56 39 133 7.73
4 0 7 0 0 0 1 61 46 163 5.62
8 0 0 2 0 0 1 58 14 114 8.37
8 1 0 0 0 0 1 60 22 133 7.65
7 1 0 0 0 0 1 62 26 107 9.72
10 0 0 0 0 10 1 63 30 155 5.38
7 0 0 3 0 0 1 63 50 145 9.57
6 0 0 0 0 4 1 63 33 146 10.11
1 0 0 0 0 0 0 57 117 7.59
1 0 0 0 0 0 3 65 66 67 0 82 6.55
7 0 0 0 0 2 1 69 1 70 6.14
1 0 0 8 0 0 1 82 1 104 8.51
4 0 0 0 10 0 1 68 1 123 8.21
6 0 7 0 0 0 3 70 73 74 5 126 7.0
2 0 0 0 7 0 1 86 8 121 10.38
10 0 0 0 5 0 3 71 72 75 11 110 6.79
7 0 0 0 0 2 2 76 81 21 121 6.1
1 0 0 0 0 7 2 77 79 21 131 7.36
10 0 0 0 1 0 2 76 89 11 90 6.26
6 0 0 10 0 0 2 80 92 11 103 6.77
9 0 8 0 0 0 2 83 90 21 134 5.87
7 1 0 0 0 0 2 78 84 28 126 5.93
6 0 0 0 1 0 2 78 81 22 106 7.4
9 1 0 0 0 0 1 88 35 150 10.1
9 1 0 0 0 0 2 91 94 22 100 7.15
10 0 0 0 7 0 1 81 17 137 8.3
10 0 0 0 0 9 3 85 87 93 28 119 7.45
10 0 0 5 0 0 1 91 2 81 9.1
10 0 6 0 0 0 1 91 30 103 7.33
8 1 0 0 0 0 1 92 35 123 8.04
1 1 0 0 0 0 1 88 38 110 9.83
10 0 0 1 0 0 1 92 10 119 7.42
10 0 0 0 3 0 2 88 89 38 159 5.4
6 0 0 5 0 0 1 90 48 119 6.98
8 0 0 3 0 0 1 90 48 159 7.71
8 0 0 8 0 0 1 94 56 145 6.45
5 1 0 0 0 0 1 93 40 110 5.61
5 0 0 0 0 7 1 95 43 146 5.85
1 1 0 0 0 0 1 95 45 108 10.31
9 0 0 0 2 0 1 95 64 129 8.52
1 0 0 0 0 0 0 73 164 8.15
1 0 0 0 0 0 3 97 98 99 0 102 8.02
9 0 0 0 8 7 2 113 122 1 83 7.48
3 0 5 6 0 6 3 101 106 119 1 112 6.74
6 0 6 9 3 9 3 100 108 112 1 98 5.46
8 0 7 0 10 6 3 103 104 105 7 109 9.45
8 0 0 5 0 0 3 102 103 116 4 134 8.03
7 0 0 0 0 3 3 107 110 118 12 113 10.56
3 0 0 0 0 2 1 117 15 97 10.37
7 0 0 4 0 0 2 110 119 15 126 10.34
1 0 0 0 0 5 1 109 15 90 5.6
10 1 0 0 0 0 2 111 126 4 81 6.39
1 1 0 0 0 0 1 112 19 127 5.51
7 0 0 0 8 7 1 114 7 88 6.24
7 0 0 6 0 2 1 122 16 109 9.75
7 1 0 0 0 0 1 111 22 93 6.01
6 0 0 3 0 8 2 115 125 29 141 5.53
9 0 3 0 0 6 1 117 20 124 5.45
2 0 0 0 4 0 1 116 10 84 8.32
7 1 0 0 0 0 1 121 14 107 6.01
3 0 0 10 0 3 1 120 35 136 6.64
3 0 9 0 8 10 1 117 12 92 9.55
8 0 7 0 0 0 1 123 29 102 6.8
9 1 0 0 0 0 1 126 19 92 7.5
1 1 0 0 0 0 1 126 22 143 9.65
1 0 0 0 2 4 1 124 38 149 9.55
3 0 0 0 8 4 1 122 21 134 6.35
10 0 0 10 0 2 1 124 24 112 7.06
3 0 8 5 5 0 2 124 125 37 158 8.37
6 0 1 0 0 8 1 127 40 146 10.54
4 0 2 0 10 0 1 127 40 110 9.91
3 0 9 3 6 1 1 127 28 144 6.58
1 0 0 0 0 0 0 46 119 6.8
1 0 0 0 0 0 3 129 130 131 0 111 5.37
3 0 8 0 6 8 2 132 140 1 110 6.9
1 0 9 8 0 0 3 133 135 148 1 98 5.94
6 0 0 0 4 0 2 139 158 1 78 6.1
6 0 0 9 5 0 2 136 142 4 75 5.74
4 0 5 10 3 0 3 134 138 141 2 105 9.47
10 0 0 3 10 0 3 137 151 157 6 100 6.25
8 0 0 7 6 0 1 143 2 111 9.24
9 0 0 0 2 9 1 144 10 83 8.13
5 0 0 9 0 2 1 154 16 109 7.09
8 0 5 4 8 2 1 143 6 116 10.71
5 0 5 9 0 1 2 143 147 7 112 6.41
2 0 0 0 4 0 2 147 154 4 85 7.41
2 0 0 1 0 0 2 144 147 6 79 10.42
5 0 4 9 7 0 1 146 10 137 8.5
4 0 4 3 0 0 2 150 157 14 89 8.31
8 0 0 3 0 10 2 145 146 19 98 6.84
4 1 0 0 0 0 2 149 152 27 97 8.27
3 0 0 0 0 10 1 153 27 114 10.66
10 0 6 1 0 3 1 156 12 109 8.21
7 0 1 0 0 4 1 150 2 101 9.87
3 0 0 0 8 0 1 158 31 133 6.28
6 0 0 3 9 0 1 155 18 112 10.19
6 0 2 10 0 0 1 153 16 141 9.95
4 1 0 0 0 0 1 153 31 132 8.6
9 0 0 0 0 10 1 154 35 155 9.82
9 0 0 3 4 7 1 158 44 148 7.2
9 1 0 0 0 0 1 156 24 141 6.39
7 0 4 0 0 0 1 159 33 138 7.96
9 0 10 0 0 7 1 159 18 96 5.87
6 0 7 3 0 4 1 159 53 125 9.98
1 0 0 0 0 0 0 59 143 6.88
1 0 0 0 0 0 3 161 162 163 0 78 5.6
7 0 5 1 4 7 3 164 170 178 1 88 7.37
1 0 3 9 2 2 1 175 1 77 7.28
8 0 4 7 4 5 3 165 166 173 1 94 8.06
2 0 4 4 10 7 3 167 168 171 8 125 5.74
5 0 1 1 6 5 2 169 182 9 95 7.24
8 0 9 4 2 6 1 183 9 94 9.96
7 0 1 4 2 6 1 186 10 102 8.2
10 0 2 4 2 3 1 181 10 137 8.07
6 0 5 3 10 5 1 172 14 137 10.67
4 0 4 10 8 3 1 180 8 87 9.51
6 0 3 10 8 6 2 172 174 10 85 7.16
4 0 1 10 9 4 3 177 184 185 20 106 7.8
5 0 1 7 4 9 1 183 9 82 7.95
10 0 6 8 1 3 2 176 181 16 146 8.68
9 0 7 8 1 2 2 178 190 2 103 7.84
10 0 5 3 2 4 1 179 26 148 9.05
7 0 1 5 1 3 1 187 24 109 9.05
3 0 2 6 2 7 1 188 11 88 10.03
7 0 10 1 10 1 1 188 36 115 5.91
5 0 10 8 10 8 1 187 12 129 5.98
4 1 0 0 0 0 1 190 26 147 6.71
7 0 8 2 3 7 1 189 14 137 7.27
7 0 5 6 6 8 3 184 185 190 17 102 6.29
5 1 0 0 0 0 2 187 189 24 114 8.02
6 1 0 0 0 0 1 186 24 98 6.48
4 1 0 0 0 0 1 189 30 133 5.71
8 0 2 5 7 3 1 188 31 144 10.38
9 0 4 8 5 9 1 191 43 157 5.96
3 0 6 9 1 2 1 191 34 147 9.97
2 1 0 0 0 0 1 191 30 105 9.38
1 0 0 0 0 0 0 52 162 5.37
1 0 0 0 0 0 3 193 194 195 0 65 7.12
5 0 4 0 7 0 2 197 217 1 126 10.42
6 0 2 0 5 0 3 196 212 219 1 126 6.04
3 0 10 0 7 0 3 203 205 215 1 74 5.99
4 0 0 5 0 7 3 197 200 201 7 116 6.14
1 0 0 0 0 7 3 198 199 211 11 103 6.28
6 0 0 0 0 3 2 204 210 12 123 6.09
7 0 0 0 0 9 3 203 210 214 12 115 5.39
9 0 0 3 0 0 2 207 208 11 102 10.7
7 0 0 5 0 9 3 202 206 209 11 117 6.35
5 0 5 0 0 1 2 207 208 18 84 6.39
10 0 0 2 7 0 1 221 19 117 8.81
7 0 9 9 0 0 2 205 220 18 96 9.06
1 1 0 0 0 0 1 216 25 94 8.55
4 1 0 0 0 0 1 208 18 130 9.65
1 1 0 0 0 0 3 215 217 222 23 91 5.44
9 1 0 0 0 0 3 213 216 217 23 127 5.52
4 1 0 0 0 0 3 210 213 214 18 111 7.85
10 0 0 6 9 1 1 216 22 149 8.38
3 0 10 0 4 0 2 213 221 12 111 7.41
7 0 0 9 7 10 1 215 7 89 5.44
6 0 0 7 0 3 1 218 32 108 9.29
4 1 0 0 0 0 1 218 22 105 10.4
9 0 3 5 0 8 1 220 24 141 8.64
2 0 0 3 7 0 1 222 32 136 6.04
3 0 0 8 5 6 1 218 32 110 9.87
10 0 2 9 7 0 1 220 38 119 6.84
2 0 0 8 0 9 2 221 222 7 86 9.6
3 0 0 0 0 10 1 223 48 162 7.01
2 0 0 0 0 3 1 223 29 119 7.87
9 0 0 4 7 8 1 223 34 111 10.42
1 0 0 0 0 0 0 51 145 6.62
1 0 0 0 0 0 3 225 226 227 0 113 10.37
1 0 9 2 9 3 1 254 1 120 10.3
1 0 9 6 3 9 3 228 231 237 1 107 9.31
8 0 10 9 5 7 3 229 234 244 1 118 9.9
7 0 9 1 7 4 1 235 2 74 8.91
2 0 4 5 3 5 2 230 233 9 110 10.26
9 0 9 2 6 2 2 241 248 11 123 10.67
9 0 2 1 9 9 1 232 2 134 10.03
4 0 4 3 6 9 3 233 236 238 11 120 5.63
10 0 1 9 5 9 1 240 15 127 6.03
1 1 0 0 0 0 1 249 9 133 7.86
3 0 2 9 3 9 1 239 9 93 5.66
10 1 0 0 0 0 1 247 15 115 6.3
3 0 7 8 10 6 2 243 246 2 68 5.37
3 0 7 2 2 2 2 240 242 15 102 6.81
10 0 7 6 9 2 1 246 12 138 9.82
8 0 1 8 4 1 1 250 25 131 9.52
2 1 0 0 0 0 1 249 20 111 10.49
9 1 0 0 0 0 1 245 18 139 6.11
5 1 0 0 0 0 1 247 5 113 8.41
3 0 4 6 9 1 2 247 251 9 75 5.89
10 0 2 2 3 8 3 249 251 254 27 101 6.76
1 0 3 3 6 6 1 248 22 121 9.41
6 0 6 1 2 3 1 253 25 140 10.32
4 1 0 0 0 0 2 251 254 23 110 9.96
8 0 8 6 5 3 2 252 253 37 132 10.71
2 0 1 3 10 3 1 252 33 147 5.56
5 0 9 1 4 10 1 253 37 134 6.11
1 0 2 3 6 10 1 255 45 151 8.56
1 0 4 3 3 3 1 255 45 125 9.48
10 0 9 5 10 9 1 255 37 106 8.07
1 0 0 0 0 0 0 47 110 6.01
1 0 0 0 0 0 3 257 258 259 0 77 9.46
1 0 3 7 8 2 3 262 264 266 1 128 10.3
7 0 10 8 8 3 3 260 261 263 1 113 8.16
6 0 4 3 10 8 3 269 271 277 1 118 6.32
5 1 0 0 0 0 3 276 277 280 8 80 5.45
8 0 1 2 5 2 2 267 279 8 107 8.39
7 0 4 3 5 7 3 265 269 270 2 112 6.37
5 0 10 8 7 6 3 269 270 282 8 89 10.66
9 0 5 6 10 1 2 267 278 2 86 6.53
9 0 2 8 3 7 3 267 271 275 9 97 10.16
3 0 8 1 8 7 2 268 272 2 101 6.86
6 0 6 6 1 4 2 282 286 18 112 5.75
10 0 2 2 7 7 3 273 274 278 5 80 9.47
7 0 7 1 6 3 3 272 275 276 13 119 8.28
9 0 8 3 2 3 3 271 272 275 13 121 8.24
6 1 0 0 0 0 2 273 274 22 145 9.82
6 0 7 4 3 9 3 273 280 281 22 109 9.93
7 0 3 1 2 3 1 285 28 135 10.16
3 1 0 0 0 0 2 276 283 28 130 8.99
7 1 0 0 0 0 2 278 279 22 132 8.34
9 0 6 3 5 7 2 279 284 31 117 9.95
8 0 2 8 3 1 2 281 282 13 120 6.02
5 0 2 2 2 3 2 280 283 29 136 8.59
1 0 7 5 10 10 1 281 40 157 8.8
9 0 6 7 2 1 2 284 286 34 130 6.1
6 0 2 2 4 10 2 285 286 41 105 8.72
2 0 9 9 9 6 2 283 285 24 98 8.65
10 0 6 5 9 5 1 284 34 129 6.24
3 0 8 6 2 8 1 287 44 119 8.77
4 0 5 5 5 4 1 287 47 137 6.64
9 0 9 3 6 4 1 287 47 144 5.89
1 0 0 0 0 0 0 56 161 6.33
1 0 0 0 0 0 3 289 290 291 0 120 5.61
1 0 3 3 3 10 3 292 294 295 1 94 5.64
6 0 0 1 0 6 3 302 303 311 1 128 7.33
5 0 8 1 10 9 3 293 300 303 1 108 6.17
1 0 0 9 7 1 3 299 304 313 2 110 5.43
4 0 5 0 2 3 3 298 309 311 6 124 6.63
5 0 5 4 7 8 3 296 298 307 2 76 6.42
7 0 10 5 7 8 3 297 300 302 2 74 8.68
10 0 6 8 0 0 3 300 301 308 7 137 7.3
1 0 9 2 5 2 3 299 303 313 9 74 7.97
2 0 1 3 0 0 3 304 310 317 10 132 10.34
8 0 0 0 10 8 3 305 306 307 10 108 8.62
6 0 4 3 4 10 3 312 314 318 17 138 8.36
8 1 0 0 0 0 2 302 306 17 110 8.99
1 1 0 0 0 0 3 304 305 310 25 128 7.91
8 0 5 2 0 6 3 306 307 314 10 99 5.74
2 0 4 0 1 9 1 316 26 136 5.88
8 0 3 10 10 0 1 309 26 135 6.07
4 0 0 2 1 5 2 312 316 25 94 9.08
7 1 0 0 0 0 2 309 315 18 106 8.07
3 1 0 0 0 0 3 310 311 312 17 101 10.5
3 0 10 10 4 0 1 318 34 100 8.44
3 1 0 0 0 0 1 315 26 113 7.58
5 1 0 0 0 0 2 313 315 20 125 10.7
4 0 0 10 9 8 1 317 29 113 8.04
10 0 0 9 9 9 2 314 316 25 95 8.57
2 0 7 0 4 6 1 317 35 141 6.64
9 0 10 2 7 1 1 318 29 154 7.15
2 0 9 0 5 4 1 319 35 111 9.9
6 0 2 6 0 0 1 319 37 135 8.84
6 0 8 2 0 0 1 319 38 140 10.67
1 0 0 0 0 0 0 44 134 10.28
1 0 0 0 0 0 3 321 322 323 0 73 6.18
9 0 8 0 3 9 3 324 326 330 1 89 8.0
5 0 6 10 8 0 3 329 337 338 1 106 7.64
8 0 9 6 1 6 3 325 327 332 1 92 7.85
1 0 7 3 6 7 3 329 331 339 10 133 8.53
4 1 0 0 0 0 3 339 342 346 9 78 5.67
10 0 7 6 3 6 3 328 329 339 10 103 8.51
1 1 0 0 0 0 3 334 336 341 9 129 7.31
1 0 2 0 4 0 2 333 349 20 95 9.83
7 0 4 0 8 0 3 334 335 346 20 124 7.76
3 0 1 2 10 9 3 331 332 337 10 135 10.4
9 0 0 9 8 5 3 334 335 341 13 84 7.57
3 1 0 0 0 0 3 333 346 348 13 98 6.77
2 0 9 9 4 0 3 338 343 345 21 94 5.41
7 1 0 0 0 0 3 342 343 347 27 140 5.79
6 1 0 0 0 0 3 336 340 345 27 109 6.43
6 0 8 10 1 6 3 344 347 348 33 102 7.02
1 0 10 6 3 5 3 340 343 349 13 114 8.88
4 1 0 0 0 0 1 340 23 116 8.2
2 0 6 9 3 10 3 341 344 345 20 143 7.99
10 1 0 0 0 0 1 342 33 131 6.3
8 0 0 6 10 0 1 348 22 111 5.62
10 0 0 4 5 0 1 344 43 162 5.47
7 0 1 10 0 5 1 350 34 145 10.35
9 0 0 8 6 0 1 350 53 175 7.56
8 0 7 8 0 2 1 350 33 148 8.44
3 0 9 8 4 2 1 347 27 141 6.82
4 0 0 3 3 1 1 349 39 107 9.86
2 0 0 2 0 0 1 351 39 157 9.65
5 0 10 4 10 6 1 351 43 122 7.03
8 0 5 3 1 8 1 351 62 165 9.69
1 0 0 0 0 0 0 70 178 5.97
111.21 104.19 97.44 94.3 100.58 111.92 132.74 136.4 113.64 94.79 70.9 28.81 12.77 5.0 8.0 28.58 74.99 99.3 116.82 149.23 231.01 154.91 129.65 114.48 116.99 107.35 104.17 106.33 112.6 121.82 144.38 132.49 97.54 77.61 62.82 16.0 7.74 9.07 10.87 28.29 72.91 99.9 109.98 132.32 193.13 152.12 121.93 110.2 107.93 102.33 97.9 94.9 93.7 102.49 112.48 116.54 107.82 84.82 42.22 57.3 50.0 45.17 55.07 70.54 71.62 110.3 122.4 179.0 114.35 110.27 100.72 90.0 101.9 91.14 86.89 86.53 87.33 94.1 112.33 112.03 103.39 98.92 92.89 88.25 90.0 81.26 84.62 95.73 98.9 112.07 134.29 123.69 154.93 131.5 119.6 105.0 104.4 96.58 90.17 89.74 96.2 110.05 132.28 136.37 118.04 88.47 74.43 61.31 23.0 19.58 20.0 64.98 63.58 68.39 114.95 137.77 181.42 146.75 128.14 110.68 106.05 95.88 89.49 84.88 83.36 81.29 83.46 76.84 62.05 12.26 -0.02 -0.33 -0.45 -0.55 -0.9 -1.85 -0.39 50.1 85.92 115.14 134.06 122.87 101.3 91.52 66.23 32.0 16.83 8.36 3.85 2.72 1.2 1.24 -0.02 -0.03 -0.6 -1.31 -1.73 -5.68 -7.2 -6.98 -2.0 0.34 17.45 95.62 109.81 111.77 103.62 94.45 89.84 79.97 75.12 74.41 79.81 88.13 119.49 146.41 130.98 93.48 61.34 24.23 16.4 11.28 6.14 9.7 26.35 57.95 111.65 146.07 212.9 170.69 129.25 106.4 99.03 86.4 77.9 76.44 80.21 83.42 95.01 86.36 69.35 51.1 4.39 3.49 0.16 0.68 1.84 12.73 59.63 88.33 111.39 135.18 182.47 134.28 111.86 92.79 86.59 73.07 70.42 65.61 68.26 79.11 94.64 101.37 96.19 91.7 78.29 73.3 66.97 59.9 57.86 73.48 73.52 98.82 116.22 131.57 159.1 136.24 121.7 104.56 97.6 93.19 90.94 90.45 90.33 90.51 84.78 84.39 82.11 61.49 18.77 1.65 0.24 2.22 0.23 5.48 1.6 15.17 65.09 97.03 121.25 105.81 92.95 75.96 63.73 72.62 48.6 33.95 37.39 56.54 82.17 68.38 53.01 29.13 1.85 0.21 7.44 4.84 -1.56 1.44 0.22 30.36 73.81 123.62 148.34 144.49 130.19 108.2 107.0 100.32 99.42 100.0 100.91 99.1 91.62 79.94 54.19 1.0 -0.02 -1.0 -3.07 -13.17 -7.75 -3.0 -0.05 42.26 88.98 131.6 192.35 192.37 133.16 102.5 91.87 85.29 79.1 73.77 71.34 65.15 35.45 13.0 2.4 -0.01 -0.6 -2.11 -5.48 -12.93 -20.41 -15.61 -6.0 -4.64 10.62 81.25 94.91 100.0 106.67 91.43 83.43 76.96 76.14 79.02 85.08 95.08 109.2 113.48 102.13 86.88 58.73 33.21 20.0 12.78 11.0 19.75 58.25 89.94 124.8 194.41 273.75 244.46 139.44 112.37 114.6 112.55 104.28 101.89 99.45 116.14 134.71 121.52 87.38 59.16 9.74 11.34 14.44 12.36 10.66 21.84 76.45 94.3 95.67 140.89 198.86 136.66 105.25 91.69 70.69 66.16 64.09 64.37 67.64 81.86 100.48 113.08 105.38 65.98 49.02 38.59 18.13 9.69 18.42 46.85 76.59 101.37 120.38 155.33 205.64 138.82 112.43 92.91 105.34 98.78 91.88 90.87 92.47 91.83 111.72 126.85 114.22 80.06 65.62 47.6 20.11 11.6 7.68 21.41 65.66 84.98 106.77 126.48 165.36 119.07 99.8 86.87 77.55 64.81 60.3 54.73 49.3 65.69 97.45 100.0 61.47 11.35 0.08 1.09 6.58 19.12 15.18 20.35 29.65 10.59 52.57 135.0 139.7 134.0 125.31 103.86 111.48 90.4 86.28 90.0 94.54 90.58 85.47 86.74 77.57 63.13 29.64 9.44 1.19 -0.01 -0.02 -0.02 11.17 18.76 72.6 127.6 110.0 103.11 109.7 91.44 94.42 84.85 77.88 76.49 68.55 56.89 40.12 3.87 0.0 -0.5 -2.0 1.8 -14.23 -15.85 -22.95 5.0 4.32 125.6 141.25 200.0 228.34 164.81 96.97 85.68 79.91 68.58 49.25 48.46 44.74 52.32 119.91 103.5 79.65 9.96 0.4 7.37 11.79 -13.76 -13.66 -1.4 7.57 114.4 120.0 119.28 155.95 150.28 125.45 103.15 88.35 79.95 70.42 60.94 55.17 64.85 79.95 83.92 84.6 65.74 22.64 0.7 -0.01 -1.4 3.43 18.39 31.83 105.0 128.4 123.38 134.24 109.02 97.46 102.2 96.08 88.58 74.42 71.15 73.04 90.0 124.71 124.8 92.84 65.19 21.1 1.32 1.19 1.87 1.0 6.12 22.91 79.08 94.63 136.68 217.0 176.83 119.4 95.93 96.43 88.02 85.62 85.4 89.76 93.37 114.18 104.3 78.24 36.33 0.0 -0.2 -7.67 -15.42 -8.67 5.97 8.4 41.7 91.9 123.45 166.41 131.79 131.49 115.08 90.0 90.0 83.11 77.77 75.37 80.1 103.6 87.26 76.49 40.02 4.52 0.12 -1.03 -4.56 -2.38 8.72 13.48 126.56 96.62 122.55 147.83 125.0 109.48 84.8 115.5 90.51 92.35 97.62 69.49 64.57 53.24 21.97 8.28 0.0
