352 5
1 37 45 34 29
1 0 0 0 0 0 3 1 2 3 0 126 7.82
2 0 0 0 0 8 3 4 7 10 1 101 12.86
10 0 0 3 0 0 3 5 12 19 1 83 9.71
10 0 0 0 6 0 3 4 17 21 1 85 9.16
6 0 0 2 0 0 3 9 11 12 11 131 10.91
10 0 0 0 0 9 3 6 8 20 11 117 11.54
6 1 0 0 0 0 3 13 16 24 21 136 9.85
1 0 0 0 8 0 3 17 18 24 3 135 7.26
5 0 0 0 8 0 3 10 13 14 21 120 13.5
2 0 0 0 0 10 3 15 19 23 17 135 10.26
7 1 0 0 0 0 3 18 22 27 26 156 10.7
5 0 0 0 4 0 3 15 16 19 17 88 11.61
7 0 0 0 5 0 3 13 15 16 17 137 11.86
6 0 0 0 9 0 1 27 27 148 11.5
8 1 0 0 0 0 3 21 23 24 26 162 9.64
5 1 0 0 0 0 1 29 24 100 11.9
10 1 0 0 0 0 3 18 22 25 27 124 11.14
8 0 0 0 8 0 3 20 23 25 11 131 11.98
6 0 0 3 0 0 2 28 29 37 169 12.85
5 1 0 0 0 0 2 20 22 22 123 11.28
9 0 0 0 0 8 1 30 27 131 8.41
9 0 7 0 0 0 3 26 28 29 34 130 11.06
2 1 0 0 0 0 1 30 37 151 7.89
4 1 0 0 0 0 2 26 28 34 143 13.79
3 1 0 0 0 0 1 25 34 135 8.63
5 0 0 0 0 3 1 26 37 122 10.99
4 0 0 0 0 8 1 27 43 112 11.01
10 0 0 0 1 0 1 30 47 134 13.34
3 0 0 0 5 0 1 31 43 138 11.55
5 0 0 0 0 4 1 31 43 152 10.09
3 0 3 0 0 0 1 31 57 170 13.22
1 0 0 0 0 0 0 60 167 13.47
1 0 0 0 0 0 3 33 34 35 0 72 13.41
10 0 8 10 7 4 2 37 39 1 92 11.76
8 0 1 5 2 7 1 42 1 88 13.38
6 0 8 5 1 10 2 36 42 1 110 11.25
3 0 2 2 10 4 1 39 7 93 7.8
4 0 6 7 4 7 3 38 45 48 11 127 7.7
10 0 10 4 6 8 3 40 46 47 15 92 11.48
5 0 7 7 1 8 2 41 53 11 125 8.06
10 1 0 0 0 0 2 44 59 25 163 9.72
10 0 3 6 6 8 3 43 49 54 16 112 11.44
7 0 9 1 4 1 1 44 9 95 11.93
6 1 0 0 0 0 3 47 56 58 26 97 10.25
5 0 8 5 3 3 2 58 61 35 126 8.73
10 0 9 8 6 5 3 52 57 60 15 132 8.81
4 1 0 0 0 0 1 51 25 121 12.38
9 0 8 3 10 9 2 55 57 32 129 9.47
7 0 2 10 4 5 3 49 50 52 15 132 10.0
6 1 0 0 0 0 2 51 57 26 113 7.56
8 0 6 3 8 1 3 51 53 55 22 150 7.3
7 0 3 3 1 5 3 56 58 61 32 134 9.43
9 0 8 1 4 4 1 54 25 148 7.28
10 0 5 7 5 4 1 56 30 104 12.92
4 0 3 2 8 5 1 55 34 126 7.18
4 0 4 6 3 7 1 62 41 129 13.33
3 0 4 1 4 9 2 60 62 40 122 10.79
10 0 1 8 8 4 2 59 62 41 163 9.44
2 0 1 8 6 4 1 60 40 117 14.01
3 0 9 3 5 9 1 61 51 176 13.28
8 0 8 3 9 4 1 63 43 118 13.47
10 0 10 6 8 4 1 63 54 149 11.83
6 0 7 5 3 10 1 63 51 173 9.02
1 0 0 0 0 0 0 64 184 7.24
1 0 0 0 0 0 3 65 66 67 0 113 11.36
10 0 1 0 1 0 2 69 77 1 132 8.67
4 0 4 0 0 3 3 68 76 85 1 112 7.7
5 0 0 2 6 4 3 70 72 73 1 78 9.88
1 0 0 0 7 5 1 75 5 86 7.47
5 0 8 4 7 6 3 71 73 80 11 89 13.95
9 0 8 6 0 0 3 79 82 87 6 84 9.74
3 0 0 0 7 7 1 82 16 122 12.09
9 0 0 0 10 8 3 74 85 88 6 84 7.53
7 0 0 2 0 0 1 74 16 92 13.3
9 0 1 10 0 0 3 78 81 91 23 108 8.42
8 0 4 0 0 6 1 81 6 107 13.98
1 0 0 6 0 1 2 86 91 5 125 8.94
7 0 2 0 0 0 2 79 90 11 129 11.29
9 1 0 0 0 0 2 84 87 32 164 11.65
5 0 0 0 0 10 3 83 88 89 18 94 10.63
4 1 0 0 0 0 2 85 86 16 121 11.25
2 1 0 0 0 0 2 90 92 32 153 8.39
8 0 8 0 0 0 2 84 86 19 145 9.47
6 1 0 0 0 0 2 91 93 23 99 9.48
2 1 0 0 0 0 1 89 41 166 7.8
3 1 0 0 0 0 2 87 92 20 125 8.79
4 0 10 6 0 0 2 89 94 27 102 10.97
7 0 0 0 8 6 1 90 41 126 13.23
1 0 0 6 0 0 2 93 94 23 147 8.52
7 0 0 1 9 0 1 93 43 145 11.57
7 0 0 0 0 2 1 94 48 124 8.51
8 0 5 5 4 0 1 92 32 153 11.94
5 0 1 0 7 6 1 95 40 109 14.0
10 0 0 5 0 0 1 95 50 151 8.89
9 0 0 10 0 10 1 95 55 143 13.45
1 0 0 0 0 0 0 64 132 10.66
1 0 0 0 0 0 3 97 98 99 0 129 7.49
9 0 1 0 2 0 2 103 122 1 127 13.55
7 0 4 0 0 5 3 100 101 102 1 134 13.98
1 0 1 3 0 0 3 104 107 114 1 105 12.55
8 0 5 2 0 8 3 103 104 118 8 127 12.53
10 0 3 0 0 0 2 106 115 8 113 12.37
8 0 4 0 3 7 2 115 120 8 144 13.52
3 0 0 3 8 0 3 105 109 116 16 150 12.77
7 0 0 1 0 10 2 105 116 16 124 13.76
4 1 0 0 0 0 3 108 110 123 23 101 10.44
1 0 0 7 0 6 3 107 110 112 18 94 8.47
6 0 0 0 2 4 1 119 19 107 10.65
7 1 0 0 0 0 2 111 113 27 120 13.63
3 1 0 0 0 0 3 111 124 125 19 145 9.32
1 1 0 0 0 0 1 111 27 144 12.16
2 0 0 7 4 6 1 126 34 104 7.46
1 1 0 0 0 0 1 117 19 148 11.15
6 0 0 7 4 6 1 125 34 140 7.71
6 0 0 0 0 2 3 115 120 121 2 135 8.25
4 0 0 10 0 0 2 123 124 18 146 8.89
10 1 0 0 0 0 1 125 23 107 11.97
2 0 0 9 10 3 2 118 119 20 127 7.4
9 1 0 0 0 0 1 126 22 148 13.14
3 1 0 0 0 0 3 120 121 124 25 114 7.33
2 0 3 0 0 3 1 122 28 131 11.53
3 1 0 0 0 0 1 122 28 122 13.89
10 0 0 0 0 2 1 123 31 167 10.06
3 0 0 5 10 0 1 126 41 116 8.68
5 1 0 0 0 0 1 127 28 112 7.33
8 0 0 8 0 0 1 127 40 137 12.82
10 0 0 9 0 1 1 127 44 127 12.71
1 0 0 0 0 0 0 54 135 12.13
1 0 0 0 0 0 3 129 130 131 0 132 10.26
6 0 1 7 6 0 2 136 138 1 139 10.22
5 0 0 0 0 4 3 132 135 137 1 140 7.78
7 0 0 6 9 5 3 133 137 145 1 120 8.51
7 0 9 8 6 0 1 147 6 104 14.1
4 0 0 5 7 0 3 134 138 140 8 120 12.07
9 0 5 0 3 5 1 136 12 151 9.75
9 0 6 5 0 8 1 139 6 117 7.87
5 1 0 0 0 0 3 143 148 151 21 101 7.82
4 0 5 0 9 0 1 142 8 144 9.23
2 0 1 10 0 5 1 152 12 146 8.34
10 0 0 2 7 10 2 144 151 15 129 12.72
7 0 7 0 6 8 1 141 12 129 10.11
7 0 5 10 0 8 3 146 149 158 19 137 11.27
1 0 4 1 3 3 2 144 155 12 96 10.72
3 1 0 0 0 0 2 147 154 26 101 13.3
6 0 2 2 7 5 1 149 25 113 7.61
2 0 1 4 9 0 2 156 157 8 92 12.79
5 0 9 10 7 0 1 152 26 110 10.69
10 0 8 0 6 7 1 155 29 144 10.13
4 1 0 0 0 0 1 150 26 138 10.83
1 0 9 0 9 7 1 154 31 99 10.71
4 0 8 6 2 1 1 155 30 150 10.07
8 0 1 8 8 5 1 157 26 128 13.98
2 0 0 9 5 2 1 153 31 115 10.2
7 0 10 1 6 10 1 157 33 132 8.15
3 0 9 3 7 7 1 156 32 119 12.86
9 0 6 0 5 9 1 158 39 131 8.13
9 0 5 10 2 0 1 159 35 155 12.42
3 0 1 0 9 9 1 159 40 147 8.02
5 0 0 0 3 0 1 159 48 127 9.12
1 0 0 0 0 0 0 53 129 7.32
1 0 0 0 0 0 3 161 162 163 0 99 12.65
8 0 0 0 0 4 3 164 165 166 1 110 10.82
2 0 7 4 5 3 1 168 1 104 7.51
10 0 9 8 0 0 1 189 1 99 8.65
1 0 4 10 8 6 2 176 179 9 83 9.29
10 0 6 7 2 6 3 167 170 172 9 103 12.02
2 0 1 10 2 4 1 183 9 125 13.31
5 1 0 0 0 0 2 175 178 19 151 11.42
2 0 1 10 0 2 3 169 171 177 3 125 11.88
6 0 6 0 8 0 1 173 5 133 7.26
6 1 0 0 0 0 3 174 175 183 19 136 7.92
3 0 0 4 1 2 1 187 5 117 12.59
3 1 0 0 0 0 1 180 19 132 8.06
1 0 4 7 2 9 2 178 185 11 131 13.87
8 0 9 6 0 1 1 187 25 130 11.42
6 0 7 10 1 0 1 179 25 159 12.07
9 0 0 10 8 0 1 181 10 136 11.88
10 0 7 10 1 0 1 187 5 125 12.04
7 1 0 0 0 0 2 186 188 24 124 9.19
9 0 1 0 5 4 1 190 31 161 9.3
5 1 0 0 0 0 2 188 189 22 118 11.02
5 0 10 4 9 2 3 182 184 186 19 140 8.26
4 1 0 0 0 0 1 185 24 124 10.3
3 0 0 0 7 0 1 184 25 107 8.61
4 1 0 0 0 0 1 189 28 118 12.52
10 0 9 0 2 0 1 190 28 153 8.51
9 0 7 10 2 0 1 190 31 148 13.14
7 0 0 0 3 0 1 188 33 106 9.64
7 0 1 7 5 7 1 191 40 121 13.17
7 0 1 8 9 0 1 191 32 129 11.5
8 0 0 8 2 5 1 191 40 136 13.67
1 0 0 0 0 0 0 48 130 7.54
1 0 0 0 0 0 3 193 194 195 0 94 13.51
2 0 9 4 0 0 1 196 1 81 11.14
10 0 10 0 0 4 3 197 214 222 1 132 13.33
4 0 0 0 0 7 3 211 213 218 1 95 10.25
2 1 0 0 0 0 3 199 203 209 3 136 10.38
1 0 8 0 8 1 3 198 200 212 11 119 13.18
4 0 0 4 7 5 3 201 202 204 12 83 9.17
1 1 0 0 0 0 1 206 5 127 9.91
10 0 0 0 8 9 2 202 211 12 148 7.39
10 0 0 0 3 0 3 203 208 218 16 142 7.34
6 1 0 0 0 0 3 205 207 217 22 157 9.53
6 1 0 0 0 0 1 210 26 103 10.65
1 0 0 0 3 7 3 208 209 213 16 128 7.15
3 1 0 0 0 0 3 209 213 219 28 106 7.95
3 1 0 0 0 0 3 207 210 215 6 125 13.34
7 0 0 0 9 0 2 208 219 28 152 10.02
7 0 8 2 2 0 1 221 35 123 7.94
9 0 8 9 0 0 1 218 31 125 10.38
1 0 1 2 0 7 1 211 32 107 10.31
9 0 0 0 0 5 1 216 33 133 10.16
3 0 9 1 0 0 1 217 12 137 13.99
2 1 0 0 0 0 1 220 31 119 10.93
7 0 6 2 0 0 2 216 220 11 133 12.63
9 0 0 0 4 9 2 216 222 9 112 7.28
1 0 0 2 7 0 1 217 42 144 12.8
5 0 3 0 0 4 1 219 43 120 11.05
9 0 7 2 0 0 2 220 221 40 146 10.96
7 0 3 0 0 7 1 221 48 165 8.05
10 0 3 0 0 7 1 223 49 161 12.06
3 0 0 7 0 0 1 223 55 129 10.64
8 0 2 0 0 10 1 223 18 94 7.32
1 0 0 0 0 0 0 59 183 8.15
1 0 0 0 0 0 3 225 226 227 0 90 9.5
2 0 1 0 0 0 3 228 233 234 1 99 9.57
3 0 0 4 0 0 3 230 232 234 1 118 8.64
10 0 0 0 0 8 3 229 231 233 1 79 7.18
5 0 0 0 0 1 3 229 230 239 3 109 7.53
8 1 0 0 0 0 1 252 11 147 13.54
2 0 5 0 0 0 2 236 237 8 114 12.31
3 0 3 0 0 0 3 235 238 242 11 94 10.26
7 0 0 0 0 8 3 238 243 248 4 101 8.16
3 0 0 0 8 0 3 236 247 253 11 97 8.2
4 0 8 0 0 0 1 243 4 88 12.87
10 0 0 0 0 5 3 236 245 248 14 105 9.75
9 0 7 0 0 0 2 240 254 24 125 9.13
3 0 10 0 0 0 2 240 241 10 85 12.39
7 1 0 0 0 0 1 253 14 97 11.67
2 0 0 0 3 0 2 243 245 8 113 10.66
1 0 0 0 0 4 1 246 33 142 10.89
7 1 0 0 0 0 1 250 13 111 8.38
8 0 7 0 0 0 1 245 14 121 11.38
9 0 2 0 0 0 2 244 246 11 88 12.88
2 0 0 5 0 0 1 249 20 140 10.2
2 1 0 0 0 0 3 246 249 251 24 123 10.53
2 0 0 0 0 5 1 252 34 134 13.68
9 0 0 6 0 0 2 252 254 14 112 11.66
6 0 0 8 0 0 2 250 251 24 140 12.62
9 0 0 0 9 0 1 250 26 137 13.16
7 0 0 0 1 0 1 253 35 140 7.67
9 0 0 0 0 7 1 254 30 143 11.28
1 0 0 7 0 0 1 255 36 110 7.52
3 0 0 3 0 0 1 255 42 134 10.61
3 0 6 0 0 0 1 255 39 137 12.53
1 0 0 0 0 0 0 45 109 13.91
1 0 0 0 0 0 3 257 258 259 0 73 12.84
1 0 0 6 0 0 3 264 266 275 1 115 10.07
9 0 9 4 9 3 2 260 263 1 122 10.74
4 0 4 1 7 9 2 261 267 1 120 11.08
10 0 0 0 7 0 1 262 10 114 11.15
10 0 2 8 0 4 3 277 280 281 5 95 12.68
7 0 10 4 2 0 3 265 276 279 20 113 9.96
2 0 0 0 0 5 1 271 10 96 9.21
5 0 4 10 0 0 1 270 2 141 9.38
7 1 0 0 0 0 1 274 27 138 9.84
8 0 8 4 0 0 2 269 286 2 86 11.9
9 0 0 0 0 2 3 268 269 273 5 121 12.67
7 0 0 0 0 2 1 280 14 120 10.48
3 0 0 7 0 0 1 272 14 134 9.55
10 0 2 0 2 0 1 283 7 141 11.8
3 0 0 6 0 0 1 274 12 87 13.86
3 0 3 0 6 0 1 285 17 99 9.99
9 0 0 2 7 0 1 276 14 114 10.3
5 1 0 0 0 0 2 278 282 34 129 9.41
8 0 7 3 0 0 2 281 285 2 87 9.61
8 1 0 0 0 0 3 277 280 283 27 153 12.34
9 0 0 5 1 0 1 282 35 112 11.04
7 0 0 4 0 2 1 281 39 161 9.14
7 0 0 8 8 0 1 284 27 113 11.34
8 0 0 10 8 0 1 286 35 115 11.29
9 0 1 6 6 0 1 284 46 157 12.92
10 0 5 0 6 0 1 286 44 144 10.87
7 0 0 4 0 0 1 285 35 117 13.45
1 0 0 3 1 9 1 287 55 161 14.11
8 0 9 6 7 4 1 287 42 167 8.67
4 0 6 0 0 6 1 287 54 179 10.24
1 0 0 0 0 0 0 58 129 7.68
1 0 0 0 0 0 3 289 290 291 0 134 13.78
8 0 1 3 6 1 3 293 297 302 1 124 11.29
10 0 3 10 9 4 3 293 294 299 1 80 9.04
9 0 10 10 7 3 3 292 300 310 1 115 14.04
7 0 8 6 4 10 3 309 312 315 10 113 8.91
9 0 2 1 5 2 3 295 298 301 11 124 13.5
3 0 10 6 3 6 3 296 302 304 11 111 12.42
4 0 4 9 7 7 3 303 304 317 20 123 11.94
10 0 8 10 7 8 3 297 303 305 14 96 14.04
1 1 0 0 0 0 3 300 306 313 24 135 8.12
10 0 3 4 1 7 3 300 305 308 20 122 8.62
1 0 7 3 1 6 3 303 307 308 11 107 7.99
4 0 8 9 6 3 2 311 314 30 99 11.53
9 0 3 7 6 2 3 306 307 312 20 159 11.1
3 0 2 3 5 6 3 307 310 314 14 146 9.1
3 1 0 0 0 0 3 306 312 315 24 152 10.94
2 1 0 0 0 0 3 305 313 318 24 151 7.24
4 0 4 10 3 6 1 315 30 158 10.34
8 1 0 0 0 0 1 318 29 158 7.97
10 1 0 0 0 0 3 309 311 316 29 152 11.16
5 1 0 0 0 0 2 309 310 30 119 9.49
9 0 4 9 7 7 1 317 39 121 9.47
5 0 1 1 4 3 2 311 313 35 130 11.35
5 0 10 5 1 7 1 317 40 139 9.67
1 1 0 0 0 0 1 314 29 140 10.8
9 0 9 2 1 2 1 316 40 124 10.68
5 1 0 0 0 0 1 318 34 159 14.05
3 0 3 4 3 7 1 316 34 148 13.92
10 0 4 6 4 10 1 319 49 171 12.63
4 0 3 6 7 7 1 319 48 116 8.85
7 0 7 8 1 7 1 319 39 168 7.76
1 0 0 0 0 0 0 59 162 13.98
1 0 0 0 0 0 3 321 322 323 0 120 12.64
4 0 5 10 0 0 3 325 331 339 1 87 8.3
10 0 8 0 0 0 2 324 335 1 133 13.32
1 0 0 9 3 6 3 324 327 331 1 95 9.68
10 0 9 0 5 0 3 326 330 337 11 111 11.95
8 0 6 0 4 7 2 326 335 5 96 9.17
2 0 8 0 0 10 3 329 342 345 21 147 13.33
2 0 3 10 0 5 3 328 332 348 2 122 8.99
3 0 0 0 0 8 1 334 4 134 10.8
4 1 0 0 0 0 3 336 341 343 23 139 11.03
4 0 0 7 0 0 3 332 333 343 21 153 12.66
1 1 0 0 0 0 3 332 340 343 5 87 9.0
3 0 3 6 0 0 3 336 344 345 25 110 10.77
10 1 0 0 0 0 3 336 338 348 25 101 13.95
7 0 0 0 0 4 3 335 337 338 7 112 8.91
9 0 1 0 9 0 2 345 347 14 104 7.78
6 1 0 0 0 0 2 347 350 35 129 11.69
8 0 0 0 5 0 3 339 340 350 21 111 12.85
6 1 0 0 0 0 3 339 340 346 35 138 12.91
8 0 0 4 0 5 2 341 342 41 135 11.72
2 0 8 2 0 3 2 341 342 41 131 9.34
7 0 0 0 0 7 2 344 347 49 122 10.21
5 0 9 1 0 5 1 344 49 154 12.16
3 1 0 0 0 0 2 346 348 27 104 13.24
7 0 3 1 0 7 1 349 56 172 8.23
9 1 0 0 0 0 2 346 349 28 144 8.08
7 0 0 4 6 8 1 350 41 174 7.36
4 0 0 6 1 0 1 349 56 164 8.71
8 0 5 0 0 6 1 351 35 115 8.46
1 0 8 0 0 10 1 351 63 181 10.66
10 0 8 0 8 4 1 351 48 158 8.68
1 0 0 0 0 0 0 64 152 9.37
98.73 89.03 85.03 84.13 86.44 97.23 114.67 111.75 104.99 98.14 87.73 61.18 22.74 19.98 26.65 62.54 82.65 98.25 110.14 178.94 283.1 233.0 157.0 122.65 111.28 97.24 89.1 88.32 90.01 98.78 114.97 120.28 110.76 82.71 77.22 68.74 50.5 50.48 70.87 78.41 90.8 102.81 152.08 302.22 465.66 394.02 240.15 145.09 119.29 102.77 92.54 92.08 90.99 99.87 115.32 110.16 104.52 90.96 80.28 80.01 48.71 34.31 56.97 72.39 82.1 98.79 135.44 260.22 305.31 186.0 134.93 110.34 99.18 86.46 79.0 78.93 80.88 88.52 104.49 107.47 104.9 90.45 75.06 57.35 42.16 45.4 67.55 79.9 90.61 110.0 117.42 145.01 190.85 166.78 132.8 113.97 109.25 104.54 101.31 98.39 103.62 106.63 122.6 116.65 100.0 91.15 70.01 65.86 20.419999999999998 21.814999999999998 32.535 40.96 59.57 92.505 103.25 136.76999999999998 163.07999999999998 147.10500000000002 123.60000000000001 110.41499999999999 109.95 102.16 100.46 97.16 95.93 88.11 85.74 44.95 17.86 3.34 0.0 -0.09 -1.32 -1.77 -2.48 2.02 28.53 75.01 89.08 128.53 135.31 127.43 114.4 106.86 96.9 91.8 90.47 106.23 110.68 86.01 77.67 76.72 69.32 36.45 19.3 15.7 13.66 7.48 12.07 51.12 75.13 102.96 114.0 134.18 148.04 138.91 124.28 109.99 118.61 106.45 101.44 98.81 100.99 110.05 134.2 143.67 149.08 132.38 110.37 109.41 90.85 97.69 99.79 85.42 114.43 105.42 109.84 142.85 151.22 131.88 110.4 91.46 104.19 94.75 89.95 88.99 89.44 93.67 111.41 118.73 116.13 91.29 83.34 81.26 86.08 79.91 76.02 74.34 84.79 92.57 89.0 112.47 128.72 119.55 115.9 100.0 95.1 83.93 80.72 81.43 81.54 94.05 113.66 116.46 114.08 96.59 84.68 77.34 63.67 46.02 36.98 49.8 76.89 81.48 101.47 118.11 138.09 137.6 117.58 104.57 100.91 95.73 89.1 86.4 87.77 98.5 107.29 107.57 104.93 88.28 79.62 65.33 45.17 39.34 39.25 56.39 76.55 86.99 100.03 112.59 132.34 132.27 120.31 107.33 103.55 98.01 93.32 89.8 90.67 95.58 104.78 102.99 101.96 92.19 81.38 71.53 61.66 41.05 32.04 50.0 70.94 95.0 105.88 112.89 120.83 117.01 109.68 103.13 112.0 104.43 103.56 97.52 93.47 89.89 85.09 87.79 82.96 60.06 18.19 3.0 0.22 0.0 0.0 0.22 23.08 71.54 106.94 110.28 119.41 123.65 125.0 115.42 115.05 108.56 107.78 106.85 104.04 100.25 95.11 91.59 79.26 36.95 4.28 0.05 0.0 0.0 0.0 0.0 2.32 71.81 102.22 115.58 122.12 128.07 126.94 115.63 113.78 103.11 97.31 93.57 97.3 108.18 117.87 119.7 103.12 87.75 81.22 77.69 71.95 65.01 58.01 67.28 85.23 99.88 117.0 150.05 186.21 164.52 128.73 114.94 107.59 102.64 92.71 88.22 87.18 93.0 110.69 113.26 106.74 90.29 76.31 64.27 61.73 49.76 50.47 64.91 83.37 100.22 117.11 136.16 147.62 144.83 120.52 110.6 97.93 92.89 85.63 82.27 82.94 88.98 106.05 112.86 111.66 103.18 88.93 85.5 82.8 81.76 78.61 83.81 91.1 95.54 105.52 125.0 143.17 134.85 116.44 108.94 105.09 100.09 91.7 89.3 90.21 93.89 108.91 114.11 105.92 93.1 85.0 77.07 70.17 67.76 57.1 71.34 88.48 94.73 112.75 128.76 139.96 134.5 125.07 114.18 107.84 99.69 96.24 96.29 97.95 107.46 116.86 115.82 109.4 97.77 84.84 82.01 80.0 73.02 71.2 72.68 87.65 91.87 101.9 120.0 142.41 139.5 124.58 111.94 103.49 104.13 102.01 99.65 96.93 95.73 97.07 86.1 78.11 52.32 10.0 0.65 0.0 -0.01 0.0 4.09 40.39 84.6 106.66 115.13 120.72 111.15 105.48 98.02 98.1 88.55 91.3 99.42 99.81 96.71 95.24 78.03 74.6 40.61 8.52 1.96 0.0 -0.01 0.0 8.53 69.88 94.7 104.51 115.63 122.54 126.75 117.31 108.24 91.62 84.97 84.12 83.96 84.96 94.24 116.33 123.34 118.99 105.0 97.67 93.45 84.94 83.84 82.95 84.94 92.6 103.86 119.85 145.57 111.39 113.65 101.91 99.9 90.37 87.53 84.89 82.27 83.7 91.4 109.11 108.66 100.22 91.99 83.17 70.01 64.53 23.99 12.57 42.89 69.94 87.04 112.05 135.55 99.43 106.55 101.3 101.58 93.63 88.67 88.96 84.58 88.72 93.04 95.34 102.74 96.5 82.81 70.63 76.77 69.62 69.5 69.06 70.66 82.27 95.45 122.48 181.21 176.27 93.76 98.89 100.0 97.21 99.22 94.6 93.45 95.37 102.99 110.98 115.44 109.36 96.42 89.86 85.09 82.69 83.21 84.56 89.86 98.56 105.66 106.58 110.0 102.96 123.04 107.47 106.47 109.66 104.06 98.39 94.29 98.85 99.2 110.0 112.29 110.94 98.44 94.93 85.24 83.33 80.31 78.77 86.34 91.55 92.77 116.96 137.6 183.66 135.21 105.39 107.18 108.78 103.92 94.8 96.0 96.45 97.0 98.78 97.23 88.72 87.08 81.02 76.61 67.54 63.14 62.17 71.96 85.2 100.69 92.47 93.86 100.81 115.0 113.62 107.99 102.03 97.0 92.48 89.38 90.06 87.17 87.86 85.6 80.85 80.1 77.09 71.24 46.2 15.04 8.85 17.66 47.08 81.86 82.62 90.79 94.59 115.47 110.0 102.57 97.87 87.02 82.24 80.38 80.8 86.2 105.62 116.88
