384 5
1 43 40 44 42
1 0 0 0 0 0 3 1 2 3 0 119 14.0
1 0 2 1 3 7 3 7 9 11 1 117 13.28
5 0 7 3 4 10 2 4 5 1 100 12.66
1 0 7 6 10 1 3 6 7 14 1 96 11.23
9 0 4 8 4 10 2 10 12 6 140 7.92
4 0 3 9 7 10 3 10 15 26 6 76 9.01
6 0 3 9 10 9 3 11 15 18 2 78 12.12
3 0 8 9 10 9 1 8 2 93 10.05
8 0 3 7 4 9 3 13 20 26 5 105 12.05
10 0 4 3 6 4 1 17 2 84 10.45
4 1 0 0 0 0 3 14 22 24 15 135 12.87
6 0 9 6 5 10 1 21 8 96 14.06
10 0 2 7 9 1 3 16 21 28 15 118 10.35
9 0 10 5 4 10 3 15 24 29 13 115 13.95
5 1 0 0 0 0 1 27 19 123 12.58
1 1 0 0 0 0 1 27 22 120 11.15
10 1 0 0 0 0 3 18 22 23 25 119 10.64
2 0 5 7 9 2 2 19 23 12 140 10.17
4 0 10 2 2 9 2 20 25 35 156 9.72
4 1 0 0 0 0 3 24 25 30 14 142 9.52
7 0 8 5 7 3 1 30 39 127 11.16
3 0 7 5 10 5 1 22 25 106 13.36
8 0 7 5 10 10 1 25 35 156 13.97
9 0 8 1 1 4 2 26 29 35 131 9.04
7 0 7 10 6 10 1 27 22 140 11.38
7 0 6 6 7 8 1 29 43 137 8.45
2 0 10 9 7 10 1 30 44 138 8.66
9 0 8 2 9 2 1 28 29 115 12.29
6 0 7 6 2 9 1 31 38 128 9.41
5 0 1 8 8 8 1 31 50 121 10.13
5 0 10 3 1 4 1 31 46 133 9.21
1 0 0 0 0 0 0 55 123 12.17
1 0 0 0 0 0 3 33 34 35 0 110 13.15
7 0 3 8 4 4 3 36 40 46 1 133 9.63
10 0 9 9 9 8 2 39 41 1 75 8.08
7 0 9 4 4 2 3 37 38 53 1 128 14.11
9 0 3 1 8 1 3 47 49 57 8 108 8.68
2 0 4 9 9 6 1 55 8 95 8.21
3 0 7 4 9 6 3 44 45 48 8 139 12.94
8 0 7 1 5 9 2 42 56 11 125 7.19
2 0 2 6 2 5 1 43 8 108 8.4
3 0 7 10 8 7 1 49 11 93 12.0
6 0 3 9 7 1 1 50 19 90 14.04
8 0 10 6 9 10 2 51 62 10 127 11.56
9 0 2 10 9 8 1 56 11 134 8.11
2 0 7 5 5 4 2 46 50 11 136 11.18
3 0 4 8 6 2 2 54 60 13 112 7.75
8 0 1 6 2 8 1 55 17 147 10.34
6 1 0 0 0 0 1 60 11 113 12.63
9 1 0 0 0 0 1 58 17 126 7.15
8 1 0 0 0 0 2 52 61 25 139 11.66
1 0 5 7 5 8 1 55 18 143 12.54
2 0 9 1 9 7 2 58 59 33 139 9.79
7 0 9 1 8 6 1 57 8 89 10.81
10 0 6 6 8 5 1 61 16 105 13.32
1 0 3 8 1 3 1 58 25 90 12.7
1 0 3 8 9 4 1 61 20 102 11.47
5 1 0 0 0 0 1 59 17 138 12.07
7 0 2 4 2 5 1 60 35 118 7.89
6 0 10 5 9 1 1 62 35 132 7.41
3 0 9 1 4 7 1 63 42 137 10.98
5 0 5 7 2 2 1 63 33 143 12.61
1 0 8 3 1 9 1 63 41 126 11.93
1 0 0 0 0 0 0 45 107 9.07
1 0 0 0 0 0 3 65 66 67 0 109 12.64
3 0 0 0 5 0 1 79 1 104 7.81
1 0 1 0 0 0 3 68 72 83 1 92 11.38
6 0 0 0 8 0 3 69 71 76 1 73 10.74
6 0 7 0 0 0 3 70 80 82 2 124 10.72
1 0 0 0 6 0 1 86 7 83 11.42
1 0 0 0 6 0 1 75 8 124 8.55
6 0 0 0 2 0 2 80 89 7 125 7.32
6 0 0 2 0 0 2 73 75 2 86 9.87
6 0 0 0 0 4 3 74 78 89 8 135 7.89
7 0 5 0 0 0 1 91 14 84 11.42
2 0 0 3 0 0 1 85 9 79 10.99
8 0 10 0 0 0 2 77 85 7 104 9.45
10 0 4 0 0 0 1 81 15 151 8.44
3 0 0 0 6 0 1 84 14 140 8.53
9 0 0 8 0 0 1 90 4 109 7.29
8 0 0 0 0 10 1 90 13 89 10.45
10 1 0 0 0 0 1 93 25 153 7.1
8 0 1 0 0 0 1 91 8 96 12.65
4 0 0 0 0 8 3 88 92 94 2 116 13.39
10 0 0 0 0 3 1 85 17 138 9.23
10 1 0 0 0 0 2 87 90 27 102 13.06
5 0 0 0 0 1 1 91 8 140 9.96
9 0 0 0 9 0 2 88 94 37 114 12.18
2 0 0 7 0 0 1 93 46 124 7.25
5 1 0 0 0 0 1 92 14 95 13.8
4 0 0 0 2 0 1 92 37 135 10.76
4 0 0 0 0 6 1 93 21 110 12.16
5 0 0 8 0 0 1 95 41 109 10.45
10 0 0 0 0 7 1 95 48 137 8.48
8 0 0 0 4 0 1 95 46 174 13.9
1 0 0 0 0 0 0 58 165 13.17
1 0 0 0 0 0 3 97 98 99 0 130 11.91
6 0 2 0 10 0 2 101 123 1 95 12.27
2 0 9 0 3 2 1 112 1 134 11.61
8 0 2 3 0 0 3 100 103 104 1 113 7.2
2 0 0 8 0 0 2 106 116 9 115 12.55
6 0 4 5 0 1 2 102 110 7 97 7.51
4 0 1 0 7 0 2 105 115 13 136 13.48
5 0 0 0 0 4 2 107 114 9 136 9.43
3 0 9 10 5 2 2 120 125 9 97 7.27
10 0 0 0 2 0 2 111 113 17 118 13.78
2 0 1 8 1 0 1 109 11 114 11.91
7 0 1 0 1 0 1 108 14 145 9.56
4 1 0 0 0 0 2 113 121 21 125 8.27
3 0 6 0 8 0 2 113 124 13 128 8.27
9 0 0 10 2 7 1 114 13 120 11.64
3 1 0 0 0 0 1 119 27 95 10.12
6 0 0 7 0 0 1 121 3 136 9.09
1 0 8 0 0 0 1 125 27 110 11.58
3 1 0 0 0 0 1 118 22 127 9.76
6 0 0 1 0 0 2 118 120 17 95 8.35
1 0 0 8 0 2 2 117 118 11 78 7.75
10 0 10 3 0 0 2 120 124 12 107 13.28
3 0 0 0 5 9 1 125 25 121 11.89
6 1 0 0 0 0 2 121 122 30 133 12.33
5 1 0 0 0 0 1 122 23 127 8.21
10 0 0 4 6 0 1 126 36 118 8.36
6 0 0 2 4 0 1 126 36 156 7.17
8 0 3 10 4 0 1 124 7 142 11.41
10 0 9 6 3 0 1 127 22 146 13.1
8 1 0 0 0 0 1 127 28 143 12.31
10 0 0 0 0 4 1 127 46 129 9.79
1 0 0 0 0 0 0 56 125 11.31
1 0 0 0 0 0 3 129 130 131 0 89 12.84
5 0 9 5 5 4 2 136 148 1 77 11.68
5 0 1 3 10 4 3 133 134 137 1 130 13.75
9 0 10 1 7 5 2 132 142 1 113 10.67
9 0 3 8 3 2 3 135 140 143 10 113 13.1
2 0 1 10 2 5 2 140 152 6 115 12.26
6 0 5 1 2 3 3 138 139 147 6 133 11.07
4 0 9 8 2 5 1 149 19 87 12.81
1 0 1 1 10 6 3 151 155 157 6 136 13.78
2 0 6 1 9 6 1 142 6 108 8.05
6 0 3 10 4 9 1 149 12 131 13.98
10 0 3 9 8 7 3 140 141 144 12 138 7.72
2 1 0 0 0 0 2 149 156 22 144 7.65
10 1 0 0 0 0 3 150 151 155 22 140 10.71
9 0 3 9 7 2 2 145 150 10 139 11.58
2 1 0 0 0 0 3 146 148 150 19 146 9.31
4 1 0 0 0 0 3 145 148 153 22 117 9.37
4 1 0 0 0 0 2 146 155 26 96 14.06
3 1 0 0 0 0 1 151 30 116 7.22
4 0 4 5 10 8 1 157 12 97 10.31
6 0 6 4 9 3 2 152 154 26 116 12.41
1 1 0 0 0 0 1 153 24 138 13.03
9 0 4 6 8 6 1 158 32 136 13.03
5 0 4 1 10 8 2 152 158 33 162 8.3
7 0 2 10 7 4 1 156 38 121 12.53
7 0 8 2 7 9 1 154 26 99 10.99
10 0 4 9 9 2 1 157 33 150 10.06
4 0 2 10 10 8 2 156 158 32 111 10.31
2 0 4 4 7 10 1 159 45 143 12.59
1 0 3 6 6 8 1 159 43 118 10.61
3 0 5 8 10 2 1 159 41 139 8.95
1 0 0 0 0 0 0 47 119 7.23
1 0 0 0 0 0 3 161 162 163 0 92 8.45
10 0 0 9 0 0 2 174 175 1 80 11.42
9 0 2 0 0 0 3 164 166 167 1 114 9.53
3 0 0 6 0 0 1 165 1 69 13.36
5 0 3 0 0 0 3 169 176 188 10 83 10.33
5 0 0 0 4 0 3 168 169 173 4 98 10.49
1 0 0 0 4 0 1 172 10 122 11.23
1 0 0 7 0 0 2 168 171 10 92 12.97
5 0 0 0 10 0 3 170 179 185 11 81 11.6
5 0 0 5 0 0 1 175 15 108 9.18
6 1 0 0 0 0 1 182 16 116 7.63
4 0 6 0 0 0 3 172 174 176 11 99 12.67
10 1 0 0 0 0 2 177 182 15 104 7.3
4 0 0 4 0 0 3 179 181 186 9 112 8.85
10 0 0 0 0 7 3 178 180 184 15 101 9.55
1 1 0 0 0 0 2 184 190 20 95 10.84
5 1 0 0 0 0 3 177 180 189 15 108 9.36
4 0 0 5 0 0 1 179 25 111 12.18
8 0 0 0 0 6 3 183 185 188 25 156 12.66
3 0 0 0 5 0 1 190 29 123 10.95
8 0 0 10 0 0 1 185 25 146 11.79
4 0 0 6 0 0 2 183 187 13 107 7.45
1 0 0 0 4 0 3 183 184 187 25 127 12.89
4 0 0 0 1 0 1 189 33 116 7.32
4 0 0 10 0 0 1 189 26 125 10.93
1 0 0 8 0 0 1 190 33 141 10.23
7 0 0 0 7 0 1 187 13 147 11.57
4 0 0 0 0 6 1 188 26 107 9.42
2 0 0 0 0 10 1 191 33 125 12.95
1 0 0 4 0 0 1 191 37 115 7.75
2 0 0 0 0 5 1 191 34 144 8.03
1 0 0 0 0 0 0 38 119 9.17
1 0 0 0 0 0 3 193 194 195 0 83 12.39
2 0 5 6 8 9 3 199 209 212 1 81 7.67
10 0 6 9 1 7 3 202 206 214 1 80 8.07
4 0 3 8 2 8 3 196 198 201 1 103 12.05
5 0 3 8 6 9 2 197 214 5 136 9.07
8 0 9 8 1 1 3 200 204 206 10 106 11.32
9 0 8 1 10 5 3 205 207 211 5 102 12.05
2 0 10 3 7 6 3 211 213 219 3 110 12.0
1 1 0 0 0 0 3 202 210 215 18 87 12.99
3 0 10 4 6 1 3 202 204 206 5 94 11.31
1 0 8 9 10 1 3 203 205 219 19 99 9.4
5 1 0 0 0 0 3 207 208 220 20 133 10.27
8 0 5 10 10 8 3 207 210 215 18 152 8.13
5 0 4 8 3 5 2 209 217 20 120 7.13
6 1 0 0 0 0 3 208 210 219 18 116 7.42
8 0 6 10 6 2 2 212 222 26 123 8.99
9 1 0 0 0 0 3 209 211 216 25 150 9.48
8 0 1 5 4 7 1 222 34 112 9.99
2 1 0 0 0 0 3 212 216 217 26 145 13.68
3 0 3 9 10 1 1 221 34 119 12.84
8 0 1 10 4 8 1 218 34 111 8.39
4 0 3 3 2 5 2 214 215 5 99 10.52
1 1 0 0 0 0 2 217 218 11 99 9.52
2 0 6 9 4 1 1 216 26 135 10.7
5 0 9 8 2 2 1 218 34 120 12.55
5 0 10 2 2 5 2 220 221 28 149 8.93
3 0 10 5 4 7 1 221 42 135 7.56
10 0 6 1 7 6 2 220 222 24 141 11.09
6 0 8 8 6 5 1 223 34 114 12.57
3 0 10 8 3 4 1 223 45 133 8.36
6 0 7 3 2 6 1 223 42 162 11.71
1 0 0 0 0 0 0 48 166 9.57
1 0 0 0 0 0 3 225 226 227 0 125 13.43
2 0 7 3 5 0 3 229 231 234 1 134 10.46
8 0 0 6 0 3 3 228 230 237 1 81 13.18
7 0 1 4 8 5 3 234 239 240 1 126 10.66
8 1 0 0 0 0 2 235 246 9 118 7.08
3 0 6 2 0 7 2 247 249 3 122 9.17
5 0 3 5 0 4 2 243 245 9 89 13.5
9 0 0 0 10 3 3 232 233 240 3 85 14.03
7 1 0 0 0 0 2 236 247 12 105 10.08
8 0 10 10 8 0 3 238 239 247 12 95 13.64
8 0 6 4 0 1 1 238 8 114 10.48
4 1 0 0 0 0 3 243 245 254 17 103 11.76
10 0 8 6 6 0 1 246 19 110 11.48
5 0 4 0 10 7 1 248 9 105 13.45
7 1 0 0 0 0 2 244 245 20 144 12.78
10 1 0 0 0 0 3 241 246 252 20 103 10.36
3 1 0 0 0 0 1 249 12 139 13.8
1 0 2 6 5 5 2 242 244 30 113 10.26
1 0 0 8 8 10 1 253 31 115 13.76
7 0 4 4 7 4 2 248 252 21 135 13.1
8 0 9 0 6 9 1 250 31 127 7.17
4 0 10 3 7 0 1 251 27 131 7.62
1 0 0 0 7 9 2 248 254 30 131 11.65
1 0 9 0 0 3 2 250 251 20 125 8.65
2 0 7 0 8 7 1 253 31 153 12.93
2 0 0 2 5 7 2 250 251 15 108 11.94
4 0 7 6 7 8 2 253 254 39 162 10.7
8 0 4 0 9 2 1 252 31 132 9.47
1 0 2 9 4 10 1 255 39 126 14.15
2 0 3 0 1 4 1 255 43 147 8.32
3 0 0 2 0 1 1 255 43 155 11.26
1 0 0 0 0 0 0 46 148 10.37
1 0 0 0 0 0 3 257 258 259 0 111 10.41
5 0 5 10 9 7 3 262 266 267 1 98 8.63
2 0 10 4 1 9 3 260 261 284 1 127 7.9
7 0 4 5 4 6 2 264 265 1 103 9.37
4 0 0 6 2 0 1 271 3 103 7.83
1 0 9 0 0 8 1 285 3 112 13.56
3 0 5 5 0 9 3 263 280 281 6 119 10.35
9 0 7 0 7 1 1 276 9 91 13.34
8 0 7 0 3 0 1 274 8 104 11.01
10 0 9 8 0 7 1 270 8 110 9.24
10 0 0 5 0 8 1 277 6 102 10.26
8 0 0 0 1 9 2 268 269 6 102 9.86
9 0 1 9 6 0 1 275 14 142 10.72
10 0 1 3 10 8 1 273 14 147 11.3
4 0 9 10 8 10 3 272 273 282 18 96 12.79
9 0 7 1 5 9 1 280 7 103 9.11
6 1 0 0 0 0 1 278 22 115 8.34
3 1 0 0 0 0 3 277 283 286 24 148 9.03
9 0 8 0 9 0 2 278 281 16 147 7.42
8 0 0 1 4 7 1 280 23 107 13.11
4 0 3 0 1 0 2 278 282 18 138 10.3
3 0 8 7 9 7 1 279 27 123 13.7
4 1 0 0 0 0 1 284 28 103 13.41
9 0 4 8 7 4 1 285 30 120 12.81
9 0 10 0 2 7 2 282 285 31 119 9.37
5 1 0 0 0 0 1 286 25 118 7.25
4 0 4 4 7 8 1 286 40 110 7.86
7 1 0 0 0 0 1 284 27 151 11.03
7 0 0 1 8 1 1 287 34 134 10.45
1 0 9 10 1 4 1 287 40 113 12.93
9 0 2 3 0 0 1 287 44 138 12.39
1 0 0 0 0 0 0 53 158 13.05
1 0 0 0 0 0 3 289 290 291 0 103 7.38
6 0 6 0 0 0 3 292 297 304 1 103 11.62
6 0 8 0 0 0 3 293 294 296 1 132 8.74
4 0 7 0 0 0 3 295 300 317 1 124 8.86
1 0 1 0 0 0 3 294 303 312 7 100 9.86
9 0 7 0 0 0 3 301 305 307 7 111 13.49
5 0 0 7 0 0 2 298 306 8 140 8.58
7 0 0 0 4 0 3 298 302 307 5 93 7.33
8 0 0 0 0 7 3 297 305 312 7 128 9.75
10 0 1 0 0 0 3 299 311 317 15 93 8.79
3 0 5 0 0 0 2 299 308 13 97 12.13
10 1 0 0 0 0 3 301 309 310 25 158 10.4
4 0 0 0 1 0 2 301 302 5 90 11.49
4 1 0 0 0 0 2 313 315 35 162 8.97
9 0 0 0 6 0 3 304 310 311 12 91 9.87
8 0 1 0 0 0 3 305 307 310 8 96 9.1
1 0 0 10 0 0 3 308 309 312 21 141 12.83
1 0 0 0 5 0 3 306 311 316 16 123 7.98
3 0 0 0 6 0 2 317 318 17 130 13.4
3 0 0 0 0 5 3 308 309 314 16 107 9.34
1 1 0 0 0 0 1 318 22 133 11.97
1 1 0 0 0 0 1 315 35 139 12.04
1 1 0 0 0 0 2 313 315 35 151 11.1
3 0 0 0 0 7 1 314 25 111 13.38
8 0 0 3 0 0 1 313 22 97 10.51
9 0 0 0 0 8 2 314 316 39 132 12.97
7 0 0 6 0 0 1 318 48 161 13.8
4 0 0 0 5 0 1 316 39 106 12.02
5 0 0 0 0 9 1 319 48 166 11.43
10 1 0 0 0 0 1 319 25 152 12.93
7 0 0 0 2 0 1 319 55 143 10.08
1 0 0 0 0 0 0 62 132 7.98
1 0 0 0 0 0 3 321 322 323 0 116 13.7
9 0 1 6 2 3 3 326 338 349 1 114 9.53
4 0 5 2 10 6 2 325 331 1 90 12.63
9 0 2 3 3 9 3 324 328 339 1 124 10.25
8 0 6 4 7 1 3 329 336 342 10 142 11.97
4 0 2 6 8 9 3 332 333 339 5 95 7.3
2 0 7 7 5 6 1 327 10 104 11.6
4 0 9 6 9 10 3 330 334 344 12 95 7.88
2 0 8 5 2 6 3 333 334 343 10 95 11.79
4 0 1 4 1 10 3 335 337 348 18 128 7.79
7 0 9 9 8 9 3 335 339 340 16 139 9.49
5 1 0 0 0 0 2 345 349 5 88 12.37
10 0 5 7 3 2 1 346 9 129 13.41
5 0 4 7 6 4 1 336 12 92 11.06
2 0 4 2 2 10 3 340 341 342 16 143 9.36
9 1 0 0 0 0 2 341 343 23 155 12.75
10 1 0 0 0 0 1 350 18 130 8.63
3 0 1 9 3 7 3 340 341 343 22 117 7.3
9 0 3 3 7 3 3 344 345 348 10 83 11.36
10 0 8 10 6 10 1 348 23 127 11.99
6 0 7 4 4 4 1 350 25 132 11.21
8 0 1 3 1 7 1 345 32 120 7.37
9 0 6 4 8 1 1 347 18 92 10.96
1 1 0 0 0 0 1 346 32 127 12.59
1 1 0 0 0 0 1 347 19 98 11.03
6 0 7 4 8 10 1 346 40 137 13.42
9 0 10 9 6 10 1 347 46 118 8.03
6 0 7 8 3 1 1 350 55 144 8.12
3 0 2 1 9 7 1 351 33 154 7.24
10 0 2 5 6 1 1 351 10 118 8.09
2 0 5 5 2 8 1 351 61 131 11.85
1 0 0 0 0 0 0 63 171 10.88
1 0 0 0 0 0 3 353 354 355 0 82 7.91
7 0 3 10 4 4 3 356 366 372 1 82 11.63
10 0 5 8 9 8 3 358 359 365 1 98 9.05
2 0 4 4 3 9 3 362 365 375 1 96 7.46
6 0 7 5 9 10 3 357 360 361 8 133 8.17
8 0 4 7 3 4 3 359 364 381 14 117 10.73
1 0 2 6 9 7 3 364 366 372 11 77 13.47
8 0 3 7 9 8 2 367 369 22 120 8.28
1 0 10 4 8 3 3 362 367 371 14 113 9.29
7 0 10 10 3 1 3 363 369 370 14 110 8.59
4 0 4 1 4 5 3 368 374 377 15 143 9.48
6 1 0 0 0 0 3 364 365 373 21 105 12.04
4 1 0 0 0 0 2 367 382 27 113 9.54
9 1 0 0 0 0 3 374 378 380 27 112 10.86
10 0 8 1 3 9 3 369 370 371 12 92 9.03
1 1 0 0 0 0 1 368 31 146 8.67
7 0 10 2 8 5 1 380 32 150 9.09
8 0 6 3 3 8 3 375 376 377 30 122 13.64
6 0 7 9 1 5 3 373 378 379 22 134 8.68
2 1 0 0 0 0 2 376 379 22 112 8.58
5 0 6 5 9 1 3 373 374 378 12 83 11.78
6 1 0 0 0 0 3 375 376 377 28 126 11.27
2 0 2 10 8 4 1 379 36 124 8.65
2 0 10 10 7 7 1 380 38 150 12.13
6 0 6 7 9 5 1 382 38 161 7.56
9 0 8 6 4 7 1 382 38 116 12.61
4 0 7 5 7 7 1 381 36 139 12.23
10 0 2 10 9 4 1 381 38 155 7.38
3 0 7 9 6 6 1 383 40 124 10.7
5 0 10 4 6 4 1 383 48 149 12.49
8 0 9 4 4 9 1 383 47 118 8.74
1 0 0 0 0 0 0 55 150 13.3
74.89 70.06 38.09 41.5 74.3 80.24 229.52 262.77 179.0 139.31 99.15 95.78 129.35 105.39 131.67 150.0 165.0 145.0 130.0 165.0 145.44 116.26 130.0 88.67 79.25 80.38 81.28 80.57 84.17 101.8 122.89 133.83 146.8 132.61 125.2 120.56 118.25 121.75 125.94 135.95 146.66 152.24 141.76 133.9 118.07 94.05 100.5 86.66 86.54 84.95 81.03 79.81 84.95 95.93 119.06 133.72 144.22 133.53 108.03 91.41 85.6 86.04 92.91 115.15 119.94 140.72 150.0 145.35 135.08 123.06 115.19 100.21 97.39 97.02 96.22 97.37 96.94 111.24 141.97 153.11 160.3 151.64 132.75 123.25 113.85 113.3 129.8 153.72 161.45 178.92 174.84 161.29 150.56 134.48 126.66 120.2 120.0 117.35 114.01 114.01 116.58 121.01 154.37 159.87 163.7 154.82 130.1 126.2 120.06 121.19 119.89 151.47 168.59 184.56 184.48 178.99 162.66 152.7 152.38 134.97 139.56 131.39 125.78 119.17 119.22 120.86 127.18 144.74 153.46 142.44 128.4 120.08 110.29 103.4 113.7 129.91 155.04 168.01 167.41 162.98 156.6 145.24 141.73 131.74 133.26 126.91 122.99 120.66 122.34 123.41 128.09 135.9 137.3 137.7 130.04 129.33 122.24 111.88 116.65 128.89 153.14 165.25 172.32 173.95 165.5 155.77 148.44 133.24 129.54 126.63 124.72 120.04 123.24 127.77 159.18 207.88 243.23 178.04 149.95 126.16 117.27 115.52 124.31 147.32 169.51 214.64 200.73 201.1 167.74 153.0 144.21 135.81 132.4 125.54 123.18 123.99 123.25 127.63 155.37 191.13 211.99 163.31 136.53 126.71 117.55 113.18 120.09 138.47 170.43 178.26 175.0 171.02 152.85 131.0 130.77 123.05 115.2 110.86 110.27 109.09 115.43 122.5 147.67 168.12 180.81 159.33 133.5 121.97 117.02 119.5 128.85 144.12 160.36 177.15 189.9 189.63 170.0 155.42 143.7 133.68 133.67 129.8 125.95 125.0 125.01 134.5 154.93 180.09 219.08 178.95 160.22 150.88 145.88 142.97 139.07 150.09 171.17 176.63 169.12 162.12 135.15 123.54 131.27 121.95 126.05 112.7 108.82 105.0 114.14 127.75 178.61 181.71 164.98 150.47 134.44 117.05 113.52 118.79 122.32 151.3 133.7 132.92 136.89 132.27 111.54 87.65 98.8 100.0 83.39 86.49 86.39 88.13 89.69 90.99 88.95 93.24 112.24 97.54 94.55 86.74 85.4 87.56 92.77 118.0 136.88 144.46 160.47 160.33 155.17 149.0 143.56 135.53 135.0 127.75 124.07 119.3 116.81 117.0 117.0 133.43 136.77 120.94 113.7 109.1 87.08 98.01 109.9 120.4 138.0 142.93 155.76 150.6 144.55 142.16 143.0 128.54 119.56 114.07 111.4 107.72 107.31 115.58 153.71 173.8 181.36 163.18 141.45 121.23 125.33 124.09 136.91 152.78 140.3 126.84 125.09 140.0 120.0 109.21 131.31 88.52 78.92 86.98 135.0 105.01 88.55 99.0 145.0 194.13 169.7 143.69 116.05 104.85 107.55 117.2 130.96 135.7 145.75 143.93 145.0 156.88 156.01 137.8 141.47 128.2 129.26 127.91 126.82 126.59 128.74 128.87 141.3 173.11 180.0 174.92 168.75 168.43 157.95 159.23 141.48 150.0 160.1 162.69 181.66 183.99 152.14 144.99 139.78 133.0 132.38 140.12 150.74 144.49 146.91 133.16 135.3 270.7 251.77 222.64 205.6 185.9 176.9 184.44 190.0 211.71 200.21 207.33 205.5 196.52 176.36 162.92 153.12 139.32 139.65 137.01 131.66 131.43 130.78 140.09 163.63 224.86 261.75 214.52 180.61 163.74 150.06 149.42 157.07 172.21 196.88 292.25 288.53 224.61 183.55 163.6 153.0 140.03 135.66 130.69 120.25 118.7 118.97 120.87 134.52 149.23 150.53 137.05 124.59 118.36 112.39 110.01 116.42 129.59 145.64 164.02 175.23 161.46 141.16 116.37 130.3 120.32 134.11 128.9 123.57 119.9 119.57 119.84 118.05 124.47 123.77 125.75 131.48 128.92 127.85 121.36 123.67 127.33 139.52 170.0 172.12 168.8 155.51 134.93 132.06 131.51 125.9 121.06 120.34 125.94 129.5 126.7 157.39 208.25 209.79 171.3 139.67 116.94 113.24 106.55 118.11 135.02 173.29 225.32 271.52 216.5 179.08 151.4 131.21 122.95 134.75 126.4 127.5 114.54 110.45 108.19 135.32 186.2 193.8 141.92 117.27 98.81 79.06 84.62 98.35 104.87 190.7 189.76 176.77 165.0 142.03 141.9 119.58 103.61 94.31 93.84 96.91 95.24 102.66 141.4 155.0 180.26 166.37 128.76 109.88 92.9 90.14 91.8 92.23 107.41 147.49 161.25 159.24 160.76 141.4 109.61 103.4 91.8 114.41 118.13 130.0 113.87 113.59 130.0 148.54 140.0 129.45 114.24 104.15 94.18 97.41 93.06 100.4 97.28 114.1 139.8 156.19 150.71 147.34 121.67 118.79 90.0 73.45 70.72 73.03 72.42 81.11 120.0 125.17 165.34 150.72 131.26 104.33 87.37 79.1 77.95 91.97 87.88 165.72 148.62 154.5 152.0 163.87 82.7 82.9 97.94 71.48 71.73 71.92 71.65 72.29 80.0 113.21 123.18 115.0 70.93 58.53 57.76 54.57 56.75 68.09 73.31 82.0 115.0 99.24 95.0 105.0 100.0 75.3 71.54 77.95 67.63 72.42 69.74 72.51 72.53 92.28 102.91 112.52 100.63
