384 5
1 37 33 46 32
1 0 0 0 0 0 3 1 2 3 0 113 10.94
7 0 6 0 0 0 3 5 7 8 1 152 11.88
10 0 0 8 0 0 3 6 10 17 1 143 9.27
2 0 4 0 0 0 3 4 6 7 1 157 6.99
3 0 5 0 0 0 3 20 21 23 3 158 8.9
2 0 6 0 0 0 2 6 9 8 156 11.9
1 0 0 0 0 10 2 11 13 11 126 6.26
3 0 0 9 0 0 3 12 14 19 8 106 11.85
5 0 9 0 0 0 3 9 11 13 8 103 11.37
10 0 0 0 1 0 3 14 15 19 13 108 7.65
9 0 0 0 0 3 2 13 23 11 111 9.25
9 0 0 5 0 0 3 15 20 24 13 115 11.95
3 0 0 0 2 0 3 16 18 20 11 156 11.24
5 0 0 0 0 10 2 28 29 20 137 7.86
1 1 0 0 0 0 1 16 23 111 12.04
6 0 6 0 0 0 2 18 27 23 149 11.0
6 1 0 0 0 0 3 17 23 27 24 115 7.67
9 0 0 0 0 9 3 21 22 24 30 152 7.52
5 1 0 0 0 0 2 22 26 29 147 7.12
2 1 0 0 0 0 3 21 25 29 23 143 11.1
9 1 0 0 0 0 3 22 25 27 22 106 8.26
3 0 1 0 0 0 2 26 30 39 135 10.21
5 0 0 0 4 0 1 29 39 146 10.28
8 1 0 0 0 0 2 24 25 30 171 8.79
2 0 0 0 6 0 1 28 39 163 9.85
3 0 9 0 0 0 2 26 30 38 175 10.41
10 0 0 0 10 0 1 28 42 141 11.4
2 0 0 0 3 0 1 30 31 144 9.14
8 0 0 0 0 5 1 31 52 190 11.17
1 0 0 0 3 0 1 31 44 183 11.91
9 0 0 0 0 6 1 31 42 152 8.93
1 0 0 0 0 0 0 60 143 7.43
1 0 0 0 0 0 3 33 34 35 0 82 7.45
5 0 0 4 8 1 3 38 42 47 1 113 9.32
4 0 6 0 5 0 3 36 43 48 1 141 6.94
9 0 0 0 6 0 3 37 41 44 1 108 11.17
8 0 0 1 7 0 1 54 5 121 10.01
9 0 0 7 0 3 3 39 50 57 10 158 7.47
6 0 0 0 0 6 3 40 44 50 6 159 6.64
4 0 0 6 0 4 3 45 51 59 19 108 9.51
6 0 0 0 0 4 3 43 48 53 12 120 7.12
6 0 3 5 10 10 3 42 43 50 10 121 12.04
10 0 0 7 0 1 3 46 49 51 16 126 8.87
10 1 0 0 0 0 2 45 51 18 124 11.14
2 0 6 0 0 4 3 48 49 59 12 138 9.88
8 0 4 0 0 0 2 55 62 28 125 7.94
7 0 9 0 8 4 2 52 53 26 182 11.06
6 0 0 1 7 1 2 49 52 6 149 11.26
10 1 0 0 0 0 3 52 54 58 18 123 11.53
1 0 9 1 0 0 1 57 26 165 8.47
6 1 0 0 0 0 3 53 55 58 19 114 6.12
2 0 0 8 0 0 3 56 58 61 28 116 8.84
7 0 7 0 8 0 3 55 56 57 33 164 11.91
8 0 0 0 8 8 2 54 59 33 168 7.88
4 0 0 0 0 1 3 56 61 62 41 130 8.14
6 0 0 2 2 5 1 61 40 152 10.91
2 0 5 8 0 6 1 60 45 180 11.48
2 0 10 5 0 0 1 60 40 147 6.86
7 0 0 0 5 0 1 62 30 172 10.18
5 0 0 8 7 0 1 60 41 186 7.71
6 0 0 0 6 9 1 63 47 199 8.49
2 0 0 2 0 2 1 63 46 152 9.18
1 0 9 0 0 6 1 63 45 126 12.01
1 0 0 0 0 0 0 53 170 11.66
1 0 0 0 0 0 3 65 66 67 0 135 7.76
4 0 0 10 0 0 3 69 75 82 1 95 10.08
4 0 0 4 0 0 3 68 70 74 1 108 7.38
2 0 0 6 0 0 3 74 76 93 1 90 11.97
4 0 0 0 8 0 3 71 72 76 5 122 10.75
5 0 3 0 0 0 3 77 86 90 5 121 10.86
2 0 10 0 0 0 2 75 89 5 134 9.19
9 0 0 0 3 0 3 77 80 81 9 108 7.18
4 0 0 6 0 0 3 73 75 81 9 90 7.08
5 0 8 0 0 0 3 78 82 84 13 165 8.88
2 0 0 0 0 3 1 89 5 89 8.04
3 0 4 0 0 0 3 79 80 83 13 142 7.38
3 0 0 0 5 0 3 77 79 85 9 143 6.98
5 0 9 0 0 0 2 88 91 18 130 11.08
6 0 0 0 0 10 3 79 80 83 18 100 6.99
7 0 0 0 0 7 1 87 24 116 6.84
6 1 0 0 0 0 1 93 24 153 8.92
10 0 0 3 0 0 2 84 91 18 159 8.67
5 0 0 0 1 0 3 83 85 93 18 106 8.45
4 1 0 0 0 0 3 86 87 91 24 178 7.2
6 1 0 0 0 0 2 85 87 28 123 8.01
6 0 4 0 0 0 3 86 88 89 34 176 6.89
8 0 0 0 0 8 2 92 94 40 164 7.27
4 1 0 0 0 0 2 88 90 34 117 9.49
8 0 0 6 0 0 1 94 40 192 6.21
8 0 0 8 0 0 2 90 92 40 185 10.04
3 0 0 0 2 0 1 94 48 128 11.77
8 0 0 9 0 0 1 92 28 180 7.52
5 0 8 0 0 0 1 95 48 134 7.59
2 1 0 0 0 0 1 95 30 148 8.09
10 0 1 0 0 0 1 95 51 152 9.67
1 0 0 0 0 0 0 61 184 7.45
1 0 0 0 0 0 3 97 98 99 0 90 9.81
8 0 10 3 4 9 3 103 112 115 1 102 7.85
3 0 2 8 9 1 3 102 108 110 1 143 7.2
5 0 10 9 7 3 3 100 107 123 1 110 9.84
4 0 5 10 9 3 3 101 110 118 6 133 7.33
7 0 8 10 5 9 1 104 10 125 10.14
10 0 8 8 10 7 2 114 123 4 113 11.31
2 0 10 7 9 7 3 106 111 125 9 89 6.83
3 0 3 6 2 2 2 105 108 17 172 10.73
1 1 0 0 0 0 2 106 109 20 144 8.59
4 0 10 8 7 2 2 113 117 21 127 7.43
8 0 6 2 8 10 2 110 121 6 136 6.36
3 1 0 0 0 0 1 116 20 134 8.12
7 1 0 0 0 0 2 116 117 21 154 6.47
6 0 2 2 6 6 2 120 122 14 173 10.09
7 0 6 6 6 10 1 114 11 161 11.61
10 0 1 5 3 2 3 114 122 123 9 130 11.6
5 0 4 5 2 4 1 120 25 148 11.44
4 1 0 0 0 0 3 118 120 121 19 148 9.23
6 1 0 0 0 0 2 117 118 9 159 9.57
1 0 8 6 5 1 1 119 28 137 8.05
8 0 1 10 8 8 1 124 28 137 10.71
10 0 10 10 10 5 2 124 126 23 142 10.45
7 0 2 6 6 2 2 121 122 29 140 11.93
10 0 9 6 7 2 1 126 30 159 10.32
3 0 3 8 9 9 2 124 126 36 137 11.61
9 0 6 1 3 8 1 125 36 173 11.72
1 1 0 0 0 0 1 125 19 167 7.06
10 0 8 8 6 5 1 127 39 188 6.52
8 0 2 8 5 5 1 127 45 157 7.44
1 0 6 6 5 8 1 127 40 180 11.53
1 0 0 0 0 0 0 53 167 9.49
1 0 0 0 0 0 3 129 130 131 0 148 11.92
9 0 9 9 9 0 3 132 134 136 1 120 9.07
1 0 9 10 0 2 3 135 137 139 1 126 7.07
5 0 1 8 2 10 3 132 133 134 1 93 7.81
2 0 6 0 7 9 3 139 144 154 10 118 9.52
8 0 7 1 2 10 3 139 151 155 6 124 8.55
10 0 0 10 8 6 3 137 143 153 10 170 9.27
9 0 0 0 9 5 3 140 141 145 2 102 9.11
8 0 2 5 10 0 3 137 142 152 10 153 10.76
8 1 0 0 0 0 2 138 146 20 154 10.38
9 1 0 0 0 0 2 148 149 28 164 10.23
7 0 9 8 0 4 2 147 150 14 112 6.87
2 0 0 10 9 2 3 143 148 151 11 167 8.0
8 0 3 0 10 5 3 144 152 153 11 114 9.29
9 0 5 0 5 9 3 144 145 146 18 129 11.65
8 0 8 8 5 1 3 146 149 150 20 128 6.58
3 0 0 0 3 1 2 147 157 27 153 10.75
8 1 0 0 0 0 3 147 149 150 27 133 6.59
7 1 0 0 0 0 2 155 158 28 114 9.7
4 0 1 5 2 9 1 148 35 117 7.78
6 0 2 3 4 0 1 158 39 121 9.36
5 0 7 10 6 10 2 155 157 37 173 9.25
8 0 0 8 0 4 1 158 35 151 7.23
6 0 10 10 0 2 2 152 153 14 147 7.98
4 0 8 0 8 2 2 154 156 20 162 8.98
1 1 0 0 0 0 2 154 156 20 149 6.07
10 1 0 0 0 0 1 157 24 141 6.37
7 0 3 10 5 0 1 156 42 187 6.89
7 0 8 0 7 4 1 159 49 166 10.55
7 0 8 8 10 5 1 159 42 179 9.18
9 0 2 3 6 0 1 159 45 165 11.2
1 0 0 0 0 0 0 56 182 11.07
1 0 0 0 0 0 3 161 162 163 0 141 7.72
7 0 0 0 0 10 1 167 1 140 6.66
8 0 9 0 0 0 3 169 171 183 1 131 9.62
8 0 0 7 0 0 3 164 165 174 1 122 9.25
7 0 0 0 9 0 3 166 170 185 9 123 11.74
6 0 0 0 0 1 3 168 177 183 9 165 6.57
7 0 0 0 0 2 1 176 16 140 11.06
8 0 0 0 7 0 2 168 180 8 106 7.39
7 0 0 2 0 0 3 179 182 187 16 173 8.65
10 0 0 0 2 0 2 173 175 9 122 10.94
5 0 0 0 0 1 3 172 173 184 16 159 11.62
3 0 0 0 6 0 3 172 184 185 9 165 6.28
3 1 0 0 0 0 1 188 21 139 6.22
1 0 4 0 0 0 1 187 21 149 6.23
1 0 0 0 7 0 2 177 178 9 119 8.95
5 0 0 0 0 9 3 176 179 185 19 124 12.02
9 1 0 0 0 0 3 177 178 186 24 128 6.27
5 1 0 0 0 0 2 180 182 33 185 9.91
1 0 7 0 0 0 2 182 190 33 137 8.1
3 1 0 0 0 0 1 189 24 137 8.6
9 0 0 0 3 0 1 181 38 127 6.76
5 0 0 0 10 0 1 188 47 188 8.55
6 0 0 0 7 0 1 188 38 141 9.32
8 0 0 0 8 0 2 184 186 15 164 8.47
10 0 0 0 6 0 1 190 23 109 7.35
3 1 0 0 0 0 2 187 189 24 128 6.42
8 0 0 0 9 0 1 189 33 146 8.26
8 1 0 0 0 0 1 190 27 115 6.13
6 0 8 0 0 0 1 191 52 202 8.74
9 0 0 10 0 0 1 191 41 137 10.18
6 0 0 0 7 0 1 191 35 155 8.6
1 0 0 0 0 0 0 58 192 8.89
1 0 0 0 0 0 3 193 194 195 0 133 7.83
9 0 2 5 2 1 3 196 198 199 1 143 11.53
3 0 4 0 6 3 3 205 208 209 1 155 8.94
3 0 0 4 8 0 3 206 209 219 1 122 9.3
8 0 4 4 3 6 3 197 201 218 10 132 8.58
3 0 8 8 9 4 3 208 210 216 18 170 8.7
9 0 6 9 0 3 3 209 218 221 10 139 12.0
1 0 5 3 0 4 3 200 204 205 10 107 11.13
8 0 3 1 5 1 3 202 203 212 11 112 6.13
6 0 0 10 4 7 3 202 213 219 18 117 10.5
5 1 0 0 0 0 2 211 215 24 132 10.78
10 0 0 3 9 7 3 207 208 215 19 149 11.92
4 0 0 6 2 2 3 206 207 215 11 147 9.94
9 1 0 0 0 0 3 206 207 210 11 162 8.94
2 0 4 1 7 8 2 217 220 20 173 11.86
4 0 0 5 0 0 3 211 218 221 29 159 8.79
9 1 0 0 0 0 3 213 214 221 29 180 7.21
9 0 3 3 0 1 3 210 212 216 19 132 8.5
1 1 0 0 0 0 1 211 28 164 9.42
4 0 9 0 4 4 2 214 217 33 153 7.91
6 1 0 0 0 0 2 213 214 28 124 11.45
7 0 4 0 1 1 2 217 220 38 154 11.4
4 0 10 0 3 0 1 222 38 180 7.16
2 0 9 0 5 7 1 216 29 179 10.44
6 0 7 0 0 10 1 220 31 153 7.64
6 0 0 0 6 3 1 222 45 176 7.58
6 0 1 1 3 1 1 219 33 115 10.27
5 0 5 8 6 7 1 222 39 122 7.29
3 0 1 0 0 5 1 223 45 184 7.86
5 0 3 0 2 8 1 223 38 174 10.57
8 0 3 1 6 9 1 223 51 184 6.11
1 0 0 0 0 0 0 59 195 6.44
1 0 0 0 0 0 3 225 226 227 0 117 9.93
9 0 0 0 6 0 3 228 232 237 1 155 9.57
10 0 7 0 0 0 3 230 241 243 1 164 11.9
8 0 9 0 0 0 3 235 246 247 1 91 10.33
9 0 0 0 0 10 3 229 230 238 10 172 10.03
7 0 0 0 4 0 3 231 233 235 19 102 6.42
1 0 0 0 0 6 3 239 240 244 19 149 6.51
4 0 0 5 0 0 3 234 236 243 26 167 6.48
1 0 0 0 10 0 3 234 235 236 10 153 11.18
4 1 0 0 0 0 3 241 244 246 26 152 10.42
8 1 0 0 0 0 3 240 245 250 30 138 11.07
5 1 0 0 0 0 1 242 26 176 6.92
10 0 0 5 0 0 3 240 241 246 30 172 8.48
5 0 0 0 6 0 2 247 252 10 132 7.61
6 0 7 0 0 0 1 243 19 161 7.24
5 0 0 0 0 4 2 242 249 20 135 6.31
4 1 0 0 0 0 3 242 248 251 40 145 12.07
3 1 0 0 0 0 3 245 248 253 40 133 11.31
4 0 0 2 0 0 1 252 44 156 7.57
10 1 0 0 0 0 3 244 247 251 30 139 8.6
10 1 0 0 0 0 2 245 248 40 193 7.95
1 0 0 6 0 0 1 254 50 179 10.99
7 0 9 0 0 0 3 249 250 251 40 137 9.49
5 0 7 0 0 0 2 250 254 40 145 9.77
8 0 4 0 0 0 2 249 254 50 187 10.67
9 0 0 0 5 0 1 252 58 157 6.09
1 0 0 3 0 0 1 253 47 172 6.89
10 0 9 0 0 0 1 253 47 181 10.99
10 0 1 0 0 0 1 255 67 210 9.95
1 0 5 0 0 0 1 255 57 171 9.09
9 0 0 0 9 0 1 255 58 185 7.54
1 0 0 0 0 0 0 77 184 9.61
1 0 0 0 0 0 3 257 258 259 0 91 11.9
9 0 0 4 0 10 3 260 262 266 1 158 7.75
5 0 0 2 0 9 2 263 285 1 162 11.9
9 0 1 10 0 0 3 264 270 276 1 138 8.33
8 1 0 0 0 0 3 261 271 275 10 118 9.9
6 1 0 0 0 0 1 277 18 140 6.44
3 0 9 0 0 10 2 268 269 10 107 9.87
10 0 0 0 0 3 2 265 270 6 161 8.66
10 0 0 5 2 0 2 267 280 10 116 7.69
8 0 0 0 9 0 2 272 274 16 169 7.43
3 0 1 0 2 0 1 269 10 139 9.88
9 1 0 0 0 0 2 281 285 20 134 6.61
1 0 0 0 0 4 2 271 277 13 116 9.21
7 1 0 0 0 0 2 281 282 13 173 11.64
1 0 5 0 3 9 1 273 16 108 7.77
4 0 5 7 8 8 1 272 18 129 10.39
7 0 0 5 8 0 1 278 24 152 7.74
1 0 1 5 0 0 1 284 17 94 12.0
2 1 0 0 0 0 2 280 283 24 130 11.36
1 1 0 0 0 0 1 285 18 166 10.29
8 0 4 0 9 0 1 280 10 149 10.11
8 0 5 0 9 7 1 279 24 153 10.77
9 0 4 0 2 0 1 286 31 181 7.19
7 0 2 0 9 0 1 281 32 152 10.2
6 1 0 0 0 0 1 282 26 110 7.51
10 0 5 4 0 6 1 284 39 157 11.31
9 0 0 8 4 0 1 284 32 179 9.65
5 1 0 0 0 0 1 286 26 130 9.58
8 0 10 0 3 6 1 287 49 153 7.59
4 0 9 0 0 0 1 287 29 179 9.2
4 0 0 1 0 5 1 287 40 191 6.13
1 0 0 0 0 0 0 57 169 9.29
1 0 0 0 0 0 3 289 290 291 0 122 6.19
2 0 0 6 8 9 3 297 298 316 1 131 11.37
4 0 0 2 0 0 3 292 309 310 1 153 11.22
5 0 4 0 0 0 3 293 294 303 1 103 9.42
6 0 4 0 0 0 3 296 299 318 5 124 9.07
10 0 0 0 0 5 3 295 296 301 6 118 9.35
9 0 0 7 4 0 2 312 313 6 141 8.19
3 0 1 0 9 3 2 305 308 16 156 8.64
1 0 6 9 0 5 3 306 311 316 16 132 10.5
10 0 0 7 7 10 1 300 3 94 12.05
4 0 6 9 0 0 3 307 310 313 3 127 9.89
9 1 0 0 0 0 2 316 317 11 157 9.86
8 0 5 0 7 0 3 302 304 308 13 170 10.93
8 0 10 6 0 0 2 302 318 16 160 8.4
8 0 0 7 8 10 1 315 24 142 8.59
9 0 10 0 5 4 2 308 317 6 104 7.29
5 0 0 2 0 8 2 306 311 21 102 6.33
1 1 0 0 0 0 2 306 309 19 161 7.23
2 1 0 0 0 0 2 307 314 26 111 6.83
8 0 3 0 9 0 1 312 28 143 8.51
3 0 0 7 0 0 1 318 21 130 6.69
6 1 0 0 0 0 2 311 312 20 147 11.46
2 0 0 4 0 0 1 314 7 163 9.11
9 1 0 0 0 0 1 313 26 182 9.47
8 0 3 3 0 6 1 315 36 130 7.57
1 1 0 0 0 0 1 314 35 186 10.28
8 0 10 0 0 0 1 315 36 138 6.04
6 0 8 0 0 8 1 317 44 123 8.06
8 0 2 0 7 0 1 319 20 131 6.89
9 0 8 8 0 8 1 319 50 172 10.32
10 0 8 0 0 6 1 319 24 183 8.21
1 0 0 0 0 0 0 59 184 6.12
1 0 0 0 0 0 3 321 322 323 0 154 9.9
3 0 9 3 0 1 3 329 331 340 1 120 6.94
10 0 0 0 8 9 3 329 345 346 1 163 8.19
6 0 7 0 0 6 3 324 325 330 1 108 10.75
9 0 3 4 7 7 3 327 335 348 7 151 8.48
7 0 0 3 0 10 3 326 327 328 7 166 6.29
2 0 1 9 4 10 3 333 337 338 14 117 10.06
1 0 4 3 6 1 3 336 339 340 16 146 7.44
6 0 4 1 0 7 3 329 331 340 14 123 7.13
10 0 0 2 0 10 3 332 335 338 20 128 10.78
4 0 0 0 10 7 3 331 333 335 7 121 10.63
3 0 1 4 0 0 3 337 339 341 20 119 11.12
9 1 0 0 0 0 3 333 337 342 30 184 6.68
10 0 1 3 0 5 1 334 39 128 7.96
3 0 6 0 5 4 3 336 343 348 49 183 8.76
10 0 4 5 10 6 1 344 30 181 9.39
6 0 1 5 4 8 1 349 52 194 10.99
6 0 0 5 1 8 1 347 39 120 11.13
1 0 6 0 8 2 3 342 348 350 30 167 11.53
8 1 0 0 0 0 3 343 345 346 23 181 9.89
4 0 0 5 0 7 3 341 343 346 20 155 8.47
7 1 0 0 0 0 3 342 344 345 24 140 10.18
3 0 6 5 9 7 1 349 39 125 11.77
5 0 8 0 4 6 2 344 347 52 163 6.37
3 0 0 9 10 8 1 350 57 170 6.34
10 1 0 0 0 0 1 349 31 168 8.03
6 1 0 0 0 0 1 347 31 171 10.0
1 0 1 2 0 1 1 350 57 185 7.72
10 0 0 3 8 9 1 351 52 198 6.52
5 0 7 1 0 2 1 351 58 195 8.92
6 0 7 3 10 0 1 351 60 152 6.72
1 0 0 0 0 0 0 66 199 10.51
1 0 0 0 0 0 3 353 354 355 0 96 9.64
3 0 0 0 0 1 3 357 359 365 1 120 6.26
4 0 3 2 10 0 3 356 361 363 1 157 6.57
7 0 2 0 6 2 3 368 369 375 1 127 11.3
1 0 0 0 5 3 3 365 366 367 5 138 11.22
1 0 0 6 0 10 3 358 361 370 4 103 9.41
2 0 0 9 0 8 3 360 362 364 5 111 9.58
2 0 0 3 3 0 3 363 366 377 4 136 8.01
10 0 0 3 3 0 3 366 369 373 7 168 11.93
5 0 0 0 8 0 3 367 369 380 5 101 11.57
10 0 0 0 0 5 3 373 375 381 7 153 8.81
3 0 2 7 9 0 3 364 368 376 6 126 9.99
6 0 0 0 9 0 2 367 379 9 148 11.66
10 0 4 1 6 0 3 368 371 375 6 130 11.48
8 1 0 0 0 0 2 371 382 17 152 6.32
1 0 5 9 2 0 2 374 378 15 125 8.98
10 0 0 9 0 0 2 372 381 16 135 10.14
9 0 1 0 1 10 2 374 377 17 149 10.64
8 0 0 0 4 0 3 371 372 381 5 163 8.02
9 0 2 0 4 5 1 376 25 129 7.24
4 1 0 0 0 0 1 373 26 145 7.12
7 0 3 8 0 0 3 374 378 379 30 143 10.65
2 0 5 0 0 0 1 382 37 150 11.65
1 1 0 0 0 0 3 376 377 379 17 139 7.6
6 0 5 0 9 0 1 380 34 154 10.31
6 1 0 0 0 0 1 378 26 166 11.87
7 0 8 0 0 5 1 382 37 119 8.25
6 0 0 5 0 0 1 380 37 126 11.44
6 0 3 6 0 9 1 383 43 154 11.47
3 1 0 0 0 0 1 383 26 108 10.64
7 0 0 0 9 0 1 383 44 177 9.2
1 0 0 0 0 0 0 51 198 9.76
81.29 70.07 69.97 69.91 73.31 81.9 94.44 102.03 98.6 91.4 72.89 53.83 14.9 4.05 0.66 11.02 34.96 65.28 81.0 90.65 93.08 89.09 68.34 62.14 9.5 15.71 11.54 24.55 54.79 74.46 92.24 94.42 75.45 3.91 0.03 -1.8 -4.81 -6.18 -11.72 -5.54 21.6 55.01 60.8 103.44 114.28 103.44 85.0 79.94 75.0 60.44 59.64 59.37 58.98 83.01 99.68 99.85 83.98 27.84 0.0 -1.01 -4.11 -6.47 -2.87 5.52 19.18 45.97 95.92 109.11 169.88 156.88 110.0 101.58 97.65 97.7 92.13 89.87 90.16 94.42 109.67 105.0 72.67 41.83 6.77 0.0 -0.12 -2.71 -0.25 -0.01 17.09 63.53 98.24 111.57 146.42 127.54 110.0 101.28 94.64 90.38 86.47 83.66 82.0 91.14 101.07 102.69 92.89 65.12 30.52 7.48 0.0 -0.01 -0.01 0.0 10.49 75.6 100.0 133.22 164.05 154.54 122.22 108.68 102.93 102.39 102.0 99.09 100.0 100.0 99.23 93.45 69.73 15.34 -0.02 -1.0 -8.67 -15.96 -15.2 -3.47 -0.01 33.15 82.07 106.38 120.0 119.26 107.77 95.6 84.88 83.43 83.41 78.31 81.12 84.16 82.51 71.97 26.43 -0.01 -3.32 -15.6 -38.92 -61.21 -50.62 -21.0 -0.95 10.9 81.36 109.09 123.64 120.23 107.16 98.87 101.36 93.13 88.36 85.99 94.18 105.51 132.2 131.05 103.44 57.85 22.77 2.54 0.0 0.0 0.0 9.0 58.06 94.83 113.01 169.56 217.3 140.0 108.87 96.0 93.0 89.67 85.41 85.32 87.01 94.82 108.05 105.07 97.94 84.58 38.06 22.56 8.38 3.0 5.15 35.05 73.34 99.96 118.39 183.56 212.05 146.12 114.35 98.07 96.42 90.0 86.89 84.71 87.07 93.52 108.93 107.62 104.34 76.99 45.83 41.84 20.83 16.96 41.39 70.9 84.3 96.64 121.94 204.58 235.8 154.57 123.21 106.27 98.1 92.0 88.45 88.02 88.36 97.49 108.92 110.23 99.92 91.43 77.41 66.74 52.26 41.36 54.9 69.43 78.99 101.51 129.83 233.8 274.02 154.56 120.34 105.95 99.77 99.09 93.63 89.92 91.63 96.47 101.15 100.86 95.62 75.64 32.41 3.0 0.08 0.0 0.0 1.73 31.89 81.5 106.71 117.47 128.68 111.97 105.93 95.92 95.82 90.68 89.62 85.21 83.94 86.88 90.43 89.64 79.86 66.52 25.45 3.8 0.17 -0.01 -0.01 -0.01 29.76 70.01 73.45 81.78 88.0 93.02 93.56 89.98 91.22 85.05 86.15 85.77 86.57 88.56 88.43 79.15 74.4 27.39 8.15 0.32 -0.05 -0.78 -1.03 0.65 14.0 70.55 94.8 109.12 109.84 110.04 105.02 102.41 91.43 86.73 83.81 82.78 87.9 98.84 117.11 125.34 108.78 88.51 71.02 45.93 20.04 14.23 18.34 54.56 71.68 93.82 110.93 185.7 211.45 125.19 107.2 101.25 100.92 94.61 88.0 86.13 89.8 102.21 110.84 109.58 98.05 88.57 69.64 43.23 25.21 20.77 28.79 42.92 65.47 95.33 120.11 155.37 165.78 115.95 104.24 98.22 97.51 92.93 87.44 85.52 89.59 98.68 109.06 109.55 102.58 87.69 76.37 66.19 48.56 35.0 41.89 72.39 80.69 103.73 114.26 136.15 133.62 116.14 105.02 98.95 97.02 88.8 86.23 89.28 90.52 107.21 114.02 115.32 106.73 99.11 88.1 80.09 71.8 70.01 69.62 78.23 84.22 102.03 113.4 129.68 132.91 112.93 103.96 94.17 88.33 80.75 77.23 75.91 75.56 86.3 104.74 106.3 102.09 91.08 72.35 41.5 14.85 4.4 0.7 4.73 45.3 72.22 94.17 105.08 112.82 107.45 103.02 94.37 95.33 89.32 87.61 85.05 85.35 85.46 86.59 86.77 83.29 60.4 13.71 3.32 1.34 0.07 0.17 3.52 12.59 75.36 97.69 109.0 120.28 120.32 111.16 105.24 100.5 95.12 94.2 91.87 90.91 90.8 90.0 84.9 48.37 2.64 -0.01 -0.07 -1.98 -7.45 -7.4 -0.1 0.0 65.46 100.87 110.4 117.21 114.32 107.5 100.52 95.28 87.03 83.48 81.78 82.6 101.79 114.33 123.39 108.88 91.97 70.01 35.02 10.0 5.93 6.78 25.2 59.45 88.12 111.51 157.12 227.31 137.47 115.04 105.15 105.52 101.05 97.8 96.22 98.05 105.41 123.03 122.7 106.64 90.0 73.77 62.72 42.78 26.28 38.05 73.05 89.43 106.86 130.67 193.46 185.66 124.99 109.69 99.37 98.91 90.23 86.76 87.9 90.91 98.72 110.37 115.52 113.64 101.63 83.54 81.08 65.36 51.78 51.32 76.84 85.94 106.04 133.45 218.26 217.95 127.79 113.63 103.57 97.15 92.01 87.98 87.74 91.23 98.38 120.86 136.33 123.46 83.31 71.7 61.79 57.78 53.81 63.61 70.11 92.15 126.1 155.84 188.26 150.6 122.93 106.89 91.59 85.16 84.97 84.76 83.9 86.29 94.5 113.29 119.52 117.86 109.01 87.94 84.87 73.31 57.53 62.83 77.05 88.78 109.37 131.23 156.02 141.73 120.69 100.29 89.96 93.16 87.41 83.92 81.51 84.54 89.28 94.58 97.44 89.43 80.04 37.19 5.23 0.0 0.0 0.0 3.11 30.83 92.49 111.22 126.86 131.73 119.52 104.87 89.63 87.32 77.52 69.3 65.77 62.57 66.75 67.33 64.06 22.3 5.28 0.0 -0.01 -0.1 -0.98 -0.61 0.0 26.37 82.74 118.77 137.67 134.23 115.33 103.42 91.67 86.59 85.1 84.31 83.32 84.89 95.66 120.63 127.19 114.2 99.42 78.94 68.68 39.12 24.72 42.64 69.5 85.01 110.97 160.72 241.5 210.56 121.44 111.29 99.57 93.16 88.84 90.09 91.53 93.87 105.14 129.45 151.47 147.32 118.93 97.23 86.24 80.59 78.03 76.67 82.45 97.44 118.07 172.44 302.75 258.2 138.17 109.35 93.64 100.15 88.94 84.81 80.02 81.52 95.05 120.61 122.47 109.4 85.12 33.8 5.22 4.02 3.58 3.48 21.43 59.9 87.1 120.44 189.72 164.8 107.02 93.89 81.12 57.92 42.83 40.58 43.77 66.38 90.63 118.13 121.23 108.61 76.95 40.98 5.79 3.2 3.33 34.22 69.58 93.12 129.1 189.29 338.31 246.26 134.16 110.17 103.32 97.24 86.42 84.79 84.5 84.65 96.8 118.31 131.29 125.0 101.07 89.51 86.57 80.3 73.94 72.25 79.49 93.61 120.0
