384 5
1 29 34 33 35
1 0 0 0 0 0 3 1 2 3 0 69 24.31
1 0 1 0 0 0 2 4 8 1 84 35.79
10 0 0 9 4 4 3 5 6 11 1 86 19.6
4 0 0 0 9 9 1 13 1 85 33.18
4 0 0 0 0 7 3 7 9 10 2 88 32.39
3 0 9 0 0 0 2 17 24 11 134 22.59
4 0 0 8 5 10 1 20 11 77 31.97
9 0 1 0 4 0 3 12 25 28 6 124 20.24
10 0 3 0 0 0 3 16 18 21 2 116 26.53
2 0 3 4 5 0 1 23 6 73 36.47
7 0 0 3 1 9 1 16 6 76 22.86
1 0 8 0 1 7 1 22 11 115 30.54
1 1 0 0 0 0 1 26 15 104 30.15
2 0 9 0 5 0 1 14 5 104 24.18
6 0 0 3 0 1 2 15 19 7 87 19.61
10 0 10 0 5 9 3 17 26 27 13 103 30.03
9 0 0 0 8 0 1 30 13 135 31.86
7 0 2 0 5 0 1 28 23 132 19.06
5 1 0 0 0 0 1 28 12 128 22.06
1 0 0 0 10 8 1 20 13 136 30.07
2 1 0 0 0 0 1 23 15 120 35.55
6 1 0 0 0 0 3 23 26 29 12 123 25.49
3 0 4 0 3 0 1 24 12 95 29.67
2 1 0 0 0 0 1 25 18 95 24.55
6 0 0 0 7 0 1 29 15 99 37.63
8 0 1 4 7 0 1 27 20 121 29.56
3 0 1 6 0 0 1 30 23 89 32.98
3 0 0 2 0 0 1 30 28 126 19.9
9 0 9 0 0 5 1 31 30 108 26.42
8 0 9 0 5 5 1 31 21 92 33.75
2 0 0 0 0 7 1 31 31 104 37.08
1 0 0 0 0 0 0 39 102 28.39
1 0 0 0 0 0 3 33 34 35 0 113 27.64
1 0 6 7 0 0 3 37 41 42 1 95 27.48
2 0 0 6 3 10 3 36 38 62 1 91 31.09
10 0 0 1 3 10 3 39 45 51 1 81 31.18
9 0 0 3 7 5 3 40 43 61 3 128 31.78
5 0 3 6 4 6 1 60 2 90 31.55
7 0 0 3 0 3 2 53 54 3 100 28.6
3 0 6 10 4 0 2 44 47 11 84 19.31
8 0 0 4 3 4 2 46 57 12 92 37.58
2 0 6 4 6 1 2 48 49 2 110 34.36
3 0 4 1 2 8 1 50 2 114 30.3
1 0 0 1 1 3 2 46 59 12 95 32.45
2 0 8 1 7 4 2 48 50 14 91 25.91
9 0 2 8 1 0 2 46 48 11 127 22.51
5 1 0 0 0 0 1 53 20 144 33.24
2 1 0 0 0 0 3 49 50 56 14 118 32.86
4 1 0 0 0 0 2 52 54 20 105 36.75
4 1 0 0 0 0 3 57 58 61 16 97 36.8
5 1 0 0 0 0 1 55 16 123 31.16
7 0 1 0 9 0 3 54 55 61 11 122 29.72
10 0 0 4 6 0 3 55 56 62 24 133 35.3
8 1 0 0 0 0 1 58 25 138 32.18
6 0 10 9 0 3 1 56 24 147 20.46
5 0 0 0 5 3 1 59 34 152 37.56
5 1 0 0 0 0 2 57 58 34 132 19.33
10 0 0 7 0 7 1 59 39 162 29.87
2 0 9 4 10 6 1 60 39 130 32.76
5 0 3 10 0 0 1 60 49 118 20.57
10 0 0 0 4 1 1 63 54 131 24.55
9 0 10 1 5 9 1 63 20 95 32.28
3 0 7 10 0 1 1 63 34 137 34.01
1 0 0 0 0 0 0 64 146 37.72
1 0 0 0 0 0 3 65 66 67 0 69 35.83
7 0 6 7 0 0 1 85 1 116 33.63
3 0 0 0 1 6 3 68 69 74 1 71 31.03
5 0 2 0 2 0 1 94 1 125 32.67
1 0 0 0 7 0 3 70 83 90 4 130 34.32
10 0 4 0 5 0 3 71 73 78 4 78 31.27
5 0 9 6 3 10 3 72 77 91 5 126 23.58
9 0 0 0 6 7 1 89 14 122 19.06
1 0 0 0 2 3 1 86 10 111 20.87
5 0 0 8 0 0 3 75 76 82 14 86 27.76
2 0 0 9 4 10 1 87 4 87 30.7
1 1 0 0 0 0 1 84 19 132 32.96
7 1 0 0 0 0 2 79 81 19 108 25.68
4 0 0 10 8 7 1 87 10 88 30.55
5 0 3 9 0 4 2 80 87 14 113 24.48
7 1 0 0 0 0 1 80 26 133 35.56
8 0 0 10 0 0 1 92 33 145 22.49
5 0 0 2 1 0 2 85 94 26 131 29.82
1 1 0 0 0 0 2 93 94 19 125 24.55
1 0 4 0 3 4 1 91 5 113 29.58
10 0 5 0 0 0 1 89 20 127 20.36
3 0 0 0 0 2 1 90 31 132 26.12
4 0 2 0 1 3 1 92 11 103 32.34
3 1 0 0 0 0 1 88 19 108 31.77
1 1 0 0 0 0 1 92 22 97 19.78
7 0 9 0 2 0 2 90 91 30 133 22.64
9 0 9 9 5 0 1 93 37 137 37.4
10 0 3 0 0 9 1 93 37 121 23.7
6 0 9 0 9 0 1 95 41 123 26.28
5 0 0 0 0 8 1 95 47 147 23.98
10 0 3 0 5 3 1 95 31 126 20.79
1 0 0 0 0 0 0 52 169 37.01
1 0 0 0 0 0 3 97 98 99 0 92 27.42
9 0 4 6 9 8 3 111 112 123 1 112 33.49
10 0 2 3 6 10 3 100 102 105 1 131 28.56
6 0 3 7 8 8 3 101 112 118 1 80 20.92
6 0 5 1 7 4 3 103 107 108 11 138 19.53
8 0 7 10 6 7 3 110 116 120 7 102 34.01
3 0 10 10 9 4 2 104 121 11 108 30.49
10 0 2 4 7 3 3 118 121 125 17 135 31.5
5 0 8 6 3 1 3 106 109 116 14 111 22.63
8 0 6 10 10 4 1 111 11 121 32.01
10 0 2 4 2 8 1 117 19 145 28.25
5 0 1 6 6 7 1 114 17 124 29.52
10 0 4 7 10 8 1 114 17 125 20.3
5 0 5 1 1 9 2 111 122 19 119 23.62
10 1 0 0 0 0 1 119 15 116 33.41
6 1 0 0 0 0 1 126 24 122 32.69
7 1 0 0 0 0 2 113 126 10 127 27.72
5 1 0 0 0 0 3 117 119 121 17 100 24.91
8 0 3 9 6 7 3 115 117 119 27 141 35.69
9 0 6 9 1 3 2 118 120 35 110 28.48
6 0 7 4 6 1 2 122 123 19 102 24.33
5 0 7 3 4 5 1 120 35 127 21.34
5 0 9 4 2 5 2 123 126 44 134 24.09
1 0 5 10 3 2 2 124 125 35 151 22.77
7 0 9 7 6 3 1 122 44 113 27.69
2 0 2 3 7 10 1 124 27 92 26.13
3 0 6 7 3 8 1 125 51 123 26.7
4 0 8 5 1 5 1 124 49 154 23.66
6 0 9 7 2 6 1 127 53 127 37.62
5 0 6 3 2 2 1 127 54 157 33.42
6 0 2 10 10 9 1 127 49 167 27.62
1 0 0 0 0 0 0 59 144 26.74
1 0 0 0 0 0 3 129 130 131 0 90 20.62
1 1 0 0 0 0 1 158 1 90 28.2
1 0 9 6 3 9 3 132 135 141 1 83 25.24
8 0 10 9 5 7 3 133 138 148 1 75 36.61
7 0 9 1 7 4 1 139 2 73 23.4
2 0 4 5 3 5 2 134 137 9 127 20.72
9 0 9 2 6 2 2 145 152 11 103 26.96
9 0 2 1 9 9 1 136 2 119 24.4
4 0 4 3 6 9 3 137 140 142 11 127 22.12
10 1 0 0 0 0 1 144 15 90 29.95
1 1 0 0 0 0 1 153 9 110 20.2
3 0 2 9 3 9 1 143 9 107 25.98
10 1 0 0 0 0 1 151 15 135 35.16
3 0 7 8 10 6 2 147 150 2 118 31.81
3 0 7 2 2 2 2 144 146 15 134 26.18
10 0 7 6 9 2 1 150 12 84 26.42
8 0 1 8 4 1 1 154 25 153 30.6
2 0 10 10 2 3 1 153 20 134 28.38
9 1 0 0 0 0 1 149 18 88 24.06
5 0 7 9 8 7 1 151 5 122 29.83
3 0 4 6 9 1 2 151 155 9 83 35.12
10 0 2 2 3 8 3 153 155 158 27 103 32.61
1 1 0 0 0 0 1 152 22 104 28.97
6 0 6 1 2 3 1 157 25 131 24.88
4 0 7 10 3 10 2 155 158 23 102 36.13
8 0 8 6 5 3 2 156 157 37 161 23.72
2 0 1 3 10 3 1 156 33 140 32.4
5 0 9 1 4 10 1 157 37 154 27.85
1 0 2 3 6 10 1 159 45 130 21.58
1 0 4 3 3 3 1 159 45 137 24.67
10 0 9 5 10 9 1 159 37 114 34.64
1 0 0 0 0 0 0 47 149 30.72
1 0 0 0 0 0 3 161 162 163 0 122 22.84
10 0 6 0 10 0 3 164 169 177 1 74 27.78
8 0 10 0 0 1 2 167 189 1 122 20.38
5 0 6 0 0 2 3 165 166 169 1 109 24.05
10 0 0 0 6 4 3 168 171 182 11 121 29.07
4 0 0 4 7 7 2 178 182 6 123 25.16
2 0 5 0 8 0 2 170 176 6 86 23.48
3 0 0 0 2 0 3 172 176 179 9 93 24.12
6 1 0 0 0 0 3 170 173 178 21 116 32.62
2 0 8 0 0 6 3 172 174 176 11 86 30.37
6 0 0 6 2 0 3 179 184 186 27 116 31.25
7 0 6 0 10 0 2 175 185 21 90 24.72
3 0 6 6 9 0 1 188 13 84 34.5
6 0 0 6 0 0 3 179 180 187 27 101 32.39
9 0 0 7 0 4 1 181 13 112 20.36
4 1 0 0 0 0 1 181 28 95 36.27
7 0 5 0 2 0 2 181 183 13 110 19.95
3 0 4 0 0 2 3 180 184 186 11 106 21.29
1 1 0 0 0 0 1 190 27 104 28.66
5 0 10 1 2 9 2 183 188 33 147 27.22
5 0 5 0 1 0 1 183 33 100 28.79
9 0 6 0 0 1 1 190 32 158 27.29
5 1 0 0 0 0 1 187 21 114 31.3
3 0 1 0 0 5 1 190 38 160 33.08
4 0 0 0 5 2 1 187 33 97 26.56
9 0 0 8 0 5 1 186 28 132 29.78
3 0 0 10 0 2 1 189 37 159 30.58
1 0 8 0 8 0 2 188 189 37 98 21.03
4 0 5 0 0 5 1 191 38 108 20.23
5 0 0 7 6 2 1 191 40 117 37.16
6 0 0 0 9 0 1 191 41 160 34.51
1 0 0 0 0 0 0 47 138 26.18
1 0 0 0 0 0 3 193 194 195 0 127 19.2
3 0 0 0 0 9 3 201 206 222 1 96 22.74
1 0 0 2 0 0 3 202 204 208 1 99 26.67
3 0 10 5 0 9 3 196 197 198 1 102 23.05
1 0 2 0 2 3 3 207 209 211 4 116 21.37
6 0 5 3 1 0 3 199 200 203 4 90 25.85
2 0 1 9 3 7 1 201 4 104 34.02
9 0 0 6 10 0 1 207 10 110 19.58
5 0 0 0 6 0 3 205 214 219 10 129 34.45
8 0 7 4 0 1 2 202 218 6 128 33.39
10 0 0 3 0 7 2 212 216 14 141 30.74
2 0 0 6 0 7 3 207 210 216 10 130 20.73
3 0 8 0 9 0 1 220 2 70 31.82
5 0 0 6 5 0 2 221 222 15 89 29.07
1 0 0 4 0 0 2 212 215 4 120 28.95
7 0 0 0 2 7 3 213 214 215 19 126 21.17
7 0 0 0 0 2 2 211 213 2 115 34.54
7 0 2 0 0 0 1 220 5 95 20.01
4 1 0 0 0 0 2 211 212 12 83 36.8
1 1 0 0 0 0 2 214 218 16 115 24.15
7 1 0 0 0 0 1 217 24 96 37.11
1 1 0 0 0 0 1 217 26 95 26.35
5 1 0 0 0 0 2 217 222 26 148 23.84
10 0 0 9 0 7 1 218 26 112 34.88
8 1 0 0 0 0 1 219 24 100 27.89
8 0 4 1 3 0 1 221 31 102 24.5
3 0 0 9 0 2 2 219 220 36 129 23.92
7 0 0 4 7 5 1 221 39 116 19.36
4 0 8 3 0 0 1 223 39 150 26.39
8 0 0 0 9 0 1 223 46 138 20.71
5 0 7 0 0 8 1 223 31 145 32.78
1 0 0 0 0 0 0 54 113 29.69
1 0 0 0 0 0 3 225 226 227 0 127 31.82
6 0 0 7 10 0 3 228 231 234 1 78 36.01
5 0 1 10 0 4 2 232 239 1 81 33.03
8 0 0 6 0 5 3 230 241 245 1 129 23.47
8 0 8 9 0 0 3 229 244 246 7 82 34.04
10 0 10 10 0 4 3 232 233 235 15 145 34.82
10 1 0 0 0 0 3 238 239 240 9 94 33.71
6 0 10 6 0 0 3 237 240 244 7 107 24.17
2 1 0 0 0 0 3 236 242 243 25 142 33.21
1 0 0 0 6 2 3 237 242 243 25 95 28.52
7 0 0 0 7 0 3 235 240 245 7 80 26.99
1 0 8 0 5 10 3 238 242 252 25 102 30.66
2 1 0 0 0 0 3 241 250 251 27 130 31.24
4 1 0 0 0 0 3 238 241 248 26 133 20.84
2 1 0 0 0 0 2 247 253 30 150 29.33
10 0 9 0 0 10 3 244 249 250 19 109 24.11
8 0 10 0 0 0 3 243 246 249 19 121 34.8
3 0 0 4 0 7 2 247 252 30 141 20.88
4 1 0 0 0 0 1 250 27 152 30.52
1 0 8 1 8 0 1 248 27 138 28.49
2 0 1 6 0 0 1 251 29 104 33.91
6 0 0 0 0 10 3 246 247 248 14 102 20.13
6 0 6 0 0 7 2 251 252 27 146 27.12
5 1 0 0 0 0 1 249 33 103 24.61
8 0 3 1 0 0 1 253 30 99 32.65
9 0 0 0 6 3 1 254 38 126 24.75
6 0 9 0 8 1 1 254 31 129 35.84
3 0 0 2 9 5 2 253 254 33 138 33.37
4 0 2 0 0 10 1 255 33 109 26.85
8 0 5 8 0 10 1 255 38 162 28.24
8 0 0 0 0 4 1 255 47 134 29.58
1 0 0 0 0 0 0 55 147 29.95
1 0 0 0 0 0 3 257 258 259 0 87 33.66
7 0 2 1 5 5 3 261 266 273 1 78 21.78
4 0 5 1 4 10 1 260 1 130 20.66
4 0 7 6 1 4 3 263 264 271 1 115 21.85
2 0 4 6 5 5 3 262 268 274 5 114 30.56
3 0 2 3 2 5 1 267 8 90 22.83
10 0 8 4 2 7 2 270 275 7 116 31.4
3 0 9 9 3 1 3 274 275 278 5 116 36.03
3 0 3 7 5 5 2 265 270 5 79 27.42
3 0 7 2 7 2 2 266 269 8 110 35.14
10 0 3 3 10 9 2 267 276 11 129 32.93
3 1 0 0 0 0 3 268 279 285 21 142 23.02
8 0 7 4 3 8 1 277 24 95 23.76
5 1 0 0 0 0 2 272 281 11 137 27.91
7 0 5 5 4 2 2 280 283 17 124 21.85
5 0 8 2 4 7 1 275 5 103 31.75
4 1 0 0 0 0 3 282 283 284 16 117 23.46
1 0 5 7 8 10 2 277 278 8 81 29.37
5 1 0 0 0 0 2 276 280 8 107 37.54
9 1 0 0 0 0 3 276 279 282 17 141 25.59
6 0 3 9 7 1 1 286 26 140 33.52
5 0 1 1 7 6 1 286 32 98 31.64
10 0 2 2 8 9 3 279 280 284 9 89 36.52
2 0 7 3 5 5 1 283 26 105 24.64
9 0 7 10 7 8 1 282 24 97 36.92
4 0 5 7 8 3 2 284 285 16 141 20.71
2 0 10 9 5 3 1 285 33 95 27.33
10 0 9 4 1 1 1 286 28 118 27.89
8 0 2 10 10 1 1 287 20 108 25.84
2 0 2 9 4 3 1 287 35 113 35.11
4 0 2 1 2 2 1 287 38 118 25.17
1 0 0 0 0 0 0 42 153 33.0
1 0 0 0 0 0 3 289 290 291 0 74 23.7
3 0 3 0 0 0 1 293 1 71 33.09
2 0 3 0 0 0 3 292 301 316 1 97 29.84
9 0 8 0 0 0 1 304 1 75 30.55
3 0 0 0 3 0 3 295 306 311 3 76 30.92
10 0 0 0 0 6 3 294 298 301 4 130 30.91
2 0 2 0 0 0 1 305 14 124 31.18
2 0 10 0 0 0 3 296 300 302 6 116 20.55
10 0 0 0 4 0 1 297 8 127 23.16
5 0 0 0 3 0 1 308 18 141 37.43
2 0 0 0 4 0 2 299 303 14 97 36.7
5 0 0 9 0 0 2 305 307 16 89 36.65
3 0 7 0 0 0 1 308 8 92 35.65
4 0 5 0 0 0 1 310 14 111 30.58
8 0 0 0 6 0 1 305 8 100 31.75
3 0 8 0 0 0 1 312 16 103 20.68
4 1 0 0 0 0 1 317 10 105 22.12
3 1 0 0 0 0 1 315 21 132 24.35
10 0 0 0 10 0 2 310 314 6 92 20.91
3 1 0 0 0 0 3 309 311 313 21 141 34.03
8 1 0 0 0 0 1 313 23 114 34.24
10 1 0 0 0 0 2 312 314 24 122 21.88
8 0 0 5 0 0 1 313 18 130 19.97
8 0 0 0 0 7 1 318 24 104 29.12
6 0 0 7 0 0 2 317 318 34 141 36.19
10 0 0 0 1 0 1 315 31 159 29.22
9 0 0 0 0 5 1 317 34 113 31.36
1 0 0 0 8 0 1 318 41 104 36.76
9 0 0 0 5 0 1 319 3 77 28.52
9 0 2 0 0 0 1 319 43 130 32.1
1 0 0 6 0 0 1 319 42 106 25.9
1 0 0 0 0 0 0 52 120 28.66
1 0 0 0 0 0 3 321 322 323 0 71 26.07
6 0 0 9 8 7 3 329 333 336 1 71 19.23
10 0 10 1 7 0 3 325 328 338 1 81 25.88
10 0 8 2 0 6 3 324 327 328 1 103 30.88
5 0 0 7 8 0 3 326 330 336 11 136 21.67
8 1 0 0 0 0 2 332 344 11 128 25.93
3 1 0 0 0 0 2 332 342 16 137 30.5
8 0 8 7 6 6 3 329 330 331 11 100 25.11
10 0 6 8 2 5 3 334 336 340 11 93 20.3
6 0 0 7 6 3 3 334 338 340 19 135 21.7
7 0 0 2 10 10 3 335 341 342 19 89 33.04
8 1 0 0 0 0 2 333 348 19 120 27.73
5 0 8 5 10 0 3 333 334 340 19 122 20.81
2 1 0 0 0 0 2 339 343 27 120 27.43
6 1 0 0 0 0 3 337 346 348 25 107 29.9
6 0 0 2 6 8 1 343 26 100 31.82
9 1 0 0 0 0 3 339 342 348 21 111 20.16
10 0 0 6 0 6 2 339 347 31 160 27.21
4 1 0 0 0 0 3 341 344 347 25 132 36.21
6 0 3 2 4 2 1 341 41 116 33.47
10 0 5 4 3 9 1 343 25 115 27.76
7 0 6 1 5 8 2 345 350 47 135 27.73
7 0 0 0 3 8 2 344 346 30 155 23.6
9 0 7 8 3 6 3 345 346 347 35 138 19.56
3 0 1 9 10 0 1 345 37 111 32.63
6 0 1 0 0 8 1 349 54 141 36.72
5 0 1 5 10 7 2 349 350 44 136 29.79
3 0 0 1 10 5 2 349 350 44 112 29.97
10 0 9 9 0 1 1 351 31 146 22.73
3 0 5 5 7 0 1 351 60 123 25.56
10 0 0 0 0 5 1 351 54 121 21.92
1 0 0 0 0 0 0 64 174 31.1
1 0 0 0 0 0 3 353 354 355 0 72 19.81
9 0 0 8 5 4 3 356 358 361 1 126 35.14
5 0 7 0 8 7 3 356 372 373 1 106 26.23
3 0 0 0 7 2 3 357 367 369 1 120 36.87
3 0 8 3 0 4 3 360 370 376 10 112 32.99
4 0 3 5 2 1 3 359 361 364 4 87 26.8
5 0 7 3 5 10 3 363 374 375 10 134 34.05
4 0 6 8 2 0 3 362 365 366 8 107 31.51
9 0 0 6 10 9 1 368 13 86 28.92
9 0 6 9 8 7 3 362 363 366 10 85 35.43
8 0 0 4 0 7 1 381 19 117 23.92
4 1 0 0 0 0 2 368 377 19 96 36.97
5 0 7 9 9 3 2 378 380 8 85 29.45
4 1 0 0 0 0 3 373 375 380 12 79 28.49
6 1 0 0 0 0 2 373 374 19 136 26.15
3 0 7 6 3 0 1 372 4 79 23.88
6 0 0 10 0 1 1 379 23 94 21.1
3 0 3 5 0 8 1 378 4 116 25.95
6 0 1 0 7 0 1 371 13 109 28.71
9 0 5 7 7 0 2 375 377 19 124 31.96
7 0 4 0 10 0 1 374 7 94 31.97
10 0 5 0 1 8 2 379 382 25 144 31.87
7 0 6 0 2 7 2 376 381 25 139 36.8
1 0 1 5 8 0 1 382 28 115 37.39
8 0 5 6 3 6 1 377 32 100 29.01
2 0 0 4 2 6 2 380 382 40 156 31.44
3 0 0 6 0 1 1 379 13 79 21.72
10 0 2 5 7 0 1 381 35 114 32.81
4 0 4 0 2 3 1 383 42 130 33.52
2 0 0 8 5 2 1 383 45 149 32.77
6 0 0 5 2 9 1 383 42 150 28.83
1 0 0 0 0 0 0 48 142 29.39
310.08 270.86 280.47 278.39 273.26 310.38 414.42 420.99 414.68 384.55 341.34 339.29 338.3 339.65 345.85 347.72 362.43 406.1 440.97 495.9 494.05 455.0 429.15 391.2 330.76 298.92 298.95 289.2 295.75 320.01 382.92 414.98 426.22 383.99 310.09 288.85 306.36 304.65 303.9 302.79 306.99 361.05 424.59 469.8 469.72 428.67 406.45 343.31 297.01 286.98 298.71 285.6 293.99 297.59 343.72 393.5 395.51 356.26 302.9 293.77 288.83 294.02 286.07 289.33 303.1 353.0 409.93 449.0 454.73 420.0 406.84 355.01 309.92 300.03 310.0 306.3 312.0 347.06 407.41 419.99 414.92 397.16 355.1 337.65 328.55 325.13 330.2 351.33 376.72 401.31 450.0 539.9 534.75 446.0 414.99 390.0 422.1 405.0 395.72 391.95 402.62 408.06 469.54 513.31 508.0 472.56 419.9 406.94 388.62 418.22 442.78 437.38 451.88 450.0 489.99 560.0 565.4 507.78 469.47 424.02 427.23 400.71 387.87 374.09 375.79 382.76 379.9 388.74 399.9 374.5 350.01 338.37 329.58 297.44 309.03 338.57 357.42 412.3 466.2 503.26 504.7 479.94 461.91 425.89 416.3 397.2 377.9 354.0 350.06 351.01 352.77 350.05 355.17 339.94 309.0 286.79 229.51 186.5 151.1 231.52 321.76 382.96 415.9 454.91 459.96 462.6 455.42 398.97 310.08 270.86 280.47 278.39 273.26 310.38 414.42 420.99 414.68 384.55 341.34 339.29 338.3 339.65 345.85 347.72 362.43 406.1 440.97 495.9 494.05 455.0 429.15 391.2 330.76 298.92 298.95 289.2 295.75 320.01 382.92 414.98 426.22 383.99 310.09 288.85 306.36 304.65 303.9 302.79 306.99 361.05 424.59 469.8 469.72 428.67 406.45 343.31 297.01 286.98 298.71 285.6 293.99 297.59 343.72 393.5 395.51 356.26 302.9 293.77 288.83 294.02 286.07 289.33 303.1 353.0 409.93 449.0 454.73 420.0 406.84 355.01 309.92 300.03 310.0 306.3 312.0 347.06 407.41 419.99 414.92 397.16 355.1 337.65 328.55 325.13 330.2 351.33 376.72 401.31 450.0 539.9 534.75 446.0 414.99 390.0 422.1 405.0 395.72 391.95 402.62 408.06 469.54 513.31 508.0 472.56 419.9 406.94 388.62 418.22 442.78 437.38 451.88 450.0 489.99 560.0 565.4 507.78 469.47 424.02 427.23 400.71 387.87 374.09 375.79 382.76 379.9 388.74 399.9 374.5 350.01 338.37 329.58 297.44 309.03 338.57 357.42 412.3 466.2 503.26 504.7 479.94 461.91 425.89 416.3 397.2 377.9 354.0 350.06 351.01 352.77 350.05 355.17 339.94 309.0 286.79 229.51 186.5 151.1 231.52 321.76 382.96 415.9 454.91 459.96 462.6 455.42 398.97 310.08 270.86 280.47 278.39 273.26 310.38 414.42 420.99 414.68 384.55 341.34 339.29 338.3 339.65 345.85 347.72 362.43 406.1 440.97 495.9 494.05 455.0 429.15 391.2 330.76 298.92 298.95 289.2 295.75 320.01 382.92 414.98 426.22 383.99 310.09 288.85 306.36 304.65 303.9 302.79 306.99 361.05 424.59 469.8 469.72 428.67 406.45 343.31 297.01 286.98 298.71 285.6 293.99 297.59 343.72 393.5 395.51 356.26 302.9 293.77 288.83 294.02 286.07 289.33 303.1 353.0 409.93 449.0 454.73 420.0 406.84 355.01 309.92 300.03 310.0 306.3 312.0 347.06 407.41 419.99 414.92 397.16 355.1 337.65 328.55 325.13 330.2 351.33 376.72 401.31 450.0 539.9 534.75 446.0 414.99 390.0 422.1 405.0 395.72 391.95 402.62 408.06 469.54 513.31 508.0 472.56 419.9 406.94 388.62 418.22 442.78 437.38 451.88 450.0 489.99 560.0 565.4 507.78 469.47 424.02 427.23 400.71 387.87 374.09 375.79 382.76 379.9 388.74 399.9 374.5 350.01 338.37 329.58 297.44 309.03 338.57 357.42 412.3 466.2 503.26 504.7 479.94 461.91 425.89 416.3 397.2 377.9 354.0 350.06 351.01 352.77 350.05 355.17 339.94 309.0 286.79 229.51 186.5 151.1 231.52 321.76 382.96 415.9 454.91 459.96 462.6 455.42 398.97 310.08 270.86 280.47 278.39 273.26 310.38 414.42 420.99 414.68 384.55 341.34 339.29 338.3 339.65 345.85 347.72 362.43 406.1 440.97 495.9 494.05 455.0 429.15 391.2 330.76 298.92 298.95 289.2 295.75 320.01 382.92 414.98 426.22 383.99 310.09 288.85 306.36 304.65 303.9 302.79 306.99 361.05 424.59 469.8 469.72 428.67 406.45 343.31 297.01 286.98 298.71 285.6 293.99 297.59 343.72 393.5 395.51 356.26 302.9 293.77 288.83 294.02 286.07 289.33 303.1 353.0 409.93 449.0 454.73 420.0 406.84 355.01 309.92 300.03 310.0 306.3 312.0 347.06 407.41 419.99 414.92 397.16 355.1 337.65 328.55 325.13 330.2 351.33 376.72 401.31 450.0 539.9 534.75 446.0 414.99 390.0 422.1 405.0 395.72 391.95 402.62 408.06 469.54 513.31 508.0 472.56 419.9 406.94 388.62 418.22 442.78 437.38 451.88 450.0 489.99 560.0 565.4 507.78 469.47 424.02 427.23 400.71 387.87 374.09 375.79 382.76 379.9 388.74 399.9 374.5 350.01 338.37
