384 5
1 40 35 37 39
1 0 0 0 0 0 3 1 2 3 0 125 43.29
4 0 0 10 10 0 3 12 13 17 1 118 28.45
10 0 10 3 4 0 2 10 12 1 90 28.72
4 0 8 0 0 0 3 4 5 6 1 95 42.03
5 0 0 2 1 3 2 7 19 5 94 37.54
8 0 6 0 7 0 2 21 29 5 132 40.45
2 0 0 0 4 6 1 22 5 104 27.14
2 0 0 10 3 0 2 8 9 10 87 45.92
10 0 9 0 0 10 1 16 12 114 33.66
2 0 0 0 0 1 3 11 14 27 12 127 32.83
6 1 0 0 0 0 2 13 25 11 139 42.25
7 0 0 1 0 0 1 23 14 151 32.34
2 1 0 0 0 0 3 15 26 28 11 141 43.01
10 0 0 7 0 2 1 20 17 113 30.75
4 0 0 0 0 8 1 30 14 147 33.41
9 1 0 0 0 0 1 30 13 124 26.52
2 1 0 0 0 0 2 18 24 22 93 43.7
8 1 0 0 0 0 1 21 5 111 29.71
6 0 0 0 0 6 1 21 24 109 30.47
8 0 0 5 10 4 1 22 10 148 28.51
4 0 5 0 0 6 1 28 27 96 28.2
3 0 0 9 0 7 1 27 30 132 29.79
1 0 6 7 0 0 1 27 18 99 24.8
2 0 5 0 0 5 1 29 21 150 42.04
4 0 5 0 1 5 2 25 26 24 99 35.26
6 0 7 0 6 1 1 30 28 101 26.57
5 0 0 0 10 0 1 29 28 124 39.44
1 0 0 1 10 6 1 28 33 145 36.11
6 0 0 4 6 0 1 31 34 160 32.77
2 0 3 2 0 1 1 31 33 136 28.28
5 0 4 0 0 1 1 31 34 146 39.52
1 0 0 0 0 0 0 40 124 25.23
1 0 0 0 0 0 3 33 34 35 0 106 30.83
3 0 0 0 0 4 3 36 52 57 1 80 28.5
4 0 4 9 1 4 1 47 1 119 24.58
2 0 4 0 2 0 1 45 1 116 47.12
10 0 6 2 10 0 3 37 39 41 4 90 40.98
9 0 0 9 10 0 3 38 40 43 14 105 40.32
5 0 4 0 0 0 3 42 48 49 23 142 26.91
3 1 0 0 0 0 1 51 14 103 46.38
9 0 4 0 6 0 2 42 46 23 158 36.04
5 0 10 4 0 0 2 43 59 14 101 31.74
7 1 0 0 0 0 1 44 32 113 34.18
6 1 0 0 0 0 2 46 50 23 154 37.78
1 0 0 0 4 0 1 61 39 166 26.7
9 0 5 4 0 6 1 54 3 114 37.74
4 0 1 0 0 0 1 61 32 150 38.37
8 0 2 0 0 9 1 49 5 98 35.86
9 1 0 0 0 0 1 55 28 159 45.92
9 1 0 0 0 0 1 55 28 126 40.92
4 0 0 10 6 0 1 53 29 114 30.77
2 0 0 0 0 6 1 58 17 111 39.22
4 0 9 3 0 0 3 55 58 62 4 138 39.32
2 0 5 0 0 0 1 62 33 136 43.15
5 0 0 3 0 1 2 58 59 12 124 27.79
4 0 3 0 5 4 1 56 37 109 27.4
9 0 0 3 6 8 1 60 41 167 34.02
1 1 0 0 0 0 2 61 62 4 88 29.76
10 0 6 0 0 0 1 60 19 115 45.51
8 0 6 5 0 10 1 60 19 132 35.67
7 0 6 0 0 0 1 63 50 172 31.36
7 0 9 0 0 0 1 63 40 146 25.35
8 0 0 0 4 0 1 63 35 129 39.36
1 0 0 0 0 0 0 57 135 36.46
1 0 0 0 0 0 3 65 66 67 0 122 46.69
7 0 0 0 10 0 3 73 84 91 1 135 34.44
8 0 0 8 0 0 3 69 70 77 1 84 35.47
9 0 8 0 0 0 3 68 75 91 1 82 45.6
3 0 0 3 0 0 3 77 82 89 10 135 34.43
6 0 0 0 10 0 3 78 84 88 9 123 46.29
4 0 0 0 1 0 3 71 76 78 9 120 28.91
6 0 0 0 0 3 3 72 74 91 13 152 32.96
8 1 0 0 0 0 3 80 81 84 19 103 30.36
2 0 6 0 0 0 3 74 78 79 8 122 36.98
5 0 0 0 10 0 3 80 87 90 19 151 41.22
8 0 0 8 0 0 3 77 86 93 10 95 45.02
4 0 0 7 0 0 3 79 81 93 13 88 25.25
10 1 0 0 0 0 2 83 87 18 145 43.11
4 0 0 10 0 0 2 81 82 15 105 37.17
4 1 0 0 0 0 2 80 86 17 105 40.46
4 1 0 0 0 0 3 82 83 88 27 150 26.63
1 0 0 0 8 0 3 83 90 94 27 155 45.84
4 0 7 0 0 0 2 85 94 31 158 29.27
2 0 0 3 0 0 1 85 31 98 24.61
2 1 0 0 0 0 2 85 86 27 99 46.27
2 0 0 0 0 6 1 92 35 111 37.19
1 1 0 0 0 0 3 87 89 90 29 108 33.61
9 0 5 0 0 0 1 92 30 122 41.68
5 0 0 0 0 5 1 89 31 135 24.9
4 0 0 0 0 9 1 94 36 119 25.15
7 0 2 0 0 0 1 92 30 110 45.84
4 0 0 0 0 10 1 93 19 147 40.05
8 0 0 0 0 8 1 95 39 143 27.79
7 1 0 0 0 0 1 95 23 146 46.54
4 0 0 0 0 8 1 95 40 121 27.56
1 0 0 0 0 0 0 47 126 36.34
1 0 0 0 0 0 3 97 98 99 0 123 34.55
2 0 10 9 2 5 3 100 102 103 1 84 32.81
2 0 10 7 8 3 3 100 103 111 1 108 26.93
10 0 0 0 10 0 3 108 110 119 1 113 37.97
6 0 2 1 8 0 3 101 107 118 3 131 31.22
1 0 2 9 0 3 2 115 116 9 135 31.13
2 0 2 5 6 0 3 104 111 115 3 117 41.84
9 0 8 4 10 9 3 104 105 112 3 129 45.62
1 0 0 6 10 9 3 106 108 110 12 140 45.69
6 0 2 5 0 0 3 108 113 117 12 104 44.49
10 0 0 10 0 6 1 109 13 138 46.77
6 0 8 10 6 4 3 110 112 116 9 113 46.57
7 0 3 0 10 0 3 118 120 123 18 108 44.39
5 1 0 0 0 0 2 114 116 23 146 47.28
7 0 4 4 2 0 2 121 122 15 147 33.31
10 0 7 3 9 10 3 117 120 122 5 82 25.21
10 0 5 0 5 6 3 114 115 121 15 151 35.88
4 0 7 2 3 4 3 114 118 119 18 91 39.32
4 1 0 0 0 0 1 122 28 152 29.75
8 1 0 0 0 0 3 120 124 125 25 125 25.34
6 1 0 0 0 0 1 117 28 129 43.37
4 0 5 6 0 2 1 119 34 147 44.17
1 1 0 0 0 0 1 126 25 128 35.83
5 0 2 4 5 2 3 121 123 126 38 128 34.34
2 0 7 5 4 1 1 126 33 133 40.15
5 0 0 7 8 2 2 124 125 43 129 25.01
1 1 0 0 0 0 1 123 32 113 37.63
8 0 5 0 9 9 2 124 125 43 121 24.03
6 0 7 0 0 0 1 127 51 130 41.03
1 0 1 3 9 0 1 127 51 138 31.13
3 0 5 0 7 3 1 127 43 112 42.34
1 0 0 0 0 0 0 57 176 33.69
1 0 0 0 0 0 3 129 130 131 0 98 36.56
10 0 0 6 4 0 3 132 147 148 1 89 25.3
2 0 6 0 6 0 3 133 134 137 1 136 27.32
5 0 0 8 9 5 2 142 154 1 129 30.64
7 0 2 0 7 3 3 138 149 155 11 131 29.48
2 0 10 5 5 10 3 135 139 152 3 79 26.07
7 0 0 0 3 3 2 140 141 3 91 46.8
9 0 3 5 4 8 3 136 144 145 5 141 44.14
6 1 0 0 0 0 1 157 14 121 27.22
3 0 0 9 10 1 1 150 3 108 43.78
9 0 0 10 1 10 1 153 18 124 35.66
9 0 4 0 1 7 2 142 144 5 122 39.91
4 0 7 0 6 1 3 143 146 156 10 94 25.27
10 0 0 0 7 5 1 149 10 148 43.82
5 0 1 4 0 2 1 151 14 112 45.65
6 1 0 0 0 0 1 150 14 148 29.47
5 0 2 0 5 10 1 158 14 92 24.34
5 0 0 4 7 1 1 155 14 116 45.41
7 1 0 0 0 0 1 153 14 131 43.54
10 0 0 7 0 8 1 150 11 134 41.74
6 1 0 0 0 0 1 155 11 110 25.46
5 0 9 3 6 0 1 157 20 153 37.8
4 0 1 9 0 1 1 152 21 136 42.7
9 0 3 4 0 8 1 156 19 120 29.42
1 0 8 0 8 6 1 158 25 101 47.24
2 0 4 2 2 10 1 157 27 108 26.97
2 0 3 5 7 10 1 156 6 78 29.07
10 0 9 9 8 10 1 158 19 132 41.8
8 0 10 9 5 4 1 159 28 158 39.17
4 0 0 8 8 5 1 159 29 100 29.12
3 0 0 4 2 10 1 159 29 137 35.45
1 0 0 0 0 0 0 36 148 33.58
1 0 0 0 0 0 3 161 162 163 0 72 27.05
5 0 2 2 3 4 3 166 168 172 1 117 28.33
10 0 4 6 1 9 2 169 173 1 94 33.13
5 0 10 4 1 3 3 164 165 170 1 109 24.3
2 0 1 6 6 1 3 169 178 183 6 118 43.47
3 0 9 4 9 1 3 168 172 180 6 124 43.5
3 0 7 3 3 4 3 167 173 174 6 119 47.24
3 1 0 0 0 0 3 177 179 190 9 124 33.22
5 0 1 10 8 5 3 176 179 181 9 147 45.22
8 0 8 9 5 8 3 182 186 187 11 101 41.36
2 0 9 10 2 1 3 171 174 179 6 110 26.12
3 0 8 5 1 3 3 175 178 185 8 99 41.92
9 0 1 3 2 8 3 173 174 177 9 102 47.47
9 0 1 1 9 3 3 181 183 190 18 154 46.55
6 0 10 9 10 6 2 176 185 18 109 42.56
3 0 3 6 7 2 3 177 180 181 11 82 42.21
5 1 0 0 0 0 3 178 183 187 24 160 24.62
5 1 0 0 0 0 2 184 189 18 106 39.66
1 0 10 1 6 3 2 182 188 29 147 38.52
2 0 9 10 7 5 3 185 186 187 14 99 25.44
6 1 0 0 0 0 1 182 14 112 36.0
9 1 0 0 0 0 1 184 27 160 43.81
9 0 6 4 7 9 1 190 30 166 41.12
4 1 0 0 0 0 2 184 189 29 140 44.4
7 0 6 7 6 3 1 186 36 115 27.84
6 0 4 10 5 8 1 188 24 124 27.71
10 0 10 3 10 1 1 188 43 164 47.14
10 0 1 3 7 1 1 189 29 124 26.03
4 0 8 5 1 1 1 191 53 124 37.03
7 0 9 1 3 10 1 191 39 165 25.4
6 0 5 7 5 10 1 191 39 143 26.27
1 0 0 0 0 0 0 57 170 47.19
1 0 0 0 0 0 3 193 194 195 0 70 35.76
4 0 5 5 0 10 2 199 203 1 135 37.44
8 0 5 3 6 4 3 197 205 214 1 132 29.97
8 0 2 5 0 10 3 196 198 203 1 130 31.86
4 0 3 7 7 0 3 197 206 207 9 118 44.1
1 0 9 0 1 5 3 200 201 213 13 105 41.56
7 0 4 9 7 0 3 200 201 202 9 99 30.74
9 0 2 0 0 10 3 202 205 210 5 111 36.47
3 0 4 0 0 4 3 209 215 216 16 144 47.25
8 1 0 0 0 0 2 209 215 16 108 43.55
5 1 0 0 0 0 2 211 217 16 152 31.65
2 0 0 6 10 8 3 204 212 213 9 141 26.9
10 0 9 1 5 0 3 207 210 211 11 133 28.53
3 0 7 9 0 9 2 207 208 14 86 39.81
3 0 0 0 1 4 3 211 212 218 13 132 42.46
8 0 7 0 0 3 3 216 217 219 21 148 42.34
4 1 0 0 0 0 3 209 213 216 17 88 39.76
7 0 4 4 5 3 2 212 219 24 147 47.66
10 0 8 10 6 7 3 214 218 221 21 127 33.95
4 1 0 0 0 0 1 214 21 127 36.46
7 0 3 0 3 9 1 220 31 106 27.24
4 1 0 0 0 0 3 215 217 219 21 153 47.56
1 0 8 0 9 0 1 222 31 119 30.23
10 0 0 1 7 4 1 221 25 154 47.59
8 0 4 10 10 9 1 222 29 108 37.79
4 0 0 10 0 0 1 218 29 152 39.59
8 0 0 2 7 6 1 220 33 148 32.72
2 0 1 7 3 4 3 220 221 222 31 163 30.42
2 0 4 2 4 6 1 223 41 153 30.62
6 0 6 3 1 0 1 223 35 147 41.15
2 0 0 4 7 4 1 223 37 157 28.65
1 0 0 0 0 0 0 43 126 42.29
1 0 0 0 0 0 3 225 226 227 0 120 29.16
9 0 6 3 4 9 3 228 229 233 1 87 25.62
10 0 3 3 6 10 3 229 245 246 1 122 41.09
4 0 8 3 10 1 3 232 233 243 1 89 46.66
1 0 4 2 10 7 3 230 231 234 10 129 43.45
9 0 6 5 3 10 3 230 237 240 11 124 31.26
4 0 6 1 10 4 2 242 244 20 144 36.49
6 0 8 2 4 5 3 235 237 246 11 124 45.15
1 0 7 4 5 5 3 237 238 251 5 98 37.82
1 0 2 5 1 1 3 236 242 244 10 120 33.1
2 0 2 10 9 3 3 238 241 248 11 139 32.25
3 0 7 3 4 9 3 236 239 240 17 115 32.17
4 1 0 0 0 0 3 238 248 250 20 112 43.3
7 0 9 4 8 4 1 247 20 135 27.76
10 0 1 4 1 10 1 245 24 122 43.33
8 0 1 8 5 6 3 241 242 245 20 147 30.33
9 0 5 9 3 4 3 241 248 249 20 120 25.69
7 1 0 0 0 0 2 243 252 29 117 30.13
4 1 0 0 0 0 3 247 249 251 28 99 25.3
9 0 5 6 10 3 2 244 247 36 149 46.28
10 0 7 2 2 9 2 250 251 45 118 28.78
5 0 6 6 1 1 1 249 34 104 33.21
10 0 6 1 8 8 2 250 252 17 93 45.93
8 0 10 8 6 5 2 253 254 45 155 38.42
9 0 2 7 3 4 1 252 29 137 44.07
1 0 8 9 2 2 1 254 39 144 44.44
5 0 2 4 2 9 2 253 254 55 143 45.62
6 0 8 10 9 3 1 253 55 153 30.17
8 0 5 10 4 10 1 255 38 173 34.69
5 0 1 7 6 8 1 255 61 131 26.23
6 0 4 8 1 10 1 255 60 145 26.7
1 0 0 0 0 0 0 66 174 30.4
1 0 0 0 0 0 3 257 258 259 0 80 24.74
9 0 10 0 0 0 3 260 268 271 1 124 41.41
10 0 0 6 3 0 3 261 264 277 1 138 27.34
9 0 0 7 0 0 3 260 263 264 1 131 28.34
9 0 5 2 5 0 2 266 273 10 121 46.31
2 0 0 0 6 3 3 262 263 267 11 110 34.52
6 0 0 1 0 7 3 265 266 269 13 109 35.87
10 0 5 0 8 0 3 268 270 271 13 112 27.23
10 1 0 0 0 0 1 276 11 95 37.59
3 1 0 0 0 0 3 268 273 278 19 145 33.94
10 1 0 0 0 0 3 274 278 286 19 101 25.48
9 0 4 0 0 0 2 275 285 13 105 34.83
4 0 0 0 0 10 3 272 274 283 23 133 41.46
8 0 5 2 8 0 3 272 273 278 19 149 34.15
2 1 0 0 0 0 3 272 274 286 23 114 45.9
3 1 0 0 0 0 3 279 281 283 23 105 40.52
9 0 2 0 0 3 3 275 276 281 27 114 36.82
1 0 2 10 0 7 3 280 282 283 27 153 42.11
6 1 0 0 0 0 3 275 276 281 29 119 37.06
8 0 7 0 0 0 1 279 36 137 42.9
2 1 0 0 0 0 1 280 36 138 46.78
8 0 10 1 0 0 1 284 11 127 46.9
3 0 5 0 0 2 2 279 285 29 124 24.18
7 0 10 2 0 0 2 280 282 44 178 41.52
3 0 6 0 7 6 1 284 51 125 27.34
10 0 4 1 0 7 2 282 285 36 141 33.44
8 0 0 8 0 7 1 284 51 125 31.85
1 1 0 0 0 0 1 286 28 118 26.09
2 0 5 0 0 0 1 287 59 161 32.42
5 0 0 9 0 8 1 287 46 136 24.84
6 1 0 0 0 0 1 287 29 160 41.42
1 0 0 0 0 0 0 61 133 35.53
1 0 0 0 0 0 3 289 290 291 0 98 40.91
6 0 0 0 2 0 3 293 299 305 1 115 28.65
9 0 9 0 0 0 2 310 313 1 115 33.27
5 0 0 0 2 0 3 292 297 317 1 130 40.77
7 0 0 0 0 6 3 294 306 308 6 104 46.8
5 0 0 3 0 0 3 295 296 301 7 139 47.24
9 1 0 0 0 0 2 302 305 13 150 34.92
9 0 0 0 0 9 2 298 309 12 117 33.01
9 0 0 0 0 6 1 300 12 128 29.82
1 0 4 0 0 0 1 310 6 102 36.74
1 0 0 0 0 6 1 303 21 126 25.78
6 0 0 3 0 0 2 304 314 7 144 32.73
5 1 0 0 0 0 1 303 21 96 31.98
3 0 0 8 0 0 2 304 315 12 149 36.93
3 1 0 0 0 0 1 315 22 147 30.73
2 0 0 7 0 0 2 312 316 26 118 45.69
5 1 0 0 0 0 1 311 15 128 39.45
4 0 0 0 0 8 1 310 22 154 42.74
8 0 0 0 0 1 1 307 13 141 28.21
8 0 0 0 10 0 1 311 21 160 33.05
2 0 0 3 0 0 1 313 13 104 28.64
2 1 0 0 0 0 1 317 21 141 24.64
3 0 0 0 3 0 2 314 315 26 153 37.74
6 0 0 0 0 4 1 318 29 145 34.88
9 0 0 0 9 0 1 318 28 159 25.87
4 0 0 0 0 4 1 316 15 115 43.51
2 0 0 2 0 0 1 316 29 148 24.8
2 0 2 0 0 0 1 318 29 142 44.46
3 0 2 0 0 0 1 319 31 149 43.96
2 1 0 0 0 0 1 319 23 119 34.35
3 0 0 0 9 0 1 319 37 157 43.8
1 0 0 0 0 0 0 40 144 35.88
1 0 0 0 0 0 3 321 322 323 0 75 33.41
6 0 0 0 6 0 3 324 326 329 1 97 31.1
10 0 2 0 0 0 2 340 346 1 98 42.09
8 0 0 1 0 0 1 327 1 107 42.85
7 0 2 0 0 0 2 325 328 7 145 47.83
2 0 4 0 0 0 2 334 348 14 145 28.1
4 0 0 0 0 9 2 330 339 7 119 43.41
1 0 10 0 0 0 3 337 338 341 9 83 31.92
4 0 0 0 0 4 1 331 14 143 34.61
7 0 0 3 0 0 3 332 343 344 7 103 36.69
9 0 0 0 0 5 2 333 342 11 107 47.19
6 1 0 0 0 0 1 343 18 145 46.52
2 0 0 0 2 0 1 339 14 104 36.98
6 0 3 0 0 0 1 341 20 113 37.74
6 0 0 0 1 0 3 335 336 347 16 137 33.6
7 0 10 0 0 0 1 350 22 98 46.84
4 1 0 0 0 0 2 337 345 22 153 39.7
3 1 0 0 0 0 1 349 26 143 43.49
9 0 0 9 0 0 1 339 10 126 46.65
1 1 0 0 0 0 1 349 19 99 44.57
4 0 3 0 0 0 1 342 11 114 40.0
7 0 0 0 9 0 1 347 26 120 46.09
2 1 0 0 0 0 1 347 20 99 28.67
5 0 0 8 0 0 2 346 349 24 125 26.54
8 0 0 5 0 0 1 345 14 100 32.13
1 1 0 0 0 0 1 346 26 122 46.57
6 0 0 0 0 6 1 350 29 166 46.2
9 0 6 0 0 0 1 350 33 142 37.37
8 0 0 0 9 0 1 351 16 127 46.25
8 0 0 0 0 3 1 351 29 110 38.27
6 0 0 0 8 0 1 351 42 167 41.59
1 0 0 0 0 0 0 48 161 31.9
1 0 0 0 0 0 3 353 354 355 0 109 32.03
6 0 5 0 0 0 2 356 359 1 97 43.82
5 0 5 2 8 10 3 360 362 371 1 83 32.94
3 0 8 0 0 0 2 360 363 1 111 32.24
3 0 3 0 5 0 1 357 7 98 28.76
8 0 7 6 0 0 2 358 373 10 132 36.66
6 0 1 0 1 0 1 380 18 143 42.76
8 0 0 7 0 9 3 365 366 376 7 146 43.28
8 0 0 0 9 0 3 361 364 374 6 137 31.94
6 0 0 8 2 0 1 370 14 108 26.94
10 0 9 0 0 0 2 363 372 6 123 30.54
8 0 0 0 2 7 1 380 16 144 42.48
8 0 5 2 2 0 2 367 368 14 137 24.18
6 0 0 0 0 5 2 369 375 15 125 33.87
5 0 10 7 2 4 2 369 373 15 147 32.74
2 1 0 0 0 0 2 369 372 22 124 43.35
9 1 0 0 0 0 2 375 382 22 114 37.73
7 1 0 0 0 0 1 379 24 149 27.02
5 1 0 0 0 0 1 375 20 114 25.57
4 0 2 0 8 0 1 378 6 88 29.13
3 1 0 0 0 0 1 381 24 116 45.8
10 0 0 5 0 3 1 379 20 155 33.31
8 0 0 0 0 9 1 380 14 138 40.61
6 0 0 7 0 3 1 377 31 156 34.25
1 0 9 5 6 0 1 377 15 121 37.43
8 0 7 0 4 0 1 378 37 117 33.78
6 0 5 0 8 7 1 381 45 135 42.72
5 0 0 0 10 0 1 382 31 153 27.92
8 1 0 0 0 0 1 383 24 105 47.53
1 0 10 0 5 7 1 383 51 131 42.15
9 0 0 8 0 0 1 383 36 174 31.63
1 0 0 0 0 0 0 52 177 39.37
97.87 87.02 82.24 80.38 80.8 86.2 105.62 116.88 118.42 108.0 100.75 93.19 84.1 80.21 72.36 77.93 80.45 90.43 88.61 90.9 94.03 99.18 99.56 93.52 88.51 85.86 84.7 84.05 86.25 95.18 101.38 108.9 96.98 82.12 68.77 56.28 25.06 8.95 11.67 21.47 55.14 74.27 85.81 107.85 141.01 116.33 108.83 100.96 96.09 92.03 87.07 85.17 87.15 97.15 100.98 98.65 90.99 72.7 58.59 40.45 24.79 17.69 10.7 28.25 54.23 81.08 84.43 121.34 113.2 108.13 99.62 96.29 94.81 88.24 78.39 75.82 78.37 87.12 100.52 100.69 93.96 85.62 72.89 71.88 62.44 49.48 35.27 56.25 73.74 88.12 90.87 114.17 131.28 118.62 107.87 102.21 104.96 98.01 91.74 88.3 93.62 100.52 106.43 110.0 106.13 98.62 77.66 71.83 72.48 63.67 50.41 50.76 72.4 77.48 91.84 107.62 105.0 99.37 106.42 101.11 104.13 100.0 97.59 92.19 91.37 90.87 89.53 84.61 77.91 61.53 31.71 5.68 2.95 0.0 0.0 0.0 5.43 61.96 92.52 100.14 101.15 100.34 101.05 94.13 82.96 77.4 71.52 68.87 66.59 60.8 47.24 26.18 6.16 0.0 -1.01 -2.1 -3.0 -9.9 -10.08 -4.98 -1.78 -11.06 58.84 79.91 85.38 89.62 94.0 85.09 81.29 70.07 69.97 69.91 73.31 81.9 94.44 102.03 98.6 91.4 72.89 53.83 14.9 4.05 0.66 11.02 34.96 65.28 81.0 90.65 93.08 89.09 68.34 62.14 9.5 15.71 11.54 24.55 54.79 74.46 92.24 94.42 75.45 3.91 0.03 -1.8 -4.81 -6.18 -11.72 -5.54 21.6 55.01 60.8 103.44 114.28 103.44 85.0 79.94 75.0 60.44 59.64 59.37 58.98 83.01 99.68 99.85 83.98 27.84 0.0 -1.01 -4.11 -6.47 -2.87 5.52 19.18 45.97 95.92 109.11 169.88 156.88 110.0 101.58 97.65 97.7 92.13 89.87 90.16 94.42 109.67 105.0 72.67 41.83 6.77 0.0 -0.12 -2.71 -0.25 -0.01 17.09 63.53 98.24 111.57 146.42 127.54 110.0 101.28 94.64 90.38 86.47 83.66 82.0 91.14 101.07 102.69 92.89 65.12 30.52 7.48 0.0 -0.01 -0.01 0.0 10.49 75.6 100.0 133.22 164.05 154.54 122.22 108.68 102.93 102.39 102.0 99.09 100.0 100.0 99.23 93.45 69.73 15.34 -0.02 -1.0 -8.67 -15.96 -15.2 -3.47 -0.01 33.15 82.07 106.38 120.0 119.26 107.77 95.6 84.88 83.43 83.41 78.31 81.12 84.16 82.51 71.97 26.43 -0.01 -3.32 -15.6 -38.92 -61.21 -50.62 -21.0 -0.95 10.9 81.36 109.09 123.64 120.23 107.16 98.87 101.36 93.13 88.36 85.99 94.18 105.51 132.2 131.05 103.44 57.85 22.77 2.54 0.0 0.0 0.0 9.0 58.06 94.83 113.01 169.56 217.3 140.0 108.87 96.0 93.0 89.67 85.41 85.32 87.01 94.82 108.05 105.07 97.94 84.58 38.06 22.56 8.38 3.0 5.15 35.05 73.34 99.96 118.39 183.56 212.05 146.12 114.35 98.07 96.42 90.0 86.89 84.71 87.07 93.52 108.93 107.62 104.34 76.99 45.83 41.84 20.83 16.96 41.39 70.9 84.3 96.64 121.94 204.58 235.8 154.57 123.21 106.27 98.1 92.0 88.45 88.02 88.36 97.49 108.92 110.23 99.92 91.43 77.41 66.74 52.26 41.36 54.9 69.43 78.99 101.51 129.83 233.8 274.02 154.56 120.34 105.95 99.77 99.09 93.63 89.92 91.63 96.47 101.15 100.86 95.62 75.64 32.41 3.0 0.08 0.0 0.0 1.73 31.89 81.5 106.71 117.47 128.68 111.97 105.93 95.92 95.82 90.68 89.62 85.21 83.94 86.88 90.43 89.64 79.86 66.52 25.45 3.8 0.17 -0.01 -0.01 -0.01 29.76 70.01 73.45 81.78 88.0 93.02 93.56 89.98 91.22 85.05 86.15 85.77 86.57 88.56 88.43 79.15 74.4 27.39 8.15 0.32 -0.05 -0.78 -1.03 0.65 14.0 70.55 94.8 109.12 109.84 110.04 105.02 102.41 91.43 86.73 83.81 82.78 87.9 98.84 117.11 125.34 108.78 88.51 71.02 45.93 20.04 14.23 18.34 54.56 71.68 93.82 110.93 185.7 211.45 125.19 107.2 101.25 100.92 94.61 88.0 86.13 89.8 102.21 110.84 109.58 98.05 88.57 69.64 43.23 25.21 20.77 28.79 42.92 65.47 95.33 120.11 155.37 165.78 115.95 104.24 98.22 97.51 92.93 87.44 85.52 89.59 98.68 109.06 109.55 102.58 87.69 76.37 66.19 48.56 35.0 41.89 72.39 80.69 103.73 114.26 136.15 133.62 116.14 105.02 98.95 97.02 88.8 86.23 89.28 90.52 107.21 114.02 115.32 106.73 99.11 88.1 80.09 71.8 70.01 69.62 78.23 84.22 102.03 113.4 129.68 132.91 112.93 103.96 94.17 88.33 80.75 77.23 75.91 75.56 86.3 104.74 106.3 102.09 91.08 72.35 41.5 14.85 4.4 0.7 4.73 45.3 72.22 94.17 105.08 112.82 107.45 103.02 94.37 95.33 89.32 87.61 85.05 85.35 85.46 86.59 86.77 83.29 60.4 13.71 3.32 1.34 0.07 0.17 3.52 12.59 75.36 97.69 109.0 120.28 120.32 111.16 105.24 100.5 95.12 94.2 91.87 90.91 90.8 90.0 84.9 48.37 2.64 -0.01 -0.07 -1.98 -7.45 -7.4 -0.1 0.0 65.46 100.87 110.4 117.21 114.32 107.5 100.52 95.28 87.03 83.48 81.78 82.6 101.79 114.33 123.39 108.88 91.97 70.01 35.02 10.0 5.93 6.78 25.2 59.45 88.12
