384 5
1 34 35 34 42
1 0 0 0 0 0 3 1 2 3 0 130 20.91
6 0 0 0 7 0 3 10 11 14 1 135 10.88
4 0 0 0 1 0 3 4 7 15 1 107 19.19
2 0 0 0 0 2 1 26 1 90 16.34
1 0 0 0 6 0 3 5 11 13 5 79 17.9
5 0 2 0 0 0 1 6 6 136 14.23
1 0 0 0 0 6 2 8 27 11 110 13.06
3 0 0 9 0 0 2 9 19 5 121 11.38
5 1 0 0 0 0 2 12 20 12 142 18.17
6 0 8 0 0 0 2 16 24 8 101 16.46
6 0 0 0 7 0 2 24 27 7 103 18.87
4 1 0 0 0 0 2 24 28 7 112 13.58
1 1 0 0 0 0 3 21 22 30 17 111 14.04
6 0 0 1 0 0 1 16 6 123 13.64
5 0 0 0 0 2 1 23 7 122 17.6
3 0 0 0 5 0 1 17 5 131 20.88
3 1 0 0 0 0 1 25 14 149 19.89
2 0 7 0 0 0 2 18 22 8 84 14.8
3 0 0 8 0 0 1 21 10 123 18.21
3 1 0 0 0 0 1 28 8 102 17.03
7 0 0 0 0 2 1 30 17 106 19.89
4 1 0 0 0 0 1 23 18 109 20.25
8 0 0 0 0 5 1 23 18 156 13.04
1 0 0 0 0 5 1 28 26 99 12.98
8 0 0 9 0 0 1 29 14 152 13.09
8 0 0 5 0 0 1 27 17 156 13.22
5 0 0 9 0 0 1 29 3 138 11.72
1 0 0 4 0 0 1 29 25 111 11.52
5 0 0 4 0 0 1 31 27 144 17.87
2 0 0 9 0 0 1 31 26 99 17.58
1 0 0 0 0 10 1 31 24 121 11.14
1 0 0 0 0 0 0 32 169 20.22
1 0 0 0 0 0 3 33 34 35 0 121 17.94
2 0 2 5 8 7 3 37 47 48 1 97 21.09
8 0 4 8 1 6 3 36 43 54 1 125 15.62
1 0 9 9 5 9 3 42 44 53 1 102 14.14
10 0 1 2 5 6 3 38 39 40 9 125 11.72
10 0 7 10 1 7 1 56 3 121 15.25
1 1 0 0 0 0 3 45 58 60 19 116 14.67
4 0 7 10 3 4 1 41 19 147 15.72
3 1 0 0 0 0 1 46 19 133 19.91
8 0 4 7 7 8 2 49 52 23 121 16.43
6 0 3 8 6 6 1 47 2 99 19.34
8 0 5 3 6 9 2 48 49 9 122 12.67
6 0 10 6 1 8 1 60 2 96 13.32
7 0 5 9 9 7 3 46 51 53 20 147 10.76
5 1 0 0 0 0 1 48 27 130 20.47
4 0 5 1 4 9 1 50 8 100 12.74
7 0 3 9 8 3 1 55 32 112 15.94
7 0 10 5 5 7 1 58 31 151 18.68
8 0 8 8 6 10 1 57 12 118 19.6
1 1 0 0 0 0 1 52 27 154 20.84
10 0 6 9 2 6 1 61 31 169 17.39
3 1 0 0 0 0 1 55 27 142 15.53
2 0 1 2 7 1 1 56 9 118 16.87
3 0 9 9 2 2 1 56 39 144 16.76
8 0 3 1 4 10 1 62 42 154 10.89
4 1 0 0 0 0 2 60 62 20 161 12.65
4 0 3 10 2 5 1 59 38 128 17.03
1 0 4 1 2 4 1 61 42 176 12.63
8 1 0 0 0 0 1 63 24 170 19.27
2 0 1 4 8 3 1 63 43 136 11.72
2 0 8 8 6 6 1 63 50 172 17.83
1 0 0 0 0 0 0 52 142 19.57
1 0 0 0 0 0 3 65 66 67 0 73 14.87
6 0 7 9 7 0 3 77 79 90 1 90 11.89
10 0 6 8 9 0 2 69 70 1 133 13.22
10 0 6 2 6 8 3 68 71 87 1 86 12.32
3 0 0 6 1 6 3 72 74 75 11 94 11.94
10 0 9 3 9 0 1 76 11 104 14.71
8 0 0 0 3 0 2 73 80 11 103 15.87
1 0 8 10 0 8 1 79 11 95 13.85
4 0 10 4 3 0 2 78 88 14 137 14.89
9 0 0 3 3 0 2 84 89 19 146 14.55
5 0 4 10 0 5 3 83 89 91 14 128 20.2
4 0 2 7 0 4 1 93 14 147 19.46
8 1 0 0 0 0 1 82 21 153 16.2
10 0 0 1 0 1 1 81 7 126 16.68
9 0 9 0 4 0 1 79 18 140 19.51
10 0 10 2 10 5 1 82 27 174 18.78
9 1 0 0 0 0 1 92 19 121 19.11
6 1 0 0 0 0 1 84 17 139 16.98
7 0 2 5 4 2 2 85 86 37 143 15.07
8 0 10 2 6 2 1 88 19 123 19.96
2 1 0 0 0 0 1 88 28 161 14.43
1 0 4 8 9 5 1 92 44 133 15.81
10 0 2 9 7 0 1 94 44 132 11.88
1 0 2 0 7 0 2 91 94 11 139 18.9
6 0 9 5 0 4 1 92 30 158 16.61
10 0 9 10 0 2 2 90 94 28 112 16.37
6 0 3 6 2 2 1 93 38 139 21.29
10 0 1 9 2 9 1 93 19 110 20.2
5 0 1 0 10 7 1 95 45 183 15.13
4 0 10 7 4 1 1 95 44 117 17.61
1 0 0 2 0 0 1 95 54 168 20.43
1 0 0 0 0 0 0 55 140 18.45
1 0 0 0 0 0 3 97 98 99 0 144 15.87
9 0 0 0 8 7 2 113 122 1 129 20.43
3 0 5 6 0 6 3 101 106 119 1 133 18.26
6 0 6 9 3 9 3 100 108 112 1 144 17.92
8 0 7 0 10 6 3 103 104 105 7 115 17.66
8 0 0 5 0 0 3 102 103 116 4 111 15.42
7 0 0 0 0 3 3 107 110 118 12 102 16.54
3 0 0 0 0 2 1 117 15 155 18.24
7 0 0 4 0 0 2 110 119 15 102 11.64
1 0 0 0 0 5 1 109 15 107 16.04
10 1 0 0 0 0 2 111 126 4 105 18.37
1 1 0 0 0 0 1 112 19 145 18.76
7 0 0 0 8 7 1 114 7 121 13.93
7 0 0 6 0 2 1 122 16 104 11.27
7 0 0 8 0 0 1 111 22 167 20.69
6 0 0 3 0 8 2 115 125 29 133 21.22
9 0 3 0 0 6 1 117 20 155 17.24
2 0 0 0 4 0 1 116 10 150 19.28
7 1 0 0 0 0 1 121 14 93 15.94
3 0 0 10 0 3 1 120 35 121 11.51
3 1 0 0 0 0 1 117 12 102 15.55
8 0 7 0 0 0 1 123 29 141 14.22
9 0 0 9 6 0 1 126 19 113 17.61
1 1 0 0 0 0 1 126 22 105 12.47
1 0 0 0 2 4 1 124 38 115 15.99
3 1 0 0 0 0 1 122 21 152 17.89
10 0 0 10 0 2 1 124 24 155 13.28
3 0 8 5 5 0 2 124 125 37 159 13.44
6 0 1 0 0 8 1 127 40 132 20.64
4 0 2 0 10 0 1 127 40 125 13.61
3 0 9 3 6 1 1 127 28 158 18.3
1 0 0 0 0 0 0 46 178 12.17
1 0 0 0 0 0 3 129 130 131 0 136 15.47
8 0 0 9 7 7 2 132 134 1 124 18.85
6 0 10 2 8 5 2 135 140 1 115 14.82
3 0 0 0 10 6 3 142 150 152 1 89 16.96
7 0 2 0 9 8 2 133 138 9 134 18.92
1 0 0 5 10 9 2 137 145 16 149 16.96
4 0 0 7 4 6 3 136 139 143 9 86 18.56
6 0 3 7 0 0 1 147 7 145 19.44
3 0 10 1 7 3 2 148 154 13 93 19.61
4 1 0 0 0 0 2 146 149 17 103 16.96
4 0 0 0 8 0 2 150 156 16 95 10.96
9 0 0 0 9 6 2 141 153 13 108 12.89
10 0 0 0 3 1 2 143 153 7 89 13.45
7 1 0 0 0 0 2 144 151 22 130 13.81
9 0 2 0 9 3 1 158 4 147 20.71
7 1 0 0 0 0 1 157 17 129 19.44
1 0 0 10 4 6 1 147 29 132 13.49
10 0 3 5 7 8 1 147 17 151 14.28
3 1 0 0 0 0 1 155 21 105 15.35
7 0 0 7 10 4 1 155 30 149 19.99
2 0 0 2 4 6 1 157 16 122 12.72
9 1 0 0 0 0 1 152 21 118 11.91
2 0 5 1 6 6 1 158 20 111 19.85
10 0 6 3 10 2 1 156 29 169 11.45
7 0 8 1 2 7 1 157 30 165 17.87
7 1 0 0 0 0 2 154 155 22 137 13.54
9 0 8 0 2 8 1 158 29 149 17.25
2 0 3 1 0 5 1 156 37 144 11.09
8 0 0 8 6 4 1 159 39 142 16.45
10 0 7 0 8 9 1 159 37 164 21.13
3 0 0 1 3 6 1 159 38 133 11.19
1 0 0 0 0 0 0 47 175 13.6
1 0 0 0 0 0 3 161 162 163 0 139 19.15
3 0 9 0 0 0 3 165 167 173 1 134 16.71
1 0 0 0 0 10 2 166 180 1 85 11.13
7 0 0 0 0 7 3 164 165 168 1 127 19.91
1 0 0 0 0 2 3 174 177 187 8 102 21.13
9 0 0 0 0 2 3 166 169 179 8 91 20.55
9 0 0 0 0 1 3 172 174 176 17 145 17.18
6 0 5 0 0 0 3 171 172 175 4 83 18.63
5 0 0 6 0 0 2 170 174 8 115 20.12
8 0 9 0 0 0 3 170 172 180 17 115 17.1
10 1 0 0 0 0 3 176 177 181 25 133 13.89
9 0 4 0 0 0 3 177 179 180 10 130 20.1
1 0 0 2 0 0 2 181 184 26 145 13.59
10 0 5 0 0 0 3 175 181 184 4 96 16.46
5 1 0 0 0 0 3 178 182 183 26 146 18.99
10 0 0 5 0 0 3 182 186 190 14 162 14.18
10 0 0 0 0 7 3 178 187 189 35 122 21.05
5 1 0 0 0 0 1 190 35 154 20.79
8 0 0 0 8 0 2 185 188 45 142 14.9
8 1 0 0 0 0 3 183 185 186 19 103 20.58
2 1 0 0 0 0 3 183 184 185 25 111 13.03
1 0 0 2 0 0 1 182 35 159 13.27
8 0 0 0 0 10 1 189 36 166 18.14
7 0 0 0 0 10 1 189 31 124 11.61
2 1 0 0 0 0 2 186 187 27 138 14.37
7 0 1 0 0 0 1 190 53 138 20.32
6 0 6 0 0 0 1 188 29 118 13.29
8 0 0 0 3 0 1 188 45 169 20.18
2 0 0 0 2 0 1 191 53 149 20.83
2 0 0 6 0 0 1 191 45 117 12.27
4 0 0 0 0 2 1 191 60 163 15.37
1 0 0 0 0 0 0 64 180 20.14
1 0 0 0 0 0 3 193 194 195 0 131 21.0
8 0 10 5 3 0 2 199 203 1 89 15.31
6 0 0 3 0 6 3 197 198 207 1 105 10.94
8 0 0 8 3 6 3 196 200 211 1 117 12.13
6 0 9 5 2 10 3 198 204 206 9 93 18.05
8 0 5 0 0 4 1 213 7 89 11.61
6 0 2 6 0 0 1 201 15 144 19.38
2 0 3 2 2 5 2 219 222 9 98 11.83
8 0 3 9 10 4 2 210 214 9 129 19.77
2 0 9 0 2 2 3 202 205 210 21 128 19.46
4 1 0 0 0 0 2 208 209 23 128 10.86
7 0 4 10 0 9 3 205 211 220 9 112 18.55
4 0 6 2 10 0 3 212 213 220 15 90 12.85
3 1 0 0 0 0 1 218 23 112 17.98
7 0 0 8 9 3 3 210 216 217 15 109 16.77
5 0 4 0 10 1 2 212 213 7 132 19.38
5 1 0 0 0 0 1 215 27 133 18.93
3 1 0 0 0 0 2 214 218 27 126 15.94
10 0 10 3 9 8 2 215 218 23 157 11.09
7 0 2 9 0 0 1 216 16 145 14.55
8 1 0 0 0 0 2 216 217 19 116 12.73
6 1 0 0 0 0 2 217 219 19 121 14.74
2 0 1 2 7 0 1 215 30 124 18.92
3 0 4 3 10 0 2 220 222 33 121 15.71
10 0 4 1 0 0 2 221 222 27 164 16.69
3 1 0 0 0 0 1 221 27 128 10.74
8 0 5 0 7 0 1 219 33 129 14.13
4 0 0 9 10 7 1 221 41 166 11.55
4 0 6 4 4 8 1 223 36 168 14.74
5 0 1 0 0 4 1 223 45 127 15.7
4 0 2 3 8 9 1 223 37 172 20.66
1 0 0 0 0 0 0 50 158 12.03
1 0 0 0 0 0 3 225 226 227 0 130 16.65
10 0 0 10 0 0 3 228 245 247 1 136 10.74
2 0 0 0 0 8 3 229 230 232 1 127 15.7
6 0 0 0 0 1 3 233 236 238 1 136 15.05
8 0 7 0 0 0 3 231 236 239 11 116 13.08
8 0 0 6 0 0 3 235 236 240 3 135 21.12
2 0 10 0 0 0 3 234 235 243 3 117 18.08
2 0 8 0 0 0 3 237 238 244 19 117 20.35
6 0 0 0 2 0 3 235 243 249 3 149 14.93
6 0 0 8 0 0 3 237 239 240 7 123 16.62
7 0 6 0 0 0 3 237 238 247 5 101 13.32
1 0 0 0 0 6 3 247 250 252 11 122 18.79
1 0 0 9 0 0 2 241 251 19 94 15.06
10 0 0 0 0 2 3 242 246 252 21 107 19.13
10 1 0 0 0 0 3 246 249 250 21 144 11.96
6 0 0 0 5 0 3 241 243 248 19 143 12.03
7 0 0 0 3 0 3 242 245 246 13 134 17.74
9 1 0 0 0 0 2 242 244 25 139 11.14
8 0 0 8 0 0 1 253 34 162 11.21
9 1 0 0 0 0 1 251 25 149 12.86
8 1 0 0 0 0 2 249 254 34 172 13.87
3 0 0 0 0 8 2 250 253 20 147 12.24
2 1 0 0 0 0 1 248 31 129 18.43
9 1 0 0 0 0 1 248 12 146 13.95
7 0 0 1 0 0 2 251 253 33 124 11.8
5 0 0 6 0 0 1 252 42 124 12.1
7 0 0 0 3 0 1 254 31 135 16.0
10 0 0 10 0 0 1 254 40 174 17.82
5 0 0 0 7 0 1 255 47 169 18.74
5 0 3 0 0 0 1 255 42 154 18.45
6 0 0 0 0 7 1 255 50 143 13.88
1 0 0 0 0 0 0 56 138 15.16
1 0 0 0 0 0 3 257 258 259 0 125 18.59
10 0 5 3 6 9 3 267 273 277 1 139 19.35
2 0 0 1 0 8 3 260 263 264 1 108 20.04
10 0 2 0 6 6 3 261 266 274 1 92 19.83
9 0 6 7 6 3 3 262 269 278 3 115 19.57
9 0 4 0 0 0 3 265 267 273 11 116 13.39
9 0 3 5 10 0 3 265 268 270 12 125 21.4
9 0 9 8 10 7 3 271 275 278 3 107 17.84
4 0 0 10 8 1 3 268 269 280 3 118 11.37
6 1 0 0 0 0 3 271 272 284 21 161 20.2
1 0 5 4 6 3 3 272 278 283 11 133 20.91
1 1 0 0 0 0 2 276 280 20 115 17.65
10 1 0 0 0 0 3 272 274 275 21 130 18.03
5 0 4 5 5 0 2 271 276 12 91 20.0
5 1 0 0 0 0 3 273 274 277 21 155 15.54
1 1 0 0 0 0 2 279 281 27 134 14.81
4 0 2 9 0 10 1 281 31 161 19.18
1 1 0 0 0 0 2 280 282 26 126 19.3
6 0 1 0 5 0 3 282 283 285 31 115 19.86
10 0 0 8 9 4 2 276 277 31 163 20.42
2 0 7 8 5 0 1 286 41 174 18.78
5 0 0 8 8 10 1 279 41 138 18.02
8 0 8 3 0 2 3 279 281 284 12 110 15.71
10 0 6 5 2 6 1 285 46 166 12.7
10 0 0 2 4 0 3 283 284 285 27 138 18.14
5 0 6 0 0 6 1 282 35 125 21.21
3 0 9 10 7 0 1 286 40 162 16.3
4 0 2 2 0 0 1 286 37 125 12.74
8 0 5 4 10 0 1 287 37 174 15.32
4 0 3 8 5 0 1 287 56 188 14.44
8 0 2 5 6 8 1 287 43 144 15.54
1 0 0 0 0 0 0 60 136 13.7
1 0 0 0 0 0 3 289 290 291 0 134 18.94
6 0 0 0 6 0 3 292 297 307 1 125 20.79
10 0 0 0 1 0 3 293 298 309 1 139 14.51
8 0 0 0 0 5 3 297 298 306 1 132 13.58
7 0 7 0 0 0 3 294 295 300 7 111 12.11
2 0 0 0 8 0 3 303 308 314 11 90 18.15
1 0 0 0 0 1 3 296 299 304 14 154 19.75
5 0 0 0 0 7 3 296 301 305 14 105 16.88
9 0 1 0 0 0 3 298 306 314 19 124 13.04
7 0 0 4 0 0 3 299 303 305 9 131 18.85
6 1 0 0 0 0 3 308 310 316 28 165 11.81
9 0 0 0 2 0 3 310 312 318 16 97 11.22
10 0 0 8 0 0 3 302 305 308 14 130 11.86
3 0 5 0 0 0 3 302 304 312 19 133 19.41
4 0 0 0 9 0 3 303 309 314 24 141 17.66
7 1 0 0 0 0 2 311 315 28 154 20.61
9 1 0 0 0 0 2 306 310 22 162 14.63
4 1 0 0 0 0 1 313 24 127 17.88
6 1 0 0 0 0 3 309 311 313 31 117 16.22
2 0 7 0 0 0 3 312 313 317 7 136 11.97
2 0 0 8 0 0 1 317 34 136 11.39
1 0 0 0 0 1 1 318 37 165 14.64
1 1 0 0 0 0 1 311 34 129 16.05
7 0 10 0 0 0 1 317 37 130 16.01
4 1 0 0 0 0 1 316 25 164 13.92
10 0 10 0 0 0 1 315 37 152 20.09
7 1 0 0 0 0 1 315 28 140 14.29
6 0 0 0 0 6 2 316 318 47 160 17.11
7 0 10 0 0 0 1 319 53 177 16.9
8 0 0 2 0 0 1 319 44 164 13.03
3 0 6 0 0 0 1 319 53 162 12.23
1 0 0 0 0 0 0 60 188 11.04
1 0 0 0 0 0 3 321 322 323 0 107 12.03
8 0 10 0 0 0 3 328 336 344 1 141 14.47
3 0 0 4 0 0 3 324 329 330 1 101 14.74
6 0 0 5 0 0 3 327 334 338 1 88 12.71
9 0 0 4 0 0 3 325 326 332 4 127 16.25
8 0 0 0 6 0 1 334 13 114 19.61
6 0 0 0 0 8 2 349 350 13 107 12.25
4 0 0 0 0 5 2 331 333 7 110 14.55
5 1 0 0 0 0 3 337 341 342 9 148 12.31
4 0 0 0 0 1 2 331 333 4 93 18.96
5 0 8 0 0 0 2 332 348 4 122 19.9
7 0 10 0 0 0 1 346 11 132 18.89
1 1 0 0 0 0 1 347 13 87 16.15
10 0 0 8 0 0 1 335 11 95 12.09
1 1 0 0 0 0 1 347 21 112 19.64
5 1 0 0 0 0 1 337 21 162 18.68
4 0 0 0 0 9 2 338 339 9 144 20.57
10 0 0 0 10 0 1 340 26 127 21.08
3 0 0 0 3 0 1 345 13 97 11.27
5 0 0 0 5 0 1 345 13 113 11.13
10 0 0 2 0 0 1 348 36 157 15.71
1 0 0 0 5 0 1 346 14 147 17.33
1 1 0 0 0 0 1 343 14 155 16.86
3 1 0 0 0 0 1 346 15 135 16.77
10 0 0 8 0 0 1 345 9 157 19.77
1 0 0 0 0 3 1 347 19 116 12.66
1 0 0 1 0 0 1 348 18 98 14.29
7 0 0 0 5 0 1 350 22 166 20.43
8 0 0 10 0 0 1 351 46 173 12.42
9 0 0 0 7 0 1 351 19 115 16.1
2 0 0 6 0 0 1 351 29 163 10.77
1 0 0 0 0 0 0 54 157 13.29
1 0 0 0 0 0 3 353 354 355 0 122 14.24
5 0 0 0 6 3 3 359 363 372 1 100 14.45
4 0 0 0 2 8 3 356 357 364 1 84 20.48
9 0 10 6 9 10 3 357 364 376 1 125 13.84
10 0 0 10 0 5 3 358 359 366 5 117 20.15
5 0 6 5 3 10 3 360 362 366 10 90 17.69
8 1 0 0 0 0 3 360 363 370 15 117 12.16
4 0 9 0 4 10 3 367 370 371 15 148 11.93
5 1 0 0 0 0 2 361 373 23 134 18.53
8 0 9 4 5 10 3 374 375 378 28 166 14.45
7 0 8 0 5 3 3 368 369 371 15 100 11.84
10 0 1 9 3 0 2 375 376 23 120 14.24
6 0 5 10 4 3 3 365 369 371 10 142 15.53
9 1 0 0 0 0 3 368 372 377 16 161 14.42
6 0 0 2 3 0 3 369 370 372 15 156 19.26
4 1 0 0 0 0 2 376 380 19 154 10.72
8 0 3 9 5 0 2 373 374 25 159 19.77
5 0 8 3 7 9 1 377 22 137 17.7
10 0 8 7 0 7 1 378 23 114 17.13
1 1 0 0 0 0 3 373 374 377 22 97 12.15
3 1 0 0 0 0 2 379 381 25 154 17.71
4 0 1 10 8 7 2 375 378 33 144 15.44
3 0 8 0 7 10 2 380 382 36 107 16.91
6 0 6 0 1 0 1 381 37 162 18.18
9 0 10 4 0 3 1 382 33 175 19.51
1 1 0 0 0 0 2 379 380 27 151 17.93
6 0 0 6 3 10 2 379 381 37 143 11.28
10 0 7 2 5 6 1 382 43 143 17.89
6 0 0 0 0 1 1 383 39 152 19.61
5 0 3 10 6 5 1 383 43 130 12.56
4 0 0 4 4 5 1 383 53 174 18.26
1 0 0 0 0 0 0 57 150 19.48
112.39 105.07 104.46 100.37 100.0 110.15 140.28 180.0 220.91 173.53 141.49 121.08 114.26 118.34 119.76 141.59 134.07 146.21 147.81 138.69 118.5 118.19 115.57 103.84 108.44 105.52 101.09 99.84 103.23 108.88 147.76 159.75 183.97 151.94 123.72 117.43 112.05 112.97 115.35 123.7 122.33 145.63 155.13 148.25 126.47 100.8 114.93 127.32 106.14 111.75 110.48 108.91 105.85 108.88 128.02 189.75 301.07 307.36 299.88 294.05 299.39 296.95 277.91 278.85 320.03 368.41 320.52 268.72 180.95 151.2 140.72 123.9 126.14 117.84 117.38 114.72 114.38 120.87 128.06 162.75 197.25 175.0 151.9 140.64 132.21 133.21 138.91 159.07 171.96 187.68 184.32 179.97 159.6 138.33 140.96 127.6 119.83 121.5 118.11 115.27 115.58 121.93 140.8 175.01 208.13 175.34 158.0 140.74 126.44 124.03 133.25 151.98 166.42 178.02 179.92 174.22 157.91 145.0 139.97 129.09 126.97 121.42 121.77 118.96 117.46 119.88 118.35 137.54 146.2 144.1 135.94 121.96 118.87 115.01 119.36 132.7 139.43 160.0 167.57 167.85 156.12 143.42 136.4 129.36 130.04 125.6 124.18 121.24 120.18 120.0 121.77 124.65 123.74 126.82 127.5 126.21 112.25 107.51 116.81 126.88 136.94 144.8 155.42 152.75 143.82 134.7 136.78 124.72 122.64 120.11 116.64 114.41 115.45 130.43 157.86 262.23 418.43 291.7 236.29 196.09 181.38 171.39 191.9 277.05 381.61 563.13 473.28 295.57 220.0 170.0 164.46 146.37 128.04 124.74 116.86 109.16 104.41 107.58 118.07 139.33 182.65 185.39 180.0 141.91 123.12 124.43 125.4 167.12 199.3 284.16 244.75 200.27 172.45 153.82 136.59 121.22 128.83 125.47 122.91 122.4 124.01 124.98 140.01 168.87 229.46 199.41 179.06 172.94 165.0 170.0 179.92 193.22 173.93 181.09 165.0 150.33 104.81 117.61 127.0 104.67 108.01 103.33 108.55 103.09 98.75 108.01 140.0 136.6 155.0 170.0 149.61 151.0 148.85 160.59 151.9 155.0 140.0 132.7 130.72 141.07 140.0 134.36 132.7 100.02 108.01 108.01 85.9 84.59 84.59 112.01 150.0 159.79 165.0 155.0 155.0 145.0 164.97 161.9 165.0 150.0 142.98 150.0 144.92 120.72 112.52 84.59 78.49 69.69 78.81 79.28 85.0 85.89 83.08 87.35 86.48 93.34 99.43 97.58 90.98 88.95 84.76 83.83 93.78 111.34 128.12 143.36 148.87 143.84 134.26 137.76 136.07 122.98 128.16 117.41 113.77 108.6 107.9 110.17 112.83 120.0 127.4 124.96 108.2 103.36 97.14 92.16 105.97 114.2 129.53 135.05 124.79 113.78 111.15 100.88 82.0 77.55 74.89 70.06 38.09 41.5 74.3 80.24 229.52 262.77 179.0 139.31 99.15 95.78 129.35 105.39 131.67 150.0 165.0 145.0 130.0 165.0 145.44 116.26 130.0 88.67 79.25 80.38 81.28 80.57 84.17 101.8 122.89 133.83 146.8 132.61 125.2 120.56 118.25 121.75 125.94 135.95 146.66 152.24 141.76 133.9 118.07 94.05 100.5 86.66 86.54 84.95 81.03 79.81 84.95 95.93 119.06 133.72 144.22 133.53 108.03 91.41 85.6 86.04 92.91 115.15 119.94 140.72 150.0 145.35 135.08 123.06 115.19 100.21 97.39 97.02 96.22 97.37 96.94 111.24 141.97 153.11 160.3 151.64 132.75 123.25 113.85 113.3 129.8 153.72 161.45 178.92 174.84 161.29 150.56 134.48 126.66 120.2 120.0 117.35 114.01 114.01 116.58 121.01 154.37 159.87 163.7 154.82 130.1 126.2 120.06 121.19 119.89 151.47 168.59 184.56 184.48 178.99 162.66 152.7 152.38 134.97 139.56 131.39 125.78 119.17 119.22 120.86 127.18 144.74 153.46 142.44 128.4 120.08 110.29 103.4 113.7 129.91 155.04 168.01 167.41 162.98 156.6 145.24 141.73 131.74 133.26 126.91 122.99 120.66 122.34 123.41 128.09 135.9 137.3 137.7 130.04 129.33 122.24 111.88 116.65 128.89 153.14 165.25 172.32 173.95 165.5 155.77 148.44 133.24 129.54 126.63 124.72 120.04 123.24 127.77 159.18 207.88 243.23 178.04 149.95 126.16 117.27 115.52 124.31 147.32 169.51 214.64 200.73 201.1 167.74 153.0 144.21 135.81 132.4 125.54 123.18 123.99 123.25 127.63 155.37 191.13 211.99 163.31 136.53 126.71 117.55 113.18 120.09 138.47 170.43 178.26 175.0 171.02 152.85 131.0 130.77 123.05 115.2 110.86 110.27 109.09 115.43 122.5 147.67 168.12 180.81 159.33 133.5 121.97 117.02 119.5 128.85 144.12 160.36 177.15 189.9 189.63 170.0 155.42 143.7 133.68 133.67 129.8 125.95 125.0 125.01 134.5 154.93 180.09 219.08 178.95 160.22 150.88 145.88 142.97 139.07 150.09 171.17 176.63 169.12 162.12 135.15 123.54 131.27 121.95 126.05 112.7 108.82 105.0 114.14 127.75 178.61 181.71 164.98 150.47 134.44 117.05 113.52 118.79 122.32 151.3 133.7 132.92 136.89 132.27 111.54 87.65 98.8 100.0 83.39 86.49 86.39 88.13 89.69 90.99 88.95 93.24 112.24 97.54 94.55 86.74 85.4 87.56 92.77 118.0 136.88 144.46 160.47 160.33 155.17 149.0 143.56 135.53 135.0 127.75 124.07 119.3 116.81 117.0 117.0 133.43 136.77 120.94 113.7 109.1 87.08 98.01 109.9 120.4 138.0 142.93 155.76 150.6 144.55 142.16 143.0 128.54 119.56 114.07 111.4 107.72 107.31 115.58 153.71 173.8 181.36 163.18 141.45 121.23 125.33 124.09 136.91 152.78 140.3 126.84 125.09 140.0 120.0 109.21 131.31 88.52 78.92 86.98 135.0 105.01 88.55 99.0 145.0 194.13 169.7 143.69 116.05 104.85 107.55 117.2 130.96 135.7 145.75 143.93 145.0 156.88 156.01 137.8 141.47 128.2 129.26 127.91 126.82 126.59 128.74 128.87
