416 5
1 52 40 32 37
1 0 0 0 0 0 3 1 2 3 0 130 7.6
6 0 1 8 10 9 3 4 7 8 1 111 5.39
6 0 1 1 5 4 3 5 10 18 1 136 6.71
9 0 8 8 8 3 3 17 23 30 1 147 7.59
6 0 1 7 7 7 3 6 17 30 7 136 8.43
5 0 3 8 5 2 1 9 7 136 7.85
1 1 0 0 0 0 1 18 13 91 10.23
9 0 5 1 9 9 3 12 19 28 7 93 8.67
8 0 5 1 9 4 3 12 13 15 7 93 7.39
3 0 10 6 1 2 2 11 22 12 94 7.95
9 1 0 0 0 0 3 17 23 24 7 85 6.12
3 0 10 8 4 3 3 12 13 14 15 95 7.54
3 0 5 8 7 1 2 16 24 18 155 5.5
3 0 2 3 9 10 1 29 18 126 10.65
7 1 0 0 0 0 3 20 25 26 18 117 8.6
3 0 6 2 1 3 2 18 25 15 92 6.61
6 0 8 7 4 2 3 21 23 26 21 139 7.22
1 1 0 0 0 0 1 28 16 139 9.72
4 1 0 0 0 0 1 21 18 142 9.87
9 1 0 0 0 0 2 21 22 16 113 8.88
8 0 5 9 10 6 1 24 25 140 6.86
7 0 8 7 1 3 1 27 27 155 5.94
3 0 3 8 10 10 1 26 25 163 8.53
1 0 5 10 6 1 1 27 27 147 8.78
1 0 2 3 6 7 1 27 33 142 10.14
7 0 2 10 7 6 2 28 29 25 137 7.74
3 0 8 2 3 9 1 30 28 126 5.49
2 0 9 10 2 1 1 29 34 146 7.56
8 0 6 4 1 8 1 31 32 109 8.35
10 0 2 8 5 2 1 31 36 140 10.43
7 0 10 4 2 7 1 31 31 160 10.37
1 0 0 0 0 0 0 46 139 7.91
1 0 0 0 0 0 3 33 34 35 0 114 7.96
9 0 2 5 2 1 3 36 38 39 1 89 10.2
3 0 4 0 6 3 3 45 48 49 1 129 6.46
3 0 0 4 8 0 3 46 49 59 1 93 8.37
8 0 4 4 3 6 3 37 41 58 10 100 8.61
3 0 8 8 9 4 3 48 50 56 18 91 6.38
9 0 6 9 0 3 3 49 58 61 10 131 5.57
1 0 5 3 0 4 3 40 44 45 10 126 8.96
8 0 3 1 5 1 3 42 43 52 11 146 8.09
6 0 0 10 4 7 3 42 53 59 18 123 6.98
5 1 0 0 0 0 2 51 55 24 158 6.29
10 0 0 3 9 7 3 47 48 55 19 154 9.46
4 0 0 6 2 2 3 46 47 55 11 102 6.9
9 1 0 0 0 0 3 46 47 50 11 126 6.48
2 1 0 0 0 0 2 57 60 20 116 9.24
4 0 0 5 0 0 3 51 58 61 29 128 6.35
9 0 10 5 10 2 3 53 54 61 29 160 7.3
9 0 3 3 0 1 3 50 52 56 19 137 6.28
1 1 0 0 0 0 1 51 28 117 6.32
4 0 9 0 4 4 2 54 57 33 164 8.04
6 1 0 0 0 0 2 53 54 28 142 6.16
7 0 4 0 1 1 2 57 60 38 143 9.89
4 0 10 0 3 0 1 62 38 167 5.91
2 0 9 0 5 7 1 56 29 104 8.53
6 0 7 0 0 10 1 60 31 118 8.23
6 0 0 0 6 3 1 62 45 127 9.37
6 0 1 1 3 1 1 59 33 157 6.44
5 0 5 8 6 7 1 62 39 138 5.54
3 0 1 0 0 5 1 63 45 115 6.99
5 0 3 0 2 8 1 63 38 151 8.6
8 0 3 1 6 9 1 63 51 167 10.34
1 0 0 0 0 0 0 59 153 9.54
1 0 0 0 0 0 3 65 66 67 0 94 7.07
8 0 0 9 0 0 2 69 73 1 100 7.62
3 0 0 4 0 8 3 68 70 79 1 124 5.54
5 0 0 4 0 0 3 69 71 72 1 130 9.3
7 0 9 0 8 0 3 69 72 78 4 139 5.74
4 0 9 3 0 3 3 75 77 94 11 129 7.08
8 0 0 0 0 1 2 74 84 4 129 10.16
8 0 1 4 0 5 3 73 80 82 6 83 9.77
4 0 1 4 0 0 2 75 76 11 130 7.39
6 0 8 0 0 8 3 78 81 83 14 120 6.37
8 0 7 7 0 0 3 86 90 94 12 150 6.32
8 0 5 5 1 1 2 82 84 15 102 10.15
2 0 10 0 5 1 3 77 80 91 15 102 9.01
10 0 0 0 1 10 3 82 83 85 17 102 6.31
9 0 0 5 8 0 3 85 87 94 20 121 10.31
8 0 0 4 10 0 3 80 83 91 4 104 7.37
7 0 4 0 0 0 3 81 88 89 17 97 7.79
7 0 8 0 0 0 2 90 92 24 156 6.94
3 1 0 0 0 0 1 87 27 128 9.2
9 1 0 0 0 0 3 86 87 89 27 162 10.39
4 1 0 0 0 0 3 85 91 92 23 145 10.43
2 1 0 0 0 0 2 86 89 29 98 9.78
4 0 3 0 0 0 1 88 36 158 6.15
6 0 5 5 0 0 2 88 92 36 149 10.49
2 0 5 0 10 7 1 93 42 163 10.59
10 0 0 0 5 0 1 90 36 136 9.12
9 0 0 2 8 8 1 93 46 130 7.23
10 0 0 7 10 0 1 93 27 157 7.97
6 0 0 0 9 5 1 95 42 134 6.45
2 0 4 8 0 0 1 95 55 129 6.39
6 0 0 0 10 0 1 95 29 149 9.31
1 0 0 0 0 0 0 57 138 6.6
1 0 0 0 0 0 3 97 98 99 0 107 6.71
9 0 6 1 8 6 3 100 104 106 1 100 9.67
1 0 0 9 5 0 3 103 110 117 1 100 6.29
3 0 7 0 0 1 3 108 112 117 1 115 6.13
7 0 2 0 7 8 3 101 105 114 10 91 8.74
4 0 2 9 8 9 3 102 108 113 17 152 8.24
9 0 6 5 9 0 3 107 109 120 21 103 9.53
3 0 9 0 3 2 3 105 113 114 2 123 6.98
6 0 3 0 0 0 3 108 110 121 10 141 6.85
1 0 3 5 2 8 3 116 118 119 17 112 6.85
4 0 0 6 4 10 3 115 119 120 10 90 8.03
6 1 0 0 0 0 3 111 118 122 30 111 7.76
5 0 6 5 3 2 3 111 125 126 21 150 5.64
7 1 0 0 0 0 3 111 112 117 30 161 6.11
4 0 6 9 0 8 2 112 114 16 113 9.31
1 0 0 6 8 10 1 115 37 151 5.46
9 0 1 2 0 1 2 115 123 37 161 6.44
7 0 7 4 7 10 2 120 122 21 96 6.03
4 0 0 10 0 9 2 116 122 20 131 5.73
1 0 0 5 1 8 1 116 46 128 10.43
10 0 7 0 2 3 1 124 47 174 9.24
8 0 1 9 3 10 2 118 119 37 152 8.01
7 0 5 9 6 10 2 121 123 45 121 5.75
2 0 4 10 0 5 1 125 45 130 9.7
5 1 0 0 0 0 1 121 30 152 6.19
4 0 4 0 5 3 2 124 126 52 181 8.14
8 0 4 6 0 4 3 123 124 125 36 127 7.74
8 0 0 8 7 8 1 126 52 186 5.92
5 0 4 6 8 0 1 127 57 159 9.8
1 0 0 4 9 1 1 127 47 175 8.14
6 0 4 9 0 3 1 127 60 140 9.93
1 0 0 0 0 0 0 66 192 6.12
1 0 0 0 0 0 3 129 130 131 0 111 7.59
5 0 10 5 8 5 3 134 137 138 1 81 5.7
2 0 9 3 8 7 3 135 143 146 1 76 7.57
6 0 5 9 4 1 3 132 133 146 1 91 8.93
10 0 5 7 6 4 3 139 140 141 7 140 7.29
7 0 9 4 2 10 3 135 144 155 7 134 8.88
10 0 7 2 10 6 3 136 139 149 6 108 8.6
9 0 4 5 2 6 3 140 141 142 14 122 10.38
3 0 6 3 6 6 3 143 146 152 16 121 10.31
8 0 8 10 10 9 3 141 144 150 6 89 6.74
10 0 4 6 4 8 3 145 148 154 6 122 8.39
1 0 9 5 4 4 3 143 144 154 17 117 8.2
6 0 10 3 10 9 2 145 148 23 119 6.92
6 1 0 0 0 0 3 147 149 151 23 161 8.81
9 1 0 0 0 0 2 145 150 23 127 7.54
9 0 10 7 9 8 3 147 155 157 19 142 8.37
4 0 7 4 10 3 2 152 153 18 148 5.66
4 1 0 0 0 0 1 158 32 123 5.8
4 0 2 7 3 2 3 147 153 154 19 133 7.96
3 0 6 10 3 10 1 156 29 112 7.47
9 1 0 0 0 0 2 149 150 29 139 5.95
4 0 3 3 5 2 1 156 38 170 5.83
3 0 2 5 4 3 2 151 152 38 112 7.08
6 0 5 4 9 7 2 153 157 41 155 8.95
9 0 5 7 8 5 2 156 157 41 148 9.97
3 0 9 1 4 2 1 158 47 176 6.42
8 1 0 0 0 0 1 155 23 148 9.97
6 1 0 0 0 0 1 158 31 158 9.18
10 0 8 7 9 3 1 159 50 167 7.86
8 0 1 5 7 8 1 159 50 140 6.23
10 0 5 2 8 1 1 159 50 144 6.69
1 0 0 0 0 0 0 60 157 7.7
1 0 0 0 0 0 3 161 162 163 0 97 9.09
1 0 0 0 0 2 3 171 178 184 1 81 5.98
2 0 0 0 5 0 2 164 169 1 121 6.04
7 0 0 0 10 0 3 167 168 174 1 83 7.15
7 0 8 0 0 0 3 165 175 178 3 138 10.47
4 0 0 0 3 0 3 166 170 176 10 123 10.52
3 0 5 0 0 0 3 172 179 186 14 152 8.85
2 0 0 0 2 0 3 172 175 187 8 113 6.4
5 0 0 0 0 3 3 169 173 176 8 107 6.49
8 0 0 4 0 0 3 170 171 179 13 102 9.87
10 0 8 0 0 0 3 172 177 181 21 133 10.68
6 1 0 0 0 0 3 175 181 189 21 147 5.75
7 1 0 0 0 0 2 180 189 31 134 9.61
8 0 0 0 0 6 3 177 178 184 13 102 8.06
9 0 0 0 10 0 3 176 180 185 8 124 7.44
7 0 0 0 2 0 2 188 190 27 150 6.18
6 1 0 0 0 0 3 179 183 188 17 92 6.34
9 1 0 0 0 0 3 180 182 185 31 137 5.84
4 1 0 0 0 0 3 181 182 185 21 99 7.64
1 1 0 0 0 0 1 184 23 126 9.74
3 0 0 1 0 0 1 183 40 157 8.53
5 1 0 0 0 0 2 183 187 31 115 7.88
3 0 10 0 0 0 1 186 40 166 10.09
2 0 0 8 0 0 1 190 43 126 5.82
4 0 0 0 9 0 1 189 24 157 5.62
1 1 0 0 0 0 1 186 40 135 6.63
9 0 0 10 0 0 2 187 190 43 117 9.23
6 0 8 0 0 0 1 188 52 145 7.65
3 0 0 0 0 3 1 191 58 187 8.56
1 0 0 0 6 0 1 191 38 136 10.11
6 0 0 3 0 0 1 191 52 150 6.99
1 0 0 0 0 0 0 61 131 5.42
1 0 0 0 0 0 3 193 194 195 0 128 5.65
6 0 7 9 7 0 3 205 207 218 1 99 8.02
10 0 6 8 9 0 2 197 198 1 126 9.23
10 0 6 2 6 8 3 196 199 215 1 100 7.91
3 0 0 6 1 6 3 200 202 203 11 110 6.05
10 0 9 3 9 0 1 204 11 151 6.04
8 0 0 0 3 0 2 201 208 11 125 10.18
1 1 0 0 0 0 1 207 11 136 5.36
4 0 10 4 3 0 2 206 216 14 144 6.5
9 0 0 3 3 0 2 212 217 19 121 6.48
5 0 4 10 0 5 3 211 217 219 14 144 9.3
4 0 2 7 0 4 1 221 14 87 8.47
8 1 0 0 0 0 1 210 21 111 9.87
10 0 0 1 0 1 1 209 7 87 9.64
9 0 9 0 4 0 1 207 18 156 8.82
10 0 10 2 10 5 1 210 27 166 5.58
9 0 1 9 4 2 1 220 19 158 7.11
6 1 0 0 0 0 1 212 17 159 6.54
7 0 2 5 4 2 2 213 214 37 152 9.78
8 0 10 2 6 2 1 216 19 131 9.37
2 1 0 0 0 0 1 216 28 138 9.11
1 0 4 8 9 5 1 220 44 125 8.3
10 0 2 9 7 0 1 222 44 170 9.03
1 0 2 0 7 0 2 219 222 11 117 5.46
6 0 9 5 0 4 1 220 30 148 7.98
10 0 9 10 0 2 2 218 222 28 144 5.64
6 0 3 6 2 2 1 221 38 120 9.5
10 0 1 9 2 9 1 221 19 140 6.82
5 0 1 0 10 7 1 223 45 126 8.65
4 0 10 7 4 1 1 223 44 159 6.97
1 0 0 2 0 0 1 223 54 169 10.52
1 0 0 0 0 0 0 55 186 10.66
1 0 0 0 0 0 3 225 226 227 0 113 7.15
5 0 9 5 5 4 2 232 244 1 142 9.45
5 0 1 3 10 4 3 229 230 233 1 82 6.91
9 0 10 1 7 5 2 228 238 1 130 5.54
9 0 3 8 3 2 3 231 236 239 10 98 5.8
2 0 1 10 2 5 2 236 248 6 104 7.22
6 0 5 1 2 3 3 234 235 243 6 138 8.4
4 1 0 0 0 0 1 245 19 105 9.38
1 0 1 1 10 6 3 247 251 253 6 89 7.88
2 0 6 1 9 6 1 238 6 91 10.4
6 1 0 0 0 0 1 245 12 114 8.16
10 0 3 9 8 7 3 236 237 240 12 134 7.43
2 1 0 0 0 0 2 245 252 22 99 8.13
10 1 0 0 0 0 3 246 247 251 22 159 8.9
9 0 3 9 7 2 2 241 246 10 92 5.42
2 0 9 7 3 9 3 242 244 246 19 98 10.55
4 0 8 1 5 3 3 241 244 249 22 120 7.58
4 1 0 0 0 0 2 242 251 26 137 7.26
3 0 8 7 4 7 1 247 30 165 7.77
4 1 0 0 0 0 1 253 12 142 10.47
6 0 6 4 9 3 2 248 250 26 112 9.09
1 1 0 0 0 0 1 249 24 127 7.11
9 0 4 6 8 6 1 254 32 113 7.95
5 0 4 1 10 8 2 248 254 33 171 10.2
7 0 2 10 7 4 1 252 38 122 6.28
7 0 8 2 7 9 1 250 26 130 5.92
10 0 4 9 9 2 1 253 33 129 7.23
4 0 2 10 10 8 2 252 254 32 122 9.53
2 0 4 4 7 10 1 255 45 146 6.55
1 0 3 6 6 8 1 255 43 132 6.2
3 0 5 8 10 2 1 255 41 123 6.81
1 0 0 0 0 0 0 47 114 7.69
1 0 0 0 0 0 3 257 258 259 0 97 10.54
1 0 0 8 0 2 3 260 265 268 1 92 8.61
5 0 7 0 6 0 3 261 263 266 1 144 9.52
4 0 3 10 0 5 2 262 279 1 122 6.68
3 0 0 1 0 5 3 264 267 276 2 132 9.43
4 0 7 0 0 7 1 271 6 127 6.64
7 0 5 0 0 10 2 273 284 5 149 5.6
4 0 0 4 6 0 1 267 6 133 9.18
8 0 5 9 0 10 2 269 278 5 145 8.14
8 0 10 7 2 0 3 279 282 285 2 132 6.06
8 0 0 6 0 2 1 267 6 94 8.55
2 0 0 4 10 0 1 286 14 131 10.07
1 0 1 0 0 0 3 270 272 275 2 130 8.39
3 0 5 0 0 10 1 270 13 101 5.5
7 1 0 0 0 0 1 273 16 121 5.4
7 0 0 7 0 0 2 273 274 10 137 6.37
6 0 4 0 7 10 1 277 3 128 6.17
8 0 10 5 6 1 1 286 23 107 9.09
3 0 4 5 0 0 1 281 17 93 9.3
9 0 0 1 0 0 1 285 3 148 8.07
4 0 1 4 0 0 1 280 5 147 7.76
7 0 6 0 1 3 1 278 9 133 9.66
1 1 0 0 0 0 1 280 16 146 6.63
1 0 3 9 0 4 1 284 10 129 10.66
3 1 0 0 0 0 2 281 286 17 129 8.84
6 0 0 2 0 0 1 283 20 126 7.12
2 0 0 0 8 9 1 284 10 109 6.1
6 0 9 7 0 0 1 285 26 109 10.27
4 0 0 0 10 8 1 287 12 124 10.06
3 0 0 8 9 0 1 287 32 168 7.91
5 0 3 0 0 0 1 287 31 132 9.35
1 0 0 0 0 0 0 36 115 9.56
1 0 0 0 0 0 3 289 290 291 0 110 6.54
5 0 0 0 0 8 3 293 294 297 1 134 10.1
3 0 0 7 0 0 1 307 1 106 9.37
7 0 4 0 0 0 1 292 1 115 6.46
3 0 0 0 6 0 2 295 304 8 141 5.75
4 0 0 9 0 0 1 300 6 133 6.1
6 0 8 0 0 0 1 299 6 89 10.31
7 0 5 0 0 0 3 296 301 303 11 135 7.14
2 1 0 0 0 0 3 306 308 309 18 147 6.3
10 0 0 3 0 0 3 298 302 311 6 96 6.69
6 0 0 0 5 0 1 318 16 149 8.32
5 0 0 0 10 0 1 317 12 154 8.05
5 0 2 0 0 0 1 301 10 127 5.78
8 0 0 6 0 0 2 314 318 18 100 7.07
7 0 4 0 0 0 1 305 16 95 9.14
7 0 7 0 0 0 1 313 18 155 6.73
3 0 0 0 0 5 1 312 11 123 8.39
6 0 0 8 0 0 3 309 312 314 23 124 6.51
7 1 0 0 0 0 1 310 20 142 9.57
8 0 0 8 0 0 2 313 316 4 101 6.44
9 1 0 0 0 0 2 312 313 20 98 8.37
10 0 0 0 0 7 2 316 318 29 145 9.04
7 0 0 0 0 5 1 316 27 106 7.89
6 0 0 0 0 10 1 317 16 159 8.78
5 0 0 0 0 3 1 315 29 153 6.93
1 0 0 0 0 9 1 315 29 153 6.27
1 0 9 0 0 0 1 315 29 131 10.42
5 0 0 0 8 0 1 317 34 144 8.52
1 0 5 0 0 0 1 319 39 143 10.13
4 0 0 1 0 0 1 319 39 134 6.78
2 0 0 6 0 0 1 319 39 125 10.2
1 0 0 0 0 0 0 43 113 8.72
1 0 0 0 0 0 3 321 322 323 0 90 10.46
5 0 0 0 9 0 3 324 329 341 1 109 6.01
1 0 0 0 0 4 3 335 337 345 1 99 6.97
7 0 0 0 0 7 3 325 327 328 1 143 5.9
6 0 0 0 0 10 3 325 326 328 6 118 7.07
8 0 0 0 0 1 3 331 334 344 12 155 10.15
6 0 0 7 0 0 3 332 336 338 12 135 5.37
10 0 0 0 0 10 3 329 330 335 8 118 9.79
2 0 0 0 0 8 3 331 336 338 12 108 8.07
7 0 8 0 0 0 2 334 340 18 93 9.17
6 0 9 0 0 0 3 333 338 344 18 143 7.4
2 0 0 0 6 0 2 337 340 20 92 7.28
3 0 0 0 0 5 3 340 342 344 18 94 8.15
8 1 0 0 0 0 3 334 336 339 24 145 6.07
4 1 0 0 0 0 3 342 343 348 32 167 7.74
1 0 0 0 0 10 2 339 350 18 123 9.14
4 1 0 0 0 0 3 337 347 348 32 103 9.05
2 0 0 0 0 10 1 343 36 141 9.62
2 0 6 0 0 0 2 342 343 24 95 10.26
10 1 0 0 0 0 1 341 32 148 7.38
6 1 0 0 0 0 2 345 346 25 129 8.28
10 0 10 0 0 0 1 347 42 171 6.33
8 0 0 0 8 0 2 346 349 36 125 9.79
2 1 0 0 0 0 1 346 38 107 6.08
8 1 0 0 0 0 3 345 347 348 24 109 7.36
9 0 0 0 0 2 2 349 350 32 148 8.21
10 0 0 8 0 0 1 350 44 151 5.98
7 0 0 0 0 4 1 349 52 130 6.62
3 1 0 0 0 0 1 351 36 132 7.16
6 0 0 0 5 0 1 351 59 182 10.67
8 0 0 0 1 0 1 351 54 150 8.14
1 0 0 0 0 0 0 65 152 10.51
1 0 0 0 0 0 3 353 354 355 0 124 7.23
2 0 0 7 9 9 3 357 359 360 1 105 9.08
4 0 6 0 0 1 2 358 380 1 108 6.05
2 0 2 2 3 0 2 356 362 1 141 10.49
10 0 9 6 8 2 1 364 3 126 6.74
5 0 3 2 0 0 3 361 365 366 3 110 10.69
5 0 0 0 10 2 3 359 363 381 5 127 6.19
7 0 10 3 8 5 2 367 377 10 128 8.73
8 0 9 0 1 0 1 371 3 112 7.61
6 0 10 8 0 4 3 373 374 376 8 135 7.6
2 0 4 7 3 0 1 369 3 126 7.62
6 0 4 6 6 0 1 379 10 100 6.14
5 0 4 7 4 0 1 382 13 90 8.98
3 0 4 9 0 3 1 372 8 124 10.37
5 0 6 5 3 1 2 368 371 8 112 6.88
1 1 0 0 0 0 1 373 17 96 9.94
6 0 8 7 0 10 2 370 375 13 93 10.43
4 0 0 2 5 7 1 378 5 109 6.86
6 1 0 0 0 0 1 380 19 157 6.94
3 0 5 9 4 0 3 372 374 380 13 144 5.44
8 0 2 4 0 0 1 376 16 154 10.61
3 1 0 0 0 0 1 378 18 152 6.01
7 1 0 0 0 0 1 381 16 118 8.76
6 0 8 3 0 0 1 382 19 134 5.9
2 0 3 7 4 4 1 381 24 113 10.63
7 1 0 0 0 0 1 379 17 116 8.9
1 1 0 0 0 0 1 379 21 155 10.33
8 0 5 10 8 0 1 382 24 123 6.09
6 0 0 1 4 1 1 383 25 147 5.74
4 0 7 6 0 8 1 383 26 119 6.53
6 0 4 8 10 5 1 383 32 140 8.27
1 0 0 0 0 0 0 38 168 8.02
1 0 0 0 0 0 3 385 386 387 0 120 9.1
1 0 0 5 7 7 3 393 394 398 1 78 6.95
9 0 0 8 5 4 3 388 391 395 1 93 8.82
5 0 0 10 0 8 1 402 1 93 7.61
6 0 0 6 10 2 3 389 390 392 10 125 6.91
4 0 2 0 0 10 3 397 403 411 16 103 5.78
9 0 5 0 4 0 3 396 399 413 16 152 6.72
7 0 0 0 7 0 1 405 10 143 5.98
4 0 0 0 10 0 3 394 400 409 16 132 5.7
8 0 0 1 0 0 2 395 401 2 83 10.6
10 0 2 0 0 8 1 406 20 112 6.54
4 0 2 0 0 0 1 409 10 137 9.9
10 1 0 0 0 0 3 402 405 407 25 153 5.71
2 1 0 0 0 0 2 404 410 20 92 5.44
8 0 0 7 0 1 3 399 400 408 2 109 8.14
9 0 0 5 0 0 3 402 406 412 25 144 6.79
10 0 0 10 0 7 3 405 411 412 20 115 6.58
3 0 8 2 0 0 2 403 404 10 113 10.24
10 0 10 6 0 6 1 414 35 125 6.35
4 1 0 0 0 0 2 407 408 20 142 9.18
5 1 0 0 0 0 1 408 22 111 6.06
3 1 0 0 0 0 1 406 35 155 9.99
6 0 5 3 8 0 1 414 38 113 6.4
5 1 0 0 0 0 1 409 35 141 9.97
6 0 0 6 7 6 1 413 27 139 7.41
4 0 0 0 0 10 1 410 40 158 10.44
4 0 9 0 1 0 2 412 414 44 155 9.69
4 0 0 8 9 1 1 413 30 162 9.15
5 0 0 0 3 0 1 415 48 127 5.38
3 0 7 10 9 1 1 415 34 125 6.63
6 0 9 0 5 5 1 415 48 175 5.96
1 0 0 0 0 0 0 54 130 9.83
98.21 81.85 78.14 71.9 70.0 72.96 80.0 76.86 68.64 54.52 23.18 14.46 11.09 -2.0 -0.01 1.38 11.18 22.07 127.1 153.73 215.84 204.14 226.35 186.99 79.64 2.42 2.89 1.09 6.16 68.91 131.93 200.65 200.0 200.0 87.71 105.0 56.81 52.97 41.51 70.89 130.0 105.0 130.8 162.46 165.38 141.39 130.8 111.0 97.68 86.57 81.44 79.97 81.48 97.84 127.18 145.0 136.41 131.99 120.0 111.56 100.71 97.36 97.62 97.07 100.34 109.99 133.59 151.36 145.0 125.0 109.3 97.95 97.23 85.09 88.03 72.86 88.03 94.78 153.37 161.55 153.4 140.74 170.57 98.19 92.85 99.44 108.6 115.71 112.78 127.33 139.03 171.12 180.57 159.81 138.99 131.82 118.09 112.8 116.54 112.8 113.14 127.4 144.74 171.95 171.31 151.11 132.96 121.11 108.92 106.59 107.2 109.38 106.29 116.65 138.16 149.36 150.58 126.2 124.98 120.29 123.9 112.0 114.38 108.0 105.14 103.55 105.56 104.85 106.21 101.89 98.27 93.97 88.23 83.02 82.68 82.56 92.8 98.81 112.66 132.79 134.51 127.8 127.71 119.3 111.55 103.49 102.68 101.09 102.63 103.5 103.5 103.37 110.43 114.68 111.04 107.83 104.05 98.16 94.49 94.04 95.82 100.74 115.21 132.88 140.0 135.0 129.97 125.35 98.21 81.85 78.14 71.9 70.0 72.96 80.0 76.86 68.64 54.52 23.18 14.46 11.09 -2.0 -0.01 1.38 11.18 22.07 127.1 153.73 215.84 204.14 226.35 186.99 79.64 2.42 2.89 1.09 6.16 68.91 131.93 200.65 200.0 200.0 87.71 105.0 56.81 52.97 41.51 70.89 130.0 105.0 130.8 162.46 165.38 141.39 130.8 111.0 97.68 86.57 81.44 79.97 81.48 97.84 127.18 145.0 136.41 131.99 120.0 111.56 100.71 97.36 97.62 97.07 100.34 109.99 133.59 151.36 145.0 125.0 109.3 97.95 97.23 85.09 88.03 72.86 88.03 94.78 153.37 161.55 153.4 140.74 170.57 98.19 92.85 99.44 108.6 115.71 112.78 127.33 139.03 171.12 180.57 159.81 138.99 131.82 118.09 112.8 116.54 112.8 113.14 127.4 144.74 171.95 171.31 151.11 132.96 121.11 108.92 106.59 107.2 109.38 106.29 116.65 138.16 149.36 150.58 126.2 124.98 120.29 123.9 112.0 114.38 108.0 105.14 103.55 105.56 104.85 106.21 101.89 98.27 93.97 88.23 83.02 82.68 82.56 92.8 98.81 112.66 132.79 134.51 127.8 127.71 119.3 111.55 103.49 102.68 101.09 102.63 103.5 103.5 103.37 110.43 114.68 111.04 107.83 104.05 98.16 94.49 94.04 95.82 100.74 115.21 132.88 140.0 135.0 129.97 125.35 98.21 81.85 78.14 71.9 70.0 72.96 80.0 76.86 68.64 54.52 23.18 14.46 11.09 -2.0 -0.01 1.38 11.18 22.07 127.1 153.73 215.84 204.14 226.35 186.99 79.64 2.42 2.89 1.09 6.16 68.91 131.93 200.65 200.0 200.0 87.71 105.0 56.81 52.97 41.51 70.89 130.0 105.0 130.8 162.46 165.38 141.39 130.8 111.0 97.68 86.57 81.44 79.97 81.48 97.84 127.18 145.0 136.41 131.99 120.0 111.56 100.71 97.36 97.62 97.07 100.34 109.99 133.59 151.36 145.0 125.0 109.3 97.95 97.23 85.09 88.03 72.86 88.03 94.78 153.37 161.55 153.4 140.74 170.57 98.19 92.85 99.44 108.6 115.71 112.78 127.33 139.03 171.12 180.57 159.81 138.99 131.82 118.09 112.8 116.54 112.8 113.14 127.4 144.74 171.95 171.31 151.11 132.96 121.11 108.92 106.59 107.2 109.38 106.29 116.65 138.16 149.36 150.58 126.2 124.98 120.29 123.9 112.0 114.38 108.0 105.14 103.55 105.56 104.85 106.21 101.89 98.27 93.97 88.23 83.02 82.68 82.56 92.8 98.81 112.66 132.79 134.51 127.8 127.71 119.3 111.55 103.49 102.68 101.09 102.63 103.5 103.5 103.37 110.43 114.68 111.04 107.83 104.05 98.16 94.49 94.04 95.82 100.74 115.21 132.88 140.0 135.0 129.97 125.35 98.21 81.85 78.14 71.9 70.0 72.96 80.0 76.86 68.64 54.52 23.18 14.46 11.09 -2.0 -0.01 1.38 11.18 22.07 127.1 153.73 215.84 204.14 226.35 186.99 79.64 2.42 2.89 1.09 6.16 68.91 131.93 200.65 200.0 200.0 87.71 105.0 56.81 52.97 41.51 70.89 130.0 105.0 130.8 162.46 165.38 141.39 130.8 111.0 97.68 86.57 81.44 79.97 81.48 97.84 127.18 145.0 136.41 131.99 120.0 111.56 100.71 97.36 97.62 97.07 100.34 109.99 133.59 151.36 145.0 125.0 109.3 97.95 97.23 85.09 88.03 72.86 88.03 94.78 153.37 161.55 153.4 140.74 170.57 98.19 92.85 99.44 108.6 115.71 112.78 127.33 139.03 171.12 180.57 159.81 138.99 131.82 118.09 112.8 116.54 112.8 113.14 127.4 144.74 171.95 171.31 151.11 132.96 121.11 108.92 106.59 107.2 109.38 106.29 116.65 138.16 149.36 150.58 126.2 124.98 120.29 123.9 112.0 114.38 108.0 105.14 103.55 105.56 104.85 106.21 101.89 98.27 93.97 88.23 83.02 82.68 82.56 92.8 98.81 112.66 132.79 134.51 127.8 127.71 119.3 111.55 103.49 102.68 101.09 102.63 103.5 103.5 103.37 110.43 114.68 111.04 107.83 104.05 98.16 94.49 94.04 95.82 100.74 115.21 132.88 140.0 135.0 129.97 125.35 98.21 81.85 78.14 71.9 70.0 72.96 80.0 76.86 68.64 54.52 23.18 14.46 11.09 -2.0 -0.01 1.38 11.18 22.07 127.1 153.73 215.84 204.14 226.35 186.99 79.64 2.42 2.89 1.09 6.16 68.91 131.93 200.65 200.0 200.0 87.71 105.0 56.81 52.97
