416 5
1 34 34 33 33
1 0 0 0 0 0 3 1 2 3 0 80 11.87
9 0 5 5 0 9 3 6 8 14 1 87 13.28
8 0 1 8 0 0 3 5 16 28 1 126 16.75
3 0 3 8 0 0 3 4 7 11 1 104 11.46
1 0 0 0 1 7 1 13 4 79 20.63
1 0 3 0 3 0 2 12 18 9 113 16.72
10 0 7 8 0 3 2 13 29 10 149 12.43
7 0 0 0 7 5 3 9 10 25 4 137 16.03
4 0 9 8 0 9 3 20 24 25 10 103 18.83
5 0 7 0 0 7 2 12 21 11 106 11.07
4 0 1 0 0 0 2 18 28 11 144 19.87
7 0 10 0 0 3 1 15 4 85 15.05
6 1 0 0 0 0 2 26 27 16 146 15.22
1 1 0 0 0 0 1 22 20 122 12.44
6 0 0 0 0 6 3 17 18 24 10 149 21.49
2 0 0 5 0 5 3 19 25 26 11 134 16.21
4 0 8 0 0 3 2 21 29 9 148 13.24
9 1 0 0 0 0 2 20 22 16 113 13.63
5 0 0 4 0 5 2 21 26 16 127 16.63
5 0 0 0 1 8 3 20 22 24 13 120 17.82
5 0 0 0 9 5 1 23 25 108 17.16
9 0 3 0 8 0 1 30 21 125 21.28
7 0 3 1 0 0 1 23 25 157 20.84
3 0 0 0 7 5 1 28 32 128 18.45
9 0 2 0 0 0 2 27 30 18 161 11.76
6 0 0 0 6 0 1 27 14 144 19.98
3 1 0 0 0 0 1 30 22 133 15.73
2 0 1 0 9 3 1 29 27 159 12.24
1 0 10 0 1 2 1 31 35 170 15.66
7 0 8 0 0 0 1 31 29 146 17.04
9 0 5 0 6 0 1 31 30 113 13.11
1 0 0 0 0 0 0 39 143 18.64
1 0 0 0 0 0 3 33 34 35 0 82 17.38
10 0 0 8 0 0 3 38 46 52 1 147 14.82
2 0 0 2 8 0 3 36 37 41 1 140 13.95
8 0 0 0 8 3 2 39 43 1 83 21.24
6 0 2 8 0 0 3 40 49 54 3 154 15.86
2 0 0 1 0 0 3 40 45 47 3 137 11.11
6 0 0 4 0 7 3 44 53 54 11 91 11.65
10 0 10 9 1 2 3 45 47 48 9 159 13.1
4 0 0 3 0 8 2 42 48 9 114 17.39
1 0 5 8 7 0 3 43 45 50 3 100 18.62
5 1 0 0 0 0 3 50 52 57 13 149 16.43
1 1 0 0 0 0 3 44 52 58 9 112 21.26
6 0 0 2 0 0 2 49 51 17 127 16.91
8 1 0 0 0 0 3 49 57 59 19 168 14.84
1 0 2 0 0 8 3 48 50 51 11 152 12.14
6 0 0 0 0 4 3 51 53 55 19 118 18.65
4 0 10 0 3 0 3 53 55 62 19 99 16.58
6 1 0 0 0 0 1 56 27 135 21.5
4 0 0 6 0 0 3 58 60 62 18 110 15.94
3 1 0 0 0 0 2 56 61 25 109 20.18
3 1 0 0 0 0 3 56 59 60 18 165 12.92
9 1 0 0 0 0 1 57 25 142 15.15
8 0 3 7 0 0 1 55 17 166 19.8
9 1 0 0 0 0 2 58 60 25 158 18.25
7 0 2 9 0 2 1 62 33 151 11.3
1 0 0 5 3 4 1 61 34 119 13.97
9 0 3 0 6 0 1 59 34 132 20.41
9 0 2 0 3 0 1 61 43 137 18.92
3 1 0 0 0 0 1 63 34 143 21.27
4 0 0 7 7 9 1 63 52 178 19.11
9 0 0 0 0 7 1 63 40 154 19.73
1 0 0 0 0 0 0 56 177 21.1
1 0 0 0 0 0 3 65 66 67 0 86 13.81
6 0 0 0 6 0 3 68 70 73 1 105 16.25
10 0 2 0 0 0 2 84 90 1 86 11.31
8 0 0 1 0 0 1 71 1 113 19.73
7 0 2 0 0 0 2 69 72 7 99 15.63
2 0 4 0 0 0 2 78 92 14 158 16.6
4 0 0 0 0 9 2 74 83 7 151 17.21
1 0 10 0 0 0 3 81 82 85 9 88 17.6
4 0 0 0 0 4 1 75 14 91 19.34
7 0 0 3 0 0 3 76 87 88 7 154 21.52
9 0 0 0 0 5 2 77 86 11 164 14.84
6 1 0 0 0 0 1 87 18 141 21.42
2 0 0 0 2 0 1 83 14 141 18.07
6 1 0 0 0 0 1 85 20 153 13.48
6 0 0 0 1 0 3 79 80 91 16 162 15.78
7 1 0 0 0 0 1 94 22 109 21.3
4 0 0 8 0 0 2 81 89 22 101 13.9
3 1 0 0 0 0 1 93 26 126 16.91
9 0 0 9 0 0 1 83 10 101 18.87
1 0 6 0 0 0 1 93 19 139 19.58
4 0 3 0 0 0 1 86 11 101 21.48
7 0 0 0 9 0 1 91 26 162 14.8
2 1 0 0 0 0 1 91 20 104 15.66
5 0 0 8 0 0 2 90 93 24 169 18.1
8 0 0 5 0 0 1 89 14 109 15.75
1 1 0 0 0 0 1 90 26 128 15.61
6 0 0 0 0 6 1 94 29 107 11.55
9 0 6 0 0 0 1 94 33 126 19.14
8 0 0 0 9 0 1 95 16 144 19.72
8 0 0 0 0 3 1 95 29 142 14.77
6 0 0 0 8 0 1 95 42 121 16.88
1 0 0 0 0 0 0 48 151 11.26
1 0 0 0 0 0 3 97 98 99 0 89 19.31
6 0 0 7 10 0 3 100 103 106 1 81 11.16
5 0 1 10 0 4 2 104 111 1 121 20.83
8 0 0 6 0 5 3 102 113 117 1 140 12.25
8 0 8 9 0 0 3 101 116 118 7 132 20.83
10 0 10 10 0 4 3 104 105 107 15 163 21.48
10 1 0 0 0 0 3 110 111 112 9 105 14.54
6 0 10 6 0 0 3 109 112 116 7 135 16.31
2 0 0 0 0 3 3 108 114 115 25 114 16.21
1 0 0 0 6 2 3 109 114 115 25 98 11.22
7 0 0 0 7 0 3 107 112 117 7 136 14.16
1 1 0 0 0 0 3 110 114 124 25 117 15.5
2 1 0 0 0 0 3 113 122 123 27 135 14.59
4 0 2 0 3 0 3 110 113 120 26 123 19.56
2 1 0 0 0 0 2 119 125 30 170 15.29
10 0 9 0 0 10 3 116 121 122 19 141 12.74
8 1 0 0 0 0 3 115 118 121 19 141 19.19
3 0 0 4 0 7 2 119 124 30 152 20.05
4 1 0 0 0 0 1 122 27 129 13.33
1 0 8 1 8 0 1 120 27 102 15.43
2 0 1 6 0 0 1 123 29 136 15.05
6 0 0 0 0 10 3 118 119 120 14 162 19.77
6 0 6 0 0 7 2 123 124 27 123 19.18
5 1 0 0 0 0 1 121 33 129 19.96
8 0 3 1 0 0 1 125 30 121 12.17
9 0 0 0 6 3 1 126 38 172 18.55
6 0 9 0 8 1 1 126 31 131 12.65
3 0 0 2 9 5 2 125 126 33 138 21.61
4 0 2 0 0 10 1 127 33 118 19.21
8 0 5 8 0 10 1 127 38 144 14.13
8 0 0 0 0 4 1 127 47 177 20.21
1 0 0 0 0 0 0 55 149 13.7
1 0 0 0 0 0 3 129 130 131 0 105 16.61
3 0 8 0 6 8 2 132 140 1 81 20.94
1 0 9 8 0 0 3 133 135 148 1 128 15.55
6 0 0 0 4 0 2 139 158 1 138 15.39
6 0 0 9 5 0 2 136 142 4 91 14.51
4 0 5 10 3 0 3 134 138 141 2 80 20.49
10 0 0 3 10 0 3 137 151 157 6 131 14.11
8 0 0 7 6 0 1 143 2 96 15.64
9 0 0 0 2 9 1 144 10 137 16.2
5 0 0 9 0 2 1 154 16 122 17.88
8 0 5 4 8 2 1 143 6 107 15.48
5 0 5 9 0 1 2 143 147 7 123 14.65
2 0 0 0 4 0 2 147 154 4 130 19.8
2 0 0 1 0 0 2 144 147 6 125 15.93
5 0 4 9 7 0 1 146 10 111 16.88
4 0 4 3 0 0 2 150 157 14 127 17.44
8 0 0 3 0 10 2 145 146 19 145 12.04
4 1 0 0 0 0 2 149 152 27 149 17.77
3 0 0 0 0 10 1 153 27 101 20.22
10 0 6 1 0 3 1 156 12 118 20.95
7 0 1 0 0 4 1 150 2 103 17.88
3 1 0 0 0 0 1 158 31 144 19.04
6 0 0 3 9 0 1 155 18 101 11.18
6 0 2 10 0 0 1 153 16 159 14.97
4 1 0 0 0 0 1 153 31 110 20.77
9 0 0 0 0 10 1 154 35 183 17.46
9 0 0 3 4 7 1 158 44 130 18.17
9 0 0 0 2 5 1 156 24 168 17.24
7 0 4 0 0 0 1 159 33 113 18.59
9 0 10 0 0 7 1 159 18 153 18.53
6 0 7 3 0 4 1 159 53 163 14.52
1 0 0 0 0 0 0 59 173 11.36
1 0 0 0 0 0 3 161 162 163 0 92 14.7
10 0 10 7 8 10 3 167 171 178 1 147 20.5
3 0 1 5 2 10 3 164 165 166 1 152 17.18
7 0 3 3 4 10 1 173 1 82 11.94
2 0 6 9 4 9 2 170 188 4 122 11.63
5 0 3 4 7 5 3 179 187 189 4 114 19.78
6 0 10 9 3 8 2 168 175 4 98 17.74
7 0 7 2 3 10 2 169 182 11 154 16.42
1 0 8 6 10 3 1 176 10 122 20.68
3 0 8 7 5 10 1 176 18 158 14.39
4 0 10 9 10 4 1 181 6 143 15.89
8 0 1 7 5 6 2 172 174 11 151 11.53
4 0 4 4 5 9 3 176 185 187 19 137 12.6
6 0 9 4 2 7 1 179 8 120 12.8
1 1 0 0 0 0 2 179 185 19 116 13.39
3 0 7 9 4 7 1 189 10 133 11.76
1 0 4 9 4 5 2 177 186 23 139 17.9
2 1 0 0 0 0 1 180 24 163 19.65
4 1 0 0 0 0 1 188 11 127 16.18
4 1 0 0 0 0 1 181 20 154 13.99
2 1 0 0 0 0 1 183 26 124 18.56
4 1 0 0 0 0 1 190 24 147 19.77
4 1 0 0 0 0 1 186 18 111 19.54
1 1 0 0 0 0 1 184 28 161 19.58
10 0 8 10 4 9 1 188 29 136 19.28
4 1 0 0 0 0 2 186 189 23 118 20.78
10 0 3 6 8 5 1 190 27 169 14.88
7 1 0 0 0 0 1 190 23 131 19.55
10 0 9 9 3 5 1 191 39 147 13.3
2 1 0 0 0 0 1 191 27 152 12.2
2 0 8 6 8 8 1 191 37 110 20.11
1 0 0 0 0 0 0 49 173 15.46
1 0 0 0 0 0 3 193 194 195 0 89 19.39
9 0 6 2 1 10 3 199 205 210 1 149 12.06
7 0 5 0 1 7 3 196 197 207 1 138 11.78
9 0 9 0 0 0 2 198 203 1 84 17.33
3 0 0 2 10 3 3 202 213 216 8 98 11.76
4 0 6 5 0 0 3 205 211 221 8 92 18.27
9 1 0 0 0 0 1 217 10 104 19.14
10 0 7 0 0 3 3 200 201 204 10 102 13.01
3 0 6 9 7 0 3 206 214 215 20 108 13.6
4 0 6 3 0 0 3 207 212 219 20 131 16.68
7 0 0 3 8 0 1 209 11 140 17.04
8 0 3 1 2 1 3 206 208 222 10 139 17.06
6 0 4 0 3 8 2 206 208 20 150 17.07
6 0 1 4 4 5 2 214 218 12 148 17.89
10 0 4 5 0 3 1 219 26 158 15.51
9 0 2 2 7 0 2 220 221 24 111 11.83
6 1 0 0 0 0 1 209 26 131 16.89
7 1 0 0 0 0 2 211 215 32 164 18.97
3 1 0 0 0 0 3 211 218 221 10 89 20.58
7 0 10 4 0 3 1 214 39 160 14.88
2 1 0 0 0 0 1 216 24 164 12.94
4 1 0 0 0 0 2 215 222 11 151 18.04
4 0 7 0 2 2 1 217 46 143 16.57
7 0 7 7 4 10 1 217 39 153 17.93
3 1 0 0 0 0 1 218 26 106 15.94
9 0 10 5 5 2 1 219 50 152 16.31
4 0 1 6 3 0 2 220 222 29 107 18.08
3 0 9 9 4 0 1 220 59 146 13.16
2 0 7 5 3 1 1 223 62 182 19.74
1 0 9 10 0 10 1 223 33 170 17.89
9 0 5 0 0 0 1 223 33 179 12.87
1 0 0 0 0 0 0 64 196 18.05
1 0 0 0 0 0 3 225 226 227 0 77 19.53
7 0 7 0 0 0 2 228 236 1 110 20.14
10 0 0 3 0 0 1 241 1 143 19.41
3 0 0 0 0 10 2 240 251 1 83 12.68
10 0 0 9 0 0 3 229 231 235 8 109 18.48
5 0 0 0 0 4 3 230 232 234 18 135 16.47
2 1 0 0 0 0 1 241 23 132 19.99
10 0 0 0 0 7 1 233 18 171 13.08
9 1 0 0 0 0 2 239 240 23 148 19.39
9 1 0 0 0 0 3 243 251 253 28 139 14.5
8 0 0 0 2 0 3 238 239 252 23 122 15.91
2 0 0 1 0 0 3 238 243 249 18 144 12.67
4 0 0 9 0 0 2 237 245 8 104 11.55
8 0 0 1 0 0 1 252 12 102 13.64
1 1 0 0 0 0 3 244 246 247 31 146 19.32
1 1 0 0 0 0 2 242 246 32 135 21.11
9 0 0 0 0 3 2 242 250 32 148 14.75
7 0 0 3 0 0 3 249 250 254 25 125 14.22
2 0 10 0 0 0 3 244 247 249 41 168 11.7
3 1 0 0 0 0 1 244 37 142 15.46
1 0 0 0 0 6 1 248 43 176 20.96
8 1 0 0 0 0 2 247 250 12 129 12.39
4 1 0 0 0 0 2 248 251 33 169 15.39
3 0 0 0 0 1 1 248 43 175 16.7
8 0 0 0 0 5 1 254 46 142 21.63
10 0 10 0 0 0 1 253 43 164 17.89
5 0 0 0 3 0 2 252 253 41 161 19.42
1 1 0 0 0 0 1 254 37 157 12.39
8 0 0 5 0 0 1 255 46 179 14.64
1 0 0 0 5 0 1 255 53 155 12.61
7 0 5 0 0 0 1 255 54 192 17.71
1 0 0 0 0 0 0 61 164 16.14
1 0 0 0 0 0 3 257 258 259 0 87 19.11
7 0 6 3 5 0 2 270 271 1 142 15.89
9 0 2 7 7 0 3 260 268 283 1 95 11.04
7 0 3 0 8 6 3 261 262 265 1 106 19.46
1 0 3 5 6 9 2 263 275 10 111 11.36
1 0 2 1 4 6 1 271 8 87 15.71
5 0 7 5 0 7 3 264 270 281 8 130 14.06
10 0 0 5 8 0 3 267 269 278 11 136 11.59
3 0 10 5 7 9 3 268 273 283 13 134 14.43
10 0 1 5 5 4 3 266 273 283 8 114 16.18
1 1 0 0 0 0 3 272 275 277 18 111 19.46
4 0 7 1 0 0 1 277 21 109 17.95
5 1 0 0 0 0 3 269 276 285 16 103 18.35
7 0 6 5 8 10 1 279 21 125 10.92
6 0 2 9 2 6 2 272 280 13 164 13.48
6 0 6 9 4 0 2 273 275 9 137 21.51
9 0 0 2 0 8 2 284 286 19 142 19.31
9 1 0 0 0 0 2 274 276 18 116 18.36
10 0 8 0 2 3 2 282 285 27 134 13.15
5 1 0 0 0 0 1 284 19 146 18.59
6 1 0 0 0 0 2 280 284 27 161 14.19
10 0 5 0 0 7 2 281 282 25 145 19.06
3 0 2 9 5 10 1 281 21 118 11.91
4 0 3 0 8 6 1 280 28 117 20.19
7 0 5 3 7 0 1 282 33 116 12.07
8 0 0 0 8 3 1 286 35 149 17.43
6 0 0 4 6 1 1 286 40 160 18.35
8 1 0 0 0 0 1 285 18 116 18.63
8 0 1 5 6 2 1 287 33 163 13.15
3 0 10 10 6 0 1 287 37 152 17.97
1 0 5 7 0 8 1 287 46 165 20.96
1 0 0 0 0 0 0 47 122 11.91
1 0 0 0 0 0 3 289 290 291 0 91 18.96
4 0 2 0 8 5 3 294 296 305 1 142 11.36
2 0 0 10 3 10 3 297 298 302 1 108 11.45
1 0 10 0 0 1 3 292 302 309 1 104 16.29
2 0 9 10 8 9 3 293 301 313 2 81 17.53
3 0 0 4 8 0 3 304 305 308 4 150 17.13
9 0 5 9 7 0 3 295 300 301 5 90 12.84
9 0 1 6 8 0 3 303 306 311 14 148 13.94
3 0 0 4 0 3 3 297 302 313 5 116 14.82
7 0 0 10 0 1 3 299 303 318 8 135 13.38
10 0 8 9 2 2 3 299 303 307 3 99 19.96
8 0 0 3 3 6 2 301 306 15 105 17.42
4 0 4 9 8 0 3 306 309 310 14 160 17.75
6 1 0 0 0 0 2 304 311 23 160 11.37
3 0 1 5 3 2 2 304 312 8 152 10.9
9 0 3 9 8 10 2 308 315 23 108 20.14
6 0 8 1 10 6 2 310 316 29 132 15.31
8 0 3 1 5 4 2 312 318 7 114 14.61
4 1 0 0 0 0 2 308 315 23 125 20.92
3 0 6 1 6 7 3 309 310 313 13 103 15.86
4 0 10 0 6 0 2 314 317 32 116 17.41
5 0 0 6 0 0 2 311 314 18 116 17.58
6 0 3 8 0 5 1 315 35 112 16.08
7 0 3 0 4 5 2 312 316 29 144 15.15
9 0 5 10 10 4 1 317 36 152 15.51
5 0 0 8 4 9 2 314 318 16 107 13.24
1 0 3 7 3 7 1 316 36 115 11.08
4 0 0 0 2 3 1 317 41 174 19.58
5 0 6 4 2 7 1 319 37 129 17.72
5 0 1 7 6 0 1 319 45 132 19.41
1 1 0 0 0 0 1 319 21 110 11.7
1 0 0 0 0 0 0 50 136 12.81
1 0 0 0 0 0 3 321 322 323 0 77 20.0
3 0 2 0 5 5 1 328 1 91 13.24
3 0 0 0 2 2 3 325 326 334 1 121 21.35
8 0 0 7 6 4 2 324 331 1 93 21.56
6 0 0 10 0 4 2 327 329 9 109 20.54
8 0 2 0 0 7 2 339 343 4 121 15.46
8 0 0 10 3 5 2 332 339 4 100 20.85
5 1 0 0 0 0 3 338 347 348 15 93 11.5
4 0 0 8 0 9 2 333 346 4 81 18.27
8 0 0 0 5 0 1 330 15 118 12.56
9 0 0 8 4 0 3 335 340 341 23 137 14.26
3 0 2 0 10 0 1 337 9 137 15.46
5 0 10 0 8 8 1 335 12 139 14.74
10 0 0 1 0 0 2 336 343 8 113 14.57
3 0 8 3 2 0 1 344 4 114 14.25
4 0 0 2 0 0 1 337 32 160 21.42
9 0 4 0 3 8 2 337 345 18 145 16.12
7 0 0 0 0 4 1 350 36 175 13.79
8 1 0 0 0 0 3 341 343 345 20 124 17.17
10 0 0 1 0 4 1 340 12 154 13.75
4 0 2 0 0 3 1 348 32 134 12.68
6 0 0 7 10 1 1 342 32 149 17.03
1 0 0 2 7 0 1 349 38 110 17.83
3 0 9 2 0 3 1 349 28 139 15.55
5 0 0 0 0 7 1 348 7 116 17.07
9 0 0 0 0 8 1 350 28 120 15.0
6 0 2 0 0 0 1 350 8 153 19.25
8 1 0 0 0 0 1 349 20 102 20.8
4 0 0 9 0 6 1 351 36 177 15.29
5 0 0 0 4 5 1 351 39 129 17.66
1 0 0 0 9 3 1 351 43 181 14.63
1 0 0 0 0 0 0 44 144 14.23
1 0 0 0 0 0 3 353 354 355 0 125 20.77
5 0 0 0 0 8 3 357 358 361 1 106 20.16
3 0 0 7 0 0 1 371 1 105 17.67
7 0 4 0 0 0 1 356 1 138 13.1
3 0 0 0 6 0 2 359 368 8 86 10.93
4 0 0 9 0 0 1 364 6 102 16.71
6 0 8 0 0 0 1 363 6 156 13.8
7 0 5 0 0 0 3 360 365 367 11 140 12.97
2 0 7 0 0 0 3 370 372 373 18 157 13.24
10 0 0 3 0 0 3 362 366 375 6 128 17.76
6 0 0 0 5 0 1 382 16 144 20.79
5 0 0 0 10 0 1 381 12 91 17.45
5 0 2 0 0 0 1 365 10 156 14.32
8 0 0 6 0 0 2 378 382 18 110 12.99
7 0 4 0 0 0 1 369 16 110 16.33
7 0 7 0 0 0 1 377 18 143 17.58
3 0 0 0 0 5 1 376 11 108 14.51
6 1 0 0 0 0 3 373 376 378 23 118 13.04
7 1 0 0 0 0 1 374 20 143 19.87
8 0 0 8 0 0 2 377 380 4 145 19.57
9 1 0 0 0 0 2 376 377 20 138 13.4
10 0 0 0 0 7 2 380 382 29 148 13.11
7 0 0 0 0 5 1 380 27 142 19.98
6 0 0 0 0 10 1 381 16 102 19.17
5 0 0 0 0 3 1 379 29 121 12.8
1 0 0 0 0 9 1 379 29 112 14.55
1 0 9 0 0 0 1 379 29 152 16.61
5 0 0 0 8 0 1 381 34 147 16.95
1 0 5 0 0 0 1 383 39 153 14.05
4 0 0 1 0 0 1 383 39 181 21.27
2 0 0 6 0 0 1 383 39 161 17.65
1 0 0 0 0 0 0 43 149 12.39
1 0 0 0 0 0 3 385 386 387 0 100 17.81
9 0 4 0 0 0 3 388 390 404 1 112 13.0
5 0 6 0 2 0 3 391 392 393 1 111 21.0
6 0 5 0 10 1 2 398 404 1 98 11.8
1 0 8 0 0 3 3 389 395 396 10 112 17.56
9 1 0 0 0 0 3 394 399 412 11 112 18.87
9 0 3 0 0 6 3 394 396 403 10 112 14.45
3 0 5 0 2 3 2 397 404 6 99 19.03
10 0 0 9 9 0 1 406 6 152 13.26
5 0 6 5 0 0 1 394 6 132 15.71
5 0 6 7 0 2 1 398 20 99 15.27
1 0 0 8 9 0 2 397 398 11 145 19.6
2 1 0 0 0 0 1 401 19 144 20.55
7 0 0 0 0 7 3 400 408 409 12 105 17.02
1 0 9 7 8 0 3 400 402 413 25 126 15.85
6 1 0 0 0 0 3 402 403 411 20 145 14.02
1 0 2 0 0 7 1 414 26 133 11.53
8 1 0 0 0 0 3 405 406 410 21 170 17.72
2 0 6 2 0 0 1 407 26 131 15.27
1 0 0 10 8 0 1 409 26 106 12.55
5 0 0 0 0 9 1 412 10 137 16.81
9 1 0 0 0 0 2 407 409 29 139 12.25
2 0 10 0 0 0 3 407 411 412 29 112 16.7
6 0 0 0 5 2 1 414 38 159 18.64
9 0 2 0 8 2 1 410 19 153 12.31
2 0 0 2 1 3 2 413 414 38 114 17.95
1 0 0 9 0 0 1 411 29 107 19.01
3 0 0 0 8 0 1 413 31 123 11.15
6 0 0 0 10 0 1 415 31 155 19.25
7 0 1 3 6 8 1 415 40 175 17.09
10 0 0 9 0 4 1 415 44 139 12.52
1 0 0 0 0 0 0 54 176 11.8
78.57 77.21 83.23 77.21 78.86 141.4 230.96 227.26 269.64 185.21 159.46 152.8 145.25 172.46 195.14 205.03 213.93 248.12 268.72 308.72 230.0 194.36 173.54 159.34 186.01 174.3 174.3 171.54 173.62 189.12 282.58 263.84 345.64 297.93 253.55 240.4 211.76 212.61 208.45 230.25 259.53 323.9 440.0 482.06 315.0 295.02 262.03 258.54 236.57 222.21 207.95 198.99 219.9 240.37 307.03 479.08 477.08 330.0 283.71 249.24 218.14 220.87 219.0 223.92 254.49 295.09 378.4 479.97 323.73 273.02 243.63 228.57 218.66 210.0 193.8 182.96 195.02 218.46 259.36 271.49 332.41 301.56 271.49 277.7 262.7 254.99 255.0 263.58 266.65 277.61 319.24 343.77 290.1 248.65 226.8 179.7 231.32 219.6 212.12 211.62 218.92 229.49 283.83 350.0 355.0 327.39 297.26 247.54 262.01 238.37 221.42 242.69 258.6 274.0 290.0 303.43 266.99 217.94 220.03 193.0 191.76 174.0 163.8 144.74 139.9 133.36 147.49 153.06 189.3 199.33 185.09 160.0 144.91 136.57 125.44 137.91 152.44 135.78 220.0 217.84 189.45 156.02 145.64 134.76 90.33 77.12 83.58 73.28 81.02 91.58 85.82 34.84 80.4 98.94 88.47 84.17 63.63 46.92 45.61 73.6 96.62 167.78 168.58 200.0 167.19 144.96 140.04 134.55 78.57 77.21 83.23 77.21 78.86 141.4 230.96 227.26 269.64 185.21 159.46 152.8 145.25 172.46 195.14 205.03 213.93 248.12 268.72 308.72 230.0 194.36 173.54 159.34 186.01 174.3 174.3 171.54 173.62 189.12 282.58 263.84 345.64 297.93 253.55 240.4 211.76 212.61 208.45 230.25 259.53 323.9 440.0 482.06 315.0 295.02 262.03 258.54 236.57 222.21 207.95 198.99 219.9 240.37 307.03 479.08 477.08 330.0 283.71 249.24 218.14 220.87 219.0 223.92 254.49 295.09 378.4 479.97 323.73 273.02 243.63 228.57 218.66 210.0 193.8 182.96 195.02 218.46 259.36 271.49 332.41 301.56 271.49 277.7 262.7 254.99 255.0 263.58 266.65 277.61 319.24 343.77 290.1 248.65 226.8 179.7 231.32 219.6 212.12 211.62 218.92 229.49 283.83 350.0 355.0 327.39 297.26 247.54 262.01 238.37 221.42 242.69 258.6 274.0 290.0 303.43 266.99 217.94 220.03 193.0 191.76 174.0 163.8 144.74 139.9 133.36 147.49 153.06 189.3 199.33 185.09 160.0 144.91 136.57 125.44 137.91 152.44 135.78 220.0 217.84 189.45 156.02 145.64 134.76 90.33 77.12 83.58 73.28 81.02 91.58 85.82 34.84 80.4 98.94 88.47 84.17 63.63 46.92 45.61 73.6 96.62 167.78 168.58 200.0 167.19 144.96 140.04 134.55 78.57 77.21 83.23 77.21 78.86 141.4 230.96 227.26 269.64 185.21 159.46 152.8 145.25 172.46 195.14 205.03 213.93 248.12 268.72 308.72 230.0 194.36 173.54 159.34 186.01 174.3 174.3 171.54 173.62 189.12 282.58 263.84 345.64 297.93 253.55 240.4 211.76 212.61 208.45 230.25 259.53 323.9 440.0 482.06 315.0 295.02 262.03 258.54 236.57 222.21 207.95 198.99 219.9 240.37 307.03 479.08 477.08 330.0 283.71 249.24 218.14 220.87 219.0 223.92 254.49 295.09 378.4 479.97 323.73 273.02 243.63 228.57 218.66 210.0 193.8 182.96 195.02 218.46 259.36 271.49 332.41 301.56 271.49 277.7 262.7 254.99 255.0 263.58 266.65 277.61 319.24 343.77 290.1 248.65 226.8 179.7 231.32 219.6 212.12 211.62 218.92 229.49 283.83 350.0 355.0 327.39 297.26 247.54 262.01 238.37 221.42 242.69 258.6 274.0 290.0 303.43 266.99 217.94 220.03 193.0 191.76 174.0 163.8 144.74 139.9 133.36 147.49 153.06 189.3 199.33 185.09 160.0 144.91 136.57 125.44 137.91 152.44 135.78 220.0 217.84 189.45 156.02 145.64 134.76 90.33 77.12 83.58 73.28 81.02 91.58 85.82 34.84 80.4 98.94 88.47 84.17 63.63 46.92 45.61 73.6 96.62 167.78 168.58 200.0 167.19 144.96 140.04 134.55 78.57 77.21 83.23 77.21 78.86 141.4 230.96 227.26 269.64 185.21 159.46 152.8 145.25 172.46 195.14 205.03 213.93 248.12 268.72 308.72 230.0 194.36 173.54 159.34 186.01 174.3 174.3 171.54 173.62 189.12 282.58 263.84 345.64 297.93 253.55 240.4 211.76 212.61 208.45 230.25 259.53 323.9 440.0 482.06 315.0 295.02 262.03 258.54 236.57 222.21 207.95 198.99 219.9 240.37 307.03 479.08 477.08 330.0 283.71 249.24 218.14 220.87 219.0 223.92 254.49 295.09 378.4 479.97 323.73 273.02 243.63 228.57 218.66 210.0 193.8 182.96 195.02 218.46 259.36 271.49 332.41 301.56 271.49 277.7 262.7 254.99 255.0 263.58 266.65 277.61 319.24 343.77 290.1 248.65 226.8 179.7 231.32 219.6 212.12 211.62 218.92 229.49 283.83 350.0 355.0 327.39 297.26 247.54 262.01 238.37 221.42 242.69 258.6 274.0 290.0 303.43 266.99 217.94 220.03 193.0 191.76 174.0 163.8 144.74 139.9 133.36 147.49 153.06 189.3 199.33 185.09 160.0 144.91 136.57 125.44 137.91 152.44 135.78 220.0 217.84 189.45 156.02 145.64 134.76 90.33 77.12 83.58 73.28 81.02 91.58 85.82 34.84 80.4 98.94 88.47 84.17 63.63 46.92 45.61 73.6 96.62 167.78 168.58 200.0 167.19 144.96 140.04 134.55 78.57 77.21 83.23 77.21 78.86 141.4 230.96 227.26 269.64 185.21 159.46 152.8 145.25 172.46 195.14 205.03 213.93 248.12 268.72 308.72 230.0 194.36 173.54 159.34 186.01 174.3 174.3 171.54 173.62 189.12 282.58 263.84 345.64 297.93 253.55 240.4 211.76 212.61 208.45 230.25 259.53 323.9 440.0 482.06 315.0 295.02 262.03 258.54 236.57 222.21 207.95 198.99 219.9 240.37 307.03 479.08 477.08 330.0 283.71 249.24 218.14 220.87 219.0 223.92 254.49 295.09 378.4 479.97 323.73 273.02 243.63 228.57 218.66 210.0
