416 5
1 32 39 51 43
1 0 0 0 0 0 3 1 2 3 0 89 6.3
6 0 0 0 0 9 2 16 18 1 104 7.66
7 0 7 0 1 9 3 7 10 17 1 135 9.6
7 0 10 3 1 8 3 4 5 27 1 112 8.98
4 0 6 1 3 0 2 6 20 8 139 8.34
10 0 0 7 5 0 1 8 8 168 8.63
1 0 9 0 2 9 2 11 29 12 111 7.08
1 0 2 0 0 3 1 27 8 86 5.85
6 1 0 0 0 0 2 9 25 18 102 9.83
2 1 0 0 0 0 2 19 24 24 126 5.48
9 0 2 9 9 0 1 26 8 122 6.25
4 0 4 2 7 7 3 12 15 16 13 93 7.26
4 1 0 0 0 0 1 13 17 158 7.95
6 1 0 0 0 0 3 14 18 23 21 150 8.55
6 0 0 10 2 8 2 22 26 27 164 6.29
8 0 7 10 0 9 1 19 17 121 6.91
3 0 1 6 4 9 1 21 17 149 5.93
2 0 7 2 8 7 1 30 8 116 9.87
8 0 4 4 8 7 1 24 27 138 7.84
9 1 0 0 0 0 1 21 26 184 10.45
8 0 6 3 0 0 1 24 12 154 7.08
6 0 5 8 5 2 1 28 35 147 8.25
8 0 7 0 7 1 1 25 33 142 9.14
4 0 3 9 10 0 2 25 30 27 125 6.59
4 0 5 7 0 8 1 28 35 128 9.82
1 0 1 7 4 9 1 28 41 184 8.45
1 0 0 7 8 5 1 30 33 119 5.43
6 0 0 3 6 9 1 29 9 134 8.62
4 0 4 9 9 7 1 31 42 178 8.22
8 1 0 0 0 0 1 31 15 122 9.11
8 0 7 4 6 6 1 31 34 165 6.8
1 0 0 0 0 0 0 46 184 9.98
1 0 0 0 0 0 3 33 34 35 0 86 6.46
1 0 0 5 7 7 3 41 42 46 1 135 6.17
9 0 0 8 5 4 3 36 39 43 1 104 7.06
5 1 0 0 0 0 1 50 1 108 7.27
6 0 0 6 10 2 3 37 38 40 10 96 10.1
4 0 2 0 0 10 3 45 51 59 16 121 6.54
9 0 5 0 4 0 3 44 47 61 16 160 6.91
7 0 0 0 7 0 1 53 10 95 10.08
4 0 0 0 10 0 3 42 48 57 16 146 6.81
8 0 0 1 0 0 2 43 49 2 154 6.76
10 0 2 0 0 8 1 54 20 177 6.26
4 0 2 0 0 0 1 57 10 147 10.53
10 1 0 0 0 0 3 50 53 55 25 110 8.45
2 0 9 0 0 0 2 52 58 20 142 7.79
8 0 0 7 0 1 3 47 48 56 2 92 8.86
9 0 0 5 0 0 3 50 54 60 25 116 8.8
10 0 0 10 0 7 3 53 59 60 20 163 7.36
3 0 8 2 0 0 2 51 52 10 93 9.38
10 0 10 6 0 6 1 62 35 179 9.99
4 1 0 0 0 0 2 55 56 20 101 8.22
5 1 0 0 0 0 1 56 22 105 10.34
3 1 0 0 0 0 1 54 35 145 10.6
6 0 5 3 8 0 1 62 38 149 8.58
5 1 0 0 0 0 1 57 35 160 9.44
6 0 0 6 7 6 1 61 27 131 8.79
4 0 0 0 0 10 1 58 40 152 9.96
4 0 9 0 1 0 2 60 62 44 139 9.95
4 0 0 8 9 1 1 61 30 144 8.03
5 0 0 0 3 0 1 63 48 156 7.13
3 0 7 10 9 1 1 63 34 127 7.27
6 0 9 0 5 5 1 63 48 146 10.15
1 0 0 0 0 0 0 54 179 7.1
1 0 0 0 0 0 3 65 66 67 0 128 5.49
9 0 4 2 1 1 1 88 1 102 6.74
5 0 5 4 8 10 3 68 69 76 1 111 6.08
10 0 9 6 7 6 3 72 77 78 1 113 8.93
4 0 3 4 3 4 3 70 71 79 6 145 8.92
7 0 1 6 9 10 1 94 6 132 8.74
9 0 6 8 8 2 3 74 80 91 10 106 6.03
8 0 4 9 9 7 3 75 81 93 10 115 7.06
8 0 9 5 8 4 2 73 90 11 138 6.34
10 1 0 0 0 0 2 75 80 19 169 6.94
9 1 0 0 0 0 1 77 19 126 9.52
2 1 0 0 0 0 1 87 29 123 9.78
2 0 2 8 8 4 1 93 6 89 7.68
1 1 0 0 0 0 3 84 85 89 28 135 7.88
2 0 7 9 9 10 1 83 11 152 5.98
5 0 2 2 8 1 1 82 10 109 8.52
5 0 2 4 7 10 1 84 29 180 8.92
3 0 4 4 3 10 1 86 18 103 9.3
4 0 2 2 10 2 1 94 15 170 6.69
3 0 4 5 3 10 1 85 13 116 8.52
8 0 3 1 9 7 1 88 34 162 7.12
6 0 1 7 10 1 1 92 29 126 6.68
10 0 1 3 1 10 1 90 21 136 7.94
3 0 9 4 7 5 2 88 94 31 127 8.82
3 0 10 9 1 2 1 92 42 164 8.83
9 0 7 3 3 5 1 90 29 118 6.73
4 0 8 1 2 9 1 92 38 148 8.84
10 1 0 0 0 0 1 93 19 169 7.83
4 0 8 4 4 4 1 95 45 165 10.56
9 0 8 5 3 9 1 95 29 122 8.32
9 0 7 2 7 7 1 95 34 163 5.45
1 0 0 0 0 0 0 49 158 8.17
1 0 0 0 0 0 3 97 98 99 0 135 6.92
6 0 1 0 0 2 1 102 1 116 10.27
9 0 7 7 3 0 2 103 108 1 93 7.85
7 0 10 0 10 3 3 100 101 113 1 109 6.25
1 0 1 0 8 9 2 106 110 8 97 6.53
2 0 0 0 5 9 3 104 107 112 8 146 6.99
5 0 5 0 10 0 2 105 115 7 96 8.83
7 0 0 0 3 9 2 117 121 10 170 6.75
7 0 0 5 1 0 2 111 119 10 138 9.37
7 0 7 2 0 0 2 120 124 12 154 5.41
1 0 8 0 3 10 1 108 9 112 10.06
3 0 5 6 0 0 2 123 125 10 93 10.29
1 0 0 7 0 8 3 109 114 124 10 131 8.58
8 0 8 0 10 4 1 118 11 133 9.44
1 0 9 0 0 0 1 122 9 152 10.16
7 1 0 0 0 0 1 122 17 142 7.95
1 0 0 0 10 0 1 114 10 109 8.72
2 0 3 7 0 0 1 120 8 98 7.45
6 0 0 0 0 8 1 116 11 126 5.56
4 0 0 9 5 0 2 119 125 12 94 7.65
9 1 0 0 0 0 1 120 17 121 7.74
6 1 0 0 0 0 1 126 17 126 7.58
5 0 0 0 9 0 1 122 19 144 5.73
2 1 0 0 0 0 2 121 126 17 99 7.26
9 0 9 0 8 0 1 126 26 132 8.42
1 1 0 0 0 0 1 123 19 138 7.48
2 1 0 0 0 0 1 125 24 150 5.54
8 0 0 0 0 4 1 124 20 145 9.01
5 0 0 9 9 5 1 127 28 161 6.38
5 0 5 6 0 0 1 127 26 171 5.83
10 0 4 4 8 6 1 127 35 191 10.57
1 0 0 0 0 0 0 45 144 8.2
1 0 0 0 0 0 3 129 130 131 0 133 9.34
1 0 0 6 0 0 3 136 138 147 1 133 7.55
9 0 9 4 9 3 2 132 135 1 121 9.78
4 0 4 1 7 9 2 133 139 1 83 10.3
10 0 0 0 7 0 1 134 10 112 5.49
10 0 2 8 0 4 3 149 152 153 5 145 5.7
7 0 10 4 2 0 3 137 148 151 20 118 6.51
2 0 0 0 0 5 1 143 10 145 6.11
5 0 4 10 0 0 1 142 2 97 7.26
7 1 0 0 0 0 1 146 27 131 6.39
8 0 8 4 0 0 2 141 158 2 129 5.79
9 0 0 0 0 2 3 140 141 145 5 156 6.83
7 0 0 0 0 2 1 152 14 119 7.99
3 0 0 7 0 0 1 144 14 111 5.68
10 0 2 0 2 0 1 155 7 138 7.85
3 0 0 6 0 0 1 146 12 111 5.9
3 0 3 0 6 0 1 157 17 160 6.75
9 0 0 2 7 0 1 148 14 163 8.54
5 1 0 0 0 0 2 150 154 34 119 9.12
8 0 7 3 0 0 2 153 157 2 153 6.53
8 1 0 0 0 0 3 149 152 155 27 156 8.88
9 0 0 5 1 0 1 154 35 172 6.31
7 0 0 4 0 2 1 153 39 188 9.28
7 0 0 8 8 0 1 156 27 158 9.93
8 0 0 10 8 0 1 158 35 122 6.62
9 0 1 6 6 0 1 156 46 186 5.46
10 0 5 0 6 0 1 158 44 157 7.23
7 0 0 4 0 0 1 157 35 179 9.11
1 0 0 3 1 9 1 159 55 199 7.04
8 0 9 6 7 4 1 159 42 191 7.54
4 0 6 0 0 6 1 159 54 175 5.8
1 0 0 0 0 0 0 58 182 5.53
1 0 0 0 0 0 3 161 162 163 0 105 10.07
7 0 1 6 4 9 3 169 170 188 1 134 6.14
4 0 9 1 3 9 3 164 165 167 1 144 7.36
1 0 3 4 8 5 3 170 171 172 1 141 7.04
5 0 5 7 4 8 2 166 186 5 136 9.18
7 0 2 9 1 7 3 169 180 182 5 142 7.51
9 0 1 5 6 7 2 171 185 10 160 9.42
8 0 8 6 8 3 3 168 173 174 5 136 7.65
5 0 2 9 2 10 3 169 175 179 13 110 5.81
6 1 0 0 0 0 1 189 18 140 5.36
10 0 5 9 3 1 1 183 8 105 7.74
2 1 0 0 0 0 2 173 179 19 128 7.88
10 0 4 1 8 3 2 173 184 2 132 8.04
4 1 0 0 0 0 2 181 187 21 102 6.03
7 0 10 8 6 5 2 177 190 13 96 8.82
5 0 1 7 6 10 3 176 184 187 18 165 10.38
4 0 9 1 1 3 1 178 23 131 10.13
9 0 1 4 5 4 1 185 20 154 10.26
6 0 5 2 1 10 2 180 186 27 109 10.3
6 1 0 0 0 0 2 181 183 21 169 8.77
10 1 0 0 0 0 1 181 33 162 9.8
7 0 1 3 5 10 2 188 190 43 149 7.03
9 0 2 6 3 2 2 183 185 12 159 7.71
9 0 4 8 4 9 2 187 189 27 178 6.82
4 0 10 10 5 8 1 186 23 138 6.66
10 0 7 6 10 10 1 188 29 178 9.33
8 0 1 7 7 10 1 189 33 156 9.77
6 0 2 6 5 3 1 190 36 183 8.95
3 0 6 3 7 4 1 191 50 156 10.32
6 0 5 5 3 5 1 191 41 120 6.22
1 0 7 10 4 10 1 191 50 174 7.19
1 0 0 0 0 0 0 53 168 10.39
1 0 0 0 0 0 3 193 194 195 0 107 5.59
7 0 7 0 0 0 2 196 204 1 151 7.42
10 0 0 3 0 0 1 209 1 145 6.32
3 0 0 0 0 10 2 208 219 1 145 6.81
10 0 0 9 0 0 3 197 199 203 8 166 5.39
5 0 0 0 0 4 3 198 200 202 18 102 8.25
2 1 0 0 0 0 1 209 23 118 7.87
10 0 0 0 0 7 1 201 18 128 10.35
9 0 0 0 0 3 2 207 208 23 111 5.39
9 1 0 0 0 0 3 211 219 221 28 141 8.8
8 1 0 0 0 0 3 206 207 220 23 167 7.8
2 0 0 1 0 0 3 206 211 217 18 143 8.87
4 0 0 9 0 0 2 205 213 8 90 6.74
8 0 0 1 0 0 1 220 12 170 5.94
1 1 0 0 0 0 3 212 214 215 31 146 9.56
1 1 0 0 0 0 2 210 214 32 113 6.17
9 1 0 0 0 0 2 210 218 32 168 6.5
7 0 0 3 0 0 3 217 218 222 25 162 10.28
2 0 10 0 0 0 3 212 215 217 41 132 10.41
3 0 0 1 0 0 1 212 37 168 7.04
1 0 0 0 0 6 1 216 43 165 5.59
8 1 0 0 0 0 2 215 218 12 157 8.23
4 1 0 0 0 0 2 216 219 33 152 6.67
3 0 0 0 0 1 1 216 43 174 7.26
8 0 0 0 0 5 1 222 46 161 7.54
10 0 10 0 0 0 1 221 43 154 6.24
5 0 0 0 3 0 2 220 221 41 176 9.74
1 1 0 0 0 0 1 222 37 152 9.97
8 0 0 5 0 0 1 223 46 150 6.1
1 0 0 0 5 0 1 223 53 160 6.89
7 0 5 0 0 0 1 223 54 159 10.19
1 0 0 0 0 0 0 61 156 6.17
1 0 0 0 0 0 3 225 226 227 0 117 6.0
10 0 8 1 10 6 1 250 1 159 7.14
9 0 4 6 2 9 2 232 233 1 107 9.54
5 0 2 4 10 10 3 228 230 231 1 148 6.69
1 0 4 1 5 3 3 229 238 246 6 150 6.0
1 0 4 1 3 9 2 237 253 7 143 7.24
9 0 9 7 2 4 2 234 235 6 161 7.24
5 0 6 5 1 8 1 241 6 137 7.81
9 0 4 3 5 5 1 242 10 112 6.68
4 0 9 2 9 5 2 236 243 10 163 10.55
8 0 10 10 2 9 3 237 245 248 15 141 10.42
7 0 9 6 10 3 3 237 239 247 15 148 6.27
2 1 0 0 0 0 1 249 14 142 10.6
3 0 4 9 6 6 1 244 23 171 5.96
1 0 8 7 2 2 2 242 253 7 89 6.79
8 1 0 0 0 0 1 240 22 149 5.63
9 0 8 9 2 10 1 250 30 168 9.99
8 0 7 3 1 4 2 250 251 11 156 9.65
4 0 4 10 5 2 1 254 19 142 8.75
5 1 0 0 0 0 1 247 14 153 7.55
2 0 1 10 1 6 1 249 26 114 6.97
10 0 10 2 6 2 1 249 23 131 10.48
2 0 2 8 1 3 1 252 7 97 8.67
4 0 3 3 2 3 1 253 22 130 5.59
1 1 0 0 0 0 1 254 23 169 10.54
6 0 10 1 7 5 2 251 252 33 163 7.63
2 0 9 6 5 5 1 252 39 143 9.11
4 0 3 1 5 8 1 254 39 175 5.64
1 0 6 6 10 4 1 255 41 170 6.94
2 0 7 10 7 3 1 255 26 165 8.27
2 0 5 4 5 7 1 255 43 155 5.82
1 0 0 0 0 0 0 45 166 7.28
1 0 0 0 0 0 3 257 258 259 0 83 8.01
4 0 0 10 0 0 3 260 261 263 1 139 8.27
8 0 0 0 0 5 3 265 270 277 1 117 6.07
10 0 0 4 0 0 2 262 278 1 105 6.3
8 0 0 0 3 0 1 266 5 166 9.12
4 0 0 0 2 0 3 264 266 267 5 159 8.38
9 0 9 0 0 0 1 281 11 159 10.28
2 0 0 0 9 0 3 271 273 279 5 119 8.73
2 0 2 0 0 0 1 283 9 105 5.97
2 0 0 0 8 0 1 274 9 118 9.67
3 0 0 2 0 0 1 281 13 153 6.24
4 0 0 7 0 0 2 268 269 9 143 6.46
8 0 6 0 0 0 2 272 285 13 105 6.39
1 0 9 0 0 0 1 274 13 154 6.34
4 0 10 0 0 0 1 283 9 112 8.06
1 0 10 0 0 0 2 276 284 7 136 8.82
9 0 0 0 2 0 1 277 21 176 8.23
10 0 0 3 0 0 2 275 282 7 153 9.47
6 1 0 0 0 0 1 280 14 137 6.26
5 0 3 0 0 0 1 283 17 140 5.8
3 0 0 0 0 6 1 281 8 132 5.96
6 0 2 0 0 0 1 286 30 155 9.42
10 0 0 0 10 0 1 286 11 98 9.74
1 0 5 0 0 0 2 280 286 7 142 8.57
2 1 0 0 0 0 2 282 284 20 159 7.08
3 0 0 0 7 0 1 282 20 113 5.83
6 0 9 0 0 0 1 285 23 161 9.92
3 1 0 0 0 0 1 284 22 155 9.82
4 0 0 0 0 7 1 287 25 125 5.85
8 0 0 0 10 0 1 287 29 162 9.26
3 0 0 0 1 0 1 287 36 129 6.18
1 0 0 0 0 0 0 39 143 6.63
1 0 0 0 0 0 3 289 290 291 0 86 5.91
2 0 0 0 0 9 3 294 305 306 1 140 8.0
5 0 0 0 0 1 3 292 293 297 1 160 8.91
4 0 0 0 7 0 3 295 297 308 1 87 9.97
6 0 0 0 0 8 3 294 296 303 6 161 10.36
9 0 0 2 0 0 3 298 300 302 6 116 10.16
8 0 0 3 0 0 3 300 317 318 12 119 8.06
1 0 2 0 0 0 3 299 300 303 5 112 6.65
9 0 0 0 2 0 3 298 306 312 12 105 8.02
5 0 0 0 0 6 3 301 311 312 6 132 7.43
10 1 0 0 0 0 3 301 308 315 21 115 6.43
9 0 0 0 9 0 2 304 307 6 95 10.53
6 1 0 0 0 0 2 301 310 20 165 6.03
7 0 0 0 7 0 1 316 31 128 8.37
1 0 10 0 0 0 3 303 304 308 15 159 5.67
5 0 0 6 0 0 3 310 313 314 16 161 9.24
1 0 0 0 0 5 1 305 16 164 5.72
4 0 0 9 0 0 3 309 311 312 17 136 9.12
10 1 0 0 0 0 3 307 309 318 21 171 8.26
4 0 5 0 0 0 2 310 311 31 152 6.71
3 0 8 0 0 0 2 309 314 31 163 8.34
8 0 0 0 5 0 1 316 34 143 9.53
7 0 0 0 0 1 1 316 35 143 7.89
2 0 2 0 0 0 2 313 315 35 179 7.38
7 1 0 0 0 0 3 313 314 315 21 121 9.93
7 0 8 0 0 0 1 317 37 129 9.14
8 0 0 4 0 0 1 318 34 127 8.83
2 0 0 0 3 0 1 317 37 125 10.55
4 0 0 0 1 0 1 319 42 149 5.91
8 0 0 0 0 10 1 319 44 141 9.28
1 0 0 8 0 0 1 319 42 123 6.45
1 0 0 0 0 0 0 52 126 5.7
1 0 0 0 0 0 3 321 322 323 0 150 9.21
6 0 0 0 6 0 3 324 329 339 1 129 9.4
10 0 0 0 1 0 3 325 330 341 1 137 10.23
8 0 0 0 0 5 3 329 330 338 1 138 9.87
7 0 7 0 0 0 3 326 327 332 7 165 6.32
2 0 0 0 8 0 3 335 340 346 11 148 9.37
1 0 0 0 0 1 3 328 331 336 14 115 9.34
5 0 0 0 0 7 3 328 333 337 14 127 9.55
9 0 1 0 0 0 3 330 338 346 19 116 10.62
7 0 0 4 0 0 3 331 335 337 9 124 7.58
6 0 6 0 0 0 3 340 342 348 28 159 8.83
9 0 0 0 2 0 3 342 344 350 16 170 8.92
10 0 0 8 0 0 3 334 337 340 14 150 10.04
3 0 5 0 0 0 3 334 336 344 19 172 9.9
4 1 0 0 0 0 3 335 341 346 24 149 10.1
7 1 0 0 0 0 2 343 347 28 136 7.65
9 1 0 0 0 0 2 338 342 22 124 7.64
4 1 0 0 0 0 1 345 24 107 5.37
6 1 0 0 0 0 3 341 343 345 31 119 8.14
2 0 7 0 0 0 3 344 345 349 7 162 9.23
2 1 0 0 0 0 1 349 34 183 6.53
1 0 0 0 0 1 1 350 37 144 8.74
1 0 0 8 0 0 1 343 34 113 10.23
7 0 10 0 0 0 1 349 37 125 8.16
4 1 0 0 0 0 1 348 25 126 8.59
10 0 10 0 0 0 1 347 37 179 8.75
7 1 0 0 0 0 1 347 28 134 6.51
6 0 0 0 0 6 2 348 350 47 144 8.33
7 0 10 0 0 0 1 351 53 194 9.1
8 0 0 2 0 0 1 351 44 150 7.2
3 0 6 0 0 0 1 351 53 191 8.44
1 0 0 0 0 0 0 60 166 5.53
1 0 0 0 0 0 3 353 354 355 0 131 5.99
4 0 4 0 0 0 3 357 362 364 1 116 10.3
7 0 8 0 0 0 3 356 358 367 1 121 9.16
8 0 10 0 0 0 3 356 360 364 1 123 6.82
5 0 0 0 0 8 3 363 365 372 9 136 5.65
7 0 0 0 6 0 3 361 368 377 5 133 7.65
5 0 0 0 0 1 3 359 364 374 8 148 8.62
1 0 0 5 0 0 3 363 366 381 13 121 6.98
1 0 0 0 0 1 3 365 367 370 9 131 8.58
4 0 0 0 2 0 3 365 367 375 12 107 6.96
10 0 2 0 0 0 3 363 377 378 5 114 9.19
2 0 0 0 10 0 2 368 371 15 117 5.6
8 0 3 0 0 0 3 366 368 375 13 149 6.57
7 1 0 0 0 0 3 366 369 376 16 132 9.72
1 0 0 10 0 0 2 373 380 23 124 6.73
5 0 0 0 1 0 3 374 376 380 16 153 8.85
2 0 0 0 6 0 1 373 21 168 10.26
3 0 0 0 7 0 1 371 23 174 6.56
1 0 3 0 0 0 3 372 376 377 10 91 7.56
1 0 0 0 5 0 1 380 26 148 6.86
7 1 0 0 0 0 3 373 374 375 14 136 10.57
4 0 10 0 0 0 1 382 24 164 7.22
7 0 7 0 0 0 2 379 382 21 107 6.09
8 1 0 0 0 0 2 378 379 21 132 6.58
7 1 0 0 0 0 2 378 381 23 179 7.06
4 0 0 0 0 10 1 379 15 139 7.57
7 0 6 0 0 0 1 382 30 168 6.41
4 0 0 8 0 0 1 381 29 122 7.7
5 0 0 5 0 0 1 383 27 138 7.42
7 0 2 0 0 0 1 383 33 167 8.33
7 0 0 0 6 0 1 383 37 131 9.13
1 0 0 0 0 0 0 44 180 9.62
1 0 0 0 0 0 3 385 386 387 0 94 8.86
9 0 0 6 0 1 3 394 407 410 1 111 9.48
7 0 0 0 1 0 3 389 391 392 1 135 5.47
1 0 5 7 10 0 3 388 393 397 1 116 7.76
1 0 6 9 1 0 3 389 390 394 2 107 9.15
10 0 0 3 0 0 3 398 404 407 8 131 6.76
4 0 7 7 1 0 3 395 401 402 3 122 7.17
5 0 2 0 0 0 3 398 406 407 8 148 7.38
10 0 0 10 10 0 3 394 395 399 8 125 9.95
6 0 0 0 6 0 3 399 408 414 2 110 9.58
9 1 0 0 0 0 3 400 401 403 18 127 9.28
7 1 0 0 0 0 3 396 398 411 18 133 8.71
6 1 0 0 0 0 3 404 405 410 25 135 8.2
8 0 0 10 0 6 3 399 402 403 2 151 8.82
6 1 0 0 0 0 3 403 409 410 25 129 8.8
6 1 0 0 0 0 2 406 409 18 108 7.78
7 0 0 10 4 5 3 402 408 412 27 168 6.6
9 0 0 0 3 5 1 414 27 130 6.04
5 0 0 2 0 9 3 404 405 411 34 157 8.27
6 0 0 0 10 6 1 405 31 139 8.28
8 0 0 5 0 2 1 406 39 135 9.95
8 0 5 0 3 0 1 414 39 186 6.32
3 0 3 2 10 0 1 413 47 128 10.35
6 0 0 0 5 9 3 408 411 412 18 122 10.18
7 0 2 0 0 0 1 409 34 146 6.73
2 0 7 1 3 0 1 413 41 165 6.77
5 0 6 2 0 2 1 412 31 161 8.6
8 0 0 9 0 0 1 413 39 165 8.15
10 0 0 10 5 0 1 415 36 173 6.48
2 0 4 0 0 3 1 415 50 140 5.63
2 0 10 0 8 0 1 415 47 171 7.63
1 0 0 0 0 0 0 52 163 9.77
71.58 64.89 65.26 68.65 70.9 94.42 125.84 169.5 176.15 135.51 112.24 102.19 90.43 84.31 75.01 72.83 80.68 106.15 136.55 193.78 177.12 135.68 115.62 102.34 102.04 95.83 93.8 94.79 92.6 102.04 131.25 178.53 159.37 109.28 87.69 73.78 61.16 25.46 28.64 41.86 77.51 87.79 126.85 161.74 140.4 113.1 96.67 80.29 69.27 68.67 68.58 70.01 71.02 84.43 117.5 152.77 125.47 85.45 61.22 39.44 31.11 19.09 17.03 28.63 68.17 68.49 105.0 141.27 127.01 103.68 85.81 73.64 68.47 69.66 68.55 70.4 73.84 95.81 134.77 165.0 133.3 79.11 41.0 0.19 -0.95 -7.15 -5.04 1.15 25.91 79.02 141.28 184.01 174.44 139.91 114.52 105.62 110.0 104.92 105.1 105.33 108.46 114.3 154.79 182.25 140.78 96.23 65.17 7.82 0.0 -1.13 -1.07 -0.05 31.05 79.84 128.71 172.61 159.72 120.3 103.31 96.97 109.19 102.92 99.91 100.48 99.46 98.29 103.63 107.23 100.41 57.45 0.66 -0.85 -21.04 -47.34 -49.39 -29.98 -3.31 5.16 72.68 95.83 89.0 78.93 78.99 68.75 70.45 61.66 63.51 69.45 71.21 78.88 78.18 79.73 42.41 0.1 -2.02 -27.76 -60.4 -104.76 -109.67 -66.68 -17.81 11.14 118.37 136.1 135.48 123.12 113.13 101.14 88.35 86.84 83.37 85.41 87.18 100.46 132.06 176.44 144.5 108.02 84.23 64.57 27.99 23.89 30.0 65.29 83.54 105.14 131.7 173.84 164.32 137.8 116.32 102.52 94.89 88.85 90.16 91.48 93.25 108.74 146.31 180.55 136.77 91.31 81.16 81.04 50.08 47.9 59.1 65.55 78.47 92.0 115.0 173.66 174.75 140.84 122.64 107.28 108.64 99.74 97.29 97.64 98.63 114.12 158.07 175.56 131.56 100.44 84.16 66.16 15.48 11.03 26.56 48.59 72.36 89.44 102.39 125.0 130.89 105.0 98.55 100.49 94.84 92.22 91.47 90.69 93.35 101.32 137.63 174.11 136.88 103.38 87.12 68.25 39.09 2.49 0.08 2.22 64.43 72.67 105.23 153.82 157.98 101.14 85.74 83.58 74.31 70.36 64.32 64.99 67.44 88.93 114.0 111.57 90.0 61.39 13.78 0.22 -1.39 -5.06 -4.33 -0.1 15.07 65.62 115.85 140.11 161.49 135.22 123.11 108.14 109.28 105.89 102.31 99.94 100.8 100.77 105.85 101.16 96.91 68.05 20.19 0.0 -8.45 -34.11 -36.54 -14.41 -0.19 61.75 112.99 151.66 139.9 99.59 78.0 45.94 53.65 44.72 41.89 41.54 31.8 33.0 35.93 27.75 13.15 8.43 0.0 -0.02 -3.32 -18.84 -25.38 -9.93 -0.01 20.31 100.0 123.71 120.0 109.0 104.94 96.64 89.92 84.78 84.1 84.37 86.9 99.45 125.0 152.11 144.03 107.54 95.55 76.31 60.49 61.64 66.22 75.8 84.6 99.0 124.29 185.27 158.68 106.12 83.42 79.36 77.96 76.79 70.01 67.27 69.42 75.27 85.46 95.0 100.0 95.0 70.41 92.74 91.28 90.01 80.01 75.01 69.89 86.57 108.76 137.32 145.94 113.58 105.8 97.2 89.32 83.81 84.44 84.93 88.01 103.34 124.04 135.68 109.94 82.49 59.41 37.67 19.62 12.15 13.1 31.9 65.62 94.94 118.39 157.87 154.65 121.83 109.97 98.59 90.44 85.33 83.48 82.34 83.84 90.43 109.6 123.17 124.43 90.0 61.14 45.95 43.0 40.84 36.53 74.14 87.15 100.0 114.39 131.02 124.3 114.17 98.9 96.72 90.26 81.14 78.44 77.73 77.6 77.4 80.0 86.52 88.46 89.0 88.96 86.31 77.82 67.28 65.05 67.51 77.77 91.86 106.14 126.23 133.75 118.8 108.83 101.95 91.61 81.89 86.4 84.44 86.95 92.98 97.71 94.12 82.13 59.9 19.4 4.54 0.0 -2.72 -6.57 -0.78 0.2 66.51 105.94 130.84 149.1 130.44 111.58 99.44 101.48 96.74 97.58 98.3 98.66 103.07 103.5 86.91 63.7 5.8 -0.69 -30.5 -80.69 -84.89 -54.65 -7.53 0.0 68.65 107.04 116.77 142.51 133.91 121.69 110.95 107.96 98.59 95.84 95.98 98.32 98.32 95.72 89.98 79.86 55.56 18.77 9.09 -14.57 -22.49 -0.94 9.53 47.56 84.28 101.2 121.53 139.09 132.1 122.77 106.49 96.63 89.22 87.89 85.33 85.04 98.71 122.53 151.54 140.71 104.45 93.4 83.43 77.19 66.99 71.71 78.64 83.86 101.6 132.36 206.14 259.37 155.9 123.21 111.54 108.66 101.1 99.09 99.12 103.52 111.92 137.55 144.7 123.52 99.89 87.72 88.53 79.59 79.56 86.67 94.26 100.74 109.96 133.14 163.36 169.27 126.8 108.41 97.88 94.72 89.22 87.51 86.32 85.57 92.15 110.82 119.21 117.72 105.07 94.79 89.4 80.72 77.31 78.01 80.04 85.24 97.38 103.94 116.68 121.61 114.48 106.53 93.1 92.38 83.68 82.73 84.31 85.77 95.88 105.04 113.39 108.65 94.86 86.57 74.23 67.93 49.4 42.59 62.77 77.05 85.06 100.08 116.33 123.39 109.63 100.37 92.09 101.25 92.79 91.74 90.3 89.64 91.4 93.54 86.45 71.06 34.45 2.55 -0.01 -5.87 -12.51 -9.86 -2.0 -0.01 30.99 79.17 100.0 107.86 96.21 85.8 73.21 69.11 62.6 58.39 59.28 63.53 68.24 67.96 63.08 35.01 0.04 -3.0 -32.41 -94.9 -123.0 -113.5 -50.5 -5.17 18.35 92.74 110.72 124.48 109.04 99.0 93.85 92.84 87.19 83.31 86.0 91.62 100.01 139.94 131.09 95.79 67.37 9.79 -0.01 -3.67 -5.9 -6.18 -1.54 2.04 72.36 104.34 152.34 196.91 129.07 106.24 96.85 91.27 87.45 82.41 79.94 80.88 91.19 107.09 113.13 94.58 67.9 5.81 0.0 -0.76 -1.9 -1.69 -0.01 14.81 77.49 101.74 139.83 178.26 130.0 109.31 98.19 95.0 90.03 88.19 88.76 92.14 96.36 115.21 120.29 95.59 72.05 7.08 0.0 -1.0 -6.21 -3.0 -0.02 19.91 79.17 102.79 132.19 176.8 127.99 108.47 99.08 98.18 92.44 91.01 91.24 91.18 84.68 83.52 76.04 58.7 0.0 -3.0 -40.1 -81.56 -128.47 -118.34 -49.99 -5.17 39.86 96.49 129.91 164.23 121.97 100.28 86.68 89.09 74.7 64.5 62.85 65.88 75.12 86.99 85.7 75.53 33.29 0.85 -0.01 -0.8 -3.0
