416 5
1 52 40 32 32
1 0 0 0 0 0 3 1 2 3 0 89 7.58
2 0 3 5 1 1 2 5 27 1 161 6.83
8 0 7 2 10 6 3 7 9 10 1 95 6.18
2 0 8 1 5 2 2 4 11 1 106 7.37
1 0 5 9 9 2 1 15 3 122 6.25
10 0 9 6 1 8 2 6 18 3 96 7.02
7 0 1 7 5 9 1 8 13 145 4.72
7 0 7 7 8 1 1 23 9 109 6.78
7 1 0 0 0 0 2 12 21 20 144 7.14
7 0 5 1 6 3 3 13 16 17 9 135 5.58
4 1 0 0 0 0 1 19 9 140 5.18
6 0 6 7 10 6 3 14 19 20 3 88 6.86
4 0 10 9 2 10 1 24 27 180 6.12
1 1 0 0 0 0 1 28 16 140 7.93
7 0 3 7 9 4 2 16 21 9 139 5.33
10 1 0 0 0 0 1 21 4 111 6.42
2 0 8 1 8 1 2 25 30 16 112 4.97
8 0 5 5 3 9 2 28 29 16 145 8.03
1 0 5 9 8 3 2 22 25 13 144 7.49
5 1 0 0 0 0 1 26 13 111 8.04
5 0 8 4 10 8 2 22 23 9 162 4.86
2 0 7 9 1 3 1 24 27 116 6.55
3 1 0 0 0 0 1 29 14 138 4.17
9 0 5 2 6 5 1 29 16 136 5.13
10 0 4 7 1 7 1 30 31 159 7.54
10 0 1 5 1 6 1 26 18 146 7.6
7 0 7 6 7 10 1 28 28 120 6.27
1 0 5 6 5 6 1 30 3 155 8.06
4 0 1 7 3 4 1 31 35 173 4.32
7 0 8 6 5 10 1 31 25 152 7.14
3 0 6 1 5 9 1 31 41 159 5.63
1 0 0 0 0 0 0 44 178 6.63
1 0 0 0 0 0 3 33 34 35 0 99 5.61
3 0 10 9 8 5 3 37 43 47 1 99 5.91
1 0 7 0 5 2 3 36 37 39 1 124 7.01
10 0 5 0 0 4 3 42 45 56 1 136 4.21
9 0 0 10 2 0 3 38 41 49 2 110 5.75
5 0 7 7 4 0 1 54 4 167 4.33
10 0 4 8 5 2 3 42 43 48 11 100 6.82
4 0 7 5 10 8 3 40 52 62 2 109 6.15
7 0 7 0 0 0 3 46 49 60 6 147 4.33
6 0 6 9 5 8 2 57 58 11 100 6.19
3 0 0 7 1 0 3 44 59 62 21 107 8.05
6 0 8 7 0 9 2 45 52 21 128 5.46
9 1 0 0 0 0 1 61 24 158 8.06
10 1 0 0 0 0 1 46 27 178 6.95
1 0 7 3 1 10 1 55 37 164 5.03
7 0 6 5 4 5 1 53 4 89 7.74
9 1 0 0 0 0 3 50 52 59 21 149 6.43
8 0 0 0 8 10 3 50 51 53 13 173 7.87
10 0 2 9 10 9 2 54 57 30 123 5.96
7 1 0 0 0 0 1 55 21 135 5.37
4 0 9 9 0 7 2 54 60 30 155 4.11
2 1 0 0 0 0 1 55 21 104 5.16
10 0 0 0 8 7 1 61 40 197 6.6
7 0 4 5 4 3 1 57 38 190 4.09
3 0 0 0 7 2 1 58 11 140 7.76
8 0 8 10 4 9 1 61 45 131 6.51
5 1 0 0 0 0 2 59 62 17 176 7.14
8 0 5 10 0 10 1 60 30 181 5.15
7 0 0 3 4 7 1 63 38 167 4.64
10 0 1 7 5 1 1 63 53 151 4.92
7 0 8 0 10 9 1 63 24 115 6.41
1 0 0 0 0 0 0 63 166 5.24
1 0 0 0 0 0 3 65 66 67 0 147 6.64
3 0 7 0 0 0 3 70 73 74 1 121 6.64
3 0 0 0 0 3 1 68 1 120 4.3
9 0 1 0 0 0 3 69 73 84 1 95 7.13
1 0 0 5 0 0 1 91 4 94 6.37
7 0 0 6 0 0 3 74 77 88 10 143 6.02
4 0 0 0 0 8 2 71 85 4 88 7.35
4 0 0 0 6 0 3 72 78 84 8 144 4.3
4 1 0 0 0 0 2 76 80 12 148 6.77
3 0 10 0 0 0 3 75 81 87 10 129 6.7
1 0 5 0 0 0 3 89 90 91 17 135 6.87
6 1 0 0 0 0 3 76 82 83 13 151 5.73
8 0 0 10 0 0 1 77 19 151 6.65
5 0 1 0 0 0 3 89 90 91 27 184 4.23
4 0 6 0 0 0 3 79 81 87 12 132 7.18
9 1 0 0 0 0 2 82 86 16 152 7.51
2 1 0 0 0 0 2 81 94 16 121 4.41
5 1 0 0 0 0 1 82 18 117 5.54
1 0 7 0 0 0 1 88 25 160 4.76
1 0 0 5 0 0 3 86 93 94 19 154 7.38
5 0 0 1 0 0 1 93 12 124 6.53
3 0 0 0 0 2 1 93 8 156 5.36
5 1 0 0 0 0 1 88 25 147 4.1
2 0 0 0 8 0 2 89 92 16 148 4.93
10 0 3 0 0 0 1 90 30 172 4.5
1 0 0 0 4 0 1 94 32 139 6.1
1 0 0 0 0 8 1 92 40 180 6.79
3 0 0 9 0 0 1 92 32 127 5.64
4 0 8 0 0 0 1 95 41 126 7.25
9 0 0 0 6 0 1 95 20 172 4.19
6 0 0 0 0 3 1 95 33 154 4.19
1 0 0 0 0 0 0 45 122 5.32
1 0 0 0 0 0 3 97 98 99 0 144 4.46
6 0 7 4 8 9 3 100 102 104 1 91 7.48
7 0 3 4 7 5 3 106 108 123 1 126 4.25
8 0 8 5 10 3 3 101 104 112 1 159 6.82
6 0 4 4 8 5 3 101 103 108 7 91 6.88
2 0 4 4 4 9 3 114 120 122 13 157 4.76
2 0 4 10 8 7 2 105 119 7 125 6.9
3 0 1 5 10 7 3 105 110 111 13 121 6.3
8 1 0 0 0 0 3 116 123 125 9 136 7.35
6 0 7 7 1 9 3 117 118 122 16 110 5.19
6 0 7 2 1 6 3 107 111 112 8 147 5.86
2 0 2 4 5 9 3 110 113 121 14 148 7.97
7 0 2 4 6 5 3 109 111 121 13 110 5.03
4 0 2 2 4 8 2 110 113 20 161 6.95
6 0 2 8 3 1 2 114 115 24 117 5.44
7 0 4 3 1 2 3 113 114 115 20 145 5.88
2 1 0 0 0 0 2 115 119 14 166 7.13
6 0 5 9 7 9 3 116 117 122 27 185 4.77
2 0 4 2 1 3 1 119 30 137 6.26
10 1 0 0 0 0 2 116 117 30 140 7.14
5 0 4 2 8 3 1 126 40 179 4.81
6 0 4 2 5 7 1 120 40 139 6.88
9 1 0 0 0 0 3 120 121 123 22 140 4.55
4 0 3 1 1 8 1 124 32 121 7.53
4 0 4 7 7 2 2 124 125 46 175 4.8
9 0 7 7 1 9 1 124 31 173 7.79
9 0 8 6 3 6 2 125 126 33 164 7.12
8 0 10 5 1 2 1 126 31 186 7.62
7 0 4 6 10 5 1 127 50 192 5.32
10 0 7 2 1 8 1 127 50 145 7.08
6 0 2 1 3 3 1 127 45 174 4.1
1 0 0 0 0 0 0 60 182 7.36
1 0 0 0 0 0 3 129 130 131 0 128 6.65
5 0 7 0 6 9 3 132 138 141 1 164 6.61
4 0 2 0 0 0 3 133 135 137 1 92 6.12
6 0 3 0 0 0 3 136 144 152 1 128 4.7
4 0 10 2 0 10 3 133 134 142 6 115 7.23
7 0 0 6 0 8 3 136 144 154 10 130 4.57
6 0 0 0 9 9 3 135 143 146 10 127 5.3
10 0 0 0 2 0 2 149 151 16 180 5.21
3 0 0 10 0 0 3 151 153 156 17 149 8.1
6 0 4 0 9 1 3 139 141 144 5 101 6.46
7 0 5 0 5 0 3 142 145 147 6 133 5.96
6 0 8 5 5 0 3 140 143 145 11 127 4.55
7 0 0 1 0 0 3 147 150 157 17 179 7.7
8 0 0 1 0 0 2 142 145 11 166 4.49
4 1 0 0 0 0 2 146 148 19 143 4.36
1 0 8 0 0 4 2 147 148 17 122 6.68
2 0 0 3 5 0 2 151 158 17 130 5.23
2 1 0 0 0 0 3 146 150 156 19 166 8.02
10 0 1 0 2 0 1 155 23 137 6.47
8 1 0 0 0 0 3 152 153 154 24 169 6.33
6 1 0 0 0 0 3 149 153 157 23 156 6.87
6 0 0 10 6 3 3 150 154 155 29 115 4.25
3 0 5 0 1 0 1 152 35 123 5.93
7 1 0 0 0 0 1 157 26 128 5.55
8 0 0 0 0 2 1 158 38 131 7.99
8 0 0 0 10 8 1 155 32 165 7.46
6 0 8 1 1 4 1 156 35 136 6.75
2 0 0 0 7 7 1 158 40 127 4.1
10 0 3 10 7 0 1 159 41 173 7.13
10 0 10 0 0 4 1 159 33 155 7.9
6 0 0 9 0 3 1 159 46 126 4.47
1 0 0 0 0 0 0 52 138 5.1
1 0 0 0 0 0 3 161 162 163 0 106 6.92
10 0 0 0 0 7 2 182 189 1 102 7.82
6 0 0 4 0 0 3 164 183 188 1 139 4.16
2 0 6 0 0 0 3 165 167 177 1 133 5.36
9 0 0 0 10 0 2 169 176 7 155 6.87
7 0 0 10 0 0 3 166 168 188 3 99 6.92
7 0 0 9 0 0 2 169 184 10 134 7.55
9 0 0 0 3 0 1 170 3 115 4.65
4 0 0 0 0 3 3 172 173 181 10 107 4.3
2 0 0 0 5 0 3 172 179 186 17 122 7.86
3 0 0 0 5 0 3 171 180 185 12 108 6.7
10 0 0 9 0 0 3 172 175 183 15 143 5.94
7 1 0 0 0 0 1 189 25 146 4.21
4 0 0 0 3 0 2 174 184 14 172 5.17
6 1 0 0 0 0 2 182 189 18 165 5.59
6 1 0 0 0 0 2 186 188 25 172 8.02
5 0 0 0 0 4 3 179 181 185 16 106 7.15
6 0 0 10 0 0 3 178 181 182 3 131 7.48
4 0 3 0 0 0 2 179 180 9 136 5.95
1 1 0 0 0 0 1 187 21 112 4.39
9 0 2 0 0 0 1 183 15 152 5.59
2 0 0 8 0 0 1 184 21 134 6.53
2 1 0 0 0 0 1 185 24 169 6.06
2 0 9 0 0 0 1 190 25 110 7.88
5 0 0 0 4 0 1 187 23 153 7.09
10 0 0 0 0 10 1 186 26 168 5.08
9 0 0 0 6 0 1 187 36 175 6.05
5 0 9 0 0 0 1 190 45 126 7.0
3 1 0 0 0 0 1 191 31 171 6.6
1 1 0 0 0 0 1 191 32 154 6.53
2 0 0 0 8 0 1 191 50 154 7.92
1 0 0 0 0 0 0 52 168 8.0
1 0 0 0 0 0 3 193 194 195 0 146 5.73
1 0 3 7 8 2 3 198 200 202 1 154 8.06
7 0 10 8 8 3 3 196 197 199 1 121 6.18
6 0 4 3 10 8 3 205 207 213 1 164 5.91
5 0 5 3 3 4 3 212 213 216 8 149 6.98
8 0 1 2 5 2 2 203 215 8 146 6.34
7 0 4 3 5 7 3 201 205 206 2 152 5.44
5 0 10 8 7 6 3 205 206 218 8 141 4.15
9 0 5 6 10 1 2 203 214 2 152 6.9
9 0 2 8 3 7 3 203 207 211 9 137 7.39
3 0 8 1 8 7 2 204 208 2 93 6.24
6 0 6 6 1 4 2 218 222 18 146 4.08
10 0 2 2 7 7 3 209 210 214 5 135 6.09
7 1 0 0 0 0 3 208 211 212 13 163 5.44
9 0 8 3 2 3 3 207 208 211 13 174 5.11
6 1 0 0 0 0 2 209 210 22 170 4.92
6 1 0 0 0 0 3 209 216 217 22 124 7.55
7 0 3 1 2 3 1 221 28 154 4.41
3 1 0 0 0 0 2 212 219 28 111 6.81
7 0 4 6 10 4 2 214 215 22 107 7.41
9 0 6 3 5 7 2 215 220 31 155 7.19
8 0 2 8 3 1 2 217 218 13 126 6.98
5 0 2 2 2 3 2 216 219 29 113 4.99
1 0 7 5 10 10 1 217 40 192 6.87
9 0 6 7 2 1 2 220 222 34 159 5.64
6 0 2 2 4 10 2 221 222 41 179 4.63
2 0 9 9 9 6 2 219 221 24 139 4.69
10 0 6 5 9 5 1 220 34 193 5.9
3 0 8 6 2 8 1 223 44 155 4.15
4 0 5 5 5 4 1 223 47 145 6.41
9 0 9 3 6 4 1 223 47 149 5.89
1 0 0 0 0 0 0 56 159 4.82
1 0 0 0 0 0 3 225 226 227 0 122 6.89
4 0 5 5 0 10 2 231 235 1 107 4.89
8 0 5 3 6 4 3 229 237 246 1 166 5.34
8 0 2 5 0 10 3 228 230 235 1 118 4.88
4 0 3 7 7 0 3 229 238 239 9 124 4.1
1 0 9 0 1 5 3 232 233 245 13 147 4.51
7 0 4 9 7 0 3 232 233 234 9 125 5.51
9 0 2 0 0 10 3 234 237 242 5 142 6.2
3 1 0 0 0 0 3 241 247 248 16 102 7.97
8 0 8 7 0 6 2 241 247 16 169 5.76
5 1 0 0 0 0 2 243 249 16 160 4.11
2 0 0 6 10 8 3 236 244 245 9 121 7.0
10 0 9 1 5 0 3 239 242 243 11 151 4.38
3 0 7 9 0 9 2 239 240 14 145 4.83
3 0 0 0 1 4 3 243 244 250 13 100 5.52
8 0 7 0 0 3 3 248 249 251 21 161 7.05
4 1 0 0 0 0 3 241 245 248 17 154 7.1
7 0 4 4 5 3 2 244 251 24 129 7.81
10 0 8 10 6 7 3 246 250 253 21 115 5.31
4 1 0 0 0 0 1 246 21 155 6.5
7 0 3 0 3 9 1 252 31 149 4.45
4 1 0 0 0 0 3 247 249 251 21 137 6.47
1 0 8 0 9 0 1 254 31 110 6.7
10 0 0 1 7 4 1 253 25 170 6.08
8 0 4 10 10 9 1 254 29 139 5.23
4 0 0 10 0 0 1 250 29 155 7.33
8 0 0 2 7 6 1 252 33 119 4.36
2 0 1 7 3 4 3 252 253 254 31 163 7.09
2 0 4 2 4 6 1 255 41 192 6.32
6 0 6 3 1 0 1 255 35 146 7.49
2 0 0 4 7 4 1 255 37 127 4.24
1 0 0 0 0 0 0 43 139 7.38
1 0 0 0 0 0 3 257 258 259 0 99 6.33
2 0 0 7 9 9 3 261 263 264 1 90 6.3
4 0 6 0 0 1 2 262 284 1 118 5.94
2 0 2 2 3 0 2 260 266 1 155 5.43
10 0 9 6 8 2 1 268 3 148 7.78
5 0 3 2 0 0 3 265 269 270 3 93 6.08
5 0 0 0 10 2 3 263 267 285 5 135 4.08
7 0 10 3 8 5 2 271 281 10 139 6.83
8 0 9 0 1 0 1 275 3 120 5.72
6 0 10 8 0 4 3 277 278 280 8 122 6.56
2 0 4 7 3 0 1 273 3 136 7.9
6 0 4 6 6 0 1 283 10 112 7.26
5 0 4 7 4 0 1 286 13 98 4.51
3 0 4 9 0 3 1 276 8 94 5.26
5 0 6 5 3 1 2 272 275 8 94 6.8
1 0 2 9 1 6 1 277 17 159 7.41
6 0 8 7 0 10 2 274 279 13 111 7.56
4 0 0 2 5 7 1 282 5 97 5.41
6 1 0 0 0 0 1 284 19 118 7.62
3 0 5 9 4 0 3 276 278 284 13 145 4.45
8 1 0 0 0 0 1 280 16 167 4.97
3 1 0 0 0 0 1 282 18 158 7.39
7 0 9 6 6 2 1 285 16 155 5.14
6 1 0 0 0 0 1 286 19 121 7.39
2 0 3 7 4 4 1 285 24 122 7.33
7 1 0 0 0 0 1 283 17 102 4.75
1 1 0 0 0 0 1 283 21 175 4.13
8 0 5 10 8 0 1 286 24 143 4.38
6 0 0 1 4 1 1 287 25 107 7.48
4 0 7 6 0 8 1 287 26 145 5.71
6 0 4 8 10 5 1 287 32 157 6.77
1 0 0 0 0 0 0 38 119 4.43
1 0 0 0 0 0 3 289 290 291 0 122 5.23
3 0 3 6 0 7 3 292 293 294 1 119 7.42
5 0 8 6 0 2 3 300 303 308 1 99 4.64
8 0 10 0 10 3 3 295 297 307 1 91 5.65
5 0 0 6 6 0 3 296 298 299 4 131 4.54
3 0 0 1 4 1 3 295 309 312 4 100 7.45
5 0 7 7 7 10 3 296 301 302 4 122 8.06
3 0 9 3 9 3 2 298 315 9 154 7.87
10 0 0 1 7 2 3 304 307 311 9 132 7.05
6 0 0 7 5 2 3 299 302 308 9 96 6.22
7 0 6 1 2 6 3 300 301 302 12 158 5.44
8 0 3 3 4 0 3 303 305 316 15 160 7.06
7 1 0 0 0 0 2 304 306 19 112 6.42
1 1 0 0 0 0 3 306 310 313 19 148 4.99
8 0 0 0 1 8 3 304 305 311 19 140 7.29
4 1 0 0 0 0 2 309 311 23 169 6.05
6 0 1 2 0 6 2 310 314 27 124 7.77
3 1 0 0 0 0 1 306 27 178 5.84
9 1 0 0 0 0 1 317 30 132 6.59
6 1 0 0 0 0 2 308 309 19 180 5.28
5 0 9 7 8 8 3 310 312 313 25 167 4.73
6 0 9 0 7 0 1 318 27 163 6.56
7 0 2 6 0 3 2 316 318 33 148 6.0
3 0 5 0 8 1 2 313 317 27 119 6.02
9 0 2 0 8 0 3 314 315 317 30 188 5.27
10 0 2 8 1 0 1 314 30 191 7.53
6 0 1 0 5 7 1 318 40 172 7.1
2 0 10 3 6 5 1 316 39 185 8.04
9 0 5 2 10 8 1 319 41 139 7.61
1 0 5 9 8 5 1 319 39 157 7.83
5 0 7 0 6 7 1 319 46 184 4.33
1 0 0 0 0 0 0 51 184 7.05
1 0 0 0 0 0 3 321 322 323 0 147 7.59
10 0 5 0 0 8 2 331 342 1 96 5.2
4 0 10 0 5 0 3 324 327 336 1 105 5.05
1 0 5 0 1 0 3 325 338 343 1 128 4.09
3 0 0 0 10 5 3 326 329 345 5 100 5.17
5 0 3 0 0 0 3 335 341 347 2 106 6.57
10 0 0 0 5 0 1 328 8 164 6.39
1 0 0 4 0 0 1 330 5 150 5.06
4 0 5 0 0 7 1 343 18 131 4.77
6 0 1 4 4 8 2 332 341 8 109 5.21
8 0 2 0 0 1 2 334 344 6 108 7.07
7 0 0 10 7 6 1 345 11 161 4.39
7 1 0 0 0 0 1 333 14 126 7.84
4 1 0 0 0 0 2 339 347 21 108 6.46
3 1 0 0 0 0 1 343 14 108 7.12
10 0 3 5 0 0 1 340 7 100 5.53
3 0 10 4 3 10 1 337 5 149 6.64
4 0 0 1 0 1 1 346 8 130 7.05
3 0 6 6 0 1 3 339 340 349 2 98 5.39
7 0 0 6 0 0 1 348 25 141 8.0
5 1 0 0 0 0 1 342 17 145 8.13
1 0 2 8 2 1 2 344 349 14 104 4.83
10 1 0 0 0 0 1 346 22 161 7.37
8 0 1 0 8 2 1 346 22 180 5.61
1 0 1 0 0 8 1 350 15 161 8.06
6 0 0 3 0 8 1 348 18 138 6.38
4 0 0 0 4 0 1 348 32 151 4.14
7 0 0 9 0 0 1 350 25 159 7.51
6 0 0 7 0 0 1 351 36 183 4.12
9 0 0 0 4 4 1 351 15 117 6.91
4 0 9 0 1 7 1 351 32 117 7.87
1 0 0 0 0 0 0 42 166 6.02
1 0 0 0 0 0 3 353 354 355 0 107 5.6
10 0 0 0 5 0 1 358 1 139 4.71
4 0 0 9 0 0 1 357 1 159 4.64
3 0 0 0 1 0 3 356 357 360 1 85 7.87
1 0 6 0 0 0 3 359 370 372 4 144 6.34
5 0 0 0 4 0 1 374 5 141 4.97
4 0 0 10 0 0 1 370 11 98 4.28
6 0 0 0 0 7 3 361 366 368 5 107 7.88
4 0 5 0 0 0 3 365 369 375 4 151 6.31
4 0 0 0 0 8 3 362 369 374 11 172 5.96
7 0 10 0 0 0 3 363 364 373 15 124 5.29
2 1 0 0 0 0 1 367 22 153 7.66
3 1 0 0 0 0 2 371 379 22 153 7.1
5 0 0 0 0 3 2 371 378 8 105 4.13
6 0 0 0 8 0 2 375 382 11 126 4.9
10 1 0 0 0 0 2 371 377 24 119 5.24
4 0 0 0 8 0 3 373 374 378 11 152 5.71
3 1 0 0 0 0 1 376 15 157 6.75
7 0 7 0 0 0 3 373 377 382 15 120 4.28
9 0 0 0 0 4 1 376 34 132 4.69
4 0 0 2 0 0 2 376 377 5 161 7.24
3 1 0 0 0 0 1 381 22 158 4.42
9 1 0 0 0 0 2 375 379 15 171 4.3
3 0 0 6 0 0 2 380 381 24 114 4.87
10 0 0 0 2 0 2 380 382 43 135 7.0
8 1 0 0 0 0 2 378 380 34 192 7.88
4 0 0 0 4 0 1 379 42 139 5.66
8 0 0 0 4 0 1 381 46 188 5.88
1 0 0 8 0 0 1 383 53 160 8.03
10 0 0 3 0 0 1 383 54 167 6.35
9 0 0 4 0 0 1 383 53 155 5.17
1 0 0 0 0 0 0 64 182 6.56
1 0 0 0 0 0 3 385 386 387 0 84 6.24
5 0 5 4 5 2 3 389 390 392 1 96 5.37
2 0 7 3 3 10 3 395 396 401 1 141 7.95
9 0 7 1 2 5 3 388 395 399 1 115 4.64
3 0 6 7 4 6 3 405 408 410 10 143 7.24
2 0 9 2 7 2 3 391 393 394 6 138 6.58
6 0 4 9 7 4 3 393 394 401 6 152 6.98
5 0 1 3 5 2 3 397 398 405 8 149 7.8
7 0 5 7 3 1 3 396 398 399 6 100 7.64
1 0 5 1 4 2 3 399 409 412 12 145 6.81
2 0 6 9 2 3 3 407 411 413 12 164 5.65
7 0 4 9 2 1 3 397 398 402 10 161 5.34
10 0 2 8 10 9 3 402 404 406 13 164 5.23
7 0 2 8 8 1 2 400 406 17 126 4.31
8 0 10 3 2 5 3 404 412 413 17 145 7.65
1 1 0 0 0 0 1 414 13 144 5.08
9 0 6 10 9 10 2 403 407 24 159 4.14
9 0 7 10 8 4 3 403 404 406 12 139 4.56
2 0 7 7 7 3 3 403 405 407 23 114 7.43
4 1 0 0 0 0 2 408 410 33 159 6.96
10 1 0 0 0 0 1 409 25 127 5.23
10 1 0 0 0 0 1 413 25 152 5.06
9 1 0 0 0 0 2 408 409 24 155 5.03
6 1 0 0 0 0 2 410 412 33 162 5.17
7 0 6 10 4 8 1 411 37 142 5.91
8 0 1 3 2 5 1 411 35 125 5.88
9 0 6 3 4 6 1 414 39 167 6.0
8 0 8 2 9 9 1 414 44 180 7.41
6 0 5 5 8 3 1 415 39 191 7.47
9 0 7 5 3 8 1 415 35 179 4.16
9 0 6 9 1 7 1 415 52 137 4.43
1 0 0 0 0 0 0 61 178 6.34
116.15 104.79 102.75 106.02 105.19 122.36 143.33 168.79 149.12 124.57 109.78 104.0 100.0 96.0 93.22 96.94 97.96 103.58 116.58 128.96 135.69 126.9 112.95 96.51 78.96 73.1 70.01 63.56 65.9 74.28 102.7 115.69 119.54 104.2 82.94 76.69 74.15 87.77 105.0 116.22 110.0 96.0 98.38 114.85 120.28 116.25 108.46 97.23 77.62 70.96 71.0 70.0 72.52 79.83 106.47 114.49 117.49 110.0 80.83 88.1 78.01 78.01 78.01 64.95 71.07 79.09 102.19 120.0 133.52 130.04 111.0 102.74 100.59 91.15 89.24 87.18 90.72 96.03 100.67 99.02 95.0 87.74 78.0 75.82 73.11 45.76 29.41 47.89 71.56 84.55 102.82 116.52 124.14 117.04 109.61 98.76 93.02 83.2 80.23 77.03 83.79 98.78 110.0 109.58 106.0 93.75 70.37 60.32 60.55 57.69 57.87 63.56 71.41 86.5 105.4 120.0 124.62 110.65 99.79 85.78 78.74 74.0 68.07 65.67 64.9 65.34 62.08 62.46 59.76 40.04 4.7 0.78 0.26 -0.32 -0.08 0.0 1.32 25.94 53.68 78.44 87.69 81.06 78.6 73.02 52.2 40.04 33.88 28.75 29.83 27.56 30.73 27.55 20.0 2.14 0.0 -0.47 -6.7 -22.47 -22.96 -16.12 -0.41 2.22 41.34 85.49 90.87 91.0 89.94 83.5 116.15 104.79 102.75 106.02 105.19 122.36 143.33 168.79 149.12 124.57 109.78 104.0 100.0 96.0 93.22 96.94 97.96 103.58 116.58 128.96 135.69 126.9 112.95 96.51 78.96 73.1 70.01 63.56 65.9 74.28 102.7 115.69 119.54 104.2 82.94 76.69 74.15 87.77 105.0 116.22 110.0 96.0 98.38 114.85 120.28 116.25 108.46 97.23 77.62 70.96 71.0 70.0 72.52 79.83 106.47 114.49 117.49 110.0 80.83 88.1 78.01 78.01 78.01 64.95 71.07 79.09 102.19 120.0 133.52 130.04 111.0 102.74 100.59 91.15 89.24 87.18 90.72 96.03 100.67 99.02 95.0 87.74 78.0 75.82 73.11 45.76 29.41 47.89 71.56 84.55 102.82 116.52 124.14 117.04 109.61 98.76 93.02 83.2 80.23 77.03 83.79 98.78 110.0 109.58 106.0 93.75 70.37 60.32 60.55 57.69 57.87 63.56 71.41 86.5 105.4 120.0 124.62 110.65 99.79 85.78 78.74 74.0 68.07 65.67 64.9 65.34 62.08 62.46 59.76 40.04 4.7 0.78 0.26 -0.32 -0.08 0.0 1.32 25.94 53.68 78.44 87.69 81.06 78.6 73.02 52.2 40.04 33.88 28.75 29.83 27.56 30.73 27.55 20.0 2.14 0.0 -0.47 -6.7 -22.47 -22.96 -16.12 -0.41 2.22 41.34 85.49 90.87 91.0 89.94 83.5 116.15 104.79 102.75 106.02 105.19 122.36 143.33 168.79 149.12 124.57 109.78 104.0 100.0 96.0 93.22 96.94 97.96 103.58 116.58 128.96 135.69 126.9 112.95 96.51 78.96 73.1 70.01 63.56 65.9 74.28 102.7 115.69 119.54 104.2 82.94 76.69 74.15 87.77 105.0 116.22 110.0 96.0 98.38 114.85 120.28 116.25 108.46 97.23 77.62 70.96 71.0 70.0 72.52 79.83 106.47 114.49 117.49 110.0 80.83 88.1 78.01 78.01 78.01 64.95 71.07 79.09 102.19 120.0 133.52 130.04 111.0 102.74 100.59 91.15 89.24 87.18 90.72 96.03 100.67 99.02 95.0 87.74 78.0 75.82 73.11 45.76 29.41 47.89 71.56 84.55 102.82 116.52 124.14 117.04 109.61 98.76 93.02 83.2 80.23 77.03 83.79 98.78 110.0 109.58 106.0 93.75 70.37 60.32 60.55 57.69 57.87 63.56 71.41 86.5 105.4 120.0 124.62 110.65 99.79 85.78 78.74 74.0 68.07 65.67 64.9 65.34 62.08 62.46 59.76 40.04 4.7 0.78 0.26 -0.32 -0.08 0.0 1.32 25.94 53.68 78.44 87.69 81.06 78.6 73.02 52.2 40.04 33.88 28.75 29.83 27.56 30.73 27.55 20.0 2.14 0.0 -0.47 -6.7 -22.47 -22.96 -16.12 -0.41 2.22 41.34 85.49 90.87 91.0 89.94 83.5 116.15 104.79 102.75 106.02 105.19 122.36 143.33 168.79 149.12 124.57 109.78 104.0 100.0 96.0 93.22 96.94 97.96 103.58 116.58 128.96 135.69 126.9 112.95 96.51 78.96 73.1 70.01 63.56 65.9 74.28 102.7 115.69 119.54 104.2 82.94 76.69 74.15 87.77 105.0 116.22 110.0 96.0 98.38 114.85 120.28 116.25 108.46 97.23 77.62 70.96 71.0 70.0 72.52 79.83 106.47 114.49 117.49 110.0 80.83 88.1 78.01 78.01 78.01 64.95 71.07 79.09 102.19 120.0 133.52 130.04 111.0 102.74 100.59 91.15 89.24 87.18 90.72 96.03 100.67 99.02 95.0 87.74 78.0 75.82 73.11 45.76 29.41 47.89 71.56 84.55 102.82 116.52 124.14 117.04 109.61 98.76 93.02 83.2 80.23 77.03 83.79 98.78 110.0 109.58 106.0 93.75 70.37 60.32 60.55 57.69 57.87 63.56 71.41 86.5 105.4 120.0 124.62 110.65 99.79 85.78 78.74 74.0 68.07 65.67 64.9 65.34 62.08 62.46 59.76 40.04 4.7 0.78 0.26 -0.32 -0.08 0.0 1.32 25.94 53.68 78.44 87.69 81.06 78.6 73.02 52.2 40.04 33.88 28.75 29.83 27.56 30.73 27.55 20.0 2.14 0.0 -0.47 -6.7 -22.47 -22.96 -16.12 -0.41 2.22 41.34 85.49 90.87 91.0 89.94 83.5 116.15 104.79 102.75 106.02 105.19 122.36 143.33 168.79 149.12 124.57 109.78 104.0 100.0 96.0 93.22 96.94 97.96 103.58 116.58 128.96 135.69 126.9 112.95 96.51 78.96 73.1 70.01 63.56 65.9 74.28 102.7 115.69 119.54 104.2 82.94 76.69 74.15 87.77 105.0 116.22 110.0 96.0 98.38 114.85 120.28 116.25 108.46 97.23 77.62 70.96 71.0 70.0 72.52 79.83 106.47 114.49 117.49 110.0 80.83 88.1 78.01 78.01 78.01 64.95 71.07 79.09 102.19 120.0 133.52 130.04 111.0 102.74 100.59 91.15 89.24 87.18 90.72 96.03 100.67 99.02 95.0 87.74 78.0 75.82 73.11 45.76 29.41 47.89 71.56 84.55 102.82 116.52 124.14 117.04 109.61 98.76 93.02 83.2 80.23 77.03 83.79 98.78 110.0 109.58 106.0 93.75 70.37 60.32 60.55 57.69 57.87 63.56 71.41 86.5 105.4 120.0 124.62 110.65 99.79 85.78 78.74 74.0 68.07 65.67 64.9 65.34 62.08 62.46
