416 5
1 38 40 38 38
1 0 0 0 0 0 3 1 2 3 0 92 12.61
9 0 8 7 9 4 2 10 14 1 128 12.94
5 0 10 5 6 10 3 7 13 16 1 115 7.36
8 0 9 8 3 2 3 4 5 18 1 81 7.88
3 0 6 7 9 10 1 24 9 100 9.18
9 0 4 10 1 1 2 6 26 9 145 10.87
4 0 3 4 5 9 2 8 11 18 144 8.68
4 0 9 4 2 1 3 9 17 20 6 136 9.91
2 1 0 0 0 0 2 13 15 22 90 9.9
9 0 8 3 9 4 3 10 18 24 10 139 7.24
9 0 4 5 3 1 3 11 23 27 19 102 11.95
9 1 0 0 0 0 3 12 19 25 28 121 13.25
5 0 6 2 3 5 1 30 37 169 8.54
2 1 0 0 0 0 1 21 24 155 9.92
5 1 0 0 0 0 3 16 22 29 10 129 13.5
8 0 6 5 7 4 3 16 23 28 24 159 10.15
9 1 0 0 0 0 1 24 32 127 8.41
10 0 6 1 5 6 1 28 10 102 9.21
10 1 0 0 0 0 3 19 21 26 19 158 13.42
9 0 3 6 1 3 2 22 30 37 141 13.61
1 0 1 6 7 2 3 21 22 25 10 124 12.54
5 0 9 2 4 4 1 23 29 107 10.38
7 0 4 9 8 7 1 28 46 160 9.89
6 0 8 8 8 8 1 29 34 134 7.34
8 0 9 8 2 9 1 27 41 130 8.94
9 0 2 8 10 1 1 29 37 115 11.26
3 0 2 3 10 1 1 27 29 132 9.34
7 0 6 2 10 2 1 30 49 140 8.5
7 0 8 10 4 10 1 31 53 143 9.37
1 0 3 9 10 8 1 31 46 136 12.34
6 0 9 7 10 3 1 31 56 124 7.76
1 0 0 0 0 0 0 62 137 10.21
1 0 0 0 0 0 3 33 34 35 0 132 7.46
2 0 5 8 10 6 3 37 43 48 1 105 9.68
2 0 0 10 6 7 3 39 41 42 1 131 10.33
7 0 10 10 5 0 2 36 47 1 116 10.34
5 0 8 6 5 0 1 45 8 120 8.44
9 0 3 0 8 6 3 38 40 44 3 134 11.72
9 0 0 8 5 0 3 49 52 54 12 90 11.28
3 0 3 10 6 7 2 44 50 3 129 10.7
10 0 0 3 0 4 2 41 42 12 149 11.01
10 1 0 0 0 0 3 49 53 57 22 109 13.35
6 0 8 0 5 2 3 46 59 61 22 124 8.11
3 0 5 8 2 4 3 49 53 56 3 134 10.7
7 0 10 6 0 7 2 45 53 12 116 7.57
5 1 0 0 0 0 2 52 60 19 92 13.24
8 1 0 0 0 0 1 58 28 148 11.92
1 0 3 2 0 4 1 57 8 77 9.68
7 0 2 3 0 0 3 50 55 58 3 142 13.4
3 1 0 0 0 0 1 51 32 156 9.88
3 0 2 7 9 5 2 51 60 10 122 13.05
8 0 6 2 7 6 1 61 35 165 12.6
9 1 0 0 0 0 1 56 24 145 10.12
6 0 3 1 7 0 1 62 32 112 11.38
3 0 3 4 3 4 1 58 21 126 10.92
6 0 8 7 3 8 2 56 57 10 133 12.44
7 0 4 9 1 2 2 59 61 33 140 9.13
9 0 0 3 9 0 1 59 32 167 12.71
2 0 10 1 1 5 2 60 62 36 121 13.22
7 0 5 8 2 0 1 62 41 132 12.04
1 0 5 0 0 8 1 63 38 117 7.64
7 0 0 1 10 0 1 63 43 162 13.32
6 0 0 0 7 2 1 63 48 119 13.59
1 0 0 0 0 0 0 54 175 11.3
1 0 0 0 0 0 3 65 66 67 0 129 11.37
10 0 0 0 0 9 3 71 74 85 1 84 9.9
3 0 10 8 10 6 3 68 72 73 1 121 12.46
4 0 0 0 0 1 3 69 75 83 1 91 11.29
9 0 7 6 0 0 3 70 76 82 4 80 7.8
6 0 0 7 9 0 3 73 74 78 5 118 13.53
4 1 0 0 0 0 3 77 84 94 13 104 9.8
7 0 10 3 0 0 3 73 75 81 11 101 10.25
2 0 5 8 0 5 3 78 83 89 4 125 13.82
2 0 2 0 4 7 3 79 84 90 18 111 11.36
4 0 6 2 7 0 3 82 87 88 11 116 12.32
9 0 0 6 1 8 3 79 80 87 18 99 9.16
7 0 5 0 0 0 3 78 79 81 13 141 12.06
2 1 0 0 0 0 3 80 85 87 17 107 12.86
3 0 7 0 9 0 3 80 91 93 20 131 8.14
1 1 0 0 0 0 2 86 94 27 131 10.45
1 1 0 0 0 0 1 92 27 98 13.73
6 0 0 0 0 6 2 86 88 20 152 10.75
6 0 6 7 0 10 3 84 86 90 15 153 13.37
1 1 0 0 0 0 3 85 88 92 6 94 7.11
2 1 0 0 0 0 1 89 21 89 9.03
3 1 0 0 0 0 1 93 19 89 9.26
8 1 0 0 0 0 1 89 28 100 10.02
2 1 0 0 0 0 1 90 27 94 7.92
3 1 0 0 0 0 1 94 26 153 7.23
9 0 0 0 0 9 1 91 36 146 12.24
5 1 0 0 0 0 2 91 93 29 98 13.52
10 0 0 7 0 9 1 92 45 150 8.67
9 0 3 0 0 0 1 95 55 156 8.81
10 0 0 0 0 4 1 95 34 163 9.46
5 0 4 0 9 0 1 95 29 158 11.56
1 0 0 0 0 0 0 64 129 10.26
1 0 0 0 0 0 3 97 98 99 0 96 9.7
5 0 8 2 4 9 3 101 102 111 1 93 9.23
5 0 10 6 4 7 3 106 110 124 1 88 10.69
10 0 8 10 10 9 3 100 103 105 1 131 10.66
4 0 5 3 5 3 2 117 123 11 95 7.87
4 0 6 6 10 9 3 104 110 124 6 104 14.01
8 0 6 5 8 10 3 105 107 112 6 103 13.96
1 0 7 9 2 1 3 106 116 117 11 141 10.21
9 0 9 10 9 6 3 106 107 120 10 147 13.61
1 0 1 8 7 1 3 113 114 115 14 115 8.9
6 0 8 5 8 3 2 113 119 19 138 13.5
2 0 6 4 4 8 1 108 19 134 9.18
6 0 5 10 1 5 2 109 115 21 156 8.29
10 0 7 9 3 4 3 114 116 119 27 147 9.97
8 0 8 3 7 3 3 112 113 117 10 102 13.45
1 0 4 9 10 10 3 112 119 124 6 85 9.35
1 0 3 9 10 9 3 114 115 120 18 88 10.48
1 1 0 0 0 0 2 118 122 25 150 11.86
10 0 7 3 5 5 2 118 123 37 164 7.86
4 1 0 0 0 0 2 116 118 27 100 11.5
9 0 4 9 6 10 2 121 122 37 165 8.73
2 0 5 3 9 1 3 120 121 126 18 87 9.21
1 0 6 8 3 3 2 121 126 47 167 9.73
9 0 1 8 8 1 1 122 37 127 10.18
2 0 2 1 3 3 1 125 20 143 12.66
3 0 6 4 8 3 1 125 48 150 13.28
6 0 4 4 8 9 1 123 46 142 13.75
8 0 8 6 8 9 2 125 126 52 180 8.74
1 0 2 5 3 8 1 127 10 126 10.16
4 0 9 8 4 3 1 127 60 170 12.18
1 0 10 2 1 10 1 127 60 133 13.05
1 0 0 0 0 0 0 64 159 8.56
1 0 0 0 0 0 3 129 130 131 0 137 10.34
1 0 0 0 0 10 3 134 142 147 1 135 10.33
6 0 0 0 0 7 2 136 151 1 86 8.16
8 0 0 0 0 4 3 132 137 138 1 86 12.53
1 0 0 0 0 7 3 133 135 143 9 103 8.16
3 0 0 0 8 0 1 144 10 93 10.59
5 0 0 0 0 7 1 139 2 108 9.03
6 0 0 0 0 5 3 144 146 154 10 115 10.99
8 0 0 4 0 0 1 149 7 130 9.23
7 0 3 0 0 0 3 140 141 149 9 122 9.53
5 0 8 0 0 0 2 148 150 9 97 12.91
6 0 0 0 0 10 2 153 157 7 95 8.9
8 0 0 4 0 0 2 142 156 16 127 10.61
5 0 10 0 0 0 2 143 145 16 142 11.96
6 0 0 0 8 0 1 146 24 146 13.58
5 0 7 0 0 0 1 155 21 120 13.47
10 0 0 10 0 0 1 147 16 131 12.28
4 1 0 0 0 0 1 156 21 101 10.31
3 0 0 0 5 0 1 150 30 97 7.77
6 1 0 0 0 0 1 153 26 127 11.33
1 0 0 4 0 0 1 156 14 95 13.03
3 1 0 0 0 0 1 152 16 135 13.06
7 0 0 0 0 7 1 153 33 140 7.71
10 0 0 0 0 9 1 152 7 127 12.76
5 0 0 0 2 0 1 157 19 141 13.79
3 0 0 0 0 10 1 158 40 133 9.64
1 0 3 0 0 0 1 158 16 125 8.0
4 0 0 0 2 0 1 157 26 111 13.11
1 1 0 0 0 0 1 159 25 107 7.95
10 0 0 0 0 4 1 159 30 116 10.77
5 0 3 0 0 0 1 159 43 136 10.67
1 0 0 0 0 0 0 48 156 13.71
1 0 0 0 0 0 3 161 162 163 0 81 13.47
2 0 0 0 9 0 3 166 176 182 1 119 12.42
3 0 3 0 0 0 3 165 167 190 1 89 9.94
9 0 0 0 7 0 3 164 175 185 1 124 13.04
2 0 0 0 0 10 2 172 178 10 81 9.48
2 0 0 0 0 1 1 182 4 110 12.84
4 0 2 0 0 0 2 168 169 3 109 13.9
8 0 0 0 7 0 1 168 4 107 13.91
3 0 0 2 0 0 2 174 179 12 116 7.92
9 0 0 3 0 0 2 170 188 7 82 8.82
7 0 8 0 0 0 1 171 16 126 7.62
10 1 0 0 0 0 1 174 23 116 7.82
8 0 1 0 0 0 2 173 179 12 129 12.58
7 1 0 0 0 0 2 174 183 20 133 8.97
8 0 10 0 0 0 1 187 33 123 13.98
6 0 0 6 0 0 1 180 10 133 10.25
2 0 0 10 0 0 1 177 3 125 11.27
4 0 0 0 0 6 3 181 186 188 5 139 10.51
9 0 0 1 0 0 1 184 12 126 8.9
3 1 0 0 0 0 1 189 20 102 13.6
2 0 9 0 0 0 1 182 16 143 13.24
7 0 3 0 0 0 1 187 9 116 13.68
1 1 0 0 0 0 2 183 187 18 98 13.59
3 0 4 0 0 0 1 188 27 102 8.31
9 0 0 0 0 10 1 186 21 110 9.91
5 0 8 0 0 0 1 186 10 99 13.64
3 1 0 0 0 0 1 190 30 121 7.54
1 0 0 10 0 0 1 189 41 159 13.6
9 0 0 0 0 10 1 191 30 108 13.29
7 0 9 0 0 0 1 191 42 170 13.79
4 0 3 0 0 0 1 191 33 106 9.08
1 0 0 0 0 0 0 49 149 13.88
1 0 0 0 0 0 3 193 194 195 0 108 9.96
1 0 0 8 0 2 3 196 201 204 1 124 8.46
5 0 7 0 6 0 3 197 199 202 1 74 10.05
4 0 3 10 0 5 2 198 215 1 125 10.79
3 0 0 1 0 5 3 200 203 212 2 112 12.65
4 0 7 0 0 7 1 207 6 79 8.23
7 0 5 0 0 10 2 209 220 5 104 10.3
4 0 0 4 6 0 1 203 6 111 8.6
8 0 5 9 0 10 2 205 214 5 118 10.18
8 0 10 7 2 0 3 215 218 221 2 97 10.45
8 0 0 6 0 2 1 203 6 136 7.48
2 1 0 0 0 0 1 222 14 117 12.53
1 0 1 0 0 0 3 206 208 211 2 74 7.33
3 0 5 0 0 10 1 206 13 112 10.19
7 0 0 0 0 7 1 209 16 107 13.92
7 0 0 7 0 0 2 209 210 10 105 9.09
6 0 4 0 7 10 1 213 3 77 11.79
8 0 10 5 6 1 1 222 23 99 12.3
3 1 0 0 0 0 1 217 17 91 10.49
9 0 0 1 0 0 1 221 3 92 9.89
4 0 1 4 0 0 1 216 5 84 10.28
7 0 6 0 1 3 1 214 9 82 10.26
1 1 0 0 0 0 1 216 16 90 8.03
1 0 3 9 0 4 1 220 10 105 8.27
3 0 0 8 0 0 2 217 222 17 101 11.93
6 0 0 2 0 0 1 219 20 127 12.75
2 0 0 0 8 9 1 220 10 87 10.39
6 0 9 7 0 0 1 221 26 133 13.85
4 0 0 0 10 8 1 223 12 108 9.95
3 0 0 8 9 0 1 223 32 108 10.21
5 0 3 0 0 0 1 223 31 128 13.21
1 0 0 0 0 0 0 36 144 11.25
1 0 0 0 0 0 3 225 226 227 0 126 12.1
1 0 8 0 0 0 3 228 229 230 1 78 8.0
3 0 0 0 0 6 2 236 246 1 96 9.92
4 0 0 10 0 0 2 232 234 1 116 11.03
7 0 4 0 0 0 3 233 238 243 2 86 8.89
4 0 0 0 0 8 1 231 2 102 11.03
3 0 2 0 0 0 1 254 2 122 8.71
1 0 10 0 0 0 2 235 239 6 94 7.94
2 0 0 0 0 9 1 236 5 133 7.13
10 0 0 3 0 0 1 240 9 109 12.46
8 0 0 1 0 0 2 235 238 5 96 13.42
4 0 0 9 0 0 1 245 13 135 9.22
8 0 0 8 0 0 1 237 7 96 10.6
1 0 0 5 0 0 1 241 15 142 11.42
3 0 0 0 0 8 1 252 13 95 9.22
1 0 0 0 8 0 2 242 245 7 99 10.53
6 0 0 0 0 7 1 246 19 144 10.52
8 0 0 0 10 0 1 248 16 124 12.42
10 0 0 10 0 0 2 244 247 8 147 10.9
4 0 8 0 0 0 1 248 9 142 13.55
8 0 4 0 0 0 2 249 250 18 148 7.19
5 0 0 4 0 0 2 246 247 17 102 9.41
9 1 0 0 0 0 1 254 25 132 7.77
9 0 0 0 3 0 1 248 22 114 9.37
10 0 0 0 0 10 2 249 251 31 138 10.6
1 0 0 2 0 0 3 252 253 254 41 140 13.57
6 1 0 0 0 0 1 251 26 162 8.31
9 0 0 3 0 0 1 253 41 113 8.45
7 0 0 0 0 5 1 255 42 151 10.45
8 0 0 1 0 0 1 255 50 151 13.75
10 0 0 0 4 0 1 255 42 166 12.68
1 0 0 0 0 0 0 58 142 11.46
1 0 0 0 0 0 3 257 258 259 0 82 12.17
9 0 3 0 0 5 3 263 272 275 1 134 11.75
10 0 6 8 4 3 3 260 261 266 1 132 9.76
6 0 3 1 1 4 3 264 266 269 1 93 14.02
9 0 5 5 1 4 3 269 271 277 11 127 11.24
4 0 3 9 1 7 2 262 273 11 133 7.12
8 0 3 1 6 1 3 265 268 270 15 143 11.5
3 0 2 4 10 0 3 264 266 269 10 108 13.69
4 0 3 0 6 0 3 268 271 279 13 119 12.34
7 1 0 0 0 0 3 267 271 277 23 151 12.66
5 0 5 0 9 5 3 267 273 276 13 120 8.9
2 1 0 0 0 0 3 278 285 286 30 105 13.78
1 1 0 0 0 0 3 274 282 284 23 114 11.69
10 0 6 3 8 4 2 273 281 20 117 13.53
9 1 0 0 0 0 2 275 284 23 144 12.48
1 1 0 0 0 0 3 274 276 278 30 131 12.98
8 0 6 10 6 10 3 274 278 282 10 88 9.46
6 1 0 0 0 0 3 279 280 286 30 150 12.81
9 0 10 0 5 0 1 281 31 158 13.7
2 0 0 10 2 8 2 277 279 32 120 12.95
5 1 0 0 0 0 2 280 283 31 149 11.89
1 0 0 0 6 3 2 281 283 34 115 13.55
5 1 0 0 0 0 1 280 32 107 12.24
10 0 7 10 3 3 2 282 283 36 111 13.04
4 1 0 0 0 0 1 284 37 120 11.3
6 0 3 4 3 10 1 286 40 140 8.6
7 0 9 6 0 0 1 285 46 116 9.28
8 0 0 5 1 0 1 285 46 153 10.23
10 0 10 0 7 2 1 287 41 151 11.01
10 0 0 0 9 2 1 287 54 156 7.62
4 0 8 3 0 1 1 287 46 131 13.1
1 0 0 0 0 0 0 64 148 13.18
1 0 0 0 0 0 3 289 290 291 0 95 7.13
8 0 7 9 9 5 2 292 293 1 126 13.64
9 0 3 4 8 1 3 296 309 311 1 115 13.69
7 0 1 3 10 3 3 292 296 300 1 90 11.12
6 0 1 1 10 10 3 294 297 302 9 116 11.11
9 0 10 6 10 1 2 294 296 9 107 12.63
4 0 6 2 1 4 3 295 299 303 18 138 7.73
10 1 0 0 0 0 3 298 301 304 22 113 11.89
5 1 0 0 0 0 3 305 306 312 18 141 13.49
2 0 1 2 7 9 3 310 313 314 15 142 10.12
1 1 0 0 0 0 3 306 308 309 32 131 11.57
8 1 0 0 0 0 2 301 308 22 99 13.66
5 0 7 1 2 10 3 301 303 312 8 119 9.18
1 1 0 0 0 0 3 305 306 311 32 133 10.06
9 0 10 5 2 9 3 303 307 317 15 90 13.78
10 0 3 8 4 1 1 313 24 152 8.05
6 1 0 0 0 0 3 305 307 308 32 157 7.54
5 0 4 1 7 7 1 314 38 159 9.23
1 0 2 3 10 6 2 314 315 33 109 12.17
3 0 1 7 8 6 2 309 312 38 113 10.54
4 0 1 7 8 6 2 310 311 38 119 12.44
4 0 7 7 9 10 2 310 315 41 145 12.26
7 0 9 8 9 3 1 318 45 124 11.01
3 0 5 3 3 1 2 313 317 42 127 9.85
4 0 9 9 8 7 1 316 41 163 14.1
1 0 7 8 6 7 2 315 318 45 121 11.17
6 0 8 4 4 4 3 316 317 318 43 152 12.64
5 0 9 6 2 9 1 316 46 127 7.1
1 0 9 1 3 8 1 319 51 130 12.67
3 0 6 5 3 6 1 319 49 159 11.65
7 0 3 4 1 1 1 319 52 163 7.64
1 0 0 0 0 0 0 59 125 8.98
1 0 0 0 0 0 3 321 322 323 0 84 11.31
6 0 10 7 0 0 3 329 333 346 1 134 9.99
7 0 0 1 0 7 3 325 331 347 1 88 12.27
5 0 0 3 0 4 3 324 326 328 1 134 9.93
3 1 0 0 0 0 3 335 337 342 6 103 13.58
1 0 0 3 5 0 3 332 334 338 8 99 7.58
6 0 2 1 5 0 3 327 330 335 6 113 9.76
10 0 6 0 4 0 3 329 333 338 12 129 10.89
4 0 8 0 0 10 3 332 333 346 6 98 7.3
7 0 8 0 1 0 3 331 340 349 22 116 14.08
4 0 0 0 2 0 3 338 340 344 12 103 8.72
1 0 0 0 2 8 1 343 29 150 12.8
4 1 0 0 0 0 2 335 336 10 116 10.11
10 0 0 3 3 9 3 334 340 341 22 97 11.32
4 1 0 0 0 0 3 337 339 344 32 106 7.23
1 0 9 0 1 0 2 341 348 14 124 12.98
9 0 4 0 0 2 3 337 339 344 14 141 11.11
8 0 0 5 9 6 1 343 36 132 11.28
10 1 0 0 0 0 2 339 341 22 123 8.32
8 1 0 0 0 0 2 342 345 36 122 8.91
3 0 0 0 10 0 2 342 347 32 139 12.94
3 1 0 0 0 0 1 345 32 146 8.75
1 0 1 0 5 0 1 343 44 136 12.43
8 0 0 0 8 10 2 348 350 45 171 8.32
1 0 0 0 9 0 1 345 36 147 13.51
6 0 0 3 0 0 2 349 350 44 160 12.76
8 0 0 4 3 1 3 347 348 349 10 145 7.07
3 1 0 0 0 0 1 350 35 132 12.35
8 0 0 3 0 2 1 351 53 179 9.0
7 0 4 2 9 0 1 351 50 142 10.34
6 0 7 7 0 0 1 351 53 163 12.31
1 0 0 0 0 0 0 61 140 11.12
1 0 0 0 0 0 3 353 354 355 0 71 14.02
1 0 9 5 1 9 3 356 361 379 1 111 13.92
7 0 3 7 10 8 3 357 360 362 1 98 13.25
1 0 7 4 10 4 3 358 362 375 1 73 13.22
7 0 10 6 3 4 3 368 370 373 2 85 10.95
7 0 1 7 3 3 3 359 366 373 8 143 11.95
1 0 2 10 9 1 2 371 372 2 91 9.48
7 0 10 9 10 8 3 371 374 376 15 94 7.21
4 0 4 10 7 7 2 378 379 8 118 8.1
4 0 4 4 9 9 2 364 375 2 114 9.29
2 0 4 9 5 7 2 363 378 8 96 8.56
1 0 8 2 4 9 1 369 10 121 10.74
1 0 7 2 6 6 3 365 369 370 6 141 9.61
6 0 9 2 10 3 1 367 7 127 13.71
1 0 2 10 6 8 3 369 374 382 15 145 13.8
7 0 1 10 2 3 1 376 13 151 8.7
9 1 0 0 0 0 3 371 380 381 9 119 12.72
3 1 0 0 0 0 1 372 16 103 7.88
10 0 4 5 1 1 2 372 376 9 147 13.64
3 0 9 5 2 4 1 382 22 96 9.52
10 1 0 0 0 0 2 377 380 19 153 11.94
8 1 0 0 0 0 1 382 15 153 10.99
1 1 0 0 0 0 2 375 377 22 120 9.96
6 0 4 4 1 5 1 378 23 141 7.76
1 1 0 0 0 0 1 377 22 112 12.93
3 0 4 5 7 5 1 381 29 114 10.07
9 0 10 1 7 1 1 381 29 121 10.05
8 0 7 5 7 3 1 380 12 105 9.62
3 0 10 5 10 6 1 383 29 162 13.73
6 0 9 5 8 8 1 383 38 121 7.2
8 0 8 4 2 7 1 383 25 115 10.5
1 0 0 0 0 0 0 44 113 11.29
1 0 0 0 0 0 3 385 386 387 0 113 12.06
9 0 0 0 6 0 3 388 390 397 1 135 13.05
7 0 0 6 0 0 2 396 402 1 76 7.64
1 0 0 5 0 0 3 389 390 399 1 116 7.82
10 0 0 5 0 0 2 398 408 10 95 8.91
8 0 0 0 1 0 3 391 392 406 2 89 13.96
8 0 0 0 1 0 1 403 10 104 12.54
2 0 0 6 0 0 2 393 395 10 118 7.9
7 0 10 0 0 0 3 396 397 401 10 93 13.44
3 1 0 0 0 0 3 394 398 400 12 145 8.92
6 1 0 0 0 0 1 410 15 105 8.54
1 1 0 0 0 0 3 402 405 411 12 110 7.79
10 0 0 0 0 10 3 405 408 410 17 103 12.9
9 0 1 0 0 0 1 413 17 109 13.06
7 1 0 0 0 0 1 403 20 155 12.15
7 0 0 0 7 0 1 407 2 129 12.34
6 1 0 0 0 0 3 401 404 405 15 102 13.41
5 0 5 0 0 0 2 408 411 21 138 9.58
8 0 0 0 3 0 3 404 407 412 13 122 7.79
5 0 0 0 0 2 1 407 27 162 9.23
1 1 0 0 0 0 1 409 21 129 9.15
4 0 4 0 0 0 1 412 27 138 9.83
2 0 0 0 0 8 2 409 410 10 102 10.4
6 0 0 0 0 10 1 414 32 152 10.84
4 1 0 0 0 0 1 413 27 129 7.93
3 0 0 0 4 0 2 413 414 22 144 9.95
7 0 0 0 0 3 2 411 414 27 100 11.31
10 0 4 0 0 0 1 412 34 147 8.31
7 0 4 0 0 0 1 415 44 147 13.94
4 0 6 0 0 0 1 415 31 148 9.14
10 0 0 0 8 0 1 415 38 149 9.49
1 0 0 0 0 0 0 51 156 9.76
113.78 103.11 97.31 93.57 97.3 108.18 117.87 119.7 103.12 87.75 81.22 77.69 71.95 65.01 58.01 67.28 85.23 99.88 117.0 150.05 186.21 164.52 128.73 114.94 107.59 102.64 92.71 88.22 87.18 93.0 110.69 113.26 106.74 90.29 76.31 64.27 61.73 49.76 50.47 64.91 83.37 100.22 117.11 136.16 147.62 144.83 120.52 110.6 97.93 92.89 85.63 82.27 82.94 88.98 106.05 112.86 111.66 103.18 88.93 85.5 82.8 81.76 78.61 83.81 91.1 95.54 105.52 125.0 143.17 134.85 116.44 108.94 105.09 100.09 91.7 89.3 90.21 93.89 108.91 114.11 105.92 93.1 85.0 77.07 70.17 67.76 57.1 71.34 88.48 94.73 112.75 128.76 139.96 134.5 125.07 114.18 107.84 99.69 96.24 96.29 97.95 107.46 116.86 115.82 109.4 97.77 84.84 82.01 80.0 73.02 71.2 72.68 87.65 91.87 101.9 120.0 142.41 139.5 124.58 111.94 103.49 104.13 102.01 99.65 96.93 95.73 97.07 86.1 78.11 52.32 10.0 0.65 0.0 -0.01 0.0 4.09 40.39 84.6 106.66 115.13 120.72 111.15 105.48 98.02 98.1 88.55 91.3 99.42 99.81 96.71 95.24 78.03 74.6 40.61 8.52 1.96 0.0 -0.01 0.0 8.53 69.88 94.7 104.51 115.63 122.54 126.75 117.31 108.24 91.62 84.97 84.12 83.96 84.96 94.24 116.33 123.34 118.99 105.0 97.67 93.45 84.94 83.84 82.95 84.94 92.6 103.86 119.85 145.57 111.39 113.65 101.91 99.9 90.37 87.53 84.89 82.27 83.7 91.4 109.11 108.66 100.22 91.99 83.17 70.01 64.53 23.99 12.57 42.89 69.94 87.04 112.05 135.55 99.43 106.55 101.3 101.58 93.63 88.67 88.96 84.58 88.72 93.04 95.34 102.74 96.5 82.81 70.63 76.77 69.62 69.5 69.06 70.66 82.27 95.45 122.48 181.21 176.27 93.76 98.89 100.0 97.21 99.22 94.6 93.45 95.37 102.99 110.98 115.44 109.36 96.42 89.86 85.09 82.69 83.21 84.56 89.86 98.56 105.66 106.58 110.0 102.96 123.04 107.47 106.47 109.66 104.06 98.39 94.29 98.85 99.2 110.0 112.29 110.94 98.44 94.93 85.24 83.33 80.31 78.77 86.34 91.55 92.77 116.96 137.6 183.66 135.21 105.39 107.18 108.78 103.92 94.8 96.0 96.45 97.0 98.78 97.23 88.72 87.08 81.02 76.61 67.54 63.14 62.17 71.96 85.2 100.69 92.47 93.86 100.81 115.0 113.62 107.99 102.03 97.0 92.48 89.38 90.06 87.17 87.86 85.6 80.85 80.1 77.09 71.24 46.2 15.04 8.85 17.66 47.08 81.86 82.62 90.79 94.59 115.47 110.0 102.57 97.87 87.02 82.24 80.38 80.8 86.2 105.62 116.88 118.42 108.0 100.75 93.19 84.1 80.21 72.36 77.93 80.45 90.43 88.61 90.9 94.03 99.18 99.56 93.52 88.51 85.86 84.7 84.05 86.25 95.18 101.38 108.9 96.98 82.12 68.77 56.28 25.06 8.95 11.67 21.47 55.14 74.27 85.81 107.85 141.01 116.33 108.83 100.96 96.09 92.03 87.07 85.17 87.15 97.15 100.98 98.65 90.99 72.7 58.59 40.45 24.79 17.69 10.7 28.25 54.23 81.08 84.43 121.34 113.2 108.13 99.62 96.29 94.81 88.24 78.39 75.82 78.37 87.12 100.52 100.69 93.96 85.62 72.89 71.88 62.44 49.48 35.27 56.25 73.74 88.12 90.87 114.17 131.28 118.62 107.87 102.21 104.96 98.01 91.74 88.3 93.62 100.52 106.43 110.0 106.13 98.62 77.66 71.83 72.48 63.67 50.41 50.76 72.4 77.48 91.84 107.62 105.0 99.37 106.42 101.11 104.13 100.0 97.59 92.19 91.37 90.87 89.53 84.61 77.91 61.53 31.71 5.68 2.95 0.0 0.0 0.0 5.43 61.96 92.52 100.14 101.15 100.34 101.05 94.13 82.96 77.4 71.52 68.87 66.59 60.8 47.24 26.18 6.16 0.0 -1.01 -2.1 -3.0 -9.9 -10.08 -4.98 -1.78 -11.06 58.84 79.91 85.38 89.62 94.0 85.09 81.29 70.07 69.97 69.91 73.31 81.9 94.44 102.03 98.6 91.4 72.89 53.83 14.9 4.05 0.66 11.02 34.96 65.28 81.0 90.65 93.08 89.09 68.34 62.14 9.5 15.71 11.54 24.55 54.79 74.46 92.24 94.42 75.45 3.91 0.03 -1.8 -4.81 -6.18 -11.72 -5.54 21.6 55.01 60.8 103.44 114.28 103.44 85.0 79.94 75.0 60.44 59.64 59.37 58.98 83.01 99.68 99.85 83.98 27.84 0.0 -1.01 -4.11 -6.47 -2.87 5.52 19.18 45.97 95.92 109.11 169.88 156.88 110.0 101.58 97.65 97.7 92.13 89.87 90.16 94.42 109.67 105.0 72.67 41.83 6.77 0.0 -0.12 -2.71 -0.25 -0.01 17.09 63.53 98.24 111.57 146.42 127.54 110.0 101.28 94.64 90.38 86.47 83.66 82.0 91.14 101.07 102.69 92.89 65.12 30.52 7.48 0.0 -0.01 -0.01 0.0 10.49 75.6 100.0 133.22 164.05 154.54 122.22 108.68 102.93 102.39 102.0 99.09 100.0 100.0 99.23 93.45 69.73 15.34 -0.02 -1.0 -8.67 -15.96 -15.2 -3.47 -0.01 33.15 82.07 106.38 120.0 119.26 107.77 95.6 84.88 83.43 83.41 78.31 81.12 84.16 82.51 71.97 26.43 -0.01 -3.32 -15.6 -38.92 -61.21 -50.62 -21.0 -0.95 10.9 81.36 109.09 123.64 120.23 107.16 98.87 101.36 93.13 88.36 85.99 94.18 105.51 132.2 131.05 103.44 57.85
