416 5
1 42 39 51 44
1 0 0 0 0 0 3 1 2 3 0 118 7.03
7 0 0 0 0 7 3 4 13 22 1 91 7.56
6 0 10 0 3 0 3 7 11 19 1 107 6.74
5 0 0 0 8 5 3 7 11 17 1 102 8.12
10 0 5 0 0 0 3 5 6 20 8 92 8.97
9 1 0 0 0 0 1 10 18 117 6.71
7 0 8 0 1 0 2 14 15 18 129 5.75
10 0 0 9 0 2 3 8 10 27 7 90 5.0
2 0 0 0 0 9 3 9 21 25 17 135 7.11
9 0 0 2 2 0 1 12 19 101 9.19
10 0 0 0 3 4 2 16 21 27 159 7.57
3 0 8 0 1 9 1 22 7 151 5.98
2 0 0 9 1 0 1 20 28 104 7.76
8 0 7 0 10 0 3 18 24 28 8 132 4.7
5 1 0 0 0 0 1 19 25 166 6.14
8 0 2 1 3 0 1 18 25 126 8.6
4 0 0 4 4 7 3 24 28 29 37 118 7.44
3 0 8 0 6 4 2 19 26 6 122 7.24
6 1 0 0 0 0 3 21 23 25 33 122 5.01
5 0 2 3 1 6 2 23 24 30 129 7.13
9 0 3 10 6 0 1 29 30 162 6.72
9 0 1 0 0 8 1 30 39 136 5.2
2 0 9 0 0 2 3 23 26 28 10 96 7.35
8 0 0 0 4 4 1 27 39 140 6.2
6 0 8 0 0 0 1 25 41 126 7.04
2 0 0 3 0 4 1 30 47 127 9.0
9 0 0 5 0 9 2 27 29 12 136 9.05
1 0 0 0 4 0 1 30 47 124 6.05
2 0 5 0 3 4 1 31 41 121 6.88
8 0 8 0 0 0 1 31 41 169 7.33
6 0 0 0 0 3 1 31 49 158 6.58
1 0 0 0 0 0 0 55 139 8.05
1 0 0 0 0 0 3 33 34 35 0 91 6.64
7 0 5 1 0 0 3 37 48 49 1 146 5.28
2 0 0 5 10 10 3 36 42 52 1 120 7.59
9 0 6 4 5 7 3 37 38 54 1 112 5.84
1 0 3 0 4 2 3 39 49 50 3 140 6.64
10 0 6 3 2 1 2 47 51 10 90 6.05
7 0 4 9 6 0 2 40 44 10 131 8.62
10 0 4 5 8 5 3 40 43 47 4 152 5.42
6 0 6 0 5 0 1 41 17 94 8.46
8 0 0 9 2 6 2 45 55 23 139 7.2
6 0 0 3 3 2 3 49 51 54 3 96 7.96
3 0 7 2 0 0 2 57 62 14 156 4.65
4 0 0 1 7 9 2 52 53 17 125 6.66
2 1 0 0 0 0 1 46 31 169 8.21
10 0 0 10 3 0 1 56 33 165 4.82
7 0 5 9 4 9 2 55 61 20 161 5.6
4 0 2 8 0 2 2 58 59 8 92 5.42
4 0 9 0 9 3 2 53 60 9 133 8.43
7 0 2 0 7 0 3 51 54 56 4 90 8.3
3 0 0 7 8 9 1 58 20 137 6.02
2 1 0 0 0 0 1 57 21 112 8.0
1 1 0 0 0 0 3 56 57 62 21 159 6.56
9 1 0 0 0 0 2 55 60 11 138 8.14
10 0 4 6 9 6 1 62 31 118 7.91
7 0 5 0 2 0 1 61 43 163 9.25
4 1 0 0 0 0 1 58 23 140 8.6
3 1 0 0 0 0 1 61 27 109 8.13
10 0 1 9 3 0 1 60 12 111 8.28
8 0 9 9 3 7 1 63 22 105 8.3
9 0 4 8 9 0 1 63 50 167 9.02
10 0 1 6 4 9 1 63 41 118 6.35
1 0 0 0 0 0 0 59 177 6.33
1 0 0 0 0 0 3 65 66 67 0 115 7.85
7 0 1 9 7 2 1 68 1 92 8.68
7 0 6 10 2 1 3 69 72 78 1 104 9.21
6 0 6 5 2 4 3 70 82 92 1 147 5.03
7 0 5 9 9 2 3 71 75 84 8 134 6.35
7 0 10 2 7 7 2 74 81 8 109 8.88
7 0 7 2 5 2 1 79 7 144 5.74
3 0 3 5 7 8 2 73 86 15 100 8.64
4 1 0 0 0 0 1 85 8 113 4.96
6 1 0 0 0 0 3 87 91 93 18 164 4.7
2 0 6 8 1 10 2 75 84 15 138 7.75
1 0 8 8 2 8 3 76 77 79 17 121 8.44
1 1 0 0 0 0 1 80 18 96 5.45
5 0 6 9 7 4 3 83 85 86 18 134 8.96
3 0 4 7 8 5 2 79 81 8 108 9.14
4 0 5 6 1 7 1 94 18 94 9.05
1 1 0 0 0 0 2 85 90 19 132 6.28
6 0 9 5 3 9 3 86 88 93 15 147 5.28
5 0 8 10 10 7 2 88 90 7 103 6.03
4 1 0 0 0 0 2 87 89 23 148 8.61
10 0 2 8 5 4 3 87 89 91 17 129 6.9
5 0 9 9 8 1 1 89 23 151 5.1
9 0 8 5 1 9 1 91 23 138 6.99
7 1 0 0 0 0 2 88 90 27 155 7.02
10 0 9 1 10 4 1 94 34 161 6.59
5 0 5 9 10 9 2 92 93 28 163 8.95
6 0 5 8 6 5 1 94 34 163 6.25
6 0 1 8 5 10 1 92 32 122 5.67
7 0 2 3 9 10 1 95 38 167 6.79
7 0 8 5 6 9 1 95 33 111 5.42
7 0 3 1 4 5 1 95 44 167 5.89
1 0 0 0 0 0 0 51 162 6.64
1 0 0 0 0 0 3 97 98 99 0 120 6.96
6 0 0 3 0 0 3 105 112 121 1 91 7.28
2 0 9 9 9 0 3 100 101 107 1 144 7.84
8 0 8 0 4 0 3 100 101 102 1 96 4.98
1 0 0 9 4 0 3 109 111 126 9 95 7.77
9 0 0 0 8 0 2 108 117 9 153 7.08
5 0 0 9 0 3 3 103 109 113 9 154 8.27
3 0 0 5 0 9 3 104 105 110 14 116 4.67
3 0 0 0 9 0 3 106 108 117 17 160 8.3
1 0 9 5 2 0 2 122 123 17 130 8.73
9 1 0 0 0 0 2 111 114 20 125 7.65
8 0 0 0 0 8 3 112 113 123 3 124 5.13
3 1 0 0 0 0 3 111 115 120 20 129 8.74
3 0 9 0 3 5 3 112 115 120 14 104 4.8
9 0 3 6 0 8 2 114 126 17 137 6.33
9 1 0 0 0 0 3 119 121 123 29 128 7.2
1 0 1 9 0 7 1 124 17 89 5.65
1 0 0 0 2 0 3 114 115 117 14 157 7.74
1 1 0 0 0 0 3 116 118 120 29 162 5.51
10 0 8 0 8 0 2 116 118 23 168 4.96
6 0 8 0 0 6 2 119 124 33 170 8.48
1 1 0 0 0 0 2 118 126 20 101 7.74
8 0 1 0 5 0 2 119 121 33 131 7.68
9 0 0 6 6 0 1 125 41 164 6.42
5 1 0 0 0 0 2 122 125 30 172 6.17
4 0 0 3 3 4 1 122 41 146 5.0
5 0 0 9 5 0 1 124 45 181 5.79
8 0 4 0 0 0 1 125 38 140 9.24
1 0 5 7 7 3 1 127 50 154 6.96
9 0 0 0 10 0 1 127 50 149 7.8
10 0 9 0 0 9 1 127 26 150 7.87
1 0 0 0 0 0 0 59 170 7.84
1 0 0 0 0 0 3 129 130 131 0 125 6.75
1 0 1 8 7 0 3 132 133 137 1 120 6.7
6 0 0 0 9 9 1 153 1 110 5.55
10 0 1 10 0 3 3 136 141 144 1 84 4.72
10 0 9 5 9 8 2 135 151 2 139 5.44
2 0 0 1 1 7 3 134 138 142 2 110 5.85
9 0 3 2 9 7 2 149 152 4 102 8.34
9 0 5 8 10 6 2 146 154 12 120 8.72
7 0 0 6 6 9 1 148 11 152 7.64
5 0 0 1 10 6 3 139 140 143 2 120 6.56
5 0 0 3 8 8 2 149 152 4 130 5.67
1 0 0 1 0 10 1 158 7 89 7.17
9 0 7 0 1 0 1 154 7 105 5.47
6 0 8 6 2 9 1 145 11 135 7.16
7 0 2 6 6 0 1 157 4 103 8.3
4 0 0 2 0 8 1 147 7 140 7.64
4 0 9 5 2 1 1 157 11 92 7.42
9 1 0 0 0 0 1 155 17 164 6.73
1 1 0 0 0 0 2 148 156 21 100 6.44
8 0 6 1 6 0 1 152 11 135 6.36
3 1 0 0 0 0 2 150 155 22 115 5.93
2 0 4 6 4 5 1 157 13 93 5.8
5 0 7 4 9 10 1 153 25 163 4.65
3 0 0 7 9 0 2 153 155 12 157 6.45
1 1 0 0 0 0 1 156 19 145 8.08
10 0 2 4 0 10 1 158 30 160 8.59
8 1 0 0 0 0 1 156 21 158 4.97
1 0 2 0 0 6 1 158 26 116 6.87
5 0 5 8 6 6 1 159 29 121 7.1
7 0 9 2 6 3 1 159 15 96 6.63
8 0 0 10 10 3 1 159 40 139 7.48
1 0 0 0 0 0 0 48 154 5.71
1 0 0 0 0 0 3 161 162 163 0 83 8.61
5 0 2 2 3 4 3 166 168 172 1 130 6.96
10 0 4 6 1 9 2 169 173 1 154 7.7
5 0 10 4 1 3 3 164 165 170 1 128 6.76
2 0 1 6 6 1 3 169 178 183 6 130 7.97
3 0 9 4 9 1 3 168 172 180 6 134 8.0
3 0 7 3 3 4 3 167 173 174 6 149 7.33
3 1 0 0 0 0 3 177 179 190 9 93 7.57
5 0 1 10 8 5 3 176 179 181 9 129 9.0
8 0 8 9 5 8 3 182 186 187 11 90 9.17
2 0 9 10 2 1 3 171 174 179 6 135 8.74
3 0 8 5 1 3 3 175 178 185 8 109 6.13
9 0 1 3 2 8 3 173 174 177 9 104 5.2
9 0 1 1 9 3 3 181 183 190 18 146 5.93
6 0 10 9 10 6 2 176 185 18 132 7.93
3 0 3 6 7 2 3 177 180 181 11 141 4.77
5 0 10 2 2 8 3 178 183 187 24 138 5.1
5 1 0 0 0 0 2 184 189 18 160 5.33
1 1 0 0 0 0 2 182 188 29 144 7.57
2 1 0 0 0 0 3 185 186 187 14 143 4.9
6 1 0 0 0 0 1 182 14 137 6.9
9 1 0 0 0 0 1 184 27 126 5.15
9 0 6 4 7 9 1 190 30 149 6.11
4 0 5 8 7 6 2 184 189 29 157 7.13
7 0 6 7 6 3 1 186 36 176 8.11
6 0 4 10 5 8 1 188 24 128 6.11
10 0 10 3 10 1 1 188 43 126 8.59
10 0 1 3 7 1 1 189 29 133 6.52
4 0 8 5 1 1 1 191 53 180 6.06
7 0 9 1 3 10 1 191 39 116 9.03
6 0 5 7 5 10 1 191 39 162 6.17
1 0 0 0 0 0 0 57 155 6.39
1 0 0 0 0 0 3 193 194 195 0 93 8.12
1 0 4 0 7 0 3 196 197 199 1 84 7.22
6 0 4 3 2 0 3 198 203 207 1 118 8.21
5 0 4 6 1 2 3 200 202 217 1 81 8.08
6 0 9 3 4 10 3 198 200 206 2 103 8.78
6 0 8 7 0 10 3 200 210 211 2 114 7.26
6 0 6 8 3 7 3 201 208 215 8 123 8.5
7 0 9 9 0 4 1 218 2 148 8.87
1 0 7 7 9 4 3 203 208 222 8 131 5.08
4 0 6 7 10 0 1 204 14 107 4.76
1 0 0 7 7 2 2 205 209 6 79 6.74
4 0 0 2 8 8 2 219 220 9 146 5.28
3 0 2 8 9 10 1 212 18 156 7.63
2 0 4 10 1 2 2 211 212 7 132 7.27
7 0 6 0 2 0 2 215 221 8 119 5.17
7 0 3 3 3 7 2 214 216 7 129 4.77
8 0 10 0 6 5 1 221 14 123 6.78
9 0 5 6 7 0 2 211 212 7 97 5.38
1 0 3 0 2 0 2 216 218 8 106 5.57
2 0 6 10 0 0 2 213 215 16 152 8.24
7 0 10 3 6 2 3 214 220 222 21 166 6.81
5 1 0 0 0 0 1 214 18 118 8.27
5 1 0 0 0 0 1 218 28 108 8.98
9 1 0 0 0 0 1 222 18 123 7.01
4 1 0 0 0 0 2 217 220 14 104 7.22
1 1 0 0 0 0 1 219 18 89 6.78
10 0 8 6 0 0 1 219 33 117 5.84
10 0 9 2 7 2 1 221 43 144 4.88
7 0 10 1 4 0 1 223 28 126 4.89
8 0 8 1 0 0 1 223 53 162 6.61
8 1 0 0 0 0 1 223 28 143 7.93
1 0 0 0 0 0 0 61 148 5.9
1 0 0 0 0 0 3 225 226 227 0 95 6.81
9 0 4 0 0 0 3 228 230 244 1 130 5.27
5 0 6 0 2 0 3 231 232 233 1 110 9.03
6 0 5 0 10 1 2 238 244 1 146 7.76
1 0 8 0 0 3 3 229 235 236 10 145 5.25
9 0 2 0 0 8 3 234 239 252 11 129 8.78
9 0 3 0 0 6 3 234 236 243 10 150 7.15
3 0 5 0 2 3 2 237 244 6 108 7.9
10 0 0 9 9 0 1 246 6 136 5.83
5 0 6 5 0 0 1 234 6 142 5.25
5 0 6 7 0 2 1 238 20 105 5.68
1 0 0 8 9 0 2 237 238 11 97 6.7
2 1 0 0 0 0 1 241 19 106 7.13
7 0 0 0 0 7 3 240 248 249 12 91 8.63
1 0 9 7 8 0 3 240 242 253 25 113 9.25
6 1 0 0 0 0 3 242 243 251 20 97 7.32
1 0 2 0 0 7 1 254 26 109 7.19
8 1 0 0 0 0 3 245 246 250 21 150 8.78
2 0 6 2 0 0 1 247 26 107 9.08
1 0 0 10 8 0 1 249 26 122 9.02
5 0 0 0 0 9 1 252 10 149 7.43
9 1 0 0 0 0 2 247 249 29 165 4.98
2 0 10 0 0 0 3 247 251 252 29 154 7.62
6 0 0 0 5 2 1 254 38 172 6.4
9 1 0 0 0 0 1 250 19 163 9.01
2 0 0 2 1 3 2 253 254 38 137 6.88
1 0 0 9 0 0 1 251 29 136 8.37
3 0 0 0 8 0 1 253 31 116 8.96
6 0 0 0 10 0 1 255 31 154 7.72
7 0 1 3 6 8 1 255 40 125 6.92
10 0 0 9 0 4 1 255 44 185 6.04
1 0 0 0 0 0 0 54 147 7.46
1 0 0 0 0 0 3 257 258 259 0 145 8.12
9 0 7 6 3 0 3 260 267 269 1 112 8.32
3 0 7 2 7 5 3 261 265 278 1 115 6.23
1 0 4 0 0 8 3 263 265 274 1 95 7.73
2 1 0 0 0 0 3 263 271 279 10 102 6.25
9 0 10 8 8 0 3 262 264 266 4 141 7.85
4 1 0 0 0 0 3 270 272 275 13 140 5.13
1 1 0 0 0 0 3 280 282 286 12 131 4.65
5 0 9 9 0 7 3 273 281 286 13 116 8.65
5 0 1 8 0 7 3 266 267 268 4 119 7.61
6 0 2 9 4 4 3 271 272 273 13 154 8.4
2 0 5 1 9 1 3 270 279 280 10 99 4.64
6 0 4 1 4 7 3 270 273 275 9 96 7.5
6 0 0 2 0 7 3 272 274 275 10 125 5.87
10 0 2 10 9 0 1 271 17 145 6.64
6 0 1 3 3 0 2 277 281 27 109 8.65
5 0 4 8 2 0 2 277 286 19 111 8.8
4 0 8 0 0 5 1 276 19 149 6.55
1 0 0 1 0 0 3 276 278 279 16 95 6.92
9 1 0 0 0 0 2 282 284 17 126 5.93
2 1 0 0 0 0 3 277 280 285 23 156 9.03
1 0 0 5 6 4 1 284 33 126 7.54
4 0 0 1 3 0 2 282 283 17 119 7.4
3 0 7 3 5 10 2 281 283 17 157 8.49
3 0 9 10 10 4 1 283 25 159 7.57
8 0 1 3 7 7 1 285 33 162 6.2
4 0 3 2 0 0 1 285 26 141 8.01
9 0 10 0 8 7 1 284 28 129 5.83
5 0 5 9 5 0 1 287 37 169 6.52
2 0 6 8 5 4 1 287 41 114 8.28
4 0 10 8 0 0 1 287 24 97 5.29
1 0 0 0 0 0 0 43 129 4.77
1 0 0 0 0 0 3 289 290 291 0 98 8.24
3 0 0 0 0 9 3 299 303 313 1 121 5.42
8 0 0 0 0 7 3 295 300 309 1 129 4.73
4 0 0 7 0 0 3 292 293 299 1 121 6.82
4 0 0 3 0 0 3 301 305 309 5 107 5.64
6 0 0 0 9 0 2 294 295 5 117 5.52
5 0 0 0 3 0 3 300 305 309 11 115 4.94
7 0 10 0 0 0 3 296 297 306 11 127 9.16
2 1 0 0 0 0 3 298 301 302 18 99 6.48
5 0 0 0 7 0 3 302 307 310 18 130 6.94
1 1 0 0 0 0 2 304 312 20 151 6.71
9 0 0 0 5 0 3 300 304 306 5 118 5.39
9 0 0 0 0 5 3 301 307 317 16 105 6.72
5 0 9 0 0 0 1 311 25 145 7.08
10 0 0 0 0 3 2 308 312 23 111 4.98
8 1 0 0 0 0 2 306 308 4 86 8.75
10 1 0 0 0 0 2 305 310 21 146 5.98
2 0 0 0 0 7 3 308 311 314 31 118 5.33
8 1 0 0 0 0 3 307 310 315 18 154 5.24
8 0 0 5 0 0 2 311 316 26 170 5.02
9 0 0 4 0 0 1 318 33 117 4.77
1 0 0 0 2 0 2 313 315 16 124 9.12
3 1 0 0 0 0 1 314 31 153 8.95
7 0 3 0 0 0 1 318 34 111 8.77
10 0 0 0 3 0 2 313 315 33 169 5.44
6 0 0 0 0 9 3 314 316 317 43 182 5.56
5 0 0 0 0 7 1 318 49 139 8.66
10 0 0 0 4 0 2 316 317 43 159 9.0
10 0 0 0 0 9 1 319 53 136 6.26
10 0 2 0 0 0 1 319 53 151 4.87
8 0 0 2 0 0 1 319 54 163 7.48
1 0 0 0 0 0 0 63 187 5.52
1 0 0 0 0 0 3 321 322 323 0 84 7.76
9 0 10 8 4 7 3 332 341 347 1 125 8.95
10 0 3 6 10 5 2 324 326 1 110 5.12
1 0 2 2 8 6 1 325 1 137 7.33
5 0 4 10 2 9 3 331 333 340 11 138 4.79
9 0 5 10 5 5 3 327 338 350 2 135 6.62
9 0 6 10 10 7 2 329 349 11 153 5.28
6 0 5 6 7 6 2 328 330 11 99 4.72
7 1 0 0 0 0 1 349 17 129 5.39
6 0 4 7 1 9 2 334 335 20 109 9.02
9 0 1 1 6 3 1 333 17 161 5.67
8 1 0 0 0 0 1 339 16 124 5.14
9 0 7 2 8 4 1 338 10 143 6.8
7 1 0 0 0 0 2 336 343 26 132 6.71
8 0 2 6 3 8 2 342 346 26 110 5.82
1 0 5 1 1 5 2 337 345 26 161 8.54
1 1 0 0 0 0 2 342 345 33 115 8.56
9 1 0 0 0 0 1 338 27 170 8.4
6 0 9 3 1 8 1 344 36 129 6.57
6 0 9 9 2 1 2 341 348 24 123 8.83
10 0 8 5 3 10 1 344 16 115 5.83
3 0 10 8 10 5 1 349 30 108 7.49
4 0 4 2 4 2 1 344 34 133 4.93
9 1 0 0 0 0 1 345 33 112 7.8
1 0 2 7 8 1 1 348 42 150 4.64
4 0 1 6 9 2 1 348 42 137 8.17
8 0 10 10 9 7 1 350 34 125 4.64
5 0 6 1 9 5 1 350 10 148 6.75
3 0 2 3 5 5 1 351 46 174 8.01
2 0 1 8 10 5 1 351 33 116 7.18
7 0 10 10 6 5 1 351 42 162 8.84
1 0 0 0 0 0 0 49 171 6.92
1 0 0 0 0 0 3 353 354 355 0 134 5.53
10 0 8 0 4 4 3 356 368 376 1 106 6.13
8 0 6 3 0 7 3 357 360 361 1 131 6.44
8 0 7 3 3 8 1 368 1 128 7.23
4 0 7 1 6 10 2 358 380 11 106 5.54
3 0 6 2 0 10 3 359 362 366 9 116 5.39
3 0 0 1 0 3 1 364 15 107 6.64
2 0 8 3 5 8 1 378 12 142 9.17
2 0 8 2 1 2 3 369 372 381 9 133 6.96
4 0 0 8 10 0 3 363 365 370 9 89 7.18
10 0 0 1 10 0 1 373 12 110 5.32
9 0 0 4 5 0 2 367 373 13 107 8.34
10 1 0 0 0 0 2 375 382 18 105 9.2
9 0 4 6 9 3 2 376 378 13 150 8.19
10 0 0 10 7 0 1 370 12 137 8.0
5 0 6 0 5 0 1 371 22 164 7.68
2 0 9 0 8 0 1 369 11 85 6.35
2 0 1 10 4 9 1 382 13 126 8.47
3 1 0 0 0 0 1 373 22 107 8.84
3 1 0 0 0 0 1 374 27 156 6.85
5 1 0 0 0 0 1 377 11 141 6.29
2 0 4 7 9 8 1 379 25 156 6.8
7 1 0 0 0 0 1 377 30 129 6.58
7 0 1 10 10 0 1 378 28 168 5.55
4 1 0 0 0 0 2 377 380 22 163 6.81
7 0 6 0 1 1 1 382 37 136 6.98
6 0 1 8 8 10 1 381 35 137 4.8
5 0 7 4 8 0 1 381 27 115 7.58
3 0 0 7 10 9 1 383 26 154 6.88
8 0 4 0 6 1 1 383 41 178 7.65
5 0 9 5 0 1 1 383 44 143 6.4
1 0 0 0 0 0 0 49 120 8.15
1 0 0 0 0 0 3 385 386 387 0 123 7.99
6 0 7 4 8 9 3 388 390 392 1 132 6.86
7 0 3 4 7 5 3 394 396 411 1 115 6.04
8 0 8 5 10 3 3 389 392 400 1 123 7.27
6 0 4 4 8 5 3 389 391 396 7 138 9.14
2 0 4 4 4 9 3 402 408 410 13 111 5.34
2 0 4 10 8 7 2 393 407 7 148 5.45
3 0 1 5 10 7 3 393 398 399 13 153 8.47
8 1 0 0 0 0 3 404 411 413 9 96 8.36
6 0 7 7 1 9 3 405 406 410 16 161 5.99
6 0 7 2 1 6 3 395 399 400 8 131 8.99
2 0 2 4 5 9 3 398 401 409 14 88 4.94
7 0 2 4 6 5 3 397 399 409 13 99 5.12
4 0 2 2 4 8 2 398 401 20 144 7.77
6 0 2 8 3 1 2 402 403 24 166 8.5
7 0 4 3 1 2 3 401 402 403 20 108 8.13
2 1 0 0 0 0 2 403 407 14 140 7.41
6 0 5 9 7 9 3 404 405 410 27 112 8.04
2 0 4 2 1 3 1 407 30 167 7.97
10 1 0 0 0 0 2 404 405 30 129 6.69
5 0 4 2 8 3 1 414 40 158 5.27
6 0 4 2 5 7 1 408 40 128 8.75
9 1 0 0 0 0 3 408 409 411 22 165 6.9
4 0 3 1 1 8 1 412 32 150 8.01
4 0 4 7 7 2 2 412 413 46 185 7.39
9 0 7 7 1 9 1 412 31 116 7.78
9 0 8 6 3 6 2 413 414 33 162 5.5
8 0 10 5 1 2 1 414 31 161 7.12
7 0 4 6 10 5 1 415 50 130 5.08
10 0 7 2 1 8 1 415 50 157 7.75
6 0 2 1 3 3 1 415 45 158 5.96
1 0 0 0 0 0 0 60 130 7.66
91.43 86.73 83.81 82.78 87.9 98.84 117.11 125.34 108.78 88.51 71.02 45.93 20.04 14.23 18.34 54.56 71.68 93.82 110.93 185.7 211.45 125.19 107.2 101.25 100.92 94.61 88.0 86.13 89.8 102.21 110.84 109.58 98.05 88.57 69.64 43.23 25.21 20.77 28.79 42.92 65.47 95.33 120.11 155.37 165.78 115.95 104.24 98.22 97.51 92.93 87.44 85.52 89.59 98.68 109.06 109.55 102.58 87.69 76.37 66.19 48.56 35.0 41.89 72.39 80.69 103.73 114.26 136.15 133.62 116.14 105.02 98.95 97.02 88.8 86.23 89.28 90.52 107.21 114.02 115.32 106.73 99.11 88.1 80.09 71.8 70.01 69.62 78.23 84.22 102.03 113.4 129.68 132.91 112.93 103.96 94.17 88.33 80.75 77.23 75.91 75.56 86.3 104.74 106.3 102.09 91.08 72.35 41.5 14.85 4.4 0.7 4.73 45.3 72.22 94.17 105.08 112.82 107.45 103.02 94.37 95.33 89.32 87.61 85.05 85.35 85.46 86.59 86.77 83.29 60.4 13.71 3.32 1.34 0.07 0.17 3.52 12.59 75.36 97.69 109.0 120.28 120.32 111.16 105.24 100.5 95.12 94.2 91.87 90.91 90.8 90.0 84.9 48.37 2.64 -0.01 -0.07 -1.98 -7.45 -7.4 -0.1 0.0 65.46 100.87 110.4 117.21 114.32 107.5 100.52 95.28 87.03 83.48 81.78 82.6 101.79 114.33 123.39 108.88 91.97 70.01 35.02 10.0 5.93 6.78 25.2 59.45 88.12 111.51 157.12 227.31 137.47 115.04 105.15 105.52 101.05 97.8 96.22 98.05 105.41 123.03 122.7 106.64 90.0 73.77 62.72 42.78 26.28 38.05 73.05 89.43 106.86 130.67 193.46 185.66 124.99 109.69 99.37 98.91 90.23 86.76 87.9 90.91 98.72 110.37 115.52 113.64 101.63 83.54 81.08 65.36 51.78 51.32 76.84 85.94 106.04 133.45 218.26 217.95 127.79 113.63 103.57 97.15 92.01 87.98 87.74 91.23 98.38 120.86 136.33 123.46 83.31 71.7 61.79 57.78 53.81 63.61 70.11 92.15 126.1 155.84 188.26 150.6 122.93 106.89 91.59 85.16 84.97 84.76 83.9 86.29 94.5 113.29 119.52 117.86 109.01 87.94 84.87 73.31 57.53 62.83 77.05 88.78 109.37 131.23 156.02 141.73 120.69 100.29 89.96 93.16 87.41 83.92 81.51 84.54 89.28 94.58 97.44 89.43 80.04 37.19 5.23 0.0 0.0 0.0 3.11 30.83 92.49 111.22 126.86 131.73 119.52 104.87 89.63 87.32 77.52 69.3 65.77 62.57 66.75 67.33 64.06 22.3 5.28 0.0 -0.01 -0.1 -0.98 -0.61 0.0 26.37 82.74 118.77 137.67 134.23 115.33 103.42 91.67 86.59 85.1 84.31 83.32 84.89 95.66 120.63 127.19 114.2 99.42 78.94 68.68 39.12 24.72 42.64 69.5 85.01 110.97 160.72 241.5 210.56 121.44 111.29 99.57 93.16 88.84 90.09 91.53 93.87 105.14 129.45 151.47 147.32 118.93 97.23 86.24 80.59 78.03 76.67 82.45 97.44 118.07 172.44 302.75 258.2 138.17 109.35 93.64 100.15 88.94 84.81 80.02 81.52 95.05 120.61 122.47 109.4 85.12 33.8 5.22 4.02 3.58 3.48 21.43 59.9 87.1 120.44 189.72 164.8 107.02 93.89 81.12 57.92 42.83 40.58 43.77 66.38 90.63 118.13 121.23 108.61 76.95 40.98 5.79 3.2 3.33 34.22 69.58 93.12 129.1 189.29 338.31 246.26 134.16 110.17 103.32 97.24 86.42 84.79 84.5 84.65 96.8 118.31 131.29 125.0 101.07 89.51 86.57 80.3 73.94 72.25 79.49 93.61 120.0 125.0 151.47 149.89 113.25 101.43 98.45 101.7 101.39 100.66 99.28 98.39 99.37 101.76 99.56 97.17 80.63 11.57 0.0 -0.02 -0.86 -0.99 -0.01 42.63 86.36 107.2 161.52 136.23 100.9 95.99 84.68 88.7 84.31 80.1 82.69 82.22 81.97 80.43 54.92 0.0 -0.09 -4.0 -20.09 -40.02 -53.4 -46.97 -20.71 -2.71 19.23 108.69 131.47 126.15 107.05 98.6 92.11 84.42 86.67 85.85 84.8 86.32 98.33 123.46 149.8 125.0 101.94 85.83 76.73 65.92 61.47 70.56 79.89 101.44 132.42 210.51 413.66 308.52 150.28 119.37 108.69 108.12 109.21 106.31 104.25 104.21 107.35 182.39 294.59 193.65 125.7 102.57 96.01 84.74 84.27 87.45 94.85 105.81 131.17 192.68 386.4 210.0 130.02 112.62 105.9 104.86 103.61 100.57 101.42 100.87 110.31 133.35 216.33 165.29 122.31 113.97 114.82 103.58 96.03 86.56 95.58 110.26 126.54 170.59 276.46 172.73 117.57 98.94 84.59 85.95 83.19 75.65 67.14 66.2 71.23 105.95 123.07 121.14 104.81 76.01 38.73 51.48 49.23 57.64 54.03 46.92 89.09 126.33 188.92 151.12 116.25 92.43 81.94 48.33 42.49 35.11 33.23 41.42 73.44 114.49 123.43 109.04 92.68 58.95 49.64 47.43 46.93 59.75 76.99 92.55 97.99 130.14 200.52 165.0 119.39 104.84 98.65 94.3 79.39 72.93 73.75 79.32 82.83 86.36 78.23 72.18 54.48 14.27 2.37 0.0 0.01 0.01 0.02 41.22 101.57 123.7 142.34 127.6 113.87 100.62 88.1 85.5 77.16 79.68 84.97 92.72 99.3 99.25 103.59 107.52 87.7 61.58 17.66 6.57 0.0 -0.01 0.0 19.63 95.86 126.39 153.29 126.73 96.36 88.69 59.17 45.18 38.07 18.19 16.89 17.23 77.52 251.79 162.58 143.47 88.21 22.55 18.6 25.0 33.72 29.71 62.02 84.92 100.0 140.0 105.0 120.61 98.72 69.71 9.48 33.47 58.49 63.4 77.12 73.94 62.83 131.6 195.0 145.3 119.72 80.87 52.97 66.91 59.72 71.3 87.25 138.17 238.48 146.08 149.05 111.0 98.67 103.88 66.86 70.8 63.52 50.97 47.81 57.66 70.46
