416 5
1 43 41 39 34
1 0 0 0 0 0 3 1 2 3 0 86 26.77
10 0 10 7 8 10 3 7 11 18 1 109 37.09
3 0 1 5 2 10 3 4 5 6 1 105 32.56
7 0 3 3 4 10 1 13 1 100 20.23
2 0 6 9 4 9 2 10 28 4 118 29.21
5 0 3 4 7 5 3 19 27 29 4 119 31.35
6 0 10 9 3 8 2 8 15 4 101 23.71
7 0 7 2 3 10 2 9 22 11 97 24.52
1 0 8 6 10 3 1 16 10 137 24.31
3 1 0 0 0 0 1 16 18 142 36.46
4 0 10 9 10 4 1 21 6 90 30.19
8 0 1 7 5 6 2 12 14 11 108 34.48
4 1 0 0 0 0 3 16 25 27 19 120 29.14
6 0 9 4 2 7 1 19 8 147 24.76
1 1 0 0 0 0 2 19 25 19 95 19.82
3 0 7 9 4 7 1 29 10 130 19.55
1 1 0 0 0 0 2 17 26 23 170 25.61
2 0 2 6 9 8 1 20 24 113 32.37
4 1 0 0 0 0 1 28 11 163 28.5
4 0 4 3 2 6 1 21 20 101 24.77
2 1 0 0 0 0 1 23 26 171 20.03
4 1 0 0 0 0 1 30 24 144 37.33
4 1 0 0 0 0 1 26 18 145 32.41
1 1 0 0 0 0 1 24 28 175 27.47
10 0 8 10 4 9 1 28 29 140 27.85
4 0 3 2 2 4 2 26 29 23 124 29.05
10 0 3 6 8 5 1 30 27 113 21.85
7 1 0 0 0 0 1 30 23 124 33.13
10 0 9 9 3 5 1 31 39 140 30.32
2 1 0 0 0 0 1 31 27 154 20.85
2 0 8 6 8 8 1 31 37 160 19.77
1 0 0 0 0 0 0 49 138 35.68
1 0 0 0 0 0 3 33 34 35 0 83 22.26
6 0 1 9 2 10 3 36 41 48 1 137 21.06
6 0 9 2 3 4 2 37 55 1 83 26.29
10 0 8 2 3 1 1 44 1 90 35.67
5 1 0 0 0 0 1 61 7 94 25.65
2 0 5 6 2 2 3 38 39 43 7 148 23.56
6 0 8 5 4 3 1 45 9 131 33.79
7 0 10 2 6 3 3 40 42 49 9 107 19.82
7 0 3 5 1 2 1 50 16 168 36.99
3 0 7 3 3 3 1 46 7 128 30.39
10 0 3 2 9 2 1 61 16 111 27.62
1 0 7 5 8 7 2 56 58 9 150 35.45
4 0 3 6 2 6 2 54 60 11 119 36.76
10 0 8 8 8 7 1 50 15 99 19.13
10 0 6 3 4 1 2 47 51 10 101 35.79
7 1 0 0 0 0 1 54 20 142 18.87
1 0 10 3 8 4 3 50 52 53 7 94 36.57
4 0 6 3 1 7 1 57 16 150 24.95
8 0 2 3 4 2 1 54 25 153 19.92
6 1 0 0 0 0 1 62 20 128 35.94
10 0 4 1 6 2 2 56 59 8 136 36.29
5 0 3 7 2 8 2 56 58 8 151 22.77
4 0 6 2 7 6 1 59 33 119 22.14
6 0 5 4 3 4 1 60 7 143 30.63
3 0 4 5 8 4 1 61 18 120 20.88
4 0 1 10 10 10 1 58 20 101 30.05
10 0 7 5 4 9 2 60 62 24 106 25.57
1 0 3 5 4 6 1 62 37 165 35.17
7 0 5 9 6 10 1 63 34 178 31.31
3 0 7 7 9 5 1 63 26 139 26.31
10 0 10 3 3 7 1 63 38 174 24.37
1 0 0 0 0 0 0 48 136 25.52
1 0 0 0 0 0 3 65 66 67 0 111 23.89
6 0 0 1 9 2 3 70 72 83 1 129 26.27
10 0 2 0 0 0 2 68 74 1 131 29.45
8 0 0 0 5 8 3 73 83 85 1 114 29.88
3 0 0 3 6 8 3 69 71 94 11 127 27.94
1 0 10 0 0 0 2 79 87 14 104 37.13
8 0 5 0 10 1 2 81 89 7 131 23.5
10 0 2 0 3 0 3 75 77 79 14 145 25.85
1 0 0 2 5 8 3 74 86 92 7 116 36.2
9 0 4 0 0 0 1 75 9 105 29.7
4 0 0 1 5 0 1 90 11 150 30.03
10 1 0 0 0 0 3 76 78 86 24 156 36.03
4 0 9 0 6 0 3 80 82 84 34 116 19.28
9 1 0 0 0 0 1 80 24 107 22.89
5 0 1 0 2 7 1 81 34 142 25.79
3 0 9 0 2 0 3 80 82 85 24 160 28.09
7 0 0 0 0 6 3 88 89 91 38 176 23.37
9 0 0 4 5 5 2 84 91 39 153 26.29
2 1 0 0 0 0 3 88 89 93 38 115 32.2
6 0 9 0 0 0 1 86 9 141 21.78
1 0 9 3 0 0 1 88 48 132 20.72
1 1 0 0 0 0 1 90 27 140 34.53
1 1 0 0 0 0 2 87 90 34 162 20.78
3 1 0 0 0 0 1 91 35 136 30.04
6 0 0 3 0 0 1 92 49 160 30.83
9 0 7 0 0 0 1 92 45 144 25.73
10 0 0 3 5 0 1 93 35 146 25.7
5 0 0 1 2 0 1 93 48 173 36.54
6 0 0 5 0 1 1 95 55 158 36.82
9 0 8 0 0 1 1 95 53 136 32.36
3 0 0 0 9 0 1 95 14 134 31.22
1 0 0 0 0 0 0 62 182 21.32
1 0 0 0 0 0 3 97 98 99 0 134 26.35
3 0 1 6 8 7 3 100 101 114 1 124 28.1
1 0 8 2 6 9 2 103 115 1 100 21.36
7 0 1 3 2 9 3 106 115 117 1 129 26.51
5 0 2 9 4 2 1 102 4 86 21.39
7 0 1 4 1 3 3 103 104 105 4 109 18.82
10 1 0 0 0 0 1 109 9 138 23.77
9 0 3 9 2 4 1 107 11 104 30.02
9 0 8 6 6 6 3 111 120 121 11 153 30.5
9 0 7 7 9 3 2 108 113 11 137 34.63
9 0 5 9 8 10 1 116 8 113 29.99
3 1 0 0 0 0 3 108 119 122 20 153 36.39
7 1 0 0 0 0 2 110 123 23 161 21.68
6 1 0 0 0 0 2 112 122 19 166 20.44
5 0 1 7 10 7 1 121 30 175 22.4
9 1 0 0 0 0 1 115 20 174 34.55
8 0 1 6 2 1 1 119 25 129 20.68
5 1 0 0 0 0 1 125 20 112 35.58
10 0 5 7 3 7 1 119 4 122 33.19
6 0 5 8 9 2 1 124 29 164 31.37
7 0 4 7 9 10 1 121 17 134 36.85
5 0 8 9 8 3 1 118 8 158 34.87
7 0 8 3 5 5 1 120 13 146 28.51
3 0 4 5 9 9 1 124 33 152 22.76
5 0 5 4 7 8 1 125 20 115 20.39
8 0 1 7 8 9 1 126 35 165 35.12
1 0 8 5 7 7 2 124 125 25 135 37.26
1 0 7 3 10 8 1 126 30 115 21.92
5 0 9 2 8 6 1 127 36 159 27.74
3 0 2 6 3 8 1 127 26 143 32.08
3 0 8 1 10 10 1 127 43 166 36.02
1 0 0 0 0 0 0 46 153 22.62
1 0 0 0 0 0 3 129 130 131 0 134 23.8
10 0 1 2 5 3 3 132 139 143 1 118 23.88
9 0 3 10 6 10 1 135 1 85 19.58
6 0 2 2 4 7 3 133 140 149 1 141 35.2
1 0 2 8 7 3 3 134 137 150 11 126 19.51
1 0 9 7 5 4 3 136 141 148 7 144 29.42
10 0 3 3 10 5 3 138 140 144 12 136 19.34
7 0 8 5 10 6 3 136 141 143 10 129 29.86
5 0 4 7 1 7 1 151 17 129 21.91
4 0 6 3 9 5 2 146 152 12 116 34.48
9 1 0 0 0 0 2 156 158 22 136 35.44
10 0 9 5 3 1 1 150 11 161 31.27
6 1 0 0 0 0 1 148 22 112 29.65
4 0 9 9 3 8 3 142 147 153 17 165 22.7
7 1 0 0 0 0 3 152 154 155 21 118 21.78
7 0 10 2 9 3 2 153 158 17 107 27.38
8 0 7 4 8 8 3 145 147 155 22 105 28.77
1 0 2 5 2 10 3 148 154 157 30 152 19.75
4 0 1 2 10 10 1 149 16 99 32.69
4 1 0 0 0 0 2 151 157 30 141 26.19
7 0 3 1 8 1 2 152 156 31 152 23.29
2 0 2 3 3 3 1 151 20 165 33.4
1 1 0 0 0 0 1 153 21 114 28.76
9 0 5 10 1 7 1 154 34 136 24.33
10 0 5 10 6 7 1 158 38 169 30.79
9 1 0 0 0 0 1 155 24 122 31.73
10 0 10 9 1 10 1 156 43 148 22.63
7 0 8 6 10 4 1 157 33 135 23.47
2 0 3 6 2 9 1 159 53 160 33.5
1 0 9 9 9 2 1 159 40 123 19.21
3 0 2 7 9 6 1 159 48 157 23.76
1 0 0 0 0 0 0 55 165 34.93
1 0 0 0 0 0 3 161 162 163 0 95 27.94
10 0 6 9 7 10 3 164 174 178 1 130 27.1
2 0 5 6 6 5 3 165 170 185 1 127 29.42
8 0 2 7 6 2 3 168 173 180 1 93 36.19
5 0 2 1 4 8 3 166 167 179 11 118 20.22
8 0 3 1 9 7 3 169 177 181 3 105 24.12
8 0 5 2 3 6 1 171 16 112 26.85
1 0 2 3 9 3 1 170 16 130 19.34
3 0 6 10 3 2 1 189 9 145 23.87
1 1 0 0 0 0 2 175 190 11 154 23.56
9 0 8 6 1 5 1 172 17 118 33.95
10 1 0 0 0 0 2 176 181 24 133 36.17
1 0 5 3 1 10 1 182 26 147 30.9
6 0 1 9 5 5 1 184 9 153 31.05
9 0 10 6 5 2 2 176 183 11 135 21.17
7 0 4 1 9 6 1 186 12 139 24.89
3 0 1 5 2 8 2 187 190 34 137 23.3
9 0 3 4 5 5 1 189 11 105 31.87
9 0 9 1 1 8 1 180 11 129 22.69
2 0 3 5 10 3 1 186 16 151 29.67
5 0 3 7 8 9 1 185 20 130 31.75
2 0 6 8 9 3 1 182 34 129 21.96
8 0 1 10 2 3 2 183 188 36 150 28.13
2 0 9 3 4 9 1 187 44 157 20.69
6 1 0 0 0 0 1 187 15 131 35.93
10 0 9 6 6 3 1 186 25 119 37.19
9 0 4 3 2 2 1 188 35 175 35.11
2 0 7 6 5 6 1 189 46 160 27.59
3 0 2 9 4 2 1 191 44 177 22.59
4 0 1 5 2 3 1 191 48 176 26.65
4 0 5 2 10 1 1 191 37 133 25.47
1 0 0 0 0 0 0 52 169 23.23
1 0 0 0 0 0 3 193 194 195 0 103 30.52
4 0 5 6 7 7 3 201 203 211 1 147 23.29
5 0 8 7 6 10 3 197 207 213 1 103 30.17
3 0 6 9 4 6 2 196 197 1 138 26.91
6 0 8 2 10 4 3 200 203 210 4 87 23.94
6 0 5 6 4 10 3 198 201 202 6 114 22.97
1 0 7 5 10 6 3 199 208 211 12 101 22.9
1 0 4 9 8 9 3 206 209 218 13 136 27.53
10 0 8 4 1 7 3 207 211 213 10 149 26.15
5 0 4 6 6 5 3 204 206 216 12 124 22.36
6 0 2 10 1 9 3 204 214 215 12 93 25.38
5 0 3 1 9 4 3 204 207 215 10 123 33.79
3 0 6 10 3 7 3 205 208 220 18 121 23.26
9 1 0 0 0 0 2 218 221 21 145 22.29
9 0 6 9 3 6 3 214 220 222 17 145 21.63
7 1 0 0 0 0 3 208 209 219 20 146 23.41
9 0 3 2 5 6 3 212 217 221 27 170 19.16
6 0 1 9 1 10 1 216 27 145 22.6
2 0 4 3 8 10 2 212 213 10 139 23.08
4 1 0 0 0 0 2 212 214 20 106 28.9
1 0 5 2 9 5 1 218 36 173 28.9
4 1 0 0 0 0 3 215 216 219 20 140 33.94
9 0 3 1 3 4 1 219 26 159 33.35
9 0 2 7 10 4 1 217 24 110 22.16
4 0 2 2 5 9 2 217 220 33 133 21.55
3 0 9 5 2 7 1 222 37 142 28.6
6 0 5 6 9 9 1 222 37 161 20.18
8 0 1 9 7 3 1 221 35 157 35.22
4 0 2 7 10 8 1 223 37 119 31.45
2 0 6 9 4 5 1 223 43 153 21.37
1 0 9 6 7 9 1 223 43 126 32.12
1 0 0 0 0 0 0 45 121 24.68
1 0 0 0 0 0 3 225 226 227 0 129 30.48
1 0 6 0 0 0 3 228 232 235 1 97 22.21
7 0 0 7 0 0 3 229 231 243 1 105 32.3
9 0 2 0 5 2 3 230 235 239 1 111 32.96
3 0 8 2 6 0 3 237 242 244 2 104 18.91
10 0 0 10 0 8 3 233 236 241 8 102 27.16
9 0 0 9 8 7 3 243 245 251 10 139 25.44
2 0 0 10 10 6 3 234 236 241 8 126 27.57
3 0 7 1 0 0 3 236 246 249 2 119 24.27
7 0 2 5 8 0 3 238 240 245 18 126 25.51
1 0 0 4 6 2 3 237 242 246 10 120 37.26
6 0 0 7 5 0 3 240 241 245 10 151 35.43
10 0 0 5 0 0 3 248 250 254 18 158 37.11
9 0 4 8 0 6 2 238 240 11 96 21.98
10 1 0 0 0 0 1 247 25 144 23.77
4 0 0 0 0 6 3 243 246 251 10 156 24.84
1 1 0 0 0 0 3 247 248 249 25 116 22.94
10 0 0 0 6 0 3 242 244 253 18 148 36.3
1 1 0 0 0 0 1 247 28 172 21.08
1 0 0 0 3 9 1 244 19 152 19.12
4 0 0 0 0 8 1 250 28 159 33.31
3 1 0 0 0 0 3 249 253 254 25 161 24.64
3 0 0 7 10 0 2 248 252 14 107 27.33
7 0 0 0 5 9 2 250 251 35 162 24.34
3 0 0 0 3 0 1 253 28 144 26.59
7 1 0 0 0 0 1 252 28 170 36.97
10 0 7 8 1 0 1 252 42 155 32.81
10 0 10 0 0 0 1 254 42 181 26.71
2 0 0 2 0 0 1 255 52 153 22.4
1 1 0 0 0 0 1 255 31 122 28.91
6 0 0 6 1 0 1 255 52 139 21.51
1 0 0 0 0 0 0 58 169 20.12
1 0 0 0 0 0 3 257 258 259 0 98 34.31
9 0 0 6 6 0 3 260 262 272 1 149 24.91
6 0 7 3 1 0 3 263 270 277 1 120 26.12
10 0 0 0 9 1 3 261 267 281 1 129 35.07
5 0 5 0 0 5 2 264 266 10 139 25.62
6 0 4 7 0 8 2 274 278 11 154 30.47
8 0 9 8 8 3 2 265 282 10 118 31.57
3 0 0 0 0 9 1 286 7 98 23.86
8 0 0 0 0 3 3 268 281 285 15 169 22.94
7 1 0 0 0 0 2 269 276 18 137 28.45
2 1 0 0 0 0 1 281 15 98 28.6
4 0 0 0 6 0 2 271 277 11 155 20.84
7 1 0 0 0 0 1 276 23 167 32.95
10 0 0 4 8 0 1 284 25 162 19.93
8 0 0 5 6 0 1 279 7 96 36.69
6 1 0 0 0 0 3 273 275 280 15 110 26.53
3 0 10 0 0 9 1 282 10 109 26.13
7 1 0 0 0 0 1 283 21 137 28.42
5 0 0 8 2 0 1 284 17 142 35.68
10 0 0 9 0 0 1 283 21 170 21.17
8 0 2 5 0 0 1 284 30 123 33.41
1 0 0 0 3 0 1 278 15 139 20.95
5 0 8 2 0 1 1 286 17 106 32.31
2 0 1 0 0 0 1 283 15 91 36.75
1 1 0 0 0 0 1 282 21 112 30.15
7 0 0 2 3 0 1 286 23 164 25.08
4 0 2 0 0 0 1 285 22 128 22.09
8 0 0 0 9 1 1 285 31 176 27.11
4 0 3 0 6 0 1 287 38 165 34.05
5 0 0 0 7 10 1 287 39 133 20.36
10 0 0 6 6 0 1 287 30 171 19.4
1 0 0 0 0 0 0 44 130 21.59
1 0 0 0 0 0 3 289 290 291 0 92 37.35
2 0 6 8 6 9 3 292 294 295 1 78 24.71
4 0 9 9 10 8 3 301 302 308 1 105 33.26
3 0 9 4 8 8 3 300 302 312 1 133 28.7
9 0 6 7 3 8 3 293 298 304 3 101 27.6
6 0 4 5 7 8 3 299 300 307 12 107 26.09
6 0 1 8 1 2 3 296 298 302 3 123 20.66
3 0 5 8 2 9 3 296 297 304 3 112 27.09
5 0 2 8 7 5 2 309 312 9 95 30.9
10 0 8 9 10 4 1 303 6 162 24.42
6 0 5 10 4 5 3 299 310 312 12 141 24.01
4 1 0 0 0 0 2 305 315 18 117 32.0
4 0 1 6 1 9 2 303 306 18 147 25.89
1 0 3 3 4 2 3 305 307 309 5 141 28.89
2 0 4 2 9 1 3 306 307 309 9 99 19.86
9 0 3 10 8 4 3 308 310 318 22 131 19.72
5 1 0 0 0 0 3 306 308 316 12 101 25.86
3 0 10 6 1 6 2 311 314 22 152 34.27
8 0 1 8 3 6 3 313 314 317 22 157 23.42
8 1 0 0 0 0 2 310 311 18 118 24.41
7 0 2 5 5 10 1 317 31 146 29.25
9 0 9 9 9 9 2 311 314 14 127 18.99
4 0 1 9 4 1 1 315 31 178 22.8
5 0 9 1 5 7 2 313 316 26 168 31.34
2 0 2 3 6 10 3 313 315 316 18 101 36.14
1 0 4 9 2 1 1 318 31 122 18.9
6 0 6 4 4 2 1 318 30 149 27.13
9 0 3 5 1 2 1 317 35 177 26.63
2 0 3 8 10 8 1 319 31 144 24.0
2 0 1 2 1 1 1 319 44 117 28.76
6 0 2 7 9 2 1 319 36 116 24.93
1 0 0 0 0 0 0 46 169 28.54
1 0 0 0 0 0 3 321 322 323 0 86 18.88
1 0 1 6 4 10 3 325 329 346 1 148 33.1
9 0 5 5 4 5 2 325 330 1 118 36.31
10 0 3 3 4 8 3 324 326 327 1 143 35.74
4 1 0 0 0 0 3 332 342 344 11 100 30.16
8 1 0 0 0 0 3 334 338 341 10 118 30.73
2 0 6 10 4 2 3 330 331 333 11 120 30.89
4 0 3 8 10 4 3 328 331 334 11 129 26.69
7 0 10 6 3 2 3 332 335 336 15 95 19.91
4 0 6 3 6 7 2 334 336 2 102 18.82
10 0 10 9 8 10 3 335 342 346 13 132 24.15
1 0 10 10 8 8 2 340 341 15 99 24.69
7 1 0 0 0 0 3 337 346 347 22 118 19.89
3 0 4 8 10 5 2 337 341 13 103 36.59
6 0 10 6 5 10 3 337 343 345 18 128 35.61
3 0 8 10 1 3 2 338 339 23 120 32.22
9 1 0 0 0 0 2 338 339 22 151 20.5
4 0 9 8 10 1 3 348 349 350 29 174 29.2
1 1 0 0 0 0 1 340 31 143 19.4
1 0 6 7 5 3 2 340 343 31 168 31.28
5 0 7 7 10 9 1 344 32 171 31.81
6 1 0 0 0 0 2 342 344 18 158 30.54
2 1 0 0 0 0 3 343 345 347 24 151 21.93
1 0 7 4 1 3 1 349 32 106 30.4
3 1 0 0 0 0 2 345 347 37 175 32.95
4 0 5 7 6 3 1 350 40 140 21.03
10 0 7 1 7 3 2 348 349 29 131 37.18
10 0 10 9 8 8 2 348 350 40 175 23.37
7 0 2 5 5 1 1 351 50 191 31.23
4 0 4 3 2 7 1 351 39 117 28.91
9 0 8 2 7 9 1 351 50 169 30.72
1 0 0 0 0 0 0 59 192 31.92
1 0 0 0 0 0 3 353 354 355 0 123 24.76
8 0 10 5 3 0 2 359 363 1 121 22.52
6 0 0 3 0 6 3 357 358 367 1 152 33.12
8 0 0 8 3 6 3 356 360 371 1 152 26.87
6 0 9 5 2 10 3 358 364 366 9 109 35.08
8 0 5 0 0 4 1 373 7 97 33.77
6 0 2 6 0 0 1 361 15 159 36.37
2 0 3 2 2 5 2 379 382 9 157 34.85
8 0 3 9 10 4 2 370 374 9 147 23.39
2 1 0 0 0 0 3 362 365 370 21 119 34.98
4 0 5 0 9 4 2 368 369 23 147 19.51
7 0 4 10 0 9 3 365 371 380 9 90 32.97
4 0 6 2 10 0 3 372 373 380 15 128 33.18
3 1 0 0 0 0 1 378 23 132 29.39
7 0 0 8 9 3 3 370 376 377 15 107 33.62
5 0 4 0 10 1 2 372 373 7 108 27.1
5 1 0 0 0 0 1 375 27 123 35.21
3 1 0 0 0 0 2 374 378 27 168 22.62
10 1 0 0 0 0 2 375 378 23 152 29.9
7 0 2 9 0 0 1 376 16 119 35.83
8 1 0 0 0 0 2 376 377 19 113 21.25
6 1 0 0 0 0 2 377 379 19 151 21.51
2 0 1 2 7 0 1 375 30 160 35.09
3 0 4 3 10 0 2 380 382 33 140 35.83
10 0 4 1 0 0 2 381 382 27 111 22.89
3 0 0 0 7 7 1 381 27 176 20.31
8 0 5 0 7 0 1 379 33 129 32.83
4 0 0 9 10 7 1 381 41 116 22.87
4 0 6 4 4 8 1 383 36 170 27.01
5 0 1 0 0 4 1 383 45 151 36.25
4 0 2 3 8 9 1 383 37 134 29.92
1 0 0 0 0 0 0 50 175 31.57
1 0 0 0 0 0 3 385 386 387 0 122 31.28
5 0 0 0 7 0 3 388 397 411 1 145 37.37
4 0 0 0 0 2 3 389 390 391 1 80 29.46
2 0 0 8 3 0 3 397 400 408 1 137 30.18
7 0 0 4 0 0 3 389 392 396 6 89 34.83
1 1 0 0 0 0 3 398 400 410 13 105 35.93
8 0 2 8 0 1 3 393 394 405 5 100 19.9
10 0 0 0 3 8 3 399 402 403 5 135 35.78
7 0 0 0 0 7 3 395 402 405 13 149 34.74
4 0 5 0 9 0 3 396 401 402 13 142 34.96
8 0 0 0 6 8 2 395 397 13 132 30.59
10 0 0 3 0 7 3 398 400 401 21 121 22.73
5 0 0 0 4 0 2 398 406 17 151 28.28
2 0 5 0 1 0 2 404 412 21 106 30.37
5 1 0 0 0 0 3 403 407 413 31 138 31.73
9 0 0 0 0 8 3 404 405 411 15 157 32.79
1 0 0 5 2 6 1 403 31 116 33.17
7 1 0 0 0 0 3 404 406 407 31 162 34.47
6 0 9 1 7 4 2 407 410 20 107 18.72
3 1 0 0 0 0 2 409 414 36 118 22.02
1 1 0 0 0 0 1 410 38 123 26.25
9 1 0 0 0 0 3 406 409 413 24 174 22.87
8 0 0 4 10 6 1 408 38 145 36.63
9 0 1 3 0 0 2 408 409 38 183 20.32
9 0 0 0 10 0 1 412 47 162 24.72
10 0 0 9 8 3 1 412 47 180 20.17
9 0 9 5 1 6 1 414 39 153 27.12
5 1 0 0 0 0 2 413 414 24 149 21.37
6 0 0 2 5 7 1 415 57 146 35.9
10 0 0 0 10 10 1 415 36 170 33.01
6 0 0 6 0 5 1 415 48 132 36.33
1 0 0 0 0 0 0 63 187 25.66
86.59 85.1 84.31 83.32 84.89 95.66 120.63 127.19 114.2 99.42 78.94 68.68 39.12 24.72 42.64 69.5 85.01 110.97 160.72 241.5 210.56 121.44 111.29 99.57 93.16 88.84 90.09 91.53 93.87 105.14 129.45 151.47 147.32 118.93 97.23 86.24 80.59 78.03 76.67 82.45 97.44 118.07 172.44 302.75 258.2 138.17 109.35 93.64 100.15 88.94 84.81 80.02 81.52 95.05 120.61 122.47 109.4 85.12 33.8 5.22 4.02 3.58 3.48 21.43 59.9 87.1 120.44 189.72 164.8 107.02 93.89 81.12 57.92 42.83 40.58 43.77 66.38 90.63 118.13 121.23 108.61 76.95 40.98 5.79 3.2 3.33 34.22 69.58 93.12 129.1 189.29 338.31 246.26 134.16 110.17 103.32 97.24 86.42 84.79 84.5 84.65 96.8 118.31 131.29 125.0 101.07 89.51 86.57 80.3 73.94 72.25 79.49 93.61 120.0 125.0 151.47 149.89 113.25 101.43 98.45 101.7 101.39 100.66 99.28 98.39 99.37 101.76 99.56 97.17 80.63 11.57 0.0 -0.02 -0.86 -0.99 -0.01 42.63 86.36 107.2 161.52 136.23 100.9 95.99 84.68 88.7 84.31 80.1 82.69 82.22 81.97 80.43 54.92 0.0 -0.09 -4.0 -20.09 -40.02 -53.4 -46.97 -20.71 -2.71 19.23 108.69 131.47 126.15 107.05 98.6 92.11 84.42 86.67 85.85 84.8 86.32 98.33 123.46 149.8 125.0 101.94 85.83 76.73 65.92 61.47 70.56 79.89 101.44 132.42 210.51 413.66 308.52 150.28 119.37 108.69 108.12 109.21 106.31 104.25 104.21 107.35 182.39 294.59 193.65 125.7 102.57 96.01 84.74 84.27 87.45 94.85 105.81 131.17 192.68 386.4 210.0 130.02 112.62 105.9 104.86 103.61 100.57 101.42 100.87 110.31 133.35 216.33 165.29 122.31 113.97 114.82 103.58 96.03 86.56 95.58 110.26 126.54 170.59 276.46 172.73 117.57 98.94 84.59 85.95 83.19 75.65 67.14 66.2 71.23 105.95 123.07 121.14 104.81 76.01 38.73 51.48 49.23 57.64 54.03 46.92 89.09 126.33 188.92 151.12 116.25 92.43 81.94 48.33 42.49 35.11 33.23 41.42 73.44 114.49 123.43 109.04 92.68 58.95 49.64 47.43 46.93 59.75 76.99 92.55 97.99 130.14 200.52 165.0 119.39 104.84 98.65 94.3 79.39 72.93 73.75 79.32 82.83 86.36 78.23 72.18 54.48 14.27 2.37 0.0 0.01 0.01 0.02 41.22 101.57 123.7 142.34 127.6 113.87 100.62 88.1 85.5 77.16 79.68 84.97 92.72 99.3 99.25 103.59 107.52 87.7 61.58 17.66 6.57 0.0 -0.01 0.0 19.63 95.86 126.39 153.29 126.73 96.36 88.69 59.17 45.18 38.07 18.19 16.89 17.23 77.52 251.79 162.58 143.47 88.21 22.55 18.6 25.0 33.72 29.71 62.02 84.92 100.0 140.0 105.0 120.61 98.72 69.71 9.48 33.47 58.49 63.4 77.12 73.94 62.83 131.6 195.0 145.3 119.72 80.87 52.97 66.91 59.72 71.3 87.25 138.17 238.48 146.08 149.05 111.0 98.67 103.88 66.86 70.8 63.52 50.97 47.81 57.66 70.46 112.71 124.24 112.69 94.26 69.34 43.5 12.04 8.56 11.66 45.8 83.64 109.11 114.0 170.32 136.63 110.0 100.0 78.66 57.64 49.63 38.85 38.75 49.22 75.94 115.0 117.81 112.9 91.36 66.01 5.94 0.2 0.0 0.0 0.53 51.54 120.86 144.94 212.26 147.12 110.0 102.07 88.2 74.09 72.22 70.58 70.29 70.38 86.1 118.42 141.48 117.45 92.51 53.21 13.12 0.99 0.0 0.0 11.97 76.93 118.68 255.21 409.24 167.05 110.91 95.47 80.03 90.15 80.58 77.19 77.04 77.0 82.66 91.11 89.67 77.66 24.91 0.98 -0.89 -7.45 -10.25 -4.7 0.1 28.84 96.69 118.22 126.99 95.47 79.14 75.12 49.18 3.45 1.14 2.64 0.62 1.29 0.58 4.41 5.23 3.15 0.4 -0.25 -6.87 -10.36 -10.73 -2.58 -0.07 9.47 88.87 110.72 118.6 117.58 103.57 97.59 90.59 84.95 81.26 77.32 76.98 77.79 91.71 119.98 129.86 128.51 106.34 88.11 69.61 70.41 65.06 70.42 76.05 88.42 122.95 143.06 216.38 144.51 114.24 100.24 92.77 86.64 86.71 86.15 86.08 88.7 101.47 126.62 172.36 159.13 119.37 89.84 88.92 80.86 77.82 77.56 88.6 102.65 127.01 157.33 216.73 125.53 101.58 96.92 91.98 75.64 70.05 69.46 70.17 58.67 71.28 110.41 130.2 119.5 92.86 62.28 41.17 27.1 28.68 28.21 65.69 76.26 91.19 113.08 119.62 108.42 88.11 81.54 63.78 73.22 70.16 67.15 66.86 70.34 79.6 110.1 120.11 124.72 99.11 85.73 136.26 114.15 65.81 50.98 78.75 84.24 106.5 116.52 136.61 123.61 101.82 89.58 81.09 78.48 75.08 73.18 73.2 75.12 82.3 105.52 119.97 124.63 114.16 105.0 99.9 98.86 83.35 83.78 82.88 99.34 110.88 124.17 132.96 119.61 106.21 96.9 89.9 85.01 83.76 83.3 83.19 86.07 90.0 90.5 104.69 109.63 97.26 89.58 79.73 64.26 36.66 49.45 79.79 95.03 112.74 133.07 147.26 120.0 109.15 104.98 94.47 98.57 96.34 94.41 91.61 95.03 97.06 99.7 105.16 98.24 92.93 83.52 37.73 17.11 8.53 13.0 63.03 83.45 99.01 125.43 127.81 118.45 107.4 97.34 96.71 92.44 90.35 89.52 89.69 89.81 100.0 130.03 212.21 164.86 120.68 91.09 86.24 80.0 78.5 85.11 89.16 102.3 134.81 274.59 402.21 165.12 121.13 101.83 89.41 101.42 98.15 97.22 96.68 99.78 101.37 137.47 244.0 209.23 136.34 116.64 98.43 89.56 88.06 89.94 98.77 114.54 156.02 250.86 356.15 138.73 104.71 95.0 91.39 85.56 82.32 78.54 90.17 89.01 97.37 127.3 175.46 138.74 105.23 86.5 75.97 71.47 74.29 78.48 87.45 98.01 135.0 249.52 339.75 150.72 113.11 98.93 90.99 91.44 88.59 87.5 90.3 92.28 96.83 130.8 179.79 137.16 100.04 91.26 79.97 68.09 63.52 74.36 83.69
