448 5
1 57 48 47 47
1 0 0 0 0 0 3 1 2 3 0 125 10.88
9 0 6 3 4 9 3 4 5 9 1 177 10.83
10 0 3 3 6 10 3 5 21 22 1 135 9.94
4 0 8 3 10 1 3 8 9 19 1 168 8.27
1 0 4 2 10 7 3 6 7 10 10 113 10.0
9 0 6 5 3 10 3 6 13 16 11 145 8.54
4 0 6 1 10 4 2 18 20 20 129 7.5
6 0 8 2 4 5 3 11 13 22 11 133 7.11
1 0 7 4 5 5 3 13 14 27 5 102 6.75
1 0 2 5 1 1 3 12 18 20 10 152 11.62
2 0 2 10 9 3 3 14 17 24 11 122 8.09
3 0 7 3 4 9 3 12 15 16 17 184 9.51
4 0 3 10 10 6 3 14 24 26 20 183 11.18
7 0 9 4 8 4 1 23 20 140 9.75
10 1 0 0 0 0 1 21 24 123 10.23
8 0 1 8 5 6 3 17 18 21 20 183 7.68
9 0 5 9 3 4 3 17 24 25 20 130 7.95
7 1 0 0 0 0 2 19 28 29 182 8.72
4 1 0 0 0 0 3 23 25 27 28 192 8.05
9 0 5 6 10 3 2 20 23 36 137 7.67
10 0 7 2 2 9 2 26 27 45 197 7.61
5 0 6 6 1 1 1 25 34 176 11.8
10 0 6 1 8 8 2 26 28 17 136 10.09
8 0 10 8 6 5 2 29 30 45 195 9.51
9 0 2 7 3 4 1 28 29 184 10.72
1 0 8 9 2 2 1 30 39 189 11.13
5 0 2 4 2 9 2 29 30 55 206 12.3
6 0 8 10 9 3 1 29 55 164 12.45
8 0 5 10 4 10 1 31 38 161 7.32
5 0 1 7 6 8 1 31 61 228 12.55
6 0 4 8 1 10 1 31 60 160 11.11
1 0 0 0 0 0 0 66 178 11.08
1 0 0 0 0 0 3 33 34 35 0 99 7.7
4 0 0 0 0 2 3 40 42 49 1 102 8.53
2 0 0 0 2 0 3 38 48 54 1 106 12.11
6 0 0 0 0 3 3 36 37 38 1 126 11.23
9 0 0 7 0 0 3 39 41 47 7 161 8.3
4 0 0 10 0 0 3 44 46 56 7 137 11.68
6 0 0 0 8 0 3 44 51 61 7 134 8.36
2 0 0 0 4 0 3 50 52 55 16 125 11.32
2 0 0 0 3 0 2 41 47 5 116 8.68
8 0 0 0 0 7 3 43 45 48 16 150 10.71
9 0 9 0 0 0 3 47 48 55 5 128 11.25
7 0 0 0 0 7 3 46 54 55 24 137 10.89
7 0 4 0 0 0 1 49 13 109 8.95
9 1 0 0 0 0 3 51 52 61 24 135 7.7
9 1 0 0 0 0 3 50 51 52 31 207 11.77
10 0 6 0 0 0 2 54 59 16 197 7.22
5 1 0 0 0 0 3 53 58 62 24 149 12.02
5 0 0 0 8 0 3 50 53 57 20 126 8.56
4 0 0 0 0 9 1 58 40 152 12.85
7 0 0 0 0 4 2 53 59 40 213 7.3
4 0 5 0 0 0 1 57 40 207 12.44
9 0 7 0 0 0 1 60 47 178 11.93
6 1 0 0 0 0 1 56 31 153 6.94
2 1 0 0 0 0 2 56 57 31 162 10.99
2 0 3 0 0 0 3 58 61 62 37 152 12.75
5 0 0 0 3 0 1 59 44 209 8.31
2 0 0 0 0 2 1 60 44 191 8.63
3 0 6 0 0 0 2 60 62 49 190 7.88
4 0 0 9 0 0 1 63 56 197 8.89
8 0 0 0 0 10 1 63 39 155 8.5
8 0 0 7 0 0 1 63 52 198 11.47
1 0 0 0 0 0 0 60 165 10.98
1 0 0 0 0 0 3 65 66 67 0 134 9.73
10 0 1 2 5 3 3 68 75 79 1 105 12.91
9 0 3 10 6 10 1 71 1 155 12.71
6 0 2 2 4 7 3 69 76 85 1 154 10.9
1 0 2 8 7 3 3 70 73 86 11 110 10.92
1 0 9 7 5 4 3 72 77 84 7 105 12.47
10 0 3 3 10 5 3 74 76 80 12 152 9.62
7 0 8 5 10 6 3 72 77 79 10 140 12.58
5 0 4 7 1 7 1 87 17 160 12.99
4 0 6 3 9 5 2 82 88 12 133 8.28
9 0 8 2 8 4 2 92 94 22 171 7.35
10 0 9 5 3 1 1 86 11 129 12.73
6 1 0 0 0 0 1 84 22 175 10.45
4 0 9 9 3 8 3 78 83 89 17 138 9.33
7 0 5 10 1 5 3 88 90 91 21 197 10.62
7 0 10 2 9 3 2 89 94 17 147 8.8
8 1 0 0 0 0 3 81 83 91 22 127 9.09
1 1 0 0 0 0 3 84 90 93 30 179 12.96
4 0 1 2 10 10 1 85 16 175 12.3
4 1 0 0 0 0 2 87 93 30 143 11.02
7 0 3 1 8 1 2 88 92 31 127 10.11
2 1 0 0 0 0 1 87 20 179 8.26
1 0 3 5 6 10 1 89 21 141 9.49
9 0 5 10 1 7 1 90 34 170 9.89
10 0 5 10 6 7 1 94 38 189 9.74
9 1 0 0 0 0 1 91 24 194 10.86
10 0 10 9 1 10 1 92 43 193 8.74
7 0 8 6 10 4 1 93 33 153 10.36
2 0 3 6 2 9 1 95 53 189 8.98
1 0 9 9 9 2 1 95 40 190 10.08
3 0 2 7 9 6 1 95 48 144 11.29
1 0 0 0 0 0 0 55 174 8.83
1 0 0 0 0 0 3 97 98 99 0 147 8.7
4 0 0 4 5 2 3 102 103 112 1 153 7.07
1 0 4 1 0 0 3 100 106 107 1 141 12.58
8 0 0 6 1 0 3 101 105 108 1 115 9.78
1 0 4 0 1 0 3 101 103 110 2 158 10.9
6 0 0 5 0 5 3 104 111 117 9 146 10.53
2 0 1 4 5 0 2 113 116 5 160 9.25
4 0 3 0 9 9 3 104 109 121 5 104 7.51
2 0 2 9 9 5 3 115 120 124 15 129 12.63
5 0 0 4 5 5 3 109 116 119 9 172 10.1
3 0 7 0 9 4 3 108 109 110 2 98 10.47
4 0 1 1 7 7 3 108 111 116 2 109 10.74
8 0 4 10 3 6 2 112 117 9 164 10.91
7 0 3 6 7 3 3 118 124 126 14 171 7.89
8 0 2 4 0 5 3 114 118 123 5 118 11.23
6 0 2 0 5 5 3 112 113 120 15 181 10.22
8 0 3 6 1 4 2 114 123 21 152 12.79
2 0 0 6 3 8 2 115 119 21 143 6.89
9 1 0 0 0 0 2 115 121 29 174 11.47
9 0 8 0 4 10 1 125 38 147 10.27
8 1 0 0 0 0 2 122 123 14 112 11.21
7 1 0 0 0 0 2 118 126 17 181 12.79
10 1 0 0 0 0 1 120 24 158 8.63
5 0 4 5 10 0 3 121 124 126 23 139 10.51
9 0 10 0 2 5 1 122 34 153 11.02
9 0 3 0 10 5 1 122 38 202 7.53
7 0 6 3 4 5 1 125 47 139 7.15
7 0 0 6 5 2 1 125 29 185 9.46
3 0 3 4 2 0 1 127 28 174 6.65
9 0 9 6 9 2 1 127 54 195 10.12
9 0 9 2 5 9 1 127 28 178 6.71
1 0 0 0 0 0 0 63 205 9.3
1 0 0 0 0 0 3 129 130 131 0 163 7.23
8 0 10 5 3 0 2 135 139 1 124 8.39
6 0 0 3 0 6 3 133 134 143 1 161 9.97
8 0 0 8 3 6 3 132 136 147 1 120 7.64
6 0 9 5 2 10 3 134 140 142 9 109 7.09
8 0 5 0 0 4 1 149 7 187 8.94
6 0 2 6 0 0 1 137 15 136 7.39
2 0 3 2 2 5 2 155 158 9 164 9.22
8 0 3 9 10 4 2 146 150 9 185 8.61
2 1 0 0 0 0 3 138 141 146 21 121 7.47
4 1 0 0 0 0 2 144 145 23 189 7.34
7 0 4 10 0 9 3 141 147 156 9 169 6.82
4 0 6 2 10 0 3 148 149 156 15 134 12.69
3 1 0 0 0 0 1 154 23 178 8.84
7 0 0 8 9 3 3 146 152 153 15 163 8.59
5 0 4 0 10 1 2 148 149 7 140 13.09
5 0 0 8 9 4 1 151 27 188 8.83
3 1 0 0 0 0 2 150 154 27 131 11.06
10 1 0 0 0 0 2 151 154 23 190 10.6
7 0 2 9 0 0 1 152 16 116 10.83
8 0 2 7 2 8 2 152 153 19 148 8.0
6 1 0 0 0 0 2 153 155 19 149 9.87
2 0 1 2 7 0 1 151 30 199 12.9
3 0 4 3 10 0 2 156 158 33 168 7.22
10 0 4 1 0 0 2 157 158 27 188 11.8
3 1 0 0 0 0 1 157 27 121 12.99
8 0 5 0 7 0 1 155 33 139 7.41
4 0 0 9 10 7 1 157 41 167 10.23
4 0 6 4 4 8 1 159 36 136 11.08
5 0 1 0 0 4 1 159 45 145 11.86
4 0 2 3 8 9 1 159 37 146 8.59
1 0 0 0 0 0 0 50 201 10.18
1 0 0 0 0 0 3 161 162 163 0 143 9.14
10 0 0 9 0 0 2 174 175 1 156 8.97
9 0 2 0 0 0 3 164 166 167 1 153 6.85
3 0 0 6 0 0 1 165 1 128 11.8
5 0 3 0 0 0 3 169 176 188 10 155 11.07
5 0 0 0 4 0 3 168 169 173 4 135 9.2
1 0 0 0 4 0 1 172 10 149 12.6
1 0 0 7 0 0 2 168 171 10 154 7.35
5 0 0 0 10 0 3 170 179 185 11 137 12.25
5 1 0 0 0 0 1 175 15 156 9.04
6 0 0 0 3 0 1 182 16 188 12.23
4 0 6 0 0 0 3 172 174 176 11 109 10.38
10 1 0 0 0 0 2 177 182 15 183 8.59
4 0 0 4 0 0 3 179 181 186 9 186 9.03
10 1 0 0 0 0 3 178 180 184 15 118 10.3
1 0 0 0 5 0 2 184 190 20 193 7.65
5 1 0 0 0 0 3 177 180 189 15 145 12.73
4 0 0 5 0 0 1 179 25 173 6.75
8 0 0 0 0 6 3 183 185 188 25 130 8.58
3 0 0 0 5 0 1 190 29 198 12.72
8 0 0 10 0 0 1 185 25 120 9.69
4 0 0 6 0 0 2 183 187 13 163 9.42
1 0 0 0 4 0 3 183 184 187 25 138 9.52
4 0 0 0 1 0 1 189 33 154 11.26
4 0 0 10 0 0 1 189 26 144 7.12
1 0 0 8 0 0 1 190 33 175 8.42
7 0 0 0 7 0 1 187 13 183 9.03
4 0 0 0 0 6 1 188 26 157 8.16
2 0 0 0 0 10 1 191 33 138 11.87
1 0 0 4 0 0 1 191 37 151 6.62
2 0 0 0 0 5 1 191 34 121 8.86
1 0 0 0 0 0 0 38 146 8.2
1 0 0 0 0 0 3 193 194 195 0 127 8.21
3 0 1 0 0 0 2 196 203 1 136 12.26
8 0 8 0 0 0 2 205 217 1 145 12.93
7 0 0 0 0 3 3 201 202 219 1 175 7.03
9 0 0 0 2 0 3 197 199 211 4 169 11.88
4 0 0 0 7 0 3 198 200 216 13 183 12.19
9 1 0 0 0 0 3 206 207 212 17 126 9.33
6 0 0 0 9 0 3 204 205 214 13 121 7.61
8 1 0 0 0 0 3 204 209 212 17 168 8.2
8 0 10 0 0 0 2 208 210 8 183 6.84
10 0 0 0 1 0 2 204 211 8 116 8.29
10 0 0 0 0 7 1 214 4 165 11.39
5 0 0 0 2 0 1 213 25 116 10.68
1 1 0 0 0 0 3 207 213 216 19 130 12.43
2 0 0 4 0 0 1 220 26 145 9.39
3 0 0 0 9 0 1 222 26 175 7.07
1 1 0 0 0 0 2 218 221 16 182 12.5
3 0 0 7 0 0 1 213 25 166 11.7
8 1 0 0 0 0 3 212 215 216 16 176 10.29
3 0 7 0 0 0 2 215 218 18 168 6.62
9 0 0 9 0 0 2 217 221 26 200 9.84
2 0 0 0 0 9 1 215 30 137 10.81
2 1 0 0 0 0 2 217 219 19 111 6.72
6 0 0 0 0 8 1 222 32 186 9.53
3 0 0 0 3 0 2 218 221 24 130 6.95
1 0 6 0 0 0 1 222 35 137 7.45
10 0 2 0 0 0 1 220 27 156 10.3
9 0 7 0 0 0 1 220 21 130 8.31
1 0 0 0 0 1 1 223 37 164 6.56
2 0 0 8 0 0 1 223 35 149 6.74
1 0 0 0 0 8 1 223 38 130 11.83
1 0 0 0 0 0 0 39 166 10.12
1 0 0 0 0 0 3 225 226 227 0 161 10.74
4 0 0 9 0 0 3 228 235 242 1 170 8.17
5 0 0 0 7 0 2 232 238 1 169 12.98
10 0 2 0 0 0 3 229 230 233 1 152 9.48
8 0 0 0 0 8 3 231 237 240 5 180 11.89
8 0 0 0 0 6 2 236 237 11 182 9.41
5 0 0 0 9 0 3 238 239 247 11 165 6.63
7 1 0 0 0 0 1 236 13 172 8.23
8 0 0 0 0 3 3 237 240 242 6 146 8.56
3 0 0 0 0 1 3 234 238 245 11 124 9.26
9 0 0 2 0 0 1 241 14 183 9.28
3 0 0 0 0 9 1 245 5 100 12.7
6 0 0 0 2 0 1 249 20 187 7.47
6 0 0 5 0 0 3 239 246 252 19 174 10.67
8 1 0 0 0 0 1 243 16 118 11.34
6 0 0 0 8 0 1 253 25 148 10.48
10 0 8 0 0 0 2 250 252 14 173 10.91
2 1 0 0 0 0 1 244 23 168 7.76
6 0 0 1 0 0 2 246 247 14 117 9.27
6 1 0 0 0 0 2 249 251 24 195 7.31
4 0 0 0 0 9 2 248 254 25 125 6.74
1 1 0 0 0 0 2 246 251 14 130 8.38
2 1 0 0 0 0 1 248 25 189 8.16
8 0 0 0 8 0 3 249 250 251 20 129 10.96
5 0 0 8 0 0 1 250 29 144 10.4
3 0 0 0 0 1 2 252 254 30 133 12.03
5 0 0 2 0 0 1 253 34 125 8.95
1 0 0 0 9 0 2 253 254 30 144 11.68
3 0 0 0 0 3 1 255 33 193 12.2
9 0 0 0 0 2 1 255 39 215 8.51
2 0 10 0 0 0 1 255 33 137 7.33
1 0 0 0 0 0 0 48 141 9.67
1 0 0 0 0 0 3 257 258 259 0 171 11.13
4 0 1 0 0 1 3 261 269 278 1 179 11.69
6 0 3 0 9 0 3 260 263 264 1 125 11.55
9 0 4 0 9 0 3 264 266 272 1 174 12.4
1 0 0 3 9 8 3 267 272 279 7 97 11.23
1 0 7 0 9 10 3 262 264 265 5 180 8.69
3 0 3 8 0 10 3 263 267 276 6 155 9.5
10 0 4 1 7 6 2 277 285 9 140 7.73
9 0 6 3 3 3 3 270 277 279 10 177 10.13
7 0 2 0 9 9 2 267 273 6 114 11.92
3 0 4 3 9 3 3 268 270 274 10 128 9.58
4 1 0 0 0 0 2 271 275 13 151 10.68
6 0 5 3 3 10 3 271 278 279 13 177 9.29
3 0 5 0 0 7 3 270 274 281 5 152 10.58
7 1 0 0 0 0 2 275 276 19 179 12.78
4 0 0 7 2 3 1 281 19 135 7.83
2 1 0 0 0 0 2 278 286 10 130 8.0
9 1 0 0 0 0 3 274 275 281 13 146 10.05
1 0 1 0 0 5 3 276 277 283 22 191 7.11
7 1 0 0 0 0 1 280 26 192 8.23
7 0 5 6 2 10 2 282 285 26 153 6.79
2 0 10 0 4 3 1 286 23 127 12.87
1 1 0 0 0 0 2 280 284 19 168 10.78
4 1 0 0 0 0 3 280 282 284 19 136 11.56
5 0 0 3 8 9 1 283 33 206 8.35
7 1 0 0 0 0 3 282 283 284 23 150 9.85
2 0 10 5 3 4 1 286 33 129 10.3
1 0 8 4 2 0 1 285 38 123 12.39
8 0 8 9 7 0 1 287 30 148 10.9
9 0 8 2 1 10 1 287 39 204 8.3
10 0 4 0 8 6 1 287 35 206 7.62
1 0 0 0 0 0 0 48 170 12.14
1 0 0 0 0 0 3 289 290 291 0 142 7.82
8 0 7 9 9 5 2 292 293 1 162 8.46
9 0 3 4 8 1 3 296 309 311 1 168 7.19
7 0 1 3 10 3 3 292 296 300 1 116 12.85
6 0 1 1 10 10 3 294 297 302 9 104 8.96
9 0 10 6 10 1 2 294 296 9 174 12.52
4 0 6 2 1 4 3 295 299 303 18 170 8.55
10 1 0 0 0 0 3 298 301 304 22 123 10.17
5 0 3 9 2 2 3 305 306 312 18 151 8.14
2 0 1 2 7 9 3 310 313 314 15 167 7.96
1 0 6 3 1 5 3 306 308 309 32 132 6.75
8 1 0 0 0 0 2 301 308 22 182 8.96
5 0 7 1 2 10 3 301 303 312 8 187 10.42
1 1 0 0 0 0 3 305 306 311 32 131 9.67
9 0 10 5 2 9 3 303 307 317 15 172 9.35
10 1 0 0 0 0 1 313 24 138 7.44
6 1 0 0 0 0 3 305 307 308 32 125 11.33
5 0 4 1 7 7 1 314 38 135 8.72
1 1 0 0 0 0 2 314 315 33 138 11.15
3 0 1 7 8 6 2 309 312 38 160 11.07
4 0 1 7 8 6 2 310 311 38 127 12.99
4 0 7 7 9 10 2 310 315 41 195 9.18
7 0 9 8 9 3 1 318 45 216 11.95
3 0 5 3 3 1 2 313 317 42 186 11.42
4 0 9 9 8 7 1 316 41 207 10.74
1 0 7 8 6 7 2 315 318 45 147 8.09
6 0 8 4 4 4 3 316 317 318 43 193 7.54
5 0 9 6 2 9 1 316 46 210 11.88
1 0 9 1 3 8 1 319 51 204 12.91
3 0 6 5 3 6 1 319 49 179 8.89
7 0 3 4 1 1 1 319 52 216 10.34
1 0 0 0 0 0 0 59 187 11.78
1 0 0 0 0 0 3 321 322 323 0 133 11.72
6 0 3 0 0 9 3 326 328 338 1 151 9.22
3 0 7 0 0 8 2 328 329 1 132 11.96
6 0 0 0 0 9 3 324 330 332 1 100 10.61
7 0 0 4 0 9 3 325 326 328 7 138 8.7
9 0 0 5 0 9 3 333 336 339 14 135 12.93
10 0 3 0 0 7 3 327 331 335 14 122 11.16
9 0 0 0 5 0 2 336 345 24 188 10.03
2 0 5 0 0 1 3 334 335 336 14 174 9.88
6 0 0 0 0 10 3 330 333 339 4 116 11.44
3 0 6 2 2 0 2 338 346 10 186 9.92
3 1 0 0 0 0 3 334 337 342 24 195 11.68
4 0 5 4 0 0 3 340 342 347 7 124 7.5
9 1 0 0 0 0 3 338 342 343 23 180 11.64
7 1 0 0 0 0 3 340 341 344 27 197 9.19
4 0 0 0 7 0 3 341 343 350 24 120 9.74
1 1 0 0 0 0 3 343 346 348 33 197 7.23
1 1 0 0 0 0 2 339 344 27 127 7.63
6 0 0 10 0 0 2 340 350 32 192 11.24
10 1 0 0 0 0 2 341 350 28 123 9.44
4 1 0 0 0 0 1 345 38 129 10.4
10 0 7 3 10 8 3 345 346 347 38 132 12.42
2 1 0 0 0 0 1 348 32 184 11.34
6 0 0 8 0 3 2 344 347 34 188 8.14
6 0 3 0 3 1 1 349 40 198 8.17
10 0 3 3 2 0 1 348 48 214 9.43
8 0 7 8 3 0 1 349 48 189 10.32
2 0 4 0 0 0 1 349 48 182 10.73
8 0 10 4 0 0 1 351 58 209 7.07
10 0 4 6 10 0 1 351 56 225 9.76
5 1 0 0 0 0 1 351 38 198 7.22
1 0 0 0 0 0 0 66 195 13.0
1 0 0 0 0 0 3 353 354 355 0 149 9.61
9 0 4 0 0 0 3 356 358 372 1 97 9.98
5 0 6 0 2 0 3 359 360 361 1 110 12.79
6 0 5 0 10 1 2 366 372 1 152 9.44
1 0 8 0 0 3 3 357 363 364 10 147 11.29
9 1 0 0 0 0 3 362 367 380 11 106 12.1
9 0 3 0 0 6 3 362 364 371 10 166 8.3
3 0 5 0 2 3 2 365 372 6 121 6.87
10 0 0 9 9 0 1 374 6 143 7.55
5 0 6 5 0 0 1 362 6 177 8.98
5 0 6 7 0 2 1 366 20 151 7.44
1 0 0 8 9 0 2 365 366 11 124 9.47
2 1 0 0 0 0 1 369 19 143 10.6
7 0 0 0 0 7 3 368 376 377 12 178 10.16
1 0 9 7 8 0 3 368 370 381 25 122 12.55
6 1 0 0 0 0 3 370 371 379 20 130 10.1
1 0 2 0 0 7 1 382 26 130 10.11
8 0 10 7 0 0 3 373 374 378 21 127 7.85
2 0 6 2 0 0 1 375 26 195 9.2
1 0 0 10 8 0 1 377 26 149 9.79
5 1 0 0 0 0 1 380 10 157 8.43
9 1 0 0 0 0 2 375 377 29 168 8.27
2 0 10 0 0 0 3 375 379 380 29 194 6.82
6 0 0 0 5 2 1 382 38 169 7.15
9 0 2 0 8 2 1 378 19 146 10.23
2 0 0 2 1 3 2 381 382 38 158 7.38
1 0 0 9 0 0 1 379 29 155 6.73
3 0 0 0 8 0 1 381 31 152 11.17
6 0 0 0 10 0 1 383 31 140 8.39
7 0 1 3 6 8 1 383 40 199 11.32
10 0 0 9 0 4 1 383 44 190 12.26
1 0 0 0 0 0 0 54 173 8.3
1 0 0 0 0 0 3 385 386 387 0 93 10.15
5 0 10 4 6 3 1 397 1 142 9.82
5 0 2 4 4 10 2 406 414 1 95 7.18
1 0 6 4 7 4 3 388 398 402 1 127 7.53
4 0 5 4 9 8 3 389 390 394 2 106 8.82
6 0 7 1 9 10 1 392 6 100 11.62
3 0 5 10 5 9 3 391 393 395 6 154 11.42
4 0 1 3 7 2 1 401 9 171 12.29
4 0 7 5 6 9 1 405 12 141 9.38
3 0 2 4 2 2 2 407 413 9 180 11.62
8 0 7 7 10 8 2 400 410 6 138 12.32
3 0 3 8 5 6 3 396 399 403 9 162 10.0
3 0 1 7 5 4 2 410 411 12 126 7.83
4 0 2 3 5 2 1 398 6 164 8.84
9 0 10 3 3 2 2 405 413 10 121 11.23
8 0 10 10 2 10 2 400 411 12 173 8.84
3 1 0 0 0 0 1 408 20 148 11.74
9 1 0 0 0 0 1 409 13 122 9.86
6 0 9 4 2 4 2 403 412 2 161 8.3
4 0 6 4 1 4 1 404 12 143 8.25
7 1 0 0 0 0 1 410 16 194 9.2
3 0 6 7 7 2 1 409 19 121 8.87
10 0 8 4 4 4 1 408 6 168 9.78
5 0 6 2 9 4 1 412 12 177 11.85
1 0 1 9 4 8 1 412 23 114 10.9
8 0 8 9 5 3 1 414 22 185 8.12
3 0 5 9 8 5 1 414 23 157 11.37
10 0 4 5 6 6 1 413 20 165 11.88
10 0 7 10 10 7 1 415 24 177 7.15
7 0 4 10 5 4 1 415 30 138 9.69
6 0 1 1 7 2 1 415 30 169 12.81
1 0 0 0 0 0 0 37 178 7.92
1 0 0 0 0 0 3 417 418 419 0 114 12.93
9 0 0 0 1 7 3 421 424 429 1 136 9.56
8 0 0 1 0 0 3 422 423 425 1 146 9.35
3 0 10 0 1 0 3 420 435 438 1 165 11.45
9 0 0 0 1 6 2 425 433 4 100 9.96
1 0 4 3 6 0 3 431 432 439 10 104 8.03
5 0 6 0 0 0 1 426 9 114 6.79
5 0 0 0 2 0 2 428 430 9 150 12.67
4 0 0 0 0 4 2 441 445 10 134 7.76
9 0 0 5 10 10 2 427 442 13 131 6.75
10 0 1 0 10 2 3 428 443 444 14 111 9.36
2 0 8 0 0 0 3 430 432 443 22 171 12.32
1 1 0 0 0 0 3 433 438 440 24 115 6.8
1 0 0 9 0 0 2 430 437 10 142 9.11
8 1 0 0 0 0 2 434 436 24 185 8.05
8 1 0 0 0 0 2 433 436 11 184 11.6
7 1 0 0 0 0 1 436 24 188 11.31
9 0 3 9 0 0 1 445 25 124 6.75
4 0 4 8 0 7 1 439 32 164 11.74
1 0 0 0 6 6 3 439 441 443 4 97 9.98
9 0 0 9 6 8 1 446 32 198 10.28
10 0 0 2 4 0 3 440 441 442 11 126 12.08
4 1 0 0 0 0 1 445 25 156 10.68
5 0 0 9 1 0 1 440 36 188 7.47
5 0 0 0 0 8 1 446 41 138 9.91
8 0 0 0 0 6 1 444 21 130 9.76
2 1 0 0 0 0 1 444 22 175 11.85
8 0 9 1 0 0 1 446 24 188 12.25
9 0 4 6 7 0 1 447 29 205 12.96
5 0 6 8 3 0 1 447 34 186 10.5
3 0 5 7 0 10 1 447 46 134 6.65
1 0 0 0 0 0 0 49 167 9.2
74.89 70.06 38.09 41.5 74.3 80.24 229.52 262.77 179.0 139.31 99.15 95.78 129.35 105.39 131.67 150.0 165.0 145.0 130.0 165.0 145.44 116.26 130.0 88.67 79.25 80.38 81.28 80.57 84.17 101.8 122.89 133.83 146.8 132.61 125.2 120.56 118.25 121.75 125.94 135.95 146.66 152.24 141.76 133.9 118.07 94.05 100.5 86.66 86.54 84.95 81.03 79.81 84.95 95.93 119.06 133.72 144.22 133.53 108.03 91.41 85.6 86.04 92.91 115.15 119.94 140.72 150.0 145.35 135.08 123.06 115.19 100.21 97.39 97.02 96.22 97.37 96.94 111.24 141.97 153.11 160.3 151.64 132.75 123.25 113.85 113.3 129.8 153.72 161.45 178.92 174.84 161.29 150.56 134.48 126.66 120.2 120.0 117.35 114.01 114.01 116.58 121.01 154.37 159.87 163.7 154.82 130.1 126.2 120.06 121.19 119.89 151.47 168.59 184.56 184.48 178.99 162.66 152.7 152.38 134.97 139.56 131.39 125.78 119.17 119.22 120.86 127.18 144.74 153.46 142.44 128.4 120.08 110.29 103.4 113.7 129.91 155.04 168.01 167.41 162.98 156.6 145.24 141.73 131.74 133.26 126.91 122.99 120.66 122.34 123.41 128.09 135.9 137.3 137.7 130.04 129.33 122.24 111.88 116.65 128.89 153.14 165.25 172.32 173.95 165.5 155.77 148.44 133.24 129.54 126.63 124.72 120.04 123.24 127.77 159.18 207.88 243.23 178.04 149.95 126.16 117.27 115.52 124.31 147.32 169.51 214.64 200.73 201.1 167.74 153.0 144.21 135.81 132.4 125.54 123.18 123.99 123.25 127.63 155.37 191.13 211.99 163.31 136.53 126.71 117.55 113.18 120.09 138.47 170.43 178.26 175.0 171.02 152.85 131.0 130.77 123.05 115.2 110.86 110.27 109.09 115.43 122.5 147.67 168.12 180.81 159.33 133.5 121.97 117.02 119.5 128.85 144.12 160.36 177.15 189.9 189.63 170.0 155.42 143.7 133.68 133.67 129.8 125.95 125.0 125.01 134.5 154.93 180.09 219.08 178.95 160.22 150.88 145.88 142.97 139.07 150.09 171.17 176.63 169.12 162.12 135.15 123.54 131.27 121.95 126.05 112.7 108.82 105.0 114.14 127.75 178.61 181.71 164.98 150.47 134.44 117.05 113.52 118.79 122.32 151.3 133.7 132.92 136.89 132.27 111.54 87.65 98.8 100.0 83.39 86.49 86.39 88.13 89.69 90.99 88.95 93.24 112.24 97.54 94.55 86.74 85.4 87.56 92.77 118.0 136.88 144.46 160.47 160.33 155.17 149.0 143.56 135.53 135.0 127.75 124.07 119.3 116.81 117.0 117.0 133.43 136.77 120.94 113.7 109.1 87.08 98.01 109.9 120.4 138.0 142.93 155.76 150.6 144.55 142.16 143.0 128.54 119.56 114.07 111.4 107.72 107.31 115.58 153.71 173.8 181.36 163.18 141.45 121.23 125.33 124.09 136.91 152.78 140.3 126.84 125.09 140.0 120.0 109.21 131.31 88.52 78.92 86.98 135.0 105.01 88.55 99.0 145.0 194.13 169.7 143.69 116.05 104.85 107.55 117.2 130.96 135.7 145.75 143.93 145.0 156.88 156.01 137.8 141.47 128.2 129.26 127.91 126.82 126.59 128.74 128.87 141.3 173.11 180.0 174.92 168.75 168.43 157.95 159.23 141.48 150.0 160.1 162.69 181.66 183.99 152.14 144.99 139.78 133.0 132.38 140.12 150.74 144.49 146.91 133.16 135.3 270.7 251.77 222.64 205.6 185.9 176.9 184.44 190.0 211.71 200.21 207.33 205.5 196.52 176.36 162.92 153.12 139.32 139.65 137.01 131.66 131.43 130.78 140.09 163.63 224.86 261.75 214.52 180.61 163.74 150.06 149.42 157.07 172.21 196.88 292.25 288.53 224.61 183.55 163.6 153.0 140.03 135.66 130.69 120.25 118.7 118.97 120.87 134.52 149.23 150.53 137.05 124.59 118.36 112.39 110.01 116.42 129.59 145.64 164.02 175.23 161.46 141.16 116.37 130.3 120.32 134.11 128.9 123.57 119.9 119.57 119.84 118.05 124.47 123.77 125.75 131.48 128.92 127.85 121.36 123.67 127.33 139.52 170.0 172.12 168.8 155.51 134.93 132.06 131.51 125.9 121.06 120.34 125.94 129.5 126.7 157.39 208.25 209.79 171.3 139.67 116.94 113.24 106.55 118.11 135.02 173.29 225.32 271.52 216.5 179.08 151.4 131.21 122.95 134.75 126.4 127.5 114.54 110.45 108.19 135.32 186.2 193.8 141.92 117.27 98.81 79.06 84.62 98.35 104.87 190.7 189.76 176.77 165.0 142.03 141.9 119.58 103.61 94.31 93.84 96.91 95.24 102.66 141.4 155.0 180.26 166.37 128.76 109.88 92.9 90.14 91.8 92.23 107.41 147.49 161.25 159.24 160.76 141.4 109.61 103.4 91.8 114.41 118.13 130.0 113.87 113.59 130.0 148.54 140.0 129.45 114.24 104.15 94.18 97.41 93.06 100.4 97.28 114.1 139.8 156.19 150.71 147.34 121.67 118.79 90.0 73.45 70.72 73.03 72.42 81.11 120.0 125.17 165.34 150.72 131.26 104.33 87.37 79.1 77.95 91.97 87.88 165.72 148.62 154.5 152.0 163.87 82.7 82.9 97.94 71.48 71.73 71.92 71.65 72.29 80.0 113.21 123.18 115.0 70.93 58.53 57.76 54.57 56.75 68.09 73.31 82.0 115.0 99.24 95.0 105.0 100.0 75.3 71.54 77.95 67.63 72.42 69.74 72.51 72.53 92.28 102.91 112.52 100.63 85.49 88.98 72.5 72.48 85.6 106.6 127.71 145.54 152.08 135.33 136.61 117.64 130.0 103.81 78.91 105.0 73.83 73.2 73.2 77.5 104.0 181.78 196.24 124.4 182.35 110.0 105.0 82.1 73.13 77.53 83.93 120.0 120.0 119.4 100.33 87.23 94.06 95.42 74.35 89.16 81.26 82.35 86.45 90.09 123.16 146.91 170.88 154.68 141.5 127.78 125.97 127.61 136.49 150.81 158.69 189.96 216.32 174.62 149.42 137.98 127.44 109.8 123.78 121.07 117.85 117.07 117.62 115.58 144.3 175.0 177.8 159.79 143.14 130.76 120.54 120.65 126.59 130.93 141.79 156.15 162.62 155.0 136.33 107.16 117.43 109.34 97.31 103.81 101.94 100.5 100.94 105.09 126.64 155.0 156.28 140.42 129.19 103.97 103.06 115.06 117.36 133.27 155.0 168.49 171.94 161.29 148.41 136.82 123.12 114.89 114.33 110.54 109.38 107.0 112.32 111.63 132.78 148.2 161.92 146.35 128.5 116.72 109.73 109.04 111.82 125.87 131.65 147.66 151.31 149.37 135.47 128.58 125.88 118.52 128.39 120.52 117.16 112.5 110.0 114.77 120.42 136.23 139.21 138.43 126.03 113.04 102.8 98.25 101.07 111.95 122.91 137.13 148.67 142.21 133.83 127.36 123.65 119.92 123.5 105.19 98.19 90.69 90.74 89.89 88.78 97.19 101.45 89.0 68.3 49.0 27.5 9.16 20.7 57.89 74.34 122.38 140.0 142.71 128.21 114.09 119.82 114.45 119.13 111.96 110.07 105.47 108.85 121.02 139.61 163.0 147.64 107.97 85.5 62.58 21.68 50.54 72.41 86.29 104.29 144.34 170.0 173.67 147.64 119.96 118.77 117.53 130.55 114.53 108.49 109.3 95.71 100.37 133.31 167.75 141.95 115.85 97.28 24.87 36.75 29.72 70.91 79.13 101.38 142.36 169.41 156.59
