448 5
1 32 30 31 34
1 0 0 0 0 0 3 1 2 3 0 150 11.61
9 0 3 0 1 0 3 4 7 15 1 122 12.0
8 0 8 7 0 0 3 5 11 13 1 149 14.89
1 0 2 2 5 2 3 8 9 24 1 127 9.7
6 0 5 0 0 10 1 6 10 136 9.83
6 1 0 0 0 0 2 18 26 9 153 14.81
5 1 0 0 0 0 3 10 16 25 16 162 7.67
6 0 3 6 1 0 1 29 10 161 9.51
8 0 1 0 0 9 1 12 2 140 10.75
1 0 4 5 2 1 3 13 17 19 2 109 8.17
6 0 9 7 0 1 1 22 21 130 10.62
8 0 2 10 5 4 1 20 9 104 12.89
2 1 0 0 0 0 2 18 30 10 91 10.62
5 0 0 10 8 8 2 14 23 9 149 14.78
5 0 6 8 7 7 1 26 14 110 12.21
5 0 0 4 7 0 1 17 10 128 10.14
7 0 5 9 5 4 2 21 27 21 117 10.15
9 1 0 0 0 0 1 26 15 162 10.72
5 0 3 0 6 2 1 29 15 146 8.69
6 0 3 4 0 5 1 28 3 143 14.52
1 1 0 0 0 0 1 21 17 112 8.76
8 0 0 9 6 7 1 28 28 177 14.03
2 0 10 0 0 7 1 30 27 144 13.18
6 0 3 2 4 9 2 25 27 14 101 8.81
9 0 3 10 0 2 1 27 2 162 11.23
10 0 4 7 0 10 1 28 21 177 10.82
2 0 9 0 7 2 1 29 24 151 14.21
4 0 4 10 7 5 1 30 28 119 15.04
6 0 9 5 9 6 1 31 36 188 8.23
3 0 0 0 1 8 1 31 26 171 13.96
4 0 0 10 0 8 1 31 32 176 9.41
1 0 0 0 0 0 0 42 151 12.09
1 0 0 0 0 0 3 33 34 35 0 151 8.02
3 0 0 0 1 0 3 37 39 56 1 90 12.07
8 0 8 0 0 0 1 62 1 147 10.45
6 0 0 0 0 9 3 36 40 44 1 98 9.63
5 0 0 6 0 0 3 37 38 54 7 94 10.7
4 0 0 0 0 9 3 47 48 53 12 106 12.5
1 0 3 0 0 0 3 42 47 59 12 150 13.82
6 0 0 0 0 7 3 40 46 52 4 123 7.8
10 0 0 5 0 0 2 41 55 10 150 9.54
2 1 0 0 0 0 3 48 50 53 20 141 12.73
5 0 0 0 5 0 1 43 13 173 9.83
3 1 0 0 0 0 2 50 58 18 139 13.91
8 0 4 0 0 0 3 45 51 57 7 165 12.38
7 0 0 4 0 0 2 48 60 15 111 8.6
1 0 5 0 0 0 1 60 10 122 12.24
3 1 0 0 0 0 2 49 57 16 103 8.97
2 0 3 0 0 0 3 49 58 62 22 135 14.66
8 0 0 3 0 0 1 61 24 157 8.23
4 1 0 0 0 0 1 61 22 136 11.49
8 1 0 0 0 0 1 52 15 148 7.74
2 1 0 0 0 0 2 53 55 23 132 15.12
3 0 0 7 0 0 1 62 25 151 15.26
10 0 0 0 0 1 2 55 56 12 109 11.95
7 0 0 0 1 0 1 59 25 127 10.93
8 0 0 0 0 7 2 57 59 22 180 14.39
2 0 0 0 0 4 1 58 30 164 9.04
10 0 0 3 0 0 1 61 32 167 13.6
5 0 0 0 9 0 1 60 32 156 7.7
1 0 9 0 0 0 1 63 37 129 10.18
1 0 0 0 3 0 1 63 42 185 15.08
9 0 0 0 2 0 1 63 28 119 9.24
1 0 0 0 0 0 0 43 192 15.2
1 0 0 0 0 0 3 65 66 67 0 87 9.4
4 0 5 10 0 0 3 69 75 83 1 137 8.54
10 0 8 0 0 0 2 68 79 1 98 11.05
1 0 0 9 3 6 3 68 71 75 1 153 10.85
10 0 9 0 5 0 3 70 74 81 11 130 10.48
8 0 6 0 4 7 2 70 79 5 116 13.46
2 0 8 0 0 10 3 73 86 89 21 148 9.69
2 0 3 10 0 5 3 72 76 92 2 98 13.88
3 0 0 0 0 8 1 78 4 154 12.39
4 1 0 0 0 0 3 80 85 87 23 121 14.78
4 0 0 7 0 0 3 76 77 87 21 144 10.41
1 1 0 0 0 0 3 76 84 87 5 88 8.37
3 1 0 0 0 0 3 80 88 89 25 180 12.17
10 0 0 0 4 2 3 80 82 92 25 149 10.87
7 0 0 0 0 4 3 79 81 82 7 96 10.1
9 0 1 0 9 0 2 89 91 14 106 10.72
6 0 0 9 5 0 2 91 94 35 191 10.45
8 0 0 0 5 0 3 83 84 94 21 173 10.54
6 1 0 0 0 0 3 83 84 90 35 173 14.32
8 0 0 4 0 5 2 85 86 41 158 10.34
2 0 8 2 0 3 2 85 86 41 157 9.09
7 0 0 0 0 7 2 88 91 49 181 12.73
5 0 9 1 0 5 1 88 49 174 9.18
3 1 0 0 0 0 2 90 92 27 168 14.05
7 0 3 1 0 7 1 93 56 149 12.11
9 1 0 0 0 0 2 90 93 28 154 13.15
7 0 0 4 6 8 1 94 41 159 14.39
4 0 0 6 1 0 1 93 56 148 8.8
8 1 0 0 0 0 1 95 35 166 10.48
1 0 8 0 0 10 1 95 63 209 9.07
10 0 8 0 8 4 1 95 48 175 12.48
1 0 0 0 0 0 0 64 195 13.59
1 0 0 0 0 0 3 97 98 99 0 104 9.44
8 0 0 5 0 0 3 103 106 120 1 152 13.84
5 0 0 2 0 0 3 100 104 122 1 161 11.19
8 0 0 3 0 0 3 101 105 107 1 123 12.42
9 0 0 0 2 0 3 102 110 117 6 115 8.96
1 0 0 0 1 0 2 112 118 9 93 9.91
6 0 0 0 0 1 3 108 113 124 15 144 12.71
10 0 10 0 0 0 1 121 9 148 14.46
10 0 0 0 0 7 3 110 115 125 6 168 10.55
7 0 0 3 0 0 3 113 115 116 9 96 9.48
10 0 8 0 0 0 2 107 108 9 131 8.39
2 1 0 0 0 0 2 109 114 19 138 12.59
10 1 0 0 0 0 2 111 114 21 116 14.87
3 1 0 0 0 0 1 119 21 142 13.28
8 0 0 0 4 0 2 113 124 16 156 7.92
1 1 0 0 0 0 3 112 118 121 31 109 13.09
5 0 0 0 9 0 2 115 125 32 124 9.33
7 0 0 0 3 0 1 114 24 179 10.74
1 0 0 0 7 0 1 118 31 123 9.09
3 0 0 0 0 4 1 126 37 139 12.08
5 0 0 8 0 0 1 124 16 124 14.81
6 0 10 0 0 0 2 119 120 15 142 15.02
10 0 2 0 0 0 2 119 123 32 186 13.61
2 0 5 0 0 0 1 126 42 119 9.86
8 1 0 0 0 0 1 121 21 169 10.33
5 0 0 0 0 4 2 123 125 32 120 11.01
1 0 2 0 0 0 1 123 6 155 15.02
2 0 0 9 0 0 1 126 42 142 12.27
4 1 0 0 0 0 1 127 24 126 11.92
7 0 0 0 5 0 1 127 37 193 14.05
8 0 0 0 0 1 1 127 44 167 13.32
1 0 0 0 0 0 0 52 150 13.36
1 0 0 0 0 0 3 129 130 131 0 142 11.99
8 0 7 9 9 5 2 132 133 1 118 14.21
9 0 3 4 8 1 3 136 149 151 1 127 7.98
7 0 1 3 10 3 3 132 136 140 1 135 8.4
6 0 1 1 10 10 3 134 137 142 9 122 12.09
9 0 10 6 10 1 2 134 136 9 113 13.61
4 0 6 2 1 4 3 135 139 143 18 157 8.94
10 0 6 1 3 5 3 138 141 144 22 156 13.33
5 1 0 0 0 0 3 145 146 152 18 138 14.86
2 0 1 2 7 9 3 150 153 154 15 134 10.63
1 1 0 0 0 0 3 146 148 149 32 143 11.45
8 0 4 2 1 8 2 141 148 22 107 12.68
5 0 7 1 2 10 3 141 143 152 8 113 12.31
1 1 0 0 0 0 3 145 146 151 32 142 9.04
9 0 10 5 2 9 3 143 147 157 15 118 9.23
10 1 0 0 0 0 1 153 24 117 13.88
6 1 0 0 0 0 3 145 147 148 32 144 12.48
5 0 4 1 7 7 1 154 38 159 8.44
1 1 0 0 0 0 2 154 155 33 115 12.88
3 0 1 7 8 6 2 149 152 38 125 8.93
4 0 1 7 8 6 2 150 151 38 174 14.19
4 0 7 7 9 10 2 150 155 41 150 7.84
7 0 9 8 9 3 1 158 45 194 14.6
3 0 5 3 3 1 2 153 157 42 188 13.9
4 0 9 9 8 7 1 156 41 148 10.12
1 0 7 8 6 7 2 155 158 45 194 15.02
6 0 8 4 4 4 3 156 157 158 43 154 11.19
5 0 9 6 2 9 1 156 46 170 8.59
1 0 9 1 3 8 1 159 51 132 13.25
3 0 6 5 3 6 1 159 49 144 9.72
7 0 3 4 1 1 1 159 52 190 10.86
1 0 0 0 0 0 0 59 168 11.99
1 0 0 0 0 0 3 161 162 163 0 114 12.66
6 0 0 0 2 0 3 167 170 179 1 130 8.02
1 0 2 7 0 7 3 165 166 173 1 141 13.57
5 0 0 7 0 0 3 164 168 180 1 87 11.69
6 0 9 0 3 10 3 169 174 187 6 108 11.18
10 0 6 0 0 0 3 170 171 172 2 164 13.1
10 0 8 0 0 5 2 167 178 2 116 9.45
4 0 0 1 0 4 3 169 175 176 12 158 8.87
9 0 9 2 0 0 3 169 173 181 6 94 13.35
2 0 0 0 0 9 3 172 177 190 16 128 9.19
4 0 10 5 0 2 3 177 180 184 12 118 11.64
6 0 1 10 0 0 3 179 182 184 12 95 7.88
7 1 0 0 0 0 1 183 18 160 11.61
9 0 10 4 0 0 3 178 184 185 15 152 9.23
9 0 10 0 8 3 3 175 176 178 12 118 10.84
6 0 0 7 1 7 2 181 186 21 122 10.78
5 1 0 0 0 0 2 177 182 21 138 8.79
2 0 0 0 0 2 1 185 26 125 9.36
8 0 7 2 0 0 3 182 183 190 24 139 13.17
9 1 0 0 0 0 3 180 183 187 18 132 9.61
6 0 5 1 5 0 2 181 185 27 139 9.94
5 0 0 0 0 9 1 189 33 133 11.34
4 0 8 0 0 0 1 188 32 173 15.16
10 0 0 5 9 4 1 188 32 164 9.96
2 1 0 0 0 0 3 186 187 189 24 136 11.86
3 0 0 9 7 5 2 186 189 33 120 10.01
3 0 0 1 10 0 1 188 36 153 13.75
6 0 0 0 10 0 1 190 27 151 9.37
5 0 0 0 5 10 1 191 42 171 14.2
4 0 2 0 10 0 1 191 38 173 10.99
7 0 7 0 2 0 1 191 33 122 13.65
1 0 0 0 0 0 0 47 178 12.78
1 0 0 0 0 0 3 193 194 195 0 81 11.18
5 0 0 3 0 0 3 196 200 214 1 119 13.6
1 0 4 0 0 0 3 197 198 199 1 132 10.61
8 0 2 0 8 0 3 201 206 215 1 163 13.75
4 0 10 0 0 10 3 201 204 215 6 127 11.1
4 0 0 8 7 0 3 203 209 222 2 146 14.69
1 0 9 2 0 2 3 205 210 214 2 148 13.91
7 0 0 1 5 0 1 212 2 124 14.9
10 0 0 5 3 0 3 201 202 204 6 169 11.14
5 0 0 1 2 0 1 217 16 123 14.48
6 0 2 0 5 0 2 206 210 16 118 13.57
9 0 9 0 0 0 2 206 208 6 102 14.29
7 0 4 1 0 5 3 207 208 211 16 126 7.93
4 0 7 4 4 0 1 220 3 85 8.64
6 1 0 0 0 0 1 216 22 117 10.29
6 1 0 0 0 0 2 217 221 23 120 11.76
2 1 0 0 0 0 2 218 219 23 143 14.04
9 0 2 10 0 4 1 216 6 114 11.32
9 1 0 0 0 0 1 213 22 163 7.98
5 0 0 0 0 10 2 216 221 23 113 10.85
8 0 4 0 0 10 1 213 9 104 9.05
2 1 0 0 0 0 2 215 217 31 158 14.24
8 0 0 0 3 8 2 219 221 6 151 8.35
5 0 0 3 0 1 2 218 222 33 151 9.06
5 1 0 0 0 0 1 219 28 135 8.13
3 0 2 0 0 1 2 218 222 33 130 14.51
8 0 0 0 9 6 1 220 38 162 9.6
1 1 0 0 0 0 1 220 33 117 11.96
8 0 0 6 0 0 1 223 46 186 8.54
7 0 4 10 0 0 1 223 29 169 13.84
1 0 0 9 8 10 1 223 38 160 8.3
1 0 0 0 0 0 0 54 175 15.06
1 0 0 0 0 0 3 225 226 227 0 85 14.58
9 0 1 0 2 0 2 231 250 1 119 7.73
7 0 4 0 0 5 3 228 229 230 1 128 10.8
1 0 1 3 0 0 3 232 235 242 1 89 9.03
8 0 5 2 0 8 3 231 232 246 8 94 11.52
10 0 3 0 0 0 2 234 243 8 101 14.92
8 0 4 0 3 7 2 243 248 8 151 11.45
3 0 0 3 8 0 3 233 237 244 16 162 9.57
7 0 0 1 0 10 2 233 244 16 164 8.84
4 0 8 0 5 0 3 236 238 251 23 113 11.9
1 0 0 7 0 6 3 235 238 240 18 151 10.16
6 0 0 0 2 4 1 247 19 176 9.68
7 1 0 0 0 0 2 239 241 27 126 8.03
3 1 0 0 0 0 3 239 252 253 19 172 13.96
1 1 0 0 0 0 1 239 27 165 9.87
2 0 0 7 4 6 1 254 34 162 13.19
1 1 0 0 0 0 1 245 19 98 10.17
6 0 0 7 4 6 1 253 34 133 7.71
6 0 0 0 0 2 3 243 248 249 2 103 9.99
4 0 0 10 0 0 2 251 252 18 162 12.37
10 1 0 0 0 0 1 253 23 121 11.67
2 0 0 9 10 3 2 246 247 20 127 13.84
9 1 0 0 0 0 1 254 22 135 8.78
3 1 0 0 0 0 3 248 249 252 25 142 14.5
2 1 0 0 0 0 1 250 28 114 11.45
3 1 0 0 0 0 1 250 28 176 14.05
10 0 0 0 0 2 1 251 31 163 11.69
3 0 0 5 10 0 1 254 41 179 8.22
5 1 0 0 0 0 1 255 28 162 13.16
8 0 0 8 0 0 1 255 40 132 11.08
10 0 0 9 0 1 1 255 44 176 7.79
1 0 0 0 0 0 0 54 186 9.69
1 0 0 0 0 0 3 257 258 259 0 130 14.34
2 0 9 8 3 9 3 260 266 270 1 158 13.92
3 0 1 3 3 10 3 261 264 270 1 161 11.82
3 0 10 6 7 9 3 260 263 269 1 85 12.66
5 1 0 0 0 0 3 272 274 276 4 143 12.13
6 0 4 1 7 1 3 262 266 274 4 126 13.8
2 0 2 7 4 7 3 265 268 273 10 134 8.31
8 0 4 10 8 8 3 264 267 272 4 140 12.48
1 0 6 7 10 9 3 268 274 278 12 160 10.92
10 0 6 6 5 8 3 269 277 282 12 154 8.12
1 0 9 4 4 4 3 267 269 272 10 89 12.12
8 0 3 8 5 5 3 268 271 273 12 172 11.23
8 0 2 6 9 6 2 276 280 20 115 10.92
9 0 7 3 3 7 1 286 22 177 7.65
9 0 9 4 8 10 2 277 278 4 151 14.57
8 0 9 9 10 5 3 275 278 279 20 176 10.84
9 0 5 2 9 3 2 279 286 12 103 14.64
5 1 0 0 0 0 3 275 284 285 20 178 14.81
4 1 0 0 0 0 2 279 281 13 157 13.12
7 0 5 4 10 2 1 276 28 157 13.34
5 0 1 6 4 5 2 277 282 35 157 12.64
6 0 1 1 7 9 1 281 40 174 8.38
7 0 1 1 5 10 2 280 282 28 181 10.66
1 0 7 2 5 3 2 284 285 28 124 13.04
2 0 9 2 9 1 3 281 284 285 35 127 10.87
1 0 4 6 2 9 1 283 46 163 10.15
8 0 5 5 1 3 1 283 40 191 11.75
3 0 4 4 4 3 1 286 48 164 8.4
8 0 5 1 3 8 1 287 37 160 9.0
3 0 6 2 5 2 1 287 37 187 9.14
8 0 1 10 3 3 1 287 51 148 15.23
1 0 0 0 0 0 0 59 202 13.07
1 0 0 0 0 0 3 289 290 291 0 104 11.59
10 0 2 0 6 9 3 297 299 303 1 164 15.01
4 0 6 0 8 0 3 293 305 311 1 85 15.2
6 0 0 1 0 10 3 292 294 315 1 120 8.69
8 0 6 0 0 0 2 298 302 7 163 10.79
7 0 0 0 3 0 1 295 5 155 9.31
10 0 9 0 5 0 2 296 306 7 136 12.94
8 0 3 6 0 2 1 309 12 123 13.05
3 0 2 0 3 0 1 310 17 130 12.44
7 0 0 10 3 6 3 300 301 316 11 172 7.74
5 0 4 0 0 0 2 307 317 15 157 8.05
5 1 0 0 0 0 1 301 11 109 13.17
9 0 1 0 7 6 3 304 307 313 18 139 14.47
1 0 7 9 0 0 1 308 18 161 15.18
9 0 1 0 4 8 1 314 15 142 12.88
5 0 0 0 1 3 1 317 11 102 10.47
4 1 0 0 0 0 1 308 27 120 8.81
8 0 1 0 0 0 2 309 312 5 150 11.99
8 0 0 3 0 8 1 316 17 111 11.55
6 1 0 0 0 0 1 310 27 110 14.75
4 0 0 1 0 0 1 312 31 132 11.76
3 1 0 0 0 0 1 314 20 133 12.35
4 0 0 6 0 0 1 311 33 156 9.46
4 0 3 0 0 5 1 318 37 134 7.68
2 0 0 0 8 0 2 315 317 35 174 9.47
5 1 0 0 0 0 1 314 27 112 11.55
7 1 0 0 0 0 1 318 32 147 13.76
9 0 0 1 5 10 1 318 37 124 11.93
1 0 0 0 10 2 1 319 25 129 14.96
5 0 0 5 9 6 1 319 37 134 13.63
9 0 4 0 8 0 1 319 46 199 10.84
1 0 0 0 0 0 0 55 139 12.06
1 0 0 0 0 0 3 321 322 323 0 92 15.27
5 0 0 0 5 0 3 326 339 346 1 135 13.65
6 0 0 10 0 0 2 324 329 1 151 12.75
2 0 0 0 0 2 3 325 327 328 1 142 10.15
8 0 0 0 0 5 1 331 7 118 14.47
2 0 8 0 0 0 2 347 348 3 130 7.9
4 0 0 0 4 0 3 334 335 344 6 154 11.55
9 0 1 0 0 0 2 330 343 3 151 10.8
1 0 0 0 0 10 1 345 3 95 7.83
1 0 0 6 0 0 3 332 333 336 7 147 12.26
6 1 0 0 0 0 1 346 12 118 8.51
7 0 0 0 0 9 1 335 15 166 12.2
3 0 0 0 0 9 1 350 8 123 10.07
8 0 0 0 9 0 2 337 338 8 163 12.96
7 0 7 0 0 0 1 341 10 169 11.99
5 0 0 5 0 0 1 349 22 146 11.53
9 0 0 0 0 1 2 345 346 8 113 9.7
3 0 0 0 0 7 1 344 16 107 8.05
4 1 0 0 0 0 1 340 16 127 8.25
2 0 0 2 0 0 1 343 6 100 14.94
4 1 0 0 0 0 2 341 342 20 142 13.85
10 0 0 0 3 0 1 349 24 119 10.09
5 0 0 0 0 7 1 344 24 157 14.03
4 0 0 0 0 3 1 345 12 97 14.29
2 0 0 3 0 0 1 350 29 161 13.64
8 1 0 0 0 0 1 349 17 176 7.72
5 0 6 0 0 0 2 347 348 18 135 14.8
8 0 0 0 0 9 1 350 23 134 14.12
9 0 0 6 0 0 1 351 23 144 12.43
1 0 0 6 0 0 1 351 34 140 12.38
1 0 0 0 0 3 1 351 31 142 12.85
1 0 0 0 0 0 0 35 143 14.2
1 0 0 0 0 0 3 353 354 355 0 105 13.36
3 0 7 7 0 0 3 357 363 378 1 96 11.82
5 0 4 7 5 9 2 371 378 1 115 11.07
2 0 6 8 6 0 3 356 367 377 1 93 8.8
8 0 8 0 0 1 3 359 365 372 3 111 12.78
5 0 0 10 0 5 1 358 4 102 12.64
7 0 6 0 0 10 3 360 361 364 9 167 12.02
5 0 0 8 0 3 3 366 379 382 11 123 13.12
9 0 5 0 5 4 2 362 371 16 130 9.75
5 0 4 0 2 1 3 365 374 375 16 112 13.46
8 1 0 0 0 0 3 367 368 374 25 127 14.58
3 0 4 2 3 8 1 377 4 129 9.96
7 0 8 10 5 0 3 367 368 376 16 125 14.65
1 0 3 2 3 4 2 366 376 21 113 13.77
9 0 0 9 4 0 2 369 371 22 109 14.51
10 0 1 0 6 2 3 373 381 382 33 190 13.23
10 0 0 4 4 8 2 375 377 33 127 14.49
3 1 0 0 0 0 1 370 31 139 12.87
7 0 0 8 6 6 1 373 34 148 13.24
3 0 9 9 6 0 1 380 31 170 8.52
3 1 0 0 0 0 3 374 375 380 11 115 9.5
1 0 4 6 0 9 1 380 43 180 13.65
9 0 10 9 5 4 1 376 33 183 14.95
10 0 0 6 6 1 1 379 43 138 10.48
4 0 7 4 0 0 1 379 42 140 9.09
2 0 6 5 7 5 1 381 43 172 13.35
7 0 0 9 1 4 1 382 6 118 8.14
4 0 3 0 0 0 1 381 53 151 12.98
3 0 4 9 3 1 1 383 44 177 14.63
2 0 8 5 3 5 1 383 57 196 14.76
3 0 1 9 10 9 1 383 43 150 10.77
1 0 0 0 0 0 0 59 203 14.13
1 0 0 0 0 0 3 385 386 387 0 156 11.96
2 0 0 0 0 8 3 388 391 394 1 160 9.69
10 0 0 3 0 0 3 389 396 403 1 159 8.93
10 0 0 0 6 0 3 388 401 405 1 152 13.27
6 0 0 2 0 0 3 393 395 396 11 131 10.27
10 0 0 0 0 9 3 390 392 404 11 107 10.1
6 1 0 0 0 0 3 397 400 408 21 142 10.46
1 0 0 0 8 0 3 401 402 408 3 116 12.34
5 1 0 0 0 0 3 394 397 398 21 125 13.55
2 0 0 0 0 10 3 399 403 407 17 171 10.89
7 0 2 0 0 0 3 402 406 411 26 179 10.28
5 0 0 0 4 0 3 399 400 403 17 149 14.84
7 0 0 0 5 0 3 397 399 400 17 149 7.81
6 1 0 0 0 0 1 411 27 162 10.7
8 0 0 0 0 10 3 405 407 408 26 154 13.15
5 1 0 0 0 0 1 413 24 175 9.64
10 1 0 0 0 0 3 402 406 409 27 178 14.86
8 0 0 0 8 0 3 404 407 409 11 126 9.7
6 0 0 3 0 0 2 412 413 37 118 15.05
5 0 10 0 0 0 2 404 406 22 170 11.39
9 1 0 0 0 0 1 414 27 169 12.02
9 0 7 0 0 0 3 410 412 413 34 165 9.07
2 1 0 0 0 0 1 414 37 170 11.7
4 1 0 0 0 0 2 410 412 34 175 8.12
3 1 0 0 0 0 1 409 34 172 14.65
5 0 0 0 0 3 1 410 37 119 8.34
4 0 0 0 0 8 1 411 43 168 11.32
10 0 0 0 1 0 1 414 47 188 14.43
3 0 0 0 5 0 1 415 43 126 7.71
5 0 0 0 0 4 1 415 43 153 9.95
3 0 3 0 0 0 1 415 57 188 12.66
1 0 0 0 0 0 0 60 168 14.48
1 0 0 0 0 0 3 417 418 419 0 112 13.5
6 0 6 5 7 6 1 436 1 95 8.46
3 0 8 5 7 3 2 420 421 1 102 12.42
7 0 4 9 2 2 1 423 1 94 15.09
8 0 5 9 7 6 3 422 425 428 4 122 14.88
7 0 3 10 1 9 2 430 439 4 107 12.63
5 0 2 7 2 8 3 427 438 439 12 148 7.71
1 0 5 10 3 10 1 424 8 134 14.99
10 0 9 7 4 9 2 426 437 9 109 12.42
9 0 10 8 8 5 1 435 12 124 11.51
6 1 0 0 0 0 2 432 442 19 133 8.76
9 1 0 0 0 0 2 429 431 17 174 9.03
4 0 10 2 6 2 2 438 446 12 170 12.42
5 0 7 7 5 9 2 441 443 26 138 14.58
10 1 0 0 0 0 1 434 11 143 8.38
1 1 0 0 0 0 1 433 26 141 14.06
8 0 9 10 4 3 2 441 446 25 141 14.02
1 0 9 9 6 6 1 442 27 117 11.46
7 1 0 0 0 0 2 442 445 21 115 10.47
2 0 2 10 4 7 1 443 21 102 10.68
2 0 10 6 5 1 2 440 444 7 153 10.34
10 0 7 5 1 8 1 439 19 131 13.77
3 0 3 8 6 4 2 441 444 17 139 11.35
6 0 1 6 2 4 1 444 29 161 11.68
8 0 2 4 7 1 1 443 9 128 12.74
9 0 2 4 4 1 1 445 33 124 12.0
1 0 6 4 5 10 1 446 28 165 13.89
2 0 4 2 1 2 1 445 31 154 8.49
9 0 5 8 7 1 1 447 35 132 8.24
3 0 4 1 9 4 1 447 42 160 8.47
9 0 2 9 7 10 1 447 33 182 7.96
1 0 0 0 0 0 0 45 151 10.96
145.0 143.73 145.19 141.8 140.1 148.93 175.75 200.65 213.39 200.92 185.1 179.26 168.16 158.99 162.77 169.42 181.8 198.94 213.5 205.38 186.21 166.52 159.7 154.0 146.39 143.13 140.96 140.21 141.62 149.15 170.54 198.04 214.16 191.85 173.16 151.91 151.24 148.36 158.0 171.98 189.98 222.26 245.6 229.0 199.07 188.18 173.45 163.2 160.14 155.24 150.01 148.02 145.97 151.51 175.71 196.64 216.85 178.92 141.24 137.26 136.57 136.67 143.01 150.74 163.27 183.99 192.45 170.43 157.15 146.27 133.88 127.17 117.02 123.95 120.74 120.15 125.13 137.96 161.87 184.3 159.44 144.69 128.32 112.26 109.82 109.88 118.86 154.83 168.45 170.0 170.0 150.65 161.22 133.29 120.44 116.12 125.6 124.9 115.96 118.01 120.79 129.64 155.74 185.52 197.02 157.68 130.62 136.89 126.24 124.62 130.54 145.51 160.0 170.0 167.74 150.29 142.1 151.52 118.64 115.92 120.01 120.01 119.39 120.01 120.01 164.64 140.0 155.0 157.0 157.0 156.1 134.79 121.18 140.0 131.12 126.24 141.47 159.98 160.0 146.61 143.56 137.97 143.8 138.77 130.6 126.28 131.77 127.92 125.38 125.2 126.39 129.47 149.4 145.04 145.56 140.07 129.89 120.0 120.0 124.63 135.16 158.54 168.42 170.04 160.9 148.49 156.69 144.95 145.0 143.73 145.19 141.8 140.1 148.93 175.75 200.65 213.39 200.92 185.1 179.26 168.16 158.99 162.77 169.42 181.8 198.94 213.5 205.38 186.21 166.52 159.7 154.0 146.39 143.13 140.96 140.21 141.62 149.15 170.54 198.04 214.16 191.85 173.16 151.91 151.24 148.36 158.0 171.98 189.98 222.26 245.6 229.0 199.07 188.18 173.45 163.2 160.14 155.24 150.01 148.02 145.97 151.51 175.71 196.64 216.85 178.92 141.24 137.26 136.57 136.67 143.01 150.74 163.27 183.99 192.45 170.43 157.15 146.27 133.88 127.17 117.02 123.95 120.74 120.15 125.13 137.96 161.87 184.3 159.44 144.69 128.32 112.26 109.82 109.88 118.86 154.83 168.45 170.0 170.0 150.65 161.22 133.29 120.44 116.12 125.6 124.9 115.96 118.01 120.79 129.64 155.74 185.52 197.02 157.68 130.62 136.89 126.24 124.62 130.54 145.51 160.0 170.0 167.74 150.29 142.1 151.52 118.64 115.92 120.01 120.01 119.39 120.01 120.01 164.64 140.0 155.0 157.0 157.0 156.1 134.79 121.18 140.0 131.12 126.24 141.47 159.98 160.0 146.61 143.56 137.97 143.8 138.77 130.6 126.28 131.77 127.92 125.38 125.2 126.39 129.47 149.4 145.04 145.56 140.07 129.89 120.0 120.0 124.63 135.16 158.54 168.42 170.04 160.9 148.49 156.69 144.95 145.0 143.73 145.19 141.8 140.1 148.93 175.75 200.65 213.39 200.92 185.1 179.26 168.16 158.99 162.77 169.42 181.8 198.94 213.5 205.38 186.21 166.52 159.7 154.0 146.39 143.13 140.96 140.21 141.62 149.15 170.54 198.04 214.16 191.85 173.16 151.91 151.24 148.36 158.0 171.98 189.98 222.26 245.6 229.0 199.07 188.18 173.45 163.2 160.14 155.24 150.01 148.02 145.97 151.51 175.71 196.64 216.85 178.92 141.24 137.26 136.57 136.67 143.01 150.74 163.27 183.99 192.45 170.43 157.15 146.27 133.88 127.17 117.02 123.95 120.74 120.15 125.13 137.96 161.87 184.3 159.44 144.69 128.32 112.26 109.82 109.88 118.86 154.83 168.45 170.0 170.0 150.65 161.22 133.29 120.44 116.12 125.6 124.9 115.96 118.01 120.79 129.64 155.74 185.52 197.02 157.68 130.62 136.89 126.24 124.62 130.54 145.51 160.0 170.0 167.74 150.29 142.1 151.52 118.64 115.92 120.01 120.01 119.39 120.01 120.01 164.64 140.0 155.0 157.0 157.0 156.1 134.79 121.18 140.0 131.12 126.24 141.47 159.98 160.0 146.61 143.56 137.97 143.8 138.77 130.6 126.28 131.77 127.92 125.38 125.2 126.39 129.47 149.4 145.04 145.56 140.07 129.89 120.0 120.0 124.63 135.16 158.54 168.42 170.04 160.9 148.49 156.69 144.95 145.0 143.73 145.19 141.8 140.1 148.93 175.75 200.65 213.39 200.92 185.1 179.26 168.16 158.99 162.77 169.42 181.8 198.94 213.5 205.38 186.21 166.52 159.7 154.0 146.39 143.13 140.96 140.21 141.62 149.15 170.54 198.04 214.16 191.85 173.16 151.91 151.24 148.36 158.0 171.98 189.98 222.26 245.6 229.0 199.07 188.18 173.45 163.2 160.14 155.24 150.01 148.02 145.97 151.51 175.71 196.64 216.85 178.92 141.24 137.26 136.57 136.67 143.01 150.74 163.27 183.99 192.45 170.43 157.15 146.27 133.88 127.17 117.02 123.95 120.74 120.15 125.13 137.96 161.87 184.3 159.44 144.69 128.32 112.26 109.82 109.88 118.86 154.83 168.45 170.0 170.0 150.65 161.22 133.29 120.44 116.12 125.6 124.9 115.96 118.01 120.79 129.64 155.74 185.52 197.02 157.68 130.62 136.89 126.24 124.62 130.54 145.51 160.0 170.0 167.74 150.29 142.1 151.52 118.64 115.92 120.01 120.01 119.39 120.01 120.01 164.64 140.0 155.0 157.0 157.0 156.1 134.79 121.18 140.0 131.12 126.24 141.47 159.98 160.0 146.61 143.56 137.97 143.8 138.77 130.6 126.28 131.77 127.92 125.38 125.2 126.39 129.47 149.4 145.04 145.56 140.07 129.89 120.0 120.0 124.63 135.16 158.54 168.42 170.04 160.9 148.49 156.69 144.95 145.0 143.73 145.19 141.8 140.1 148.93 175.75 200.65 213.39 200.92 185.1 179.26 168.16 158.99 162.77 169.42 181.8 198.94 213.5 205.38 186.21 166.52 159.7 154.0 146.39 143.13 140.96 140.21 141.62 149.15 170.54 198.04 214.16 191.85 173.16 151.91 151.24 148.36 158.0 171.98 189.98 222.26 245.6 229.0 199.07 188.18 173.45 163.2 160.14 155.24 150.01 148.02 145.97 151.51 175.71 196.64 216.85 178.92 141.24 137.26 136.57 136.67 143.01 150.74 163.27 183.99 192.45 170.43 157.15 146.27 133.88 127.17 117.02 123.95 120.74 120.15 125.13 137.96 161.87 184.3 159.44 144.69 128.32 112.26 109.82 109.88 118.86 154.83 168.45 170.0 170.0 150.65 161.22 133.29 120.44 116.12 125.6 124.9 115.96 118.01 120.79 129.64 155.74 185.52 197.02 157.68 130.62 136.89 126.24 124.62 130.54 145.51 160.0 170.0 167.74 150.29 142.1 151.52 118.64 115.92 120.01 120.01
