448 5
1 35 40 43 39
1 0 0 0 0 0 3 1 2 3 0 104 18.34
10 0 9 0 0 0 3 4 5 14 1 116 20.5
8 0 9 4 10 0 3 6 12 17 1 131 14.83
10 0 4 6 10 0 3 13 14 25 1 93 18.49
2 0 4 0 0 0 3 7 10 12 11 137 16.3
9 0 5 0 0 5 3 9 10 17 11 161 19.04
9 0 0 10 6 0 3 8 10 13 9 123 12.31
2 1 0 0 0 0 3 17 18 19 13 159 14.68
9 1 0 0 0 0 2 11 14 18 128 13.78
10 0 0 5 0 0 3 12 16 21 20 149 11.2
10 1 0 0 0 0 3 19 26 27 20 154 13.51
8 0 0 9 0 1 3 15 18 21 27 152 17.41
9 0 0 5 6 0 2 20 22 30 149 11.89
9 1 0 0 0 0 2 22 24 18 110 11.46
3 1 0 0 0 0 1 15 27 139 13.22
6 1 0 0 0 0 2 16 26 35 122 13.16
6 0 7 0 6 2 3 20 23 29 41 127 12.05
10 0 9 5 0 0 2 26 27 20 135 19.75
9 0 0 0 10 4 3 20 23 25 35 175 13.96
2 1 0 0 0 0 2 21 22 30 151 17.28
4 0 0 0 0 5 2 24 27 47 141 16.16
10 0 0 5 0 10 3 23 24 25 35 183 19.33
1 0 3 2 1 4 2 29 30 39 134 18.7
9 0 4 0 0 3 1 30 47 204 18.69
5 0 0 0 5 5 1 28 51 139 12.03
2 0 0 0 0 3 1 28 45 140 14.02
8 0 0 7 0 0 1 29 41 190 15.24
8 0 1 3 3 0 2 28 30 51 137 18.54
1 0 4 2 0 0 1 31 59 188 16.99
8 0 4 7 2 6 1 31 49 185 13.7
1 0 0 10 4 7 1 31 59 193 18.9
1 0 0 0 0 0 0 60 136 18.66
1 0 0 0 0 0 3 33 34 35 0 149 14.76
3 0 7 0 0 0 3 38 41 42 1 94 15.85
3 0 0 0 0 3 1 36 1 150 13.61
9 0 1 0 0 0 3 37 41 52 1 144 17.57
1 0 0 5 0 0 1 59 4 151 20.77
7 0 0 6 0 0 3 42 45 56 10 99 12.5
4 0 0 0 0 8 2 39 53 4 104 19.35
4 0 0 0 6 0 3 40 46 52 8 129 12.01
4 0 8 0 0 0 2 44 48 12 118 13.27
3 0 10 0 0 0 3 43 49 55 10 127 12.73
1 1 0 0 0 0 3 57 58 59 17 108 19.08
6 1 0 0 0 0 3 44 50 51 13 110 17.99
8 0 0 10 0 0 1 45 19 121 19.47
5 0 1 0 0 0 3 57 58 59 27 186 16.43
4 0 6 0 0 0 3 47 49 55 12 170 18.93
9 1 0 0 0 0 2 50 54 16 140 18.84
2 1 0 0 0 0 2 49 62 16 167 18.12
5 0 0 0 5 0 1 50 18 120 13.29
1 0 7 0 0 0 1 56 25 132 11.15
1 1 0 0 0 0 3 54 61 62 19 140 18.73
5 0 0 1 0 0 1 61 12 154 11.41
3 0 0 0 0 2 1 61 8 155 12.11
5 1 0 0 0 0 1 56 25 157 11.9
2 0 0 0 8 0 2 57 60 16 167 12.67
10 0 3 0 0 0 1 58 30 136 18.39
1 0 0 0 4 0 1 62 32 156 19.44
1 0 0 0 0 8 1 60 40 125 19.5
3 0 0 9 0 0 1 60 32 153 17.96
4 0 8 0 0 0 1 63 41 176 11.41
9 0 0 0 6 0 1 63 20 157 10.85
6 0 0 0 0 3 1 63 33 122 15.73
1 0 0 0 0 0 0 45 148 14.17
1 0 0 0 0 0 3 65 66 67 0 101 18.79
3 0 9 0 9 0 3 80 88 92 1 164 17.52
5 0 0 10 3 0 3 72 73 79 1 135 10.55
9 0 6 2 2 0 3 68 69 70 1 101 18.99
10 0 0 0 10 1 1 80 10 158 12.69
1 0 10 1 2 0 3 76 79 85 10 120 19.61
7 0 0 0 0 2 1 71 10 168 20.0
2 0 9 8 3 10 1 75 17 104 10.98
10 0 6 8 2 5 3 74 78 82 6 113 14.43
9 0 9 3 9 9 2 86 87 6 119 17.08
10 0 0 7 5 9 1 88 16 145 12.37
5 0 0 5 2 6 1 94 19 133 16.16
2 0 0 3 0 0 2 77 90 11 169 15.09
5 0 8 10 10 8 1 83 13 167 12.58
7 0 0 0 5 0 1 84 16 128 19.8
7 0 5 6 0 10 2 83 89 11 155 19.78
7 0 0 0 7 8 2 81 89 20 144 11.39
9 0 0 1 3 8 1 87 27 141 18.04
10 0 4 9 10 1 1 92 16 181 10.95
6 0 1 8 10 8 1 88 18 165 17.58
6 0 8 5 3 0 1 85 23 125 20.21
9 1 0 0 0 0 2 86 87 29 183 13.02
9 0 3 0 8 2 1 94 38 191 13.94
6 0 5 4 10 0 1 91 38 142 18.32
9 1 0 0 0 0 1 93 26 112 15.98
10 1 0 0 0 0 1 90 27 126 11.29
4 1 0 0 0 0 1 91 37 158 11.25
10 0 1 1 0 8 1 93 44 155 18.6
2 1 0 0 0 0 1 95 26 174 19.57
10 0 10 10 5 10 1 95 54 145 12.83
6 0 6 0 3 7 1 95 47 169 15.58
1 0 0 0 0 0 0 64 184 13.6
1 0 0 0 0 0 3 97 98 99 0 160 18.47
4 0 6 0 3 0 1 100 1 123 17.75
3 0 5 8 5 9 3 102 111 118 1 103 15.86
7 0 0 10 9 1 3 102 105 106 1 119 10.84
3 0 0 9 0 0 3 101 103 108 5 160 14.01
9 0 9 3 9 7 3 104 109 118 8 137 12.05
7 0 7 0 9 8 2 115 119 8 159 19.79
7 1 0 0 0 0 2 110 116 8 158 11.46
8 0 8 0 1 8 3 111 119 126 17 134 15.95
9 0 8 1 5 7 3 113 116 119 8 158 13.66
7 0 6 2 10 1 3 107 120 122 8 124 19.04
3 0 0 3 6 0 1 112 15 121 19.74
6 0 7 1 0 3 1 110 8 149 11.22
2 0 4 0 4 0 2 112 124 17 163 19.63
6 1 0 0 0 0 2 115 117 15 126 20.89
4 0 3 0 2 0 2 122 123 25 169 11.15
10 0 10 3 2 6 2 113 116 19 183 12.11
1 0 0 9 1 6 3 114 115 123 29 121 17.9
4 0 0 9 9 5 1 117 30 149 16.52
9 0 6 7 7 6 1 121 30 188 20.24
1 0 8 4 0 8 1 123 29 177 12.91
2 0 1 5 8 10 1 121 34 172 14.93
9 1 0 0 0 0 1 120 17 160 20.24
1 0 3 6 7 8 2 122 125 25 131 13.8
2 1 0 0 0 0 3 121 124 125 26 158 16.28
3 0 7 2 9 8 1 126 39 195 20.36
1 0 0 7 0 9 1 124 29 111 15.12
2 0 7 10 10 2 1 125 30 122 15.41
3 0 0 3 0 0 1 127 30 189 14.21
6 0 5 6 7 0 1 127 32 132 19.36
8 0 10 0 6 10 1 127 42 148 20.06
1 0 0 0 0 0 0 50 144 11.34
1 0 0 0 0 0 3 129 130 131 0 144 15.5
1 0 0 5 7 7 3 137 138 142 1 129 10.83
9 0 0 8 5 4 3 132 135 139 1 123 13.35
5 0 0 10 0 8 1 146 1 92 18.98
6 0 0 6 10 2 3 133 134 136 10 103 13.14
4 0 2 0 0 10 3 141 147 155 16 130 14.56
9 0 5 0 4 0 3 140 143 157 16 111 12.36
7 0 0 0 7 0 1 149 10 147 14.93
4 0 0 0 10 0 3 138 144 153 16 153 17.69
8 0 0 1 0 0 2 139 145 2 123 19.07
10 0 2 0 0 8 1 150 20 156 12.53
4 0 2 0 0 0 1 153 10 139 14.9
10 1 0 0 0 0 3 146 149 151 25 183 16.18
2 1 0 0 0 0 2 148 154 20 151 18.64
8 0 0 7 0 1 3 143 144 152 2 95 14.53
9 1 0 0 0 0 3 146 150 156 25 153 18.63
10 0 0 10 0 7 3 149 155 156 20 122 13.96
3 0 8 2 0 0 2 147 148 10 101 11.88
10 0 10 6 0 6 1 158 35 179 12.08
4 1 0 0 0 0 2 151 152 20 116 19.27
5 0 0 2 4 0 1 152 22 143 12.87
3 1 0 0 0 0 1 150 35 155 13.93
6 0 5 3 8 0 1 158 38 182 16.54
5 1 0 0 0 0 1 153 35 190 16.43
6 0 0 6 7 6 1 157 27 121 17.59
4 0 0 0 0 10 1 154 40 128 16.95
4 0 9 0 1 0 2 156 158 44 167 10.99
4 0 0 8 9 1 1 157 30 122 13.2
5 0 0 0 3 0 1 159 48 155 10.54
3 0 7 10 9 1 1 159 34 170 13.14
6 0 9 0 5 5 1 159 48 136 13.33
1 0 0 0 0 0 0 54 190 14.94
1 0 0 0 0 0 3 161 162 163 0 125 16.79
2 0 5 0 3 0 3 171 184 187 1 118 16.64
5 0 10 7 5 5 3 166 167 169 1 152 13.26
9 0 4 9 8 0 3 164 176 182 1 159 14.11
7 0 3 0 6 2 3 165 168 171 10 152 19.34
6 0 0 10 1 0 3 178 179 183 17 107 18.58
7 0 1 7 2 7 3 171 173 177 6 140 16.33
9 0 9 0 8 7 3 170 175 180 6 148 10.92
2 0 5 0 0 0 3 173 177 183 17 151 20.76
5 0 3 0 8 8 3 172 173 176 6 155 17.93
2 0 6 10 9 0 3 172 174 185 15 144 13.49
10 0 7 0 1 0 3 172 175 180 17 142 18.07
8 0 0 1 5 7 2 189 190 27 187 13.26
5 1 0 0 0 0 3 175 178 181 19 111 20.37
8 0 0 3 6 6 3 181 182 187 17 173 10.52
6 0 0 9 4 9 3 185 186 190 27 175 18.16
7 0 5 0 10 5 3 179 180 186 11 143 15.76
7 0 9 7 5 5 2 178 179 19 110 15.73
5 1 0 0 0 0 3 184 185 190 26 131 20.77
9 0 0 0 1 1 1 187 26 130 13.03
10 0 0 4 0 5 1 181 27 168 17.75
8 0 8 2 7 0 1 189 37 132 16.45
10 1 0 0 0 0 1 183 25 164 15.58
7 0 4 6 9 10 1 184 35 194 17.79
1 0 4 1 10 10 2 186 189 42 133 19.8
2 0 1 2 9 8 1 188 33 147 17.82
4 0 4 8 9 7 1 188 43 191 13.16
7 0 7 8 0 4 1 188 35 195 20.88
9 0 0 1 0 10 1 191 47 165 13.15
2 0 5 7 10 10 1 191 45 164 14.13
1 0 0 1 8 1 1 191 35 174 18.25
1 0 0 0 0 0 0 56 148 18.3
1 0 0 0 0 0 3 193 194 195 0 148 15.92
7 0 4 0 6 0 3 196 200 203 1 132 10.75
1 0 0 7 8 1 3 199 207 211 1 126 10.74
10 0 0 2 1 0 3 197 198 201 1 125 12.72
5 0 9 0 10 0 3 197 198 204 8 161 11.66
7 0 0 10 0 5 3 199 205 206 13 123 13.15
5 0 0 0 7 9 3 208 217 219 13 112 16.41
6 0 0 0 6 0 3 208 210 218 20 131 18.24
10 0 2 0 0 2 3 202 209 212 8 133 14.24
5 0 0 0 0 9 3 202 203 204 11 140 15.42
4 0 0 3 0 0 3 205 206 213 18 148 18.98
1 0 0 4 6 0 3 205 210 213 16 144 16.74
10 0 3 0 7 0 3 207 209 212 16 108 16.95
7 1 0 0 0 0 3 207 211 214 22 184 14.83
8 1 0 0 0 0 3 211 218 219 22 121 12.03
10 1 0 0 0 0 3 208 218 222 29 126 16.56
2 1 0 0 0 0 1 221 39 135 19.11
4 1 0 0 0 0 2 215 217 26 166 11.72
2 0 8 0 0 4 2 212 217 26 174 13.36
10 1 0 0 0 0 1 220 30 160 17.0
7 1 0 0 0 0 1 214 28 170 19.59
7 0 2 1 0 7 1 214 22 112 13.81
5 1 0 0 0 0 2 215 221 35 122 16.33
1 1 0 0 0 0 2 216 220 40 180 10.67
9 0 6 4 0 8 1 219 41 164 15.22
2 0 4 0 0 3 2 221 222 30 171 17.09
6 0 0 5 10 0 1 220 39 167 12.88
3 0 9 0 6 0 1 222 50 178 13.32
3 0 0 0 4 0 1 223 45 190 11.07
1 0 9 0 5 2 1 223 41 147 15.58
8 0 7 10 7 0 1 223 53 149 14.24
1 0 0 0 0 0 0 61 195 13.91
1 0 0 0 0 0 3 225 226 227 0 121 19.68
2 0 8 10 8 7 3 230 232 247 1 101 14.89
3 0 3 7 7 3 3 229 244 253 1 153 19.43
2 0 8 8 7 7 3 228 232 236 1 136 14.31
7 0 10 6 1 8 3 234 242 245 3 90 18.53
6 0 8 2 5 1 3 233 237 241 4 169 20.4
6 0 2 7 1 3 3 231 239 240 3 119 15.57
4 0 1 5 2 1 1 246 9 107 18.98
8 0 10 7 5 1 3 235 238 242 3 163 14.4
2 0 9 4 9 7 2 239 249 10 93 15.21
4 0 5 6 8 4 3 241 247 250 10 132 10.93
7 0 8 1 6 7 1 250 11 170 12.75
10 0 10 6 4 1 2 243 250 3 142 19.07
8 0 6 8 7 3 2 238 252 10 143 18.06
5 0 7 9 2 10 1 239 18 117 14.35
1 0 6 5 4 8 1 254 23 143 15.85
9 0 10 5 5 10 1 248 9 171 10.79
1 1 0 0 0 0 1 246 14 108 16.33
7 0 5 3 8 1 2 243 244 11 142 12.55
7 0 8 4 6 1 2 246 251 18 180 11.87
6 1 0 0 0 0 1 252 18 121 11.59
8 0 6 2 4 10 3 248 249 254 10 176 17.82
8 0 3 5 5 1 2 249 254 25 112 19.33
9 0 1 10 6 3 2 248 251 14 133 16.98
8 0 8 1 10 9 1 253 23 182 19.86
3 0 10 9 9 5 1 252 33 148 20.7
6 1 0 0 0 0 1 251 18 115 20.95
9 0 7 8 5 7 1 253 25 151 12.6
9 0 4 10 5 1 1 255 36 154 14.61
8 0 6 7 2 10 1 255 34 187 15.44
5 0 3 1 2 5 1 255 33 186 15.81
1 0 0 0 0 0 0 45 129 17.84
1 0 0 0 0 0 3 257 258 259 0 129 16.38
9 0 0 0 8 7 2 273 282 1 91 17.11
3 0 5 6 0 6 3 261 266 279 1 100 16.26
6 0 6 9 3 9 3 260 268 272 1 110 16.33
8 0 7 0 10 6 3 263 264 265 7 124 14.94
8 0 0 5 0 0 3 262 263 276 4 106 11.63
7 0 0 0 0 3 3 267 270 278 12 104 19.4
3 0 0 0 0 2 1 277 15 113 10.91
7 0 0 4 0 0 2 270 279 15 158 16.38
1 0 0 0 0 5 1 269 15 166 20.71
10 0 8 0 9 9 2 271 286 4 123 12.68
1 1 0 0 0 0 1 272 19 114 19.07
7 0 0 0 8 7 1 274 7 103 11.88
7 0 0 6 0 2 1 282 16 177 10.56
7 1 0 0 0 0 1 271 22 177 12.97
6 0 0 3 0 8 2 275 285 29 140 16.27
9 0 3 0 0 6 1 277 20 140 20.51
2 0 0 0 4 0 1 276 10 145 15.35
7 1 0 0 0 0 1 281 14 118 11.78
3 0 0 10 0 3 1 280 35 179 15.52
3 1 0 0 0 0 1 277 12 97 16.83
8 0 7 0 0 0 1 283 29 186 19.76
9 0 0 9 6 0 1 286 19 131 18.48
1 1 0 0 0 0 1 286 22 117 20.58
1 0 0 0 2 4 1 284 38 142 14.6
3 1 0 0 0 0 1 282 21 143 19.4
10 0 0 10 0 2 1 284 24 185 18.03
3 0 8 5 5 0 2 284 285 37 156 20.07
6 0 1 0 0 8 1 287 40 149 14.87
4 0 2 0 10 0 1 287 40 168 13.67
3 0 9 3 6 1 1 287 28 156 16.08
1 0 0 0 0 0 0 46 159 11.44
1 0 0 0 0 0 3 289 290 291 0 140 11.43
4 0 0 6 0 5 2 304 314 1 88 16.98
8 0 0 3 0 0 3 293 294 295 1 168 20.22
3 0 4 0 1 8 3 292 312 314 1 138 10.53
1 0 0 1 6 0 2 305 308 4 152 17.34
3 0 0 1 0 8 3 296 303 309 9 166 11.83
8 0 0 0 3 0 3 296 299 302 9 158 10.51
4 0 6 3 0 10 3 297 301 311 9 124 17.55
4 0 5 0 0 9 3 298 300 301 17 152 17.4
1 0 0 7 0 3 2 299 302 13 117 13.83
8 1 0 0 0 0 2 307 317 21 166 18.14
10 0 0 5 5 0 3 305 306 314 17 127 14.51
9 0 0 0 0 5 1 306 21 118 11.24
10 0 0 0 3 0 1 305 21 186 11.09
5 1 0 0 0 0 2 303 307 17 180 11.42
9 0 0 0 2 0 1 313 22 116 12.5
6 0 3 0 8 1 3 307 308 313 5 118 11.43
3 0 4 9 5 0 2 315 317 31 126 11.0
2 0 4 7 0 4 1 316 30 128 18.31
7 0 0 1 0 8 1 315 29 114 19.71
10 0 0 5 9 6 1 310 11 164 18.87
4 0 0 0 5 8 2 311 312 12 124 11.43
6 1 0 0 0 0 1 311 21 138 15.01
10 0 7 7 5 0 1 315 27 123 11.38
8 1 0 0 0 0 2 313 317 16 155 19.44
3 0 2 0 0 4 2 316 318 31 169 12.34
6 0 2 2 0 2 1 316 27 186 10.78
5 0 0 5 0 5 1 318 37 143 18.14
8 0 0 9 6 0 1 319 34 168 19.09
7 0 0 0 0 8 1 319 34 179 14.79
2 0 9 0 0 0 1 319 42 167 19.92
1 0 0 0 0 0 0 44 149 17.75
1 0 0 0 0 0 3 321 322 323 0 120 16.15
5 0 5 9 3 4 3 324 339 349 1 141 14.5
6 0 7 8 1 8 3 325 326 327 1 124 10.92
2 0 10 10 7 5 3 327 329 332 1 100 18.81
10 0 1 4 3 1 3 329 336 338 6 157 12.63
8 0 3 8 3 7 3 330 332 341 7 174 18.19
6 0 6 7 1 7 3 328 331 334 7 101 16.05
3 0 5 8 9 1 3 338 342 345 7 124 20.39
5 0 3 5 5 8 3 335 336 340 13 136 12.98
2 1 0 0 0 0 2 330 337 16 176 13.95
9 1 0 0 0 0 3 335 340 350 18 114 17.65
10 0 1 8 6 9 3 336 339 349 13 156 18.86
1 1 0 0 0 0 3 333 335 339 15 173 11.57
2 0 3 9 5 4 3 334 338 346 16 135 17.48
1 1 0 0 0 0 2 337 342 18 137 20.59
6 0 10 7 1 3 2 344 345 27 178 15.51
2 1 0 0 0 0 1 337 23 171 13.78
2 0 10 4 7 2 2 345 347 25 179 15.31
8 1 0 0 0 0 1 343 18 143 15.3
10 0 1 1 1 4 3 340 346 350 23 159 14.27
8 0 6 6 10 4 2 343 344 33 147 16.04
1 0 3 1 6 2 3 342 346 350 15 175 18.85
1 1 0 0 0 0 3 343 344 349 19 152 19.19
9 0 9 8 4 1 1 347 41 141 10.77
5 0 9 4 9 7 1 347 41 172 17.75
3 0 1 1 5 6 1 348 33 168 18.45
7 0 6 8 4 4 1 348 33 119 10.67
6 0 1 10 10 4 1 348 50 142 13.97
3 0 5 2 3 3 1 351 56 181 10.84
1 0 7 3 1 4 1 351 23 160 15.14
9 0 1 1 9 1 1 351 33 148 19.01
1 0 0 0 0 0 0 59 146 17.02
1 0 0 0 0 0 3 353 354 355 0 118 15.71
6 0 3 5 0 3 1 360 1 120 11.24
5 0 8 1 7 0 3 356 359 367 1 95 14.29
4 0 0 3 7 3 1 366 1 90 16.42
7 0 2 5 9 2 3 357 360 370 6 151 14.01
5 0 4 3 5 5 3 358 361 382 13 135 19.55
8 0 5 6 8 9 2 362 363 18 107 17.78
10 0 0 1 0 2 2 365 374 6 169 11.83
10 0 0 9 1 10 1 364 13 120 12.48
8 0 9 2 1 2 3 369 372 374 18 138 15.67
4 1 0 0 0 0 3 364 366 377 26 131 20.43
4 1 0 0 0 0 2 364 371 26 121 15.22
4 1 0 0 0 0 2 368 373 30 185 17.12
8 0 8 10 9 4 3 368 369 371 16 105 15.11
9 0 3 10 0 0 3 368 371 374 30 188 13.4
2 0 9 0 7 0 1 377 6 138 17.43
9 0 8 9 5 5 1 375 39 174 18.49
1 0 0 10 4 10 1 373 26 133 15.74
5 0 0 0 2 7 2 378 381 13 164 10.79
2 0 8 9 4 2 2 379 380 39 185 10.53
4 0 0 1 10 9 2 375 377 26 183 15.22
2 1 0 0 0 0 2 376 380 34 162 10.58
6 0 9 3 10 4 3 375 376 378 39 182 18.49
6 0 8 0 7 0 1 381 48 171 16.05
4 0 9 4 8 3 1 379 45 177 18.77
6 1 0 0 0 0 2 378 379 30 133 16.67
6 0 5 4 4 0 1 380 45 194 16.63
1 0 4 1 0 10 1 381 49 175 16.19
4 0 2 0 10 0 1 383 51 163 12.36
2 0 7 8 2 6 1 383 54 162 16.4
9 0 2 3 0 4 1 383 18 147 18.39
1 0 0 0 0 0 0 56 146 10.5
1 0 0 0 0 0 3 385 386 387 0 152 13.27
9 0 2 0 0 0 3 389 401 404 1 131 10.82
3 0 0 0 2 0 2 388 389 1 104 15.92
2 0 0 0 0 4 1 408 1 144 19.03
4 0 10 0 0 0 3 390 392 397 4 147 16.17
10 0 0 0 1 0 1 405 10 106 14.59
2 0 0 0 4 0 3 391 393 394 8 124 14.59
7 0 0 9 0 0 3 399 413 414 10 157 17.31
6 0 0 0 4 0 2 394 414 8 128 17.49
9 0 8 0 0 0 2 395 411 10 158 16.59
2 0 8 0 0 0 2 396 406 14 128 15.19
5 0 3 0 0 0 1 410 19 135 11.58
6 1 0 0 0 0 3 399 400 401 16 177 16.27
5 0 0 0 3 0 2 398 402 8 163 10.81
9 0 0 0 6 0 3 399 403 404 13 128 17.9
9 1 0 0 0 0 1 412 22 122 13.71
8 0 0 7 0 0 2 402 404 22 138 19.35
5 1 0 0 0 0 2 402 408 22 155 15.61
3 0 0 9 0 0 1 411 30 119 20.95
2 1 0 0 0 0 3 405 407 408 22 117 17.62
2 1 0 0 0 0 1 409 30 177 20.9
9 1 0 0 0 0 1 406 24 145 14.45
8 0 0 0 0 4 1 410 33 145 17.56
3 0 0 0 1 0 2 409 414 24 164 15.5
6 0 0 0 0 9 1 409 27 131 14.82
5 0 0 6 0 0 2 410 411 33 137 17.63
8 0 0 4 0 0 2 412 413 41 192 17.51
8 0 0 0 0 5 2 412 413 38 156 12.1
4 0 0 0 0 1 1 415 49 137 16.8
3 0 0 0 0 2 1 415 49 132 17.25
3 0 0 0 2 0 1 415 27 139 13.97
1 0 0 0 0 0 0 53 181 18.24
1 0 0 0 0 0 3 417 418 419 0 122 17.95
2 0 1 7 2 2 3 422 425 437 1 95 13.78
5 0 7 3 3 6 1 437 1 132 11.51
8 0 9 7 3 8 3 420 421 423 1 153 11.92
6 0 6 5 1 1 3 427 436 440 9 164 18.45
8 0 1 7 1 1 3 422 424 429 9 157 18.77
1 0 10 1 1 3 1 438 17 126 10.75
4 0 10 9 6 2 2 426 441 9 159 12.7
1 0 6 3 8 3 3 431 432 433 17 119 13.71
8 0 5 7 4 8 2 430 436 3 139 18.48
5 0 3 3 7 9 3 434 439 440 13 112 15.09
2 0 1 8 1 4 1 428 15 122 13.85
4 0 3 5 9 2 1 431 17 129 13.84
9 1 0 0 0 0 2 435 436 17 149 18.39
5 0 1 10 6 1 2 434 445 11 95 19.16
9 1 0 0 0 0 3 439 441 443 21 142 12.36
2 1 0 0 0 0 2 434 444 18 132 16.43
7 0 5 2 5 9 2 435 442 18 151 17.85
2 1 0 0 0 0 1 446 20 157 18.9
4 1 0 0 0 0 1 443 26 121 14.05
1 0 5 1 1 5 2 438 442 26 161 20.58
9 0 2 9 4 7 3 438 440 441 6 129 12.6
5 0 7 9 8 4 1 443 27 139 14.7
3 1 0 0 0 0 2 442 444 30 143 16.44
3 0 1 8 5 10 1 444 18 124 15.0
4 0 3 6 2 1 2 445 446 30 160 17.91
10 0 6 6 4 7 1 446 33 195 20.7
2 0 8 8 9 8 1 445 32 168 11.44
5 0 7 2 1 6 1 447 33 185 19.98
1 0 7 9 1 9 1 447 34 140 15.14
8 0 9 1 5 3 1 447 43 169 13.89
1 0 0 0 0 0 0 51 168 10.75
196.23 191.85 195.91 186.66 178.04 191.65 237.44 299.95 313.92 315.0 310.41 310.08 300.0 297.01 299.96 306.45 302.73 315.47 310.82 294.98 267.45 242.23 217.03 195.83 207.01 202.42 197.6 193.0 194.9 204.45 237.13 293.52 300.02 297.16 275.67 264.4 252.59 248.38 255.01 277.9 289.94 316.4 315.9 309.2 285.33 245.3 236.61 204.57 194.79 183.98 183.06 177.35 178.33 193.5 240.56 273.18 300.1 292.74 275.5 258.65 245.11 232.08 234.77 240.01 255.0 284.82 285.97 269.03 235.25 191.5 193.69 172.18 142.35 161.69 153.58 147.07 152.47 171.26 192.03 215.24 235.9 219.99 180.08 170.16 152.53 134.13 171.01 201.59 205.38 220.3 212.76 210.0 192.69 164.46 164.2 122.09 120.04 110.03 108.24 107.46 109.82 140.52 176.04 190.97 216.99 196.91 162.92 160.04 154.01 152.29 186.94 217.18 224.91 262.0 260.04 234.32 215.04 204.39 194.29 184.9 168.43 170.62 186.01 182.64 187.83 190.58 190.27 204.46 212.84 230.0 222.39 214.92 208.43 200.0 203.09 213.98 226.32 260.0 267.03 261.41 243.62 220.1 212.85 209.41 225.92 216.0 189.49 181.98 174.98 165.91 118.71 119.45 125.86 129.46 125.99 131.83 140.03 122.49 102.67 121.95 115.0 125.42 112.4 97.49 90.14 97.09 93.85 87.2 196.23 191.85 195.91 186.66 178.04 191.65 237.44 299.95 313.92 315.0 310.41 310.08 300.0 297.01 299.96 306.45 302.73 315.47 310.82 294.98 267.45 242.23 217.03 195.83 207.01 202.42 197.6 193.0 194.9 204.45 237.13 293.52 300.02 297.16 275.67 264.4 252.59 248.38 255.01 277.9 289.94 316.4 315.9 309.2 285.33 245.3 236.61 204.57 194.79 183.98 183.06 177.35 178.33 193.5 240.56 273.18 300.1 292.74 275.5 258.65 245.11 232.08 234.77 240.01 255.0 284.82 285.97 269.03 235.25 191.5 193.69 172.18 142.35 161.69 153.58 147.07 152.47 171.26 192.03 215.24 235.9 219.99 180.08 170.16 152.53 134.13 171.01 201.59 205.38 220.3 212.76 210.0 192.69 164.46 164.2 122.09 120.04 110.03 108.24 107.46 109.82 140.52 176.04 190.97 216.99 196.91 162.92 160.04 154.01 152.29 186.94 217.18 224.91 262.0 260.04 234.32 215.04 204.39 194.29 184.9 168.43 170.62 186.01 182.64 187.83 190.58 190.27 204.46 212.84 230.0 222.39 214.92 208.43 200.0 203.09 213.98 226.32 260.0 267.03 261.41 243.62 220.1 212.85 209.41 225.92 216.0 189.49 181.98 174.98 165.91 118.71 119.45 125.86 129.46 125.99 131.83 140.03 122.49 102.67 121.95 115.0 125.42 112.4 97.49 90.14 97.09 93.85 87.2 196.23 191.85 195.91 186.66 178.04 191.65 237.44 299.95 313.92 315.0 310.41 310.08 300.0 297.01 299.96 306.45 302.73 315.47 310.82 294.98 267.45 242.23 217.03 195.83 207.01 202.42 197.6 193.0 194.9 204.45 237.13 293.52 300.02 297.16 275.67 264.4 252.59 248.38 255.01 277.9 289.94 316.4 315.9 309.2 285.33 245.3 236.61 204.57 194.79 183.98 183.06 177.35 178.33 193.5 240.56 273.18 300.1 292.74 275.5 258.65 245.11 232.08 234.77 240.01 255.0 284.82 285.97 269.03 235.25 191.5 193.69 172.18 142.35 161.69 153.58 147.07 152.47 171.26 192.03 215.24 235.9 219.99 180.08 170.16 152.53 134.13 171.01 201.59 205.38 220.3 212.76 210.0 192.69 164.46 164.2 122.09 120.04 110.03 108.24 107.46 109.82 140.52 176.04 190.97 216.99 196.91 162.92 160.04 154.01 152.29 186.94 217.18 224.91 262.0 260.04 234.32 215.04 204.39 194.29 184.9 168.43 170.62 186.01 182.64 187.83 190.58 190.27 204.46 212.84 230.0 222.39 214.92 208.43 200.0 203.09 213.98 226.32 260.0 267.03 261.41 243.62 220.1 212.85 209.41 225.92 216.0 189.49 181.98 174.98 165.91 118.71 119.45 125.86 129.46 125.99 131.83 140.03 122.49 102.67 121.95 115.0 125.42 112.4 97.49 90.14 97.09 93.85 87.2 196.23 191.85 195.91 186.66 178.04 191.65 237.44 299.95 313.92 315.0 310.41 310.08 300.0 297.01 299.96 306.45 302.73 315.47 310.82 294.98 267.45 242.23 217.03 195.83 207.01 202.42 197.6 193.0 194.9 204.45 237.13 293.52 300.02 297.16 275.67 264.4 252.59 248.38 255.01 277.9 289.94 316.4 315.9 309.2 285.33 245.3 236.61 204.57 194.79 183.98 183.06 177.35 178.33 193.5 240.56 273.18 300.1 292.74 275.5 258.65 245.11 232.08 234.77 240.01 255.0 284.82 285.97 269.03 235.25 191.5 193.69 172.18 142.35 161.69 153.58 147.07 152.47 171.26 192.03 215.24 235.9 219.99 180.08 170.16 152.53 134.13 171.01 201.59 205.38 220.3 212.76 210.0 192.69 164.46 164.2 122.09 120.04 110.03 108.24 107.46 109.82 140.52 176.04 190.97 216.99 196.91 162.92 160.04 154.01 152.29 186.94 217.18 224.91 262.0 260.04 234.32 215.04 204.39 194.29 184.9 168.43 170.62 186.01 182.64 187.83 190.58 190.27 204.46 212.84 230.0 222.39 214.92 208.43 200.0 203.09 213.98 226.32 260.0 267.03 261.41 243.62 220.1 212.85 209.41 225.92 216.0 189.49 181.98 174.98 165.91 118.71 119.45 125.86 129.46 125.99 131.83 140.03 122.49 102.67 121.95 115.0 125.42 112.4 97.49 90.14 97.09 93.85 87.2 196.23 191.85 195.91 186.66 178.04 191.65 237.44 299.95 313.92 315.0 310.41 310.08 300.0 297.01 299.96 306.45 302.73 315.47 310.82 294.98 267.45 242.23 217.03 195.83 207.01 202.42 197.6 193.0 194.9 204.45 237.13 293.52 300.02 297.16 275.67 264.4 252.59 248.38 255.01 277.9 289.94 316.4 315.9 309.2 285.33 245.3 236.61 204.57 194.79 183.98 183.06 177.35 178.33 193.5 240.56 273.18 300.1 292.74 275.5 258.65 245.11 232.08 234.77 240.01 255.0 284.82 285.97 269.03 235.25 191.5 193.69 172.18 142.35 161.69 153.58 147.07 152.47 171.26 192.03 215.24 235.9 219.99 180.08 170.16 152.53 134.13 171.01 201.59 205.38 220.3 212.76 210.0 192.69 164.46 164.2 122.09 120.04 110.03 108.24 107.46 109.82 140.52 176.04 190.97 216.99 196.91 162.92 160.04 154.01 152.29 186.94 217.18 224.91 262.0 260.04 234.32 215.04 204.39 194.29 184.9 168.43 170.62 186.01 182.64 187.83 190.58 190.27 204.46 212.84 230.0 222.39 214.92 208.43 200.0 203.09 213.98 226.32 260.0 267.03 261.41 243.62 220.1
