448 5
1 41 39 31 32
1 0 0 0 0 0 3 1 2 3 0 120 27.11
8 0 1 3 1 10 3 13 20 24 1 97 38.71
6 0 6 9 2 1 1 15 1 92 35.53
6 0 4 7 9 7 3 4 5 7 1 129 42.78
5 0 4 1 1 10 3 6 10 12 7 153 42.86
9 0 7 10 9 3 1 17 7 118 40.14
5 0 4 8 2 9 2 9 11 12 146 34.93
7 0 8 4 9 5 2 8 26 7 105 36.15
3 0 3 2 4 4 1 24 14 150 24.15
1 0 7 6 1 7 1 14 17 128 44.64
6 0 5 5 5 8 1 16 12 148 39.02
6 0 5 6 8 9 3 13 17 30 17 125 24.55
8 0 1 5 2 7 1 19 12 122 37.59
2 1 0 0 0 0 1 28 23 137 31.66
2 1 0 0 0 0 1 27 18 101 37.64
2 0 7 8 10 9 3 17 24 29 7 84 36.17
4 0 9 5 10 3 3 18 21 22 18 105 26.72
2 0 8 9 5 4 1 28 23 104 44.52
9 0 3 7 4 4 2 20 29 22 135 34.66
6 0 5 3 5 8 1 28 20 153 31.11
6 1 0 0 0 0 1 26 31 141 38.81
8 1 0 0 0 0 1 25 22 109 33.02
5 1 0 0 0 0 1 23 22 123 43.64
1 0 9 5 9 3 1 25 27 102 33.95
4 1 0 0 0 0 1 30 17 105 44.84
10 0 4 2 9 2 1 26 30 140 32.97
5 0 1 9 6 7 1 27 40 119 44.43
2 0 10 6 2 3 1 30 45 152 24.92
6 0 2 7 3 10 1 31 26 103 28.42
8 0 8 3 6 7 1 31 31 145 28.27
8 0 3 1 6 9 1 31 47 128 31.14
1 0 0 0 0 0 0 55 162 40.26
1 0 0 0 0 0 3 33 34 35 0 137 35.11
5 0 0 1 10 0 3 36 39 44 1 89 26.43
6 0 6 0 3 0 3 43 48 51 1 87 35.17
2 0 6 3 8 6 3 36 37 44 1 77 25.36
1 0 5 0 2 0 3 40 45 46 6 97 29.5
3 0 7 0 0 0 3 38 48 54 3 103 35.25
7 0 0 5 5 3 3 39 46 51 6 103 28.86
4 0 0 10 0 0 2 42 52 13 129 29.41
7 0 8 10 0 0 3 41 51 54 7 135 28.58
10 1 0 0 0 0 3 43 48 49 14 136 43.78
1 0 1 0 7 0 2 43 45 17 112 37.11
5 1 0 0 0 0 2 47 58 24 145 45.3
10 0 0 9 0 0 3 54 56 58 6 137 38.32
10 0 0 0 0 8 3 49 55 57 18 147 35.02
8 0 0 0 5 2 3 49 52 56 13 123 31.68
2 0 0 0 8 0 1 50 29 143 43.03
3 1 0 0 0 0 2 50 60 24 135 39.97
10 1 0 0 0 0 1 58 28 155 46.36
2 1 0 0 0 0 3 53 55 59 31 151 28.71
10 1 0 0 0 0 3 52 53 59 14 154 26.22
10 0 2 0 0 0 2 55 57 24 156 27.57
6 0 1 4 4 0 2 56 57 33 159 33.63
10 0 0 0 2 1 3 60 61 62 16 160 24.98
7 0 6 0 9 0 1 61 34 173 27.5
10 0 7 0 6 0 1 62 39 173 33.7
4 0 3 0 0 0 1 62 39 122 26.81
2 0 0 0 3 1 2 59 60 38 172 32.75
6 0 0 0 0 2 1 61 40 115 38.45
4 0 4 0 7 4 1 63 40 158 30.44
5 0 6 3 0 0 1 63 46 155 25.24
1 0 8 2 3 0 1 63 49 165 46.1
1 0 0 0 0 0 0 51 180 30.06
1 0 0 0 0 0 3 65 66 67 0 130 38.48
2 0 6 0 0 0 3 68 84 85 1 140 30.12
6 0 0 0 1 0 2 71 77 1 148 32.72
4 0 0 4 0 0 3 69 70 72 1 149 25.04
1 0 10 0 0 0 3 74 81 83 3 117 32.86
5 0 0 0 2 0 1 79 5 114 41.56
9 0 1 0 0 0 3 73 74 79 5 108 45.95
2 0 0 0 3 0 2 75 89 7 96 35.01
6 0 0 8 0 0 3 76 83 85 5 122 42.51
2 0 0 0 0 5 3 84 88 92 14 122 30.7
1 0 3 0 0 0 3 78 80 90 14 141 35.67
10 0 0 0 0 3 3 76 82 87 9 105 32.42
4 0 3 0 0 0 1 80 19 149 41.75
10 0 0 1 0 0 1 82 7 150 44.18
5 0 0 0 6 0 1 86 15 135 41.58
3 0 0 0 1 0 3 84 86 88 14 150 36.82
1 1 0 0 0 0 1 92 23 131 41.94
9 0 0 0 2 0 2 88 92 4 131 27.76
7 0 0 0 0 2 3 85 86 90 19 101 31.03
9 1 0 0 0 0 1 93 11 137 46.51
8 1 0 0 0 0 1 87 17 123 43.94
7 0 0 4 0 0 1 91 26 104 46.28
4 1 0 0 0 0 2 91 93 26 164 40.24
4 1 0 0 0 0 2 90 94 25 164 31.47
8 0 0 0 0 8 1 89 17 125 43.51
4 1 0 0 0 0 1 91 25 140 42.39
3 1 0 0 0 0 1 93 29 169 28.33
10 0 0 0 6 0 1 94 33 122 42.03
6 0 8 0 0 0 1 95 24 161 43.7
10 0 0 0 4 0 1 95 32 128 46.33
7 0 0 5 0 0 1 95 43 149 36.51
1 0 0 0 0 0 0 50 153 45.69
1 0 0 0 0 0 3 97 98 99 0 81 29.05
1 0 6 5 3 5 3 103 109 110 1 103 47.23
6 0 2 9 9 5 3 100 101 106 1 100 31.81
9 0 4 5 9 8 3 102 106 108 1 127 37.29
6 0 7 6 8 6 3 104 113 121 7 96 30.76
2 0 6 7 4 5 3 102 103 105 7 143 37.14
5 0 7 1 4 1 2 125 126 10 130 36.91
7 0 10 5 8 5 3 111 114 115 9 132 39.25
2 0 3 5 4 10 3 114 115 126 13 86 24.85
7 0 1 6 6 8 3 111 112 117 9 107 38.03
4 0 7 1 5 2 3 107 109 117 10 111 33.17
5 0 8 4 5 4 3 110 111 118 14 131 35.41
3 0 10 2 9 10 3 110 114 120 10 140 38.95
7 0 4 3 8 10 3 112 116 120 14 97 37.72
8 0 4 10 2 10 2 112 115 19 109 31.16
7 0 6 7 8 8 2 122 124 19 100 47.12
5 1 0 0 0 0 3 113 119 121 27 138 33.39
1 1 0 0 0 0 1 122 32 170 26.61
5 0 10 3 10 9 3 116 117 119 16 109 38.83
6 1 0 0 0 0 2 116 125 27 133 34.97
9 0 5 8 8 7 1 124 33 116 41.31
6 1 0 0 0 0 1 123 21 157 46.51
2 1 0 0 0 0 3 119 120 121 19 100 45.46
9 0 9 9 5 7 1 123 32 166 35.84
6 0 6 1 9 5 1 124 21 125 35.65
7 1 0 0 0 0 2 122 126 32 157 24.72
9 0 5 3 4 6 1 123 39 138 28.4
8 0 6 10 4 7 1 125 48 183 39.58
7 0 8 6 8 4 1 127 42 154 35.31
4 0 9 1 1 2 1 127 56 177 31.67
9 0 8 4 3 6 1 127 39 157 30.16
1 0 0 0 0 0 0 60 168 43.8
1 0 0 0 0 0 3 129 130 131 0 111 40.93
1 0 0 0 0 2 3 133 134 136 1 132 30.03
9 0 10 0 0 3 3 137 140 146 1 132 46.77
5 0 5 4 7 7 3 132 138 142 1 93 41.21
2 0 0 0 6 2 3 135 147 158 6 113 30.16
7 0 4 8 0 3 3 139 141 143 2 124 29.94
9 0 1 9 1 10 1 149 2 116 33.01
6 0 4 10 2 4 2 143 148 8 143 45.71
7 1 0 0 0 0 3 144 145 150 2 98 32.93
10 0 10 0 9 8 3 147 150 151 10 118 28.17
6 1 0 0 0 0 1 144 6 87 43.96
5 0 0 7 10 0 2 142 153 9 153 30.03
10 0 1 0 0 3 3 141 147 151 10 120 44.96
5 0 6 0 2 8 2 142 145 20 142 38.89
6 0 4 3 5 0 3 144 152 157 25 161 28.14
10 1 0 0 0 0 1 149 14 104 42.07
2 0 0 7 3 2 1 155 31 148 32.18
5 0 9 9 1 3 1 154 25 119 31.3
10 0 0 9 4 2 2 148 152 10 148 30.22
9 0 0 5 3 9 2 154 156 20 163 37.52
3 0 2 0 3 7 1 156 20 95 24.65
1 0 6 2 0 4 2 150 154 24 125 38.29
7 0 9 10 0 0 1 157 25 105 44.06
2 0 3 10 2 0 2 152 153 20 154 47.24
2 0 1 7 9 0 1 158 31 158 45.43
9 0 5 0 7 10 1 158 22 131 34.07
8 0 4 10 0 9 1 157 30 174 30.65
1 0 2 4 1 0 1 156 33 159 30.35
1 0 10 5 0 9 1 159 34 126 41.55
1 0 5 1 9 1 1 159 38 118 35.18
3 0 8 0 7 4 1 159 33 142 41.28
1 0 0 0 0 0 0 39 124 28.64
1 0 0 0 0 0 3 161 162 163 0 103 40.87
3 0 9 2 4 2 3 164 166 168 1 81 39.66
9 0 7 2 6 8 2 165 172 1 134 29.04
3 0 7 1 6 9 3 171 172 180 1 135 34.35
1 0 10 2 2 4 3 167 174 176 4 147 30.41
9 0 7 1 7 6 3 171 175 180 10 135 39.09
2 0 2 8 2 10 3 170 173 186 4 119 31.85
7 0 2 5 1 5 3 169 173 186 5 126 30.8
10 0 6 8 2 6 3 170 171 174 4 113 47.54
10 0 7 7 4 7 3 175 179 190 12 163 39.82
4 0 1 10 4 2 3 172 176 189 14 112 34.35
5 0 3 6 3 1 3 177 179 185 19 138 35.92
9 0 6 5 3 5 2 175 179 18 99 31.36
2 0 4 4 6 10 2 180 184 12 116 38.88
10 0 3 7 6 7 3 181 182 190 14 122 32.19
6 0 6 2 1 8 2 178 181 27 119 37.23
8 1 0 0 0 0 3 178 183 185 18 105 34.22
8 1 0 0 0 0 3 178 182 183 24 154 39.31
8 0 4 1 6 7 2 184 187 33 124 35.17
4 1 0 0 0 0 1 181 27 124 27.79
3 0 5 9 8 2 2 185 189 19 107 30.29
5 1 0 0 0 0 2 183 187 33 131 29.84
6 0 7 9 4 3 2 186 187 32 127 34.16
10 0 4 4 4 5 1 184 38 134 34.05
8 0 9 5 2 10 1 188 48 159 26.31
1 0 2 5 10 3 2 188 190 26 144 43.56
8 0 3 5 10 9 1 189 38 115 25.05
6 0 8 10 1 5 1 188 41 174 45.87
5 0 10 10 5 3 1 191 56 170 29.06
7 0 6 7 4 6 1 191 46 141 34.79
5 0 1 5 4 5 1 191 27 137 37.49
1 0 0 0 0 0 0 61 194 29.24
1 0 0 0 0 0 3 193 194 195 0 76 25.91
9 0 3 0 1 0 3 196 199 207 1 89 32.88
8 0 8 7 0 0 3 197 203 205 1 88 38.98
1 0 2 2 5 2 3 200 201 216 1 84 37.78
6 0 5 0 0 10 1 198 10 137 46.62
6 0 7 2 1 5 2 210 218 9 135 44.77
5 1 0 0 0 0 3 202 208 217 16 146 42.9
6 0 3 6 1 0 1 221 10 124 38.04
8 0 1 0 0 9 1 204 2 86 38.81
1 0 4 5 2 1 3 205 209 211 2 89 27.0
6 0 9 7 0 1 1 214 21 164 44.05
8 0 2 10 5 4 1 212 9 103 34.37
2 1 0 0 0 0 2 210 222 10 155 35.85
5 0 0 10 8 8 2 206 215 9 95 27.26
5 1 0 0 0 0 1 218 14 150 42.0
5 0 0 4 7 0 1 209 10 129 46.16
7 0 5 9 5 4 2 213 219 21 125 30.29
9 1 0 0 0 0 1 218 15 153 46.62
5 0 3 0 6 2 1 221 15 148 26.09
6 0 3 4 0 5 1 220 3 133 42.24
1 1 0 0 0 0 1 213 17 122 32.36
8 0 0 9 6 7 1 220 28 158 43.18
2 0 10 0 0 7 1 222 27 149 27.49
6 0 3 2 4 9 2 217 219 14 162 46.6
9 0 3 10 0 2 1 219 2 147 39.82
10 0 4 7 0 10 1 220 21 157 47.29
2 0 9 0 7 2 1 221 24 109 43.06
4 0 4 10 7 5 1 222 28 169 40.33
6 0 9 5 9 6 1 223 36 150 37.28
3 0 0 0 1 8 1 223 26 167 26.92
4 0 0 10 0 8 1 223 32 138 45.34
1 0 0 0 0 0 0 42 166 30.57
1 0 0 0 0 0 3 225 226 227 0 92 26.63
9 0 0 4 0 0 3 231 241 244 1 98 38.38
3 0 9 0 0 0 3 228 232 238 1 91 30.7
1 0 0 4 0 0 3 229 230 246 1 146 33.02
7 0 0 6 0 0 2 242 250 4 84 45.5
4 0 0 0 8 0 3 238 241 254 2 139 24.64
3 0 0 0 1 0 1 254 2 109 27.51
6 0 0 0 5 0 1 245 10 100 40.44
6 0 0 0 9 0 3 233 235 244 4 145 32.72
3 0 0 0 10 0 3 234 237 245 10 150 24.47
8 0 3 0 0 0 1 236 13 142 31.53
6 0 0 0 0 2 1 252 10 132 36.68
1 0 0 0 0 8 3 240 243 248 21 98 31.26
9 0 0 0 2 0 3 239 248 249 13 162 31.95
6 0 10 0 0 0 2 248 250 6 96 39.31
3 0 5 0 0 0 1 242 22 154 36.86
2 1 0 0 0 0 3 242 246 251 22 125 38.25
5 0 0 0 4 0 3 245 249 250 10 117 35.89
3 1 0 0 0 0 2 247 253 25 99 41.08
4 1 0 0 0 0 2 247 249 22 139 24.71
7 0 0 0 0 3 1 246 10 151 30.48
3 1 0 0 0 0 1 251 16 107 37.45
6 1 0 0 0 0 1 247 24 140 47.47
6 0 0 0 0 9 1 254 30 163 37.0
7 0 0 4 0 0 1 252 22 166 24.13
9 0 0 5 0 0 1 253 26 119 35.57
8 1 0 0 0 0 2 251 252 15 109 25.2
10 0 0 0 0 6 1 253 24 157 23.99
4 0 1 0 0 0 1 255 29 126 30.36
2 0 0 0 7 0 1 255 35 123 24.45
6 0 8 0 0 0 1 255 36 163 47.77
1 0 0 0 0 0 0 42 173 25.12
1 0 0 0 0 0 3 257 258 259 0 78 44.78
4 0 1 3 0 1 1 261 1 136 45.86
1 0 1 0 0 0 2 260 263 1 133 41.16
8 0 7 4 0 0 1 270 1 131 36.42
1 0 3 0 0 0 3 266 276 282 2 143 39.3
10 0 1 0 8 0 3 262 265 269 5 158 29.2
8 0 0 1 10 0 1 267 15 111 39.92
4 0 9 5 8 0 2 264 286 2 109 45.02
1 0 0 9 10 0 1 277 6 145 42.72
10 0 0 4 6 7 2 271 275 15 151 45.18
7 0 8 0 2 0 1 280 3 94 34.49
9 1 0 0 0 0 2 268 279 23 166 46.02
1 1 0 0 0 0 1 273 32 114 36.53
4 0 9 3 0 0 3 273 278 283 15 93 26.08
7 0 0 9 6 1 1 281 9 132 39.74
10 0 0 6 0 0 3 272 280 283 25 123 34.34
1 0 9 0 5 0 1 274 35 145 32.28
6 0 4 4 10 0 2 274 284 33 112 43.13
1 0 5 0 4 10 1 282 39 148 30.11
8 0 5 0 0 2 1 280 25 161 34.94
3 0 0 0 4 3 1 283 3 98 34.55
10 0 3 0 2 0 3 279 281 284 7 158 41.34
3 1 0 0 0 0 1 279 19 142 28.55
7 0 0 7 6 0 1 285 32 112 32.84
1 0 6 0 0 0 1 285 35 133 26.49
9 0 1 0 9 0 1 285 17 122 25.02
7 0 8 0 3 8 1 286 40 150 37.84
4 0 10 0 1 5 1 284 35 140 47.12
7 0 0 4 0 0 1 287 39 127 35.38
6 0 0 8 0 0 1 287 39 130 40.23
4 0 10 0 1 0 1 287 47 166 36.82
1 0 0 0 0 0 0 51 170 40.79
1 0 0 0 0 0 3 289 290 291 0 137 44.23
2 0 0 9 0 0 3 292 293 294 1 137 31.21
7 0 0 0 2 0 3 297 301 302 1 108 33.73
9 0 8 6 0 3 3 292 294 295 1 116 40.27
7 1 0 0 0 0 3 299 300 304 10 129 35.37
6 0 8 0 2 0 3 298 300 305 3 108 37.34
2 0 0 8 0 0 3 296 301 315 10 129 40.92
2 0 0 10 7 0 3 301 309 312 10 92 36.52
8 0 0 3 0 0 3 299 308 318 12 154 26.09
6 0 1 0 0 10 1 298 8 154 32.78
8 0 10 6 0 6 2 303 304 14 116 28.41
2 1 0 0 0 0 2 303 311 20 150 39.94
1 1 0 0 0 0 3 303 306 309 17 146 45.92
9 1 0 0 0 0 3 308 310 311 12 128 45.96
3 0 0 4 0 2 3 307 309 312 8 104 24.91
7 0 0 9 5 0 1 317 22 143 36.33
2 1 0 0 0 0 2 306 307 22 148 37.94
3 0 0 0 5 9 3 306 308 312 9 100 25.11
7 0 3 3 0 7 3 310 315 316 24 150 29.68
8 1 0 0 0 0 2 310 314 24 105 31.39
6 1 0 0 0 0 2 313 316 21 165 38.95
6 1 0 0 0 0 2 311 314 18 128 26.15
2 0 6 10 0 5 2 313 318 32 172 30.95
3 0 4 7 0 0 1 316 24 103 41.57
8 0 7 0 6 0 3 313 314 318 12 100 29.9
6 0 6 10 5 0 1 317 34 131 27.3
9 0 0 3 0 9 1 315 32 172 31.53
4 0 0 0 0 8 1 317 41 181 28.59
8 0 4 8 9 10 1 319 31 170 26.17
2 0 0 4 0 5 1 319 45 167 45.66
9 0 5 0 0 5 1 319 34 162 34.57
1 0 0 0 0 0 0 47 180 32.35
1 0 0 0 0 0 3 321 322 323 0 113 43.75
1 0 2 1 3 7 3 327 329 331 1 96 35.83
5 0 7 3 4 10 2 324 325 1 118 35.34
1 0 7 6 10 1 3 326 327 334 1 88 42.9
9 0 4 8 4 10 2 330 332 6 137 39.22
4 0 3 9 7 10 3 330 335 346 6 131 41.14
6 0 3 9 10 9 3 331 335 338 2 97 38.04
3 0 8 9 10 9 1 328 2 119 33.41
8 0 3 7 4 9 3 333 340 346 5 130 40.84
10 0 4 3 6 4 1 337 2 123 24.25
4 1 0 0 0 0 3 334 342 344 15 99 27.35
6 0 9 6 5 10 1 341 8 92 32.09
10 0 2 7 9 1 3 336 341 348 15 136 36.08
9 0 10 5 4 10 3 335 344 349 13 103 37.1
5 1 0 0 0 0 1 347 19 109 39.52
1 1 0 0 0 0 1 347 22 151 29.61
10 0 2 3 10 8 3 338 342 343 25 161 30.37
2 0 5 7 9 2 2 339 343 12 137 37.15
4 0 10 2 2 9 2 340 345 35 108 32.27
4 1 0 0 0 0 3 344 345 350 14 128 29.9
7 0 8 5 7 3 1 350 39 147 43.64
3 1 0 0 0 0 1 342 25 148 27.27
8 0 7 5 10 10 1 345 35 111 24.0
9 0 8 1 1 4 2 346 349 35 129 42.53
7 0 7 10 6 10 1 347 22 123 31.21
7 0 6 6 7 8 1 349 43 136 26.08
2 0 10 9 7 10 1 350 44 169 45.13
9 0 8 2 9 2 1 348 29 164 26.02
6 0 7 6 2 9 1 351 38 179 31.54
5 0 1 8 8 8 1 351 50 182 32.5
5 0 10 3 1 4 1 351 46 152 40.07
1 0 0 0 0 0 0 55 144 46.38
1 0 0 0 0 0 3 353 354 355 0 75 27.31
8 0 0 0 0 3 3 356 361 362 1 85 43.4
4 0 0 1 0 0 3 356 359 366 1 112 28.59
9 0 0 0 0 4 1 358 1 138 33.5
9 0 8 0 0 0 3 357 367 369 9 125 29.52
2 0 0 0 0 2 1 379 18 156 39.2
5 0 0 0 4 0 3 363 366 371 10 145 26.35
1 0 0 3 0 0 3 360 368 375 5 80 32.58
2 0 0 0 0 5 2 365 381 6 127 32.79
6 0 0 10 0 0 2 364 374 9 144 40.5
9 0 4 0 0 0 1 380 9 98 35.18
1 0 0 0 9 0 3 365 367 377 15 142 39.82
10 0 7 0 0 0 1 370 15 157 24.28
10 1 0 0 0 0 1 376 16 143 37.01
5 0 2 0 0 0 2 368 372 15 156 39.55
7 0 0 10 0 0 2 374 375 18 158 30.1
9 1 0 0 0 0 2 373 380 20 147 25.02
4 0 0 0 8 0 3 371 373 378 18 96 30.92
1 1 0 0 0 0 3 371 377 379 25 159 35.32
4 0 0 0 2 0 1 381 26 108 26.44
2 1 0 0 0 0 3 373 374 378 20 110 33.72
3 1 0 0 0 0 2 377 382 29 102 29.61
7 0 2 0 0 0 1 380 25 102 35.6
4 1 0 0 0 0 1 376 25 118 36.61
8 0 0 5 0 0 2 378 379 29 151 30.89
6 0 0 8 0 0 1 381 32 152 38.26
10 0 0 0 0 4 1 382 37 147 24.0
9 0 0 9 0 0 1 382 37 152 29.94
3 0 0 0 5 0 1 383 32 135 41.92
4 0 0 0 8 0 1 383 38 171 25.6
1 0 9 0 0 0 1 383 47 143 40.65
1 0 0 0 0 0 0 48 176 47.54
1 0 0 0 0 0 3 385 386 387 0 129 24.14
9 0 10 7 0 7 3 389 390 400 1 124 25.42
7 0 8 0 1 7 3 395 398 403 1 116 28.02
8 0 8 0 5 4 2 388 389 1 85 30.92
6 0 1 9 0 5 1 409 9 140 41.71
4 0 7 0 10 6 2 393 396 10 137 38.22
2 0 9 0 10 5 3 391 412 413 10 105 35.47
2 0 9 2 10 8 3 392 394 405 12 152 43.98
4 0 9 3 10 2 1 397 14 127 32.6
8 0 0 10 6 5 3 398 399 401 14 157 29.25
6 0 0 1 0 5 2 397 407 14 108 42.27
5 0 1 3 0 4 2 402 404 8 90 24.78
2 0 10 10 1 9 3 397 402 403 14 142 26.65
6 0 6 0 7 0 2 406 409 20 138 30.04
1 1 0 0 0 0 3 402 408 410 22 98 29.68
2 1 0 0 0 0 1 405 22 123 37.54
5 0 2 6 4 4 2 404 406 10 152 42.41
3 1 0 0 0 0 3 405 409 411 22 112 36.33
6 1 0 0 0 0 2 406 407 23 118 33.37
10 0 10 7 4 0 1 413 16 160 29.27
9 0 1 3 0 0 1 408 15 102 29.48
5 1 0 0 0 0 2 407 410 25 116 33.49
9 0 2 2 3 2 1 414 29 155 35.57
7 0 9 5 9 0 1 414 30 167 38.43
10 0 8 5 0 3 2 411 412 24 116 39.93
4 0 8 4 0 3 1 410 26 165 26.97
7 0 2 7 0 5 1 414 30 152 45.54
9 0 0 0 5 1 1 413 34 154 43.24
3 0 8 10 3 0 1 415 34 131 44.4
6 0 4 1 4 0 1 415 43 164 25.55
4 0 5 0 0 8 1 415 38 176 45.06
1 0 0 0 0 0 0 49 156 45.08
1 0 0 0 0 0 3 417 418 419 0 74 44.69
1 0 0 1 0 0 3 424 429 437 1 94 24.91
6 0 0 7 0 0 3 420 428 440 1 106 27.3
1 0 0 0 6 0 2 422 439 1 97 39.3
5 0 0 7 0 0 2 421 425 7 95 32.46
3 0 0 7 0 0 3 423 434 437 12 116 43.48
1 0 7 0 0 0 3 426 427 433 2 116 33.69
7 0 1 0 0 0 2 431 436 15 133 41.74
7 0 0 0 0 3 2 432 445 2 101 42.88
4 0 0 0 0 4 1 446 12 94 38.15
5 0 0 0 0 2 1 442 3 91 26.95
3 0 0 0 4 0 1 431 3 112 26.36
7 0 0 0 4 0 2 430 444 7 92 44.4
3 0 9 0 0 0 1 442 2 97 45.13
2 0 0 0 0 10 1 437 14 97 32.78
1 0 0 0 6 0 1 435 22 153 47.0
5 0 0 10 0 0 1 443 9 104 28.91
9 0 7 0 0 0 1 438 3 89 32.96
7 0 7 0 0 0 1 442 15 141 38.25
10 0 0 0 1 0 1 441 23 124 47.26
7 1 0 0 0 0 1 441 22 153 31.28
1 0 0 0 0 4 1 439 16 108 34.46
9 0 9 0 0 0 2 441 445 12 109 39.05
2 0 0 0 0 9 1 446 17 114 41.64
4 0 0 8 0 0 1 445 7 144 47.21
10 0 0 0 6 0 2 443 444 33 112 36.79
10 1 0 0 0 0 1 443 22 124 40.61
9 0 0 0 0 2 1 446 43 142 24.03
5 0 9 0 0 0 1 447 43 182 44.89
5 1 0 0 0 0 1 447 21 130 46.03
9 0 0 0 0 8 1 447 52 186 40.24
1 0 0 0 0 0 0 61 156 32.88
375.03 361.09 360.64 350.0 352.99 369.18 391.51 428.38 466.77 452.8 431.41 407.06 402.31 392.13 392.77 380.09 400.05 448.84 495.0 520.01 555.72 536.69 507.0 475.42 329.79 339.71 349.78 340.48 338.2 409.22 416.78 514.41 514.9 488.44 450.0 424.95 417.08 410.06 410.09 418.06 442.53 506.91 600.05 650.0 604.0 560.46 437.94 498.65 523.94 483.88 472.13 460.73 467.15 492.65 550.19 597.18 616.33 575.1 549.97 526.89 511.39 495.95 504.4 514.54 541.6 593.3 676.04 747.93 681.0 629.09 552.03 509.36 523.92 479.9 480.0 476.49 481.25 503.54 550.0 598.9 620.83 613.59 610.08 578.28 561.86 562.98 543.32 543.44 586.04 592.88 641.79 657.69 646.92 600.06 562.49 524.93 510.09 467.63 450.1 438.86 439.39 469.62 530.07 571.56 588.25 574.59 565.59 548.41 538.13 493.22 471.6 470.38 490.86 517.42 545.56 568.99 569.4 550.0 530.58 504.93 512.09 500.05 480.09 460.04 452.61 452.15 471.69 475.03 484.93 480.02 464.5 443.19 434.11 394.74 388.21 377.54 417.53 402.56 475.06 529.91 551.72 540.01 513.36 461.45 430.27 381.0 374.94 344.27 323.0 324.07 365.99 348.35 332.0 317.26 254.52 279.75 278.38 222.95 189.43 236.13 319.77 455.0 530.0 592.0 623.89 609.4 593.98 569.29 375.03 361.09 360.64 350.0 352.99 369.18 391.51 428.38 466.77 452.8 431.41 407.06 402.31 392.13 392.77 380.09 400.05 448.84 495.0 520.01 555.72 536.69 507.0 475.42 329.79 339.71 349.78 340.48 338.2 409.22 416.78 514.41 514.9 488.44 450.0 424.95 417.08 410.06 410.09 418.06 442.53 506.91 600.05 650.0 604.0 560.46 437.94 498.65 523.94 483.88 472.13 460.73 467.15 492.65 550.19 597.18 616.33 575.1 549.97 526.89 511.39 495.95 504.4 514.54 541.6 593.3 676.04 747.93 681.0 629.09 552.03 509.36 523.92 479.9 480.0 476.49 481.25 503.54 550.0 598.9 620.83 613.59 610.08 578.28 561.86 562.98 543.32 543.44 586.04 592.88 641.79 657.69 646.92 600.06 562.49 524.93 510.09 467.63 450.1 438.86 439.39 469.62 530.07 571.56 588.25 574.59 565.59 548.41 538.13 493.22 471.6 470.38 490.86 517.42 545.56 568.99 569.4 550.0 530.58 504.93 512.09 500.05 480.09 460.04 452.61 452.15 471.69 475.03 484.93 480.02 464.5 443.19 434.11 394.74 388.21 377.54 417.53 402.56 475.06 529.91 551.72 540.01 513.36 461.45 430.27 381.0 374.94 344.27 323.0 324.07 365.99 348.35 332.0 317.26 254.52 279.75 278.38 222.95 189.43 236.13 319.77 455.0 530.0 592.0 623.89 609.4 593.98 569.29 375.03 361.09 360.64 350.0 352.99 369.18 391.51 428.38 466.77 452.8 431.41 407.06 402.31 392.13 392.77 380.09 400.05 448.84 495.0 520.01 555.72 536.69 507.0 475.42 329.79 339.71 349.78 340.48 338.2 409.22 416.78 514.41 514.9 488.44 450.0 424.95 417.08 410.06 410.09 418.06 442.53 506.91 600.05 650.0 604.0 560.46 437.94 498.65 523.94 483.88 472.13 460.73 467.15 492.65 550.19 597.18 616.33 575.1 549.97 526.89 511.39 495.95 504.4 514.54 541.6 593.3 676.04 747.93 681.0 629.09 552.03 509.36 523.92 479.9 480.0 476.49 481.25 503.54 550.0 598.9 620.83 613.59 610.08 578.28 561.86 562.98 543.32 543.44 586.04 592.88 641.79 657.69 646.92 600.06 562.49 524.93 510.09 467.63 450.1 438.86 439.39 469.62 530.07 571.56 588.25 574.59 565.59 548.41 538.13 493.22 471.6 470.38 490.86 517.42 545.56 568.99 569.4 550.0 530.58 504.93 512.09 500.05 480.09 460.04 452.61 452.15 471.69 475.03 484.93 480.02 464.5 443.19 434.11 394.74 388.21 377.54 417.53 402.56 475.06 529.91 551.72 540.01 513.36 461.45 430.27 381.0 374.94 344.27 323.0 324.07 365.99 348.35 332.0 317.26 254.52 279.75 278.38 222.95 189.43 236.13 319.77 455.0 530.0 592.0 623.89 609.4 593.98 569.29 375.03 361.09 360.64 350.0 352.99 369.18 391.51 428.38 466.77 452.8 431.41 407.06 402.31 392.13 392.77 380.09 400.05 448.84 495.0 520.01 555.72 536.69 507.0 475.42 329.79 339.71 349.78 340.48 338.2 409.22 416.78 514.41 514.9 488.44 450.0 424.95 417.08 410.06 410.09 418.06 442.53 506.91 600.05 650.0 604.0 560.46 437.94 498.65 523.94 483.88 472.13 460.73 467.15 492.65 550.19 597.18 616.33 575.1 549.97 526.89 511.39 495.95 504.4 514.54 541.6 593.3 676.04 747.93 681.0 629.09 552.03 509.36 523.92 479.9 480.0 476.49 481.25 503.54 550.0 598.9 620.83 613.59 610.08 578.28 561.86 562.98 543.32 543.44 586.04 592.88 641.79 657.69 646.92 600.06 562.49 524.93 510.09 467.63 450.1 438.86 439.39 469.62 530.07 571.56 588.25 574.59 565.59 548.41 538.13 493.22 471.6 470.38 490.86 517.42 545.56 568.99 569.4 550.0 530.58 504.93 512.09 500.05 480.09 460.04 452.61 452.15 471.69 475.03 484.93 480.02 464.5 443.19 434.11 394.74 388.21 377.54 417.53 402.56 475.06 529.91 551.72 540.01 513.36 461.45 430.27 381.0 374.94 344.27 323.0 324.07 365.99 348.35 332.0 317.26 254.52 279.75 278.38 222.95 189.43 236.13 319.77 455.0 530.0 592.0 623.89 609.4 593.98 569.29 375.03 361.09 360.64 350.0 352.99 369.18 391.51 428.38 466.77 452.8 431.41 407.06 402.31 392.13 392.77 380.09 400.05 448.84 495.0 520.01 555.72 536.69 507.0 475.42 329.79 339.71 349.78 340.48 338.2 409.22 416.78 514.41 514.9 488.44 450.0 424.95 417.08 410.06 410.09 418.06 442.53 506.91 600.05 650.0 604.0 560.46 437.94 498.65 523.94 483.88 472.13 460.73 467.15 492.65 550.19 597.18 616.33 575.1
