448 5
1 43 40 44 39
1 0 0 0 0 0 3 1 2 3 0 133 8.57
7 0 10 1 9 3 3 5 12 21 1 150 6.91
3 0 1 4 7 4 3 6 16 19 1 104 6.91
2 0 3 7 6 10 3 4 8 13 1 104 7.88
1 0 5 4 7 5 3 7 9 10 3 112 6.77
9 0 8 10 10 3 3 9 10 16 8 152 4.82
7 0 3 7 4 10 3 14 18 21 4 117 8.92
5 0 4 6 10 7 3 11 16 20 4 99 4.64
3 0 10 8 1 7 3 10 12 27 3 86 8.69
4 1 0 0 0 0 3 11 14 17 17 109 7.71
9 0 6 10 1 5 2 15 30 17 168 7.95
5 1 0 0 0 0 3 19 22 24 21 151 5.08
7 0 5 9 10 9 3 14 17 24 8 109 5.72
2 0 3 10 8 8 3 18 25 26 3 102 5.18
5 0 8 9 8 6 1 28 21 140 8.05
5 0 8 4 5 1 2 17 24 26 128 5.72
6 0 7 2 5 1 3 18 23 26 17 146 8.57
8 1 0 0 0 0 2 19 20 31 161 8.58
7 0 8 4 7 2 3 22 27 28 23 124 4.82
5 1 0 0 0 0 1 23 39 115 9.0
1 1 0 0 0 0 2 23 29 39 161 5.28
5 1 0 0 0 0 3 22 25 26 11 89 5.71
9 0 1 8 3 1 1 30 30 161 8.02
9 0 3 5 10 4 1 25 44 151 5.02
6 0 2 8 5 5 1 29 31 163 8.8
10 0 10 10 2 6 1 28 53 148 7.01
7 0 7 9 5 4 2 27 29 23 138 7.73
6 0 2 4 10 8 1 30 30 115 7.68
2 0 10 7 6 4 1 31 63 172 7.17
7 0 8 10 1 3 1 31 40 160 7.68
5 0 9 10 9 9 1 31 39 122 8.4
1 0 0 0 0 0 0 65 192 7.65
1 0 0 0 0 0 3 33 34 35 0 116 7.64
7 0 3 10 4 4 3 36 46 52 1 92 5.97
10 0 5 8 9 8 3 38 39 45 1 130 7.82
2 0 4 4 3 9 3 42 45 55 1 94 5.99
6 0 7 5 9 10 3 37 40 41 8 151 8.38
8 0 4 7 3 4 3 39 44 61 14 113 6.12
1 0 2 6 9 7 3 44 46 52 11 88 5.03
8 0 3 7 9 8 2 47 49 22 154 7.93
1 0 10 4 8 3 3 42 47 51 14 136 7.56
7 0 10 10 3 1 3 43 49 50 14 126 6.2
4 0 4 1 4 5 3 48 54 57 15 118 8.23
6 1 0 0 0 0 3 44 45 53 21 122 5.83
4 1 0 0 0 0 2 47 62 27 168 7.54
9 1 0 0 0 0 3 54 58 60 27 148 5.46
10 0 8 1 3 9 3 49 50 51 12 97 8.97
1 1 0 0 0 0 1 48 31 107 6.43
7 0 10 2 8 5 1 60 32 131 8.36
8 0 6 3 3 8 3 55 56 57 30 133 8.88
6 1 0 0 0 0 3 53 58 59 22 161 6.09
2 1 0 0 0 0 2 56 59 22 105 6.05
5 0 6 5 9 1 3 53 54 58 12 113 4.8
6 0 2 3 9 7 3 55 56 57 28 169 5.06
2 0 2 10 8 4 1 59 36 112 6.69
2 0 10 10 7 7 1 60 38 153 6.42
6 0 6 7 9 5 1 62 38 132 8.37
9 0 8 6 4 7 1 62 38 150 7.86
4 0 7 5 7 7 1 61 36 138 5.25
10 0 2 10 9 4 1 61 38 168 5.46
3 0 7 9 6 6 1 63 40 135 5.5
5 0 10 4 6 4 1 63 48 151 8.87
8 0 9 4 4 9 1 63 47 130 8.0
1 0 0 0 0 0 0 55 183 6.75
1 0 0 0 0 0 3 65 66 67 0 133 7.62
3 0 9 2 4 2 3 68 70 72 1 104 8.72
9 0 7 2 6 8 2 69 76 1 147 4.78
3 0 7 1 6 9 3 75 76 84 1 100 5.81
1 0 10 2 2 4 3 71 78 80 4 93 4.85
9 0 7 1 7 6 3 75 79 84 10 94 6.0
2 0 2 8 2 10 3 74 77 90 4 141 8.08
7 0 2 5 1 5 3 73 77 90 5 100 4.93
10 0 6 8 2 6 3 74 75 78 4 160 5.97
10 0 7 7 4 7 3 79 83 94 12 161 8.49
4 0 1 10 4 2 3 76 80 93 14 108 6.52
5 0 3 6 3 1 3 81 83 89 19 114 5.72
9 0 6 5 3 5 2 79 83 18 142 7.83
2 0 4 4 6 10 2 84 88 12 150 8.1
10 0 3 7 6 7 3 85 86 94 14 148 4.7
6 1 0 0 0 0 2 82 85 27 104 4.88
8 1 0 0 0 0 3 82 87 89 18 154 5.54
8 1 0 0 0 0 3 82 86 87 24 106 7.82
8 0 4 1 6 7 2 88 91 33 124 7.46
4 0 2 10 6 6 1 85 27 126 4.83
3 0 5 9 8 2 2 89 93 19 99 6.08
5 1 0 0 0 0 2 87 91 33 159 5.86
6 0 7 9 4 3 2 90 91 32 144 7.9
10 0 4 4 4 5 1 88 38 119 8.44
8 0 9 5 2 10 1 92 48 132 7.67
1 0 2 5 10 3 2 92 94 26 168 6.86
8 0 3 5 10 9 1 93 38 179 8.94
6 0 8 10 1 5 1 92 41 135 7.68
5 0 10 10 5 3 1 95 56 140 5.27
7 0 6 7 4 6 1 95 46 135 7.78
5 0 1 5 4 5 1 95 27 135 5.03
1 0 0 0 0 0 0 61 139 6.47
1 0 0 0 0 0 3 97 98 99 0 84 5.43
7 0 9 3 0 6 3 101 102 108 1 133 4.72
4 0 3 5 6 1 2 110 122 1 132 6.84
10 0 10 0 0 0 2 100 105 1 126 7.74
2 0 1 3 0 2 1 113 11 100 7.19
10 0 4 7 3 9 3 104 119 126 8 124 8.11
4 0 10 7 1 0 3 103 107 114 8 157 7.81
5 1 0 0 0 0 3 113 116 121 12 97 5.31
4 0 7 8 2 0 2 109 118 18 127 7.93
10 0 6 2 2 7 3 106 112 114 11 94 8.71
3 1 0 0 0 0 3 116 123 124 21 121 5.73
7 0 7 8 1 0 2 117 118 12 143 9.06
9 0 4 7 3 6 2 111 124 8 131 7.53
5 0 8 6 3 3 2 112 115 22 132 7.36
3 0 0 7 0 7 3 116 117 121 5 155 6.2
2 0 5 0 3 10 1 126 17 128 5.15
2 0 3 10 8 6 2 117 121 27 124 8.02
3 0 5 0 1 4 2 118 122 17 114 5.06
5 1 0 0 0 0 2 119 122 21 153 5.07
4 0 8 8 0 6 2 120 124 27 134 8.96
7 0 0 3 0 0 1 119 24 132 6.31
1 0 0 7 0 0 1 120 29 140 9.07
1 0 6 8 10 4 1 125 22 109 9.0
3 0 7 8 0 8 1 120 31 124 8.72
5 0 9 10 0 3 1 125 34 178 7.0
1 0 0 8 3 3 1 123 29 150 6.24
1 0 0 0 6 4 2 123 126 26 170 7.98
4 0 7 7 8 0 1 125 30 128 8.08
1 0 10 0 8 5 1 127 31 151 7.41
3 0 2 0 4 8 1 127 39 116 8.47
6 0 2 5 9 1 1 127 27 168 8.2
1 0 0 0 0 0 0 42 154 6.71
1 0 0 0 0 0 3 129 130 131 0 97 8.95
6 0 1 0 0 2 1 134 1 89 4.87
9 0 7 7 3 0 2 135 140 1 124 5.38
7 0 10 0 10 3 3 132 133 145 1 122 7.77
1 0 1 0 8 9 2 138 142 8 157 6.99
2 0 0 0 5 9 3 136 139 144 8 86 5.46
5 0 5 0 10 0 2 137 147 7 103 8.16
7 0 0 0 3 9 2 149 153 10 155 8.09
7 0 0 5 1 0 2 143 151 10 142 7.63
7 0 7 2 0 0 2 152 156 12 108 7.33
1 0 8 0 3 10 1 140 9 101 8.12
3 0 5 6 0 0 2 155 157 10 134 6.27
1 0 0 7 0 8 3 141 146 156 10 133 4.7
8 0 8 0 10 4 1 150 11 140 7.98
1 0 9 0 0 0 1 154 9 132 7.04
7 1 0 0 0 0 1 154 17 117 4.69
1 0 0 0 10 0 1 146 10 123 8.53
2 0 3 7 0 0 1 152 8 131 8.64
6 0 0 0 0 8 1 148 11 138 8.05
4 0 0 9 5 0 2 151 157 12 138 4.82
9 1 0 0 0 0 1 152 17 157 5.65
6 1 0 0 0 0 1 158 17 107 5.46
5 1 0 0 0 0 1 154 19 154 6.76
2 1 0 0 0 0 2 153 158 17 111 4.81
9 0 9 0 8 0 1 158 26 147 5.39
1 0 9 4 7 0 1 155 19 110 8.36
2 0 5 4 0 0 1 157 24 99 7.68
8 1 0 0 0 0 1 156 20 108 5.75
5 0 0 9 9 5 1 159 28 175 5.4
5 0 5 6 0 0 1 159 26 144 8.84
10 0 4 4 8 6 1 159 35 151 6.38
1 0 0 0 0 0 0 45 157 8.54
1 0 0 0 0 0 3 161 162 163 0 79 8.34
4 0 0 5 3 0 3 168 174 183 1 101 5.29
10 0 0 6 0 10 3 164 181 182 1 110 6.2
1 0 0 0 10 8 2 165 171 1 92 5.66
5 0 1 3 0 0 3 167 173 189 11 89 8.07
4 0 0 9 9 0 2 166 169 2 137 7.23
3 0 6 2 0 6 3 168 179 181 6 150 9.11
9 0 4 1 0 0 3 169 170 172 16 123 4.81
8 0 4 6 0 0 1 173 9 125 7.96
1 1 0 0 0 0 2 180 188 25 102 8.83
9 1 0 0 0 0 1 185 25 141 4.81
4 0 4 1 0 10 2 172 176 2 141 9.15
8 0 3 3 1 0 3 177 180 183 25 126 6.01
8 0 0 0 5 8 1 177 17 147 6.52
10 0 7 0 0 10 3 175 176 178 5 97 5.22
5 0 0 10 0 0 2 177 184 15 138 8.46
8 0 10 0 0 0 2 184 186 15 142 7.52
4 1 0 0 0 0 1 187 33 173 6.22
1 0 0 0 0 8 2 182 187 15 134 9.07
3 0 2 0 0 0 1 185 9 117 5.75
2 1 0 0 0 0 1 190 33 127 8.34
8 0 3 5 0 0 3 183 185 189 11 138 8.66
7 0 0 10 0 0 3 184 186 189 16 99 8.1
7 0 3 0 7 3 1 186 33 151 8.69
4 1 0 0 0 0 1 190 23 143 7.78
7 0 9 0 0 1 1 190 34 147 8.28
4 0 0 6 10 6 1 188 40 145 8.06
10 0 0 10 4 0 1 188 37 129 7.86
10 0 0 3 0 0 1 191 47 139 7.64
9 0 6 10 0 10 1 191 23 107 8.65
8 0 6 9 0 0 1 191 41 182 5.7
1 0 0 0 0 0 0 57 143 4.83
1 0 0 0 0 0 3 193 194 195 0 125 4.87
5 0 10 5 8 5 3 198 201 202 1 134 5.79
2 0 9 3 8 7 3 199 207 210 1 117 7.78
6 0 5 9 4 1 3 196 197 210 1 126 7.24
10 0 5 7 6 4 3 203 204 205 7 151 7.65
7 0 9 4 2 10 3 199 208 219 7 95 7.96
10 0 7 2 10 6 3 200 203 213 6 100 8.74
9 0 4 5 2 6 3 204 205 206 14 95 5.11
3 0 6 3 6 6 3 207 210 216 16 97 6.1
8 0 8 10 10 9 3 205 208 214 6 118 6.77
10 0 4 6 4 8 3 209 212 218 6 148 4.65
1 0 9 5 4 4 3 207 208 218 17 150 8.75
6 1 0 0 0 0 2 209 212 23 110 5.53
6 0 1 2 1 6 3 211 213 215 23 144 5.96
9 1 0 0 0 0 2 209 214 23 143 7.55
9 0 10 7 9 8 3 211 219 221 19 124 8.22
4 0 7 4 10 3 2 216 217 18 148 5.3
4 1 0 0 0 0 1 222 32 153 8.68
4 0 2 7 3 2 3 211 217 218 19 120 5.65
3 1 0 0 0 0 1 220 29 139 5.24
9 1 0 0 0 0 2 213 214 29 120 8.64
4 0 3 3 5 2 1 220 38 113 7.26
3 0 2 5 4 3 2 215 216 38 140 5.65
6 0 5 4 9 7 2 217 221 41 128 5.1
9 0 5 7 8 5 2 220 221 41 128 8.54
3 0 9 1 4 2 1 222 47 190 5.39
8 0 5 3 7 5 1 219 23 156 6.77
6 1 0 0 0 0 1 222 31 129 5.94
10 0 8 7 9 3 1 223 50 160 6.75
8 0 1 5 7 8 1 223 50 141 7.55
10 0 5 2 8 1 1 223 50 165 7.81
1 0 0 0 0 0 0 60 163 4.7
1 0 0 0 0 0 3 225 226 227 0 121 7.79
6 0 4 3 7 1 3 229 233 253 1 143 5.76
8 0 9 7 9 4 2 238 239 1 110 6.73
2 0 7 3 7 5 3 228 230 235 1 131 7.34
6 0 8 10 3 6 1 243 3 121 7.75
1 0 5 8 10 6 2 232 244 7 140 7.65
7 0 7 10 8 9 3 231 234 239 3 149 8.75
9 0 7 10 1 4 3 237 241 247 10 165 8.32
1 0 4 6 8 3 3 240 241 252 8 105 5.75
5 0 3 3 2 8 1 236 7 94 7.28
3 0 6 1 1 7 2 236 243 10 99 5.01
6 0 8 9 1 2 1 245 3 108 7.88
1 0 8 3 6 3 1 248 13 109 9.18
8 1 0 0 0 0 1 244 19 129 9.04
5 0 6 6 1 10 1 253 9 149 5.01
4 0 9 6 4 4 1 242 10 145 6.69
3 1 0 0 0 0 1 251 9 89 6.65
7 0 5 3 5 2 1 246 19 143 8.33
7 0 4 7 3 8 2 244 246 14 103 7.54
1 1 0 0 0 0 1 249 13 100 7.4
1 0 6 4 3 10 1 250 27 171 4.63
4 1 0 0 0 0 1 249 9 113 5.27
2 0 3 7 6 8 1 254 26 159 5.84
8 0 7 7 2 4 1 253 19 149 6.67
4 0 7 9 8 9 1 249 14 146 6.6
7 1 0 0 0 0 2 250 252 18 115 5.31
5 1 0 0 0 0 1 251 28 174 6.27
9 0 10 10 6 10 1 254 33 165 8.26
3 0 9 8 9 2 1 255 25 138 5.49
1 0 2 4 8 4 1 255 27 155 5.46
9 0 3 1 2 4 1 255 42 165 6.74
1 0 0 0 0 0 0 51 176 7.53
1 0 0 0 0 0 3 257 258 259 0 128 8.01
3 0 7 8 10 4 3 260 267 275 1 153 7.94
4 0 6 5 3 1 3 260 262 264 1 122 9.2
5 0 4 10 10 10 3 261 270 274 1 108 8.4
8 0 8 2 8 1 3 263 266 268 5 156 9.03
1 0 1 1 6 10 3 267 269 271 6 98 6.7
5 0 8 4 5 7 3 279 280 286 5 86 9.16
4 0 4 5 9 3 3 265 272 282 13 163 8.67
8 0 2 3 8 1 3 267 269 278 5 95 5.22
10 0 3 9 4 7 3 269 273 274 17 149 8.7
4 0 1 7 2 9 2 270 276 13 102 5.31
3 0 7 5 4 9 3 268 272 281 13 148 8.03
10 1 0 0 0 0 3 277 283 284 16 168 7.87
6 0 4 10 3 6 1 276 27 165 8.96
6 0 1 7 4 10 3 273 278 281 17 166 5.78
10 0 7 5 5 4 3 272 275 276 7 105 7.59
9 1 0 0 0 0 3 273 279 284 17 164 6.91
8 0 8 2 1 6 1 280 27 172 5.22
6 1 0 0 0 0 2 277 279 27 172 5.15
1 0 7 5 8 4 3 278 281 283 17 128 8.89
9 0 7 10 1 6 3 277 283 284 33 176 4.71
5 0 6 7 3 9 1 280 42 119 8.76
4 1 0 0 0 0 1 282 23 171 4.65
3 0 6 9 7 2 1 285 33 136 8.13
6 0 2 3 1 4 1 285 47 161 5.27
10 0 5 6 6 4 2 282 285 23 111 7.23
9 0 4 3 4 2 1 286 33 143 6.18
6 0 8 9 7 9 1 286 42 148 7.78
9 0 9 7 10 3 1 287 42 148 7.74
5 0 2 9 8 1 1 287 53 177 6.3
10 0 5 2 7 9 1 287 48 130 7.29
1 0 0 0 0 0 0 58 167 7.32
1 0 0 0 0 0 3 289 290 291 0 82 5.26
6 0 5 0 0 0 2 292 295 1 84 8.68
5 0 5 2 8 10 3 296 298 307 1 123 4.62
3 0 8 0 0 0 2 296 299 1 149 8.71
3 0 3 0 5 0 1 293 7 89 7.72
8 0 7 6 0 0 2 294 309 10 97 5.61
6 1 0 0 0 0 1 316 18 156 6.92
8 0 0 7 0 9 3 301 302 312 7 152 8.3
8 0 0 0 9 0 3 297 300 310 6 132 6.9
6 0 0 8 2 0 1 306 14 126 7.81
10 0 9 0 0 0 2 299 308 6 116 5.64
8 0 0 0 2 7 1 316 16 148 5.41
8 0 5 2 2 0 2 303 304 14 167 9.03
6 0 0 0 0 5 2 305 311 15 119 7.45
5 0 10 7 2 4 2 305 309 15 147 8.6
2 1 0 0 0 0 2 305 308 22 124 6.56
9 0 0 0 0 9 2 311 318 22 121 6.0
7 1 0 0 0 0 1 315 24 154 7.37
5 1 0 0 0 0 1 311 20 169 5.97
4 0 2 0 8 0 1 314 6 108 6.13
3 1 0 0 0 0 1 317 24 160 6.07
10 0 0 5 0 3 1 315 20 150 9.2
8 0 0 0 0 9 1 316 14 109 6.58
6 0 0 7 0 3 1 313 31 151 7.33
1 0 9 5 6 0 1 313 15 149 6.01
8 0 7 0 4 0 1 314 37 134 6.16
6 0 5 0 8 7 1 317 45 132 4.73
5 0 0 0 10 0 1 318 31 171 7.56
8 1 0 0 0 0 1 319 24 163 8.69
1 0 10 0 5 7 1 319 51 137 5.76
9 0 0 8 0 0 1 319 36 145 6.46
1 0 0 0 0 0 0 52 160 6.39
1 0 0 0 0 0 3 321 322 323 0 111 7.55
7 0 0 0 4 4 3 325 329 331 1 124 8.93
4 0 5 2 0 0 2 327 339 1 145 8.36
4 0 4 3 0 0 3 324 330 332 1 87 5.44
9 0 8 0 0 2 3 326 335 337 5 96 6.8
7 0 2 10 0 9 3 334 336 341 8 104 6.04
6 0 3 0 2 7 3 328 338 348 14 152 8.41
1 0 2 0 0 4 3 329 333 350 5 140 6.65
8 0 0 0 2 0 1 336 20 108 5.83
3 0 0 8 0 2 2 348 349 8 150 5.46
8 0 0 0 8 5 1 343 5 148 5.86
1 0 7 6 0 9 3 334 341 344 8 88 6.52
10 0 0 0 1 7 1 339 5 129 5.13
6 0 0 0 0 5 2 336 342 6 137 7.03
4 1 0 0 0 0 3 337 338 348 15 117 9.0
9 0 5 0 8 8 3 338 341 344 14 108 5.88
8 0 9 0 2 0 1 347 28 161 6.23
2 1 0 0 0 0 1 345 19 127 7.87
5 1 0 0 0 0 3 343 345 350 23 132 5.04
1 0 0 0 0 10 3 340 342 350 15 140 8.55
3 0 2 7 0 0 1 347 16 163 5.42
1 1 0 0 0 0 1 342 23 169 5.61
3 0 10 0 1 1 1 343 24 126 7.32
7 0 5 0 0 0 1 346 28 146 6.61
5 1 0 0 0 0 1 345 23 113 6.08
6 0 0 10 6 0 1 346 28 118 7.13
3 0 0 0 10 0 1 347 35 171 7.88
7 0 2 0 0 2 1 349 38 172 6.64
2 0 8 0 0 6 1 351 20 107 5.31
4 0 7 0 2 0 1 351 45 182 7.55
3 1 0 0 0 0 1 351 28 125 6.98
1 0 0 0 0 0 0 49 138 4.81
1 0 0 0 0 0 3 353 354 355 0 99 6.13
5 0 0 0 8 0 3 356 357 358 1 100 8.04
6 0 0 0 0 5 3 359 368 371 1 120 5.13
8 0 5 0 0 0 3 362 367 377 1 143 6.24
6 0 0 0 0 4 2 360 370 6 158 6.05
5 0 0 0 4 0 1 369 6 127 5.36
4 0 0 0 1 0 2 369 376 6 114 7.27
6 0 0 0 6 0 3 361 366 378 7 157 7.43
5 0 0 3 0 0 3 363 364 365 12 111 7.74
8 0 0 0 0 3 1 362 13 132 7.54
10 0 0 0 0 1 1 380 21 106 6.93
8 0 0 0 0 8 1 376 17 141 5.34
9 0 0 0 0 4 3 367 378 380 17 120 8.34
7 0 0 0 0 1 2 371 382 17 127 9.16
3 0 0 0 2 0 3 367 370 373 13 159 6.51
9 0 0 0 1 0 3 369 372 374 26 127 6.52
1 0 0 10 0 0 1 373 7 150 7.11
1 1 0 0 0 0 1 381 35 172 5.33
6 0 0 0 0 1 3 372 375 376 16 117 5.22
6 1 0 0 0 0 2 377 378 24 151 7.03
6 0 5 0 0 0 1 379 35 160 6.54
7 0 0 0 9 0 3 374 375 377 16 121 8.27
5 0 0 0 0 4 1 382 35 133 8.95
6 1 0 0 0 0 1 381 23 168 5.59
8 1 0 0 0 0 1 382 25 118 7.25
5 1 0 0 0 0 2 379 380 30 112 7.83
3 1 0 0 0 0 1 379 30 125 6.17
8 0 0 9 0 0 1 381 41 161 7.2
6 0 0 0 3 0 1 383 35 135 8.08
10 0 0 0 0 6 1 383 49 190 6.63
8 0 0 0 0 10 1 383 40 148 5.91
1 0 0 0 0 0 0 59 188 6.55
1 0 0 0 0 0 3 385 386 387 0 133 5.41
1 0 1 0 0 0 2 388 392 1 117 9.04
10 0 0 9 4 4 3 389 390 395 1 97 8.94
4 0 0 0 9 9 1 397 1 89 6.37
4 0 0 0 0 7 3 391 393 394 2 102 8.42
3 0 9 0 0 0 2 401 408 11 135 6.76
4 0 0 8 5 10 1 404 11 146 8.9
9 1 0 0 0 0 3 396 409 412 6 154 7.11
10 0 3 0 0 0 3 400 402 405 2 133 5.53
2 0 3 4 5 0 1 407 6 88 7.61
7 0 0 3 1 9 1 400 6 108 6.19
1 0 8 0 1 7 1 406 11 130 8.83
1 1 0 0 0 0 1 410 15 157 7.53
2 0 9 0 5 0 1 398 5 83 8.9
6 0 0 3 0 1 2 399 403 7 131 8.3
10 0 10 0 5 9 3 401 410 411 13 96 6.29
9 0 0 0 8 0 1 414 13 121 9.07
7 0 2 0 5 0 1 412 23 144 8.33
5 0 0 0 3 10 1 412 12 130 5.36
1 1 0 0 0 0 1 404 13 128 5.37
2 1 0 0 0 0 1 407 15 93 4.72
6 1 0 0 0 0 3 407 410 413 12 97 9.1
3 0 4 0 3 0 1 408 12 124 9.23
2 0 8 9 0 7 1 409 18 133 9.04
6 0 0 0 7 0 1 413 15 141 5.95
8 0 1 4 7 0 1 411 20 108 5.8
3 0 1 6 0 0 1 414 23 147 9.21
3 0 0 2 0 0 1 414 28 118 8.23
9 0 9 0 0 5 1 415 30 162 8.37
8 0 9 0 5 5 1 415 21 157 7.09
2 0 0 0 0 7 1 415 31 114 7.76
1 0 0 0 0 0 0 39 145 5.7
1 0 0 0 0 0 3 417 418 419 0 96 5.34
10 0 0 6 4 0 3 420 435 436 1 87 4.81
2 0 6 0 6 0 3 421 422 425 1 112 4.71
5 0 0 8 9 5 2 430 442 1 143 8.1
7 0 2 0 7 3 3 426 437 443 11 146 7.29
2 0 10 5 5 10 3 423 427 440 3 147 4.85
7 0 0 0 3 3 2 428 429 3 147 6.82
9 0 3 5 4 8 3 424 432 433 5 130 5.77
6 1 0 0 0 0 1 445 14 133 6.43
3 0 0 9 10 1 1 438 3 111 9.05
9 0 0 10 1 10 1 441 18 170 7.04
9 0 4 0 1 7 2 430 432 5 90 7.3
4 0 7 0 6 1 3 431 434 444 10 130 6.41
10 0 0 0 7 5 1 437 10 93 5.61
5 1 0 0 0 0 1 439 14 129 8.08
6 1 0 0 0 0 1 438 14 146 5.08
5 0 2 0 5 10 1 446 14 144 8.06
5 1 0 0 0 0 1 443 14 159 8.72
7 0 10 0 3 5 1 441 14 153 8.89
10 0 0 7 0 8 1 438 11 132 6.35
6 0 4 0 10 8 1 443 11 159 9.02
5 0 9 3 6 0 1 445 20 130 7.13
4 0 1 9 0 1 1 440 21 139 5.25
9 0 3 4 0 8 1 444 19 109 4.99
1 0 8 0 8 6 1 446 25 103 5.0
2 0 4 2 2 10 1 445 27 123 7.17
2 0 3 5 7 10 1 444 6 123 8.44
10 0 9 9 8 10 1 446 19 126 5.57
8 0 10 9 5 4 1 447 28 169 5.08
4 0 0 8 8 5 1 447 29 133 6.99
3 0 0 4 2 10 1 447 29 158 8.36
1 0 0 0 0 0 0 36 145 5.79
91.26 86.82 87.0 86.93 88.0 92.11 123.45 139.83 149.84 131.54 121.14 121.58 119.48 117.47 114.66 115.27 108.46 94.18 88.51 86.7 85.76 70.08 56.86 17.38 16.04 8.47 7.34 7.12 7.03 15.13 76.84 110.0 100.0 88.31 74.53 72.82 76.77 86.47 90.35 106.92 108.22 116.84 119.23 116.86 98.51 86.43 89.45 85.5 81.1 76.42 72.9 70.69 74.45 81.4 102.22 122.51 128.15 120.69 111.97 99.25 96.53 99.95 104.64 120.0 122.65 125.0 129.9 121.08 110.18 97.63 91.66 84.21 85.47 83.26 75.96 74.75 81.28 88.44 104.91 126.9 129.99 128.59 120.1 116.62 122.63 129.32 142.34 154.49 154.42 178.18 141.42 125.43 121.19 115.0 110.2 100.85 106.0 100.0 95.84 92.77 95.7 103.2 120.05 131.03 141.92 134.75 127.97 125.21 120.0 116.09 123.91 129.9 136.99 146.32 148.14 139.57 128.15 120.0 116.95 101.21 110.56 97.38 90.61 86.11 82.72 82.48 86.45 92.08 100.65 97.76 96.17 94.55 94.91 94.73 96.19 105.41 105.62 113.53 114.8 101.71 92.2 81.82 73.95 58.62 21.63 7.48 4.1 0.13 0.07 0.09 2.33 5.59 14.89 18.96 13.1 13.24 12.18 17.87 33.34 73.18 88.25 95.99 104.36 103.62 88.92 85.26 88.05 80.05 91.26 86.82 87.0 86.93 88.0 92.11 123.45 139.83 149.84 131.54 121.14 121.58 119.48 117.47 114.66 115.27 108.46 94.18 88.51 86.7 85.76 70.08 56.86 17.38 16.04 8.47 7.34 7.12 7.03 15.13 76.84 110.0 100.0 88.31 74.53 72.82 76.77 86.47 90.35 106.92 108.22 116.84 119.23 116.86 98.51 86.43 89.45 85.5 81.1 76.42 72.9 70.69 74.45 81.4 102.22 122.51 128.15 120.69 111.97 99.25 96.53 99.95 104.64 120.0 122.65 125.0 129.9 121.08 110.18 97.63 91.66 84.21 85.47 83.26 75.96 74.75 81.28 88.44 104.91 126.9 129.99 128.59 120.1 116.62 122.63 129.32 142.34 154.49 154.42 178.18 141.42 125.43 121.19 115.0 110.2 100.85 106.0 100.0 95.84 92.77 95.7 103.2 120.05 131.03 141.92 134.75 127.97 125.21 120.0 116.09 123.91 129.9 136.99 146.32 148.14 139.57 128.15 120.0 116.95 101.21 110.56 97.38 90.61 86.11 82.72 82.48 86.45 92.08 100.65 97.76 96.17 94.55 94.91 94.73 96.19 105.41 105.62 113.53 114.8 101.71 92.2 81.82 73.95 58.62 21.63 7.48 4.1 0.13 0.07 0.09 2.33 5.59 14.89 18.96 13.1 13.24 12.18 17.87 33.34 73.18 88.25 95.99 104.36 103.62 88.92 85.26 88.05 80.05 91.26 86.82 87.0 86.93 88.0 92.11 123.45 139.83 149.84 131.54 121.14 121.58 119.48 117.47 114.66 115.27 108.46 94.18 88.51 86.7 85.76 70.08 56.86 17.38 16.04 8.47 7.34 7.12 7.03 15.13 76.84 110.0 100.0 88.31 74.53 72.82 76.77 86.47 90.35 106.92 108.22 116.84 119.23 116.86 98.51 86.43 89.45 85.5 81.1 76.42 72.9 70.69 74.45 81.4 102.22 122.51 128.15 120.69 111.97 99.25 96.53 99.95 104.64 120.0 122.65 125.0 129.9 121.08 110.18 97.63 91.66 84.21 85.47 83.26 75.96 74.75 81.28 88.44 104.91 126.9 129.99 128.59 120.1 116.62 122.63 129.32 142.34 154.49 154.42 178.18 141.42 125.43 121.19 115.0 110.2 100.85 106.0 100.0 95.84 92.77 95.7 103.2 120.05 131.03 141.92 134.75 127.97 125.21 120.0 116.09 123.91 129.9 136.99 146.32 148.14 139.57 128.15 120.0 116.95 101.21 110.56 97.38 90.61 86.11 82.72 82.48 86.45 92.08 100.65 97.76 96.17 94.55 94.91 94.73 96.19 105.41 105.62 113.53 114.8 101.71 92.2 81.82 73.95 58.62 21.63 7.48 4.1 0.13 0.07 0.09 2.33 5.59 14.89 18.96 13.1 13.24 12.18 17.87 33.34 73.18 88.25 95.99 104.36 103.62 88.92 85.26 88.05 80.05 91.26 86.82 87.0 86.93 88.0 92.11 123.45 139.83 149.84 131.54 121.14 121.58 119.48 117.47 114.66 115.27 108.46 94.18 88.51 86.7 85.76 70.08 56.86 17.38 16.04 8.47 7.34 7.12 7.03 15.13 76.84 110.0 100.0 88.31 74.53 72.82 76.77 86.47 90.35 106.92 108.22 116.84 119.23 116.86 98.51 86.43 89.45 85.5 81.1 76.42 72.9 70.69 74.45 81.4 102.22 122.51 128.15 120.69 111.97 99.25 96.53 99.95 104.64 120.0 122.65 125.0 129.9 121.08 110.18 97.63 91.66 84.21 85.47 83.26 75.96 74.75 81.28 88.44 104.91 126.9 129.99 128.59 120.1 116.62 122.63 129.32 142.34 154.49 154.42 178.18 141.42 125.43 121.19 115.0 110.2 100.85 106.0 100.0 95.84 92.77 95.7 103.2 120.05 131.03 141.92 134.75 127.97 125.21 120.0 116.09 123.91 129.9 136.99 146.32 148.14 139.57 128.15 120.0 116.95 101.21 110.56 97.38 90.61 86.11 82.72 82.48 86.45 92.08 100.65 97.76 96.17 94.55 94.91 94.73 96.19 105.41 105.62 113.53 114.8 101.71 92.2 81.82 73.95 58.62 21.63 7.48 4.1 0.13 0.07 0.09 2.33 5.59 14.89 18.96 13.1 13.24 12.18 17.87 33.34 73.18 88.25 95.99 104.36 103.62 88.92 85.26 88.05 80.05 91.26 86.82 87.0 86.93 88.0 92.11 123.45 139.83 149.84 131.54 121.14 121.58 119.48 117.47 114.66 115.27 108.46 94.18 88.51 86.7 85.76 70.08 56.86 17.38 16.04 8.47 7.34 7.12 7.03 15.13 76.84 110.0 100.0 88.31 74.53 72.82 76.77 86.47 90.35 106.92 108.22 116.84 119.23 116.86 98.51 86.43 89.45 85.5 81.1 76.42 72.9 70.69 74.45 81.4 102.22 122.51 128.15 120.69 111.97 99.25 96.53 99.95 104.64 120.0 122.65 125.0 129.9 121.08 110.18 97.63 91.66 84.21 85.47 83.26 75.96 74.75 81.28 88.44
