448 5
1 31 29 27 33
1 0 0 0 0 0 3 1 2 3 0 139 25.25
1 0 0 0 0 2 3 5 6 8 1 105 26.11
9 0 10 0 0 3 3 9 12 18 1 135 23.26
5 0 5 4 7 7 3 4 10 14 1 95 23.84
2 0 0 0 6 2 3 7 19 30 6 99 21.09
7 0 4 8 0 3 3 11 13 15 2 149 23.74
9 0 1 9 1 10 1 21 2 95 17.82
6 0 4 10 2 4 2 15 20 8 159 17.84
7 1 0 0 0 0 3 16 17 22 2 145 16.73
10 0 10 0 9 8 3 19 22 23 10 136 20.66
6 1 0 0 0 0 1 16 6 110 26.35
5 0 0 7 10 0 2 14 25 9 142 30.0
10 0 1 0 0 3 3 13 19 23 10 164 23.53
5 1 0 0 0 0 2 14 17 20 131 31.19
6 0 4 3 5 0 3 16 24 29 25 165 19.24
10 0 9 2 8 5 1 21 14 173 28.13
2 0 0 7 3 2 1 27 31 160 20.72
5 0 9 9 1 3 1 26 25 147 31.57
10 0 0 9 4 2 2 20 24 10 97 31.37
9 0 0 5 3 9 2 26 28 20 108 29.49
3 0 2 0 3 7 1 28 20 134 27.6
1 0 6 2 0 4 2 22 26 24 146 18.79
7 0 9 10 0 0 1 29 25 137 24.91
2 0 3 10 2 0 2 24 25 20 143 19.93
2 0 1 7 9 0 1 30 31 151 16.1
9 0 5 0 7 10 1 30 22 170 17.42
8 0 4 10 0 9 1 29 30 156 16.85
1 0 2 4 1 0 1 28 33 153 18.13
1 0 10 5 0 9 1 31 34 154 21.25
1 0 5 1 9 1 1 31 38 168 21.71
3 0 8 0 7 4 1 31 33 112 19.62
1 0 0 0 0 0 0 39 120 23.37
1 0 0 0 0 0 3 33 34 35 0 120 25.72
6 0 0 1 9 2 3 38 40 51 1 93 21.94
10 0 2 0 0 0 2 36 42 1 112 18.21
8 0 0 0 5 8 3 41 51 53 1 155 19.76
3 0 0 3 6 8 3 37 39 62 11 100 21.54
1 0 10 0 0 0 2 47 55 14 158 24.21
8 0 5 0 10 1 2 49 57 7 146 25.53
10 0 2 0 3 0 3 43 45 47 14 170 24.44
1 0 0 2 5 8 3 42 54 60 7 142 27.37
9 0 4 0 0 0 1 43 9 147 24.11
4 0 0 1 5 0 1 58 11 130 23.13
10 0 0 1 10 9 3 44 46 54 24 157 23.91
4 1 0 0 0 0 3 48 50 52 34 122 23.27
9 0 3 0 0 1 1 48 24 127 24.91
5 1 0 0 0 0 1 49 34 151 17.17
3 0 9 0 2 0 3 48 50 53 24 117 25.93
7 0 0 0 0 6 3 56 57 59 38 176 21.81
9 0 0 4 5 5 2 52 59 39 141 22.44
2 1 0 0 0 0 3 56 57 61 38 113 29.67
6 0 9 0 0 0 1 54 9 126 18.59
1 0 9 3 0 0 1 56 48 134 19.02
1 1 0 0 0 0 1 58 27 116 19.4
1 1 0 0 0 0 2 55 58 34 140 20.66
3 1 0 0 0 0 1 59 35 173 20.55
6 0 0 3 0 0 1 60 49 151 26.74
9 0 7 0 0 0 1 60 45 164 31.6
10 0 0 3 5 0 1 61 35 144 22.68
5 0 0 1 2 0 1 61 48 132 27.2
6 0 0 5 0 1 1 63 55 179 24.96
9 0 8 0 0 1 1 63 53 149 15.86
3 0 0 0 9 0 1 63 14 131 27.71
1 0 0 0 0 0 0 62 159 19.48
1 0 0 0 0 0 3 65 66 67 0 130 20.67
10 0 0 0 2 2 3 70 71 78 1 128 23.8
3 0 5 7 10 7 2 72 79 1 88 22.44
9 0 6 7 4 0 3 68 69 89 1 106 18.62
2 0 3 5 0 1 1 70 10 107 20.88
10 0 2 0 5 4 1 83 10 144 28.2
4 0 6 8 1 9 3 73 74 77 12 148 18.43
6 1 0 0 0 0 3 76 83 87 11 168 18.95
3 0 10 0 7 8 3 77 84 85 4 130 20.77
8 0 7 4 0 9 3 79 82 88 16 155 27.02
6 0 0 8 5 0 2 75 80 16 133 25.14
6 0 9 0 0 0 3 76 81 87 22 138 27.61
2 0 8 3 9 6 2 92 94 28 121 25.82
8 0 9 4 1 2 2 86 88 16 107 17.6
3 1 0 0 0 0 1 93 11 147 17.12
9 1 0 0 0 0 1 80 24 132 30.91
6 1 0 0 0 0 3 81 85 86 33 164 24.62
1 0 6 0 0 9 3 83 90 92 39 180 28.89
2 0 9 7 0 5 3 86 91 93 24 173 30.02
2 0 3 2 0 0 1 84 40 177 18.9
6 0 7 9 6 3 1 94 42 162 28.31
2 0 4 7 0 7 2 90 91 39 182 24.5
7 0 3 2 7 10 1 87 39 188 16.99
7 0 1 0 6 0 1 90 46 180 18.04
4 1 0 0 0 0 1 91 24 129 30.86
5 1 0 0 0 0 1 93 10 161 27.04
2 0 2 4 5 2 1 94 53 153 20.24
4 0 5 10 6 1 1 92 41 145 28.41
3 0 1 0 4 0 1 95 45 177 17.47
2 0 0 8 6 10 1 95 26 149 17.12
5 0 4 9 9 0 1 95 55 186 22.72
1 0 0 0 0 0 0 60 199 27.79
1 0 0 0 0 0 3 97 98 99 0 107 30.0
10 0 6 0 0 8 3 103 112 119 1 149 24.88
3 0 10 6 0 0 1 100 1 117 21.81
4 0 0 9 10 10 3 103 106 122 1 146 19.9
4 0 0 0 1 0 3 101 106 107 4 107 20.78
4 0 1 0 9 4 3 102 105 109 8 92 27.01
9 0 9 0 0 0 3 103 104 118 12 129 20.71
10 1 0 0 0 0 3 115 117 120 21 105 21.19
6 1 0 0 0 0 3 108 115 120 21 108 27.1
1 0 0 6 0 0 3 108 116 118 12 103 30.42
6 0 0 0 6 0 3 113 116 123 8 91 30.61
4 0 2 7 4 0 3 109 112 113 8 151 31.01
4 1 0 0 0 0 3 110 112 113 27 148 23.5
2 0 6 0 4 0 3 111 115 120 12 119 19.36
1 0 1 7 10 9 3 114 117 119 31 155 18.26
6 0 0 8 0 4 3 114 118 119 14 165 22.44
8 0 0 4 10 0 3 114 117 123 31 115 24.91
10 1 0 0 0 0 1 121 31 134 17.75
5 0 10 0 8 2 2 122 125 39 116 23.7
6 1 0 0 0 0 2 116 124 31 156 16.36
5 0 2 0 0 0 1 125 37 182 24.99
8 0 6 0 0 7 2 121 126 39 162 23.44
8 1 0 0 0 0 1 126 21 149 31.56
10 0 0 10 0 0 3 121 122 123 32 140 26.94
7 0 0 8 5 9 1 125 31 166 27.32
1 0 7 8 5 7 1 124 47 183 27.97
8 0 1 0 0 4 1 124 44 128 22.98
6 0 0 2 0 8 1 126 42 162 23.01
6 0 10 0 0 2 1 127 52 148 16.38
5 0 5 7 6 0 1 127 44 145 19.83
5 0 8 0 10 0 1 127 48 187 20.49
1 0 0 0 0 0 0 58 197 22.99
1 0 0 0 0 0 3 129 130 131 0 140 22.25
5 0 2 2 3 4 3 134 136 140 1 128 30.99
10 0 4 6 1 9 2 137 141 1 149 24.93
5 0 10 4 1 3 3 132 133 138 1 121 31.31
2 0 1 6 6 1 3 137 146 151 6 134 22.95
3 0 9 4 9 1 3 136 140 148 6 155 22.83
3 0 7 3 3 4 3 135 141 142 6 129 26.7
3 1 0 0 0 0 3 145 147 158 9 126 17.81
5 0 1 10 8 5 3 144 147 149 9 153 30.99
8 0 8 9 5 8 3 150 154 155 11 144 17.16
2 0 9 10 2 1 3 139 142 147 6 136 29.65
3 0 8 5 1 3 3 143 146 153 8 124 26.91
9 0 1 3 2 8 3 141 142 145 9 139 29.48
9 0 1 1 9 3 3 149 151 158 18 127 25.28
6 0 10 9 10 6 2 144 153 18 160 30.18
3 0 3 6 7 2 3 145 148 149 11 132 18.62
5 1 0 0 0 0 3 146 151 155 24 168 22.15
5 1 0 0 0 0 2 152 157 18 172 24.7
1 0 10 1 6 3 2 150 156 29 158 21.58
2 1 0 0 0 0 3 153 154 155 14 165 27.53
6 0 6 2 5 8 1 150 14 116 30.28
9 1 0 0 0 0 1 152 27 164 17.29
9 0 6 4 7 9 1 158 30 134 22.73
4 1 0 0 0 0 2 152 157 29 116 28.67
7 0 6 7 6 3 1 154 36 118 31.32
6 0 4 10 5 8 1 156 24 106 17.89
10 0 10 3 10 1 1 156 43 159 20.04
10 0 1 3 7 1 1 157 29 173 15.88
4 0 8 5 1 1 1 159 53 172 26.51
7 0 9 1 3 10 1 159 39 157 18.63
6 0 5 7 5 10 1 159 39 176 17.01
1 0 0 0 0 0 0 57 166 19.98
1 0 0 0 0 0 3 161 162 163 0 154 18.67
2 0 1 2 4 0 3 169 170 187 1 144 22.85
5 0 0 5 9 10 3 168 174 175 1 115 23.53
6 0 8 10 10 0 3 164 165 166 1 147 28.48
4 0 8 3 0 8 1 167 7 101 22.0
2 0 3 1 8 5 2 177 186 7 141 30.81
9 0 5 0 5 10 2 173 177 7 105 18.86
9 0 4 0 0 3 3 171 172 178 11 126 21.84
4 0 8 0 8 10 1 169 6 140 16.63
8 0 0 0 0 5 1 181 10 144 25.18
7 0 1 6 6 6 1 184 3 154 19.11
10 0 2 10 3 8 1 189 20 144 29.81
1 1 0 0 0 0 1 179 20 128 17.05
1 1 0 0 0 0 1 190 16 100 23.47
1 0 4 0 9 9 2 180 183 6 110 19.84
5 0 0 9 6 9 3 176 186 189 6 153 20.55
2 0 4 3 9 10 1 177 11 141 22.21
5 1 0 0 0 0 1 180 16 113 16.11
5 0 2 7 9 0 1 188 20 112 22.75
9 0 0 5 4 1 1 182 21 142 24.34
10 0 0 8 0 8 1 185 21 165 26.73
1 1 0 0 0 0 1 182 18 156 21.27
5 0 4 8 3 8 1 185 30 161 17.72
4 1 0 0 0 0 1 184 7 90 19.96
10 0 9 0 0 1 3 185 186 189 11 163 20.44
5 0 1 8 0 7 1 188 35 150 26.56
9 0 7 3 4 7 1 190 21 164 19.93
10 0 7 0 0 3 1 190 3 163 28.63
2 0 1 3 0 10 1 191 40 146 25.23
10 0 4 0 3 7 1 191 30 183 18.94
3 0 0 4 5 1 1 191 30 176 31.34
1 0 0 0 0 0 0 42 141 22.02
1 0 0 0 0 0 3 193 194 195 0 146 22.03
6 0 10 10 4 0 2 214 220 1 138 25.42
6 0 9 3 0 0 3 201 204 217 1 93 27.28
9 0 1 0 2 2 3 196 197 198 1 112 18.33
1 0 1 0 8 6 3 209 211 215 10 153 26.31
5 0 0 9 5 4 3 202 205 214 10 110 27.16
10 0 0 9 6 0 3 199 200 208 10 158 23.74
2 0 3 5 2 0 2 203 211 20 112 30.95
6 1 0 0 0 0 1 207 20 139 23.05
7 0 3 5 0 2 3 203 206 208 7 133 27.37
1 0 0 4 8 0 1 206 15 95 31.11
6 1 0 0 0 0 1 212 22 123 21.12
1 0 8 3 5 5 1 213 7 126 23.09
10 0 0 3 9 9 2 210 218 15 124 17.29
8 1 0 0 0 0 2 210 211 16 153 23.06
5 1 0 0 0 0 2 212 216 26 125 21.77
7 0 3 0 3 0 2 212 218 20 119 23.9
9 0 7 6 7 0 1 210 11 108 19.38
5 1 0 0 0 0 3 213 219 222 25 159 25.26
10 0 2 3 4 7 2 219 221 24 107 30.93
3 0 0 8 0 3 3 213 214 219 31 170 30.49
5 0 1 1 5 3 1 221 34 180 22.25
2 0 7 6 7 8 1 222 34 164 27.5
4 0 0 8 5 8 1 217 11 138 20.05
8 0 0 4 6 4 3 217 218 221 31 137 30.8
2 0 1 0 7 3 1 222 39 147 24.36
2 0 6 0 7 4 1 220 39 165 21.23
6 0 10 8 10 1 1 220 34 158 22.29
2 0 0 7 4 3 1 223 41 178 23.66
10 0 6 8 1 6 1 223 39 192 20.02
9 0 0 4 0 2 1 223 41 165 19.4
1 0 0 0 0 0 0 50 170 22.44
1 0 0 0 0 0 3 225 226 227 0 118 18.25
3 0 9 3 0 1 3 233 235 244 1 152 17.73
10 0 0 0 8 9 3 233 249 250 1 134 30.81
6 0 7 0 0 6 3 228 229 234 1 114 22.3
9 0 3 4 7 7 3 231 239 252 7 144 25.53
7 0 0 3 0 10 3 230 231 232 7 109 24.51
2 0 1 9 4 10 3 237 241 242 14 125 29.33
1 0 4 3 6 1 3 240 243 244 16 101 22.92
6 0 4 1 0 7 3 233 235 244 14 127 24.09
10 0 0 2 0 10 3 236 239 242 20 164 28.78
4 0 0 0 10 7 3 235 237 239 7 96 22.48
3 0 1 4 0 0 3 241 243 245 20 98 21.02
9 1 0 0 0 0 3 237 241 246 30 140 26.78
10 0 1 3 0 5 1 238 39 131 28.86
3 0 6 0 5 4 3 240 247 252 49 182 25.24
10 1 0 0 0 0 1 248 30 165 20.29
6 0 1 5 4 8 1 253 52 145 21.91
6 0 0 5 1 8 1 251 39 175 16.6
1 0 6 0 8 2 3 246 252 254 30 127 31.31
8 1 0 0 0 0 3 247 249 250 23 138 26.28
4 0 0 5 0 7 3 245 247 250 20 144 24.56
7 0 7 6 1 0 3 246 248 249 24 173 24.74
3 0 6 5 9 7 1 253 39 122 17.52
5 0 8 0 4 6 2 248 251 52 177 30.19
3 0 0 9 10 8 1 254 57 168 29.95
10 1 0 0 0 0 1 253 31 130 22.72
6 1 0 0 0 0 1 251 31 126 18.1
1 0 1 2 0 1 1 254 57 199 28.0
10 0 0 3 8 9 1 255 52 186 21.02
5 0 7 1 0 2 1 255 58 169 25.79
6 0 7 3 10 0 1 255 60 164 30.99
1 0 0 0 0 0 0 66 202 20.49
1 0 0 0 0 0 3 257 258 259 0 122 17.68
6 0 0 1 9 2 3 262 264 275 1 120 21.43
10 0 2 0 0 0 2 260 266 1 100 20.3
8 0 0 0 5 8 3 265 275 277 1 102 19.16
3 0 0 3 6 8 3 261 263 286 11 102 18.43
1 0 10 0 0 0 2 271 279 14 113 28.52
8 0 5 0 10 1 2 273 281 7 123 29.94
10 0 2 0 3 0 3 267 269 271 14 133 28.87
1 0 0 2 5 8 3 266 278 284 7 96 24.37
9 0 4 0 0 0 1 267 9 159 21.84
4 0 0 1 5 0 1 282 11 153 22.47
10 1 0 0 0 0 3 268 270 278 24 150 25.66
4 1 0 0 0 0 3 272 274 276 34 127 22.33
9 0 3 0 0 1 1 272 24 134 30.57
5 1 0 0 0 0 1 273 34 149 17.92
3 0 9 0 2 0 3 272 274 277 24 116 20.97
7 0 0 0 0 6 3 280 281 283 38 165 31.39
9 0 0 4 5 5 2 276 283 39 134 19.92
2 1 0 0 0 0 3 280 281 285 38 128 17.63
6 0 9 0 0 0 1 278 9 152 20.58
1 0 9 3 0 0 1 280 48 191 19.36
1 1 0 0 0 0 1 282 27 140 22.51
1 0 9 6 2 0 2 279 282 34 181 25.04
3 1 0 0 0 0 1 283 35 111 25.94
6 0 0 3 0 0 1 284 49 139 19.53
9 0 7 0 0 0 1 284 45 184 27.71
10 0 0 3 5 0 1 285 35 188 17.3
5 0 0 1 2 0 1 285 48 164 31.45
6 0 0 5 0 1 1 287 55 165 30.16
9 0 8 0 0 1 1 287 53 161 28.43
3 0 0 0 9 0 1 287 14 141 29.01
1 0 0 0 0 0 0 62 141 22.77
1 0 0 0 0 0 3 289 290 291 0 140 18.03
4 0 0 0 10 6 2 294 298 1 117 21.87
6 0 6 0 0 3 2 300 313 1 95 24.21
5 0 0 2 0 0 3 292 305 307 1 97 20.06
5 0 0 0 0 9 2 293 295 6 126 16.69
5 0 0 0 1 9 3 296 299 302 11 111 31.55
8 0 0 4 0 7 1 301 5 134 29.36
8 0 1 1 0 8 2 297 312 11 137 19.34
7 0 7 0 0 3 1 304 16 172 21.01
1 0 1 0 0 0 1 309 19 115 21.63
4 0 7 9 10 0 3 306 312 315 5 118 17.18
5 0 10 7 8 7 2 303 318 16 123 17.54
4 0 7 0 0 0 1 302 7 115 20.57
6 0 0 0 10 5 2 308 311 13 161 21.97
10 0 0 4 7 0 1 308 16 162 21.65
2 1 0 0 0 0 3 308 312 315 21 128 28.73
5 0 0 4 4 5 1 306 23 109 23.92
6 1 0 0 0 0 1 309 6 138 18.73
8 0 0 0 10 8 1 310 28 175 26.07
10 0 10 0 0 0 1 316 6 121 27.47
8 1 0 0 0 0 1 314 26 147 19.01
7 0 0 0 3 0 1 315 20 135 27.46
7 0 0 7 0 0 1 317 36 183 19.25
7 1 0 0 0 0 1 314 19 148 19.21
7 1 0 0 0 0 1 313 23 127 16.76
10 0 7 0 0 0 2 314 316 30 170 30.69
10 0 0 2 6 0 1 317 40 185 29.61
10 0 7 0 0 7 1 317 27 123 24.1
3 0 7 0 0 5 1 319 40 187 26.31
9 0 9 5 0 8 1 319 50 131 18.32
1 1 0 0 0 0 1 319 21 105 28.52
1 0 0 0 0 0 0 59 184 21.45
1 0 0 0 0 0 3 321 322 323 0 145 21.48
5 0 3 8 1 1 3 326 339 345 1 134 30.16
9 0 2 3 4 1 3 324 328 330 1 126 29.74
2 0 8 5 6 3 3 329 331 336 1 114 22.42
6 0 3 7 3 5 3 325 326 327 10 99 19.04
10 0 9 8 3 6 3 334 337 342 16 107 19.82
2 0 10 3 9 5 3 332 333 348 16 93 27.85
6 0 6 7 3 10 3 329 332 340 16 102 29.37
9 0 8 10 10 2 3 331 332 333 10 136 27.88
4 0 5 3 7 8 3 339 344 349 22 135 18.97
3 1 0 0 0 0 3 338 340 341 10 140 26.41
4 1 0 0 0 0 3 334 335 337 19 104 20.61
9 0 7 4 5 6 2 342 347 22 161 28.91
10 0 7 3 9 1 3 336 341 346 19 155 29.12
2 1 0 0 0 0 3 341 343 344 26 135 24.44
1 1 0 0 0 0 3 338 343 344 23 122 21.44
10 0 4 9 6 10 2 342 347 29 171 24.99
2 1 0 0 0 0 3 338 340 343 26 157 30.09
4 0 7 9 2 3 2 339 347 28 166 26.66
3 0 2 10 6 3 2 346 348 32 133 22.93
10 0 8 6 9 3 1 345 28 149 17.43
6 0 3 4 1 1 1 349 29 109 20.19
7 0 10 8 4 3 1 349 39 185 27.63
4 0 5 3 1 1 1 350 28 168 21.01
8 0 9 2 5 1 1 345 28 139 17.22
2 0 1 10 7 9 2 346 348 38 130 28.91
1 0 4 6 10 9 1 350 40 158 31.42
4 0 6 9 3 4 1 350 39 171 30.88
5 0 5 6 10 4 1 351 40 135 17.04
1 0 2 1 6 3 1 351 46 186 29.56
4 0 5 2 5 7 1 351 43 157 18.31
1 0 0 0 0 0 0 47 136 21.43
1 0 0 0 0 0 3 353 354 355 0 133 29.14
3 0 5 0 9 10 3 356 367 372 1 106 17.78
8 0 0 6 0 0 3 357 360 364 1 134 23.49
7 0 1 4 7 10 3 361 367 374 1 143 20.71
6 0 7 6 6 5 3 358 362 363 4 146 19.13
5 0 10 4 0 0 3 369 370 374 9 118 31.53
3 0 0 0 1 0 3 359 360 361 10 146 27.88
2 0 0 4 0 7 3 373 375 378 13 157 20.24
5 0 0 4 4 6 3 365 368 381 13 121 20.44
2 0 0 3 10 3 3 366 370 373 13 114 18.5
6 0 1 10 10 2 3 364 370 371 10 151 29.66
2 0 10 4 3 7 3 364 366 373 10 119 22.32
1 0 0 4 3 1 3 368 377 378 16 123 22.59
7 0 1 5 4 0 2 366 371 18 157 29.86
5 0 8 6 4 9 2 369 380 25 154 17.83
10 0 10 2 1 5 2 368 371 8 160 26.42
2 1 0 0 0 0 1 369 18 153 29.84
8 0 8 4 9 3 1 376 30 155 23.47
4 0 5 0 10 10 2 375 379 16 95 29.0
6 1 0 0 0 0 3 376 378 380 25 169 28.01
1 0 1 9 0 8 2 374 375 4 126 21.3
4 0 5 10 0 2 2 377 379 15 129 27.56
1 0 3 2 0 0 2 376 379 14 155 27.54
6 1 0 0 0 0 2 377 382 20 135 24.49
3 0 0 3 3 6 1 382 38 164 27.94
10 0 2 0 8 10 1 381 26 144 18.06
6 0 10 5 9 2 1 382 31 155 23.43
2 1 0 0 0 0 2 380 381 20 98 21.93
10 0 0 6 1 0 1 383 31 166 24.06
5 0 4 2 0 5 1 383 36 149 22.88
10 0 0 8 8 3 1 383 41 173 27.04
1 0 0 0 0 0 0 51 190 24.53
1 0 0 0 0 0 3 385 386 387 0 94 26.78
8 0 10 9 4 7 3 391 404 412 1 87 29.67
8 0 9 5 9 9 3 388 389 403 1 126 20.26
5 0 8 10 8 1 3 391 392 401 1 86 29.62
2 0 8 5 3 10 1 390 9 136 19.06
6 0 10 2 8 6 2 396 397 9 106 21.97
10 0 7 1 9 5 2 393 399 11 145 22.4
8 0 1 7 6 1 3 395 408 409 9 167 22.96
6 0 10 3 8 7 1 394 6 156 27.36
5 0 2 5 10 5 3 395 398 400 21 116 28.98
3 1 0 0 0 0 2 402 407 12 97 15.92
6 0 6 2 2 7 1 411 26 159 23.31
7 0 9 2 3 3 3 398 402 410 15 102 24.04
3 0 5 6 3 4 3 398 407 410 15 121 18.29
10 0 1 1 2 10 2 404 411 26 158 23.05
10 1 0 0 0 0 2 402 406 21 161 22.92
10 1 0 0 0 0 1 405 26 118 19.93
3 1 0 0 0 0 2 403 407 6 141 27.5
1 1 0 0 0 0 1 404 31 133 27.39
5 0 2 2 9 2 2 406 414 9 100 21.11
9 0 1 1 1 3 3 408 409 414 36 138 24.43
7 1 0 0 0 0 3 406 410 412 36 123 29.68
2 0 8 2 2 1 1 413 43 136 21.97
5 0 2 2 5 5 1 412 18 133 18.42
7 0 7 10 3 10 1 413 45 150 23.16
8 0 1 10 7 4 1 413 45 137 24.57
9 0 9 10 7 7 1 411 43 196 26.69
8 0 3 6 7 10 1 414 52 153 26.78
9 0 6 9 10 2 1 415 43 142 26.07
1 0 5 9 7 3 1 415 53 166 29.3
6 0 2 8 6 10 1 415 60 158 25.5
1 0 0 0 0 0 0 66 139 22.44
1 0 0 0 0 0 3 417 418 419 0 132 28.51
2 0 0 0 3 4 3 422 429 436 1 87 26.45
3 0 8 5 0 4 3 421 429 430 1 113 31.64
6 0 0 2 6 6 3 420 421 427 1 103 20.36
1 0 0 0 6 6 3 423 425 428 7 90 25.94
5 0 2 8 0 7 3 423 431 434 7 146 18.73
5 0 10 10 7 0 3 426 427 433 3 96 23.06
5 0 0 5 5 0 3 424 433 445 12 166 19.72
7 0 0 0 10 2 3 432 437 439 17 152 18.68
7 0 1 1 0 0 2 429 434 8 120 20.13
5 0 0 0 8 0 2 430 432 8 121 16.64
8 0 0 0 0 3 3 431 435 443 8 161 22.85
3 0 0 6 3 0 2 438 445 8 154 17.89
10 0 0 1 0 0 3 431 432 439 15 161 19.5
1 0 9 7 0 0 3 435 437 438 13 126 27.01
9 1 0 0 0 0 2 440 446 25 169 20.9
1 1 0 0 0 0 1 441 25 122 25.05
6 1 0 0 0 0 2 437 438 17 150 31.12
3 0 0 0 6 8 2 435 436 15 113 28.33
5 0 0 2 0 0 3 442 444 445 18 154 17.88
7 0 4 0 9 0 3 439 441 442 18 105 25.65
8 1 0 0 0 0 2 441 443 24 129 24.67
10 1 0 0 0 0 2 440 442 23 153 16.46
10 0 0 5 0 4 2 440 443 25 166 22.79
9 0 9 0 0 2 1 444 35 141 28.02
2 0 8 0 7 0 1 446 32 121 23.36
6 0 0 0 5 0 1 446 33 165 19.73
9 0 5 1 2 0 1 444 35 180 18.99
10 0 7 0 3 0 1 447 44 125 17.83
7 1 0 0 0 0 1 447 23 164 21.24
1 0 0 8 1 0 1 447 39 179 27.33
1 0 0 0 0 0 0 54 166 31.55
320.08 278.04 276.37 269.64 272.56 298.0 395.95 415.08 433.97 417.26 405.17 396.9 382.27 369.8 321.83 285.04 323.16 379.26 400.34 458.03 469.9 452.12 450.05 419.15 395.49 349.57 330.04 331.5 334.34 362.1 419.64 453.66 448.9 388.88 328.99 318.21 310.48 260.07 260.89 283.21 313.94 388.64 416.77 484.23 506.94 480.0 463.69 400.45 416.05 365.61 321.83 319.95 325.04 332.22 411.97 435.0 457.37 397.64 321.45 299.67 261.99 240.72 190.02 193.6 212.55 285.16 339.64 415.78 440.35 439.41 420.99 344.72 392.39 378.06 345.47 334.1 335.01 371.63 421.32 433.31 434.07 419.96 379.9 361.64 312.28 313.34 317.22 330.01 360.72 386.67 395.25 444.36 438.55 436.09 426.4 400.04 350.0 320.07 298.0 305.01 307.55 330.0 404.9 429.92 416.58 334.06 262.45 243.92 252.71 244.63 230.62 265.14 241.02 371.72 390.05 424.64 433.23 434.04 432.89 397.42 384.91 349.96 275.34 219.42 146.06 79.5 56.64 74.08 63.84 34.82 35.53 26.11 49.81 45.11 39.98 35.24 33.48 81.46 160.0 264.3 295.0 346.57 357.55 331.77 290.06 240.8 186.81 172.68 169.58 106.49 93.84 166.3 189.51 137.37 88.71 80.66 82.17 62.49 72.0 82.5 109.3 94.46 344.42 416.54 427.92 434.95 431.82 407.23 320.08 278.04 276.37 269.64 272.56 298.0 395.95 415.08 433.97 417.26 405.17 396.9 382.27 369.8 321.83 285.04 323.16 379.26 400.34 458.03 469.9 452.12 450.05 419.15 395.49 349.57 330.04 331.5 334.34 362.1 419.64 453.66 448.9 388.88 328.99 318.21 310.48 260.07 260.89 283.21 313.94 388.64 416.77 484.23 506.94 480.0 463.69 400.45 416.05 365.61 321.83 319.95 325.04 332.22 411.97 435.0 457.37 397.64 321.45 299.67 261.99 240.72 190.02 193.6 212.55 285.16 339.64 415.78 440.35 439.41 420.99 344.72 392.39 378.06 345.47 334.1 335.01 371.63 421.32 433.31 434.07 419.96 379.9 361.64 312.28 313.34 317.22 330.01 360.72 386.67 395.25 444.36 438.55 436.09 426.4 400.04 350.0 320.07 298.0 305.01 307.55 330.0 404.9 429.92 416.58 334.06 262.45 243.92 252.71 244.63 230.62 265.14 241.02 371.72 390.05 424.64 433.23 434.04 432.89 397.42 384.91 349.96 275.34 219.42 146.06 79.5 56.64 74.08 63.84 34.82 35.53 26.11 49.81 45.11 39.98 35.24 33.48 81.46 160.0 264.3 295.0 346.57 357.55 331.77 290.06 240.8 186.81 172.68 169.58 106.49 93.84 166.3 189.51 137.37 88.71 80.66 82.17 62.49 72.0 82.5 109.3 94.46 344.42 416.54 427.92 434.95 431.82 407.23 320.08 278.04 276.37 269.64 272.56 298.0 395.95 415.08 433.97 417.26 405.17 396.9 382.27 369.8 321.83 285.04 323.16 379.26 400.34 458.03 469.9 452.12 450.05 419.15 395.49 349.57 330.04 331.5 334.34 362.1 419.64 453.66 448.9 388.88 328.99 318.21 310.48 260.07 260.89 283.21 313.94 388.64 416.77 484.23 506.94 480.0 463.69 400.45 416.05 365.61 321.83 319.95 325.04 332.22 411.97 435.0 457.37 397.64 321.45 299.67 261.99 240.72 190.02 193.6 212.55 285.16 339.64 415.78 440.35 439.41 420.99 344.72 392.39 378.06 345.47 334.1 335.01 371.63 421.32 433.31 434.07 419.96 379.9 361.64 312.28 313.34 317.22 330.01 360.72 386.67 395.25 444.36 438.55 436.09 426.4 400.04 350.0 320.07 298.0 305.01 307.55 330.0 404.9 429.92 416.58 334.06 262.45 243.92 252.71 244.63 230.62 265.14 241.02 371.72 390.05 424.64 433.23 434.04 432.89 397.42 384.91 349.96 275.34 219.42 146.06 79.5 56.64 74.08 63.84 34.82 35.53 26.11 49.81 45.11 39.98 35.24 33.48 81.46 160.0 264.3 295.0 346.57 357.55 331.77 290.06 240.8 186.81 172.68 169.58 106.49 93.84 166.3 189.51 137.37 88.71 80.66 82.17 62.49 72.0 82.5 109.3 94.46 344.42 416.54 427.92 434.95 431.82 407.23 320.08 278.04 276.37 269.64 272.56 298.0 395.95 415.08 433.97 417.26 405.17 396.9 382.27 369.8 321.83 285.04 323.16 379.26 400.34 458.03 469.9 452.12 450.05 419.15 395.49 349.57 330.04 331.5 334.34 362.1 419.64 453.66 448.9 388.88 328.99 318.21 310.48 260.07 260.89 283.21 313.94 388.64 416.77 484.23 506.94 480.0 463.69 400.45 416.05 365.61 321.83 319.95 325.04 332.22 411.97 435.0 457.37 397.64 321.45 299.67 261.99 240.72 190.02 193.6 212.55 285.16 339.64 415.78 440.35 439.41 420.99 344.72 392.39 378.06 345.47 334.1 335.01 371.63 421.32 433.31 434.07 419.96 379.9 361.64 312.28 313.34 317.22 330.01 360.72 386.67 395.25 444.36 438.55 436.09 426.4 400.04 350.0 320.07 298.0 305.01 307.55 330.0 404.9 429.92 416.58 334.06 262.45 243.92 252.71 244.63 230.62 265.14 241.02 371.72 390.05 424.64 433.23 434.04 432.89 397.42 384.91 349.96 275.34 219.42 146.06 79.5 56.64 74.08 63.84 34.82 35.53 26.11 49.81 45.11 39.98 35.24 33.48 81.46 160.0 264.3 295.0 346.57 357.55 331.77 290.06 240.8 186.81 172.68 169.58 106.49 93.84 166.3 189.51 137.37 88.71 80.66 82.17 62.49 72.0 82.5 109.3 94.46 344.42 416.54 427.92 434.95 431.82 407.23 320.08 278.04 276.37 269.64 272.56 298.0 395.95 415.08 433.97 417.26 405.17 396.9 382.27 369.8 321.83 285.04 323.16 379.26 400.34 458.03 469.9 452.12 450.05 419.15 395.49 349.57 330.04 331.5 334.34 362.1 419.64 453.66 448.9 388.88 328.99 318.21 310.48 260.07 260.89 283.21 313.94 388.64 416.77 484.23 506.94 480.0 463.69 400.45 416.05 365.61 321.83 319.95 325.04 332.22 411.97 435.0 457.37 397.64 321.45 299.67 261.99 240.72 190.02 193.6 212.55 285.16 339.64 415.78 440.35 439.41 420.99 344.72 392.39 378.06 345.47 334.1 335.01 371.63 421.32 433.31 434.07 419.96 379.9 361.64 312.28 313.34 317.22 330.01 360.72 386.67 395.25 444.36 438.55 436.09 426.4 400.04 350.0 320.07 298.0 305.01
