448 5
1 41 39 34 31
1 0 0 0 0 0 3 1 2 3 0 163 6.06
9 0 10 7 0 7 3 5 6 16 1 170 7.71
7 0 8 0 1 7 3 11 14 19 1 117 9.12
8 0 8 0 5 4 2 4 5 1 97 10.29
6 0 1 9 0 5 1 25 9 175 6.58
4 0 7 0 10 6 2 9 12 10 101 8.69
2 0 9 0 10 5 3 7 28 29 10 150 6.33
2 0 9 2 10 8 3 8 10 21 12 128 8.32
4 0 9 3 10 2 1 13 14 112 6.05
8 0 0 10 6 5 3 14 15 17 14 153 8.99
6 0 0 1 0 5 2 13 23 14 172 5.35
5 0 1 3 0 4 2 18 20 8 168 9.29
2 0 10 10 1 9 3 13 18 19 14 174 7.0
6 1 0 0 0 0 2 22 25 20 173 7.96
1 1 0 0 0 0 3 18 24 26 22 166 5.99
2 0 5 5 0 4 1 21 22 172 5.47
5 0 2 6 4 4 2 20 22 10 128 8.69
3 0 0 9 7 0 3 21 25 27 22 142 8.93
6 1 0 0 0 0 2 22 23 23 156 5.83
10 0 10 7 4 0 1 29 16 168 8.74
9 0 1 3 0 0 1 24 15 114 8.66
5 1 0 0 0 0 2 23 26 25 163 8.95
9 0 2 2 3 2 1 30 29 131 6.59
7 0 9 5 9 0 1 30 30 168 8.21
10 0 8 5 0 3 2 27 28 24 187 6.57
4 1 0 0 0 0 1 26 26 133 5.53
7 0 2 7 0 5 1 30 30 133 9.36
9 0 0 0 5 1 1 29 34 170 9.09
3 0 8 10 3 0 1 31 34 136 6.95
6 0 4 1 4 0 1 31 43 132 5.39
4 0 5 0 0 8 1 31 38 161 7.9
1 0 0 0 0 0 0 49 184 7.67
1 0 0 0 0 0 3 33 34 35 0 155 9.98
10 0 7 9 0 10 3 37 40 44 1 131 6.89
5 0 0 1 8 0 2 36 39 1 141 6.66
7 0 8 5 7 1 2 41 47 1 132 8.67
5 0 1 8 0 0 3 38 46 55 6 139 8.53
4 1 0 0 0 0 1 60 11 136 5.61
6 1 0 0 0 0 3 43 50 58 11 136 7.11
2 0 10 3 9 5 3 43 45 60 6 106 5.6
2 0 0 0 1 3 3 42 50 51 11 132 7.51
5 0 9 1 4 0 3 42 48 49 8 162 10.49
9 0 0 0 8 7 2 53 58 13 137 7.62
1 1 0 0 0 0 1 47 17 117 7.87
8 0 9 0 6 8 3 49 53 56 11 158 6.94
6 0 5 5 9 0 3 47 50 54 8 113 5.67
10 0 7 0 3 8 1 62 11 142 7.68
9 0 2 10 4 2 2 53 56 18 182 7.31
4 0 0 7 4 8 3 52 57 61 13 131 6.55
8 1 0 0 0 0 1 57 19 151 8.15
4 0 7 0 5 1 1 59 17 139 9.38
1 1 0 0 0 0 3 52 55 56 13 100 6.66
6 1 0 0 0 0 1 54 17 141 9.48
1 0 7 9 9 5 1 59 27 168 6.28
4 0 8 5 1 1 1 58 23 156 9.15
6 1 0 0 0 0 1 57 14 145 9.02
3 0 10 10 0 0 1 59 27 151 5.38
10 0 2 3 1 5 2 60 62 27 129 7.57
6 0 9 0 6 9 1 62 27 114 7.2
5 0 4 0 8 3 1 61 30 136 5.36
5 0 9 7 6 0 1 63 37 120 8.83
1 0 0 1 1 0 1 63 35 161 9.82
3 0 5 2 0 1 1 63 37 123 9.26
1 0 0 0 0 0 0 42 192 9.02
1 0 0 0 0 0 3 65 66 67 0 102 6.41
4 0 0 0 9 0 1 82 1 102 6.17
1 0 8 2 0 0 3 70 71 77 1 131 7.77
1 0 6 2 0 0 3 68 72 88 1 105 6.7
8 0 0 0 4 0 2 69 77 2 121 8.96
4 0 0 4 1 0 3 75 80 86 10 162 8.68
8 0 0 8 3 9 1 85 2 107 8.47
7 0 9 0 10 0 3 73 88 94 2 92 7.7
10 0 2 0 2 8 1 92 2 136 8.5
9 0 0 9 0 0 2 74 76 9 152 7.97
3 1 0 0 0 0 1 87 18 145 9.88
10 0 6 0 0 8 1 79 14 181 8.5
8 0 0 10 0 0 3 78 82 90 18 119 9.24
5 0 0 0 10 0 1 81 10 158 5.78
8 1 0 0 0 0 1 89 26 123 5.96
1 0 10 7 9 5 1 91 24 156 7.4
4 0 1 0 8 10 1 91 14 140 5.86
9 1 0 0 0 0 1 83 15 117 7.25
8 1 0 0 0 0 2 84 89 26 143 9.26
7 0 10 6 9 4 2 85 87 24 111 10.06
8 0 0 0 5 0 2 86 87 34 142 6.24
4 0 6 0 1 0 1 94 31 118 8.85
10 0 5 0 10 0 1 93 42 176 9.03
3 0 0 10 6 3 1 92 42 167 7.42
2 0 1 0 0 7 1 91 9 105 5.97
4 1 0 0 0 0 1 92 34 125 6.76
6 0 9 0 0 0 1 93 26 124 9.82
7 0 0 0 3 7 1 93 25 140 10.49
3 0 0 1 6 0 1 95 45 164 6.35
2 0 0 0 3 5 1 95 52 149 9.19
10 0 2 10 0 8 1 95 35 197 8.45
1 0 0 0 0 0 0 54 182 8.87
1 0 0 0 0 0 3 97 98 99 0 90 8.69
9 0 1 9 6 10 2 100 101 1 140 7.87
4 0 3 7 0 7 3 107 111 120 1 141 8.87
1 0 6 8 2 1 1 105 1 87 8.87
8 0 7 5 8 2 3 102 103 114 10 104 7.51
4 0 8 4 0 2 2 107 113 10 124 5.8
4 0 6 0 8 9 3 104 108 123 18 173 9.24
3 0 4 0 7 2 1 106 18 182 9.95
9 0 4 4 0 4 3 109 112 115 22 147 7.79
2 0 1 1 3 2 3 114 118 120 2 144 8.45
4 0 0 2 0 10 2 110 119 21 138 7.76
7 0 10 0 9 0 2 112 123 14 115 8.19
2 0 2 2 3 0 1 110 22 124 6.79
5 1 0 0 0 0 1 113 31 172 9.93
8 1 0 0 0 0 2 116 120 25 147 8.6
4 0 4 0 8 9 2 112 119 5 105 8.62
8 0 1 0 9 9 3 116 117 122 31 137 5.51
7 1 0 0 0 0 2 116 119 36 180 9.98
7 0 1 7 10 5 3 117 122 125 18 168 8.13
1 1 0 0 0 0 3 117 118 121 31 121 6.06
4 1 0 0 0 0 1 126 43 133 8.79
4 0 9 9 0 3 1 126 39 175 9.27
4 0 8 7 9 5 1 125 32 193 9.76
8 0 4 0 0 0 2 121 122 43 159 5.89
10 1 0 0 0 0 1 121 33 183 5.34
9 0 10 9 4 0 1 126 51 165 7.65
9 0 5 0 4 9 1 124 51 138 5.79
3 0 10 0 8 8 2 124 125 22 132 8.73
10 0 3 0 0 7 1 127 60 215 9.67
3 1 0 0 0 0 1 127 36 163 6.02
5 0 10 0 0 7 1 127 60 151 6.24
1 0 0 0 0 0 0 70 175 6.13
1 0 0 0 0 0 3 129 130 131 0 96 9.28
9 0 0 0 6 0 3 132 134 141 1 134 5.5
7 0 0 6 0 0 2 140 146 1 166 9.53
1 0 0 5 0 0 3 133 134 143 1 146 6.19
10 0 0 5 0 0 2 142 152 10 180 8.29
8 0 0 0 1 0 3 135 136 150 2 127 7.91
8 0 0 0 1 0 1 147 10 113 8.11
2 0 0 6 0 0 2 137 139 10 127 10.32
7 0 10 0 0 0 3 140 141 145 10 112 6.08
3 1 0 0 0 0 3 138 142 144 12 108 5.82
6 1 0 0 0 0 1 154 15 115 6.5
1 1 0 0 0 0 3 146 149 155 12 132 5.47
10 0 0 0 0 10 3 149 152 154 17 131 6.09
9 0 1 0 0 0 1 157 17 158 8.99
7 0 0 6 0 0 1 147 20 148 6.21
7 0 0 0 7 0 1 151 2 172 6.68
6 0 0 9 0 0 3 145 148 149 15 174 7.11
5 1 0 0 0 0 2 152 155 21 156 9.04
8 0 0 0 3 0 3 148 151 156 13 158 7.41
5 0 0 0 0 2 1 151 27 143 7.71
1 1 0 0 0 0 1 153 21 146 6.08
4 1 0 0 0 0 1 156 27 110 7.75
2 0 0 0 0 8 2 153 154 10 120 7.83
6 0 0 0 0 10 1 158 32 196 9.45
4 1 0 0 0 0 1 157 27 142 5.32
3 0 0 0 4 0 2 157 158 22 111 8.3
7 0 0 0 0 3 2 155 158 27 171 8.41
10 0 4 0 0 0 1 156 34 167 5.97
7 0 4 0 0 0 1 159 44 134 6.22
4 0 6 0 0 0 1 159 31 188 7.74
10 0 0 0 8 0 1 159 38 176 9.95
1 0 0 0 0 0 0 51 154 8.45
1 0 0 0 0 0 3 161 162 163 0 148 9.8
4 0 1 3 0 1 1 165 1 151 8.61
1 0 1 0 0 0 2 164 167 1 129 7.23
8 0 7 4 0 0 1 174 1 93 7.25
1 0 3 0 0 0 3 170 180 186 2 159 6.49
10 0 1 0 8 0 3 166 169 173 5 131 7.26
8 0 0 1 10 0 1 171 15 116 7.07
4 0 9 5 8 0 2 168 190 2 146 10.44
1 0 0 9 10 0 1 181 6 139 6.91
10 0 0 4 6 7 2 175 179 15 125 9.91
7 0 8 0 2 0 1 184 3 151 7.1
9 1 0 0 0 0 2 172 183 23 168 8.07
1 0 0 0 4 0 1 177 32 125 6.99
4 0 9 3 0 0 3 177 182 187 15 109 6.29
7 0 0 9 6 1 1 185 9 158 7.4
10 0 0 6 0 0 3 176 184 187 25 158 7.51
1 0 9 0 5 0 1 178 35 148 5.78
6 0 4 4 10 0 2 178 188 33 159 5.59
1 0 5 0 4 10 1 186 39 148 7.73
8 1 0 0 0 0 1 184 25 121 10.13
3 0 0 0 4 3 1 187 3 99 8.82
10 0 3 0 2 0 3 183 185 188 7 164 8.49
3 1 0 0 0 0 1 183 19 126 5.78
7 0 0 7 6 0 1 189 32 168 6.51
1 0 6 0 0 0 1 189 35 173 5.47
9 0 1 0 9 0 1 189 17 131 8.69
7 0 8 0 3 8 1 190 40 152 5.54
4 0 10 0 1 5 1 188 35 187 8.62
7 0 0 4 0 0 1 191 39 172 10.09
6 0 0 8 0 0 1 191 39 126 8.72
4 0 10 0 1 0 1 191 47 174 8.4
1 0 0 0 0 0 0 51 145 7.18
1 0 0 0 0 0 3 193 194 195 0 122 9.7
3 0 7 7 0 0 3 197 203 218 1 95 9.73
5 0 4 7 5 9 2 211 218 1 118 9.62
2 0 6 8 6 0 3 196 207 217 1 88 5.48
8 0 8 0 0 1 3 199 205 212 3 140 6.46
5 0 0 10 0 5 1 198 4 168 6.04
7 0 6 0 0 10 3 200 201 204 9 178 6.46
5 0 0 8 0 3 3 206 219 222 11 99 9.98
9 0 5 0 5 4 2 202 211 16 107 9.66
5 0 4 0 2 1 3 205 214 215 16 180 8.23
8 1 0 0 0 0 3 207 208 214 25 143 5.28
3 0 4 2 3 8 1 217 4 98 5.47
7 0 8 10 5 0 3 207 208 216 16 164 8.72
1 0 3 2 3 4 2 206 216 21 121 10.32
9 0 0 9 4 0 2 209 211 22 154 5.89
10 0 1 0 6 2 3 213 221 222 33 158 7.79
10 0 0 4 4 8 2 215 217 33 173 5.32
3 1 0 0 0 0 1 210 31 179 9.33
7 0 0 8 6 6 1 213 34 184 6.41
3 0 9 9 6 0 1 220 31 135 5.89
3 1 0 0 0 0 3 214 215 220 11 112 6.89
1 0 4 6 0 9 1 220 43 168 7.66
9 0 10 9 5 4 1 216 33 191 7.28
10 0 0 6 6 1 1 219 43 146 10.29
4 0 7 4 0 0 1 219 42 124 8.21
2 0 6 5 7 5 1 221 43 154 8.74
7 0 0 9 1 4 1 222 6 128 5.58
4 0 3 0 0 0 1 221 53 204 6.68
3 0 4 9 3 1 1 223 44 191 6.99
2 0 8 5 3 5 1 223 57 139 9.43
3 0 1 9 10 9 1 223 43 162 7.28
1 0 0 0 0 0 0 59 208 8.85
1 0 0 0 0 0 3 225 226 227 0 114 9.12
6 0 3 0 0 9 3 230 232 242 1 161 7.6
3 0 7 0 0 8 2 232 233 1 100 8.24
6 0 0 0 0 9 3 228 234 236 1 128 8.31
7 0 0 4 0 9 3 229 230 232 7 124 8.89
9 0 0 5 0 9 3 237 240 243 14 144 7.92
10 0 3 0 0 7 3 231 235 239 14 137 9.77
9 1 0 0 0 0 2 240 249 24 167 9.77
2 0 5 0 0 1 3 238 239 240 14 170 6.35
6 0 0 0 0 10 3 234 237 243 4 125 6.26
3 0 6 2 2 0 2 242 250 10 125 5.37
3 1 0 0 0 0 3 238 241 246 24 107 9.68
4 0 5 4 0 0 3 244 246 251 7 127 6.36
9 0 0 0 1 8 3 242 246 247 23 177 6.5
7 0 0 0 8 5 3 244 245 248 27 147 6.69
4 1 0 0 0 0 3 245 247 254 24 129 10.45
1 1 0 0 0 0 3 247 250 252 33 141 6.63
1 0 8 0 0 0 2 243 248 27 125 8.3
6 0 0 10 0 0 2 244 254 32 170 9.53
10 1 0 0 0 0 2 245 254 28 190 6.38
4 1 0 0 0 0 1 249 38 188 8.35
10 0 7 3 10 8 3 249 250 251 38 141 7.08
2 1 0 0 0 0 1 252 32 131 8.33
6 1 0 0 0 0 2 248 251 34 161 7.73
6 0 3 0 3 1 1 253 40 132 7.32
10 0 3 3 2 0 1 252 48 174 7.67
8 0 7 8 3 0 1 253 48 206 9.31
2 0 4 0 0 0 1 253 48 158 8.49
8 0 10 4 0 0 1 255 58 189 7.8
10 0 4 6 10 0 1 255 56 211 9.82
5 1 0 0 0 0 1 255 38 136 6.6
1 0 0 0 0 0 0 66 173 5.94
1 0 0 0 0 0 3 257 258 259 0 153 7.39
7 0 6 7 0 0 1 277 1 104 6.12
3 0 0 0 1 6 3 260 261 266 1 120 10.43
5 0 2 0 2 0 1 286 1 111 6.94
1 0 0 0 7 0 3 262 275 282 4 129 10.3
10 0 4 0 5 0 3 263 265 270 4 101 6.81
5 0 9 6 3 10 3 264 269 283 5 112 6.33
9 0 0 0 6 7 1 281 14 173 5.36
1 0 0 0 2 3 1 278 10 124 9.58
5 0 0 8 0 0 3 267 268 274 14 113 9.25
2 0 0 9 4 10 1 279 4 163 6.39
1 1 0 0 0 0 1 276 19 154 6.08
7 1 0 0 0 0 2 271 273 19 151 9.4
4 0 0 10 8 7 1 279 10 146 5.83
5 0 3 9 0 4 2 272 279 14 134 8.61
7 0 0 0 8 0 1 272 26 185 8.31
8 0 0 10 0 0 1 284 33 140 10.13
5 1 0 0 0 0 2 277 286 26 114 7.42
1 0 0 3 3 0 2 285 286 19 102 7.82
1 0 4 0 3 4 1 283 5 133 8.61
10 1 0 0 0 0 1 281 20 129 10.19
3 1 0 0 0 0 1 282 31 176 9.56
4 0 2 0 1 3 1 284 11 106 5.53
3 1 0 0 0 0 1 280 19 153 8.14
1 0 2 0 0 0 1 284 22 116 5.96
7 0 9 0 2 0 2 282 283 30 137 9.18
9 0 9 9 5 0 1 285 37 131 8.23
10 0 3 0 0 9 1 285 37 184 5.63
6 0 9 0 9 0 1 287 41 173 5.49
5 0 0 0 0 8 1 287 47 191 9.77
10 0 3 0 5 3 1 287 31 135 8.83
1 0 0 0 0 0 0 52 186 9.93
1 0 0 0 0 0 3 289 290 291 0 131 7.0
5 0 0 6 10 9 3 297 303 316 1 137 9.18
4 0 7 10 6 0 3 292 299 302 1 93 6.91
7 0 0 8 7 6 3 295 298 311 1 97 8.27
2 0 3 0 7 0 3 293 294 309 5 125 9.88
6 0 2 1 2 6 2 300 304 7 156 7.46
4 0 5 10 5 5 1 296 7 95 6.32
10 0 6 0 0 3 2 297 308 8 138 5.78
10 0 3 7 0 9 2 311 313 11 158 7.46
5 1 0 0 0 0 1 310 18 105 6.93
2 0 0 6 8 0 1 308 8 136 9.8
10 0 8 1 1 3 1 301 5 97 7.25
1 0 2 0 3 7 1 307 13 167 9.29
3 0 5 0 8 0 1 314 15 167 9.74
8 0 6 3 10 6 1 307 5 152 9.12
9 0 2 4 3 6 3 305 306 313 6 131 6.63
9 0 0 0 7 7 2 307 310 13 152 7.32
7 0 8 0 0 0 1 315 15 147 10.02
2 0 9 9 0 0 1 318 15 100 5.55
8 1 0 0 0 0 1 308 22 117 5.97
6 0 1 1 1 1 1 312 30 161 9.48
6 0 2 1 0 7 1 312 7 156 8.63
8 0 7 9 6 6 1 315 23 184 6.16
1 1 0 0 0 0 1 315 21 171 9.79
4 0 7 3 0 0 1 318 36 178 9.7
1 0 0 7 1 10 1 317 21 148 6.53
10 0 4 9 9 5 1 316 18 123 5.33
1 0 9 5 2 8 2 317 318 31 154 9.89
10 0 0 5 0 8 1 319 28 125 10.39
3 0 2 0 8 5 1 319 32 175 9.37
5 0 0 5 8 0 1 319 40 160 6.84
1 0 0 0 0 0 0 45 156 6.73
1 0 0 0 0 0 3 321 322 323 0 153 7.66
6 0 5 0 0 8 3 332 335 338 1 123 9.38
6 0 0 0 0 9 2 330 349 1 160 9.15
10 0 0 8 4 0 3 324 333 348 1 147 5.55
1 0 10 7 0 0 2 325 329 11 113 7.86
7 0 4 0 0 7 3 326 327 328 12 128 10.27
10 0 0 0 6 6 2 334 337 19 124 6.14
5 0 3 7 10 0 2 336 340 19 135 7.65
6 1 0 0 0 0 2 334 341 19 157 9.47
4 0 7 0 3 0 3 331 332 335 12 157 8.63
8 0 0 1 0 5 3 343 344 348 7 154 6.11
8 1 0 0 0 0 1 340 16 153 8.41
10 0 6 10 0 0 2 337 340 16 174 9.1
3 0 6 0 4 6 1 342 11 125 8.45
6 1 0 0 0 0 3 335 339 346 29 157 10.25
3 1 0 0 0 0 1 350 35 117 9.38
7 1 0 0 0 0 1 338 24 159 5.6
4 0 0 0 2 0 3 339 346 349 29 139 8.67
4 1 0 0 0 0 3 339 345 346 31 167 6.69
3 1 0 0 0 0 2 343 344 35 133 7.14
5 0 0 5 7 4 1 341 26 176 5.48
3 1 0 0 0 0 2 342 344 31 182 5.57
1 1 0 0 0 0 2 343 345 34 160 7.6
3 1 0 0 0 0 1 350 38 148 5.88
9 0 0 1 5 10 1 347 38 167 7.63
3 0 0 0 0 1 1 349 35 123 7.33
3 0 7 0 2 0 1 347 35 126 8.67
8 0 0 0 4 10 1 350 47 143 6.22
9 1 0 0 0 0 1 351 15 152 8.84
7 0 0 0 0 4 1 351 38 197 10.37
9 0 0 8 7 0 1 351 55 149 5.36
1 0 0 0 0 0 0 64 174 6.91
1 0 0 0 0 0 3 353 354 355 0 128 6.93
6 0 0 7 10 0 3 356 359 362 1 124 7.75
5 0 1 10 0 4 2 360 367 1 91 9.89
8 0 0 6 0 5 3 358 369 373 1 144 7.6
8 0 8 9 0 0 3 357 372 374 7 175 5.27
10 0 10 10 0 4 3 360 361 363 15 116 5.43
10 0 0 9 0 0 3 366 367 368 9 145 7.68
6 0 10 6 0 0 3 365 368 372 7 156 6.91
2 1 0 0 0 0 3 364 370 371 25 171 10.1
1 0 0 0 6 2 3 365 370 371 25 168 7.56
7 0 0 0 7 0 3 363 368 373 7 176 7.69
1 1 0 0 0 0 3 366 370 380 25 159 9.82
2 1 0 0 0 0 3 369 378 379 27 139 9.16
4 1 0 0 0 0 3 366 369 376 26 124 9.23
2 0 0 4 3 0 2 375 381 30 144 7.1
10 0 9 0 0 10 3 372 377 378 19 119 6.42
8 1 0 0 0 0 3 371 374 377 19 133 5.53
3 1 0 0 0 0 2 375 380 30 147 6.45
4 1 0 0 0 0 1 378 27 130 8.57
1 0 8 1 8 0 1 376 27 114 10.29
2 0 1 6 0 0 1 379 29 111 6.28
6 0 0 0 0 10 3 374 375 376 14 110 9.19
6 0 6 0 0 7 2 379 380 27 117 6.57
5 0 0 0 0 8 1 377 33 127 6.55
8 0 3 1 0 0 1 381 30 120 5.99
9 0 0 0 6 3 1 382 38 150 6.74
6 0 9 0 8 1 1 382 31 150 8.72
3 0 0 2 9 5 2 381 382 33 177 7.4
4 0 2 0 0 10 1 383 33 132 9.9
8 0 5 8 0 10 1 383 38 125 8.18
8 0 0 0 0 4 1 383 47 175 7.78
1 0 0 0 0 0 0 55 142 5.62
1 0 0 0 0 0 3 385 386 387 0 153 6.74
9 0 7 1 6 8 3 395 396 412 1 104 9.54
10 0 0 0 6 6 2 389 390 1 92 9.84
9 0 10 4 1 7 2 388 392 1 132 8.21
10 0 3 0 3 8 1 410 10 133 6.05
7 0 5 10 8 0 2 391 402 11 114 6.03
1 0 3 2 5 3 1 405 11 153 7.17
4 0 4 7 0 10 3 393 400 404 18 150 7.57
4 0 1 9 0 8 1 411 10 118 5.78
4 0 0 2 6 1 2 394 405 22 183 9.02
8 0 10 0 0 2 1 399 26 162 6.89
9 0 1 8 9 5 3 398 407 413 10 121 7.31
3 0 8 5 6 0 3 397 403 406 10 147 9.46
2 0 8 2 4 7 2 398 409 13 177 6.35
1 0 1 0 2 2 1 402 19 169 6.32
3 0 10 8 8 0 1 401 34 161 10.48
7 0 3 3 7 6 1 409 22 151 6.05
7 1 0 0 0 0 1 408 37 160 9.32
4 1 0 0 0 0 1 410 20 150 8.99
6 0 0 5 1 0 1 411 13 112 9.97
9 0 2 4 0 7 1 414 22 110 10.19
9 0 0 0 8 8 2 407 413 26 181 6.23
8 0 8 10 0 6 1 413 13 176 8.36
8 1 0 0 0 0 1 414 35 189 7.22
6 1 0 0 0 0 2 409 412 44 135 9.39
10 0 7 10 6 0 1 410 50 194 8.9
7 0 2 0 0 0 1 411 60 167 5.94
6 0 10 6 9 9 1 414 67 212 6.52
4 1 0 0 0 0 1 415 50 195 9.16
1 1 0 0 0 0 1 415 35 127 6.36
9 0 0 3 7 0 1 415 73 169 6.73
1 0 0 0 0 0 0 82 188 10.31
1 0 0 0 0 0 3 417 418 419 0 127 6.1
5 0 9 0 6 0 3 420 425 443 1 144 8.47
2 0 7 6 0 0 3 421 424 428 1 140 8.92
7 0 4 0 9 0 3 422 430 441 1 161 8.42
7 0 8 10 10 0 3 423 434 435 6 125 7.31
7 0 0 1 1 2 3 427 433 439 3 173 8.27
10 0 6 0 5 2 1 439 8 157 6.16
1 0 2 10 0 9 2 424 432 13 136 9.05
3 0 0 8 0 10 2 426 436 14 106 9.58
2 0 0 0 0 9 2 429 437 6 102 8.99
3 0 6 0 1 7 1 442 17 151 7.27
6 1 0 0 0 0 1 443 10 128 6.06
3 0 0 0 1 8 1 445 3 146 8.55
10 0 3 0 8 0 2 431 440 8 128 9.39
3 0 8 8 0 0 1 435 8 99 7.33
10 0 9 0 0 0 1 445 18 130 5.26
3 1 0 0 0 0 1 438 14 160 9.92
9 1 0 0 0 0 1 438 10 120 7.74
10 0 0 10 5 0 2 436 441 13 126 6.35
4 1 0 0 0 0 1 436 13 174 6.75
10 0 0 7 2 0 1 446 23 170 8.23
7 1 0 0 0 0 1 444 8 99 7.34
5 0 0 0 7 0 1 446 19 106 6.98
5 0 1 0 0 0 1 445 18 172 7.89
8 0 0 10 4 0 1 446 18 125 7.53
9 0 7 7 0 0 1 442 23 179 8.63
6 0 6 0 1 0 1 444 32 119 7.74
1 0 4 5 0 5 1 444 16 145 9.95
2 0 8 0 4 8 1 447 38 168 5.79
4 0 9 0 7 0 1 447 28 181 6.77
2 0 10 0 0 0 1 447 33 151 8.41
1 0 0 0 0 0 0 40 163 10.37
100.07 100.19 101.28 100.05 98.59 105.06 143.27 177.22 195.13 151.52 128.07 109.03 102.26 103.22 107.0 129.08 141.43 160.36 173.38 163.48 141.65 122.45 114.56 92.76 101.33 97.21 94.54 89.46 93.57 97.62 118.08 140.55 141.89 136.35 128.37 125.0 118.99 112.54 114.76 134.84 137.68 142.71 151.7 153.81 133.45 119.31 114.1 102.78 99.07 94.56 89.49 86.19 87.32 95.33 124.14 150.33 152.87 141.18 129.93 124.91 117.68 115.57 123.44 138.54 145.27 151.88 155.18 158.75 139.46 126.42 120.06 112.8 90.0 90.53 88.37 87.56 90.22 100.0 122.55 138.17 146.71 149.0 146.37 140.0 131.11 120.09 119.6 122.12 131.83 142.61 151.57 149.41 135.13 120.7 117.06 104.85 104.56 97.15 93.8 92.63 95.05 102.11 127.46 146.07 154.8 152.7 143.81 135.65 121.95 114.48 108.56 114.95 129.88 134.01 143.76 143.63 125.4 102.7 97.69 93.7 84.6 68.61 64.59 55.0 59.98 67.76 66.19 93.53 98.43 97.56 87.01 69.75 68.0 65.56 70.74 84.31 110.04 137.55 147.32 124.41 102.3 92.22 81.8 51.81 35.26 22.31 7.94 7.03 6.56 6.68 6.91 19.41 16.35 7.75 7.47 6.89 6.93 5.82 7.45 14.08 36.22 70.79 77.53 78.46 77.4 65.74 57.52 53.53 100.07 100.19 101.28 100.05 98.59 105.06 143.27 177.22 195.13 151.52 128.07 109.03 102.26 103.22 107.0 129.08 141.43 160.36 173.38 163.48 141.65 122.45 114.56 92.76 101.33 97.21 94.54 89.46 93.57 97.62 118.08 140.55 141.89 136.35 128.37 125.0 118.99 112.54 114.76 134.84 137.68 142.71 151.7 153.81 133.45 119.31 114.1 102.78 99.07 94.56 89.49 86.19 87.32 95.33 124.14 150.33 152.87 141.18 129.93 124.91 117.68 115.57 123.44 138.54 145.27 151.88 155.18 158.75 139.46 126.42 120.06 112.8 90.0 90.53 88.37 87.56 90.22 100.0 122.55 138.17 146.71 149.0 146.37 140.0 131.11 120.09 119.6 122.12 131.83 142.61 151.57 149.41 135.13 120.7 117.06 104.85 104.56 97.15 93.8 92.63 95.05 102.11 127.46 146.07 154.8 152.7 143.81 135.65 121.95 114.48 108.56 114.95 129.88 134.01 143.76 143.63 125.4 102.7 97.69 93.7 84.6 68.61 64.59 55.0 59.98 67.76 66.19 93.53 98.43 97.56 87.01 69.75 68.0 65.56 70.74 84.31 110.04 137.55 147.32 124.41 102.3 92.22 81.8 51.81 35.26 22.31 7.94 7.03 6.56 6.68 6.91 19.41 16.35 7.75 7.47 6.89 6.93 5.82 7.45 14.08 36.22 70.79 77.53 78.46 77.4 65.74 57.52 53.53 100.07 100.19 101.28 100.05 98.59 105.06 143.27 177.22 195.13 151.52 128.07 109.03 102.26 103.22 107.0 129.08 141.43 160.36 173.38 163.48 141.65 122.45 114.56 92.76 101.33 97.21 94.54 89.46 93.57 97.62 118.08 140.55 141.89 136.35 128.37 125.0 118.99 112.54 114.76 134.84 137.68 142.71 151.7 153.81 133.45 119.31 114.1 102.78 99.07 94.56 89.49 86.19 87.32 95.33 124.14 150.33 152.87 141.18 129.93 124.91 117.68 115.57 123.44 138.54 145.27 151.88 155.18 158.75 139.46 126.42 120.06 112.8 90.0 90.53 88.37 87.56 90.22 100.0 122.55 138.17 146.71 149.0 146.37 140.0 131.11 120.09 119.6 122.12 131.83 142.61 151.57 149.41 135.13 120.7 117.06 104.85 104.56 97.15 93.8 92.63 95.05 102.11 127.46 146.07 154.8 152.7 143.81 135.65 121.95 114.48 108.56 114.95 129.88 134.01 143.76 143.63 125.4 102.7 97.69 93.7 84.6 68.61 64.59 55.0 59.98 67.76 66.19 93.53 98.43 97.56 87.01 69.75 68.0 65.56 70.74 84.31 110.04 137.55 147.32 124.41 102.3 92.22 81.8 51.81 35.26 22.31 7.94 7.03 6.56 6.68 6.91 19.41 16.35 7.75 7.47 6.89 6.93 5.82 7.45 14.08 36.22 70.79 77.53 78.46 77.4 65.74 57.52 53.53 100.07 100.19 101.28 100.05 98.59 105.06 143.27 177.22 195.13 151.52 128.07 109.03 102.26 103.22 107.0 129.08 141.43 160.36 173.38 163.48 141.65 122.45 114.56 92.76 101.33 97.21 94.54 89.46 93.57 97.62 118.08 140.55 141.89 136.35 128.37 125.0 118.99 112.54 114.76 134.84 137.68 142.71 151.7 153.81 133.45 119.31 114.1 102.78 99.07 94.56 89.49 86.19 87.32 95.33 124.14 150.33 152.87 141.18 129.93 124.91 117.68 115.57 123.44 138.54 145.27 151.88 155.18 158.75 139.46 126.42 120.06 112.8 90.0 90.53 88.37 87.56 90.22 100.0 122.55 138.17 146.71 149.0 146.37 140.0 131.11 120.09 119.6 122.12 131.83 142.61 151.57 149.41 135.13 120.7 117.06 104.85 104.56 97.15 93.8 92.63 95.05 102.11 127.46 146.07 154.8 152.7 143.81 135.65 121.95 114.48 108.56 114.95 129.88 134.01 143.76 143.63 125.4 102.7 97.69 93.7 84.6 68.61 64.59 55.0 59.98 67.76 66.19 93.53 98.43 97.56 87.01 69.75 68.0 65.56 70.74 84.31 110.04 137.55 147.32 124.41 102.3 92.22 81.8 51.81 35.26 22.31 7.94 7.03 6.56 6.68 6.91 19.41 16.35 7.75 7.47 6.89 6.93 5.82 7.45 14.08 36.22 70.79 77.53 78.46 77.4 65.74 57.52 53.53 100.07 100.19 101.28 100.05 98.59 105.06 143.27 177.22 195.13 151.52 128.07 109.03 102.26 103.22 107.0 129.08 141.43 160.36 173.38 163.48 141.65 122.45 114.56 92.76 101.33 97.21 94.54 89.46 93.57 97.62 118.08 140.55 141.89 136.35 128.37 125.0 118.99 112.54 114.76 134.84 137.68 142.71 151.7 153.81 133.45 119.31 114.1 102.78 99.07 94.56 89.49 86.19 87.32 95.33 124.14 150.33 152.87 141.18 129.93 124.91 117.68 115.57 123.44 138.54 145.27 151.88 155.18 158.75 139.46 126.42 120.06 112.8 90.0 90.53 88.37 87.56 90.22 100.0 122.55 138.17 146.71 149.0 146.37 140.0 131.11 120.09 119.6 122.12 131.83 142.61 151.57 149.41 135.13 120.7 117.06 104.85 104.56 97.15 93.8 92.63 95.05 102.11 127.46 146.07 154.8 152.7 143.81 135.65 121.95 114.48 108.56 114.95 129.88 134.01 143.76 143.63 125.4 102.7 97.69 93.7 84.6 68.61 64.59 55.0 59.98 67.76 66.19 93.53 98.43 97.56 87.01 69.75 68.0 65.56 70.74 84.31 110.04 137.55 147.32 124.41 102.3 92.22 81.8 51.81 35.26 22.31 7.94 7.03 6.56 6.68 6.91 19.41 16.35 7.75 7.47 6.89
