480 5
1 46 43 44 46
1 0 0 0 0 0 3 1 2 3 0 110 7.34
10 0 7 9 0 10 3 5 8 12 1 125 5.78
5 0 0 1 8 0 2 4 7 1 109 5.9
7 0 8 5 7 1 2 9 15 1 192 5.3
5 0 1 8 0 0 3 6 14 23 6 158 8.08
4 1 0 0 0 0 1 28 11 190 5.82
6 1 0 0 0 0 3 11 18 26 11 197 6.64
2 0 10 3 9 5 3 11 13 28 6 182 5.09
2 0 0 0 1 3 3 10 18 19 11 157 4.3
5 0 9 1 4 0 3 10 16 17 8 130 4.59
9 1 0 0 0 0 2 21 26 13 120 4.79
1 0 10 8 8 0 1 15 17 200 4.56
8 0 9 0 6 8 3 17 21 24 11 193 6.16
6 0 5 5 9 0 3 15 18 22 8 150 7.48
10 0 7 0 3 8 1 30 11 187 7.13
9 0 2 10 4 2 2 21 24 18 166 6.56
4 0 0 7 4 8 3 20 25 29 13 194 4.24
8 1 0 0 0 0 1 25 19 156 4.79
4 1 0 0 0 0 1 27 17 156 7.17
1 1 0 0 0 0 3 20 23 24 13 178 5.8
6 1 0 0 0 0 1 22 17 117 6.76
1 0 7 9 9 5 1 27 27 131 4.65
4 0 8 5 1 1 1 26 23 202 6.23
6 0 0 9 1 0 1 25 14 151 6.08
3 0 10 10 0 0 1 27 27 181 8.08
10 0 2 3 1 5 2 28 30 27 185 7.19
6 0 9 0 6 9 1 30 27 148 6.52
5 0 4 0 8 3 1 29 30 151 5.72
5 0 9 7 6 0 1 31 37 205 7.18
1 0 0 1 1 0 1 31 35 219 6.53
3 0 5 2 0 1 1 31 37 159 5.78
1 0 0 0 0 0 0 42 142 4.76
1 0 0 0 0 0 3 33 34 35 0 152 6.07
2 0 3 2 6 6 3 36 37 41 1 133 5.65
10 0 3 8 10 4 3 37 38 39 1 111 6.71
8 0 10 9 7 7 3 36 45 46 1 169 6.41
3 0 8 1 10 1 3 38 43 49 9 116 4.53
10 0 6 8 0 0 3 40 42 43 11 128 6.48
8 0 3 7 10 2 3 52 56 62 12 172 4.11
6 0 4 0 4 0 3 40 50 59 11 156 5.86
10 0 0 6 2 10 3 45 47 48 21 185 7.02
9 0 4 4 0 0 2 44 61 3 111 4.37
4 0 9 3 5 7 3 44 46 52 21 152 7.2
9 1 0 0 0 0 3 47 52 53 21 152 7.65
7 1 0 0 0 0 2 50 51 25 168 6.27
5 1 0 0 0 0 3 51 53 54 31 160 7.59
2 1 0 0 0 0 3 47 55 56 25 160 4.49
8 0 0 4 1 0 3 51 54 58 31 220 6.15
6 0 2 0 0 0 1 53 31 141 4.62
7 0 3 3 5 10 3 50 55 56 12 176 4.53
7 0 3 6 0 0 2 54 62 32 187 5.51
2 0 6 1 10 6 2 60 62 39 184 7.46
6 1 0 0 0 0 2 55 57 30 217 6.88
3 0 0 1 0 3 1 58 37 154 4.2
8 0 1 0 6 6 1 60 39 170 4.65
7 0 4 7 0 4 3 58 59 60 36 222 7.1
10 1 0 0 0 0 1 57 27 153 7.06
5 0 2 0 9 6 1 59 37 148 7.47
8 0 7 5 9 2 1 61 43 177 6.78
10 0 9 3 0 3 1 61 43 207 4.19
5 0 2 3 5 8 1 63 47 212 7.91
2 0 10 7 3 7 1 63 53 152 5.86
9 0 0 6 0 10 1 63 41 226 7.08
1 0 0 0 0 0 0 55 151 4.68
1 0 0 0 0 0 3 65 66 67 0 153 8.0
2 0 3 4 7 1 1 74 1 168 8.08
8 0 0 0 0 3 2 69 71 1 134 7.11
8 0 7 8 0 3 2 68 70 1 143 6.66
10 0 6 1 7 0 1 90 9 183 4.4
8 0 4 7 4 0 3 76 77 79 9 164 5.23
7 0 9 1 4 4 1 71 9 199 6.84
7 0 4 0 7 4 3 72 77 79 16 142 4.73
1 0 2 9 5 2 2 73 75 23 169 7.06
9 1 0 0 0 0 3 78 82 87 24 140 6.13
7 0 7 7 4 7 1 86 3 184 8.0
7 1 0 0 0 0 2 84 85 24 209 6.8
9 0 0 1 1 0 3 83 87 93 17 197 5.01
5 1 0 0 0 0 1 80 23 182 7.93
5 1 0 0 0 0 2 80 91 33 172 4.18
1 1 0 0 0 0 1 81 23 130 5.28
9 0 10 1 10 7 1 88 38 219 4.7
3 1 0 0 0 0 1 84 24 171 5.8
10 0 6 0 1 3 1 89 33 192 5.24
9 0 0 2 1 0 1 88 26 184 6.46
3 1 0 0 0 0 2 90 94 31 134 5.2
6 0 1 0 1 1 2 86 90 31 132 5.29
10 0 5 2 5 6 1 94 37 204 4.07
8 1 0 0 0 0 1 89 33 196 7.7
10 0 0 10 0 0 1 94 47 191 4.82
4 0 3 3 0 0 1 91 43 156 5.47
1 0 8 2 4 2 1 92 37 148 6.94
1 0 2 5 10 7 1 92 47 183 5.87
9 0 4 2 9 8 1 95 48 218 6.86
10 1 0 0 0 0 1 95 26 161 5.65
4 0 7 1 8 1 1 95 57 193 7.71
1 0 0 0 0 0 0 61 187 7.4
1 0 0 0 0 0 3 97 98 99 0 132 6.29
5 0 0 0 5 0 3 102 115 122 1 169 7.32
6 0 0 10 0 0 2 100 105 1 165 6.69
2 0 0 0 0 2 3 101 103 104 1 169 7.11
8 0 0 0 0 5 1 107 7 192 6.4
2 0 8 0 0 0 2 123 124 3 168 6.71
4 0 0 0 4 0 3 110 111 120 6 151 4.36
9 0 1 0 0 0 2 106 119 3 118 7.99
1 0 0 0 0 10 1 121 3 158 7.9
1 0 0 6 0 0 3 108 109 112 7 194 4.79
6 1 0 0 0 0 1 122 12 124 7.98
7 1 0 0 0 0 1 111 15 182 6.13
3 0 0 0 0 9 1 126 8 177 5.74
8 0 0 0 9 0 2 113 114 8 184 5.24
7 0 7 0 0 0 1 117 10 127 7.88
5 0 0 5 0 0 1 125 22 127 6.15
9 0 0 0 0 1 2 121 122 8 163 6.69
3 0 0 0 0 7 1 120 16 133 7.75
4 1 0 0 0 0 1 116 16 178 4.49
2 0 0 2 0 0 1 119 6 191 4.61
4 1 0 0 0 0 2 117 118 20 129 7.41
10 0 0 0 3 0 1 125 24 183 4.93
5 0 0 0 0 7 1 120 24 202 7.62
4 0 0 0 0 3 1 121 12 158 7.94
2 0 0 3 0 0 1 126 29 161 5.16
8 0 3 0 0 0 1 125 17 195 4.99
5 0 6 0 0 0 2 123 124 18 144 6.42
8 0 0 0 0 9 1 126 23 171 5.2
9 0 0 6 0 0 1 127 23 162 4.41
1 0 0 6 0 0 1 127 34 215 7.42
1 0 0 0 0 3 1 127 31 143 5.85
1 0 0 0 0 0 0 35 185 5.65
1 0 0 0 0 0 3 129 130 131 0 137 7.7
3 0 0 0 7 0 3 134 135 145 1 126 8.03
8 0 2 0 0 0 1 143 1 124 4.88
5 0 0 0 0 9 3 132 136 144 1 184 7.1
7 0 4 0 0 0 3 133 139 146 6 173 4.22
1 0 0 0 8 0 2 138 156 13 181 5.52
8 0 0 0 9 0 3 137 141 155 4 133 4.43
10 0 0 0 0 7 3 138 140 149 4 134 6.94
2 0 0 1 0 0 2 142 145 6 182 7.34
8 0 1 0 0 0 1 147 12 162 5.93
10 0 0 0 0 7 1 151 14 122 5.05
5 0 0 1 0 0 1 153 13 168 4.45
1 0 2 0 0 0 1 153 14 112 7.96
4 0 0 5 0 0 1 158 12 158 7.62
1 0 0 0 0 1 1 153 8 119 7.0
7 0 0 2 0 0 3 146 150 157 9 184 4.55
6 0 0 0 3 0 1 149 6 152 4.51
10 0 10 0 0 0 2 148 152 8 197 5.65
4 0 0 0 0 6 1 156 16 184 6.43
10 1 0 0 0 0 1 154 20 136 5.82
9 1 0 0 0 0 1 154 18 132 8.1
6 0 0 0 8 0 1 158 14 199 4.64
5 1 0 0 0 0 1 151 16 114 6.38
3 0 0 2 0 0 1 158 24 189 7.21
2 1 0 0 0 0 1 155 18 168 6.01
4 1 0 0 0 0 1 156 18 191 4.41
7 0 0 0 3 0 1 157 30 133 4.96
9 0 6 0 0 0 1 157 20 184 7.46
10 1 0 0 0 0 1 159 22 197 6.62
10 0 4 0 0 0 1 159 37 208 6.2
6 0 0 1 0 0 1 159 27 210 5.54
1 0 0 0 0 0 0 47 211 7.97
1 0 0 0 0 0 3 161 162 163 0 119 7.58
7 0 2 0 9 0 3 164 165 170 1 136 7.58
1 0 10 0 6 0 3 173 176 182 1 113 4.45
7 0 0 8 0 9 3 164 175 185 1 180 5.59
2 0 0 3 0 0 3 166 167 168 8 138 7.35
8 0 5 0 0 7 3 166 169 172 8 161 5.72
8 0 0 0 6 10 3 171 174 182 16 140 4.86
4 0 0 0 0 7 3 169 172 173 10 154 4.97
5 0 0 0 0 2 3 174 178 187 10 186 7.9
3 0 0 9 1 4 3 176 177 181 16 205 5.76
4 0 0 8 0 0 3 175 182 188 8 150 6.78
1 1 0 0 0 0 2 176 179 24 196 4.8
9 0 0 6 5 5 3 178 186 187 16 210 7.37
9 0 8 0 6 0 3 174 178 190 14 189 7.65
3 1 0 0 0 0 3 177 181 183 24 175 5.54
4 0 0 3 7 0 3 179 180 184 12 139 5.79
2 1 0 0 0 0 2 184 188 25 202 4.68
7 1 0 0 0 0 2 180 186 27 142 4.62
7 1 0 0 0 0 2 179 180 25 161 6.9
7 0 6 0 2 8 2 181 183 32 171 7.64
10 0 10 2 0 7 1 189 34 197 5.29
1 0 0 9 6 5 1 189 39 136 7.08
7 1 0 0 0 0 2 183 184 24 171 5.47
9 0 0 10 0 0 1 189 39 191 6.74
7 0 0 0 10 2 1 190 31 157 5.38
9 0 0 0 0 7 2 186 187 8 112 4.43
8 0 0 0 10 0 1 188 34 153 5.11
3 0 2 2 4 0 1 190 25 126 7.39
1 0 2 8 0 4 1 191 42 145 6.35
9 0 4 0 0 0 1 191 48 207 7.44
8 0 0 0 2 3 1 191 38 164 5.77
1 0 0 0 0 0 0 57 177 4.85
1 0 0 0 0 0 3 193 194 195 0 141 6.76
1 0 4 6 3 4 3 199 200 207 1 181 4.2
8 0 2 6 6 2 3 201 206 211 1 157 7.22
6 0 6 7 7 6 3 196 199 206 1 159 5.45
6 0 1 9 6 2 3 197 202 214 7 193 7.93
4 0 7 9 5 6 3 198 207 210 13 142 5.74
8 0 9 6 1 6 2 203 209 17 126 5.24
7 0 7 3 8 2 3 203 204 210 7 196 6.61
9 0 7 5 1 7 3 201 202 216 2 123 6.2
4 0 5 4 7 8 2 209 214 11 147 4.71
1 0 7 7 2 5 3 209 210 217 13 135 4.67
6 0 4 5 9 5 3 205 211 219 25 196 4.59
5 0 2 5 6 3 3 205 208 211 14 150 4.32
6 0 4 2 2 7 2 215 216 31 134 6.35
10 0 5 7 4 10 1 212 9 190 5.39
10 0 6 8 2 1 2 216 219 17 128 6.01
2 0 4 9 8 1 3 213 214 219 19 126 5.35
6 1 0 0 0 0 1 222 25 138 4.23
6 0 7 5 8 3 3 212 213 221 17 169 7.49
5 1 0 0 0 0 3 212 213 217 31 210 6.94
3 0 6 10 6 2 1 215 36 184 7.66
2 0 2 10 4 8 1 218 36 188 4.39
9 1 0 0 0 0 2 215 218 21 166 7.49
10 0 9 5 9 4 2 220 222 39 151 7.01
9 0 10 8 8 5 3 217 218 221 37 150 7.74
2 0 10 9 8 9 1 220 46 155 4.86
8 0 1 10 7 4 1 222 46 193 6.97
7 0 7 1 1 7 2 220 221 31 167 6.66
3 0 8 5 5 3 1 223 49 200 4.54
7 0 5 10 10 7 1 223 46 223 6.78
2 0 8 2 3 6 1 223 54 179 5.78
1 0 0 0 0 0 0 56 228 4.71
1 0 0 0 0 0 3 225 226 227 0 164 6.61
1 1 0 0 0 0 1 254 1 162 4.64
1 0 9 6 3 9 3 228 231 237 1 105 5.4
8 0 10 9 5 7 3 229 234 244 1 189 5.82
7 0 9 1 7 4 1 235 2 147 6.4
2 0 4 5 3 5 2 230 233 9 137 7.19
9 0 9 2 6 2 2 241 248 11 178 5.39
9 0 2 1 9 9 1 232 2 173 5.09
4 0 4 3 6 9 3 233 236 238 11 117 4.29
10 0 1 9 5 9 1 240 15 117 5.97
1 1 0 0 0 0 1 249 9 181 6.4
3 0 2 9 3 9 1 239 9 120 5.23
10 1 0 0 0 0 1 247 15 130 7.69
3 0 7 8 10 6 2 243 246 2 119 6.89
3 0 7 2 2 2 2 240 242 15 144 5.65
10 0 7 6 9 2 1 246 12 135 5.64
8 0 1 8 4 1 1 250 25 140 4.8
2 0 10 10 2 3 1 249 20 143 7.68
9 1 0 0 0 0 1 245 18 171 5.14
5 1 0 0 0 0 1 247 5 114 7.05
3 0 4 6 9 1 2 247 251 9 106 7.28
10 0 2 2 3 8 3 249 251 254 27 149 4.85
1 1 0 0 0 0 1 248 22 205 7.43
6 0 6 1 2 3 1 253 25 153 5.53
4 0 7 10 3 10 2 251 254 23 188 7.48
8 0 8 6 5 3 2 252 253 37 154 6.84
2 0 1 3 10 3 1 252 33 205 6.1
5 0 9 1 4 10 1 253 37 206 7.35
1 0 2 3 6 10 1 255 45 186 6.03
1 0 4 3 3 3 1 255 45 182 7.23
10 0 9 5 10 9 1 255 37 143 4.3
1 0 0 0 0 0 0 47 205 6.44
1 0 0 0 0 0 3 257 258 259 0 147 7.22
1 0 0 0 0 7 3 263 265 271 1 138 7.89
6 0 3 0 0 0 3 266 273 275 1 160 7.65
4 0 6 0 0 0 2 260 263 1 136 6.97
8 0 8 0 0 0 3 261 262 272 5 107 7.5
4 0 0 0 0 7 3 267 270 276 13 151 7.51
1 0 0 0 6 0 3 266 268 269 13 168 6.65
4 0 0 0 0 3 3 264 267 272 5 181 7.69
3 0 0 9 0 0 3 269 275 276 9 164 4.38
10 0 0 0 7 0 3 270 277 283 2 109 8.08
3 0 0 0 0 8 3 271 278 279 14 154 4.43
3 1 0 0 0 0 3 274 280 281 17 135 5.27
1 0 0 8 0 0 3 271 273 279 14 123 6.51
7 0 0 0 0 10 2 277 283 14 143 7.16
4 0 0 0 0 1 2 275 285 17 177 5.24
10 0 0 0 0 10 2 274 282 17 154 5.36
3 0 0 7 0 0 3 273 276 281 13 173 4.56
6 1 0 0 0 0 3 274 285 286 16 173 5.76
4 0 0 9 0 0 1 284 27 172 6.02
5 1 0 0 0 0 2 280 282 21 158 4.43
5 0 0 4 0 0 3 278 279 283 17 133 4.22
9 1 0 0 0 0 3 278 280 281 21 139 7.84
4 0 0 0 8 0 1 285 30 214 4.79
9 0 0 0 1 0 1 282 22 171 4.98
2 1 0 0 0 0 1 284 30 187 5.36
6 0 0 2 0 0 1 284 30 170 6.19
9 0 0 0 8 0 1 286 31 195 4.25
10 1 0 0 0 0 1 286 22 199 4.26
2 0 0 5 0 0 1 287 36 204 5.2
6 0 0 1 0 0 1 287 34 160 4.45
9 0 0 0 0 2 1 287 40 177 6.61
1 0 0 0 0 0 0 49 192 7.7
1 0 0 0 0 0 3 289 290 291 0 122 5.4
2 0 8 10 8 7 3 294 296 311 1 125 4.62
3 0 3 7 7 3 3 293 308 317 1 183 7.25
2 0 8 8 7 7 3 292 296 300 1 152 7.3
7 0 10 6 1 8 3 298 306 309 3 121 7.24
6 0 8 2 5 1 3 297 301 305 4 180 4.66
6 0 2 7 1 3 3 295 303 304 3 145 5.06
4 0 1 5 2 1 1 310 9 196 6.84
8 0 10 7 5 1 3 299 302 306 3 190 5.73
2 0 9 4 9 7 2 303 313 10 198 6.75
4 0 5 6 8 4 3 305 311 314 10 172 4.94
7 0 8 1 6 7 1 314 11 183 6.51
10 0 10 6 4 1 2 307 314 3 177 5.76
8 0 6 8 7 3 2 302 316 10 124 5.82
5 0 7 9 2 10 1 303 18 140 5.96
1 0 6 5 4 8 1 318 23 199 7.06
9 1 0 0 0 0 1 312 9 162 7.77
1 1 0 0 0 0 1 310 14 158 4.62
7 0 5 3 8 1 2 307 308 11 200 6.99
7 0 8 4 6 1 2 310 315 18 199 7.18
6 1 0 0 0 0 1 316 18 191 6.67
8 0 6 2 4 10 3 312 313 318 10 121 6.53
8 0 3 5 5 1 2 313 318 25 125 4.65
9 0 1 10 6 3 2 312 315 14 196 7.84
8 0 8 1 10 9 1 317 23 183 6.32
3 0 10 9 9 5 1 316 33 193 4.97
6 0 9 5 10 8 1 315 18 132 4.07
9 0 7 8 5 7 1 317 25 152 4.37
9 0 4 10 5 1 1 319 36 168 7.6
8 0 6 7 2 10 1 319 34 165 7.72
5 0 3 1 2 5 1 319 33 160 6.07
1 0 0 0 0 0 0 45 199 4.09
1 0 0 0 0 0 3 321 322 323 0 123 4.96
5 0 0 9 8 0 3 327 332 335 1 170 5.1
9 0 5 1 0 0 3 329 335 339 1 114 7.68
1 0 0 0 0 3 3 324 325 326 1 149 5.5
5 0 2 5 0 0 3 330 331 334 2 190 7.46
5 0 0 3 0 2 3 328 329 337 2 129 6.67
7 0 0 6 0 0 3 327 329 333 2 116 5.75
5 0 0 6 0 0 3 338 341 350 9 150 4.87
6 0 0 0 10 0 3 335 336 345 7 184 5.31
2 0 0 9 3 0 3 334 338 347 10 183 5.37
5 0 0 0 0 1 3 336 337 345 7 154 6.96
7 0 0 1 0 3 2 332 342 7 133 5.71
2 1 0 0 0 0 3 336 337 344 14 186 4.94
2 0 4 0 0 4 3 338 340 341 9 130 5.3
9 0 3 0 2 0 2 341 343 12 116 7.02
10 1 0 0 0 0 2 343 347 13 128 4.74
3 1 0 0 0 0 2 340 343 16 152 5.48
6 0 0 0 3 0 2 348 349 16 180 6.27
4 1 0 0 0 0 1 342 14 171 5.65
10 0 0 0 0 10 2 340 344 10 123 6.49
10 1 0 0 0 0 2 346 347 20 194 7.46
1 0 0 0 5 3 1 342 21 132 7.32
3 0 1 2 8 5 2 344 346 22 151 4.47
1 0 1 0 6 0 2 346 350 23 133 5.4
4 0 10 5 0 0 1 345 25 187 6.66
5 0 1 0 9 0 1 349 29 205 7.83
2 0 3 0 10 7 1 348 30 205 6.52
8 0 2 0 5 5 3 348 349 350 30 172 4.97
9 0 5 0 0 4 1 351 38 185 6.92
5 0 3 7 2 0 1 351 38 199 7.49
4 0 1 2 4 0 1 351 38 157 6.94
1 0 0 0 0 0 0 47 173 4.73
1 0 0 0 0 0 3 353 354 355 0 140 6.34
8 0 8 7 5 2 2 364 379 1 133 8.09
6 0 5 3 9 6 3 357 359 360 1 186 5.53
4 0 8 4 8 8 2 356 378 1 182 4.74
4 0 5 5 3 4 1 367 5 183 4.36
10 0 1 3 2 6 3 358 372 378 7 136 4.73
3 0 3 10 6 8 2 361 374 17 201 7.46
1 0 1 7 10 5 3 362 373 374 7 114 5.01
5 0 4 8 2 10 1 366 7 150 7.28
2 0 8 8 2 4 1 369 20 162 4.25
3 0 6 2 5 9 3 363 365 367 8 154 6.49
7 0 2 8 5 2 1 382 11 150 8.04
3 0 6 3 10 5 1 381 9 182 4.4
4 0 2 10 9 4 2 368 375 11 184 4.22
5 0 8 7 4 7 1 370 12 175 6.43
1 0 6 5 5 4 1 379 11 111 6.93
4 0 10 5 3 5 2 370 377 15 117 5.15
8 1 0 0 0 0 1 371 22 157 7.55
5 1 0 0 0 0 1 376 19 125 7.15
7 0 6 10 7 3 1 376 30 183 4.11
6 0 6 6 10 3 1 375 17 149 6.46
7 0 2 6 5 2 3 376 377 380 8 198 4.18
6 1 0 0 0 0 1 380 20 176 5.3
5 0 10 6 8 5 1 381 23 192 7.0
6 0 9 4 1 6 1 381 37 162 4.57
7 1 0 0 0 0 1 382 19 148 4.56
3 0 1 8 8 6 1 379 17 146 4.36
10 1 0 0 0 0 1 380 20 173 6.56
8 0 6 7 3 3 1 383 30 178 5.03
9 0 10 4 6 7 1 383 43 217 7.31
2 1 0 0 0 0 1 383 26 123 7.02
1 0 0 0 0 0 0 52 222 6.45
1 0 0 0 0 0 3 385 386 387 0 180 6.97
4 0 3 3 5 9 3 388 408 409 1 170 7.8
2 0 3 6 5 2 3 392 400 402 1 136 7.07
6 0 1 1 10 6 3 389 390 391 1 112 6.59
1 0 2 4 1 2 3 394 399 404 5 128 7.26
3 0 8 6 1 2 3 393 395 408 7 158 6.07
2 0 6 2 1 8 3 395 397 405 7 182 4.36
7 0 6 5 3 1 3 394 403 408 7 186 4.47
6 0 8 8 10 2 1 407 3 105 7.96
3 0 10 8 4 9 2 399 402 10 111 7.75
2 0 4 1 9 7 3 397 398 410 14 179 6.69
7 0 10 8 1 10 2 396 413 10 133 4.57
5 1 0 0 0 0 2 399 407 17 148 6.09
9 0 1 1 3 3 1 411 16 158 4.82
10 0 2 8 9 8 1 400 16 192 4.45
2 1 0 0 0 0 2 410 412 22 193 7.09
5 1 0 0 0 0 3 401 412 414 26 168 5.83
3 0 9 4 3 3 1 406 31 198 4.76
5 0 5 3 7 5 2 403 409 13 159 4.97
4 1 0 0 0 0 1 404 18 115 4.36
4 0 2 7 2 2 2 405 406 22 150 4.68
7 1 0 0 0 0 1 411 26 161 7.42
5 0 6 10 3 5 1 413 34 144 6.2
3 1 0 0 0 0 1 409 22 204 6.55
6 1 0 0 0 0 1 413 14 161 5.7
6 0 2 2 2 5 2 411 412 25 204 4.28
6 0 5 2 8 1 1 414 24 156 6.21
7 0 6 7 5 5 1 414 33 187 6.72
10 0 8 8 5 2 1 415 31 148 6.86
6 0 5 10 3 8 1 415 39 144 7.0
9 0 10 9 9 5 1 415 40 158 4.13
1 0 0 0 0 0 0 49 186 5.48
1 0 0 0 0 0 3 417 418 419 0 161 6.33
7 0 4 6 10 3 3 420 426 430 1 105 7.86
9 0 5 8 1 4 1 432 1 173 4.59
9 0 1 1 1 2 3 423 427 429 1 162 7.83
6 0 9 3 5 1 3 421 422 424 8 144 7.75
1 0 3 7 1 6 1 427 14 182 5.72
3 0 10 4 10 10 2 428 435 14 148 7.33
3 0 6 2 3 6 1 437 10 122 7.96
2 0 3 4 6 10 1 425 14 149 4.57
2 0 6 2 1 10 1 434 16 158 6.38
10 0 6 7 8 5 2 427 433 8 198 6.85
5 0 3 10 4 8 1 445 18 133 7.29
5 0 8 4 9 7 2 431 439 17 145 4.18
4 0 5 3 3 7 1 434 10 132 7.3
7 0 4 6 1 5 2 436 440 8 133 7.27
1 1 0 0 0 0 1 438 22 139 6.83
5 0 6 4 9 10 1 442 10 202 7.44
3 1 0 0 0 0 1 434 18 116 7.06
6 1 0 0 0 0 1 444 21 175 8.01
2 0 8 4 10 4 2 439 445 17 191 7.01
10 0 7 6 1 10 2 437 439 15 148 6.2
8 1 0 0 0 0 2 438 441 25 152 4.85
7 0 1 1 10 3 1 443 33 139 6.73
4 1 0 0 0 0 1 441 25 125 4.88
7 0 10 6 3 4 1 443 15 182 6.1
1 1 0 0 0 0 1 444 33 128 7.45
4 0 1 5 5 3 3 443 444 446 15 117 5.98
5 0 5 4 2 1 1 445 40 168 6.04
6 0 2 3 8 3 1 447 34 147 7.03
7 0 1 6 4 5 1 447 45 206 6.52
4 0 2 8 2 8 1 447 19 138 7.89
1 0 0 0 0 0 0 52 160 7.41
1 0 0 0 0 0 3 449 450 451 0 105 7.69
3 0 0 0 0 9 3 457 462 478 1 190 6.8
1 0 0 2 0 0 3 458 460 464 1 127 4.94
3 0 10 5 0 9 3 452 453 454 1 129 7.14
1 0 2 0 2 3 3 463 465 467 4 119 6.22
6 0 5 3 1 0 3 455 456 459 4 197 6.74
2 0 1 9 3 7 1 457 4 177 4.49
9 0 0 6 10 0 1 463 10 142 4.16
5 0 0 0 6 0 3 461 470 475 10 127 5.81
8 0 7 4 0 1 2 458 474 6 125 5.05
10 0 0 3 0 7 2 468 472 14 163 6.8
2 0 0 6 0 7 3 463 466 472 10 126 6.07
3 0 8 0 9 0 1 476 2 160 7.87
5 0 0 6 5 0 2 477 478 15 164 8.01
1 0 0 4 0 0 2 468 471 4 161 6.29
7 1 0 0 0 0 3 469 470 471 19 166 4.76
7 0 0 0 0 2 2 467 469 2 130 4.19
7 0 2 0 0 0 1 476 5 147 4.71
4 1 0 0 0 0 2 467 468 12 141 5.18
1 0 5 9 6 0 2 470 474 16 169 4.21
7 0 10 0 0 10 1 473 24 196 5.84
1 1 0 0 0 0 1 473 26 177 4.29
5 1 0 0 0 0 2 473 478 26 126 4.51
10 1 0 0 0 0 1 474 26 169 4.78
8 1 0 0 0 0 1 475 24 166 5.98
8 0 4 1 3 0 1 477 31 144 6.82
3 0 0 9 0 2 2 475 476 36 142 7.12
7 0 0 4 7 5 1 477 39 210 4.92
4 0 8 3 0 0 1 479 39 147 7.55
8 0 0 0 9 0 1 479 46 183 5.14
5 0 7 0 0 8 1 479 31 163 6.2
1 0 0 0 0 0 0 54 144 6.34
92.84 87.19 83.31 86.0 91.62 100.01 139.94 131.09 95.79 67.37 9.79 -0.01 -3.67 -5.9 -6.18 -1.54 2.04 72.36 104.34 152.34 196.91 129.07 106.24 96.85 91.27 87.45 82.41 79.94 80.88 91.19 107.09 113.13 94.58 67.9 5.81 0.0 -0.76 -1.9 -1.69 -0.01 14.81 77.49 101.74 139.83 178.26 130.0 109.31 98.19 95.0 90.03 88.19 88.76 92.14 96.36 115.21 120.29 95.59 72.05 7.08 0.0 -1.0 -6.21 -3.0 -0.02 19.91 79.17 102.79 132.19 176.8 127.99 108.47 99.08 98.18 92.44 91.01 91.24 91.18 84.68 83.52 76.04 58.7 0.0 -3.0 -40.1 -81.56 -128.47 -118.34 -49.99 -5.17 39.86 96.49 129.91 164.23 121.97 100.28 86.68 89.09 74.7 64.5 62.85 65.88 75.12 86.99 85.7 75.53 33.29 0.85 -0.01 -0.8 -3.0 -4.0 -0.08 0.3 68.54 100.92 119.84 151.5 121.99 107.54 97.28 98.28 93.84 92.68 92.21 91.19 91.72 92.07 87.0 70.98 13.53 0.01 -0.01 -1.16 -3.04 -2.69 -0.03 0.0 29.09 67.4 75.71 87.88 85.02 78.71 66.8 60.83 45.35 31.65 20.43 20.14 15.58 13.62 7.83 2.93 0.0 -0.01 -0.01 -0.02 -2.0 -5.01 -1.59 -0.01 10.28 81.56 97.26 109.52 110.32 101.26 88.32 72.81 70.95 69.49 72.07 72.92 89.42 109.29 124.51 108.86 93.59 91.92 74.17 62.97 59.93 58.89 70.26 84.06 92.46 102.9 134.1 170.66 124.4 106.23 96.34 87.55 81.22 79.58 78.27 82.59 97.42 114.58 120.78 109.39 85.85 80.88 70.25 55.89 53.26 57.16 68.87 76.5 93.49 111.02 137.2 160.08 133.88 115.44 100.98 94.43 88.78 87.15 89.84 94.29 106.11 129.17 142.9 123.11 97.02 87.47 77.64 68.48 68.2 71.34 78.25 84.55 99.24 111.21 131.76 143.46 123.94 109.69 98.02 97.61 93.33 93.2 95.18 96.09 108.79 123.95 137.91 122.67 103.21 90.11 77.84 66.09 65.49 72.06 81.37 87.82 93.9 109.11 132.01 173.87 134.44 112.64 105.87 102.02 97.86 95.0 96.35 100.38 111.94 135.54 133.18 98.02 83.34 52.95 3.24 3.09 0.13 0.01 7.49 59.42 87.6 94.58 117.4 155.2 124.27 103.02 96.79 101.99 103.56 99.41 96.56 101.13 100.72 97.91 93.79 73.88 9.1 -0.09 -22.58 -56.61 -114.38 -109.63 -49.89 -6.78 29.94 97.26 125.4 167.01 126.19 107.85 95.28 98.27 96.34 94.3 96.76 96.74 96.77 88.98 66.69 4.96 -0.1 -12.08 -49.39 -170.77 -224.49 -219.87 -110.58 -18.81 0.1 83.97 120.03 134.62 116.69 101.79 89.36 87.57 82.76 82.38 82.95 86.24 100.16 142.17 145.29 109.98 73.06 10.85 3.94 0.36 -4.66 -9.2 18.56 37.67 79.56 109.13 148.9 200.08 135.52 101.71 94.17 94.54 90.18 90.53 95.0 97.86 107.68 137.6 128.6 100.29 80.49 18.73 2.06 0.97 -4.47 1.23 6.06 6.93 74.73 108.71 154.44 257.56 152.65 113.79 103.59 103.88 98.89 97.07 98.94 99.7 104.54 126.88 122.38 99.46 71.7 2.52 1.38 -11.12 -21.34 -22.95 -4.1 8.4 39.13 89.66 111.33 158.42 131.4 111.07 101.31 98.92 90.67 89.3 89.25 91.8 100.22 122.62 126.49 100.41 72.4 22.19 15.1 8.01 0.44 -2.43 38.21 69.14 70.01 80.96 117.23 145.53 125.44 110.13 101.61 94.98 88.9 85.85 85.42 89.2 97.19 112.28 117.13 106.05 81.09 21.8 6.29 8.75 25.9 38.95 41.43 56.32 75.01 95.5 122.43 146.35 138.86 116.1 99.3 93.16 93.46 88.78 88.91 90.0 94.11 91.72 89.79 59.52 0.88 0.0 0.2 -4.41 -10.07 -11.32 -6.44 1.28 28.9 75.05 91.54 109.06 125.01 130.03 109.08 106.7 101.54 98.62 97.45 98.41 98.05 91.3 87.2 65.28 9.23 0.0 -0.2 -2.0 -7.37 -15.0 -8.97 -0.2 16.56 92.44 108.04 124.52 130.98 118.86 104.17 111.21 104.19 97.44 94.3 100.58 111.92 132.74 136.4 113.64 94.79 70.9 28.81 12.77 5.0 8.0 28.58 74.99 99.3 116.82 149.23 231.01 154.91 129.65 114.48 116.99 107.35 104.17 106.33 112.6 121.82 144.38 132.49 97.54 77.61 62.82 16.0 7.74 9.07 10.87 28.29 72.91 99.9 109.98 132.32 193.13 152.12 121.93 110.2 107.93 102.33 97.9 94.9 93.7 102.49 112.48 116.54 107.82 84.82 42.22 57.3 50.0 45.17 55.07 70.54 71.62 110.3 122.4 179.0 114.35 110.27 100.72 90.0 101.9 91.14 86.89 86.53 87.33 94.1 112.33 112.03 103.39 98.92 92.89 88.25 90.0 81.26 84.62 95.73 98.9 112.07 134.29 123.69 154.93 131.5 119.6 105.0 104.4 96.58 90.17 89.74 96.2 110.05 132.28 136.37 118.04 88.47 74.43 61.31 23.0 19.58 20.0 64.98 63.58 68.39 114.95 137.77 181.42 146.75 128.14 110.68 106.05 95.88 89.49 84.88 83.36 81.29 83.46 76.84 62.05 12.26 -0.02 -0.33 -0.45 -0.55 -0.9 -1.85 -0.39 50.1 85.92 115.14 134.06 122.87 101.3 91.52 66.23 32.0 16.83 8.36 3.85 2.72 1.2 1.24 -0.02 -0.03 -0.6 -1.31 -1.73 -5.68 -7.2 -6.98 -2.0 0.34 17.45 95.62 109.81 111.77 103.62 94.45 89.84 79.97 75.12 74.41 79.81 88.13 119.49 146.41 130.98 93.48 61.34 24.23 16.4 11.28 6.14 9.7 26.35 57.95 111.65 146.07 212.9 170.69 129.25 106.4 99.03 86.4 77.9 76.44 80.21 83.42 95.01 86.36 69.35 51.1 4.39 3.49 0.16 0.68 1.84 12.73 59.63 88.33 111.39 135.18 182.47 134.28 111.86 92.79 86.59 73.07 70.42 65.61 68.26 79.11 94.64 101.37 96.19 91.7 78.29 73.3 66.97 59.9 57.86 73.48 73.52 98.82 116.22 131.57 159.1 136.24 121.7 104.56 97.6 93.19 90.94 90.45 90.33 90.51 84.78 84.39 82.11 61.49 18.77 1.65 0.24 2.22 0.23 5.48 1.6 15.17 65.09 97.03 121.25 105.81 92.95 75.96 63.73 72.62 48.6 33.95 37.39 56.54 82.17 68.38 53.01 29.13 1.85 0.21 7.44 4.84 -1.56 1.44 0.22 30.36 73.81 123.62 148.34 144.49 130.19 108.2 107.0 100.32 99.42 100.0 100.91 99.1 91.62 79.94 54.19 1.0 -0.02 -1.0 -3.07 -13.17 -7.75 -3.0 -0.05 42.26 88.98 131.6 192.35 192.37 133.16 102.5 91.87 85.29 79.1 73.77 71.34 65.15 35.45 13.0 2.4 -0.01 -0.6 -2.11 -5.48 -12.93 -20.41 -15.61 -6.0 -4.64 10.62 81.25 94.91 100.0 106.67 91.43 83.43 76.96 76.14 79.02 85.08 95.08 109.2 113.48 102.13 86.88 58.73 33.21 20.0 12.78 11.0 19.75 58.25 89.94 124.8 194.41 273.75 244.46 139.44 112.37 114.6 112.55 104.28 101.89 99.45 116.14 134.71 121.52 87.38 59.16 9.74 11.34 14.44 12.36 10.66 21.84 76.45 94.3 95.67 140.89 198.86 136.66 105.25 91.69 70.69 66.16 64.09 64.37 67.64 81.86 100.48 113.08 105.38 65.98 49.02 38.59 18.13 9.69 18.42 46.85 76.59 101.37 120.38 155.33 205.64 138.82 112.43 92.91 105.34 98.78 91.88 90.87 92.47 91.83 111.72 126.85 114.22 80.06 65.62 47.6 20.11 11.6 7.68 21.41 65.66 84.98 106.77 126.48 165.36 119.07 99.8 86.87 77.55 64.81 60.3 54.73 49.3 65.69 97.45 100.0 61.47 11.35 0.08 1.09 6.58 19.12 15.18 20.35
