480 5
1 57 48 51 48
1 0 0 0 0 0 3 1 2 3 0 94 12.47
4 0 0 0 9 0 1 18 1 138 22.5
1 0 8 2 0 0 3 6 7 13 1 84 14.51
1 0 6 2 0 0 3 4 8 24 1 125 19.83
8 0 0 0 4 0 2 5 13 2 148 17.25
4 0 0 4 1 0 3 11 16 22 10 140 20.42
8 0 0 8 3 9 1 21 2 128 11.98
7 0 9 0 10 0 3 9 24 30 2 100 18.05
10 0 2 0 2 8 1 28 2 148 14.22
9 0 0 9 0 0 2 10 12 9 143 20.52
3 1 0 0 0 0 1 23 18 114 20.12
10 0 6 0 0 8 1 15 14 159 14.37
8 0 0 10 0 0 3 14 18 26 18 162 16.69
5 0 0 0 10 0 1 17 10 99 13.97
8 0 10 0 4 4 1 25 26 125 11.72
1 1 0 0 0 0 1 27 24 169 16.44
4 0 1 0 8 10 1 27 14 111 17.66
9 1 0 0 0 0 1 19 15 151 21.17
8 1 0 0 0 0 2 20 25 26 111 17.5
7 0 10 6 9 4 2 21 23 24 160 22.06
8 0 0 0 5 0 2 22 23 34 122 22.07
4 0 6 0 1 0 1 30 31 118 21.61
10 0 5 0 10 0 1 29 42 180 19.7
3 0 0 10 6 3 1 28 42 127 13.1
2 1 0 0 0 0 1 27 9 134 17.86
4 0 3 5 0 0 1 28 34 127 15.14
6 0 9 0 0 0 1 29 26 116 20.63
7 0 0 0 3 7 1 29 25 119 18.97
3 0 0 1 6 0 1 31 45 137 13.61
2 0 0 0 3 5 1 31 52 183 21.13
10 0 2 10 0 8 1 31 35 127 16.73
1 0 0 0 0 0 0 54 189 11.87
1 0 0 0 0 0 3 33 34 35 0 106 19.36
9 0 0 0 8 7 2 49 58 1 126 11.53
3 0 5 6 0 6 3 37 42 55 1 101 12.5
6 0 6 9 3 9 3 36 44 48 1 114 13.15
8 0 7 0 10 6 3 39 40 41 7 112 17.79
8 0 0 5 0 0 3 38 39 52 4 158 21.72
7 0 0 0 0 3 3 43 46 54 12 125 11.86
3 0 0 0 0 2 1 53 15 113 15.26
7 0 0 4 0 0 2 46 55 15 104 13.61
1 0 0 0 0 5 1 45 15 142 16.22
10 1 0 0 0 0 2 47 62 4 99 18.93
1 1 0 0 0 0 1 48 19 165 14.92
7 0 0 0 8 7 1 50 7 146 18.05
7 0 0 6 0 2 1 58 16 160 21.32
7 1 0 0 0 0 1 47 22 161 14.39
6 0 0 3 0 8 2 51 61 29 138 21.51
9 1 0 0 0 0 1 53 20 161 18.82
2 0 0 0 4 0 1 52 10 97 16.78
7 0 0 2 6 7 1 57 14 160 19.56
3 0 0 10 0 3 1 56 35 122 11.91
3 0 9 0 8 10 1 53 12 155 16.96
8 0 7 0 0 0 1 59 29 124 16.83
9 1 0 0 0 0 1 62 19 161 12.51
1 1 0 0 0 0 1 62 22 110 12.42
1 0 0 0 2 4 1 60 38 131 20.08
3 0 0 0 8 4 1 58 21 134 17.69
10 0 0 10 0 2 1 60 24 158 13.93
3 0 8 5 5 0 2 60 61 37 120 20.03
6 0 1 0 0 8 1 63 40 130 20.05
4 0 2 0 10 0 1 63 40 130 21.17
3 0 9 3 6 1 1 63 28 148 21.26
1 0 0 0 0 0 0 46 170 22.42
1 0 0 0 0 0 3 65 66 67 0 145 21.69
1 0 2 7 9 1 3 83 90 91 1 111 13.53
5 0 4 2 9 1 2 72 89 1 90 14.49
9 0 5 8 1 1 3 68 70 71 1 158 14.35
6 0 10 8 3 10 3 69 73 74 10 129 17.89
1 0 6 3 1 7 1 88 16 148 18.93
8 0 5 10 3 1 2 77 78 10 160 16.65
3 0 9 6 3 4 1 91 10 134 16.94
9 0 8 10 2 9 1 77 6 142 12.56
6 0 7 3 10 8 1 79 16 162 14.15
7 0 4 3 3 4 2 75 76 16 144 22.47
1 1 0 0 0 0 1 93 23 102 19.65
8 0 6 3 1 4 2 84 92 23 171 13.36
10 0 7 4 5 5 1 80 18 130 12.83
2 0 7 2 6 8 1 88 18 121 22.32
8 1 0 0 0 0 1 82 22 148 21.28
9 1 0 0 0 0 3 81 85 87 28 119 13.11
6 0 6 8 4 8 1 90 37 182 17.68
10 0 10 8 10 10 1 86 30 117 11.58
9 0 2 1 10 6 2 84 92 2 91 21.01
7 0 5 10 6 8 1 86 31 124 18.64
1 1 0 0 0 0 2 86 88 37 180 12.23
7 0 1 1 2 7 1 93 40 141 13.5
4 0 4 7 7 9 1 94 37 177 18.29
8 0 4 7 4 2 1 91 38 183 14.96
10 0 8 1 1 4 1 90 6 93 20.32
1 0 10 4 3 1 1 93 43 179 16.06
5 0 3 5 6 9 2 92 94 46 190 17.63
1 0 9 1 2 1 1 95 51 146 12.14
8 0 4 2 5 2 1 95 47 190 22.07
8 0 9 2 2 7 1 95 51 179 18.52
1 0 0 0 0 0 0 59 174 17.67
1 0 0 0 0 0 3 97 98 99 0 103 15.19
5 0 10 4 6 3 1 109 1 124 14.44
5 0 2 4 4 10 2 118 126 1 106 12.97
1 0 6 4 7 4 3 100 110 114 1 143 11.74
4 0 5 4 9 8 3 101 102 106 2 135 15.06
6 0 7 1 9 10 1 104 6 152 11.66
3 0 5 10 5 9 3 103 105 107 6 130 18.32
4 0 1 3 7 2 1 113 9 119 16.59
4 0 7 5 6 9 1 117 12 117 16.23
3 0 2 4 2 2 2 119 125 9 97 14.39
8 0 7 7 10 8 2 112 122 6 155 13.31
3 0 3 8 5 6 3 108 111 115 9 124 20.64
3 0 1 7 5 4 2 122 123 12 116 17.73
4 0 2 3 5 2 1 110 6 120 16.23
9 0 10 3 3 2 2 117 125 10 146 16.51
8 0 10 10 2 10 2 112 123 12 163 14.93
3 1 0 0 0 0 1 120 20 134 20.01
9 0 2 6 1 2 1 121 13 161 13.39
6 0 9 4 2 4 2 115 124 2 99 19.82
4 0 6 4 1 4 1 116 12 116 14.81
7 1 0 0 0 0 1 122 16 123 14.19
3 1 0 0 0 0 1 121 19 95 13.65
10 0 8 4 4 4 1 120 6 107 12.95
5 0 6 2 9 4 1 124 12 142 18.04
1 0 1 9 4 8 1 124 23 160 15.57
8 0 8 9 5 3 1 126 22 133 22.09
3 0 5 9 8 5 1 126 23 121 12.21
10 0 4 5 6 6 1 125 20 121 12.68
10 0 7 10 10 7 1 127 24 108 20.66
7 0 4 10 5 4 1 127 30 174 18.0
6 0 1 1 7 2 1 127 30 168 14.8
1 0 0 0 0 0 0 37 157 20.68
1 0 0 0 0 0 3 129 130 131 0 114 21.95
2 0 7 0 0 0 2 140 155 1 148 19.85
1 0 6 0 0 0 1 137 1 152 11.49
3 0 0 1 0 0 3 132 134 148 1 133 16.66
10 0 0 0 4 0 3 133 136 139 4 113 16.03
10 0 0 0 0 4 3 135 143 147 14 148 17.99
2 0 0 0 0 3 2 136 137 4 90 14.77
2 0 0 0 8 0 1 152 24 110 17.09
3 0 0 3 0 0 3 143 144 145 14 96 18.49
3 0 0 0 0 8 2 138 154 6 150 12.52
3 0 2 0 0 0 2 142 149 9 98 13.3
4 0 0 0 0 1 2 141 151 14 114 20.05
8 0 0 8 0 0 3 146 149 150 3 131 14.34
2 1 0 0 0 0 2 153 154 18 135 11.35
2 0 5 0 0 0 1 145 12 116 18.57
1 1 0 0 0 0 2 152 154 24 136 16.65
2 0 0 0 0 9 3 146 149 150 17 100 18.15
7 0 0 10 0 0 2 146 151 17 134 18.75
7 1 0 0 0 0 1 158 24 162 15.62
3 1 0 0 0 0 2 152 155 24 111 22.54
3 0 0 3 0 0 2 150 151 4 152 15.88
8 0 0 0 4 0 1 153 19 166 21.01
4 1 0 0 0 0 1 156 19 97 20.47
8 0 0 0 0 1 2 153 155 24 141 13.88
10 0 10 0 0 0 2 157 158 27 145 16.37
5 0 0 4 0 0 1 158 32 108 20.07
3 1 0 0 0 0 1 156 25 125 20.99
5 0 5 0 0 0 2 156 157 32 141 19.72
6 0 1 0 0 0 1 159 37 165 17.13
8 0 0 0 3 0 1 159 37 157 17.65
1 0 6 0 0 0 1 159 37 124 15.88
1 0 0 0 0 0 0 45 167 20.17
1 0 0 0 0 0 3 161 162 163 0 85 21.12
1 0 2 5 2 8 3 164 171 179 1 116 19.37
4 0 6 7 6 9 2 170 175 1 133 22.44
2 0 5 8 7 3 3 168 170 172 1 110 18.86
2 0 10 5 4 3 3 165 166 167 2 116 18.16
5 0 3 7 7 4 1 178 4 103 19.56
6 0 4 1 2 4 3 173 182 183 4 155 18.07
4 0 1 4 3 8 2 169 170 4 105 15.03
10 0 4 1 3 7 3 174 175 189 3 124 19.55
7 0 1 7 1 4 1 176 8 155 15.75
7 0 4 6 10 4 1 176 8 96 12.48
9 0 7 2 7 3 3 180 183 184 2 86 21.91
5 0 8 9 9 10 2 177 181 3 89 18.24
3 0 7 6 3 9 1 188 10 104 22.29
2 1 0 0 0 0 1 178 13 126 17.25
3 1 0 0 0 0 2 176 190 13 152 11.78
5 1 0 0 0 0 3 177 178 185 16 116 19.09
3 1 0 0 0 0 1 180 21 169 18.24
3 0 10 2 5 2 1 188 21 102 16.71
5 0 7 2 6 3 2 180 181 2 148 20.76
1 0 8 8 6 4 1 187 24 102 15.87
5 0 5 7 1 10 2 182 183 8 97 14.72
6 1 0 0 0 0 2 184 186 13 156 18.3
9 1 0 0 0 0 3 185 186 189 13 97 20.7
3 0 10 1 6 4 2 185 190 19 117 13.4
8 0 6 3 8 10 1 187 22 135 22.24
3 0 8 2 4 8 2 187 190 22 115 15.82
2 0 4 7 1 3 1 188 30 176 15.95
4 0 1 2 8 9 1 191 32 139 15.7
8 0 8 3 2 3 1 191 22 106 16.35
9 0 5 8 8 10 1 191 25 156 18.15
1 0 0 0 0 0 0 36 165 16.88
1 0 0 0 0 0 3 193 194 195 0 103 21.13
9 0 2 0 0 0 3 204 206 208 1 118 12.48
9 0 0 10 4 0 3 196 197 199 1 110 15.45
2 0 0 5 0 0 3 198 200 202 1 121 21.36
2 0 6 3 9 0 3 206 208 209 10 155 15.9
1 0 0 0 7 0 2 206 215 10 129 11.67
2 0 0 0 6 2 3 205 207 213 3 119 12.09
10 0 5 0 0 4 2 201 209 10 163 16.06
5 0 1 0 0 6 3 204 209 211 3 91 20.11
3 1 0 0 0 0 3 203 211 215 20 117 22.37
4 0 5 7 0 9 3 203 207 217 3 120 15.01
3 0 0 0 2 0 3 210 212 219 23 118 20.65
6 0 1 0 0 0 3 205 207 210 10 134 12.87
6 0 0 2 0 0 2 212 214 16 155 11.9
2 0 10 0 0 4 3 216 218 222 12 134 18.08
6 0 0 2 0 1 3 215 218 220 16 114 17.02
6 0 0 1 4 10 3 210 211 217 12 156 21.01
4 0 0 0 10 3 3 212 213 214 20 152 14.52
5 1 0 0 0 0 1 213 26 154 16.82
1 1 0 0 0 0 2 216 222 23 134 15.96
3 1 0 0 0 0 1 221 26 115 15.53
9 0 6 0 2 0 1 216 31 139 15.81
3 1 0 0 0 0 2 217 218 24 142 12.94
7 1 0 0 0 0 1 222 23 154 19.63
3 0 0 2 0 4 2 220 221 40 166 18.58
1 1 0 0 0 0 2 219 220 27 101 11.45
2 0 0 0 2 1 1 219 27 137 13.1
2 1 0 0 0 0 1 221 29 137 19.1
7 0 2 6 0 8 1 223 43 169 20.28
7 0 0 0 8 9 1 223 43 159 13.26
1 1 0 0 0 0 1 223 30 123 18.16
1 0 0 0 0 0 0 50 124 20.28
1 0 0 0 0 0 3 225 226 227 0 123 18.61
9 0 10 7 0 7 3 229 230 240 1 110 18.4
7 0 8 0 1 7 3 235 238 243 1 157 18.9
8 0 8 0 5 4 2 228 229 1 126 16.42
6 0 1 9 0 5 1 249 9 160 21.06
4 0 7 0 10 6 2 233 236 10 108 16.52
2 0 9 0 10 5 3 231 252 253 10 113 22.23
2 0 9 2 10 8 3 232 234 245 12 102 14.03
4 0 9 3 10 2 1 237 14 124 16.22
8 0 0 10 6 5 3 238 239 241 14 138 19.94
6 0 0 1 0 5 2 237 247 14 120 15.77
5 0 1 3 0 4 2 242 244 8 110 12.77
2 0 10 10 1 9 3 237 242 243 14 96 13.8
6 0 6 0 7 0 2 246 249 20 123 18.77
1 1 0 0 0 0 3 242 248 250 22 102 12.95
2 1 0 0 0 0 1 245 22 165 19.61
5 0 2 6 4 4 2 244 246 10 136 12.66
3 1 0 0 0 0 3 245 249 251 22 151 22.6
6 0 7 8 9 9 2 246 247 23 124 15.63
10 0 10 7 4 0 1 253 16 145 22.19
9 0 1 3 0 0 1 248 15 106 20.28
5 1 0 0 0 0 2 247 250 25 107 15.39
9 0 2 2 3 2 1 254 29 166 12.36
7 0 9 5 9 0 1 254 30 152 16.64
10 0 8 5 0 3 2 251 252 24 146 16.32
4 1 0 0 0 0 1 250 26 133 17.23
7 0 2 7 0 5 1 254 30 172 15.61
9 0 0 0 5 1 1 253 34 150 18.49
3 0 8 10 3 0 1 255 34 176 21.66
6 0 4 1 4 0 1 255 43 127 16.42
4 0 5 0 0 8 1 255 38 169 13.02
1 0 0 0 0 0 0 49 185 21.85
1 0 0 0 0 0 3 257 258 259 0 150 19.91
9 0 8 7 9 4 2 266 270 1 126 20.7
5 0 10 5 6 10 3 263 269 272 1 146 15.35
8 0 9 8 3 2 3 260 261 274 1 114 19.08
3 0 6 7 9 10 1 280 9 108 11.62
9 0 4 10 1 1 2 262 282 9 92 17.75
4 0 3 4 5 9 2 264 267 18 119 19.16
4 0 9 4 2 1 3 265 273 276 6 96 21.33
2 1 0 0 0 0 2 269 271 22 119 20.91
9 0 8 3 9 4 3 266 274 280 10 153 19.08
9 0 4 5 3 1 3 267 279 283 19 143 13.77
9 1 0 0 0 0 3 268 275 281 28 161 21.9
5 0 6 2 3 5 1 286 37 150 16.07
2 1 0 0 0 0 1 277 24 148 16.02
5 1 0 0 0 0 3 272 278 285 10 140 21.98
8 0 6 5 7 4 3 272 279 284 24 112 17.41
9 0 2 6 4 3 1 280 32 175 17.66
10 1 0 0 0 0 1 284 10 122 20.25
10 0 10 8 6 5 3 275 277 282 19 119 14.82
9 0 3 6 1 3 2 278 286 37 138 20.54
1 0 1 6 7 2 3 277 278 281 10 156 17.21
5 0 9 2 4 4 1 279 29 164 21.71
7 0 4 9 8 7 1 284 46 189 20.82
6 0 8 8 8 8 1 285 34 115 15.4
8 0 9 8 2 9 1 283 41 156 15.49
9 0 2 8 10 1 1 285 37 162 22.49
3 1 0 0 0 0 1 283 29 154 20.25
7 0 6 2 10 2 1 286 49 155 13.35
7 0 8 10 4 10 1 287 53 194 15.41
1 0 3 9 10 8 1 287 46 154 18.73
6 0 9 7 10 3 1 287 56 160 20.77
1 0 0 0 0 0 0 62 201 19.27
1 0 0 0 0 0 3 289 290 291 0 90 22.28
8 0 9 9 8 1 2 292 315 1 102 12.43
6 0 10 10 6 8 3 294 295 296 1 92 17.61
10 0 4 3 2 6 1 301 1 107 16.17
10 0 6 3 3 7 2 293 305 9 108 13.68
6 1 0 0 0 0 2 299 300 19 100 19.91
4 0 2 7 9 10 1 302 7 125 15.72
2 0 7 5 6 5 3 297 300 308 7 150 16.78
6 0 2 9 1 10 3 298 313 318 7 134 18.24
5 0 7 4 6 4 1 305 9 144 19.96
3 1 0 0 0 0 1 306 13 157 17.2
7 0 1 3 10 8 2 309 310 25 147 20.98
6 1 0 0 0 0 1 304 25 173 22.43
4 1 0 0 0 0 1 303 11 126 12.86
4 0 4 2 10 8 2 314 317 11 146 20.75
2 0 7 7 10 1 3 304 308 318 15 161 14.19
8 0 2 1 3 6 2 307 312 31 131 17.4
7 0 4 6 10 5 2 306 314 19 137 20.57
9 0 6 4 2 6 1 307 26 112 19.8
3 0 8 10 6 1 1 311 39 176 21.75
1 0 1 6 8 1 1 312 17 148 12.34
6 0 8 7 2 4 1 314 32 181 13.0
1 0 10 8 7 2 1 316 32 152 14.09
6 0 6 10 10 4 1 317 42 149 16.27
6 0 6 3 3 9 1 317 39 162 21.61
5 0 1 8 9 2 1 316 13 107 12.35
1 0 2 6 5 3 1 318 38 174 12.8
6 0 9 8 5 6 1 316 9 104 17.98
4 0 3 3 4 2 1 319 33 110 14.6
3 0 4 4 6 4 1 319 48 163 14.06
1 0 8 4 7 1 1 319 39 150 16.02
1 0 0 0 0 0 0 51 157 15.54
1 0 0 0 0 0 3 321 322 323 0 80 22.23
7 0 0 10 0 5 3 324 325 339 1 142 19.49
9 0 10 5 5 5 1 337 1 142 11.59
8 0 5 5 0 1 3 336 345 346 1 84 13.82
9 0 0 10 4 4 3 326 328 331 8 105 13.25
5 0 1 0 8 7 2 338 349 8 95 17.42
9 0 8 4 10 0 1 327 17 115 13.35
3 1 0 0 0 0 2 333 350 26 145 13.69
2 0 10 5 6 7 2 329 330 17 131 18.07
6 0 10 6 3 0 1 334 19 103 19.37
2 0 0 3 2 0 1 348 19 160 13.22
7 0 0 7 8 2 3 332 335 341 17 100 22.39
3 1 0 0 0 0 1 342 24 172 14.25
7 1 0 0 0 0 3 340 341 342 29 164 15.8
6 0 5 0 0 5 1 336 25 109 15.25
4 1 0 0 0 0 2 343 344 24 111 20.94
1 0 6 8 0 5 1 347 31 174 13.27
10 0 10 0 1 1 1 346 10 124 19.45
10 1 0 0 0 0 1 350 13 109 20.35
2 0 6 1 0 7 1 347 8 86 13.69
8 0 10 10 7 0 1 344 36 140 16.11
10 0 1 10 4 9 1 348 36 177 19.76
6 0 0 1 8 5 1 348 36 177 16.52
6 1 0 0 0 0 1 345 28 166 12.01
10 0 0 0 0 10 1 346 44 146 16.06
1 0 1 9 4 0 1 347 34 164 12.44
3 0 0 8 0 10 1 349 54 180 16.78
8 0 9 6 8 3 2 349 350 35 121 20.02
6 0 7 1 1 1 1 351 46 145 14.88
6 0 0 1 1 5 1 351 57 186 11.81
9 0 4 6 10 9 1 351 43 185 21.55
1 0 0 0 0 0 0 63 200 17.87
1 0 0 0 0 0 3 353 354 355 0 104 20.14
1 0 1 8 7 0 3 356 357 361 1 98 20.25
6 0 0 0 9 9 1 377 1 113 14.59
10 0 1 10 0 3 3 360 365 368 1 93 12.48
10 0 9 5 9 8 2 359 375 2 108 22.28
2 0 0 1 1 7 3 358 362 366 2 89 14.96
9 0 3 2 9 7 2 373 376 4 150 17.05
9 0 5 8 10 6 2 370 378 12 156 20.7
7 0 0 6 6 9 1 372 11 108 12.61
5 0 0 1 10 6 3 363 364 367 2 141 13.49
5 0 0 3 8 8 2 373 376 4 115 21.11
1 0 0 1 0 10 1 382 7 125 14.03
9 0 7 0 1 0 1 378 7 134 21.54
6 0 8 6 2 9 1 369 11 132 12.69
7 0 2 6 6 0 1 381 4 120 15.79
4 0 0 2 0 8 1 371 7 138 12.87
4 0 9 5 2 1 1 381 11 117 20.55
9 1 0 0 0 0 1 379 17 166 11.72
1 1 0 0 0 0 2 372 380 21 139 12.35
8 0 6 1 6 0 1 376 11 129 16.6
3 0 6 1 0 9 2 374 379 22 151 14.76
2 0 4 6 4 5 1 381 13 130 11.74
5 0 7 4 9 10 1 377 25 153 13.7
3 0 0 7 9 0 2 377 379 12 154 13.63
1 1 0 0 0 0 1 380 19 142 18.52
10 0 2 4 0 10 1 382 30 116 18.63
8 1 0 0 0 0 1 380 21 116 13.23
1 1 0 0 0 0 1 382 26 160 14.52
5 0 5 8 6 6 1 383 29 117 15.84
7 0 9 2 6 3 1 383 15 140 14.16
8 0 0 10 10 3 1 383 40 154 19.61
1 0 0 0 0 0 0 48 157 19.87
1 0 0 0 0 0 3 385 386 387 0 121 13.29
4 0 0 5 5 4 3 389 403 407 1 82 15.03
2 0 5 0 2 0 1 394 1 142 14.4
8 0 0 0 4 0 3 388 402 406 1 90 18.47
1 0 3 5 10 3 1 392 9 155 18.01
8 0 0 0 1 2 3 390 391 395 5 111 18.01
4 0 0 0 0 2 3 392 393 396 13 143 12.38
10 0 9 0 10 5 2 398 413 13 141 18.75
10 0 8 1 0 6 2 397 400 17 123 18.23
8 1 0 0 0 0 2 404 412 17 104 22.3
3 0 0 0 0 2 1 407 3 137 21.22
10 0 5 8 9 0 1 406 13 140 15.64
1 1 0 0 0 0 2 397 404 17 93 19.1
3 1 0 0 0 0 3 399 411 414 27 136 12.15
2 0 2 3 2 0 2 399 411 23 145 16.08
5 0 10 0 0 0 1 405 30 136 15.53
6 0 9 0 5 8 3 401 405 408 27 120 14.18
4 1 0 0 0 0 1 409 33 161 14.75
1 0 0 0 3 1 3 403 405 407 9 84 20.35
4 0 0 1 0 1 3 404 408 409 10 139 17.9
2 0 0 4 0 1 2 413 414 25 157 18.53
2 0 0 0 6 0 1 412 35 127 12.74
6 1 0 0 0 0 1 410 23 114 11.83
7 0 0 10 0 0 3 408 409 414 10 158 13.34
5 1 0 0 0 0 2 410 413 33 129 21.03
5 0 10 0 0 3 1 410 37 156 12.71
5 0 7 0 2 0 1 411 42 176 16.59
4 0 0 8 0 7 1 412 47 156 20.01
10 0 6 0 0 8 1 415 51 186 17.28
3 0 0 0 9 10 1 415 38 139 15.01
3 0 0 5 0 0 1 415 30 155 15.86
1 0 0 0 0 0 0 61 176 21.24
1 0 0 0 0 0 3 417 418 419 0 88 14.64
2 0 3 5 1 1 2 421 443 1 105 14.26
8 0 7 2 10 6 3 423 425 426 1 119 21.56
2 0 8 1 5 2 2 420 427 1 118 18.4
1 0 5 9 9 2 1 431 3 144 15.49
10 0 9 6 1 8 2 422 434 3 104 12.46
7 0 1 7 5 9 1 424 13 134 20.92
7 0 7 7 8 1 1 439 9 136 12.81
7 1 0 0 0 0 2 428 437 20 104 15.39
7 0 5 1 6 3 3 429 432 433 9 128 12.46
4 1 0 0 0 0 1 435 9 132 13.22
6 0 6 7 10 6 3 430 435 436 3 134 21.72
4 0 10 9 2 10 1 440 27 165 21.69
1 1 0 0 0 0 1 444 16 98 13.54
7 0 3 7 9 4 2 432 437 9 140 13.73
10 1 0 0 0 0 1 437 4 138 19.41
2 0 8 1 8 1 2 441 446 16 130 20.93
8 0 5 5 3 9 2 444 445 16 158 15.08
1 0 5 9 8 3 2 438 441 13 114 15.11
5 0 4 6 7 6 1 442 13 136 18.57
5 0 8 4 10 8 2 438 439 9 133 21.76
2 0 7 9 1 3 1 440 27 154 14.25
3 1 0 0 0 0 1 445 14 162 12.35
9 0 5 2 6 5 1 445 16 100 12.39
10 0 4 7 1 7 1 446 31 158 14.4
10 1 0 0 0 0 1 442 18 158 22.04
7 0 7 6 7 10 1 444 28 113 21.82
1 0 5 6 5 6 1 446 3 141 12.73
4 0 1 7 3 4 1 447 35 151 20.17
7 0 8 6 5 10 1 447 25 164 15.57
3 0 6 1 5 9 1 447 41 143 14.77
1 0 0 0 0 0 0 44 158 21.55
1 0 0 0 0 0 3 449 450 451 0 91 17.65
7 0 2 1 5 5 3 453 458 465 1 89 14.03
4 0 5 1 4 10 1 452 1 95 22.53
4 0 7 6 1 4 3 455 456 463 1 135 17.65
2 0 4 6 5 5 3 454 460 466 5 142 17.94
3 0 2 3 2 5 1 459 8 117 17.64
10 0 8 4 2 7 2 462 467 7 137 22.41
3 0 9 9 3 1 3 466 467 470 5 152 15.91
3 0 3 7 5 5 2 457 462 5 134 19.48
3 0 7 2 7 2 2 458 461 8 137 19.31
10 0 3 3 10 9 2 459 468 11 137 17.36
3 1 0 0 0 0 3 460 471 477 21 126 19.29
8 0 7 4 3 8 1 469 24 134 16.38
5 1 0 0 0 0 2 464 473 11 160 17.7
7 0 5 5 4 2 2 472 475 17 165 11.62
5 0 8 2 4 7 1 467 5 130 17.65
4 0 1 3 9 6 3 474 475 476 16 130 14.73
1 0 5 7 8 10 2 469 470 8 103 19.14
5 1 0 0 0 0 2 468 472 8 110 12.22
9 1 0 0 0 0 3 468 471 474 17 129 20.62
6 0 3 9 7 1 1 478 26 117 18.94
5 0 1 1 7 6 1 478 32 160 13.79
10 0 2 2 8 9 3 471 472 476 9 166 17.35
2 0 7 3 5 5 1 475 26 138 21.15
9 0 7 10 7 8 1 474 24 129 16.3
4 1 0 0 0 0 2 476 477 16 149 15.46
2 0 10 9 5 3 1 477 33 149 13.23
10 0 9 4 1 1 1 478 28 160 14.27
8 0 2 10 10 1 1 479 20 156 17.19
2 0 2 9 4 3 1 479 35 129 19.4
4 0 2 1 2 2 1 479 38 172 21.39
1 0 0 0 0 0 0 42 142 11.65
133.83 133.97 141.84 135.2 144.21 164.92 270.28 314.69 324.05 308.38 295.44 308.58 300.89 302.05 331.4 328.09 330.77 333.95 315.41 289.8 256.0 220.0 199.93 158.17 136.75 121.62 99.97 82.85 91.51 136.62 210.67 250.35 258.57 245.32 242.2 252.49 256.02 261.53 263.61 261.4 259.57 284.96 294.9 280.1 250.75 207.27 195.58 158.73 130.31 126.47 111.56 106.22 110.87 137.75 209.97 258.46 268.55 243.57 245.0 239.93 232.98 226.14 231.95 239.46 260.7 260.0 264.36 259.31 212.87 209.34 186.78 157.1 157.16 149.26 143.86 138.49 152.0 185.8 270.15 300.45 303.42 294.94 295.02 289.9 279.73 276.6 288.23 303.27 305.51 316.94 291.03 284.16 261.56 229.94 217.1 191.19 194.93 175.19 163.07 151.82 168.23 206.79 257.98 303.49 315.91 300.42 289.86 300.47 287.17 286.54 290.82 317.7 327.36 349.9 337.95 316.75 283.86 266.32 269.92 226.03 212.77 210.7 199.98 200.0 197.99 211.94 214.94 228.07 264.96 280.0 257.83 254.04 249.99 239.83 257.61 264.02 288.2 315.92 306.1 270.08 232.22 213.37 200.0 173.69 144.88 135.0 122.01 99.4 99.4 105.64 129.57 144.02 154.0 171.71 171.21 186.6 184.01 180.0 184.47 188.84 215.35 230.0 228.73 217.64 201.01 183.19 171.05 158.51 133.83 133.97 141.84 135.2 144.21 164.92 270.28 314.69 324.05 308.38 295.44 308.58 300.89 302.05 331.4 328.09 330.77 333.95 315.41 289.8 256.0 220.0 199.93 158.17 136.75 121.62 99.97 82.85 91.51 136.62 210.67 250.35 258.57 245.32 242.2 252.49 256.02 261.53 263.61 261.4 259.57 284.96 294.9 280.1 250.75 207.27 195.58 158.73 130.31 126.47 111.56 106.22 110.87 137.75 209.97 258.46 268.55 243.57 245.0 239.93 232.98 226.14 231.95 239.46 260.7 260.0 264.36 259.31 212.87 209.34 186.78 157.1 157.16 149.26 143.86 138.49 152.0 185.8 270.15 300.45 303.42 294.94 295.02 289.9 279.73 276.6 288.23 303.27 305.51 316.94 291.03 284.16 261.56 229.94 217.1 191.19 194.93 175.19 163.07 151.82 168.23 206.79 257.98 303.49 315.91 300.42 289.86 300.47 287.17 286.54 290.82 317.7 327.36 349.9 337.95 316.75 283.86 266.32 269.92 226.03 212.77 210.7 199.98 200.0 197.99 211.94 214.94 228.07 264.96 280.0 257.83 254.04 249.99 239.83 257.61 264.02 288.2 315.92 306.1 270.08 232.22 213.37 200.0 173.69 144.88 135.0 122.01 99.4 99.4 105.64 129.57 144.02 154.0 171.71 171.21 186.6 184.01 180.0 184.47 188.84 215.35 230.0 228.73 217.64 201.01 183.19 171.05 158.51 133.83 133.97 141.84 135.2 144.21 164.92 270.28 314.69 324.05 308.38 295.44 308.58 300.89 302.05 331.4 328.09 330.77 333.95 315.41 289.8 256.0 220.0 199.93 158.17 136.75 121.62 99.97 82.85 91.51 136.62 210.67 250.35 258.57 245.32 242.2 252.49 256.02 261.53 263.61 261.4 259.57 284.96 294.9 280.1 250.75 207.27 195.58 158.73 130.31 126.47 111.56 106.22 110.87 137.75 209.97 258.46 268.55 243.57 245.0 239.93 232.98 226.14 231.95 239.46 260.7 260.0 264.36 259.31 212.87 209.34 186.78 157.1 157.16 149.26 143.86 138.49 152.0 185.8 270.15 300.45 303.42 294.94 295.02 289.9 279.73 276.6 288.23 303.27 305.51 316.94 291.03 284.16 261.56 229.94 217.1 191.19 194.93 175.19 163.07 151.82 168.23 206.79 257.98 303.49 315.91 300.42 289.86 300.47 287.17 286.54 290.82 317.7 327.36 349.9 337.95 316.75 283.86 266.32 269.92 226.03 212.77 210.7 199.98 200.0 197.99 211.94 214.94 228.07 264.96 280.0 257.83 254.04 249.99 239.83 257.61 264.02 288.2 315.92 306.1 270.08 232.22 213.37 200.0 173.69 144.88 135.0 122.01 99.4 99.4 105.64 129.57 144.02 154.0 171.71 171.21 186.6 184.01 180.0 184.47 188.84 215.35 230.0 228.73 217.64 201.01 183.19 171.05 158.51 133.83 133.97 141.84 135.2 144.21 164.92 270.28 314.69 324.05 308.38 295.44 308.58 300.89 302.05 331.4 328.09 330.77 333.95 315.41 289.8 256.0 220.0 199.93 158.17 136.75 121.62 99.97 82.85 91.51 136.62 210.67 250.35 258.57 245.32 242.2 252.49 256.02 261.53 263.61 261.4 259.57 284.96 294.9 280.1 250.75 207.27 195.58 158.73 130.31 126.47 111.56 106.22 110.87 137.75 209.97 258.46 268.55 243.57 245.0 239.93 232.98 226.14 231.95 239.46 260.7 260.0 264.36 259.31 212.87 209.34 186.78 157.1 157.16 149.26 143.86 138.49 152.0 185.8 270.15 300.45 303.42 294.94 295.02 289.9 279.73 276.6 288.23 303.27 305.51 316.94 291.03 284.16 261.56 229.94 217.1 191.19 194.93 175.19 163.07 151.82 168.23 206.79 257.98 303.49 315.91 300.42 289.86 300.47 287.17 286.54 290.82 317.7 327.36 349.9 337.95 316.75 283.86 266.32 269.92 226.03 212.77 210.7 199.98 200.0 197.99 211.94 214.94 228.07 264.96 280.0 257.83 254.04 249.99 239.83 257.61 264.02 288.2 315.92 306.1 270.08 232.22 213.37 200.0 173.69 144.88 135.0 122.01 99.4 99.4 105.64 129.57 144.02 154.0 171.71 171.21 186.6 184.01 180.0 184.47 188.84 215.35 230.0 228.73 217.64 201.01 183.19 171.05 158.51 133.83 133.97 141.84 135.2 144.21 164.92 270.28 314.69 324.05 308.38 295.44 308.58 300.89 302.05 331.4 328.09 330.77 333.95 315.41 289.8 256.0 220.0 199.93 158.17 136.75 121.62 99.97 82.85 91.51 136.62 210.67 250.35 258.57 245.32 242.2 252.49 256.02 261.53 263.61 261.4 259.57 284.96 294.9 280.1 250.75 207.27 195.58 158.73 130.31 126.47 111.56 106.22 110.87 137.75 209.97 258.46 268.55 243.57 245.0 239.93 232.98 226.14 231.95 239.46 260.7 260.0 264.36 259.31 212.87 209.34 186.78 157.1 157.16 149.26 143.86 138.49 152.0 185.8 270.15 300.45 303.42 294.94
