480 5
1 30 32 28 31
1 0 0 0 0 0 3 1 2 3 0 106 22.58
10 0 5 3 6 9 3 11 17 21 1 138 25.46
2 0 0 1 0 8 3 4 7 8 1 120 24.08
10 0 2 0 6 6 3 5 10 18 1 148 25.28
9 0 6 7 6 3 3 6 13 22 3 104 25.31
9 0 4 0 0 0 3 9 11 17 11 157 22.02
9 0 3 5 10 0 3 9 12 14 12 183 16.05
9 0 9 8 10 7 3 15 19 22 3 105 30.35
4 0 0 10 8 1 3 12 13 24 3 122 22.2
6 1 0 0 0 0 3 15 16 28 21 134 19.08
1 0 5 4 6 3 3 16 22 27 11 153 19.11
1 1 0 0 0 0 2 20 24 20 187 24.6
10 1 0 0 0 0 3 16 18 19 21 158 16.65
5 0 4 5 5 0 2 15 20 12 177 24.42
5 1 0 0 0 0 3 17 18 21 21 181 18.21
1 1 0 0 0 0 2 23 25 27 199 20.65
4 0 2 9 0 10 1 25 31 151 16.06
1 0 9 0 5 1 2 24 26 26 150 16.31
6 0 1 0 5 0 3 26 27 29 31 146 18.78
10 0 0 8 9 4 2 20 21 31 185 25.84
2 0 7 8 5 0 1 30 41 188 28.16
5 0 0 8 8 10 1 23 41 194 29.3
8 1 0 0 0 0 3 23 25 28 12 188 18.1
10 0 6 5 2 6 1 29 46 183 22.37
10 0 0 2 4 0 3 27 28 29 27 131 30.7
5 0 6 0 0 6 1 26 35 133 24.25
3 0 9 10 7 0 1 30 40 178 16.06
4 0 2 2 0 0 1 30 37 166 20.82
8 0 5 4 10 0 1 31 37 195 22.55
4 0 3 8 5 0 1 31 56 175 29.57
8 0 2 5 6 8 1 31 43 218 20.73
1 0 0 0 0 0 0 60 222 18.58
1 0 0 0 0 0 3 33 34 35 0 159 27.59
9 0 1 5 1 3 3 39 55 60 1 133 25.79
10 0 7 5 8 7 3 42 43 48 1 149 21.13
7 0 5 4 4 7 3 36 37 41 1 103 26.72
2 0 10 10 10 1 3 40 54 56 8 150 23.83
9 0 4 10 9 5 2 38 49 8 166 29.79
8 0 8 6 6 7 3 45 46 58 17 124 16.73
6 0 6 3 10 2 3 43 44 50 10 174 16.45
4 0 4 3 10 2 2 51 52 10 189 24.69
9 1 0 0 0 0 1 50 8 123 26.83
2 0 1 8 2 9 3 47 49 51 11 188 16.26
10 0 5 7 3 2 2 45 61 16 136 24.27
7 1 0 0 0 0 2 51 52 16 153 23.49
2 0 10 10 9 4 1 56 26 130 18.79
8 1 0 0 0 0 1 53 25 182 23.24
5 0 2 5 8 1 1 62 13 153 18.63
6 0 2 5 8 7 2 58 60 11 158 30.53
7 0 9 7 3 8 3 53 60 61 17 202 23.37
10 0 5 5 3 4 3 52 54 56 17 118 23.66
7 1 0 0 0 0 1 58 23 204 24.36
9 0 8 10 6 8 2 53 57 27 157 18.28
5 0 9 9 5 1 1 59 36 178 18.24
4 0 10 6 4 1 1 62 27 130 28.62
7 1 0 0 0 0 2 57 61 10 128 23.21
3 0 4 3 9 8 1 57 28 120 16.97
2 0 10 5 5 5 1 59 36 211 16.64
7 0 10 7 4 10 1 59 30 151 20.57
2 0 1 9 6 1 1 62 41 151 20.24
9 0 5 8 7 6 1 63 24 196 19.44
6 0 9 3 6 4 1 63 26 141 22.42
8 0 5 3 4 3 1 63 43 213 20.48
1 0 0 0 0 0 0 51 192 25.68
1 0 0 0 0 0 3 65 66 67 0 146 18.51
4 0 5 0 0 0 2 72 84 1 139 18.79
3 0 0 0 0 3 3 70 74 76 1 161 16.94
10 0 7 0 0 1 3 68 69 80 1 119 26.62
4 0 10 0 0 10 3 71 73 75 11 176 29.48
9 0 3 2 7 4 3 79 81 84 11 168 20.3
2 0 0 0 3 0 3 85 86 94 4 110 16.36
8 0 0 8 1 0 3 79 81 89 15 182 21.17
6 0 3 0 0 0 1 93 5 192 23.87
8 0 10 0 9 7 1 77 15 124 26.33
5 0 9 3 5 4 3 78 83 87 4 103 19.9
1 0 0 2 9 0 2 78 82 15 139 19.6
3 0 3 0 0 10 2 82 89 4 158 18.69
3 1 0 0 0 0 3 87 90 94 23 115 29.1
1 0 8 0 0 0 1 88 16 185 27.94
5 1 0 0 0 0 2 82 85 23 131 21.09
6 0 0 0 2 6 2 81 85 11 157 16.07
8 0 6 10 0 9 1 83 23 185 29.81
5 1 0 0 0 0 2 90 94 28 205 16.97
7 0 4 0 0 1 1 91 31 165 18.72
1 0 9 0 9 0 1 86 20 182 28.3
4 0 0 0 0 7 2 88 92 28 134 20.95
2 1 0 0 0 0 3 87 88 92 21 155 23.18
3 1 0 0 0 0 1 89 26 205 16.27
4 1 0 0 0 0 1 90 32 170 28.63
3 1 0 0 0 0 1 91 29 147 25.37
8 0 7 0 5 0 1 91 36 205 24.98
5 0 0 1 10 7 1 93 44 211 30.98
6 1 0 0 0 0 1 95 32 185 15.89
10 0 10 0 7 7 1 95 49 158 15.81
1 1 0 0 0 0 1 95 33 203 23.42
1 0 0 0 0 0 0 59 208 30.09
1 0 0 0 0 0 3 97 98 99 0 116 23.61
8 0 0 0 0 3 3 100 105 106 1 186 19.95
4 0 0 1 0 0 3 100 103 110 1 125 20.03
9 0 0 0 0 4 1 102 1 164 29.95
9 0 8 0 0 0 3 101 111 113 9 184 20.09
2 0 0 0 0 2 1 123 18 121 25.35
5 0 0 0 4 0 3 107 110 115 10 141 29.31
1 0 0 3 0 0 3 104 112 119 5 123 24.18
2 0 0 0 0 5 2 109 125 6 143 21.59
6 0 0 10 0 0 2 108 118 9 123 21.28
9 0 4 0 0 0 1 124 9 124 16.88
1 0 0 0 9 0 3 109 111 121 15 147 31.29
10 0 7 0 0 0 1 114 15 157 22.77
10 1 0 0 0 0 1 120 16 196 26.82
5 0 2 0 0 0 2 112 116 15 118 20.41
7 0 0 10 0 0 2 118 119 18 121 23.69
9 0 7 0 0 0 2 117 124 20 182 30.3
4 0 0 0 8 0 3 115 117 122 18 170 26.8
1 1 0 0 0 0 3 115 121 123 25 127 22.39
4 1 0 0 0 0 1 125 26 144 24.0
2 1 0 0 0 0 3 117 118 122 20 120 28.92
3 0 0 0 0 8 2 121 126 29 180 19.92
7 1 0 0 0 0 1 124 25 134 27.93
4 1 0 0 0 0 1 120 25 169 29.49
8 0 0 5 0 0 2 122 123 29 187 23.44
6 0 0 8 0 0 1 125 32 186 26.8
10 0 0 0 0 4 1 126 37 194 19.91
9 0 0 9 0 0 1 126 37 164 15.88
3 0 0 0 5 0 1 127 32 204 22.54
4 0 0 0 8 0 1 127 38 200 30.39
1 0 9 0 0 0 1 127 47 187 30.52
1 0 0 0 0 0 0 48 210 25.86
1 0 0 0 0 0 3 129 130 131 0 142 28.46
7 0 0 0 0 7 3 132 141 150 1 132 26.91
6 0 10 0 3 0 3 135 139 147 1 159 21.18
5 0 0 0 8 5 3 135 139 145 1 180 18.93
10 0 5 0 0 0 3 133 134 148 8 181 30.76
9 1 0 0 0 0 1 138 18 157 27.94
7 0 8 0 1 0 2 142 143 18 139 17.3
10 0 0 9 0 2 3 136 138 155 7 149 23.22
2 0 0 0 0 9 3 137 149 153 17 158 19.36
9 0 0 2 2 0 1 140 19 147 18.12
10 0 0 0 3 4 2 144 149 27 196 22.01
3 0 8 0 1 9 1 150 7 123 18.77
2 1 0 0 0 0 1 148 28 166 24.65
8 0 7 0 10 0 3 146 152 156 8 152 28.32
5 0 5 9 0 2 1 147 25 132 17.42
8 1 0 0 0 0 1 146 25 129 31.01
4 0 0 4 4 7 3 152 156 157 37 151 17.82
3 0 8 0 6 4 2 147 154 6 178 17.01
6 0 0 0 0 6 3 149 151 153 33 175 28.95
5 0 2 3 1 6 2 151 152 30 159 30.73
9 0 3 10 6 0 1 157 30 127 24.81
9 0 1 0 0 8 1 158 39 188 18.09
2 0 9 0 0 2 3 151 154 156 10 176 19.23
8 0 0 0 4 4 1 155 39 219 27.02
6 0 8 0 0 0 1 153 41 164 24.91
2 0 0 3 0 4 1 158 47 195 19.15
9 0 0 5 0 9 2 155 157 12 129 24.09
1 0 0 0 4 0 1 158 47 186 23.01
2 0 5 0 3 4 1 159 41 165 22.9
8 0 8 0 0 0 1 159 41 157 23.74
6 0 0 0 0 3 1 159 49 178 20.75
1 0 0 0 0 0 0 55 195 17.7
1 0 0 0 0 0 3 161 162 163 0 163 20.36
2 0 6 8 6 9 3 164 166 167 1 169 25.13
4 0 9 9 10 8 3 173 174 180 1 123 29.59
3 0 9 4 8 8 3 172 174 184 1 158 28.86
9 0 6 7 3 8 3 165 170 176 3 129 26.14
6 0 4 5 7 8 3 171 172 179 12 140 29.55
6 0 1 8 1 2 3 168 170 174 3 191 31.09
3 0 5 8 2 9 3 168 169 176 3 126 16.47
5 0 2 8 7 5 2 181 184 9 128 18.36
10 0 8 9 10 4 1 175 6 157 18.67
6 0 5 10 4 5 3 171 182 184 12 163 29.26
4 0 4 9 4 10 2 177 187 18 162 20.4
4 1 0 0 0 0 2 175 178 18 173 23.6
1 0 3 3 4 2 3 177 179 181 5 105 16.38
2 0 4 2 9 1 3 178 179 181 9 125 28.39
9 0 3 10 8 4 3 180 182 190 22 183 28.98
5 1 0 0 0 0 3 178 180 188 12 155 20.16
3 0 10 6 1 6 2 183 186 22 119 15.74
8 0 1 8 3 6 3 185 186 189 22 163 17.64
8 1 0 0 0 0 2 182 183 18 139 30.02
7 0 2 5 5 10 1 189 31 146 26.36
9 0 9 9 9 9 2 183 186 14 192 16.47
4 0 1 9 4 1 1 187 31 195 25.96
5 0 9 1 5 7 2 185 188 26 189 21.43
2 0 2 3 6 10 3 185 187 188 18 136 19.33
1 0 4 9 2 1 1 190 31 162 29.47
6 0 6 4 4 2 1 190 30 185 20.87
9 0 3 5 1 2 1 189 35 201 31.33
2 0 3 8 10 8 1 191 31 182 24.52
2 0 1 2 1 1 1 191 44 139 22.42
6 0 2 7 9 2 1 191 36 176 21.23
1 0 0 0 0 0 0 46 161 21.82
1 0 0 0 0 0 3 193 194 195 0 180 28.94
2 0 5 7 6 5 3 199 200 214 1 153 27.48
8 0 8 6 1 4 1 196 1 158 24.99
6 0 7 4 9 4 3 197 198 201 1 180 25.31
4 0 4 3 9 5 3 202 204 207 9 105 18.25
2 0 1 8 8 1 2 209 210 7 175 20.31
5 0 10 7 1 5 1 213 7 122 24.7
7 0 4 9 10 6 1 202 3 138 15.79
4 0 4 3 1 6 1 212 3 105 21.63
10 0 3 8 10 4 3 203 205 206 7 136 29.52
5 1 0 0 0 0 1 211 13 133 25.33
1 1 0 0 0 0 2 207 217 17 165 26.45
6 1 0 0 0 0 3 216 218 219 13 150 28.65
5 1 0 0 0 0 2 208 222 17 159 22.13
3 0 10 2 6 8 1 211 17 140 27.71
10 1 0 0 0 0 2 214 220 18 191 16.77
9 0 1 1 1 5 1 209 22 205 19.6
5 0 9 2 3 3 1 215 31 147 23.93
9 0 7 1 2 10 1 214 9 166 21.96
5 1 0 0 0 0 1 212 20 139 19.61
7 0 5 2 9 7 1 216 25 194 19.52
1 1 0 0 0 0 1 217 12 106 30.08
5 0 5 6 1 8 2 218 221 28 193 30.58
5 0 7 1 7 5 1 216 36 133 30.06
3 0 5 1 8 3 1 221 41 216 21.5
8 0 5 8 9 9 1 219 18 124 27.94
3 0 2 8 10 8 1 222 33 188 29.93
1 0 6 6 3 8 1 220 26 134 19.21
1 0 7 2 9 1 1 223 28 154 23.4
4 0 4 4 2 7 1 223 44 180 29.22
4 0 10 2 8 10 1 223 36 196 23.09
1 0 0 0 0 0 0 48 198 20.18
1 0 0 0 0 0 3 225 226 227 0 111 24.17
9 0 8 4 0 4 3 230 241 244 1 142 31.27
7 0 7 4 4 0 3 228 232 235 1 129 28.53
8 0 0 6 0 4 3 229 231 252 1 104 16.99
9 0 0 0 4 0 3 234 238 239 8 181 31.14
3 0 3 8 0 1 3 233 239 241 9 150 19.87
6 0 3 0 0 0 3 233 234 235 10 116 23.56
6 0 6 0 0 1 3 237 241 245 9 131 29.8
7 0 0 1 0 0 3 233 242 247 8 171 20.22
3 0 0 0 8 0 3 237 245 246 16 123 21.85
6 0 9 6 6 0 3 237 247 248 17 186 25.7
4 0 0 0 0 9 3 236 240 242 16 153 22.44
10 0 0 10 5 9 3 239 243 247 20 184 27.42
4 0 3 0 0 3 2 240 243 23 133 28.48
9 0 0 0 1 0 3 240 244 249 17 119 21.13
6 1 0 0 0 0 3 245 250 253 30 146 18.12
2 1 0 0 0 0 1 250 27 182 16.4
1 0 0 1 1 0 3 242 246 254 15 189 17.29
8 0 0 1 0 0 1 248 20 128 30.23
7 1 0 0 0 0 1 249 30 140 18.21
9 1 0 0 0 0 3 246 251 252 26 188 16.1
1 0 0 3 6 0 1 251 36 144 22.73
6 0 7 8 6 0 1 248 35 190 24.83
1 1 0 0 0 0 2 249 252 30 159 24.56
8 0 0 10 0 4 1 253 41 197 23.16
1 0 8 0 0 0 2 250 253 37 126 23.33
5 0 4 0 0 9 1 251 38 137 17.61
1 0 0 5 0 1 1 254 43 170 24.9
5 0 3 0 4 0 1 255 35 180 18.99
5 0 10 4 0 0 1 255 49 227 22.07
9 0 9 4 9 0 1 255 44 142 18.25
1 0 0 0 0 0 0 54 159 19.3
1 0 0 0 0 0 3 257 258 259 0 114 22.78
7 0 3 8 1 4 2 269 274 1 99 20.75
7 0 7 8 1 2 1 278 1 154 31.21
4 0 9 7 8 5 3 260 264 266 1 140 30.61
8 0 9 9 9 2 3 261 273 276 5 193 31.06
9 0 7 10 2 4 2 262 265 13 128 21.3
3 1 0 0 0 0 3 263 267 274 22 199 26.44
9 1 0 0 0 0 3 268 270 277 25 170 17.79
10 0 3 9 1 2 2 270 271 5 118 16.52
6 1 0 0 0 0 2 269 274 22 182 24.7
2 0 4 7 7 4 1 273 5 155 21.24
7 1 0 0 0 0 3 272 279 281 25 185 19.32
9 0 6 5 10 4 2 275 283 34 131 22.39
10 0 8 6 3 5 3 270 279 282 28 139 29.05
9 0 2 9 10 5 1 278 38 169 30.7
4 0 6 5 10 1 3 276 281 282 15 134 24.09
5 0 2 2 9 2 2 280 282 32 166 21.26
3 0 6 3 8 4 1 278 13 183 16.88
3 0 10 10 1 6 3 275 280 285 28 128 22.09
2 0 4 3 6 9 1 279 43 215 24.47
3 1 0 0 0 0 1 285 19 173 28.7
3 0 2 2 9 4 1 281 34 148 24.03
10 0 1 5 4 5 1 286 47 166 22.62
7 0 3 2 3 5 1 284 45 203 24.93
9 0 1 5 1 9 2 283 286 37 202 17.28
1 0 5 2 10 5 2 284 286 37 131 17.95
2 0 5 4 7 8 2 283 285 38 167 30.33
1 0 3 9 10 8 1 284 46 134 17.67
3 0 9 9 6 1 1 287 52 164 23.79
8 0 2 1 4 10 1 287 40 199 19.52
2 0 3 10 8 8 1 287 57 204 27.27
1 0 0 0 0 0 0 59 178 18.7
1 0 0 0 0 0 3 289 290 291 0 180 24.19
4 0 0 10 10 0 3 300 301 305 1 157 17.33
10 0 10 3 4 0 2 298 300 1 126 16.3
4 0 8 0 0 0 3 292 293 294 1 145 23.39
5 0 0 2 1 3 2 295 307 5 114 25.63
8 0 6 0 7 0 2 309 317 5 123 29.45
2 0 0 0 4 6 1 310 5 187 20.45
2 0 0 10 3 0 2 296 297 10 118 29.95
10 1 0 0 0 0 1 304 12 153 18.35
2 0 0 0 0 1 3 299 302 315 12 159 16.69
6 0 1 0 0 6 2 301 313 11 133 27.69
7 0 0 1 0 0 1 311 14 193 30.7
2 1 0 0 0 0 3 303 314 316 11 137 26.18
10 0 0 7 0 2 1 308 17 135 27.13
4 0 0 0 0 8 1 318 14 137 19.23
9 1 0 0 0 0 1 318 13 174 23.08
2 1 0 0 0 0 2 306 312 22 133 18.84
8 1 0 0 0 0 1 309 5 141 29.27
6 0 0 0 0 6 1 309 24 126 16.21
8 0 0 5 10 4 1 310 10 136 26.36
4 0 5 0 0 6 1 316 27 126 28.14
3 0 0 9 0 7 1 315 30 171 16.96
1 0 6 7 0 0 1 315 18 167 22.47
2 0 5 0 0 5 1 317 21 200 27.15
4 0 5 0 1 5 2 313 314 24 178 30.78
6 0 7 0 6 1 1 318 28 162 27.18
5 0 0 0 10 0 1 317 28 164 20.22
1 0 0 1 10 6 1 316 33 140 22.81
6 0 0 4 6 0 1 319 34 150 30.93
2 0 3 2 0 1 1 319 33 124 16.44
5 0 4 0 0 1 1 319 34 136 22.61
1 0 0 0 0 0 0 40 183 23.6
1 0 0 0 0 0 3 321 322 323 0 157 30.16
2 0 0 0 0 8 3 324 327 330 1 180 23.04
10 0 0 3 0 0 3 325 332 339 1 133 22.71
10 0 0 0 6 0 3 324 337 341 1 141 29.45
6 0 0 2 0 0 3 329 331 332 11 121 18.07
10 0 0 0 0 9 3 326 328 340 11 138 31.25
6 1 0 0 0 0 3 333 336 344 21 154 24.78
1 0 0 0 8 0 3 337 338 344 3 118 19.18
5 1 0 0 0 0 3 330 333 334 21 126 19.4
2 0 0 0 0 10 3 335 339 343 17 154 24.41
7 0 2 0 0 0 3 338 342 347 26 128 15.95
5 0 0 0 4 0 3 335 336 339 17 182 19.6
7 0 0 0 5 0 3 333 335 336 17 171 22.49
6 1 0 0 0 0 1 347 27 158 25.18
8 1 0 0 0 0 3 341 343 344 26 167 20.93
5 1 0 0 0 0 1 349 24 185 20.04
10 1 0 0 0 0 3 338 342 345 27 153 23.88
8 0 0 0 8 0 3 340 343 345 11 158 28.31
6 0 0 3 0 0 2 348 349 37 165 25.17
5 0 10 0 0 0 2 340 342 22 132 30.51
9 1 0 0 0 0 1 350 27 199 25.5
9 0 7 0 0 0 3 346 348 349 34 132 21.2
2 1 0 0 0 0 1 350 37 167 17.97
4 1 0 0 0 0 2 346 348 34 182 31.08
3 0 0 0 0 6 1 345 34 204 20.33
5 0 0 0 0 3 1 346 37 190 16.79
4 0 0 0 0 8 1 347 43 153 24.36
10 0 0 0 1 0 1 350 47 174 16.86
3 0 0 0 5 0 1 351 43 219 24.45
5 0 0 0 0 4 1 351 43 164 29.93
3 0 3 0 0 0 1 351 57 158 15.95
1 0 0 0 0 0 0 60 151 19.75
1 0 0 0 0 0 3 353 354 355 0 128 24.32
10 0 8 6 10 3 3 356 358 359 1 180 21.42
7 0 4 0 0 3 3 359 361 364 1 144 20.66
10 0 8 7 4 3 3 365 373 374 1 134 29.1
10 0 5 7 8 0 3 357 360 364 11 184 16.02
8 0 0 2 9 0 3 363 365 367 21 161 22.16
8 0 8 1 1 10 3 360 366 373 11 148 21.45
8 1 0 0 0 0 3 360 371 375 11 134 17.22
6 1 0 0 0 0 3 362 376 380 21 118 31.27
3 0 1 0 3 2 3 362 369 379 8 176 30.35
1 0 9 0 8 6 3 368 378 382 27 135 23.45
10 0 10 1 5 10 3 366 369 370 29 128 20.92
5 1 0 0 0 0 3 372 374 375 21 157 31.13
6 1 0 0 0 0 3 369 372 377 29 203 26.03
1 1 0 0 0 0 2 368 375 39 174 18.75
3 1 0 0 0 0 3 368 370 377 29 198 30.16
1 0 0 1 6 8 1 374 40 156 16.38
3 0 5 5 3 1 2 380 382 39 205 28.75
1 0 10 0 0 0 3 371 372 378 39 161 16.01
6 0 0 9 3 7 2 373 376 40 217 22.71
6 0 0 4 9 0 1 379 40 143 28.63
2 0 0 9 1 1 1 381 46 195 27.99
5 0 5 1 3 7 1 381 41 141 23.54
3 1 0 0 0 0 2 376 377 40 159 26.95
2 0 3 1 2 4 1 382 46 197 22.83
2 1 0 0 0 0 2 378 379 43 167 30.76
9 0 0 0 10 2 1 381 45 227 23.45
6 0 9 4 9 3 1 380 46 196 21.54
2 0 0 0 10 0 1 383 52 223 19.91
6 0 0 6 9 3 1 383 54 212 26.21
3 0 3 3 4 0 1 383 48 185 30.43
1 0 0 0 0 0 0 60 190 30.23
1 0 0 0 0 0 3 385 386 387 0 94 29.27
7 0 5 1 0 0 3 389 400 401 1 174 30.67
2 0 0 5 10 10 3 388 394 404 1 163 28.24
9 0 6 4 5 7 3 389 390 406 1 145 28.37
1 0 3 0 4 2 3 391 401 402 3 116 20.77
10 0 6 3 2 1 2 399 403 10 132 26.2
7 0 4 9 6 0 2 392 396 10 195 31.21
10 0 4 5 8 5 3 392 395 399 4 135 19.22
6 0 6 0 5 0 1 393 17 115 28.86
8 0 0 9 2 6 2 397 407 23 200 17.1
6 0 0 3 3 2 3 401 403 406 3 133 18.04
3 0 7 2 0 0 2 409 414 14 174 28.77
4 0 0 1 7 9 2 404 405 17 173 22.92
2 1 0 0 0 0 1 398 31 158 18.3
10 0 0 10 3 0 1 408 33 139 27.5
7 0 5 9 4 9 2 407 413 20 133 20.91
4 0 2 8 0 2 2 410 411 8 136 17.38
4 0 9 0 9 3 2 405 412 9 190 22.09
7 0 2 0 7 0 3 403 406 408 4 121 29.27
3 1 0 0 0 0 1 410 20 122 27.93
2 1 0 0 0 0 1 409 21 168 15.81
1 1 0 0 0 0 3 408 409 414 21 166 31.25
9 1 0 0 0 0 2 407 412 11 193 30.0
10 0 4 6 9 6 1 414 31 184 29.06
7 0 5 0 2 0 1 413 43 159 26.3
4 1 0 0 0 0 1 410 23 124 19.6
3 0 6 4 0 0 1 413 27 124 28.62
10 0 1 9 3 0 1 412 12 182 21.52
8 0 9 9 3 7 1 415 22 152 24.61
9 0 4 8 9 0 1 415 50 199 23.03
10 0 1 6 4 9 1 415 41 149 22.6
1 0 0 0 0 0 0 59 202 18.74
1 0 0 0 0 0 3 417 418 419 0 116 23.59
10 0 7 8 3 10 3 421 429 431 1 154 22.24
9 0 6 7 2 4 3 420 421 424 1 178 25.19
6 0 5 7 6 4 3 422 424 432 1 100 26.28
5 0 1 6 7 4 3 422 426 431 10 193 27.22
1 1 0 0 0 0 3 425 426 432 11 109 20.85
9 0 1 8 7 8 3 423 427 443 15 136 18.4
6 1 0 0 0 0 3 428 434 435 24 124 24.39
3 1 0 0 0 0 3 426 430 431 10 103 23.84
2 1 0 0 0 0 3 428 430 444 12 146 20.24
3 1 0 0 0 0 3 434 436 446 15 187 17.33
8 0 2 4 10 2 3 428 429 441 24 198 26.81
2 1 0 0 0 0 2 433 438 32 204 17.24
7 1 0 0 0 0 3 430 438 442 32 183 30.27
6 1 0 0 0 0 2 433 437 39 181 25.3
2 0 3 6 8 4 3 436 437 446 15 194 28.8
1 0 2 6 4 6 3 433 434 438 12 114 21.32
3 0 10 5 3 8 1 439 45 184 20.57
3 1 0 0 0 0 2 437 441 30 153 22.24
2 0 6 6 3 7 1 436 30 200 21.87
8 0 10 1 3 4 2 440 441 32 189 27.56
1 0 3 2 8 1 1 439 45 211 18.15
2 0 4 6 10 7 1 439 39 207 20.69
9 0 7 2 8 9 1 440 48 220 24.26
8 0 4 8 10 4 1 445 57 200 22.57
7 0 1 3 5 2 2 442 445 40 168 15.85
3 0 4 7 7 10 1 444 47 223 19.36
7 0 1 6 2 1 3 444 445 446 24 155 24.82
2 0 1 10 3 7 1 447 50 147 28.84
1 0 1 6 4 10 1 447 65 197 16.76
7 0 4 9 5 4 1 447 31 174 18.29
1 0 0 0 0 0 0 66 179 19.46
1 0 0 0 0 0 3 449 450 451 0 121 21.75
1 0 0 5 7 7 3 457 458 462 1 130 25.35
9 0 0 8 5 4 3 452 455 459 1 189 16.29
5 1 0 0 0 0 1 466 1 98 26.78
6 0 0 6 10 2 3 453 454 456 10 118 27.09
4 0 2 0 0 10 3 461 467 475 16 147 27.38
9 0 5 0 4 0 3 460 463 477 16 163 30.11
7 0 0 0 7 0 1 469 10 162 29.13
4 0 0 0 10 0 3 458 464 473 16 188 25.7
8 0 0 1 0 0 2 459 465 2 163 17.84
10 1 0 0 0 0 1 470 20 200 20.74
4 0 2 0 0 0 1 473 10 133 24.17
10 0 0 7 5 0 3 466 469 471 25 124 28.15
2 1 0 0 0 0 2 468 474 20 182 24.42
8 0 0 7 0 1 3 463 464 472 2 172 19.14
9 1 0 0 0 0 3 466 470 476 25 202 26.97
10 0 0 10 0 7 3 469 475 476 20 198 27.83
3 0 8 2 0 0 2 467 468 10 164 24.77
10 0 10 6 0 6 1 478 35 180 29.73
4 1 0 0 0 0 2 471 472 20 171 19.22
5 0 0 2 4 0 1 472 22 188 16.91
3 1 0 0 0 0 1 470 35 172 18.49
6 0 5 3 8 0 1 478 38 190 24.04
5 0 7 1 8 0 1 473 35 130 29.43
6 0 0 6 7 6 1 477 27 152 27.07
4 0 0 0 0 10 1 474 40 180 20.09
4 0 9 0 1 0 2 476 478 44 188 29.68
4 0 0 8 9 1 1 477 30 193 19.43
5 0 0 0 3 0 1 479 48 182 16.86
3 0 7 10 9 1 1 479 34 207 18.31
6 0 9 0 5 5 1 479 48 171 18.21
1 0 0 0 0 0 0 54 201 27.67
86.59 85.1 84.31 83.32 84.89 95.66 120.63 127.19 114.2 99.42 78.94 68.68 39.12 24.72 42.64 69.5 85.01 110.97 160.72 241.5 210.56 121.44 111.29 99.57 93.16 88.84 90.09 91.53 93.87 105.14 129.45 151.47 147.32 118.93 97.23 86.24 80.59 78.03 76.67 82.45 97.44 118.07 172.44 302.75 258.2 138.17 109.35 93.64 100.15 88.94 84.81 80.02 81.52 95.05 120.61 122.47 109.4 85.12 33.8 5.22 4.02 3.58 3.48 21.43 59.9 87.1 120.44 189.72 164.8 107.02 93.89 81.12 57.92 42.83 40.58 43.77 66.38 90.63 118.13 121.23 108.61 76.95 40.98 5.79 3.2 3.33 34.22 69.58 93.12 129.1 189.29 338.31 246.26 134.16 110.17 103.32 97.24 86.42 84.79 84.5 84.65 96.8 118.31 131.29 125.0 101.07 89.51 86.57 80.3 73.94 72.25 79.49 93.61 120.0 125.0 151.47 149.89 113.25 101.43 98.45 101.7 101.39 100.66 99.28 98.39 99.37 101.76 99.56 97.17 80.63 11.57 0.0 -0.02 -0.86 -0.99 -0.01 42.63 86.36 107.2 161.52 136.23 100.9 95.99 84.68 88.7 84.31 80.1 82.69 82.22 81.97 80.43 54.92 0.0 -0.09 -4.0 -20.09 -40.02 -53.4 -46.97 -20.71 -2.71 19.23 108.69 131.47 126.15 107.05 98.6 92.11 84.42 86.67 85.85 84.8 86.32 98.33 123.46 149.8 125.0 101.94 85.83 76.73 65.92 61.47 70.56 79.89 101.44 132.42 210.51 413.66 308.52 150.28 119.37 108.69 108.12 109.21 106.31 104.25 104.21 107.35 182.39 294.59 193.65 125.7 102.57 96.01 84.74 84.27 87.45 94.85 105.81 131.17 192.68 386.4 210.0 130.02 112.62 105.9 104.86 103.61 100.57 101.42 100.87 110.31 133.35 216.33 165.29 122.31 113.97 114.82 103.58 96.03 86.56 95.58 110.26 126.54 170.59 276.46 172.73 117.57 98.94 84.59 85.95 83.19 75.65 67.14 66.2 71.23 105.95 123.07 121.14 104.81 76.01 38.73 51.48 49.23 57.64 54.03 46.92 89.09 126.33 188.92 151.12 116.25 92.43 81.94 48.33 42.49 35.11 33.23 41.42 73.44 114.49 123.43 109.04 92.68 58.95 49.64 47.43 46.93 59.75 76.99 92.55 97.99 130.14 200.52 165.0 119.39 104.84 98.65 94.3 79.39 72.93 73.75 79.32 82.83 86.36 78.23 72.18 54.48 14.27 2.37 0.0 0.01 0.01 0.02 41.22 101.57 123.7 142.34 127.6 113.87 100.62 88.1 85.5 77.16 79.68 84.97 92.72 99.3 99.25 103.59 107.52 87.7 61.58 17.66 6.57 0.0 -0.01 0.0 19.63 95.86 126.39 153.29 126.73 96.36 88.69 59.17 45.18 38.07 18.19 16.89 17.23 77.52 251.79 162.58 143.47 88.21 22.55 18.6 25.0 33.72 29.71 62.02 84.92 100.0 140.0 105.0 120.61 98.72 69.71 9.48 33.47 58.49 63.4 77.12 73.94 62.83 131.6 195.0 145.3 119.72 80.87 52.97 66.91 59.72 71.3 87.25 138.17 238.48 146.08 149.05 111.0 98.67 103.88 66.86 70.8 63.52 50.97 47.81 57.66 70.46 112.71 124.24 112.69 94.26 69.34 43.5 12.04 8.56 11.66 45.8 83.64 109.11 114.0 170.32 136.63 110.0 100.0 78.66 57.64 49.63 38.85 38.75 49.22 75.94 115.0 117.81 112.9 91.36 66.01 5.94 0.2 0.0 0.0 0.53 51.54 120.86 144.94 212.26 147.12 110.0 102.07 88.2 74.09 72.22 70.58 70.29 70.38 86.1 118.42 141.48 117.45 92.51 53.21 13.12 0.99 0.0 0.0 11.97 76.93 118.68 255.21 409.24 167.05 110.91 95.47 80.03 90.15 80.58 77.19 77.04 77.0 82.66 91.11 89.67 77.66 24.91 0.98 -0.89 -7.45 -10.25 -4.7 0.1 28.84 96.69 118.22 126.99 95.47 79.14 75.12 49.18 3.45 1.14 2.64 0.62 1.29 0.58 4.41 5.23 3.15 0.4 -0.25 -6.87 -10.36 -10.73 -2.58 -0.07 9.47 88.87 110.72 118.6 117.58 103.57 97.59 90.59 84.95 81.26 77.32 76.98 77.79 91.71 119.98 129.86 128.51 106.34 88.11 69.61 70.41 65.06 70.42 76.05 88.42 122.95 143.06 216.38 144.51 114.24 100.24 92.77 86.64 86.71 86.15 86.08 88.7 101.47 126.62 172.36 159.13 119.37 89.84 88.92 80.86 77.82 77.56 88.6 102.65 127.01 157.33 216.73 125.53 101.58 96.92 91.98 75.64 70.05 69.46 70.17 58.67 71.28 110.41 130.2 119.5 92.86 62.28 41.17 27.1 28.68 28.21 65.69 76.26 91.19 113.08 119.62 108.42 88.11 81.54 63.78 73.22 70.16 67.15 66.86 70.34 79.6 110.1 120.11 124.72 99.11 85.73 136.26 114.15 65.81 50.98 78.75 84.24 106.5 116.52 136.61 123.61 101.82 89.58 81.09 78.48 75.08 73.18 73.2 75.12 82.3 105.52 119.97 124.63 114.16 105.0 99.9 98.86 83.35 83.78 82.88 99.34 110.88 124.17 132.96 119.61 106.21 96.9 89.9 85.01 83.76 83.3 83.19 86.07 90.0 90.5 104.69 109.63 97.26 89.58 79.73 64.26 36.66 49.45 79.79 95.03 112.74 133.07 147.26 120.0 109.15 104.98 94.47 98.57 96.34 94.41 91.61 95.03 97.06 99.7 105.16 98.24 92.93 83.52 37.73 17.11 8.53 13.0 63.03 83.45 99.01 125.43 127.81 118.45 107.4 97.34 96.71 92.44 90.35 89.52 89.69 89.81 100.0 130.03 212.21 164.86 120.68 91.09 86.24 80.0 78.5 85.11 89.16 102.3 134.81 274.59 402.21 165.12 121.13 101.83 89.41 101.42 98.15 97.22 96.68 99.78 101.37 137.47 244.0 209.23 136.34 116.64 98.43 89.56 88.06 89.94 98.77 114.54 156.02 250.86 356.15 138.73 104.71 95.0 91.39 85.56 82.32 78.54 90.17 89.01 97.37 127.3 175.46 138.74 105.23 86.5 75.97 71.47 74.29 78.48 87.45 98.01 135.0 249.52 339.75 150.72 113.11 98.93 90.99 91.44 88.59 87.5 90.3 92.28 96.83 130.8 179.79 137.16 100.04 91.26 79.97 68.09 63.52 74.36 83.69 90.02 124.84 173.05 188.22 126.3 101.78 99.9 88.26 86.63 77.25 74.57 74.96 77.73 89.46 118.58 130.22 111.44 90.17 64.99 43.12 28.56 20.18 31.7 59.82 82.79 110.97 146.1 140.78 107.36 78.64 62.33 36.3 52.99 40.71 44.13 21.12 24.5 4.81 28.02 46.89 51.67 36.88 19.0 2.03 0.72 3.81 18.98 40.01 46.27 40.39 37.87 72.34 49.47 17.08 35.7 3.26 -0.79 1.27 -1.09 -1.17 -1.06 -0.99 -1.72 -0.31 15.04 16.23 16.02 10.44 15.94 6.66 1.62 6.57 8.03 64.94 100.81 185.0 136.63 65.0 65.0 65.0 53.01 86.57 63.27 42.37 20.73 25.66 105.0 120.0 110.01 120.0 101.53 90.62 89.43 83.92 93.3 92.2 94.16 110.0 127.96 158.37 126.94 120.19 119.33 105.89 100.68 94.18 90.38 90.07 93.83 97.29 134.49 228.56 284.54 208.59 152.29 131.35 112.92 108.5 107.75 115.64 124.61 152.46 204.46 217.86 146.41 123.24 107.42 97.48 93.45 88.44 87.56 87.2 90.27 98.29 116.8 154.23 165.96 134.62 117.18 104.18 91.34 90.11 91.41 100.62 118.7 148.89 179.14 198.98 140.0 112.81 108.86 98.07 97.38 92.95 93.66 91.76 94.02 102.79 126.61 144.82
