480 5
1 28 32 29 37
1 0 0 0 0 0 3 1 2 3 0 117 9.53
7 0 1 0 0 0 3 9 12 23 1 113 10.84
4 0 7 0 0 0 3 6 7 14 1 150 16.58
7 0 10 0 0 0 3 4 7 29 1 140 14.83
3 0 0 0 3 0 3 5 10 12 8 171 13.35
4 0 0 0 7 0 3 6 8 14 11 138 16.61
3 0 0 0 8 0 3 9 15 23 15 163 15.26
9 0 0 0 0 8 3 16 20 21 8 124 9.61
2 0 0 0 0 7 3 15 19 25 15 185 14.12
8 0 3 0 0 0 3 11 13 17 18 122 18.38
10 0 0 0 4 0 2 28 30 11 108 15.33
2 0 0 0 10 0 3 16 18 19 26 171 13.04
9 0 0 0 0 1 3 13 14 15 11 144 17.36
6 1 0 0 0 0 3 18 19 21 26 135 11.94
1 0 0 0 0 2 3 17 21 24 20 158 18.44
6 0 0 0 6 0 2 17 18 20 172 15.51
5 1 0 0 0 0 2 22 25 28 123 16.25
7 1 0 0 0 0 2 27 30 26 148 14.18
10 1 0 0 0 0 2 20 24 32 150 9.36
2 0 8 0 0 0 3 20 22 26 32 177 12.8
9 0 0 0 0 10 1 27 42 140 17.78
8 0 2 0 0 0 2 22 25 32 163 9.73
2 1 0 0 0 0 1 28 40 165 10.07
3 0 0 0 0 7 1 24 18 160 14.79
1 1 0 0 0 0 1 26 42 148 11.32
6 0 3 0 0 0 1 26 40 138 13.28
6 0 0 7 0 0 2 27 30 46 147 11.49
4 0 0 0 0 7 1 28 52 195 9.8
8 0 0 5 0 0 1 31 56 204 16.29
4 0 9 0 0 0 1 31 8 136 15.82
2 0 0 0 9 0 1 31 52 180 17.05
1 0 0 0 0 0 0 64 195 16.73
1 0 0 0 0 0 3 33 34 35 0 117 13.19
7 0 4 0 6 0 3 36 40 43 1 109 10.31
1 0 0 7 8 1 3 39 47 51 1 145 16.53
10 0 0 2 1 0 3 37 38 41 1 121 12.63
5 0 9 0 10 0 3 37 38 44 8 106 17.38
7 0 0 10 0 5 3 39 45 46 13 137 11.86
5 0 0 0 7 9 3 48 57 59 13 129 16.36
6 0 0 0 6 0 3 48 50 58 20 160 18.08
10 0 2 0 0 2 3 42 49 52 8 142 9.54
5 0 0 0 0 9 3 42 43 44 11 138 11.99
4 0 0 3 0 0 3 45 46 53 18 144 15.25
1 0 0 4 6 0 3 45 50 53 16 106 12.39
10 0 3 0 7 0 3 47 49 52 16 129 16.38
7 0 0 0 8 0 3 47 51 54 22 153 15.99
8 0 0 3 2 0 3 51 58 59 22 139 13.37
10 1 0 0 0 0 3 48 58 62 29 135 14.59
2 1 0 0 0 0 1 61 39 145 11.43
4 1 0 0 0 0 2 55 57 26 143 14.78
2 1 0 0 0 0 2 52 57 26 157 11.5
10 1 0 0 0 0 1 60 30 184 11.34
7 1 0 0 0 0 1 54 28 156 11.82
7 0 2 1 0 7 1 54 22 151 18.07
5 1 0 0 0 0 2 55 61 35 177 15.78
1 1 0 0 0 0 2 56 60 40 123 14.61
9 0 6 4 0 8 1 59 41 202 10.13
2 1 0 0 0 0 2 61 62 30 137 10.5
6 0 0 5 10 0 1 60 39 178 13.82
3 0 9 0 6 0 1 62 50 154 17.65
3 0 0 0 4 0 1 63 45 160 18.09
1 0 9 0 5 2 1 63 41 159 17.64
8 0 7 10 7 0 1 63 53 220 14.85
1 0 0 0 0 0 0 61 206 12.72
1 0 0 0 0 0 3 65 66 67 0 154 12.62
8 0 0 0 0 1 1 88 1 162 10.1
7 0 0 0 3 0 3 70 76 81 1 118 14.22
3 0 0 3 0 0 1 68 1 153 14.12
10 0 7 0 0 0 2 69 71 4 110 15.58
5 0 0 8 0 0 2 72 87 14 112 18.61
1 0 0 0 0 3 2 74 84 8 168 14.24
5 0 0 0 0 3 1 85 14 168 14.73
10 0 0 0 0 10 3 73 77 78 19 165 10.69
8 0 0 0 0 10 3 74 76 88 29 199 10.5
9 1 0 0 0 0 3 75 80 83 37 147 12.57
7 1 0 0 0 0 1 79 46 175 16.09
5 1 0 0 0 0 2 83 86 37 177 10.16
9 1 0 0 0 0 1 85 29 146 9.9
9 0 7 0 0 0 1 92 29 153 10.15
9 0 10 0 0 0 1 85 53 202 13.76
7 0 0 10 0 0 1 82 46 150 18.35
6 0 0 0 0 2 1 83 8 137 16.22
1 1 0 0 0 0 1 93 53 161 13.95
6 1 0 0 0 0 3 90 92 93 46 210 14.45
10 0 0 5 0 0 1 94 9 118 18.53
10 0 0 0 3 0 1 89 62 210 13.53
8 0 0 0 0 8 2 89 92 42 158 10.84
1 0 0 1 0 0 1 89 19 173 14.85
7 1 0 0 0 0 1 93 37 137 10.15
7 0 0 0 0 10 1 90 72 166 16.19
3 0 0 0 0 6 1 91 79 181 16.5
8 0 0 0 7 0 1 94 82 214 9.51
1 1 0 0 0 0 1 95 52 161 17.22
2 1 0 0 0 0 1 95 54 164 17.09
9 0 0 0 3 0 1 95 90 218 13.11
1 0 0 0 0 0 0 99 217 15.72
1 0 0 0 0 0 3 97 98 99 0 155 10.19
5 0 5 9 3 4 3 100 115 125 1 91 9.48
6 0 7 8 1 8 3 101 102 103 1 148 9.95
2 0 10 10 7 5 3 103 105 108 1 101 17.3
10 0 1 4 3 1 3 105 112 114 6 157 15.79
8 0 3 8 3 7 3 106 108 117 7 152 13.28
6 0 6 7 1 7 3 104 107 110 7 144 18.09
3 1 0 0 0 0 3 114 118 121 7 140 16.46
5 0 3 5 5 8 3 111 112 116 13 177 11.81
2 0 2 7 1 8 2 106 113 16 166 11.18
9 1 0 0 0 0 3 111 116 126 18 156 12.2
10 0 1 8 6 9 3 112 115 125 13 156 14.6
1 0 1 9 6 9 3 109 111 115 15 172 17.65
2 1 0 0 0 0 3 110 114 122 16 142 15.49
1 1 0 0 0 0 2 113 118 18 136 11.82
6 0 10 7 1 3 2 120 121 27 150 12.55
2 1 0 0 0 0 1 113 23 124 11.53
2 0 10 4 7 2 2 121 123 25 133 17.62
8 1 0 0 0 0 1 119 18 143 16.24
10 0 1 1 1 4 3 116 122 126 23 126 10.76
8 0 6 6 10 4 2 119 120 33 132 15.47
1 0 3 1 6 2 3 118 122 126 15 152 12.69
1 1 0 0 0 0 3 119 120 125 19 186 11.37
9 0 9 8 4 1 1 123 41 159 14.41
5 0 9 4 9 7 1 123 41 146 17.27
3 0 1 1 5 6 1 124 33 189 13.82
7 0 6 8 4 4 1 124 33 162 17.45
6 0 1 10 10 4 1 124 50 180 11.71
3 0 5 2 3 3 1 127 56 145 10.58
1 0 7 3 1 4 1 127 23 168 10.48
9 0 1 1 9 1 1 127 33 156 17.06
1 0 0 0 0 0 0 59 165 11.44
1 0 0 0 0 0 3 129 130 131 0 105 17.5
8 0 6 0 0 0 3 132 138 139 1 134 9.92
6 0 0 8 0 0 3 132 134 149 1 147 15.69
2 0 0 0 7 0 3 135 137 143 1 173 13.75
6 0 0 0 1 0 3 133 136 144 9 181 11.24
4 0 0 8 0 0 2 141 151 15 186 17.1
4 0 0 2 0 0 3 142 146 148 7 127 13.13
7 0 0 5 0 0 3 140 141 142 3 128 12.44
3 0 9 0 0 0 3 145 147 154 15 175 13.37
8 0 0 1 0 0 3 142 146 152 3 171 15.94
5 0 0 0 0 7 3 143 144 147 9 155 16.61
10 0 0 0 3 0 3 140 145 150 9 144 17.93
6 0 10 0 0 0 3 146 147 149 19 158 9.79
10 0 1 0 0 0 2 145 157 19 111 11.35
7 0 5 0 0 0 2 144 153 11 161 13.01
4 0 6 0 0 0 3 148 149 150 14 176 16.05
9 0 0 0 0 5 1 155 18 118 14.61
5 0 0 0 2 0 1 158 29 191 13.25
4 1 0 0 0 0 1 156 25 159 13.43
6 1 0 0 0 0 1 148 25 190 13.61
1 1 0 0 0 0 2 152 158 31 177 12.18
4 1 0 0 0 0 2 151 154 25 125 11.23
8 0 0 7 0 0 3 151 152 154 19 193 12.97
6 1 0 0 0 0 2 153 158 29 138 13.27
2 1 0 0 0 0 2 153 155 32 167 12.72
5 0 0 0 0 10 2 156 157 35 152 13.26
9 0 0 0 9 0 2 155 156 29 141 9.43
10 0 0 6 0 0 1 157 38 130 18.71
3 0 0 0 8 0 1 159 40 132 15.53
10 0 0 0 4 0 1 159 48 186 16.2
7 0 0 0 4 0 1 159 35 173 16.86
1 0 0 0 0 0 0 58 156 14.9
1 0 0 0 0 0 3 161 162 163 0 151 16.21
6 0 3 5 0 3 1 168 1 100 17.64
5 0 8 1 7 0 3 164 167 175 1 107 10.7
4 0 0 3 7 3 1 174 1 116 9.83
7 0 2 5 9 2 3 165 168 178 6 104 12.6
5 0 4 3 5 5 3 166 169 190 13 140 11.33
8 0 5 6 8 9 2 170 171 18 140 9.43
10 0 0 1 0 2 2 173 182 6 182 17.61
10 0 0 9 1 10 1 172 13 144 14.4
8 0 9 2 1 2 3 177 180 182 18 146 15.24
4 1 0 0 0 0 3 172 174 185 26 193 13.83
4 0 4 3 0 0 2 172 179 26 156 12.42
4 1 0 0 0 0 2 176 181 30 191 9.58
8 0 8 10 9 4 3 176 177 179 16 138 12.31
9 0 3 10 0 0 3 176 179 182 30 141 11.42
2 0 9 0 7 0 1 185 6 124 12.49
9 0 8 9 5 5 1 183 39 173 11.56
1 1 0 0 0 0 1 181 26 159 18.01
5 0 0 0 2 7 2 186 189 13 159 10.84
2 0 8 9 4 2 2 187 188 39 143 14.97
4 1 0 0 0 0 2 183 185 26 176 12.17
2 1 0 0 0 0 2 184 188 34 177 17.1
6 0 9 3 10 4 3 183 184 186 39 152 17.22
6 0 8 0 7 0 1 189 48 206 15.85
4 0 9 4 8 3 1 187 45 163 14.46
6 0 5 0 8 3 2 186 187 30 141 18.19
6 0 5 4 4 0 1 188 45 157 11.37
1 0 4 1 0 10 1 189 49 158 15.82
4 0 2 0 10 0 1 191 51 164 17.02
2 0 7 8 2 6 1 191 54 164 11.73
9 0 2 3 0 4 1 191 18 119 15.57
1 0 0 0 0 0 0 56 196 17.17
1 0 0 0 0 0 3 193 194 195 0 166 17.81
8 0 10 3 4 9 3 199 208 211 1 130 14.24
3 0 2 8 9 1 3 198 204 206 1 146 10.69
5 0 10 9 7 3 3 196 203 219 1 108 12.69
4 0 5 10 9 3 3 197 206 214 6 145 13.13
7 0 8 10 5 9 1 200 10 179 11.41
10 0 8 8 10 7 2 210 219 4 181 15.45
2 0 10 7 9 7 3 202 207 221 9 115 16.47
3 0 3 6 2 2 2 201 204 17 126 13.71
1 1 0 0 0 0 2 202 205 20 143 11.69
4 0 10 8 7 2 2 209 213 21 184 13.42
8 0 6 2 8 10 2 206 217 6 134 10.72
3 1 0 0 0 0 1 212 20 168 9.87
7 1 0 0 0 0 2 212 213 21 114 15.02
6 0 2 2 6 6 2 216 218 14 112 14.74
7 0 6 6 6 10 1 210 11 169 16.13
10 0 1 5 3 2 3 210 218 219 9 130 10.78
5 0 4 5 2 4 1 216 25 195 17.73
4 0 9 10 8 3 3 214 216 217 19 187 13.6
6 1 0 0 0 0 2 213 214 9 101 13.1
1 1 0 0 0 0 1 215 28 121 9.55
8 0 1 10 8 8 1 220 28 118 9.56
10 0 10 10 10 5 2 220 222 23 131 11.75
7 1 0 0 0 0 2 217 218 29 152 10.93
10 0 9 6 7 2 1 222 30 199 13.44
3 0 3 8 9 9 2 220 222 36 128 16.83
9 0 6 1 3 8 1 221 36 167 14.17
1 0 5 9 4 9 1 221 19 128 10.62
10 0 8 8 6 5 1 223 39 183 14.25
8 0 2 8 5 5 1 223 45 164 18.0
1 0 6 6 5 8 1 223 40 171 15.44
1 0 0 0 0 0 0 53 168 13.91
1 0 0 0 0 0 3 225 226 227 0 128 13.42
4 0 0 0 0 3 3 230 239 241 1 140 16.64
4 0 0 0 9 0 3 228 234 236 1 133 15.65
1 0 0 0 0 1 2 229 241 1 161 12.65
9 0 0 8 0 0 3 237 248 252 5 131 13.28
9 0 0 3 0 0 3 232 234 238 2 105 11.85
9 0 1 0 0 0 3 231 232 247 5 109 15.87
5 1 0 0 0 0 3 235 240 244 14 155 14.87
6 1 0 0 0 0 3 233 242 249 14 140 11.98
4 1 0 0 0 0 3 245 246 251 20 119 10.69
8 0 3 0 0 0 1 239 11 155 17.62
1 1 0 0 0 0 3 243 248 249 19 181 14.26
1 0 0 0 2 0 2 238 250 5 170 16.03
2 1 0 0 0 0 1 250 14 167 16.77
3 0 0 3 0 0 2 243 253 11 142 16.51
6 0 0 0 8 0 1 253 19 178 13.89
7 0 2 0 0 0 1 246 19 152 13.21
2 0 0 0 0 5 3 242 245 248 5 144 15.58
9 0 0 0 3 0 2 243 254 20 177 11.47
5 0 0 0 5 0 1 252 29 141 18.39
9 0 0 0 3 0 2 245 246 19 133 17.24
1 0 10 0 0 0 1 254 28 141 12.66
3 0 3 0 0 0 1 253 28 130 13.53
2 1 0 0 0 0 1 251 14 120 13.28
10 0 0 0 0 4 1 250 20 153 10.95
1 1 0 0 0 0 1 251 20 122 9.58
8 0 7 0 0 0 1 254 30 158 18.16
10 0 0 0 0 8 1 252 24 126 16.92
2 0 9 0 0 0 1 255 34 158 13.54
5 0 0 0 0 8 1 255 31 149 12.92
2 0 0 0 4 0 1 255 38 194 15.94
1 0 0 0 0 0 0 40 184 11.64
1 0 0 0 0 0 3 257 258 259 0 117 11.0
3 0 8 0 0 9 3 262 263 266 1 160 17.16
7 0 3 0 1 9 3 260 264 275 1 111 17.14
6 0 10 7 6 9 3 268 270 271 1 134 15.6
4 0 7 6 8 10 3 261 268 269 8 146 18.13
6 0 10 4 7 0 2 267 277 12 151 13.74
7 0 6 6 0 9 1 278 4 160 18.01
9 0 0 8 3 7 2 265 280 4 147 11.74
9 0 2 2 10 4 2 268 269 8 102 16.46
3 0 1 9 3 8 3 274 276 286 13 135 13.2
7 0 5 7 9 6 2 273 279 4 160 16.66
8 0 0 0 2 10 1 272 18 127 10.17
1 0 1 10 10 4 3 274 276 278 17 161 10.43
5 0 1 7 4 1 2 278 279 17 126 13.77
5 0 10 1 0 6 3 272 277 285 7 144 14.92
5 0 5 6 7 6 2 274 283 7 128 17.15
10 1 0 0 0 0 1 273 26 172 13.6
5 0 0 0 2 8 1 280 36 168 11.16
1 1 0 0 0 0 1 284 18 160 14.03
10 0 0 5 0 1 3 282 283 285 8 133 10.51
2 0 4 0 6 8 3 277 282 285 18 161 13.0
7 0 3 4 0 0 1 284 20 168 16.3
8 1 0 0 0 0 1 281 22 177 11.17
4 0 10 3 9 0 1 286 22 149 14.04
4 0 1 5 0 10 2 281 282 41 185 16.18
9 0 0 8 0 4 1 283 45 164 15.92
8 0 9 4 0 0 1 284 45 149 11.99
5 0 1 6 0 3 1 286 54 138 12.68
10 0 0 3 0 2 1 287 53 206 12.19
4 1 0 0 0 0 1 287 20 140 16.24
1 0 5 6 6 0 1 287 59 182 10.44
1 0 0 0 0 0 0 63 188 16.69
1 0 0 0 0 0 3 289 290 291 0 102 15.45
10 0 0 8 0 0 3 294 302 308 1 148 15.97
2 0 0 2 8 0 3 292 293 297 1 132 10.26
8 0 0 0 8 3 2 295 299 1 97 16.96
6 0 2 8 0 0 3 296 305 310 3 95 10.94
2 0 0 1 0 0 3 296 301 303 3 139 12.55
6 0 0 4 0 7 3 300 309 310 11 139 16.68
10 0 10 9 1 2 3 301 303 304 9 126 16.96
4 0 0 3 0 8 2 298 304 9 177 18.47
1 0 5 8 7 0 3 299 301 306 3 156 9.65
5 0 3 5 2 0 3 306 308 313 13 184 15.02
1 1 0 0 0 0 3 300 308 314 9 177 9.52
6 0 0 2 0 0 2 305 307 17 183 17.65
8 1 0 0 0 0 3 305 313 315 19 140 10.28
1 0 2 0 0 8 3 304 306 307 11 134 13.67
6 0 0 0 0 4 3 307 309 311 19 131 10.69
4 1 0 0 0 0 3 309 311 318 19 159 16.35
6 0 4 0 0 6 1 312 27 166 18.61
4 1 0 0 0 0 3 314 316 318 18 120 12.66
3 1 0 0 0 0 2 312 317 25 150 15.52
3 1 0 0 0 0 3 312 315 316 18 178 18.66
9 1 0 0 0 0 1 313 25 135 14.53
8 0 3 7 0 0 1 311 17 127 18.64
9 1 0 0 0 0 2 314 316 25 155 10.86
7 0 2 9 0 2 1 318 33 193 11.16
1 1 0 0 0 0 1 317 34 140 9.39
9 0 3 0 6 0 1 315 34 195 18.06
9 0 2 0 3 0 1 317 43 140 10.16
3 0 0 3 5 8 1 319 34 191 11.58
4 0 0 7 7 9 1 319 52 181 18.56
9 0 0 0 0 7 1 319 40 153 16.24
1 0 0 0 0 0 0 56 161 10.25
1 0 0 0 0 0 3 321 322 323 0 147 14.77
1 0 0 0 3 0 3 324 325 326 1 149 18.26
2 0 0 1 0 0 2 344 349 1 139 11.44
2 0 0 0 10 0 3 328 329 340 1 152 16.11
2 0 0 2 0 0 1 337 2 155 17.44
1 0 0 8 0 0 1 336 2 167 15.83
2 0 0 1 0 0 1 327 2 161 14.34
10 0 0 0 6 0 2 335 348 4 154 17.19
8 0 0 0 1 0 2 330 332 3 104 10.02
5 0 0 0 0 3 1 336 3 114 15.31
4 0 0 0 3 0 3 331 333 343 11 146 16.5
1 0 3 0 0 0 2 334 346 15 179 11.55
3 0 0 2 0 0 1 337 11 151 14.19
10 0 7 0 0 0 3 339 342 347 15 113 13.59
1 1 0 0 0 0 1 336 16 138 10.6
6 0 0 0 10 0 2 338 350 14 160 11.3
4 1 0 0 0 0 1 345 17 131 9.71
7 0 0 0 0 10 2 338 350 14 114 16.12
10 1 0 0 0 0 2 341 345 21 123 10.04
10 0 5 0 0 0 1 350 25 137 18.08
10 0 0 6 0 0 1 345 3 153 14.33
9 0 2 0 0 0 1 346 31 177 13.54
10 0 0 0 4 0 1 346 25 173 17.77
4 0 0 1 0 0 1 348 15 129 13.58
2 0 3 0 0 0 1 348 3 108 9.51
7 0 0 0 0 4 1 347 31 129 15.96
4 0 10 0 0 0 1 349 40 169 15.48
4 0 0 0 7 0 1 349 38 129 13.55
5 1 0 0 0 0 1 351 19 113 16.76
10 0 8 0 0 0 1 351 44 177 13.98
9 0 0 0 0 6 1 351 35 164 12.18
1 0 0 0 0 0 0 54 156 13.86
1 0 0 0 0 0 3 353 354 355 0 168 13.25
10 0 2 10 7 2 3 356 358 376 1 101 13.69
9 0 10 10 8 8 2 361 363 1 132 12.4
3 0 3 7 5 7 3 358 359 365 1 155 12.53
5 0 1 1 6 5 1 357 11 151 16.47
10 0 10 5 6 7 3 360 364 375 16 145 17.72
4 0 8 6 7 10 3 366 367 382 11 105 11.12
9 0 1 9 5 8 1 370 4 158 16.15
3 1 0 0 0 0 2 362 373 26 111 14.39
6 0 8 10 3 9 1 377 10 173 13.66
2 1 0 0 0 0 2 367 372 29 154 10.62
3 0 7 3 8 9 1 368 10 99 18.64
2 1 0 0 0 0 2 369 378 26 143 14.82
6 1 0 0 0 0 1 374 4 99 17.18
8 0 8 7 3 8 1 373 15 171 9.66
2 0 9 5 7 2 2 370 380 31 126 12.23
5 0 3 5 3 3 1 371 13 152 17.72
7 0 10 4 1 4 2 370 374 28 140 11.75
4 0 6 9 2 2 1 381 35 140 14.29
9 0 1 8 3 10 1 380 18 122 17.8
6 0 3 9 3 5 1 381 31 122 13.53
5 0 4 4 8 1 1 378 29 184 17.85
7 0 8 6 9 6 1 379 35 205 12.8
2 1 0 0 0 0 1 377 26 126 14.84
8 0 9 7 9 8 1 380 11 114 14.79
10 0 5 2 7 3 2 378 379 28 187 17.94
2 0 8 4 2 9 1 381 38 200 17.27
7 0 7 4 8 5 1 382 42 162 11.8
8 0 1 7 7 2 1 383 33 143 12.93
5 0 2 1 5 8 1 383 40 126 11.67
10 0 5 5 7 3 1 383 49 202 15.41
1 0 0 0 0 0 0 59 169 12.56
1 0 0 0 0 0 3 385 386 387 0 109 15.45
1 0 6 7 0 0 3 389 393 394 1 129 12.26
2 0 0 6 3 10 3 388 390 414 1 115 12.26
10 0 0 1 3 10 3 391 397 403 1 170 13.58
9 0 0 3 7 5 3 392 395 413 3 141 14.1
5 0 3 6 4 6 1 412 2 146 14.35
7 0 0 3 0 3 2 405 406 3 159 12.75
3 0 6 10 4 0 2 396 399 11 102 14.95
8 0 0 4 3 4 2 398 409 12 162 13.2
2 0 6 4 6 1 2 400 401 2 154 13.36
3 0 4 1 2 8 1 402 2 107 17.69
1 0 0 1 1 3 2 398 411 12 164 18.03
2 0 8 1 7 4 2 400 402 14 112 10.53
9 0 2 8 1 0 2 398 400 11 156 10.36
5 0 6 0 1 6 1 405 20 133 10.97
2 1 0 0 0 0 3 401 402 408 14 123 16.15
4 0 7 0 4 0 2 404 406 20 120 18.69
4 1 0 0 0 0 3 409 410 413 16 176 12.7
5 1 0 0 0 0 1 407 16 173 11.14
7 0 1 0 9 0 3 406 407 413 11 135 16.92
10 1 0 0 0 0 3 407 408 414 24 179 12.05
8 1 0 0 0 0 1 410 25 120 11.84
6 1 0 0 0 0 1 408 24 186 11.74
5 0 0 0 5 3 1 411 34 198 16.97
5 1 0 0 0 0 2 409 410 34 167 10.55
10 0 0 7 0 7 1 411 39 196 14.39
2 0 9 4 10 6 1 412 39 146 13.25
5 0 3 10 0 0 1 412 49 162 12.27
10 0 0 0 4 1 1 415 54 155 11.62
9 0 10 1 5 9 1 415 20 140 15.46
3 0 7 10 0 1 1 415 34 141 12.9
1 0 0 0 0 0 0 64 149 10.43
1 0 0 0 0 0 3 417 418 419 0 104 16.06
5 0 7 0 6 9 3 420 426 429 1 167 12.2
4 0 2 0 0 0 3 421 423 425 1 163 14.15
6 0 3 0 0 0 3 424 432 440 1 171 10.31
4 0 10 2 0 10 3 421 422 430 6 124 18.44
7 0 0 6 0 8 3 424 432 442 10 138 13.94
6 0 0 0 9 9 3 423 431 434 10 155 14.35
10 0 0 0 2 0 2 437 439 16 159 16.51
3 0 0 10 0 0 3 439 441 444 17 103 12.84
6 0 4 0 9 1 3 427 429 432 5 147 16.55
7 0 5 0 5 0 3 430 433 435 6 146 13.66
6 0 8 5 5 0 3 428 431 433 11 124 13.97
7 0 0 1 0 0 3 435 438 445 17 120 18.7
8 0 0 1 0 0 2 430 433 11 129 17.58
4 1 0 0 0 0 2 434 436 19 130 9.64
1 0 8 0 0 4 2 435 436 17 186 17.99
2 0 0 3 5 0 2 439 446 17 106 10.15
2 1 0 0 0 0 3 434 438 444 19 169 10.19
10 0 1 0 2 0 1 443 23 150 18.46
8 1 0 0 0 0 3 440 441 442 24 151 15.42
6 1 0 0 0 0 3 437 441 445 23 119 17.64
6 1 0 0 0 0 3 438 442 443 29 129 12.35
3 0 5 0 1 0 1 440 35 166 12.66
7 0 0 10 0 10 1 445 26 146 18.56
8 0 0 0 0 2 1 446 38 163 16.53
8 0 0 0 10 8 1 443 32 194 14.98
6 0 8 1 1 4 1 444 35 127 10.27
2 0 0 0 7 7 1 446 40 204 10.85
10 0 3 10 7 0 1 447 41 199 17.23
10 0 10 0 0 4 1 447 33 141 12.26
6 0 0 9 0 3 1 447 46 168 10.76
1 0 0 0 0 0 0 52 156 13.1
1 0 0 0 0 0 3 449 450 451 0 153 14.95
7 0 0 0 4 0 3 455 457 462 1 134 9.53
10 0 0 0 5 0 3 452 453 457 1 152 14.68
7 0 0 3 0 0 3 453 454 459 1 165 14.73
1 0 0 0 5 0 3 459 460 461 11 120 18.5
6 0 0 0 9 0 3 456 471 477 11 179 18.14
8 0 0 6 0 0 3 458 461 471 8 112 11.47
7 0 0 0 5 0 3 459 460 465 8 100 16.49
10 1 0 0 0 0 3 462 463 467 17 126 15.02
8 0 0 0 0 6 3 463 469 478 11 144 17.72
1 0 0 2 0 0 3 460 462 469 16 174 16.7
4 0 5 0 0 0 3 463 466 470 15 154 11.11
3 0 0 0 0 7 3 464 466 470 17 121 11.29
4 1 0 0 0 0 3 466 468 470 16 146 18.34
6 0 0 8 0 0 2 472 473 27 149 9.66
4 1 0 0 0 0 1 475 27 125 16.5
9 0 1 0 0 0 3 468 476 478 20 131 10.99
6 0 0 0 4 0 3 468 471 472 15 150 12.05
8 0 0 0 0 9 2 467 474 20 174 12.44
6 0 0 2 0 0 1 473 28 131 13.07
3 0 0 5 0 0 1 474 29 134 12.53
1 1 0 0 0 0 2 472 474 19 176 14.09
1 1 0 0 0 0 3 473 476 477 20 130 17.31
7 1 0 0 0 0 1 475 21 170 14.56
4 0 0 1 0 0 1 475 33 185 15.52
6 0 0 4 0 0 1 478 34 199 12.73
8 0 1 0 0 0 1 477 32 142 15.02
7 0 5 0 0 0 1 476 37 175 14.72
4 0 0 0 0 9 1 479 44 197 14.81
2 0 0 10 0 0 1 479 40 177 16.31
6 0 4 0 0 0 1 479 40 167 9.69
1 0 0 0 0 0 0 48 135 16.96
182.38 184.98 184.6 185.68 195.55 220.56 264.91 299.93 285.03 255.0 214.92 190.71 187.85 181.84 179.98 179.77 182.86 219.39 263.32 296.99 290.37 267.81 247.99 204.4 192.9 188.71 184.13 183.0 185.55 191.53 229.54 268.78 260.33 219.02 182.51 172.32 136.12 110.02 103.32 118.14 139.9 179.4 215.47 235.09 233.47 205.0 177.46 137.74 161.67 165.81 163.31 167.63 180.73 212.32 248.74 267.52 273.83 254.25 212.9 192.45 188.72 195.04 200.05 196.0 200.47 241.25 266.2 298.95 301.63 269.03 250.0 231.94 232.45 207.63 200.14 198.05 199.97 204.46 254.0 272.33 282.11 252.78 216.35 212.54 202.24 195.19 193.64 191.99 194.53 212.8 244.94 271.07 272.31 265.46 253.68 234.36 214.9 198.45 194.28 190.49 191.86 196.86 205.33 220.78 209.88 189.92 190.62 186.55 160.03 167.65 157.38 151.11 155.01 179.32 196.21 228.35 235.99 208.84 205.09 196.24 191.16 183.37 178.0 174.21 171.81 179.54 188.98 191.12 189.6 172.62 146.58 121.99 82.36 61.02 34.61 40.32 65.84 107.71 171.19 195.08 205.81 194.47 175.84 166.88 160.22 139.97 121.76 123.38 133.96 106.67 98.62 122.36 133.55 100.0 75.92 41.29 26.29 4.87 0.0 0.08 15.0 66.2 158.02 182.55 191.54 187.88 171.46 158.07 182.38 184.98 184.6 185.68 195.55 220.56 264.91 299.93 285.03 255.0 214.92 190.71 187.85 181.84 179.98 179.77 182.86 219.39 263.32 296.99 290.37 267.81 247.99 204.4 192.9 188.71 184.13 183.0 185.55 191.53 229.54 268.78 260.33 219.02 182.51 172.32 136.12 110.02 103.32 118.14 139.9 179.4 215.47 235.09 233.47 205.0 177.46 137.74 161.67 165.81 163.31 167.63 180.73 212.32 248.74 267.52 273.83 254.25 212.9 192.45 188.72 195.04 200.05 196.0 200.47 241.25 266.2 298.95 301.63 269.03 250.0 231.94 232.45 207.63 200.14 198.05 199.97 204.46 254.0 272.33 282.11 252.78 216.35 212.54 202.24 195.19 193.64 191.99 194.53 212.8 244.94 271.07 272.31 265.46 253.68 234.36 214.9 198.45 194.28 190.49 191.86 196.86 205.33 220.78 209.88 189.92 190.62 186.55 160.03 167.65 157.38 151.11 155.01 179.32 196.21 228.35 235.99 208.84 205.09 196.24 191.16 183.37 178.0 174.21 171.81 179.54 188.98 191.12 189.6 172.62 146.58 121.99 82.36 61.02 34.61 40.32 65.84 107.71 171.19 195.08 205.81 194.47 175.84 166.88 160.22 139.97 121.76 123.38 133.96 106.67 98.62 122.36 133.55 100.0 75.92 41.29 26.29 4.87 0.0 0.08 15.0 66.2 158.02 182.55 191.54 187.88 171.46 158.07 182.38 184.98 184.6 185.68 195.55 220.56 264.91 299.93 285.03 255.0 214.92 190.71 187.85 181.84 179.98 179.77 182.86 219.39 263.32 296.99 290.37 267.81 247.99 204.4 192.9 188.71 184.13 183.0 185.55 191.53 229.54 268.78 260.33 219.02 182.51 172.32 136.12 110.02 103.32 118.14 139.9 179.4 215.47 235.09 233.47 205.0 177.46 137.74 161.67 165.81 163.31 167.63 180.73 212.32 248.74 267.52 273.83 254.25 212.9 192.45 188.72 195.04 200.05 196.0 200.47 241.25 266.2 298.95 301.63 269.03 250.0 231.94 232.45 207.63 200.14 198.05 199.97 204.46 254.0 272.33 282.11 252.78 216.35 212.54 202.24 195.19 193.64 191.99 194.53 212.8 244.94 271.07 272.31 265.46 253.68 234.36 214.9 198.45 194.28 190.49 191.86 196.86 205.33 220.78 209.88 189.92 190.62 186.55 160.03 167.65 157.38 151.11 155.01 179.32 196.21 228.35 235.99 208.84 205.09 196.24 191.16 183.37 178.0 174.21 171.81 179.54 188.98 191.12 189.6 172.62 146.58 121.99 82.36 61.02 34.61 40.32 65.84 107.71 171.19 195.08 205.81 194.47 175.84 166.88 160.22 139.97 121.76 123.38 133.96 106.67 98.62 122.36 133.55 100.0 75.92 41.29 26.29 4.87 0.0 0.08 15.0 66.2 158.02 182.55 191.54 187.88 171.46 158.07 182.38 184.98 184.6 185.68 195.55 220.56 264.91 299.93 285.03 255.0 214.92 190.71 187.85 181.84 179.98 179.77 182.86 219.39 263.32 296.99 290.37 267.81 247.99 204.4 192.9 188.71 184.13 183.0 185.55 191.53 229.54 268.78 260.33 219.02 182.51 172.32 136.12 110.02 103.32 118.14 139.9 179.4 215.47 235.09 233.47 205.0 177.46 137.74 161.67 165.81 163.31 167.63 180.73 212.32 248.74 267.52 273.83 254.25 212.9 192.45 188.72 195.04 200.05 196.0 200.47 241.25 266.2 298.95 301.63 269.03 250.0 231.94 232.45 207.63 200.14 198.05 199.97 204.46 254.0 272.33 282.11 252.78 216.35 212.54 202.24 195.19 193.64 191.99 194.53 212.8 244.94 271.07 272.31 265.46 253.68 234.36 214.9 198.45 194.28 190.49 191.86 196.86 205.33 220.78 209.88 189.92 190.62 186.55 160.03 167.65 157.38 151.11 155.01 179.32 196.21 228.35 235.99 208.84 205.09 196.24 191.16 183.37 178.0 174.21 171.81 179.54 188.98 191.12 189.6 172.62 146.58 121.99 82.36 61.02 34.61 40.32 65.84 107.71 171.19 195.08 205.81 194.47 175.84 166.88 160.22 139.97 121.76 123.38 133.96 106.67 98.62 122.36 133.55 100.0 75.92 41.29 26.29 4.87 0.0 0.08 15.0 66.2 158.02 182.55 191.54 187.88 171.46 158.07 182.38 184.98 184.6 185.68 195.55 220.56 264.91 299.93 285.03 255.0 214.92 190.71 187.85 181.84 179.98 179.77 182.86 219.39 263.32 296.99 290.37 267.81 247.99 204.4 192.9 188.71 184.13 183.0 185.55 191.53 229.54 268.78 260.33 219.02 182.51 172.32 136.12 110.02 103.32 118.14 139.9 179.4 215.47 235.09 233.47 205.0 177.46 137.74 161.67 165.81 163.31 167.63 180.73 212.32 248.74 267.52 273.83 254.25 212.9 192.45 188.72 195.04 200.05 196.0 200.47 241.25 266.2 298.95 301.63 269.03 250.0 231.94 232.45 207.63 200.14 198.05 199.97 204.46 254.0 272.33 282.11 252.78 216.35 212.54 202.24 195.19 193.64 191.99 194.53 212.8 244.94 271.07 272.31 265.46 253.68 234.36 214.9 198.45 194.28 190.49 191.86 196.86 205.33 220.78 209.88 189.92 190.62 186.55 160.03 167.65 157.38 151.11 155.01 179.32 196.21 228.35 235.99 208.84 205.09 196.24 191.16 183.37 178.0 174.21 171.81 179.54 188.98 191.12 189.6 172.62 146.58 121.99 82.36 61.02 34.61 40.32 65.84 107.71 171.19 195.08 205.81 194.47 175.84 166.88 160.22 139.97 121.76 123.38 133.96 106.67 98.62 122.36 133.55 100.0 75.92 41.29 26.29 4.87 0.0 0.08 15.0 66.2 158.02 182.55 191.54 187.88 171.46 158.07 182.38 184.98 184.6 185.68 195.55 220.56 264.91 299.93 285.03 255.0 214.92 190.71 187.85 181.84 179.98 179.77 182.86 219.39
