512 5
1 57 48 47 47
1 0 0 0 0 0 3 1 2 3 0 113 19.04
7 0 6 2 0 10 3 7 19 26 1 151 31.48
10 0 3 0 0 8 3 5 9 17 1 150 31.73
1 0 3 8 0 7 3 4 6 10 1 140 27.78
10 0 0 0 3 7 3 7 8 12 2 102 27.64
1 0 4 10 8 6 3 8 15 19 11 130 24.88
4 0 5 2 7 0 3 11 12 27 2 144 28.73
2 1 0 0 0 0 2 15 22 12 153 18.58
5 0 0 8 7 0 3 11 14 18 12 133 28.38
6 0 2 2 0 5 3 10 13 20 11 152 30.23
4 0 10 6 10 0 3 12 15 21 17 127 29.89
4 0 2 5 5 8 2 16 20 17 118 25.21
6 0 5 0 10 2 1 23 21 130 32.01
10 1 0 0 0 0 3 14 16 21 17 165 19.73
2 1 0 0 0 0 3 22 24 26 27 105 23.84
10 1 0 0 0 0 2 16 18 21 167 35.69
8 0 0 10 0 4 2 28 30 31 165 29.33
4 0 10 6 9 0 3 18 20 21 11 92 33.3
1 1 0 0 0 0 2 23 27 31 136 19.44
10 0 7 10 9 9 2 22 24 12 104 25.22
8 1 0 0 0 0 2 23 26 21 104 19.24
7 0 5 3 6 0 1 28 27 123 28.42
8 0 2 1 0 10 3 25 27 29 29 180 27.7
1 0 0 2 4 0 2 24 29 32 123 29.29
3 0 6 0 10 8 1 25 33 118 26.71
7 0 9 4 6 6 1 28 37 139 30.69
5 0 0 8 1 1 2 29 30 29 114 19.6
10 0 2 8 5 0 1 30 37 142 27.91
4 0 0 9 4 6 1 31 44 165 35.55
9 0 1 3 0 1 1 31 37 177 25.32
8 0 0 3 1 1 1 31 47 126 30.56
1 0 0 0 0 0 0 55 136 32.15
1 0 0 0 0 0 3 33 34 35 0 90 32.98
8 0 5 4 10 10 2 41 52 1 99 33.97
6 0 0 5 6 0 3 36 48 49 1 124 30.62
4 0 7 7 8 0 3 37 39 60 1 123 27.11
4 0 0 3 7 5 3 37 38 50 7 135 20.32
8 0 0 5 5 0 1 62 11 107 32.6
3 0 3 4 5 10 3 40 45 54 11 123 25.09
5 0 10 7 7 2 2 42 58 5 135 33.48
3 0 5 0 1 0 3 43 51 55 14 130 27.91
4 0 4 5 0 10 1 56 9 100 23.31
1 0 3 7 0 10 2 48 53 10 106 23.52
10 0 0 3 8 0 1 44 17 169 25.31
2 1 0 0 0 0 2 46 57 27 105 23.8
7 0 1 6 8 5 2 46 47 14 135 21.34
5 1 0 0 0 0 2 52 61 29 161 19.4
2 1 0 0 0 0 3 51 52 53 21 135 25.3
7 0 3 8 6 3 2 50 61 11 109 27.38
1 0 5 6 10 0 2 51 56 7 122 36.13
10 0 0 0 3 2 1 62 18 133 23.42
3 1 0 0 0 0 2 57 59 23 134 29.22
4 0 0 3 4 5 2 58 59 34 139 28.94
1 0 3 4 10 0 1 55 23 129 34.6
10 0 9 7 1 10 3 55 56 57 14 113 27.83
5 0 0 8 0 5 1 61 24 109 26.85
10 1 0 0 0 0 2 58 59 24 134 20.56
10 0 9 2 10 0 1 60 29 129 33.52
8 0 4 8 10 10 1 62 38 133 33.78
10 0 8 0 5 2 1 60 38 161 26.96
8 0 4 6 9 0 1 63 48 170 34.38
9 0 9 5 3 4 1 63 34 179 31.34
1 0 8 0 7 6 1 63 46 124 23.06
1 0 0 0 0 0 0 56 168 26.32
1 0 0 0 0 0 3 65 66 67 0 145 20.16
2 0 1 0 0 0 3 68 73 74 1 84 28.37
3 0 0 4 0 0 3 70 72 74 1 90 33.76
10 0 0 0 0 8 3 69 71 73 1 97 27.98
5 0 0 0 0 1 3 69 70 79 3 92 31.05
8 1 0 0 0 0 1 92 11 166 24.09
2 0 5 0 0 0 2 76 77 8 128 27.41
3 0 3 0 0 0 3 75 78 82 11 105 29.66
7 0 0 0 0 8 3 78 83 88 4 109 30.67
3 0 0 0 8 0 3 76 87 93 11 108 22.64
4 0 8 0 0 0 1 83 4 129 18.75
10 0 0 0 0 5 3 76 85 88 14 108 32.0
9 0 7 0 0 0 2 80 94 24 137 29.14
3 0 10 0 0 0 2 80 81 10 126 30.4
7 0 0 0 9 0 1 93 14 104 28.97
2 0 0 0 3 0 2 83 85 8 113 34.92
1 0 0 0 0 4 1 86 33 126 28.99
7 0 0 0 0 6 1 90 13 105 30.72
8 0 7 0 0 0 1 85 14 121 35.04
9 1 0 0 0 0 2 84 86 11 112 24.59
2 1 0 0 0 0 1 89 20 107 24.08
2 1 0 0 0 0 3 86 89 91 24 152 33.29
2 0 0 0 0 5 1 92 34 143 30.89
9 0 0 6 0 0 2 92 94 14 147 34.72
6 0 0 8 0 0 2 90 91 24 102 25.26
9 0 0 0 9 0 1 90 26 132 23.53
7 0 0 0 1 0 1 93 35 123 24.73
9 0 0 0 0 7 1 94 30 179 18.9
1 0 0 7 0 0 1 95 36 109 31.59
3 0 0 3 0 0 1 95 42 117 24.41
3 0 6 0 0 0 1 95 39 160 33.74
1 0 0 0 0 0 0 45 168 27.57
1 0 0 0 0 0 3 97 98 99 0 133 21.95
8 0 0 8 8 0 3 103 104 105 1 98 35.97
4 0 0 0 9 10 2 112 123 1 154 29.47
9 0 5 7 5 5 3 100 101 109 1 129 18.64
6 0 0 0 3 0 3 102 108 115 10 158 19.87
8 0 1 10 8 4 3 106 108 116 10 95 31.3
8 0 1 5 4 0 1 114 16 103 27.57
4 0 10 8 3 0 1 111 9 114 33.37
6 0 5 10 7 0 2 110 111 9 162 30.08
10 0 4 9 9 7 2 107 124 9 121 19.61
5 0 8 5 6 0 2 113 126 18 116 25.94
1 0 9 0 1 1 1 120 19 139 26.93
2 0 0 7 4 6 1 126 18 124 28.18
5 0 9 0 4 4 1 121 10 100 18.26
9 0 6 10 10 0 1 117 15 99 29.18
10 0 9 4 2 7 1 117 15 157 33.49
6 0 4 0 5 8 1 125 5 141 22.84
10 1 0 0 0 0 2 118 122 23 114 31.87
6 0 9 3 7 4 2 119 120 24 168 19.9
8 0 4 2 1 5 1 124 16 125 19.67
10 0 1 0 10 0 2 123 125 18 149 25.44
3 1 0 0 0 0 1 123 25 109 31.84
7 0 8 0 0 10 1 119 33 146 33.8
7 0 1 4 3 9 1 121 40 164 19.88
10 0 2 10 1 0 1 122 30 164 18.93
3 0 3 8 0 4 1 124 47 189 33.35
3 0 3 7 3 0 1 125 40 121 20.28
2 1 0 0 0 0 1 126 28 165 23.12
8 0 4 9 6 2 1 127 50 134 21.58
1 0 0 0 2 8 1 127 43 147 32.4
2 0 10 8 3 0 1 127 30 118 33.8
1 0 0 0 0 0 0 58 162 35.38
1 0 0 0 0 0 3 129 130 131 0 85 33.22
8 0 10 3 4 9 3 135 144 147 1 112 25.06
3 0 2 8 9 1 3 134 140 142 1 118 34.8
5 0 10 9 7 3 3 132 139 155 1 93 33.7
4 0 5 10 9 3 3 133 142 150 6 144 26.28
7 0 8 10 5 9 1 136 10 97 20.49
10 0 8 8 10 7 2 146 155 4 120 18.13
2 0 10 7 9 7 3 138 143 157 9 88 20.71
3 0 3 6 2 2 2 137 140 17 103 27.39
1 1 0 0 0 0 2 138 141 20 143 27.85
4 0 10 8 7 2 2 145 149 21 141 21.52
8 0 6 2 8 10 2 142 153 6 139 20.04
3 1 0 0 0 0 1 148 20 154 34.49
7 0 10 6 9 9 2 148 149 21 135 27.44
6 0 2 2 6 6 2 152 154 14 154 18.49
7 0 6 6 6 10 1 146 11 105 33.28
10 0 1 5 3 2 3 146 154 155 9 120 23.58
5 0 4 5 2 4 1 152 25 135 31.56
4 1 0 0 0 0 3 150 152 153 19 140 29.55
6 0 1 8 9 5 2 149 150 9 161 36.12
1 1 0 0 0 0 1 151 28 144 29.44
8 0 1 10 8 8 1 156 28 133 35.68
10 0 10 10 10 5 2 156 158 23 177 21.68
7 1 0 0 0 0 2 153 154 29 179 32.34
10 0 9 6 7 2 1 158 30 165 25.55
3 0 3 8 9 9 2 156 158 36 130 25.15
9 0 6 1 3 8 1 157 36 180 21.52
1 1 0 0 0 0 1 157 19 159 34.7
10 0 8 8 6 5 1 159 39 187 26.03
8 0 2 8 5 5 1 159 45 192 26.91
1 0 6 6 5 8 1 159 40 154 29.71
1 0 0 0 0 0 0 53 166 27.03
1 0 0 0 0 0 3 161 162 163 0 88 18.75
5 0 8 3 5 6 3 166 169 175 1 132 20.69
4 0 8 7 3 6 3 164 165 171 1 134 27.05
1 1 0 0 0 0 3 176 178 180 1 128 31.5
9 0 8 1 7 3 3 170 173 176 5 124 33.49
4 0 10 3 2 3 3 167 168 172 5 138 25.97
6 0 4 4 1 7 1 167 6 108 32.92
3 0 8 5 10 10 3 170 177 183 12 145 19.83
9 0 7 7 4 6 3 181 182 186 9 96 31.49
1 0 4 10 1 1 3 170 176 177 6 118 31.04
1 0 3 2 8 7 3 174 179 184 15 93 24.9
10 0 3 10 1 3 3 177 181 183 5 110 30.24
3 0 3 8 10 7 3 174 182 183 9 138 23.28
9 0 6 3 6 3 3 175 180 185 14 105 34.17
10 0 4 10 1 4 2 180 188 16 105 23.86
8 1 0 0 0 0 3 178 182 184 23 135 33.77
4 1 0 0 0 0 3 179 185 187 14 124 29.84
4 0 1 7 2 2 3 178 184 185 15 148 26.67
3 0 5 4 6 9 2 179 190 31 159 22.13
5 0 2 6 4 3 1 189 34 179 23.18
9 0 3 6 5 7 1 181 26 120 28.0
8 0 7 4 5 9 1 187 35 139 24.09
5 0 2 2 5 7 2 187 190 31 114 29.72
10 1 0 0 0 0 2 188 190 15 140 28.71
1 0 1 1 6 9 2 186 189 31 173 18.9
6 1 0 0 0 0 1 186 23 129 27.79
10 0 7 7 10 7 1 188 32 155 27.28
2 0 2 8 10 8 1 189 43 115 24.69
9 0 3 2 3 4 1 191 42 174 34.75
6 0 1 5 2 3 1 191 45 148 25.45
10 0 4 4 2 4 1 191 36 118 19.55
1 0 0 0 0 0 0 51 170 22.56
1 0 0 0 0 0 3 193 194 195 0 147 27.77
5 0 10 4 6 3 1 205 1 105 32.97
5 0 2 4 4 10 2 214 222 1 150 29.25
1 0 6 4 7 4 3 196 206 210 1 101 31.27
4 0 5 4 9 8 3 197 198 202 2 144 31.26
6 0 7 1 9 10 1 200 6 122 34.31
3 0 5 10 5 9 3 199 201 203 6 129 34.35
4 0 1 3 7 2 1 209 9 98 27.12
4 0 7 5 6 9 1 213 12 142 31.19
3 0 2 4 2 2 2 215 221 9 117 25.51
8 0 7 7 10 8 2 208 218 6 104 23.23
3 0 3 8 5 6 3 204 207 211 9 119 29.07
3 0 1 7 5 4 2 218 219 12 153 31.89
4 0 2 3 5 2 1 206 6 123 34.7
9 0 10 3 3 2 2 213 221 10 141 29.71
8 0 10 10 2 10 2 208 219 12 164 21.41
3 1 0 0 0 0 1 216 20 154 33.57
9 0 2 6 1 2 1 217 13 112 18.84
6 0 9 4 2 4 2 211 220 2 116 21.42
4 0 6 4 1 4 1 212 12 99 30.38
7 0 5 4 10 4 1 218 16 131 34.26
3 1 0 0 0 0 1 217 19 156 35.29
10 0 8 4 4 4 1 216 6 120 21.26
5 0 6 2 9 4 1 220 12 103 20.04
1 1 0 0 0 0 1 220 23 120 36.02
8 0 8 9 5 3 1 222 22 145 19.63
3 0 5 9 8 5 1 222 23 120 18.12
10 0 4 5 6 6 1 221 20 170 19.86
10 0 7 10 10 7 1 223 24 135 27.45
7 0 4 10 5 4 1 223 30 133 20.74
6 0 1 1 7 2 1 223 30 163 25.9
1 0 0 0 0 0 0 37 113 26.18
1 0 0 0 0 0 3 225 226 227 0 113 20.48
7 0 0 0 0 10 1 231 1 123 35.94
8 0 9 0 0 0 3 233 235 247 1 147 34.03
8 0 0 7 0 0 3 228 229 238 1 126 28.53
7 0 0 0 9 0 3 230 234 249 9 130 19.56
6 0 0 0 0 1 3 232 241 247 9 138 33.79
7 0 0 0 0 2 1 240 16 119 28.97
8 0 0 0 7 0 2 232 244 8 113 25.01
7 0 0 2 0 0 3 243 246 251 16 158 24.62
10 0 0 0 2 0 2 237 239 9 142 30.34
5 0 0 0 0 1 3 236 237 248 16 150 20.13
3 0 0 0 6 0 3 236 248 249 9 88 29.59
3 1 0 0 0 0 1 252 21 147 25.93
1 1 0 0 0 0 1 251 21 100 25.9
1 0 0 0 7 0 2 241 242 9 119 21.65
5 0 0 0 0 9 3 240 243 249 19 108 21.28
9 0 0 1 0 0 3 241 242 250 24 148 35.38
5 1 0 0 0 0 2 244 246 33 126 20.53
1 1 0 0 0 0 2 246 254 33 168 18.93
3 0 0 0 0 5 1 253 24 127 32.33
9 0 0 0 3 0 1 245 38 143 18.76
5 0 0 0 10 0 1 252 47 170 34.61
6 0 0 0 7 0 1 252 38 133 33.75
8 0 0 0 8 0 2 248 250 15 142 21.81
10 0 0 0 6 0 1 254 23 165 25.11
3 1 0 0 0 0 2 251 253 24 131 25.81
8 0 0 0 9 0 1 253 33 142 22.77
8 1 0 0 0 0 1 254 27 130 20.93
6 0 8 0 0 0 1 255 52 193 20.2
9 0 0 10 0 0 1 255 41 152 34.22
6 0 0 0 7 0 1 255 35 137 29.38
1 0 0 0 0 0 0 58 173 33.16
1 0 0 0 0 0 3 257 258 259 0 112 25.73
8 0 0 9 7 7 2 260 262 1 108 20.87
6 0 10 2 8 5 2 263 268 1 85 20.91
3 0 0 0 10 6 3 270 278 280 1 137 29.71
7 0 2 0 9 8 2 261 266 9 145 35.28
1 0 0 5 10 9 2 265 273 16 94 20.72
4 0 0 7 4 6 3 264 267 271 9 151 33.81
6 0 3 7 0 0 1 275 7 111 34.4
3 0 10 1 7 3 2 276 282 13 120 34.6
4 1 0 0 0 0 2 274 277 17 107 30.71
4 0 0 0 8 0 2 278 284 16 100 28.29
9 0 0 0 9 6 2 269 281 13 132 34.92
10 0 0 0 3 1 2 271 281 7 134 23.38
7 1 0 0 0 0 2 272 279 22 165 26.54
9 0 2 0 9 3 1 286 4 106 23.61
7 0 3 0 6 9 1 285 17 132 35.67
1 1 0 0 0 0 1 275 29 151 18.95
10 0 3 5 7 8 1 275 17 113 26.56
3 1 0 0 0 0 1 283 21 139 34.23
7 0 0 7 10 4 1 283 30 116 20.09
2 0 0 2 4 6 1 285 16 134 31.63
9 0 7 3 0 7 1 280 21 127 27.87
2 1 0 0 0 0 1 286 20 137 35.55
10 0 6 3 10 2 1 284 29 146 32.41
7 0 8 1 2 7 1 285 30 168 33.45
7 1 0 0 0 0 2 282 283 22 158 20.68
9 0 8 0 2 8 1 286 29 154 35.75
2 0 3 1 0 5 1 284 37 130 28.16
8 0 0 8 6 4 1 287 39 172 33.98
10 0 7 0 8 9 1 287 37 180 25.54
3 0 0 1 3 6 1 287 38 113 33.0
1 0 0 0 0 0 0 47 176 21.04
1 0 0 0 0 0 3 289 290 291 0 133 33.23
3 0 10 10 5 5 3 295 301 302 1 98 28.05
2 0 10 2 3 8 3 293 294 303 1 112 21.15
1 0 5 9 2 8 3 292 297 298 1 141 32.72
7 0 3 2 10 10 3 296 306 308 2 98 34.56
2 0 4 6 10 8 1 299 3 146 31.94
1 1 0 0 0 0 1 300 3 143 28.22
9 0 10 8 8 2 1 307 4 103 20.18
8 0 8 4 4 3 1 316 9 151 25.54
8 1 0 0 0 0 1 312 2 128 27.12
8 0 2 9 2 5 1 305 2 146 18.42
4 0 8 2 6 2 2 311 316 5 103 36.12
10 0 9 1 2 6 1 307 4 158 24.93
4 0 8 4 10 9 2 310 311 4 94 21.27
10 0 4 6 4 1 2 304 318 4 99 29.02
7 0 7 8 8 2 1 309 3 137 24.45
1 1 0 0 0 0 1 310 14 98 34.96
4 0 6 4 5 2 2 306 314 10 97 31.27
9 1 0 0 0 0 1 307 14 133 34.51
1 0 6 3 5 5 1 309 23 107 18.82
4 0 1 6 3 4 2 310 314 9 102 24.92
3 0 4 3 10 8 1 313 24 108 26.11
5 0 10 9 5 6 2 312 315 15 115 24.71
4 1 0 0 0 0 1 314 9 151 22.71
3 0 6 10 9 4 2 313 316 20 98 34.62
1 0 9 3 10 2 1 317 27 154 33.81
7 1 0 0 0 0 1 315 14 108 34.31
6 0 3 9 1 9 1 317 21 106 30.65
9 0 7 6 6 10 1 319 23 153 24.48
7 0 8 9 6 5 1 319 28 170 28.77
3 0 1 2 7 7 1 319 14 96 25.35
1 0 0 0 0 0 0 35 155 25.83
1 0 0 0 0 0 3 321 322 323 0 100 29.27
3 0 0 0 0 10 3 327 332 333 1 106 20.38
7 0 0 0 5 0 3 324 325 328 1 109 26.89
5 0 0 0 0 6 3 333 336 337 1 112 29.12
2 0 0 10 0 0 3 329 330 331 8 107 34.52
3 0 0 0 8 0 3 326 339 341 8 125 28.21
3 0 0 0 0 10 2 329 336 11 161 35.24
8 0 0 0 0 1 3 328 334 335 4 151 21.58
3 0 0 0 2 0 3 343 348 349 12 104 29.02
2 0 0 0 0 6 3 332 333 344 14 163 19.6
2 0 4 0 0 0 2 335 336 10 114 24.99
1 0 0 0 0 9 3 334 335 342 10 97 31.02
4 1 0 0 0 0 3 334 346 347 16 160 28.61
5 0 0 3 0 0 3 338 342 343 16 131 30.87
7 1 0 0 0 0 2 338 345 20 170 30.73
6 0 0 0 0 3 2 337 343 12 108 21.61
8 0 0 0 5 0 3 338 340 342 14 146 33.68
1 0 0 0 10 0 3 339 340 341 18 113 32.04
2 1 0 0 0 0 1 348 27 127 19.05
6 0 0 0 2 0 3 345 347 350 19 143 29.85
6 1 0 0 0 0 1 344 22 149 35.44
9 0 0 10 0 0 1 344 19 155 27.2
5 1 0 0 0 0 2 346 347 22 140 21.24
5 1 0 0 0 0 1 346 21 132 26.66
3 0 7 0 0 0 3 345 349 350 28 165 34.93
6 0 0 5 0 0 1 348 31 124 29.66
9 0 0 0 0 10 1 350 27 160 21.16
10 0 0 0 10 0 1 349 27 110 35.6
3 0 0 0 6 0 1 351 37 150 27.68
6 0 0 0 6 0 1 351 37 159 31.1
3 0 0 5 0 0 1 351 36 153 23.13
1 0 0 0 0 0 0 43 185 18.21
1 0 0 0 0 0 3 353 354 355 0 109 28.95
7 0 4 1 10 1 3 360 369 372 1 150 26.9
4 0 5 3 5 5 3 358 359 361 1 86 34.89
1 0 3 9 5 5 3 356 357 376 1 152 22.16
3 0 1 9 10 1 3 360 362 363 2 104 33.72
6 0 3 5 3 1 2 363 365 2 130 26.74
8 0 2 2 5 10 3 365 371 375 5 98 24.11
9 0 6 5 10 6 3 372 377 379 5 146 19.83
5 0 6 3 1 9 3 368 373 375 8 121 36.19
8 0 7 9 8 8 3 366 372 374 5 151 22.2
3 0 4 9 6 5 3 364 365 375 5 128 35.25
3 0 3 2 7 2 3 364 366 367 8 90 33.27
9 0 4 9 10 1 3 368 370 377 11 133 31.59
5 0 1 3 5 1 3 367 369 378 13 126 27.18
7 0 2 7 2 6 3 369 371 378 13 93 34.08
2 0 9 8 5 7 3 370 373 374 18 139 29.86
7 1 0 0 0 0 2 371 374 20 154 26.31
10 1 0 0 0 0 2 370 373 20 133 19.26
2 1 0 0 0 0 1 381 30 134 21.46
2 1 0 0 0 0 1 380 27 156 33.5
8 1 0 0 0 0 2 376 382 14 152 35.23
7 0 2 2 8 6 2 377 379 30 113 32.66
8 0 8 4 6 6 2 379 381 27 131 26.28
6 0 6 8 2 2 2 378 382 13 92 31.89
6 0 1 1 9 10 1 380 22 105 31.61
10 0 7 7 6 2 1 382 37 143 21.62
5 1 0 0 0 0 1 381 20 144 18.72
1 0 1 1 2 4 1 380 37 136 23.79
9 0 7 1 9 4 1 383 38 183 24.35
3 0 9 4 5 10 1 383 35 110 22.57
2 0 2 7 3 9 1 383 47 124 32.94
1 0 0 0 0 0 0 49 174 22.47
1 0 0 0 0 0 3 385 386 387 0 98 21.08
3 0 5 0 9 10 3 388 399 404 1 89 18.72
8 0 0 6 0 0 3 389 392 396 1 98 28.94
7 0 1 4 7 10 3 393 399 406 1 125 33.61
6 0 7 6 6 5 3 390 394 395 4 110 28.95
5 0 10 4 0 0 3 401 402 406 9 89 18.6
3 0 0 0 1 0 3 391 392 393 10 90 19.89
2 0 0 4 0 7 3 405 407 410 13 113 34.42
5 0 0 4 4 6 3 397 400 413 13 148 25.72
2 0 0 3 10 3 3 398 402 405 13 108 25.08
6 0 1 10 10 2 3 396 402 403 10 92 19.49
2 0 10 4 3 7 3 396 398 405 10 156 32.64
1 0 0 4 3 1 3 400 409 410 16 127 18.6
7 1 0 0 0 0 2 398 403 18 110 21.23
5 1 0 0 0 0 2 401 412 25 129 19.06
10 0 10 2 1 5 2 400 403 8 99 34.49
2 0 3 2 5 0 1 401 18 160 21.0
8 0 8 4 9 3 1 408 30 122 35.41
4 0 5 0 10 10 2 407 411 16 147 29.13
6 1 0 0 0 0 3 408 410 412 25 145 29.11
1 0 1 9 0 8 2 406 407 4 90 22.35
4 0 5 10 0 2 2 409 411 15 109 30.85
1 0 3 2 0 0 2 408 411 14 114 35.24
6 1 0 0 0 0 2 409 414 20 108 25.57
3 0 0 3 3 6 1 414 38 165 31.3
10 0 2 0 8 10 1 413 26 157 29.28
6 0 10 5 9 2 1 414 31 132 24.27
2 0 7 3 10 6 2 412 413 20 168 33.14
10 0 0 6 1 0 1 415 31 146 22.45
5 0 4 2 0 5 1 415 36 162 31.79
10 0 0 8 8 3 1 415 41 147 24.09
1 0 0 0 0 0 0 51 144 20.12
1 0 0 0 0 0 3 417 418 419 0 86 26.8
1 0 3 7 8 2 3 422 424 426 1 113 20.06
7 0 10 8 8 3 3 420 421 423 1 118 25.43
6 0 4 3 10 8 3 429 431 437 1 106 21.25
5 1 0 0 0 0 3 436 437 440 8 89 18.73
8 0 1 2 5 2 2 427 439 8 145 34.74
7 0 4 3 5 7 3 425 429 430 2 104 28.88
5 0 10 8 7 6 3 429 430 442 8 110 19.57
9 0 5 6 10 1 2 427 438 2 138 27.69
9 0 2 8 3 7 3 427 431 435 9 125 19.46
3 0 8 1 8 7 2 428 432 2 149 25.67
6 0 6 6 1 4 2 442 446 18 148 30.78
10 0 2 2 7 7 3 433 434 438 5 97 23.64
7 1 0 0 0 0 3 432 435 436 13 148 20.04
9 0 8 3 2 3 3 431 432 435 13 107 29.1
6 1 0 0 0 0 2 433 434 22 140 35.73
6 0 7 4 3 9 3 433 440 441 22 168 19.78
7 0 3 1 2 3 1 445 28 134 18.29
3 1 0 0 0 0 2 436 443 28 119 28.24
7 0 4 6 10 4 2 438 439 22 143 19.43
9 0 6 3 5 7 2 439 444 31 154 32.06
8 0 2 8 3 1 2 441 442 13 109 31.71
5 0 2 2 2 3 2 440 443 29 120 35.65
1 0 7 5 10 10 1 441 40 153 27.26
9 0 6 7 2 1 2 444 446 34 180 21.12
6 0 2 2 4 10 2 445 446 41 163 33.3
2 0 9 9 9 6 2 443 445 24 105 21.61
10 0 6 5 9 5 1 444 34 144 35.14
3 0 8 6 2 8 1 447 44 139 30.2
4 0 5 5 5 4 1 447 47 174 35.37
9 0 9 3 6 4 1 447 47 177 28.06
1 0 0 0 0 0 0 56 137 29.86
1 0 0 0 0 0 3 449 450 451 0 148 34.99
2 0 5 0 3 0 3 459 472 475 1 107 22.42
5 0 10 7 5 5 3 454 455 457 1 89 18.86
9 0 4 9 8 0 3 452 464 470 1 92 21.81
7 0 3 0 6 2 3 453 456 459 10 111 29.93
6 0 0 10 1 0 3 466 467 471 17 126 24.44
7 0 1 7 2 7 3 459 461 465 6 152 31.3
9 0 9 0 8 7 3 458 463 468 6 92 34.24
2 0 5 0 0 0 3 461 465 471 17 103 20.62
5 0 3 0 8 8 3 460 461 464 6 104 21.8
2 0 6 10 9 0 3 460 462 473 15 141 31.28
10 0 7 0 1 0 3 460 463 468 17 107 32.46
8 0 0 1 5 7 2 477 478 27 176 34.35
5 0 6 0 9 4 3 463 466 469 19 99 20.09
8 0 0 3 6 6 3 469 470 475 17 152 28.32
6 0 0 9 4 9 3 473 474 478 27 124 31.42
7 1 0 0 0 0 3 467 468 474 11 136 19.37
7 0 9 7 5 5 2 466 467 19 99 35.12
5 1 0 0 0 0 3 472 473 478 26 132 18.6
9 0 0 0 1 1 1 475 26 140 35.58
10 0 0 4 0 5 1 469 27 151 27.73
8 0 8 2 7 0 1 477 37 176 19.11
10 1 0 0 0 0 1 471 25 170 21.46
7 0 4 6 9 10 1 472 35 177 19.52
1 0 4 1 10 10 2 474 477 42 154 25.62
2 0 1 2 9 8 1 476 33 115 31.96
4 0 4 8 9 7 1 476 43 186 24.76
7 0 7 8 0 4 1 476 35 164 26.04
9 0 0 1 0 10 1 479 47 139 25.07
2 0 5 7 10 10 1 479 45 176 24.78
1 0 0 1 8 1 1 479 35 143 24.13
1 0 0 0 0 0 0 56 145 21.77
1 0 0 0 0 0 3 481 482 483 0 128 24.92
3 0 0 0 0 10 3 487 492 493 1 138 33.9
7 0 0 0 5 0 3 484 485 488 1 156 29.4
5 0 0 0 0 6 3 493 496 497 1 153 34.0
2 0 0 10 0 0 3 489 490 491 8 158 31.36
3 0 0 0 8 0 3 486 499 501 8 135 35.84
3 0 0 0 0 10 2 489 496 11 129 34.4
8 0 0 0 0 1 3 488 494 495 4 87 18.21
3 0 0 0 2 0 3 503 508 509 12 135 33.41
2 0 0 0 0 6 3 492 493 504 14 122 33.27
2 0 4 0 0 0 2 495 496 10 126 27.57
1 0 0 0 0 9 3 494 495 502 10 121 34.36
4 1 0 0 0 0 3 494 506 507 16 151 21.88
5 0 0 3 0 0 3 498 502 503 16 159 22.63
7 1 0 0 0 0 2 498 505 20 131 21.55
6 0 0 0 0 3 2 497 503 12 130 25.35
8 0 0 0 5 0 3 498 500 502 14 153 20.28
1 1 0 0 0 0 3 499 500 501 18 95 35.19
2 1 0 0 0 0 1 508 27 140 29.53
6 0 0 0 2 0 3 505 507 510 19 145 23.72
6 1 0 0 0 0 1 504 22 104 23.52
9 0 0 10 0 0 1 504 19 158 18.65
5 0 0 1 0 0 2 506 507 22 114 21.72
5 1 0 0 0 0 1 506 21 99 22.0
3 0 7 0 0 0 3 505 509 510 28 155 21.63
6 0 0 5 0 0 1 508 31 141 35.18
9 0 0 0 0 10 1 510 27 112 19.56
10 0 0 0 10 0 1 509 27 160 24.17
3 0 0 0 6 0 1 511 37 146 35.4
6 0 0 0 6 0 1 511 37 140 25.02
3 0 0 5 0 0 1 511 36 155 20.9
1 0 0 0 0 0 0 43 180 27.82
125.9 121.06 120.34 125.94 129.5 126.7 157.39 208.25 209.79 171.3 139.67 116.94 113.24 106.55 118.11 135.02 173.29 225.32 271.52 216.5 179.08 151.4 131.21 122.95 134.75 126.4 127.5 114.54 110.45 108.19 135.32 186.2 193.8 141.92 117.27 98.81 79.06 84.62 98.35 104.87 190.7 189.76 176.77 165.0 142.03 141.9 119.58 103.61 94.31 93.84 96.91 95.24 102.66 141.4 155.0 180.26 166.37 128.76 109.88 92.9 90.14 91.8 92.23 107.41 147.49 161.25 159.24 160.76 141.4 109.61 103.4 91.8 114.41 118.13 130.0 113.87 113.59 130.0 148.54 140.0 129.45 114.24 104.15 94.18 97.41 93.06 100.4 97.28 114.1 139.8 156.19 150.71 147.34 121.67 118.79 90.0 73.45 70.72 73.03 72.42 81.11 120.0 125.17 165.34 150.72 131.26 104.33 87.37 79.1 77.95 91.97 87.88 165.72 148.62 154.5 152.0 163.87 82.7 82.9 97.94 71.48 71.73 71.92 71.65 72.29 80.0 113.21 123.18 115.0 70.93 58.53 57.76 54.57 56.75 68.09 73.31 82.0 115.0 99.24 95.0 105.0 100.0 75.3 71.54 77.95 67.63 72.42 69.74 72.51 72.53 92.28 102.91 112.52 100.63 85.49 88.98 72.5 72.48 85.6 106.6 127.71 145.54 152.08 135.33 136.61 117.64 130.0 103.81 78.91 105.0 73.83 73.2 73.2 77.5 104.0 181.78 196.24 124.4 182.35 110.0 105.0 82.1 73.13 77.53 83.93 120.0 120.0 119.4 100.33 87.23 94.06 95.42 74.35 89.16 81.26 82.35 86.45 90.09 123.16 146.91 170.88 154.68 141.5 127.78 125.97 127.61 136.49 150.81 158.69 189.96 216.32 174.62 149.42 137.98 127.44 109.8 123.78 121.07 117.85 117.07 117.62 115.58 144.3 175.0 177.8 159.79 143.14 130.76 120.54 120.65 126.59 130.93 141.79 156.15 162.62 155.0 136.33 107.16 117.43 109.34 97.31 103.81 101.94 100.5 100.94 105.09 126.64 155.0 156.28 140.42 129.19 103.97 103.06 115.06 117.36 133.27 155.0 168.49 171.94 161.29 148.41 136.82 123.12 114.89 114.33 110.54 109.38 107.0 112.32 111.63 132.78 148.2 161.92 146.35 128.5 116.72 109.73 109.04 111.82 125.87 131.65 147.66 151.31 149.37 135.47 128.58 125.88 118.52 128.39 120.52 117.16 112.5 110.0 114.77 120.42 136.23 139.21 138.43 126.03 113.04 102.8 98.25 101.07 111.95 122.91 137.13 148.67 142.21 133.83 127.36 123.65 119.92 123.5 105.19 98.19 90.69 90.74 89.89 88.78 97.19 101.45 89.0 68.3 49.0 27.5 9.16 20.7 57.89 74.34 122.38 140.0 142.71 128.21 114.09 119.82 114.45 119.13 111.96 110.07 105.47 108.85 121.02 139.61 163.0 147.64 107.97 85.5 62.58 21.68 50.54 72.41 86.29 104.29 144.34 170.0 173.67 147.64 119.96 118.77 117.53 130.55 114.53 108.49 109.3 95.71 100.37 133.31 167.75 141.95 115.85 97.28 24.87 36.75 29.72 70.91 79.13 101.38 142.36 169.41 156.59 125.55 104.29 107.28 100.01 78.64 76.16 91.23 86.02 71.84 81.25 108.18 155.0 107.19 73.19 17.91 10.31 5.42 0.78 5.04 68.05 87.86 129.89 135.0 139.41 114.96 98.02 104.22 90.64 78.59 79.99 85.01 85.01 91.77 87.0 135.0 152.32 108.5 80.01 59.91 5.02 0.7 0.32 13.16 72.12 118.8 145.0 153.93 136.74 117.64 101.77 94.57 84.76 87.42 88.14 90.97 91.69 100.57 117.57 146.26 149.54 123.13 83.13 65.48 31.81 12.79 8.03 37.6 92.58 130.5 159.26 216.63 180.77 150.79 135.56 121.41 113.04 125.69 115.29 119.78 118.39 120.23 122.85 129.31 121.4 98.04 72.54 18.05 2.14 0.12 -0.05 0.07 57.7 104.01 149.25 176.09 136.59 111.41 101.02 95.6 97.78 95.38 96.06 96.13 99.31 101.65 104.63 103.48 94.89 66.39 29.27 10.1 0.85 -0.91 -1.25 0.39 17.39 92.3 128.3 135.73 135.49 128.82 121.74 113.06 107.14 97.27 95.59 96.7 96.87 95.85 107.83 149.64 159.75 133.83 98.92 82.86 76.9 76.02 77.32 84.34 98.64 129.32 147.74 176.19 160.0 141.99 127.36 107.24 98.25 105.01 102.47 100.09 101.02 103.45 111.75 146.9 151.76 146.05 127.22 102.0 97.75 96.84 99.04 103.19 113.96 135.39 169.2 201.75 180.05 149.11 133.5 121.9 107.34 101.86 100.33 97.93 97.38 102.47 111.47 142.89 159.18 147.42 125.0 101.42 99.6 98.06 99.65 101.62 118.14 140.0 154.74 194.78 179.35 148.15 132.2 120.0 109.91 108.13 99.46 93.88 92.48 96.34 105.97 133.09 160.65 160.0 150.0 126.4 113.26 111.86 108.18 109.09 110.18 121.78 142.65 166.05 173.47 149.0 135.69 118.45 108.91 109.09 106.0 105.9 103.83 105.3 114.06 143.14 155.32 156.96 133.7 113.62 108.36 106.01 106.01 108.1 109.92 125.85 145.35 154.7 151.13 130.01 111.39 114.0 105.17 112.15 103.14 96.0 89.9 86.9 90.55 97.01 99.42 99.53 87.37 71.14 60.17 57.02 48.0 54.51 71.59 84.65 128.13 139.58 132.96 121.46 108.5 105.02 95.25 90.01 85.79 79.62 78.18 78.6 80.51 85.14 82.07 77.95 77.14 36.86 17.75 9.61 7.22 13.62 31.0 71.48 118.11 131.69 140.0 125.79 108.29 101.41 80.97 80.37 80.95 79.75 80.91 85.85 103.3 135.18 152.87 135.96 107.38 90.62 87.9 64.65 36.35 50.21 70.56 100.22 146.43 176.5 170.0 141.5 119.19 108.11 93.5 92.2 89.99 92.64 89.77 96.35 112.01 140.16 136.68 106.52 74.26 32.93 2.24 3.38 4.28 8.44 63.68 98.36 143.47 171.92 167.11 143.45 123.77 117.17 103.62 108.77 105.01 103.52 102.61 107.33 124.46 160.27 148.08 108.95 45.9 34.23 2.48 1.42 2.18 5.6 66.88 112.16 156.99 250.73 220.41 176.68 141.18 126.84 112.23 119.77 104.88 101.26 102.34 106.05 122.29 148.32 142.04 100.27 79.23
