512 5
1 55 63 38 63
1 0 0 0 0 0 3 1 2 3 0 115 16.47
3 0 1 0 0 0 2 4 11 1 175 17.52
8 1 0 0 0 0 2 13 25 1 123 9.52
7 0 0 0 0 3 3 9 10 27 1 97 13.91
9 0 0 0 2 0 3 5 7 19 4 139 12.36
4 0 0 0 7 0 3 6 8 24 13 157 11.62
9 1 0 0 0 0 3 14 15 20 17 122 17.99
6 1 0 0 0 0 3 12 13 22 13 190 17.94
8 0 0 0 0 5 3 12 17 20 17 174 14.04
8 0 10 0 0 0 2 16 18 8 139 13.59
10 0 0 0 1 0 2 12 19 8 170 11.51
10 0 0 0 0 7 1 22 4 167 11.31
5 0 0 0 2 0 1 21 25 196 9.63
1 1 0 0 0 0 3 15 21 24 19 183 9.31
2 0 0 4 0 0 1 28 26 131 10.46
3 0 0 0 9 0 1 30 26 159 16.33
1 0 0 0 0 1 2 26 29 16 128 17.14
3 0 0 7 0 0 1 21 25 186 16.98
8 1 0 0 0 0 3 20 23 24 16 136 10.75
3 0 7 0 0 0 2 23 26 18 178 15.21
9 0 0 9 0 0 2 25 29 26 198 10.65
2 0 0 0 0 9 1 23 30 193 13.44
2 1 0 0 0 0 2 25 27 19 114 13.75
6 0 0 0 0 8 1 30 32 131 9.39
3 0 0 0 3 0 2 26 29 24 114 14.18
1 0 6 0 0 0 1 30 35 134 12.91
10 0 2 0 0 0 1 28 27 169 12.61
9 0 7 0 0 0 1 28 21 195 12.68
1 0 0 0 0 1 1 31 37 164 11.0
2 0 0 8 0 0 1 31 35 122 17.42
1 0 0 0 0 8 1 31 38 199 17.76
1 0 0 0 0 0 0 39 167 17.71
1 0 0 0 0 0 3 33 34 35 0 124 11.97
3 0 7 0 0 0 3 37 45 54 1 124 12.36
10 0 0 8 0 0 1 60 1 103 10.53
10 0 0 5 0 0 1 36 1 107 17.39
7 0 0 0 10 0 1 39 11 127 12.1
6 0 0 0 0 5 3 38 46 50 4 99 17.36
9 0 0 0 0 4 3 44 51 55 10 165 16.24
7 0 0 0 4 0 3 40 41 53 18 175 11.0
9 0 0 0 0 10 1 57 25 202 9.36
4 1 0 0 0 0 3 42 43 57 25 116 14.95
4 1 0 0 0 0 1 48 29 187 14.96
9 0 0 0 3 0 2 51 60 29 133 11.08
7 0 0 9 0 0 3 47 49 52 19 152 12.34
9 0 0 0 0 9 1 58 4 130 18.19
5 1 0 0 0 0 2 47 56 10 178 9.5
7 0 0 0 0 9 1 59 26 156 14.1
1 1 0 0 0 0 1 60 33 186 12.66
7 1 0 0 0 0 1 62 26 137 9.35
2 0 0 0 0 10 1 57 10 178 12.71
9 0 0 7 0 0 1 61 38 165 13.29
2 1 0 0 0 0 1 56 26 127 17.3
7 1 0 0 0 0 1 54 25 185 12.2
3 1 0 0 0 0 2 56 62 32 188 12.33
10 0 0 0 10 0 1 62 19 125 11.02
1 1 0 0 0 0 1 59 35 150 16.57
4 0 5 0 0 0 1 61 34 199 12.37
4 0 0 0 7 0 1 59 13 166 13.08
1 0 0 0 1 0 1 61 36 160 15.9
10 0 0 6 0 0 1 63 38 152 10.92
9 0 0 0 0 6 1 63 47 147 17.34
8 0 0 0 0 10 1 63 35 145 17.14
1 0 0 0 0 0 0 56 207 12.18
1 0 0 0 0 0 3 65 66 67 0 119 9.27
5 0 4 10 5 9 3 70 79 86 1 134 13.38
4 0 1 8 2 1 2 69 72 1 102 13.8
2 0 4 4 9 8 3 68 73 74 1 170 14.39
7 0 6 8 1 10 2 77 88 3 102 14.44
6 0 7 4 7 5 2 86 91 5 154 14.24
8 0 8 7 4 5 2 71 75 6 113 9.32
7 0 9 9 2 2 3 76 77 78 14 133 17.87
7 0 1 2 8 9 1 79 5 140 17.41
5 0 4 6 6 9 1 80 3 129 11.88
2 0 1 9 1 1 1 81 3 161 10.2
6 0 3 9 2 6 1 93 14 105 16.86
1 1 0 0 0 0 2 80 87 21 154 17.48
6 1 0 0 0 0 2 83 85 21 162 15.54
1 0 9 5 10 9 2 92 93 21 161 15.55
8 0 6 6 3 6 1 82 12 111 10.96
3 1 0 0 0 0 2 84 90 22 115 15.33
10 0 6 6 9 8 2 82 85 5 130 10.76
4 0 7 4 9 3 1 89 20 192 18.35
7 0 4 10 6 8 1 94 27 178 17.44
9 0 6 8 2 10 1 85 25 183 15.27
5 0 7 1 3 2 1 91 34 134 18.35
8 0 4 8 5 8 1 90 11 186 9.38
9 1 0 0 0 0 1 89 22 121 14.9
10 0 9 1 6 7 1 90 10 183 16.93
5 0 8 10 3 8 1 91 31 192 17.76
3 0 7 5 1 2 1 93 25 182 12.59
4 0 6 2 2 10 1 94 39 204 10.33
5 0 6 7 8 4 1 95 22 131 15.62
2 0 7 5 10 9 1 95 28 194 17.26
5 0 10 5 1 8 1 95 43 144 18.03
1 0 0 0 0 0 0 48 182 13.43
1 0 0 0 0 0 3 97 98 99 0 149 12.34
10 0 6 0 10 0 3 100 105 113 1 135 17.8
8 0 10 0 0 1 2 103 125 1 164 13.32
5 0 6 0 0 2 3 101 102 105 1 157 17.59
10 0 0 0 6 4 3 104 107 118 11 132 18.02
4 0 0 4 7 7 2 114 118 6 112 10.58
2 0 5 0 8 0 2 106 112 6 151 17.98
3 0 0 0 2 0 3 108 112 115 9 179 16.51
6 1 0 0 0 0 3 106 109 114 21 143 9.65
2 0 8 0 0 6 3 108 110 112 11 153 17.5
6 0 0 6 2 0 3 115 120 122 27 199 14.74
7 1 0 0 0 0 2 111 121 21 128 15.01
3 0 6 6 9 0 1 124 13 146 9.96
6 0 0 6 0 0 3 115 116 123 27 201 17.46
9 0 0 7 0 4 1 117 13 107 10.0
4 0 0 0 10 1 1 117 28 165 16.41
7 0 5 0 2 0 2 117 119 13 189 15.74
3 0 4 0 0 2 3 116 120 122 11 169 17.26
1 1 0 0 0 0 1 126 27 151 16.84
5 0 10 1 2 9 2 119 124 33 196 16.63
5 0 5 0 1 0 1 119 33 154 9.93
9 0 6 0 0 1 1 126 32 150 11.18
5 1 0 0 0 0 1 123 21 166 15.74
3 0 1 0 0 5 1 126 38 125 16.21
4 0 0 0 5 2 1 123 33 186 14.88
9 0 0 8 0 5 1 122 28 136 17.99
3 0 0 10 0 2 1 125 37 131 11.07
1 0 8 0 8 0 2 124 125 37 149 14.35
4 0 5 0 0 5 1 127 38 152 11.72
5 0 0 7 6 2 1 127 40 180 16.83
6 0 0 0 9 0 1 127 41 133 17.46
1 0 0 0 0 0 0 47 134 16.25
1 0 0 0 0 0 3 129 130 131 0 97 16.5
3 0 10 9 8 5 3 133 139 143 1 163 13.15
1 0 7 0 5 2 3 132 133 135 1 142 17.31
10 0 5 0 0 4 3 138 141 152 1 115 14.24
9 0 0 10 2 0 3 134 137 145 2 158 17.32
5 0 7 7 4 0 1 150 4 151 11.08
10 0 4 8 5 2 3 138 139 144 11 116 15.27
4 0 7 5 10 8 3 136 148 158 2 126 18.43
7 0 7 0 0 0 3 142 145 156 6 125 16.2
6 0 6 9 5 8 2 153 154 11 127 13.47
3 0 0 7 1 0 3 140 155 158 21 189 10.39
6 0 8 7 0 9 2 141 148 21 118 11.77
9 1 0 0 0 0 1 157 24 136 14.49
10 0 7 1 2 9 1 142 27 188 11.82
1 1 0 0 0 0 1 151 37 153 11.34
7 0 6 5 4 5 1 149 4 167 17.83
9 1 0 0 0 0 3 146 148 155 21 183 9.75
8 0 0 0 8 10 3 146 147 149 13 149 16.89
10 0 2 9 10 9 2 150 153 30 154 17.54
7 1 0 0 0 0 1 151 21 156 15.69
4 0 9 9 0 7 2 150 156 30 150 9.66
2 1 0 0 0 0 1 151 21 176 14.45
10 0 0 0 8 7 1 157 40 155 16.59
7 0 4 5 4 3 1 153 38 154 18.01
3 0 0 0 7 2 1 154 11 103 16.18
8 0 8 10 4 9 1 157 45 189 11.59
5 1 0 0 0 0 2 155 158 17 124 12.99
8 0 5 10 0 10 1 156 30 187 10.38
7 0 0 3 4 7 1 159 38 161 18.33
10 0 1 7 5 1 1 159 53 223 13.86
7 0 8 0 10 9 1 159 24 119 17.33
1 0 0 0 0 0 0 63 191 14.56
1 0 0 0 0 0 3 161 162 163 0 142 11.91
4 0 0 10 0 0 3 164 165 167 1 142 15.09
8 0 0 0 0 5 3 169 174 181 1 102 13.29
10 0 0 4 0 0 2 166 182 1 110 11.4
8 0 0 0 3 0 1 170 5 148 13.89
4 0 0 0 2 0 3 168 170 171 5 177 17.82
9 0 9 0 0 0 1 185 11 110 16.08
2 0 0 0 9 0 3 175 177 183 5 162 17.06
2 0 2 0 0 0 1 187 9 110 12.92
2 0 0 0 8 0 1 178 9 145 15.42
3 0 0 2 0 0 1 185 13 168 16.21
4 0 0 7 0 0 2 172 173 9 143 17.8
8 0 6 0 0 0 2 176 189 13 111 12.72
1 0 9 0 0 0 1 178 13 181 17.04
4 0 10 0 0 0 1 187 9 156 10.22
1 0 10 0 0 0 2 180 188 7 128 17.92
9 0 0 0 2 0 1 181 21 172 13.04
10 0 0 3 0 0 2 179 186 7 139 13.75
6 1 0 0 0 0 1 184 14 181 15.62
5 0 3 0 0 0 1 187 17 115 13.57
3 0 0 0 0 6 1 185 8 115 10.14
6 0 2 0 0 0 1 190 30 203 9.77
10 0 0 0 10 0 1 190 11 110 14.73
1 0 5 0 0 0 2 184 190 7 101 10.04
2 1 0 0 0 0 2 186 188 20 167 11.16
3 1 0 0 0 0 1 186 20 180 15.16
6 0 9 0 0 0 1 189 23 124 12.89
3 0 0 10 0 0 1 188 22 137 16.78
4 0 0 0 0 7 1 191 25 142 12.75
8 0 0 0 10 0 1 191 29 175 12.48
3 0 0 0 1 0 1 191 36 160 18.4
1 0 0 0 0 0 0 39 137 17.54
1 0 0 0 0 0 3 193 194 195 0 165 14.01
7 0 5 1 0 0 3 197 208 209 1 135 11.24
2 0 0 5 10 10 3 196 202 212 1 134 9.67
9 0 6 4 5 7 3 197 198 214 1 142 16.29
1 0 3 0 4 2 3 199 209 210 3 160 16.39
10 0 6 3 2 1 2 207 211 10 120 11.29
7 0 4 9 6 0 2 200 204 10 113 16.14
10 0 4 5 8 5 3 200 203 207 4 141 10.04
6 0 6 0 5 0 1 201 17 137 12.74
8 0 0 9 2 6 2 205 215 23 194 10.83
6 0 0 3 3 2 3 209 211 214 3 175 16.3
3 0 7 2 0 0 2 217 222 14 157 9.42
4 0 0 1 7 9 2 212 213 17 189 11.72
2 1 0 0 0 0 1 206 31 187 13.68
10 0 0 10 3 0 1 216 33 180 10.95
7 0 5 9 4 9 2 215 221 20 127 9.52
4 0 2 8 0 2 2 218 219 8 108 12.74
4 0 9 0 9 3 2 213 220 9 163 12.53
7 0 2 0 7 0 3 211 214 216 4 175 12.63
3 1 0 0 0 0 1 218 20 173 15.09
2 0 9 4 0 0 1 217 21 128 11.46
1 1 0 0 0 0 3 216 217 222 21 132 12.03
9 1 0 0 0 0 2 215 220 11 148 14.26
10 0 4 6 9 6 1 222 31 132 12.8
7 0 5 0 2 0 1 221 43 151 10.14
4 1 0 0 0 0 1 218 23 180 9.8
3 1 0 0 0 0 1 221 27 118 15.36
10 0 1 9 3 0 1 220 12 119 9.41
8 0 9 9 3 7 1 223 22 194 17.42
9 0 4 8 9 0 1 223 50 185 16.66
10 0 1 6 4 9 1 223 41 152 11.2
1 0 0 0 0 0 0 59 209 15.8
1 0 0 0 0 0 3 225 226 227 0 91 9.52
3 0 0 0 3 0 3 228 229 248 1 105 11.41
2 0 0 9 9 4 3 233 236 241 1 102 10.35
9 0 3 1 0 0 3 230 231 232 1 170 17.1
6 0 0 5 1 9 3 232 233 237 4 178 18.44
1 0 0 0 0 9 3 233 239 245 4 133 13.06
10 0 5 0 1 4 3 234 235 243 10 175 11.31
9 1 0 0 0 0 3 237 238 248 10 174 14.94
9 0 0 9 2 0 3 241 242 249 10 171 10.3
10 0 10 6 0 8 3 235 244 250 10 154 13.1
4 0 0 0 4 0 3 236 238 241 20 144 13.46
8 1 0 0 0 0 2 238 252 20 167 14.24
10 0 0 8 7 0 3 237 240 242 24 132 10.37
3 1 0 0 0 0 2 246 251 34 174 16.65
9 0 0 9 1 8 1 253 28 181 13.08
10 0 0 0 6 5 2 243 247 5 134 10.39
4 0 0 8 2 6 3 246 248 252 34 180 16.9
1 1 0 0 0 0 2 245 246 24 149 11.81
2 1 0 0 0 0 2 244 245 34 148 14.7
9 0 0 4 4 0 3 244 249 250 20 157 10.91
1 1 0 0 0 0 1 251 36 148 17.82
4 0 7 0 0 0 3 247 250 253 36 192 11.76
10 0 0 0 6 0 2 247 253 38 205 12.74
5 0 0 0 0 9 1 254 48 155 13.42
9 0 6 7 0 0 1 249 38 199 16.22
1 0 8 0 9 4 1 254 47 146 12.92
2 0 0 0 0 9 1 251 40 130 13.26
1 0 0 0 10 0 2 252 254 42 151 14.33
7 0 1 0 6 0 1 255 43 147 12.32
1 0 0 10 2 8 1 255 48 214 10.17
5 0 6 0 2 9 1 255 53 170 11.1
1 0 0 0 0 0 0 58 180 10.58
1 0 0 0 0 0 3 257 258 259 0 109 15.6
5 0 0 7 1 0 3 265 267 286 1 130 15.44
8 0 0 7 0 5 2 263 276 1 130 16.19
10 0 5 0 0 3 2 260 281 1 130 11.35
10 0 4 7 0 0 3 261 264 270 11 127 13.63
9 0 2 0 0 10 2 262 283 21 114 17.67
7 0 5 8 0 0 3 272 273 282 30 183 16.79
1 0 5 7 10 0 1 265 9 114 18.15
5 0 2 6 0 0 3 266 277 279 21 178 12.82
10 0 9 8 0 0 2 271 274 10 169 16.99
10 0 9 0 0 8 2 272 276 26 149 11.76
8 0 3 3 4 8 2 268 269 6 110 12.12
4 0 0 0 0 8 2 271 274 14 130 17.24
9 0 9 8 3 0 1 276 14 120 10.69
8 0 7 5 0 0 3 271 275 278 21 116 12.27
8 1 0 0 0 0 2 272 279 29 168 13.6
1 1 0 0 0 0 1 280 37 168 15.9
9 1 0 0 0 0 2 274 280 37 187 13.77
10 0 0 0 4 7 2 277 285 46 206 11.74
8 1 0 0 0 0 2 277 286 29 203 9.65
5 1 0 0 0 0 3 278 280 282 36 201 17.76
6 0 9 4 0 0 1 284 56 168 12.1
5 0 3 6 0 0 1 283 41 158 12.22
9 1 0 0 0 0 2 282 283 37 164 17.49
6 0 3 10 0 0 1 284 46 145 15.85
1 0 0 0 10 0 1 286 11 142 17.71
10 0 0 9 0 0 1 285 46 173 11.03
8 0 5 0 0 0 2 284 285 46 184 17.61
8 0 0 0 0 1 1 287 62 184 12.36
2 0 7 0 0 4 1 287 56 149 10.58
10 1 0 0 0 0 1 287 37 204 12.07
1 0 0 0 0 0 0 70 189 13.55
1 0 0 0 0 0 3 289 290 291 0 147 13.71
2 0 7 3 5 0 3 293 295 298 1 104 14.22
8 0 0 6 0 3 3 292 294 301 1 125 17.22
7 0 1 4 8 5 3 298 303 304 1 141 12.27
8 1 0 0 0 0 2 299 310 9 170 13.65
3 0 6 2 0 7 2 311 313 3 124 13.18
5 0 3 5 0 4 2 307 309 9 145 16.38
9 0 0 0 10 3 3 296 297 304 3 140 16.85
7 1 0 0 0 0 2 300 311 12 128 16.36
8 0 10 10 8 0 3 302 303 311 12 108 12.27
8 0 6 4 0 1 1 302 8 109 14.57
4 1 0 0 0 0 3 307 309 318 17 107 17.6
10 0 8 6 6 0 1 310 19 168 14.28
5 0 4 0 10 7 1 312 9 149 11.38
7 0 4 0 2 0 2 308 309 20 179 12.09
10 1 0 0 0 0 3 305 310 316 20 141 11.57
3 1 0 0 0 0 1 313 12 107 12.17
1 1 0 0 0 0 2 306 308 30 129 18.43
1 0 0 8 8 10 1 317 31 158 18.38
7 0 4 4 7 4 2 312 316 21 139 13.55
8 0 9 0 6 9 1 314 31 143 14.92
4 0 10 3 7 0 1 315 27 162 12.32
1 0 0 0 7 9 2 312 318 30 170 14.39
1 0 9 0 0 3 2 314 315 20 179 15.32
2 0 7 0 8 7 1 317 31 190 16.84
2 0 0 2 5 7 2 314 315 15 113 16.37
4 0 7 6 7 8 2 317 318 39 137 14.49
8 0 4 0 9 2 1 316 31 196 13.69
1 0 2 9 4 10 1 319 39 169 9.48
2 0 3 0 1 4 1 319 43 182 12.11
3 0 0 2 0 1 1 319 43 193 17.66
1 0 0 0 0 0 0 46 129 12.73
1 0 0 0 0 0 3 321 322 323 0 171 11.14
2 0 3 9 1 9 3 324 327 333 1 157 11.64
4 0 8 8 3 10 3 327 341 350 1 137 13.83
4 0 3 4 3 1 3 325 329 330 1 118 12.99
1 0 1 7 6 4 3 325 326 331 3 175 14.81
10 1 0 0 0 0 2 338 346 5 174 14.77
10 0 7 5 7 10 3 334 335 342 4 138 15.02
7 0 6 3 1 3 2 328 344 5 110 9.92
2 0 1 8 7 6 3 335 336 343 12 142 17.2
7 0 2 9 3 4 2 331 332 5 138 16.29
2 0 8 5 3 3 3 336 339 346 5 122 14.53
3 0 1 6 8 2 3 337 338 340 12 175 12.75
4 0 1 9 10 7 3 334 337 339 12 166 18.19
3 0 5 8 2 5 3 334 335 342 3 129 12.7
3 0 3 10 4 9 3 336 338 340 16 146 11.88
5 0 8 9 10 7 1 349 14 170 10.06
6 1 0 0 0 0 1 348 19 132 11.21
1 0 8 2 6 8 3 342 345 350 16 144 12.82
9 0 8 1 7 9 3 341 344 350 19 174 14.49
7 1 0 0 0 0 2 340 341 16 141 17.95
4 0 5 3 4 10 3 343 344 348 23 173 17.6
5 1 0 0 0 0 2 343 345 28 133 16.23
5 1 0 0 0 0 2 346 347 17 116 10.97
8 0 4 4 4 2 1 347 33 188 14.57
4 0 4 10 7 8 2 345 347 28 158 17.96
3 0 4 10 3 1 1 349 33 193 9.69
8 0 10 10 7 1 1 348 22 187 12.3
7 0 7 3 6 6 1 349 41 130 14.41
9 0 5 1 10 7 1 351 30 138 15.85
6 0 3 2 4 5 1 351 48 171 16.35
2 0 7 3 2 8 1 351 28 155 11.08
1 0 0 0 0 0 0 54 151 12.84
1 0 0 0 0 0 3 353 354 355 0 166 9.83
10 0 9 0 0 0 3 357 359 363 1 129 10.75
6 0 1 0 0 0 3 356 358 368 1 175 16.83
10 0 2 0 0 0 1 377 1 168 11.49
9 0 0 8 0 0 2 362 371 7 159 13.8
7 0 0 0 0 2 3 366 375 377 11 173 9.31
3 0 0 0 0 4 2 360 369 7 180 10.93
10 0 9 0 0 0 2 365 372 11 129 9.56
8 0 0 0 0 10 2 361 377 10 136 18.17
10 0 0 0 3 0 3 363 364 367 18 133 15.19
7 0 0 0 6 0 3 365 370 376 16 183 10.84
6 0 0 0 0 3 2 376 382 28 178 14.93
10 0 7 0 0 0 2 366 375 28 147 15.62
3 0 0 0 7 0 2 369 378 23 186 11.54
7 1 0 0 0 0 3 370 371 372 38 132 10.92
10 0 0 5 0 0 2 374 379 28 171 17.45
4 0 0 0 4 0 1 369 7 139 14.18
3 0 0 0 0 1 1 382 26 154 18.13
3 1 0 0 0 0 2 374 379 45 136 14.75
10 0 0 0 0 6 2 374 380 45 215 10.66
10 1 0 0 0 0 2 373 381 45 161 14.07
6 0 2 0 0 0 2 378 382 55 168 17.87
9 0 2 0 0 0 1 381 55 209 17.1
4 0 0 0 10 0 1 376 38 184 15.78
5 1 0 0 0 0 1 378 42 175 16.2
7 0 0 0 3 0 2 380 381 18 165 12.8
7 0 6 0 0 0 1 379 61 168 17.75
9 0 5 0 0 0 1 380 68 166 17.86
7 0 1 0 0 0 1 383 77 236 10.67
4 0 0 0 0 1 1 383 64 202 9.24
6 0 0 6 0 0 1 383 61 210 16.39
1 0 0 0 0 0 0 84 181 10.01
1 0 0 0 0 0 3 385 386 387 0 162 12.89
3 0 2 2 0 0 3 388 389 390 1 157 15.15
8 0 0 2 7 1 3 396 402 404 1 131 10.8
6 0 4 0 0 10 2 391 395 1 106 15.92
3 0 0 0 6 7 3 394 398 403 4 95 13.76
5 0 6 8 0 8 3 392 393 405 4 134 15.42
8 0 1 6 3 7 1 401 4 168 18.32
9 0 10 3 6 10 1 413 7 178 13.22
1 0 0 9 2 4 3 407 411 412 9 146 12.26
5 0 7 6 0 5 1 408 9 175 10.03
9 0 4 3 7 0 2 399 400 7 178 14.63
10 0 8 9 6 6 1 397 7 167 11.02
3 0 8 10 3 6 1 403 9 139 11.72
2 1 0 0 0 0 2 407 408 17 168 12.01
10 0 8 7 0 5 2 406 409 7 147 11.84
8 1 0 0 0 0 1 412 16 147 18.29
3 0 7 0 8 5 1 414 16 150 14.61
9 0 1 7 7 6 1 411 12 111 11.81
6 0 4 0 2 9 1 409 9 103 10.46
5 0 5 4 9 0 2 407 414 12 175 16.85
5 0 5 9 0 3 1 412 9 178 17.71
2 0 0 1 9 8 1 410 9 173 9.86
5 1 0 0 0 0 1 408 17 190 17.44
7 0 1 0 4 6 1 413 19 165 17.36
1 0 5 8 8 0 1 410 22 183 16.92
10 0 1 2 0 2 1 410 17 124 11.42
1 0 2 10 0 0 1 413 27 145 16.12
2 1 0 0 0 0 1 414 21 172 10.57
8 0 0 9 2 4 1 415 24 163 18.15
8 0 0 1 0 9 1 415 28 182 14.19
8 0 0 6 9 0 1 415 23 159 10.07
1 0 0 0 0 0 0 36 179 17.37
1 0 0 0 0 0 3 417 418 419 0 138 9.95
6 0 0 0 6 0 3 420 425 435 1 125 11.69
10 0 0 0 1 0 3 421 426 437 1 129 11.67
8 0 0 0 0 5 3 425 426 434 1 101 14.49
7 0 7 0 0 0 3 422 423 428 7 117 16.06
2 0 0 0 8 0 3 431 436 442 11 119 12.31
1 0 0 0 0 1 3 424 427 432 14 133 16.64
5 0 0 0 0 7 3 424 429 433 14 158 10.15
9 0 1 0 0 0 3 426 434 442 19 136 10.71
7 0 0 4 0 0 3 427 431 433 9 111 11.48
6 1 0 0 0 0 3 436 438 444 28 178 12.42
9 0 0 0 2 0 3 438 440 446 16 156 10.49
10 0 0 8 0 0 3 430 433 436 14 163 14.96
3 0 5 0 0 0 3 430 432 440 19 112 13.16
4 1 0 0 0 0 3 431 437 442 24 160 16.71
7 0 5 0 0 0 2 439 443 28 153 12.87
9 1 0 0 0 0 2 434 438 22 197 13.99
4 1 0 0 0 0 1 441 24 190 16.95
6 1 0 0 0 0 3 437 439 441 31 153 12.78
2 0 7 0 0 0 3 440 441 445 7 161 18.29
2 1 0 0 0 0 1 445 34 132 14.77
1 0 0 0 0 1 1 446 37 163 12.03
1 1 0 0 0 0 1 439 34 136 16.08
7 0 10 0 0 0 1 445 37 169 13.03
4 1 0 0 0 0 1 444 25 139 11.47
10 0 10 0 0 0 1 443 37 132 15.48
7 0 0 0 0 1 1 443 28 143 15.14
6 0 0 0 0 6 2 444 446 47 211 15.75
7 0 10 0 0 0 1 447 53 164 17.55
8 0 0 2 0 0 1 447 44 156 12.48
3 0 6 0 0 0 1 447 53 178 17.69
1 0 0 0 0 0 0 60 205 9.44
1 0 0 0 0 0 3 449 450 451 0 170 15.1
7 0 6 3 5 0 2 462 463 1 123 17.02
9 0 2 7 7 0 3 452 460 475 1 148 14.72
7 0 3 0 8 6 3 453 454 457 1 113 14.85
1 0 3 5 6 9 2 455 467 10 109 14.95
1 0 2 1 4 6 1 463 8 169 13.99
5 0 7 5 0 7 3 456 462 473 8 168 17.45
10 0 0 5 8 0 3 459 461 470 11 178 10.33
3 0 10 5 7 9 3 460 465 475 13 166 14.43
10 0 1 5 5 4 3 458 465 475 8 171 18.03
1 0 10 5 0 1 3 464 467 469 18 175 15.29
4 1 0 0 0 0 1 469 21 165 10.3
5 1 0 0 0 0 3 461 468 477 16 139 9.69
7 1 0 0 0 0 1 471 21 160 13.62
6 0 2 9 2 6 2 464 472 13 123 15.15
6 0 6 9 4 0 2 465 467 9 114 9.77
9 0 0 2 0 8 2 476 478 19 142 17.53
9 1 0 0 0 0 2 466 468 18 133 15.87
10 0 8 0 2 3 2 474 477 27 128 11.03
5 1 0 0 0 0 1 476 19 111 14.25
6 0 8 4 1 8 2 472 476 27 183 10.18
10 0 5 0 0 7 2 473 474 25 149 10.15
3 0 2 9 5 10 1 473 21 151 12.22
4 0 3 0 8 6 1 472 28 159 15.84
7 0 5 3 7 0 1 474 33 201 17.34
8 0 0 0 8 3 1 478 35 206 11.27
6 0 0 4 6 1 1 478 40 166 10.33
8 1 0 0 0 0 1 477 18 170 15.89
8 0 1 5 6 2 1 479 33 205 15.58
3 0 10 10 6 0 1 479 37 148 15.34
1 0 5 7 0 8 1 479 46 205 16.33
1 0 0 0 0 0 0 47 145 15.3
1 0 0 0 0 0 3 481 482 483 0 175 14.64
4 0 10 0 6 7 3 484 485 488 1 162 17.53
2 0 7 0 10 0 3 499 500 502 1 156 17.96
3 0 3 1 0 0 3 486 489 491 1 161 12.55
1 0 3 6 1 8 3 487 491 500 5 178 17.55
3 0 9 5 6 5 3 486 490 497 5 121 14.38
2 0 1 0 9 10 3 493 496 509 8 110 16.01
4 0 4 3 3 0 3 492 494 501 6 170 9.53
4 0 5 5 0 1 3 489 494 499 5 155 12.11
9 0 8 5 7 0 3 490 493 495 9 132 15.43
6 0 10 1 10 4 3 498 505 510 18 123 18.27
7 0 5 0 0 0 2 496 501 6 145 18.13
2 0 0 7 3 0 2 493 502 10 163 17.25
10 0 6 9 5 5 3 498 504 510 18 188 14.5
3 0 8 0 0 0 2 495 496 10 179 14.66
9 0 3 10 5 1 3 498 503 509 18 143 14.35
7 0 8 10 10 0 1 507 13 148 10.73
2 0 0 0 4 0 3 500 501 502 8 107 11.93
5 0 9 1 0 6 1 507 28 144 11.93
5 0 6 7 0 3 2 503 509 9 185 9.72
6 0 2 0 3 0 3 504 505 506 10 124 17.78
7 1 0 0 0 0 1 506 13 117 16.83
9 0 0 7 8 10 1 503 12 185 14.9
9 0 5 9 5 3 3 504 505 506 27 147 14.83
4 0 8 0 2 1 1 508 36 177 18.19
3 0 8 5 3 6 1 507 36 175 10.69
7 0 6 10 7 4 2 508 510 36 127 18.15
3 0 6 0 6 9 1 508 39 175 12.09
4 0 2 4 1 0 1 511 43 152 13.59
6 0 7 1 9 8 1 511 27 181 11.65
10 0 7 5 1 9 1 511 43 209 15.96
1 0 0 0 0 0 0 53 213 15.44
78.95 88.44 92.2 89.62 103.19 136.01 175.01 177.06 177.07 187.58 177.06 177.06 177.07 175.08 177.63 204.09 199.85 249.99 254.37 237.28 220.0 215.94 209.16 180.0 188.94 192.68 180.09 188.09 193.99 205.07 229.1 273.71 294.4 290.64 275.4 265.1 250.0 244.27 243.02 249.22 260.0 278.0 276.39 255.03 237.28 224.19 190.78 175.49 169.01 163.48 162.93 160.01 163.16 169.01 210.0 227.42 261.65 252.67 221.75 193.62 170.14 180.03 181.38 235.31 250.0 260.0 234.37 227.93 174.07 120.9 118.08 97.16 99.86 104.61 99.86 84.8 84.51 149.02 174.53 230.1 219.95 130.27 174.0 165.02 165.03 165.07 174.02 219.91 229.1 234.96 211.74 180.0 152.33 137.91 131.76 121.39 119.19 117.87 110.92 113.14 119.15 120.73 148.76 207.59 223.15 215.79 206.51 206.43 190.0 170.08 169.29 190.0 181.24 195.19 165.05 145.81 139.73 132.25 133.59 120.01 123.58 120.3 119.99 121.8 123.57 123.68 120.0 148.35 186.0 207.46 211.25 209.66 200.83 188.54 185.88 196.5 197.25 222.31 230.82 214.32 207.14 190.33 193.52 175.07 171.69 183.01 185.22 179.73 179.04 179.49 168.23 172.45 184.93 195.31 195.34 195.87 195.41 186.29 184.49 190.0 194.0 214.95 239.49 242.97 224.96 204.84 201.0 179.97 78.95 88.44 92.2 89.62 103.19 136.01 175.01 177.06 177.07 187.58 177.06 177.06 177.07 175.08 177.63 204.09 199.85 249.99 254.37 237.28 220.0 215.94 209.16 180.0 188.94 192.68 180.09 188.09 193.99 205.07 229.1 273.71 294.4 290.64 275.4 265.1 250.0 244.27 243.02 249.22 260.0 278.0 276.39 255.03 237.28 224.19 190.78 175.49 169.01 163.48 162.93 160.01 163.16 169.01 210.0 227.42 261.65 252.67 221.75 193.62 170.14 180.03 181.38 235.31 250.0 260.0 234.37 227.93 174.07 120.9 118.08 97.16 99.86 104.61 99.86 84.8 84.51 149.02 174.53 230.1 219.95 130.27 174.0 165.02 165.03 165.07 174.02 219.91 229.1 234.96 211.74 180.0 152.33 137.91 131.76 121.39 119.19 117.87 110.92 113.14 119.15 120.73 148.76 207.59 223.15 215.79 206.51 206.43 190.0 170.08 169.29 190.0 181.24 195.19 165.05 145.81 139.73 132.25 133.59 120.01 123.58 120.3 119.99 121.8 123.57 123.68 120.0 148.35 186.0 207.46 211.25 209.66 200.83 188.54 185.88 196.5 197.25 222.31 230.82 214.32 207.14 190.33 193.52 175.07 171.69 183.01 185.22 179.73 179.04 179.49 168.23 172.45 184.93 195.31 195.34 195.87 195.41 186.29 184.49 190.0 194.0 214.95 239.49 242.97 224.96 204.84 201.0 179.97 78.95 88.44 92.2 89.62 103.19 136.01 175.01 177.06 177.07 187.58 177.06 177.06 177.07 175.08 177.63 204.09 199.85 249.99 254.37 237.28 220.0 215.94 209.16 180.0 188.94 192.68 180.09 188.09 193.99 205.07 229.1 273.71 294.4 290.64 275.4 265.1 250.0 244.27 243.02 249.22 260.0 278.0 276.39 255.03 237.28 224.19 190.78 175.49 169.01 163.48 162.93 160.01 163.16 169.01 210.0 227.42 261.65 252.67 221.75 193.62 170.14 180.03 181.38 235.31 250.0 260.0 234.37 227.93 174.07 120.9 118.08 97.16 99.86 104.61 99.86 84.8 84.51 149.02 174.53 230.1 219.95 130.27 174.0 165.02 165.03 165.07 174.02 219.91 229.1 234.96 211.74 180.0 152.33 137.91 131.76 121.39 119.19 117.87 110.92 113.14 119.15 120.73 148.76 207.59 223.15 215.79 206.51 206.43 190.0 170.08 169.29 190.0 181.24 195.19 165.05 145.81 139.73 132.25 133.59 120.01 123.58 120.3 119.99 121.8 123.57 123.68 120.0 148.35 186.0 207.46 211.25 209.66 200.83 188.54 185.88 196.5 197.25 222.31 230.82 214.32 207.14 190.33 193.52 175.07 171.69 183.01 185.22 179.73 179.04 179.49 168.23 172.45 184.93 195.31 195.34 195.87 195.41 186.29 184.49 190.0 194.0 214.95 239.49 242.97 224.96 204.84 201.0 179.97 78.95 88.44 92.2 89.62 103.19 136.01 175.01 177.06 177.07 187.58 177.06 177.06 177.07 175.08 177.63 204.09 199.85 249.99 254.37 237.28 220.0 215.94 209.16 180.0 188.94 192.68 180.09 188.09 193.99 205.07 229.1 273.71 294.4 290.64 275.4 265.1 250.0 244.27 243.02 249.22 260.0 278.0 276.39 255.03 237.28 224.19 190.78 175.49 169.01 163.48 162.93 160.01 163.16 169.01 210.0 227.42 261.65 252.67 221.75 193.62 170.14 180.03 181.38 235.31 250.0 260.0 234.37 227.93 174.07 120.9 118.08 97.16 99.86 104.61 99.86 84.8 84.51 149.02 174.53 230.1 219.95 130.27 174.0 165.02 165.03 165.07 174.02 219.91 229.1 234.96 211.74 180.0 152.33 137.91 131.76 121.39 119.19 117.87 110.92 113.14 119.15 120.73 148.76 207.59 223.15 215.79 206.51 206.43 190.0 170.08 169.29 190.0 181.24 195.19 165.05 145.81 139.73 132.25 133.59 120.01 123.58 120.3 119.99 121.8 123.57 123.68 120.0 148.35 186.0 207.46 211.25 209.66 200.83 188.54 185.88 196.5 197.25 222.31 230.82 214.32 207.14 190.33 193.52 175.07 171.69 183.01 185.22 179.73 179.04 179.49 168.23 172.45 184.93 195.31 195.34 195.87 195.41 186.29 184.49 190.0 194.0 214.95 239.49 242.97 224.96 204.84 201.0 179.97 78.95 88.44 92.2 89.62 103.19 136.01 175.01 177.06 177.07 187.58 177.06 177.06 177.07 175.08 177.63 204.09 199.85 249.99 254.37 237.28 220.0 215.94 209.16 180.0 188.94 192.68 180.09 188.09 193.99 205.07 229.1 273.71 294.4 290.64 275.4 265.1 250.0 244.27 243.02 249.22 260.0 278.0 276.39 255.03 237.28 224.19 190.78 175.49 169.01 163.48 162.93 160.01 163.16 169.01 210.0 227.42 261.65 252.67 221.75 193.62 170.14 180.03 181.38 235.31 250.0 260.0 234.37 227.93 174.07 120.9 118.08 97.16 99.86 104.61 99.86 84.8 84.51 149.02 174.53 230.1 219.95 130.27 174.0 165.02 165.03 165.07 174.02 219.91 229.1 234.96 211.74 180.0 152.33 137.91 131.76 121.39 119.19 117.87 110.92 113.14 119.15 120.73 148.76 207.59 223.15 215.79 206.51 206.43 190.0 170.08 169.29 190.0 181.24 195.19 165.05 145.81 139.73 132.25 133.59 120.01 123.58 120.3 119.99 121.8 123.57 123.68 120.0 148.35 186.0 207.46 211.25 209.66 200.83 188.54 185.88 196.5 197.25 222.31 230.82 214.32 207.14 190.33 193.52 175.07 171.69 183.01 185.22 179.73 179.04 179.49 168.23 172.45 184.93 195.31 195.34 195.87 195.41 186.29 184.49 190.0 194.0 214.95 239.49 242.97 224.96 204.84 201.0 179.97 78.95 88.44 92.2 89.62 103.19 136.01 175.01 177.06 177.07 187.58 177.06 177.06 177.07 175.08 177.63 204.09 199.85 249.99 254.37 237.28 220.0 215.94 209.16 180.0 188.94 192.68 180.09 188.09 193.99 205.07 229.1 273.71 294.4 290.64
