512 5
1 27 24 27 23
1 0 0 0 0 0 3 1 2 3 0 128 7.56
4 0 0 0 3 0 3 5 6 8 1 111 8.43
7 0 0 0 6 0 2 9 21 1 162 6.9
7 0 4 0 0 0 1 4 1 145 6.77
8 0 0 0 4 0 1 20 8 106 6.35
2 0 0 0 3 0 3 7 18 29 5 136 5.12
2 0 0 0 10 0 1 11 5 139 7.6
2 0 0 0 6 0 2 10 25 7 122 5.98
2 0 0 0 0 6 1 13 5 110 9.0
2 0 0 0 10 0 2 15 17 8 166 6.92
9 0 0 0 6 0 3 12 17 23 9 149 7.06
2 0 0 0 6 0 2 14 15 7 119 7.74
3 1 0 0 0 0 1 14 18 126 6.24
7 0 0 0 0 6 1 18 7 94 7.67
3 1 0 0 0 0 3 16 19 30 21 129 8.81
7 0 0 0 1 0 1 22 10 117 7.43
4 1 0 0 0 0 1 27 24 139 5.57
1 1 0 0 0 0 1 28 18 144 7.29
5 0 0 0 0 9 2 24 26 14 127 8.78
1 1 0 0 0 0 1 27 24 108 5.04
3 0 0 5 0 0 2 22 29 16 100 9.04
2 0 0 8 0 0 1 22 8 123 4.75
10 1 0 0 0 0 2 24 26 19 172 5.73
6 0 0 10 0 0 1 30 18 147 7.82
8 0 0 5 0 0 1 25 29 173 7.16
5 0 3 0 0 0 1 30 37 185 9.17
5 0 0 0 0 10 1 27 29 162 7.49
4 0 0 7 0 0 1 28 34 157 8.16
6 0 0 0 4 0 1 31 38 154 6.11
7 0 0 3 0 0 1 31 19 143 5.27
8 0 0 0 0 2 1 31 42 152 8.98
1 0 0 0 0 0 0 50 182 8.17
1 0 0 0 0 0 3 33 34 35 0 134 7.95
2 0 5 10 0 10 3 44 55 56 1 109 8.7
4 0 5 10 10 7 3 36 37 38 1 109 8.39
3 0 3 1 1 4 3 43 45 46 1 129 7.36
2 0 0 9 9 0 3 41 48 50 5 88 7.06
6 0 6 7 8 8 3 39 42 50 5 107 8.97
4 0 4 0 0 3 2 40 41 5 105 8.3
6 0 10 5 4 1 1 49 11 137 7.04
10 0 7 4 7 0 3 42 45 49 9 129 6.42
10 0 1 0 1 3 3 44 51 54 9 168 5.59
5 0 7 0 3 0 3 43 44 51 19 128 8.07
8 1 0 0 0 0 3 48 52 57 24 160 5.24
3 1 0 0 0 0 3 57 58 62 24 117 8.31
1 1 0 0 0 0 3 48 59 61 19 175 7.26
7 0 6 0 10 1 3 47 51 52 4 161 7.37
2 0 2 6 0 6 3 50 54 57 11 149 8.14
9 0 2 0 1 8 2 53 58 32 136 7.95
7 0 10 6 2 6 2 52 59 19 156 5.87
6 0 2 0 8 7 3 53 56 59 13 112 8.77
5 1 0 0 0 0 3 55 56 58 24 139 7.22
4 0 0 9 10 0 3 53 54 61 32 132 4.73
4 0 9 1 0 0 1 55 41 148 7.55
3 0 3 7 8 0 1 60 36 141 8.51
7 0 7 8 3 0 1 62 45 128 6.88
5 0 1 0 0 4 1 60 29 141 7.72
9 0 0 0 5 2 1 61 32 133 9.08
7 0 7 9 0 9 1 60 41 144 6.43
7 0 9 1 7 7 1 62 26 134 5.6
5 0 2 3 8 10 1 63 48 163 4.63
5 0 4 4 9 6 1 63 41 148 6.57
2 0 3 6 7 7 1 63 52 171 7.32
1 0 0 0 0 0 0 54 191 7.42
1 0 0 0 0 0 3 65 66 67 0 150 7.47
4 0 0 9 0 0 1 93 1 104 5.77
5 0 6 0 0 0 3 68 70 74 1 98 5.82
6 0 0 0 4 0 2 75 78 1 107 6.0
3 0 0 0 10 0 3 69 71 80 6 156 8.85
3 0 0 8 0 0 1 90 9 151 8.3
3 0 0 0 0 8 2 73 92 6 96 7.25
5 0 3 0 0 0 3 72 76 86 9 131 6.29
7 0 0 0 0 2 1 82 14 168 4.95
1 0 0 6 0 0 1 88 9 155 7.19
10 0 2 0 0 0 1 83 6 171 5.24
1 0 0 0 7 0 2 80 87 7 153 7.73
8 0 0 0 6 0 2 77 87 14 141 6.96
7 0 0 0 6 0 2 79 81 22 113 8.01
9 0 0 0 6 0 1 84 7 129 6.62
8 1 0 0 0 0 1 90 29 141 5.18
7 0 5 0 0 0 2 85 90 9 107 8.28
6 1 0 0 0 0 2 83 94 29 151 8.3
1 1 0 0 0 0 1 89 21 109 5.98
3 0 0 5 0 0 2 84 91 35 128 5.83
10 0 9 0 0 0 2 85 89 38 178 7.49
5 0 0 0 0 1 1 92 48 176 8.88
10 0 0 6 0 0 1 89 14 128 7.58
8 1 0 0 0 0 1 88 22 148 7.47
1 1 0 0 0 0 1 94 30 123 8.71
4 0 0 0 0 7 1 93 48 166 9.09
5 0 0 6 0 0 1 91 37 138 7.84
2 0 0 9 0 0 1 92 42 148 9.22
8 0 5 0 0 0 1 95 53 155 7.62
7 0 0 0 0 10 1 95 52 151 7.84
8 0 0 0 0 3 1 95 35 195 7.67
1 0 0 0 0 0 0 61 165 5.16
1 0 0 0 0 0 3 97 98 99 0 104 9.06
3 0 0 0 0 4 3 100 116 121 1 131 6.76
4 0 4 9 1 4 1 111 1 104 4.98
2 0 4 0 2 0 1 109 1 108 8.33
10 0 6 2 10 0 3 101 103 105 4 155 8.45
9 0 0 9 10 0 3 102 104 107 14 103 7.87
5 0 4 0 0 0 3 106 112 113 23 156 9.0
3 0 5 3 5 2 1 115 14 135 6.2
9 1 0 0 0 0 2 106 110 23 159 8.65
5 0 10 4 0 0 2 107 123 14 152 7.84
7 1 0 0 0 0 1 108 32 156 6.63
6 1 0 0 0 0 2 110 114 23 151 6.34
1 0 0 0 4 0 1 125 39 171 7.6
9 0 5 4 0 6 1 118 3 156 8.93
4 0 1 0 0 0 1 125 32 168 8.82
8 0 2 0 0 9 1 113 5 171 8.24
9 0 5 0 0 1 1 119 28 175 8.16
9 1 0 0 0 0 1 119 28 181 6.0
4 0 0 10 6 0 1 117 29 117 9.02
2 1 0 0 0 0 1 122 17 151 6.9
4 0 9 3 0 0 3 119 122 126 4 129 5.55
2 0 5 0 0 0 1 126 33 161 6.62
5 0 0 3 0 1 2 122 123 12 107 7.44
4 0 3 0 5 4 1 120 37 132 7.34
9 0 0 3 6 8 1 124 41 129 9.04
1 1 0 0 0 0 2 125 126 4 141 6.78
10 0 6 0 0 0 1 124 19 152 7.64
8 0 6 5 0 10 1 124 19 117 4.83
7 0 6 0 0 0 1 127 50 171 5.06
7 0 9 0 0 0 1 127 40 199 8.62
8 0 0 0 4 0 1 127 35 136 6.15
1 0 0 0 0 0 0 57 166 7.72
1 0 0 0 0 0 3 129 130 131 0 120 7.23
9 0 0 0 6 0 3 133 141 157 1 164 6.65
1 0 0 4 4 6 2 132 156 1 113 5.08
1 0 2 0 0 0 3 134 135 137 1 140 9.01
2 0 0 5 0 0 3 136 139 144 2 165 6.5
9 0 9 0 0 8 1 150 10 168 8.15
8 0 4 7 5 0 3 136 138 151 2 91 6.41
5 0 4 7 3 2 1 155 2 151 7.94
1 0 0 0 9 0 1 149 10 145 4.88
8 0 0 7 4 0 2 142 148 2 122 6.0
2 0 3 0 5 3 1 142 10 114 7.32
10 0 5 0 0 0 2 140 143 4 173 6.21
4 0 3 0 0 0 1 146 14 134 5.5
4 0 0 3 7 0 1 145 10 101 8.37
8 0 0 1 0 0 1 153 12 164 6.49
7 0 0 0 9 0 1 147 14 165 5.58
10 0 0 6 0 0 1 147 4 115 7.99
10 1 0 0 0 0 2 153 154 14 131 8.72
7 0 0 0 3 5 2 152 155 18 107 9.02
7 0 0 9 4 6 2 149 157 21 169 6.13
10 0 7 2 6 0 1 152 10 159 8.99
4 0 6 0 0 5 1 155 28 125 5.95
3 1 0 0 0 0 1 153 19 160 7.23
7 0 1 0 8 10 2 152 158 10 164 5.03
9 0 0 5 0 0 1 157 25 173 7.85
6 0 0 3 9 10 1 156 24 157 4.63
4 0 5 0 3 0 1 156 24 163 5.96
5 0 0 9 0 0 1 158 32 147 4.85
10 0 8 4 0 7 1 159 30 127 7.75
4 0 10 5 0 1 1 159 34 138 4.81
5 0 4 6 9 0 1 159 37 122 6.21
1 0 0 0 0 0 0 42 191 5.3
1 0 0 0 0 0 3 161 162 163 0 156 8.67
6 0 5 0 1 0 3 170 181 183 1 112 5.36
4 0 6 0 1 3 3 164 167 174 1 143 6.5
6 0 3 0 0 0 3 165 171 177 1 90 5.51
8 0 7 0 4 2 3 166 169 170 5 113 7.3
8 0 0 0 9 0 3 168 173 188 7 101 5.32
8 0 0 0 4 0 3 168 173 178 13 150 8.78
3 0 7 0 4 5 3 170 172 184 5 104 8.11
9 0 7 0 0 5 2 175 184 21 167 6.58
7 0 8 9 7 0 3 179 180 187 13 110 5.58
2 0 0 9 2 10 1 189 13 97 7.7
6 0 3 3 0 3 3 173 175 180 7 106 7.4
5 0 0 0 3 8 3 176 177 178 8 107 6.19
8 0 9 0 0 0 3 176 185 187 21 150 7.03
9 0 10 2 0 0 3 178 179 180 5 125 6.14
8 1 0 0 0 0 2 176 183 30 151 8.16
10 0 3 0 0 0 1 182 38 127 8.03
5 0 0 10 9 7 3 179 183 185 13 153 9.13
3 0 5 10 0 0 1 188 21 115 9.16
8 0 1 8 0 0 2 181 182 20 149 5.75
9 1 0 0 0 0 3 181 182 184 20 153 9.19
7 0 9 0 0 0 2 188 190 29 176 4.68
6 0 6 0 8 4 1 186 48 184 5.37
10 0 0 3 7 0 2 186 187 38 124 8.68
8 1 0 0 0 0 1 185 30 190 5.89
10 0 2 10 0 0 1 186 38 134 5.69
5 0 0 10 3 0 2 189 190 54 197 5.21
6 0 0 9 0 2 2 189 190 48 202 5.45
2 0 10 0 0 1 1 191 36 168 8.45
9 0 0 0 1 0 1 191 59 188 8.9
5 0 0 0 6 8 1 191 59 191 5.97
1 0 0 0 0 0 0 68 215 6.13
1 0 0 0 0 0 3 193 194 195 0 127 8.06
1 0 0 6 0 0 3 200 202 211 1 161 6.4
9 0 9 4 9 3 2 196 199 1 112 8.97
4 0 4 1 7 9 2 197 203 1 103 8.69
10 0 0 0 7 0 1 198 10 160 6.16
10 0 2 8 0 4 3 213 216 217 5 117 5.42
7 0 10 4 2 0 3 201 212 215 20 111 6.99
2 0 0 0 0 5 1 207 10 150 5.5
5 0 4 10 0 0 1 206 2 107 7.04
7 1 0 0 0 0 1 210 27 186 6.99
8 0 8 4 0 0 2 205 222 2 131 8.54
9 0 0 0 0 2 3 204 205 209 5 154 6.69
7 0 0 0 0 2 1 216 14 109 5.65
3 0 0 7 0 0 1 208 14 146 8.11
10 0 2 0 2 0 1 219 7 106 7.66
3 0 0 6 0 0 1 210 12 169 8.6
3 0 3 0 6 0 1 221 17 166 7.74
9 0 0 2 7 0 1 212 14 157 6.86
5 1 0 0 0 0 2 214 218 34 116 6.61
8 0 7 3 0 0 2 217 221 2 149 6.53
8 1 0 0 0 0 3 213 216 219 27 124 9.14
9 0 0 5 1 0 1 218 35 152 6.07
7 0 0 4 0 2 1 217 39 180 5.14
7 0 0 8 8 0 1 220 27 163 7.63
8 0 0 10 8 0 1 222 35 136 4.96
9 0 1 6 6 0 1 220 46 161 5.98
10 0 5 0 6 0 1 222 44 149 7.28
7 0 0 4 0 0 1 221 35 159 4.65
1 0 0 3 1 9 1 223 55 191 5.49
8 0 9 6 7 4 1 223 42 146 5.13
4 0 6 0 0 6 1 223 54 153 5.14
1 0 0 0 0 0 0 58 177 6.48
1 0 0 0 0 0 3 225 226 227 0 162 7.2
5 0 0 0 9 0 3 228 233 245 1 128 6.27
1 0 0 0 0 4 3 239 241 249 1 135 7.36
7 0 0 0 0 7 3 229 231 232 1 99 7.33
6 0 0 0 0 10 3 229 230 232 6 143 5.42
8 0 0 0 0 1 3 235 238 248 12 131 4.72
6 0 0 7 0 0 3 236 240 242 12 168 5.76
10 0 0 0 0 10 3 233 234 239 8 135 8.85
2 0 0 0 0 8 3 235 240 242 12 102 7.01
7 0 8 0 0 0 2 238 244 18 144 8.87
6 0 9 0 0 0 3 237 242 248 18 179 7.29
2 0 0 0 6 0 2 241 244 20 119 7.89
3 0 0 0 0 5 3 244 246 248 18 132 8.18
8 0 0 0 2 0 3 238 240 243 24 151 8.35
4 0 0 5 0 0 3 246 247 252 32 133 8.39
1 0 0 0 0 10 2 243 254 18 156 8.14
4 1 0 0 0 0 3 241 251 252 32 145 6.45
2 1 0 0 0 0 1 247 36 193 5.68
2 1 0 0 0 0 2 246 247 24 131 7.52
10 1 0 0 0 0 1 245 32 180 6.68
6 1 0 0 0 0 2 249 250 25 135 7.99
10 0 10 0 0 0 1 251 42 203 7.11
8 0 0 0 8 0 2 250 253 36 135 5.11
2 1 0 0 0 0 1 250 38 126 8.3
8 0 7 0 0 0 3 249 251 252 24 134 7.19
9 1 0 0 0 0 2 253 254 32 184 6.18
10 0 0 8 0 0 1 254 44 138 6.57
7 0 0 0 0 4 1 253 52 161 8.98
3 1 0 0 0 0 1 255 36 166 8.51
6 0 0 0 5 0 1 255 59 190 6.2
8 0 0 0 1 0 1 255 54 148 6.05
1 0 0 0 0 0 0 65 179 9.15
1 0 0 0 0 0 3 257 258 259 0 101 8.83
8 0 9 10 7 4 3 264 265 270 1 151 5.97
7 0 9 3 4 6 3 263 269 280 1 94 7.88
9 0 1 7 2 5 3 260 261 266 1 169 8.9
7 0 5 4 5 2 3 267 270 273 10 159 6.52
5 0 7 5 10 5 3 262 263 280 10 105 5.18
10 0 3 5 10 2 3 264 269 273 15 105 9.23
5 0 8 8 9 9 3 268 271 276 15 124 5.9
7 0 6 10 10 3 3 268 275 276 25 116 8.64
8 0 1 10 5 10 3 268 271 273 9 113 5.25
10 0 7 6 5 2 3 271 274 278 10 103 7.66
7 0 10 7 3 5 3 276 280 282 17 176 5.97
5 1 0 0 0 0 2 272 284 32 123 6.4
8 1 0 0 0 0 2 283 286 25 135 5.03
7 0 10 5 3 2 3 274 277 278 17 106 7.16
8 0 3 4 2 5 1 275 20 163 9.04
8 1 0 0 0 0 3 274 279 281 37 163 5.17
8 0 9 9 3 9 2 277 283 25 176 8.51
7 0 5 6 6 10 1 282 45 165 4.94
3 0 1 10 5 5 2 282 284 32 184 7.54
7 1 0 0 0 0 2 277 278 32 126 8.76
6 0 4 2 1 2 2 279 281 39 137 5.02
9 0 7 7 10 8 3 279 281 284 39 143 6.56
2 0 5 2 4 7 1 285 48 188 7.48
2 0 5 3 6 9 2 285 286 24 143 6.45
10 0 7 9 8 4 1 286 48 141 4.91
3 0 9 1 1 2 1 283 52 154 8.71
3 0 2 4 1 7 1 285 55 147 6.58
4 0 4 6 10 10 1 287 48 171 6.91
7 0 4 8 9 4 1 287 58 177 5.44
1 0 9 6 7 9 1 287 58 164 6.91
1 0 0 0 0 0 0 65 175 7.46
1 0 0 0 0 0 3 289 290 291 0 135 9.15
2 0 0 10 0 0 3 292 294 300 1 104 8.88
3 0 0 3 0 0 3 293 305 311 1 140 7.81
6 0 0 0 9 0 1 306 1 112 6.46
8 0 8 0 0 0 3 295 296 297 3 139 7.81
3 0 0 6 0 0 3 298 300 309 4 132 8.31
2 0 0 8 0 0 1 301 3 125 8.41
2 0 0 9 0 0 1 316 11 107 6.32
1 0 0 5 0 0 2 302 312 11 137 6.78
8 0 0 10 0 0 1 299 11 142 8.52
4 0 0 5 0 0 1 301 7 91 6.97
3 0 0 0 0 5 1 303 19 169 8.8
2 0 0 1 0 0 2 310 313 7 141 7.69
7 0 4 0 0 0 1 317 11 102 7.99
6 0 0 0 5 0 1 306 12 177 6.72
8 0 0 0 8 0 3 304 308 309 22 166 9.11
5 1 0 0 0 0 2 307 313 30 123 6.93
6 0 0 0 0 9 1 315 4 101 8.37
8 0 0 0 7 0 1 316 18 152 6.25
5 1 0 0 0 0 1 312 35 192 5.04
2 1 0 0 0 0 1 313 30 152 5.68
1 1 0 0 0 0 3 310 314 316 30 157 5.84
3 1 0 0 0 0 1 315 31 115 8.15
6 0 0 0 0 4 1 318 4 137 6.58
5 0 0 1 0 0 1 315 40 177 7.55
10 0 0 0 0 9 1 314 35 165 9.24
8 0 0 4 0 0 1 317 45 170 5.67
5 0 0 0 1 0 1 318 45 139 6.19
5 0 0 0 8 0 1 319 31 131 7.16
8 0 5 0 0 0 1 319 53 200 5.78
6 0 0 0 0 6 1 319 50 177 7.55
1 0 0 0 0 0 0 61 172 6.15
1 0 0 0 0 0 3 321 322 323 0 114 7.83
7 0 2 0 2 1 3 328 335 337 1 120 4.8
10 0 0 7 0 7 3 324 325 327 1 95 8.43
1 0 8 1 0 10 3 326 331 335 1 95 5.99
1 0 6 2 4 10 3 330 337 340 11 109 6.15
7 0 4 3 6 1 3 329 332 339 11 113 5.9
3 0 10 6 0 9 3 329 330 333 2 122 6.49
2 0 4 8 3 1 2 330 347 11 131 7.5
8 0 5 8 6 0 2 333 338 8 151 7.72
4 0 5 6 2 0 3 334 336 345 18 133 4.95
1 0 0 8 9 0 3 343 348 350 13 115 7.13
4 0 3 5 1 4 3 334 336 341 2 111 7.13
8 0 0 3 1 8 3 333 335 338 18 113 6.54
2 0 0 6 2 4 3 334 344 349 26 117 7.52
4 1 0 0 0 0 1 342 28 177 5.15
10 1 0 0 0 0 2 336 340 26 150 6.55
5 1 0 0 0 0 3 342 343 346 36 183 6.81
1 0 4 0 2 0 2 341 342 12 122 9.01
4 0 8 0 1 10 3 344 345 346 26 158 4.67
4 0 3 10 3 4 1 340 18 105 6.74
7 1 0 0 0 0 3 341 344 346 36 130 8.5
2 1 0 0 0 0 3 343 345 350 43 152 5.21
4 0 9 10 7 0 1 347 41 173 7.41
8 0 0 1 1 2 1 349 45 176 5.56
9 0 0 9 0 1 1 347 43 190 7.29
1 0 6 8 3 0 1 349 45 172 6.74
8 0 0 9 9 3 2 348 350 43 131 5.4
10 0 10 4 4 6 1 348 52 139 4.74
6 0 0 6 0 0 1 351 62 196 4.64
6 0 8 5 0 10 1 351 53 168 4.9
7 0 0 2 0 10 1 351 51 161 7.03
1 0 0 0 0 0 0 68 150 8.75
1 0 0 0 0 0 3 353 354 355 0 160 6.36
8 0 4 5 7 5 2 370 371 1 150 8.62
7 0 2 3 4 3 3 356 360 366 1 168 6.82
1 0 9 7 3 10 3 358 364 382 1 91 4.82
10 0 2 10 6 8 3 357 361 377 8 151 8.14
6 0 7 3 8 1 3 359 365 370 18 169 9.03
5 0 5 4 6 3 2 371 380 2 101 7.29
1 1 0 0 0 0 3 369 375 379 24 125 6.26
1 0 6 2 4 2 3 362 363 367 8 152 7.33
7 0 6 8 8 10 2 368 371 18 150 8.41
9 0 5 2 1 7 3 364 369 370 9 102 5.94
8 0 9 8 1 4 1 377 9 134 9.02
10 1 0 0 0 0 1 365 18 150 8.34
10 0 4 3 3 9 1 378 28 175 5.07
10 0 2 1 7 3 1 368 8 99 5.0
9 0 1 4 8 1 3 369 372 379 9 123 8.87
1 0 8 3 5 10 3 373 380 382 25 179 6.29
4 0 4 5 8 2 1 374 25 125 8.42
1 0 5 7 5 7 2 376 381 24 168 6.92
2 1 0 0 0 0 2 373 379 25 167 7.33
8 0 5 4 8 10 3 373 376 377 18 177 5.2
2 0 10 6 1 7 1 378 27 154 7.89
3 0 2 6 5 8 1 382 29 161 6.71
9 0 5 3 9 10 1 376 25 118 6.25
5 0 8 10 7 2 1 380 34 174 7.42
3 0 9 2 10 6 1 378 26 162 8.8
2 0 1 6 6 8 1 381 38 190 6.62
1 0 8 10 3 7 1 381 27 119 8.31
2 0 7 1 1 4 1 383 39 175 9.07
1 0 9 6 3 1 1 383 40 134 7.84
1 0 1 2 4 2 1 383 32 167 7.17
1 0 0 0 0 0 0 41 192 5.62
1 0 0 0 0 0 3 385 386 387 0 128 7.61
9 0 0 8 5 4 3 388 390 393 1 105 4.83
5 0 7 0 8 7 3 388 404 405 1 118 9.18
3 0 0 0 7 2 3 389 399 401 1 101 6.61
3 0 8 3 0 4 3 392 402 408 10 104 8.06
4 0 3 5 2 1 3 391 393 396 4 167 7.58
5 0 7 3 5 10 3 395 406 407 10 119 9.05
4 0 6 8 2 0 3 394 397 398 8 151 4.87
9 0 0 6 10 9 1 400 13 115 6.74
9 0 6 9 8 7 3 394 395 398 10 166 8.68
8 0 0 4 0 7 1 413 19 181 8.86
4 0 1 0 10 7 2 400 409 19 165 7.27
5 1 0 0 0 0 2 410 412 8 128 7.18
4 1 0 0 0 0 3 405 407 412 12 109 7.35
6 1 0 0 0 0 2 405 406 19 140 5.41
3 0 7 6 3 0 1 404 4 98 9.11
6 0 0 10 0 1 1 411 23 108 6.22
3 0 3 5 0 8 1 410 4 116 6.56
6 0 1 0 7 0 1 403 13 153 5.26
9 0 5 7 7 0 2 407 409 19 159 7.9
7 0 4 0 10 0 1 406 7 99 6.98
10 0 5 0 1 8 2 411 414 25 165 8.06
7 0 6 0 2 7 2 408 413 25 146 7.06
1 0 1 5 8 0 1 414 28 135 5.28
8 0 5 6 3 6 1 409 32 167 8.38
2 0 0 4 2 6 2 412 414 40 180 6.46
3 0 0 6 0 1 1 411 13 140 8.74
10 0 2 5 7 0 1 413 35 175 4.84
4 0 4 0 2 3 1 415 42 177 8.5
2 0 0 8 5 2 1 415 45 165 8.74
6 0 0 5 2 9 1 415 42 184 7.93
1 0 0 0 0 0 0 48 164 8.74
1 0 0 0 0 0 3 417 418 419 0 138 5.94
8 0 9 9 8 1 2 420 443 1 146 4.81
6 0 10 10 6 8 3 422 423 424 1 134 6.45
10 1 0 0 0 0 1 429 1 149 6.75
10 0 6 3 3 7 2 421 433 9 155 7.12
6 0 10 9 9 8 2 427 428 19 156 7.66
4 0 2 7 9 10 1 430 7 126 8.69
2 0 7 5 6 5 3 425 428 436 7 124 9.18
6 0 2 9 1 10 3 426 441 446 7 166 5.22
5 0 7 4 6 4 1 433 9 94 6.01
3 1 0 0 0 0 1 434 13 138 6.44
7 0 1 3 10 8 2 437 438 25 161 7.8
6 0 6 8 8 10 1 432 25 186 6.96
4 1 0 0 0 0 1 431 11 101 5.15
4 0 4 2 10 8 2 442 445 11 149 4.91
2 0 7 7 10 1 3 432 436 446 15 147 5.19
8 0 2 1 3 6 2 435 440 31 176 7.86
7 1 0 0 0 0 2 434 442 19 158 9.13
9 0 6 4 2 6 1 435 26 136 5.68
3 0 8 10 6 1 1 439 39 181 7.31
1 0 1 6 8 1 1 440 17 127 5.0
6 0 8 7 2 4 1 442 32 175 5.47
1 0 10 8 7 2 1 444 32 136 7.15
6 0 6 10 10 4 1 445 42 141 5.54
6 0 6 3 3 9 1 445 39 150 9.04
5 0 1 8 9 2 1 444 13 127 5.11
1 0 2 6 5 3 1 446 38 181 5.08
6 0 9 8 5 6 1 444 9 149 5.69
4 0 3 3 4 2 1 447 33 146 8.65
3 0 4 4 6 4 1 447 48 154 5.85
1 0 8 4 7 1 1 447 39 160 8.12
1 0 0 0 0 0 0 51 190 8.95
1 0 0 0 0 0 3 449 450 451 0 150 8.31
10 0 10 10 10 0 3 458 462 464 1 164 6.09
9 0 10 9 2 0 3 452 453 454 1 107 4.96
4 0 2 9 0 0 3 457 460 461 1 95 8.27
8 0 4 9 7 0 3 455 459 475 10 153 5.35
1 0 6 9 5 1 3 457 461 466 10 142 5.07
5 0 10 2 9 0 3 457 467 473 10 112 6.78
8 0 3 3 8 0 2 456 458 18 120 4.73
1 0 6 7 5 2 3 460 463 472 26 163 6.41
7 0 2 1 2 7 2 459 475 15 134 8.89
9 1 0 0 0 0 3 465 466 468 26 182 6.04
6 0 9 9 2 4 3 464 465 469 22 130 6.37
4 0 6 8 2 8 3 462 471 474 27 119 7.4
10 1 0 0 0 0 3 467 468 475 11 159 4.98
2 1 0 0 0 0 2 470 473 31 182 5.2
9 1 0 0 0 0 3 464 465 468 27 134 8.11
5 0 0 1 8 6 1 478 36 143 6.59
1 1 0 0 0 0 3 470 471 474 36 132 8.75
6 1 0 0 0 0 3 467 470 472 35 149 7.8
10 1 0 0 0 0 2 469 471 41 201 5.56
6 1 0 0 0 0 1 469 36 168 6.94
9 0 9 3 10 10 2 474 478 51 136 6.1
2 1 0 0 0 0 2 476 477 41 186 5.78
5 0 1 5 5 3 1 476 51 146 6.75
10 0 9 9 6 4 2 473 476 41 192 7.02
8 0 0 0 1 6 1 478 51 179 5.55
10 0 0 9 8 3 1 477 60 171 8.44
5 0 10 2 4 0 1 477 22 107 6.37
2 0 4 0 9 9 1 479 56 165 8.8
6 0 5 1 0 1 1 479 70 190 6.08
1 0 2 5 0 0 1 479 60 192 6.42
1 0 0 0 0 0 0 76 209 6.85
1 0 0 0 0 0 3 481 482 483 0 92 7.65
2 0 3 5 1 1 2 485 507 1 114 7.25
8 0 7 2 10 6 3 487 489 490 1 142 7.91
2 0 8 1 5 2 2 484 491 1 160 5.49
1 0 5 9 9 2 1 495 3 86 6.27
10 0 9 6 1 8 2 486 498 3 119 6.39
7 0 1 7 5 9 1 488 13 103 8.69
7 1 0 0 0 0 1 503 9 124 8.53
7 1 0 0 0 0 2 492 501 20 172 9.11
7 0 5 1 6 3 3 493 496 497 9 108 5.63
4 1 0 0 0 0 1 499 9 102 6.65
6 0 6 7 10 6 3 494 499 500 3 89 5.31
4 0 10 9 2 10 1 504 27 132 6.72
1 1 0 0 0 0 1 508 16 152 7.67
7 0 3 7 9 4 2 496 501 9 142 5.41
10 1 0 0 0 0 1 501 4 112 7.44
2 0 8 1 8 1 2 505 510 16 114 8.24
8 0 5 5 3 9 2 508 509 16 170 5.39
1 0 5 9 8 3 2 502 505 13 165 7.31
5 0 4 6 7 6 1 506 13 115 7.93
5 0 8 4 10 8 2 502 503 9 156 7.93
2 0 7 9 1 3 1 504 27 165 7.84
3 1 0 0 0 0 1 509 14 102 8.11
9 0 5 2 6 5 1 509 16 135 5.99
10 0 4 7 1 7 1 510 31 162 5.46
10 0 1 5 1 6 1 506 18 127 7.7
7 0 7 6 7 10 1 508 28 184 8.31
1 0 5 6 5 6 1 510 3 123 7.97
4 0 1 7 3 4 1 511 35 149 6.79
7 0 8 6 5 10 1 511 25 122 8.91
3 0 6 1 5 9 1 511 41 169 6.04
1 0 0 0 0 0 0 44 173 5.72
91.11 87.45 82.44 77.4 75.0 79.05 107.41 124.69 135.4 126.02 112.94 105.46 101.61 103.11 108.31 115.32 122.54 139.21 189.49 221.7 184.5 135.54 120.0 112.7 104.0 100.6 99.9 99.52 97.58 112.41 134.32 195.8 193.16 136.2 117.09 107.7 99.96 96.74 102.5 111.85 122.78 145.58 147.19 145.0 123.69 103.68 100.33 82.15 77.43 55.12 46.59 45.09 49.07 62.15 110.56 137.4 132.78 106.77 72.07 48.84 43.96 40.51 48.32 47.04 80.0 118.79 137.21 117.38 125.0 103.77 99.61 89.77 78.31 89.76 92.72 88.53 89.04 102.6 126.5 132.84 148.39 138.52 128.06 121.93 111.0 104.29 108.38 120.0 125.28 146.83 170.27 220.98 149.18 129.36 123.5 109.84 123.99 115.0 107.14 101.4 102.11 110.86 142.55 163.09 147.81 132.05 99.0 72.02 63.79 49.35 56.16 54.09 70.28 88.47 118.13 100.0 69.85 61.5 61.68 41.5 32.39 30.53 26.07 34.25 40.23 40.15 52.57 20.68 19.89 20.6 30.0 22.42 21.81 10.73 24.06 36.55 46.48 83.69 112.35 138.31 106.09 91.54 79.66 52.41 21.64 10.69 7.45 10.69 7.3 8.8 7.66 29.44 22.1 36.81 39.23 46.1 31.08 5.67 4.33 35.19 48.58 88.42 141.63 138.37 136.37 120.16 114.91 89.73 91.11 87.45 82.44 77.4 75.0 79.05 107.41 124.69 135.4 126.02 112.94 105.46 101.61 103.11 108.31 115.32 122.54 139.21 189.49 221.7 184.5 135.54 120.0 112.7 104.0 100.6 99.9 99.52 97.58 112.41 134.32 195.8 193.16 136.2 117.09 107.7 99.96 96.74 102.5 111.85 122.78 145.58 147.19 145.0 123.69 103.68 100.33 82.15 77.43 55.12 46.59 45.09 49.07 62.15 110.56 137.4 132.78 106.77 72.07 48.84 43.96 40.51 48.32 47.04 80.0 118.79 137.21 117.38 125.0 103.77 99.61 89.77 78.31 89.76 92.72 88.53 89.04 102.6 126.5 132.84 148.39 138.52 128.06 121.93 111.0 104.29 108.38 120.0 125.28 146.83 170.27 220.98 149.18 129.36 123.5 109.84 123.99 115.0 107.14 101.4 102.11 110.86 142.55 163.09 147.81 132.05 99.0 72.02 63.79 49.35 56.16 54.09 70.28 88.47 118.13 100.0 69.85 61.5 61.68 41.5 32.39 30.53 26.07 34.25 40.23 40.15 52.57 20.68 19.89 20.6 30.0 22.42 21.81 10.73 24.06 36.55 46.48 83.69 112.35 138.31 106.09 91.54 79.66 52.41 21.64 10.69 7.45 10.69 7.3 8.8 7.66 29.44 22.1 36.81 39.23 46.1 31.08 5.67 4.33 35.19 48.58 88.42 141.63 138.37 136.37 120.16 114.91 89.73 91.11 87.45 82.44 77.4 75.0 79.05 107.41 124.69 135.4 126.02 112.94 105.46 101.61 103.11 108.31 115.32 122.54 139.21 189.49 221.7 184.5 135.54 120.0 112.7 104.0 100.6 99.9 99.52 97.58 112.41 134.32 195.8 193.16 136.2 117.09 107.7 99.96 96.74 102.5 111.85 122.78 145.58 147.19 145.0 123.69 103.68 100.33 82.15 77.43 55.12 46.59 45.09 49.07 62.15 110.56 137.4 132.78 106.77 72.07 48.84 43.96 40.51 48.32 47.04 80.0 118.79 137.21 117.38 125.0 103.77 99.61 89.77 78.31 89.76 92.72 88.53 89.04 102.6 126.5 132.84 148.39 138.52 128.06 121.93 111.0 104.29 108.38 120.0 125.28 146.83 170.27 220.98 149.18 129.36 123.5 109.84 123.99 115.0 107.14 101.4 102.11 110.86 142.55 163.09 147.81 132.05 99.0 72.02 63.79 49.35 56.16 54.09 70.28 88.47 118.13 100.0 69.85 61.5 61.68 41.5 32.39 30.53 26.07 34.25 40.23 40.15 52.57 20.68 19.89 20.6 30.0 22.42 21.81 10.73 24.06 36.55 46.48 83.69 112.35 138.31 106.09 91.54 79.66 52.41 21.64 10.69 7.45 10.69 7.3 8.8 7.66 29.44 22.1 36.81 39.23 46.1 31.08 5.67 4.33 35.19 48.58 88.42 141.63 138.37 136.37 120.16 114.91 89.73 91.11 87.45 82.44 77.4 75.0 79.05 107.41 124.69 135.4 126.02 112.94 105.46 101.61 103.11 108.31 115.32 122.54 139.21 189.49 221.7 184.5 135.54 120.0 112.7 104.0 100.6 99.9 99.52 97.58 112.41 134.32 195.8 193.16 136.2 117.09 107.7 99.96 96.74 102.5 111.85 122.78 145.58 147.19 145.0 123.69 103.68 100.33 82.15 77.43 55.12 46.59 45.09 49.07 62.15 110.56 137.4 132.78 106.77 72.07 48.84 43.96 40.51 48.32 47.04 80.0 118.79 137.21 117.38 125.0 103.77 99.61 89.77 78.31 89.76 92.72 88.53 89.04 102.6 126.5 132.84 148.39 138.52 128.06 121.93 111.0 104.29 108.38 120.0 125.28 146.83 170.27 220.98 149.18 129.36 123.5 109.84 123.99 115.0 107.14 101.4 102.11 110.86 142.55 163.09 147.81 132.05 99.0 72.02 63.79 49.35 56.16 54.09 70.28 88.47 118.13 100.0 69.85 61.5 61.68 41.5 32.39 30.53 26.07 34.25 40.23 40.15 52.57 20.68 19.89 20.6 30.0 22.42 21.81 10.73 24.06 36.55 46.48 83.69 112.35 138.31 106.09 91.54 79.66 52.41 21.64 10.69 7.45 10.69 7.3 8.8 7.66 29.44 22.1 36.81 39.23 46.1 31.08 5.67 4.33 35.19 48.58 88.42 141.63 138.37 136.37 120.16 114.91 89.73 91.11 87.45 82.44 77.4 75.0 79.05 107.41 124.69 135.4 126.02 112.94 105.46 101.61 103.11 108.31 115.32 122.54 139.21 189.49 221.7 184.5 135.54 120.0 112.7 104.0 100.6 99.9 99.52 97.58 112.41 134.32 195.8 193.16 136.2 117.09 107.7 99.96 96.74 102.5 111.85 122.78 145.58 147.19 145.0 123.69 103.68 100.33 82.15 77.43 55.12 46.59 45.09 49.07 62.15 110.56 137.4 132.78 106.77 72.07 48.84 43.96 40.51 48.32 47.04 80.0 118.79 137.21 117.38 125.0 103.77 99.61 89.77 78.31 89.76 92.72 88.53 89.04 102.6 126.5 132.84 148.39 138.52 128.06 121.93 111.0 104.29 108.38 120.0 125.28 146.83 170.27 220.98 149.18 129.36 123.5 109.84 123.99 115.0 107.14 101.4 102.11 110.86 142.55 163.09 147.81 132.05 99.0 72.02 63.79 49.35 56.16 54.09 70.28 88.47 118.13 100.0 69.85 61.5 61.68 41.5 32.39 30.53 26.07 34.25 40.23 40.15 52.57 20.68 19.89 20.6 30.0 22.42 21.81 10.73 24.06 36.55 46.48 83.69 112.35 138.31 106.09 91.54
