512 5
1 40 42 46 32
1 0 0 0 0 0 3 1 2 3 0 152 14.85
9 0 0 4 0 0 3 4 7 8 1 127 17.44
9 0 0 7 0 9 3 9 10 11 1 113 18.11
8 0 0 5 0 0 3 5 6 17 1 115 16.11
1 0 1 0 0 5 3 9 10 15 10 161 13.0
6 0 0 7 0 0 3 12 18 25 9 154 9.93
6 0 3 3 10 0 3 9 11 15 9 162 13.69
2 0 0 0 0 5 1 10 10 134 17.19
6 0 0 6 1 3 3 12 20 21 10 133 14.01
7 0 0 4 0 0 3 13 23 25 15 121 16.51
1 0 6 3 0 0 3 20 21 25 12 164 12.13
4 0 3 0 3 0 3 19 23 24 15 160 9.2
5 0 2 3 3 2 3 15 16 19 16 163 16.65
10 0 10 7 6 0 2 14 16 22 171 14.13
10 1 0 0 0 0 3 18 20 30 32 129 9.92
5 0 8 10 0 10 3 22 23 29 21 119 17.37
7 0 8 0 0 0 2 22 28 32 177 9.16
2 0 2 0 1 1 3 18 19 27 9 95 17.56
10 0 6 7 6 0 2 21 24 42 197 11.08
10 0 4 3 6 5 2 22 26 21 130 13.48
6 0 0 0 8 0 1 24 42 187 16.03
1 0 0 0 0 6 1 28 52 163 11.09
9 0 1 0 0 4 1 30 39 134 11.93
7 0 2 3 0 0 2 26 27 26 193 11.94
10 0 0 0 2 0 1 29 52 207 14.49
8 0 3 1 0 0 3 26 27 29 22 171 13.33
8 1 0 0 0 0 1 30 33 139 12.0
1 1 0 0 0 0 1 28 33 135 14.46
8 0 0 0 0 7 1 31 53 185 13.79
3 0 0 0 10 0 1 31 62 157 12.7
8 0 7 0 1 1 1 31 48 188 13.26
1 0 0 0 0 0 0 65 144 10.54
1 0 0 0 0 0 3 33 34 35 0 118 14.9
5 0 0 0 0 8 3 37 38 41 1 100 13.63
3 0 0 7 0 0 1 51 1 110 11.21
7 0 4 0 0 0 1 36 1 126 16.53
3 0 0 0 6 0 2 39 48 8 96 14.85
4 0 0 9 0 0 1 44 6 137 13.79
6 0 8 0 0 0 1 43 6 171 14.59
7 0 5 0 0 0 3 40 45 47 11 127 17.03
2 1 0 0 0 0 3 50 52 53 18 137 9.69
10 0 0 3 0 0 3 42 46 55 6 113 11.59
6 0 0 0 5 0 1 62 16 163 17.49
5 0 0 0 10 0 1 61 12 166 15.9
5 0 2 0 0 0 1 45 10 107 14.19
8 0 0 6 0 0 2 58 62 18 181 15.59
7 0 4 0 0 0 1 49 16 155 17.47
7 0 7 0 0 0 1 57 18 185 14.46
3 0 0 0 0 5 1 56 11 142 16.2
6 0 0 8 0 0 3 53 56 58 23 112 12.16
7 1 0 0 0 0 1 54 20 109 10.34
8 0 0 8 0 0 2 57 60 4 107 10.87
9 1 0 0 0 0 2 56 57 20 155 17.29
10 0 0 0 0 7 2 60 62 29 181 13.83
7 0 0 0 0 5 1 60 27 117 9.43
6 0 0 0 0 10 1 61 16 142 12.53
5 0 0 0 0 3 1 59 29 158 15.51
1 0 0 0 0 9 1 59 29 128 17.87
1 0 9 0 0 0 1 59 29 133 12.4
5 0 0 0 8 0 1 61 34 127 12.27
1 0 5 0 0 0 1 63 39 125 11.28
4 0 0 1 0 0 1 63 39 125 12.76
2 0 0 6 0 0 1 63 39 121 16.23
1 0 0 0 0 0 0 43 140 14.64
1 0 0 0 0 0 3 65 66 67 0 101 10.92
1 0 5 7 10 5 3 76 89 91 1 147 9.31
7 0 5 4 10 7 3 68 72 75 1 136 9.47
1 0 10 3 2 7 3 69 71 78 1 138 10.18
4 0 10 3 6 8 3 70 81 85 8 135 14.27
2 0 1 9 9 2 1 83 2 115 12.36
6 0 6 6 8 3 3 74 79 91 12 148 12.81
8 0 10 6 8 7 3 73 74 84 2 148 17.54
5 0 8 6 8 5 3 74 81 84 8 124 17.45
4 0 10 10 1 9 2 82 88 10 143 15.73
1 0 7 10 8 5 1 89 18 129 17.3
7 0 9 10 10 5 2 77 84 8 167 10.1
5 0 10 10 6 7 3 80 93 94 2 152 16.79
4 0 8 4 1 8 1 94 15 107 12.48
9 0 4 10 10 9 2 82 90 2 163 17.9
9 0 8 1 4 6 3 83 86 92 18 161 14.36
4 0 10 10 3 6 1 85 7 151 11.24
2 0 10 6 1 7 3 88 89 91 13 142 10.82
7 0 9 2 5 4 1 85 14 155 12.06
8 1 0 0 0 0 1 87 27 192 16.55
3 0 4 7 10 8 2 86 94 15 160 13.69
10 0 1 1 8 1 1 92 21 137 15.59
2 1 0 0 0 0 1 87 27 156 12.88
7 1 0 0 0 0 1 88 35 134 12.46
10 0 5 9 4 1 1 90 42 150 12.44
7 0 9 3 1 3 2 90 92 19 180 16.1
8 0 4 9 2 6 1 93 52 173 18.21
7 0 9 5 3 6 1 93 18 121 14.44
2 1 0 0 0 0 1 95 31 160 16.78
4 0 4 3 7 7 1 95 60 179 17.05
9 1 0 0 0 0 1 95 19 123 9.83
1 0 0 0 0 0 0 64 169 17.67
1 0 0 0 0 0 3 97 98 99 0 106 13.84
4 0 0 10 10 0 3 108 109 113 1 120 9.68
10 0 10 3 4 0 2 106 108 1 166 15.08
4 0 8 0 0 0 3 100 101 102 1 109 14.23
5 0 0 2 1 3 2 103 115 5 131 18.29
8 0 6 0 7 0 2 117 125 5 130 9.81
2 0 0 0 4 6 1 118 5 120 15.08
2 0 0 10 3 0 2 104 105 10 113 14.06
10 1 0 0 0 0 1 112 12 166 15.82
2 0 0 0 0 1 3 107 110 123 12 111 10.8
6 0 1 0 0 6 2 109 121 11 117 17.22
7 0 0 1 0 0 1 119 14 102 14.66
2 0 0 0 3 0 3 111 122 124 11 123 17.92
10 0 0 7 0 2 1 116 17 149 13.22
4 0 0 0 0 8 1 126 14 141 12.76
9 1 0 0 0 0 1 126 13 156 14.07
2 1 0 0 0 0 2 114 120 22 148 15.4
8 1 0 0 0 0 1 117 5 95 15.0
6 0 0 0 0 6 1 117 24 138 13.53
8 0 0 5 10 4 1 118 10 111 13.31
4 0 5 0 0 6 1 124 27 122 18.12
3 0 0 9 0 7 1 123 30 137 16.5
1 0 6 7 0 0 1 123 18 166 16.4
2 1 0 0 0 0 1 125 21 161 14.59
4 0 5 0 1 5 2 121 122 24 117 12.3
6 0 7 0 6 1 1 126 28 123 12.43
5 0 0 0 10 0 1 125 28 183 9.22
1 0 0 1 10 6 1 124 33 168 16.96
6 0 0 4 6 0 1 127 34 190 13.72
2 0 3 2 0 1 1 127 33 124 14.04
5 0 4 0 0 1 1 127 34 131 11.6
1 0 0 0 0 0 0 40 121 17.11
1 0 0 0 0 0 3 129 130 131 0 98 17.5
3 0 0 0 0 9 3 139 143 153 1 134 15.24
8 0 0 0 0 7 3 135 140 149 1 128 9.47
4 0 0 7 0 0 3 132 133 139 1 154 12.82
4 0 0 3 0 0 3 141 145 149 5 165 16.92
6 0 0 0 9 0 2 134 135 5 169 10.97
5 0 0 0 3 0 3 140 145 149 11 128 12.62
7 0 10 0 0 0 3 136 137 146 11 144 11.28
2 1 0 0 0 0 3 138 141 142 18 118 12.79
5 0 0 0 7 0 3 142 147 150 18 139 9.9
1 1 0 0 0 0 2 144 152 20 161 16.12
9 0 0 0 5 0 3 140 144 146 5 122 13.54
9 0 0 0 0 5 3 141 147 157 16 123 15.48
5 1 0 0 0 0 1 151 25 170 15.17
10 0 0 0 0 3 2 148 152 23 137 15.62
8 1 0 0 0 0 2 146 148 4 136 16.29
10 1 0 0 0 0 2 145 150 21 134 11.94
2 0 0 0 0 7 3 148 151 154 31 133 11.36
8 1 0 0 0 0 3 147 150 155 18 176 17.34
8 0 0 5 0 0 2 151 156 26 149 15.14
9 0 0 4 0 0 1 158 33 163 14.87
1 0 0 0 2 0 2 153 155 16 129 10.67
3 0 3 0 0 0 1 154 31 124 16.63
7 0 3 0 0 0 1 158 34 182 17.93
10 0 0 0 3 0 2 153 155 33 198 15.47
6 0 0 0 0 9 3 154 156 157 43 146 11.07
5 0 0 0 0 7 1 158 49 151 15.81
10 0 0 0 4 0 2 156 157 43 208 15.32
10 0 0 0 0 9 1 159 53 176 16.6
10 0 2 0 0 0 1 159 53 184 16.0
8 0 0 2 0 0 1 159 54 211 17.24
1 0 0 0 0 0 0 63 205 17.95
1 0 0 0 0 0 3 161 162 163 0 162 12.67
4 0 4 10 10 0 3 165 167 171 1 135 9.58
6 1 0 0 0 0 2 166 186 1 107 14.6
1 0 1 0 0 5 1 164 1 164 14.8
6 0 0 6 8 0 3 173 175 178 2 105 13.16
9 0 0 10 9 9 2 168 169 5 155 12.48
3 1 0 0 0 0 1 187 7 101 14.94
7 0 0 0 0 1 2 180 188 5 110 9.67
2 0 4 0 0 5 1 170 14 178 11.66
8 0 8 0 0 0 3 172 181 189 14 150 16.16
7 0 0 0 7 1 1 185 16 126 15.95
7 0 10 0 0 7 1 186 5 165 9.36
2 0 4 10 0 2 1 174 22 161 14.42
8 0 8 0 3 0 3 179 181 184 8 157 11.2
5 1 0 0 0 0 3 176 177 182 24 155 14.66
4 0 0 8 0 0 2 183 190 8 164 17.53
1 0 6 4 0 0 2 180 184 29 152 13.3
10 0 9 0 5 4 1 186 29 177 12.17
9 0 6 0 9 0 1 180 8 145 13.86
8 0 0 0 0 9 1 182 16 162 18.22
6 0 1 8 9 0 1 185 30 146 11.64
8 1 0 0 0 0 1 185 22 136 11.79
1 1 0 0 0 0 1 187 29 112 13.11
6 1 0 0 0 0 1 184 12 178 13.35
1 0 0 10 4 2 1 187 30 173 12.45
8 0 0 8 0 0 1 190 36 128 16.08
10 0 1 0 0 0 1 190 39 159 16.24
2 0 1 0 0 6 1 188 31 120 15.46
4 0 0 0 3 5 1 191 33 120 12.93
10 0 0 4 0 7 1 191 22 126 15.89
2 0 0 9 8 0 1 191 49 156 13.48
1 0 0 0 0 0 0 51 137 10.83
1 0 0 0 0 0 3 193 194 195 0 128 14.78
4 0 4 8 0 0 3 196 198 207 1 111 14.53
1 0 5 0 0 5 2 197 205 1 146 13.66
5 0 4 0 0 3 2 199 218 1 103 11.85
9 0 0 3 0 3 3 206 209 221 5 125 16.97
10 0 0 4 3 0 3 201 202 217 2 121 10.46
6 0 9 0 2 2 1 212 5 168 11.26
1 0 0 4 0 0 3 200 202 220 6 101 12.2
9 0 9 5 0 0 2 210 213 7 170 14.04
2 0 0 10 7 0 1 208 12 120 12.96
8 0 0 0 7 3 3 203 204 211 12 161 9.63
8 0 0 5 10 0 1 210 20 144 9.54
8 1 0 0 0 0 1 213 20 146 13.11
2 0 4 10 0 7 1 213 2 143 15.22
2 0 8 0 3 0 3 211 216 219 14 139 13.84
10 0 3 2 4 5 1 219 5 118 14.16
8 0 7 5 0 0 1 221 14 124 9.18
10 0 10 3 0 0 1 214 14 111 13.76
2 1 0 0 0 0 1 216 28 178 18.25
10 0 0 0 2 7 1 222 20 125 12.44
5 0 3 0 5 0 1 215 11 122 13.99
3 1 0 0 0 0 1 216 28 176 17.88
6 1 0 0 0 0 1 215 24 145 11.8
5 0 2 5 0 4 1 217 30 118 11.45
10 0 0 0 0 2 1 222 31 139 10.87
10 0 5 6 0 10 1 222 35 176 18.02
8 0 0 5 0 0 1 219 6 141 17.96
10 0 0 5 0 0 1 220 16 156 16.25
2 1 0 0 0 0 1 223 26 173 14.42
10 1 0 0 0 0 1 223 22 130 14.88
3 0 3 0 5 0 1 223 45 190 17.37
1 0 0 0 0 0 0 48 179 9.91
1 0 0 0 0 0 3 225 226 227 0 118 9.6
3 0 3 0 1 0 3 228 231 235 1 93 14.33
3 0 0 0 0 2 3 233 234 236 1 159 12.51
5 0 2 1 10 0 3 229 230 237 1 141 13.37
3 0 0 0 0 2 3 240 243 252 4 90 11.06
7 0 10 6 0 4 3 232 236 242 6 104 16.93
2 0 0 2 0 10 3 232 234 236 6 105 10.59
3 0 9 0 4 4 3 232 234 243 4 149 14.03
8 0 2 4 7 6 3 239 244 247 13 135 14.14
9 0 0 2 0 9 3 238 241 243 4 118 9.97
8 0 0 4 0 0 3 238 241 248 8 130 17.91
8 0 10 9 4 0 3 240 248 252 4 174 12.01
10 0 0 7 5 0 3 238 244 251 13 160 9.55
4 0 2 4 0 0 3 239 242 251 6 109 10.97
2 1 0 0 0 0 3 239 240 246 23 168 9.68
6 0 2 0 0 7 2 245 254 25 132 11.57
5 1 0 0 0 0 1 245 25 112 14.24
9 1 0 0 0 0 2 242 253 16 175 15.36
5 1 0 0 0 0 2 244 254 25 128 10.25
7 0 0 0 0 2 2 245 249 13 115 9.93
4 0 8 0 0 3 1 250 30 143 16.84
4 0 0 4 5 0 1 253 31 135 9.24
1 0 0 3 0 0 2 249 250 25 122 13.2
10 1 0 0 0 0 2 248 250 21 170 18.28
10 0 0 0 0 9 2 249 251 31 146 10.0
9 0 9 0 0 4 1 253 41 166 16.13
4 0 0 2 2 8 1 252 34 119 11.25
3 0 0 0 0 10 1 254 41 129 9.21
5 0 5 0 3 2 1 255 38 182 13.13
6 0 0 6 0 1 1 255 50 185 15.82
8 0 0 9 0 7 1 255 44 144 12.38
1 0 0 0 0 0 0 56 146 14.39
1 0 0 0 0 0 3 257 258 259 0 147 16.03
10 0 0 5 0 0 3 260 264 285 1 140 11.59
6 0 0 10 0 0 3 261 263 267 1 168 17.59
8 0 0 0 0 1 2 268 278 1 105 11.47
6 0 0 2 0 0 1 272 11 126 14.33
5 0 0 0 0 7 3 262 270 272 7 140 16.69
9 1 0 0 0 0 1 265 12 163 10.04
1 0 0 0 7 0 1 279 7 141 13.43
6 0 6 0 0 0 3 266 271 274 11 164 13.27
6 0 0 2 0 0 1 284 21 144 11.21
6 0 0 8 0 0 2 277 280 17 175 15.28
1 1 0 0 0 0 2 269 273 7 154 17.87
4 0 2 0 0 0 1 282 9 101 13.74
1 1 0 0 0 0 1 282 8 123 14.7
7 1 0 0 0 0 1 281 12 125 14.99
8 1 0 0 0 0 3 273 276 279 17 145 10.73
4 0 0 0 0 2 1 277 17 109 17.95
3 1 0 0 0 0 1 275 25 168 16.55
3 1 0 0 0 0 2 275 284 17 150 16.34
2 1 0 0 0 0 1 283 28 118 9.82
1 1 0 0 0 0 1 277 25 129 17.92
3 1 0 0 0 0 2 281 283 26 159 11.84
6 0 0 0 1 0 1 279 9 173 11.37
10 0 0 0 0 3 1 283 25 120 10.93
1 0 0 0 0 4 1 286 23 172 16.3
4 1 0 0 0 0 1 286 29 122 9.68
6 1 0 0 0 0 1 284 13 109 9.84
6 0 0 2 0 0 1 286 35 155 9.52
3 0 0 0 10 0 1 287 27 130 17.66
4 0 0 0 0 9 1 287 11 175 14.8
8 0 1 0 0 0 1 287 41 183 11.22
1 0 0 0 0 0 0 49 137 16.69
1 0 0 0 0 0 3 289 290 291 0 127 13.96
8 0 0 8 8 0 3 295 296 297 1 117 12.89
4 0 0 0 9 10 2 304 315 1 164 18.24
9 0 5 7 5 5 3 292 293 301 1 111 9.75
6 0 0 0 3 0 3 294 300 307 10 105 10.33
8 0 1 10 8 4 3 298 300 308 10 131 16.22
8 0 1 5 4 0 1 306 16 134 11.34
4 0 10 8 3 0 1 303 9 103 13.42
6 0 5 10 7 0 2 302 303 9 132 9.7
10 0 4 9 9 7 2 299 316 9 129 9.58
5 0 8 5 6 0 2 305 318 18 151 9.16
1 0 9 0 1 1 1 312 19 156 13.16
2 0 0 7 4 6 1 318 18 109 13.02
5 0 9 0 4 4 1 313 10 120 18.0
9 0 6 10 10 0 1 309 15 161 15.58
10 0 9 4 2 7 1 309 15 169 14.07
6 0 4 0 5 8 1 317 5 172 10.96
10 0 0 0 9 3 2 310 314 23 141 17.88
6 1 0 0 0 0 2 311 312 24 118 9.76
8 0 4 2 1 5 1 316 16 117 15.15
10 0 1 0 10 0 2 315 317 18 185 16.67
3 1 0 0 0 0 1 315 25 175 12.6
7 0 8 0 0 10 1 311 33 125 14.68
7 0 1 4 3 9 1 313 40 174 11.87
10 0 2 10 1 0 1 314 30 173 14.67
3 0 3 8 0 4 1 316 47 137 11.02
3 0 3 7 3 0 1 317 40 155 15.51
2 1 0 0 0 0 1 318 28 124 17.87
8 0 4 9 6 2 1 319 50 209 17.24
1 0 0 0 2 8 1 319 43 165 13.83
2 0 10 8 3 0 1 319 30 151 13.18
1 0 0 0 0 0 0 58 169 12.96
1 0 0 0 0 0 3 321 322 323 0 146 11.17
9 0 7 1 6 8 3 331 332 348 1 147 10.01
10 0 0 0 6 6 2 325 326 1 128 16.34
9 0 10 4 1 7 2 324 328 1 166 12.39
10 0 3 0 3 8 1 346 10 126 16.12
7 0 5 10 8 0 2 327 338 11 154 9.99
1 0 3 2 5 3 1 341 11 170 11.81
4 0 4 7 0 10 3 329 336 340 18 122 14.12
4 0 1 9 0 8 1 347 10 160 12.53
4 0 0 2 6 1 2 330 341 22 144 9.51
8 0 10 0 0 2 1 335 26 123 13.93
9 0 1 8 9 5 3 334 343 349 10 177 17.62
3 0 8 5 6 0 3 333 339 342 10 161 15.32
2 0 8 2 4 7 2 334 345 13 156 18.04
1 0 1 0 2 2 1 338 19 156 9.83
3 1 0 0 0 0 1 337 34 175 18.24
7 0 3 3 7 6 1 345 22 113 10.61
7 0 0 3 0 1 1 344 37 184 15.0
4 1 0 0 0 0 1 346 20 173 14.92
6 0 0 5 1 0 1 347 13 159 14.89
9 0 2 4 0 7 1 350 22 167 12.64
9 0 0 0 8 8 2 343 349 26 168 11.77
8 1 0 0 0 0 1 349 13 167 16.85
8 0 9 0 1 4 1 350 35 164 12.33
6 1 0 0 0 0 2 345 348 44 170 11.34
10 0 7 10 6 0 1 346 50 138 15.6
7 0 2 0 0 0 1 347 60 192 18.22
6 0 10 6 9 9 1 350 67 179 9.62
4 1 0 0 0 0 1 351 50 160 17.23
1 1 0 0 0 0 1 351 35 121 11.55
9 0 0 3 7 0 1 351 73 231 10.67
1 0 0 0 0 0 0 82 159 16.52
1 0 0 0 0 0 3 353 354 355 0 159 10.23
7 0 10 1 9 3 3 357 364 373 1 128 16.62
3 0 1 4 7 4 3 358 368 371 1 108 16.3
2 0 3 7 6 10 3 356 360 365 1 94 14.93
1 0 5 4 7 5 3 359 361 362 3 93 16.59
9 0 8 10 10 3 3 361 362 368 8 152 14.37
7 0 3 7 4 10 3 366 370 373 4 126 15.3
5 0 4 6 10 7 3 363 368 372 4 134 17.1
3 0 10 8 1 7 3 362 364 379 3 131 15.58
4 1 0 0 0 0 3 363 366 369 17 149 12.23
9 0 6 10 1 5 2 367 382 17 130 9.55
5 1 0 0 0 0 3 371 374 376 21 124 13.57
7 0 5 9 10 9 3 366 369 376 8 117 9.2
2 0 3 10 8 8 3 370 377 378 3 106 14.77
5 0 8 9 8 6 1 380 21 132 15.8
5 1 0 0 0 0 2 369 376 26 122 11.22
6 0 7 2 5 1 3 370 375 378 17 120 12.94
8 1 0 0 0 0 2 371 372 31 121 11.73
7 0 8 4 7 2 3 374 379 380 23 161 10.57
5 1 0 0 0 0 1 375 39 123 10.35
1 1 0 0 0 0 2 375 381 39 177 17.6
5 0 3 10 9 9 3 374 377 378 11 111 9.79
9 0 1 8 3 1 1 382 30 127 17.9
9 0 3 5 10 4 1 377 44 145 16.9
6 0 2 8 5 5 1 381 31 189 14.09
10 0 10 10 2 6 1 380 53 216 14.8
7 0 7 9 5 4 2 379 381 23 118 13.35
6 0 2 4 10 8 1 382 30 151 13.72
2 0 10 7 6 4 1 383 63 194 17.14
7 0 8 10 1 3 1 383 40 183 10.53
5 0 9 10 9 9 1 383 39 174 10.48
1 0 0 0 0 0 0 65 158 9.49
1 0 0 0 0 0 3 385 386 387 0 160 11.89
6 0 0 0 2 0 3 391 394 403 1 96 14.22
1 0 2 7 0 7 3 389 390 397 1 116 14.15
5 0 0 7 0 0 3 388 392 404 1 145 16.01
6 0 9 0 3 10 3 393 398 411 6 130 14.17
10 0 6 0 0 0 3 394 395 396 2 165 11.37
10 0 8 0 0 5 2 391 402 2 104 9.79
4 0 0 1 0 4 3 393 399 400 12 164 17.57
9 0 9 2 0 0 3 393 397 405 6 122 11.6
2 0 0 0 0 9 3 396 401 414 16 157 13.3
4 0 10 5 0 2 3 401 404 408 12 149 18.2
6 0 1 10 0 0 3 403 406 408 12 135 16.21
7 1 0 0 0 0 1 407 18 110 10.89
9 0 10 4 0 0 3 402 408 409 15 139 11.0
9 0 10 0 8 3 3 399 400 402 12 151 10.53
6 1 0 0 0 0 2 405 410 21 154 9.64
5 1 0 0 0 0 2 401 406 21 187 16.04
2 1 0 0 0 0 1 409 26 169 12.32
8 0 7 2 0 0 3 406 407 414 24 117 13.08
9 0 8 0 3 1 3 404 407 411 18 127 11.7
6 0 5 1 5 0 2 405 409 27 132 16.73
5 0 0 0 0 9 1 413 33 134 17.47
4 0 8 0 0 0 1 412 32 160 10.75
10 0 0 5 9 4 1 412 32 137 16.39
2 0 0 0 5 2 3 410 411 413 24 181 12.93
3 0 0 9 7 5 2 410 413 33 147 14.65
3 0 0 1 10 0 1 412 36 154 11.58
6 0 0 0 10 0 1 414 27 128 13.84
5 0 0 0 5 10 1 415 42 155 17.22
4 0 2 0 10 0 1 415 38 190 17.17
7 0 7 0 2 0 1 415 33 134 10.1
1 0 0 0 0 0 0 47 189 15.53
1 0 0 0 0 0 3 417 418 419 0 148 14.43
8 0 4 5 7 5 2 434 435 1 151 10.18
7 0 2 3 4 3 3 420 424 430 1 171 10.04
1 0 9 7 3 10 3 422 428 446 1 92 13.98
10 0 2 10 6 8 3 421 425 441 8 105 14.92
6 1 0 0 0 0 3 423 429 434 18 137 11.52
5 0 5 4 6 3 2 435 444 2 94 17.41
1 1 0 0 0 0 3 433 439 443 24 149 11.87
1 0 6 2 4 2 3 426 427 431 8 153 15.3
7 1 0 0 0 0 2 432 435 18 113 9.6
9 0 5 2 1 7 3 428 433 434 9 166 10.17
8 0 9 8 1 4 1 441 9 111 12.52
10 0 8 6 5 1 1 429 18 145 9.86
10 0 4 3 3 9 1 442 28 172 9.63
10 0 2 1 7 3 1 432 8 120 12.54
9 0 1 4 8 1 3 433 436 443 9 105 15.28
1 0 8 3 5 10 3 437 444 446 25 160 17.49
4 0 4 5 8 2 1 438 25 190 9.5
1 0 5 7 5 7 2 440 445 24 171 10.47
2 0 6 8 8 3 2 437 443 25 115 15.35
8 0 5 4 8 10 3 437 440 441 18 140 9.22
2 0 10 6 1 7 1 442 27 138 13.98
3 0 2 6 5 8 1 446 29 173 15.0
9 0 5 3 9 10 1 440 25 157 9.6
5 0 8 10 7 2 1 444 34 180 10.5
3 0 9 2 10 6 1 442 26 165 14.85
2 0 1 6 6 8 1 445 38 138 16.27
1 0 8 10 3 7 1 445 27 182 12.84
2 0 7 1 1 4 1 447 39 171 9.77
1 0 9 6 3 1 1 447 40 187 14.36
1 0 1 2 4 2 1 447 32 174 18.02
1 0 0 0 0 0 0 41 151 11.29
1 0 0 0 0 0 3 449 450 451 0 161 17.76
3 0 0 0 5 0 1 463 1 154 11.24
1 0 1 0 0 0 3 452 456 467 1 162 14.32
6 0 0 0 8 0 3 453 455 460 1 143 15.9
6 0 7 0 0 0 3 454 464 466 2 127 10.96
1 0 0 0 6 0 1 470 7 156 11.62
1 0 0 0 6 0 1 459 8 95 15.4
6 0 0 0 2 0 2 464 473 7 140 12.06
6 0 0 2 0 0 2 457 459 2 168 17.19
6 0 0 0 0 4 3 458 462 473 8 145 13.79
7 0 5 0 0 0 1 475 14 159 10.62
2 0 0 3 0 0 1 469 9 93 10.62
8 0 10 0 0 0 2 461 469 7 124 10.58
10 0 4 0 0 0 1 465 15 140 14.41
3 0 0 0 6 0 1 468 14 161 13.53
9 0 0 8 0 0 1 474 4 148 11.29
8 0 0 0 0 10 1 474 13 180 14.78
10 1 0 0 0 0 1 477 25 167 12.64
8 0 1 0 0 0 1 475 8 169 13.64
4 0 0 0 0 8 3 472 476 478 2 91 17.39
10 0 0 0 0 3 1 469 17 136 9.33
10 1 0 0 0 0 2 471 474 27 123 15.78
5 0 0 0 0 1 1 475 8 135 16.9
9 0 0 0 9 0 2 472 478 37 187 10.6
2 0 0 7 0 0 1 477 46 153 12.14
5 1 0 0 0 0 1 476 14 161 17.39
4 0 0 0 2 0 1 476 37 143 13.61
4 0 0 0 0 6 1 477 21 109 15.88
5 0 0 8 0 0 1 479 41 154 11.46
10 0 0 0 0 7 1 479 48 198 11.2
8 0 0 0 4 0 1 479 46 190 9.42
1 0 0 0 0 0 0 58 168 13.05
1 0 0 0 0 0 3 481 482 483 0 139 14.2
4 0 0 1 0 0 3 490 491 492 1 133 9.7
10 0 0 0 0 3 3 486 493 498 1 120 12.37
7 0 0 7 0 0 3 484 487 500 1 150 10.29
6 0 0 0 0 8 3 485 489 495 8 111 9.63
5 0 3 0 0 0 3 492 494 496 14 134 11.61
4 0 0 0 0 6 3 487 491 497 11 132 18.16
5 0 0 0 6 0 2 488 494 15 131 18.15
1 1 0 0 0 0 2 504 507 20 147 14.23
9 0 2 0 0 0 3 492 493 508 14 137 11.06
4 0 1 0 0 0 3 493 498 503 5 122 15.21
7 0 9 0 0 0 3 494 500 504 15 125 11.05
6 1 0 0 0 0 2 497 509 23 122 15.71
8 0 0 0 0 6 2 502 506 23 190 13.11
5 1 0 0 0 0 3 499 501 503 22 175 9.86
1 0 7 0 0 0 3 499 503 506 14 110 11.68
10 0 0 0 7 0 3 497 499 501 19 165 16.37
10 0 0 0 0 5 1 507 29 153 17.19
9 0 0 0 0 5 2 500 504 11 116 18.07
4 1 0 0 0 0 3 502 508 510 29 132 13.68
10 0 0 0 9 0 1 501 22 127 16.7
3 1 0 0 0 0 2 502 506 32 148 14.54
8 0 6 0 0 0 1 505 35 191 10.46
1 1 0 0 0 0 2 505 508 27 173 11.64
2 1 0 0 0 0 2 505 510 22 183 14.21
6 0 0 0 0 2 1 509 43 164 9.42
4 0 0 5 0 0 2 507 509 35 140 13.84
5 0 1 0 0 0 1 510 39 201 17.54
3 0 0 9 0 0 1 511 33 150 12.86
8 0 0 0 9 0 1 511 49 179 12.9
8 0 0 1 0 0 1 511 44 157 16.7
1 0 0 0 0 0 0 57 143 13.78
209.08 199.21 196.07 191.11 193.68 210.72 240.0 256.23 250.04 219.21 199.95 194.39 185.51 183.46 179.55 183.94 190.63 220.93 247.97 280.0 280.0 250.44 237.08 204.25 216.41 205.61 184.72 169.98 167.73 187.06 224.08 237.95 232.72 210.25 185.0 165.46 166.01 123.09 166.01 166.01 168.5 184.43 209.78 234.92 239.95 236.96 229.09 201.49 207.15 192.8 185.5 179.0 179.46 185.72 216.37 233.22 224.0 200.0 148.46 147.3 168.0 152.77 158.01 158.0 158.04 158.11 184.18 219.3 221.93 220.0 206.01 192.93 149.9 145.01 140.01 145.66 148.91 172.42 211.94 230.56 223.46 189.21 144.04 150.72 130.0 108.96 110.24 118.92 145.57 184.63 217.9 233.5 241.77 233.17 224.32 205.56 210.0 202.71 189.0 174.74 176.26 203.2 226.93 242.74 242.29 225.1 188.0 150.73 160.11 160.09 160.11 160.84 160.11 140.01 189.99 220.77 231.09 229.0 220.36 196.57 181.0 158.66 150.01 133.9 155.18 168.99 184.07 194.3 184.94 160.0 124.05 98.46 99.99 97.42 93.12 96.36 97.23 162.02 206.38 225.0 240.04 241.87 239.0 224.15 214.91 196.35 185.43 174.15 170.17 170.25 162.92 158.57 154.98 110.6 95.98 90.0 75.0 45.35 20.15 39.58 76.21 133.33 199.74 226.11 230.57 226.18 219.57 200.5 209.08 199.21 196.07 191.11 193.68 210.72 240.0 256.23 250.04 219.21 199.95 194.39 185.51 183.46 179.55 183.94 190.63 220.93 247.97 280.0 280.0 250.44 237.08 204.25 216.41 205.61 184.72 169.98 167.73 187.06 224.08 237.95 232.72 210.25 185.0 165.46 166.01 123.09 166.01 166.01 168.5 184.43 209.78 234.92 239.95 236.96 229.09 201.49 207.15 192.8 185.5 179.0 179.46 185.72 216.37 233.22 224.0 200.0 148.46 147.3 168.0 152.77 158.01 158.0 158.04 158.11 184.18 219.3 221.93 220.0 206.01 192.93 149.9 145.01 140.01 145.66 148.91 172.42 211.94 230.56 223.46 189.21 144.04 150.72 130.0 108.96 110.24 118.92 145.57 184.63 217.9 233.5 241.77 233.17 224.32 205.56 210.0 202.71 189.0 174.74 176.26 203.2 226.93 242.74 242.29 225.1 188.0 150.73 160.11 160.09 160.11 160.84 160.11 140.01 189.99 220.77 231.09 229.0 220.36 196.57 181.0 158.66 150.01 133.9 155.18 168.99 184.07 194.3 184.94 160.0 124.05 98.46 99.99 97.42 93.12 96.36 97.23 162.02 206.38 225.0 240.04 241.87 239.0 224.15 214.91 196.35 185.43 174.15 170.17 170.25 162.92 158.57 154.98 110.6 95.98 90.0 75.0 45.35 20.15 39.58 76.21 133.33 199.74 226.11 230.57 226.18 219.57 200.5 209.08 199.21 196.07 191.11 193.68 210.72 240.0 256.23 250.04 219.21 199.95 194.39 185.51 183.46 179.55 183.94 190.63 220.93 247.97 280.0 280.0 250.44 237.08 204.25 216.41 205.61 184.72 169.98 167.73 187.06 224.08 237.95 232.72 210.25 185.0 165.46 166.01 123.09 166.01 166.01 168.5 184.43 209.78 234.92 239.95 236.96 229.09 201.49 207.15 192.8 185.5 179.0 179.46 185.72 216.37 233.22 224.0 200.0 148.46 147.3 168.0 152.77 158.01 158.0 158.04 158.11 184.18 219.3 221.93 220.0 206.01 192.93 149.9 145.01 140.01 145.66 148.91 172.42 211.94 230.56 223.46 189.21 144.04 150.72 130.0 108.96 110.24 118.92 145.57 184.63 217.9 233.5 241.77 233.17 224.32 205.56 210.0 202.71 189.0 174.74 176.26 203.2 226.93 242.74 242.29 225.1 188.0 150.73 160.11 160.09 160.11 160.84 160.11 140.01 189.99 220.77 231.09 229.0 220.36 196.57 181.0 158.66 150.01 133.9 155.18 168.99 184.07 194.3 184.94 160.0 124.05 98.46 99.99 97.42 93.12 96.36 97.23 162.02 206.38 225.0 240.04 241.87 239.0 224.15 214.91 196.35 185.43 174.15 170.17 170.25 162.92 158.57 154.98 110.6 95.98 90.0 75.0 45.35 20.15 39.58 76.21 133.33 199.74 226.11 230.57 226.18 219.57 200.5 209.08 199.21 196.07 191.11 193.68 210.72 240.0 256.23 250.04 219.21 199.95 194.39 185.51 183.46 179.55 183.94 190.63 220.93 247.97 280.0 280.0 250.44 237.08 204.25 216.41 205.61 184.72 169.98 167.73 187.06 224.08 237.95 232.72 210.25 185.0 165.46 166.01 123.09 166.01 166.01 168.5 184.43 209.78 234.92 239.95 236.96 229.09 201.49 207.15 192.8 185.5 179.0 179.46 185.72 216.37 233.22 224.0 200.0 148.46 147.3 168.0 152.77 158.01 158.0 158.04 158.11 184.18 219.3 221.93 220.0 206.01 192.93 149.9 145.01 140.01 145.66 148.91 172.42 211.94 230.56 223.46 189.21 144.04 150.72 130.0 108.96 110.24 118.92 145.57 184.63 217.9 233.5 241.77 233.17 224.32 205.56 210.0 202.71 189.0 174.74 176.26 203.2 226.93 242.74 242.29 225.1 188.0 150.73 160.11 160.09 160.11 160.84 160.11 140.01 189.99 220.77 231.09 229.0 220.36 196.57 181.0 158.66 150.01 133.9 155.18 168.99 184.07 194.3 184.94 160.0 124.05 98.46 99.99 97.42 93.12 96.36 97.23 162.02 206.38 225.0 240.04 241.87 239.0 224.15 214.91 196.35 185.43 174.15 170.17 170.25 162.92 158.57 154.98 110.6 95.98 90.0 75.0 45.35 20.15 39.58 76.21 133.33 199.74 226.11 230.57 226.18 219.57 200.5 209.08 199.21 196.07 191.11 193.68 210.72 240.0 256.23 250.04 219.21 199.95 194.39 185.51 183.46 179.55 183.94 190.63 220.93 247.97 280.0 280.0 250.44 237.08 204.25 216.41 205.61 184.72 169.98 167.73 187.06 224.08 237.95 232.72 210.25 185.0 165.46 166.01 123.09 166.01 166.01 168.5 184.43 209.78 234.92 239.95 236.96 229.09 201.49 207.15 192.8 185.5 179.0 179.46 185.72 216.37 233.22 224.0 200.0 148.46 147.3 168.0 152.77 158.01 158.0 158.04 158.11 184.18 219.3 221.93 220.0 206.01 192.93 149.9 145.01 140.01 145.66 148.91 172.42 211.94 230.56 223.46 189.21 144.04 150.72 130.0 108.96 110.24 118.92 145.57 184.63 217.9 233.5 241.77 233.17 224.32 205.56 210.0 202.71 189.0 174.74 176.26 203.2 226.93 242.74 242.29 225.1 188.0 150.73 160.11 160.09 160.11 160.84 160.11 140.01 189.99 220.77 231.09 229.0 220.36 196.57 181.0 158.66 150.01 133.9 155.18 168.99 184.07 194.3 184.94 160.0 124.05 98.46 99.99 97.42 93.12 96.36 97.23 162.02 206.38 225.0 240.04 241.87 239.0 224.15 214.91 196.35 185.43 174.15 170.17 170.25 162.92 158.57 154.98 110.6 95.98 90.0 75.0 45.35 20.15 39.58 76.21 133.33
