512 5
1 30 39 51 43
1 0 0 0 0 0 3 1 2 3 0 140 14.41
6 0 0 1 9 2 3 6 8 19 1 94 16.61
10 0 2 0 0 0 2 4 10 1 154 12.57
8 0 0 0 5 8 3 9 19 21 1 142 11.57
3 0 0 3 6 8 3 5 7 30 11 177 12.9
1 0 10 0 0 0 2 15 23 14 133 10.99
8 0 5 0 10 1 2 17 25 7 179 12.85
10 0 2 0 3 0 3 11 13 15 14 133 12.31
1 0 0 2 5 8 3 10 22 28 7 97 16.64
9 0 4 0 0 0 1 11 9 138 18.02
4 0 0 1 5 0 1 26 11 120 10.53
10 0 0 1 10 9 3 12 14 22 24 117 16.78
4 1 0 0 0 0 3 16 18 20 34 198 11.3
9 1 0 0 0 0 1 16 24 188 17.26
5 0 1 0 2 7 1 17 34 157 17.1
3 0 9 0 2 0 3 16 18 21 24 168 11.58
7 0 0 0 0 6 3 24 25 27 38 127 17.6
9 0 0 4 5 5 2 20 27 39 181 13.93
2 1 0 0 0 0 3 24 25 29 38 194 11.76
6 0 9 0 0 0 1 22 9 179 9.92
1 0 9 3 0 0 1 24 48 142 17.68
1 1 0 0 0 0 1 26 27 136 18.08
1 1 0 0 0 0 2 23 26 34 142 13.64
3 1 0 0 0 0 1 27 35 153 11.57
6 0 0 3 0 0 1 28 49 176 15.97
9 0 7 0 0 0 1 28 45 195 11.45
10 0 0 3 5 0 1 29 35 140 18.32
5 0 0 1 2 0 1 29 48 202 13.49
6 0 0 5 0 1 1 31 55 205 13.17
9 0 8 0 0 1 1 31 53 198 12.03
3 0 0 0 9 0 1 31 14 128 13.39
1 0 0 0 0 0 0 62 168 14.55
1 0 0 0 0 0 3 33 34 35 0 133 17.03
2 0 5 0 0 0 2 37 49 1 97 16.56
10 0 5 0 0 0 3 36 46 53 1 119 18.3
10 0 0 4 0 0 2 40 45 1 127 13.01
8 0 0 7 0 0 3 41 47 49 11 120 12.11
4 0 0 0 9 0 3 38 42 44 3 118 15.9
7 0 0 0 0 2 2 39 54 7 161 16.5
6 0 0 9 0 0 1 48 14 120 15.81
5 0 0 2 0 0 2 52 58 11 134 16.26
7 1 0 0 0 0 2 45 57 19 111 10.65
2 0 0 1 0 0 3 43 46 62 7 176 14.46
10 0 0 7 0 0 3 50 55 61 9 153 17.57
5 0 9 0 0 0 2 45 50 7 173 17.62
2 1 0 0 0 0 3 55 59 61 26 186 16.41
2 0 0 0 4 0 2 51 61 11 125 16.03
8 0 0 0 0 8 2 54 57 19 121 11.35
1 1 0 0 0 0 2 60 62 20 133 9.74
10 0 0 1 0 0 3 52 54 58 19 186 13.35
8 0 0 0 0 4 2 51 56 19 129 17.21
4 1 0 0 0 0 1 52 27 170 16.87
3 0 0 0 0 9 1 57 31 122 10.62
6 0 0 5 0 0 1 56 11 147 17.15
8 0 0 8 0 0 2 56 62 29 129 16.39
6 1 0 0 0 0 1 58 28 124 18.03
10 0 0 0 0 10 1 59 37 204 14.02
9 0 0 0 0 10 1 59 34 134 12.46
3 0 0 0 5 0 1 60 34 175 10.03
6 0 0 1 0 0 1 60 47 133 14.87
1 0 2 0 0 0 1 63 53 194 11.18
7 0 0 0 0 9 1 63 28 127 9.84
10 0 0 0 10 0 1 63 37 162 15.24
1 0 0 0 0 0 0 54 175 10.43
1 0 0 0 0 0 3 65 66 67 0 93 18.14
4 0 0 4 5 2 3 70 71 80 1 103 16.96
1 0 4 1 0 0 3 68 74 75 1 117 15.75
8 0 0 6 1 0 3 69 73 76 1 140 18.02
1 0 4 0 1 0 3 69 71 78 2 111 9.95
6 0 0 5 0 5 3 72 79 85 9 108 16.92
2 0 1 4 5 0 2 81 84 5 172 13.49
4 0 3 0 9 9 3 72 77 89 5 152 18.2
2 0 2 9 9 5 3 83 88 92 15 146 9.62
5 0 0 4 5 5 3 77 84 87 9 109 13.68
3 0 7 0 9 4 3 76 77 78 2 168 12.94
4 0 1 1 7 7 3 76 79 84 2 105 16.27
8 0 4 10 3 6 2 80 85 9 152 10.11
7 0 3 6 7 3 3 86 92 94 14 187 15.54
8 0 2 4 0 5 3 82 86 91 5 110 16.5
6 0 2 0 5 5 3 80 81 88 15 130 17.71
8 0 3 6 1 4 2 82 91 21 191 13.84
2 0 0 6 3 8 2 83 87 21 147 16.44
9 1 0 0 0 0 2 83 89 29 176 12.09
9 0 8 0 4 10 1 93 38 164 10.54
8 1 0 0 0 0 2 90 91 14 141 14.88
7 0 8 4 10 8 2 86 94 17 109 16.53
10 0 0 0 7 0 1 88 24 136 16.0
5 1 0 0 0 0 3 89 92 94 23 137 9.79
9 0 10 0 2 5 1 90 34 191 17.39
9 0 3 0 10 5 1 90 38 204 12.49
7 0 6 3 4 5 1 93 47 189 9.41
7 0 0 6 5 2 1 93 29 146 10.74
3 1 0 0 0 0 1 95 28 133 12.12
9 0 9 6 9 2 1 95 54 189 16.87
9 0 9 2 5 9 1 95 28 184 14.97
1 0 0 0 0 0 0 63 154 9.41
1 0 0 0 0 0 3 97 98 99 0 101 16.19
10 0 2 0 0 0 3 112 115 116 1 131 16.29
3 0 8 0 0 0 3 104 105 108 1 143 17.6
1 0 0 5 0 0 3 100 103 107 1 91 10.67
1 0 0 0 6 0 3 101 102 109 2 121 12.7
7 0 5 0 0 0 2 106 114 3 176 16.86
10 0 0 6 0 0 2 105 123 3 150 15.53
4 0 0 0 6 0 3 104 113 120 2 157 11.54
7 0 0 3 0 0 3 111 112 115 6 99 16.6
2 1 0 0 0 0 2 106 120 13 132 15.73
4 1 0 0 0 0 2 110 118 15 162 13.96
2 0 0 5 0 0 1 119 2 142 16.36
1 0 0 3 0 0 3 113 119 121 4 154 11.48
4 0 0 0 8 0 3 110 111 126 3 146 9.95
7 0 0 0 7 0 2 121 124 19 127 10.28
9 0 2 0 0 0 1 124 13 124 15.62
10 0 1 0 0 0 1 117 13 174 10.64
8 0 0 7 0 0 1 114 6 146 10.01
5 1 0 0 0 0 1 122 14 108 17.96
10 0 0 5 0 0 1 118 13 176 16.4
9 0 7 0 0 0 1 120 11 131 11.93
2 0 0 0 0 2 3 118 123 124 23 187 15.42
3 0 0 8 0 0 2 119 121 25 157 10.61
6 0 0 0 0 9 1 125 28 177 13.55
9 0 5 0 0 0 1 126 20 133 12.67
2 0 0 0 0 9 1 125 28 131 13.91
9 0 4 0 0 0 2 123 125 19 191 11.23
4 0 0 10 0 0 1 126 28 156 10.87
7 0 0 0 0 10 1 127 26 192 16.33
2 0 0 0 0 4 1 127 34 177 13.24
1 0 0 0 6 0 1 127 32 119 12.14
1 0 0 0 0 0 0 36 140 17.83
1 0 0 0 0 0 3 129 130 131 0 163 14.4
1 0 1 6 4 10 3 133 137 154 1 89 17.04
9 0 5 5 4 5 2 133 138 1 116 17.01
10 0 3 3 4 8 3 132 134 135 1 104 10.09
4 1 0 0 0 0 3 140 150 152 11 125 13.37
8 1 0 0 0 0 3 142 146 149 10 108 11.22
2 0 6 10 4 2 3 138 139 141 11 147 17.55
4 0 3 8 10 4 3 136 139 142 11 121 12.14
7 0 10 6 3 2 3 140 143 144 15 177 15.52
4 0 6 3 6 7 2 142 144 2 113 12.83
10 0 10 9 8 10 3 143 150 154 13 156 9.52
1 0 10 10 8 8 2 148 149 15 132 10.88
7 1 0 0 0 0 3 145 154 155 22 147 15.41
3 0 4 8 10 5 2 145 149 13 127 12.29
6 0 10 6 5 10 3 145 151 153 18 132 9.3
3 1 0 0 0 0 2 146 147 23 184 10.4
9 0 6 8 5 10 2 146 147 22 145 12.17
4 0 9 8 10 1 3 156 157 158 29 138 11.55
1 1 0 0 0 0 1 148 31 136 12.16
1 1 0 0 0 0 2 148 151 31 193 16.77
5 0 7 7 10 9 1 152 32 185 16.14
6 0 5 4 9 8 2 150 152 18 159 9.92
2 1 0 0 0 0 3 151 153 155 24 108 14.96
1 0 7 4 1 3 1 157 32 161 16.3
3 1 0 0 0 0 2 153 155 37 126 14.23
4 0 5 7 6 3 1 158 40 164 10.09
10 0 7 1 7 3 2 156 157 29 174 13.42
10 0 10 9 8 8 2 156 158 40 140 11.43
7 0 2 5 5 1 1 159 50 191 12.8
4 0 4 3 2 7 1 159 39 142 9.22
9 0 8 2 7 9 1 159 50 158 11.28
1 0 0 0 0 0 0 59 164 17.95
1 0 0 0 0 0 3 161 162 163 0 153 10.44
9 0 4 2 1 1 1 184 1 163 12.0
5 0 5 4 8 10 3 164 165 172 1 118 11.39
10 0 9 6 7 6 3 168 173 174 1 151 15.21
4 0 3 4 3 4 3 166 167 175 6 174 13.12
7 0 1 6 9 10 1 190 6 143 14.76
9 0 6 8 8 2 3 170 176 187 10 167 17.45
8 0 4 9 9 7 3 171 177 189 10 177 16.65
8 0 9 5 8 4 2 169 186 11 179 9.37
10 1 0 0 0 0 2 171 176 19 162 9.77
9 1 0 0 0 0 1 173 19 152 12.67
2 0 5 5 2 8 1 183 29 136 16.48
2 0 2 8 8 4 1 189 6 100 11.34
1 1 0 0 0 0 3 180 181 185 28 145 17.4
2 0 7 9 9 10 1 179 11 147 15.18
5 0 2 2 8 1 1 178 10 157 13.05
5 0 2 4 7 10 1 180 29 124 10.89
3 0 4 4 3 10 1 182 18 118 13.77
4 0 2 2 10 2 1 190 15 164 13.75
3 0 4 5 3 10 1 181 13 169 15.61
8 0 3 1 9 7 1 184 34 180 18.15
6 0 1 7 10 1 1 188 29 188 17.7
10 1 0 0 0 0 1 186 21 191 12.95
3 0 9 4 7 5 2 184 190 31 172 15.43
3 0 10 9 1 2 1 188 42 165 9.6
9 0 7 3 3 5 1 186 29 151 14.83
4 0 8 1 2 9 1 188 38 186 9.64
10 1 0 0 0 0 1 189 19 187 14.28
4 0 8 4 4 4 1 191 45 201 11.79
9 0 8 5 3 9 1 191 29 131 12.75
9 0 7 2 7 7 1 191 34 136 14.86
1 0 0 0 0 0 0 49 196 15.48
1 0 0 0 0 0 3 193 194 195 0 137 13.74
9 0 10 0 0 0 3 196 204 207 1 162 10.75
10 0 0 6 3 0 3 197 200 213 1 160 13.8
9 0 0 7 0 0 3 196 199 200 1 170 11.56
9 0 5 2 5 0 2 202 209 10 140 17.38
2 0 0 0 6 3 3 198 199 203 11 97 16.3
6 0 0 1 0 7 3 201 202 205 13 173 15.43
10 0 5 0 8 0 3 204 206 207 13 177 15.05
10 0 8 0 3 0 1 212 11 148 10.25
3 1 0 0 0 0 3 204 209 214 19 139 14.01
10 1 0 0 0 0 3 210 214 222 19 121 16.61
9 0 4 0 0 0 2 211 221 13 116 10.54
4 1 0 0 0 0 3 208 210 219 23 182 13.25
8 0 5 2 8 0 3 208 209 214 19 167 16.77
2 1 0 0 0 0 3 208 210 222 23 158 16.15
3 1 0 0 0 0 3 215 217 219 23 151 11.47
9 0 2 0 0 3 3 211 212 217 27 150 11.31
1 0 2 10 0 7 3 216 218 219 27 113 14.25
6 1 0 0 0 0 3 211 212 217 29 176 13.32
8 0 7 0 0 0 1 215 36 206 14.12
2 0 0 4 10 0 1 216 36 132 11.88
8 0 10 1 0 0 1 220 11 124 14.99
3 1 0 0 0 0 2 215 221 29 173 13.65
7 0 10 2 0 0 2 216 218 44 203 14.81
3 0 6 0 7 6 1 220 51 149 13.44
10 0 4 1 0 7 2 218 221 36 196 10.59
8 0 0 8 0 7 1 220 51 188 11.24
1 1 0 0 0 0 1 222 28 183 15.48
2 0 5 0 0 0 1 223 59 197 9.83
5 0 0 9 0 8 1 223 46 190 15.56
6 1 0 0 0 0 1 223 29 140 16.47
1 0 0 0 0 0 0 61 184 10.58
1 0 0 0 0 0 3 225 226 227 0 146 11.61
5 0 9 4 7 4 1 250 1 126 16.61
3 0 3 6 7 2 3 233 236 247 1 105 15.95
6 0 7 1 8 10 3 228 232 252 1 94 9.23
4 0 6 2 7 1 3 229 230 246 7 171 12.78
7 0 9 6 3 5 2 231 239 11 114 10.71
2 0 8 9 5 8 2 234 254 11 97 14.18
3 1 0 0 0 0 1 237 18 146 12.79
8 0 10 8 2 9 3 235 241 242 7 120 9.74
2 0 4 8 9 10 2 238 239 4 96 14.64
4 0 9 4 1 5 1 243 13 126 11.95
4 1 0 0 0 0 1 245 15 111 13.63
3 0 3 4 2 9 1 250 4 134 15.47
3 0 7 1 8 1 2 243 248 21 120 13.62
7 0 3 9 2 7 1 248 6 110 11.43
4 1 0 0 0 0 2 240 244 18 139 12.22
5 1 0 0 0 0 1 251 22 178 12.69
5 0 1 8 2 9 1 248 15 157 13.02
3 1 0 0 0 0 1 244 15 132 17.16
8 0 9 2 7 3 2 247 250 24 131 9.97
7 1 0 0 0 0 1 251 22 185 13.26
4 0 10 8 1 3 1 249 19 156 9.58
2 1 0 0 0 0 2 247 254 11 151 16.11
10 0 2 3 10 9 1 253 32 175 15.0
8 0 4 9 3 8 1 249 24 123 16.98
6 0 7 6 7 2 1 254 32 136 12.55
4 0 1 8 9 7 1 253 32 161 17.21
8 0 4 4 5 4 1 253 29 186 10.38
1 0 2 4 10 6 1 255 7 167 16.86
4 0 7 8 9 9 1 255 42 132 11.12
4 0 9 1 4 8 1 255 38 125 10.37
1 0 0 0 0 0 0 46 163 13.73
1 0 0 0 0 0 3 257 258 259 0 100 14.56
1 0 3 7 8 2 3 262 264 266 1 158 13.62
7 0 10 8 8 3 3 260 261 263 1 155 14.68
6 0 4 3 10 8 3 269 271 277 1 138 17.58
5 1 0 0 0 0 3 276 277 280 8 151 9.6
8 0 1 2 5 2 2 267 279 8 122 9.4
7 0 4 3 5 7 3 265 269 270 2 117 9.67
5 0 10 8 7 6 3 269 270 282 8 132 18.19
9 0 5 6 10 1 2 267 278 2 122 13.98
9 0 2 8 3 7 3 267 271 275 9 161 10.49
3 0 8 1 8 7 2 268 272 2 114 9.87
6 0 6 6 1 4 2 282 286 18 122 16.08
10 0 2 2 7 7 3 273 274 278 5 125 12.93
7 1 0 0 0 0 3 272 275 276 13 161 17.11
9 0 8 3 2 3 3 271 272 275 13 165 9.4
6 0 8 9 5 6 2 273 274 22 116 14.71
6 1 0 0 0 0 3 273 280 281 22 145 9.78
7 0 3 1 2 3 1 285 28 190 10.52
3 1 0 0 0 0 2 276 283 28 185 13.25
7 0 4 6 10 4 2 278 279 22 156 9.32
9 0 6 3 5 7 2 279 284 31 192 14.03
8 0 2 8 3 1 2 281 282 13 166 16.0
5 0 2 2 2 3 2 280 283 29 122 11.66
1 0 7 5 10 10 1 281 40 132 17.23
9 0 6 7 2 1 2 284 286 34 136 13.42
6 0 2 2 4 10 2 285 286 41 129 17.48
2 0 9 9 9 6 2 283 285 24 118 13.75
10 0 6 5 9 5 1 284 34 175 17.38
3 0 8 6 2 8 1 287 44 174 13.14
4 0 5 5 5 4 1 287 47 175 14.75
9 0 9 3 6 4 1 287 47 142 16.34
1 0 0 0 0 0 0 56 183 11.81
1 0 0 0 0 0 3 289 290 291 0 130 11.58
1 0 0 0 0 7 3 295 297 303 1 122 17.4
6 0 3 0 0 0 3 298 305 307 1 118 10.54
4 0 6 0 0 0 2 292 295 1 94 15.11
8 0 8 0 0 0 3 293 294 304 5 155 10.73
4 0 0 0 0 7 3 299 302 308 13 106 16.27
1 0 0 0 6 0 3 298 300 301 13 147 15.24
4 0 0 0 0 3 3 296 299 304 5 140 16.39
3 0 0 9 0 0 3 301 307 308 9 164 15.36
10 0 0 0 7 0 3 302 309 315 2 149 9.32
3 1 0 0 0 0 3 303 310 311 14 153 9.6
3 0 9 0 0 0 3 306 312 313 17 136 12.37
1 0 0 8 0 0 3 303 305 311 14 175 16.9
7 0 0 0 0 10 2 309 315 14 163 12.95
4 0 0 0 0 1 2 307 317 17 135 16.35
10 1 0 0 0 0 2 306 314 17 166 11.97
3 0 0 7 0 0 3 305 308 313 13 171 10.26
6 0 0 1 0 0 3 306 317 318 16 123 10.04
4 0 0 9 0 0 1 316 27 128 17.25
5 1 0 0 0 0 2 312 314 21 172 14.2
5 0 0 4 0 0 3 310 311 315 17 123 12.18
9 0 0 0 8 0 3 310 312 313 21 172 13.73
4 0 0 0 8 0 1 317 30 175 16.18
9 1 0 0 0 0 1 314 22 137 10.24
2 1 0 0 0 0 1 316 30 155 10.91
6 0 0 2 0 0 1 316 30 197 15.78
9 0 0 0 8 0 1 318 31 136 18.28
10 1 0 0 0 0 1 318 22 178 17.5
2 0 0 5 0 0 1 319 36 177 13.31
6 0 0 1 0 0 1 319 34 127 12.98
9 0 0 0 0 2 1 319 40 142 16.1
1 0 0 0 0 0 0 49 210 11.86
1 0 0 0 0 0 3 321 322 323 0 141 12.67
10 0 9 0 0 0 3 325 327 331 1 135 17.27
6 0 1 0 0 0 3 324 326 336 1 162 18.11
10 0 2 0 0 0 1 345 1 155 15.43
9 0 0 8 0 0 2 330 339 7 100 11.65
7 0 0 0 0 2 3 334 343 345 11 165 9.6
3 0 0 0 0 4 2 328 337 7 170 16.36
10 0 9 0 0 0 2 333 340 11 187 14.6
8 0 0 0 0 10 2 329 345 10 132 9.82
10 0 0 0 3 0 3 331 332 335 18 139 16.62
7 0 0 0 6 0 3 333 338 344 16 164 17.56
6 0 0 0 0 3 2 344 350 28 191 10.37
10 0 7 0 0 0 2 334 343 28 168 12.92
3 0 0 0 7 0 2 337 346 23 187 10.21
7 1 0 0 0 0 3 338 339 340 38 130 12.84
10 0 0 5 0 0 2 342 347 28 156 17.27
4 0 0 0 4 0 1 337 7 134 12.95
3 0 0 0 0 1 1 350 26 182 15.15
3 1 0 0 0 0 2 342 347 45 207 13.88
10 1 0 0 0 0 2 342 348 45 189 9.27
10 1 0 0 0 0 2 341 349 45 201 17.58
6 0 2 0 0 0 2 346 350 55 176 12.56
9 0 2 0 0 0 1 349 55 193 15.72
4 0 0 0 10 0 1 344 38 129 9.64
5 0 5 0 0 0 1 346 42 196 12.93
7 0 0 0 3 0 2 348 349 18 115 16.21
7 0 6 0 0 0 1 347 61 170 18.36
9 0 5 0 0 0 1 348 68 169 13.8
7 0 1 0 0 0 1 351 77 168 18.22
4 0 0 0 0 1 1 351 64 217 12.32
6 0 0 6 0 0 1 351 61 192 13.91
1 0 0 0 0 0 0 84 238 17.48
1 0 0 0 0 0 3 353 354 355 0 134 11.04
10 0 0 5 0 0 3 356 360 381 1 161 10.55
6 0 0 10 0 0 3 357 359 363 1 132 11.02
8 0 0 0 0 1 2 364 374 1 146 15.28
6 0 0 2 0 0 1 368 11 117 10.87
5 0 0 0 0 7 3 358 366 368 7 117 11.48
9 1 0 0 0 0 1 361 12 118 14.99
1 1 0 0 0 0 1 375 7 144 13.71
6 0 6 0 0 0 3 362 367 370 11 132 12.84
6 0 0 2 0 0 1 380 21 114 9.2
6 0 0 8 0 0 2 373 376 17 143 14.1
1 1 0 0 0 0 2 365 369 7 160 13.59
4 0 2 0 0 0 1 378 9 173 10.37
1 0 0 0 4 0 1 378 8 102 16.16
7 1 0 0 0 0 1 377 12 183 11.0
8 1 0 0 0 0 3 369 372 375 17 182 18.15
4 1 0 0 0 0 1 373 17 133 12.42
3 1 0 0 0 0 1 371 25 178 15.99
3 0 10 0 0 0 2 371 380 17 175 18.03
2 1 0 0 0 0 1 379 28 139 14.34
1 1 0 0 0 0 1 373 25 147 15.61
3 1 0 0 0 0 2 377 379 26 184 14.85
6 0 0 0 1 0 1 375 9 113 14.03
10 0 0 0 0 3 1 379 25 192 17.61
1 1 0 0 0 0 1 382 23 172 12.62
4 0 0 0 10 0 1 382 29 182 13.38
6 1 0 0 0 0 1 380 13 177 16.02
6 0 0 2 0 0 1 382 35 179 16.55
3 0 0 0 10 0 1 383 27 175 13.2
4 0 0 0 0 9 1 383 11 142 16.09
8 0 1 0 0 0 1 383 41 132 11.91
1 0 0 0 0 0 0 49 131 9.45
1 0 0 0 0 0 3 385 386 387 0 98 14.63
10 0 0 0 0 8 2 392 396 1 119 9.32
5 0 0 8 0 0 3 388 391 399 1 104 10.78
2 0 3 0 0 0 1 389 1 139 12.47
3 0 0 0 0 6 3 390 400 402 6 166 15.96
5 0 8 0 0 0 3 395 397 409 3 175 11.01
1 0 0 0 10 0 3 392 398 408 9 118 15.8
8 0 0 0 0 7 2 393 396 6 122 13.33
5 0 0 0 0 9 2 411 414 11 119 12.49
9 0 8 0 0 0 3 394 404 414 14 127 15.17
8 1 0 0 0 0 2 405 407 23 132 16.29
3 0 4 0 0 0 2 405 410 8 131 14.69
5 0 0 0 0 9 1 406 14 127 12.67
10 0 0 5 0 0 3 401 402 411 8 120 16.91
4 0 0 0 2 0 2 401 403 10 126 15.52
3 0 9 0 0 0 3 400 401 407 6 117 13.67
7 0 0 9 0 0 2 408 413 9 125 12.38
2 0 0 0 1 0 2 404 412 18 133 15.87
10 0 6 0 0 0 1 412 18 181 12.19
7 0 0 0 3 0 2 409 411 14 114 18.36
10 0 1 0 0 0 1 405 23 167 16.57
4 0 0 8 0 0 1 413 33 122 10.03
3 1 0 0 0 0 3 407 408 409 19 161 13.6
9 0 0 2 0 0 1 410 31 192 14.14
10 0 0 0 3 0 1 410 22 178 18.2
8 0 2 0 0 0 1 414 22 143 17.63
10 0 0 0 0 2 1 412 40 137 13.07
1 1 0 0 0 0 1 413 21 134 17.3
6 0 0 0 0 5 1 415 50 167 14.38
3 0 0 0 0 9 1 415 37 123 13.2
10 0 2 0 0 0 1 415 30 146 18.24
1 0 0 0 0 0 0 56 178 17.48
1 0 0 0 0 0 3 417 418 419 0 87 15.79
8 0 9 1 8 9 3 431 433 434 1 149 16.39
2 0 7 10 5 2 3 421 428 430 1 103 9.85
6 0 8 6 10 10 3 420 422 443 1 117 16.89
10 0 10 7 1 4 2 423 427 7 145 14.29
1 0 5 3 8 7 3 424 427 438 3 145 10.88
8 0 5 7 7 3 2 429 432 7 162 12.78
6 1 0 0 0 0 2 431 433 17 133 11.65
8 0 9 1 1 9 2 425 426 4 125 16.11
8 0 7 6 7 10 1 432 12 147 15.79
1 0 7 4 6 2 1 444 12 118 17.99
1 1 0 0 0 0 3 433 434 441 17 151 12.88
4 0 1 5 8 2 3 442 443 446 3 151 13.46
3 0 5 4 6 3 2 430 437 15 136 12.95
4 1 0 0 0 0 2 438 445 18 105 14.1
5 0 2 8 6 4 2 438 445 23 147 13.7
7 1 0 0 0 0 3 434 436 439 20 126 11.73
6 0 1 5 8 10 2 435 440 23 169 18.05
5 0 6 8 2 5 1 440 27 169 13.64
6 0 1 10 2 2 1 439 29 185 15.21
10 1 0 0 0 0 1 441 27 151 11.79
8 0 5 2 8 3 2 440 441 18 164 11.92
8 0 4 5 8 5 1 439 28 179 12.7
2 0 1 10 5 9 1 446 36 180 15.25
8 0 1 8 4 9 1 442 32 188 14.3
4 0 7 6 7 9 3 442 445 446 37 144 14.79
2 0 8 1 8 10 1 444 41 175 10.85
10 0 6 1 4 5 1 444 7 110 17.17
6 0 5 8 9 8 1 447 43 150 13.0
9 0 7 10 3 6 1 447 41 135 13.06
7 0 10 3 3 2 1 447 41 164 13.3
1 0 0 0 0 0 0 50 161 14.22
1 0 0 0 0 0 3 449 450 451 0 130 11.83
4 0 0 10 0 0 3 453 459 466 1 116 13.65
4 0 0 4 0 0 3 452 454 458 1 109 10.92
2 0 0 6 0 0 3 458 460 477 1 112 10.18
4 0 0 0 8 0 3 455 456 460 5 95 12.29
5 0 3 0 0 0 3 461 470 474 5 109 18.02
2 0 10 0 0 0 2 459 473 5 170 11.08
9 0 0 0 3 0 3 461 464 465 9 132 14.22
4 0 0 6 0 0 3 457 459 465 9 181 9.5
5 0 8 0 0 0 3 462 466 468 13 118 9.3
2 0 0 0 0 3 1 473 5 149 17.36
3 0 4 0 0 0 3 463 464 467 13 127 12.67
3 0 0 0 5 0 3 461 463 469 9 151 15.02
5 0 9 0 0 0 2 472 475 18 171 10.69
6 0 0 0 0 10 3 463 464 467 18 157 10.39
7 1 0 0 0 0 1 471 24 165 13.13
6 0 0 1 0 0 1 477 24 165 15.66
10 0 0 3 0 0 2 468 475 18 181 11.21
5 0 0 0 1 0 3 467 469 477 18 184 10.91
4 1 0 0 0 0 3 470 471 475 24 144 11.44
6 1 0 0 0 0 2 469 471 28 184 16.0
6 0 4 0 0 0 3 470 472 473 34 178 11.06
8 0 0 0 0 8 2 476 478 40 196 15.6
4 1 0 0 0 0 2 472 474 34 183 15.13
8 0 0 6 0 0 1 478 40 185 10.21
8 0 0 8 0 0 2 474 476 40 139 10.27
3 0 0 0 2 0 1 478 48 153 9.29
8 0 0 9 0 0 1 476 28 119 11.54
5 0 8 0 0 0 1 479 48 152 13.22
2 1 0 0 0 0 1 479 30 170 10.43
10 0 1 0 0 0 1 479 51 209 17.79
1 0 0 0 0 0 0 61 213 11.68
1 0 0 0 0 0 3 481 482 483 0 108 18.0
6 0 0 2 2 0 3 487 489 495 1 123 15.95
1 0 6 1 7 5 3 484 485 488 1 90 16.08
4 0 7 2 5 0 3 492 505 509 1 155 11.18
6 0 0 0 9 0 3 500 502 505 2 113 15.01
6 0 0 1 0 9 2 486 502 2 103 12.93
4 0 0 0 10 0 3 490 491 493 8 158 16.97
7 0 0 0 0 1 2 496 499 7 181 16.67
2 0 0 8 10 4 2 494 498 2 144 11.67
4 0 0 6 0 3 2 497 502 7 149 13.36
9 0 10 0 3 8 2 509 510 12 178 12.71
10 0 0 5 4 0 2 492 503 12 105 17.15
10 0 1 0 5 0 2 499 501 22 126 17.81
5 0 0 0 0 9 1 495 12 115 16.01
1 0 8 0 0 9 2 503 505 4 126 18.1
5 0 2 0 0 8 1 500 17 148 9.95
2 0 7 0 6 8 1 500 14 174 12.29
8 0 4 0 0 0 3 498 499 501 11 150 9.43
9 1 0 0 0 0 1 510 19 127 12.16
1 0 6 0 6 3 2 507 508 32 152 10.77
10 0 0 10 0 5 3 501 503 504 22 165 9.31
2 0 0 0 10 0 2 507 508 32 153 11.2
8 0 4 3 0 0 1 506 11 130 12.56
3 0 0 7 5 0 1 506 32 128 10.87
3 0 8 0 0 0 1 506 32 140 13.66
10 0 0 4 1 0 1 508 8 135 9.87
4 0 0 9 0 10 2 507 509 35 174 16.81
4 0 0 0 2 0 1 510 39 168 11.9
4 0 5 0 2 4 1 511 34 168 10.04
2 0 6 2 0 10 1 511 39 181 11.21
2 0 0 2 0 0 1 511 43 178 9.91
1 0 0 0 0 0 0 45 173 16.16
78.95 88.44 92.2 89.62 103.19 136.01 175.01 177.06 177.07 187.58 177.06 177.06 177.07 175.08 177.63 204.09 199.85 249.99 254.37 237.28 220.0 215.94 209.16 180.0 188.94 192.68 180.09 188.09 193.99 205.07 229.1 273.71 294.4 290.64 275.4 265.1 250.0 244.27 243.02 249.22 260.0 278.0 276.39 255.03 237.28 224.19 190.78 175.49 169.01 163.48 162.93 160.01 163.16 169.01 210.0 227.42 261.65 252.67 221.75 193.62 170.14 180.03 181.38 235.31 250.0 260.0 234.37 227.93 174.07 120.9 118.08 97.16 99.86 104.61 99.86 84.8 84.51 149.02 174.53 230.1 219.95 130.27 174.0 165.02 165.03 165.07 174.02 219.91 229.1 234.96 211.74 180.0 152.33 137.91 131.76 121.39 119.19 117.87 110.92 113.14 119.15 120.73 148.76 207.59 223.15 215.79 206.51 206.43 190.0 170.08 169.29 190.0 181.24 195.19 165.05 145.81 139.73 132.25 133.59 120.01 123.58 120.3 119.99 121.8 123.57 123.68 120.0 148.35 186.0 207.46 211.25 209.66 200.83 188.54 185.88 196.5 197.25 222.31 230.82 214.32 207.14 190.33 193.52 175.07 171.69 183.01 185.22 179.73 179.04 179.49 168.23 172.45 184.93 195.31 195.34 195.87 195.41 186.29 184.49 190.0 194.0 214.95 239.49 242.97 224.96 204.84 201.0 179.97 78.95 88.44 92.2 89.62 103.19 136.01 175.01 177.06 177.07 187.58 177.06 177.06 177.07 175.08 177.63 204.09 199.85 249.99 254.37 237.28 220.0 215.94 209.16 180.0 188.94 192.68 180.09 188.09 193.99 205.07 229.1 273.71 294.4 290.64 275.4 265.1 250.0 244.27 243.02 249.22 260.0 278.0 276.39 255.03 237.28 224.19 190.78 175.49 169.01 163.48 162.93 160.01 163.16 169.01 210.0 227.42 261.65 252.67 221.75 193.62 170.14 180.03 181.38 235.31 250.0 260.0 234.37 227.93 174.07 120.9 118.08 97.16 99.86 104.61 99.86 84.8 84.51 149.02 174.53 230.1 219.95 130.27 174.0 165.02 165.03 165.07 174.02 219.91 229.1 234.96 211.74 180.0 152.33 137.91 131.76 121.39 119.19 117.87 110.92 113.14 119.15 120.73 148.76 207.59 223.15 215.79 206.51 206.43 190.0 170.08 169.29 190.0 181.24 195.19 165.05 145.81 139.73 132.25 133.59 120.01 123.58 120.3 119.99 121.8 123.57 123.68 120.0 148.35 186.0 207.46 211.25 209.66 200.83 188.54 185.88 196.5 197.25 222.31 230.82 214.32 207.14 190.33 193.52 175.07 171.69 183.01 185.22 179.73 179.04 179.49 168.23 172.45 184.93 195.31 195.34 195.87 195.41 186.29 184.49 190.0 194.0 214.95 239.49 242.97 224.96 204.84 201.0 179.97 78.95 88.44 92.2 89.62 103.19 136.01 175.01 177.06 177.07 187.58 177.06 177.06 177.07 175.08 177.63 204.09 199.85 249.99 254.37 237.28 220.0 215.94 209.16 180.0 188.94 192.68 180.09 188.09 193.99 205.07 229.1 273.71 294.4 290.64 275.4 265.1 250.0 244.27 243.02 249.22 260.0 278.0 276.39 255.03 237.28 224.19 190.78 175.49 169.01 163.48 162.93 160.01 163.16 169.01 210.0 227.42 261.65 252.67 221.75 193.62 170.14 180.03 181.38 235.31 250.0 260.0 234.37 227.93 174.07 120.9 118.08 97.16 99.86 104.61 99.86 84.8 84.51 149.02 174.53 230.1 219.95 130.27 174.0 165.02 165.03 165.07 174.02 219.91 229.1 234.96 211.74 180.0 152.33 137.91 131.76 121.39 119.19 117.87 110.92 113.14 119.15 120.73 148.76 207.59 223.15 215.79 206.51 206.43 190.0 170.08 169.29 190.0 181.24 195.19 165.05 145.81 139.73 132.25 133.59 120.01 123.58 120.3 119.99 121.8 123.57 123.68 120.0 148.35 186.0 207.46 211.25 209.66 200.83 188.54 185.88 196.5 197.25 222.31 230.82 214.32 207.14 190.33 193.52 175.07 171.69 183.01 185.22 179.73 179.04 179.49 168.23 172.45 184.93 195.31 195.34 195.87 195.41 186.29 184.49 190.0 194.0 214.95 239.49 242.97 224.96 204.84 201.0 179.97 78.95 88.44 92.2 89.62 103.19 136.01 175.01 177.06 177.07 187.58 177.06 177.06 177.07 175.08 177.63 204.09 199.85 249.99 254.37 237.28 220.0 215.94 209.16 180.0 188.94 192.68 180.09 188.09 193.99 205.07 229.1 273.71 294.4 290.64 275.4 265.1 250.0 244.27 243.02 249.22 260.0 278.0 276.39 255.03 237.28 224.19 190.78 175.49 169.01 163.48 162.93 160.01 163.16 169.01 210.0 227.42 261.65 252.67 221.75 193.62 170.14 180.03 181.38 235.31 250.0 260.0 234.37 227.93 174.07 120.9 118.08 97.16 99.86 104.61 99.86 84.8 84.51 149.02 174.53 230.1 219.95 130.27 174.0 165.02 165.03 165.07 174.02 219.91 229.1 234.96 211.74 180.0 152.33 137.91 131.76 121.39 119.19 117.87 110.92 113.14 119.15 120.73 148.76 207.59 223.15 215.79 206.51 206.43 190.0 170.08 169.29 190.0 181.24 195.19 165.05 145.81 139.73 132.25 133.59 120.01 123.58 120.3 119.99 121.8 123.57 123.68 120.0 148.35 186.0 207.46 211.25 209.66 200.83 188.54 185.88 196.5 197.25 222.31 230.82 214.32 207.14 190.33 193.52 175.07 171.69 183.01 185.22 179.73 179.04 179.49 168.23 172.45 184.93 195.31 195.34 195.87 195.41 186.29 184.49 190.0 194.0 214.95 239.49 242.97 224.96 204.84 201.0 179.97 78.95 88.44 92.2 89.62 103.19 136.01 175.01 177.06 177.07 187.58 177.06 177.06 177.07 175.08 177.63 204.09 199.85 249.99 254.37 237.28 220.0 215.94 209.16 180.0 188.94 192.68 180.09 188.09 193.99 205.07 229.1 273.71 294.4 290.64 275.4 265.1 250.0 244.27 243.02 249.22 260.0 278.0 276.39 255.03 237.28 224.19 190.78 175.49 169.01 163.48 162.93 160.01 163.16 169.01 210.0 227.42 261.65 252.67 221.75 193.62 170.14 180.03 181.38 235.31 250.0 260.0 234.37 227.93 174.07 120.9 118.08 97.16 99.86 104.61 99.86 84.8 84.51 149.02 174.53 230.1 219.95 130.27 174.0 165.02 165.03 165.07 174.02 219.91 229.1 234.96 211.74 180.0 152.33 137.91 131.76 121.39 119.19 117.87 110.92 113.14 119.15 120.73 148.76 207.59 223.15 215.79 206.51 206.43 190.0 170.08 169.29 190.0 181.24 195.19 165.05 145.81 139.73 132.25 133.59 120.01 123.58 120.3 119.99 121.8 123.57 123.68 120.0 148.35 186.0 207.46 211.25 209.66 200.83 188.54 185.88 196.5 197.25 222.31 230.82 214.32 207.14 190.33 193.52 175.07 171.69 183.01 185.22 179.73 179.04 179.49 168.23 172.45 184.93 195.31 195.34 195.87 195.41 186.29 184.49 190.0 194.0 214.95 239.49 242.97 224.96 204.84 201.0 179.97 78.95 88.44 92.2 89.62 103.19 136.01 175.01 177.06 177.07 187.58 177.06 177.06 177.07 175.08
