512 5
1 55 63 38 63
1 0 0 0 0 0 3 1 2 3 0 93 18.35
8 0 1 3 1 10 3 13 20 24 1 106 14.6
6 0 6 9 2 1 1 15 1 142 11.36
6 0 4 7 9 7 3 4 5 7 1 129 18.14
5 0 4 1 1 10 3 6 10 12 7 171 17.44
9 0 7 10 9 3 1 17 7 161 10.92
5 0 4 8 2 9 2 9 11 12 156 13.24
7 0 8 4 9 5 2 8 26 7 164 15.4
3 0 3 2 4 4 1 24 14 138 10.54
1 0 7 6 1 7 1 14 17 154 9.89
6 0 5 5 5 8 1 16 12 106 15.02
6 0 5 6 8 9 3 13 17 30 17 131 14.29
8 0 1 5 2 7 1 19 12 143 16.7
2 1 0 0 0 0 1 28 23 123 18.66
2 1 0 0 0 0 1 27 18 103 17.11
2 0 7 8 10 9 3 17 24 29 7 132 18.54
4 0 9 5 10 3 3 18 21 22 18 132 13.82
2 0 8 9 5 4 1 28 23 124 14.87
9 1 0 0 0 0 2 20 29 22 185 11.62
6 0 5 3 5 8 1 28 20 118 14.71
6 1 0 0 0 0 1 26 31 145 13.41
8 1 0 0 0 0 1 25 22 180 15.64
5 0 3 5 5 7 1 23 22 176 15.72
1 1 0 0 0 0 1 25 27 157 10.07
4 0 7 8 2 10 1 30 17 104 10.0
10 0 4 2 9 2 1 26 30 133 10.54
5 0 1 9 6 7 1 27 40 165 13.04
2 0 10 6 2 3 1 30 45 200 10.25
6 0 2 7 3 10 1 31 26 127 15.28
8 0 8 3 6 7 1 31 31 125 17.32
8 0 3 1 6 9 1 31 47 132 15.15
1 0 0 0 0 0 0 55 184 17.34
1 0 0 0 0 0 3 33 34 35 0 143 13.05
6 0 3 5 0 3 1 40 1 97 11.42
5 0 8 1 7 0 3 36 39 47 1 156 13.8
4 0 0 3 7 3 1 46 1 125 18.8
7 0 2 5 9 2 3 37 40 50 6 111 14.07
5 0 4 3 5 5 3 38 41 62 13 129 14.49
8 0 5 6 8 9 2 42 43 18 165 17.59
10 0 0 1 0 2 2 45 54 6 128 14.2
10 0 0 9 1 10 1 44 13 167 13.7
8 0 9 2 1 2 3 49 52 54 18 160 12.08
4 1 0 0 0 0 3 44 46 57 26 185 10.0
4 1 0 0 0 0 2 44 51 26 172 12.42
4 0 2 0 4 5 2 48 53 30 189 15.28
8 0 8 10 9 4 3 48 49 51 16 154 14.1
9 0 3 10 0 0 3 48 51 54 30 147 12.18
2 0 9 0 7 0 1 57 6 152 14.09
9 0 8 9 5 5 1 55 39 170 15.34
1 1 0 0 0 0 1 53 26 125 12.5
5 0 0 0 2 7 2 58 61 13 174 12.57
2 0 8 9 4 2 2 59 60 39 166 17.52
4 1 0 0 0 0 2 55 57 26 137 11.17
2 0 3 1 0 0 2 56 60 34 132 16.12
6 0 9 3 10 4 3 55 56 58 39 131 14.27
6 0 8 0 7 0 1 61 48 192 11.07
4 0 9 4 8 3 1 59 45 190 11.54
6 1 0 0 0 0 2 58 59 30 115 11.64
6 0 5 4 4 0 1 60 45 168 17.43
1 0 4 1 0 10 1 61 49 145 17.67
4 0 2 0 10 0 1 63 51 199 12.9
2 0 7 8 2 6 1 63 54 195 16.26
9 0 2 3 0 4 1 63 18 175 12.51
1 0 0 0 0 0 0 56 156 17.91
1 0 0 0 0 0 3 65 66 67 0 116 18.49
2 0 2 7 3 5 3 69 70 72 1 141 10.18
4 0 4 10 10 4 3 68 75 83 1 129 10.84
5 0 0 0 3 7 2 70 71 1 123 14.17
1 0 5 7 3 0 3 71 82 88 5 100 14.95
8 0 6 6 3 8 1 94 3 92 16.37
7 0 0 8 6 5 1 92 6 163 9.97
2 1 0 0 0 0 1 89 6 153 14.01
4 0 0 6 0 0 3 73 78 89 3 122 11.07
2 0 4 1 0 9 2 74 76 7 154 15.27
9 0 0 2 0 0 2 77 83 9 141 13.83
1 0 3 10 2 0 3 77 78 79 5 129 17.97
3 0 4 7 3 7 1 77 9 164 16.04
9 0 1 1 0 8 3 82 84 90 18 180 17.61
8 0 2 0 9 4 2 86 87 7 95 12.59
1 1 0 0 0 0 3 80 84 85 6 120 10.85
9 0 1 6 2 5 2 81 86 7 129 16.35
5 0 0 9 7 1 2 88 91 16 150 12.71
3 1 0 0 0 0 1 91 27 169 9.62
5 0 6 2 7 0 2 87 93 18 127 9.48
1 1 0 0 0 0 1 87 27 134 15.61
4 1 0 0 0 0 2 86 89 7 137 16.73
9 0 8 0 7 1 2 90 92 16 125 11.93
8 0 9 0 1 1 2 88 94 28 173 16.69
5 0 1 1 0 8 1 92 36 140 9.94
7 0 2 3 10 8 1 90 11 175 12.42
2 0 5 7 9 0 2 91 94 27 183 16.46
1 0 7 3 7 0 1 93 30 122 10.19
7 0 8 3 10 7 1 95 41 144 10.83
4 0 0 7 0 0 1 95 31 160 16.46
1 0 1 6 2 2 1 95 36 192 11.57
1 0 0 0 0 0 0 48 159 18.29
1 0 0 0 0 0 3 97 98 99 0 86 15.7
4 0 3 3 5 9 3 100 120 121 1 102 11.8
2 0 3 6 5 2 3 104 112 114 1 131 12.49
6 0 1 1 10 6 3 101 102 103 1 133 15.0
1 0 2 4 1 2 3 106 111 116 5 153 11.79
3 0 8 6 1 2 3 105 107 120 7 169 13.09
2 0 6 2 1 8 3 107 109 117 7 162 11.09
7 0 6 5 3 1 3 106 115 120 7 134 11.09
6 0 8 8 10 2 1 119 3 145 11.41
3 0 10 8 4 9 2 111 114 10 157 16.71
2 0 4 1 9 7 3 109 110 122 14 111 12.65
7 0 10 8 1 10 2 108 125 10 142 12.43
5 1 0 0 0 0 2 111 119 17 118 16.2
9 0 1 1 3 3 1 123 16 154 17.65
10 0 2 8 9 8 1 112 16 165 18.59
2 0 6 5 1 8 2 122 124 22 113 18.54
5 1 0 0 0 0 3 113 124 126 26 132 13.17
3 0 9 4 3 3 1 118 31 130 17.77
5 0 5 3 7 5 2 115 121 13 138 15.01
4 0 3 6 9 7 1 116 18 172 15.67
4 1 0 0 0 0 2 117 118 22 162 16.72
7 1 0 0 0 0 1 123 26 184 13.43
5 0 6 10 3 5 1 125 34 168 11.95
3 1 0 0 0 0 1 121 22 112 18.06
6 1 0 0 0 0 1 125 14 165 9.53
6 1 0 0 0 0 2 123 124 25 184 10.81
6 0 5 2 8 1 1 126 24 174 16.34
7 0 6 7 5 5 1 126 33 135 17.91
10 0 8 8 5 2 1 127 31 180 11.59
6 0 5 10 3 8 1 127 39 153 10.82
9 0 10 9 9 5 1 127 40 196 17.82
1 0 0 0 0 0 0 49 182 18.12
1 0 0 0 0 0 3 129 130 131 0 86 16.46
2 0 8 1 2 4 3 132 135 144 1 118 12.07
9 0 1 9 1 3 1 150 1 153 14.23
3 0 4 7 1 9 3 133 136 142 1 119 13.21
7 0 10 8 7 10 2 134 139 3 150 9.65
2 0 10 10 9 2 2 141 145 4 139 10.59
9 0 5 4 5 5 2 149 154 10 137 16.78
8 0 4 9 4 3 1 137 3 114 10.69
10 0 3 1 2 10 1 138 4 133 9.88
5 0 3 7 8 9 2 140 143 11 145 13.92
7 0 4 2 2 4 2 153 157 14 140 10.25
4 0 4 6 4 7 1 149 10 109 15.16
2 1 0 0 0 0 2 152 157 16 156 17.65
2 0 4 5 1 8 2 146 147 6 90 15.01
8 0 2 6 4 8 2 150 158 4 97 10.53
10 0 7 1 2 6 2 146 152 16 183 18.57
4 0 3 8 8 9 1 147 3 117 15.02
7 0 6 6 7 8 1 147 6 127 13.05
2 0 4 9 3 9 1 154 26 140 11.31
7 1 0 0 0 0 2 148 156 13 120 18.21
4 0 6 8 4 6 1 151 20 152 16.15
3 1 0 0 0 0 1 152 19 125 10.14
4 0 10 10 3 9 2 155 157 12 137 16.83
6 0 2 1 9 8 1 158 24 151 11.4
1 0 2 1 4 2 1 155 26 147 10.55
4 0 1 6 4 3 1 154 21 116 16.16
3 0 3 10 5 7 1 156 28 115 17.69
7 0 6 4 3 8 1 156 27 135 16.6
1 0 3 5 4 9 1 159 34 151 9.89
5 0 9 4 7 1 1 159 21 180 11.37
2 0 3 5 2 10 1 159 30 130 14.02
1 0 0 0 0 0 0 35 155 12.34
1 0 0 0 0 0 3 161 162 163 0 141 10.75
2 0 3 2 6 6 3 164 165 169 1 85 13.43
10 0 3 8 10 4 3 165 166 167 1 164 11.8
8 0 10 9 7 7 3 164 173 174 1 164 11.16
3 0 8 1 10 1 3 166 171 177 9 172 16.61
10 0 6 8 0 0 3 168 170 171 11 151 16.61
8 0 3 7 10 2 3 180 184 190 12 143 14.64
6 0 4 0 4 0 3 168 178 187 11 143 9.47
10 1 0 0 0 0 3 173 175 176 21 183 11.58
9 0 4 4 0 0 2 172 189 3 119 13.72
4 0 9 3 5 7 3 172 174 180 21 140 10.07
9 1 0 0 0 0 3 175 180 181 21 180 16.82
7 0 7 9 6 0 2 178 179 25 165 17.75
5 0 4 7 8 0 3 179 181 182 31 165 16.63
2 1 0 0 0 0 3 175 183 184 25 120 15.06
8 0 0 4 1 0 3 179 182 186 31 139 17.25
6 1 0 0 0 0 1 181 31 185 12.73
7 0 3 3 5 10 3 178 183 184 12 114 13.84
7 0 3 6 0 0 2 182 190 32 164 11.58
2 0 6 1 10 6 2 188 190 39 194 17.01
6 1 0 0 0 0 2 183 185 30 168 17.91
3 0 0 1 0 3 1 186 37 171 18.38
8 0 1 0 6 6 1 188 39 129 11.51
7 0 4 7 0 4 3 186 187 188 36 128 12.55
10 1 0 0 0 0 1 185 27 185 15.67
5 0 2 0 9 6 1 187 37 131 11.29
8 0 7 5 9 2 1 189 43 136 12.15
10 0 9 3 0 3 1 189 43 143 11.31
5 0 2 3 5 8 1 191 47 141 10.15
2 0 10 7 3 7 1 191 53 146 11.76
9 0 0 6 0 10 1 191 41 137 10.3
1 0 0 0 0 0 0 55 185 16.12
1 0 0 0 0 0 3 193 194 195 0 99 10.73
1 0 0 0 3 0 3 196 197 198 1 159 18.38
2 0 0 1 0 0 2 216 221 1 113 14.43
2 0 0 0 10 0 3 200 201 212 1 99 17.42
2 0 0 2 0 0 1 209 2 166 11.77
1 0 0 8 0 0 1 208 2 143 16.5
2 0 0 1 0 0 1 199 2 107 11.87
10 0 0 0 6 0 2 207 220 4 114 16.13
8 0 0 0 1 0 2 202 204 3 161 14.92
5 0 0 0 0 3 1 208 3 156 11.76
4 0 0 0 3 0 3 203 205 215 11 150 9.6
1 0 3 0 0 0 2 206 218 15 159 17.66
3 0 0 2 0 0 1 209 11 114 13.1
10 0 7 0 0 0 3 211 214 219 15 131 15.6
1 1 0 0 0 0 1 208 16 117 11.92
6 0 0 0 10 0 2 210 222 14 125 14.03
4 1 0 0 0 0 1 217 17 124 16.41
7 0 0 0 0 10 2 210 222 14 166 9.77
10 1 0 0 0 0 2 213 217 21 133 15.07
10 1 0 0 0 0 1 222 25 171 9.5
10 0 0 6 0 0 1 217 3 125 12.95
9 0 2 0 0 0 1 218 31 167 14.84
10 0 0 0 4 0 1 218 25 163 10.29
4 0 0 1 0 0 1 220 15 163 11.16
2 0 3 0 0 0 1 220 3 108 10.24
7 0 0 0 0 4 1 219 31 180 16.39
4 0 10 0 0 0 1 221 40 142 12.9
4 0 0 0 7 0 1 221 38 147 11.55
5 0 0 0 0 7 1 223 19 125 12.69
10 0 8 0 0 0 1 223 44 176 13.13
9 0 0 0 0 6 1 223 35 179 11.13
1 0 0 0 0 0 0 54 175 13.92
1 0 0 0 0 0 3 225 226 227 0 152 10.6
1 0 0 8 0 2 3 228 233 236 1 128 13.97
5 0 7 0 6 0 3 229 231 234 1 162 12.76
4 0 3 10 0 5 2 230 247 1 111 12.06
3 0 0 1 0 5 3 232 235 244 2 153 10.92
4 0 7 0 0 7 1 239 6 132 12.85
7 0 5 0 0 10 2 241 252 5 143 14.45
4 0 0 4 6 0 1 235 6 160 13.38
8 0 5 9 0 10 2 237 246 5 135 10.34
8 0 10 7 2 0 3 247 250 253 2 119 13.95
8 0 0 6 0 2 1 235 6 161 16.48
2 0 0 4 10 0 1 254 14 107 14.15
1 0 1 0 0 0 3 238 240 243 2 154 10.66
3 0 5 0 0 10 1 238 13 172 11.78
7 0 0 0 0 7 1 241 16 152 13.21
7 0 0 7 0 0 2 241 242 10 111 17.03
6 0 4 0 7 10 1 245 3 165 11.77
8 0 10 5 6 1 1 254 23 119 15.97
3 1 0 0 0 0 1 249 17 150 18.06
9 0 0 1 0 0 1 253 3 122 14.15
4 0 1 4 0 0 1 248 5 133 11.77
7 0 6 0 1 3 1 246 9 152 11.47
1 1 0 0 0 0 1 248 16 156 16.87
1 0 3 9 0 4 1 252 10 131 11.8
3 1 0 0 0 0 2 249 254 17 173 17.94
6 0 0 2 0 0 1 251 20 105 11.02
2 0 0 0 8 9 1 252 10 103 11.61
6 0 9 7 0 0 1 253 26 138 14.35
4 0 0 0 10 8 1 255 12 116 13.36
3 0 0 8 9 0 1 255 32 135 17.31
5 0 3 0 0 0 1 255 31 183 10.82
1 0 0 0 0 0 0 36 141 10.51
1 0 0 0 0 0 3 257 258 259 0 95 12.37
2 0 5 6 8 9 3 263 273 276 1 148 10.17
10 0 6 9 1 7 3 266 270 278 1 126 15.28
4 0 3 8 2 8 3 260 262 265 1 118 17.2
5 0 3 8 6 9 2 261 278 5 106 11.54
8 0 9 8 1 1 3 264 268 270 10 160 10.11
9 0 8 1 10 5 3 269 271 275 5 174 16.9
2 0 10 3 7 6 3 275 277 283 3 115 11.89
1 1 0 0 0 0 3 266 274 279 18 127 11.54
3 0 10 4 6 1 3 266 268 270 5 129 13.12
1 1 0 0 0 0 3 267 269 283 19 132 10.69
5 1 0 0 0 0 3 271 272 284 20 182 11.43
8 0 5 10 10 8 3 271 274 279 18 111 12.78
5 0 4 8 3 5 2 273 281 20 127 13.96
6 1 0 0 0 0 3 272 274 283 18 121 15.28
8 0 6 10 6 2 2 276 286 26 171 10.12
9 0 4 10 3 7 3 273 275 280 25 160 11.62
8 0 1 5 4 7 1 286 34 140 10.43
2 1 0 0 0 0 3 276 280 281 26 120 9.49
3 0 3 9 10 1 1 285 34 134 18.73
8 0 1 10 4 8 1 282 34 145 12.02
4 0 3 3 2 5 2 278 279 5 119 17.51
1 1 0 0 0 0 2 281 282 11 101 15.14
2 0 6 9 4 1 1 280 26 121 9.93
5 0 9 8 2 2 1 282 34 128 16.82
5 0 10 2 2 5 2 284 285 28 128 10.35
3 0 10 5 4 7 1 285 42 150 17.4
10 0 6 1 7 6 2 284 286 24 151 18.81
6 0 8 8 6 5 1 287 34 179 10.45
3 0 10 8 3 4 1 287 45 124 14.42
6 0 7 3 2 6 1 287 42 160 14.23
1 0 0 0 0 0 0 48 146 14.07
1 0 0 0 0 0 3 289 290 291 0 93 14.76
10 0 6 0 0 8 3 295 304 311 1 112 16.97
3 0 10 6 0 0 1 292 1 86 10.55
4 0 0 9 10 10 3 295 298 314 1 154 15.93
4 0 0 0 1 0 3 293 298 299 4 100 9.83
4 0 1 0 9 4 3 294 297 301 8 132 11.78
9 0 9 0 0 0 3 295 296 310 12 132 14.53
10 1 0 0 0 0 3 307 309 312 21 143 16.69
6 1 0 0 0 0 3 300 307 312 21 152 12.78
1 0 0 6 0 0 3 300 308 310 12 128 12.27
6 0 0 0 6 0 3 305 308 315 8 105 13.34
4 0 2 7 4 0 3 301 304 305 8 147 15.46
4 0 7 0 0 0 3 302 304 305 27 110 12.41
2 0 6 0 4 0 3 303 307 312 12 120 10.13
1 1 0 0 0 0 3 306 309 311 31 154 15.6
6 0 0 8 0 4 3 306 310 311 14 106 17.42
8 1 0 0 0 0 3 306 309 315 31 158 13.81
10 0 10 0 3 0 1 313 31 150 12.91
5 0 10 0 8 2 2 314 317 39 175 17.11
6 1 0 0 0 0 2 308 316 31 161 9.77
5 0 2 0 0 0 1 317 37 129 14.33
8 0 6 0 0 7 2 313 318 39 186 15.12
8 1 0 0 0 0 1 318 21 162 9.56
10 0 0 10 0 0 3 313 314 315 32 149 14.21
7 0 0 8 5 9 1 317 31 162 14.55
1 0 7 8 5 7 1 316 47 192 12.07
8 0 1 0 0 4 1 316 44 163 14.85
6 0 0 2 0 8 1 318 42 162 12.18
6 0 10 0 0 2 1 319 52 204 12.4
5 0 5 7 6 0 1 319 44 149 18.24
5 0 8 0 10 0 1 319 48 157 14.44
1 0 0 0 0 0 0 58 137 15.41
1 0 0 0 0 0 3 321 322 323 0 126 18.06
2 0 1 7 2 2 3 326 329 341 1 120 18.31
5 0 7 3 3 6 1 341 1 91 12.68
8 0 9 7 3 8 3 324 325 327 1 95 11.63
6 0 6 5 1 1 3 331 340 344 9 158 18.4
8 0 1 7 1 1 3 326 328 333 9 106 14.75
1 0 10 1 1 3 1 342 17 161 10.02
4 0 10 9 6 2 2 330 345 9 167 18.15
1 0 6 3 8 3 3 335 336 337 17 144 18.04
8 0 5 7 4 8 2 334 340 3 91 15.45
5 0 3 3 7 9 3 338 343 344 13 130 14.18
2 0 1 8 1 4 1 332 15 149 15.25
4 0 3 5 9 2 1 335 17 145 12.41
9 1 0 0 0 0 2 339 340 17 117 16.5
5 0 1 10 6 1 2 338 349 11 163 10.09
9 0 4 8 5 4 3 343 345 347 21 163 14.07
2 1 0 0 0 0 2 338 348 18 137 17.04
7 0 5 2 5 9 2 339 346 18 175 15.79
2 0 5 3 9 8 1 350 20 173 16.72
4 1 0 0 0 0 1 347 26 119 16.87
1 1 0 0 0 0 2 342 346 26 168 10.4
9 1 0 0 0 0 3 342 344 345 6 137 15.5
5 0 7 9 8 4 1 347 27 142 12.86
3 1 0 0 0 0 2 346 348 30 158 14.07
3 0 1 8 5 10 1 348 18 152 11.5
4 0 3 6 2 1 2 349 350 30 184 13.63
10 0 6 6 4 7 1 350 33 173 13.99
2 0 8 8 9 8 1 349 32 184 13.82
5 0 7 2 1 6 1 351 33 150 15.24
1 0 7 9 1 9 1 351 34 121 9.72
8 0 9 1 5 3 1 351 43 161 15.96
1 0 0 0 0 0 0 51 156 12.12
1 0 0 0 0 0 3 353 354 355 0 95 9.59
3 0 1 0 0 0 2 356 363 1 98 11.66
8 1 0 0 0 0 2 365 377 1 153 16.62
7 0 0 0 0 3 3 361 362 379 1 115 17.46
9 0 0 0 2 0 3 357 359 371 4 125 16.9
4 0 0 0 7 0 3 358 360 376 13 119 14.88
9 1 0 0 0 0 3 366 367 372 17 157 11.28
6 0 0 0 9 0 3 364 365 374 13 150 18.31
8 1 0 0 0 0 3 364 369 372 17 166 10.57
8 0 10 0 0 0 2 368 370 8 120 13.55
10 0 0 0 1 0 2 364 371 8 142 13.37
10 0 0 0 0 7 1 374 4 143 13.89
5 0 0 0 2 0 1 373 25 122 15.0
1 1 0 0 0 0 3 367 373 376 19 123 11.49
2 0 0 4 0 0 1 380 26 142 11.4
3 0 0 0 9 0 1 382 26 140 15.82
1 0 0 0 0 1 2 378 381 16 115 13.73
3 0 0 7 0 0 1 373 25 110 10.41
8 1 0 0 0 0 3 372 375 376 16 112 17.25
3 0 7 0 0 0 2 375 378 18 111 12.42
9 0 0 9 0 0 2 377 381 26 139 16.89
2 0 0 0 0 9 1 375 30 178 17.46
2 1 0 0 0 0 2 377 379 19 155 12.49
6 0 0 0 0 8 1 382 32 146 16.42
3 0 0 0 3 0 2 378 381 24 161 18.67
1 0 6 0 0 0 1 382 35 125 18.65
10 0 2 0 0 0 1 380 27 145 10.9
9 0 7 0 0 0 1 380 21 147 11.89
1 0 0 0 0 1 1 383 37 144 15.04
2 0 0 8 0 0 1 383 35 183 10.12
1 0 0 0 0 8 1 383 38 184 11.29
1 0 0 0 0 0 0 39 180 14.57
1 0 0 0 0 0 3 385 386 387 0 110 12.64
10 0 4 0 0 7 2 389 405 1 165 16.03
10 0 10 0 0 0 1 388 1 114 15.57
4 0 5 0 0 0 2 390 403 1 116 16.38
9 0 9 5 0 0 3 391 394 403 11 170 9.48
5 0 4 4 7 9 3 397 398 400 11 170 16.53
7 0 9 3 0 5 2 393 398 5 167 18.9
2 0 0 0 8 0 2 392 414 20 128 17.21
7 1 0 0 0 0 1 401 22 131 12.6
2 0 9 10 0 7 2 394 396 12 157 13.43
3 1 0 0 0 0 1 395 20 114 14.88
7 0 7 9 10 3 1 412 23 164 16.82
5 1 0 0 0 0 2 407 411 14 117 17.45
2 1 0 0 0 0 2 399 401 16 151 16.64
7 0 0 0 10 7 2 409 410 16 124 17.23
9 0 0 10 0 0 1 404 18 137 13.47
3 0 0 0 4 1 2 402 408 16 130 11.97
7 0 4 4 0 7 1 402 29 116 14.07
5 0 9 5 0 0 1 406 36 118 12.14
3 0 0 7 10 0 1 405 20 160 14.48
6 0 4 1 0 0 1 414 27 142 16.99
6 0 0 4 0 4 1 411 23 168 17.69
4 0 10 0 7 4 1 412 41 164 11.22
6 0 7 0 8 0 2 412 413 19 144 10.09
7 0 4 0 3 0 1 410 19 158 14.08
10 1 0 0 0 0 1 411 23 121 12.33
9 1 0 0 0 0 2 413 414 26 127 12.6
5 0 0 0 6 7 1 413 33 143 9.71
10 0 0 0 0 2 1 415 45 150 14.85
5 0 0 0 5 4 1 415 38 139 9.88
3 0 8 0 0 0 1 415 35 176 9.56
1 0 0 0 0 0 0 55 177 18.65
1 0 0 0 0 0 3 417 418 419 0 150 11.61
7 0 1 9 7 2 1 420 1 95 16.61
7 0 6 10 2 1 3 421 424 430 1 98 16.04
6 0 6 5 2 4 3 422 434 444 1 158 15.37
7 0 5 9 9 2 3 423 427 436 8 149 13.55
7 0 10 2 7 7 2 426 433 8 103 17.92
7 0 7 2 5 2 1 431 7 162 17.27
3 0 3 5 7 8 2 425 438 15 165 16.37
4 1 0 0 0 0 1 437 8 167 12.08
6 1 0 0 0 0 3 439 443 445 18 150 17.61
2 0 6 8 1 10 2 427 436 15 173 16.33
1 0 8 8 2 8 3 428 429 431 17 100 10.65
1 1 0 0 0 0 1 432 18 163 10.39
5 0 6 9 7 4 3 435 437 438 18 140 13.26
3 0 4 7 8 5 2 431 433 8 109 16.69
4 0 5 6 1 7 1 446 18 159 14.03
1 0 2 8 6 1 2 437 442 19 165 17.24
6 0 9 5 3 9 3 438 440 445 15 106 13.97
5 0 8 10 10 7 2 440 442 7 145 12.11
4 1 0 0 0 0 2 439 441 23 140 17.25
10 0 2 8 5 4 3 439 441 443 17 161 12.4
5 0 9 9 8 1 1 441 23 163 10.41
9 1 0 0 0 0 1 443 23 138 18.35
7 1 0 0 0 0 2 440 442 27 119 18.86
10 0 9 1 10 4 1 446 34 130 13.12
5 0 5 9 10 9 2 444 445 28 140 15.37
6 0 5 8 6 5 1 446 34 136 10.62
6 0 1 8 5 10 1 444 32 173 10.31
7 0 2 3 9 10 1 447 38 151 15.55
7 0 8 5 6 9 1 447 33 189 13.57
7 0 3 1 4 5 1 447 44 203 14.23
1 0 0 0 0 0 0 51 143 11.22
1 0 0 0 0 0 3 449 450 451 0 151 12.72
3 0 2 2 0 0 3 452 453 454 1 104 11.65
8 0 0 2 7 1 3 460 466 468 1 113 9.92
6 0 4 0 0 10 2 455 459 1 126 14.85
3 0 0 0 6 7 3 458 462 467 4 108 17.58
5 0 6 8 0 8 3 456 457 469 4 146 16.41
8 0 1 6 3 7 1 465 4 143 15.54
9 0 10 3 6 10 1 477 7 171 16.01
1 0 0 9 2 4 3 471 475 476 9 145 11.12
5 0 7 6 0 5 1 472 9 118 9.65
9 0 4 3 7 0 2 463 464 7 172 15.84
10 0 8 9 6 6 1 461 7 101 12.26
3 0 8 10 3 6 1 467 9 114 10.5
2 0 2 4 2 3 2 471 472 17 118 10.39
10 0 8 7 0 5 2 470 473 7 156 10.64
8 1 0 0 0 0 1 476 16 117 16.34
3 1 0 0 0 0 1 478 16 141 13.61
9 0 1 7 7 6 1 475 12 109 15.1
6 0 4 0 2 9 1 473 9 145 15.35
5 0 5 4 9 0 2 471 478 12 175 17.01
5 0 5 9 0 3 1 476 9 94 9.65
2 0 0 1 9 8 1 474 9 144 11.17
5 0 6 1 7 10 1 472 17 137 10.62
7 0 1 0 4 6 1 477 19 120 14.64
1 1 0 0 0 0 1 474 22 125 13.42
10 0 1 2 0 2 1 474 17 158 17.16
1 0 2 10 0 0 1 477 27 183 18.09
2 1 0 0 0 0 1 478 21 137 11.16
8 0 0 9 2 4 1 479 24 150 12.07
8 0 0 1 0 9 1 479 28 118 11.28
8 0 0 6 9 0 1 479 23 121 14.24
1 0 0 0 0 0 0 36 160 15.17
1 0 0 0 0 0 3 481 482 483 0 157 12.9
9 0 0 0 0 8 3 485 487 488 1 115 17.23
4 0 0 5 0 0 2 486 503 1 116 17.82
2 0 5 0 0 0 1 484 1 136 14.62
10 0 0 0 0 8 2 493 510 3 170 14.74
1 0 0 0 0 10 1 492 10 103 14.17
1 0 3 0 0 0 2 489 491 5 118 12.57
5 0 0 0 5 0 2 490 498 10 127 11.45
8 0 10 0 0 0 2 493 507 10 143 16.22
3 0 0 0 0 2 3 494 495 500 6 116 11.35
9 0 0 0 0 3 1 506 15 134 15.44
9 0 0 0 0 5 1 505 6 104 16.61
5 0 5 0 0 0 3 497 499 505 11 116 16.61
6 0 0 0 0 10 3 495 496 501 18 180 10.23
4 0 4 0 0 0 2 501 504 9 99 16.55
7 1 0 0 0 0 1 504 24 115 14.32
6 1 0 0 0 0 1 504 24 163 14.72
4 0 6 0 0 0 1 501 16 145 10.44
10 0 0 0 7 0 1 507 15 166 13.81
5 0 0 0 3 0 1 507 16 117 17.16
8 0 0 0 1 0 1 509 9 146 10.02
2 1 0 0 0 0 2 502 508 24 178 10.5
8 0 1 0 0 0 1 509 26 178 11.25
3 0 0 1 0 0 1 510 5 90 18.76
7 1 0 0 0 0 1 505 31 121 10.64
7 0 0 0 0 3 1 506 38 135 9.63
4 0 0 0 7 0 1 508 45 186 18.59
9 0 0 0 0 9 1 508 25 126 17.4
9 0 0 0 6 0 1 511 49 207 12.94
7 0 0 0 9 0 1 511 34 187 18.87
5 0 0 0 2 0 1 511 13 131 11.6
1 0 0 0 0 0 0 58 204 18.72
19.8 21.7 20.31 12.79 25.86 39.93 81.79 109.65 108.18 105.8 99.3 98.11 91.01 98.55 106.03 119.66 133.38 141.46 128.4 119.95 104.49 88.83 80.81 65.06 51.74 39.15 31.06 24.15 25.3 39.19 65.01 89.38 90.75 87.18 82.38 77.11 77.52 91.48 102.48 95.75 102.83 109.54 108.62 104.55 98.7 87.65 81.44 77.03 70.89 68.74 68.31 69.39 68.56 79.33 102.7 111.89 100.25 86.2 73.24 71.61 71.89 77.3 88.97 119.89 143.23 150.08 136.12 128.07 115.49 98.02 93.86 87.29 77.86 72.35 70.55 66.55 59.97 67.03 97.61 100.62 97.29 76.54 60.97 66.66 62.22 64.18 68.38 76.87 86.45 111.45 109.28 109.41 97.79 95.46 104.37 88.87 105.0 97.72 93.64 84.8 78.26 90.8 120.0 120.53 111.27 85.1 77.89 76.3 78.11 86.41 109.48 130.62 162.55 175.95 122.19 110.14 101.11 96.86 88.97 68.2 72.31 67.75 59.24 76.25 81.51 63.73 83.5 95.0 37.93 35.3 18.3 15.76 21.02 31.51 69.0 115.0 77.75 95.0 84.88 86.05 81.53 78.57 81.41 78.46 84.18 75.8 73.46 72.21 77.77 78.87 84.28 77.79 79.18 82.38 79.08 79.15 78.91 86.76 95.98 114.55 120.67 131.83 129.81 116.92 111.78 101.25 98.12 86.94 86.34 80.16 74.08 73.81 83.09 90.84 116.06 128.76 123.45 101.53 90.34 86.37 85.01 88.04 92.41 94.1 104.92 113.59 90.44 87.21 86.79 72.56 64.49 57.21 23.51 68.08 71.0 68.45 31.47 59.42 94.45 110.34 109.02 84.11 72.1 64.3 61.98 76.85 90.08 120.43 148.24 149.62 102.69 112.21 112.51 93.16 90.57 80.16 73.33 72.09 74.63 73.77 77.27 87.2 109.3 112.02 109.42 93.57 82.45 77.56 76.6 85.3 100.25 119.47 129.47 138.88 116.78 102.38 96.06 90.98 80.63 81.97 96.26 93.73 94.32 93.75 95.3 93.73 113.63 125.0 118.45 94.61 86.35 84.67 84.73 88.01 100.36 124.88 132.04 139.58 127.88 117.47 109.96 97.55 95.31 89.12 91.23 90.2 91.15 91.62 92.61 95.29 106.92 127.4 126.75 109.28 94.8 91.11 90.06 93.66 103.2 129.48 162.81 180.69 143.5 127.94 115.99 104.5 97.8 91.6 96.4 97.37 95.01 95.52 96.93 95.46 95.84 104.56 106.98 104.52 102.34 96.81 95.03 95.8 102.86 120.18 126.42 137.03 136.12 131.43 124.16 114.51 107.18 97.57 97.2 95.56 93.98 92.33 92.88 92.81 90.83 90.53 99.2 99.02 98.67 99.09 99.57 100.38 102.04 106.86 120.23 129.59 128.25 125.21 117.22 105.66 100.48 92.81 89.95 88.43 89.7 89.26 88.94 94.95 119.33 146.14 159.38 145.3 132.48 120.88 110.86 120.58 137.43 153.89 165.89 157.81 144.49 129.01 123.13 105.74 102.95 93.79 87.51 85.51 82.05 82.54 83.13 88.06 92.52 118.12 119.09 110.91 95.63 90.82 89.43 92.95 105.63 125.09 142.73 140.36 127.67 122.91 113.64 107.62 103.19 89.79 81.44 80.8 78.5 78.66 83.81 96.05 120.15 138.24 119.79 93.36 80.26 71.56 72.73 83.45 99.32 129.27 137.0 119.75 110.32 96.72 92.76 79.49 79.26 72.4 35.11 27.61 25.35 23.94 41.2 74.33 115.0 123.57 103.63 81.97 79.99 74.33 79.88 81.97 81.97 110.0 124.05 123.04 124.55 125.6 127.65 119.7 113.93 106.61 101.49 98.6 97.64 93.54 95.33 98.1 121.14 140.79 138.99 124.06 115.27 108.94 104.49 110.68 124.01 135.35 140.0 135.31 133.78 128.97 119.4 107.27 107.4 90.73 76.27 80.77 79.71 79.67 77.57 75.43 86.01 95.46 94.84 94.35 96.51 95.0 93.69 99.57 109.28 123.4 120.73 124.74 124.2 117.81 114.66 105.3 104.16 97.98 93.09 96.19 94.81 92.32 87.87 90.89 88.66 96.05 100.62 103.44 101.64 104.81 103.87 106.13 111.72 119.59 127.04 131.4 126.36 116.94 110.9 102.04 97.28 87.16 89.82 81.59 75.19 73.28 76.73 88.07 102.26 118.22 130.28 127.45 119.26 109.34 108.14 109.69 114.77 113.4 116.98 118.23 116.61 110.71 103.05 93.4 90.22 81.17 85.11 83.1 79.29 78.05 80.91 83.94 100.8 119.44 120.23 107.81 92.43 89.36 90.9 96.89 106.45 127.69 150.75 153.1 144.98 133.76 112.95 98.36 98.94 89.96 87.74 86.3 84.47 83.82 85.39 91.65 115.83 134.06 137.48 116.77 94.45 88.57 93.17 99.81 116.08 146.79 163.23 143.0 132.12 127.88 114.07 108.02 104.6 91.89 90.85 88.48 87.43 87.23 87.59 94.45 119.3 146.83 155.06 152.8 142.76 132.12 132.47 140.52 147.85 159.6 183.44 175.03 163.0 155.82 136.59 119.71 107.74 93.8 102.27 94.35 90.45 90.49 94.16 102.44 132.96 179.83 205.42 182.59 153.77 140.32 132.18 137.55 157.26 198.1 252.29 248.33 204.85 171.53 142.18 117.74 105.31 95.19 102.58 94.64 88.44 85.28 86.54 85.8 91.42 108.44 107.13 95.35 90.73 87.72 85.01 91.67 110.54 125.0 138.12 135.41 131.26 123.71 114.1 98.13 94.13 82.43 81.53 74.35 70.44 63.23 60.89 67.08 74.35 81.07 82.68 82.03 80.64 80.01 82.71 85.11 96.97 108.43 122.7 119.2 131.04 117.72 108.19 94.94 90.02 74.35 79.57 72.33 72.87 74.48 75.54 88.78 129.86 146.76 148.94 155.57 154.99 164.44 169.05 182.05 206.08 219.53 249.28 268.62 239.59 202.41 169.46 139.14 125.4 107.54 102.73 101.39 100.16 98.98 102.74 110.68 169.3 300.0 341.7 311.65 289.35 319.95 344.74 330.28 325.77 323.13 339.94 372.84 296.01 246.35 172.86 134.57 118.19 102.14 92.88 91.2 89.39 90.42 90.83 97.97 127.66 191.04 236.81 211.94 196.61 171.11 165.05 169.35 184.76 224.08 293.46 293.71 228.54 183.63 141.2 114.96 102.2 90.32 89.98 84.38 80.17 77.85 81.27 83.23 114.48 130.0 135.0 130.0 111.99 115.17 101.85 111.96 129.1 137.68 147.23 135.52 140.03 130.0 112.53 97.09 92.11 80.92 82.13 89.18 80.93 75.43 89.44 93.27 109.09 145.0 150.0 145.0 127.96 106.64 125.82 117.87 145.0 132.29 140.0 127.75 131.47 128.79 113.27 105.49 102.86 89.57 90.65 87.98 92.63 94.76 95.42 99.2 94.38 103.99 108.02 107.22 103.72 104.02 107.02 97.47 104.2 116.09 130.98 135.0 137.26 125.0 130.0 103.9 125.0 118.93
