544 5
1 31 34 44 35
1 0 0 0 0 0 3 1 2 3 0 156 16.83
1 0 0 5 7 7 3 9 10 14 1 170 14.81
9 0 0 8 5 4 3 4 7 11 1 215 10.14
5 0 0 10 0 8 1 18 1 135 11.57
6 0 0 6 10 2 3 5 6 8 10 181 10.3
4 0 2 0 0 10 3 13 19 27 16 209 13.13
9 0 5 0 4 0 3 12 15 29 16 189 14.03
7 0 0 0 7 0 1 21 10 140 9.93
4 0 0 0 10 0 3 10 16 25 16 225 11.86
8 0 0 1 0 0 2 11 17 2 123 11.29
10 1 0 0 0 0 1 22 20 162 12.56
4 0 2 0 0 0 1 25 10 194 11.16
10 1 0 0 0 0 3 18 21 23 25 239 9.92
2 1 0 0 0 0 2 20 26 20 155 17.75
8 0 0 7 0 1 3 15 16 24 2 121 13.3
9 0 0 5 0 0 3 18 22 28 25 164 12.25
10 0 0 10 0 7 3 21 27 28 20 229 13.9
3 0 8 2 0 0 2 19 20 10 197 12.44
10 0 10 6 0 6 1 30 35 150 9.44
4 1 0 0 0 0 2 23 24 20 204 10.66
5 0 0 2 4 0 1 24 22 180 16.34
3 1 0 0 0 0 1 22 35 211 10.12
6 0 5 3 8 0 1 30 38 243 11.39
5 1 0 0 0 0 1 25 35 176 10.74
6 0 0 6 7 6 1 29 27 226 15.17
4 0 0 0 0 10 1 26 40 182 13.24
4 0 9 0 1 0 2 28 30 44 154 16.58
4 0 0 8 9 1 1 29 30 155 15.75
5 0 0 0 3 0 1 31 48 173 10.6
3 0 7 10 9 1 1 31 34 229 16.85
6 0 9 0 5 5 1 31 48 241 14.13
1 0 0 0 0 0 0 54 189 10.13
1 0 0 0 0 0 3 33 34 35 0 174 14.21
4 0 0 1 0 0 3 42 43 44 1 132 11.88
10 0 0 0 0 3 3 38 45 50 1 198 12.9
7 0 0 7 0 0 3 36 39 52 1 135 17.16
6 0 0 0 0 8 3 37 41 47 8 167 9.27
5 0 3 0 0 0 3 44 46 48 14 196 12.32
4 0 0 0 0 6 3 39 43 49 11 136 11.42
5 0 0 0 6 0 2 40 46 15 149 17.7
1 1 0 0 0 0 2 56 59 20 145 11.63
9 0 2 0 0 0 3 44 45 60 14 198 14.48
4 0 1 0 0 0 3 45 50 55 5 164 14.48
7 0 9 0 0 0 3 46 52 56 15 181 15.76
6 0 0 6 0 0 2 49 61 23 197 13.61
8 1 0 0 0 0 2 54 58 23 197 13.9
5 0 0 2 0 0 3 51 53 55 22 227 13.99
1 0 7 0 0 0 3 51 55 58 14 168 15.77
10 0 0 0 7 0 3 49 51 53 19 137 13.31
10 0 0 0 0 5 1 59 29 213 16.9
9 0 0 0 0 5 2 52 56 11 161 10.61
4 1 0 0 0 0 3 54 60 62 29 196 13.68
10 1 0 0 0 0 1 53 22 137 17.21
3 1 0 0 0 0 2 54 58 32 202 14.77
8 0 6 0 0 0 1 57 35 194 18.22
1 1 0 0 0 0 2 57 60 27 234 18.5
2 1 0 0 0 0 2 57 62 22 228 15.91
6 0 0 0 0 2 1 61 43 220 15.31
4 0 0 5 0 0 2 59 61 35 195 11.13
5 0 1 0 0 0 1 62 39 202 11.26
3 0 0 9 0 0 1 63 33 150 14.91
8 0 0 0 9 0 1 63 49 198 12.64
8 0 0 1 0 0 1 63 44 169 14.76
1 0 0 0 0 0 0 57 238 12.21
1 0 0 0 0 0 3 65 66 67 0 111 16.69
3 0 7 8 10 4 3 68 75 83 1 139 13.54
4 0 6 5 3 1 3 68 70 72 1 208 13.31
5 0 4 10 10 10 3 69 78 82 1 141 16.22
8 0 8 2 8 1 3 71 74 76 5 209 14.8
1 0 1 1 6 10 3 75 77 79 6 191 17.84
5 0 8 4 5 7 3 87 88 94 5 164 12.94
4 0 4 5 9 3 3 73 80 90 13 187 16.03
8 0 2 3 8 1 3 75 77 86 5 124 13.61
10 0 3 9 4 7 3 77 81 82 17 161 17.71
4 0 1 7 2 9 2 78 84 13 206 14.81
3 0 7 5 4 9 3 76 80 89 13 184 10.12
10 1 0 0 0 0 3 85 91 92 16 151 13.51
6 1 0 0 0 0 1 84 27 215 9.92
6 0 1 7 4 10 3 81 86 89 17 180 12.57
10 0 7 5 5 4 3 80 83 84 7 207 15.35
9 1 0 0 0 0 3 81 87 92 17 155 9.89
8 0 8 2 1 6 1 88 27 188 13.28
6 0 5 5 7 3 2 85 87 27 187 9.28
1 0 7 5 8 4 3 86 89 91 17 200 12.97
9 0 7 10 1 6 3 85 91 92 33 227 9.66
5 0 6 7 3 9 1 88 42 189 13.9
4 0 2 1 7 2 1 90 23 217 18.5
3 0 6 9 7 2 1 93 33 198 16.83
6 0 2 3 1 4 1 93 47 155 17.71
10 1 0 0 0 0 2 90 93 23 135 13.41
9 0 4 3 4 2 1 94 33 235 15.2
6 0 8 9 7 9 1 94 42 171 10.2
9 0 9 7 10 3 1 95 42 244 16.38
5 0 2 9 8 1 1 95 53 174 18.33
10 0 5 2 7 9 1 95 48 204 13.1
1 0 0 0 0 0 0 58 226 15.54
1 0 0 0 0 0 3 97 98 99 0 193 10.11
5 0 8 1 10 1 3 100 101 107 1 154 10.98
8 0 5 10 6 8 3 100 102 113 1 195 14.54
2 0 1 6 2 3 3 108 109 116 1 159 10.65
8 0 9 9 1 3 3 105 106 112 9 176 12.54
6 0 1 2 8 1 3 105 113 117 6 213 11.27
2 0 9 7 2 6 3 103 104 118 9 200 14.87
2 0 1 6 1 9 3 107 111 112 11 221 17.84
3 0 2 9 4 8 1 112 11 173 17.94
4 0 9 1 4 3 3 111 114 118 17 215 10.05
1 0 1 9 8 1 3 108 110 114 17 223 10.29
9 0 6 5 2 9 3 108 110 115 13 208 18.36
4 0 4 3 3 7 2 117 121 22 212 16.87
8 0 8 6 2 4 2 113 126 3 158 16.89
9 1 0 0 0 0 3 116 117 120 22 185 17.83
7 1 0 0 0 0 3 115 116 120 21 169 13.17
6 0 7 8 9 4 3 119 121 122 17 162 14.12
4 0 10 9 5 5 1 122 12 167 11.04
7 1 0 0 0 0 3 115 120 121 21 194 9.68
5 0 9 1 7 6 1 123 28 230 11.75
9 0 3 1 5 8 1 124 31 209 11.62
10 0 7 9 10 8 2 119 122 31 207 14.49
10 1 0 0 0 0 1 119 21 174 12.71
6 0 5 7 7 5 2 124 126 41 239 10.7
10 0 9 10 6 9 2 123 125 31 153 15.37
2 1 0 0 0 0 2 123 125 28 229 16.34
1 0 10 4 7 1 1 125 41 241 10.69
9 0 2 1 5 9 2 124 126 41 223 16.42
8 0 9 4 3 7 1 127 50 193 11.36
3 0 6 6 7 2 1 127 42 216 14.82
3 0 1 1 7 2 1 127 50 227 12.55
1 0 0 0 0 0 0 58 238 10.56
1 0 0 0 0 0 3 129 130 131 0 173 17.98
5 0 5 0 8 3 2 133 136 1 174 12.71
4 0 6 7 8 0 1 138 1 150 10.53
7 0 8 0 4 5 3 132 134 144 1 173 16.33
3 1 0 0 0 0 3 135 140 149 8 147 13.59
10 0 5 3 6 9 1 139 6 223 13.69
4 0 1 8 1 8 3 137 146 155 8 179 9.61
2 0 5 5 0 3 1 156 11 137 10.83
7 0 2 3 0 0 3 140 145 147 6 123 12.42
7 0 1 0 0 8 1 145 12 184 11.92
3 0 5 9 0 6 2 143 158 5 212 9.92
2 1 0 0 0 0 1 142 16 130 10.18
4 0 0 4 7 4 2 141 146 13 136 9.49
2 1 0 0 0 0 1 153 17 205 9.76
2 0 0 1 0 2 1 151 18 167 18.37
7 1 0 0 0 0 1 155 8 204 11.56
5 1 0 0 0 0 1 148 8 218 11.77
3 0 6 10 9 0 1 150 19 174 10.92
6 0 5 6 0 8 1 154 17 182 15.78
4 0 5 3 9 0 2 149 152 13 201 11.64
6 0 8 8 10 8 2 153 154 13 223 17.76
5 0 1 4 0 2 1 153 17 153 11.56
7 0 0 0 10 2 2 154 157 22 155 13.37
3 1 0 0 0 0 2 152 157 20 167 15.87
2 0 0 10 8 4 1 158 23 228 16.73
6 0 4 9 10 2 1 155 22 219 16.45
1 0 1 7 3 2 1 156 29 182 11.27
4 0 0 4 6 5 1 156 28 153 12.5
4 0 5 0 8 0 1 159 32 169 11.12
9 0 0 6 4 3 1 159 29 181 9.68
1 0 0 5 1 6 1 159 25 208 15.07
1 0 0 0 0 0 0 38 141 17.41
1 0 0 0 0 0 3 161 162 163 0 119 13.78
8 0 10 9 4 7 3 167 180 188 1 178 12.64
8 0 9 5 9 9 3 164 165 179 1 170 14.68
5 0 8 10 8 1 3 167 168 177 1 170 13.54
2 0 8 5 3 10 1 166 9 136 12.07
6 0 10 2 8 6 2 172 173 9 155 14.75
10 0 7 1 9 5 2 169 175 11 125 10.83
8 1 0 0 0 0 3 171 184 185 9 169 15.26
6 0 10 3 8 7 1 170 6 125 13.7
5 0 2 5 10 5 3 171 174 176 21 168 14.62
3 1 0 0 0 0 2 178 183 12 162 9.51
6 0 6 2 2 7 1 187 26 153 14.13
7 0 9 2 3 3 3 174 178 186 15 206 16.07
3 0 5 6 3 4 3 174 183 186 15 169 9.98
10 1 0 0 0 0 2 180 187 26 174 12.73
10 1 0 0 0 0 2 178 182 21 201 16.66
10 1 0 0 0 0 1 181 26 181 18.36
3 0 7 9 3 5 2 179 183 6 215 10.97
1 1 0 0 0 0 1 180 31 135 15.85
5 0 2 2 9 2 2 182 190 9 213 18.1
9 0 1 1 1 3 3 184 185 190 36 233 12.5
7 0 9 5 7 8 3 182 186 188 36 162 9.33
2 0 8 2 2 1 1 189 43 147 11.77
5 0 2 2 5 5 1 188 18 211 11.39
7 0 7 10 3 10 1 189 45 168 15.35
8 0 1 10 7 4 1 189 45 244 15.78
9 0 9 10 7 7 1 187 43 196 15.96
8 0 3 6 7 10 1 190 52 185 12.17
9 0 6 9 10 2 1 191 43 172 10.0
1 0 5 9 7 3 1 191 53 217 9.48
6 0 2 8 6 10 1 191 60 214 9.43
1 0 0 0 0 0 0 66 166 9.62
1 0 0 0 0 0 3 193 194 195 0 176 18.36
10 0 0 5 2 3 2 206 217 1 119 12.37
7 0 7 0 2 7 2 197 199 1 129 14.71
7 0 8 10 4 4 3 196 198 215 1 126 12.1
5 0 2 1 0 0 1 208 8 132 15.07
7 0 10 1 0 0 1 206 8 207 10.29
8 0 9 5 1 2 1 220 8 200 11.4
3 0 3 8 1 6 3 200 201 204 8 194 12.47
1 0 1 4 8 9 2 203 205 11 148 13.23
10 0 2 7 10 4 2 202 214 11 178 11.0
9 1 0 0 0 0 1 207 21 198 17.45
9 0 8 0 0 9 1 218 12 205 16.51
3 0 9 6 3 6 3 207 211 213 11 120 13.62
4 0 8 10 3 8 1 218 12 160 10.19
9 0 1 6 5 0 3 209 210 212 15 150 10.57
5 0 4 0 2 9 1 212 30 193 13.28
8 1 0 0 0 0 1 222 13 225 13.04
3 0 0 7 6 8 2 214 219 24 161 12.67
10 0 7 0 3 1 1 216 24 163 12.27
9 1 0 0 0 0 1 215 14 200 17.45
3 0 8 7 1 0 1 221 35 165 15.74
5 0 0 2 2 4 2 217 221 14 194 17.49
10 0 10 0 0 3 1 218 27 227 15.6
7 0 0 8 5 0 2 219 222 23 198 13.72
2 0 1 0 0 8 1 221 34 188 12.41
8 0 9 10 9 7 1 219 19 199 11.75
2 0 0 4 7 10 1 222 37 237 13.73
7 0 7 1 1 0 1 220 30 181 16.04
6 0 3 0 0 1 1 223 37 197 16.66
10 0 2 2 0 9 1 223 38 240 16.06
1 0 3 0 8 10 1 223 39 203 13.41
1 0 0 0 0 0 0 48 200 11.14
1 0 0 0 0 0 3 225 226 227 0 123 14.8
3 0 5 10 9 5 3 230 233 240 1 202 14.51
7 0 2 8 10 6 3 238 241 249 1 160 9.71
7 0 9 4 1 5 3 228 229 237 1 165 10.28
4 0 8 10 2 6 3 231 232 234 8 150 12.74
2 0 3 3 9 1 3 230 233 250 8 171 18.38
8 0 2 10 4 8 2 236 243 10 139 13.5
3 0 8 3 3 1 3 235 239 240 12 121 17.39
3 0 10 5 2 7 3 233 239 242 12 155 15.65
1 0 2 7 1 5 3 241 243 247 15 172 11.5
3 0 10 3 4 10 3 235 240 254 12 140 13.25
9 0 3 2 5 5 3 241 242 250 15 202 14.51
8 0 2 2 4 4 2 244 245 18 188 11.29
5 0 6 8 7 8 3 239 243 246 8 215 17.13
2 0 10 4 8 1 3 245 247 248 8 181 9.33
9 0 10 4 7 7 3 244 247 250 15 133 16.52
1 0 8 5 1 5 2 242 252 15 170 16.16
10 0 1 7 9 2 2 246 251 24 221 14.22
4 1 0 0 0 0 3 245 249 251 24 185 13.84
1 1 0 0 0 0 1 244 18 204 16.78
5 0 8 3 10 6 2 248 249 26 168 11.97
1 0 4 5 8 8 1 246 28 135 17.33
6 0 7 2 5 2 1 253 34 189 13.28
2 1 0 0 0 0 3 251 252 254 24 221 15.5
10 0 4 6 1 6 1 254 31 171 9.43
5 0 2 7 2 9 1 253 31 200 12.91
1 0 4 3 5 9 1 252 24 157 14.21
7 0 5 7 9 2 1 253 34 188 16.14
7 0 8 8 1 9 1 255 26 180 13.75
4 0 4 9 10 10 1 255 41 213 12.41
2 0 3 4 3 1 1 255 41 204 10.92
1 0 0 0 0 0 0 45 193 12.01
1 0 0 0 0 0 3 257 258 259 0 165 9.92
1 0 1 6 4 10 3 261 265 282 1 192 18.31
9 0 5 5 4 5 2 261 266 1 188 16.63
10 0 3 3 4 8 3 260 262 263 1 199 17.1
4 1 0 0 0 0 3 268 278 280 11 142 17.29
8 1 0 0 0 0 3 270 274 277 10 135 18.27
2 0 6 10 4 2 3 266 267 269 11 170 11.97
4 0 3 8 10 4 3 264 267 270 11 223 15.82
7 0 10 6 3 2 3 268 271 272 15 164 9.97
4 0 6 3 6 7 2 270 272 2 176 11.85
10 0 10 9 8 10 3 271 278 282 13 187 10.82
1 0 10 10 8 8 2 276 277 15 168 15.39
7 0 2 4 3 8 3 273 282 283 22 209 13.19
3 0 4 8 10 5 2 273 277 13 200 10.49
6 0 10 6 5 10 3 273 279 281 18 221 16.5
3 1 0 0 0 0 2 274 275 23 212 17.89
9 1 0 0 0 0 2 274 275 22 208 16.2
4 0 9 8 10 1 3 284 285 286 29 207 10.45
1 1 0 0 0 0 1 276 31 172 11.07
1 0 6 7 5 3 2 276 279 31 137 18.17
5 0 7 7 10 9 1 280 32 236 9.71
6 1 0 0 0 0 2 278 280 18 179 12.96
2 1 0 0 0 0 3 279 281 283 24 216 14.75
1 0 7 4 1 3 1 285 32 175 16.66
3 1 0 0 0 0 2 281 283 37 161 15.59
4 0 5 7 6 3 1 286 40 235 11.88
10 0 7 1 7 3 2 284 285 29 237 12.8
10 0 10 9 8 8 2 284 286 40 234 13.44
7 0 2 5 5 1 1 287 50 179 14.04
4 0 4 3 2 7 1 287 39 218 12.1
9 0 8 2 7 9 1 287 50 173 9.49
1 0 0 0 0 0 0 59 189 15.84
1 0 0 0 0 0 3 289 290 291 0 173 13.86
2 0 9 0 8 0 3 294 296 314 1 192 14.85
2 0 3 0 3 8 2 296 310 1 114 11.64
10 0 0 7 10 2 3 292 304 309 1 217 9.92
6 0 7 0 0 3 2 293 310 11 171 14.4
2 1 0 0 0 0 1 302 17 124 15.24
5 0 0 0 8 7 3 295 297 298 3 163 12.5
2 0 5 3 7 0 1 300 8 153 10.1
8 0 7 0 0 7 3 299 301 315 3 123 14.82
9 0 2 0 7 2 2 307 309 8 147 10.79
6 0 4 0 3 0 3 303 307 313 8 138 11.96
4 0 0 3 0 0 3 303 305 318 11 224 15.65
1 0 10 0 1 0 3 301 304 306 10 210 12.33
2 0 0 6 3 1 3 302 305 316 11 213 12.13
7 1 0 0 0 0 2 312 318 19 129 11.97
4 1 0 0 0 0 1 312 15 147 12.63
7 0 0 0 5 4 1 311 11 141 13.65
1 1 0 0 0 0 1 309 15 217 16.76
7 0 4 0 0 0 3 308 311 315 11 189 14.06
4 1 0 0 0 0 2 310 315 17 219 9.57
3 0 0 0 10 8 2 313 316 18 211 17.68
5 0 9 10 0 0 2 311 313 17 132 10.39
2 1 0 0 0 0 1 312 21 204 11.64
8 0 1 0 0 6 1 317 22 178 10.76
5 0 6 0 0 0 1 317 26 154 11.12
5 0 4 0 0 9 1 317 22 195 10.34
2 0 0 4 0 0 1 316 3 151 13.08
8 0 10 6 0 3 1 318 21 154 13.21
10 0 6 0 0 6 1 319 21 170 12.01
10 0 2 0 7 0 1 319 31 204 15.42
2 0 7 0 0 0 1 319 29 143 12.37
1 0 0 0 0 0 0 41 208 13.89
1 0 0 0 0 0 3 321 322 323 0 130 11.31
10 0 5 3 8 10 3 331 339 343 1 178 16.42
10 0 8 2 3 8 3 324 325 333 1 123 17.02
3 0 8 2 1 10 3 326 332 342 1 122 11.75
2 0 1 1 4 4 2 328 344 11 151 13.31
10 0 7 10 3 6 3 335 339 340 11 139 17.58
9 0 8 1 1 4 3 327 335 343 4 190 9.92
6 0 4 1 3 9 3 329 330 336 13 137 17.06
6 0 10 5 5 3 2 334 343 13 195 10.97
2 1 0 0 0 0 2 338 348 19 143 14.08
1 1 0 0 0 0 2 344 349 19 169 14.13
5 1 0 0 0 0 3 335 341 347 11 159 12.16
3 0 4 7 9 8 1 333 4 159 14.5
1 0 9 8 10 8 1 336 11 183 9.6
3 0 5 2 9 4 3 337 341 347 19 137 18.4
5 1 0 0 0 0 1 348 21 172 16.3
2 1 0 0 0 0 2 344 345 19 134 15.18
10 1 0 0 0 0 2 342 346 22 214 17.47
1 0 5 2 2 9 1 345 21 183 16.65
8 0 10 3 6 1 2 342 346 21 155 11.51
1 1 0 0 0 0 2 341 346 21 198 17.47
8 1 0 0 0 0 2 349 350 22 196 10.32
6 0 6 3 10 1 1 345 32 195 15.51
2 1 0 0 0 0 1 350 19 139 10.92
2 1 0 0 0 0 1 347 21 181 9.85
8 0 3 10 4 6 1 349 38 206 15.52
6 0 7 1 3 3 1 348 32 221 15.94
4 0 7 9 5 1 1 350 23 230 10.08
3 0 9 8 1 9 1 351 38 190 17.86
8 0 4 3 10 8 1 351 46 240 10.9
1 1 0 0 0 0 1 351 30 224 16.46
1 0 0 0 0 0 0 54 188 13.06
1 0 0 0 0 0 3 353 354 355 0 125 11.1
10 0 2 4 3 3 3 356 358 361 1 183 17.57
10 0 6 8 3 1 3 358 367 371 1 154 17.1
2 0 2 10 1 1 3 360 361 362 1 151 14.99
8 0 6 10 4 3 3 357 371 373 11 148 10.61
10 0 6 1 7 3 3 360 362 366 19 145 14.19
1 0 1 6 9 10 3 359 360 369 11 174 14.93
7 1 0 0 0 0 3 365 373 378 12 144 17.4
8 1 0 0 0 0 3 364 372 374 29 211 18.11
9 0 8 1 3 9 3 372 374 379 11 165 13.01
8 0 8 1 8 9 3 363 369 372 29 159 13.76
8 0 9 3 7 5 3 364 367 374 37 176 18.3
2 0 8 8 10 1 3 365 370 377 45 225 18.21
1 0 3 1 5 8 1 368 47 217 9.59
4 1 0 0 0 0 3 368 369 378 29 235 17.72
9 1 0 0 0 0 3 368 370 375 45 171 15.78
5 0 2 10 1 10 1 376 54 161 17.21
1 0 4 6 4 9 2 381 382 37 140 17.43
5 0 2 4 6 8 3 376 379 381 54 247 16.04
8 0 9 6 7 3 1 375 19 209 13.98
9 1 0 0 0 0 3 375 377 380 37 222 13.05
2 1 0 0 0 0 1 379 19 148 10.62
8 0 4 6 6 4 3 377 380 382 45 231 13.29
2 0 10 4 6 6 1 376 54 202 14.16
4 0 10 9 2 8 1 382 59 216 15.25
5 0 4 10 2 10 1 378 53 163 9.99
6 0 1 8 3 2 1 381 58 216 11.25
7 0 2 10 9 4 1 380 59 256 10.27
7 0 2 3 7 4 1 383 66 260 14.34
7 0 6 2 3 10 1 383 64 202 16.03
2 0 2 2 4 4 1 383 63 172 17.95
1 0 0 0 0 0 0 73 228 10.27
1 0 0 0 0 0 3 385 386 387 0 108 9.49
4 0 3 3 5 9 3 388 408 409 1 202 15.18
2 0 3 6 5 2 3 392 400 402 1 191 14.5
6 0 1 1 10 6 3 389 390 391 1 170 18.26
1 0 2 4 1 2 3 394 399 404 5 132 17.99
3 0 8 6 1 2 3 393 395 408 7 202 12.7
2 0 6 2 1 8 3 395 397 405 7 134 13.56
7 0 6 5 3 1 3 394 403 408 7 122 16.36
6 0 8 8 10 2 1 407 3 184 9.72
3 0 10 8 4 9 2 399 402 10 207 11.87
2 0 4 1 9 7 3 397 398 410 14 215 16.99
7 0 10 8 1 10 2 396 413 10 191 16.04
5 0 7 2 1 1 2 399 407 17 191 10.37
9 0 1 1 3 3 1 411 16 163 14.88
10 0 2 8 9 8 1 400 16 152 17.24
2 1 0 0 0 0 2 410 412 22 200 13.73
5 1 0 0 0 0 3 401 412 414 26 177 12.87
3 0 9 4 3 3 1 406 31 218 12.43
5 0 5 3 7 5 2 403 409 13 223 13.51
4 1 0 0 0 0 1 404 18 141 13.69
4 1 0 0 0 0 2 405 406 22 129 10.64
7 0 8 5 5 5 1 411 26 173 9.73
5 0 6 10 3 5 1 413 34 143 16.43
3 1 0 0 0 0 1 409 22 154 15.87
6 1 0 0 0 0 1 413 14 158 12.62
6 1 0 0 0 0 2 411 412 25 134 14.61
6 0 5 2 8 1 1 414 24 223 14.85
7 0 6 7 5 5 1 414 33 167 9.47
10 0 8 8 5 2 1 415 31 213 12.01
6 0 5 10 3 8 1 415 39 213 12.47
9 0 10 9 9 5 1 415 40 158 12.16
1 0 0 0 0 0 0 49 251 15.42
1 0 0 0 0 0 3 417 418 419 0 210 14.04
9 0 7 1 6 8 3 427 428 444 1 200 15.14
10 0 0 0 6 6 2 421 422 1 189 9.94
9 0 10 4 1 7 2 420 424 1 210 10.85
10 0 3 0 3 8 1 442 10 180 17.08
7 0 5 10 8 0 2 423 434 11 197 18.13
1 0 3 2 5 3 1 437 11 167 11.49
4 0 4 7 0 10 3 425 432 436 18 187 18.11
4 0 1 9 0 8 1 443 10 194 13.25
4 0 0 2 6 1 2 426 437 22 135 12.03
8 0 10 0 0 2 1 431 26 182 14.08
9 0 1 8 9 5 3 430 439 445 10 219 12.35
3 0 8 5 6 0 3 429 435 438 10 204 14.59
2 0 8 2 4 7 2 430 441 13 166 12.81
1 0 1 0 2 2 1 434 19 137 18.31
3 1 0 0 0 0 1 433 34 166 12.89
7 0 3 3 7 6 1 441 22 227 12.05
7 1 0 0 0 0 1 440 37 202 10.44
4 1 0 0 0 0 1 442 20 176 10.4
6 0 0 5 1 0 1 443 13 221 10.47
9 0 2 4 0 7 1 446 22 198 13.08
9 0 0 0 8 8 2 439 445 26 150 14.24
8 1 0 0 0 0 1 445 13 154 17.29
8 0 9 0 1 4 1 446 35 205 15.08
6 1 0 0 0 0 2 441 444 44 223 15.75
10 0 7 10 6 0 1 442 50 185 13.83
7 0 2 0 0 0 1 443 60 226 11.93
6 0 10 6 9 9 1 446 67 228 17.08
4 1 0 0 0 0 1 447 50 255 12.76
1 0 8 1 2 4 1 447 35 177 10.4
9 0 0 3 7 0 1 447 73 253 15.27
1 0 0 0 0 0 0 82 202 14.5
1 0 0 0 0 0 3 449 450 451 0 152 12.82
7 0 6 0 0 0 3 453 455 456 1 207 16.33
10 0 0 8 0 0 3 454 458 465 1 121 11.37
2 0 4 0 0 0 3 452 454 455 1 138 10.63
3 0 5 0 0 0 3 468 469 471 3 114 16.55
2 0 6 0 0 0 2 454 457 8 144 16.39
1 0 0 0 0 10 2 459 461 11 160 9.5
3 0 0 9 0 0 3 460 462 467 8 194 14.63
5 0 9 0 0 0 3 457 459 461 8 144 18.17
10 0 0 0 1 0 3 462 463 467 13 218 14.04
9 0 0 0 0 3 2 461 471 11 212 18.29
9 0 0 5 0 0 3 463 468 472 13 225 14.87
3 0 0 0 2 0 3 464 466 468 11 118 16.99
5 0 0 0 0 10 2 476 477 20 176 14.37
1 0 0 0 0 8 1 464 23 149 11.62
6 0 6 0 0 0 2 466 475 23 201 13.07
6 1 0 0 0 0 3 465 471 475 24 163 15.41
9 1 0 0 0 0 3 469 470 472 30 212 14.9
5 1 0 0 0 0 2 470 474 29 220 15.8
2 1 0 0 0 0 3 469 473 477 23 197 15.29
9 1 0 0 0 0 3 470 473 475 22 209 17.68
3 0 1 0 0 0 2 474 478 39 234 9.67
5 0 0 0 4 0 1 477 39 213 13.43
8 1 0 0 0 0 2 472 473 30 183 11.89
2 0 0 0 6 0 1 476 39 164 11.78
3 0 9 0 0 0 2 474 478 38 175 12.44
10 0 0 0 10 0 1 476 42 218 16.94
2 0 0 0 3 0 1 478 31 236 11.59
8 0 0 0 0 5 1 479 52 183 9.36
1 0 0 0 3 0 1 479 44 177 15.48
9 0 0 0 0 6 1 479 42 239 10.93
1 0 0 0 0 0 0 60 221 14.47
1 0 0 0 0 0 3 481 482 483 0 146 11.47
5 0 0 0 0 9 3 484 491 494 1 163 16.39
2 0 9 0 0 0 2 492 493 1 162 12.49
5 0 0 0 0 3 3 485 487 499 1 208 14.18
8 0 0 0 0 10 2 489 502 6 181 13.84
8 0 0 0 7 0 3 486 488 495 6 173 13.85
9 0 0 0 0 10 3 489 497 506 14 153 11.43
6 0 0 0 8 0 1 497 6 116 14.14
1 0 10 0 0 0 3 490 496 498 14 201 17.64
10 0 0 0 10 0 3 501 503 505 23 189 15.67
2 0 0 0 5 0 1 497 15 160 12.47
2 0 0 9 0 0 3 493 498 508 6 180 15.76
7 0 0 5 0 0 3 500 504 508 3 182 11.68
5 0 0 2 0 0 1 502 8 167 10.73
10 0 0 0 0 9 3 495 501 506 6 222 12.29
9 0 0 8 0 0 2 498 505 16 214 10.29
8 0 0 0 6 0 3 503 505 510 15 224 15.76
9 0 0 0 0 6 2 503 508 23 235 9.93
10 0 0 0 0 8 1 504 25 195 16.95
8 1 0 0 0 0 2 504 510 6 136 12.43
6 1 0 0 0 0 1 502 10 146 12.24
3 0 0 0 2 0 1 510 33 176 18.31
10 1 0 0 0 0 1 509 16 166 14.82
1 0 8 0 0 0 1 507 33 237 10.75
5 0 0 0 0 7 1 509 35 230 14.46
4 0 0 7 0 0 1 507 33 189 17.95
7 1 0 0 0 0 1 507 23 185 12.25
8 0 0 8 0 0 1 509 37 205 11.05
2 0 3 0 0 0 1 511 32 156 14.13
1 0 0 0 7 0 1 511 45 247 10.26
10 0 0 0 0 6 1 511 36 217 12.8
1 0 0 0 0 0 0 46 200 16.19
1 0 0 0 0 0 3 513 514 515 0 125 12.6
10 0 0 0 0 7 2 534 541 1 177 13.54
6 0 0 4 0 0 3 516 535 540 1 167 17.79
2 0 6 0 0 0 3 517 519 529 1 112 16.28
9 0 0 0 10 0 2 521 528 7 152 17.35
7 0 0 10 0 0 3 518 520 540 3 202 10.53
7 0 0 9 0 0 2 521 536 10 198 16.34
9 0 0 0 3 0 1 522 3 129 17.49
4 0 0 0 0 3 3 524 525 533 10 182 17.44
2 0 0 0 5 0 3 524 531 538 17 177 10.93
3 0 0 0 5 0 3 523 532 537 12 219 16.69
10 0 0 9 0 0 3 524 527 535 15 198 11.89
7 1 0 0 0 0 1 541 25 231 12.1
4 0 0 0 3 0 2 526 536 14 183 16.18
6 1 0 0 0 0 2 534 541 18 152 12.11
6 1 0 0 0 0 2 538 540 25 206 12.22
5 0 0 0 0 4 3 531 533 537 16 202 14.21
6 0 0 10 0 0 3 530 533 534 3 114 15.54
4 0 3 0 0 0 2 531 532 9 160 15.12
1 0 0 4 0 0 1 539 21 220 9.68
9 0 2 0 0 0 1 535 15 215 11.39
2 0 0 8 0 0 1 536 21 217 17.55
2 1 0 0 0 0 1 537 24 144 15.48
2 1 0 0 0 0 1 542 25 219 15.82
5 0 0 0 4 0 1 539 23 150 17.63
10 0 0 0 0 10 1 538 26 224 16.38
9 0 0 0 6 0 1 539 36 204 11.75
5 0 9 0 0 0 1 542 45 247 15.95
3 1 0 0 0 0 1 543 31 152 15.74
1 1 0 0 0 0 1 543 32 169 11.93
2 0 0 0 8 0 1 543 50 159 16.39
1 0 0 0 0 0 0 52 192 12.87
112.39 105.07 104.46 100.37 100.0 110.15 140.28 180.0 220.91 173.53 141.49 121.08 114.26 118.34 119.76 141.59 134.07 146.21 147.81 138.69 118.5 118.19 115.57 103.84 108.44 105.52 101.09 99.84 103.23 108.88 147.76 159.75 183.97 151.94 123.72 117.43 112.05 112.97 115.35 123.7 122.33 145.63 155.13 148.25 126.47 100.8 114.93 127.32 106.14 111.75 110.48 108.91 105.85 108.88 128.02 189.75 301.07 307.36 299.88 294.05 299.39 296.95 277.91 278.85 320.03 368.41 320.52 268.72 180.95 151.2 140.72 123.9 126.14 117.84 117.38 114.72 114.38 120.87 128.06 162.75 197.25 175.0 151.9 140.64 132.21 133.21 138.91 159.07 171.96 187.68 184.32 179.97 159.6 138.33 140.96 127.6 119.83 121.5 118.11 115.27 115.58 121.93 140.8 175.01 208.13 175.34 158.0 140.74 126.44 124.03 133.25 151.98 166.42 178.02 179.92 174.22 157.91 145.0 139.97 129.09 126.97 121.42 121.77 118.96 117.46 119.88 118.35 137.54 146.2 144.1 135.94 121.96 118.87 115.01 119.36 132.7 139.43 160.0 167.57 167.85 156.12 143.42 136.4 129.36 130.04 125.6 124.18 121.24 120.18 120.0 121.77 124.65 123.74 126.82 127.5 126.21 112.25 107.51 116.81 126.88 136.94 144.8 155.42 152.75 143.82 134.7 136.78 124.72 122.64 120.11 116.64 114.41 115.45 130.43 157.86 262.23 418.43 291.7 236.29 196.09 181.38 171.39 191.9 277.05 381.61 563.13 473.28 295.57 220.0 170.0 164.46 146.37 128.04 124.74 116.86 109.16 104.41 107.58 118.07 139.33 182.65 185.39 180.0 141.91 123.12 124.43 125.4 167.12 199.3 284.16 244.75 200.27 172.45 153.82 136.59 121.22 128.83 125.47 122.91 122.4 124.01 124.98 140.01 168.87 229.46 199.41 179.06 172.94 165.0 170.0 179.92 193.22 173.93 181.09 165.0 150.33 104.81 117.61 127.0 104.67 108.01 103.33 108.55 103.09 98.75 108.01 140.0 136.6 155.0 170.0 149.61 151.0 148.85 160.59 151.9 155.0 140.0 132.7 130.72 141.07 140.0 134.36 132.7 100.02 108.01 108.01 85.9 84.59 84.59 112.01 150.0 159.79 165.0 155.0 155.0 145.0 164.97 161.9 165.0 150.0 142.98 150.0 144.92 120.72 112.52 84.59 78.49 69.69 78.81 79.28 85.0 85.89 83.08 87.35 86.48 93.34 99.43 97.58 90.98 88.95 84.76 83.83 93.78 111.34 128.12 143.36 148.87 143.84 134.26 137.76 136.07 122.98 128.16 117.41 113.77 108.6 107.9 110.17 112.83 120.0 127.4 124.96 108.2 103.36 97.14 92.16 105.97 114.2 129.53 135.05 124.79 113.78 111.15 100.88 82.0 77.55 74.89 70.06 38.09 41.5 74.3 80.24 229.52 262.77 179.0 139.31 99.15 95.78 129.35 105.39 131.67 150.0 165.0 145.0 130.0 165.0 145.44 116.26 130.0 88.67 79.25 80.38 81.28 80.57 84.17 101.8 122.89 133.83 146.8 132.61 125.2 120.56 118.25 121.75 125.94 135.95 146.66 152.24 141.76 133.9 118.07 94.05 100.5 86.66 86.54 84.95 81.03 79.81 84.95 95.93 119.06 133.72 144.22 133.53 108.03 91.41 85.6 86.04 92.91 115.15 119.94 140.72 150.0 145.35 135.08 123.06 115.19 100.21 97.39 97.02 96.22 97.37 96.94 111.24 141.97 153.11 160.3 151.64 132.75 123.25 113.85 113.3 129.8 153.72 161.45 178.92 174.84 161.29 150.56 134.48 126.66 120.2 120.0 117.35 114.01 114.01 116.58 121.01 154.37 159.87 163.7 154.82 130.1 126.2 120.06 121.19 119.89 151.47 168.59 184.56 184.48 178.99 162.66 152.7 152.38 134.97 139.56 131.39 125.78 119.17 119.22 120.86 127.18 144.74 153.46 142.44 128.4 120.08 110.29 103.4 113.7 129.91 155.04 168.01 167.41 162.98 156.6 145.24 141.73 131.74 133.26 126.91 122.99 120.66 122.34 123.41 128.09 135.9 137.3 137.7 130.04 129.33 122.24 111.88 116.65 128.89 153.14 165.25 172.32 173.95 165.5 155.77 148.44 133.24 129.54 126.63 124.72 120.04 123.24 127.77 159.18 207.88 243.23 178.04 149.95 126.16 117.27 115.52 124.31 147.32 169.51 214.64 200.73 201.1 167.74 153.0 144.21 135.81 132.4 125.54 123.18 123.99 123.25 127.63 155.37 191.13 211.99 163.31 136.53 126.71 117.55 113.18 120.09 138.47 170.43 178.26 175.0 171.02 152.85 131.0 130.77 123.05 115.2 110.86 110.27 109.09 115.43 122.5 147.67 168.12 180.81 159.33 133.5 121.97 117.02 119.5 128.85 144.12 160.36 177.15 189.9 189.63 170.0 155.42 143.7 133.68 133.67 129.8 125.95 125.0 125.01 134.5 154.93 180.09 219.08 178.95 160.22 150.88 145.88 142.97 139.07 150.09 171.17 176.63 169.12 162.12 135.15 123.54 131.27 121.95 126.05 112.7 108.82 105.0 114.14 127.75 178.61 181.71 164.98 150.47 134.44 117.05 113.52 118.79 122.32 151.3 133.7 132.92 136.89 132.27 111.54 87.65 98.8 100.0 83.39 86.49 86.39 88.13 89.69 90.99 88.95 93.24 112.24 97.54 94.55 86.74 85.4 87.56 92.77 118.0 136.88 144.46 160.47 160.33 155.17 149.0 143.56 135.53 135.0 127.75 124.07 119.3 116.81 117.0 117.0 133.43 136.77 120.94 113.7 109.1 87.08 98.01 109.9 120.4 138.0 142.93 155.76 150.6 144.55 142.16 143.0 128.54 119.56 114.07 111.4 107.72 107.31 115.58 153.71 173.8 181.36 163.18 141.45 121.23 125.33 124.09 136.91 152.78 140.3 126.84 125.09 140.0 120.0 109.21 131.31 88.52 78.92 86.98 135.0 105.01 88.55 99.0 145.0 194.13 169.7 143.69 116.05 104.85 107.55 117.2 130.96 135.7 145.75 143.93 145.0 156.88 156.01 137.8 141.47 128.2 129.26 127.91 126.82 126.59 128.74 128.87 141.3 173.11 180.0 174.92 168.75 168.43 157.95 159.23 141.48 150.0 160.1 162.69 181.66 183.99 152.14 144.99 139.78 133.0 132.38 140.12 150.74 144.49 146.91 133.16 135.3 270.7 251.77 222.64 205.6 185.9 176.9 184.44 190.0 211.71 200.21 207.33 205.5 196.52 176.36 162.92 153.12 139.32 139.65 137.01 131.66 131.43 130.78 140.09 163.63 224.86 261.75 214.52 180.61 163.74 150.06 149.42 157.07 172.21 196.88 292.25 288.53 224.61 183.55 163.6 153.0 140.03 135.66 130.69 120.25 118.7 118.97 120.87 134.52 149.23 150.53 137.05 124.59 118.36 112.39 110.01 116.42 129.59 145.64 164.02 175.23 161.46 141.16 116.37 130.3 120.32 134.11 128.9 123.57 119.9 119.57 119.84 118.05 124.47 123.77 125.75 131.48 128.92 127.85 121.36 123.67 127.33 139.52 170.0 172.12 168.8 155.51 134.93 132.06 131.51 125.9 121.06 120.34 125.94 129.5 126.7 157.39 208.25 209.79 171.3 139.67 116.94 113.24 106.55 118.11 135.02 173.29 225.32 271.52 216.5 179.08 151.4 131.21 122.95 134.75 126.4 127.5 114.54 110.45 108.19 135.32 186.2 193.8 141.92 117.27 98.81 79.06 84.62 98.35 104.87 190.7 189.76 176.77 165.0 142.03 141.9 119.58 103.61 94.31 93.84 96.91 95.24 102.66 141.4 155.0 180.26 166.37 128.76 109.88 92.9 90.14 91.8 92.23 107.41 147.49 161.25 159.24 160.76 141.4 109.61 103.4 91.8 114.41 118.13 130.0 113.87 113.59 130.0 148.54 140.0 129.45 114.24 104.15 94.18 97.41 93.06 100.4 97.28 114.1 139.8 156.19 150.71 147.34 121.67 118.79 90.0 73.45 70.72 73.03 72.42 81.11 120.0 125.17 165.34 150.72 131.26 104.33 87.37 79.1 77.95 91.97 87.88 165.72 148.62 154.5 152.0 163.87 82.7 82.9 97.94 71.48 71.73 71.92 71.65 72.29 80.0 113.21 123.18 115.0 70.93 58.53 57.76 54.57 56.75 68.09 73.31 82.0 115.0 99.24 95.0 105.0 100.0 75.3 71.54 77.95 67.63 72.42 69.74 72.51 72.53 92.28 102.91 112.52 100.63 85.49 88.98 72.5 72.48 85.6 106.6 127.71 145.54 152.08 135.33 136.61 117.64 130.0 103.81 78.91 105.0 73.83 73.2 73.2 77.5 104.0 181.78 196.24 124.4 182.35 110.0 105.0 82.1 73.13 77.53 83.93 120.0 120.0 119.4 100.33 87.23 94.06 95.42 74.35 89.16 81.26 82.35 86.45 90.09 123.16 146.91 170.88 154.68 141.5 127.78 125.97 127.61 136.49 150.81 158.69 189.96 216.32 174.62 149.42 137.98 127.44 109.8 123.78 121.07 117.85 117.07
