544 5
1 31 34 32 30
1 0 0 0 0 0 3 1 2 3 0 153 13.09
4 0 0 0 3 0 3 5 6 8 1 171 14.09
7 0 0 0 6 0 2 9 21 1 112 10.23
7 0 4 0 0 0 1 4 1 187 12.13
8 0 0 0 4 0 1 20 8 164 11.62
2 0 0 0 3 0 3 7 18 29 5 109 7.43
2 0 0 0 10 0 1 11 5 128 8.28
2 0 0 0 6 0 2 10 25 7 110 11.45
2 0 0 0 0 6 1 13 5 142 8.09
2 0 0 0 10 0 2 15 17 8 189 11.68
9 0 0 0 6 0 3 12 17 23 9 156 10.13
2 0 0 0 6 0 2 14 15 7 155 13.64
3 1 0 0 0 0 1 14 18 210 12.33
7 0 0 0 0 6 1 18 7 147 11.51
3 1 0 0 0 0 3 16 19 30 21 129 12.03
7 0 0 0 1 0 1 22 10 145 11.84
4 0 0 3 0 0 1 27 24 223 9.32
1 0 0 0 0 4 1 28 18 147 7.99
5 0 0 0 0 9 2 24 26 14 150 11.04
1 1 0 0 0 0 1 27 24 203 13.5
3 0 0 5 0 0 2 22 29 16 162 9.29
2 0 0 8 0 0 1 22 8 135 9.68
10 1 0 0 0 0 2 24 26 19 188 9.5
6 1 0 0 0 0 1 30 18 198 14.23
8 0 0 5 0 0 1 25 29 163 10.24
5 0 3 0 0 0 1 30 37 206 9.48
5 0 0 0 0 10 1 27 29 157 8.36
4 0 0 7 0 0 1 28 34 215 13.96
6 0 0 0 4 0 1 31 38 199 12.51
7 1 0 0 0 0 1 31 19 170 8.27
8 0 0 0 0 2 1 31 42 194 14.03
1 0 0 0 0 0 0 50 213 9.31
1 0 0 0 0 0 3 33 34 35 0 178 11.83
5 0 0 0 7 0 3 36 45 59 1 115 10.11
4 0 0 0 0 2 3 37 38 39 1 196 8.72
2 0 0 8 3 0 3 45 48 56 1 170 9.63
7 0 0 4 0 0 3 37 40 44 6 195 8.53
1 1 0 0 0 0 3 46 48 58 13 163 13.35
8 0 2 8 0 1 3 41 42 53 5 205 13.31
10 0 0 0 3 8 3 47 50 51 5 157 13.77
7 0 0 0 0 7 3 43 50 53 13 136 11.84
4 0 5 0 9 0 3 44 49 50 13 118 10.43
8 0 0 0 6 8 2 43 45 13 139 10.4
10 0 0 3 0 7 3 46 48 49 21 130 8.4
5 0 0 0 4 0 2 46 54 17 159 12.27
2 0 5 0 1 0 2 52 60 21 209 9.03
5 1 0 0 0 0 3 51 55 61 31 175 11.51
9 0 0 0 0 8 3 52 53 59 15 209 7.66
1 1 0 0 0 0 1 51 31 132 8.01
7 0 5 5 0 0 3 52 54 55 31 163 14.02
6 0 9 1 7 4 2 55 58 20 154 10.09
3 1 0 0 0 0 2 57 62 36 193 13.55
1 1 0 0 0 0 1 58 38 189 13.39
9 1 0 0 0 0 3 54 57 61 24 201 10.92
8 1 0 0 0 0 1 56 38 190 10.43
9 0 1 3 0 0 2 56 57 38 183 10.43
9 0 0 0 10 0 1 60 47 184 11.95
10 0 0 9 8 3 1 60 47 184 8.01
9 0 9 5 1 6 1 62 39 168 11.3
5 0 0 2 0 0 2 61 62 24 216 13.29
6 0 0 2 5 7 1 63 57 179 7.28
10 0 0 0 10 10 1 63 36 180 8.44
6 0 0 6 0 5 1 63 48 163 7.54
1 0 0 0 0 0 0 63 190 9.49
1 0 0 0 0 0 3 65 66 67 0 175 10.85
9 0 3 0 0 5 3 71 80 83 1 156 13.7
10 0 6 8 4 3 3 68 69 74 1 209 11.15
6 0 3 1 1 4 3 72 74 77 1 153 11.11
9 0 5 5 1 4 3 77 79 85 11 177 10.39
4 0 3 9 1 7 2 70 81 11 145 11.06
8 0 3 1 6 1 3 73 76 78 15 154 11.73
3 0 2 4 10 0 3 72 74 77 10 178 12.75
4 0 3 0 6 0 3 76 79 87 13 202 10.34
7 1 0 0 0 0 3 75 79 85 23 169 12.2
5 0 5 0 9 5 3 75 81 84 13 183 8.73
2 1 0 0 0 0 3 86 93 94 30 211 7.97
1 1 0 0 0 0 3 82 90 92 23 190 14.12
10 0 6 3 8 4 2 81 89 20 172 9.6
9 1 0 0 0 0 2 83 92 23 195 12.36
1 0 0 2 5 1 3 82 84 86 30 195 10.67
8 0 6 10 6 10 3 82 86 90 10 209 9.76
6 1 0 0 0 0 3 87 88 94 30 220 7.66
9 1 0 0 0 0 1 89 31 210 10.57
2 1 0 0 0 0 2 85 87 32 147 10.05
5 1 0 0 0 0 2 88 91 31 161 12.84
1 1 0 0 0 0 2 89 91 34 146 8.19
5 0 5 6 2 0 1 88 32 155 13.4
10 0 7 10 3 3 2 90 91 36 184 10.99
4 0 5 6 3 9 1 92 37 224 10.11
6 0 3 4 3 10 1 94 40 214 10.52
7 0 9 6 0 0 1 93 46 231 8.16
8 0 0 5 1 0 1 93 46 232 11.26
10 0 10 0 7 2 1 95 41 206 9.08
10 0 0 0 9 2 1 95 54 245 13.38
4 0 8 3 0 1 1 95 46 184 7.47
1 0 0 0 0 0 0 64 176 11.23
1 0 0 0 0 0 3 97 98 99 0 135 10.44
6 0 0 7 0 10 3 100 101 108 1 141 11.39
4 0 6 3 0 7 3 105 107 113 1 180 13.58
4 0 0 1 7 1 2 101 123 1 143 14.29
10 0 10 7 6 0 2 102 117 7 201 8.62
1 0 7 1 7 7 2 103 121 7 150 9.96
4 0 3 7 0 3 1 122 17 208 8.57
9 0 0 7 0 10 3 104 106 109 8 192 8.14
3 1 0 0 0 0 2 111 119 17 175 12.35
1 0 6 10 1 0 2 110 114 5 137 8.4
8 1 0 0 0 0 2 111 112 17 153 11.82
8 0 0 0 7 3 1 119 5 128 10.86
5 0 9 4 5 5 2 116 118 7 211 10.15
3 0 0 2 0 9 1 110 17 202 9.66
9 0 5 5 0 10 1 111 20 220 9.42
6 0 5 5 9 6 1 125 29 198 8.38
8 0 2 10 0 3 1 120 25 142 9.78
2 0 0 2 6 1 1 125 5 160 7.41
9 0 0 10 1 0 1 115 6 209 11.51
1 0 5 5 9 7 1 123 15 156 10.44
1 1 0 0 0 0 1 122 12 121 10.72
2 0 8 4 9 0 1 121 17 181 9.1
8 0 5 10 4 0 1 120 12 126 9.61
1 1 0 0 0 0 1 120 20 150 7.32
4 0 6 0 0 2 1 124 33 216 12.32
1 1 0 0 0 0 2 122 126 19 204 13.49
8 0 10 4 7 10 2 124 125 21 179 9.6
8 1 0 0 0 0 1 124 16 192 13.98
3 0 7 9 0 3 1 127 37 224 8.72
6 0 9 5 3 0 1 127 35 201 11.57
3 0 9 0 3 0 1 127 20 170 12.78
1 0 0 0 0 0 0 41 155 8.63
1 0 0 0 0 0 3 129 130 131 0 137 13.22
3 0 1 0 0 0 2 132 139 1 192 8.93
8 1 0 0 0 0 2 141 153 1 206 10.44
7 0 0 0 0 3 3 137 138 155 1 151 7.59
9 0 0 0 2 0 3 133 135 147 4 135 10.44
4 0 0 0 7 0 3 134 136 152 13 177 13.6
9 1 0 0 0 0 3 142 143 148 17 190 7.43
6 1 0 0 0 0 3 140 141 150 13 201 7.98
8 0 0 0 0 5 3 140 145 148 17 215 8.35
8 0 10 0 0 0 2 144 146 8 212 13.9
10 0 0 0 1 0 2 140 147 8 142 7.96
10 0 0 0 0 7 1 150 4 144 7.66
5 0 0 0 2 0 1 149 25 133 13.14
1 0 0 0 0 8 3 143 149 152 19 170 11.5
2 0 0 4 0 0 1 156 26 206 9.62
3 0 0 0 9 0 1 158 26 210 11.58
1 1 0 0 0 0 2 154 157 16 155 7.53
3 0 0 7 0 0 1 149 25 157 8.48
8 1 0 0 0 0 3 148 151 152 16 215 13.1
3 0 7 0 0 0 2 151 154 18 175 13.3
9 0 0 9 0 0 2 153 157 26 202 11.88
2 0 0 0 0 9 1 151 30 206 12.58
2 1 0 0 0 0 2 153 155 19 138 9.48
6 0 0 0 0 8 1 158 32 148 8.51
3 0 0 0 3 0 2 154 157 24 150 8.12
1 0 6 0 0 0 1 158 35 210 13.75
10 0 2 0 0 0 1 156 27 146 13.66
9 0 7 0 0 0 1 156 21 200 9.12
1 0 0 0 0 1 1 159 37 179 9.49
2 0 0 8 0 0 1 159 35 190 10.23
1 0 0 0 0 8 1 159 38 192 9.98
1 0 0 0 0 0 0 39 153 8.79
1 0 0 0 0 0 3 161 162 163 0 119 11.8
3 0 0 10 0 0 3 165 166 180 1 109 10.79
8 0 0 7 0 0 3 164 165 183 1 112 9.57
7 0 2 0 0 0 3 164 172 189 1 108 10.79
5 0 0 0 0 8 1 187 9 162 13.86
9 0 10 0 0 0 3 167 170 178 9 214 7.84
9 0 0 6 0 0 1 169 4 163 8.96
6 0 0 3 0 0 3 168 171 177 18 180 14.18
1 0 0 0 1 0 2 173 181 24 170 13.84
3 0 0 0 10 0 3 175 176 178 13 157 12.62
8 0 0 7 0 0 2 176 186 18 141 13.55
7 0 0 0 6 0 1 184 24 145 13.4
4 0 0 0 1 0 3 174 175 178 8 153 12.54
9 1 0 0 0 0 1 184 25 149 9.39
8 0 0 0 0 7 3 179 181 183 12 180 10.77
6 0 6 0 0 0 2 177 183 16 149 8.37
8 1 0 0 0 0 2 181 182 26 147 12.5
9 1 0 0 0 0 2 188 190 24 133 13.33
2 0 0 0 0 3 1 187 18 125 11.73
8 0 0 0 9 0 1 180 20 169 10.67
1 1 0 0 0 0 2 185 186 28 140 9.92
6 1 0 0 0 0 2 185 188 34 154 10.54
4 1 0 0 0 0 1 184 34 174 10.43
6 1 0 0 0 0 2 186 190 22 202 13.06
9 0 0 2 0 0 2 185 189 38 226 10.96
3 0 0 2 0 0 1 187 47 224 11.13
9 1 0 0 0 0 1 188 29 181 8.29
9 0 0 9 0 0 1 190 50 214 9.74
10 0 6 0 0 0 1 191 40 153 8.48
9 0 8 0 0 0 1 191 47 193 10.28
9 0 0 0 5 0 1 191 59 232 13.94
1 0 0 0 0 0 0 68 183 11.55
1 0 0 0 0 0 3 193 194 195 0 168 11.85
6 0 0 2 0 0 3 200 213 215 1 191 7.57
4 0 0 0 9 0 2 197 203 1 132 10.68
10 0 7 0 0 0 3 196 198 221 1 168 12.43
9 0 0 5 0 0 3 199 205 208 11 198 10.94
3 0 0 0 7 0 1 219 5 165 8.23
4 0 0 0 9 0 1 220 11 206 12.1
4 0 5 0 0 0 2 202 204 20 154 13.72
3 0 0 9 0 0 2 201 206 7 168 14.23
8 0 4 0 0 0 1 210 10 146 13.09
5 1 0 0 0 0 2 215 217 24 133 13.44
6 0 0 0 2 0 1 212 5 183 10.87
2 0 5 0 0 0 3 207 211 214 24 154 7.97
8 0 0 0 8 0 1 212 20 131 9.3
4 0 0 0 0 7 1 207 10 138 9.1
10 1 0 0 0 0 1 212 26 188 13.48
8 0 0 0 0 10 1 209 20 209 13.6
2 1 0 0 0 0 1 218 28 196 11.32
4 0 8 0 0 0 1 221 18 141 7.66
10 0 4 0 0 0 2 216 217 26 210 13.87
4 1 0 0 0 0 1 222 36 228 8.36
4 0 0 0 8 0 1 218 7 206 7.71
5 0 0 10 0 0 1 216 26 169 10.58
1 1 0 0 0 0 2 220 222 29 175 10.93
6 0 0 0 3 0 1 218 36 191 7.31
10 0 0 0 8 0 1 219 36 197 8.63
1 0 0 6 0 0 2 219 222 42 196 14.08
8 0 0 0 1 0 1 220 46 184 11.74
6 0 5 0 0 0 1 223 54 226 10.34
8 1 0 0 0 0 1 223 22 143 8.28
9 0 0 0 1 0 1 223 43 182 9.79
1 0 0 0 0 0 0 60 157 9.51
1 0 0 0 0 0 3 225 226 227 0 170 10.98
9 0 9 4 0 0 2 229 250 1 110 11.52
7 0 2 0 2 9 3 232 234 237 1 150 9.75
5 0 6 2 0 4 3 228 235 238 1 144 10.12
6 0 1 0 7 0 3 230 231 241 6 124 9.29
4 0 3 0 0 0 1 242 10 117 12.69
3 0 0 10 10 3 1 236 12 133 12.62
5 0 6 0 0 0 1 247 12 167 11.11
9 0 0 9 9 0 1 233 8 149 9.35
6 1 0 0 0 0 2 240 245 17 149 10.52
10 0 0 0 7 9 1 240 8 145 9.6
7 0 0 6 0 3 1 244 6 144 8.17
9 0 0 6 7 0 1 246 15 173 10.6
9 1 0 0 0 0 2 242 248 8 141 9.05
1 1 0 0 0 0 1 239 6 165 8.94
4 1 0 0 0 0 1 247 7 132 8.17
2 0 7 0 10 6 2 243 252 23 207 13.22
6 0 6 0 0 0 2 244 254 12 156 14.04
2 1 0 0 0 0 2 243 245 17 135 9.72
1 1 0 0 0 0 1 254 25 139 11.43
5 0 0 4 2 0 1 249 18 123 10.34
2 0 0 3 4 10 2 247 252 23 198 12.75
4 0 8 1 0 1 1 250 24 167 11.71
9 0 0 9 0 1 1 254 25 215 11.59
4 0 0 0 1 2 2 251 253 17 212 12.54
5 0 2 0 9 0 1 251 23 190 9.94
4 0 1 0 0 0 2 251 253 28 168 12.37
6 0 2 10 0 5 1 252 32 152 8.5
7 0 0 0 0 9 1 255 38 144 7.56
2 0 0 0 6 0 1 255 32 169 8.31
3 0 0 8 4 0 1 255 34 228 7.4
1 0 0 0 0 0 0 45 205 12.98
1 0 0 0 0 0 3 257 258 259 0 152 10.66
1 0 3 7 8 2 3 262 264 266 1 111 10.37
7 0 10 8 8 3 3 260 261 263 1 200 7.39
6 0 4 3 10 8 3 269 271 277 1 161 9.15
5 1 0 0 0 0 3 276 277 280 8 181 10.75
8 0 1 2 5 2 2 267 279 8 212 14.41
7 0 4 3 5 7 3 265 269 270 2 132 10.14
5 0 10 8 7 6 3 269 270 282 8 186 13.5
9 0 5 6 10 1 2 267 278 2 209 10.85
9 0 2 8 3 7 3 267 271 275 9 204 9.22
3 0 8 1 8 7 2 268 272 2 107 14.13
6 0 6 6 1 4 2 282 286 18 206 13.54
10 0 2 2 7 7 3 273 274 278 5 150 9.37
7 1 0 0 0 0 3 272 275 276 13 153 9.6
9 0 8 3 2 3 3 271 272 275 13 206 13.85
6 0 8 9 5 6 2 273 274 22 132 7.34
6 1 0 0 0 0 3 273 280 281 22 143 7.68
7 0 3 1 2 3 1 285 28 165 12.17
3 1 0 0 0 0 2 276 283 28 201 13.93
7 0 4 6 10 4 2 278 279 22 215 11.52
9 0 6 3 5 7 2 279 284 31 189 12.15
8 0 2 8 3 1 2 281 282 13 208 10.99
5 0 2 2 2 3 2 280 283 29 177 13.5
1 0 7 5 10 10 1 281 40 139 7.61
9 0 6 7 2 1 2 284 286 34 166 9.32
6 0 2 2 4 10 2 285 286 41 180 10.83
2 0 9 9 9 6 2 283 285 24 132 13.52
10 0 6 5 9 5 1 284 34 206 11.06
3 0 8 6 2 8 1 287 44 211 13.91
4 0 5 5 5 4 1 287 47 177 7.27
9 0 9 3 6 4 1 287 47 216 8.74
1 0 0 0 0 0 0 56 170 13.55
1 0 0 0 0 0 3 289 290 291 0 155 8.68
4 0 0 0 10 6 2 294 298 1 124 11.59
6 0 6 0 0 3 2 300 313 1 158 8.72
5 0 0 2 0 0 3 292 305 307 1 135 8.31
5 0 0 0 0 9 2 293 295 6 165 7.88
5 0 0 0 1 9 3 296 299 302 11 118 8.88
8 0 0 4 0 7 1 301 5 201 14.15
8 0 1 1 0 8 2 297 312 11 177 12.81
7 0 7 0 0 3 1 304 16 164 10.1
1 0 1 0 0 0 1 309 19 217 10.97
4 0 7 9 10 0 3 306 312 315 5 197 8.65
5 0 10 7 8 7 2 303 318 16 200 11.27
4 0 7 0 0 0 1 302 7 169 14.16
6 0 0 0 10 5 2 308 311 13 162 10.85
10 0 0 4 7 0 1 308 16 179 8.66
2 0 0 10 0 8 3 308 312 315 21 133 12.87
5 0 0 4 4 5 1 306 23 153 9.78
6 1 0 0 0 0 1 309 6 121 12.56
8 0 0 0 10 8 1 310 28 170 12.61
10 0 10 0 0 0 1 316 6 177 9.33
8 1 0 0 0 0 1 314 26 149 12.25
7 1 0 0 0 0 1 315 20 218 13.89
7 0 0 7 0 0 1 317 36 184 13.58
7 1 0 0 0 0 1 314 19 131 10.49
7 1 0 0 0 0 1 313 23 169 8.47
10 0 7 0 0 0 2 314 316 30 231 9.93
10 0 0 2 6 0 1 317 40 209 13.82
10 0 7 0 0 7 1 317 27 160 12.37
3 0 7 0 0 5 1 319 40 197 11.85
9 0 9 5 0 8 1 319 50 242 12.93
1 1 0 0 0 0 1 319 21 157 8.03
1 0 0 0 0 0 0 59 168 8.68
1 0 0 0 0 0 3 321 322 323 0 107 11.07
7 0 4 2 0 0 2 346 350 1 128 12.01
1 0 0 0 1 0 3 324 325 333 1 121 11.24
7 0 0 0 7 0 3 331 333 336 1 138 9.92
8 0 0 0 0 10 3 326 327 332 2 179 11.67
5 0 0 0 9 0 3 328 329 341 2 153 9.97
3 0 2 0 0 0 3 330 334 341 10 148 11.51
4 0 7 9 0 8 3 334 336 344 10 209 8.84
4 0 8 0 2 8 3 332 339 345 7 160 8.49
10 0 0 9 0 0 3 332 334 344 7 184 9.92
7 0 1 0 0 3 3 331 335 343 13 145 9.35
5 0 0 9 5 0 3 337 338 347 20 175 11.0
5 1 0 0 0 0 3 336 340 348 17 199 12.98
8 0 0 0 0 3 3 337 338 341 8 164 7.65
6 1 0 0 0 0 3 335 337 343 17 180 9.51
8 0 4 0 0 2 1 342 23 146 9.5
5 0 8 9 0 0 1 349 22 127 10.97
8 1 0 0 0 0 3 340 346 348 25 181 8.92
10 0 3 0 0 8 1 339 25 163 8.17
8 0 0 5 0 8 2 340 346 35 205 14.32
5 0 0 7 2 7 1 342 43 203 11.93
3 0 0 2 0 7 3 342 343 344 16 208 12.59
7 0 0 4 0 2 1 350 48 171 9.39
3 1 0 0 0 0 3 345 347 348 23 169 7.63
5 1 0 0 0 0 2 345 347 19 151 12.71
9 0 0 5 0 3 1 350 26 160 9.85
7 0 0 0 7 6 1 349 43 229 14.03
7 0 0 0 0 4 1 349 26 150 9.15
9 0 10 8 0 7 1 351 33 171 9.49
8 0 6 0 5 0 1 351 50 242 7.74
8 0 4 6 0 4 1 351 55 162 12.95
1 0 0 0 0 0 0 63 193 9.61
1 0 0 0 0 0 3 353 354 355 0 189 12.66
4 0 0 6 0 5 2 368 378 1 176 12.12
8 0 0 3 0 0 3 357 358 359 1 198 11.02
3 0 4 0 1 8 3 356 376 378 1 187 8.33
1 0 0 1 6 0 2 369 372 4 105 9.57
3 0 0 1 0 8 3 360 367 373 9 204 8.94
8 0 0 0 3 0 3 360 363 366 9 201 9.6
4 0 6 3 0 10 3 361 365 375 9 187 7.57
4 1 0 0 0 0 3 362 364 365 17 214 10.05
1 0 0 7 0 3 2 363 366 13 159 9.64
8 0 0 0 4 0 2 371 381 21 201 10.75
10 0 0 5 5 0 3 369 370 378 17 190 9.77
9 0 0 0 0 5 1 370 21 134 10.48
10 0 0 0 3 0 1 369 21 221 12.38
5 1 0 0 0 0 2 367 371 17 167 11.75
9 0 0 0 2 0 1 377 22 186 10.97
6 0 3 0 8 1 3 371 372 377 5 163 14.15
3 0 4 9 5 0 2 379 381 31 221 10.2
2 0 4 7 0 4 1 380 30 141 11.71
7 0 0 1 0 8 1 379 29 133 11.9
10 0 0 5 9 6 1 374 11 206 13.37
4 0 0 0 5 8 2 375 376 12 169 8.16
6 1 0 0 0 0 1 375 21 127 14.38
10 0 7 7 5 0 1 379 27 172 9.26
8 1 0 0 0 0 2 377 381 16 136 8.9
3 0 2 0 0 4 2 380 382 31 159 8.85
6 0 2 2 0 2 1 380 27 171 8.04
5 0 0 5 0 5 1 382 37 149 9.43
8 0 0 9 6 0 1 383 34 142 9.18
7 0 0 0 0 8 1 383 34 157 10.08
2 0 9 0 0 0 1 383 42 145 9.75
1 0 0 0 0 0 0 44 152 8.62
1 0 0 0 0 0 3 385 386 387 0 168 10.76
9 0 0 6 0 1 3 394 407 410 1 126 9.59
7 0 0 0 1 0 3 389 391 392 1 206 7.44
1 0 5 7 10 0 3 388 393 397 1 180 11.06
1 0 6 9 1 0 3 389 390 394 2 172 13.42
10 0 0 3 0 0 3 398 404 407 8 197 14.26
4 0 7 7 1 0 3 395 401 402 3 122 13.96
5 0 2 0 0 0 3 398 406 407 8 120 9.89
10 0 0 10 10 0 3 394 395 399 8 152 11.9
6 0 0 0 6 0 3 399 408 414 2 181 8.39
9 0 8 0 7 3 3 400 401 403 18 178 8.72
7 0 3 0 0 0 3 396 398 411 18 145 9.49
6 1 0 0 0 0 3 404 405 410 25 130 7.39
8 0 0 10 0 6 3 399 402 403 2 207 9.8
6 1 0 0 0 0 3 403 409 410 25 194 10.47
6 1 0 0 0 0 2 406 409 18 142 10.12
7 1 0 0 0 0 3 402 408 412 27 196 11.7
9 0 0 0 3 5 1 414 27 213 10.17
5 0 0 2 0 9 3 404 405 411 34 189 10.03
6 0 0 0 10 6 1 405 31 155 10.3
8 0 0 5 0 2 1 406 39 184 9.52
8 0 5 0 3 0 1 414 39 179 9.05
3 0 3 2 10 0 1 413 47 191 9.06
6 1 0 0 0 0 3 408 411 412 18 128 10.24
7 0 2 0 0 0 1 409 34 201 8.01
2 0 7 1 3 0 1 413 41 236 13.53
5 0 6 2 0 2 1 412 31 174 10.24
8 0 0 9 0 0 1 413 39 207 13.08
10 0 0 10 5 0 1 415 36 171 8.66
2 0 4 0 0 3 1 415 50 156 8.75
2 0 10 0 8 0 1 415 47 240 7.72
1 0 0 0 0 0 0 52 157 13.99
1 0 0 0 0 0 3 417 418 419 0 170 10.23
3 0 1 4 5 2 3 423 427 440 1 109 9.01
3 0 0 0 0 9 3 421 431 441 1 175 7.44
4 0 5 8 5 0 3 420 428 430 1 117 10.13
1 0 0 0 10 10 3 422 432 436 5 167 14.35
6 0 0 4 3 10 2 426 439 4 208 10.21
4 0 10 7 10 7 1 440 6 187 9.85
1 0 1 9 0 5 3 424 429 435 4 145 10.72
2 0 8 2 7 0 2 425 444 5 118 10.46
6 0 3 0 0 0 2 428 430 7 150 9.05
8 0 0 6 4 0 2 434 443 10 121 13.13
4 0 5 7 3 5 1 434 4 119 11.05
3 0 0 2 3 4 2 433 443 13 171 11.13
6 0 4 0 4 1 2 433 444 5 192 11.78
2 0 5 8 0 4 1 441 13 165 13.72
3 0 9 10 10 9 2 434 437 4 137 7.69
9 0 2 2 9 8 3 433 441 446 6 143 9.71
5 1 0 0 0 0 1 439 16 180 7.95
7 1 0 0 0 0 2 438 442 18 222 13.31
10 0 9 9 7 0 2 438 446 5 168 9.22
4 0 0 7 0 9 3 437 439 440 6 165 12.79
3 1 0 0 0 0 3 438 443 445 10 167 8.01
9 0 4 2 2 0 1 444 25 197 9.88
7 0 0 8 3 2 1 442 21 137 10.74
7 0 4 8 8 3 1 442 10 171 8.46
6 0 5 1 0 5 1 445 15 215 8.18
1 0 7 5 3 4 1 445 28 215 12.76
10 0 5 0 5 8 1 446 18 204 14.3
7 0 8 8 0 5 1 447 34 201 11.96
3 0 2 8 7 9 1 447 29 203 10.19
4 0 1 3 2 1 1 447 28 219 13.41
1 0 0 0 0 0 0 41 147 10.67
1 0 0 0 0 0 3 449 450 451 0 138 12.2
2 0 3 9 6 8 3 454 458 463 1 116 7.54
10 0 8 2 8 2 3 452 457 459 1 162 7.72
5 0 8 6 4 3 3 455 466 469 1 136 8.29
4 0 4 8 1 9 2 453 462 11 181 12.3
3 1 0 0 0 0 2 469 478 15 212 8.35
7 1 0 0 0 0 3 456 470 475 3 165 7.54
1 0 9 3 3 3 3 461 465 472 6 171 12.85
2 1 0 0 0 0 3 460 473 477 10 194 12.16
6 0 1 5 5 10 2 464 468 11 118 8.73
1 0 1 8 3 6 3 465 467 469 3 138 7.82
10 0 5 3 7 5 2 464 470 11 217 10.39
6 0 5 4 10 5 2 466 478 12 128 11.12
4 0 10 5 8 2 2 467 468 7 157 14.33
8 1 0 0 0 0 2 468 474 15 157 8.31
8 0 5 10 3 7 1 464 3 152 7.52
9 0 2 1 5 2 1 471 21 151 9.82
5 0 9 7 8 1 2 471 475 7 119 13.09
2 0 3 3 2 1 1 476 18 176 9.15
1 0 6 10 5 3 1 476 11 118 10.16
5 0 8 6 3 10 1 470 23 212 9.72
1 1 0 0 0 0 2 471 472 18 216 8.8
6 0 3 9 7 4 1 478 28 161 11.46
1 0 4 2 9 7 2 474 477 30 173 7.96
4 1 0 0 0 0 2 473 475 19 136 14.29
9 0 8 7 1 10 1 474 23 163 11.94
5 0 4 6 1 10 1 476 32 177 10.48
6 0 8 5 3 6 1 477 23 196 9.46
4 0 3 6 5 10 1 479 37 208 8.35
6 0 6 9 3 9 1 479 31 168 11.02
2 0 2 8 6 5 1 479 34 229 12.74
1 0 0 0 0 0 0 41 169 10.05
1 0 0 0 0 0 3 481 482 483 0 118 8.76
10 0 0 9 0 0 2 494 495 1 188 14.13
9 0 2 0 0 0 3 484 486 487 1 121 10.41
3 0 0 6 0 0 1 485 1 163 7.71
5 0 3 0 0 0 3 489 496 508 10 176 10.28
5 0 0 0 4 0 3 488 489 493 4 187 12.8
1 0 0 0 4 0 1 492 10 164 11.87
1 0 0 7 0 0 2 488 491 10 168 9.97
5 0 0 0 10 0 3 490 499 505 11 170 11.6
5 0 0 5 0 0 1 495 15 128 11.39
6 0 0 0 3 0 1 502 16 143 13.06
4 0 6 0 0 0 3 492 494 496 11 131 7.85
10 1 0 0 0 0 2 497 502 15 205 14.42
4 0 0 4 0 0 3 499 501 506 9 155 10.0
10 1 0 0 0 0 3 498 500 504 15 126 7.55
1 1 0 0 0 0 2 504 510 20 128 14.4
5 1 0 0 0 0 3 497 500 509 15 196 14.31
4 0 0 5 0 0 1 499 25 149 9.38
8 0 0 0 0 6 3 503 505 508 25 163 11.6
3 0 0 0 5 0 1 510 29 180 10.09
8 0 0 10 0 0 1 505 25 148 12.58
4 0 0 6 0 0 2 503 507 13 132 13.06
1 0 0 0 4 0 3 503 504 507 25 203 9.5
4 0 0 0 1 0 1 509 33 141 8.02
4 0 0 10 0 0 1 509 26 142 8.16
1 0 0 8 0 0 1 510 33 146 8.59
7 0 0 0 7 0 1 507 13 152 13.4
4 0 0 0 0 6 1 508 26 134 14.17
2 0 0 0 0 10 1 511 33 204 7.66
1 0 0 4 0 0 1 511 37 216 14.31
2 0 0 0 0 5 1 511 34 222 8.11
1 0 0 0 0 0 0 38 148 7.37
1 0 0 0 0 0 3 513 514 515 0 198 12.38
4 0 0 9 4 2 3 516 525 528 1 122 12.84
4 0 5 9 3 8 2 519 538 1 137 11.38
4 0 0 2 0 9 3 517 520 522 1 120 11.59
7 0 0 5 0 3 3 518 519 531 5 188 14.26
6 0 9 4 2 4 3 521 524 537 5 116 8.56
1 0 5 8 0 2 2 520 521 12 140 9.49
7 0 0 4 2 4 3 524 527 539 12 212 10.15
4 0 0 6 5 1 2 523 536 13 210 10.27
3 1 0 0 0 0 3 526 532 534 13 154 13.8
3 0 4 0 7 8 1 527 5 203 12.36
5 1 0 0 0 0 3 526 529 530 17 126 7.3
7 0 0 0 0 3 3 533 534 541 19 129 8.85
6 0 9 4 2 5 2 527 531 5 205 13.63
7 1 0 0 0 0 1 539 22 191 10.07
6 0 0 6 10 8 2 530 535 19 222 14.17
2 0 10 3 5 0 2 529 536 5 195 11.37
6 1 0 0 0 0 2 537 539 22 166 7.63
7 1 0 0 0 0 1 534 25 222 11.83
4 0 0 7 8 7 2 538 540 12 193 12.04
10 1 0 0 0 0 1 533 16 221 8.48
1 0 9 0 10 4 1 535 26 148 11.23
6 0 7 5 0 0 1 542 32 221 13.9
1 0 8 8 8 9 2 536 542 27 198 9.86
7 0 7 2 0 6 1 540 28 136 13.15
1 0 10 2 7 0 1 538 28 224 12.88
2 0 2 1 6 3 1 542 29 158 9.23
6 0 0 9 10 3 1 540 29 132 11.23
9 0 0 8 9 9 1 543 35 228 12.23
5 0 0 9 1 10 1 543 26 214 7.58
5 0 5 9 5 0 1 543 38 221 11.72
1 0 0 0 0 0 0 44 211 8.07
98.73 89.03 85.03 84.13 86.44 97.23 114.67 111.75 104.99 98.14 87.73 61.18 22.74 19.98 26.65 62.54 82.65 98.25 110.14 178.94 283.1 233.0 157.0 122.65 111.28 97.24 89.1 88.32 90.01 98.78 114.97 120.28 110.76 82.71 77.22 68.74 50.5 50.48 70.87 78.41 90.8 102.81 152.08 302.22 465.66 394.02 240.15 145.09 119.29 102.77 92.54 92.08 90.99 99.87 115.32 110.16 104.52 90.96 80.28 80.01 48.71 34.31 56.97 72.39 82.1 98.79 135.44 260.22 305.31 186.0 134.93 110.34 99.18 86.46 79.0 78.93 80.88 88.52 104.49 107.47 104.9 90.45 75.06 57.35 42.16 45.4 67.55 79.9 90.61 110.0 117.42 145.01 190.85 166.78 132.8 113.97 109.25 104.54 101.31 98.39 103.62 106.63 122.6 116.65 100.0 91.15 70.01 65.86 20.419999999999998 21.814999999999998 32.535 40.96 59.57 92.505 103.25 136.76999999999998 163.07999999999998 147.10500000000002 123.60000000000001 110.41499999999999 109.95 102.16 100.46 97.16 95.93 88.11 85.74 44.95 17.86 3.34 0.0 -0.09 -1.32 -1.77 -2.48 2.02 28.53 75.01 89.08 128.53 135.31 127.43 114.4 106.86 96.9 91.8 90.47 106.23 110.68 86.01 77.67 76.72 69.32 36.45 19.3 15.7 13.66 7.48 12.07 51.12 75.13 102.96 114.0 134.18 148.04 138.91 124.28 109.99 118.61 106.45 101.44 98.81 100.99 110.05 134.2 143.67 149.08 132.38 110.37 109.41 90.85 97.69 99.79 85.42 114.43 105.42 109.84 142.85 151.22 131.88 110.4 91.46 104.19 94.75 89.95 88.99 89.44 93.67 111.41 118.73 116.13 91.29 83.34 81.26 86.08 79.91 76.02 74.34 84.79 92.57 89.0 112.47 128.72 119.55 115.9 100.0 95.1 83.93 80.72 81.43 81.54 94.05 113.66 116.46 114.08 96.59 84.68 77.34 63.67 46.02 36.98 49.8 76.89 81.48 101.47 118.11 138.09 137.6 117.58 104.57 100.91 95.73 89.1 86.4 87.77 98.5 107.29 107.57 104.93 88.28 79.62 65.33 45.17 39.34 39.25 56.39 76.55 86.99 100.03 112.59 132.34 132.27 120.31 107.33 103.55 98.01 93.32 89.8 90.67 95.58 104.78 102.99 101.96 92.19 81.38 71.53 61.66 41.05 32.04 50.0 70.94 95.0 105.88 112.89 120.83 117.01 109.68 103.13 112.0 104.43 103.56 97.52 93.47 89.89 85.09 87.79 82.96 60.06 18.19 3.0 0.22 0.0 0.0 0.22 23.08 71.54 106.94 110.28 119.41 123.65 125.0 115.42 115.05 108.56 107.78 106.85 104.04 100.25 95.11 91.59 79.26 36.95 4.28 0.05 0.0 0.0 0.0 0.0 2.32 71.81 102.22 115.58 122.12 128.07 126.94 115.63 113.78 103.11 97.31 93.57 97.3 108.18 117.87 119.7 103.12 87.75 81.22 77.69 71.95 65.01 58.01 67.28 85.23 99.88 117.0 150.05 186.21 164.52 128.73 114.94 107.59 102.64 92.71 88.22 87.18 93.0 110.69 113.26 106.74 90.29 76.31 64.27 61.73 49.76 50.47 64.91 83.37 100.22 117.11 136.16 147.62 144.83 120.52 110.6 97.93 92.89 85.63 82.27 82.94 88.98 106.05 112.86 111.66 103.18 88.93 85.5 82.8 81.76 78.61 83.81 91.1 95.54 105.52 125.0 143.17 134.85 116.44 108.94 105.09 100.09 91.7 89.3 90.21 93.89 108.91 114.11 105.92 93.1 85.0 77.07 70.17 67.76 57.1 71.34 88.48 94.73 112.75 128.76 139.96 134.5 125.07 114.18 107.84 99.69 96.24 96.29 97.95 107.46 116.86 115.82 109.4 97.77 84.84 82.01 80.0 73.02 71.2 72.68 87.65 91.87 101.9 120.0 142.41 139.5 124.58 111.94 103.49 104.13 102.01 99.65 96.93 95.73 97.07 86.1 78.11 52.32 10.0 0.65 0.0 -0.01 0.0 4.09 40.39 84.6 106.66 115.13 120.72 111.15 105.48 98.02 98.1 88.55 91.3 99.42 99.81 96.71 95.24 78.03 74.6 40.61 8.52 1.96 0.0 -0.01 0.0 8.53 69.88 94.7 104.51 115.63 122.54 126.75 117.31 108.24 91.62 84.97 84.12 83.96 84.96 94.24 116.33 123.34 118.99 105.0 97.67 93.45 84.94 83.84 82.95 84.94 92.6 103.86 119.85 145.57 111.39 113.65 101.91 99.9 90.37 87.53 84.89 82.27 83.7 91.4 109.11 108.66 100.22 91.99 83.17 70.01 64.53 23.99 12.57 42.89 69.94 87.04 112.05 135.55 99.43 106.55 101.3 101.58 93.63 88.67 88.96 84.58 88.72 93.04 95.34 102.74 96.5 82.81 70.63 76.77 69.62 69.5 69.06 70.66 82.27 95.45 122.48 181.21 176.27 93.76 98.89 100.0 97.21 99.22 94.6 93.45 95.37 102.99 110.98 115.44 109.36 96.42 89.86 85.09 82.69 83.21 84.56 89.86 98.56 105.66 106.58 110.0 102.96 123.04 107.47 106.47 109.66 104.06 98.39 94.29 98.85 99.2 110.0 112.29 110.94 98.44 94.93 85.24 83.33 80.31 78.77 86.34 91.55 92.77 116.96 137.6 183.66 135.21 105.39 107.18 108.78 103.92 94.8 96.0 96.45 97.0 98.78 97.23 88.72 87.08 81.02 76.61 67.54 63.14 62.17 71.96 85.2 100.69 92.47 93.86 100.81 115.0 113.62 107.99 102.03 97.0 92.48 89.38 90.06 87.17 87.86 85.6 80.85 80.1 77.09 71.24 46.2 15.04 8.85 17.66 47.08 81.86 82.62 90.79 94.59 115.47 110.0 102.57 97.87 87.02 82.24 80.38 80.8 86.2 105.62 116.88 118.42 108.0 100.75 93.19 84.1 80.21 72.36 77.93 80.45 90.43 88.61 90.9 94.03 99.18 99.56 93.52 88.51 85.86 84.7 84.05 86.25 95.18 101.38 108.9 96.98 82.12 68.77 56.28 25.06 8.95 11.67 21.47 55.14 74.27 85.81 107.85 141.01 116.33 108.83 100.96 96.09 92.03 87.07 85.17 87.15 97.15 100.98 98.65 90.99 72.7 58.59 40.45 24.79 17.69 10.7 28.25 54.23 81.08 84.43 121.34 113.2 108.13 99.62 96.29 94.81 88.24 78.39 75.82 78.37 87.12 100.52 100.69 93.96 85.62 72.89 71.88 62.44 49.48 35.27 56.25 73.74 88.12 90.87 114.17 131.28 118.62 107.87 102.21 104.96 98.01 91.74 88.3 93.62 100.52 106.43 110.0 106.13 98.62 77.66 71.83 72.48 63.67 50.41 50.76 72.4 77.48 91.84 107.62 105.0 99.37 106.42 101.11 104.13 100.0 97.59 92.19 91.37 90.87 89.53 84.61 77.91 61.53 31.71 5.68 2.95 0.0 0.0 0.0 5.43 61.96 92.52 100.14 101.15 100.34 101.05 94.13 82.96 77.4 71.52 68.87 66.59 60.8 47.24 26.18 6.16 0.0 -1.01 -2.1 -3.0 -9.9 -10.08 -4.98 -1.78 -11.06 58.84 79.91 85.38 89.62 94.0 85.09 81.29 70.07 69.97 69.91 73.31 81.9 94.44 102.03 98.6 91.4 72.89 53.83 14.9 4.05 0.66 11.02 34.96 65.28 81.0 90.65 93.08 89.09 68.34 62.14 9.5 15.71 11.54 24.55 54.79 74.46 92.24 94.42 75.45 3.91 0.03 -1.8 -4.81 -6.18 -11.72 -5.54 21.6 55.01 60.8 103.44 114.28 103.44 85.0 79.94 75.0 60.44 59.64 59.37 58.98 83.01 99.68 99.85 83.98 27.84 0.0 -1.01 -4.11 -6.47 -2.87 5.52 19.18 45.97 95.92 109.11 169.88 156.88 110.0 101.58 97.65 97.7 92.13 89.87 90.16 94.42 109.67 105.0 72.67 41.83 6.77 0.0 -0.12 -2.71 -0.25 -0.01 17.09 63.53 98.24 111.57 146.42 127.54 110.0 101.28 94.64 90.38 86.47 83.66 82.0 91.14 101.07 102.69 92.89 65.12 30.52 7.48 0.0 -0.01 -0.01 0.0 10.49 75.6 100.0 133.22 164.05 154.54 122.22 108.68 102.93 102.39 102.0 99.09 100.0 100.0 99.23 93.45 69.73 15.34 -0.02 -1.0 -8.67 -15.96 -15.2 -3.47 -0.01 33.15 82.07 106.38 120.0 119.26 107.77 95.6 84.88 83.43 83.41 78.31 81.12 84.16 82.51 71.97 26.43 -0.01 -3.32 -15.6 -38.92 -61.21 -50.62 -21.0 -0.95 10.9 81.36 109.09 123.64 120.23 107.16 98.87 101.36 93.13
