544 5
1 37 33 36 34
1 0 0 0 0 0 3 1 2 3 0 183 30.33
1 0 2 0 0 0 1 5 1 153 39.42
4 0 0 0 4 0 3 4 7 18 1 135 34.36
8 0 0 7 0 0 3 6 8 12 1 107 40.58
6 0 0 1 0 0 2 8 15 5 141 39.79
3 0 0 2 0 0 3 9 10 11 2 188 32.8
3 0 0 0 0 7 3 13 17 23 9 166 41.12
9 0 0 0 6 0 3 16 25 27 5 150 38.88
2 0 0 2 0 0 1 21 11 161 47.14
6 0 1 0 0 0 2 17 18 5 131 32.19
8 0 0 0 8 0 2 14 17 5 194 31.43
4 0 0 0 1 0 2 13 26 5 171 44.13
9 0 0 0 8 0 1 25 9 192 26.77
4 0 0 0 0 1 1 20 12 186 46.83
10 0 0 8 0 0 2 18 26 13 153 30.25
9 0 0 0 0 5 1 20 11 200 26.21
4 0 0 0 6 0 2 19 22 14 177 30.1
10 0 7 0 0 0 3 20 25 26 13 130 35.84
9 0 8 0 0 0 3 19 22 30 23 161 30.88
9 0 0 0 1 0 1 28 32 154 43.02
9 0 0 5 0 0 1 22 23 194 31.55
7 0 0 5 0 0 2 24 27 13 139 40.19
3 0 0 0 1 0 2 24 28 32 203 41.73
2 0 0 0 10 0 2 24 27 12 161 38.75
4 0 0 8 0 0 1 29 35 152 46.23
7 0 0 0 0 10 2 28 29 23 159 35.37
1 1 0 0 0 0 2 29 30 23 126 36.26
2 0 0 0 9 0 1 30 20 163 33.35
1 0 0 1 0 0 1 31 41 173 34.7
1 0 0 0 0 8 1 31 39 159 34.94
2 0 0 0 7 0 1 31 32 174 35.32
1 0 0 0 0 0 0 42 171 44.66
1 0 0 0 0 0 3 33 34 35 0 140 32.46
4 0 0 9 0 0 1 61 1 117 38.11
5 0 6 0 0 0 3 36 38 42 1 137 42.06
6 0 0 0 4 0 2 43 46 1 145 44.99
3 0 0 0 10 0 3 37 39 48 6 171 40.53
3 0 0 8 0 0 1 58 9 160 42.37
3 0 0 0 0 8 2 41 60 6 149 26.09
5 0 3 0 0 0 3 40 44 54 9 177 43.2
7 0 0 0 0 2 1 50 14 172 24.54
1 0 0 6 0 0 1 56 9 116 24.66
10 0 2 0 0 0 1 51 6 136 32.04
1 0 0 0 7 0 2 48 55 7 160 35.19
8 0 0 0 6 0 2 45 55 14 137 32.73
7 1 0 0 0 0 2 47 49 22 130 25.6
9 0 0 0 6 0 1 52 7 111 25.06
8 1 0 0 0 0 1 58 29 135 37.95
7 0 5 0 0 0 2 53 58 9 140 30.95
6 1 0 0 0 0 2 51 62 29 157 33.79
1 0 6 0 0 0 1 57 21 149 33.21
3 1 0 0 0 0 2 52 59 35 132 27.08
10 0 9 0 0 0 2 53 57 38 218 34.21
5 0 0 0 0 1 1 60 48 189 38.01
10 0 0 6 0 0 1 57 14 140 25.62
8 0 0 0 8 0 1 56 22 157 33.35
1 1 0 0 0 0 1 62 30 191 25.09
4 0 0 0 0 7 1 61 48 149 39.53
5 0 0 6 0 0 1 59 37 195 35.27
2 0 0 9 0 0 1 60 42 205 41.95
8 0 5 0 0 0 1 63 53 186 37.87
7 0 0 0 0 10 1 63 52 183 38.81
8 0 0 0 0 3 1 63 35 144 39.55
1 0 0 0 0 0 0 61 187 39.47
1 0 0 0 0 0 3 65 66 67 0 169 36.6
5 0 7 0 6 9 3 68 74 77 1 135 36.31
4 0 2 0 0 0 3 69 71 73 1 104 37.0
6 0 3 0 0 0 3 72 80 88 1 186 46.8
4 0 10 2 0 10 3 69 70 78 6 112 25.24
7 0 0 6 0 8 3 72 80 90 10 171 36.63
6 0 0 0 9 9 3 71 79 82 10 109 30.31
10 0 0 0 2 0 2 85 87 16 121 24.6
3 0 0 10 0 0 3 87 89 92 17 116 41.68
6 0 4 0 9 1 3 75 77 80 5 145 28.54
7 0 5 0 5 0 3 78 81 83 6 118 32.04
6 0 8 5 5 0 3 76 79 81 11 157 31.78
7 0 0 1 0 0 3 83 86 93 17 175 30.21
8 0 0 1 0 0 2 78 81 11 171 38.4
4 0 0 0 6 0 2 82 84 19 178 26.91
1 0 8 0 0 4 2 83 84 17 193 30.79
2 0 0 3 5 0 2 87 94 17 146 33.95
2 1 0 0 0 0 3 82 86 92 19 133 26.48
10 1 0 0 0 0 1 91 23 123 42.43
8 1 0 0 0 0 3 88 89 90 24 142 47.14
6 0 6 0 2 0 3 85 89 93 23 161 38.23
6 1 0 0 0 0 3 86 90 91 29 174 31.28
3 0 5 0 1 0 1 88 35 153 32.42
7 1 0 0 0 0 1 93 26 163 44.36
8 0 0 0 0 2 1 94 38 194 38.48
8 0 0 0 10 8 1 91 32 136 47.75
6 0 8 1 1 4 1 92 35 133 29.28
2 0 0 0 7 7 1 94 40 163 25.78
10 0 3 10 7 0 1 95 41 212 35.5
10 0 10 0 0 4 1 95 33 131 35.61
6 0 0 9 0 3 1 95 46 212 31.6
1 0 0 0 0 0 0 52 151 36.09
1 0 0 0 0 0 3 97 98 99 0 95 41.59
10 0 1 2 5 3 3 100 107 111 1 131 36.45
9 0 3 10 6 10 1 103 1 142 40.36
6 0 2 2 4 7 3 101 108 117 1 161 25.75
1 0 2 8 7 3 3 102 105 118 11 189 34.83
1 0 9 7 5 4 3 104 109 116 7 161 41.48
10 0 3 3 10 5 3 106 108 112 12 165 32.87
7 0 8 5 10 6 3 104 109 111 10 134 33.74
5 0 4 7 1 7 1 119 17 118 40.1
4 0 6 3 9 5 2 114 120 12 169 45.49
9 1 0 0 0 0 2 124 126 22 175 43.56
10 0 9 5 3 1 1 118 11 166 27.35
6 1 0 0 0 0 1 116 22 139 42.81
4 0 9 9 3 8 3 110 115 121 17 200 31.31
7 1 0 0 0 0 3 120 122 123 21 175 27.44
7 0 10 2 9 3 2 121 126 17 126 34.97
8 1 0 0 0 0 3 113 115 123 22 183 33.13
1 1 0 0 0 0 3 116 122 125 30 144 41.02
4 0 1 2 10 10 1 117 16 148 31.73
4 0 10 9 9 4 2 119 125 30 210 45.7
7 0 3 1 8 1 2 120 124 31 149 43.64
2 1 0 0 0 0 1 119 20 188 43.76
1 0 3 5 6 10 1 121 21 147 32.02
9 0 5 10 1 7 1 122 34 174 30.68
10 0 5 10 6 7 1 126 38 191 29.36
9 0 7 4 3 8 1 123 24 128 38.12
10 0 10 9 1 10 1 124 43 171 40.03
7 0 8 6 10 4 1 125 33 156 45.21
2 0 3 6 2 9 1 127 53 193 43.79
1 0 9 9 9 2 1 127 40 195 25.58
3 0 2 7 9 6 1 127 48 166 34.63
1 0 0 0 0 0 0 55 186 37.67
1 0 0 0 0 0 3 129 130 131 0 106 38.78
2 0 6 8 6 9 3 132 134 135 1 123 33.96
4 0 9 9 10 8 3 141 142 148 1 128 24.19
3 0 9 4 8 8 3 140 142 152 1 149 29.51
9 0 6 7 3 8 3 133 138 144 3 176 42.31
6 0 4 5 7 8 3 139 140 147 12 193 37.08
6 0 1 8 1 2 3 136 138 142 3 100 28.65
3 0 5 8 2 9 3 136 137 144 3 144 32.71
5 1 0 0 0 0 2 149 152 9 144 36.91
10 0 8 9 10 4 1 143 6 160 46.09
6 0 5 10 4 5 3 139 150 152 12 198 38.0
4 1 0 0 0 0 2 145 155 18 175 42.6
4 0 1 6 1 9 2 143 146 18 172 32.79
1 0 3 3 4 2 3 145 147 149 5 141 46.95
2 0 4 2 9 1 3 146 147 149 9 188 28.88
9 0 3 10 8 4 3 148 150 158 22 190 27.55
5 1 0 0 0 0 3 146 148 156 12 126 33.89
3 0 10 6 1 6 2 151 154 22 146 28.86
8 0 1 8 3 6 3 153 154 157 22 197 39.3
8 0 3 10 7 7 2 150 151 18 144 46.81
7 0 2 5 5 10 1 157 31 184 33.73
9 0 9 9 9 9 2 151 154 14 189 36.25
4 0 1 9 4 1 1 155 31 189 44.0
5 0 9 1 5 7 2 153 156 26 181 31.38
2 0 2 3 6 10 3 153 155 156 18 193 44.15
1 0 4 9 2 1 1 158 31 194 46.61
6 0 6 4 4 2 1 158 30 132 32.05
9 0 3 5 1 2 1 157 35 202 41.98
2 0 3 8 10 8 1 159 31 142 39.47
2 0 1 2 1 1 1 159 44 186 40.47
6 0 2 7 9 2 1 159 36 212 37.91
1 0 0 0 0 0 0 46 182 35.39
1 0 0 0 0 0 3 161 162 163 0 118 44.09
7 0 0 7 0 1 3 167 175 179 1 109 46.79
5 0 0 0 6 6 3 166 168 180 1 107 33.83
8 0 10 8 5 1 3 164 165 186 1 154 32.23
1 0 4 0 1 0 1 171 9 110 33.27
3 0 0 9 0 10 2 169 180 9 138 44.67
3 0 0 10 0 4 2 169 177 6 129 28.8
1 0 2 2 9 0 2 178 180 8 190 30.29
6 0 0 8 0 6 2 170 174 6 125 28.3
2 0 0 0 10 0 2 176 181 12 131 25.61
8 0 4 0 0 3 3 171 172 182 12 121 43.7
2 0 0 3 2 8 1 184 20 151 46.88
5 1 0 0 0 0 3 173 183 186 20 199 35.55
5 0 5 7 0 0 3 177 189 190 25 178 46.47
7 0 0 0 0 1 2 175 178 12 139 34.25
10 1 0 0 0 0 3 177 181 187 19 169 25.94
1 0 0 5 3 0 1 179 14 178 37.56
2 1 0 0 0 0 1 188 30 178 34.02
9 1 0 0 0 0 1 187 19 206 36.51
3 0 0 3 3 0 2 184 185 15 131 40.03
5 0 4 6 1 0 2 189 190 12 117 34.4
7 1 0 0 0 0 2 183 188 29 161 32.35
10 0 6 0 0 8 3 184 185 186 20 146 31.8
4 0 0 2 0 2 1 185 36 189 39.28
10 0 9 0 1 6 1 190 30 162 33.53
9 0 0 0 6 0 1 189 40 163 38.31
2 1 0 0 0 0 1 187 30 171 25.98
6 0 6 0 6 9 1 188 32 131 41.2
4 0 6 5 0 0 1 191 38 166 32.02
5 0 0 2 0 0 1 191 49 201 29.1
8 0 0 0 8 0 1 191 40 168 44.38
1 0 0 0 0 0 0 54 169 28.09
1 0 0 0 0 0 3 193 194 195 0 123 38.88
3 0 0 0 0 3 3 201 206 207 1 120 30.19
2 0 10 0 0 0 3 198 202 207 1 171 28.12
8 0 0 7 7 0 3 196 197 221 1 134 24.52
4 0 2 0 9 6 3 205 209 210 9 140 27.39
3 0 0 0 8 0 3 199 203 206 9 160 47.98
4 0 0 5 0 0 3 200 204 208 3 145 30.01
1 0 9 0 0 0 3 200 208 211 12 173 30.0
5 0 0 0 3 0 3 205 215 216 13 147 46.53
3 0 4 0 8 0 3 205 210 211 4 180 37.99
4 0 2 0 4 4 3 204 213 214 3 145 28.59
2 0 5 3 2 2 3 211 212 217 12 126 32.26
8 0 0 10 1 0 3 206 209 221 7 120 26.52
10 0 5 9 0 9 1 213 18 164 41.98
3 0 0 4 0 5 3 210 218 222 15 124 35.27
9 0 2 3 0 0 1 214 4 164 46.79
2 0 0 0 0 3 3 209 212 213 13 126 25.17
2 0 1 0 0 0 2 215 219 15 186 44.28
7 1 0 0 0 0 2 212 217 18 147 24.62
10 0 0 0 10 0 3 216 219 222 14 184 36.21
6 1 0 0 0 0 1 215 25 158 31.4
4 1 0 0 0 0 2 217 218 28 185 40.42
9 0 0 5 3 4 3 216 221 222 13 162 26.64
10 0 6 0 0 2 1 220 31 200 33.99
8 0 0 0 2 1 1 218 24 188 26.93
3 1 0 0 0 0 1 219 32 123 34.86
2 0 3 5 1 10 1 220 32 193 27.11
5 1 0 0 0 0 1 220 35 177 40.77
9 0 8 2 0 0 1 223 41 194 39.02
8 0 10 10 10 7 1 223 22 135 37.12
4 1 0 0 0 0 1 223 24 168 45.59
1 0 0 0 0 0 0 50 167 25.55
1 0 0 0 0 0 3 225 226 227 0 92 24.49
10 0 0 9 10 0 3 228 230 233 1 156 25.91
5 0 4 0 0 9 3 229 231 236 1 130 37.42
2 0 8 0 0 0 3 229 230 238 1 165 32.79
2 0 6 3 5 0 3 235 239 252 11 170 26.65
4 0 0 0 4 0 3 235 241 246 6 155 40.51
10 0 0 4 7 0 3 232 234 237 11 129 26.28
3 0 0 5 8 10 3 233 240 242 6 143 40.92
6 1 0 0 0 0 2 240 251 21 168 32.47
10 0 0 9 0 5 3 238 244 248 11 199 37.13
6 1 0 0 0 0 3 243 247 252 21 171 39.77
4 0 5 0 0 7 2 243 245 13 187 30.07
8 0 0 0 0 6 3 242 244 246 6 156 28.79
4 0 0 8 6 7 3 240 241 246 21 131 45.37
8 1 0 0 0 0 3 247 249 250 21 159 31.5
10 0 0 0 0 3 3 241 244 245 13 178 27.92
9 1 0 0 0 0 2 245 247 27 145 33.26
6 1 0 0 0 0 3 242 243 253 25 198 29.42
3 1 0 0 0 0 1 254 31 201 48.02
7 0 1 0 1 1 2 250 251 31 214 43.36
3 1 0 0 0 0 1 249 23 148 41.98
1 0 8 7 0 1 1 248 36 205 33.19
9 0 0 1 2 9 3 248 249 252 25 177 33.66
3 1 0 0 0 0 1 253 36 158 38.12
5 0 8 7 0 0 2 250 253 37 140 43.22
7 0 0 10 10 10 1 251 34 138 35.94
10 0 0 7 0 7 1 254 42 208 37.37
8 0 1 0 8 0 1 254 41 221 38.22
2 1 0 0 0 0 1 255 34 191 34.11
6 0 5 0 4 0 1 255 42 220 39.45
6 0 9 10 0 0 1 255 52 190 30.44
1 0 0 0 0 0 0 58 159 46.35
1 0 0 0 0 0 3 257 258 259 0 134 40.9
3 0 3 0 1 0 3 260 263 267 1 135 34.38
3 0 0 0 0 2 3 265 266 268 1 107 25.48
5 0 2 1 10 0 3 261 262 269 1 163 46.57
3 0 0 0 0 2 3 272 275 284 4 135 45.19
7 0 10 6 0 4 3 264 268 274 6 175 34.38
2 0 0 2 0 10 3 264 266 268 6 162 40.21
3 0 9 0 4 4 3 264 266 275 4 182 25.96
8 0 2 4 7 6 3 271 276 279 13 195 27.14
9 0 0 2 0 9 3 270 273 275 4 116 39.22
8 0 0 4 0 0 3 270 273 280 8 129 41.02
8 0 10 9 4 0 3 272 280 284 4 116 25.84
10 0 0 7 5 0 3 270 276 283 13 125 32.91
4 0 2 4 0 0 3 271 274 283 6 153 36.52
2 1 0 0 0 0 3 271 272 278 23 128 44.55
6 0 2 0 0 7 2 277 286 25 154 42.38
5 1 0 0 0 0 1 277 25 129 29.69
9 1 0 0 0 0 2 274 285 16 132 46.19
5 1 0 0 0 0 2 276 286 25 195 35.72
7 0 0 0 0 2 2 277 281 13 151 36.31
4 0 8 0 0 3 1 282 30 135 24.18
4 0 0 4 5 0 1 285 31 196 40.47
1 1 0 0 0 0 2 281 282 25 131 43.15
10 0 1 4 0 0 2 280 282 21 206 42.14
10 0 0 0 0 9 2 281 283 31 181 25.55
9 0 9 0 0 4 1 285 41 197 27.2
4 0 0 2 2 8 1 284 34 179 41.33
3 0 0 0 0 10 1 286 41 143 43.02
5 0 5 0 3 2 1 287 38 215 46.63
6 0 0 6 0 1 1 287 50 194 29.93
8 0 0 9 0 7 1 287 44 187 45.46
1 0 0 0 0 0 0 56 164 35.08
1 0 0 0 0 0 3 289 290 291 0 106 28.11
9 0 0 0 2 0 3 296 297 312 1 104 30.8
2 0 0 0 0 1 3 292 293 295 1 132 41.34
4 0 0 0 1 0 3 294 295 296 1 136 44.09
5 0 0 0 0 3 3 298 300 301 3 190 29.22
9 0 0 0 1 0 3 296 297 309 3 134 33.31
7 0 0 0 9 0 3 299 300 302 5 148 30.3
9 0 1 0 0 0 3 306 307 313 5 187 39.87
3 0 4 0 0 0 2 299 301 12 191 45.31
10 0 0 0 0 9 2 306 318 12 178 29.65
3 0 0 1 0 0 3 299 302 303 8 167 47.62
8 1 0 0 0 0 2 314 317 15 119 37.06
1 0 2 0 0 0 3 304 309 318 12 159 33.1
8 1 0 0 0 0 3 308 310 313 15 195 47.13
6 0 0 0 10 0 3 307 308 313 12 148 40.8
5 0 0 3 0 0 2 304 305 11 156 26.06
3 0 0 0 7 0 3 306 310 312 16 147 40.39
5 0 0 8 0 0 1 307 16 161 43.3
7 1 0 0 0 0 2 308 317 22 134 44.62
8 0 4 0 0 0 2 309 310 21 171 30.42
10 0 0 0 5 0 1 314 29 214 25.5
8 0 0 0 0 10 2 311 312 29 175 38.08
1 1 0 0 0 0 2 311 316 29 146 37.78
2 1 0 0 0 0 1 315 37 206 39.42
9 0 0 0 1 0 2 314 315 37 195 37.99
6 1 0 0 0 0 3 315 316 318 23 123 37.64
9 0 9 0 0 0 1 316 46 225 30.18
3 0 0 0 9 0 1 317 46 205 44.67
4 0 0 0 0 8 1 319 55 228 26.19
10 0 0 10 0 0 1 319 49 183 45.83
6 0 2 0 0 0 1 319 29 147 39.89
1 0 0 0 0 0 0 59 170 32.59
1 0 0 0 0 0 3 321 322 323 0 131 28.5
3 0 9 0 0 0 3 325 327 333 1 158 47.65
1 0 0 0 0 10 2 326 340 1 158 45.2
7 0 0 0 0 7 3 324 325 328 1 128 36.51
1 0 0 0 0 2 3 334 337 347 8 134 43.53
9 0 0 0 0 2 3 326 329 339 8 114 40.09
9 0 0 0 0 1 3 332 334 336 17 175 44.83
6 0 5 0 0 0 3 331 332 335 4 134 33.92
5 0 0 6 0 0 2 330 334 8 185 39.18
8 0 9 0 0 0 3 330 332 340 17 155 40.3
10 1 0 0 0 0 3 336 337 341 25 188 40.16
9 0 4 0 0 0 3 337 339 340 10 188 34.38
1 0 0 2 0 0 2 341 344 26 176 43.21
10 0 5 0 0 0 3 335 341 344 4 142 35.99
5 1 0 0 0 0 3 338 342 343 26 143 28.3
10 0 0 5 0 0 3 342 346 350 14 177 26.79
10 0 0 0 0 7 3 338 347 349 35 203 44.65
5 1 0 0 0 0 1 350 35 154 44.35
8 0 0 0 8 0 2 345 348 45 219 37.07
8 1 0 0 0 0 3 343 345 346 19 179 34.97
2 1 0 0 0 0 3 343 344 345 25 155 42.98
1 1 0 0 0 0 1 342 35 209 24.36
8 0 0 0 0 10 1 349 36 192 35.0
7 0 0 0 0 10 1 349 31 148 44.88
2 0 4 0 0 0 2 346 347 27 163 46.39
7 0 1 0 0 0 1 350 53 210 37.57
6 0 6 0 0 0 1 348 29 164 26.44
8 0 0 0 3 0 1 348 45 173 26.65
2 0 0 0 2 0 1 351 53 189 29.46
2 0 0 6 0 0 1 351 45 207 37.21
4 0 0 0 0 2 1 351 60 174 36.02
1 0 0 0 0 0 0 64 221 25.67
1 0 0 0 0 0 3 353 354 355 0 178 27.31
8 0 4 0 0 0 3 357 362 366 1 139 32.91
4 0 10 0 0 0 3 358 359 364 1 175 41.05
6 0 0 0 0 3 3 356 360 361 1 127 30.71
3 0 3 0 0 0 1 371 7 118 30.32
8 0 0 0 0 8 1 381 9 181 27.5
5 0 4 0 0 0 1 378 5 161 30.97
9 0 0 1 0 0 3 363 370 378 5 124 45.47
2 0 6 0 0 0 1 365 7 101 34.03
7 0 0 0 0 1 2 367 376 7 160 27.4
9 1 0 0 0 0 2 371 377 9 130 45.02
2 0 0 7 0 0 1 365 14 133 34.91
6 0 4 0 0 0 2 368 369 5 156 25.22
3 0 0 8 0 0 1 368 16 176 46.9
9 1 0 0 0 0 1 376 9 176 40.97
10 0 0 0 0 5 2 372 373 14 125 40.66
6 0 0 0 0 8 1 373 19 144 28.32
5 0 0 0 0 7 2 371 373 11 187 27.5
3 0 0 1 0 0 2 375 380 14 176 35.9
7 0 0 10 0 0 2 374 376 18 122 41.56
2 0 0 0 0 6 1 379 24 173 25.26
7 0 2 0 0 0 1 374 25 185 27.88
2 0 3 0 0 0 1 375 32 204 34.51
3 0 0 9 0 0 1 381 34 174 43.76
3 0 4 0 0 0 1 381 25 160 27.56
7 0 0 0 4 0 1 382 18 164 30.15
8 1 0 0 0 0 1 379 14 113 24.38
3 0 0 8 0 0 1 382 26 120 38.5
7 0 0 7 0 0 1 383 17 182 24.12
2 0 0 7 0 0 1 383 37 142 29.41
2 0 0 0 2 0 1 383 29 138 25.51
1 0 0 0 0 0 0 39 188 37.09
1 0 0 0 0 0 3 385 386 387 0 132 39.88
4 0 0 9 0 0 3 388 395 402 1 121 42.59
5 0 0 0 7 0 2 392 398 1 138 38.68
10 0 2 0 0 0 3 389 390 393 1 110 42.37
8 0 0 0 0 8 3 391 397 400 5 190 35.61
8 0 0 0 0 6 2 396 397 11 113 34.83
5 0 0 0 9 0 3 398 399 407 11 134 40.66
7 1 0 0 0 0 1 396 13 144 45.48
8 0 0 0 0 3 3 397 400 402 6 160 28.08
3 0 0 0 0 1 3 394 398 405 11 156 34.66
9 0 0 2 0 0 1 401 14 179 36.63
3 0 0 0 0 9 1 405 5 190 34.59
6 0 0 0 2 0 1 409 20 200 24.18
6 1 0 0 0 0 3 399 406 412 19 122 47.68
8 1 0 0 0 0 1 403 16 131 37.12
6 0 0 0 8 0 1 413 25 172 40.78
10 0 8 0 0 0 2 410 412 14 182 27.83
2 0 7 0 0 0 1 404 23 119 34.82
6 0 0 1 0 0 2 406 407 14 125 37.19
6 1 0 0 0 0 2 409 411 24 208 27.3
4 1 0 0 0 0 2 408 414 25 125 24.94
1 0 0 0 0 9 2 406 411 14 183 41.34
2 1 0 0 0 0 1 408 25 178 26.61
8 0 0 0 8 0 3 409 410 411 20 131 46.64
5 0 0 8 0 0 1 410 29 164 31.14
3 0 0 0 0 1 2 412 414 30 153 47.16
5 0 0 2 0 0 1 413 34 162 47.11
1 0 0 0 9 0 2 413 414 30 181 37.04
3 0 0 0 0 3 1 415 33 158 28.02
9 0 0 0 0 2 1 415 39 164 41.58
2 0 10 0 0 0 1 415 33 196 45.49
1 0 0 0 0 0 0 48 177 34.27
1 0 0 0 0 0 3 417 418 419 0 136 28.75
9 0 0 8 5 4 3 420 422 425 1 104 35.02
5 0 7 0 8 7 3 420 436 437 1 105 32.78
3 0 0 0 7 2 3 421 431 433 1 173 43.77
3 0 8 3 0 4 3 424 434 440 10 113 32.43
4 0 3 5 2 1 3 423 425 428 4 107 30.18
5 0 7 3 5 10 3 427 438 439 10 133 29.96
4 0 6 8 2 0 3 426 429 430 8 135 28.9
9 0 0 6 10 9 1 432 13 134 34.78
9 0 6 9 8 7 3 426 427 430 10 191 44.3
8 0 0 4 0 7 1 445 19 124 45.86
4 1 0 0 0 0 2 432 441 19 201 40.71
5 1 0 0 0 0 2 442 444 8 176 31.92
4 1 0 0 0 0 3 437 439 444 12 156 27.19
6 0 7 9 2 8 2 437 438 19 158 42.69
3 0 7 6 3 0 1 436 4 120 32.33
6 0 0 10 0 1 1 443 23 181 32.49
3 0 3 5 0 8 1 442 4 116 42.79
6 0 1 0 7 0 1 435 13 113 34.94
9 0 5 7 7 0 2 439 441 19 170 32.64
7 0 4 0 10 0 1 438 7 140 39.81
10 0 5 0 1 8 2 443 446 25 200 29.4
7 0 6 0 2 7 2 440 445 25 159 27.41
1 0 1 5 8 0 1 446 28 207 48.0
8 0 5 6 3 6 1 441 32 176 24.23
2 0 0 4 2 6 2 444 446 40 166 29.26
3 0 0 6 0 1 1 443 13 184 40.9
10 0 2 5 7 0 1 445 35 181 44.41
4 0 4 0 2 3 1 447 42 217 43.48
2 0 0 8 5 2 1 447 45 172 44.16
6 0 0 5 2 9 1 447 42 217 30.84
1 0 0 0 0 0 0 48 198 47.67
1 0 0 0 0 0 3 449 450 451 0 121 43.99
5 0 3 8 1 1 3 454 467 473 1 125 47.94
9 0 2 3 4 1 3 452 456 458 1 182 34.76
2 0 8 5 6 3 3 457 459 464 1 163 32.25
6 0 3 7 3 5 3 453 454 455 10 146 37.38
10 0 9 8 3 6 3 462 465 470 16 164 42.3
2 0 10 3 9 5 3 460 461 476 16 132 36.51
6 0 6 7 3 10 3 457 460 468 16 181 33.71
9 0 8 10 10 2 3 459 460 461 10 132 35.18
4 1 0 0 0 0 3 467 472 477 22 186 46.29
3 1 0 0 0 0 3 466 468 469 10 157 44.64
4 1 0 0 0 0 3 462 463 465 19 138 35.47
9 0 7 4 5 6 2 470 475 22 146 45.4
10 0 7 3 9 1 3 464 469 474 19 160 45.51
2 1 0 0 0 0 3 469 471 472 26 189 24.14
1 1 0 0 0 0 3 466 471 472 23 137 41.59
10 0 4 9 6 10 2 470 475 29 192 47.53
2 0 4 2 4 4 3 466 468 471 26 189 40.41
4 0 7 9 2 3 2 467 475 28 190 31.94
3 0 2 10 6 3 2 474 476 32 155 38.2
10 0 8 6 9 3 1 473 28 126 28.05
6 0 3 4 1 1 1 477 29 189 40.83
7 0 10 8 4 3 1 477 39 179 43.93
4 0 5 3 1 1 1 478 28 199 46.29
8 0 9 2 5 1 1 473 28 153 46.65
2 0 1 10 7 9 2 474 476 38 186 35.48
1 0 4 6 10 9 1 478 40 173 29.2
4 0 6 9 3 4 1 478 39 212 41.09
5 0 5 6 10 4 1 479 40 190 34.17
1 0 2 1 6 3 1 479 46 147 27.42
4 0 5 2 5 7 1 479 43 220 40.41
1 0 0 0 0 0 0 47 172 26.47
1 0 0 0 0 0 3 481 482 483 0 117 39.17
8 0 0 7 3 0 3 497 499 504 1 135 37.02
5 0 6 9 7 0 3 484 486 506 1 157 41.36
9 0 7 10 2 0 3 486 492 510 1 113 24.69
8 0 10 0 0 7 2 485 488 6 171 37.28
2 0 10 4 6 6 3 487 490 491 14 162 35.82
4 0 3 3 3 3 1 507 10 185 35.55
1 0 4 5 4 8 1 489 16 136 37.65
4 0 1 0 8 0 2 498 500 14 171 24.84
6 0 10 8 0 4 3 492 493 495 17 126 37.62
8 1 0 0 0 0 3 495 496 505 16 195 42.9
1 0 8 0 1 4 1 494 16 110 26.21
8 1 0 0 0 0 3 497 498 500 23 141 32.02
1 1 0 0 0 0 2 498 507 23 137 31.0
10 0 7 1 6 8 3 495 496 503 17 201 30.21
4 0 0 9 1 4 2 497 508 27 198 31.39
7 1 0 0 0 0 3 499 509 510 27 126 34.36
3 0 6 8 3 8 1 509 31 126 44.0
7 1 0 0 0 0 2 499 502 31 188 41.55
4 0 7 5 1 4 1 508 38 173 35.85
8 0 9 7 3 2 2 501 502 31 152 30.3
1 0 0 8 1 8 2 503 507 39 199 48.07
5 0 1 5 0 0 1 503 39 196 31.87
9 0 0 4 6 3 1 504 44 162 34.79
5 0 2 3 0 8 1 505 53 229 25.33
2 0 8 2 10 7 1 508 58 192 34.91
3 0 0 0 6 0 1 510 6 123 44.99
2 1 0 0 0 0 1 509 40 159 37.87
5 0 6 3 9 0 1 511 60 180 30.74
10 0 7 2 0 1 1 511 42 195 33.02
1 0 0 5 0 3 1 511 34 162 33.9
1 0 0 0 0 0 0 65 217 43.84
1 0 0 0 0 0 3 513 514 515 0 150 45.52
2 0 2 5 8 7 3 517 527 528 1 143 32.87
8 0 4 8 1 6 3 516 523 534 1 158 39.54
1 0 9 9 5 9 3 522 524 533 1 159 24.53
10 0 1 2 5 6 3 518 519 520 9 163 25.25
10 0 7 10 1 7 1 536 3 176 43.62
1 1 0 0 0 0 3 525 538 540 19 197 45.77
4 0 7 10 3 4 1 521 19 168 46.54
3 1 0 0 0 0 1 526 19 120 42.9
8 1 0 0 0 0 2 529 532 23 136 31.8
6 0 3 8 6 6 1 527 2 141 38.49
8 0 5 3 6 9 2 528 529 9 179 42.94
6 0 10 6 1 8 1 540 2 172 39.16
7 1 0 0 0 0 3 526 531 533 20 144 24.46
5 0 9 10 1 9 1 528 27 146 31.21
4 0 5 1 4 9 1 530 8 169 40.55
7 0 3 9 8 3 1 535 32 165 38.46
7 0 10 5 5 7 1 538 31 179 42.36
8 0 8 8 6 10 1 537 12 143 47.44
1 1 0 0 0 0 1 532 27 185 44.83
10 0 6 9 2 6 1 541 31 128 44.08
3 1 0 0 0 0 1 535 27 165 35.13
2 0 1 2 7 1 1 536 9 154 33.35
3 0 9 9 2 2 1 536 39 174 37.75
8 0 3 1 4 10 1 542 42 152 42.26
4 0 5 7 9 7 2 540 542 20 197 46.28
4 0 3 10 2 5 1 539 38 192 39.74
1 0 4 1 2 4 1 541 42 164 28.61
8 1 0 0 0 0 1 543 24 164 42.3
2 0 1 4 8 3 1 543 43 153 40.5
2 0 8 8 6 6 1 543 50 205 40.06
1 0 0 0 0 0 0 52 223 47.68
375.03 361.09 360.64 350.0 352.99 369.18 391.51 428.38 466.77 452.8 431.41 407.06 402.31 392.13 392.77 380.09 400.05 448.84 495.0 520.01 555.72 536.69 507.0 475.42 329.79 339.71 349.78 340.48 338.2 409.22 416.78 514.41 514.9 488.44 450.0 424.95 417.08 410.06 410.09 418.06 442.53 506.91 600.05 650.0 604.0 560.46 437.94 498.65 523.94 483.88 472.13 460.73 467.15 492.65 550.19 597.18 616.33 575.1 549.97 526.89 511.39 495.95 504.4 514.54 541.6 593.3 676.04 747.93 681.0 629.09 552.03 509.36 523.92 479.9 480.0 476.49 481.25 503.54 550.0 598.9 620.83 613.59 610.08 578.28 561.86 562.98 543.32 543.44 586.04 592.88 641.79 657.69 646.92 600.06 562.49 524.93 510.09 467.63 450.1 438.86 439.39 469.62 530.07 571.56 588.25 574.59 565.59 548.41 538.13 493.22 471.6 470.38 490.86 517.42 545.56 568.99 569.4 550.0 530.58 504.93 512.09 500.05 480.09 460.04 452.61 452.15 471.69 475.03 484.93 480.02 464.5 443.19 434.11 394.74 388.21 377.54 417.53 402.56 475.06 529.91 551.72 540.01 513.36 461.45 430.27 381.0 374.94 344.27 323.0 324.07 365.99 348.35 332.0 317.26 254.52 279.75 278.38 222.95 189.43 236.13 319.77 455.0 530.0 592.0 623.89 609.4 593.98 569.29 375.03 361.09 360.64 350.0 352.99 369.18 391.51 428.38 466.77 452.8 431.41 407.06 402.31 392.13 392.77 380.09 400.05 448.84 495.0 520.01 555.72 536.69 507.0 475.42 329.79 339.71 349.78 340.48 338.2 409.22 416.78 514.41 514.9 488.44 450.0 424.95 417.08 410.06 410.09 418.06 442.53 506.91 600.05 650.0 604.0 560.46 437.94 498.65 523.94 483.88 472.13 460.73 467.15 492.65 550.19 597.18 616.33 575.1 549.97 526.89 511.39 495.95 504.4 514.54 541.6 593.3 676.04 747.93 681.0 629.09 552.03 509.36 523.92 479.9 480.0 476.49 481.25 503.54 550.0 598.9 620.83 613.59 610.08 578.28 561.86 562.98 543.32 543.44 586.04 592.88 641.79 657.69 646.92 600.06 562.49 524.93 510.09 467.63 450.1 438.86 439.39 469.62 530.07 571.56 588.25 574.59 565.59 548.41 538.13 493.22 471.6 470.38 490.86 517.42 545.56 568.99 569.4 550.0 530.58 504.93 512.09 500.05 480.09 460.04 452.61 452.15 471.69 475.03 484.93 480.02 464.5 443.19 434.11 394.74 388.21 377.54 417.53 402.56 475.06 529.91 551.72 540.01 513.36 461.45 430.27 381.0 374.94 344.27 323.0 324.07 365.99 348.35 332.0 317.26 254.52 279.75 278.38 222.95 189.43 236.13 319.77 455.0 530.0 592.0 623.89 609.4 593.98 569.29 375.03 361.09 360.64 350.0 352.99 369.18 391.51 428.38 466.77 452.8 431.41 407.06 402.31 392.13 392.77 380.09 400.05 448.84 495.0 520.01 555.72 536.69 507.0 475.42 329.79 339.71 349.78 340.48 338.2 409.22 416.78 514.41 514.9 488.44 450.0 424.95 417.08 410.06 410.09 418.06 442.53 506.91 600.05 650.0 604.0 560.46 437.94 498.65 523.94 483.88 472.13 460.73 467.15 492.65 550.19 597.18 616.33 575.1 549.97 526.89 511.39 495.95 504.4 514.54 541.6 593.3 676.04 747.93 681.0 629.09 552.03 509.36 523.92 479.9 480.0 476.49 481.25 503.54 550.0 598.9 620.83 613.59 610.08 578.28 561.86 562.98 543.32 543.44 586.04 592.88 641.79 657.69 646.92 600.06 562.49 524.93 510.09 467.63 450.1 438.86 439.39 469.62 530.07 571.56 588.25 574.59 565.59 548.41 538.13 493.22 471.6 470.38 490.86 517.42 545.56 568.99 569.4 550.0 530.58 504.93 512.09 500.05 480.09 460.04 452.61 452.15 471.69 475.03 484.93 480.02 464.5 443.19 434.11 394.74 388.21 377.54 417.53 402.56 475.06 529.91 551.72 540.01 513.36 461.45 430.27 381.0 374.94 344.27 323.0 324.07 365.99 348.35 332.0 317.26 254.52 279.75 278.38 222.95 189.43 236.13 319.77 455.0 530.0 592.0 623.89 609.4 593.98 569.29 375.03 361.09 360.64 350.0 352.99 369.18 391.51 428.38 466.77 452.8 431.41 407.06 402.31 392.13 392.77 380.09 400.05 448.84 495.0 520.01 555.72 536.69 507.0 475.42 329.79 339.71 349.78 340.48 338.2 409.22 416.78 514.41 514.9 488.44 450.0 424.95 417.08 410.06 410.09 418.06 442.53 506.91 600.05 650.0 604.0 560.46 437.94 498.65 523.94 483.88 472.13 460.73 467.15 492.65 550.19 597.18 616.33 575.1 549.97 526.89 511.39 495.95 504.4 514.54 541.6 593.3 676.04 747.93 681.0 629.09 552.03 509.36 523.92 479.9 480.0 476.49 481.25 503.54 550.0 598.9 620.83 613.59 610.08 578.28 561.86 562.98 543.32 543.44 586.04 592.88 641.79 657.69 646.92 600.06 562.49 524.93 510.09 467.63 450.1 438.86 439.39 469.62 530.07 571.56 588.25 574.59 565.59 548.41 538.13 493.22 471.6 470.38 490.86 517.42 545.56 568.99 569.4 550.0 530.58 504.93 512.09 500.05 480.09 460.04 452.61 452.15 471.69 475.03 484.93 480.02 464.5 443.19 434.11 394.74 388.21 377.54 417.53 402.56 475.06 529.91 551.72 540.01 513.36 461.45 430.27 381.0 374.94 344.27 323.0 324.07 365.99 348.35 332.0 317.26 254.52 279.75 278.38 222.95 189.43 236.13 319.77 455.0 530.0 592.0 623.89 609.4 593.98 569.29 375.03 361.09 360.64 350.0 352.99 369.18 391.51 428.38 466.77 452.8 431.41 407.06 402.31 392.13 392.77 380.09 400.05 448.84 495.0 520.01 555.72 536.69 507.0 475.42 329.79 339.71 349.78 340.48 338.2 409.22 416.78 514.41 514.9 488.44 450.0 424.95 417.08 410.06 410.09 418.06 442.53 506.91 600.05 650.0 604.0 560.46 437.94 498.65 523.94 483.88 472.13 460.73 467.15 492.65 550.19 597.18 616.33 575.1 549.97 526.89 511.39 495.95 504.4 514.54 541.6 593.3 676.04 747.93 681.0 629.09 552.03 509.36 523.92 479.9 480.0 476.49 481.25 503.54 550.0 598.9 620.83 613.59 610.08 578.28 561.86 562.98 543.32 543.44 586.04 592.88 641.79 657.69 646.92 600.06 562.49 524.93 510.09 467.63 450.1 438.86 439.39 469.62 530.07 571.56 588.25 574.59 565.59 548.41 538.13 493.22 471.6 470.38 490.86 517.42 545.56 568.99 569.4 550.0 530.58 504.93 512.09 500.05 480.09 460.04 452.61 452.15 471.69 475.03 484.93 480.02 464.5 443.19 434.11 394.74 388.21 377.54 417.53 402.56 475.06 529.91 551.72 540.01 513.36 461.45 430.27 381.0 374.94 344.27 323.0 324.07 365.99 348.35 332.0 317.26 254.52 279.75 278.38 222.95 189.43 236.13 319.77 455.0 530.0 592.0 623.89 609.4 593.98 569.29 375.03 361.09 360.64 350.0 352.99 369.18 391.51 428.38 466.77 452.8 431.41 407.06 402.31 392.13 392.77 380.09 400.05 448.84 495.0 520.01 555.72 536.69 507.0 475.42 329.79 339.71 349.78 340.48 338.2 409.22 416.78 514.41 514.9 488.44 450.0 424.95 417.08 410.06 410.09 418.06 442.53 506.91 600.05 650.0 604.0 560.46 437.94 498.65 523.94 483.88 472.13 460.73 467.15 492.65 550.19 597.18 616.33 575.1 549.97 526.89 511.39 495.95 504.4 514.54 541.6 593.3 676.04 747.93 681.0 629.09 552.03 509.36 523.92 479.9 480.0 476.49 481.25 503.54 550.0 598.9
