544 5
1 55 63 38 63
1 0 0 0 0 0 3 1 2 3 0 94 5.17
6 0 10 10 4 0 2 22 28 1 112 5.37
6 0 9 3 0 0 3 9 12 25 1 119 8.59
9 0 1 0 2 2 3 4 5 6 1 140 5.34
1 0 1 0 8 6 3 17 19 23 10 171 7.56
5 0 0 9 5 4 3 10 13 22 10 167 7.97
10 0 0 9 6 0 3 7 8 16 10 112 7.85
2 1 0 0 0 0 2 11 19 20 125 8.33
6 1 0 0 0 0 1 15 20 146 7.0
7 0 3 5 0 2 3 11 14 16 7 147 7.58
1 0 0 4 8 0 1 14 15 170 6.83
6 1 0 0 0 0 1 20 22 117 7.32
1 0 8 3 5 5 1 21 7 161 7.14
10 0 0 3 9 9 2 18 26 15 156 6.94
8 0 6 10 0 4 2 18 19 16 152 5.27
5 1 0 0 0 0 2 20 24 26 162 4.97
7 1 0 0 0 0 2 20 26 20 132 6.97
9 0 7 6 7 0 1 18 11 158 7.72
5 0 2 3 2 8 3 21 27 30 25 132 8.12
10 0 2 3 4 7 2 27 29 24 127 5.14
3 0 0 8 0 3 3 21 22 27 31 168 6.81
5 0 1 1 5 3 1 29 34 192 8.55
2 0 7 6 7 8 1 30 34 136 8.07
4 0 0 8 5 8 1 25 11 130 8.43
8 0 0 4 6 4 3 25 26 29 31 196 8.48
2 0 1 0 7 3 1 30 39 146 7.49
2 0 6 0 7 4 1 28 39 144 8.11
6 0 10 8 10 1 1 28 34 185 7.82
2 0 0 7 4 3 1 31 41 174 4.91
10 0 6 8 1 6 1 31 39 135 4.85
9 0 0 4 0 2 1 31 41 138 6.92
1 0 0 0 0 0 0 50 167 7.69
1 0 0 0 0 0 3 33 34 35 0 91 6.27
1 0 1 0 0 0 2 36 40 1 121 8.3
10 0 0 9 4 4 3 37 38 43 1 98 5.71
4 0 0 0 9 9 1 45 1 96 8.67
4 0 0 0 0 7 3 39 41 42 2 121 7.03
3 0 9 0 0 0 2 49 56 11 145 6.41
4 0 0 8 5 10 1 52 11 183 5.77
9 1 0 0 0 0 3 44 57 60 6 106 7.37
10 0 3 0 0 0 3 48 50 53 2 148 5.55
2 0 3 4 5 0 1 55 6 139 7.18
7 0 0 3 1 9 1 48 6 103 6.3
1 0 8 0 1 7 1 54 11 115 5.92
1 1 0 0 0 0 1 58 15 183 7.9
2 0 9 0 5 0 1 46 5 111 4.97
6 0 0 3 0 1 2 47 51 7 158 7.5
10 0 10 0 5 9 3 49 58 59 13 142 5.35
9 0 0 0 8 0 1 62 13 186 7.94
7 0 2 0 5 0 1 60 23 188 5.02
5 1 0 0 0 0 1 60 12 115 5.32
1 1 0 0 0 0 1 52 13 147 7.28
2 0 3 6 3 0 1 55 15 172 5.99
6 1 0 0 0 0 3 55 58 61 12 141 7.89
3 0 4 0 3 0 1 56 12 139 7.14
2 0 8 9 0 7 1 57 18 174 8.45
6 0 0 0 7 0 1 61 15 144 8.67
8 0 1 4 7 0 1 59 20 167 5.93
3 0 1 6 0 0 1 62 23 123 6.44
3 0 0 2 0 0 1 62 28 146 4.96
9 0 9 0 0 5 1 63 30 148 6.24
8 0 9 0 5 5 1 63 21 117 7.33
2 0 0 0 0 7 1 63 31 176 7.52
1 0 0 0 0 0 0 39 157 4.7
1 0 0 0 0 0 3 65 66 67 0 102 7.36
4 0 1 3 0 1 1 69 1 122 6.56
1 0 1 0 0 0 2 68 71 1 150 6.51
8 0 7 4 0 0 1 78 1 175 7.19
1 0 3 0 0 0 3 74 84 90 2 99 8.5
10 0 1 0 8 0 3 70 73 77 5 163 6.64
8 0 0 1 10 0 1 75 15 147 7.61
4 0 9 5 8 0 2 72 94 2 126 7.36
1 0 0 9 10 0 1 85 6 104 6.07
10 0 0 4 6 7 2 79 83 15 181 6.03
7 0 8 0 2 0 1 88 3 127 6.49
9 1 0 0 0 0 2 76 87 23 192 7.4
1 1 0 0 0 0 1 81 32 169 6.59
4 0 9 3 0 0 3 81 86 91 15 118 8.74
7 0 0 9 6 1 1 89 9 154 5.6
10 0 0 6 0 0 3 80 88 91 25 147 6.47
1 0 9 0 5 0 1 82 35 123 8.23
6 0 4 4 10 0 2 82 92 33 139 5.86
1 0 5 0 4 10 1 90 39 173 8.79
8 1 0 0 0 0 1 88 25 166 6.47
3 0 0 0 4 3 1 91 3 171 8.17
10 0 3 0 2 0 3 87 89 92 7 143 4.66
3 0 0 0 2 0 1 87 19 188 7.25
7 0 0 7 6 0 1 93 32 196 7.97
1 0 6 0 0 0 1 93 35 191 5.46
9 0 1 0 9 0 1 93 17 180 5.18
7 0 8 0 3 8 1 94 40 171 5.51
4 0 10 0 1 5 1 92 35 167 7.84
7 0 0 4 0 0 1 95 39 166 6.66
6 0 0 8 0 0 1 95 39 153 6.44
4 0 10 0 1 0 1 95 47 174 5.05
1 0 0 0 0 0 0 51 142 8.47
1 0 0 0 0 0 3 97 98 99 0 101 8.21
10 0 5 3 8 10 3 107 115 119 1 108 8.2
10 0 8 2 3 8 3 100 101 109 1 104 4.55
3 0 8 2 1 10 3 102 108 118 1 156 5.41
2 0 1 1 4 4 2 104 120 11 163 6.71
10 0 7 10 3 6 3 111 115 116 11 149 7.8
9 0 8 1 1 4 3 103 111 119 4 159 7.42
6 0 4 1 3 9 3 105 106 112 13 157 7.8
6 0 10 5 5 3 2 110 119 13 181 8.14
2 1 0 0 0 0 2 114 124 19 177 4.78
1 1 0 0 0 0 2 120 125 19 148 7.52
5 0 5 10 5 7 3 111 117 123 11 151 7.87
3 0 4 7 9 8 1 109 4 115 8.46
1 0 9 8 10 8 1 112 11 149 7.81
3 1 0 0 0 0 3 113 117 123 19 123 5.27
5 1 0 0 0 0 1 124 21 167 8.14
2 0 2 1 8 4 2 120 121 19 157 6.58
10 1 0 0 0 0 2 118 122 22 185 6.04
1 1 0 0 0 0 1 121 21 167 7.84
8 0 10 3 6 1 2 118 122 21 174 6.97
1 1 0 0 0 0 2 117 122 21 126 4.58
8 1 0 0 0 0 2 125 126 22 195 8.1
6 0 6 3 10 1 1 121 32 154 8.16
2 1 0 0 0 0 1 126 19 119 6.69
2 1 0 0 0 0 1 123 21 169 8.78
8 0 3 10 4 6 1 125 38 158 7.2
6 0 7 1 3 3 1 124 32 201 8.34
4 1 0 0 0 0 1 126 23 142 8.62
3 0 9 8 1 9 1 127 38 155 8.64
8 0 4 3 10 8 1 127 46 173 7.33
1 0 7 4 5 1 1 127 30 114 5.67
1 0 0 0 0 0 0 54 171 7.21
1 0 0 0 0 0 3 129 130 131 0 151 7.85
4 0 10 0 6 7 3 132 133 136 1 103 8.14
2 0 7 0 10 0 3 147 148 150 1 158 8.06
3 0 3 1 0 0 3 134 137 139 1 135 7.96
1 0 3 6 1 8 3 135 139 148 5 150 6.36
3 0 9 5 6 5 3 134 138 145 5 108 4.66
2 0 1 0 9 10 3 141 144 157 8 154 7.77
4 0 4 3 3 0 3 140 142 149 6 145 6.64
4 0 5 5 0 1 3 137 142 147 5 96 7.58
9 0 8 5 7 0 3 138 141 143 9 178 5.58
6 0 10 1 10 4 3 146 153 158 18 147 7.77
7 0 5 0 0 0 2 144 149 6 104 6.89
2 0 0 7 3 0 2 141 150 10 124 5.59
10 0 6 9 5 5 3 146 152 158 18 183 4.48
3 0 8 0 0 0 2 143 144 10 132 5.93
9 0 3 10 5 1 3 146 151 157 18 130 4.93
7 0 8 10 10 0 1 155 13 185 8.85
2 0 0 0 4 0 3 148 149 150 8 119 5.54
5 0 9 1 0 6 1 155 28 126 6.48
5 0 6 7 0 3 2 151 157 9 177 8.86
6 0 2 0 3 0 3 152 153 154 10 147 6.49
7 1 0 0 0 0 1 154 13 126 6.45
9 0 0 7 8 10 1 151 12 126 6.13
9 0 5 9 5 3 3 152 153 154 27 184 5.88
4 0 8 0 2 1 1 156 36 166 7.84
3 0 8 5 3 6 1 155 36 124 5.06
7 0 6 10 7 4 2 156 158 36 150 7.76
3 0 6 0 6 9 1 156 39 158 6.88
4 0 2 4 1 0 1 159 43 138 6.69
6 0 7 1 9 8 1 159 27 190 6.06
10 0 7 5 1 9 1 159 43 184 5.77
1 0 0 0 0 0 0 53 157 8.6
1 0 0 0 0 0 3 161 162 163 0 88 7.12
6 0 1 8 10 9 3 164 167 168 1 175 4.62
6 0 1 1 5 4 3 165 170 178 1 167 8.23
9 0 8 8 8 3 3 177 183 190 1 172 8.33
6 0 1 7 7 7 3 166 177 190 7 97 6.2
5 0 3 8 5 2 1 169 7 119 4.63
1 1 0 0 0 0 1 178 13 162 5.76
9 0 5 1 9 9 3 172 179 188 7 182 8.15
8 0 5 1 9 4 3 172 173 175 7 108 6.11
3 0 10 6 1 2 2 171 182 12 115 8.09
9 1 0 0 0 0 3 177 183 184 7 128 8.65
3 0 10 8 4 3 3 172 173 174 15 152 5.13
3 0 5 8 7 1 2 176 184 18 141 4.48
3 0 2 3 9 10 1 189 18 158 4.57
7 1 0 0 0 0 3 180 185 186 18 161 5.69
3 0 6 2 1 3 2 178 185 15 145 5.5
6 0 8 7 4 2 3 181 183 186 21 186 6.85
1 1 0 0 0 0 1 188 16 109 5.28
4 0 2 7 6 6 1 181 18 175 8.13
9 1 0 0 0 0 2 181 182 16 155 7.59
8 0 5 9 10 6 1 184 25 144 5.83
7 0 8 7 1 3 1 187 27 117 8.11
3 0 3 8 10 10 1 186 25 190 8.02
1 0 5 10 6 1 1 187 27 187 6.8
1 0 2 3 6 7 1 187 33 148 7.1
7 1 0 0 0 0 2 188 189 25 169 8.77
3 0 8 2 3 9 1 190 28 131 5.64
2 0 9 10 2 1 1 189 34 156 8.13
8 0 6 4 1 8 1 191 32 156 7.63
10 0 2 8 5 2 1 191 36 173 7.22
7 0 10 4 2 7 1 191 31 128 8.8
1 0 0 0 0 0 0 46 174 8.38
1 0 0 0 0 0 3 193 194 195 0 140 8.34
7 0 0 0 0 8 3 198 202 209 1 100 7.47
6 0 0 0 0 8 3 201 207 209 1 149 6.64
2 0 10 0 0 0 3 196 199 201 1 136 5.5
1 0 0 0 10 0 3 197 203 209 3 119 5.67
10 0 2 0 0 0 2 205 215 4 113 7.95
4 0 3 0 0 0 3 200 206 207 8 109 7.23
9 0 0 0 0 2 3 202 208 212 3 149 4.91
10 0 0 2 0 0 2 208 222 12 127 6.8
8 0 0 0 0 1 3 204 205 216 7 118 5.86
4 0 0 10 0 0 3 205 206 210 12 126 4.87
9 0 0 0 2 0 3 204 210 220 4 99 4.45
1 1 0 0 0 0 1 222 15 103 7.86
9 1 0 0 0 0 3 213 217 221 16 139 8.59
10 1 0 0 0 0 3 214 218 219 16 158 4.73
8 0 0 3 0 0 3 208 211 212 12 175 6.58
9 0 0 1 0 0 2 217 219 22 195 8.11
5 0 0 0 7 0 2 211 212 8 173 6.99
3 0 0 0 0 1 2 214 221 16 137 5.45
6 1 0 0 0 0 3 213 215 216 20 136 7.89
1 0 0 9 0 0 3 213 215 216 20 183 4.52
7 0 5 0 0 0 2 214 218 26 146 4.51
7 0 9 0 0 0 1 222 33 140 4.77
6 1 0 0 0 0 1 219 26 155 7.92
1 0 0 3 0 0 1 217 26 141 5.37
3 0 0 1 0 0 1 218 31 166 7.89
9 0 0 0 8 0 1 220 34 178 5.58
2 0 0 0 0 3 2 220 221 32 173 4.82
1 0 0 0 8 0 1 223 43 172 4.57
2 0 0 0 0 7 1 223 34 191 7.32
9 0 0 8 0 0 1 223 40 148 4.88
1 0 0 0 0 0 0 49 179 4.43
1 0 0 0 0 0 3 225 226 227 0 161 8.6
5 0 3 0 0 0 3 228 231 233 1 150 4.64
9 0 0 5 3 6 1 238 1 123 4.84
2 0 0 0 4 0 2 233 237 1 150 5.65
10 0 2 0 1 0 2 229 239 6 169 8.29
10 0 4 6 4 0 1 230 16 126 7.63
1 0 0 0 0 6 3 232 234 235 26 182 5.13
9 0 6 0 4 0 2 241 246 6 181 5.26
8 1 0 0 0 0 3 241 250 252 27 181 7.06
7 0 0 0 9 7 3 249 252 253 6 140 8.34
5 0 9 0 3 0 3 236 244 249 27 171 6.73
2 0 5 8 0 3 3 242 245 248 27 177 4.62
4 1 0 0 0 0 3 240 246 251 32 170 6.04
4 0 0 4 0 0 2 238 244 3 148 8.38
1 0 9 5 0 0 2 239 242 10 173 4.86
7 0 0 9 4 1 1 240 16 172 7.3
6 1 0 0 0 0 1 245 36 140 8.42
3 1 0 0 0 0 2 243 248 35 177 8.3
8 1 0 0 0 0 3 243 246 250 29 137 5.6
5 0 0 4 0 0 1 251 38 131 6.65
9 0 0 3 0 0 2 247 254 32 151 7.58
5 1 0 0 0 0 1 247 42 206 7.42
8 0 0 4 0 0 2 247 254 37 189 4.75
9 0 4 0 5 6 2 252 253 47 171 8.71
3 0 0 0 6 0 1 249 38 183 6.6
7 0 2 0 6 1 1 251 41 200 8.0
6 0 0 0 8 0 1 253 37 190 7.76
2 0 10 6 0 0 1 254 48 163 7.63
1 0 7 0 8 0 1 255 56 159 5.53
5 0 7 10 1 4 1 255 56 186 6.4
10 0 0 9 8 0 1 255 50 160 4.48
1 0 0 0 0 0 0 61 186 8.33
1 0 0 0 0 0 3 257 258 259 0 152 6.93
5 0 4 10 5 9 3 262 271 278 1 116 8.4
4 0 1 8 2 1 2 261 264 1 118 6.81
2 0 4 4 9 8 3 260 265 266 1 119 6.8
7 0 6 8 1 10 2 269 280 3 151 4.87
6 0 7 4 7 5 2 278 283 5 157 7.08
8 0 8 7 4 5 2 263 267 6 171 6.44
7 0 9 9 2 2 3 268 269 270 14 136 5.51
7 0 1 2 8 9 1 271 5 158 5.8
5 0 4 6 6 9 1 272 3 175 6.33
2 0 1 9 1 1 1 273 3 145 6.08
6 1 0 0 0 0 1 285 14 163 8.78
1 1 0 0 0 0 2 272 279 21 144 7.08
6 0 9 10 5 6 2 275 277 21 164 4.69
1 0 9 5 10 9 2 284 285 21 168 6.27
8 0 6 6 3 6 1 274 12 166 6.75
3 1 0 0 0 0 2 276 282 22 154 5.93
10 0 6 6 9 8 2 274 277 5 154 6.91
4 1 0 0 0 0 1 281 20 163 5.46
7 0 4 10 6 8 1 286 27 198 7.24
9 0 6 8 2 10 1 277 25 173 7.76
5 0 7 1 3 2 1 283 34 166 6.21
8 0 4 8 5 8 1 282 11 125 4.95
9 0 7 3 9 5 1 281 22 165 7.81
10 0 9 1 6 7 1 282 10 143 7.44
5 0 8 10 3 8 1 283 31 161 6.23
3 0 7 5 1 2 1 285 25 173 6.84
4 0 6 2 2 10 1 286 39 155 4.52
5 0 6 7 8 4 1 287 22 161 5.18
2 0 7 5 10 9 1 287 28 123 6.45
5 0 10 5 1 8 1 287 43 160 8.73
1 0 0 0 0 0 0 48 190 7.08
1 0 0 0 0 0 3 289 290 291 0 98 4.75
2 0 0 0 4 0 1 315 1 160 8.69
3 0 2 0 1 1 1 299 1 89 8.75
7 0 0 10 10 0 3 292 293 298 1 129 7.24
1 0 6 9 4 0 2 295 301 8 143 5.9
8 0 4 0 8 0 1 294 8 125 4.6
3 0 0 10 0 0 1 314 16 153 8.67
3 0 0 0 2 8 3 296 297 299 9 168 6.82
2 0 0 5 0 6 1 303 12 166 7.48
9 0 10 4 0 7 2 300 304 12 119 7.63
10 0 7 0 0 4 1 316 8 153 5.53
8 0 0 8 0 1 2 306 307 12 183 5.12
6 1 0 0 0 0 2 307 313 21 110 7.74
3 0 0 1 0 10 1 302 9 150 8.63
1 0 0 0 0 8 3 306 311 313 12 99 8.64
9 0 0 8 1 0 3 304 305 308 14 187 8.74
7 0 5 2 4 0 1 314 23 149 5.19
4 0 10 5 0 2 1 317 23 190 8.86
1 1 0 0 0 0 1 312 20 180 5.99
5 0 0 0 3 4 3 309 310 312 27 172 6.91
9 0 10 5 0 10 2 310 311 23 176 7.42
4 0 0 0 0 10 1 317 32 142 5.35
7 0 3 6 0 0 1 318 32 126 8.53
6 0 5 7 6 0 1 314 32 175 8.55
5 0 3 7 0 0 1 318 32 169 4.5
7 0 0 3 0 10 1 316 27 124 6.73
1 0 4 0 0 0 1 317 38 170 5.83
6 0 0 2 0 0 1 316 3 156 7.74
4 0 6 0 0 7 1 319 34 198 5.27
5 0 0 2 0 3 1 319 39 170 8.57
3 0 5 0 9 6 1 319 39 170 6.73
1 0 0 0 0 0 0 44 137 5.84
1 0 0 0 0 0 3 321 322 323 0 104 4.62
3 0 2 2 0 0 3 324 325 326 1 112 8.18
8 0 0 2 7 1 3 332 338 340 1 138 5.35
6 0 4 0 0 10 2 327 331 1 107 7.66
3 0 0 0 6 7 3 330 334 339 4 169 8.3
5 0 6 8 0 8 3 328 329 341 4 161 7.97
8 0 1 6 3 7 1 337 4 136 5.01
9 0 10 3 6 10 1 349 7 119 5.19
1 0 0 9 2 4 3 343 347 348 9 165 4.45
5 0 7 6 0 5 1 344 9 146 7.94
9 0 4 3 7 0 2 335 336 7 174 8.14
10 0 8 9 6 6 1 333 7 115 4.43
3 0 8 10 3 6 1 339 9 128 5.61
2 0 2 4 2 3 2 343 344 17 139 7.15
10 0 8 7 0 5 2 342 345 7 118 5.23
8 1 0 0 0 0 1 348 16 190 5.0
3 1 0 0 0 0 1 350 16 156 7.29
9 0 1 7 7 6 1 347 12 109 4.73
6 0 4 0 2 9 1 345 9 149 7.78
5 0 5 4 9 0 2 343 350 12 110 8.16
5 0 5 9 0 3 1 348 9 118 5.64
2 0 0 1 9 8 1 346 9 171 5.35
5 0 6 1 7 10 1 344 17 139 8.21
7 0 1 0 4 6 1 349 19 156 6.8
1 1 0 0 0 0 1 346 22 158 5.81
10 0 1 2 0 2 1 346 17 136 8.33
1 0 2 10 0 0 1 349 27 125 6.71
2 1 0 0 0 0 1 350 21 172 5.22
8 0 0 9 2 4 1 351 24 154 4.53
8 0 0 1 0 9 1 351 28 172 4.69
8 0 0 6 9 0 1 351 23 137 4.86
1 0 0 0 0 0 0 36 190 5.82
1 0 0 0 0 0 3 353 354 355 0 112 6.51
3 0 7 0 0 0 3 358 361 362 1 100 6.79
3 0 0 0 0 3 1 356 1 137 6.72
9 0 1 0 0 0 3 357 361 372 1 178 6.4
1 0 0 5 0 0 1 379 4 105 4.44
7 0 0 6 0 0 3 362 365 376 10 134 7.93
4 0 0 0 0 8 2 359 373 4 145 4.78
4 0 0 0 6 0 3 360 366 372 8 113 6.39
4 0 8 0 0 0 2 364 368 12 113 4.88
3 0 10 0 0 0 3 363 369 375 10 105 5.71
1 1 0 0 0 0 3 377 378 379 17 141 8.76
6 1 0 0 0 0 3 364 370 371 13 166 8.02
8 1 0 0 0 0 1 365 19 112 7.09
5 0 1 0 0 0 3 377 378 379 27 118 5.29
4 0 6 0 0 0 3 367 369 375 12 179 4.47
9 1 0 0 0 0 2 370 374 16 180 6.85
2 1 0 0 0 0 2 369 382 16 126 4.7
5 0 0 0 5 0 1 370 18 179 6.21
1 0 7 0 0 0 1 376 25 135 7.03
1 1 0 0 0 0 3 374 381 382 19 105 6.14
5 0 0 1 0 0 1 381 12 119 5.21
3 0 0 0 0 2 1 381 8 161 4.65
5 0 6 0 0 0 1 376 25 166 7.67
2 0 0 0 8 0 2 377 380 16 151 8.82
10 0 3 0 0 0 1 378 30 193 8.67
1 0 0 0 4 0 1 382 32 170 7.17
1 0 0 0 0 8 1 380 40 151 4.57
3 0 0 9 0 0 1 380 32 147 5.94
4 0 8 0 0 0 1 383 41 206 4.73
9 0 0 0 6 0 1 383 20 166 5.24
6 0 0 0 0 3 1 383 33 193 7.87
1 0 0 0 0 0 0 45 191 5.5
1 0 0 0 0 0 3 385 386 387 0 148 4.94
7 0 0 7 0 1 3 391 399 403 1 129 4.51
5 0 0 0 6 6 3 390 392 404 1 159 7.41
8 0 10 8 5 1 3 388 389 410 1 109 8.31
1 0 4 0 1 0 1 395 9 175 8.2
3 0 0 9 0 10 2 393 404 9 161 8.65
3 0 0 10 0 4 2 393 401 6 96 4.59
1 0 2 2 9 0 2 402 404 8 138 6.61
6 0 0 8 0 6 2 394 398 6 96 6.73
2 0 0 0 10 0 2 400 405 12 101 4.67
8 0 4 0 0 3 3 395 396 406 12 179 6.67
2 0 0 3 2 8 1 408 20 107 6.89
5 1 0 0 0 0 3 397 407 410 20 143 8.49
5 1 0 0 0 0 3 401 413 414 25 128 6.72
7 0 0 0 0 1 2 399 402 12 152 4.75
10 0 10 9 4 8 3 401 405 411 19 148 5.91
1 0 0 5 3 0 1 403 14 155 5.54
2 0 0 1 0 0 1 412 30 169 7.73
9 1 0 0 0 0 1 411 19 165 4.86
3 0 0 3 3 0 2 408 409 15 116 5.36
5 0 4 6 1 0 2 413 414 12 161 4.52
7 1 0 0 0 0 2 407 412 29 170 7.93
10 1 0 0 0 0 3 408 409 410 20 179 5.9
4 0 0 2 0 2 1 409 36 176 7.82
10 0 9 0 1 6 1 414 30 183 5.61
9 0 0 0 6 0 1 413 40 187 5.86
2 1 0 0 0 0 1 411 30 145 4.61
6 0 6 0 6 9 1 412 32 159 5.95
4 0 6 5 0 0 1 415 38 173 5.41
5 0 0 2 0 0 1 415 49 187 7.21
8 0 0 0 8 0 1 415 40 181 8.61
1 0 0 0 0 0 0 54 213 8.72
1 0 0 0 0 0 3 417 418 419 0 158 4.93
9 0 7 6 0 0 3 423 425 426 1 157 8.74
7 0 6 0 8 6 3 420 422 436 1 152 8.51
8 0 0 1 9 1 3 421 432 437 1 143 4.94
5 0 9 0 0 0 2 426 444 8 157 8.31
6 0 0 2 5 4 1 424 9 179 5.59
9 0 8 10 2 8 1 429 8 117 4.72
8 0 10 6 3 10 2 428 442 10 162 5.27
1 0 7 6 5 5 1 440 15 162 6.65
3 0 10 10 2 4 3 427 439 442 10 158 8.5
10 0 0 4 5 0 1 445 13 159 7.25
7 0 4 6 9 0 1 433 13 103 7.43
9 0 7 0 10 8 2 430 438 18 128 5.86
10 0 0 8 6 1 3 435 441 444 17 135 7.69
6 1 0 0 0 0 2 431 445 27 183 8.06
7 0 10 0 0 10 1 432 33 129 7.81
4 0 6 0 0 4 1 446 40 196 7.78
6 1 0 0 0 0 1 434 20 110 6.9
10 1 0 0 0 0 1 436 26 129 7.59
5 0 7 2 1 0 1 438 27 145 6.56
8 0 0 6 10 5 1 437 36 169 5.74
3 0 6 8 9 7 1 444 44 142 7.58
10 0 3 0 9 0 1 443 32 164 6.65
7 0 0 8 9 0 1 440 13 153 5.37
3 1 0 0 0 0 2 441 446 20 151 5.48
4 0 10 4 0 10 1 445 27 160 4.44
7 0 7 0 9 2 1 443 18 161 7.31
2 0 2 4 10 8 1 446 42 180 6.52
10 0 1 3 0 10 1 447 47 187 6.34
9 0 2 6 6 4 1 447 33 160 6.11
6 0 5 0 3 9 1 447 44 197 5.18
1 0 0 0 0 0 0 57 205 7.51
1 0 0 0 0 0 3 449 450 451 0 169 7.12
3 0 0 0 7 0 3 454 455 465 1 133 4.85
8 0 2 0 0 0 1 463 1 142 6.98
5 0 0 0 0 9 3 452 456 464 1 151 4.99
7 0 4 0 0 0 3 453 459 466 6 166 6.06
1 0 0 0 8 0 2 458 476 13 124 8.12
8 0 0 0 9 0 3 457 461 475 4 138 5.86
10 0 0 0 0 7 3 458 460 469 4 143 7.87
2 0 0 1 0 0 2 462 465 6 96 7.96
8 0 1 0 0 0 1 467 12 175 7.55
10 0 0 0 0 7 1 471 14 140 7.21
5 0 0 1 0 0 1 473 13 170 7.43
1 0 2 0 0 0 1 473 14 161 5.8
4 0 0 5 0 0 1 478 12 116 7.55
1 0 0 0 0 1 1 473 8 138 7.47
7 0 0 2 0 0 3 466 470 477 9 123 6.39
6 0 0 0 3 0 1 469 6 160 5.64
10 0 10 0 0 0 2 468 472 8 154 4.77
4 0 0 0 0 6 1 476 16 139 8.17
10 1 0 0 0 0 1 474 20 145 5.85
9 1 0 0 0 0 1 474 18 157 6.65
6 0 0 0 8 0 1 478 14 133 6.71
5 1 0 0 0 0 1 471 16 130 4.6
3 1 0 0 0 0 1 478 24 190 6.7
2 1 0 0 0 0 1 475 18 167 4.97
4 0 1 0 0 0 1 476 18 106 8.0
7 0 0 0 3 0 1 477 30 120 5.37
9 0 6 0 0 0 1 477 20 193 5.21
10 1 0 0 0 0 1 479 22 196 5.46
10 0 4 0 0 0 1 479 37 147 8.09
6 0 0 1 0 0 1 479 27 115 7.98
1 0 0 0 0 0 0 47 197 4.88
1 0 0 0 0 0 3 481 482 483 0 156 7.56
9 0 9 4 0 0 2 485 506 1 176 6.79
7 0 2 0 2 9 3 488 490 493 1 174 7.68
5 0 6 2 0 4 3 484 491 494 1 91 8.43
6 0 1 0 7 0 3 486 487 497 6 155 6.35
4 0 3 0 0 0 1 498 10 105 6.97
3 0 0 10 10 3 1 492 12 112 7.53
5 0 6 0 0 0 1 503 12 100 8.74
9 0 0 9 9 0 1 489 8 109 7.51
6 1 0 0 0 0 2 496 501 17 186 7.5
10 0 0 0 7 9 1 496 8 101 5.08
7 0 0 6 0 3 1 500 6 115 5.57
9 0 0 6 7 0 1 502 15 114 4.96
9 0 0 0 5 5 2 498 504 8 177 4.95
1 1 0 0 0 0 1 495 6 159 6.59
4 0 2 0 10 0 1 503 7 143 5.09
2 1 0 0 0 0 2 499 508 23 144 6.23
6 0 6 0 0 0 2 500 510 12 131 6.49
2 1 0 0 0 0 2 499 501 17 134 6.17
1 1 0 0 0 0 1 510 25 160 7.44
5 1 0 0 0 0 1 505 18 169 8.86
2 0 0 3 4 10 2 503 508 23 138 5.58
4 0 8 1 0 1 1 506 24 136 4.45
9 0 0 9 0 1 1 510 25 125 8.06
4 0 0 0 1 2 2 507 509 17 147 8.23
5 0 2 0 9 0 1 507 23 132 8.79
4 0 1 0 0 0 2 507 509 28 142 4.87
6 0 2 10 0 5 1 508 32 131 6.23
7 0 0 0 0 9 1 511 38 151 6.08
2 0 0 0 6 0 1 511 32 196 8.33
3 0 0 8 4 0 1 511 34 181 6.58
1 0 0 0 0 0 0 45 172 5.19
1 0 0 0 0 0 3 513 514 515 0 115 5.39
7 0 0 0 4 0 3 519 521 526 1 162 6.83
10 0 0 0 5 0 3 516 517 521 1 110 8.27
7 0 0 3 0 0 3 517 518 523 1 115 5.65
1 0 0 0 5 0 3 523 524 525 11 176 5.08
6 0 0 0 9 0 3 520 535 541 11 111 8.6
8 0 0 6 0 0 3 522 525 535 8 179 5.37
7 0 0 0 5 0 3 523 524 529 8 170 5.72
10 1 0 0 0 0 3 526 527 531 17 170 6.1
8 0 0 0 0 6 3 527 533 542 11 139 8.58
1 0 0 2 0 0 3 524 526 533 16 143 8.78
4 0 5 0 0 0 3 527 530 534 15 166 8.47
3 0 0 0 0 7 3 528 530 534 17 171 6.05
4 1 0 0 0 0 3 530 532 534 16 148 5.85
6 0 0 8 0 0 2 536 537 27 150 7.78
4 1 0 0 0 0 1 539 27 179 6.23
9 0 1 0 0 0 3 532 540 542 20 124 5.69
6 0 0 0 4 0 3 532 535 536 15 179 6.63
8 1 0 0 0 0 2 531 538 20 189 6.46
6 0 0 2 0 0 1 537 28 152 7.72
3 0 0 5 0 0 1 538 29 142 4.79
1 1 0 0 0 0 2 536 538 19 154 7.79
1 1 0 0 0 0 3 537 540 541 20 106 5.95
7 0 0 0 1 0 1 539 21 187 8.47
4 0 0 1 0 0 1 539 33 141 5.83
6 0 0 4 0 0 1 542 34 165 7.17
8 0 1 0 0 0 1 541 32 189 5.16
7 0 5 0 0 0 1 540 37 190 7.53
4 0 0 0 0 9 1 543 44 157 7.38
2 0 0 10 0 0 1 543 40 154 4.67
6 0 4 0 0 0 1 543 40 176 4.71
1 0 0 0 0 0 0 48 158 7.76
109.09 102.03 95.61 88.4 90.59 97.85 119.84 130.08 112.54 94.61 72.84 70.65 78.04 124.7 110.55 77.39 85.66 105.03 102.7 117.33 119.78 128.45 131.67 114.52 102.15 97.28 87.79 85.61 86.76 96.03 103.98 114.49 110.0 94.11 84.18 79.35 80.81 85.12 91.65 89.95 78.04 114.21 135.0 168.37 188.29 158.97 139.26 118.02 108.11 101.81 97.25 96.75 98.78 104.17 126.07 124.33 117.96 99.9 96.42 91.16 86.88 83.87 85.11 78.7 86.2 80.88 125.81 108.49 132.5 126.76 121.83 107.67 101.27 97.0 87.55 88.71 90.47 92.04 106.74 114.45 111.45 98.69 86.49 80.91 81.27 73.03 78.27 75.56 76.97 84.07 102.43 111.9 132.18 130.39 126.34 111.55 101.2 97.44 92.38 88.5 88.0 96.2 117.02 140.55 121.58 103.09 97.5 92.78 92.36 86.67 87.75 88.55 93.11 105.12 113.47 136.76 143.06 124.09 123.37 107.33 100.49 100.41 93.0 94.36 89.93 88.0 88.8 86.18 82.93 71.76 59.08 46.56 39.43 22.34 19.52 29.05 45.0 62.48 72.62 84.62 85.59 105.67 95.79 91.77 79.99 75.0 65.94 33.22 15.0 11.09 5.07 2.88 3.42 0.09 0.0 0.0 -0.02 -4.48 -4.96 -9.99 -16.52 -15.43 44.38 70.0 67.06 70.0 93.15 84.55 109.09 102.03 95.61 88.4 90.59 97.85 119.84 130.08 112.54 94.61 72.84 70.65 78.04 124.7 110.55 77.39 85.66 105.03 102.7 117.33 119.78 128.45 131.67 114.52 102.15 97.28 87.79 85.61 86.76 96.03 103.98 114.49 110.0 94.11 84.18 79.35 80.81 85.12 91.65 89.95 78.04 114.21 135.0 168.37 188.29 158.97 139.26 118.02 108.11 101.81 97.25 96.75 98.78 104.17 126.07 124.33 117.96 99.9 96.42 91.16 86.88 83.87 85.11 78.7 86.2 80.88 125.81 108.49 132.5 126.76 121.83 107.67 101.27 97.0 87.55 88.71 90.47 92.04 106.74 114.45 111.45 98.69 86.49 80.91 81.27 73.03 78.27 75.56 76.97 84.07 102.43 111.9 132.18 130.39 126.34 111.55 101.2 97.44 92.38 88.5 88.0 96.2 117.02 140.55 121.58 103.09 97.5 92.78 92.36 86.67 87.75 88.55 93.11 105.12 113.47 136.76 143.06 124.09 123.37 107.33 100.49 100.41 93.0 94.36 89.93 88.0 88.8 86.18 82.93 71.76 59.08 46.56 39.43 22.34 19.52 29.05 45.0 62.48 72.62 84.62 85.59 105.67 95.79 91.77 79.99 75.0 65.94 33.22 15.0 11.09 5.07 2.88 3.42 0.09 0.0 0.0 -0.02 -4.48 -4.96 -9.99 -16.52 -15.43 44.38 70.0 67.06 70.0 93.15 84.55 109.09 102.03 95.61 88.4 90.59 97.85 119.84 130.08 112.54 94.61 72.84 70.65 78.04 124.7 110.55 77.39 85.66 105.03 102.7 117.33 119.78 128.45 131.67 114.52 102.15 97.28 87.79 85.61 86.76 96.03 103.98 114.49 110.0 94.11 84.18 79.35 80.81 85.12 91.65 89.95 78.04 114.21 135.0 168.37 188.29 158.97 139.26 118.02 108.11 101.81 97.25 96.75 98.78 104.17 126.07 124.33 117.96 99.9 96.42 91.16 86.88 83.87 85.11 78.7 86.2 80.88 125.81 108.49 132.5 126.76 121.83 107.67 101.27 97.0 87.55 88.71 90.47 92.04 106.74 114.45 111.45 98.69 86.49 80.91 81.27 73.03 78.27 75.56 76.97 84.07 102.43 111.9 132.18 130.39 126.34 111.55 101.2 97.44 92.38 88.5 88.0 96.2 117.02 140.55 121.58 103.09 97.5 92.78 92.36 86.67 87.75 88.55 93.11 105.12 113.47 136.76 143.06 124.09 123.37 107.33 100.49 100.41 93.0 94.36 89.93 88.0 88.8 86.18 82.93 71.76 59.08 46.56 39.43 22.34 19.52 29.05 45.0 62.48 72.62 84.62 85.59 105.67 95.79 91.77 79.99 75.0 65.94 33.22 15.0 11.09 5.07 2.88 3.42 0.09 0.0 0.0 -0.02 -4.48 -4.96 -9.99 -16.52 -15.43 44.38 70.0 67.06 70.0 93.15 84.55 109.09 102.03 95.61 88.4 90.59 97.85 119.84 130.08 112.54 94.61 72.84 70.65 78.04 124.7 110.55 77.39 85.66 105.03 102.7 117.33 119.78 128.45 131.67 114.52 102.15 97.28 87.79 85.61 86.76 96.03 103.98 114.49 110.0 94.11 84.18 79.35 80.81 85.12 91.65 89.95 78.04 114.21 135.0 168.37 188.29 158.97 139.26 118.02 108.11 101.81 97.25 96.75 98.78 104.17 126.07 124.33 117.96 99.9 96.42 91.16 86.88 83.87 85.11 78.7 86.2 80.88 125.81 108.49 132.5 126.76 121.83 107.67 101.27 97.0 87.55 88.71 90.47 92.04 106.74 114.45 111.45 98.69 86.49 80.91 81.27 73.03 78.27 75.56 76.97 84.07 102.43 111.9 132.18 130.39 126.34 111.55 101.2 97.44 92.38 88.5 88.0 96.2 117.02 140.55 121.58 103.09 97.5 92.78 92.36 86.67 87.75 88.55 93.11 105.12 113.47 136.76 143.06 124.09 123.37 107.33 100.49 100.41 93.0 94.36 89.93 88.0 88.8 86.18 82.93 71.76 59.08 46.56 39.43 22.34 19.52 29.05 45.0 62.48 72.62 84.62 85.59 105.67 95.79 91.77 79.99 75.0 65.94 33.22 15.0 11.09 5.07 2.88 3.42 0.09 0.0 0.0 -0.02 -4.48 -4.96 -9.99 -16.52 -15.43 44.38 70.0 67.06 70.0 93.15 84.55 109.09 102.03 95.61 88.4 90.59 97.85 119.84 130.08 112.54 94.61 72.84 70.65 78.04 124.7 110.55 77.39 85.66 105.03 102.7 117.33 119.78 128.45 131.67 114.52 102.15 97.28 87.79 85.61 86.76 96.03 103.98 114.49 110.0 94.11 84.18 79.35 80.81 85.12 91.65 89.95 78.04 114.21 135.0 168.37 188.29 158.97 139.26 118.02 108.11 101.81 97.25 96.75 98.78 104.17 126.07 124.33 117.96 99.9 96.42 91.16 86.88 83.87 85.11 78.7 86.2 80.88 125.81 108.49 132.5 126.76 121.83 107.67 101.27 97.0 87.55 88.71 90.47 92.04 106.74 114.45 111.45 98.69 86.49 80.91 81.27 73.03 78.27 75.56 76.97 84.07 102.43 111.9 132.18 130.39 126.34 111.55 101.2 97.44 92.38 88.5 88.0 96.2 117.02 140.55 121.58 103.09 97.5 92.78 92.36 86.67 87.75 88.55 93.11 105.12 113.47 136.76 143.06 124.09 123.37 107.33 100.49 100.41 93.0 94.36 89.93 88.0 88.8 86.18 82.93 71.76 59.08 46.56 39.43 22.34 19.52 29.05 45.0 62.48 72.62 84.62 85.59 105.67 95.79 91.77 79.99 75.0 65.94 33.22 15.0 11.09 5.07 2.88 3.42 0.09 0.0 0.0 -0.02 -4.48 -4.96 -9.99 -16.52 -15.43 44.38 70.0 67.06 70.0 93.15 84.55 109.09 102.03 95.61 88.4 90.59 97.85 119.84 130.08 112.54 94.61 72.84 70.65 78.04 124.7 110.55 77.39
