544 5
1 38 42 46 37
1 0 0 0 0 0 3 1 2 3 0 182 7.94
7 0 3 2 0 6 1 7 1 171 8.25
1 0 0 0 7 5 3 4 5 6 1 195 14.47
7 0 0 0 4 0 2 8 21 1 200 12.14
7 0 0 0 2 10 1 7 2 127 8.19
4 0 9 2 10 0 3 10 20 24 2 154 11.38
10 0 5 10 7 2 2 9 12 2 149 11.91
7 0 0 0 8 0 2 15 16 9 197 11.98
9 0 10 0 0 4 1 28 8 193 12.42
8 1 0 0 0 0 3 11 16 17 12 130 14.55
9 0 7 0 0 0 3 14 19 21 6 146 12.25
1 0 0 10 8 0 1 13 20 197 8.93
3 0 10 0 0 10 1 25 12 121 9.62
3 0 0 10 0 5 2 22 30 21 174 9.83
10 0 4 0 0 5 1 25 15 182 13.74
6 1 0 0 0 0 1 18 16 151 9.68
7 0 8 9 0 10 1 29 20 209 11.45
8 0 9 5 0 0 3 23 26 27 20 187 8.04
7 1 0 0 0 0 1 23 22 141 14.48
9 1 0 0 0 0 1 26 15 161 14.31
9 0 0 2 0 0 2 21 30 6 199 9.08
10 1 0 0 0 0 1 28 15 198 8.2
2 0 7 0 7 0 1 25 24 215 9.55
1 0 0 0 8 0 1 29 29 144 10.92
4 1 0 0 0 0 1 27 6 180 11.8
1 0 9 0 0 9 1 29 26 197 7.89
3 0 6 7 0 0 1 30 28 160 8.54
1 0 3 10 5 0 1 28 28 198 12.47
4 0 7 0 7 6 1 31 29 178 7.63
7 0 7 6 2 0 1 31 30 191 10.71
4 0 0 4 3 0 1 31 31 214 10.94
1 0 0 0 0 0 0 37 198 14.05
1 0 0 0 0 0 3 33 34 35 0 139 9.1
7 0 1 0 0 0 3 41 44 55 1 189 10.98
4 0 7 0 0 0 3 38 39 46 1 106 14.49
7 0 10 0 0 0 3 36 39 61 1 171 10.22
3 0 0 0 3 0 3 37 42 44 8 144 9.48
4 0 0 0 7 0 3 38 40 46 11 142 8.8
3 0 0 0 8 0 3 41 47 55 15 115 12.68
9 0 0 0 0 8 3 48 52 53 8 163 9.13
2 0 0 0 0 7 3 47 51 57 15 114 12.61
8 0 3 0 0 0 3 43 45 49 18 143 10.9
10 0 0 0 4 0 2 60 62 11 209 13.17
2 1 0 0 0 0 3 48 50 51 26 135 11.06
9 0 0 0 0 1 3 45 46 47 11 162 9.33
6 1 0 0 0 0 3 50 51 53 26 222 8.57
1 0 0 0 0 2 3 49 53 56 20 213 11.55
6 0 0 0 6 0 2 49 50 20 168 11.69
5 0 0 0 0 1 2 54 57 28 188 14.74
7 0 0 0 0 5 2 59 62 26 217 13.37
10 1 0 0 0 0 2 52 56 32 148 14.59
2 0 8 0 0 0 3 52 54 58 32 167 9.0
9 0 0 0 0 10 1 59 42 202 11.81
8 1 0 0 0 0 2 54 57 32 135 10.52
2 1 0 0 0 0 1 60 40 153 9.28
3 0 0 0 0 7 1 56 18 174 9.67
1 1 0 0 0 0 1 58 42 220 10.13
6 0 3 0 0 0 1 58 40 215 9.98
6 0 0 7 0 0 2 59 62 46 214 11.78
4 0 0 0 0 7 1 60 52 202 10.28
8 0 0 5 0 0 1 63 56 176 8.43
4 0 9 0 0 0 1 63 8 174 11.17
2 0 0 0 9 0 1 63 52 217 8.08
1 0 0 0 0 0 0 64 211 12.49
1 0 0 0 0 0 3 65 66 67 0 130 9.44
4 0 4 0 0 0 3 69 74 76 1 192 11.72
7 0 8 0 0 0 3 68 70 79 1 143 14.84
8 0 10 0 0 0 3 68 72 76 1 175 13.43
5 0 0 0 0 8 3 75 77 84 9 182 12.62
7 0 0 0 6 0 3 73 80 89 5 118 8.67
5 0 0 0 0 1 3 71 76 86 8 134 9.76
1 0 0 5 0 0 3 75 78 93 13 189 11.88
1 0 0 0 0 1 3 77 79 82 9 112 14.66
4 0 0 0 2 0 3 77 79 87 12 167 8.33
10 0 2 0 0 0 3 75 89 90 5 172 11.46
2 0 0 0 10 0 2 80 83 15 173 9.72
8 0 3 0 0 0 3 78 80 87 13 132 12.93
7 1 0 0 0 0 3 78 81 88 16 168 13.16
1 0 0 10 0 0 2 85 92 23 194 12.86
5 0 0 0 1 0 3 86 88 92 16 199 8.34
2 0 0 0 6 0 1 85 21 145 8.39
3 0 0 0 7 0 1 83 23 159 13.79
1 0 3 0 0 0 3 84 88 89 10 136 13.47
1 0 0 0 5 0 1 92 26 214 13.55
7 1 0 0 0 0 3 85 86 87 14 212 8.87
4 0 10 0 0 0 1 94 24 140 11.49
7 0 7 0 0 0 2 91 94 21 142 13.91
8 0 8 0 0 0 2 90 91 21 148 11.24
7 1 0 0 0 0 2 90 93 23 146 9.25
4 1 0 0 0 0 1 91 15 153 13.39
7 0 6 0 0 0 1 94 30 136 9.8
4 0 0 8 0 0 1 93 29 138 12.06
5 0 0 5 0 0 1 95 27 138 9.35
7 0 2 0 0 0 1 95 33 160 13.44
7 0 0 0 6 0 1 95 37 138 10.39
1 0 0 0 0 0 0 44 159 10.72
1 0 0 0 0 0 3 97 98 99 0 177 11.82
10 0 0 0 2 2 3 102 103 110 1 166 8.6
3 0 5 7 10 7 2 104 111 1 123 7.72
9 0 6 7 4 0 3 100 101 121 1 191 14.39
2 0 3 5 0 1 1 102 10 179 13.33
10 0 2 0 5 4 1 115 10 133 11.71
4 0 6 8 1 9 3 105 106 109 12 156 7.61
6 0 1 1 5 1 3 108 115 119 11 183 10.44
3 0 10 0 7 8 3 109 116 117 4 145 12.46
8 0 7 4 0 9 3 111 114 120 16 132 14.81
6 0 0 8 5 0 2 107 112 16 189 9.26
6 1 0 0 0 0 3 108 113 119 22 167 12.94
2 0 8 3 9 6 2 124 126 28 139 9.27
8 0 9 4 1 2 2 118 120 16 167 11.41
3 1 0 0 0 0 1 125 11 147 13.31
9 1 0 0 0 0 1 112 24 192 13.22
6 1 0 0 0 0 3 113 117 118 33 226 14.32
1 0 6 0 0 9 3 115 122 124 39 207 8.07
2 1 0 0 0 0 3 118 123 125 24 191 7.9
2 0 3 2 0 0 1 116 40 230 14.82
6 0 7 9 6 3 1 126 42 149 9.66
2 0 4 7 0 7 2 122 123 39 178 14.73
7 0 3 2 7 10 1 119 39 188 7.62
7 0 1 0 6 0 1 122 46 238 12.8
4 1 0 0 0 0 1 123 24 159 14.64
5 0 5 3 6 0 1 125 10 136 10.53
2 0 2 4 5 2 1 126 53 151 8.26
4 0 5 10 6 1 1 124 41 218 9.76
3 0 1 0 4 0 1 127 45 147 13.8
2 0 0 8 6 10 1 127 26 163 7.95
5 0 4 9 9 0 1 127 55 226 12.87
1 0 0 0 0 0 0 60 244 11.55
1 0 0 0 0 0 3 129 130 131 0 107 13.09
6 0 8 4 7 7 3 132 150 154 1 141 14.51
1 0 5 1 5 1 3 134 139 143 1 135 11.13
8 0 1 4 1 3 2 135 136 1 165 7.62
8 0 6 2 1 9 2 133 137 7 122 12.48
9 0 1 2 8 6 3 134 140 152 15 205 8.11
8 1 0 0 0 0 1 147 24 184 8.89
6 1 0 0 0 0 1 141 9 169 8.89
5 1 0 0 0 0 3 138 149 150 9 148 11.69
1 0 9 5 3 1 3 142 145 156 15 164 10.13
8 0 1 10 4 6 1 158 14 202 9.47
4 0 2 3 7 10 1 146 2 184 14.65
3 1 0 0 0 0 1 158 24 143 10.25
1 1 0 0 0 0 2 144 153 15 152 11.02
3 0 5 2 6 6 2 147 148 16 183 11.31
1 0 3 10 10 8 1 148 2 195 14.63
6 0 10 8 4 8 1 155 16 185 13.68
1 0 2 1 4 5 1 151 16 203 13.47
7 0 3 9 4 7 1 152 6 113 13.78
10 0 8 4 3 5 1 153 32 223 12.45
4 0 10 1 7 7 1 152 19 164 11.31
2 1 0 0 0 0 2 154 156 14 129 14.41
10 0 3 2 8 9 1 158 14 129 12.37
2 0 3 1 3 7 1 155 17 139 10.05
6 0 9 2 2 9 1 153 24 184 12.57
2 0 10 1 10 1 1 155 42 192 13.9
3 0 4 9 4 1 1 157 16 147 9.99
7 0 8 4 10 1 1 157 44 152 11.89
2 0 8 10 7 3 1 159 16 168 10.34
2 0 9 7 8 1 1 159 51 235 12.08
1 0 9 3 6 6 1 159 27 216 13.61
1 0 0 0 0 0 0 53 239 7.79
1 0 0 0 0 0 3 161 162 163 0 182 14.61
3 0 0 0 1 0 3 165 167 184 1 123 8.96
8 0 8 0 0 0 1 190 1 119 10.9
6 0 0 0 0 9 3 164 168 172 1 177 8.37
5 0 0 6 0 0 3 165 166 182 7 176 9.31
4 0 0 0 0 9 3 175 176 181 12 162 13.44
1 0 3 0 0 0 3 170 175 187 12 115 8.75
6 0 0 0 0 7 3 168 174 180 4 188 10.48
10 0 0 5 0 0 2 169 183 10 201 14.83
2 1 0 0 0 0 3 176 178 181 20 174 14.0
5 0 0 0 5 0 1 171 13 200 11.57
3 0 6 0 0 0 2 178 186 18 209 9.76
8 0 4 0 0 0 3 173 179 185 7 126 11.45
7 1 0 0 0 0 2 176 188 15 152 11.02
1 0 5 0 0 0 1 188 10 167 10.2
3 1 0 0 0 0 2 177 185 16 195 9.29
2 1 0 0 0 0 3 177 186 190 22 139 8.77
8 0 0 3 0 0 1 189 24 206 13.84
4 0 0 9 0 0 1 189 22 129 14.07
8 1 0 0 0 0 1 180 15 144 10.75
2 0 0 10 0 0 2 181 183 23 137 13.17
3 1 0 0 0 0 1 190 25 173 9.24
10 0 0 0 0 1 2 183 184 12 155 9.53
7 0 0 0 1 0 1 187 25 180 11.27
8 0 0 0 0 7 2 185 187 22 203 10.94
2 0 0 0 0 4 1 186 30 212 10.31
10 0 0 3 0 0 1 189 32 215 9.96
5 0 0 0 9 0 1 188 32 215 10.51
1 0 9 0 0 0 1 191 37 179 8.02
1 0 0 0 3 0 1 191 42 170 10.68
9 0 0 0 2 0 1 191 28 159 13.4
1 0 0 0 0 0 0 43 220 7.93
1 0 0 0 0 0 3 193 194 195 0 193 11.17
9 0 5 5 0 9 3 198 200 206 1 204 11.03
8 0 1 8 0 0 3 197 208 220 1 184 8.14
3 0 3 8 0 0 3 196 199 203 1 199 11.49
1 0 0 0 1 7 1 205 4 134 11.18
1 0 3 0 3 0 2 204 210 9 143 12.06
10 0 7 8 0 3 2 205 221 10 202 10.54
7 0 0 0 7 5 3 201 202 217 4 119 7.86
4 0 9 8 0 9 3 212 216 217 10 163 11.93
5 0 7 0 0 7 2 204 213 11 166 8.15
4 0 1 0 0 0 2 210 220 11 133 9.02
7 0 10 0 0 3 1 207 4 118 7.49
6 1 0 0 0 0 2 218 219 16 126 14.42
1 0 1 7 10 0 1 214 20 156 10.83
6 0 0 0 0 6 3 209 210 216 10 134 8.05
2 0 0 5 0 5 3 211 217 218 11 114 10.27
4 0 8 0 0 3 2 213 221 9 182 9.57
9 1 0 0 0 0 2 212 214 16 175 10.62
5 1 0 0 0 0 2 213 218 16 162 14.43
5 0 0 0 1 8 3 212 214 216 13 135 8.62
5 0 0 0 9 5 1 215 25 147 14.75
9 0 3 0 8 0 1 222 21 172 11.64
7 0 3 1 0 0 1 215 25 129 10.61
3 0 0 0 7 5 1 220 32 161 14.46
9 0 2 0 0 0 2 219 222 18 207 8.38
6 0 0 0 6 0 1 219 14 123 14.56
3 1 0 0 0 0 1 222 22 142 13.5
2 0 1 0 9 3 1 221 27 128 12.21
1 0 10 0 1 2 1 223 35 209 11.85
7 0 8 0 0 0 1 223 29 150 11.56
9 0 5 0 6 0 1 223 30 152 10.28
1 0 0 0 0 0 0 39 229 14.07
1 0 0 0 0 0 3 225 226 227 0 136 9.78
10 0 4 0 0 7 2 229 245 1 144 12.44
10 0 10 0 0 0 1 228 1 121 7.74
4 0 5 0 0 0 2 230 243 1 189 14.27
9 0 9 5 0 0 3 231 234 243 11 155 9.9
5 0 4 4 7 9 3 237 238 240 11 170 8.76
7 0 9 3 0 5 2 233 238 5 191 12.66
2 1 0 0 0 0 2 232 254 20 169 10.88
7 1 0 0 0 0 1 241 22 170 7.93
2 0 9 10 0 7 2 234 236 12 202 10.94
3 1 0 0 0 0 1 235 20 150 7.6
7 0 7 9 10 3 1 252 23 145 8.55
5 1 0 0 0 0 2 247 251 14 152 13.67
2 1 0 0 0 0 2 239 241 16 139 11.88
7 0 0 0 10 7 2 249 250 16 162 14.86
9 0 0 10 0 0 1 244 18 131 12.41
3 0 0 0 4 1 2 242 248 16 138 12.48
7 0 4 4 0 7 1 242 29 155 11.74
5 0 9 5 0 0 1 246 36 152 10.01
3 0 0 7 10 0 1 245 20 149 14.49
6 0 4 1 0 0 1 254 27 143 12.27
6 0 0 4 0 4 1 251 23 213 8.12
4 0 10 0 7 4 1 252 41 179 9.96
6 0 7 0 8 0 2 252 253 19 166 12.29
7 0 4 0 3 0 1 250 19 202 14.49
10 1 0 0 0 0 1 251 23 153 10.92
9 0 3 0 5 0 2 253 254 26 205 14.59
5 0 0 0 6 7 1 253 33 202 10.99
10 0 0 0 0 2 1 255 45 179 14.17
5 0 0 0 5 4 1 255 38 192 11.17
3 0 8 0 0 0 1 255 35 210 7.47
1 0 0 0 0 0 0 55 213 8.98
1 0 0 0 0 0 3 257 258 259 0 121 14.24
3 0 0 0 0 1 3 261 263 269 1 152 12.12
4 0 3 2 10 0 3 260 265 267 1 119 10.93
7 0 2 0 6 2 3 272 273 279 1 129 10.94
1 0 0 0 5 3 3 269 270 271 5 110 12.48
1 0 0 6 0 10 3 262 265 274 4 126 12.78
2 0 0 9 0 8 3 264 266 268 5 158 7.63
2 0 0 3 3 0 3 267 270 281 4 133 9.43
10 0 0 3 3 0 3 270 273 277 7 148 12.09
5 0 0 0 8 0 3 271 273 284 5 152 11.95
10 0 0 0 0 5 3 277 279 285 7 167 14.73
3 0 2 7 9 0 3 268 272 280 6 117 14.06
6 0 0 0 9 0 2 271 283 9 117 14.01
10 0 4 1 6 0 3 272 275 279 6 155 12.46
8 0 0 6 4 9 2 275 286 17 185 11.09
1 1 0 0 0 0 2 278 282 15 201 14.55
10 0 0 9 0 0 2 276 285 16 173 13.37
9 0 1 0 1 10 2 278 281 17 176 13.41
8 0 0 0 4 0 3 275 276 285 5 165 14.88
9 0 2 0 4 5 1 280 25 154 9.98
4 1 0 0 0 0 1 277 26 217 10.8
7 1 0 0 0 0 3 278 282 283 30 188 14.08
2 0 5 0 0 0 1 286 37 161 12.37
1 0 5 9 8 0 3 280 281 283 17 137 14.36
6 0 5 0 9 0 1 284 34 141 13.03
6 1 0 0 0 0 1 282 26 156 12.4
7 0 8 0 0 5 1 286 37 228 9.82
6 0 0 5 0 0 1 284 37 179 8.98
6 0 3 6 0 9 1 287 43 189 14.66
3 1 0 0 0 0 1 287 26 200 14.84
7 0 0 0 9 0 1 287 44 202 10.75
1 0 0 0 0 0 0 51 161 13.27
1 0 0 0 0 0 3 289 290 291 0 100 9.33
9 0 2 0 0 0 3 293 305 308 1 139 9.93
3 0 0 0 2 0 2 292 293 1 147 9.7
2 0 0 0 0 4 1 312 1 113 9.31
4 0 10 0 0 0 3 294 296 301 4 166 8.51
10 0 0 0 1 0 1 309 10 154 10.59
2 0 0 0 4 0 3 295 297 298 8 111 9.8
7 0 0 9 0 0 3 303 317 318 10 203 11.91
6 0 0 0 4 0 2 298 318 8 182 7.62
9 0 8 0 0 0 2 299 315 10 197 14.56
2 0 8 0 0 0 2 300 310 14 186 9.24
5 0 3 0 0 0 1 314 19 148 14.39
6 1 0 0 0 0 3 303 304 305 16 175 13.68
5 0 0 0 3 0 2 302 306 8 189 11.75
9 0 0 0 6 0 3 303 307 308 13 147 11.39
9 1 0 0 0 0 1 316 22 146 9.46
8 1 0 0 0 0 2 306 308 22 219 10.61
5 1 0 0 0 0 2 306 312 22 166 13.02
3 0 0 9 0 0 1 315 30 208 12.21
2 1 0 0 0 0 3 309 311 312 22 198 11.75
2 0 0 1 0 0 1 313 30 213 12.59
9 0 0 0 0 8 1 310 24 143 10.93
8 0 0 0 0 4 1 314 33 219 14.34
3 1 0 0 0 0 2 313 318 24 163 7.86
6 0 0 0 0 9 1 313 27 155 12.35
5 0 0 6 0 0 2 314 315 33 188 11.51
8 0 0 4 0 0 2 316 317 41 205 11.84
8 0 0 0 0 5 2 316 317 38 202 11.24
4 0 0 0 0 1 1 319 49 177 10.16
3 0 0 0 0 2 1 319 49 230 13.33
3 0 0 0 2 0 1 319 27 143 10.72
1 0 0 0 0 0 0 53 205 8.83
1 0 0 0 0 0 3 321 322 323 0 150 12.62
4 0 3 3 5 9 3 324 344 345 1 114 8.1
2 0 3 6 5 2 3 328 336 338 1 133 10.48
6 0 1 1 10 6 3 325 326 327 1 108 13.86
1 0 2 4 1 2 3 330 335 340 5 114 12.57
3 0 8 6 1 2 3 329 331 344 7 205 9.39
2 0 6 2 1 8 3 331 333 341 7 153 12.6
7 0 6 5 3 1 3 330 339 344 7 159 14.2
6 0 8 8 10 2 1 343 3 166 10.93
3 0 10 8 4 9 2 335 338 10 139 14.8
2 0 4 1 9 7 3 333 334 346 14 199 11.34
7 0 10 8 1 10 2 332 349 10 127 12.72
5 1 0 0 0 0 2 335 343 17 125 12.9
9 0 1 1 3 3 1 347 16 203 8.43
10 0 2 8 9 8 1 336 16 191 12.42
2 0 6 5 1 8 2 346 348 22 162 14.15
5 1 0 0 0 0 3 337 348 350 26 192 9.92
3 0 9 4 3 3 1 342 31 159 11.84
5 0 5 3 7 5 2 339 345 13 186 14.27
4 0 3 6 9 7 1 340 18 123 8.73
4 1 0 0 0 0 2 341 342 22 207 11.66
7 1 0 0 0 0 1 347 26 184 7.66
5 0 6 10 3 5 1 349 34 189 10.35
3 1 0 0 0 0 1 345 22 122 13.48
6 1 0 0 0 0 1 349 14 206 8.0
6 1 0 0 0 0 2 347 348 25 193 9.26
6 0 5 2 8 1 1 350 24 134 13.62
7 0 6 7 5 5 1 350 33 188 7.74
10 0 8 8 5 2 1 351 31 203 14.27
6 0 5 10 3 8 1 351 39 222 9.53
9 0 10 9 9 5 1 351 40 222 10.46
1 0 0 0 0 0 0 49 176 9.09
1 0 0 0 0 0 3 353 354 355 0 146 14.87
8 0 0 8 8 0 3 359 360 361 1 149 11.11
4 0 0 0 9 10 2 368 379 1 110 14.8
9 0 5 7 5 5 3 356 357 365 1 154 11.33
6 0 0 0 3 0 3 358 364 371 10 113 10.33
8 0 1 10 8 4 3 362 364 372 10 124 13.5
8 0 1 5 4 0 1 370 16 164 13.9
4 0 10 8 3 0 1 367 9 154 12.19
6 0 5 10 7 0 2 366 367 9 190 8.86
10 0 4 9 9 7 2 363 380 9 138 8.13
5 0 8 5 6 0 2 369 382 18 150 9.78
1 0 9 0 1 1 1 376 19 128 12.54
2 0 0 7 4 6 1 382 18 170 12.25
5 0 9 0 4 4 1 377 10 181 8.95
9 0 6 10 10 0 1 373 15 147 14.77
10 0 9 4 2 7 1 373 15 181 10.9
6 0 4 0 5 8 1 381 5 125 11.74
10 0 0 0 9 3 2 374 378 23 164 12.43
6 1 0 0 0 0 2 375 376 24 191 9.76
8 0 4 2 1 5 1 380 16 150 9.69
10 0 1 0 10 0 2 379 381 18 217 10.97
3 0 2 10 0 5 1 379 25 149 11.09
7 0 8 0 0 10 1 375 33 199 11.27
7 0 1 4 3 9 1 377 40 187 10.59
10 0 2 10 1 0 1 378 30 136 8.06
3 0 3 8 0 4 1 380 47 214 8.75
3 0 3 7 3 0 1 381 40 139 9.77
2 1 0 0 0 0 1 382 28 203 13.69
8 0 4 9 6 2 1 383 50 172 10.02
1 0 0 0 2 8 1 383 43 165 12.1
2 1 0 0 0 0 1 383 30 183 8.31
1 0 0 0 0 0 0 58 216 8.29
1 0 0 0 0 0 3 385 386 387 0 136 7.58
6 0 10 7 0 0 3 393 397 410 1 117 9.55
7 0 0 1 0 7 3 389 395 411 1 167 12.58
5 0 0 3 0 4 3 388 390 392 1 174 8.23
3 1 0 0 0 0 3 399 401 406 6 181 9.08
1 0 0 3 5 0 3 396 398 402 8 127 14.21
6 0 2 1 5 0 3 391 394 399 6 198 8.97
10 0 6 0 4 0 3 393 397 402 12 215 13.12
4 0 8 0 0 10 3 396 397 410 6 200 12.66
7 0 8 0 1 0 3 395 404 413 22 212 11.01
4 0 0 0 2 0 3 402 404 408 12 183 12.69
1 0 0 0 2 8 1 407 29 209 13.37
4 1 0 0 0 0 2 399 400 10 118 12.42
10 0 0 3 3 9 3 398 404 405 22 169 12.57
4 1 0 0 0 0 3 401 403 408 32 206 9.78
1 0 9 0 1 0 2 405 412 14 156 9.81
9 1 0 0 0 0 3 401 403 408 14 195 13.75
8 0 0 5 9 6 1 407 36 138 11.59
10 1 0 0 0 0 2 403 405 22 160 7.74
8 0 0 0 0 1 2 406 409 36 204 9.91
3 1 0 0 0 0 2 406 411 32 179 14.88
3 1 0 0 0 0 1 409 32 161 8.05
1 0 1 0 5 0 1 407 44 229 13.12
8 0 0 0 8 10 2 412 414 45 185 12.19
1 0 0 0 9 0 1 409 36 174 11.92
6 0 0 3 0 0 2 413 414 44 152 11.19
8 0 0 4 3 1 3 411 412 413 10 196 14.81
3 0 9 0 3 0 1 414 35 212 13.09
8 0 0 3 0 2 1 415 53 190 9.1
7 0 4 2 9 0 1 415 50 172 9.74
6 0 7 7 0 0 1 415 53 152 13.53
1 0 0 0 0 0 0 61 188 14.7
1 0 0 0 0 0 3 417 418 419 0 157 13.24
6 0 0 9 8 7 3 425 429 432 1 153 14.05
10 0 10 1 7 0 3 421 424 434 1 167 12.06
10 0 8 2 0 6 3 420 423 424 1 160 13.43
5 0 0 7 8 0 3 422 426 432 11 138 7.7
8 1 0 0 0 0 2 428 440 11 130 11.3
3 1 0 0 0 0 2 428 438 16 175 12.82
8 0 8 7 6 6 3 425 426 427 11 192 9.44
10 0 6 8 2 5 3 430 432 436 11 167 13.24
6 0 0 7 6 3 3 430 434 436 19 216 8.43
7 0 0 2 10 10 3 431 437 438 19 150 11.81
8 1 0 0 0 0 2 429 444 19 137 11.53
5 1 0 0 0 0 3 429 430 436 19 174 7.79
2 1 0 0 0 0 2 435 439 27 209 12.16
6 0 2 7 4 0 3 433 442 444 25 138 10.98
6 0 0 2 6 8 1 439 26 141 9.04
9 1 0 0 0 0 3 435 438 444 21 216 9.37
10 0 0 6 0 6 2 435 443 31 167 12.63
4 0 3 5 3 6 3 437 440 443 25 153 12.24
6 0 3 2 4 2 1 437 41 230 12.23
10 0 5 4 3 9 1 439 25 193 14.07
7 0 6 1 5 8 2 441 446 47 217 11.18
7 1 0 0 0 0 2 440 442 30 156 7.55
9 0 7 8 3 6 3 441 442 443 35 173 13.87
3 0 1 9 10 0 1 441 37 165 14.31
6 0 1 0 0 8 1 445 54 210 11.53
5 0 1 5 10 7 2 445 446 44 179 8.71
3 0 0 1 10 5 2 445 446 44 229 7.65
10 0 9 9 0 1 1 447 31 158 12.26
3 0 5 5 7 0 1 447 60 193 9.84
10 0 0 0 0 5 1 447 54 233 8.45
1 0 0 0 0 0 0 64 211 7.51
1 0 0 0 0 0 3 449 450 451 0 119 12.12
2 0 10 9 2 5 3 452 454 455 1 123 9.07
2 0 10 7 8 3 3 452 455 463 1 105 14.21
10 0 0 0 10 0 3 460 462 471 1 181 11.96
6 0 2 1 8 0 3 453 459 470 3 150 8.75
1 0 2 9 0 3 2 467 468 9 118 9.77
2 0 2 5 6 0 3 456 463 467 3 201 12.81
9 0 8 4 10 9 3 456 457 464 3 169 9.54
1 0 0 6 10 9 3 458 460 462 12 185 10.01
6 0 2 5 0 0 3 460 465 469 12 207 14.36
10 0 0 10 0 6 1 461 13 170 11.99
6 0 8 10 6 4 3 462 464 468 9 116 12.89
7 0 3 0 10 0 3 470 472 475 18 196 11.04
5 1 0 0 0 0 2 466 468 23 129 10.72
7 0 4 4 2 0 2 473 474 15 175 13.61
10 0 7 3 9 10 3 469 472 474 5 165 7.92
10 0 5 0 5 6 3 466 467 473 15 157 9.68
4 0 7 2 3 4 3 466 470 471 18 143 13.94
4 1 0 0 0 0 1 474 28 187 10.6
8 0 6 6 0 10 3 472 476 477 25 205 8.82
6 0 0 7 0 2 1 469 28 190 10.04
4 1 0 0 0 0 1 471 34 156 13.58
1 1 0 0 0 0 1 478 25 144 13.61
5 0 2 4 5 2 3 473 475 478 38 211 8.63
2 1 0 0 0 0 1 478 33 159 10.78
5 0 0 7 8 2 2 476 477 43 160 8.58
1 1 0 0 0 0 1 475 32 166 14.56
8 0 5 0 9 9 2 476 477 43 154 13.55
6 0 7 0 0 0 1 479 51 170 9.3
1 0 1 3 9 0 1 479 51 145 11.96
3 0 5 0 7 3 1 479 43 196 10.64
1 0 0 0 0 0 0 57 189 8.03
1 0 0 0 0 0 3 481 482 483 0 172 10.84
3 0 9 0 0 0 3 485 487 493 1 132 11.68
1 0 0 0 0 10 2 486 500 1 129 12.85
7 0 0 0 0 7 3 484 485 488 1 149 12.47
1 0 0 0 0 2 3 494 497 507 8 165 8.41
9 0 0 0 0 2 3 486 489 499 8 148 9.79
9 0 0 0 0 1 3 492 494 496 17 185 10.35
6 0 5 0 0 0 3 491 492 495 4 119 8.13
5 0 0 6 0 0 2 490 494 8 162 12.78
8 0 9 0 0 0 3 490 492 500 17 139 13.7
10 1 0 0 0 0 3 496 497 501 25 192 8.7
9 0 4 0 0 0 3 497 499 500 10 156 7.94
1 0 0 2 0 0 2 501 504 26 213 14.33
10 0 5 0 0 0 3 495 501 504 4 206 11.11
5 1 0 0 0 0 3 498 502 503 26 138 13.35
10 0 0 5 0 0 3 502 506 510 14 124 13.66
10 0 0 0 0 7 3 498 507 509 35 197 10.56
5 1 0 0 0 0 1 510 35 180 10.64
8 0 0 0 8 0 2 505 508 45 149 10.31
8 1 0 0 0 0 3 503 505 506 19 183 11.9
2 1 0 0 0 0 3 503 504 505 25 128 10.75
1 1 0 0 0 0 1 502 35 213 11.36
8 0 0 0 0 10 1 509 36 196 10.57
7 0 0 0 0 10 1 509 31 147 13.21
2 0 4 0 0 0 2 506 507 27 199 12.15
7 0 1 0 0 0 1 510 53 242 12.33
6 0 6 0 0 0 1 508 29 206 12.18
8 0 0 0 3 0 1 508 45 233 11.25
2 0 0 0 2 0 1 511 53 208 14.6
2 0 0 6 0 0 1 511 45 170 14.37
4 0 0 0 0 2 1 511 60 196 12.6
1 0 0 0 0 0 0 64 192 10.7
1 0 0 0 0 0 3 513 514 515 0 182 12.27
5 0 6 3 5 5 3 532 537 538 1 198 12.19
9 0 9 10 10 9 3 516 520 521 1 128 10.18
9 0 8 10 2 9 3 517 523 524 1 171 13.67
1 0 6 4 1 4 3 518 519 522 10 122 14.64
6 0 4 2 5 10 3 526 529 530 10 162 14.11
7 0 10 3 1 5 1 528 11 118 12.89
8 0 6 1 10 3 3 523 524 525 11 200 14.53
9 0 6 8 1 6 1 541 10 193 14.47
5 0 9 2 9 3 3 534 535 539 10 138 14.3
10 0 3 8 4 10 2 533 540 11 205 9.25
2 0 4 5 1 2 1 532 19 156 9.04
3 0 7 1 3 6 2 526 527 19 195 9.51
9 0 10 8 3 4 3 528 531 536 19 185 12.72
6 0 10 2 6 2 1 534 22 211 12.4
2 1 0 0 0 0 2 529 532 22 155 12.39
3 1 0 0 0 0 1 534 28 154 10.65
9 1 0 0 0 0 3 535 538 541 24 181 14.27
8 0 6 10 5 5 2 531 539 16 162 7.68
7 1 0 0 0 0 1 533 28 166 7.66
9 1 0 0 0 0 2 535 540 24 164 12.8
7 0 1 10 7 5 2 537 541 35 200 13.99
1 1 0 0 0 0 1 542 31 152 11.0
10 0 3 10 2 5 1 542 33 162 14.24
9 0 1 1 1 6 2 537 538 28 175 13.53
7 0 4 6 2 6 1 542 42 186 11.23
9 0 8 10 10 9 1 539 37 215 7.56
4 0 10 10 8 2 1 540 46 211 9.72
4 0 2 3 1 3 1 543 50 220 12.7
10 0 6 9 2 1 1 543 42 198 11.64
9 0 10 2 1 2 1 543 49 230 14.79
1 0 0 0 0 0 0 58 222 13.34
84.42 86.67 85.85 84.8 86.32 98.33 123.46 149.8 125.0 101.94 85.83 76.73 65.92 61.47 70.56 79.89 101.44 132.42 210.51 413.66 308.52 150.28 119.37 108.69 108.12 109.21 106.31 104.25 104.21 107.35 182.39 294.59 193.65 125.7 102.57 96.01 84.74 84.27 87.45 94.85 105.81 131.17 192.68 386.4 210.0 130.02 112.62 105.9 104.86 103.61 100.57 101.42 100.87 110.31 133.35 216.33 165.29 122.31 113.97 114.82 103.58 96.03 86.56 95.58 110.26 126.54 170.59 276.46 172.73 117.57 98.94 84.59 85.95 83.19 75.65 67.14 66.2 71.23 105.95 123.07 121.14 104.81 76.01 38.73 51.48 49.23 57.64 54.03 46.92 89.09 126.33 188.92 151.12 116.25 92.43 81.94 48.33 42.49 35.11 33.23 41.42 73.44 114.49 123.43 109.04 92.68 58.95 49.64 47.43 46.93 59.75 76.99 92.55 97.99 130.14 200.52 165.0 119.39 104.84 98.65 94.3 79.39 72.93 73.75 79.32 82.83 86.36 78.23 72.18 54.48 14.27 2.37 0.0 0.01 0.01 0.02 41.22 101.57 123.7 142.34 127.6 113.87 100.62 88.1 85.5 77.16 79.68 84.97 92.72 99.3 99.25 103.59 107.52 87.7 61.58 17.66 6.57 0.0 -0.01 0.0 19.63 95.86 126.39 153.29 126.73 96.36 88.69 59.17 45.18 38.07 18.19 16.89 17.23 77.52 251.79 162.58 143.47 88.21 22.55 18.6 25.0 33.72 29.71 62.02 84.92 100.0 140.0 105.0 120.61 98.72 69.71 9.48 33.47 58.49 63.4 77.12 73.94 62.83 131.6 195.0 145.3 119.72 80.87 52.97 66.91 59.72 71.3 87.25 138.17 238.48 146.08 149.05 111.0 98.67 103.88 66.86 70.8 63.52 50.97 47.81 57.66 70.46 112.71 124.24 112.69 94.26 69.34 43.5 12.04 8.56 11.66 45.8 83.64 109.11 114.0 170.32 136.63 110.0 100.0 78.66 57.64 49.63 38.85 38.75 49.22 75.94 115.0 117.81 112.9 91.36 66.01 5.94 0.2 0.0 0.0 0.53 51.54 120.86 144.94 212.26 147.12 110.0 102.07 88.2 74.09 72.22 70.58 70.29 70.38 86.1 118.42 141.48 117.45 92.51 53.21 13.12 0.99 0.0 0.0 11.97 76.93 118.68 255.21 409.24 167.05 110.91 95.47 80.03 90.15 80.58 77.19 77.04 77.0 82.66 91.11 89.67 77.66 24.91 0.98 -0.89 -7.45 -10.25 -4.7 0.1 28.84 96.69 118.22 126.99 95.47 79.14 75.12 49.18 3.45 1.14 2.64 0.62 1.29 0.58 4.41 5.23 3.15 0.4 -0.25 -6.87 -10.36 -10.73 -2.58 -0.07 9.47 88.87 110.72 118.6 117.58 103.57 97.59 90.59 84.95 81.26 77.32 76.98 77.79 91.71 119.98 129.86 128.51 106.34 88.11 69.61 70.41 65.06 70.42 76.05 88.42 122.95 143.06 216.38 144.51 114.24 100.24 92.77 86.64 86.71 86.15 86.08 88.7 101.47 126.62 172.36 159.13 119.37 89.84 88.92 80.86 77.82 77.56 88.6 102.65 127.01 157.33 216.73 125.53 101.58 96.92 91.98 75.64 70.05 69.46 70.17 58.67 71.28 110.41 130.2 119.5 92.86 62.28 41.17 27.1 28.68 28.21 65.69 76.26 91.19 113.08 119.62 108.42 88.11 81.54 63.78 73.22 70.16 67.15 66.86 70.34 79.6 110.1 120.11 124.72 99.11 85.73 136.26 114.15 65.81 50.98 78.75 84.24 106.5 116.52 136.61 123.61 101.82 89.58 81.09 78.48 75.08 73.18 73.2 75.12 82.3 105.52 119.97 124.63 114.16 105.0 99.9 98.86 83.35 83.78 82.88 99.34 110.88 124.17 132.96 119.61 106.21 96.9 89.9 85.01 83.76 83.3 83.19 86.07 90.0 90.5 104.69 109.63 97.26 89.58 79.73 64.26 36.66 49.45 79.79 95.03 112.74 133.07 147.26 120.0 109.15 104.98 94.47 98.57 96.34 94.41 91.61 95.03 97.06 99.7 105.16 98.24 92.93 83.52 37.73 17.11 8.53 13.0 63.03 83.45 99.01 125.43 127.81 118.45 107.4 97.34 96.71 92.44 90.35 89.52 89.69 89.81 100.0 130.03 212.21 164.86 120.68 91.09 86.24 80.0 78.5 85.11 89.16 102.3 134.81 274.59 402.21 165.12 121.13 101.83 89.41 101.42 98.15 97.22 96.68 99.78 101.37 137.47 244.0 209.23 136.34 116.64 98.43 89.56 88.06 89.94 98.77 114.54 156.02 250.86 356.15 138.73 104.71 95.0 91.39 85.56 82.32 78.54 90.17 89.01 97.37 127.3 175.46 138.74 105.23 86.5 75.97 71.47 74.29 78.48 87.45 98.01 135.0 249.52 339.75 150.72 113.11 98.93 90.99 91.44 88.59 87.5 90.3 92.28 96.83 130.8 179.79 137.16 100.04 91.26 79.97 68.09 63.52 74.36 83.69 90.02 124.84 173.05 188.22 126.3 101.78 99.9 88.26 86.63 77.25 74.57 74.96 77.73 89.46 118.58 130.22 111.44 90.17 64.99 43.12 28.56 20.18 31.7 59.82 82.79 110.97 146.1 140.78 107.36 78.64 62.33 36.3 52.99 40.71 44.13 21.12 24.5 4.81 28.02 46.89 51.67 36.88 19.0 2.03 0.72 3.81 18.98 40.01 46.27 40.39 37.87 72.34 49.47 17.08 35.7 3.26 -0.79 1.27 -1.09 -1.17 -1.06 -0.99 -1.72 -0.31 15.04 16.23 16.02 10.44 15.94 6.66 1.62 6.57 8.03 64.94 100.81 185.0 136.63 65.0 65.0 65.0 53.01 86.57 63.27 42.37 20.73 25.66 105.0 120.0 110.01 120.0 101.53 90.62 89.43 83.92 93.3 92.2 94.16 110.0 127.96 158.37 126.94 120.19 119.33 105.89 100.68 94.18 90.38 90.07 93.83 97.29 134.49 228.56 284.54 208.59 152.29 131.35 112.92 108.5 107.75 115.64 124.61 152.46 204.46 217.86 146.41 123.24 107.42 97.48 93.45 88.44 87.56 87.2 90.27 98.29 116.8 154.23 165.96 134.62 117.18 104.18 91.34 90.11 91.41 100.62 118.7 148.89 179.14 198.98 140.0 112.81 108.86 98.07 97.38 92.95 93.66 91.76 94.02 102.79 126.61 144.82 149.94 133.23 110.81 98.32 94.14 89.59 88.91 97.61 99.46 109.39 116.52 114.63 106.55 96.17 88.08 77.77 86.49 84.36 79.52 78.04 78.04 78.01 93.58 111.82 121.99 107.93 93.33 82.88 77.77 77.75 80.96 91.5 96.87 111.41 107.47 109.56 105.76 97.8 93.51 91.53 92.96 88.84 87.79 84.61 82.75 85.05 90.27 96.75 100.46 94.54 84.96 74.92 59.14 45.84 49.82 77.57 87.3 116.24 125.9 130.5 120.98 113.33 107.49 95.15 96.33 93.02 89.62 86.28 87.45 88.01 88.89 89.54 88.81 84.69 80.78 76.54 52.46 52.59 65.38 84.17 92.42 105.35 102.41 108.53 108.56 108.8 108.75 93.97 94.62 91.27 92.03 91.57 96.57 100.54 122.73 204.07 195.24 148.74 127.45 113.19 95.92 91.31 94.34 104.46 111.58 165.0 287.83 287.51 167.91 124.82 122.0 111.66 109.86 103.77 100.41 100.32 101.8 107.57 128.3 169.18 197.16 159.02 134.08 121.54 109.67 106.57 113.28 130.91 157.9 221.54 391.95 400.62 217.31 150.0 126.38 114.46 117.0 113.79 109.43 105.67 108.85 115.33 155.0 282.83 275.88 180.05 141.56 128.26 121.83 115.58 119.14 126.81 141.78 155.09 201.75 205.73 136.19 110.61 90.04 70.91 87.81 86.49 90.82 88.61 91.01 89.36 107.52 115.79 132.85 120.2 93.13 88.46 84.0 82.62 85.14 86.88 105.01 121.62 134.02 139.96 123.61 107.79 103.02 93.95 89.51 82.6 84.41 82.75 88.54 97.49 116.38 137.75 146.31 129.02 118.2 99.84 89.74 89.4 92.13 99.68 113.94 129.65 139.1 140.0 120.66 106.09 99.82 92.82 77.35 75.11 78.62 79.9 82.95 80.55 87.76 104.61 112.37 106.97 96.1 84.02 76.34 71.35 76.08 86.26 93.82 117.8 126.58 117.8 107.59 95.43 97.57 94.57 92.63 84.81 78.82 79.33
