544 5
1 57 48 47 47
1 0 0 0 0 0 3 1 2 3 0 160 14.51
2 0 2 5 8 7 3 5 15 16 1 119 18.4
8 0 4 8 1 6 3 4 11 22 1 130 16.35
1 0 9 9 5 9 3 10 12 21 1 143 15.34
10 0 1 2 5 6 3 6 7 8 9 136 13.63
10 0 7 10 1 7 1 24 3 147 18.7
1 1 0 0 0 0 3 13 26 28 19 119 12.97
4 0 7 10 3 4 1 9 19 158 10.46
3 1 0 0 0 0 1 14 19 145 17.56
8 1 0 0 0 0 2 17 20 23 147 16.0
6 0 3 8 6 6 1 15 2 116 10.56
8 0 5 3 6 9 2 16 17 9 148 11.61
6 0 10 6 1 8 1 28 2 133 18.69
7 1 0 0 0 0 3 14 19 21 20 140 18.25
5 0 9 10 1 9 1 16 27 144 15.31
4 0 5 1 4 9 1 18 8 166 11.9
7 0 3 9 8 3 1 23 32 148 13.51
7 0 10 5 5 7 1 26 31 158 13.52
8 0 8 8 6 10 1 25 12 122 9.89
1 1 0 0 0 0 1 20 27 177 16.6
10 0 6 9 2 6 1 29 31 167 9.49
3 1 0 0 0 0 1 23 27 167 14.77
2 0 1 2 7 1 1 24 9 146 13.08
3 0 9 9 2 2 1 24 39 200 11.71
8 0 3 1 4 10 1 30 42 201 13.79
4 0 5 7 9 7 2 28 30 20 110 10.58
4 0 3 10 2 5 1 27 38 137 10.56
1 0 4 1 2 4 1 29 42 205 18.68
8 1 0 0 0 0 1 31 24 159 17.76
2 0 1 4 8 3 1 31 43 143 16.07
2 0 8 8 6 6 1 31 50 172 12.95
1 0 0 0 0 0 0 52 136 18.5
1 0 0 0 0 0 3 33 34 35 0 133 17.54
6 0 0 0 2 0 3 39 42 51 1 143 14.22
1 0 2 7 0 7 3 37 38 45 1 140 17.12
5 0 0 7 0 0 3 36 40 52 1 139 11.33
6 0 9 0 3 10 3 41 46 59 6 147 10.01
10 0 6 0 0 0 3 42 43 44 2 151 13.63
10 0 8 0 0 5 2 39 50 2 179 10.88
4 0 0 1 0 4 3 41 47 48 12 169 10.56
9 0 9 2 0 0 3 41 45 53 6 158 15.52
2 0 0 0 0 9 3 44 49 62 16 143 16.51
4 0 10 5 0 2 3 49 52 56 12 169 14.62
6 0 1 10 0 0 3 51 54 56 12 179 16.23
7 0 3 0 5 9 1 55 18 185 18.23
9 0 10 4 0 0 3 50 56 57 15 128 16.69
9 0 10 0 8 3 3 47 48 50 12 180 11.51
6 1 0 0 0 0 2 53 58 21 114 16.33
5 1 0 0 0 0 2 49 54 21 192 13.22
2 1 0 0 0 0 1 57 26 145 16.7
8 0 7 2 0 0 3 54 55 62 24 150 17.11
9 1 0 0 0 0 3 52 55 59 18 146 12.67
6 0 5 1 5 0 2 53 57 27 166 13.6
5 0 0 0 0 9 1 61 33 121 13.89
4 0 8 0 0 0 1 60 32 147 12.73
10 0 0 5 9 4 1 60 32 157 17.71
2 0 0 0 5 2 3 58 59 61 24 163 10.85
3 0 0 9 7 5 2 58 61 33 132 10.39
3 0 0 1 10 0 1 60 36 143 16.1
6 0 0 0 10 0 1 62 27 191 12.95
5 0 0 0 5 10 1 63 42 193 18.67
4 0 2 0 10 0 1 63 38 143 17.38
7 0 7 0 2 0 1 63 33 155 13.71
1 0 0 0 0 0 0 47 130 16.5
1 0 0 0 0 0 3 65 66 67 0 112 15.7
1 0 4 0 7 0 3 68 69 71 1 156 11.74
6 0 4 3 2 0 3 70 75 79 1 113 14.88
5 0 4 6 1 2 3 72 74 89 1 99 13.94
6 0 9 3 4 10 3 70 72 78 2 174 13.12
6 0 8 7 0 10 3 72 82 83 2 136 16.18
6 0 6 8 3 7 3 73 80 87 8 142 15.86
7 0 9 9 0 4 1 90 2 173 14.29
1 0 7 7 9 4 3 75 80 94 8 130 10.05
4 0 6 7 10 0 1 76 14 146 17.25
1 0 0 7 7 2 2 77 81 6 104 12.6
4 0 0 2 8 8 2 91 92 9 113 12.93
3 0 2 8 9 10 1 84 18 137 13.32
2 0 4 10 1 2 2 83 84 7 157 11.32
7 0 6 0 2 0 2 87 93 8 99 15.19
7 0 3 3 3 7 2 86 88 7 135 16.71
8 0 10 0 6 5 1 93 14 127 9.57
9 0 5 6 7 0 2 83 84 7 126 14.1
1 0 3 0 2 0 2 88 90 8 175 13.56
2 0 6 10 0 0 2 85 87 16 146 15.39
7 1 0 0 0 0 3 86 92 94 21 136 13.71
5 1 0 0 0 0 1 86 18 112 14.81
5 0 0 7 0 5 1 90 28 134 17.23
9 0 8 10 6 3 1 94 18 154 15.83
4 1 0 0 0 0 2 89 92 14 107 16.57
1 1 0 0 0 0 1 91 18 146 11.56
10 0 8 6 0 0 1 91 33 195 16.04
10 0 9 2 7 2 1 93 43 201 14.9
7 1 0 0 0 0 1 95 28 154 15.31
8 0 8 1 0 0 1 95 53 147 10.03
8 1 0 0 0 0 1 95 28 135 9.54
1 0 0 0 0 0 0 61 172 18.09
1 0 0 0 0 0 3 97 98 99 0 162 9.62
7 0 6 3 5 0 2 110 111 1 159 10.43
9 0 2 7 7 0 3 100 108 123 1 111 18.56
7 0 3 0 8 6 3 101 102 105 1 103 11.48
1 0 3 5 6 9 2 103 115 10 120 10.28
1 0 2 1 4 6 1 111 8 165 13.2
5 0 7 5 0 7 3 104 110 121 8 123 17.36
10 0 0 5 8 0 3 107 109 118 11 183 11.57
3 0 10 5 7 9 3 108 113 123 13 166 14.56
10 0 1 5 5 4 3 106 113 123 8 174 16.99
1 1 0 0 0 0 3 112 115 117 18 114 10.76
4 1 0 0 0 0 1 117 21 124 17.83
5 1 0 0 0 0 3 109 116 125 16 124 18.48
7 1 0 0 0 0 1 119 21 194 12.07
6 0 2 9 2 6 2 112 120 13 135 18.74
6 0 6 9 4 0 2 113 115 9 173 15.49
9 0 0 2 0 8 2 124 126 19 147 15.69
9 0 0 0 3 10 2 114 116 18 115 13.77
10 0 8 0 2 3 2 122 125 27 134 9.82
5 1 0 0 0 0 1 124 19 116 17.34
6 0 8 4 1 8 2 120 124 27 116 16.79
10 0 5 0 0 7 2 121 122 25 192 14.62
3 0 2 9 5 10 1 121 21 147 13.96
4 0 3 0 8 6 1 120 28 180 17.43
7 0 5 3 7 0 1 122 33 129 17.03
8 0 0 0 8 3 1 126 35 185 17.95
6 0 0 4 6 1 1 126 40 207 15.4
8 1 0 0 0 0 1 125 18 172 10.17
8 0 1 5 6 2 1 127 33 164 16.01
3 0 10 10 6 0 1 127 37 138 18.67
1 0 5 7 0 8 1 127 46 204 9.62
1 0 0 0 0 0 0 47 137 15.61
1 0 0 0 0 0 3 129 130 131 0 125 16.97
9 0 8 3 4 7 1 152 1 175 12.15
2 0 3 10 7 7 2 133 140 1 104 12.61
2 0 2 8 1 8 3 132 134 136 1 171 10.14
10 0 4 5 9 5 2 135 142 3 157 13.81
10 0 9 4 4 7 3 138 151 152 3 107 16.82
7 0 9 1 5 7 1 147 3 160 18.12
6 0 5 3 5 1 3 137 145 150 13 141 18.35
10 0 7 6 9 2 3 139 146 147 3 169 14.87
6 1 0 0 0 0 2 146 149 19 143 12.12
3 0 7 1 9 8 2 154 157 13 146 15.49
10 0 10 10 6 8 3 141 148 153 13 189 16.98
8 1 0 0 0 0 2 144 146 3 132 14.88
3 1 0 0 0 0 3 143 149 150 23 126 13.84
4 0 9 4 6 6 1 143 13 139 17.93
7 1 0 0 0 0 3 144 151 154 26 191 15.21
8 0 10 6 10 3 1 152 33 167 16.21
10 1 0 0 0 0 3 148 153 158 19 170 17.71
9 0 4 4 8 5 2 148 155 25 149 15.8
6 0 1 1 9 1 2 150 154 13 149 18.43
7 0 6 2 4 2 1 156 34 169 9.84
9 1 0 0 0 0 2 151 156 26 170 17.61
2 0 10 6 10 6 1 158 26 133 12.18
8 0 9 6 9 8 2 155 157 35 176 12.69
7 0 1 9 6 1 1 156 41 206 14.32
3 0 9 1 8 9 1 157 29 192 15.27
5 0 6 8 10 4 1 155 33 169 12.99
5 0 5 4 1 8 1 158 43 145 12.49
6 0 1 2 6 5 1 159 48 135 16.5
2 0 7 2 4 10 1 159 43 206 15.11
4 0 4 7 5 2 1 159 48 135 17.01
1 0 0 0 0 0 0 54 154 16.94
1 0 0 0 0 0 3 161 162 163 0 126 14.15
9 0 0 0 6 0 3 165 173 189 1 122 9.69
1 0 0 4 4 6 2 164 188 1 172 13.55
1 0 2 0 0 0 3 166 167 169 1 151 16.33
2 0 0 5 0 0 3 168 171 176 2 117 15.54
9 0 9 0 0 8 1 182 10 151 17.36
8 0 4 7 5 0 3 168 170 183 2 133 9.78
5 0 4 7 3 2 1 187 2 98 13.53
1 0 0 0 9 0 1 181 10 120 18.5
8 0 0 7 4 0 2 174 180 2 147 11.19
2 0 3 0 5 3 1 174 10 103 11.0
10 0 5 0 0 0 2 172 175 4 133 11.2
4 0 3 0 0 0 1 178 14 168 14.34
4 0 0 3 7 0 1 177 10 167 13.39
8 0 0 1 0 0 1 185 12 133 10.35
7 0 0 0 9 0 1 179 14 132 14.84
10 0 0 6 0 0 1 179 4 104 13.34
10 0 0 10 0 3 2 185 186 14 155 10.0
7 1 0 0 0 0 2 184 187 18 170 12.37
7 0 0 9 4 6 2 181 189 21 133 14.28
10 0 7 2 6 0 1 184 10 105 9.46
4 0 6 0 0 5 1 187 28 129 17.83
3 1 0 0 0 0 1 185 19 151 9.42
7 0 1 0 8 10 2 184 190 10 168 15.77
9 0 0 5 0 0 1 189 25 170 14.23
6 0 0 3 9 10 1 188 24 138 11.96
4 0 5 0 3 0 1 188 24 119 12.62
5 0 0 9 0 0 1 190 32 189 16.78
10 0 8 4 0 7 1 191 30 155 10.71
4 0 10 5 0 1 1 191 34 121 9.79
5 0 4 6 9 0 1 191 37 181 12.63
1 0 0 0 0 0 0 42 177 14.61
1 0 0 0 0 0 3 193 194 195 0 111 15.39
9 0 4 0 0 0 2 203 205 1 110 10.71
1 0 7 0 0 0 3 196 201 202 1 113 16.36
9 0 0 0 0 5 3 197 200 213 1 162 14.78
5 0 0 0 0 3 3 198 199 204 2 141 17.1
2 0 0 0 10 0 2 201 207 10 129 9.71
1 0 0 0 0 7 3 203 205 206 7 151 11.16
1 0 0 5 0 0 2 205 213 7 160 10.34
9 0 0 0 1 0 2 210 218 10 150 10.06
9 0 0 0 0 7 3 212 215 219 12 155 9.58
5 0 0 6 0 0 3 203 204 206 2 133 14.27
6 0 0 4 0 0 3 209 211 214 10 115 12.48
1 0 0 0 1 0 3 210 211 217 7 120 10.99
6 0 6 0 0 0 3 212 216 217 10 167 16.75
6 0 0 0 5 0 3 207 212 213 8 172 11.53
5 0 0 0 10 0 3 208 214 217 14 112 16.38
5 0 0 4 0 0 2 209 211 19 154 9.7
10 1 0 0 0 0 2 210 218 24 156 17.26
6 0 0 0 1 0 3 215 216 219 34 169 16.67
2 1 0 0 0 0 2 216 221 24 159 9.51
8 1 0 0 0 0 2 214 220 21 174 17.59
3 0 0 0 0 9 2 215 219 14 111 10.53
9 0 0 0 3 0 2 221 222 29 154 13.61
3 0 0 0 0 6 1 220 40 154 15.13
7 0 0 0 8 0 1 220 40 146 16.42
3 1 0 0 0 0 2 218 222 19 170 9.79
7 0 8 0 0 0 1 221 34 142 15.95
10 0 0 0 0 8 1 222 40 194 18.41
3 0 5 0 0 0 1 223 47 136 13.02
8 0 4 0 0 0 1 223 41 150 10.89
7 0 0 0 10 0 1 223 50 194 17.33
1 0 0 0 0 0 0 57 138 18.23
1 0 0 0 0 0 3 225 226 227 0 115 11.09
8 0 0 6 0 0 1 230 1 163 15.76
9 0 2 4 8 0 3 228 232 237 1 162 14.45
2 0 0 5 0 0 3 229 231 234 1 94 17.78
5 0 7 0 0 0 2 233 238 10 111 17.41
8 0 4 9 0 0 3 235 245 248 3 147 16.97
2 0 0 6 0 1 3 237 243 245 9 152 11.47
6 0 0 3 5 2 1 240 3 124 16.23
1 0 4 0 0 9 3 236 246 247 10 160 16.68
3 0 0 10 0 0 2 242 243 15 147 14.87
6 0 2 0 9 10 2 247 249 3 110 18.24
7 0 0 0 6 1 1 241 11 173 13.26
8 0 4 8 9 6 1 252 11 130 10.01
8 0 0 5 2 0 1 239 11 176 16.71
7 0 6 8 5 0 3 239 245 246 15 128 18.74
5 1 0 0 0 0 2 247 248 22 137 17.32
7 1 0 0 0 0 3 242 244 248 9 128 12.91
1 1 0 0 0 0 1 243 18 143 18.62
4 1 0 0 0 0 2 249 250 18 185 17.01
8 1 0 0 0 0 2 244 250 19 193 15.24
5 0 0 0 1 0 3 246 249 251 27 170 12.36
6 0 6 0 3 8 1 253 22 148 13.8
3 0 0 0 3 2 1 254 32 165 10.2
5 1 0 0 0 0 1 250 27 169 16.77
6 0 4 0 1 0 1 251 27 181 13.79
1 0 0 0 0 8 2 253 254 32 118 16.73
10 0 3 0 4 0 1 251 32 156 10.4
7 0 0 4 9 0 3 252 253 254 42 162 11.93
3 0 8 0 0 0 1 255 49 169 14.08
4 0 0 1 1 0 1 255 49 150 17.71
4 0 0 8 0 0 1 255 49 192 15.18
1 0 0 0 0 0 0 53 196 11.9
1 0 0 0 0 0 3 257 258 259 0 143 15.92
5 0 5 9 3 4 3 260 275 285 1 136 16.78
6 0 7 8 1 8 3 261 262 263 1 123 12.74
2 0 10 10 7 5 3 263 265 268 1 153 10.42
10 0 1 4 3 1 3 265 272 274 6 129 12.07
8 0 3 8 3 7 3 266 268 277 7 140 13.71
6 0 6 7 1 7 3 264 267 270 7 122 16.53
3 0 5 8 9 1 3 274 278 281 7 104 14.36
5 0 3 5 5 8 3 271 272 276 13 143 15.27
2 1 0 0 0 0 2 266 273 16 110 16.51
9 1 0 0 0 0 3 271 276 286 18 110 15.79
10 0 1 8 6 9 3 272 275 285 13 129 10.54
1 1 0 0 0 0 3 269 271 275 15 111 15.27
2 0 3 9 5 4 3 270 274 282 16 108 14.57
1 1 0 0 0 0 2 273 278 18 131 16.75
6 0 10 7 1 3 2 280 281 27 136 11.22
2 1 0 0 0 0 1 273 23 192 13.83
2 0 10 4 7 2 2 281 283 25 164 17.86
8 1 0 0 0 0 1 279 18 151 14.34
10 0 1 1 1 4 3 276 282 286 23 169 13.95
8 0 6 6 10 4 2 279 280 33 183 15.16
1 0 3 1 6 2 3 278 282 286 15 104 12.0
1 1 0 0 0 0 3 279 280 285 19 149 15.39
9 0 9 8 4 1 1 283 41 195 9.44
5 0 9 4 9 7 1 283 41 169 12.51
3 0 1 1 5 6 1 284 33 122 10.7
7 0 6 8 4 4 1 284 33 134 17.07
6 0 1 10 10 4 1 284 50 180 18.68
3 0 5 2 3 3 1 287 56 210 13.05
1 0 7 3 1 4 1 287 23 190 14.6
9 0 1 1 9 1 1 287 33 180 14.29
1 0 0 0 0 0 0 59 189 9.72
1 0 0 0 0 0 3 289 290 291 0 148 16.09
2 0 0 0 4 0 1 315 1 142 17.96
3 0 2 0 1 1 1 299 1 151 13.58
7 0 0 10 10 0 3 292 293 298 1 124 10.7
1 0 6 9 4 0 2 295 301 8 173 16.45
8 0 4 0 8 0 1 294 8 150 10.63
3 1 0 0 0 0 1 314 16 135 16.49
3 0 0 0 2 8 3 296 297 299 9 117 11.23
2 0 0 5 0 6 1 303 12 132 9.94
9 0 10 4 0 7 2 300 304 12 117 10.47
10 0 7 0 0 4 1 316 8 130 10.78
8 0 0 8 0 1 2 306 307 12 135 9.42
6 1 0 0 0 0 2 307 313 21 187 12.35
3 0 0 1 0 10 1 302 9 131 15.28
1 0 0 0 0 8 3 306 311 313 12 182 11.91
9 0 0 8 1 0 3 304 305 308 14 184 9.82
7 0 5 2 4 0 1 314 23 156 14.36
4 0 10 5 0 2 1 317 23 142 10.43
1 0 0 1 5 0 1 312 20 128 9.8
5 0 0 0 3 4 3 309 310 312 27 182 11.8
9 0 10 5 0 10 2 310 311 23 182 16.34
4 0 0 0 0 10 1 317 32 158 16.36
7 0 3 6 0 0 1 318 32 159 9.49
6 0 5 7 6 0 1 314 32 199 9.85
5 0 3 7 0 0 1 318 32 171 10.72
7 0 0 3 0 10 1 316 27 155 14.29
1 0 4 0 0 0 1 317 38 133 14.94
6 0 0 2 0 0 1 316 3 178 11.69
4 0 6 0 0 7 1 319 34 193 10.1
5 0 0 2 0 3 1 319 39 164 14.66
3 0 5 0 9 6 1 319 39 198 18.68
1 0 0 0 0 0 0 44 126 14.49
1 0 0 0 0 0 3 321 322 323 0 125 9.46
4 0 0 10 10 0 3 332 333 337 1 103 12.71
10 0 10 3 4 0 2 330 332 1 131 14.88
4 0 8 0 0 0 3 324 325 326 1 158 12.76
5 0 0 2 1 3 2 327 339 5 160 13.35
8 0 6 0 7 0 2 341 349 5 117 15.69
2 0 0 0 4 6 1 342 5 163 15.5
2 0 0 10 3 0 2 328 329 10 169 14.32
10 1 0 0 0 0 1 336 12 175 17.18
2 0 0 0 0 1 3 331 334 347 12 182 18.53
6 1 0 0 0 0 2 333 345 11 145 15.74
7 0 0 1 0 0 1 343 14 106 10.19
2 0 0 0 3 0 3 335 346 348 11 130 16.77
10 0 0 7 0 2 1 340 17 128 14.41
4 0 0 0 0 8 1 350 14 144 17.14
9 1 0 0 0 0 1 350 13 118 10.73
2 0 0 1 2 4 2 338 344 22 189 16.23
8 1 0 0 0 0 1 341 5 126 16.56
6 0 0 0 0 6 1 341 24 187 15.58
8 0 0 5 10 4 1 342 10 161 15.78
4 0 5 0 0 6 1 348 27 178 15.57
3 0 0 9 0 7 1 347 30 180 14.55
1 0 6 7 0 0 1 347 18 124 16.62
2 1 0 0 0 0 1 349 21 150 9.98
4 0 5 0 1 5 2 345 346 24 176 10.91
6 0 7 0 6 1 1 350 28 138 9.98
5 0 0 0 10 0 1 349 28 147 16.46
1 0 0 1 10 6 1 348 33 179 13.05
6 0 0 4 6 0 1 351 34 136 10.56
2 0 3 2 0 1 1 351 33 190 9.6
5 0 4 0 0 1 1 351 34 200 16.39
1 0 0 0 0 0 0 40 140 12.37
1 0 0 0 0 0 3 353 354 355 0 144 17.27
9 0 7 6 3 0 3 356 363 365 1 157 17.78
3 0 7 2 7 5 3 357 361 374 1 143 9.89
1 0 4 0 0 8 3 359 361 370 1 152 11.62
2 0 1 8 2 0 3 359 367 375 10 151 15.94
9 0 10 8 8 0 3 358 360 362 4 165 11.47
4 1 0 0 0 0 3 366 368 371 13 177 17.4
1 1 0 0 0 0 3 376 378 382 12 134 16.69
5 0 9 9 0 7 3 369 377 382 13 174 18.37
5 0 1 8 0 7 3 362 363 364 4 157 17.12
6 0 2 9 4 4 3 367 368 369 13 176 17.22
2 0 5 1 9 1 3 366 375 376 10 163 16.89
6 0 4 1 4 7 3 366 369 371 9 112 16.91
6 0 0 2 0 7 3 368 370 371 10 176 16.96
10 1 0 0 0 0 1 367 17 150 14.75
6 0 1 3 3 0 2 373 377 27 198 16.75
5 0 4 8 2 0 2 373 382 19 150 12.52
4 1 0 0 0 0 1 372 19 147 9.51
1 0 0 1 0 0 3 372 374 375 16 173 9.81
9 0 3 0 10 1 2 378 380 17 190 13.18
2 1 0 0 0 0 3 373 376 381 23 168 16.3
1 0 0 5 6 4 1 380 33 187 17.77
4 0 0 1 3 0 2 378 379 17 147 17.5
3 0 7 3 5 10 2 377 379 17 121 14.37
3 0 9 10 10 4 1 379 25 151 9.42
8 0 1 3 7 7 1 381 33 158 17.47
4 0 3 2 0 0 1 381 26 142 13.36
9 0 10 0 8 7 1 380 28 186 14.22
5 0 5 9 5 0 1 383 37 153 16.97
2 0 6 8 5 4 1 383 41 144 12.7
4 0 10 8 0 0 1 383 24 192 14.0
1 0 0 0 0 0 0 43 174 12.96
1 0 0 0 0 0 3 385 386 387 0 137 11.8
1 0 0 4 0 0 3 389 390 399 1 102 13.71
10 0 4 0 0 0 3 391 405 408 1 168 18.1
5 0 0 0 5 0 2 388 391 1 169 16.48
8 0 6 0 0 0 3 393 404 414 6 178 12.26
5 0 0 1 0 0 3 394 395 398 2 94 17.65
9 0 0 0 0 1 2 392 401 2 155 16.51
1 0 7 0 0 0 2 403 406 11 178 11.25
8 0 1 0 0 0 3 396 405 406 11 184 14.41
8 0 0 0 6 0 2 394 397 14 116 15.03
6 1 0 0 0 0 2 396 400 22 180 17.57
6 0 0 7 0 0 2 406 409 7 180 12.47
6 0 0 0 10 0 2 410 411 28 160 9.93
6 1 0 0 0 0 1 407 22 153 18.43
1 0 1 0 0 0 1 401 7 162 13.46
6 0 0 0 0 6 2 402 403 2 123 17.54
1 0 0 0 1 0 3 402 409 410 28 151 12.1
3 0 8 0 0 0 2 403 407 11 155 12.13
7 1 0 0 0 0 1 405 29 125 10.33
10 0 10 0 0 0 2 404 414 14 154 10.91
8 1 0 0 0 0 2 412 413 24 135 17.83
10 0 0 8 0 0 1 411 36 149 17.48
8 0 0 0 0 2 1 414 19 165 14.87
3 0 0 7 0 0 1 408 28 127 10.35
3 0 3 0 0 0 2 409 410 31 130 16.83
7 0 0 0 0 1 2 411 413 34 151 14.5
7 0 1 0 0 0 1 413 34 180 9.68
3 0 0 3 0 0 1 412 46 133 16.95
5 0 0 0 6 0 1 415 49 179 16.64
5 0 0 2 0 0 1 415 41 153 15.88
1 0 0 1 0 0 1 415 27 158 14.35
1 0 0 0 0 0 0 54 139 10.48
1 0 0 0 0 0 3 417 418 419 0 91 13.93
2 0 5 3 7 2 3 420 428 437 1 115 11.46
10 0 9 3 7 2 2 421 423 1 130 9.65
3 0 3 2 4 7 3 422 426 441 1 144 17.78
5 0 9 7 4 9 2 427 433 3 160 16.23
9 0 6 9 10 10 1 431 11 170 16.52
1 0 4 4 1 2 2 424 432 4 149 17.68
3 0 9 4 1 3 2 425 430 11 179 17.89
3 0 3 3 7 5 1 442 5 141 12.56
10 0 5 10 6 1 1 429 14 146 11.4
5 0 6 5 2 3 2 435 442 4 158 15.07
8 0 7 9 9 8 1 441 8 160 10.12
7 0 7 5 6 5 1 431 3 137 11.26
3 1 0 0 0 0 3 434 436 446 24 162 10.77
9 0 7 10 9 1 1 440 14 152 16.69
10 1 0 0 0 0 2 438 443 20 124 10.14
1 0 5 10 8 8 2 435 440 5 170 16.45
5 0 9 4 5 6 2 441 445 8 124 13.0
7 0 2 6 3 10 1 435 27 116 15.61
9 0 10 6 10 6 1 444 34 149 11.5
10 0 2 5 9 10 1 439 27 145 11.1
3 0 6 5 7 9 2 440 446 3 168 9.83
5 0 1 3 7 5 1 444 30 153 11.96
6 0 2 9 2 5 1 443 37 169 11.64
3 0 6 8 9 7 1 442 23 111 16.37
6 0 5 7 6 1 1 443 16 163 13.08
2 0 10 10 3 2 1 445 26 136 15.16
2 0 2 5 1 4 1 444 43 201 15.48
2 0 4 10 1 8 1 447 45 189 9.74
1 0 9 3 10 10 1 447 28 182 16.76
1 0 7 5 6 9 1 447 27 129 14.33
1 0 0 0 0 0 0 47 206 9.82
1 0 0 0 0 0 3 449 450 451 0 135 14.54
8 0 0 7 3 0 3 465 467 472 1 130 13.44
5 0 6 9 7 0 3 452 454 474 1 118 12.9
9 0 7 10 2 0 3 454 460 478 1 175 17.71
8 0 10 0 0 7 2 453 456 6 115 14.4
2 0 10 4 6 6 3 455 458 459 14 114 11.14
4 0 3 3 3 3 1 475 10 148 16.17
1 0 4 5 4 8 1 457 16 173 16.65
4 0 1 0 8 0 2 466 468 14 119 14.87
6 0 10 8 0 4 3 460 461 463 17 188 10.14
8 1 0 0 0 0 3 463 464 473 16 175 15.38
1 0 8 0 1 4 1 462 16 143 10.68
8 1 0 0 0 0 3 465 466 468 23 116 18.09
1 0 1 5 1 0 2 466 475 23 172 11.43
10 0 7 1 6 8 3 463 464 471 17 120 15.7
4 0 0 9 1 4 2 465 476 27 162 10.34
7 1 0 0 0 0 3 467 477 478 27 182 9.72
3 0 6 8 3 8 1 477 31 144 11.89
7 1 0 0 0 0 2 467 470 31 170 14.05
4 0 7 5 1 4 1 476 38 160 10.19
8 1 0 0 0 0 2 469 470 31 154 15.2
1 1 0 0 0 0 2 471 475 39 172 16.16
5 0 1 5 0 0 1 471 39 133 16.39
9 0 0 4 6 3 1 472 44 133 12.17
5 0 2 3 0 8 1 473 53 140 12.6
2 0 8 2 10 7 1 476 58 187 18.7
3 0 0 0 6 0 1 478 6 172 9.72
2 0 0 0 2 4 1 477 40 130 15.9
5 0 6 3 9 0 1 479 60 148 18.4
10 0 7 2 0 1 1 479 42 192 13.6
1 0 0 5 0 3 1 479 34 184 15.94
1 0 0 0 0 0 0 65 223 13.34
1 0 0 0 0 0 3 481 482 483 0 102 17.32
5 0 10 4 6 3 1 493 1 101 13.12
5 0 2 4 4 10 2 502 510 1 140 12.44
1 0 6 4 7 4 3 484 494 498 1 150 10.8
4 0 5 4 9 8 3 485 486 490 2 166 16.92
6 0 7 1 9 10 1 488 6 164 10.24
3 0 5 10 5 9 3 487 489 491 6 103 9.43
4 0 1 3 7 2 1 497 9 179 16.6
4 0 7 5 6 9 1 501 12 127 12.08
3 0 2 4 2 2 2 503 509 9 171 10.9
8 0 7 7 10 8 2 496 506 6 111 15.54
3 0 3 8 5 6 3 492 495 499 9 144 14.82
3 0 1 7 5 4 2 506 507 12 180 18.69
4 0 2 3 5 2 1 494 6 131 12.68
9 0 10 3 3 2 2 501 509 10 179 16.97
8 0 10 10 2 10 2 496 507 12 169 12.57
3 1 0 0 0 0 1 504 20 187 15.65
9 0 2 6 1 2 1 505 13 147 13.97
6 0 9 4 2 4 2 499 508 2 113 11.64
4 0 6 4 1 4 1 500 12 107 15.93
7 1 0 0 0 0 1 506 16 122 16.98
3 0 6 7 7 2 1 505 19 137 13.3
10 0 8 4 4 4 1 504 6 162 16.84
5 0 6 2 9 4 1 508 12 185 15.61
1 1 0 0 0 0 1 508 23 174 10.42
8 0 8 9 5 3 1 510 22 124 12.17
3 0 5 9 8 5 1 510 23 192 12.08
10 0 4 5 6 6 1 509 20 163 10.99
10 0 7 10 10 7 1 511 24 140 12.11
7 0 4 10 5 4 1 511 30 142 11.62
6 0 1 1 7 2 1 511 30 146 12.42
1 0 0 0 0 0 0 37 189 18.09
1 0 0 0 0 0 3 513 514 515 0 143 15.14
10 0 2 0 6 9 3 521 523 527 1 170 10.94
4 0 6 0 8 0 3 517 529 535 1 169 16.41
6 0 0 1 0 10 3 516 518 539 1 102 14.88
8 0 6 0 0 0 2 522 526 7 100 10.0
7 0 0 0 3 0 1 519 5 177 16.0
10 0 9 0 5 0 2 520 530 7 121 11.7
8 0 3 6 0 2 1 533 12 132 11.62
3 0 2 0 3 0 1 534 17 134 17.7
7 0 0 10 3 6 3 524 525 540 11 175 18.08
5 0 4 0 0 0 2 531 541 15 148 14.93
5 0 0 8 0 9 1 525 11 137 15.85
9 0 1 0 7 6 3 528 531 537 18 137 18.18
1 1 0 0 0 0 1 532 18 161 12.8
9 0 1 0 4 8 1 538 15 138 14.58
5 0 0 0 1 3 1 541 11 109 15.42
4 1 0 0 0 0 1 532 27 161 16.97
8 0 1 0 0 0 2 533 536 5 97 13.7
8 1 0 0 0 0 1 540 17 120 12.29
6 1 0 0 0 0 1 534 27 143 14.95
4 0 0 1 0 0 1 536 31 160 18.53
3 1 0 0 0 0 1 538 20 174 11.92
4 0 0 6 0 0 1 535 33 176 12.58
4 0 3 0 0 5 1 542 37 132 14.86
2 0 0 0 8 0 2 539 541 35 174 17.44
5 1 0 0 0 0 1 538 27 180 9.8
7 0 1 0 9 0 1 542 32 138 18.63
9 0 0 1 5 10 1 542 37 192 13.78
1 0 0 0 10 2 1 543 25 147 9.6
5 0 0 5 9 6 1 543 37 206 14.52
9 0 4 0 8 0 1 543 46 161 12.95
1 0 0 0 0 0 0 55 155 17.25
182.38 184.98 184.6 185.68 195.55 220.56 264.91 299.93 285.03 255.0 214.92 190.71 187.85 181.84 179.98 179.77 182.86 219.39 263.32 296.99 290.37 267.81 247.99 204.4 192.9 188.71 184.13 183.0 185.55 191.53 229.54 268.78 260.33 219.02 182.51 172.32 136.12 110.02 103.32 118.14 139.9 179.4 215.47 235.09 233.47 205.0 177.46 137.74 161.67 165.81 163.31 167.63 180.73 212.32 248.74 267.52 273.83 254.25 212.9 192.45 188.72 195.04 200.05 196.0 200.47 241.25 266.2 298.95 301.63 269.03 250.0 231.94 232.45 207.63 200.14 198.05 199.97 204.46 254.0 272.33 282.11 252.78 216.35 212.54 202.24 195.19 193.64 191.99 194.53 212.8 244.94 271.07 272.31 265.46 253.68 234.36 214.9 198.45 194.28 190.49 191.86 196.86 205.33 220.78 209.88 189.92 190.62 186.55 160.03 167.65 157.38 151.11 155.01 179.32 196.21 228.35 235.99 208.84 205.09 196.24 191.16 183.37 178.0 174.21 171.81 179.54 188.98 191.12 189.6 172.62 146.58 121.99 82.36 61.02 34.61 40.32 65.84 107.71 171.19 195.08 205.81 194.47 175.84 166.88 160.22 139.97 121.76 123.38 133.96 106.67 98.62 122.36 133.55 100.0 75.92 41.29 26.29 4.87 0.0 0.08 15.0 66.2 158.02 182.55 191.54 187.88 171.46 158.07 182.38 184.98 184.6 185.68 195.55 220.56 264.91 299.93 285.03 255.0 214.92 190.71 187.85 181.84 179.98 179.77 182.86 219.39 263.32 296.99 290.37 267.81 247.99 204.4 192.9 188.71 184.13 183.0 185.55 191.53 229.54 268.78 260.33 219.02 182.51 172.32 136.12 110.02 103.32 118.14 139.9 179.4 215.47 235.09 233.47 205.0 177.46 137.74 161.67 165.81 163.31 167.63 180.73 212.32 248.74 267.52 273.83 254.25 212.9 192.45 188.72 195.04 200.05 196.0 200.47 241.25 266.2 298.95 301.63 269.03 250.0 231.94 232.45 207.63 200.14 198.05 199.97 204.46 254.0 272.33 282.11 252.78 216.35 212.54 202.24 195.19 193.64 191.99 194.53 212.8 244.94 271.07 272.31 265.46 253.68 234.36 214.9 198.45 194.28 190.49 191.86 196.86 205.33 220.78 209.88 189.92 190.62 186.55 160.03 167.65 157.38 151.11 155.01 179.32 196.21 228.35 235.99 208.84 205.09 196.24 191.16 183.37 178.0 174.21 171.81 179.54 188.98 191.12 189.6 172.62 146.58 121.99 82.36 61.02 34.61 40.32 65.84 107.71 171.19 195.08 205.81 194.47 175.84 166.88 160.22 139.97 121.76 123.38 133.96 106.67 98.62 122.36 133.55 100.0 75.92 41.29 26.29 4.87 0.0 0.08 15.0 66.2 158.02 182.55 191.54 187.88 171.46 158.07 182.38 184.98 184.6 185.68 195.55 220.56 264.91 299.93 285.03 255.0 214.92 190.71 187.85 181.84 179.98 179.77 182.86 219.39 263.32 296.99 290.37 267.81 247.99 204.4 192.9 188.71 184.13 183.0 185.55 191.53 229.54 268.78 260.33 219.02 182.51 172.32 136.12 110.02 103.32 118.14 139.9 179.4 215.47 235.09 233.47 205.0 177.46 137.74 161.67 165.81 163.31 167.63 180.73 212.32 248.74 267.52 273.83 254.25 212.9 192.45 188.72 195.04 200.05 196.0 200.47 241.25 266.2 298.95 301.63 269.03 250.0 231.94 232.45 207.63 200.14 198.05 199.97 204.46 254.0 272.33 282.11 252.78 216.35 212.54 202.24 195.19 193.64 191.99 194.53 212.8 244.94 271.07 272.31 265.46 253.68 234.36 214.9 198.45 194.28 190.49 191.86 196.86 205.33 220.78 209.88 189.92 190.62 186.55 160.03 167.65 157.38 151.11 155.01 179.32 196.21 228.35 235.99 208.84 205.09 196.24 191.16 183.37 178.0 174.21 171.81 179.54 188.98 191.12 189.6 172.62 146.58 121.99 82.36 61.02 34.61 40.32 65.84 107.71 171.19 195.08 205.81 194.47 175.84 166.88 160.22 139.97 121.76 123.38 133.96 106.67 98.62 122.36 133.55 100.0 75.92 41.29 26.29 4.87 0.0 0.08 15.0 66.2 158.02 182.55 191.54 187.88 171.46 158.07 182.38 184.98 184.6 185.68 195.55 220.56 264.91 299.93 285.03 255.0 214.92 190.71 187.85 181.84 179.98 179.77 182.86 219.39 263.32 296.99 290.37 267.81 247.99 204.4 192.9 188.71 184.13 183.0 185.55 191.53 229.54 268.78 260.33 219.02 182.51 172.32 136.12 110.02 103.32 118.14 139.9 179.4 215.47 235.09 233.47 205.0 177.46 137.74 161.67 165.81 163.31 167.63 180.73 212.32 248.74 267.52 273.83 254.25 212.9 192.45 188.72 195.04 200.05 196.0 200.47 241.25 266.2 298.95 301.63 269.03 250.0 231.94 232.45 207.63 200.14 198.05 199.97 204.46 254.0 272.33 282.11 252.78 216.35 212.54 202.24 195.19 193.64 191.99 194.53 212.8 244.94 271.07 272.31 265.46 253.68 234.36 214.9 198.45 194.28 190.49 191.86 196.86 205.33 220.78 209.88 189.92 190.62 186.55 160.03 167.65 157.38 151.11 155.01 179.32 196.21 228.35 235.99 208.84 205.09 196.24 191.16 183.37 178.0 174.21 171.81 179.54 188.98 191.12 189.6 172.62 146.58 121.99 82.36 61.02 34.61 40.32 65.84 107.71 171.19 195.08 205.81 194.47 175.84 166.88 160.22 139.97 121.76 123.38 133.96 106.67 98.62 122.36 133.55 100.0 75.92 41.29 26.29 4.87 0.0 0.08 15.0 66.2 158.02 182.55 191.54 187.88 171.46 158.07 182.38 184.98 184.6 185.68 195.55 220.56 264.91 299.93 285.03 255.0 214.92 190.71 187.85 181.84 179.98 179.77 182.86 219.39 263.32 296.99 290.37 267.81 247.99 204.4 192.9 188.71 184.13 183.0 185.55 191.53 229.54 268.78 260.33 219.02 182.51 172.32 136.12 110.02 103.32 118.14 139.9 179.4 215.47 235.09 233.47 205.0 177.46 137.74 161.67 165.81 163.31 167.63 180.73 212.32 248.74 267.52 273.83 254.25 212.9 192.45 188.72 195.04 200.05 196.0 200.47 241.25 266.2 298.95 301.63 269.03 250.0 231.94 232.45 207.63 200.14 198.05 199.97 204.46 254.0 272.33 282.11 252.78 216.35 212.54 202.24 195.19 193.64 191.99 194.53 212.8 244.94 271.07 272.31 265.46 253.68 234.36 214.9 198.45 194.28 190.49 191.86 196.86 205.33 220.78 209.88 189.92 190.62 186.55 160.03 167.65 157.38 151.11 155.01 179.32 196.21 228.35 235.99 208.84 205.09 196.24 191.16 183.37 178.0 174.21 171.81 179.54 188.98 191.12 189.6 172.62 146.58 121.99 82.36 61.02 34.61 40.32 65.84 107.71 171.19 195.08 205.81 194.47 175.84 166.88 160.22 139.97 121.76 123.38 133.96 106.67 98.62 122.36 133.55 100.0 75.92 41.29 26.29 4.87 0.0 0.08 15.0 66.2 158.02 182.55 191.54 187.88 171.46 158.07 182.38 184.98 184.6 185.68 195.55 220.56 264.91 299.93 285.03 255.0 214.92 190.71 187.85 181.84 179.98 179.77 182.86 219.39 263.32 296.99 290.37 267.81
