544 5
1 42 37 43 48
1 0 0 0 0 0 3 1 2 3 0 160 6.99
2 0 5 8 10 6 3 5 11 16 1 197 4.97
2 0 0 10 6 7 3 7 9 10 1 162 7.02
7 0 10 10 5 0 2 4 15 1 212 4.86
5 0 8 6 5 0 1 13 8 193 4.7
9 0 3 0 8 6 3 6 8 12 3 217 5.13
9 0 0 8 5 0 3 17 20 22 12 213 7.74
3 0 3 10 6 7 2 12 18 3 203 4.78
10 0 0 3 0 4 2 9 10 12 131 6.9
10 0 6 5 0 0 3 17 21 25 22 202 7.07
6 1 0 0 0 0 3 14 27 29 22 232 4.71
3 0 5 8 2 4 3 17 21 24 3 116 5.78
7 0 10 6 0 7 2 13 21 12 209 5.57
5 1 0 0 0 0 2 20 28 19 179 7.87
8 1 0 0 0 0 1 26 28 149 4.79
1 0 3 2 0 4 1 25 8 152 5.44
7 0 2 3 0 0 3 18 23 26 3 171 6.87
3 0 2 0 9 0 1 19 32 196 8.59
3 0 2 7 9 5 2 19 28 10 193 7.97
8 0 6 2 7 6 1 29 35 206 5.83
9 1 0 0 0 0 1 24 24 237 7.29
6 0 3 1 7 0 1 30 32 227 7.97
3 1 0 0 0 0 1 26 21 174 8.06
6 0 8 7 3 8 2 24 25 10 142 6.74
7 0 4 9 1 2 2 27 29 33 145 8.31
9 0 0 3 9 0 1 27 32 206 7.22
2 0 10 1 1 5 2 28 30 36 163 5.41
7 0 5 8 2 0 1 30 41 195 7.79
1 0 5 0 0 8 1 31 38 178 6.74
7 0 0 1 10 0 1 31 43 178 8.18
6 0 0 0 7 2 1 31 48 222 7.2
1 0 0 0 0 0 0 54 215 8.57
1 0 0 0 0 0 3 33 34 35 0 202 4.86
10 0 9 0 0 0 3 37 39 43 1 148 4.91
6 0 1 0 0 0 3 36 38 48 1 145 6.42
10 0 2 0 0 0 1 57 1 175 6.86
9 0 0 8 0 0 2 42 51 7 201 8.25
7 0 0 0 0 2 3 46 55 57 11 126 5.06
3 0 0 0 0 4 2 40 49 7 220 5.47
10 0 9 0 0 0 2 45 52 11 153 6.05
8 0 0 0 0 10 2 41 57 10 179 5.96
10 0 0 0 3 0 3 43 44 47 18 217 6.77
7 0 0 0 6 0 3 45 50 56 16 132 7.55
6 0 0 0 0 3 2 56 62 28 151 7.49
10 0 7 0 0 0 2 46 55 28 199 6.61
3 0 0 0 7 0 2 49 58 23 203 6.96
7 1 0 0 0 0 3 50 51 52 38 162 6.34
10 0 0 5 0 0 2 54 59 28 220 6.07
4 0 0 0 4 0 1 49 7 138 7.54
3 0 0 0 0 1 1 62 26 207 4.63
3 0 8 0 0 0 2 54 59 45 199 8.21
10 1 0 0 0 0 2 54 60 45 168 5.13
10 0 0 0 6 0 2 53 61 45 169 6.5
6 0 2 0 0 0 2 58 62 55 165 7.26
9 0 2 0 0 0 1 61 55 179 6.92
4 1 0 0 0 0 1 56 38 239 7.56
5 1 0 0 0 0 1 58 42 190 6.12
7 0 0 0 3 0 2 60 61 18 171 6.0
7 0 6 0 0 0 1 59 61 173 8.27
9 0 5 0 0 0 1 60 68 235 6.83
7 0 1 0 0 0 1 63 77 270 8.33
4 0 0 0 0 1 1 63 64 265 4.68
6 0 0 6 0 0 1 63 61 218 8.2
1 0 0 0 0 0 0 84 267 7.53
1 0 0 0 0 0 3 65 66 67 0 153 7.74
6 0 1 7 6 0 2 72 74 1 113 7.44
5 0 0 0 0 4 3 68 71 73 1 216 5.69
7 0 0 6 9 5 3 69 73 81 1 115 5.49
7 0 9 8 6 0 1 83 6 185 8.54
4 0 0 5 7 0 3 70 74 76 8 160 5.94
9 0 5 0 3 5 1 72 12 209 8.24
9 0 6 5 0 8 1 75 6 126 8.24
5 0 6 0 0 1 3 79 84 87 21 213 5.6
4 0 5 0 9 0 1 78 8 205 5.39
2 0 1 10 0 5 1 88 12 203 6.3
10 0 0 2 7 10 2 80 87 15 155 6.09
7 1 0 0 0 0 1 77 12 206 7.21
7 0 5 10 0 8 3 82 85 94 19 220 7.98
1 0 4 1 3 3 2 80 91 12 153 4.45
3 0 5 5 1 10 2 83 90 26 203 5.66
6 1 0 0 0 0 1 85 25 190 4.88
2 0 1 4 9 0 2 92 93 8 139 5.88
5 0 9 10 7 0 1 88 26 159 4.65
10 0 8 0 6 7 1 91 29 214 8.02
4 1 0 0 0 0 1 86 26 146 5.48
1 0 9 0 9 7 1 90 31 208 8.09
4 0 8 6 2 1 1 91 30 169 7.82
8 0 1 8 8 5 1 93 26 184 4.99
2 0 0 9 5 2 1 89 31 209 7.56
7 0 10 1 6 10 1 93 33 144 5.24
3 0 9 3 7 7 1 92 32 138 5.67
9 0 6 0 5 9 1 94 39 160 4.4
9 0 5 10 2 0 1 95 35 227 5.27
3 0 1 0 9 9 1 95 40 151 6.05
5 0 0 0 3 0 1 95 48 237 4.4
1 0 0 0 0 0 0 53 226 5.69
1 0 0 0 0 0 3 97 98 99 0 171 4.76
8 0 1 3 1 10 3 109 116 120 1 186 5.88
6 0 6 9 2 1 1 111 1 147 4.94
6 0 4 7 9 7 3 100 101 103 1 140 5.77
5 0 4 1 1 10 3 102 106 108 7 120 5.49
9 0 7 10 9 3 1 113 7 172 7.87
5 0 4 8 2 9 2 105 107 12 186 6.93
7 0 8 4 9 5 2 104 122 7 143 6.23
3 0 3 2 4 4 1 120 14 148 6.97
1 0 7 6 1 7 1 110 17 124 6.97
6 0 5 5 5 8 1 112 12 152 8.46
6 1 0 0 0 0 3 109 113 126 17 219 7.36
8 0 1 5 2 7 1 115 12 140 8.21
2 0 4 4 6 1 1 124 23 229 5.51
2 1 0 0 0 0 1 123 18 215 4.76
2 0 7 8 10 9 3 113 120 125 7 195 8.42
4 0 9 5 10 3 3 114 117 118 18 204 6.93
2 0 8 9 5 4 1 124 23 175 4.52
9 1 0 0 0 0 2 116 125 22 203 5.0
6 0 5 3 5 8 1 124 20 135 8.53
6 1 0 0 0 0 1 122 31 174 5.79
8 1 0 0 0 0 1 121 22 137 4.82
5 0 3 5 5 7 1 119 22 186 7.8
1 0 9 5 9 3 1 121 27 227 5.02
4 1 0 0 0 0 1 126 17 160 7.97
10 0 4 2 9 2 1 122 30 152 7.91
5 0 1 9 6 7 1 123 40 194 5.9
2 0 10 6 2 3 1 126 45 247 4.42
6 0 2 7 3 10 1 127 26 226 7.43
8 0 8 3 6 7 1 127 31 146 4.94
8 0 3 1 6 9 1 127 47 197 6.78
1 0 0 0 0 0 0 55 174 7.47
1 0 0 0 0 0 3 129 130 131 0 167 6.63
2 0 0 1 8 0 2 132 136 1 119 5.21
2 0 4 0 0 4 3 133 134 135 1 137 5.18
10 0 0 8 0 6 3 137 150 155 1 149 7.07
6 0 3 0 5 10 3 141 143 147 3 141 8.21
5 0 8 0 6 8 1 144 3 206 7.99
5 0 6 6 7 0 1 138 3 213 8.43
8 0 4 5 5 1 1 158 3 177 5.21
5 0 5 0 4 0 3 139 140 145 3 209 4.9
10 0 8 6 6 9 2 143 156 11 141 8.18
3 0 6 0 10 0 2 145 149 8 138 5.78
8 0 1 6 8 1 1 146 8 211 5.62
3 0 0 10 2 9 2 142 154 8 215 7.32
9 0 4 0 3 6 1 158 9 205 8.4
1 0 2 9 2 2 1 152 11 177 6.51
1 1 0 0 0 0 3 146 148 151 21 230 7.83
1 0 9 8 5 0 1 147 8 120 7.62
3 1 0 0 0 0 1 152 11 163 8.47
2 0 1 1 5 0 1 154 22 155 7.25
6 0 7 4 6 6 1 157 9 121 6.31
10 1 0 0 0 0 1 153 22 141 4.44
10 1 0 0 0 0 2 152 156 11 217 5.44
2 0 0 0 5 8 1 153 11 191 8.37
7 1 0 0 0 0 1 157 22 197 8.18
3 0 3 0 0 10 1 157 21 178 8.37
9 0 10 8 6 0 1 154 32 217 7.7
3 0 0 8 9 2 1 158 41 196 8.59
2 0 5 7 8 0 1 156 11 162 5.6
4 0 8 8 10 3 1 159 21 149 6.47
6 0 3 5 4 10 1 159 29 182 6.44
6 0 6 4 9 0 1 159 44 158 5.75
1 0 0 0 0 0 0 50 222 5.09
1 0 0 0 0 0 3 161 162 163 0 191 5.46
4 0 0 0 3 0 3 165 166 168 1 135 6.52
7 0 0 0 6 0 2 169 181 1 158 8.54
7 0 4 0 0 0 1 164 1 138 8.41
8 0 0 0 4 0 1 180 8 180 7.4
2 0 0 0 3 0 3 167 178 189 5 201 4.46
2 0 0 0 10 0 1 171 5 213 4.84
2 0 0 0 6 0 2 170 185 7 164 7.77
2 0 0 0 0 6 1 173 5 212 4.83
2 0 0 0 10 0 2 175 177 8 128 5.38
9 0 0 0 6 0 3 172 177 183 9 145 8.27
2 0 0 0 6 0 2 174 175 7 164 5.97
3 1 0 0 0 0 1 174 18 189 8.43
7 0 0 0 0 6 1 178 7 220 7.87
3 0 0 0 0 7 3 176 179 190 21 220 5.69
7 0 0 0 1 0 1 182 10 168 5.52
4 1 0 0 0 0 1 187 24 166 6.29
1 1 0 0 0 0 1 188 18 170 7.17
5 0 0 0 0 9 2 184 186 14 220 8.62
1 1 0 0 0 0 1 187 24 172 6.21
3 0 0 5 0 0 2 182 189 16 214 7.02
2 0 0 8 0 0 1 182 8 137 4.76
10 1 0 0 0 0 2 184 186 19 173 6.78
6 0 0 10 0 0 1 190 18 147 7.91
8 0 0 5 0 0 1 185 29 180 7.17
5 0 3 0 0 0 1 190 37 159 6.66
5 0 0 0 0 10 1 187 29 211 5.46
4 0 0 7 0 0 1 188 34 203 7.56
6 0 0 0 4 0 1 191 38 187 5.76
7 1 0 0 0 0 1 191 19 203 5.44
8 0 0 0 0 2 1 191 42 184 7.77
1 0 0 0 0 0 0 50 213 5.97
1 0 0 0 0 0 3 193 194 195 0 202 6.94
4 0 4 10 10 0 3 197 199 203 1 165 7.38
6 1 0 0 0 0 2 198 218 1 129 8.26
1 0 1 0 0 5 1 196 1 121 5.53
6 0 0 6 8 0 3 205 207 210 2 170 6.38
9 0 0 10 9 9 2 200 201 5 193 4.63
3 1 0 0 0 0 1 219 7 147 4.99
7 0 0 0 0 1 2 212 220 5 164 6.71
2 0 4 0 0 5 1 202 14 142 7.36
8 0 8 0 0 0 3 204 213 221 14 131 5.94
7 0 0 0 7 1 1 217 16 196 4.82
7 0 10 0 0 7 1 218 5 168 6.68
2 1 0 0 0 0 1 206 22 214 7.89
8 0 8 0 3 0 3 211 213 216 8 172 8.35
5 1 0 0 0 0 3 208 209 214 24 144 4.79
4 0 0 8 0 0 2 215 222 8 189 8.29
1 0 6 4 0 0 2 212 216 29 163 8.61
10 0 9 0 5 4 1 218 29 227 8.55
9 0 6 0 9 0 1 212 8 182 6.95
8 0 0 0 0 9 1 214 16 196 6.09
6 0 1 8 9 0 1 217 30 170 4.96
8 1 0 0 0 0 1 217 22 195 7.33
1 0 0 3 2 0 1 219 29 198 7.82
6 1 0 0 0 0 1 216 12 206 4.77
1 0 0 10 4 2 1 219 30 139 7.23
8 0 0 8 0 0 1 222 36 158 8.17
10 0 1 0 0 0 1 222 39 188 5.22
2 0 1 0 0 6 1 220 31 190 5.62
4 0 0 0 3 5 1 223 33 206 8.0
10 0 0 4 0 7 1 223 22 160 6.7
2 0 0 9 8 0 1 223 49 211 5.64
1 0 0 0 0 0 0 51 154 5.96
1 0 0 0 0 0 3 225 226 227 0 141 7.56
6 0 3 0 0 9 3 230 232 242 1 149 4.41
3 0 7 0 0 8 2 232 233 1 145 6.89
6 0 0 0 0 9 3 228 234 236 1 209 4.47
7 0 0 4 0 9 3 229 230 232 7 172 8.11
9 0 0 5 0 9 3 237 240 243 14 217 5.28
10 0 3 0 0 7 3 231 235 239 14 182 7.64
9 1 0 0 0 0 2 240 249 24 180 4.8
2 0 5 0 0 1 3 238 239 240 14 164 6.97
6 0 0 0 0 10 3 234 237 243 4 143 6.27
3 0 6 2 2 0 2 242 250 10 171 4.82
3 0 6 10 0 0 3 238 241 246 24 134 5.36
4 0 5 4 0 0 3 244 246 251 7 162 6.46
9 1 0 0 0 0 3 242 246 247 23 159 5.29
7 1 0 0 0 0 3 244 245 248 27 170 6.43
4 1 0 0 0 0 3 245 247 254 24 213 6.48
1 0 0 7 0 5 3 247 250 252 33 208 5.7
1 0 8 0 0 0 2 243 248 27 204 6.66
6 1 0 0 0 0 2 244 254 32 149 5.01
10 1 0 0 0 0 2 245 254 28 221 6.63
4 1 0 0 0 0 1 249 38 219 7.13
10 0 7 3 10 8 3 249 250 251 38 233 5.25
2 0 3 2 4 0 1 252 32 215 8.14
6 1 0 0 0 0 2 248 251 34 203 7.58
6 0 3 0 3 1 1 253 40 233 5.22
10 0 3 3 2 0 1 252 48 205 6.66
8 0 7 8 3 0 1 253 48 233 6.72
2 0 4 0 0 0 1 253 48 192 7.26
8 0 10 4 0 0 1 255 58 183 6.28
10 0 4 6 10 0 1 255 56 258 8.51
5 1 0 0 0 0 1 255 38 198 6.21
1 0 0 0 0 0 0 66 257 4.37
1 0 0 0 0 0 3 257 258 259 0 205 7.32
8 0 6 0 0 0 3 262 274 281 1 164 4.89
7 0 10 0 4 6 3 260 264 282 1 162 6.21
3 0 8 0 0 8 2 265 272 1 213 6.97
7 0 0 10 5 3 3 261 263 278 8 143 6.04
3 1 0 0 0 0 2 273 275 15 135 7.32
9 0 0 0 0 4 1 276 9 140 4.46
3 1 0 0 0 0 1 267 15 190 4.66
9 0 0 6 0 0 1 268 8 169 8.41
4 0 0 10 8 10 3 266 269 271 4 205 4.73
3 0 7 0 0 8 2 277 281 8 178 7.53
9 1 0 0 0 0 1 279 18 214 8.15
4 1 0 0 0 0 1 270 17 183 8.49
10 0 5 9 0 5 2 276 279 8 189 4.9
7 1 0 0 0 0 1 279 21 137 6.86
2 0 0 5 0 7 1 285 8 178 5.67
8 0 10 0 1 7 1 284 4 222 4.97
6 0 7 0 0 0 2 277 283 18 135 7.34
1 1 0 0 0 0 1 276 9 144 4.76
9 1 0 0 0 0 2 285 286 18 223 5.14
2 0 0 8 4 8 1 277 18 147 6.49
6 0 0 8 5 8 2 280 284 24 156 5.38
3 1 0 0 0 0 1 283 15 183 7.86
4 0 0 6 0 0 1 280 28 170 6.29
10 0 0 0 0 5 1 286 32 189 5.96
7 0 6 0 8 0 1 286 11 219 7.11
1 0 8 0 3 4 1 285 8 190 8.02
1 1 0 0 0 0 1 284 24 139 4.88
9 0 0 0 6 0 1 287 30 231 5.92
4 0 10 10 0 4 1 287 27 186 8.56
1 0 0 0 0 7 1 287 42 158 7.66
1 0 0 0 0 0 0 43 214 5.03
1 0 0 0 0 0 3 289 290 291 0 191 4.68
5 0 0 4 8 1 3 294 298 303 1 168 4.85
4 0 6 0 5 0 3 292 299 304 1 160 7.26
9 0 0 0 6 0 3 293 297 300 1 172 4.82
8 0 0 1 7 0 1 310 5 211 6.97
9 0 0 7 0 3 3 295 306 313 10 148 7.61
6 0 0 0 0 6 3 296 300 306 6 150 8.36
4 0 0 6 0 4 3 301 307 315 19 156 7.18
6 0 0 0 0 4 3 299 304 309 12 202 4.97
6 0 3 5 10 10 3 298 299 306 10 172 5.49
10 0 0 7 0 1 3 302 305 307 16 218 7.26
10 1 0 0 0 0 2 301 307 18 148 4.57
2 0 6 0 0 4 3 304 305 315 12 148 5.15
8 0 4 0 0 0 2 311 318 28 164 5.58
7 1 0 0 0 0 2 308 309 26 164 6.01
6 0 0 1 7 1 2 305 308 6 198 5.65
10 0 6 0 6 0 3 308 310 314 18 196 4.61
1 1 0 0 0 0 1 313 26 198 4.58
6 0 0 9 9 0 3 309 311 314 19 189 5.13
2 0 0 8 0 0 3 312 314 317 28 150 6.73
7 0 7 0 8 0 3 311 312 313 33 177 5.16
8 0 0 0 8 8 2 310 315 33 230 5.77
4 0 0 0 0 1 3 312 317 318 41 177 8.47
6 0 0 2 2 5 1 317 40 167 7.02
2 0 5 8 0 6 1 316 45 198 7.34
2 0 10 5 0 0 1 316 40 183 5.81
7 0 0 0 5 0 1 318 30 161 5.55
5 0 0 8 7 0 1 316 41 228 8.2
6 0 0 0 6 9 1 319 47 163 5.11
2 0 0 2 0 2 1 319 46 222 8.1
1 0 9 0 0 6 1 319 45 216 5.83
1 0 0 0 0 0 0 53 223 7.58
1 0 0 0 0 0 3 321 322 323 0 163 8.16
6 0 0 2 0 9 3 325 334 337 1 157 7.62
9 0 1 0 5 4 3 324 334 337 1 214 7.57
1 0 0 2 10 8 3 325 326 335 1 180 8.32
9 0 0 10 7 7 3 327 333 335 10 166 8.4
1 0 8 5 0 1 3 327 330 333 7 198 5.95
5 0 7 0 9 7 3 328 331 342 2 133 5.39
7 0 6 0 6 0 3 329 331 336 19 225 6.46
1 0 0 10 3 2 3 329 332 339 7 131 8.58
10 0 0 3 7 10 2 341 349 26 154 4.99
6 0 1 2 7 1 3 338 342 344 8 146 4.96
8 1 0 0 0 0 1 340 26 149 8.05
5 0 0 2 4 7 3 334 337 338 8 193 4.82
9 0 7 10 8 0 3 336 338 344 19 151 6.65
5 0 9 0 1 7 2 348 350 13 150 5.43
9 0 0 7 2 0 3 342 346 349 19 182 8.6
1 1 0 0 0 0 2 339 340 28 235 8.05
1 0 8 7 0 0 3 341 344 346 13 163 5.42
3 0 10 0 9 0 3 340 345 347 28 178 5.24
6 0 0 6 4 7 3 343 345 346 29 144 6.86
8 0 7 0 6 9 2 341 349 34 178 4.78
6 0 10 4 9 6 1 343 42 189 4.59
4 1 0 0 0 0 1 348 28 214 6.09
5 0 7 1 6 4 1 348 48 215 7.34
4 1 0 0 0 0 2 345 347 28 178 8.37
3 0 7 9 7 10 1 350 35 171 6.49
2 0 9 0 4 1 1 347 35 143 7.84
9 0 1 10 0 3 1 350 37 241 5.37
7 0 9 10 3 2 1 351 53 250 8.18
3 0 4 10 10 10 1 351 42 203 7.04
2 0 10 8 0 10 1 351 46 192 8.58
1 0 0 0 0 0 0 60 252 6.49
1 0 0 0 0 0 3 353 354 355 0 163 4.49
6 0 0 2 0 0 3 360 373 375 1 147 8.18
4 0 0 0 9 0 2 357 363 1 110 6.48
10 0 7 0 0 0 3 356 358 381 1 129 8.17
9 0 0 5 0 0 3 359 365 368 11 124 7.01
3 0 0 0 7 0 1 379 5 165 5.35
4 0 0 0 9 0 1 380 11 183 5.56
4 0 5 0 0 0 2 362 364 20 186 4.46
3 0 0 9 0 0 2 361 366 7 212 7.73
8 0 4 0 0 0 1 370 10 148 8.16
5 1 0 0 0 0 2 375 377 24 217 4.87
6 0 0 0 2 0 1 372 5 135 5.85
2 1 0 0 0 0 3 367 371 374 24 182 5.82
8 0 0 0 8 0 1 372 20 156 7.26
4 0 0 0 0 7 1 367 10 144 4.4
10 1 0 0 0 0 1 372 26 159 4.56
8 0 0 0 0 10 1 369 20 162 7.87
2 0 0 0 2 0 1 378 28 166 5.47
4 0 8 0 0 0 1 381 18 136 8.33
10 1 0 0 0 0 2 376 377 26 238 5.57
4 0 9 0 0 0 1 382 36 161 5.45
4 0 0 0 8 0 1 378 7 168 5.76
5 1 0 0 0 0 1 376 26 227 6.82
1 0 0 0 10 0 2 380 382 29 213 5.36
6 0 0 0 3 0 1 378 36 184 5.99
10 0 0 0 8 0 1 379 36 241 7.87
1 0 0 6 0 0 2 379 382 42 222 6.29
8 0 0 0 1 0 1 380 46 241 7.26
6 0 5 0 0 0 1 383 54 198 7.97
8 1 0 0 0 0 1 383 22 217 6.68
9 0 0 0 1 0 1 383 43 218 6.66
1 0 0 0 0 0 0 60 218 5.16
1 0 0 0 0 0 3 385 386 387 0 111 5.42
6 0 1 6 8 6 3 388 391 393 1 185 8.05
7 0 4 7 7 4 2 400 412 1 128 4.4
6 0 5 4 1 7 3 389 390 400 1 177 4.73
4 0 6 10 3 9 3 390 401 405 7 155 7.43
7 0 4 9 8 3 3 394 395 396 7 211 6.84
6 0 10 2 2 5 1 392 11 125 5.63
7 0 3 6 1 5 3 397 408 412 7 149 5.43
8 0 2 9 1 2 2 394 402 17 202 7.27
7 0 4 3 2 3 3 399 403 409 7 184 6.73
9 0 3 10 3 8 1 403 25 214 6.73
5 1 0 0 0 0 3 404 406 410 14 219 7.38
9 0 2 6 1 1 3 397 398 407 14 174 4.52
7 1 0 0 0 0 2 403 414 23 159 8.43
1 1 0 0 0 0 2 408 413 23 129 6.69
10 0 9 1 7 10 2 406 410 14 129 4.44
2 1 0 0 0 0 1 404 8 160 6.54
6 0 2 3 10 9 1 402 11 139 4.52
10 0 7 6 10 5 1 407 25 235 8.62
10 0 10 5 4 4 1 406 34 170 8.19
3 1 0 0 0 0 3 405 407 408 19 212 7.64
5 0 3 6 10 2 1 411 22 154 6.75
1 0 1 1 4 6 1 411 44 214 5.49
3 1 0 0 0 0 1 411 35 192 5.96
9 0 4 9 8 4 1 414 24 152 6.06
2 1 0 0 0 0 2 410 412 14 180 6.71
8 0 10 4 7 2 2 413 414 24 218 6.73
6 0 1 10 6 9 1 413 45 216 6.36
3 0 6 6 6 10 1 415 16 207 4.69
5 0 6 6 10 10 1 415 51 161 7.66
8 0 9 5 4 9 1 415 33 190 6.83
1 0 0 0 0 0 0 56 171 5.82
1 0 0 0 0 0 3 417 418 419 0 113 7.58
1 0 2 5 2 8 3 420 427 435 1 157 7.95
4 0 6 7 6 9 2 426 431 1 112 7.89
2 0 5 8 7 3 3 424 426 428 1 166 5.58
2 0 10 5 4 3 3 421 422 423 2 176 7.66
5 0 3 7 7 4 1 434 4 214 4.47
6 0 4 1 2 4 3 429 438 439 4 204 5.92
4 0 1 4 3 8 2 425 426 4 126 6.71
10 0 4 1 3 7 3 430 431 445 3 127 8.45
7 0 1 7 1 4 1 432 8 214 4.56
7 0 4 6 10 4 1 432 8 122 8.05
9 0 7 2 7 3 3 436 439 440 2 172 7.66
5 0 8 9 9 10 2 433 437 3 192 8.56
3 0 7 6 3 9 1 444 10 171 4.82
2 1 0 0 0 0 1 434 13 136 4.69
3 1 0 0 0 0 2 432 446 13 189 6.24
5 1 0 0 0 0 3 433 434 441 16 130 4.73
3 0 4 10 6 3 1 436 21 178 4.51
3 1 0 0 0 0 1 444 21 164 4.53
5 0 7 2 6 3 2 436 437 2 185 5.56
1 0 8 8 6 4 1 443 24 152 7.75
5 0 5 7 1 10 2 438 439 8 203 4.79
6 0 10 7 1 3 2 440 442 13 140 6.96
9 1 0 0 0 0 3 441 442 445 13 141 6.1
3 1 0 0 0 0 2 441 446 19 168 8.21
8 0 6 3 8 10 1 443 22 149 7.89
3 0 8 2 4 8 2 443 446 22 140 6.68
2 0 4 7 1 3 1 444 30 165 6.22
4 0 1 2 8 9 1 447 32 215 4.98
8 0 8 3 2 3 1 447 22 207 7.68
9 0 5 8 8 10 1 447 25 229 7.61
1 0 0 0 0 0 0 36 190 8.25
1 0 0 0 0 0 3 449 450 451 0 179 5.35
10 0 7 0 1 0 3 452 453 456 1 161 8.67
9 0 9 4 6 7 3 454 455 456 1 196 7.39
2 0 2 0 9 3 3 454 468 472 1 215 8.05
3 0 0 2 0 0 3 457 460 462 11 130 4.38
8 0 0 1 10 9 3 454 458 460 11 138 5.42
5 0 7 0 10 4 3 470 474 478 19 161 8.42
5 0 0 3 3 1 3 457 458 460 10 207 5.54
7 0 0 2 1 0 2 457 459 11 178 6.44
6 0 8 5 1 0 2 463 471 18 142 8.08
5 0 3 0 0 8 3 459 461 470 19 188 5.94
7 0 0 8 9 7 3 466 473 474 24 214 5.44
2 0 6 0 9 2 2 469 470 19 162 7.69
4 1 0 0 0 0 2 462 473 24 159 8.64
10 1 0 0 0 0 3 463 464 467 28 222 7.07
3 0 4 9 7 1 2 466 474 38 241 8.55
2 0 9 4 3 0 2 465 466 38 194 8.35
1 1 0 0 0 0 3 468 469 471 40 177 8.3
4 0 6 4 5 6 3 468 469 472 41 155 6.5
4 1 0 0 0 0 3 472 475 476 38 177 5.65
4 0 2 6 3 10 1 475 45 189 4.98
10 0 6 1 6 0 2 475 478 45 195 6.61
10 1 0 0 0 0 2 471 473 24 223 7.13
6 0 9 9 0 4 1 476 41 171 5.9
2 0 9 8 10 6 1 478 45 249 8.6
4 1 0 0 0 0 1 477 34 214 7.17
5 0 0 10 0 3 2 476 477 41 248 6.88
5 0 9 0 10 5 1 477 55 172 5.68
10 0 0 5 7 0 1 479 47 169 7.2
5 0 3 7 4 7 1 479 60 254 7.16
1 0 8 6 5 3 1 479 55 209 7.5
1 0 0 0 0 0 0 65 222 7.63
1 0 0 0 0 0 3 481 482 483 0 134 4.43
6 0 5 7 7 2 3 484 487 493 1 190 7.98
8 0 6 9 5 6 2 485 491 1 188 6.87
5 0 7 10 5 9 1 500 1 136 6.24
9 0 9 9 10 9 3 486 494 502 7 154 6.47
7 0 9 8 4 5 2 488 501 9 141 4.36
8 0 7 9 2 5 2 489 497 16 146 4.8
10 0 4 9 2 9 2 497 499 7 153 6.72
6 0 7 9 10 1 1 490 16 218 5.88
1 0 9 2 2 6 3 496 505 506 24 216 4.96
10 1 0 0 0 0 1 492 22 141 8.17
6 0 4 7 9 6 1 504 9 135 6.73
3 1 0 0 0 0 2 495 504 32 164 7.73
6 0 2 5 6 3 1 495 7 142 7.78
8 0 2 4 1 10 2 498 503 16 157 5.83
2 0 4 4 1 8 1 507 35 171 8.35
8 1 0 0 0 0 1 500 25 148 8.11
6 1 0 0 0 0 2 503 507 24 222 6.8
9 1 0 0 0 0 1 501 24 213 5.01
6 1 0 0 0 0 1 508 17 144 8.13
9 0 1 8 5 5 1 509 33 144 5.97
10 0 4 3 4 4 2 509 510 33 174 5.19
3 0 1 1 10 3 1 504 16 219 8.2
4 0 4 9 8 1 2 506 510 30 161 7.92
10 0 8 2 1 7 1 506 35 242 8.62
4 1 0 0 0 0 1 507 25 157 6.89
9 0 9 9 10 8 1 508 45 209 6.62
9 0 5 8 6 9 1 510 37 196 4.34
3 0 4 9 8 2 1 511 54 244 7.38
9 0 5 7 7 9 1 511 43 243 7.2
1 0 9 7 3 3 1 511 46 223 7.93
1 0 0 0 0 0 0 57 184 8.24
1 0 0 0 0 0 3 513 514 515 0 175 7.45
1 0 1 6 4 10 3 517 521 538 1 134 5.81
9 0 5 5 4 5 2 517 522 1 171 8.65
10 0 3 3 4 8 3 516 518 519 1 157 4.78
4 1 0 0 0 0 3 524 534 536 11 193 7.33
8 1 0 0 0 0 3 526 530 533 10 173 5.7
2 0 6 10 4 2 3 522 523 525 11 154 6.39
4 0 3 8 10 4 3 520 523 526 11 150 6.69
7 0 10 6 3 2 3 524 527 528 15 137 8.67
4 0 6 3 6 7 2 526 528 2 217 6.26
10 0 10 9 8 10 3 527 534 538 13 230 5.35
1 0 10 10 8 8 2 532 533 15 124 7.99
7 0 2 4 3 8 3 529 538 539 22 163 5.19
3 0 4 8 10 5 2 529 533 13 133 5.48
6 0 10 6 5 10 3 529 535 537 18 166 7.1
3 1 0 0 0 0 2 530 531 23 174 5.0
9 0 6 8 5 10 2 530 531 22 156 7.69
4 0 9 8 10 1 3 540 541 542 29 141 6.5
1 1 0 0 0 0 1 532 31 211 8.52
1 0 6 7 5 3 2 532 535 31 171 8.6
5 1 0 0 0 0 1 536 32 175 8.5
6 1 0 0 0 0 2 534 536 18 186 6.45
2 1 0 0 0 0 3 535 537 539 24 169 4.71
1 0 7 4 1 3 1 541 32 169 7.35
3 1 0 0 0 0 2 537 539 37 153 4.71
4 0 5 7 6 3 1 542 40 155 8.57
10 0 7 1 7 3 2 540 541 29 210 5.25
10 0 10 9 8 8 2 540 542 40 155 7.89
7 0 2 5 5 1 1 543 50 163 5.54
4 0 4 3 2 7 1 543 39 169 7.53
9 0 8 2 7 9 1 543 50 191 5.2
1 0 0 0 0 0 0 59 247 4.78
77.14 70.02 68.99 72.01 72.09 87.11 102.02 117.02 115.08 105.0 99.94 94.62 87.26 81.31 75.87 72.8 82.36 98.79 117.54 125.59 120.0 121.33 113.73 104.99 96.0 86.55 84.95 86.43 87.33 92.26 110.61 144.06 144.22 112.68 101.95 99.98 98.52 89.01 86.05 87.27 98.89 101.63 108.74 125.0 130.0 124.76 110.75 98.5 97.96 89.31 86.26 79.65 79.64 86.83 101.77 111.29 115.61 108.04 99.67 93.4 88.5 88.17 85.97 86.38 92.92 101.09 109.57 122.58 104.01 116.06 113.74 98.78 98.36 82.69 76.0 71.06 71.39 80.34 96.29 103.27 104.3 99.12 96.8 88.2 86.45 80.01 78.33 81.1 92.77 107.76 117.1 123.12 118.59 118.5 115.09 101.48 88.63 79.59 78.13 79.2 80.02 89.53 100.52 111.14 112.99 107.87 99.54 93.0 85.85 80.0 75.65 76.1 80.0 99.47 107.87 112.93 121.93 120.0 114.65 100.86 103.09 94.91 91.17 85.66 88.97 87.03 85.7 87.91 85.79 81.71 75.5 63.75 57.68 39.87 18.82 19.73 47.81 65.81 90.48 94.59 95.3 104.47 103.95 92.18 84.5 74.9 67.81 57.79 51.6 51.7 47.34 37.0 29.82 8.48 0.01 9.44 -7.68 -20.94 -29.64 -46.48 -2.61 14.89 37.12 75.0 84.47 88.46 89.62 70.05 77.14 70.02 68.99 72.01 72.09 87.11 102.02 117.02 115.08 105.0 99.94 94.62 87.26 81.31 75.87 72.8 82.36 98.79 117.54 125.59 120.0 121.33 113.73 104.99 96.0 86.55 84.95 86.43 87.33 92.26 110.61 144.06 144.22 112.68 101.95 99.98 98.52 89.01 86.05 87.27 98.89 101.63 108.74 125.0 130.0 124.76 110.75 98.5 97.96 89.31 86.26 79.65 79.64 86.83 101.77 111.29 115.61 108.04 99.67 93.4 88.5 88.17 85.97 86.38 92.92 101.09 109.57 122.58 104.01 116.06 113.74 98.78 98.36 82.69 76.0 71.06 71.39 80.34 96.29 103.27 104.3 99.12 96.8 88.2 86.45 80.01 78.33 81.1 92.77 107.76 117.1 123.12 118.59 118.5 115.09 101.48 88.63 79.59 78.13 79.2 80.02 89.53 100.52 111.14 112.99 107.87 99.54 93.0 85.85 80.0 75.65 76.1 80.0 99.47 107.87 112.93 121.93 120.0 114.65 100.86 103.09 94.91 91.17 85.66 88.97 87.03 85.7 87.91 85.79 81.71 75.5 63.75 57.68 39.87 18.82 19.73 47.81 65.81 90.48 94.59 95.3 104.47 103.95 92.18 84.5 74.9 67.81 57.79 51.6 51.7 47.34 37.0 29.82 8.48 0.01 9.44 -7.68 -20.94 -29.64 -46.48 -2.61 14.89 37.12 75.0 84.47 88.46 89.62 70.05 77.14 70.02 68.99 72.01 72.09 87.11 102.02 117.02 115.08 105.0 99.94 94.62 87.26 81.31 75.87 72.8 82.36 98.79 117.54 125.59 120.0 121.33 113.73 104.99 96.0 86.55 84.95 86.43 87.33 92.26 110.61 144.06 144.22 112.68 101.95 99.98 98.52 89.01 86.05 87.27 98.89 101.63 108.74 125.0 130.0 124.76 110.75 98.5 97.96 89.31 86.26 79.65 79.64 86.83 101.77 111.29 115.61 108.04 99.67 93.4 88.5 88.17 85.97 86.38 92.92 101.09 109.57 122.58 104.01 116.06 113.74 98.78 98.36 82.69 76.0 71.06 71.39 80.34 96.29 103.27 104.3 99.12 96.8 88.2 86.45 80.01 78.33 81.1 92.77 107.76 117.1 123.12 118.59 118.5 115.09 101.48 88.63 79.59 78.13 79.2 80.02 89.53 100.52 111.14 112.99 107.87 99.54 93.0 85.85 80.0 75.65 76.1 80.0 99.47 107.87 112.93 121.93 120.0 114.65 100.86 103.09 94.91 91.17 85.66 88.97 87.03 85.7 87.91 85.79 81.71 75.5 63.75 57.68 39.87 18.82 19.73 47.81 65.81 90.48 94.59 95.3 104.47 103.95 92.18 84.5 74.9 67.81 57.79 51.6 51.7 47.34 37.0 29.82 8.48 0.01 9.44 -7.68 -20.94 -29.64 -46.48 -2.61 14.89 37.12 75.0 84.47 88.46 89.62 70.05 77.14 70.02 68.99 72.01 72.09 87.11 102.02 117.02 115.08 105.0 99.94 94.62 87.26 81.31 75.87 72.8 82.36 98.79 117.54 125.59 120.0 121.33 113.73 104.99 96.0 86.55 84.95 86.43 87.33 92.26 110.61 144.06 144.22 112.68 101.95 99.98 98.52 89.01 86.05 87.27 98.89 101.63 108.74 125.0 130.0 124.76 110.75 98.5 97.96 89.31 86.26 79.65 79.64 86.83 101.77 111.29 115.61 108.04 99.67 93.4 88.5 88.17 85.97 86.38 92.92 101.09 109.57 122.58 104.01 116.06 113.74 98.78 98.36 82.69 76.0 71.06 71.39 80.34 96.29 103.27 104.3 99.12 96.8 88.2 86.45 80.01 78.33 81.1 92.77 107.76 117.1 123.12 118.59 118.5 115.09 101.48 88.63 79.59 78.13 79.2 80.02 89.53 100.52 111.14 112.99 107.87 99.54 93.0 85.85 80.0 75.65 76.1 80.0 99.47 107.87 112.93 121.93 120.0 114.65 100.86 103.09 94.91 91.17 85.66 88.97 87.03 85.7 87.91 85.79 81.71 75.5 63.75 57.68 39.87 18.82 19.73 47.81 65.81 90.48 94.59 95.3 104.47 103.95 92.18 84.5 74.9 67.81 57.79 51.6 51.7 47.34 37.0 29.82 8.48 0.01 9.44 -7.68 -20.94 -29.64 -46.48 -2.61 14.89 37.12 75.0 84.47 88.46 89.62 70.05 77.14 70.02 68.99 72.01 72.09 87.11 102.02 117.02 115.08 105.0 99.94 94.62 87.26 81.31 75.87 72.8 82.36 98.79 117.54 125.59 120.0 121.33 113.73 104.99 96.0 86.55 84.95 86.43 87.33 92.26 110.61 144.06 144.22 112.68 101.95 99.98 98.52 89.01 86.05 87.27 98.89 101.63 108.74 125.0 130.0 124.76 110.75 98.5 97.96 89.31 86.26 79.65 79.64 86.83 101.77 111.29 115.61 108.04 99.67 93.4 88.5 88.17 85.97 86.38 92.92 101.09 109.57 122.58 104.01 116.06 113.74 98.78 98.36 82.69 76.0 71.06 71.39 80.34 96.29 103.27 104.3 99.12 96.8 88.2 86.45 80.01 78.33 81.1 92.77 107.76 117.1 123.12 118.59 118.5 115.09 101.48 88.63 79.59 78.13 79.2 80.02 89.53 100.52 111.14 112.99 107.87 99.54 93.0 85.85 80.0 75.65 76.1 80.0 99.47 107.87 112.93 121.93 120.0 114.65 100.86 103.09 94.91 91.17 85.66 88.97 87.03 85.7 87.91 85.79 81.71 75.5 63.75 57.68 39.87 18.82 19.73 47.81 65.81 90.48 94.59 95.3 104.47 103.95 92.18 84.5 74.9 67.81 57.79 51.6 51.7 47.34 37.0 29.82 8.48 0.01 9.44 -7.68 -20.94 -29.64 -46.48 -2.61 14.89 37.12 75.0 84.47 88.46 89.62 70.05 77.14 70.02 68.99 72.01 72.09 87.11 102.02 117.02 115.08 105.0 99.94 94.62 87.26 81.31 75.87 72.8 82.36 98.79 117.54 125.59 120.0 121.33 113.73 104.99 96.0 86.55 84.95 86.43 87.33 92.26 110.61 144.06 144.22 112.68 101.95 99.98 98.52 89.01 86.05 87.27 98.89 101.63 108.74 125.0 130.0 124.76 110.75 98.5 97.96 89.31 86.26 79.65 79.64 86.83 101.77 111.29 115.61 108.04 99.67 93.4 88.5 88.17 85.97 86.38 92.92 101.09 109.57 122.58 104.01 116.06 113.74 98.78 98.36 82.69 76.0 71.06 71.39 80.34 96.29 103.27 104.3 99.12 96.8 88.2 86.45 80.01 78.33 81.1 92.77 107.76 117.1 123.12 118.59 118.5 115.09 101.48 88.63 79.59 78.13 79.2 80.02 89.53 100.52 111.14 112.99 107.87 99.54 93.0 85.85 80.0 75.65 76.1 80.0 99.47 107.87 112.93 121.93 120.0 114.65 100.86 103.09 94.91 91.17 85.66 88.97 87.03 85.7 87.91 85.79 81.71 75.5 63.75 57.68 39.87 18.82 19.73 47.81 65.81 90.48 94.59 95.3 104.47 103.95 92.18 84.5 74.9 67.81 57.79 51.6 51.7 47.34 37.0 29.82 8.48 0.01 9.44 -7.68 -20.94 -29.64 -46.48 -2.61 14.89 37.12 75.0 84.47 88.46 89.62 70.05 77.14 70.02 68.99 72.01 72.09 87.11 102.02 117.02 115.08 105.0 99.94 94.62 87.26 81.31 75.87 72.8 82.36 98.79 117.54 125.59 120.0 121.33 113.73 104.99 96.0 86.55 84.95 86.43 87.33 92.26 110.61 144.06 144.22 112.68 101.95 99.98 98.52 89.01 86.05 87.27 98.89 101.63 108.74 125.0 130.0 124.76 110.75 98.5 97.96 89.31 86.26 79.65 79.64 86.83 101.77 111.29
