576 5
1 43 40 44 35
1 0 0 0 0 0 3 1 2 3 0 222 10.31
1 0 4 6 3 4 3 7 8 15 1 215 8.75
8 0 2 6 6 2 3 9 14 19 1 212 14.65
6 0 6 7 7 6 3 4 7 14 1 178 10.24
6 0 1 9 6 2 3 5 10 22 7 188 13.31
4 0 7 9 5 6 3 6 15 18 13 144 9.92
8 0 9 6 1 6 2 11 17 17 178 9.81
7 0 7 3 8 2 3 11 12 18 7 131 14.95
9 0 7 5 1 7 3 9 10 24 2 176 10.44
4 0 5 4 7 8 2 17 22 11 143 13.32
1 0 7 7 2 5 3 17 18 25 13 156 13.94
6 0 4 5 9 5 3 13 19 27 25 178 13.51
5 0 2 5 6 3 3 13 16 19 14 160 8.2
6 1 0 0 0 0 2 23 24 31 170 13.83
10 0 5 7 4 10 1 20 9 145 14.51
10 0 6 8 2 1 2 24 27 17 155 12.94
2 0 4 9 8 1 3 21 22 27 19 216 9.17
6 1 0 0 0 0 1 30 25 208 13.97
6 0 7 5 8 3 3 20 21 29 17 152 7.64
5 0 2 8 3 5 3 20 21 25 31 147 9.96
3 0 6 10 6 2 1 23 36 227 12.57
2 0 2 10 4 8 1 26 36 172 10.89
9 1 0 0 0 0 2 23 26 21 178 11.92
10 0 9 5 9 4 2 28 30 39 216 10.44
9 0 10 8 8 5 3 25 26 29 37 231 13.13
2 0 10 9 8 9 1 28 46 263 7.96
8 0 1 10 7 4 1 30 46 244 8.3
7 0 7 1 1 7 2 28 29 31 160 7.7
3 0 8 5 5 3 1 31 49 218 10.17
7 0 5 10 10 7 1 31 46 195 9.79
2 0 8 2 3 6 1 31 54 234 14.42
1 0 0 0 0 0 0 56 242 12.15
1 0 0 0 0 0 3 33 34 35 0 210 12.73
6 0 8 0 0 0 3 40 52 54 1 197 10.64
3 0 0 0 0 2 3 36 37 39 1 171 8.98
5 0 0 0 0 1 3 38 41 43 1 180 9.26
6 0 7 0 0 0 3 42 48 50 4 205 9.46
10 0 6 0 0 0 3 38 41 46 4 184 10.72
5 0 6 0 0 0 3 50 52 58 14 185 7.9
2 0 0 0 7 0 3 40 43 49 4 138 12.88
10 0 0 0 0 4 2 48 53 7 167 14.9
10 0 0 0 0 10 3 45 51 58 14 205 8.13
7 0 0 0 10 0 3 44 45 51 10 200 9.58
10 0 0 0 0 8 3 47 48 53 6 236 12.02
3 0 4 0 0 0 3 47 55 57 17 173 9.82
6 1 0 0 0 0 3 49 52 54 24 180 10.44
8 0 5 0 0 0 2 47 62 14 170 14.25
10 0 0 0 2 0 1 60 22 246 13.88
1 0 1 0 0 0 2 56 58 17 135 7.86
1 1 0 0 0 0 1 56 30 222 8.12
1 0 0 0 8 0 2 51 57 19 178 9.1
8 0 0 8 0 0 3 53 54 55 24 159 11.79
3 1 0 0 0 0 3 55 57 60 30 211 11.87
3 1 0 0 0 0 2 60 61 32 231 13.75
8 0 0 0 3 0 1 62 32 221 11.91
10 1 0 0 0 0 1 56 33 210 11.1
6 0 0 0 0 8 2 59 61 43 210 14.16
5 0 0 8 0 0 1 59 33 179 9.18
10 1 0 0 0 0 2 59 61 24 174 13.17
9 0 0 3 0 0 1 62 49 177 15.1
8 1 0 0 0 0 1 63 35 221 10.11
1 0 0 3 0 0 1 63 49 259 14.43
9 0 0 0 2 0 1 63 58 280 12.26
1 0 0 0 0 0 0 67 224 12.45
1 0 0 0 0 0 3 65 66 67 0 214 13.16
3 0 0 0 9 0 2 73 94 1 169 9.04
9 0 0 7 0 0 3 68 77 85 1 183 11.26
4 0 9 0 0 2 2 69 70 1 195 12.75
10 0 10 3 3 10 2 71 78 10 200 10.65
9 0 0 0 8 4 2 72 82 5 156 8.65
2 0 2 6 1 0 1 94 5 139 7.99
4 0 8 0 8 4 3 74 79 80 20 193 14.69
4 0 0 0 4 0 1 75 14 145 13.84
10 0 0 0 8 0 2 76 82 4 201 12.99
7 0 10 0 0 0 1 76 24 174 12.1
7 1 0 0 0 0 2 77 89 18 185 7.98
1 1 0 0 0 0 2 92 93 31 165 10.47
6 0 0 10 8 0 1 91 25 246 14.25
7 1 0 0 0 0 1 81 20 143 12.5
1 1 0 0 0 0 1 83 24 207 13.7
1 0 3 0 0 0 2 82 84 24 198 11.38
4 0 10 6 1 0 1 94 27 249 8.99
6 1 0 0 0 0 1 92 25 189 8.59
6 1 0 0 0 0 1 93 25 202 11.83
5 1 0 0 0 0 1 86 25 250 15.16
6 0 5 0 0 0 2 87 90 10 139 12.96
6 1 0 0 0 0 2 87 89 30 180 8.82
10 0 0 8 0 5 1 88 36 206 12.99
4 0 0 4 0 9 2 91 92 46 173 11.35
7 0 9 0 5 0 1 90 36 225 12.4
3 0 0 9 0 5 1 91 43 262 12.45
6 0 2 8 3 8 1 93 50 199 7.9
9 0 0 0 0 7 1 95 50 216 14.14
1 0 0 0 0 4 1 95 56 254 8.9
10 0 5 0 0 7 1 95 31 178 10.11
1 0 0 0 0 0 0 59 242 14.04
1 0 0 0 0 0 3 97 98 99 0 173 10.34
10 0 0 0 6 1 2 117 125 1 194 11.99
1 0 7 0 0 8 3 100 101 106 1 184 10.06
9 0 0 0 2 4 1 112 1 128 8.99
5 0 3 0 0 3 3 102 114 121 2 191 9.64
2 0 4 9 0 0 3 103 107 117 2 192 10.37
2 0 0 0 10 9 3 105 108 109 7 195 10.89
5 0 0 8 0 2 3 104 113 120 4 179 9.92
6 0 0 10 0 5 2 110 111 9 183 12.5
7 0 0 5 5 3 3 107 113 123 9 195 10.23
3 0 0 0 7 10 3 110 114 124 2 203 13.8
1 0 0 9 9 7 1 126 16 151 8.29
7 1 0 0 0 0 2 113 119 9 186 9.94
7 0 0 8 0 0 2 115 116 9 165 8.41
4 0 2 0 1 0 2 116 125 15 191 14.48
8 0 10 10 0 0 2 112 115 15 170 14.66
9 1 0 0 0 0 3 114 119 121 23 219 12.24
9 0 7 0 6 6 2 116 125 16 231 10.92
9 0 6 0 0 8 1 122 32 164 8.08
3 1 0 0 0 0 1 118 23 140 7.98
9 0 5 0 0 0 1 126 25 197 14.34
6 0 4 0 4 0 2 120 122 11 139 13.45
5 1 0 0 0 0 2 119 122 26 165 14.68
9 1 0 0 0 0 1 123 32 200 14.68
6 1 0 0 0 0 1 121 17 157 11.99
7 0 4 0 0 4 1 123 32 222 8.88
6 0 6 1 5 0 1 126 41 213 8.37
7 0 0 8 0 7 1 124 41 257 12.77
6 0 1 1 0 0 1 127 48 201 11.68
8 0 0 5 0 0 1 127 25 232 14.16
9 0 5 0 0 0 1 127 47 218 14.89
1 0 0 0 0 0 0 56 246 9.41
1 0 0 0 0 0 3 129 130 131 0 134 11.81
10 0 0 10 0 0 3 135 151 155 1 196 11.45
3 0 0 0 6 0 3 133 140 142 1 183 14.76
10 0 0 0 0 4 3 132 134 135 1 166 14.75
4 0 0 0 0 8 3 136 140 141 11 152 13.67
10 0 0 9 0 0 3 143 146 149 4 207 8.72
10 0 0 0 4 0 3 137 138 139 11 146 9.05
3 0 0 0 0 8 3 140 145 153 11 171 10.04
3 0 0 0 9 0 3 143 145 155 15 190 11.04
8 0 0 4 0 0 2 142 149 21 179 10.81
8 0 0 0 6 0 2 144 149 21 250 10.89
7 0 9 0 0 0 3 144 145 152 21 142 14.41
1 0 0 0 0 4 2 143 158 15 192 11.4
10 0 0 0 0 4 3 147 152 154 15 195 14.99
7 1 0 0 0 0 3 144 146 150 29 199 8.3
3 0 10 0 0 0 1 148 18 218 10.1
10 0 3 0 0 0 3 147 151 158 36 185 14.41
4 1 0 0 0 0 3 148 150 158 28 189 9.3
4 1 0 0 0 0 3 147 148 151 36 240 13.36
10 0 0 0 6 0 1 155 46 256 14.06
7 0 0 0 0 7 1 154 40 189 13.58
10 1 0 0 0 0 3 150 152 154 29 165 9.01
10 0 8 0 0 0 2 156 157 39 169 10.95
4 0 0 0 6 0 2 153 156 46 244 12.37
2 1 0 0 0 0 1 153 39 164 12.35
1 0 0 0 10 0 1 157 50 173 8.89
7 0 6 0 0 0 1 157 47 180 8.09
2 0 0 3 0 0 1 156 56 245 10.62
2 0 0 0 9 0 1 159 58 227 9.97
10 0 0 0 9 0 1 159 54 242 11.37
5 0 0 0 0 10 1 159 46 179 14.74
1 0 0 0 0 0 0 64 272 13.2
1 0 0 0 0 0 3 161 162 163 0 162 13.76
2 0 0 0 0 9 3 166 177 178 1 142 13.61
5 0 0 0 0 1 3 164 165 169 1 212 11.38
4 0 0 0 7 0 3 167 169 180 1 147 11.98
6 0 0 0 0 8 3 166 168 175 6 142 12.87
9 0 0 2 0 0 3 170 172 174 6 163 14.16
8 0 0 3 0 0 3 172 189 190 12 184 14.52
1 0 2 0 0 0 3 171 172 175 5 225 10.35
9 0 0 0 2 0 3 170 178 184 12 223 14.74
5 0 0 0 0 6 3 173 183 184 6 230 10.1
10 1 0 0 0 0 3 173 180 187 21 232 9.83
9 0 0 0 9 0 2 176 179 6 163 14.69
6 0 2 0 0 0 2 173 182 20 155 10.75
7 0 0 0 7 0 1 188 31 212 13.27
1 0 10 0 0 0 3 175 176 180 15 202 12.84
5 0 0 6 0 0 3 182 185 186 16 184 13.42
1 0 0 0 0 5 1 177 16 173 11.19
4 0 0 9 0 0 3 181 183 184 17 208 10.94
10 1 0 0 0 0 3 179 181 190 21 252 13.09
4 1 0 0 0 0 2 182 183 31 184 14.86
3 0 8 0 0 0 2 181 186 31 146 14.12
8 0 0 0 5 0 1 188 34 232 9.49
7 0 0 0 0 1 1 188 35 182 10.23
2 0 2 0 0 0 2 185 187 35 183 8.37
7 1 0 0 0 0 3 185 186 187 21 235 9.98
7 0 8 0 0 0 1 189 37 228 14.4
8 0 0 4 0 0 1 190 34 207 10.44
2 0 0 0 3 0 1 189 37 232 9.81
4 0 0 0 1 0 1 191 42 255 14.06
8 0 0 0 0 10 1 191 44 219 9.73
1 0 0 8 0 0 1 191 42 181 11.5
1 0 0 0 0 0 0 52 195 9.91
1 0 0 0 0 0 3 193 194 195 0 146 7.69
8 0 6 0 0 0 3 198 210 217 1 202 13.81
7 0 10 0 4 6 3 196 200 218 1 174 13.13
3 0 8 0 0 8 2 201 208 1 211 14.19
7 0 0 10 5 3 3 197 199 214 8 153 13.36
3 1 0 0 0 0 2 209 211 15 208 8.45
9 0 0 0 0 4 1 212 9 177 8.57
3 0 0 0 0 3 1 203 15 241 10.95
9 0 0 6 0 0 1 204 8 216 14.0
4 0 0 10 8 10 3 202 205 207 4 176 13.64
3 0 7 0 0 8 2 213 217 8 233 10.51
9 1 0 0 0 0 1 215 18 186 10.37
4 1 0 0 0 0 1 206 17 244 8.79
10 0 5 9 0 5 2 212 215 8 232 7.93
7 1 0 0 0 0 1 215 21 151 13.02
2 1 0 0 0 0 1 221 8 174 13.27
8 0 10 0 1 7 1 220 4 136 7.83
6 1 0 0 0 0 2 213 219 18 195 13.62
1 1 0 0 0 0 1 212 9 211 13.28
9 1 0 0 0 0 2 221 222 18 236 14.3
2 1 0 0 0 0 1 213 18 170 13.67
6 0 0 8 5 8 2 216 220 24 199 14.67
3 0 0 6 5 6 1 219 15 230 10.09
4 0 0 6 0 0 1 216 28 195 14.4
10 0 0 0 0 5 1 222 32 204 10.11
7 0 6 0 8 0 1 222 11 160 14.62
1 0 8 0 3 4 1 221 8 206 10.32
1 0 7 6 0 0 1 220 24 165 9.58
9 0 0 0 6 0 1 223 30 247 12.2
4 0 10 10 0 4 1 223 27 222 12.72
1 0 0 0 0 7 1 223 42 256 10.71
1 0 0 0 0 0 0 43 247 10.39
1 0 0 0 0 0 3 225 226 227 0 219 8.58
7 0 0 2 0 0 3 230 235 251 1 167 13.03
4 0 0 0 4 0 3 228 234 239 1 224 10.23
1 0 0 0 7 0 3 229 231 236 1 117 14.14
5 0 0 0 0 4 3 236 238 251 5 200 13.34
9 0 0 0 6 0 3 233 238 246 2 219 13.82
7 0 0 0 5 0 3 231 239 240 8 193 8.08
5 0 0 0 0 7 3 232 237 241 15 212 11.83
7 1 0 0 0 0 3 243 244 248 20 149 11.02
10 0 0 0 0 2 3 240 242 248 11 195 12.38
8 0 0 0 0 9 3 237 247 249 5 155 9.46
2 0 0 10 0 0 3 236 241 245 8 225 8.35
6 0 0 8 0 0 3 240 247 248 10 192 11.27
2 1 0 0 0 0 2 238 246 20 233 10.38
6 1 0 0 0 0 2 245 250 22 160 13.75
5 1 0 0 0 0 3 241 245 250 15 132 9.61
7 1 0 0 0 0 2 244 252 21 247 9.11
4 0 10 0 0 0 3 243 246 247 20 135 13.31
9 0 0 0 0 5 3 243 244 251 21 227 14.13
3 0 6 0 0 0 1 253 30 207 9.04
7 0 0 0 2 0 2 249 250 30 205 14.12
7 1 0 0 0 0 1 252 28 212 9.92
6 0 0 0 0 9 1 253 24 249 15.13
5 0 0 8 0 0 1 252 24 242 7.86
6 1 0 0 0 0 1 249 27 239 12.17
10 0 8 0 0 0 2 253 254 37 211 7.86
2 0 0 5 0 0 1 254 37 168 11.66
5 0 0 0 3 0 1 254 30 170 10.53
3 0 0 9 0 0 1 255 35 193 13.41
7 0 0 0 1 0 1 255 47 243 10.92
5 0 5 0 0 0 1 255 47 262 11.98
1 0 0 0 0 0 0 54 237 12.37
1 0 0 0 0 0 3 257 258 259 0 115 7.64
9 0 8 4 0 4 3 262 273 276 1 143 11.42
7 0 7 4 4 0 3 260 264 267 1 233 8.53
8 0 0 6 0 4 3 261 263 284 1 201 12.54
9 0 0 0 4 0 3 266 270 271 8 201 8.12
3 0 3 8 0 1 3 265 271 273 9 231 10.81
6 0 3 0 0 0 3 265 266 267 10 225 10.38
6 0 6 0 0 1 3 269 273 277 9 137 13.45
7 0 0 1 0 0 3 265 274 279 8 237 9.18
3 0 0 0 8 0 3 269 277 278 16 184 13.72
6 0 9 6 6 0 3 269 279 280 17 157 12.64
4 0 0 0 0 9 3 268 272 274 16 198 11.18
10 0 0 10 5 9 3 271 275 279 20 169 11.7
4 1 0 0 0 0 2 272 275 23 150 11.23
9 0 0 0 1 0 3 272 276 281 17 155 14.41
6 1 0 0 0 0 3 277 282 285 30 171 13.45
2 1 0 0 0 0 1 282 27 229 9.69
1 0 0 1 1 0 3 274 278 286 15 193 13.0
8 0 0 1 0 0 1 280 20 205 14.25
7 1 0 0 0 0 1 281 30 182 11.41
9 0 0 9 7 3 3 278 283 284 26 219 8.58
1 0 0 3 6 0 1 283 36 254 14.35
6 0 7 8 6 0 1 280 35 209 11.45
1 1 0 0 0 0 2 281 284 30 201 10.94
8 0 0 10 0 4 1 285 41 260 8.09
1 0 8 0 0 0 2 282 285 37 158 8.05
5 0 4 0 0 9 1 283 38 235 12.82
1 0 0 5 0 1 1 286 43 228 11.81
5 0 3 0 4 0 1 287 35 191 10.37
5 0 10 4 0 0 1 287 49 187 9.76
9 0 9 4 9 0 1 287 44 255 12.51
1 0 0 0 0 0 0 54 201 8.22
1 0 0 0 0 0 3 289 290 291 0 135 10.99
7 0 3 10 4 4 3 292 302 308 1 217 11.78
10 0 5 8 9 8 3 294 295 301 1 227 12.85
2 0 4 4 3 9 3 298 301 311 1 211 14.96
6 0 7 5 9 10 3 293 296 297 8 132 9.71
8 0 4 7 3 4 3 295 300 317 14 225 9.91
1 0 2 6 9 7 3 300 302 308 11 208 10.13
8 1 0 0 0 0 2 303 305 22 156 12.47
1 0 10 4 8 3 3 298 303 307 14 171 9.0
7 0 10 10 3 1 3 299 305 306 14 239 12.37
4 0 4 1 4 5 3 304 310 313 15 141 7.84
6 1 0 0 0 0 3 300 301 309 21 205 9.3
4 0 7 7 8 10 2 303 318 27 240 10.28
9 1 0 0 0 0 3 310 314 316 27 211 10.62
10 0 8 1 3 9 3 305 306 307 12 164 13.32
1 1 0 0 0 0 1 304 31 224 13.9
7 0 10 2 8 5 1 316 32 233 13.63
8 0 6 3 3 8 3 311 312 313 30 251 14.34
6 1 0 0 0 0 3 309 314 315 22 241 10.41
2 0 6 2 1 2 2 312 315 22 140 10.93
5 0 6 5 9 1 3 309 310 314 12 152 8.77
6 1 0 0 0 0 3 311 312 313 28 181 9.06
2 0 2 10 8 4 1 315 36 181 12.53
2 0 10 10 7 7 1 316 38 211 14.48
6 0 6 7 9 5 1 318 38 194 9.65
9 0 8 6 4 7 1 318 38 220 11.21
4 0 7 5 7 7 1 317 36 211 9.29
10 0 2 10 9 4 1 317 38 236 15.02
3 0 7 9 6 6 1 319 40 261 11.13
5 0 10 4 6 4 1 319 48 207 12.62
8 0 9 4 4 9 1 319 47 259 11.5
1 0 0 0 0 0 0 55 240 9.62
1 0 0 0 0 0 3 321 322 323 0 116 11.95
5 0 9 5 5 4 2 328 340 1 208 11.69
5 0 1 3 10 4 3 325 326 329 1 132 11.48
9 0 10 1 7 5 2 324 334 1 229 8.1
9 0 3 8 3 2 3 327 332 335 10 174 13.32
2 0 1 10 2 5 2 332 344 6 177 15.14
6 0 5 1 2 3 3 330 331 339 6 204 12.51
4 1 0 0 0 0 1 341 19 150 11.48
1 0 1 1 10 6 3 343 347 349 6 175 12.81
2 0 6 1 9 6 1 334 6 154 8.46
6 0 3 10 4 9 1 341 12 164 7.96
10 0 3 9 8 7 3 332 333 336 12 225 8.36
2 0 5 5 5 4 2 341 348 22 158 13.27
10 1 0 0 0 0 3 342 343 347 22 206 13.19
9 0 3 9 7 2 2 337 342 10 224 11.89
2 1 0 0 0 0 3 338 340 342 19 185 11.43
4 0 8 1 5 3 3 337 340 345 22 154 9.58
4 1 0 0 0 0 2 338 347 26 157 8.34
3 1 0 0 0 0 1 343 30 148 10.61
4 1 0 0 0 0 1 349 12 199 15.21
6 0 6 4 9 3 2 344 346 26 229 12.74
1 1 0 0 0 0 1 345 24 192 8.98
9 0 4 6 8 6 1 350 32 240 10.88
5 0 4 1 10 8 2 344 350 33 147 10.77
7 0 2 10 7 4 1 348 38 181 8.67
7 0 8 2 7 9 1 346 26 213 9.53
10 0 4 9 9 2 1 349 33 235 10.5
4 0 2 10 10 8 2 348 350 32 250 14.7
2 0 4 4 7 10 1 351 45 181 14.48
1 0 3 6 6 8 1 351 43 172 11.63
3 0 5 8 10 2 1 351 41 161 9.72
1 0 0 0 0 0 0 47 259 10.7
1 0 0 0 0 0 3 353 354 355 0 228 13.91
10 0 2 0 0 0 3 368 371 372 1 129 12.01
3 0 8 0 0 0 3 360 361 364 1 157 9.55
1 0 0 5 0 0 3 356 359 363 1 188 8.07
1 0 0 0 6 0 3 357 358 365 2 195 9.74
7 0 5 0 0 0 2 362 370 3 175 8.06
10 0 0 6 0 0 2 361 379 3 172 15.01
4 0 0 0 6 0 3 360 369 376 2 136 10.84
7 0 0 3 0 0 3 367 368 371 6 210 15.05
2 1 0 0 0 0 2 362 376 13 148 11.5
4 1 0 0 0 0 2 366 374 15 159 10.35
2 0 0 5 0 0 1 375 2 229 10.94
1 0 0 3 0 0 3 369 375 377 4 144 13.87
4 0 0 0 8 0 3 366 367 382 3 176 10.42
7 0 0 0 7 0 2 377 380 19 156 7.69
9 0 2 0 0 0 1 380 13 133 14.74
10 0 1 0 0 0 1 373 13 243 10.55
8 0 0 7 0 0 1 370 6 214 10.67
5 0 0 9 0 0 1 378 14 170 8.56
10 0 0 5 0 0 1 374 13 210 12.77
9 1 0 0 0 0 1 376 11 218 11.85
2 0 0 0 0 2 3 374 379 380 23 241 10.49
3 0 0 8 0 0 2 375 377 25 141 10.83
6 0 0 0 0 9 1 381 28 232 13.7
9 0 5 0 0 0 1 382 20 183 11.93
2 0 0 0 0 9 1 381 28 164 8.27
9 0 4 0 0 0 2 379 381 19 158 11.67
4 0 0 10 0 0 1 382 28 172 13.16
7 0 0 0 0 10 1 383 26 163 15.11
2 0 0 0 0 4 1 383 34 240 11.6
1 0 0 0 6 0 1 383 32 193 11.13
1 0 0 0 0 0 0 36 221 11.13
1 0 0 0 0 0 3 385 386 387 0 182 14.54
4 0 5 6 7 7 3 393 395 403 1 199 14.89
5 0 8 7 6 10 3 389 399 405 1 155 8.41
3 0 6 9 4 6 2 388 389 1 220 15.14
6 0 8 2 10 4 3 392 395 402 4 212 11.26
6 0 5 6 4 10 3 390 393 394 6 235 8.38
1 0 7 5 10 6 3 391 400 403 12 134 9.2
1 0 4 9 8 9 3 398 401 410 13 226 9.33
10 0 8 4 1 7 3 399 403 405 10 134 13.34
5 0 4 6 6 5 3 396 398 408 12 150 9.44
6 0 2 10 1 9 3 396 406 407 12 188 13.34
5 0 3 1 9 4 3 396 399 407 10 149 10.03
3 1 0 0 0 0 3 397 400 412 18 242 12.6
9 1 0 0 0 0 2 410 413 21 166 8.41
9 0 6 9 3 6 3 406 412 414 17 237 14.78
7 1 0 0 0 0 3 400 401 411 20 224 14.73
9 0 3 2 5 6 3 404 409 413 27 216 14.21
6 0 1 9 1 10 1 408 27 155 14.72
2 0 4 3 8 10 2 404 405 10 130 13.43
4 1 0 0 0 0 2 404 406 20 214 8.56
1 0 5 2 9 5 1 410 36 183 9.47
4 0 10 7 1 1 3 407 408 411 20 197 9.34
9 0 3 1 3 4 1 411 26 197 8.35
9 0 2 7 10 4 1 409 24 207 14.64
4 0 2 2 5 9 2 409 412 33 253 10.49
3 0 9 5 2 7 1 414 37 255 12.61
6 0 5 6 9 9 1 414 37 230 14.9
8 0 1 9 7 3 1 413 35 234 8.48
4 0 2 7 10 8 1 415 37 240 9.66
2 0 6 9 4 5 1 415 43 227 12.43
1 0 9 6 7 9 1 415 43 201 14.67
1 0 0 0 0 0 0 45 184 8.42
1 0 0 0 0 0 3 417 418 419 0 220 9.83
7 0 0 4 1 6 2 422 435 1 201 14.15
3 0 0 1 0 0 1 426 1 175 13.91
3 0 8 1 5 0 3 420 421 425 1 222 9.42
8 0 8 0 0 0 3 429 433 440 4 224 8.4
3 0 2 0 3 0 3 422 429 431 4 129 14.23
1 0 0 3 8 0 3 423 426 428 8 187 7.94
9 0 4 7 0 0 3 424 436 440 9 197 13.55
4 0 8 6 0 0 1 427 18 161 8.17
3 0 5 0 4 5 1 437 4 207 10.38
1 1 0 0 0 0 2 430 432 9 125 7.91
8 1 0 0 0 0 3 437 441 442 22 236 12.72
8 0 0 10 0 10 2 434 443 9 175 11.54
10 0 10 3 0 0 2 436 442 12 190 13.75
5 0 0 9 4 0 3 434 439 441 10 179 12.54
6 1 0 0 0 0 3 432 434 438 7 210 12.02
4 0 10 4 3 0 1 437 13 165 10.1
7 0 0 2 10 3 1 439 12 154 11.0
6 0 0 7 0 3 1 442 17 162 9.35
4 0 0 3 0 0 1 441 8 219 12.77
5 1 0 0 0 0 2 438 443 22 239 9.3
8 0 0 4 4 0 1 445 30 217 13.23
8 0 5 0 6 0 2 439 445 27 202 8.54
2 0 5 0 0 0 1 444 35 248 10.45
3 1 0 0 0 0 3 443 444 445 18 204 11.97
5 0 7 3 0 0 2 444 446 30 217 12.72
1 0 3 3 0 7 1 446 30 232 13.21
5 0 8 0 0 6 1 446 27 149 11.29
6 0 0 0 5 0 1 447 37 182 9.91
6 0 0 1 0 0 1 447 38 197 11.68
6 0 6 0 0 5 1 447 35 165 11.83
1 0 0 0 0 0 0 44 179 8.69
1 0 0 0 0 0 3 449 450 451 0 217 13.07
6 0 3 0 0 9 3 454 456 466 1 132 9.58
3 0 7 0 0 8 2 456 457 1 192 12.34
6 0 0 0 0 9 3 452 458 460 1 120 11.33
7 0 0 4 0 9 3 453 454 456 7 165 13.98
9 0 0 5 0 9 3 461 464 467 14 189 10.59
10 0 3 0 0 7 3 455 459 463 14 178 10.22
9 1 0 0 0 0 2 464 473 24 236 8.06
2 0 5 0 0 1 3 462 463 464 14 219 7.75
6 0 0 0 0 10 3 458 461 467 4 158 8.13
3 0 6 2 2 0 2 466 474 10 221 13.52
3 0 6 10 0 0 3 462 465 470 24 223 9.94
4 0 5 4 0 0 3 468 470 475 7 211 12.32
9 0 0 0 1 8 3 466 470 471 23 176 8.17
7 1 0 0 0 0 3 468 469 472 27 221 11.88
4 1 0 0 0 0 3 469 471 478 24 149 11.38
1 1 0 0 0 0 3 471 474 476 33 215 10.55
1 1 0 0 0 0 2 467 472 27 182 12.72
6 1 0 0 0 0 2 468 478 32 201 13.91
10 1 0 0 0 0 2 469 478 28 165 7.99
4 1 0 0 0 0 1 473 38 176 7.88
10 0 7 3 10 8 3 473 474 475 38 187 12.61
2 1 0 0 0 0 1 476 32 240 8.26
6 0 0 8 0 3 2 472 475 34 242 11.91
6 0 3 0 3 1 1 477 40 260 10.01
10 0 3 3 2 0 1 476 48 236 14.84
8 0 7 8 3 0 1 477 48 189 15.15
2 0 4 0 0 0 1 477 48 175 14.42
8 0 10 4 0 0 1 479 58 189 13.12
10 0 4 6 10 0 1 479 56 199 10.28
5 0 8 0 8 0 1 479 38 171 9.43
1 0 0 0 0 0 0 66 189 9.05
1 0 0 0 0 0 3 481 482 483 0 186 8.14
1 0 3 7 8 2 3 486 488 490 1 144 13.65
7 0 10 8 8 3 3 484 485 487 1 190 13.99
6 0 4 3 10 8 3 493 495 501 1 180 9.56
5 1 0 0 0 0 3 500 501 504 8 199 8.32
8 0 1 2 5 2 2 491 503 8 172 9.91
7 0 4 3 5 7 3 489 493 494 2 141 14.32
5 0 10 8 7 6 3 493 494 506 8 181 8.21
9 0 5 6 10 1 2 491 502 2 163 12.44
9 0 2 8 3 7 3 491 495 499 9 151 10.27
3 0 8 1 8 7 2 492 496 2 168 8.51
6 0 6 6 1 4 2 506 510 18 198 14.73
10 0 2 2 7 7 3 497 498 502 5 135 14.54
7 0 7 1 6 3 3 496 499 500 13 225 14.29
9 0 8 3 2 3 3 495 496 499 13 144 7.64
6 1 0 0 0 0 2 497 498 22 150 11.11
6 1 0 0 0 0 3 497 504 505 22 139 8.47
7 0 3 1 2 3 1 509 28 146 7.93
3 1 0 0 0 0 2 500 507 28 211 13.71
7 0 4 6 10 4 2 502 503 22 160 14.52
9 0 6 3 5 7 2 503 508 31 247 12.95
8 0 2 8 3 1 2 505 506 13 225 14.08
5 0 2 2 2 3 2 504 507 29 145 10.03
1 0 7 5 10 10 1 505 40 212 10.61
9 0 6 7 2 1 2 508 510 34 207 12.27
6 0 2 2 4 10 2 509 510 41 162 9.77
2 0 9 9 9 6 2 507 509 24 170 7.79
10 0 6 5 9 5 1 508 34 172 13.96
3 0 8 6 2 8 1 511 44 263 10.1
4 0 5 5 5 4 1 511 47 235 14.45
9 0 9 3 6 4 1 511 47 242 12.4
1 0 0 0 0 0 0 56 259 10.09
1 0 0 0 0 0 3 513 514 515 0 185 13.9
7 0 0 0 0 3 3 516 520 534 1 196 9.06
10 0 0 0 3 0 2 521 523 1 218 10.62
5 0 0 4 0 0 3 517 525 542 1 123 9.44
7 0 0 3 0 0 2 517 518 8 198 14.47
8 0 0 0 10 0 3 519 524 526 15 190 12.06
1 0 6 0 0 0 3 519 536 542 15 198 10.19
9 1 0 0 0 0 3 521 522 538 23 166 9.3
6 0 0 0 2 0 3 521 529 531 8 147 11.28
2 1 0 0 0 0 1 540 32 225 11.92
6 1 0 0 0 0 2 530 539 32 163 14.07
6 0 10 0 0 0 2 528 535 11 239 9.79
8 0 8 0 0 0 3 527 530 533 23 234 11.23
5 0 0 7 0 0 1 530 6 236 9.21
4 0 0 9 0 0 2 527 531 23 189 9.18
8 0 1 0 0 0 2 532 539 31 199 12.82
4 0 0 0 0 5 1 536 17 155 10.84
8 0 0 0 0 3 2 532 535 14 223 11.58
10 0 0 0 0 9 1 532 38 170 14.98
7 1 0 0 0 0 2 533 537 27 155 11.75
6 0 0 0 2 0 1 537 48 258 9.62
3 1 0 0 0 0 1 536 34 162 10.79
6 0 0 6 0 0 2 537 538 8 141 8.84
8 0 3 0 0 0 1 542 22 143 10.52
9 0 0 0 0 3 2 538 539 37 179 15.13
4 0 0 7 0 0 1 541 54 241 11.95
2 0 0 0 6 0 2 540 541 46 190 8.45
3 0 0 0 0 5 1 540 46 188 14.38
10 0 0 0 3 0 1 543 49 179 13.96
2 0 0 0 4 0 1 543 58 270 10.71
6 1 0 0 0 0 1 543 30 170 14.76
1 0 0 0 0 0 0 60 200 11.08
1 0 0 0 0 0 3 545 546 547 0 146 9.19
6 0 0 0 0 9 2 560 562 1 164 8.67
7 0 7 0 1 9 3 551 554 561 1 139 10.43
7 0 10 3 1 8 3 548 549 571 1 137 12.56
4 0 6 1 3 0 2 550 564 8 176 10.51
10 0 0 7 5 0 1 552 8 209 10.07
1 0 9 0 2 9 2 555 573 12 201 12.19
1 0 2 0 0 3 1 571 8 169 10.62
6 1 0 0 0 0 2 553 569 18 189 12.99
2 0 2 0 0 0 2 563 568 24 208 8.44
9 0 2 9 9 0 1 570 8 141 13.88
4 0 4 2 7 7 3 556 559 560 13 212 8.43
4 1 0 0 0 0 1 557 17 235 8.89
6 1 0 0 0 0 3 558 562 567 21 162 12.65
6 0 0 10 2 8 2 566 570 27 167 7.95
8 0 7 10 0 9 1 563 17 144 14.94
3 0 1 6 4 9 1 565 17 220 13.79
2 0 7 2 8 7 1 574 8 190 12.78
8 0 4 4 8 7 1 568 27 163 13.47
9 1 0 0 0 0 1 565 26 182 13.25
8 0 6 3 0 0 1 568 12 209 8.04
6 0 5 8 5 2 1 572 35 235 11.68
8 0 7 0 7 1 1 569 33 196 12.51
4 1 0 0 0 0 2 569 574 27 175 14.99
4 0 5 7 0 8 1 572 35 197 9.01
1 0 1 7 4 9 1 572 41 227 10.3
1 0 0 7 8 5 1 574 33 189 10.96
6 0 0 3 6 9 1 573 9 162 10.73
4 0 4 9 9 7 1 575 42 176 9.03
8 1 0 0 0 0 1 575 15 151 12.34
8 0 7 4 6 6 1 575 34 210 9.17
1 0 0 0 0 0 0 46 188 12.82
145.0 143.73 145.19 141.8 140.1 148.93 175.75 200.65 213.39 200.92 185.1 179.26 168.16 158.99 162.77 169.42 181.8 198.94 213.5 205.38 186.21 166.52 159.7 154.0 146.39 143.13 140.96 140.21 141.62 149.15 170.54 198.04 214.16 191.85 173.16 151.91 151.24 148.36 158.0 171.98 189.98 222.26 245.6 229.0 199.07 188.18 173.45 163.2 160.14 155.24 150.01 148.02 145.97 151.51 175.71 196.64 216.85 178.92 141.24 137.26 136.57 136.67 143.01 150.74 163.27 183.99 192.45 170.43 157.15 146.27 133.88 127.17 117.02 123.95 120.74 120.15 125.13 137.96 161.87 184.3 159.44 144.69 128.32 112.26 109.82 109.88 118.86 154.83 168.45 170.0 170.0 150.65 161.22 133.29 120.44 116.12 125.6 124.9 115.96 118.01 120.79 129.64 155.74 185.52 197.02 157.68 130.62 136.89 126.24 124.62 130.54 145.51 160.0 170.0 167.74 150.29 142.1 151.52 118.64 115.92 120.01 120.01 119.39 120.01 120.01 164.64 140.0 155.0 157.0 157.0 156.1 134.79 121.18 140.0 131.12 126.24 141.47 159.98 160.0 146.61 143.56 137.97 143.8 138.77 130.6 126.28 131.77 127.92 125.38 125.2 126.39 129.47 149.4 145.04 145.56 140.07 129.89 120.0 120.0 124.63 135.16 158.54 168.42 170.04 160.9 148.49 156.69 144.95 145.0 143.73 145.19 141.8 140.1 148.93 175.75 200.65 213.39 200.92 185.1 179.26 168.16 158.99 162.77 169.42 181.8 198.94 213.5 205.38 186.21 166.52 159.7 154.0 146.39 143.13 140.96 140.21 141.62 149.15 170.54 198.04 214.16 191.85 173.16 151.91 151.24 148.36 158.0 171.98 189.98 222.26 245.6 229.0 199.07 188.18 173.45 163.2 160.14 155.24 150.01 148.02 145.97 151.51 175.71 196.64 216.85 178.92 141.24 137.26 136.57 136.67 143.01 150.74 163.27 183.99 192.45 170.43 157.15 146.27 133.88 127.17 117.02 123.95 120.74 120.15 125.13 137.96 161.87 184.3 159.44 144.69 128.32 112.26 109.82 109.88 118.86 154.83 168.45 170.0 170.0 150.65 161.22 133.29 120.44 116.12 125.6 124.9 115.96 118.01 120.79 129.64 155.74 185.52 197.02 157.68 130.62 136.89 126.24 124.62 130.54 145.51 160.0 170.0 167.74 150.29 142.1 151.52 118.64 115.92 120.01 120.01 119.39 120.01 120.01 164.64 140.0 155.0 157.0 157.0 156.1 134.79 121.18 140.0 131.12 126.24 141.47 159.98 160.0 146.61 143.56 137.97 143.8 138.77 130.6 126.28 131.77 127.92 125.38 125.2 126.39 129.47 149.4 145.04 145.56 140.07 129.89 120.0 120.0 124.63 135.16 158.54 168.42 170.04 160.9 148.49 156.69 144.95 145.0 143.73 145.19 141.8 140.1 148.93 175.75 200.65 213.39 200.92 185.1 179.26 168.16 158.99 162.77 169.42 181.8 198.94 213.5 205.38 186.21 166.52 159.7 154.0 146.39 143.13 140.96 140.21 141.62 149.15 170.54 198.04 214.16 191.85 173.16 151.91 151.24 148.36 158.0 171.98 189.98 222.26 245.6 229.0 199.07 188.18 173.45 163.2 160.14 155.24 150.01 148.02 145.97 151.51 175.71 196.64 216.85 178.92 141.24 137.26 136.57 136.67 143.01 150.74 163.27 183.99 192.45 170.43 157.15 146.27 133.88 127.17 117.02 123.95 120.74 120.15 125.13 137.96 161.87 184.3 159.44 144.69 128.32 112.26 109.82 109.88 118.86 154.83 168.45 170.0 170.0 150.65 161.22 133.29 120.44 116.12 125.6 124.9 115.96 118.01 120.79 129.64 155.74 185.52 197.02 157.68 130.62 136.89 126.24 124.62 130.54 145.51 160.0 170.0 167.74 150.29 142.1 151.52 118.64 115.92 120.01 120.01 119.39 120.01 120.01 164.64 140.0 155.0 157.0 157.0 156.1 134.79 121.18 140.0 131.12 126.24 141.47 159.98 160.0 146.61 143.56 137.97 143.8 138.77 130.6 126.28 131.77 127.92 125.38 125.2 126.39 129.47 149.4 145.04 145.56 140.07 129.89 120.0 120.0 124.63 135.16 158.54 168.42 170.04 160.9 148.49 156.69 144.95 145.0 143.73 145.19 141.8 140.1 148.93 175.75 200.65 213.39 200.92 185.1 179.26 168.16 158.99 162.77 169.42 181.8 198.94 213.5 205.38 186.21 166.52 159.7 154.0 146.39 143.13 140.96 140.21 141.62 149.15 170.54 198.04 214.16 191.85 173.16 151.91 151.24 148.36 158.0 171.98 189.98 222.26 245.6 229.0 199.07 188.18 173.45 163.2 160.14 155.24 150.01 148.02 145.97 151.51 175.71 196.64 216.85 178.92 141.24 137.26 136.57 136.67 143.01 150.74 163.27 183.99 192.45 170.43 157.15 146.27 133.88 127.17 117.02 123.95 120.74 120.15 125.13 137.96 161.87 184.3 159.44 144.69 128.32 112.26 109.82 109.88 118.86 154.83 168.45 170.0 170.0 150.65 161.22 133.29 120.44 116.12 125.6 124.9 115.96 118.01 120.79 129.64 155.74 185.52 197.02 157.68 130.62 136.89 126.24 124.62 130.54 145.51 160.0 170.0 167.74 150.29 142.1 151.52 118.64 115.92 120.01 120.01 119.39 120.01 120.01 164.64 140.0 155.0 157.0 157.0 156.1 134.79 121.18 140.0 131.12 126.24 141.47 159.98 160.0 146.61 143.56 137.97 143.8 138.77 130.6 126.28 131.77 127.92 125.38 125.2 126.39 129.47 149.4 145.04 145.56 140.07 129.89 120.0 120.0 124.63 135.16 158.54 168.42 170.04 160.9 148.49 156.69 144.95 145.0 143.73 145.19 141.8 140.1 148.93 175.75 200.65 213.39 200.92 185.1 179.26 168.16 158.99 162.77 169.42 181.8 198.94 213.5 205.38 186.21 166.52 159.7 154.0 146.39 143.13 140.96 140.21 141.62 149.15 170.54 198.04 214.16 191.85 173.16 151.91 151.24 148.36 158.0 171.98 189.98 222.26 245.6 229.0 199.07 188.18 173.45 163.2 160.14 155.24 150.01 148.02 145.97 151.51 175.71 196.64 216.85 178.92 141.24 137.26 136.57 136.67 143.01 150.74 163.27 183.99 192.45 170.43 157.15 146.27 133.88 127.17 117.02 123.95 120.74 120.15 125.13 137.96 161.87 184.3 159.44 144.69 128.32 112.26 109.82 109.88 118.86 154.83 168.45 170.0 170.0 150.65 161.22 133.29 120.44 116.12 125.6 124.9 115.96 118.01 120.79 129.64 155.74 185.52 197.02 157.68 130.62 136.89 126.24 124.62 130.54 145.51 160.0 170.0 167.74 150.29 142.1 151.52 118.64 115.92 120.01 120.01 119.39 120.01 120.01 164.64 140.0 155.0 157.0 157.0 156.1 134.79 121.18 140.0 131.12 126.24 141.47 159.98 160.0 146.61 143.56 137.97 143.8 138.77 130.6 126.28 131.77 127.92 125.38 125.2 126.39 129.47 149.4 145.04 145.56 140.07 129.89 120.0 120.0 124.63 135.16 158.54 168.42 170.04 160.9 148.49 156.69 144.95 145.0 143.73 145.19 141.8 140.1 148.93 175.75 200.65 213.39 200.92 185.1 179.26 168.16 158.99 162.77 169.42 181.8 198.94 213.5 205.38 186.21 166.52 159.7 154.0 146.39 143.13 140.96 140.21 141.62 149.15 170.54 198.04 214.16 191.85 173.16 151.91 151.24 148.36 158.0 171.98 189.98 222.26 245.6 229.0 199.07 188.18 173.45 163.2 160.14 155.24 150.01 148.02 145.97 151.51 175.71 196.64 216.85 178.92 141.24 137.26 136.57 136.67 143.01 150.74 163.27 183.99 192.45 170.43 157.15 146.27 133.88 127.17 117.02 123.95 120.74 120.15 125.13 137.96 161.87 184.3 159.44 144.69 128.32 112.26 109.82 109.88 118.86 154.83 168.45 170.0 170.0 150.65 161.22 133.29 120.44 116.12 125.6 124.9 115.96 118.01 120.79 129.64 155.74 185.52 197.02 157.68 130.62 136.89 126.24 124.62 130.54 145.51 160.0 170.0 167.74 150.29 142.1 151.52 118.64 115.92 120.01 120.01 119.39 120.01 120.01 164.64 140.0 155.0 157.0 157.0 156.1 134.79 121.18 140.0 131.12 126.24 141.47 159.98 160.0 146.61 143.56 137.97 143.8 138.77 130.6 126.28 131.77 127.92 125.38 125.2 126.39 129.47 149.4 145.04 145.56 140.07 129.89 120.0 120.0 124.63 135.16 158.54 168.42 170.04 160.9 148.49 156.69 144.95 145.0 143.73 145.19 141.8 140.1 148.93 175.75 200.65 213.39 200.92 185.1 179.26 168.16 158.99 162.77 169.42 181.8 198.94 213.5 205.38 186.21 166.52 159.7 154.0 146.39 143.13 140.96 140.21 141.62 149.15 170.54 198.04 214.16 191.85 173.16 151.91 151.24 148.36 158.0 171.98 189.98 222.26 245.6 229.0 199.07 188.18 173.45 163.2 160.14 155.24 150.01 148.02 145.97 151.51 175.71 196.64 216.85 178.92 141.24 137.26 136.57 136.67 143.01 150.74 163.27 183.99 192.45 170.43 157.15 146.27 133.88 127.17 117.02 123.95 120.74 120.15 125.13 137.96 161.87 184.3 159.44 144.69 128.32 112.26 109.82 109.88 118.86 154.83 168.45 170.0 170.0 150.65 161.22 133.29 120.44 116.12 125.6 124.9 115.96 118.01 120.79 129.64 155.74 185.52 197.02 157.68 130.62 136.89 126.24 124.62 130.54 145.51 160.0 170.0 167.74 150.29 142.1 151.52 118.64 115.92 120.01 120.01 119.39 120.01 120.01 164.64 140.0 155.0
