576 5
1 33 33 27 28
1 0 0 0 0 0 3 1 2 3 0 168 10.82
7 0 1 9 7 2 1 4 1 181 11.4
7 0 6 10 2 1 3 5 8 14 1 119 13.3
6 0 6 5 2 4 3 6 18 28 1 142 7.97
7 0 5 9 9 2 3 7 11 20 8 146 8.44
7 0 10 2 7 7 2 10 17 8 186 10.53
7 0 7 2 5 2 1 15 7 131 12.24
3 0 3 5 7 8 2 9 22 15 219 13.17
4 0 1 9 5 1 1 21 8 139 11.24
6 1 0 0 0 0 3 23 27 29 18 165 6.81
2 0 6 8 1 10 2 11 20 15 177 12.16
1 0 8 8 2 8 3 12 13 15 17 145 8.32
1 1 0 0 0 0 1 16 18 186 12.22
5 0 6 9 7 4 3 19 21 22 18 181 8.6
3 0 4 7 8 5 2 15 17 8 155 11.73
4 1 0 0 0 0 1 30 18 144 10.28
1 1 0 0 0 0 2 21 26 19 204 10.45
6 0 9 5 3 9 3 22 24 29 15 181 10.1
5 0 8 10 10 7 2 24 26 7 203 10.48
4 1 0 0 0 0 2 23 25 23 204 11.57
10 0 2 8 5 4 3 23 25 27 17 134 8.29
5 0 9 9 8 1 1 25 23 153 13.4
9 0 8 5 1 9 1 27 23 224 11.76
7 1 0 0 0 0 2 24 26 27 219 12.01
10 0 9 1 10 4 1 30 34 200 11.48
5 0 5 9 10 9 2 28 29 28 235 7.17
6 0 5 8 6 5 1 30 34 230 8.18
6 0 1 8 5 10 1 28 32 197 9.87
7 0 2 3 9 10 1 31 38 235 10.38
7 0 8 5 6 9 1 31 33 204 8.14
7 0 3 1 4 5 1 31 44 179 13.45
1 0 0 0 0 0 0 51 218 8.63
1 0 0 0 0 0 3 33 34 35 0 164 12.99
3 0 7 8 10 4 3 36 43 51 1 114 10.36
4 0 6 5 3 1 3 36 38 40 1 199 7.05
5 0 4 10 10 10 3 37 46 50 1 223 11.29
8 0 8 2 8 1 3 39 42 44 5 212 10.23
1 0 1 1 6 10 3 43 45 47 6 129 10.72
5 0 8 4 5 7 3 55 56 62 5 211 12.83
4 0 4 5 9 3 3 41 48 58 13 231 12.65
8 0 2 3 8 1 3 43 45 54 5 168 10.68
10 0 3 9 4 7 3 45 49 50 17 182 10.8
4 0 1 7 2 9 2 46 52 13 203 10.64
3 0 7 5 4 9 3 44 48 57 13 169 12.67
10 1 0 0 0 0 3 53 59 60 16 151 13.1
6 1 0 0 0 0 1 52 27 144 12.89
6 0 1 7 4 10 3 49 54 57 17 176 12.36
10 0 7 5 5 4 3 48 51 52 7 136 8.52
9 0 5 5 9 9 3 49 55 60 17 235 9.69
8 0 8 2 1 6 1 56 27 154 13.23
6 0 5 5 7 3 2 53 55 27 195 9.07
1 0 7 5 8 4 3 54 57 59 17 219 10.99
9 0 7 10 1 6 3 53 59 60 33 245 9.53
5 0 6 7 3 9 1 56 42 225 12.24
4 1 0 0 0 0 1 58 23 211 13.35
3 0 6 9 7 2 1 61 33 239 8.74
6 0 2 3 1 4 1 61 47 254 7.7
10 1 0 0 0 0 2 58 61 23 160 10.94
9 0 4 3 4 2 1 62 33 254 7.26
6 0 8 9 7 9 1 62 42 212 7.34
9 0 9 7 10 3 1 63 42 259 8.83
5 0 2 9 8 1 1 63 53 247 7.3
10 0 5 2 7 9 1 63 48 177 7.6
1 0 0 0 0 0 0 58 266 8.65
1 0 0 0 0 0 3 65 66 67 0 221 11.87
5 0 0 9 8 0 3 71 76 79 1 165 8.04
9 0 5 1 0 0 3 73 79 83 1 188 11.86
1 0 0 0 0 3 3 68 69 70 1 135 12.87
5 0 2 5 0 0 3 74 75 78 2 184 7.81
5 0 0 3 0 2 3 72 73 81 2 176 6.98
7 0 0 6 0 0 3 71 73 77 2 136 8.1
5 0 0 6 0 0 3 82 85 94 9 149 13.49
6 0 0 0 10 0 3 79 80 89 7 149 11.22
2 0 0 9 3 0 3 78 82 91 10 135 9.8
5 0 0 0 0 1 3 80 81 89 7 215 12.46
7 0 0 1 0 3 2 76 86 7 219 9.38
2 1 0 0 0 0 3 80 81 88 14 131 13.4
2 0 4 0 0 4 3 82 84 85 9 223 11.66
9 0 3 0 2 0 2 85 87 12 145 7.82
10 0 0 5 0 1 2 87 91 13 177 12.02
3 1 0 0 0 0 2 84 87 16 212 8.66
6 0 0 0 3 0 2 92 93 16 204 12.73
4 1 0 0 0 0 1 86 14 158 11.3
10 0 0 0 0 10 2 84 88 10 226 9.49
10 1 0 0 0 0 2 90 91 20 169 10.28
1 1 0 0 0 0 1 86 21 217 12.44
3 0 1 2 8 5 2 88 90 22 152 9.54
1 0 1 0 6 0 2 90 94 23 214 12.5
4 0 10 5 0 0 1 89 25 162 11.58
5 0 1 0 9 0 1 93 29 207 7.75
2 0 3 0 10 7 1 92 30 184 9.13
8 0 2 0 5 5 3 92 93 94 30 147 8.44
9 0 5 0 0 4 1 95 38 181 12.32
5 0 3 7 2 0 1 95 38 219 8.45
4 0 1 2 4 0 1 95 38 187 8.59
1 0 0 0 0 0 0 47 258 11.82
1 0 0 0 0 0 3 97 98 99 0 195 7.44
9 0 2 0 0 0 3 108 110 112 1 149 11.51
9 0 0 10 4 0 3 100 101 103 1 196 10.46
2 0 0 5 0 0 3 102 104 106 1 213 13.48
2 0 6 3 9 0 3 110 112 113 10 184 10.91
1 0 0 0 7 0 2 110 119 10 193 11.62
2 0 0 0 6 2 3 109 111 117 3 143 10.53
10 0 5 0 0 4 2 105 113 10 191 7.17
5 0 1 0 0 6 3 108 113 115 3 132 7.01
3 1 0 0 0 0 3 107 115 119 20 145 13.59
4 0 5 7 0 9 3 107 111 121 3 215 10.31
3 1 0 0 0 0 3 114 116 123 23 133 11.67
6 0 1 0 0 0 3 109 111 114 10 214 7.7
6 0 0 2 0 0 2 116 118 16 236 13.58
2 1 0 0 0 0 3 120 122 126 12 189 11.62
6 0 0 2 0 1 3 119 122 124 16 130 7.07
6 0 0 1 4 10 3 114 115 121 12 160 7.31
4 0 0 0 10 3 3 116 117 118 20 142 8.22
5 1 0 0 0 0 1 117 26 189 13.21
1 0 6 3 0 1 2 120 126 23 171 11.55
3 1 0 0 0 0 1 125 26 141 7.33
9 0 6 0 2 0 1 120 31 232 11.14
3 0 10 0 6 8 2 121 122 24 180 10.18
7 1 0 0 0 0 1 126 23 239 11.12
3 0 0 2 0 4 2 124 125 40 156 10.31
1 1 0 0 0 0 2 123 124 27 234 10.42
2 1 0 0 0 0 1 123 27 184 10.9
2 0 3 9 0 10 1 125 29 212 10.91
7 0 2 6 0 8 1 127 43 233 12.24
7 0 0 0 8 9 1 127 43 248 7.3
1 1 0 0 0 0 1 127 30 198 10.63
1 0 0 0 0 0 0 50 259 8.43
1 0 0 0 0 0 3 129 130 131 0 221 11.84
9 0 6 1 8 6 3 132 136 138 1 220 8.81
1 0 0 9 5 0 3 135 142 149 1 185 10.68
3 0 7 0 0 1 3 140 144 149 1 178 13.31
7 0 2 0 7 8 3 133 137 146 10 196 13.58
4 0 2 9 8 9 3 134 140 145 17 208 11.1
9 0 6 5 9 0 3 139 141 152 21 198 10.4
3 0 9 0 3 2 3 137 145 146 2 187 8.71
6 0 3 0 0 0 3 140 142 153 10 134 10.26
1 0 3 5 2 8 3 148 150 151 17 233 8.87
4 0 0 6 4 10 3 147 151 152 10 128 8.3
6 0 0 10 8 9 3 143 150 154 30 159 13.5
5 0 6 5 3 2 3 143 157 158 21 149 10.27
7 1 0 0 0 0 3 143 144 149 30 172 8.38
4 0 6 9 0 8 2 144 146 16 200 12.79
1 0 0 6 8 10 1 147 37 183 7.43
9 0 1 2 0 1 2 147 155 37 221 7.89
7 1 0 0 0 0 2 152 154 21 243 10.5
4 0 0 10 0 9 2 148 154 20 152 8.38
1 0 0 5 1 8 1 148 46 206 7.51
10 0 7 0 2 3 1 156 47 243 8.97
8 0 1 9 3 10 2 150 151 37 199 9.87
7 0 5 9 6 10 2 153 155 45 236 8.27
2 0 4 10 0 5 1 157 45 211 13.16
5 0 0 3 0 4 1 153 30 157 11.36
4 0 4 0 5 3 2 156 158 52 231 12.47
8 1 0 0 0 0 3 155 156 157 36 250 12.03
8 0 0 8 7 8 1 158 52 180 13.1
5 0 4 6 8 0 1 159 57 221 12.57
1 0 0 4 9 1 1 159 47 225 9.33
6 0 4 9 0 3 1 159 60 218 13.2
1 0 0 0 0 0 0 66 182 13.16
1 0 0 0 0 0 3 161 162 163 0 188 11.33
4 0 4 0 0 0 3 165 170 172 1 158 11.5
7 0 8 0 0 0 3 164 166 175 1 208 11.88
8 0 10 0 0 0 3 164 168 172 1 161 7.16
5 0 0 0 0 8 3 171 173 180 9 145 12.52
7 0 0 0 6 0 3 169 176 185 5 142 9.77
5 0 0 0 0 1 3 167 172 182 8 179 11.92
1 0 0 5 0 0 3 171 174 189 13 210 9.17
1 0 0 0 0 1 3 173 175 178 9 167 12.22
4 0 0 0 2 0 3 173 175 183 12 222 8.48
10 0 2 0 0 0 3 171 185 186 5 206 7.45
2 0 0 0 10 0 2 176 179 15 196 9.5
8 0 3 0 0 0 3 174 176 183 13 204 8.25
7 0 0 10 0 0 3 174 177 184 16 237 12.38
1 1 0 0 0 0 2 181 188 23 174 13.25
5 0 0 0 1 0 3 182 184 188 16 155 7.83
2 0 0 0 6 0 1 181 21 214 11.8
3 0 0 0 7 0 1 179 23 160 7.02
1 0 3 0 0 0 3 180 184 185 10 218 13.05
1 0 0 0 5 0 1 188 26 134 8.67
7 1 0 0 0 0 3 181 182 183 14 231 8.92
4 0 10 0 0 0 1 190 24 137 11.4
7 0 7 0 0 0 2 187 190 21 219 11.43
8 1 0 0 0 0 2 186 187 21 178 10.02
7 0 0 0 10 0 2 186 189 23 184 10.17
4 1 0 0 0 0 1 187 15 180 12.99
7 0 6 0 0 0 1 190 30 144 7.79
4 0 0 8 0 0 1 189 29 148 13.2
5 0 0 5 0 0 1 191 27 171 7.11
7 0 2 0 0 0 1 191 33 166 11.2
7 0 0 0 6 0 1 191 37 240 9.09
1 0 0 0 0 0 0 44 220 9.87
1 0 0 0 0 0 3 193 194 195 0 177 11.85
8 0 9 10 7 4 3 200 201 206 1 129 8.52
7 0 9 3 4 6 3 199 205 216 1 225 9.93
9 0 1 7 2 5 3 196 197 202 1 211 12.16
7 0 5 4 5 2 3 203 206 209 10 206 9.14
5 0 7 5 10 5 3 198 199 216 10 193 7.15
10 0 3 5 10 2 3 200 205 209 15 187 7.47
5 0 8 8 9 9 3 204 207 212 15 172 12.11
7 1 0 0 0 0 3 204 211 212 25 217 7.18
8 0 1 10 5 10 3 204 207 209 9 175 10.95
10 0 7 6 5 2 3 207 210 214 10 163 11.48
7 0 10 7 3 5 3 212 216 218 17 168 12.81
5 1 0 0 0 0 2 208 220 32 211 10.05
8 0 7 1 8 10 2 219 222 25 236 7.87
7 0 10 5 3 2 3 210 213 214 17 162 12.37
8 0 3 4 2 5 1 211 20 164 10.36
8 1 0 0 0 0 3 210 215 217 37 251 6.8
8 0 9 9 3 9 2 213 219 25 218 10.38
7 0 5 6 6 10 1 218 45 208 9.74
3 0 1 10 5 5 2 218 220 32 147 8.39
7 1 0 0 0 0 2 213 214 32 156 7.74
6 0 4 2 1 2 2 215 217 39 160 7.78
9 0 7 7 10 8 3 215 217 220 39 226 9.58
2 0 5 2 4 7 1 221 48 202 13.33
2 0 5 3 6 9 2 221 222 24 148 7.25
10 0 7 9 8 4 1 222 48 215 9.14
3 0 9 1 1 2 1 219 52 186 10.35
3 0 2 4 1 7 1 221 55 192 7.21
4 0 4 6 10 10 1 223 48 251 9.87
7 0 4 8 9 4 1 223 58 193 9.02
1 0 9 6 7 9 1 223 58 231 9.88
1 0 0 0 0 0 0 65 206 8.29
1 0 0 0 0 0 3 225 226 227 0 180 12.9
4 0 0 1 0 0 3 234 235 236 1 156 11.6
10 0 0 0 0 3 3 230 237 242 1 167 10.2
7 0 0 7 0 0 3 228 231 244 1 175 7.62
6 0 0 0 0 8 3 229 233 239 8 183 10.29
5 0 3 0 0 0 3 236 238 240 14 144 12.24
4 0 0 0 0 6 3 231 235 241 11 147 13.25
5 0 0 0 6 0 2 232 238 15 230 12.02
1 0 0 0 5 0 2 248 251 20 229 12.46
9 0 2 0 0 0 3 236 237 252 14 204 10.08
4 0 1 0 0 0 3 237 242 247 5 161 12.94
7 0 9 0 0 0 3 238 244 248 15 204 7.11
6 0 0 6 0 0 2 241 253 23 203 9.82
8 0 0 0 0 6 2 246 250 23 233 10.71
5 1 0 0 0 0 3 243 245 247 22 188 11.37
1 0 7 0 0 0 3 243 247 250 14 128 8.09
10 0 0 0 7 0 3 241 243 245 19 176 7.06
10 0 0 0 0 5 1 251 29 147 8.44
9 0 0 0 0 5 2 244 248 11 169 7.61
4 1 0 0 0 0 3 246 252 254 29 209 8.67
10 1 0 0 0 0 1 245 22 160 8.04
3 1 0 0 0 0 2 246 250 32 206 8.85
8 0 6 0 0 0 1 249 35 175 12.03
1 1 0 0 0 0 2 249 252 27 171 7.59
2 1 0 0 0 0 2 249 254 22 182 10.37
6 0 0 0 0 2 1 253 43 169 7.72
4 0 0 5 0 0 2 251 253 35 186 7.66
5 0 1 0 0 0 1 254 39 170 7.27
3 1 0 0 0 0 1 255 33 199 10.99
8 0 0 0 9 0 1 255 49 207 7.79
8 0 0 1 0 0 1 255 44 252 8.78
1 0 0 0 0 0 0 57 175 10.33
1 0 0 0 0 0 3 257 258 259 0 117 10.01
10 0 0 8 0 0 3 262 270 276 1 212 10.3
2 0 0 2 8 0 3 260 261 265 1 132 8.99
8 0 0 0 8 3 2 263 267 1 161 12.33
6 0 2 8 0 0 3 264 273 278 3 138 12.6
2 0 0 1 0 0 3 264 269 271 3 141 11.97
6 0 0 4 0 7 3 268 277 278 11 136 10.49
10 0 10 9 1 2 3 269 271 272 9 225 11.13
4 0 0 3 0 8 2 266 272 9 149 8.32
1 0 5 8 7 0 3 267 269 274 3 182 7.24
5 1 0 0 0 0 3 274 276 281 13 176 10.04
1 0 0 0 0 1 3 268 276 282 9 158 7.56
6 1 0 0 0 0 2 273 275 17 196 10.01
8 0 0 0 7 8 3 273 281 283 19 226 11.7
1 0 2 0 0 8 3 272 274 275 11 198 10.09
6 0 0 0 0 4 3 275 277 279 19 198 12.38
4 1 0 0 0 0 3 277 279 286 19 178 12.87
6 1 0 0 0 0 1 280 27 161 12.54
4 0 0 6 0 0 3 282 284 286 18 131 8.67
3 0 7 10 0 1 2 280 285 25 230 7.73
3 1 0 0 0 0 3 280 283 284 18 168 7.4
9 1 0 0 0 0 1 281 25 169 7.96
8 0 3 7 0 0 1 279 17 207 8.03
9 1 0 0 0 0 2 282 284 25 148 6.99
7 0 2 9 0 2 1 286 33 174 13.01
1 1 0 0 0 0 1 285 34 185 7.65
9 0 3 0 6 0 1 283 34 251 9.62
9 0 2 0 3 0 1 285 43 159 12.47
3 1 0 0 0 0 1 287 34 177 8.3
4 0 0 7 7 9 1 287 52 160 12.71
9 0 0 0 0 7 1 287 40 167 9.0
1 0 0 0 0 0 0 56 209 7.61
1 0 0 0 0 0 3 289 290 291 0 158 7.25
2 0 7 3 5 0 3 293 295 298 1 142 10.16
8 0 0 6 0 3 3 292 294 301 1 131 7.12
7 0 1 4 8 5 3 298 303 304 1 197 8.12
8 0 8 0 10 0 2 299 310 9 164 10.6
3 0 6 2 0 7 2 311 313 3 170 9.87
5 0 3 5 0 4 2 307 309 9 158 9.77
9 0 0 0 10 3 3 296 297 304 3 177 9.25
7 1 0 0 0 0 2 300 311 12 215 13.38
8 0 10 10 8 0 3 302 303 311 12 143 11.47
8 0 6 4 0 1 1 302 8 168 8.41
4 1 0 0 0 0 3 307 309 318 17 190 10.11
10 0 8 6 6 0 1 310 19 225 7.64
5 0 4 0 10 7 1 312 9 221 7.28
7 1 0 0 0 0 2 308 309 20 151 9.51
10 0 8 8 5 2 3 305 310 316 20 204 11.26
3 1 0 0 0 0 1 313 12 127 9.54
1 1 0 0 0 0 2 306 308 30 150 12.96
1 0 0 8 8 10 1 317 31 211 11.4
7 0 4 4 7 4 2 312 316 21 148 12.53
8 0 9 0 6 9 1 314 31 219 12.48
4 0 10 3 7 0 1 315 27 177 11.6
1 0 0 0 7 9 2 312 318 30 156 13.57
1 0 9 0 0 3 2 314 315 20 193 8.65
2 0 7 0 8 7 1 317 31 143 7.68
2 1 0 0 0 0 2 314 315 15 175 11.2
4 0 7 6 7 8 2 317 318 39 166 12.2
8 0 4 0 9 2 1 316 31 237 7.76
1 0 2 9 4 10 1 319 39 230 6.94
2 0 3 0 1 4 1 319 43 242 11.25
3 0 0 2 0 1 1 319 43 162 7.7
1 0 0 0 0 0 0 46 189 11.0
1 0 0 0 0 0 3 321 322 323 0 190 10.4
2 0 0 9 0 0 3 324 325 326 1 130 7.61
7 0 0 0 2 0 3 329 333 334 1 218 11.03
9 0 8 6 0 3 3 324 326 327 1 177 7.2
7 1 0 0 0 0 3 331 332 336 10 228 11.45
6 0 8 0 2 0 3 330 332 337 3 155 9.83
2 0 0 8 0 0 3 328 333 347 10 168 10.54
2 0 0 10 7 0 3 333 341 344 10 185 13.16
8 0 0 3 0 0 3 331 340 350 12 198 8.01
6 0 1 0 0 10 1 330 8 130 13.2
8 0 10 6 0 6 2 335 336 14 152 11.07
2 0 7 3 0 0 2 335 343 20 146 7.83
1 1 0 0 0 0 3 335 338 341 17 235 12.32
9 1 0 0 0 0 3 340 342 343 12 184 12.62
3 0 0 4 0 2 3 339 341 344 8 227 6.97
7 0 0 9 5 0 1 349 22 152 8.91
2 0 0 0 2 0 2 338 339 22 141 6.87
3 0 0 0 5 9 3 338 340 344 9 212 10.37
7 1 0 0 0 0 3 342 347 348 24 181 13.44
8 1 0 0 0 0 2 342 346 24 239 13.1
6 1 0 0 0 0 2 345 348 21 137 8.23
6 1 0 0 0 0 2 343 346 18 165 11.86
2 0 6 10 0 5 2 345 350 32 146 9.97
3 1 0 0 0 0 1 348 24 215 9.34
8 0 7 0 6 0 3 345 346 350 12 148 9.83
6 0 6 10 5 0 1 349 34 163 10.35
9 0 0 3 0 9 1 347 32 191 9.74
4 0 0 0 0 8 1 349 41 183 10.24
8 0 4 8 9 10 1 351 31 248 8.62
2 0 0 4 0 5 1 351 45 162 7.09
9 0 5 0 0 5 1 351 34 243 11.42
1 0 0 0 0 0 0 47 189 13.54
1 0 0 0 0 0 3 353 354 355 0 202 10.66
10 0 0 6 0 10 1 358 1 183 11.43
4 0 1 8 7 3 3 357 364 365 1 175 11.01
5 0 1 4 10 6 3 356 359 360 1 207 8.55
6 0 4 5 7 3 2 371 378 6 126 7.74
2 0 5 4 0 0 3 366 372 379 5 175 10.79
9 0 10 7 10 1 3 361 362 363 11 209 9.78
5 0 6 0 5 7 3 367 370 380 6 167 12.55
8 0 4 0 3 3 2 374 376 6 141 10.87
4 0 1 7 9 6 1 366 20 176 8.67
2 1 0 0 0 0 1 368 20 171 11.67
1 1 0 0 0 0 1 372 20 140 13.11
4 0 0 4 5 8 1 368 5 136 7.23
7 0 5 10 10 10 1 378 5 193 11.74
4 0 0 0 8 8 2 373 375 24 190 13.0
5 0 3 0 0 1 1 379 11 164 7.19
10 0 7 0 5 8 1 369 22 213 12.4
1 0 6 3 9 8 1 375 32 231 6.84
5 0 0 0 6 0 1 377 11 172 11.42
2 0 10 8 0 2 2 375 377 12 188 12.53
6 0 3 4 6 10 1 376 21 172 7.92
9 0 3 0 3 4 1 381 28 176 13.27
2 0 0 1 1 4 1 379 14 223 12.15
4 0 0 0 8 2 1 381 33 245 9.87
10 1 0 0 0 0 1 378 27 169 11.48
9 1 0 0 0 0 1 382 16 192 10.3
9 0 6 5 5 6 1 382 37 204 7.31
7 1 0 0 0 0 2 381 382 16 235 12.6
7 1 0 0 0 0 1 383 11 217 11.37
1 0 8 7 0 9 1 383 37 149 11.18
7 0 10 4 4 9 1 383 46 179 7.39
1 0 0 0 0 0 0 53 165 7.74
1 0 0 0 0 0 3 385 386 387 0 113 7.21
8 0 2 3 3 8 3 388 405 409 1 168 11.24
5 0 2 3 0 1 3 393 404 414 1 125 7.59
9 0 7 0 0 0 3 391 392 395 1 154 7.6
3 0 5 1 0 1 3 389 399 410 9 123 8.08
6 0 4 8 1 0 2 390 401 12 192 7.38
8 1 0 0 0 0 2 392 408 18 206 10.56
8 0 0 0 0 5 3 397 400 413 10 228 10.9
10 0 5 0 0 0 3 398 406 412 26 227 7.64
1 0 0 7 0 0 3 394 396 398 6 159 11.56
5 0 2 3 0 0 2 400 408 7 219 9.38
7 0 10 6 0 8 2 402 405 10 144 10.51
10 0 0 0 4 0 1 410 7 141 8.97
3 1 0 0 0 0 2 405 408 18 163 12.64
2 0 7 7 0 0 1 413 36 219 7.58
6 0 3 10 0 4 2 401 403 12 136 12.56
4 1 0 0 0 0 2 407 409 18 220 9.24
5 1 0 0 0 0 2 402 411 18 187 7.57
6 0 8 0 9 4 1 406 23 233 11.42
6 1 0 0 0 0 3 404 406 413 18 132 10.92
7 1 0 0 0 0 1 407 24 198 10.1
3 1 0 0 0 0 2 407 414 21 150 7.92
8 0 3 0 3 5 1 414 36 159 9.98
8 0 0 0 7 0 1 411 31 241 11.76
4 0 3 8 0 0 1 411 26 209 8.4
2 1 0 0 0 0 1 410 22 220 9.18
3 0 0 0 0 2 1 412 24 186 8.82
5 0 1 7 9 0 1 412 39 203 7.84
3 0 0 0 9 7 1 415 44 256 10.55
2 0 0 5 0 8 1 415 38 152 9.45
8 0 0 0 0 2 1 415 44 205 9.1
1 0 0 0 0 0 0 52 206 10.11
1 0 0 0 0 0 3 417 418 419 0 114 8.76
1 0 4 0 7 0 3 420 421 423 1 163 12.48
6 0 4 3 2 0 3 422 427 431 1 155 8.94
5 0 4 6 1 2 3 424 426 441 1 194 9.2
6 0 9 3 4 10 3 422 424 430 2 117 13.46
6 0 8 7 0 10 3 424 434 435 2 161 13.5
6 0 6 8 3 7 3 425 432 439 8 200 9.08
7 0 9 9 0 4 1 442 2 216 11.5
1 0 7 7 9 4 3 427 432 446 8 212 10.81
4 0 6 7 10 0 1 428 14 192 12.14
1 0 0 7 7 2 2 429 433 6 147 13.38
4 0 0 2 8 8 2 443 444 9 158 12.99
3 0 2 8 9 10 1 436 18 180 6.83
2 0 4 10 1 2 2 435 436 7 183 7.54
7 0 6 0 2 0 2 439 445 8 138 8.02
7 0 3 3 3 7 2 438 440 7 204 11.89
8 0 10 0 6 5 1 445 14 203 11.59
9 0 5 6 7 0 2 435 436 7 221 11.55
1 0 3 0 2 0 2 440 442 8 216 9.8
2 0 6 10 0 0 2 437 439 16 214 9.76
7 1 0 0 0 0 3 438 444 446 21 177 12.71
5 1 0 0 0 0 1 438 18 203 12.52
5 0 0 7 0 5 1 442 28 163 9.25
9 1 0 0 0 0 1 446 18 175 11.1
4 1 0 0 0 0 2 441 444 14 138 7.3
1 0 7 10 0 9 1 443 18 156 11.89
10 0 8 6 0 0 1 443 33 234 7.61
10 0 9 2 7 2 1 445 43 256 10.07
7 1 0 0 0 0 1 447 28 222 11.92
8 0 8 1 0 0 1 447 53 267 11.04
8 1 0 0 0 0 1 447 28 160 7.21
1 0 0 0 0 0 0 61 247 9.77
1 0 0 0 0 0 3 449 450 451 0 151 12.02
9 0 1 6 2 3 3 454 466 477 1 218 7.05
4 0 5 2 10 6 2 453 459 1 206 8.09
9 0 2 3 3 9 3 452 456 467 1 214 8.31
8 0 6 4 7 1 3 457 464 470 10 168 8.57
4 0 2 6 8 9 3 460 461 467 5 193 12.31
2 0 7 7 5 6 1 455 10 205 8.04
4 0 9 6 9 10 3 458 462 472 12 128 12.58
2 0 8 5 2 6 3 461 462 471 10 127 12.91
4 0 1 4 1 10 3 463 465 476 18 190 8.24
7 0 9 9 8 9 3 463 467 468 16 147 10.42
5 1 0 0 0 0 2 473 477 5 163 9.84
10 0 5 7 3 2 1 474 9 224 9.21
5 0 4 7 6 4 1 464 12 215 11.49
2 0 4 2 2 10 3 468 469 470 16 186 10.36
9 1 0 0 0 0 2 469 471 23 208 11.66
10 0 8 8 5 5 1 478 18 137 11.72
3 0 1 9 3 7 3 468 469 471 22 165 8.36
9 0 3 3 7 3 3 472 473 476 10 231 8.49
10 0 8 10 6 10 1 476 23 227 13.44
6 0 7 4 4 4 1 478 25 222 12.67
8 1 0 0 0 0 1 473 32 227 9.63
9 0 6 4 8 1 1 475 18 207 10.19
1 1 0 0 0 0 1 474 32 205 8.69
1 1 0 0 0 0 1 475 19 132 9.18
6 0 7 4 8 10 1 474 40 198 10.02
9 0 10 9 6 10 1 475 46 189 11.25
6 0 7 8 3 1 1 478 55 237 13.34
3 0 2 1 9 7 1 479 33 218 7.78
10 0 2 5 6 1 1 479 10 172 12.27
2 0 5 5 2 8 1 479 61 223 12.45
1 0 0 0 0 0 0 63 202 11.82
1 0 0 0 0 0 3 481 482 483 0 144 8.65
5 0 0 0 8 0 3 484 485 486 1 165 8.17
6 0 0 0 0 5 3 487 496 499 1 157 12.02
8 0 5 0 0 0 3 490 495 505 1 218 7.73
6 0 0 0 0 4 2 488 498 6 131 9.82
5 0 0 0 4 0 1 497 6 156 9.92
4 0 0 0 1 0 2 497 504 6 219 9.34
6 0 0 0 6 0 3 489 494 506 7 138 12.46
5 0 0 3 0 0 3 491 492 493 12 202 10.94
8 0 0 0 0 3 1 490 13 142 11.23
10 1 0 0 0 0 1 508 21 201 8.39
8 0 0 0 0 8 1 504 17 168 11.78
9 0 0 0 0 4 3 495 506 508 17 152 11.8
7 0 0 0 0 1 2 499 510 17 214 9.0
3 0 0 0 2 0 3 495 498 501 13 196 7.6
9 1 0 0 0 0 3 497 500 502 26 153 9.25
1 0 0 10 0 0 1 501 7 224 12.2
1 0 0 7 0 0 1 509 35 237 8.15
6 0 0 0 0 1 3 500 503 504 16 186 7.52
6 1 0 0 0 0 2 505 506 24 227 11.43
6 0 5 0 0 0 1 507 35 196 7.61
7 0 0 0 9 0 3 502 503 505 16 164 8.55
5 0 0 0 0 4 1 510 35 184 13.4
6 1 0 0 0 0 1 509 23 169 8.54
8 1 0 0 0 0 1 510 25 175 10.85
5 1 0 0 0 0 2 507 508 30 179 7.6
3 0 2 0 0 0 1 507 30 217 8.4
8 0 0 9 0 0 1 509 41 176 10.59
6 0 0 0 3 0 1 511 35 230 7.39
10 0 0 0 0 6 1 511 49 165 12.92
8 0 0 0 0 10 1 511 40 256 11.85
1 0 0 0 0 0 0 59 267 12.59
1 0 0 0 0 0 3 513 514 515 0 113 9.17
4 0 0 0 9 0 1 530 1 168 13.44
1 0 8 2 0 0 3 518 519 525 1 195 9.22
1 0 6 2 0 0 3 516 520 536 1 114 10.53
8 0 0 0 4 0 2 517 525 2 159 11.67
4 0 0 4 1 0 3 523 528 534 10 143 11.89
8 0 0 8 3 9 1 533 2 172 11.14
7 0 9 0 10 0 3 521 536 542 2 121 11.1
10 0 2 0 2 8 1 540 2 220 12.72
9 0 0 9 0 0 2 522 524 9 185 11.87
3 1 0 0 0 0 1 535 18 168 7.12
10 0 6 0 0 8 1 527 14 216 13.06
8 0 0 10 0 0 3 526 530 538 18 230 10.22
5 0 0 0 10 0 1 529 10 192 7.35
8 0 10 0 4 4 1 537 26 183 7.64
1 1 0 0 0 0 1 539 24 145 13.25
4 0 1 0 8 10 1 539 14 158 12.15
9 0 0 0 5 6 1 531 15 166 9.24
8 1 0 0 0 0 2 532 537 26 169 13.09
7 0 10 6 9 4 2 533 535 24 233 8.94
8 0 0 0 5 0 2 534 535 34 197 7.96
4 0 6 0 1 0 1 542 31 237 13.2
10 0 5 0 10 0 1 541 42 216 11.56
3 0 0 10 6 3 1 540 42 195 10.54
2 1 0 0 0 0 1 539 9 151 13.59
4 1 0 0 0 0 1 540 34 179 10.48
6 0 9 0 0 0 1 541 26 186 9.8
7 0 0 0 3 7 1 541 25 222 11.78
3 0 0 1 6 0 1 543 45 247 7.92
2 0 0 0 3 5 1 543 52 168 10.21
10 0 2 10 0 8 1 543 35 163 13.49
1 0 0 0 0 0 0 54 241 9.61
1 0 0 0 0 0 3 545 546 547 0 153 11.22
7 0 6 0 0 0 3 549 551 552 1 153 13.07
10 0 0 8 0 0 3 550 554 561 1 133 8.77
2 0 4 0 0 0 3 548 550 551 1 181 9.49
3 0 5 0 0 0 3 564 565 567 3 145 8.83
2 0 6 0 0 0 2 550 553 8 198 6.86
1 0 0 0 0 10 2 555 557 11 156 10.39
3 0 0 9 0 0 3 556 558 563 8 162 10.03
5 0 9 0 0 0 3 553 555 557 8 211 9.69
10 0 0 0 1 0 3 558 559 563 13 164 9.32
9 0 0 0 0 3 2 557 567 11 186 13.58
9 0 0 5 0 0 3 559 564 568 13 218 9.41
3 0 0 0 2 0 3 560 562 564 11 162 9.61
5 0 0 0 0 10 2 572 573 20 142 9.43
1 0 0 0 0 8 1 560 23 236 9.58
6 1 0 0 0 0 2 562 571 23 177 8.17
6 0 2 0 0 0 3 561 567 571 24 239 12.95
9 0 0 0 0 9 3 565 566 568 30 216 9.95
5 1 0 0 0 0 2 566 570 29 215 13.37
2 1 0 0 0 0 3 565 569 573 23 222 11.23
9 1 0 0 0 0 3 566 569 571 22 174 11.02
3 0 1 0 0 0 2 570 574 39 167 8.59
5 0 0 0 4 0 1 573 39 237 9.62
8 1 0 0 0 0 2 568 569 30 243 6.93
2 0 0 0 6 0 1 572 39 244 7.31
3 0 9 0 0 0 2 570 574 38 250 9.32
10 0 0 0 10 0 1 572 42 197 11.67
2 1 0 0 0 0 1 574 31 158 9.0
8 0 0 0 0 5 1 575 52 228 9.5
1 0 0 0 3 0 1 575 44 229 11.89
9 0 0 0 0 6 1 575 42 249 7.79
1 0 0 0 0 0 0 60 241 12.39
84.42 86.67 85.85 84.8 86.32 98.33 123.46 149.8 125.0 101.94 85.83 76.73 65.92 61.47 70.56 79.89 101.44 132.42 210.51 413.66 308.52 150.28 119.37 108.69 108.12 109.21 106.31 104.25 104.21 107.35 182.39 294.59 193.65 125.7 102.57 96.01 84.74 84.27 87.45 94.85 105.81 131.17 192.68 386.4 210.0 130.02 112.62 105.9 104.86 103.61 100.57 101.42 100.87 110.31 133.35 216.33 165.29 122.31 113.97 114.82 103.58 96.03 86.56 95.58 110.26 126.54 170.59 276.46 172.73 117.57 98.94 84.59 85.95 83.19 75.65 67.14 66.2 71.23 105.95 123.07 121.14 104.81 76.01 38.73 51.48 49.23 57.64 54.03 46.92 89.09 126.33 188.92 151.12 116.25 92.43 81.94 48.33 42.49 35.11 33.23 41.42 73.44 114.49 123.43 109.04 92.68 58.95 49.64 47.43 46.93 59.75 76.99 92.55 97.99 130.14 200.52 165.0 119.39 104.84 98.65 94.3 79.39 72.93 73.75 79.32 82.83 86.36 78.23 72.18 54.48 14.27 2.37 0.0 0.01 0.01 0.02 41.22 101.57 123.7 142.34 127.6 113.87 100.62 88.1 85.5 77.16 79.68 84.97 92.72 99.3 99.25 103.59 107.52 87.7 61.58 17.66 6.57 0.0 -0.01 0.0 19.63 95.86 126.39 153.29 126.73 96.36 88.69 59.17 45.18 38.07 18.19 16.89 17.23 77.52 251.79 162.58 143.47 88.21 22.55 18.6 25.0 33.72 29.71 62.02 84.92 100.0 140.0 105.0 120.61 98.72 69.71 9.48 33.47 58.49 63.4 77.12 73.94 62.83 131.6 195.0 145.3 119.72 80.87 52.97 66.91 59.72 71.3 87.25 138.17 238.48 146.08 149.05 111.0 98.67 103.88 66.86 70.8 63.52 50.97 47.81 57.66 70.46 112.71 124.24 112.69 94.26 69.34 43.5 12.04 8.56 11.66 45.8 83.64 109.11 114.0 170.32 136.63 110.0 100.0 78.66 57.64 49.63 38.85 38.75 49.22 75.94 115.0 117.81 112.9 91.36 66.01 5.94 0.2 0.0 0.0 0.53 51.54 120.86 144.94 212.26 147.12 110.0 102.07 88.2 74.09 72.22 70.58 70.29 70.38 86.1 118.42 141.48 117.45 92.51 53.21 13.12 0.99 0.0 0.0 11.97 76.93 118.68 255.21 409.24 167.05 110.91 95.47 80.03 90.15 80.58 77.19 77.04 77.0 82.66 91.11 89.67 77.66 24.91 0.98 -0.89 -7.45 -10.25 -4.7 0.1 28.84 96.69 118.22 126.99 95.47 79.14 75.12 49.18 3.45 1.14 2.64 0.62 1.29 0.58 4.41 5.23 3.15 0.4 -0.25 -6.87 -10.36 -10.73 -2.58 -0.07 9.47 88.87 110.72 118.6 117.58 103.57 97.59 90.59 84.95 81.26 77.32 76.98 77.79 91.71 119.98 129.86 128.51 106.34 88.11 69.61 70.41 65.06 70.42 76.05 88.42 122.95 143.06 216.38 144.51 114.24 100.24 92.77 86.64 86.71 86.15 86.08 88.7 101.47 126.62 172.36 159.13 119.37 89.84 88.92 80.86 77.82 77.56 88.6 102.65 127.01 157.33 216.73 125.53 101.58 96.92 91.98 75.64 70.05 69.46 70.17 58.67 71.28 110.41 130.2 119.5 92.86 62.28 41.17 27.1 28.68 28.21 65.69 76.26 91.19 113.08 119.62 108.42 88.11 81.54 63.78 73.22 70.16 67.15 66.86 70.34 79.6 110.1 120.11 124.72 99.11 85.73 136.26 114.15 65.81 50.98 78.75 84.24 106.5 116.52 136.61 123.61 101.82 89.58 81.09 78.48 75.08 73.18 73.2 75.12 82.3 105.52 119.97 124.63 114.16 105.0 99.9 98.86 83.35 83.78 82.88 99.34 110.88 124.17 132.96 119.61 106.21 96.9 89.9 85.01 83.76 83.3 83.19 86.07 90.0 90.5 104.69 109.63 97.26 89.58 79.73 64.26 36.66 49.45 79.79 95.03 112.74 133.07 147.26 120.0 109.15 104.98 94.47 98.57 96.34 94.41 91.61 95.03 97.06 99.7 105.16 98.24 92.93 83.52 37.73 17.11 8.53 13.0 63.03 83.45 99.01 125.43 127.81 118.45 107.4 97.34 96.71 92.44 90.35 89.52 89.69 89.81 100.0 130.03 212.21 164.86 120.68 91.09 86.24 80.0 78.5 85.11 89.16 102.3 134.81 274.59 402.21 165.12 121.13 101.83 89.41 101.42 98.15 97.22 96.68 99.78 101.37 137.47 244.0 209.23 136.34 116.64 98.43 89.56 88.06 89.94 98.77 114.54 156.02 250.86 356.15 138.73 104.71 95.0 91.39 85.56 82.32 78.54 90.17 89.01 97.37 127.3 175.46 138.74 105.23 86.5 75.97 71.47 74.29 78.48 87.45 98.01 135.0 249.52 339.75 150.72 113.11 98.93 90.99 91.44 88.59 87.5 90.3 92.28 96.83 130.8 179.79 137.16 100.04 91.26 79.97 68.09 63.52 74.36 83.69 90.02 124.84 173.05 188.22 126.3 101.78 99.9 88.26 86.63 77.25 74.57 74.96 77.73 89.46 118.58 130.22 111.44 90.17 64.99 43.12 28.56 20.18 31.7 59.82 82.79 110.97 146.1 140.78 107.36 78.64 62.33 36.3 52.99 40.71 44.13 21.12 24.5 4.81 28.02 46.89 51.67 36.88 19.0 2.03 0.72 3.81 18.98 40.01 46.27 40.39 37.87 72.34 49.47 17.08 35.7 3.26 -0.79 1.27 -1.09 -1.17 -1.06 -0.99 -1.72 -0.31 15.04 16.23 16.02 10.44 15.94 6.66 1.62 6.57 8.03 64.94 100.81 185.0 136.63 65.0 65.0 65.0 53.01 86.57 63.27 42.37 20.73 25.66 105.0 120.0 110.01 120.0 101.53 90.62 89.43 83.92 93.3 92.2 94.16 110.0 127.96 158.37 126.94 120.19 119.33 105.89 100.68 94.18 90.38 90.07 93.83 97.29 134.49 228.56 284.54 208.59 152.29 131.35 112.92 108.5 107.75 115.64 124.61 152.46 204.46 217.86 146.41 123.24 107.42 97.48 93.45 88.44 87.56 87.2 90.27 98.29 116.8 154.23 165.96 134.62 117.18 104.18 91.34 90.11 91.41 100.62 118.7 148.89 179.14 198.98 140.0 112.81 108.86 98.07 97.38 92.95 93.66 91.76 94.02 102.79 126.61 144.82 149.94 133.23 110.81 98.32 94.14 89.59 88.91 97.61 99.46 109.39 116.52 114.63 106.55 96.17 88.08 77.77 86.49 84.36 79.52 78.04 78.04 78.01 93.58 111.82 121.99 107.93 93.33 82.88 77.77 77.75 80.96 91.5 96.87 111.41 107.47 109.56 105.76 97.8 93.51 91.53 92.96 88.84 87.79 84.61 82.75 85.05 90.27 96.75 100.46 94.54 84.96 74.92 59.14 45.84 49.82 77.57 87.3 116.24 125.9 130.5 120.98 113.33 107.49 95.15 96.33 93.02 89.62 86.28 87.45 88.01 88.89 89.54 88.81 84.69 80.78 76.54 52.46 52.59 65.38 84.17 92.42 105.35 102.41 108.53 108.56 108.8 108.75 93.97 94.62 91.27 92.03 91.57 96.57 100.54 122.73 204.07 195.24 148.74 127.45 113.19 95.92 91.31 94.34 104.46 111.58 165.0 287.83 287.51 167.91 124.82 122.0 111.66 109.86 103.77 100.41 100.32 101.8 107.57 128.3 169.18 197.16 159.02 134.08 121.54 109.67 106.57 113.28 130.91 157.9 221.54 391.95 400.62 217.31 150.0 126.38 114.46 117.0 113.79 109.43 105.67 108.85 115.33 155.0 282.83 275.88 180.05 141.56 128.26 121.83 115.58 119.14 126.81 141.78 155.09 201.75 205.73 136.19 110.61 90.04 70.91 87.81 86.49 90.82 88.61 91.01 89.36 107.52 115.79 132.85 120.2 93.13 88.46 84.0 82.62 85.14 86.88 105.01 121.62 134.02 139.96 123.61 107.79 103.02 93.95 89.51 82.6 84.41 82.75 88.54 97.49 116.38 137.75 146.31 129.02 118.2 99.84 89.74 89.4 92.13 99.68 113.94 129.65 139.1 140.0 120.66 106.09 99.82 92.82 77.35 75.11 78.62 79.9 82.95 80.55 87.76 104.61 112.37 106.97 96.1 84.02 76.34 71.35 76.08 86.26 93.82 117.8 126.58 117.8 107.59 95.43 97.57 94.57 92.63 84.81 78.82 79.33 81.1 85.62 90.42 93.03 91.2 80.7 72.1 62.21 34.88 20.62 37.12 69.7 92.01 120.93 124.31 109.1 94.36 89.44 80.7 65.11 73.92 69.83 67.28 66.54 67.52 81.68 120.0 132.61 124.43 107.51 94.45 84.44 91.11 94.06 88.14 104.04 113.17 113.73 99.95 86.25 75.7 72.22 73.7 63.18 70.02 56.22 53.26 46.12 51.19 65.08 78.53 120.0 116.48 91.74 96.15 100.05 99.28 93.19 78.84 72.71 82.18 112.85 117.66 115.47 105.11 93.96 88.83 80.7 92.42 92.04 91.57 92.72 92.57 93.64 112.83 129.89 130.37 125.9 105.42 90.41 86.16 85.05 92.98 113.66 147.49 203.85 293.73 274.02 185.28 137.43 125.98 111.72 105.01 103.21 98.46 87.42 82.86 93.34 116.33 126.62 120.97 105.38 85.2 71.54 68.8 67.05 75.55 92.32 106.66 114.91 118.8 116.56 105.0 89.52 82.75 70.74
