576 5
1 57 48 51 47
1 0 0 0 0 0 3 1 2 3 0 151 8.43
5 0 7 0 6 9 3 4 10 13 1 164 7.13
4 0 2 0 0 0 3 5 7 9 1 98 9.61
6 0 3 0 0 0 3 8 16 24 1 184 10.0
4 0 10 2 0 10 3 5 6 14 6 190 9.08
7 0 0 6 0 8 3 8 16 26 10 182 7.46
6 0 0 0 9 9 3 7 15 18 10 138 6.58
10 0 0 0 2 0 2 21 23 16 122 7.12
3 0 0 10 0 0 3 23 25 28 17 117 8.4
6 0 4 0 9 1 3 11 13 16 5 163 7.58
7 0 5 0 5 0 3 14 17 19 6 167 8.59
6 0 8 5 5 0 3 12 15 17 11 149 6.97
7 0 0 1 0 0 3 19 22 29 17 193 9.46
8 0 0 1 0 0 2 14 17 11 153 7.21
4 1 0 0 0 0 2 18 20 19 162 6.23
1 0 8 0 0 4 2 19 20 17 157 8.07
2 0 0 3 5 0 2 23 30 17 113 7.89
2 0 7 8 6 0 3 18 22 28 19 156 6.17
10 1 0 0 0 0 1 27 23 164 7.15
8 0 5 0 3 0 3 24 25 26 24 151 5.28
6 1 0 0 0 0 3 21 25 29 23 130 9.35
6 1 0 0 0 0 3 22 26 27 29 158 7.7
3 0 5 0 1 0 1 24 35 194 8.63
7 1 0 0 0 0 1 29 26 145 7.61
8 0 0 0 0 2 1 30 38 198 8.99
8 0 0 0 10 8 1 27 32 158 7.79
6 0 8 1 1 4 1 28 35 141 8.52
2 0 0 0 7 7 1 30 40 144 5.34
10 0 3 10 7 0 1 31 41 209 5.89
10 0 10 0 0 4 1 31 33 151 9.66
6 0 0 9 0 3 1 31 46 145 6.27
1 0 0 0 0 0 0 52 145 7.61
1 0 0 0 0 0 3 33 34 35 0 154 9.66
3 0 0 0 3 0 3 36 37 56 1 145 5.48
2 0 0 9 9 4 3 41 44 49 1 179 5.99
9 0 3 1 0 0 3 38 39 40 1 106 5.6
6 0 0 5 1 9 3 40 41 45 4 160 8.03
1 0 0 0 0 9 3 41 47 53 4 157 9.82
10 0 5 0 1 4 3 42 43 51 10 167 5.16
9 1 0 0 0 0 3 45 46 56 10 194 8.05
9 0 0 9 2 0 3 49 50 57 10 185 5.66
10 0 10 6 0 8 3 43 52 58 10 158 6.55
4 0 0 0 4 0 3 44 46 49 20 142 5.02
8 0 4 3 0 6 2 46 60 20 185 9.05
10 1 0 0 0 0 3 45 48 50 24 130 7.0
3 0 1 0 10 0 2 54 59 34 199 5.13
9 0 0 9 1 8 1 61 28 198 5.85
10 0 0 0 6 5 2 51 55 5 146 5.01
4 1 0 0 0 0 3 54 56 60 34 200 9.97
1 1 0 0 0 0 2 53 54 24 185 5.7
2 1 0 0 0 0 2 52 53 34 211 9.85
9 0 0 4 4 0 3 52 57 58 20 205 6.64
1 1 0 0 0 0 1 59 36 177 7.81
4 0 7 0 0 0 3 55 58 61 36 190 6.33
10 0 0 0 6 0 2 55 61 38 167 9.81
5 0 0 0 0 9 1 62 48 216 8.07
9 0 6 7 0 0 1 57 38 137 6.59
1 0 8 0 9 4 1 62 47 153 8.96
2 0 0 0 0 9 1 59 40 193 5.78
1 0 0 0 10 0 2 60 62 42 154 7.92
7 0 1 0 6 0 1 63 43 195 8.69
1 0 0 10 2 8 1 63 48 195 7.17
5 0 6 0 2 9 1 63 53 219 9.11
1 0 0 0 0 0 0 58 230 7.97
1 0 0 0 0 0 3 65 66 67 0 129 6.66
10 0 0 8 0 0 3 70 78 84 1 125 9.58
2 0 0 2 8 0 3 68 69 73 1 118 5.33
8 0 0 0 8 3 2 71 75 1 100 9.5
6 0 2 8 0 0 3 72 81 86 3 185 6.85
2 0 0 1 0 0 3 72 77 79 3 131 7.18
6 0 0 4 0 7 3 76 85 86 11 154 6.49
10 0 10 9 1 2 3 77 79 80 9 182 6.19
4 0 0 3 0 8 2 74 80 9 138 8.27
1 0 5 8 7 0 3 75 77 82 3 97 5.71
5 1 0 0 0 0 3 82 84 89 13 156 6.94
1 1 0 0 0 0 3 76 84 90 9 107 7.87
6 0 0 2 0 0 2 81 83 17 153 8.44
8 1 0 0 0 0 3 81 89 91 19 143 6.57
1 0 2 0 0 8 3 80 82 83 11 136 5.56
6 0 0 0 0 4 3 83 85 87 19 120 5.94
4 0 10 0 3 0 3 85 87 94 19 123 7.63
6 1 0 0 0 0 1 88 27 180 6.91
4 1 0 0 0 0 3 90 92 94 18 142 7.55
3 1 0 0 0 0 2 88 93 25 118 6.11
3 1 0 0 0 0 3 88 91 92 18 148 6.3
9 1 0 0 0 0 1 89 25 160 8.68
8 0 3 7 0 0 1 87 17 175 5.5
9 0 0 5 5 0 2 90 92 25 162 8.47
7 0 2 9 0 2 1 94 33 133 7.05
1 1 0 0 0 0 1 93 34 156 8.52
9 0 3 0 6 0 1 91 34 151 9.51
9 0 2 0 3 0 1 93 43 212 5.87
3 0 0 3 5 8 1 95 34 157 6.1
4 0 0 7 7 9 1 95 52 166 5.1
9 0 0 0 0 7 1 95 40 188 5.99
1 0 0 0 0 0 0 56 163 8.55
1 0 0 0 0 0 3 97 98 99 0 176 6.81
5 0 0 0 8 0 3 100 101 102 1 147 6.86
6 0 0 0 0 5 3 103 112 115 1 110 8.33
8 0 5 0 0 0 3 106 111 121 1 166 7.56
6 0 0 0 0 4 2 104 114 6 129 7.33
5 0 0 0 4 0 1 113 6 133 9.21
4 0 0 0 1 0 2 113 120 6 168 5.09
6 0 0 0 6 0 3 105 110 122 7 108 7.19
5 0 0 3 0 0 3 107 108 109 12 155 5.01
8 0 0 0 0 3 1 106 13 113 8.67
10 1 0 0 0 0 1 124 21 119 6.64
8 0 0 0 0 8 1 120 17 122 9.54
9 0 0 0 0 4 3 111 122 124 17 176 5.28
7 0 0 0 0 1 2 115 126 17 173 9.75
3 0 0 0 2 0 3 111 114 117 13 177 9.72
9 1 0 0 0 0 3 113 116 118 26 137 6.61
1 0 0 10 0 0 1 117 7 110 8.41
1 1 0 0 0 0 1 125 35 173 9.71
6 0 0 0 0 1 3 116 119 120 16 164 6.58
6 1 0 0 0 0 2 121 122 24 147 5.96
6 0 5 0 0 0 1 123 35 163 7.51
7 0 0 0 9 0 3 118 119 121 16 173 8.07
5 0 0 0 0 4 1 126 35 212 8.6
6 1 0 0 0 0 1 125 23 141 9.56
8 0 9 0 0 0 1 126 25 173 9.02
5 1 0 0 0 0 2 123 124 30 209 7.7
3 0 2 0 0 0 1 123 30 158 8.0
8 0 0 9 0 0 1 125 41 195 5.54
6 0 0 0 3 0 1 127 35 186 6.34
10 0 0 0 0 6 1 127 49 144 9.03
8 0 0 0 0 10 1 127 40 204 7.74
1 0 0 0 0 0 0 59 226 7.17
1 0 0 0 0 0 3 129 130 131 0 122 7.92
9 0 0 0 6 0 3 133 141 157 1 123 9.8
1 0 0 4 4 6 2 132 156 1 179 8.9
1 0 2 0 0 0 3 134 135 137 1 172 7.69
2 0 0 5 0 0 3 136 139 144 2 161 8.05
9 0 9 0 0 8 1 150 10 162 8.29
8 0 4 7 5 0 3 136 138 151 2 151 8.48
5 0 4 7 3 2 1 155 2 101 9.19
1 0 0 0 9 0 1 149 10 188 6.45
8 0 0 7 4 0 2 142 148 2 172 8.83
2 0 3 0 5 3 1 142 10 126 9.31
10 0 5 0 0 0 2 140 143 4 109 9.72
4 0 3 0 0 0 1 146 14 174 7.9
4 0 0 3 7 0 1 145 10 104 8.59
8 0 0 1 0 0 1 153 12 174 7.91
7 0 0 0 9 0 1 147 14 178 8.51
10 0 0 6 0 0 1 147 4 162 8.48
10 0 0 10 0 3 2 153 154 14 117 7.1
7 1 0 0 0 0 2 152 155 18 118 8.71
7 0 0 9 4 6 2 149 157 21 176 6.81
10 0 7 2 6 0 1 152 10 163 6.97
4 0 6 0 0 5 1 155 28 134 5.4
3 1 0 0 0 0 1 153 19 199 9.9
7 0 1 0 8 10 2 152 158 10 112 9.1
9 0 0 5 0 0 1 157 25 196 7.18
6 0 0 3 9 10 1 156 24 144 9.93
4 0 5 0 3 0 1 156 24 197 5.65
5 0 0 9 0 0 1 158 32 150 6.87
10 0 8 4 0 7 1 159 30 167 6.01
4 0 10 5 0 1 1 159 34 159 9.3
5 0 4 6 9 0 1 159 37 167 9.9
1 0 0 0 0 0 0 42 210 8.02
1 0 0 0 0 0 3 161 162 163 0 128 9.72
1 0 1 0 0 0 2 164 168 1 173 8.84
10 0 0 9 4 4 3 165 166 171 1 122 7.56
4 0 0 0 9 9 1 173 1 124 6.15
4 0 0 0 0 7 3 167 169 170 2 119 6.28
3 0 9 0 0 0 2 177 184 11 169 9.36
4 0 0 8 5 10 1 180 11 136 8.14
9 1 0 0 0 0 3 172 185 188 6 133 6.22
10 0 3 0 0 0 3 176 178 181 2 107 5.5
2 0 3 4 5 0 1 183 6 142 8.35
7 0 0 3 1 9 1 176 6 133 8.88
1 0 8 0 1 7 1 182 11 144 5.98
1 1 0 0 0 0 1 186 15 155 9.54
2 0 9 0 5 0 1 174 5 155 8.77
6 0 0 3 0 1 2 175 179 7 183 7.78
10 0 10 0 5 9 3 177 186 187 13 194 5.26
9 0 0 0 8 0 1 190 13 150 8.21
7 0 2 0 5 0 1 188 23 159 8.33
5 0 0 0 3 10 1 188 12 143 6.4
1 1 0 0 0 0 1 180 13 178 6.78
2 0 3 6 3 0 1 183 15 108 8.12
6 1 0 0 0 0 3 183 186 189 12 136 9.71
3 0 4 0 3 0 1 184 12 176 8.88
2 1 0 0 0 0 1 185 18 166 8.94
6 0 0 0 7 0 1 189 15 129 5.4
8 0 1 4 7 0 1 187 20 192 8.73
3 0 1 6 0 0 1 190 23 174 9.62
3 0 0 2 0 0 1 190 28 164 6.21
9 0 9 0 0 5 1 191 30 157 7.45
8 0 9 0 5 5 1 191 21 184 5.12
2 0 0 0 0 7 1 191 31 147 7.0
1 0 0 0 0 0 0 39 147 6.61
1 0 0 0 0 0 3 193 194 195 0 143 7.65
6 0 2 0 10 0 2 197 219 1 124 6.24
2 0 9 0 3 2 1 208 1 156 8.47
8 0 2 3 0 0 3 196 199 200 1 135 8.84
2 0 0 8 0 0 2 202 212 9 105 6.04
6 0 4 5 0 1 2 198 206 7 127 9.76
4 0 1 0 7 0 2 201 211 13 123 8.83
5 0 0 0 0 4 2 203 210 9 138 8.39
3 0 9 10 5 2 2 216 221 9 135 9.9
10 0 0 0 2 0 2 207 209 17 134 9.04
2 0 1 8 1 0 1 205 11 181 5.94
7 0 1 0 1 0 1 204 14 124 6.83
4 1 0 0 0 0 2 209 217 21 203 5.96
3 0 6 0 8 0 2 209 220 13 159 6.98
9 0 0 10 2 7 1 210 13 199 7.24
3 0 0 8 4 0 1 215 27 197 5.62
6 0 0 7 0 0 1 217 3 166 6.23
1 0 8 0 0 0 1 221 27 199 8.19
3 1 0 0 0 0 1 214 22 162 7.91
6 0 0 1 0 0 2 214 216 17 143 9.98
1 0 0 8 0 2 2 213 214 11 107 5.49
10 0 10 3 0 0 2 216 220 12 159 6.18
3 1 0 0 0 0 1 221 25 146 7.88
6 1 0 0 0 0 2 217 218 30 149 6.38
5 1 0 0 0 0 1 218 23 196 8.25
10 0 0 4 6 0 1 222 36 219 5.36
6 0 0 2 4 0 1 222 36 190 9.46
8 0 3 10 4 0 1 220 7 170 8.6
10 0 9 6 3 0 1 223 22 158 8.12
8 1 0 0 0 0 1 223 28 158 6.08
10 0 0 0 0 4 1 223 46 150 5.56
1 0 0 0 0 0 0 56 223 5.05
1 0 0 0 0 0 3 225 226 227 0 135 9.94
4 0 6 0 3 0 1 228 1 130 5.01
3 0 5 8 5 9 3 230 239 246 1 148 6.02
7 0 0 10 9 1 3 230 233 234 1 137 5.95
3 0 0 9 0 0 3 229 231 236 5 148 7.15
9 0 9 3 9 7 3 232 237 246 8 149 7.2
7 0 7 0 9 8 2 243 247 8 190 5.27
7 0 0 2 4 7 2 238 244 8 127 8.86
8 0 8 0 1 8 3 239 247 254 17 180 5.24
9 0 8 1 5 7 3 241 244 247 8 151 6.71
7 0 6 2 10 1 3 235 248 250 8 117 9.31
3 0 0 3 6 0 1 240 15 184 8.37
6 0 7 1 0 3 1 238 8 188 9.27
2 0 4 0 4 0 2 240 252 17 117 6.31
6 1 0 0 0 0 2 243 245 15 180 9.92
4 0 3 0 2 0 2 250 251 25 191 6.4
10 1 0 0 0 0 2 241 244 19 133 8.7
1 1 0 0 0 0 3 242 243 251 29 190 8.67
4 0 0 9 9 5 1 245 30 186 5.76
9 0 6 7 7 6 1 249 30 169 6.47
1 0 8 4 0 8 1 251 29 154 7.69
2 0 1 5 8 10 1 249 34 141 7.95
9 0 8 0 7 4 1 248 17 135 9.63
1 0 3 6 7 8 2 250 253 25 129 6.59
2 1 0 0 0 0 3 249 252 253 26 170 7.4
3 0 7 2 9 8 1 254 39 195 5.15
1 0 0 7 0 9 1 252 29 170 5.86
2 0 7 10 10 2 1 253 30 121 9.99
3 0 0 3 0 0 1 255 30 125 8.22
6 0 5 6 7 0 1 255 32 184 5.62
8 0 10 0 6 10 1 255 42 186 5.92
1 0 0 0 0 0 0 50 141 6.59
1 0 0 0 0 0 3 257 258 259 0 167 9.39
4 0 0 1 0 0 3 266 267 268 1 125 5.35
10 0 0 0 0 3 3 262 269 274 1 148 7.25
7 0 0 7 0 0 3 260 263 276 1 146 7.64
6 0 0 0 0 8 3 261 265 271 8 183 6.83
5 0 3 0 0 0 3 268 270 272 14 118 6.92
4 0 0 0 0 6 3 263 267 273 11 167 5.88
5 0 0 0 6 0 2 264 270 15 183 8.84
1 0 0 0 5 0 2 280 283 20 170 6.63
9 0 2 0 0 0 3 268 269 284 14 152 5.24
4 0 1 0 0 0 3 269 274 279 5 154 7.21
7 0 9 0 0 0 3 270 276 280 15 192 9.1
6 1 0 0 0 0 2 273 285 23 200 6.16
8 0 0 0 0 6 2 278 282 23 125 9.36
5 1 0 0 0 0 3 275 277 279 22 121 7.8
1 0 7 0 0 0 3 275 279 282 14 139 5.62
10 0 0 0 7 0 3 273 275 277 19 205 5.73
10 0 0 0 0 5 1 283 29 202 7.37
9 0 0 0 0 5 2 276 280 11 180 6.29
4 1 0 0 0 0 3 278 284 286 29 203 5.1
10 1 0 0 0 0 1 277 22 151 5.75
3 0 0 9 0 0 2 278 282 32 137 5.37
8 0 6 0 0 0 1 281 35 136 7.17
1 1 0 0 0 0 2 281 284 27 171 9.11
2 1 0 0 0 0 2 281 286 22 188 9.63
6 0 0 0 0 2 1 285 43 220 6.19
4 0 0 5 0 0 2 283 285 35 140 8.87
5 0 1 0 0 0 1 286 39 168 6.66
3 1 0 0 0 0 1 287 33 151 5.4
8 0 0 0 9 0 1 287 49 201 6.18
8 0 0 1 0 0 1 287 44 167 6.34
1 0 0 0 0 0 0 57 185 9.72
1 0 0 0 0 0 3 289 290 291 0 121 5.78
7 0 1 10 9 9 3 293 294 298 1 186 7.67
3 0 6 5 5 10 3 292 295 297 1 140 6.13
6 0 4 5 4 1 3 299 300 304 1 158 7.07
3 0 5 7 3 6 1 303 4 118 5.74
3 0 7 10 5 8 2 296 301 8 140 5.79
3 0 10 6 7 2 1 299 8 142 8.44
10 0 6 9 9 2 1 311 4 138 5.71
1 0 3 5 3 4 2 307 315 11 156 8.2
5 0 3 4 5 6 2 306 312 4 113 6.09
4 0 8 4 8 8 1 314 8 102 5.81
5 0 7 7 9 2 1 310 11 181 7.75
5 0 4 5 9 8 1 310 7 130 9.59
8 0 5 5 5 5 2 302 309 11 138 5.7
9 1 0 0 0 0 2 305 308 19 160 6.65
5 0 5 5 2 6 2 307 309 7 136 8.96
8 0 1 10 8 8 1 305 7 186 7.93
10 0 6 2 8 5 1 313 28 177 8.13
10 0 2 4 9 1 1 317 9 161 6.15
10 1 0 0 0 0 1 314 12 164 9.62
2 0 2 2 8 1 1 315 28 189 5.94
3 0 3 9 9 8 1 312 19 145 9.14
9 0 5 10 1 3 2 312 318 16 192 9.57
5 0 2 4 2 3 2 316 318 14 187 7.53
1 1 0 0 0 0 1 315 25 183 8.11
8 0 9 4 6 1 1 317 38 176 6.94
6 1 0 0 0 0 2 316 318 22 177 7.23
7 0 2 8 1 3 1 317 30 165 8.0
1 0 8 4 7 2 1 319 28 122 8.68
3 0 6 6 2 3 1 319 46 213 9.06
3 0 3 8 10 4 1 319 28 128 9.52
1 0 0 0 0 0 0 49 183 10.01
1 0 0 0 0 0 3 321 322 323 0 156 8.41
2 0 5 10 0 10 3 332 343 344 1 145 8.41
4 0 5 10 10 7 3 324 325 326 1 136 9.96
3 0 3 1 1 4 3 331 333 334 1 154 7.63
2 0 0 9 9 0 3 329 336 338 5 169 5.47
6 0 6 7 8 8 3 327 330 338 5 163 6.76
4 0 4 0 0 3 2 328 329 5 125 8.5
6 0 10 5 4 1 1 337 11 169 6.17
10 0 7 4 7 0 3 330 333 337 9 118 9.37
10 0 1 0 1 3 3 332 339 342 9 176 8.3
5 0 7 0 3 0 3 331 332 339 19 129 5.3
8 1 0 0 0 0 3 336 340 345 24 131 7.21
3 1 0 0 0 0 3 345 346 350 24 194 8.15
1 0 4 1 9 0 3 336 347 349 19 127 7.66
7 0 6 0 10 1 3 335 339 340 4 107 7.21
2 0 2 6 0 6 3 338 342 345 11 129 5.76
9 0 2 0 1 8 2 341 346 32 152 8.3
7 1 0 0 0 0 2 340 347 19 132 6.65
6 1 0 0 0 0 3 341 344 347 13 114 9.48
5 0 0 6 3 0 3 343 344 346 24 180 5.37
4 0 0 9 10 0 3 341 342 349 32 176 9.04
4 0 9 1 0 0 1 343 41 218 9.73
3 0 3 7 8 0 1 348 36 159 5.35
7 0 7 8 3 0 1 350 45 142 9.06
5 0 1 0 0 4 1 348 29 177 5.28
9 0 0 0 5 2 1 349 32 175 8.6
7 0 7 9 0 9 1 348 41 221 9.39
7 0 9 1 7 7 1 350 26 174 8.99
5 0 2 3 8 10 1 351 48 171 9.16
5 0 4 4 9 6 1 351 41 205 6.26
2 0 3 6 7 7 1 351 52 178 8.45
1 0 0 0 0 0 0 54 164 7.1
1 0 0 0 0 0 3 353 354 355 0 178 6.9
5 0 5 4 5 2 3 357 358 360 1 107 9.24
2 0 7 3 3 10 3 363 364 369 1 185 5.39
9 0 7 1 2 5 3 356 363 367 1 121 5.23
3 0 6 7 4 6 3 373 376 378 10 131 9.84
2 0 9 2 7 2 3 359 361 362 6 129 7.44
6 0 4 9 7 4 3 361 362 369 6 143 9.53
5 0 1 3 5 2 3 365 366 373 8 109 5.35
7 0 5 7 3 1 3 364 366 367 6 112 9.18
1 0 5 1 4 2 3 367 377 380 12 148 5.77
2 0 6 9 2 3 3 375 379 381 12 128 6.28
7 0 4 9 2 1 3 365 366 370 10 174 8.71
10 0 2 8 10 9 3 370 372 374 13 182 9.92
7 0 2 8 8 1 2 368 374 17 135 5.26
8 0 10 3 2 5 3 372 380 381 17 194 8.06
1 1 0 0 0 0 1 382 13 192 5.72
9 1 0 0 0 0 2 371 375 24 163 6.72
9 0 7 10 8 4 3 371 372 374 12 156 5.86
2 0 7 7 7 3 3 371 373 375 23 180 5.34
4 1 0 0 0 0 2 376 378 33 141 7.99
10 1 0 0 0 0 1 377 25 124 7.68
10 1 0 0 0 0 1 381 25 149 8.17
9 1 0 0 0 0 2 376 377 24 178 7.81
6 0 6 7 10 6 2 378 380 33 212 8.03
7 0 6 10 4 8 1 379 37 180 7.24
8 0 1 3 2 5 1 379 35 185 7.34
9 0 6 3 4 6 1 382 39 211 6.14
8 0 8 2 9 9 1 382 44 140 6.48
6 0 5 5 8 3 1 383 39 162 7.94
9 0 7 5 3 8 1 383 35 201 8.3
9 0 6 9 1 7 1 383 52 163 6.11
1 0 0 0 0 0 0 61 200 6.5
1 0 0 0 0 0 3 385 386 387 0 116 8.43
7 0 0 2 0 0 3 390 395 411 1 108 7.63
4 0 0 0 4 0 3 388 394 399 1 185 5.76
1 0 0 0 7 0 3 389 391 396 1 144 6.59
5 0 0 0 0 4 3 396 398 411 5 106 7.97
9 0 0 0 6 0 3 393 398 406 2 142 8.78
7 0 0 0 5 0 3 391 399 400 8 108 6.15
5 0 0 0 0 7 3 392 397 401 15 132 8.87
7 0 0 0 2 0 3 403 404 408 20 152 7.58
10 0 0 0 0 2 3 400 402 408 11 146 8.93
8 0 0 0 0 9 3 397 407 409 5 149 7.58
2 0 0 10 0 0 3 396 401 405 8 159 9.12
6 0 0 8 0 0 3 400 407 408 10 158 5.6
2 1 0 0 0 0 2 398 406 20 135 7.82
6 0 0 4 0 0 2 405 410 22 131 9.66
5 1 0 0 0 0 3 401 405 410 15 111 7.19
7 1 0 0 0 0 2 404 412 21 126 9.19
4 1 0 0 0 0 3 403 406 407 20 192 9.02
9 1 0 0 0 0 3 403 404 411 21 166 7.69
3 1 0 0 0 0 1 413 30 182 8.54
7 0 0 0 2 0 2 409 410 30 156 8.18
7 1 0 0 0 0 1 412 28 173 8.66
6 0 0 0 0 9 1 413 24 156 5.26
5 0 0 8 0 0 1 412 24 192 5.18
6 0 0 7 0 0 1 409 27 181 7.05
10 0 8 0 0 0 2 413 414 37 165 9.78
2 0 0 5 0 0 1 414 37 201 5.16
5 0 0 0 3 0 1 414 30 152 8.16
3 0 0 9 0 0 1 415 35 187 7.86
7 0 0 0 1 0 1 415 47 219 5.49
5 0 5 0 0 0 1 415 47 221 6.39
1 0 0 0 0 0 0 54 180 5.75
1 0 0 0 0 0 3 417 418 419 0 102 5.74
1 0 1 8 7 0 3 420 421 425 1 172 5.2
6 0 0 0 9 9 1 441 1 127 6.63
10 0 1 10 0 3 3 424 429 432 1 171 6.78
10 0 9 5 9 8 2 423 439 2 172 9.59
2 0 0 1 1 7 3 422 426 430 2 176 7.74
9 0 3 2 9 7 2 437 440 4 188 9.64
9 0 5 8 10 6 2 434 442 12 133 6.24
7 0 0 6 6 9 1 436 11 183 5.86
5 0 0 1 10 6 3 427 428 431 2 148 5.88
5 0 0 3 8 8 2 437 440 4 189 8.36
1 0 0 1 0 10 1 446 7 141 5.61
9 0 7 0 1 0 1 442 7 193 6.55
6 0 8 6 2 9 1 433 11 141 9.15
7 0 2 6 6 0 1 445 4 156 7.81
4 0 0 2 0 8 1 435 7 168 8.72
4 0 9 5 2 1 1 445 11 142 6.68
9 0 9 3 4 5 1 443 17 161 5.32
1 1 0 0 0 0 2 436 444 21 124 9.1
8 0 6 1 6 0 1 440 11 181 5.12
3 1 0 0 0 0 2 438 443 22 181 7.53
2 0 4 6 4 5 1 445 13 162 5.5
5 0 7 4 9 10 1 441 25 154 6.29
3 0 0 7 9 0 2 441 443 12 148 7.67
1 1 0 0 0 0 1 444 19 159 8.47
10 0 2 4 0 10 1 446 30 147 6.52
8 1 0 0 0 0 1 444 21 185 6.4
1 1 0 0 0 0 1 446 26 196 6.13
5 0 5 8 6 6 1 447 29 173 9.53
7 0 9 2 6 3 1 447 15 163 7.76
8 0 0 10 10 3 1 447 40 187 6.5
1 0 0 0 0 0 0 48 190 6.56
1 0 0 0 0 0 3 449 450 451 0 133 8.54
6 0 0 0 8 1 3 452 455 470 1 170 8.45
1 0 0 8 6 5 3 455 461 464 1 145 6.45
2 0 9 2 0 5 3 453 456 460 1 118 6.32
9 0 0 3 0 3 3 454 467 468 7 109 8.51
8 0 0 0 0 1 3 454 458 467 3 104 9.11
5 0 0 3 0 9 1 461 16 121 7.08
5 0 0 7 5 0 3 457 459 463 7 143 5.96
6 0 0 0 0 7 3 471 472 473 3 177 6.25
4 0 8 9 1 3 2 460 469 12 166 6.45
8 0 0 10 0 3 3 463 465 475 11 173 6.03
4 0 0 0 0 8 3 462 465 472 12 187 9.71
10 0 0 2 5 0 1 474 16 196 7.84
9 1 0 0 0 0 2 465 469 21 163 6.5
2 1 0 0 0 0 1 477 16 190 8.44
7 0 8 0 1 2 2 466 472 19 173 6.02
6 0 0 6 7 6 1 466 2 171 6.49
1 1 0 0 0 0 1 466 30 150 8.12
9 0 8 0 0 9 2 474 477 31 181 5.35
10 0 0 10 0 0 1 471 16 126 8.61
7 0 1 3 0 8 2 469 471 16 162 8.8
10 0 0 0 8 1 1 474 30 150 5.38
10 0 0 0 4 10 1 478 7 187 8.42
9 0 0 3 0 0 2 475 478 26 125 7.48
3 1 0 0 0 0 1 477 26 141 7.58
5 1 0 0 0 0 2 475 478 9 137 9.1
5 0 2 0 8 10 1 476 40 168 6.19
7 0 6 0 10 1 1 476 35 152 5.84
8 0 5 0 0 0 1 479 45 172 8.19
8 0 5 5 10 0 1 479 40 190 8.01
10 0 7 0 3 2 1 479 35 184 7.82
1 0 0 0 0 0 0 53 202 6.77
1 0 0 0 0 0 3 481 482 483 0 107 5.25
8 0 9 9 8 1 2 484 507 1 113 6.98
6 0 10 10 6 8 3 486 487 488 1 129 7.83
10 1 0 0 0 0 1 493 1 167 9.05
10 0 6 3 3 7 2 485 497 9 196 7.9
6 1 0 0 0 0 2 491 492 19 186 6.33
4 0 2 7 9 10 1 494 7 111 7.7
2 0 7 5 6 5 3 489 492 500 7 180 7.58
6 0 2 9 1 10 3 490 505 510 7 105 5.46
5 0 7 4 6 4 1 497 9 143 9.1
3 1 0 0 0 0 1 498 13 109 9.03
7 0 1 3 10 8 2 501 502 25 160 5.11
6 0 6 8 8 10 1 496 25 175 5.1
4 1 0 0 0 0 1 495 11 170 8.7
4 0 4 2 10 8 2 506 509 11 135 5.69
2 0 7 7 10 1 3 496 500 510 15 142 9.03
8 0 2 1 3 6 2 499 504 31 212 7.64
7 0 4 6 10 5 2 498 506 19 121 5.8
9 0 6 4 2 6 1 499 26 201 9.32
3 0 8 10 6 1 1 503 39 215 6.39
1 0 1 6 8 1 1 504 17 157 9.95
6 0 8 7 2 4 1 506 32 173 8.87
1 0 10 8 7 2 1 508 32 183 6.29
6 0 6 10 10 4 1 509 42 182 6.45
6 0 6 3 3 9 1 509 39 202 5.83
5 0 1 8 9 2 1 508 13 173 6.55
1 0 2 6 5 3 1 510 38 208 6.71
6 0 9 8 5 6 1 508 9 150 6.65
4 0 3 3 4 2 1 511 33 181 5.57
3 0 4 4 6 4 1 511 48 168 7.18
1 0 8 4 7 1 1 511 39 179 10.0
1 0 0 0 0 0 0 51 180 6.6
1 0 0 0 0 0 3 513 514 515 0 172 7.68
5 0 10 4 6 3 1 525 1 107 6.64
5 0 2 4 4 10 2 534 542 1 118 6.38
1 0 6 4 7 4 3 516 526 530 1 112 9.78
4 0 5 4 9 8 3 517 518 522 2 158 7.1
6 0 7 1 9 10 1 520 6 110 7.7
3 0 5 10 5 9 3 519 521 523 6 114 5.74
4 0 1 3 7 2 1 529 9 141 8.15
4 0 7 5 6 9 1 533 12 172 9.55
3 0 2 4 2 2 2 535 541 9 136 8.89
8 0 7 7 10 8 2 528 538 6 127 8.91
3 0 3 8 5 6 3 524 527 531 9 109 5.45
3 0 1 7 5 4 2 538 539 12 174 8.37
4 0 2 3 5 2 1 526 6 111 9.47
9 0 10 3 3 2 2 533 541 10 161 7.55
8 0 10 10 2 10 2 528 539 12 137 5.94
3 1 0 0 0 0 1 536 20 181 5.45
9 0 2 6 1 2 1 537 13 192 6.63
6 0 9 4 2 4 2 531 540 2 105 7.25
4 0 6 4 1 4 1 532 12 127 8.13
7 1 0 0 0 0 1 538 16 122 7.05
3 0 6 7 7 2 1 537 19 174 8.47
10 0 8 4 4 4 1 536 6 171 6.47
5 0 6 2 9 4 1 540 12 127 7.24
1 1 0 0 0 0 1 540 23 144 7.43
8 0 8 9 5 3 1 542 22 123 6.83
3 0 5 9 8 5 1 542 23 143 6.21
10 0 4 5 6 6 1 541 20 204 5.12
10 0 7 10 10 7 1 543 24 159 7.27
7 0 4 10 5 4 1 543 30 168 5.39
6 0 1 1 7 2 1 543 30 133 9.36
1 0 0 0 0 0 0 37 128 7.56
1 0 0 0 0 0 3 545 546 547 0 106 5.09
5 0 0 6 10 9 3 553 559 572 1 153 5.24
4 0 7 10 6 0 3 548 555 558 1 137 9.58
7 0 0 8 7 6 3 551 554 567 1 168 6.88
2 0 3 0 7 0 3 549 550 565 5 117 7.37
6 0 2 1 2 6 2 556 560 7 178 7.43
4 0 5 10 5 5 1 552 7 151 8.7
10 0 6 0 0 3 2 553 564 8 138 5.54
10 0 3 7 0 9 2 567 569 11 182 5.67
5 1 0 0 0 0 1 566 18 191 5.31
2 0 0 6 8 0 1 564 8 119 7.95
10 0 8 1 1 3 1 557 5 159 6.85
1 0 2 0 3 7 1 563 13 187 6.33
3 0 5 0 8 0 1 570 15 127 6.55
8 0 6 3 10 6 1 563 5 164 6.63
9 0 2 4 3 6 3 561 562 569 6 126 9.93
9 0 0 0 7 7 2 563 566 13 162 8.35
7 0 8 0 0 0 1 571 15 141 9.4
2 0 9 9 0 0 1 574 15 138 9.62
8 1 0 0 0 0 1 564 22 131 7.99
6 0 1 1 1 1 1 568 30 142 7.64
6 0 2 1 0 7 1 568 7 162 5.56
8 0 7 9 6 6 1 571 23 130 6.24
1 1 0 0 0 0 1 571 21 148 5.1
4 0 7 3 0 0 1 574 36 186 7.26
1 0 0 7 1 10 1 573 21 138 6.3
10 0 4 9 9 5 1 572 18 164 8.63
1 0 9 5 2 8 2 573 574 31 174 5.27
10 0 0 5 0 8 1 575 28 212 5.53
3 0 2 0 8 5 1 575 32 194 8.31
5 0 0 5 8 0 1 575 40 209 7.33
1 0 0 0 0 0 0 45 185 6.48
98.73 89.03 85.03 84.13 86.44 97.23 114.67 111.75 104.99 98.14 87.73 61.18 22.74 19.98 26.65 62.54 82.65 98.25 110.14 178.94 283.1 233.0 157.0 122.65 111.28 97.24 89.1 88.32 90.01 98.78 114.97 120.28 110.76 82.71 77.22 68.74 50.5 50.48 70.87 78.41 90.8 102.81 152.08 302.22 465.66 394.02 240.15 145.09 119.29 102.77 92.54 92.08 90.99 99.87 115.32 110.16 104.52 90.96 80.28 80.01 48.71 34.31 56.97 72.39 82.1 98.79 135.44 260.22 305.31 186.0 134.93 110.34 99.18 86.46 79.0 78.93 80.88 88.52 104.49 107.47 104.9 90.45 75.06 57.35 42.16 45.4 67.55 79.9 90.61 110.0 117.42 145.01 190.85 166.78 132.8 113.97 109.25 104.54 101.31 98.39 103.62 106.63 122.6 116.65 100.0 91.15 70.01 65.86 20.419999999999998 21.814999999999998 32.535 40.96 59.57 92.505 103.25 136.76999999999998 163.07999999999998 147.10500000000002 123.60000000000001 110.41499999999999 109.95 102.16 100.46 97.16 95.93 88.11 85.74 44.95 17.86 3.34 0.0 -0.09 -1.32 -1.77 -2.48 2.02 28.53 75.01 89.08 128.53 135.31 127.43 114.4 106.86 96.9 91.8 90.47 106.23 110.68 86.01 77.67 76.72 69.32 36.45 19.3 15.7 13.66 7.48 12.07 51.12 75.13 102.96 114.0 134.18 148.04 138.91 124.28 109.99 118.61 106.45 101.44 98.81 100.99 110.05 134.2 143.67 149.08 132.38 110.37 109.41 90.85 97.69 99.79 85.42 114.43 105.42 109.84 142.85 151.22 131.88 110.4 91.46 104.19 94.75 89.95 88.99 89.44 93.67 111.41 118.73 116.13 91.29 83.34 81.26 86.08 79.91 76.02 74.34 84.79 92.57 89.0 112.47 128.72 119.55 115.9 100.0 95.1 83.93 80.72 81.43 81.54 94.05 113.66 116.46 114.08 96.59 84.68 77.34 63.67 46.02 36.98 49.8 76.89 81.48 101.47 118.11 138.09 137.6 117.58 104.57 100.91 95.73 89.1 86.4 87.77 98.5 107.29 107.57 104.93 88.28 79.62 65.33 45.17 39.34 39.25 56.39 76.55 86.99 100.03 112.59 132.34 132.27 120.31 107.33 103.55 98.01 93.32 89.8 90.67 95.58 104.78 102.99 101.96 92.19 81.38 71.53 61.66 41.05 32.04 50.0 70.94 95.0 105.88 112.89 120.83 117.01 109.68 103.13 112.0 104.43 103.56 97.52 93.47 89.89 85.09 87.79 82.96 60.06 18.19 3.0 0.22 0.0 0.0 0.22 23.08 71.54 106.94 110.28 119.41 123.65 125.0 115.42 115.05 108.56 107.78 106.85 104.04 100.25 95.11 91.59 79.26 36.95 4.28 0.05 0.0 0.0 0.0 0.0 2.32 71.81 102.22 115.58 122.12 128.07 126.94 115.63 113.78 103.11 97.31 93.57 97.3 108.18 117.87 119.7 103.12 87.75 81.22 77.69 71.95 65.01 58.01 67.28 85.23 99.88 117.0 150.05 186.21 164.52 128.73 114.94 107.59 102.64 92.71 88.22 87.18 93.0 110.69 113.26 106.74 90.29 76.31 64.27 61.73 49.76 50.47 64.91 83.37 100.22 117.11 136.16 147.62 144.83 120.52 110.6 97.93 92.89 85.63 82.27 82.94 88.98 106.05 112.86 111.66 103.18 88.93 85.5 82.8 81.76 78.61 83.81 91.1 95.54 105.52 125.0 143.17 134.85 116.44 108.94 105.09 100.09 91.7 89.3 90.21 93.89 108.91 114.11 105.92 93.1 85.0 77.07 70.17 67.76 57.1 71.34 88.48 94.73 112.75 128.76 139.96 134.5 125.07 114.18 107.84 99.69 96.24 96.29 97.95 107.46 116.86 115.82 109.4 97.77 84.84 82.01 80.0 73.02 71.2 72.68 87.65 91.87 101.9 120.0 142.41 139.5 124.58 111.94 103.49 104.13 102.01 99.65 96.93 95.73 97.07 86.1 78.11 52.32 10.0 0.65 0.0 -0.01 0.0 4.09 40.39 84.6 106.66 115.13 120.72 111.15 105.48 98.02 98.1 88.55 91.3 99.42 99.81 96.71 95.24 78.03 74.6 40.61 8.52 1.96 0.0 -0.01 0.0 8.53 69.88 94.7 104.51 115.63 122.54 126.75 117.31 108.24 91.62 84.97 84.12 83.96 84.96 94.24 116.33 123.34 118.99 105.0 97.67 93.45 84.94 83.84 82.95 84.94 92.6 103.86 119.85 145.57 111.39 113.65 101.91 99.9 90.37 87.53 84.89 82.27 83.7 91.4 109.11 108.66 100.22 91.99 83.17 70.01 64.53 23.99 12.57 42.89 69.94 87.04 112.05 135.55 99.43 106.55 101.3 101.58 93.63 88.67 88.96 84.58 88.72 93.04 95.34 102.74 96.5 82.81 70.63 76.77 69.62 69.5 69.06 70.66 82.27 95.45 122.48 181.21 176.27 93.76 98.89 100.0 97.21 99.22 94.6 93.45 95.37 102.99 110.98 115.44 109.36 96.42 89.86 85.09 82.69 83.21 84.56 89.86 98.56 105.66 106.58 110.0 102.96 123.04 107.47 106.47 109.66 104.06 98.39 94.29 98.85 99.2 110.0 112.29 110.94 98.44 94.93 85.24 83.33 80.31 78.77 86.34 91.55 92.77 116.96 137.6 183.66 135.21 105.39 107.18 108.78 103.92 94.8 96.0 96.45 97.0 98.78 97.23 88.72 87.08 81.02 76.61 67.54 63.14 62.17 71.96 85.2 100.69 92.47 93.86 100.81 115.0 113.62 107.99 102.03 97.0 92.48 89.38 90.06 87.17 87.86 85.6 80.85 80.1 77.09 71.24 46.2 15.04 8.85 17.66 47.08 81.86 82.62 90.79 94.59 115.47 110.0 102.57 97.87 87.02 82.24 80.38 80.8 86.2 105.62 116.88 118.42 108.0 100.75 93.19 84.1 80.21 72.36 77.93 80.45 90.43 88.61 90.9 94.03 99.18 99.56 93.52 88.51 85.86 84.7 84.05 86.25 95.18 101.38 108.9 96.98 82.12 68.77 56.28 25.06 8.95 11.67 21.47 55.14 74.27 85.81 107.85 141.01 116.33 108.83 100.96 96.09 92.03 87.07 85.17 87.15 97.15 100.98 98.65 90.99 72.7 58.59 40.45 24.79 17.69 10.7 28.25 54.23 81.08 84.43 121.34 113.2 108.13 99.62 96.29 94.81 88.24 78.39 75.82 78.37 87.12 100.52 100.69 93.96 85.62 72.89 71.88 62.44 49.48 35.27 56.25 73.74 88.12 90.87 114.17 131.28 118.62 107.87 102.21 104.96 98.01 91.74 88.3 93.62 100.52 106.43 110.0 106.13 98.62 77.66 71.83 72.48 63.67 50.41 50.76 72.4 77.48 91.84 107.62 105.0 99.37 106.42 101.11 104.13 100.0 97.59 92.19 91.37 90.87 89.53 84.61 77.91 61.53 31.71 5.68 2.95 0.0 0.0 0.0 5.43 61.96 92.52 100.14 101.15 100.34 101.05 94.13 82.96 77.4 71.52 68.87 66.59 60.8 47.24 26.18 6.16 0.0 -1.01 -2.1 -3.0 -9.9 -10.08 -4.98 -1.78 -11.06 58.84 79.91 85.38 89.62 94.0 85.09 81.29 70.07 69.97 69.91 73.31 81.9 94.44 102.03 98.6 91.4 72.89 53.83 14.9 4.05 0.66 11.02 34.96 65.28 81.0 90.65 93.08 89.09 68.34 62.14 9.5 15.71 11.54 24.55 54.79 74.46 92.24 94.42 75.45 3.91 0.03 -1.8 -4.81 -6.18 -11.72 -5.54 21.6 55.01 60.8 103.44 114.28 103.44 85.0 79.94 75.0 60.44 59.64 59.37 58.98 83.01 99.68 99.85 83.98 27.84 0.0 -1.01 -4.11 -6.47 -2.87 5.52 19.18 45.97 95.92 109.11 169.88 156.88 110.0 101.58 97.65 97.7 92.13 89.87 90.16 94.42
