576 5
1 41 48 37 50
1 0 0 0 0 0 3 1 2 3 0 179 7.52
2 0 9 0 8 0 3 6 8 26 1 164 7.66
2 0 3 0 3 8 2 8 22 1 179 8.61
10 0 0 7 10 2 3 4 16 21 1 158 9.69
6 0 7 0 0 3 2 5 22 11 145 8.01
2 1 0 0 0 0 1 14 17 187 8.05
5 0 0 0 8 7 3 7 9 10 3 151 10.27
2 0 5 3 7 0 1 12 8 192 8.24
8 0 7 0 0 7 3 11 13 27 3 151 7.8
9 0 2 0 7 2 2 19 21 8 225 7.68
6 0 4 0 3 0 3 15 19 25 8 154 8.83
4 0 0 3 0 0 3 15 17 30 11 181 6.54
1 0 10 0 1 0 3 13 16 18 10 185 7.79
2 0 0 6 3 1 3 14 17 28 11 174 7.33
7 1 0 0 0 0 2 24 30 19 157 9.15
4 1 0 0 0 0 1 24 15 205 6.85
7 0 0 0 5 4 1 23 11 229 11.2
1 1 0 0 0 0 1 21 15 130 8.31
7 0 4 0 0 0 3 20 23 27 11 158 10.86
4 1 0 0 0 0 2 22 27 17 224 9.6
3 0 0 0 10 8 2 25 28 18 230 8.77
5 1 0 0 0 0 2 23 25 17 144 10.73
2 0 6 0 2 3 1 24 21 200 8.04
8 0 1 0 0 6 1 29 22 223 10.67
5 0 6 0 0 0 1 29 26 191 6.3
5 0 4 0 0 9 1 29 22 162 10.3
2 0 0 4 0 0 1 28 3 117 8.5
8 0 10 6 0 3 1 30 21 201 10.61
10 0 6 0 0 6 1 31 21 137 10.75
10 0 2 0 7 0 1 31 31 154 11.59
2 0 7 0 0 0 1 31 29 169 11.3
1 0 0 0 0 0 0 41 195 7.13
1 0 0 0 0 0 3 33 34 35 0 197 8.05
9 0 8 4 0 4 3 38 49 52 1 133 10.39
7 0 7 4 4 0 3 36 40 43 1 163 7.92
8 0 0 6 0 4 3 37 39 60 1 211 11.36
9 0 0 0 4 0 3 42 46 47 8 137 6.34
3 0 3 8 0 1 3 41 47 49 9 184 7.15
6 0 3 0 0 0 3 41 42 43 10 167 6.88
6 0 6 0 0 1 3 45 49 53 9 149 10.44
7 0 0 1 0 0 3 41 50 55 8 123 7.39
3 0 0 0 8 0 3 45 53 54 16 158 8.65
6 0 9 6 6 0 3 45 55 56 17 166 11.41
4 0 0 0 0 9 3 44 48 50 16 193 10.69
10 0 0 10 5 9 3 47 51 55 20 230 6.54
4 1 0 0 0 0 2 48 51 23 200 8.46
9 0 0 0 1 0 3 48 52 57 17 139 6.35
6 0 8 8 0 6 3 53 58 61 30 174 7.77
2 1 0 0 0 0 1 58 27 216 9.02
1 0 0 1 1 0 3 50 54 62 15 198 8.17
8 0 0 1 0 0 1 56 20 170 8.66
7 1 0 0 0 0 1 57 30 164 8.26
9 0 0 9 7 3 3 54 59 60 26 192 9.05
1 0 0 3 6 0 1 59 36 190 11.43
6 0 7 8 6 0 1 56 35 247 10.68
1 1 0 0 0 0 2 57 60 30 204 8.3
8 0 0 10 0 4 1 61 41 235 8.09
1 0 8 0 0 0 2 58 61 37 146 10.1
5 0 4 0 0 9 1 59 38 183 7.09
1 0 0 5 0 1 1 62 43 148 10.69
5 1 0 0 0 0 1 63 35 165 9.47
5 0 10 4 0 0 1 63 49 180 6.48
9 0 9 4 9 0 1 63 44 197 11.36
1 0 0 0 0 0 0 54 175 10.0
1 0 0 0 0 0 3 65 66 67 0 122 11.17
6 0 9 9 10 8 3 71 74 75 1 215 8.94
7 0 9 1 6 0 3 69 86 87 1 163 8.53
4 0 5 0 8 4 3 68 69 73 1 217 9.53
8 0 0 6 0 1 3 70 76 78 5 141 9.0
1 0 8 9 5 4 3 88 90 92 8 124 11.24
8 0 1 10 9 0 3 72 77 82 13 230 7.7
6 0 2 3 0 10 1 89 7 173 7.71
8 0 0 4 4 2 3 80 81 85 21 225 9.45
8 0 9 0 7 3 2 74 79 5 207 9.66
1 0 9 7 7 6 1 82 13 198 8.02
1 0 2 6 10 1 3 78 80 84 7 175 7.73
6 0 9 6 0 0 3 85 91 94 13 173 10.5
6 1 0 0 0 0 1 83 21 171 9.99
5 0 9 9 0 0 1 86 13 224 10.61
3 0 4 1 3 10 3 81 84 90 13 196 10.75
7 0 7 10 7 9 1 87 29 185 8.01
4 1 0 0 0 0 1 89 29 227 7.08
5 0 7 0 10 5 2 83 84 21 143 10.4
8 0 3 2 10 5 2 87 88 27 208 11.34
7 1 0 0 0 0 2 85 94 26 183 10.94
8 1 0 0 0 0 1 86 33 150 11.18
10 0 8 9 0 4 2 89 93 41 207 11.93
5 0 0 0 2 10 1 91 36 241 8.32
3 0 6 0 10 3 1 94 35 148 8.3
8 0 7 10 0 5 1 92 51 224 8.03
4 0 6 0 0 7 1 93 16 212 9.69
2 0 8 0 10 3 1 93 41 175 8.94
8 0 4 3 1 4 1 95 59 267 10.16
9 0 8 0 5 5 1 95 51 263 10.69
3 0 0 4 8 9 1 95 38 182 6.74
1 0 0 0 0 0 0 67 191 9.64
1 0 0 0 0 0 3 97 98 99 0 166 11.88
9 0 6 2 1 10 3 103 109 114 1 178 9.15
7 0 5 0 1 7 3 100 101 111 1 136 8.84
9 0 9 0 0 0 2 102 107 1 200 9.15
3 0 0 2 10 3 3 106 117 120 8 144 10.3
4 0 6 5 0 0 3 109 115 125 8 145 11.81
9 1 0 0 0 0 1 121 10 128 11.36
10 0 7 0 0 3 3 104 105 108 10 227 10.03
3 0 6 9 7 0 3 110 118 119 20 147 7.04
4 0 6 3 0 0 3 111 116 123 20 145 10.94
7 0 0 3 8 0 1 113 11 157 11.09
8 0 3 1 2 1 3 110 112 126 10 186 9.35
6 0 4 0 3 8 2 110 112 20 143 9.38
6 0 1 4 4 5 2 118 122 12 211 10.67
10 0 4 5 0 3 1 123 26 241 6.71
9 0 2 2 7 0 2 124 125 24 237 9.51
6 1 0 0 0 0 1 113 26 224 6.44
7 1 0 0 0 0 2 115 119 32 215 8.17
3 1 0 0 0 0 3 115 122 125 10 175 9.03
7 0 10 4 0 3 1 118 39 149 11.16
2 0 10 3 2 2 1 120 24 198 6.1
4 1 0 0 0 0 2 119 126 11 201 11.02
4 0 7 0 2 2 1 121 46 241 6.93
7 0 7 7 4 10 1 121 39 227 9.48
3 0 9 7 7 4 1 122 26 173 9.41
9 0 10 5 5 2 1 123 50 226 11.61
4 1 0 0 0 0 2 124 126 29 226 6.67
3 0 9 9 4 0 1 124 59 183 9.16
2 0 7 5 3 1 1 127 62 263 10.06
1 0 9 10 0 10 1 127 33 227 7.24
9 1 0 0 0 0 1 127 33 170 6.26
1 0 0 0 0 0 0 64 247 7.25
1 0 0 0 0 0 3 129 130 131 0 161 8.91
2 0 0 5 5 9 1 146 1 203 11.26
10 0 2 9 10 0 2 133 141 1 158 6.79
4 0 5 0 0 5 3 132 144 149 1 146 11.42
6 0 6 8 0 0 3 135 138 139 5 201 7.93
5 0 2 8 7 0 2 134 136 11 129 11.34
4 1 0 0 0 0 2 144 158 16 170 10.41
7 0 0 0 3 2 1 157 11 194 7.66
2 0 0 7 0 0 1 137 16 142 8.22
1 0 0 4 0 2 3 142 146 147 18 208 7.68
7 0 0 0 0 9 1 158 11 144 6.17
10 0 10 8 0 0 1 140 11 138 11.17
6 1 0 0 0 0 2 150 153 21 212 9.11
5 0 0 0 5 0 1 143 11 206 9.11
2 1 0 0 0 0 1 155 19 197 11.17
3 0 2 0 1 0 1 151 16 199 11.3
8 1 0 0 0 0 3 145 148 152 20 217 11.6
3 0 7 3 0 0 2 154 156 28 164 9.94
8 0 9 0 7 0 1 153 19 174 9.92
3 1 0 0 0 0 1 151 19 161 6.29
8 0 5 1 0 0 1 151 28 193 7.14
8 0 0 3 5 0 1 156 5 182 8.23
8 0 9 10 8 8 1 157 27 141 7.59
1 0 0 0 1 0 2 154 156 36 141 9.78
3 0 0 4 0 5 2 153 154 28 235 10.33
8 0 1 0 6 9 1 155 31 219 8.12
3 0 0 7 5 9 1 155 37 190 9.11
2 0 2 0 0 3 1 157 40 166 9.99
1 0 0 0 0 1 1 159 37 175 9.47
2 0 0 4 0 0 1 159 42 241 11.16
6 1 0 0 0 0 1 159 20 182 10.4
1 0 0 0 0 0 0 44 210 9.34
1 0 0 0 0 0 3 161 162 163 0 210 9.45
7 0 6 0 0 0 3 165 167 168 1 202 9.43
10 0 0 8 0 0 3 166 170 177 1 155 9.98
2 0 4 0 0 0 3 164 166 167 1 200 10.7
3 0 5 0 0 0 3 180 181 183 3 187 7.95
2 0 6 0 0 0 2 166 169 8 215 7.7
1 0 0 0 0 10 2 171 173 11 178 9.33
3 0 0 9 0 0 3 172 174 179 8 134 6.5
5 0 9 0 0 0 3 169 171 173 8 175 6.62
10 0 0 0 1 0 3 174 175 179 13 204 10.57
9 0 0 0 0 3 2 173 183 11 188 11.39
9 0 0 5 0 0 3 175 180 184 13 230 7.87
3 0 0 0 2 0 3 176 178 180 11 157 6.83
5 0 0 0 0 10 2 188 189 20 193 8.35
1 0 0 0 0 8 1 176 23 198 7.71
6 0 6 0 0 0 2 178 187 23 233 11.62
6 1 0 0 0 0 3 177 183 187 24 163 9.85
9 1 0 0 0 0 3 181 182 184 30 150 10.92
5 1 0 0 0 0 2 182 186 29 148 8.02
2 1 0 0 0 0 3 181 185 189 23 171 6.44
9 1 0 0 0 0 3 182 185 187 22 230 6.09
3 0 1 0 0 0 2 186 190 39 223 9.86
5 0 0 0 4 0 1 189 39 220 11.72
8 1 0 0 0 0 2 184 185 30 222 8.46
2 0 0 0 6 0 1 188 39 163 6.61
3 0 9 0 0 0 2 186 190 38 192 10.49
10 0 0 0 10 0 1 188 42 187 11.77
2 0 0 0 3 0 1 190 31 241 8.9
8 0 0 0 0 5 1 191 52 191 9.85
1 0 0 0 3 0 1 191 44 201 11.22
9 0 0 0 0 6 1 191 42 188 7.99
1 0 0 0 0 0 0 60 227 8.26
1 0 0 0 0 0 3 193 194 195 0 118 9.29
8 0 6 0 0 0 3 198 210 217 1 146 12.07
7 0 10 0 4 6 3 196 200 218 1 173 8.84
3 0 8 0 0 8 2 201 208 1 190 10.15
7 0 0 10 5 3 3 197 199 214 8 224 8.81
3 1 0 0 0 0 2 209 211 15 205 11.61
9 0 0 0 0 4 1 212 9 216 9.66
3 1 0 0 0 0 1 203 15 195 7.12
9 0 0 6 0 0 1 204 8 185 10.41
4 0 0 10 8 10 3 202 205 207 4 217 9.79
3 0 7 0 0 8 2 213 217 8 165 11.95
9 1 0 0 0 0 1 215 18 146 11.79
4 1 0 0 0 0 1 206 17 161 9.64
10 0 5 9 0 5 2 212 215 8 229 10.49
7 1 0 0 0 0 1 215 21 149 8.95
2 0 0 5 0 7 1 221 8 187 11.28
8 0 10 0 1 7 1 220 4 144 8.13
6 1 0 0 0 0 2 213 219 18 137 10.56
1 0 2 5 10 0 1 212 9 190 10.52
9 1 0 0 0 0 2 221 222 18 152 12.09
2 1 0 0 0 0 1 213 18 224 10.7
6 0 0 8 5 8 2 216 220 24 188 8.23
3 0 0 6 5 6 1 219 15 172 10.59
4 0 0 6 0 0 1 216 28 142 9.34
10 0 0 0 0 5 1 222 32 226 6.99
7 0 6 0 8 0 1 222 11 179 9.78
1 0 8 0 3 4 1 221 8 121 11.73
1 1 0 0 0 0 1 220 24 227 9.19
9 0 0 0 6 0 1 223 30 224 6.81
4 0 10 10 0 4 1 223 27 188 8.98
1 0 0 0 0 7 1 223 42 249 6.42
1 0 0 0 0 0 0 43 202 9.86
1 0 0 0 0 0 3 225 226 227 0 161 10.69
9 0 0 10 4 8 3 229 230 233 1 211 7.09
3 0 7 3 3 4 1 229 1 169 8.0
1 0 10 7 5 10 3 228 232 243 1 146 7.45
7 0 4 0 0 9 3 229 231 237 2 168 6.93
7 0 6 10 0 3 1 234 10 149 7.95
4 0 10 6 2 5 3 235 236 242 10 194 11.19
3 0 5 4 10 3 1 240 9 184 9.47
9 0 7 9 3 0 3 235 250 253 2 128 7.9
1 0 6 2 10 2 2 245 253 10 204 9.24
2 1 0 0 0 0 1 248 17 128 8.91
2 0 2 7 7 0 2 249 251 14 134 11.56
6 0 1 0 0 6 1 241 14 206 10.62
1 0 5 9 0 9 2 238 239 9 212 7.56
3 0 5 0 6 1 1 248 10 154 7.49
6 0 1 6 7 0 1 253 10 221 10.87
6 1 0 0 0 0 1 249 12 213 12.06
9 1 0 0 0 0 1 244 20 161 9.79
4 0 0 3 0 5 1 243 14 132 7.42
3 1 0 0 0 0 2 246 252 18 213 8.36
10 0 3 8 8 2 1 245 29 160 10.75
6 0 10 7 4 1 2 247 254 39 183 10.2
3 0 9 10 8 9 1 248 21 157 6.65
4 0 8 10 0 0 1 249 45 175 8.71
8 0 2 0 8 1 1 250 24 143 6.79
1 0 0 9 5 9 1 252 49 216 6.99
6 0 9 7 10 6 1 251 32 228 7.7
7 0 7 0 0 1 1 254 38 247 8.29
4 0 7 1 0 4 1 255 50 224 6.13
3 0 7 6 0 1 1 255 16 131 11.42
1 0 7 9 5 0 1 255 45 219 9.75
1 0 0 0 0 0 0 54 232 11.6
1 0 0 0 0 0 3 257 258 259 0 177 6.79
7 0 0 0 10 0 3 265 276 283 1 203 9.05
8 0 0 8 0 0 3 261 262 269 1 210 7.07
9 0 8 0 0 0 3 260 267 283 1 180 12.01
3 0 0 3 0 0 3 269 274 281 10 171 6.08
6 0 0 0 10 0 3 270 276 280 9 140 11.62
4 0 0 0 1 0 3 263 268 270 9 208 10.97
6 0 0 0 0 3 3 264 266 283 13 192 7.89
8 0 0 0 1 0 3 272 273 276 19 177 7.65
2 0 6 0 0 0 3 266 270 271 8 141 11.48
5 1 0 0 0 0 3 272 279 282 19 175 9.42
8 0 0 8 0 0 3 269 278 285 10 209 7.64
4 0 0 7 0 0 3 271 273 285 13 135 6.19
10 1 0 0 0 0 2 275 279 18 179 8.68
4 0 0 10 0 0 2 273 274 15 142 10.49
4 1 0 0 0 0 2 272 278 17 233 6.34
4 1 0 0 0 0 3 274 275 280 27 181 11.62
1 1 0 0 0 0 3 275 282 286 27 153 7.72
4 0 7 0 0 0 2 277 286 31 209 8.96
2 0 0 3 0 0 1 277 31 237 7.53
2 1 0 0 0 0 2 277 278 27 176 11.45
2 0 0 0 0 6 1 284 35 170 10.45
1 0 4 0 0 0 3 279 281 282 29 156 9.33
9 0 5 0 0 0 1 284 30 190 12.15
5 0 0 0 0 5 1 281 31 207 8.94
4 0 0 0 0 9 1 286 36 228 6.85
7 0 2 0 0 0 1 284 30 217 9.71
4 1 0 0 0 0 1 285 19 171 10.15
8 0 0 0 0 8 1 287 39 213 6.47
7 0 10 0 0 0 1 287 23 232 7.37
4 0 0 0 0 8 1 287 40 160 12.07
1 0 0 0 0 0 0 47 231 8.0
1 0 0 0 0 0 3 289 290 291 0 216 8.63
2 0 8 0 0 0 2 292 300 1 128 11.46
9 0 7 0 0 0 3 293 298 308 1 209 9.98
8 0 5 0 0 0 3 296 299 301 1 152 8.42
7 0 0 0 2 0 3 295 303 305 3 207 11.42
7 0 2 0 0 0 3 294 295 306 10 192 11.8
6 1 0 0 0 0 2 297 304 17 179 7.57
3 1 0 0 0 0 1 312 17 204 10.03
4 0 10 0 0 0 1 307 9 198 8.84
2 0 0 0 6 0 1 311 23 160 8.25
3 0 0 0 0 8 1 302 10 125 6.38
6 0 2 0 0 0 1 302 9 166 9.36
7 0 0 0 0 6 1 306 3 162 8.55
3 0 10 0 0 0 1 314 9 174 10.41
2 0 3 0 0 0 1 307 15 213 8.26
1 0 0 7 0 0 1 312 10 201 10.74
7 0 0 0 8 0 1 313 23 214 7.1
4 0 0 0 9 0 1 310 10 178 7.48
4 0 3 0 0 0 2 307 315 17 198 6.63
7 1 0 0 0 0 1 309 21 178 8.54
5 0 5 0 0 0 2 310 312 10 217 6.59
3 0 0 0 10 0 1 318 28 140 11.42
8 0 0 2 0 0 2 311 313 15 184 6.22
9 0 0 0 3 0 1 318 25 189 7.88
7 0 0 0 0 4 1 316 20 178 8.2
5 0 0 0 0 7 3 316 317 318 30 171 10.8
9 1 0 0 0 0 1 317 12 145 7.96
7 1 0 0 0 0 1 316 21 154 10.16
7 0 8 0 0 0 1 319 35 242 11.55
8 0 0 0 0 9 1 319 35 226 7.57
1 0 0 0 0 7 1 319 35 159 11.48
1 0 0 0 0 0 0 43 212 7.38
1 0 0 0 0 0 3 321 322 323 0 184 6.85
9 0 9 5 5 1 3 327 329 331 1 168 9.84
7 0 2 4 9 6 3 324 325 328 1 193 11.79
7 0 5 5 5 2 3 325 336 338 1 128 7.66
2 0 7 8 3 4 3 326 329 342 8 195 11.1
4 0 1 5 7 5 3 326 330 333 8 179 9.19
2 0 1 3 9 7 3 332 337 340 12 205 9.92
2 0 4 1 9 4 2 336 342 10 171 11.24
7 0 1 3 8 4 3 333 335 340 8 142 10.03
4 0 5 9 7 7 3 330 334 346 10 181 8.3
9 0 3 10 4 9 3 341 343 347 14 188 6.16
6 0 8 3 5 6 3 333 335 338 10 176 6.71
8 0 7 3 2 6 3 341 348 349 14 182 10.37
4 0 7 6 9 10 2 337 347 16 192 9.81
8 0 1 3 1 2 3 335 340 349 14 158 7.87
7 1 0 0 0 0 3 336 344 345 22 234 9.96
10 0 9 1 8 10 1 343 29 147 6.86
5 1 0 0 0 0 2 339 341 20 191 10.52
2 0 3 8 2 8 2 339 342 16 184 11.72
2 1 0 0 0 0 2 343 346 25 200 11.36
10 0 1 2 8 3 2 344 345 22 191 10.38
10 1 0 0 0 0 1 350 25 156 8.44
6 1 0 0 0 0 3 344 345 346 18 234 10.39
9 0 2 5 3 5 1 348 39 195 10.92
10 0 5 8 9 3 1 350 32 206 7.67
6 0 8 10 6 9 2 347 348 32 243 10.23
10 0 3 10 4 6 1 349 27 235 11.99
4 0 8 3 9 3 1 350 38 203 8.99
8 0 8 2 9 8 1 351 48 234 9.09
7 0 10 8 5 5 1 351 37 171 8.43
1 0 8 10 4 10 1 351 42 202 8.8
1 0 0 0 0 0 0 56 179 10.83
1 0 0 0 0 0 3 353 354 355 0 141 8.95
5 0 6 0 6 3 3 357 359 375 1 175 11.81
4 0 0 10 0 1 3 362 365 368 1 217 10.13
10 0 0 0 7 1 3 356 358 360 1 157 11.58
10 0 0 1 6 7 3 362 365 368 11 128 6.89
2 0 0 3 6 6 2 369 373 6 204 7.54
3 0 9 10 1 3 3 366 373 379 11 149 10.37
9 0 6 10 1 0 3 361 362 366 6 136 11.64
9 1 0 0 0 0 3 367 375 381 11 175 9.9
3 0 9 1 5 4 3 363 365 376 15 227 11.91
9 0 2 10 0 2 3 369 370 376 21 136 10.41
2 0 9 0 1 9 3 364 370 377 18 130 6.49
10 0 10 3 0 5 3 367 372 381 20 156 8.72
2 1 0 0 0 0 2 372 374 21 175 6.53
4 0 3 5 0 3 3 371 372 377 15 144 11.48
1 1 0 0 0 0 2 369 371 30 184 10.25
4 0 0 8 0 0 3 370 373 375 21 204 11.33
7 1 0 0 0 0 2 374 382 31 159 7.94
1 1 0 0 0 0 3 371 374 378 30 178 10.78
7 0 3 1 9 0 1 380 31 188 9.08
6 0 5 0 2 1 1 382 30 241 10.02
2 1 0 0 0 0 3 376 377 380 25 177 8.19
8 0 4 0 0 8 1 379 38 190 7.48
7 0 10 0 8 6 1 379 25 167 9.43
2 1 0 0 0 0 2 378 382 30 164 6.78
1 1 0 0 0 0 1 378 27 229 11.64
10 0 8 2 7 0 1 381 32 199 9.02
1 0 9 2 9 9 1 380 46 155 11.71
10 0 3 2 1 8 1 383 47 219 10.6
10 0 0 1 4 8 1 383 42 210 9.76
3 0 0 4 9 6 1 383 38 214 6.93
1 0 0 0 0 0 0 57 200 6.84
1 0 0 0 0 0 3 385 386 387 0 140 10.24
7 0 0 9 7 3 3 388 389 390 1 130 10.39
8 0 4 0 8 0 3 392 394 395 1 160 10.97
9 0 9 6 6 8 2 393 410 1 117 7.23
2 0 1 6 3 0 3 391 396 402 8 214 8.12
9 0 0 3 3 10 2 396 408 8 224 9.01
6 1 0 0 0 0 2 398 399 8 134 11.61
6 0 2 3 7 3 2 401 403 10 150 8.91
6 1 0 0 0 0 1 406 9 174 10.94
5 0 8 0 8 7 3 399 400 404 10 188 9.89
3 0 0 10 2 7 3 400 407 412 9 168 9.54
7 0 0 5 0 3 2 409 411 9 199 9.44
9 1 0 0 0 0 3 397 398 401 17 236 8.28
9 1 0 0 0 0 3 399 410 414 26 220 6.14
10 0 0 0 8 8 1 414 26 161 7.18
1 0 5 0 7 9 1 406 35 154 11.37
3 1 0 0 0 0 1 401 15 227 8.41
3 0 2 1 4 10 1 413 26 184 8.49
1 0 0 5 6 0 3 403 404 408 10 215 6.98
10 0 5 8 0 7 1 405 16 235 7.32
5 0 6 6 5 1 3 406 411 414 15 184 10.16
8 1 0 0 0 0 2 409 411 26 148 8.4
6 0 0 9 10 10 2 412 413 36 195 9.4
7 0 5 9 0 0 1 408 12 226 10.95
10 0 0 3 1 7 1 409 19 175 6.84
3 0 0 10 6 5 1 410 34 204 8.94
3 0 5 5 7 2 1 413 37 204 6.32
2 0 10 4 6 3 1 412 34 171 11.32
2 0 2 0 5 0 1 415 42 235 7.1
1 0 4 4 1 1 1 415 42 206 11.88
9 0 0 9 1 10 1 415 36 159 8.48
1 0 0 0 0 0 0 45 151 8.36
1 0 0 0 0 0 3 417 418 419 0 197 12.0
9 0 0 4 0 0 3 420 423 424 1 141 11.89
9 0 0 7 0 9 3 425 426 427 1 159 9.45
8 0 0 5 0 0 3 421 422 433 1 205 11.45
1 0 1 0 0 5 3 425 426 431 10 123 10.87
6 0 0 7 0 0 3 428 434 441 9 186 11.52
6 0 3 3 10 0 3 425 427 431 9 203 9.25
2 0 0 0 0 5 1 426 10 143 10.03
6 0 0 6 1 3 3 428 436 437 10 152 8.32
7 0 0 4 0 0 3 429 439 441 15 200 11.06
1 0 6 3 0 0 3 436 437 441 12 177 10.95
4 0 3 0 3 0 3 435 439 440 15 159 8.19
5 0 2 3 3 2 3 431 432 435 16 134 11.48
10 0 10 7 6 0 2 430 432 22 185 11.76
10 1 0 0 0 0 3 434 436 446 32 201 6.87
5 0 8 10 0 10 3 438 439 445 21 198 11.8
7 0 8 0 0 0 2 438 444 32 205 6.76
2 0 2 0 1 1 3 434 435 443 9 178 10.78
10 0 6 7 6 0 2 437 440 42 256 9.77
10 0 4 3 6 5 2 438 442 21 178 8.45
6 0 0 0 8 0 1 440 42 153 12.07
1 0 0 0 0 6 1 444 52 239 9.09
9 0 1 0 0 4 1 446 39 205 8.52
7 1 0 0 0 0 2 442 443 26 150 6.25
10 0 0 0 2 0 1 445 52 243 11.65
8 0 3 1 0 0 3 442 443 445 22 141 8.55
8 1 0 0 0 0 1 446 33 190 8.93
1 0 9 0 0 3 1 444 33 149 9.68
8 0 0 0 0 7 1 447 53 255 11.93
3 0 0 0 10 0 1 447 62 209 11.02
8 0 7 0 1 1 1 447 48 249 6.75
1 0 0 0 0 0 0 65 246 11.99
1 0 0 0 0 0 3 449 450 451 0 147 11.87
10 0 0 6 0 10 1 454 1 207 9.17
4 0 1 8 7 3 3 453 460 461 1 151 9.0
5 0 1 4 10 6 3 452 455 456 1 190 7.6
6 0 4 5 7 3 2 467 474 6 213 6.95
2 0 5 4 0 0 3 462 468 475 5 172 10.82
9 0 10 7 10 1 3 457 458 459 11 190 12.08
5 0 6 0 5 7 3 463 466 476 6 158 9.77
8 0 4 0 3 3 2 470 472 6 223 7.26
4 0 1 7 9 6 1 462 20 130 10.19
2 1 0 0 0 0 1 464 20 194 6.6
1 1 0 0 0 0 1 468 20 204 9.88
4 0 0 4 5 8 1 464 5 213 11.45
7 0 5 10 10 10 1 474 5 154 7.22
4 0 0 0 8 8 2 469 471 24 147 7.84
5 0 3 0 0 1 1 475 11 187 8.88
10 0 7 0 5 8 1 465 22 188 8.09
1 0 6 3 9 8 1 471 32 236 12.08
5 1 0 0 0 0 1 473 11 192 6.67
2 1 0 0 0 0 2 471 473 12 144 8.83
6 1 0 0 0 0 1 472 21 186 7.74
9 0 3 0 3 4 1 477 28 240 11.35
2 0 0 1 1 4 1 475 14 142 12.15
4 0 0 0 8 2 1 477 33 168 6.76
10 0 0 6 10 9 1 474 27 155 10.29
9 1 0 0 0 0 1 478 16 141 8.3
9 0 6 5 5 6 1 478 37 170 10.72
7 0 1 0 2 4 2 477 478 16 226 11.27
7 0 4 9 0 0 1 479 11 174 10.45
1 0 8 7 0 9 1 479 37 241 7.96
7 0 10 4 4 9 1 479 46 186 10.38
1 0 0 0 0 0 0 53 259 7.78
1 0 0 0 0 0 3 481 482 483 0 167 11.74
9 0 2 5 7 5 3 484 489 495 1 162 9.7
2 0 4 2 0 5 3 484 486 491 1 174 6.65
2 0 9 3 0 8 3 485 487 496 1 165 8.21
8 0 6 3 2 2 1 488 10 215 9.34
2 0 0 7 2 5 3 486 489 492 3 178 10.31
2 0 5 0 0 1 3 493 495 502 5 146 10.2
10 0 0 4 0 10 2 489 492 3 203 8.72
1 0 0 6 0 1 2 496 509 18 227 7.29
4 0 7 3 4 7 3 490 494 502 13 124 11.59
1 0 9 10 8 8 2 504 510 17 148 11.44
10 0 6 3 4 7 3 493 494 495 3 163 9.04
9 0 2 10 0 5 3 493 501 505 13 163 11.27
8 1 0 0 0 0 2 500 504 22 172 9.32
2 0 0 0 5 0 3 497 498 500 17 199 8.38
10 0 3 8 5 0 3 498 499 503 13 133 9.02
3 0 2 3 2 2 2 498 499 19 205 9.96
10 1 0 0 0 0 2 499 504 19 236 9.59
8 1 0 0 0 0 2 501 505 23 179 9.05
5 1 0 0 0 0 2 501 507 29 184 6.4
5 0 5 3 4 3 3 503 506 507 30 207 11.08
4 0 9 4 0 0 1 506 34 154 11.55
8 0 2 10 1 1 3 503 505 506 17 181 7.59
4 0 0 3 6 0 2 508 509 35 216 6.99
5 0 6 9 2 8 1 509 30 235 9.73
7 0 0 6 6 4 2 507 510 31 213 6.55
10 0 7 5 4 0 2 508 510 38 207 9.81
1 0 5 2 7 0 1 508 38 144 6.72
4 0 0 10 9 4 1 511 48 233 8.69
3 0 2 2 0 8 1 511 39 241 6.12
9 0 0 1 0 4 1 511 48 199 10.62
1 0 0 0 0 0 0 57 244 6.18
1 0 0 0 0 0 3 513 514 515 0 183 7.05
9 0 8 4 0 4 3 518 529 532 1 170 9.24
7 0 7 4 4 0 3 516 520 523 1 171 11.12
8 0 0 6 0 4 3 517 519 540 1 194 6.14
9 0 0 0 4 0 3 522 526 527 8 148 7.64
3 0 3 8 0 1 3 521 527 529 9 162 9.06
6 0 3 0 0 0 3 521 522 523 10 186 10.79
6 0 6 0 0 1 3 525 529 533 9 147 11.7
7 0 0 1 0 0 3 521 530 535 8 212 10.4
3 0 0 0 8 0 3 525 533 534 16 181 9.49
6 0 9 6 6 0 3 525 535 536 17 192 10.22
4 0 0 0 0 9 3 524 528 530 16 158 8.81
10 0 0 10 5 9 3 527 531 535 20 203 8.15
4 0 3 0 0 3 2 528 531 23 185 11.92
9 0 0 0 1 0 3 528 532 537 17 219 10.98
6 1 0 0 0 0 3 533 538 541 30 200 9.09
2 1 0 0 0 0 1 538 27 225 8.6
1 0 0 1 1 0 3 530 534 542 15 175 9.52
8 0 0 1 0 0 1 536 20 138 6.25
7 1 0 0 0 0 1 537 30 195 11.78
9 1 0 0 0 0 3 534 539 540 26 181 6.26
1 0 0 3 6 0 1 539 36 152 6.34
6 0 7 8 6 0 1 536 35 214 8.51
1 0 1 10 4 0 2 537 540 30 215 7.2
8 0 0 10 0 4 1 541 41 251 10.53
1 0 8 0 0 0 2 538 541 37 189 10.82
5 0 4 0 0 9 1 539 38 181 8.33
1 0 0 5 0 1 1 542 43 149 9.22
5 1 0 0 0 0 1 543 35 239 9.08
5 0 10 4 0 0 1 543 49 197 9.39
9 0 9 4 9 0 1 543 44 210 7.65
1 0 0 0 0 0 0 54 235 11.79
1 0 0 0 0 0 3 545 546 547 0 192 8.34
7 0 5 1 4 7 3 548 554 562 1 151 7.96
1 0 3 9 2 2 1 559 1 172 10.61
8 0 4 7 4 5 3 549 550 557 1 149 7.84
2 0 4 4 10 7 3 551 552 555 8 166 11.8
5 0 1 1 6 5 2 553 566 9 187 10.88
8 0 9 4 2 6 1 567 9 134 8.12
7 0 1 4 2 6 1 570 10 227 6.17
10 0 2 4 2 3 1 565 10 223 9.61
6 0 5 3 10 5 1 556 14 159 11.27
4 0 4 10 8 3 1 564 8 164 6.7
6 0 3 10 8 6 2 556 558 10 207 10.49
4 0 1 10 9 4 3 561 568 569 20 191 8.24
5 0 1 7 4 9 1 567 9 124 7.81
10 0 6 8 1 3 2 560 565 16 234 9.97
9 0 7 8 1 2 2 562 574 2 146 10.68
10 0 5 3 2 4 1 563 26 197 9.63
7 1 0 0 0 0 1 571 24 241 9.54
3 0 2 6 2 7 1 572 11 171 10.9
7 0 10 1 10 1 1 572 36 165 8.79
5 0 10 8 10 8 1 571 12 177 10.53
4 1 0 0 0 0 1 574 26 138 10.09
7 0 8 2 3 7 1 573 14 151 9.95
7 0 5 6 6 8 3 568 569 574 17 198 8.4
5 0 9 7 4 5 2 571 573 24 162 7.65
6 1 0 0 0 0 1 570 24 215 9.72
4 1 0 0 0 0 1 573 30 197 10.49
8 0 2 5 7 3 1 572 31 228 7.17
9 0 4 8 5 9 1 575 43 156 11.92
3 0 6 9 1 2 1 575 34 198 7.56
2 1 0 0 0 0 1 575 30 231 8.87
1 0 0 0 0 0 0 52 202 9.82
63.02 56.08 52.93 44.39 50.08 71.36 105.08 140.64 146.39 147.87 145.61 143.35 144.38 143.76 148.2 155.34 162.79 170.45 174.74 164.6 153.0 141.67 134.91 124.22 130.01 120.0 118.76 115.0 113.63 116.27 138.92 159.92 169.17 171.18 168.57 169.49 164.5 160.91 163.06 166.42 169.59 165.85 168.23 160.99 149.62 135.03 119.03 104.95 90.34 80.01 77.87 62.38 80.01 88.44 107.48 132.33 135.0 133.09 125.0 123.38 129.67 120.92 121.55 115.29 121.43 156.88 133.58 155.83 153.14 149.69 150.09 105.03 112.27 117.85 104.17 56.07 90.74 113.43 120.27 150.0 153.73 144.97 140.03 144.25 142.2 142.72 151.03 159.48 172.73 193.42 194.67 177.98 163.99 152.0 144.64 127.0 107.21 101.1 96.73 82.72 84.99 90.26 100.76 123.33 127.38 128.27 124.89 117.69 117.77 113.38 127.84 138.09 145.28 155.93 163.5 146.74 139.27 129.99 129.94 121.21 101.02 100.92 96.34 89.43 85.01 86.96 97.41 103.21 128.66 135.71 126.08 122.97 120.0 117.14 122.24 123.58 99.99 103.86 115.0 104.83 110.0 98.41 98.74 70.27 57.66 58.82 51.71 39.15 50.25 49.78 55.4 62.86 79.01 97.55 102.4 103.87 101.69 99.0 104.29 107.91 125.6 133.98 127.83 119.68 120.0 106.05 100.24 81.35 63.02 56.08 52.93 44.39 50.08 71.36 105.08 140.64 146.39 147.87 145.61 143.35 144.38 143.76 148.2 155.34 162.79 170.45 174.74 164.6 153.0 141.67 134.91 124.22 130.01 120.0 118.76 115.0 113.63 116.27 138.92 159.92 169.17 171.18 168.57 169.49 164.5 160.91 163.06 166.42 169.59 165.85 168.23 160.99 149.62 135.03 119.03 104.95 90.34 80.01 77.87 62.38 80.01 88.44 107.48 132.33 135.0 133.09 125.0 123.38 129.67 120.92 121.55 115.29 121.43 156.88 133.58 155.83 153.14 149.69 150.09 105.03 112.27 117.85 104.17 56.07 90.74 113.43 120.27 150.0 153.73 144.97 140.03 144.25 142.2 142.72 151.03 159.48 172.73 193.42 194.67 177.98 163.99 152.0 144.64 127.0 107.21 101.1 96.73 82.72 84.99 90.26 100.76 123.33 127.38 128.27 124.89 117.69 117.77 113.38 127.84 138.09 145.28 155.93 163.5 146.74 139.27 129.99 129.94 121.21 101.02 100.92 96.34 89.43 85.01 86.96 97.41 103.21 128.66 135.71 126.08 122.97 120.0 117.14 122.24 123.58 99.99 103.86 115.0 104.83 110.0 98.41 98.74 70.27 57.66 58.82 51.71 39.15 50.25 49.78 55.4 62.86 79.01 97.55 102.4 103.87 101.69 99.0 104.29 107.91 125.6 133.98 127.83 119.68 120.0 106.05 100.24 81.35 63.02 56.08 52.93 44.39 50.08 71.36 105.08 140.64 146.39 147.87 145.61 143.35 144.38 143.76 148.2 155.34 162.79 170.45 174.74 164.6 153.0 141.67 134.91 124.22 130.01 120.0 118.76 115.0 113.63 116.27 138.92 159.92 169.17 171.18 168.57 169.49 164.5 160.91 163.06 166.42 169.59 165.85 168.23 160.99 149.62 135.03 119.03 104.95 90.34 80.01 77.87 62.38 80.01 88.44 107.48 132.33 135.0 133.09 125.0 123.38 129.67 120.92 121.55 115.29 121.43 156.88 133.58 155.83 153.14 149.69 150.09 105.03 112.27 117.85 104.17 56.07 90.74 113.43 120.27 150.0 153.73 144.97 140.03 144.25 142.2 142.72 151.03 159.48 172.73 193.42 194.67 177.98 163.99 152.0 144.64 127.0 107.21 101.1 96.73 82.72 84.99 90.26 100.76 123.33 127.38 128.27 124.89 117.69 117.77 113.38 127.84 138.09 145.28 155.93 163.5 146.74 139.27 129.99 129.94 121.21 101.02 100.92 96.34 89.43 85.01 86.96 97.41 103.21 128.66 135.71 126.08 122.97 120.0 117.14 122.24 123.58 99.99 103.86 115.0 104.83 110.0 98.41 98.74 70.27 57.66 58.82 51.71 39.15 50.25 49.78 55.4 62.86 79.01 97.55 102.4 103.87 101.69 99.0 104.29 107.91 125.6 133.98 127.83 119.68 120.0 106.05 100.24 81.35 63.02 56.08 52.93 44.39 50.08 71.36 105.08 140.64 146.39 147.87 145.61 143.35 144.38 143.76 148.2 155.34 162.79 170.45 174.74 164.6 153.0 141.67 134.91 124.22 130.01 120.0 118.76 115.0 113.63 116.27 138.92 159.92 169.17 171.18 168.57 169.49 164.5 160.91 163.06 166.42 169.59 165.85 168.23 160.99 149.62 135.03 119.03 104.95 90.34 80.01 77.87 62.38 80.01 88.44 107.48 132.33 135.0 133.09 125.0 123.38 129.67 120.92 121.55 115.29 121.43 156.88 133.58 155.83 153.14 149.69 150.09 105.03 112.27 117.85 104.17 56.07 90.74 113.43 120.27 150.0 153.73 144.97 140.03 144.25 142.2 142.72 151.03 159.48 172.73 193.42 194.67 177.98 163.99 152.0 144.64 127.0 107.21 101.1 96.73 82.72 84.99 90.26 100.76 123.33 127.38 128.27 124.89 117.69 117.77 113.38 127.84 138.09 145.28 155.93 163.5 146.74 139.27 129.99 129.94 121.21 101.02 100.92 96.34 89.43 85.01 86.96 97.41 103.21 128.66 135.71 126.08 122.97 120.0 117.14 122.24 123.58 99.99 103.86 115.0 104.83 110.0 98.41 98.74 70.27 57.66 58.82 51.71 39.15 50.25 49.78 55.4 62.86 79.01 97.55 102.4 103.87 101.69 99.0 104.29 107.91 125.6 133.98 127.83 119.68 120.0 106.05 100.24 81.35 63.02 56.08 52.93 44.39 50.08 71.36 105.08 140.64 146.39 147.87 145.61 143.35 144.38 143.76 148.2 155.34 162.79 170.45 174.74 164.6 153.0 141.67 134.91 124.22 130.01 120.0 118.76 115.0 113.63 116.27 138.92 159.92 169.17 171.18 168.57 169.49 164.5 160.91 163.06 166.42 169.59 165.85 168.23 160.99 149.62 135.03 119.03 104.95 90.34 80.01 77.87 62.38 80.01 88.44 107.48 132.33 135.0 133.09 125.0 123.38 129.67 120.92 121.55 115.29 121.43 156.88 133.58 155.83 153.14 149.69 150.09 105.03 112.27 117.85 104.17 56.07 90.74 113.43 120.27 150.0 153.73 144.97 140.03 144.25 142.2 142.72 151.03 159.48 172.73 193.42 194.67 177.98 163.99 152.0 144.64 127.0 107.21 101.1 96.73 82.72 84.99 90.26 100.76 123.33 127.38 128.27 124.89 117.69 117.77 113.38 127.84 138.09 145.28 155.93 163.5 146.74 139.27 129.99 129.94 121.21 101.02 100.92 96.34 89.43 85.01 86.96 97.41 103.21 128.66 135.71 126.08 122.97 120.0 117.14 122.24 123.58 99.99 103.86 115.0 104.83 110.0 98.41 98.74 70.27 57.66 58.82 51.71 39.15 50.25 49.78 55.4 62.86 79.01 97.55 102.4 103.87 101.69 99.0 104.29 107.91 125.6 133.98 127.83 119.68 120.0 106.05 100.24 81.35 63.02 56.08 52.93 44.39 50.08 71.36 105.08 140.64 146.39 147.87 145.61 143.35 144.38 143.76 148.2 155.34 162.79 170.45 174.74 164.6 153.0 141.67 134.91 124.22 130.01 120.0 118.76 115.0 113.63 116.27 138.92 159.92 169.17 171.18 168.57 169.49 164.5 160.91 163.06 166.42 169.59 165.85 168.23 160.99 149.62 135.03 119.03 104.95 90.34 80.01 77.87 62.38 80.01 88.44 107.48 132.33 135.0 133.09 125.0 123.38 129.67 120.92 121.55 115.29 121.43 156.88 133.58 155.83 153.14 149.69 150.09 105.03 112.27 117.85 104.17 56.07 90.74 113.43 120.27 150.0 153.73 144.97 140.03 144.25 142.2 142.72 151.03 159.48 172.73 193.42 194.67 177.98 163.99 152.0 144.64 127.0 107.21 101.1 96.73 82.72 84.99 90.26 100.76 123.33 127.38 128.27 124.89 117.69 117.77 113.38 127.84 138.09 145.28 155.93 163.5 146.74 139.27 129.99 129.94 121.21 101.02 100.92 96.34 89.43 85.01 86.96 97.41 103.21 128.66 135.71 126.08 122.97 120.0 117.14 122.24 123.58 99.99 103.86 115.0 104.83 110.0 98.41 98.74 70.27 57.66 58.82 51.71 39.15 50.25 49.78 55.4 62.86 79.01 97.55 102.4 103.87 101.69 99.0 104.29 107.91 125.6 133.98 127.83 119.68 120.0 106.05 100.24 81.35 63.02 56.08 52.93 44.39 50.08 71.36 105.08 140.64 146.39 147.87 145.61 143.35 144.38 143.76 148.2 155.34 162.79 170.45 174.74 164.6 153.0 141.67 134.91 124.22 130.01 120.0 118.76 115.0 113.63 116.27 138.92 159.92 169.17 171.18 168.57 169.49 164.5 160.91 163.06 166.42 169.59 165.85 168.23 160.99 149.62 135.03 119.03 104.95 90.34 80.01 77.87 62.38 80.01 88.44 107.48 132.33 135.0 133.09 125.0 123.38 129.67 120.92 121.55 115.29 121.43 156.88 133.58 155.83 153.14 149.69 150.09 105.03 112.27 117.85
