608 5
1 52 40 34 28
1 0 0 0 0 0 3 1 2 3 0 237 9.0
7 0 1 0 0 0 3 9 12 23 1 189 9.37
4 0 7 0 0 0 3 6 7 14 1 238 5.66
7 0 10 0 0 0 3 4 7 29 1 167 9.23
3 0 0 0 3 0 3 5 10 12 8 227 5.45
4 0 0 0 7 0 3 6 8 14 11 232 9.45
3 0 0 0 8 0 3 9 15 23 15 140 8.07
9 0 0 0 0 8 3 16 20 21 8 242 10.58
2 0 0 0 0 7 3 15 19 25 15 259 9.05
8 0 3 0 0 0 3 11 13 17 18 187 8.68
10 0 0 0 4 0 2 28 30 11 248 6.8
2 1 0 0 0 0 3 16 18 19 26 153 9.66
9 0 0 0 0 1 3 13 14 15 11 214 6.75
6 1 0 0 0 0 3 18 19 21 26 186 6.97
1 0 0 0 0 2 3 17 21 24 20 217 9.15
6 0 0 0 6 0 2 17 18 20 184 7.83
5 1 0 0 0 0 2 22 25 28 198 7.54
7 1 0 0 0 0 2 27 30 26 167 6.21
10 0 1 0 0 0 2 20 24 32 214 7.5
2 0 8 0 0 0 3 20 22 26 32 266 7.99
9 0 0 0 0 10 1 27 42 235 7.22
8 1 0 0 0 0 2 22 25 32 197 5.51
2 1 0 0 0 0 1 28 40 199 8.53
3 0 0 0 0 7 1 24 18 189 10.09
1 0 0 4 0 0 1 26 42 163 5.76
6 0 3 0 0 0 1 26 40 195 6.84
6 0 0 7 0 0 2 27 30 46 245 9.87
4 0 0 0 0 7 1 28 52 279 8.12
8 0 0 5 0 0 1 31 56 198 6.73
4 0 9 0 0 0 1 31 8 216 9.93
2 0 0 0 9 0 1 31 52 176 9.42
1 0 0 0 0 0 0 64 238 9.91
1 0 0 0 0 0 3 33 34 35 0 185 9.83
4 0 5 5 0 10 2 39 43 1 234 9.44
8 0 5 3 6 4 3 37 45 54 1 202 10.4
8 0 2 5 0 10 3 36 38 43 1 193 5.97
4 0 3 7 7 0 3 37 46 47 9 177 6.89
1 0 9 0 1 5 3 40 41 53 13 156 5.4
7 0 4 9 7 0 3 40 41 42 9 237 6.04
9 0 2 0 0 10 3 42 45 50 5 254 6.03
3 0 4 0 0 4 3 49 55 56 16 245 8.83
8 1 0 0 0 0 2 49 55 16 257 5.6
5 1 0 0 0 0 2 51 57 16 192 9.54
2 0 0 6 10 8 3 44 52 53 9 220 9.23
10 0 9 1 5 0 3 47 50 51 11 254 7.78
3 0 7 9 0 9 2 47 48 14 163 9.03
3 0 0 0 1 4 3 51 52 58 13 154 7.89
8 0 7 0 0 3 3 56 57 59 21 164 9.09
4 1 0 0 0 0 3 49 53 56 17 148 5.51
7 0 4 4 5 3 2 52 59 24 234 7.75
10 0 8 10 6 7 3 54 58 61 21 156 9.62
4 1 0 0 0 0 1 54 21 223 6.2
7 0 3 0 3 9 1 60 31 216 8.56
4 1 0 0 0 0 3 55 57 59 21 246 5.92
1 0 8 0 9 0 1 62 31 258 8.16
10 0 0 1 7 4 1 61 25 162 9.9
8 0 4 10 10 9 1 62 29 189 5.92
4 0 0 10 0 0 1 58 29 239 8.49
8 0 0 2 7 6 1 60 33 246 7.41
2 0 1 7 3 4 3 60 61 62 31 188 7.93
2 0 4 2 4 6 1 63 41 261 8.16
6 0 6 3 1 0 1 63 35 167 5.42
2 0 0 4 7 4 1 63 37 183 8.8
1 0 0 0 0 0 0 43 178 6.31
1 0 0 0 0 0 3 65 66 67 0 154 5.71
10 0 0 0 0 7 2 86 93 1 219 9.06
6 0 0 4 0 0 3 68 87 92 1 177 10.28
2 0 6 0 0 0 3 69 71 81 1 218 5.61
9 0 0 0 10 0 2 73 80 7 212 5.97
7 0 0 10 0 0 3 70 72 92 3 204 7.47
7 0 0 9 0 0 2 73 88 10 226 10.19
9 0 0 0 3 0 1 74 3 248 6.25
4 0 0 0 0 3 3 76 77 85 10 199 7.03
2 0 0 0 5 0 3 76 83 90 17 256 8.28
3 0 0 0 5 0 3 75 84 89 12 248 6.38
10 0 0 9 0 0 3 76 79 87 15 263 9.29
7 1 0 0 0 0 1 93 25 244 10.0
4 0 0 0 3 0 2 78 88 14 215 5.66
6 0 0 4 0 0 2 86 93 18 184 7.49
6 1 0 0 0 0 2 90 92 25 197 8.06
5 0 0 0 0 4 3 83 85 89 16 253 5.38
6 0 0 10 0 0 3 82 85 86 3 224 9.5
4 0 3 0 0 0 2 83 84 9 208 9.41
1 1 0 0 0 0 1 91 21 156 8.79
9 0 2 0 0 0 1 87 15 196 7.79
2 1 0 0 0 0 1 88 21 153 7.86
2 0 0 0 0 4 1 89 24 204 7.68
2 1 0 0 0 0 1 94 25 246 10.43
5 1 0 0 0 0 1 91 23 192 5.45
10 0 0 0 0 10 1 90 26 241 5.69
9 0 0 0 6 0 1 91 36 197 10.37
5 0 9 0 0 0 1 94 45 231 9.93
3 0 9 0 0 0 1 95 31 274 5.44
1 1 0 0 0 0 1 95 32 253 10.41
2 0 0 0 8 0 1 95 50 236 9.29
1 0 0 0 0 0 0 52 215 8.33
1 0 0 0 0 0 3 97 98 99 0 174 7.93
1 0 0 4 0 0 3 107 109 122 1 226 7.87
3 0 9 0 0 0 3 100 113 114 1 198 5.68
6 0 0 9 0 5 3 102 103 105 1 156 5.71
8 0 1 0 0 2 3 101 102 104 4 193 7.28
1 0 0 1 2 6 3 107 108 111 12 222 7.24
10 1 0 0 0 0 3 116 118 125 12 263 6.68
5 0 0 0 7 2 3 106 113 115 7 229 7.18
10 0 7 10 10 10 3 105 107 115 12 264 5.36
2 1 0 0 0 0 3 116 120 122 22 228 6.12
3 0 4 0 0 1 3 109 110 126 12 222 6.62
3 1 0 0 0 0 3 112 116 117 22 180 7.54
1 1 0 0 0 0 3 115 118 122 13 162 9.31
10 0 0 6 0 0 3 111 114 121 15 193 10.07
3 0 5 0 0 1 3 111 112 114 15 197 6.21
2 0 0 9 9 0 1 119 25 197 10.23
10 1 0 0 0 0 2 119 121 25 188 6.34
1 1 0 0 0 0 1 120 12 168 7.97
6 1 0 0 0 0 2 117 118 25 264 6.3
8 0 3 9 6 0 2 117 120 22 251 6.87
2 0 0 0 0 8 1 123 25 194 7.14
4 0 5 5 0 0 2 123 125 31 224 9.12
9 0 2 0 7 0 1 119 31 244 5.53
2 0 1 0 5 0 1 124 40 208 9.11
4 1 0 0 0 0 2 121 126 30 225 9.02
1 0 0 4 2 3 2 124 125 35 250 5.79
7 1 0 0 0 0 2 123 126 24 159 7.91
10 0 6 8 0 10 1 124 35 176 6.26
9 0 2 0 0 8 1 127 45 256 6.53
4 0 0 0 0 9 1 127 36 197 7.33
6 0 0 0 1 8 1 127 34 258 10.1
1 0 0 0 0 0 0 54 216 5.69
1 0 0 0 0 0 3 129 130 131 0 155 5.58
1 0 7 0 2 0 2 146 156 1 146 10.43
3 0 0 3 3 6 3 134 137 147 1 178 5.39
8 0 9 0 3 4 3 132 133 143 1 254 10.46
1 0 4 0 7 7 3 135 138 140 9 133 9.2
4 0 2 0 0 0 2 139 141 9 184 8.5
4 0 9 0 0 8 1 142 4 177 8.15
3 0 10 5 10 0 1 136 10 175 6.72
7 1 0 0 0 0 1 149 13 264 9.78
9 0 8 0 0 0 2 148 151 4 196 7.84
2 0 2 0 2 0 1 144 10 187 7.28
8 0 0 10 6 0 1 144 13 246 9.01
6 0 0 9 2 0 3 150 152 154 10 231 7.03
2 0 8 6 3 0 1 153 13 142 6.44
8 1 0 0 0 0 2 150 152 8 139 7.77
9 0 0 7 0 10 3 145 155 157 9 239 8.43
2 1 0 0 0 0 1 158 21 261 6.33
10 0 0 0 0 6 2 154 156 18 200 10.41
8 1 0 0 0 0 1 152 2 141 10.37
7 0 0 4 3 8 1 155 4 146 10.13
5 0 5 6 0 0 1 153 13 224 6.41
5 1 0 0 0 0 1 150 20 175 8.07
8 0 0 9 3 1 1 156 25 241 8.12
8 0 6 0 0 10 1 157 13 195 7.56
1 1 0 0 0 0 1 153 16 186 6.32
10 0 8 0 0 0 1 155 18 171 6.3
5 0 6 0 0 4 1 158 28 194 9.31
10 0 4 7 3 10 1 158 28 168 10.1
3 0 0 1 0 0 1 159 33 226 7.87
8 0 0 0 7 0 1 159 21 257 7.87
10 0 0 0 2 0 1 159 38 173 7.16
1 0 0 0 0 0 0 48 260 7.2
1 0 0 0 0 0 3 161 162 163 0 191 9.63
9 0 4 0 0 0 3 164 166 180 1 218 9.06
5 0 6 0 2 0 3 167 168 169 1 216 8.97
6 0 5 0 10 1 2 174 180 1 186 6.03
1 0 8 0 0 3 3 165 171 172 10 166 5.65
9 1 0 0 0 0 3 170 175 188 11 202 6.22
9 0 3 0 0 6 3 170 172 179 10 151 5.36
3 0 5 0 2 3 2 173 180 6 206 7.94
10 0 0 9 9 0 1 182 6 214 8.01
5 0 6 5 0 0 1 170 6 234 10.16
5 0 6 7 0 2 1 174 20 158 6.76
1 0 0 8 9 0 2 173 174 11 188 9.97
2 1 0 0 0 0 1 177 19 169 10.33
7 0 0 0 0 7 3 176 184 185 12 197 7.99
1 0 9 7 8 0 3 176 178 189 25 188 7.02
6 1 0 0 0 0 3 178 179 187 20 238 9.57
1 0 2 0 0 7 1 190 26 156 7.04
8 1 0 0 0 0 3 181 182 186 21 251 6.61
2 0 6 2 0 0 1 183 26 264 9.99
1 0 0 10 8 0 1 185 26 229 6.49
5 0 0 0 0 9 1 188 10 216 10.53
9 0 0 0 8 0 2 183 185 29 242 8.69
2 0 10 0 0 0 3 183 187 188 29 181 8.56
6 0 0 0 5 2 1 190 38 181 7.77
9 1 0 0 0 0 1 186 19 230 10.22
2 0 0 2 1 3 2 189 190 38 181 8.22
1 0 0 9 0 0 1 187 29 192 7.67
3 0 0 0 8 0 1 189 31 213 8.0
6 0 0 0 10 0 1 191 31 249 8.54
7 0 1 3 6 8 1 191 40 200 6.22
10 0 0 9 0 4 1 191 44 173 10.05
1 0 0 0 0 0 0 54 269 8.73
1 0 0 0 0 0 3 193 194 195 0 211 9.07
6 0 0 2 0 9 3 197 206 209 1 156 6.89
9 0 1 0 5 4 3 196 206 209 1 197 7.9
1 0 0 2 10 8 3 197 198 207 1 217 7.19
9 0 0 10 7 7 3 199 205 207 10 199 8.69
1 0 8 5 0 1 3 199 202 205 7 245 9.66
5 0 7 0 9 7 3 200 203 214 2 143 6.56
7 0 6 0 6 0 3 201 203 208 19 203 6.22
1 0 0 10 3 2 3 201 204 211 7 171 7.31
10 1 0 0 0 0 2 213 221 26 182 10.57
6 0 1 2 7 1 3 210 214 216 8 165 9.85
8 0 0 0 7 5 1 212 26 193 8.06
5 0 0 2 4 7 3 206 209 210 8 139 6.87
9 0 7 10 8 0 3 208 210 216 19 237 10.33
5 0 9 0 1 7 2 220 222 13 262 9.98
9 0 0 7 2 0 3 214 218 221 19 199 7.07
1 1 0 0 0 0 2 211 212 28 266 7.74
1 0 8 7 0 0 3 213 216 218 13 250 5.56
3 1 0 0 0 0 3 212 217 219 28 253 6.16
6 0 0 6 4 7 3 215 217 218 29 167 10.26
8 0 7 0 6 9 2 213 221 34 166 10.16
6 0 10 4 9 6 1 215 42 224 6.83
4 0 8 9 0 4 1 220 28 243 5.4
5 0 7 1 6 4 1 220 48 187 10.32
4 1 0 0 0 0 2 217 219 28 168 8.39
3 0 7 9 7 10 1 222 35 160 5.92
2 0 9 0 4 1 1 219 35 159 7.24
9 0 1 10 0 3 1 222 37 256 6.39
7 0 9 10 3 2 1 223 53 254 9.89
3 0 4 10 10 10 1 223 42 168 7.99
2 0 10 8 0 10 1 223 46 176 5.72
1 0 0 0 0 0 0 60 204 6.77
1 0 0 0 0 0 3 225 226 227 0 127 7.73
2 0 0 10 0 0 3 228 230 236 1 213 5.93
3 0 0 3 0 0 3 229 241 247 1 137 10.09
6 0 0 0 9 0 1 242 1 181 8.19
8 0 8 0 0 0 3 231 232 233 3 229 6.93
3 0 0 6 0 0 3 234 236 245 4 249 6.44
2 0 0 8 0 0 1 237 3 235 6.02
2 0 0 9 0 0 1 252 11 248 8.01
1 0 0 5 0 0 2 238 248 11 242 7.02
8 0 0 10 0 0 1 235 11 180 7.66
4 0 0 5 0 0 1 237 7 187 9.47
3 0 0 0 0 5 1 239 19 176 9.82
2 0 0 1 0 0 2 246 249 7 249 7.47
7 0 4 0 0 0 1 253 11 260 8.0
6 1 0 0 0 0 1 242 12 246 9.13
8 1 0 0 0 0 3 240 244 245 22 225 7.56
5 0 0 0 1 0 2 243 249 30 223 6.15
6 0 0 0 0 9 1 251 4 251 6.87
8 0 0 0 7 0 1 252 18 149 8.77
5 1 0 0 0 0 1 248 35 163 7.38
2 0 0 0 8 0 1 249 30 214 6.95
1 1 0 0 0 0 3 246 250 252 30 191 8.01
3 1 0 0 0 0 1 251 31 211 7.59
6 0 0 0 0 4 1 254 4 181 5.7
5 0 0 1 0 0 1 251 40 282 7.28
10 0 0 0 0 9 1 250 35 257 5.67
8 0 0 4 0 0 1 253 45 283 6.15
5 0 0 0 1 0 1 254 45 256 5.46
5 0 0 0 8 0 1 255 31 245 5.59
8 0 5 0 0 0 1 255 53 296 8.47
6 0 0 0 0 6 1 255 50 216 9.25
1 0 0 0 0 0 0 61 262 7.91
1 0 0 0 0 0 3 257 258 259 0 224 8.73
1 0 0 4 0 0 3 267 269 282 1 202 10.44
3 0 9 0 0 0 3 260 273 274 1 204 9.67
6 0 0 9 0 5 3 262 263 265 1 247 9.28
8 0 1 0 0 2 3 261 262 264 4 165 5.75
1 0 0 1 2 6 3 267 268 271 12 251 7.79
10 1 0 0 0 0 3 276 278 285 12 217 6.74
5 0 0 0 7 2 3 266 273 275 7 171 9.38
10 0 7 10 10 10 3 265 267 275 12 148 6.22
2 1 0 0 0 0 3 276 280 282 22 148 10.03
3 0 4 0 0 1 3 269 270 286 12 138 5.54
3 1 0 0 0 0 3 272 276 277 22 159 5.92
1 1 0 0 0 0 3 275 278 282 13 198 7.69
10 0 0 6 0 0 3 271 274 281 15 264 8.92
3 0 5 0 0 1 3 271 272 274 15 201 8.97
2 0 0 9 9 0 1 279 25 226 8.45
10 1 0 0 0 0 2 279 281 25 223 7.7
1 0 10 0 0 0 1 280 12 156 7.59
6 1 0 0 0 0 2 277 278 25 179 8.24
8 1 0 0 0 0 2 277 280 22 234 9.88
2 1 0 0 0 0 1 283 25 188 6.74
4 0 5 5 0 0 2 283 285 31 265 8.76
9 0 2 0 7 0 1 279 31 179 9.37
2 0 1 0 5 0 1 284 40 278 10.34
4 0 0 8 8 1 2 281 286 30 253 6.66
1 0 0 4 2 3 2 284 285 35 218 7.89
7 1 0 0 0 0 2 283 286 24 225 7.58
10 0 6 8 0 10 1 284 35 185 7.24
9 0 2 0 0 8 1 287 45 251 7.93
4 0 0 0 0 9 1 287 36 263 7.99
6 0 0 0 1 8 1 287 34 163 8.9
1 0 0 0 0 0 0 54 208 7.45
1 0 0 0 0 0 3 289 290 291 0 191 9.31
4 0 0 0 0 3 3 294 303 305 1 168 9.82
4 0 0 0 9 0 3 292 298 300 1 208 10.02
1 0 0 0 0 1 2 293 305 1 192 9.16
9 0 0 8 0 0 3 301 312 316 5 253 7.44
9 0 0 3 0 0 3 296 298 302 2 149 5.33
9 0 1 0 0 0 3 295 296 311 5 153 7.46
5 1 0 0 0 0 3 299 304 308 14 213 7.92
6 1 0 0 0 0 3 297 306 313 14 190 8.79
4 1 0 0 0 0 3 309 310 315 20 248 7.49
8 0 3 0 0 0 1 303 11 211 5.85
1 0 6 0 0 0 3 307 312 313 19 238 8.22
1 0 0 0 2 0 2 302 314 5 165 8.56
2 0 8 0 0 0 1 314 14 155 7.56
3 1 0 0 0 0 2 307 317 11 225 8.21
6 0 0 0 8 0 1 317 19 229 6.65
7 1 0 0 0 0 1 310 19 212 6.63
2 0 0 0 0 5 3 306 309 312 5 152 7.82
9 0 0 0 3 0 2 307 318 20 187 8.69
5 0 0 0 5 0 1 316 29 208 7.0
9 0 0 0 3 0 2 309 310 19 155 5.37
1 0 10 0 0 0 1 318 28 229 6.63
3 0 3 0 0 0 1 317 28 219 5.39
2 1 0 0 0 0 1 315 14 165 8.63
10 0 0 0 0 4 1 314 20 171 6.21
1 1 0 0 0 0 1 315 20 220 6.93
8 0 7 0 0 0 1 318 30 179 8.3
10 0 0 0 0 8 1 316 24 157 9.68
2 0 9 0 0 0 1 319 34 212 9.69
5 0 0 0 0 8 1 319 31 221 6.72
2 0 0 0 4 0 1 319 38 196 9.99
1 0 0 0 0 0 0 40 273 8.41
1 0 0 0 0 0 3 321 322 323 0 158 9.16
6 0 1 8 10 9 3 324 327 328 1 182 9.73
6 0 1 1 5 4 3 325 330 338 1 146 9.83
9 0 8 8 8 3 3 337 343 350 1 189 9.45
6 0 1 7 7 7 3 326 337 350 7 243 5.47
5 0 3 8 5 2 1 329 7 149 7.25
1 0 10 5 2 10 1 338 13 164 9.68
9 0 5 1 9 9 3 332 339 348 7 251 9.68
8 0 5 1 9 4 3 332 333 335 7 202 5.73
3 0 10 6 1 2 2 331 342 12 200 10.12
9 1 0 0 0 0 3 337 343 344 7 189 7.65
3 0 10 8 4 3 3 332 333 334 15 168 8.11
3 1 0 0 0 0 2 336 344 18 160 8.19
3 0 2 3 9 10 1 349 18 179 10.44
7 1 0 0 0 0 3 340 345 346 18 209 7.7
3 0 6 2 1 3 2 338 345 15 185 6.67
6 0 8 7 4 2 3 341 343 346 21 184 9.57
1 1 0 0 0 0 1 348 16 223 9.99
4 0 2 7 6 6 1 341 18 241 8.37
9 1 0 0 0 0 2 341 342 16 150 6.64
8 0 5 9 10 6 1 344 25 260 6.68
7 0 8 7 1 3 1 347 27 242 8.4
3 0 3 8 10 10 1 346 25 254 6.59
1 0 5 10 6 1 1 347 27 218 5.59
1 0 2 3 6 7 1 347 33 218 6.76
7 1 0 0 0 0 2 348 349 25 210 6.15
3 0 8 2 3 9 1 350 28 265 9.82
2 0 9 10 2 1 1 349 34 193 9.79
8 0 6 4 1 8 1 351 32 187 8.65
10 0 2 8 5 2 1 351 36 245 7.41
7 0 10 4 2 7 1 351 31 213 10.25
1 0 0 0 0 0 0 46 257 9.21
1 0 0 0 0 0 3 353 354 355 0 155 6.49
9 0 0 6 6 0 3 356 358 368 1 165 9.58
6 0 7 3 1 0 3 359 366 373 1 141 7.14
10 0 0 0 9 1 3 357 363 377 1 167 10.34
5 0 5 0 0 5 2 360 362 10 141 9.28
6 0 4 7 0 8 2 370 374 11 217 8.83
8 0 9 8 8 3 2 361 378 10 156 9.25
3 0 0 0 0 9 1 382 7 212 7.21
8 0 0 0 0 3 3 364 377 381 15 245 5.56
7 1 0 0 0 0 2 365 372 18 216 8.71
2 1 0 0 0 0 1 377 15 151 10.04
4 0 0 0 6 0 2 367 373 11 239 7.24
7 1 0 0 0 0 1 372 23 180 9.89
10 0 0 4 8 0 1 380 25 210 5.78
8 0 0 5 6 0 1 375 7 257 5.35
6 0 3 0 7 6 3 369 371 376 15 225 10.24
3 0 10 0 0 9 1 378 10 252 6.57
7 1 0 0 0 0 1 379 21 188 6.21
5 0 0 8 2 0 1 380 17 186 7.73
10 1 0 0 0 0 1 379 21 237 8.92
8 0 2 5 0 0 1 380 30 173 8.59
1 0 0 0 3 0 1 374 15 211 8.66
5 0 8 2 0 1 1 382 17 183 9.25
2 0 1 0 0 0 1 379 15 199 5.39
1 1 0 0 0 0 1 378 21 189 5.45
7 0 0 2 3 0 1 382 23 236 5.68
4 0 2 0 0 0 1 381 22 198 9.3
8 0 0 0 9 1 1 381 31 261 7.04
4 0 3 0 6 0 1 383 38 175 7.95
5 0 0 0 7 10 1 383 39 202 6.86
10 0 0 6 6 0 1 383 30 275 6.64
1 0 0 0 0 0 0 44 186 8.15
1 0 0 0 0 0 3 385 386 387 0 238 8.51
10 0 0 0 2 2 3 390 391 398 1 244 7.34
3 0 5 7 10 7 2 392 399 1 234 8.66
9 0 6 7 4 0 3 388 389 409 1 172 9.28
2 0 3 5 0 1 1 390 10 226 7.23
10 0 2 0 5 4 1 403 10 161 8.31
4 0 6 8 1 9 3 393 394 397 12 247 7.35
6 0 1 1 5 1 3 396 403 407 11 179 9.19
3 0 10 0 7 8 3 397 404 405 4 181 10.43
8 0 7 4 0 9 3 399 402 408 16 158 5.87
6 0 0 8 5 0 2 395 400 16 263 10.49
6 1 0 0 0 0 3 396 401 407 22 245 7.06
2 0 8 3 9 6 2 412 414 28 269 10.24
8 0 9 4 1 2 2 406 408 16 252 6.68
3 1 0 0 0 0 1 413 11 144 6.58
9 1 0 0 0 0 1 400 24 242 7.24
6 0 3 5 2 0 3 401 405 406 33 160 9.29
1 0 6 0 0 9 3 403 410 412 39 160 7.65
2 1 0 0 0 0 3 406 411 413 24 211 8.89
2 0 3 2 0 0 1 404 40 228 8.0
6 0 7 9 6 3 1 414 42 169 5.64
2 0 4 7 0 7 2 410 411 39 166 9.2
7 0 3 2 7 10 1 407 39 249 10.56
7 0 1 0 6 0 1 410 46 207 6.09
4 1 0 0 0 0 1 411 24 215 9.71
5 1 0 0 0 0 1 413 10 159 7.7
2 0 2 4 5 2 1 414 53 265 6.05
4 0 5 10 6 1 1 412 41 246 9.37
3 0 1 0 4 0 1 415 45 280 7.42
2 0 0 8 6 10 1 415 26 212 6.41
5 0 4 9 9 0 1 415 55 289 7.08
1 0 0 0 0 0 0 60 199 8.33
1 0 0 0 0 0 3 417 418 419 0 151 5.57
2 0 0 7 9 9 3 421 423 424 1 221 7.61
4 0 6 0 0 1 2 422 444 1 204 8.06
2 0 2 2 3 0 2 420 426 1 154 6.69
10 0 9 6 8 2 1 428 3 162 10.29
5 0 3 2 0 0 3 425 429 430 3 255 6.81
5 0 0 0 10 2 3 423 427 445 5 230 9.47
7 0 10 3 8 5 2 431 441 10 166 7.33
8 0 9 0 1 0 1 435 3 187 9.47
6 0 10 8 0 4 3 437 438 440 8 155 8.28
2 0 4 7 3 0 1 433 3 216 10.59
6 0 4 6 6 0 1 443 10 147 6.99
5 0 4 7 4 0 1 446 13 203 7.54
3 0 4 9 0 3 1 436 8 246 5.5
5 0 6 5 3 1 2 432 435 8 239 8.29
1 0 2 9 1 6 1 437 17 180 7.8
6 0 8 7 0 10 2 434 439 13 260 9.88
4 0 0 2 5 7 1 442 5 191 8.05
6 0 5 1 8 9 1 444 19 225 10.32
3 0 5 9 4 0 3 436 438 444 13 202 8.88
8 1 0 0 0 0 1 440 16 212 5.97
3 1 0 0 0 0 1 442 18 240 6.87
7 1 0 0 0 0 1 445 16 220 7.27
6 1 0 0 0 0 1 446 19 205 8.84
2 0 3 7 4 4 1 445 24 228 7.33
7 1 0 0 0 0 1 443 17 205 9.25
1 1 0 0 0 0 1 443 21 243 10.01
8 0 5 10 8 0 1 446 24 181 8.46
6 0 0 1 4 1 1 447 25 178 8.74
4 0 7 6 0 8 1 447 26 256 8.36
6 0 4 8 10 5 1 447 32 186 8.89
1 0 0 0 0 0 0 38 241 5.62
1 0 0 0 0 0 3 449 450 451 0 230 6.91
7 0 0 0 4 0 3 455 457 462 1 188 5.51
10 0 0 0 5 0 3 452 453 457 1 217 6.37
7 0 0 3 0 0 3 453 454 459 1 199 10.55
1 0 0 0 5 0 3 459 460 461 11 163 10.12
6 0 0 0 9 0 3 456 471 477 11 200 9.95
8 0 0 6 0 0 3 458 461 471 8 219 5.71
7 0 0 0 5 0 3 459 460 465 8 138 7.3
10 1 0 0 0 0 3 462 463 467 17 193 7.92
8 0 0 0 0 6 3 463 469 478 11 251 7.67
1 0 0 2 0 0 3 460 462 469 16 143 9.05
4 0 5 0 0 0 3 463 466 470 15 142 6.84
3 1 0 0 0 0 3 464 466 470 17 163 7.67
4 0 0 0 7 0 3 466 468 470 16 150 9.68
6 0 0 8 0 0 2 472 473 27 185 5.58
4 1 0 0 0 0 1 475 27 187 9.32
9 0 1 0 0 0 3 468 476 478 20 197 8.24
6 0 0 0 4 0 3 468 471 472 15 217 6.8
8 0 0 0 0 9 2 467 474 20 181 8.54
6 0 0 2 0 0 1 473 28 215 5.47
3 0 0 5 0 0 1 474 29 219 9.38
1 1 0 0 0 0 2 472 474 19 190 10.31
1 1 0 0 0 0 3 473 476 477 20 209 5.86
7 1 0 0 0 0 1 475 21 150 10.07
4 0 0 1 0 0 1 475 33 277 8.64
6 0 0 4 0 0 1 478 34 191 8.84
8 0 1 0 0 0 1 477 32 254 10.42
7 0 5 0 0 0 1 476 37 251 7.34
4 0 0 0 0 9 1 479 44 173 8.11
2 0 0 10 0 0 1 479 40 192 8.06
6 0 4 0 0 0 1 479 40 281 5.8
1 0 0 0 0 0 0 48 244 6.87
1 0 0 0 0 0 3 481 482 483 0 151 7.29
10 0 0 3 0 6 3 484 486 491 1 141 6.0
8 0 7 0 4 7 3 484 485 493 1 143 7.92
5 0 3 1 7 9 3 484 485 496 1 186 8.74
2 0 1 5 7 8 2 501 508 11 194 8.02
5 0 5 3 9 5 3 487 488 498 9 195 5.95
10 0 1 3 8 7 2 487 493 11 196 6.99
3 1 0 0 0 0 3 490 494 501 21 266 10.59
6 0 10 9 5 10 1 489 14 215 6.11
4 0 1 0 0 6 3 492 495 497 20 250 8.53
4 0 10 0 7 4 2 497 505 24 262 9.85
10 0 2 7 10 1 3 496 497 502 11 198 8.93
2 1 0 0 0 0 3 500 504 507 24 255 5.95
2 1 0 0 0 0 3 495 496 499 21 195 9.44
1 1 0 0 0 0 3 499 502 504 24 210 7.19
10 1 0 0 0 0 1 502 24 221 6.77
7 1 0 0 0 0 3 498 501 503 23 191 8.59
1 0 0 3 9 0 3 499 500 503 28 165 7.13
6 1 0 0 0 0 3 500 505 508 30 173 8.79
6 1 0 0 0 0 1 506 29 257 8.72
2 1 0 0 0 0 1 506 36 164 10.44
9 0 10 10 1 2 3 504 506 507 30 207 7.46
7 0 8 0 1 2 2 503 509 34 262 7.31
5 0 0 0 9 9 2 507 508 41 204 10.49
8 0 0 9 3 0 2 505 510 39 279 9.1
9 0 2 0 10 7 1 509 47 217 6.73
9 0 0 5 3 6 2 509 510 39 223 7.9
9 0 7 0 7 5 1 510 46 265 9.23
7 0 3 1 10 1 1 511 46 224 10.15
2 0 1 0 8 0 1 511 56 246 7.78
3 0 0 7 9 8 1 511 55 229 9.68
1 0 0 0 0 0 0 58 193 9.09
1 0 0 0 0 0 3 513 514 515 0 163 8.1
9 0 3 7 0 10 3 516 521 522 1 248 7.25
5 0 0 2 10 6 3 518 524 529 1 186 5.69
9 0 7 5 7 0 3 517 520 527 1 173 9.53
10 0 4 6 10 8 1 526 10 222 6.06
8 0 8 4 7 8 3 519 523 528 10 251 9.0
1 0 9 7 1 3 1 533 6 156 7.21
10 0 3 0 2 4 1 525 18 226 6.51
6 0 4 0 3 8 1 533 10 216 6.88
3 0 0 7 4 0 3 525 540 542 10 227 8.36
9 0 4 0 4 8 1 532 10 192 6.61
10 1 0 0 0 0 1 541 18 198 8.02
4 0 6 0 5 3 2 527 536 6 216 7.63
2 1 0 0 0 0 1 536 28 155 7.33
4 1 0 0 0 0 1 530 20 197 5.46
10 0 3 6 4 0 2 531 537 10 243 7.12
9 1 0 0 0 0 1 534 18 158 8.99
9 0 5 2 3 4 1 533 6 155 5.35
10 0 0 9 0 0 2 532 534 24 211 8.84
1 0 5 4 4 2 1 535 20 162 6.38
7 0 7 0 6 4 1 539 34 272 6.98
9 0 5 5 2 1 2 536 540 16 248 8.67
5 0 4 0 9 9 1 541 34 249 9.3
5 1 0 0 0 0 2 539 542 21 154 7.13
3 0 0 8 0 3 1 537 30 216 7.21
8 0 7 10 9 0 1 538 33 216 6.67
4 0 0 7 8 10 1 539 41 249 10.41
2 0 3 0 1 0 1 541 45 230 6.5
1 0 0 9 2 7 1 543 25 153 10.58
7 0 2 2 3 8 1 543 47 215 9.13
8 0 0 7 2 5 1 543 26 180 5.41
1 0 0 0 0 0 0 54 292 8.81
1 0 0 0 0 0 3 545 546 547 0 146 6.6
6 0 5 7 7 2 3 548 551 557 1 217 9.07
8 0 6 9 5 6 2 549 555 1 234 5.62
5 0 7 10 5 9 1 564 1 226 10.26
9 0 9 9 10 9 3 550 558 566 7 261 8.55
7 0 9 8 4 5 2 552 565 9 196 6.65
8 0 7 9 2 5 2 553 561 16 263 6.97
10 0 4 9 2 9 2 561 563 7 220 9.9
6 0 7 9 10 1 1 554 16 195 5.91
1 1 0 0 0 0 3 560 569 570 24 169 8.93
10 1 0 0 0 0 1 556 22 178 8.15
6 0 4 7 9 6 1 568 9 254 7.05
3 0 6 6 1 5 2 559 568 32 199 10.09
6 1 0 0 0 0 1 559 7 176 7.73
8 0 2 4 1 10 2 562 567 16 212 8.23
2 0 4 4 1 8 1 571 35 176 10.11
8 1 0 0 0 0 1 564 25 183 9.85
6 0 6 7 3 7 2 567 571 24 196 9.05
9 1 0 0 0 0 1 565 24 268 9.16
6 1 0 0 0 0 1 572 17 205 8.01
9 0 1 8 5 5 1 573 33 211 7.71
10 0 4 3 4 4 2 573 574 33 198 6.91
3 0 1 1 10 3 1 568 16 215 6.84
4 0 4 9 8 1 2 570 574 30 268 9.96
10 0 8 2 1 7 1 570 35 241 7.57
4 1 0 0 0 0 1 571 25 189 6.86
9 0 9 9 10 8 1 572 45 179 5.81
9 0 5 8 6 9 1 574 37 284 7.47
3 0 4 9 8 2 1 575 54 273 7.87
9 0 5 7 7 9 1 575 43 229 5.6
1 0 9 7 3 3 1 575 46 185 7.69
1 0 0 0 0 0 0 57 199 6.64
1 0 0 0 0 0 3 577 578 579 0 150 5.76
10 0 0 0 5 0 1 582 1 217 5.76
4 0 0 9 0 0 1 581 1 162 9.99
3 0 0 0 1 0 3 580 581 584 1 169 8.53
1 0 6 0 0 0 3 583 594 596 4 208 7.58
5 0 0 0 4 0 1 598 5 178 8.71
4 0 0 10 0 0 1 594 11 198 6.56
6 0 0 0 0 7 3 585 590 592 5 183 9.08
4 0 5 0 0 0 3 589 593 599 4 234 10.48
4 0 0 0 0 8 3 586 593 598 11 243 8.41
7 0 10 0 0 0 3 587 588 597 15 152 7.49
2 0 0 0 9 0 1 591 22 254 5.7
3 0 3 0 0 0 2 595 603 22 148 6.21
5 0 0 0 0 3 2 595 602 8 246 9.54
6 0 0 0 8 0 2 599 606 11 226 6.16
10 1 0 0 0 0 2 595 601 24 201 10.0
4 0 0 0 8 0 3 597 598 602 11 226 6.61
3 1 0 0 0 0 1 600 15 142 6.99
7 1 0 0 0 0 3 597 601 606 15 252 10.04
9 1 0 0 0 0 1 600 34 163 7.2
4 0 0 2 0 0 2 600 601 5 164 6.09
3 1 0 0 0 0 1 605 22 206 5.49
9 1 0 0 0 0 2 599 603 15 207 6.27
3 1 0 0 0 0 2 604 605 24 154 8.35
10 0 0 0 2 0 2 604 606 43 182 7.27
8 0 0 4 0 0 2 602 604 34 184 5.47
4 0 0 0 4 0 1 603 42 251 7.27
8 0 0 0 4 0 1 605 46 194 5.4
1 0 0 8 0 0 1 607 53 208 6.72
10 0 0 3 0 0 1 607 54 300 9.11
9 0 0 4 0 0 1 607 53 241 10.42
1 0 0 0 0 0 0 64 196 8.56
53.01 86.57 63.27 42.37 20.73 25.66 105.0 120.0 110.01 120.0 101.53 90.62 89.43 83.92 93.3 92.2 94.16 110.0 127.96 158.37 126.94 120.19 119.33 105.89 100.68 94.18 90.38 90.07 93.83 97.29 134.49 228.56 284.54 208.59 152.29 131.35 112.92 108.5 107.75 115.64 124.61 152.46 204.46 217.86 146.41 123.24 107.42 97.48 93.45 88.44 87.56 87.2 90.27 98.29 116.8 154.23 165.96 134.62 117.18 104.18 91.34 90.11 91.41 100.62 118.7 148.89 179.14 198.98 140.0 112.81 108.86 98.07 97.38 92.95 93.66 91.76 94.02 102.79 126.61 144.82 149.94 133.23 110.81 98.32 94.14 89.59 88.91 97.61 99.46 109.39 116.52 114.63 106.55 96.17 88.08 77.77 86.49 84.36 79.52 78.04 78.04 78.01 93.58 111.82 121.99 107.93 93.33 82.88 77.77 77.75 80.96 91.5 96.87 111.41 107.47 109.56 105.76 97.8 93.51 91.53 92.96 88.84 87.79 84.61 82.75 85.05 90.27 96.75 100.46 94.54 84.96 74.92 59.14 45.84 49.82 77.57 87.3 116.24 125.9 130.5 120.98 113.33 107.49 95.15 96.33 93.02 89.62 86.28 87.45 88.01 88.89 89.54 88.81 84.69 80.78 76.54 52.46 52.59 65.38 84.17 92.42 105.35 102.41 108.53 108.56 108.8 108.75 93.97 94.62 91.27 92.03 91.57 96.57 100.54 122.73 204.07 195.24 148.74 127.45 113.19 95.92 91.31 94.34 104.46 111.58 165.0 287.83 287.51 167.91 124.82 122.0 111.66 109.86 103.77 100.41 100.32 101.8 107.57 128.3 169.18 197.16 159.02 134.08 121.54 109.67 106.57 113.28 130.91 157.9 221.54 391.95 400.62 217.31 150.0 126.38 114.46 117.0 113.79 109.43 105.67 108.85 115.33 155.0 282.83 275.88 180.05 141.56 128.26 121.83 115.58 119.14 126.81 141.78 155.09 201.75 205.73 136.19 110.61 90.04 70.91 87.81 86.49 90.82 88.61 91.01 89.36 107.52 115.79 132.85 120.2 93.13 88.46 84.0 82.62 85.14 86.88 105.01 121.62 134.02 139.96 123.61 107.79 103.02 93.95 89.51 82.6 84.41 82.75 88.54 97.49 116.38 137.75 146.31 129.02 118.2 99.84 89.74 89.4 92.13 99.68 113.94 129.65 139.1 140.0 120.66 106.09 99.82 92.82 77.35 75.11 78.62 79.9 82.95 80.55 87.76 104.61 112.37 106.97 96.1 84.02 76.34 71.35 76.08 86.26 93.82 117.8 126.58 117.8 107.59 95.43 97.57 94.57 92.63 84.81 78.82 79.33 81.1 85.62 90.42 93.03 91.2 80.7 72.1 62.21 34.88 20.62 37.12 69.7 92.01 120.93 124.31 109.1 94.36 89.44 80.7 65.11 73.92 69.83 67.28 66.54 67.52 81.68 120.0 132.61 124.43 107.51 94.45 84.44 91.11 94.06 88.14 104.04 113.17 113.73 99.95 86.25 75.7 72.22 73.7 63.18 70.02 56.22 53.26 46.12 51.19 65.08 78.53 120.0 116.48 91.74 96.15 100.05 99.28 93.19 78.84 72.71 82.18 112.85 117.66 115.47 105.11 93.96 88.83 80.7 92.42 92.04 91.57 92.72 92.57 93.64 112.83 129.89 130.37 125.9 105.42 90.41 86.16 85.05 92.98 113.66 147.49 203.85 293.73 274.02 185.28 137.43 125.98 111.72 105.01 103.21 98.46 87.42 82.86 93.34 116.33 126.62 120.97 105.38 85.2 71.54 68.8 67.05 75.55 92.32 106.66 114.91 118.8 116.56 105.0 89.52 82.75 70.74 38.87 30.2 24.41 23.04 30.06 44.4 82.0 168.7 193.66 180.3 134.4 134.01 144.23 98.57 85.64 82.0 107.17 105.04 154.02 178.46 129.2 78.0 54.09 36.63 20.38 18.78 18.15 16.55 16.01 16.01 13.28 78.33 80.0 70.0 58.14 40.01 18.43 22.87 31.07 52.06 69.38 72.37 115.1 139.3 83.83 24.68 25.89 19.66 29.42 35.77 34.43 31.71 29.44 37.62 48.02 53.47 44.16 40.7 15.65 26.82 20.0 33.93 50.2 78.19 78.14 133.5 181.34 194.77 170.68 66.73 48.97 61.96 19.8 21.7 20.31 12.79 25.86 39.93 81.79 109.65 108.18 105.8 99.3 98.11 91.01 98.55 106.03 119.66 133.38 141.46 128.4 119.95 104.49 88.83 80.81 65.06 51.74 39.15 31.06 24.15 25.3 39.19 65.01 89.38 90.75 87.18 82.38 77.11 77.52 91.48 102.48 95.75 102.83 109.54 108.62 104.55 98.7 87.65 81.44 77.03 70.89 68.74 68.31 69.39 68.56 79.33 102.7 111.89 100.25 86.2 73.24 71.61 71.89 77.3 88.97 119.89 143.23 150.08 136.12 128.07 115.49 98.02 93.86 87.29 77.86 72.35 70.55 66.55 59.97 67.03 97.61 100.62 97.29 76.54 60.97 66.66 62.22 64.18 68.38 76.87 86.45 111.45 109.28 109.41 97.79 95.46 104.37 88.87 105.0 97.72 93.64 84.8 78.26 90.8 120.0 120.53 111.27 85.1 77.89 76.3 78.11 86.41 109.48 130.62 162.55 175.95 122.19 110.14 101.11 96.86 88.97 68.2 72.31 67.75 59.24 76.25 81.51 63.73 83.5 95.0 37.93 35.3 18.3 15.76 21.02 31.51 69.0 115.0 77.75 95.0 84.88 86.05 81.53 78.57 81.41 78.46 84.18 75.8 73.46 72.21 77.77 78.87 84.28 77.79 79.18 82.38 79.08 79.15 78.91 86.76 95.98 114.55 120.67 131.83 129.81 116.92 111.78 101.25 98.12 86.94 86.34 80.16 74.08 73.81 83.09 90.84 116.06 128.76 123.45 101.53 90.34 86.37 85.01 88.04 92.41 94.1 104.92 113.59 90.44 87.21 86.79 72.56 64.49 57.21 23.51 68.08 71.0 68.45 31.47 59.42 94.45 110.34 109.02 84.11 72.1 64.3 61.98 76.85 90.08 120.43 148.24 149.62 102.69 112.21 112.51 93.16 90.57 80.16 73.33 72.09 74.63 73.77 77.27 87.2 109.3 112.02 109.42 93.57 82.45 77.56 76.6 85.3 100.25 119.47 129.47 138.88 116.78 102.38 96.06 90.98 80.63 81.97 96.26 93.73 94.32 93.75 95.3 93.73 113.63 125.0 118.45 94.61 86.35 84.67 84.73 88.01 100.36 124.88 132.04 139.58 127.88 117.47 109.96 97.55 95.31 89.12 91.23 90.2 91.15 91.62 92.61 95.29 106.92 127.4 126.75 109.28 94.8 91.11 90.06 93.66 103.2 129.48 162.81 180.69 143.5 127.94 115.99 104.5 97.8 91.6 96.4 97.37 95.01 95.52 96.93 95.46 95.84 104.56 106.98 104.52 102.34 96.81 95.03 95.8 102.86 120.18 126.42 137.03 136.12 131.43 124.16 114.51 107.18 97.57 97.2 95.56 93.98 92.33 92.88 92.81 90.83 90.53 99.2 99.02 98.67 99.09 99.57 100.38 102.04 106.86 120.23 129.59 128.25 125.21 117.22 105.66 100.48 92.81 89.95 88.43 89.7 89.26 88.94 94.95 119.33 146.14 159.38 145.3 132.48 120.88 110.86 120.58 137.43 153.89 165.89 157.81 144.49 129.01 123.13 105.74 102.95 93.79 87.51 85.51 82.05 82.54 83.13 88.06 92.52 118.12 119.09 110.91 95.63 90.82 89.43 92.95 105.63 125.09 142.73 140.36 127.67 122.91 113.64 107.62 103.19 89.79 81.44 80.8 78.5 78.66 83.81 96.05 120.15 138.24 119.79 93.36 80.26 71.56 72.73 83.45 99.32 129.27 137.0 119.75 110.32 96.72 92.76 79.49 79.26 72.4 35.11 27.61 25.35 23.94 41.2 74.33 115.0 123.57 103.63 81.97 79.99 74.33 79.88 81.97 81.97 110.0 124.05 123.04 124.55 125.6 127.65 119.7 113.93 106.61 101.49 98.6 97.64 93.54 95.33 98.1 121.14 140.79 138.99 124.06 115.27 108.94 104.49 110.68 124.01 135.35 140.0 135.31 133.78 128.97 119.4 107.27 107.4 90.73 76.27 80.77 79.71 79.67 77.57 75.43 86.01 95.46 94.84 94.35 96.51 95.0 93.69 99.57 109.28 123.4 120.73 124.74 124.2 117.81 114.66 105.3 104.16 97.98 93.09 96.19 94.81 92.32 87.87 90.89 88.66 96.05 100.62 103.44 101.64 104.81 103.87 106.13 111.72 119.59 127.04 131.4 126.36 116.94 110.9 102.04 97.28 87.16 89.82 81.59 75.19 73.28 76.73 88.07 102.26 118.22 130.28 127.45 119.26 109.34 108.14 109.69 114.77 113.4 116.98 118.23 116.61 110.71 103.05 93.4 90.22 81.17 85.11 83.1 79.29 78.05 80.91 83.94 100.8 119.44 120.23 107.81 92.43 89.36 90.9 96.89 106.45 127.69 150.75 153.1 144.98 133.76 112.95 98.36 98.94 89.96 87.74 86.3 84.47 83.82 85.39 91.65 115.83 134.06 137.48 116.77 94.45 88.57 93.17 99.81 116.08 146.79 163.23 143.0 132.12 127.88 114.07 108.02 104.6 91.89 90.85 88.48 87.43 87.23 87.59 94.45 119.3 146.83 155.06 152.8 142.76 132.12 132.47 140.52 147.85 159.6 183.44 175.03 163.0 155.82 136.59 119.71 107.74 93.8 102.27 94.35 90.45 90.49 94.16 102.44 132.96 179.83 205.42 182.59 153.77 140.32 132.18 137.55 157.26 198.1 252.29 248.33 204.85 171.53 142.18 117.74 105.31 95.19 102.58 94.64 88.44 85.28 86.54 85.8 91.42 108.44 107.13 95.35 90.73 87.72 85.01 91.67 110.54 125.0 138.12 135.41 131.26 123.71 114.1 98.13 94.13 82.43 81.53 74.35 70.44 63.23 60.89 67.08 74.35 81.07 82.68 82.03 80.64 80.01 82.71 85.11 96.97 108.43 122.7 119.2 131.04 117.72 108.19 94.94 90.02 74.35 79.57 72.33 72.87 74.48 75.54 88.78 129.86 146.76 148.94 155.57 154.99 164.44 169.05 182.05 206.08 219.53 249.28 268.62 239.59 202.41 169.46 139.14 125.4 107.54 102.73 101.39 100.16 98.98 102.74 110.68 169.3 300.0 341.7 311.65 289.35 319.95 344.74 330.28 325.77 323.13 339.94 372.84 296.01 246.35 172.86 134.57 118.19 102.14 92.88 91.2 89.39 90.42 90.83 97.97 127.66 191.04 236.81 211.94 196.61 171.11 165.05 169.35 184.76 224.08 293.46 293.71 228.54 183.63 141.2 114.96
