608 5
1 55 63 46 63
1 0 0 0 0 0 3 1 2 3 0 180 9.53
6 0 0 0 7 0 3 10 11 14 1 141 8.92
4 0 0 0 1 0 3 4 7 15 1 216 6.18
2 0 0 0 0 2 1 26 1 168 9.72
1 0 0 0 6 0 3 5 11 13 5 172 10.12
5 0 2 0 0 0 1 6 6 152 9.0
1 0 0 0 0 6 2 8 27 11 208 8.67
3 0 0 9 0 0 2 9 19 5 175 9.82
5 1 0 0 0 0 2 12 20 12 170 9.54
6 0 8 0 0 0 2 16 24 8 163 9.41
6 1 0 0 0 0 2 24 27 7 207 9.03
4 1 0 0 0 0 2 24 28 7 226 7.48
1 1 0 0 0 0 3 21 22 30 17 196 9.02
6 0 0 1 0 0 1 16 6 215 6.25
5 1 0 0 0 0 1 23 7 182 6.31
3 0 0 0 5 0 1 17 5 200 6.54
3 0 0 2 0 0 1 25 14 242 10.03
2 0 7 0 0 0 2 18 22 8 151 5.38
3 0 0 8 0 0 1 21 10 172 6.99
3 0 0 0 5 0 1 28 8 156 5.94
7 1 0 0 0 0 1 30 17 238 8.97
4 0 0 0 0 1 1 23 18 229 8.3
8 0 0 0 0 5 1 23 18 208 6.93
1 0 0 0 0 5 1 28 26 238 5.91
8 0 0 9 0 0 1 29 14 205 8.02
8 0 0 5 0 0 1 27 17 205 7.23
5 0 0 9 0 0 1 29 3 233 6.56
1 0 0 4 0 0 1 29 25 178 5.47
5 0 0 4 0 0 1 31 27 248 7.52
2 0 0 9 0 0 1 31 26 248 5.53
1 0 0 0 0 10 1 31 24 150 7.15
1 0 0 0 0 0 0 32 240 8.59
1 0 0 0 0 0 3 33 34 35 0 122 7.68
3 0 0 0 3 0 3 36 37 56 1 210 7.43
2 0 0 9 9 4 3 41 44 49 1 231 8.56
9 0 3 1 0 0 3 38 39 40 1 163 9.43
6 0 0 5 1 9 3 40 41 45 4 151 8.95
1 0 0 0 0 9 3 41 47 53 4 190 7.57
10 0 5 0 1 4 3 42 43 51 10 169 5.68
9 1 0 0 0 0 3 45 46 56 10 138 7.87
9 0 0 9 2 0 3 49 50 57 10 193 7.82
10 0 10 6 0 8 3 43 52 58 10 152 8.51
4 0 0 0 4 0 3 44 46 49 20 178 5.33
8 1 0 0 0 0 2 46 60 20 242 5.6
10 0 0 8 7 0 3 45 48 50 24 242 8.66
3 1 0 0 0 0 2 54 59 34 175 9.9
9 0 0 9 1 8 1 61 28 234 9.94
10 0 0 0 6 5 2 51 55 5 155 7.43
4 0 0 8 2 6 3 54 56 60 34 194 6.83
1 1 0 0 0 0 2 53 54 24 189 9.74
2 1 0 0 0 0 2 52 53 34 212 10.42
9 0 0 4 4 0 3 52 57 58 20 244 6.17
1 1 0 0 0 0 1 59 36 192 8.87
4 0 7 0 0 0 3 55 58 61 36 208 9.91
10 0 0 0 6 0 2 55 61 38 195 9.94
5 0 0 0 0 9 1 62 48 225 6.35
9 0 6 7 0 0 1 57 38 167 8.16
1 0 8 0 9 4 1 62 47 165 5.71
2 0 0 0 0 9 1 59 40 246 10.1
1 0 0 0 10 0 2 60 62 42 203 9.03
7 0 1 0 6 0 1 63 43 182 6.36
1 0 0 10 2 8 1 63 48 213 8.6
5 0 6 0 2 9 1 63 53 227 8.73
1 0 0 0 0 0 0 58 256 6.24
1 0 0 0 0 0 3 65 66 67 0 217 6.3
2 0 0 0 2 0 1 73 1 128 6.48
10 0 0 8 0 0 3 68 72 78 1 147 7.08
7 0 0 0 7 0 2 70 76 1 129 8.38
1 0 8 0 0 0 2 69 80 11 206 5.54
3 0 0 0 0 8 3 76 79 81 12 217 6.72
6 0 0 0 5 0 3 71 74 82 8 180 5.6
2 0 0 9 0 0 1 90 14 139 9.32
10 0 0 0 0 2 2 77 91 11 154 6.89
5 0 1 0 0 0 2 75 85 3 216 9.55
9 0 2 0 0 0 2 84 89 14 240 9.69
4 0 0 0 6 0 1 87 8 186 9.91
4 0 0 5 0 0 1 88 15 196 8.58
2 0 0 0 10 0 1 88 21 150 6.59
4 0 0 0 0 10 1 84 11 131 8.94
10 0 10 0 0 0 2 83 89 15 189 5.49
10 0 0 0 7 0 3 84 89 92 12 236 7.88
7 1 0 0 0 0 1 86 15 142 6.45
10 1 0 0 0 0 1 88 14 175 6.63
7 0 0 0 3 0 1 94 25 212 6.22
2 1 0 0 0 0 1 94 23 220 6.32
1 0 10 0 0 0 2 90 92 8 129 9.07
2 0 8 0 0 0 1 94 22 242 10.17
2 1 0 0 0 0 1 92 12 129 10.29
2 0 0 0 0 7 1 93 24 179 10.04
9 0 7 0 0 0 1 90 25 185 9.66
1 0 0 0 0 1 1 93 34 155 6.16
4 0 8 0 0 0 1 93 21 143 9.71
7 0 0 3 0 0 1 95 22 163 8.13
8 0 0 0 8 0 1 95 35 251 8.06
9 0 0 6 0 0 1 95 32 180 5.63
1 0 0 0 0 0 0 43 246 8.07
1 0 0 0 0 0 3 97 98 99 0 156 6.42
4 0 4 8 7 10 3 101 102 104 1 137 9.7
9 0 8 3 8 10 3 103 105 108 1 179 8.78
5 0 2 9 1 8 2 100 101 1 224 6.99
9 0 3 3 9 3 3 102 104 125 6 206 6.21
7 0 8 8 5 7 2 112 123 6 134 6.47
8 0 4 8 9 1 3 109 113 114 15 222 8.82
10 0 4 1 10 10 1 120 10 146 8.84
8 0 5 7 4 10 2 106 107 15 162 7.04
9 0 8 4 8 6 2 106 107 10 218 9.97
2 1 0 0 0 0 2 111 119 23 144 8.61
8 1 0 0 0 0 1 121 23 163 9.06
6 0 3 6 2 6 1 115 10 196 9.19
6 1 0 0 0 0 2 110 111 23 198 5.81
1 0 8 9 5 10 2 116 117 29 204 7.56
1 0 9 3 5 2 3 115 116 120 29 161 8.08
9 0 2 6 7 1 3 114 116 125 13 219 6.98
10 1 0 0 0 0 3 115 117 119 23 151 8.13
7 1 0 0 0 0 1 121 23 147 10.32
7 1 0 0 0 0 1 123 33 213 6.53
2 1 0 0 0 0 2 124 126 30 151 8.57
1 0 3 7 6 4 2 118 121 33 220 8.1
2 1 0 0 0 0 1 122 34 211 9.99
9 0 5 7 9 9 2 120 123 33 230 6.65
3 0 10 3 3 7 1 122 42 196 7.41
2 1 0 0 0 0 1 122 34 170 9.39
9 0 8 5 3 1 2 124 126 45 194 7.89
10 0 3 7 3 5 1 126 42 226 6.64
8 0 4 4 9 9 1 127 54 224 8.04
5 0 4 4 8 5 1 127 22 200 10.54
5 0 5 9 2 2 1 127 54 222 6.77
1 0 0 0 0 0 0 62 252 6.74
1 0 0 0 0 0 3 129 130 131 0 185 6.41
5 0 0 1 10 0 3 132 135 140 1 217 7.23
6 0 6 0 3 0 3 139 144 147 1 207 7.28
2 0 6 3 8 6 3 132 133 140 1 165 5.79
1 0 5 0 2 0 3 136 141 142 6 231 10.55
3 0 7 0 0 0 3 134 144 150 3 121 6.67
7 0 0 5 5 3 3 135 142 147 6 131 8.73
4 0 0 10 0 0 2 138 148 13 187 9.2
7 0 8 10 0 0 3 137 147 150 7 157 7.71
10 1 0 0 0 0 3 139 144 145 14 195 5.33
1 0 1 0 7 0 2 139 141 17 145 6.19
5 0 0 1 0 3 2 143 154 24 224 9.5
10 0 0 9 0 0 3 150 152 154 6 136 8.09
10 0 0 0 0 8 3 145 151 153 18 166 7.34
8 0 0 0 5 2 3 145 148 152 13 219 9.46
2 1 0 0 0 0 1 146 29 178 5.69
3 0 6 0 10 0 2 146 156 24 143 8.35
10 1 0 0 0 0 1 154 28 204 7.64
2 1 0 0 0 0 3 149 151 155 31 238 7.82
10 1 0 0 0 0 3 148 149 155 14 145 9.1
10 1 0 0 0 0 2 151 153 24 187 6.05
6 0 1 4 4 0 2 152 153 33 214 7.35
10 0 0 0 2 1 3 156 157 158 16 191 8.15
7 0 6 0 9 0 1 157 34 199 7.99
10 0 7 0 6 0 1 158 39 250 7.31
4 0 3 0 0 0 1 158 39 201 5.57
2 0 0 0 3 1 2 155 156 38 220 9.28
6 0 0 0 0 2 1 157 40 166 10.5
4 0 4 0 7 4 1 159 40 204 5.37
5 0 6 3 0 0 1 159 46 188 8.76
1 0 8 2 3 0 1 159 49 167 5.66
1 0 0 0 0 0 0 51 177 9.04
1 0 0 0 0 0 3 161 162 163 0 216 8.43
4 0 0 9 0 0 3 164 171 178 1 162 9.1
5 0 0 0 7 0 2 168 174 1 209 8.73
10 0 2 0 0 0 3 165 166 169 1 206 5.32
8 0 0 0 0 8 3 167 173 176 5 129 9.5
8 0 0 0 0 6 2 172 173 11 224 6.62
5 0 0 0 9 0 3 174 175 183 11 142 7.99
7 0 0 0 6 0 1 172 13 170 6.85
8 0 0 0 0 3 3 173 176 178 6 143 7.84
3 0 0 0 0 1 3 170 174 181 11 172 6.15
9 0 0 2 0 0 1 177 14 226 9.88
3 0 0 0 0 9 1 181 5 223 6.42
6 0 0 0 2 0 1 185 20 230 6.52
6 0 0 5 0 0 3 175 182 188 19 138 6.74
8 1 0 0 0 0 1 179 16 234 10.09
6 0 0 0 8 0 1 189 25 207 6.1
10 0 8 0 0 0 2 186 188 14 200 9.69
2 1 0 0 0 0 1 180 23 192 8.9
6 0 0 1 0 0 2 182 183 14 136 5.93
6 1 0 0 0 0 2 185 187 24 228 7.75
4 1 0 0 0 0 2 184 190 25 161 9.06
1 1 0 0 0 0 2 182 187 14 216 6.88
2 1 0 0 0 0 1 184 25 226 6.53
8 0 0 0 8 0 3 185 186 187 20 164 7.68
5 0 0 8 0 0 1 186 29 178 9.21
3 0 0 0 0 1 2 188 190 30 190 7.55
5 0 0 2 0 0 1 189 34 179 9.59
1 0 0 0 9 0 2 189 190 30 251 5.44
3 0 0 0 0 3 1 191 33 225 7.28
9 0 0 0 0 2 1 191 39 166 9.38
2 0 10 0 0 0 1 191 33 181 9.45
1 0 0 0 0 0 0 48 265 8.06
1 0 0 0 0 0 3 193 194 195 0 146 7.86
5 0 0 7 1 0 3 201 203 222 1 188 6.37
8 0 0 7 0 5 2 199 212 1 169 8.37
10 0 5 0 0 3 2 196 217 1 204 7.6
10 0 4 7 0 0 3 197 200 206 11 239 9.14
9 0 2 0 0 10 2 198 219 21 192 8.58
7 0 5 8 0 0 3 208 209 218 30 217 6.42
1 0 5 7 10 0 1 201 9 176 10.47
5 0 2 6 0 0 3 202 213 215 21 156 8.02
10 0 9 8 0 0 2 207 210 10 239 5.72
10 0 9 0 0 8 2 208 212 26 189 7.25
8 0 3 3 4 8 2 204 205 6 136 9.07
4 0 0 0 0 8 2 207 210 14 135 7.75
9 0 9 8 3 0 1 212 14 236 7.69
8 0 7 5 0 0 3 207 211 214 21 166 9.4
8 1 0 0 0 0 2 208 215 29 188 10.07
1 1 0 0 0 0 1 216 37 208 9.63
9 1 0 0 0 0 2 210 216 37 172 7.69
10 0 0 0 4 7 2 213 221 46 226 9.66
8 1 0 0 0 0 2 213 222 29 172 10.42
5 1 0 0 0 0 3 214 216 218 36 211 9.1
6 0 9 4 0 0 1 220 56 266 7.87
5 1 0 0 0 0 1 219 41 222 9.07
9 0 0 0 6 0 2 218 219 37 177 8.8
6 0 3 10 0 0 1 220 46 233 8.19
1 0 0 0 10 0 1 222 11 146 5.8
10 0 0 9 0 0 1 221 46 265 6.41
8 0 5 0 0 0 2 220 221 46 181 8.62
8 0 0 0 0 1 1 223 62 180 10.29
2 0 7 0 0 4 1 223 56 170 9.52
10 1 0 0 0 0 1 223 37 191 10.03
1 0 0 0 0 0 0 70 235 9.41
1 0 0 0 0 0 3 225 226 227 0 140 10.08
9 0 0 0 6 0 3 228 232 237 1 131 6.08
10 0 7 0 0 0 3 230 241 243 1 193 7.75
8 0 9 0 0 0 3 235 246 247 1 203 9.78
9 0 0 0 0 10 3 229 230 238 10 145 7.72
7 0 0 0 4 0 3 231 233 235 19 244 8.23
1 0 0 0 0 6 3 239 240 244 19 189 8.84
4 0 0 5 0 0 3 234 236 243 26 203 8.08
1 0 0 0 10 0 3 234 235 236 10 134 8.55
4 0 0 10 0 0 3 241 244 246 26 242 9.68
8 1 0 0 0 0 3 240 245 250 30 156 8.77
5 0 0 10 0 0 1 242 26 196 7.0
10 1 0 0 0 0 3 240 241 246 30 207 7.32
5 0 0 0 6 0 2 247 252 10 175 9.37
6 0 7 0 0 0 1 243 19 161 6.92
5 0 0 0 0 4 2 242 249 20 145 7.68
4 1 0 0 0 0 3 242 248 251 40 213 5.64
3 1 0 0 0 0 3 245 248 253 40 232 5.34
4 0 0 2 0 0 1 252 44 158 5.34
10 1 0 0 0 0 3 244 247 251 30 160 9.92
10 1 0 0 0 0 2 245 248 40 241 7.91
1 1 0 0 0 0 1 254 50 184 8.11
7 0 9 0 0 0 3 249 250 251 40 228 9.54
5 0 7 0 0 0 2 250 254 40 237 8.28
8 0 4 0 0 0 2 249 254 50 212 9.16
9 0 0 0 5 0 1 252 58 210 5.4
1 0 0 3 0 0 1 253 47 257 6.98
10 0 9 0 0 0 1 253 47 174 9.28
10 0 1 0 0 0 1 255 67 255 5.32
1 0 5 0 0 0 1 255 57 226 7.83
9 0 0 0 9 0 1 255 58 194 10.14
1 0 0 0 0 0 0 77 268 9.01
1 0 0 0 0 0 3 257 258 259 0 199 7.57
3 0 2 2 0 0 3 260 261 262 1 197 6.35
8 0 0 2 7 1 3 268 274 276 1 139 9.1
6 0 4 0 0 10 2 263 267 1 222 7.88
3 0 0 0 6 7 3 266 270 275 4 225 6.11
5 0 6 8 0 8 3 264 265 277 4 171 6.36
8 0 1 6 3 7 1 273 4 237 7.07
9 0 10 3 6 10 1 285 7 237 6.89
1 0 0 9 2 4 3 279 283 284 9 147 8.53
5 0 7 6 0 5 1 280 9 183 6.61
9 0 4 3 7 0 2 271 272 7 198 5.73
10 0 8 9 6 6 1 269 7 151 10.07
3 0 8 10 3 6 1 275 9 175 6.85
2 1 0 0 0 0 2 279 280 17 142 8.55
10 0 8 7 0 5 2 278 281 7 238 5.3
8 0 10 0 3 4 1 284 16 140 6.67
3 1 0 0 0 0 1 286 16 229 6.45
9 0 1 7 7 6 1 283 12 136 6.03
6 0 4 0 2 9 1 281 9 151 6.22
5 0 5 4 9 0 2 279 286 12 154 6.94
5 0 5 9 0 3 1 284 9 231 8.3
2 0 0 1 9 8 1 282 9 186 8.39
5 1 0 0 0 0 1 280 17 217 9.44
7 0 1 0 4 6 1 285 19 216 8.53
1 0 5 8 8 0 1 282 22 166 10.35
10 0 1 2 0 2 1 282 17 208 6.05
1 0 2 10 0 0 1 285 27 187 7.92
2 1 0 0 0 0 1 286 21 176 9.37
8 0 0 9 2 4 1 287 24 186 9.2
8 0 0 1 0 9 1 287 28 213 6.19
8 0 0 6 9 0 1 287 23 235 6.15
1 0 0 0 0 0 0 36 210 9.99
1 0 0 0 0 0 3 289 290 291 0 155 10.14
5 0 7 0 0 3 1 292 1 149 9.3
3 0 4 4 0 4 3 293 304 313 1 146 9.33
1 0 0 2 0 1 3 297 301 306 1 205 6.17
1 0 6 9 0 8 3 299 303 305 6 144 6.91
5 0 0 0 8 0 3 294 295 302 4 190 6.99
2 0 3 8 0 0 3 296 298 307 9 213 8.89
2 0 0 8 4 0 1 309 9 142 8.52
8 0 3 0 0 10 1 310 11 215 6.77
9 0 4 3 0 9 1 308 2 228 10.46
1 0 0 6 9 0 1 300 11 172 8.19
4 0 6 0 10 9 2 304 318 7 198 6.0
2 0 10 0 0 0 1 316 12 204 9.08
4 0 0 1 2 0 1 314 2 198 8.82
1 0 5 0 0 0 2 306 316 9 236 5.83
1 0 0 0 1 0 2 313 314 7 122 8.86
3 0 0 9 0 0 2 314 315 11 159 9.98
7 0 9 4 9 0 2 306 312 7 176 6.03
6 1 0 0 0 0 1 315 14 227 7.36
1 1 0 0 0 0 1 312 11 139 10.41
8 0 0 5 0 1 1 317 11 230 7.17
3 0 0 5 0 8 1 311 11 176 5.57
3 0 0 2 0 0 1 318 19 151 10.05
10 1 0 0 0 0 1 315 14 158 8.65
8 1 0 0 0 0 1 318 14 138 5.91
7 1 0 0 0 0 1 316 8 132 5.95
4 0 0 7 0 10 1 317 14 136 9.94
5 0 0 2 5 0 1 317 24 227 9.45
2 1 0 0 0 0 1 319 15 177 6.84
7 0 0 6 9 0 1 319 29 205 5.39
5 0 2 9 8 3 1 319 22 220 7.71
1 0 0 0 0 0 0 36 258 8.77
1 0 0 0 0 0 3 321 322 323 0 145 6.56
5 0 4 10 5 9 3 326 335 342 1 227 9.84
4 0 1 8 2 1 2 325 328 1 196 6.2
2 0 4 4 9 8 3 324 329 330 1 157 6.16
7 0 6 8 1 10 2 333 344 3 223 7.06
6 0 7 4 7 5 2 342 347 5 200 9.85
8 0 8 7 4 5 2 327 331 6 152 5.47
7 0 9 9 2 2 3 332 333 334 14 244 8.64
7 0 1 2 8 9 1 335 5 150 9.95
5 0 4 6 6 9 1 336 3 151 8.75
2 0 1 9 1 1 1 337 3 188 8.68
6 1 0 0 0 0 1 349 14 220 5.47
1 1 0 0 0 0 2 336 343 21 147 6.96
6 0 9 10 5 6 2 339 341 21 156 6.39
1 0 9 5 10 9 2 348 349 21 166 6.06
8 0 6 6 3 6 1 338 12 224 8.02
3 0 5 4 2 3 2 340 346 22 146 7.68
10 0 6 6 9 8 2 338 341 5 205 9.92
4 1 0 0 0 0 1 345 20 212 8.68
7 0 4 10 6 8 1 350 27 211 10.4
9 0 6 8 2 10 1 341 25 256 9.42
5 0 7 1 3 2 1 347 34 199 8.26
8 0 4 8 5 8 1 346 11 232 7.14
9 1 0 0 0 0 1 345 22 223 8.51
10 0 9 1 6 7 1 346 10 238 6.34
5 0 8 10 3 8 1 347 31 205 8.75
3 0 7 5 1 2 1 349 25 214 10.35
4 0 6 2 2 10 1 350 39 159 7.57
5 0 6 7 8 4 1 351 22 173 7.4
2 0 7 5 10 9 1 351 28 166 7.19
5 0 10 5 1 8 1 351 43 223 9.11
1 0 0 0 0 0 0 48 222 7.24
1 0 0 0 0 0 3 353 354 355 0 197 8.25
9 0 0 4 0 10 3 356 358 362 1 194 10.37
5 0 0 2 0 9 2 359 381 1 167 7.27
9 0 1 10 0 0 3 360 366 372 1 229 6.66
8 1 0 0 0 0 3 357 367 371 10 168 5.43
6 1 0 0 0 0 1 373 18 240 9.31
3 0 9 0 0 10 2 364 365 10 173 8.46
10 0 0 0 0 3 2 361 366 6 231 6.96
10 0 0 5 2 0 2 363 376 10 190 8.16
8 0 0 0 9 0 2 368 370 16 158 7.85
3 0 1 0 2 0 1 365 10 236 9.52
9 1 0 0 0 0 2 377 381 20 179 6.12
1 1 0 0 0 0 2 367 373 13 236 6.55
7 1 0 0 0 0 2 377 378 13 149 10.35
1 0 5 0 3 9 1 369 16 148 9.06
4 0 5 7 8 8 1 368 18 171 9.62
7 0 0 5 8 0 1 374 24 240 7.08
1 0 1 5 0 0 1 380 17 155 9.64
2 1 0 0 0 0 2 376 379 24 201 6.15
1 1 0 0 0 0 1 381 18 242 7.48
8 0 4 0 9 0 1 376 10 134 8.32
8 0 5 0 9 7 1 375 24 210 9.2
9 0 4 0 2 0 1 382 31 194 5.41
7 0 2 0 9 0 1 377 32 170 7.68
6 0 0 2 3 0 1 378 26 211 8.65
10 0 5 4 0 6 1 380 39 204 7.28
9 0 0 8 4 0 1 380 32 228 8.76
5 1 0 0 0 0 1 382 26 244 9.76
8 0 10 0 3 6 1 383 49 245 10.02
4 0 9 0 0 0 1 383 29 177 6.88
4 0 0 1 0 5 1 383 40 245 5.35
1 0 0 0 0 0 0 57 172 9.59
1 0 0 0 0 0 3 385 386 387 0 131 9.07
2 0 2 5 8 7 3 389 399 400 1 126 5.64
8 0 4 8 1 6 3 388 395 406 1 216 6.18
1 0 9 9 5 9 3 394 396 405 1 128 7.6
10 0 1 2 5 6 3 390 391 392 9 218 9.31
10 0 7 10 1 7 1 408 3 161 7.8
1 1 0 0 0 0 3 397 410 412 19 183 7.31
4 0 7 10 3 4 1 393 19 179 6.92
3 1 0 0 0 0 1 398 19 142 6.09
8 0 4 7 7 8 2 401 404 23 160 8.09
6 0 3 8 6 6 1 399 2 194 9.81
8 0 5 3 6 9 2 400 401 9 160 5.98
6 0 10 6 1 8 1 412 2 202 8.07
7 1 0 0 0 0 3 398 403 405 20 157 6.35
5 1 0 0 0 0 1 400 27 175 6.81
4 0 5 1 4 9 1 402 8 179 6.88
7 0 3 9 8 3 1 407 32 251 10.36
7 0 10 5 5 7 1 410 31 169 8.77
8 0 8 8 6 10 1 409 12 154 9.75
1 1 0 0 0 0 1 404 27 208 9.58
10 0 6 9 2 6 1 413 31 194 9.8
3 0 9 6 5 4 1 407 27 155 8.19
2 0 1 2 7 1 1 408 9 126 10.35
3 0 9 9 2 2 1 408 39 258 8.83
8 0 3 1 4 10 1 414 42 247 7.2
4 1 0 0 0 0 2 412 414 20 216 9.43
4 0 3 10 2 5 1 411 38 214 9.36
1 0 4 1 2 4 1 413 42 245 7.67
8 1 0 0 0 0 1 415 24 199 6.97
2 0 1 4 8 3 1 415 43 159 10.24
2 0 8 8 6 6 1 415 50 185 9.92
1 0 0 0 0 0 0 52 262 9.13
1 0 0 0 0 0 3 417 418 419 0 213 8.16
3 0 9 2 4 2 3 420 422 424 1 119 10.27
9 0 7 2 6 8 2 421 428 1 211 8.18
3 0 7 1 6 9 3 427 428 436 1 183 5.65
1 0 10 2 2 4 3 423 430 432 4 171 9.21
9 0 7 1 7 6 3 427 431 436 10 142 9.8
2 0 2 8 2 10 3 426 429 442 4 149 5.52
7 0 2 5 1 5 3 425 429 442 5 214 6.31
10 0 6 8 2 6 3 426 427 430 4 230 9.65
10 0 7 7 4 7 3 431 435 446 12 150 8.5
4 0 1 10 4 2 3 428 432 445 14 236 8.67
5 0 3 6 3 1 3 433 435 441 19 220 7.06
9 0 6 5 3 5 2 431 435 18 243 7.69
2 0 4 4 6 10 2 436 440 12 141 9.05
10 0 3 7 6 7 3 437 438 446 14 142 7.61
6 1 0 0 0 0 2 434 437 27 224 10.36
8 1 0 0 0 0 3 434 439 441 18 194 8.31
8 1 0 0 0 0 3 434 438 439 24 166 6.88
8 0 4 1 6 7 2 440 443 33 191 6.99
4 0 2 10 6 6 1 437 27 199 6.39
3 0 5 9 8 2 2 441 445 19 165 9.62
5 1 0 0 0 0 2 439 443 33 191 5.62
6 0 7 9 4 3 2 442 443 32 236 9.81
10 0 4 4 4 5 1 440 38 209 8.65
8 0 9 5 2 10 1 444 48 190 7.42
1 0 2 5 10 3 2 444 446 26 141 6.2
8 0 3 5 10 9 1 445 38 255 7.94
6 0 8 10 1 5 1 444 41 163 8.11
5 0 10 10 5 3 1 447 56 261 9.17
7 0 6 7 4 6 1 447 46 267 6.84
5 0 1 5 4 5 1 447 27 213 10.29
1 0 0 0 0 0 0 61 237 8.0
1 0 0 0 0 0 3 449 450 451 0 141 8.88
4 0 0 0 3 0 3 453 454 456 1 203 9.25
7 0 0 0 6 0 2 457 469 1 144 9.68
7 0 4 0 0 0 1 452 1 206 9.45
8 0 0 0 4 0 1 468 8 157 7.39
2 0 0 0 3 0 3 455 466 477 5 169 9.53
2 0 0 0 10 0 1 459 5 205 8.18
2 0 0 0 6 0 2 458 473 7 152 7.29
2 0 0 0 0 6 1 461 5 194 8.85
2 0 0 0 10 0 2 463 465 8 144 9.78
9 0 0 0 6 0 3 460 465 471 9 237 5.44
2 0 0 0 6 0 2 462 463 7 236 6.45
3 0 10 0 0 0 1 462 18 143 8.48
7 0 0 0 0 6 1 466 7 168 6.41
3 1 0 0 0 0 3 464 467 478 21 157 8.13
7 0 0 0 1 0 1 470 10 197 6.17
4 0 0 3 0 0 1 475 24 190 8.39
1 1 0 0 0 0 1 476 18 193 9.98
5 0 0 0 0 9 2 472 474 14 217 6.0
1 1 0 0 0 0 1 475 24 238 5.39
3 0 0 5 0 0 2 470 477 16 233 6.18
2 0 0 8 0 0 1 470 8 127 7.39
10 1 0 0 0 0 2 472 474 19 206 9.51
6 1 0 0 0 0 1 478 18 185 6.07
8 0 0 5 0 0 1 473 29 249 6.26
5 0 3 0 0 0 1 478 37 166 5.54
5 0 0 0 0 10 1 475 29 223 7.63
4 0 0 7 0 0 1 476 34 186 7.94
6 0 0 0 4 0 1 479 38 198 6.57
7 1 0 0 0 0 1 479 19 161 7.57
8 0 0 0 0 2 1 479 42 265 6.02
1 0 0 0 0 0 0 50 271 9.49
1 0 0 0 0 0 3 481 482 483 0 182 7.84
6 0 0 0 2 0 3 485 491 497 1 232 9.07
9 0 9 0 0 0 2 502 505 1 141 6.22
5 0 0 0 2 0 3 484 489 509 1 141 8.0
7 0 0 0 0 6 3 486 498 500 6 171 10.51
5 0 0 3 0 0 3 487 488 493 7 212 5.71
9 0 0 6 0 0 2 494 497 13 209 10.53
9 0 0 0 0 9 2 490 501 12 186 6.37
9 0 0 0 0 6 1 492 12 210 8.62
1 0 4 0 0 0 1 502 6 136 9.16
1 1 0 0 0 0 1 495 21 236 5.45
6 0 0 3 0 0 2 496 506 7 165 7.44
5 1 0 0 0 0 1 495 21 200 5.46
3 0 0 8 0 0 2 496 507 12 209 9.32
3 0 0 0 0 2 1 507 22 249 5.85
2 0 0 7 0 0 2 504 508 26 184 9.26
5 1 0 0 0 0 1 503 15 207 5.49
4 0 0 0 0 8 1 502 22 175 5.96
8 0 0 0 0 1 1 499 13 178 5.93
8 0 0 0 10 0 1 503 21 197 9.34
2 0 0 3 0 0 1 505 13 145 9.47
2 1 0 0 0 0 1 509 21 237 8.32
3 0 0 0 3 0 2 506 507 26 240 9.32
6 0 0 0 0 4 1 510 29 230 10.43
9 0 0 0 9 0 1 510 28 257 5.73
4 1 0 0 0 0 1 508 15 165 7.41
2 0 0 2 0 0 1 508 29 197 10.55
2 0 2 0 0 0 1 510 29 213 10.25
3 0 2 0 0 0 1 511 31 250 7.7
2 1 0 0 0 0 1 511 23 200 8.18
3 0 0 0 9 0 1 511 37 193 5.38
1 0 0 0 0 0 0 40 195 9.35
1 0 0 0 0 0 3 513 514 515 0 191 10.27
3 0 8 0 0 0 3 516 517 538 1 161 9.7
10 0 5 0 0 0 3 534 537 538 1 238 8.25
2 0 0 0 5 0 3 520 524 527 1 181 7.53
5 0 9 0 0 0 3 519 522 524 4 164 9.93
10 0 2 0 0 0 3 518 525 541 4 199 6.18
1 0 6 0 0 0 3 523 530 533 14 203 9.77
1 0 0 0 4 0 3 526 528 529 9 185 6.37
10 0 7 0 0 0 3 521 523 533 3 169 7.26
3 0 0 0 0 3 3 525 528 532 13 199 9.9
9 0 1 0 0 0 3 523 525 526 9 206 6.03
5 0 0 0 0 1 2 528 529 18 166 5.9
10 0 0 0 0 8 3 526 532 536 9 227 6.48
5 1 0 0 0 0 3 529 530 536 18 174 10.11
4 1 0 0 0 0 3 530 533 535 19 245 10.22
4 0 0 0 0 5 2 531 532 3 138 5.49
6 1 0 0 0 0 2 536 537 23 212 9.98
6 0 8 0 0 0 1 534 23 194 9.44
6 1 0 0 0 0 1 542 23 211 7.67
8 0 0 0 0 4 3 534 535 538 7 172 8.81
1 1 0 0 0 0 2 535 541 19 221 5.36
8 0 0 0 2 0 2 539 542 23 143 10.3
8 0 0 0 0 7 1 539 29 170 8.84
3 1 0 0 0 0 2 537 540 23 248 5.84
4 0 0 6 0 0 1 539 29 212 6.1
1 0 0 0 7 0 1 542 29 177 5.55
9 0 0 0 3 0 2 540 541 15 210 6.27
3 0 0 1 0 0 1 540 37 245 8.5
5 0 0 0 0 3 1 543 40 178 5.58
7 0 0 0 0 7 1 543 24 192 8.19
2 0 0 0 8 0 1 543 31 170 9.81
1 0 0 0 0 0 0 45 156 7.94
1 0 0 0 0 0 3 545 546 547 0 168 10.06
8 0 0 0 2 1 1 549 1 183 7.14
9 0 1 8 1 6 2 548 550 1 204 6.54
1 0 2 1 4 6 1 561 1 141 9.77
4 0 4 6 0 9 1 555 10 166 6.46
4 0 7 9 0 0 2 552 560 9 233 7.41
8 0 8 4 7 0 2 551 559 10 228 5.67
3 0 5 6 2 6 2 553 558 18 208 8.75
3 0 0 6 7 7 2 554 556 13 239 6.27
9 0 9 9 0 0 2 563 565 21 159 7.27
6 0 2 0 5 0 1 559 16 201 8.91
3 1 0 0 0 0 2 557 562 14 199 5.78
5 1 0 0 0 0 3 559 566 568 16 147 6.84
4 1 0 0 0 0 2 563 570 17 200 8.12
9 1 0 0 0 0 1 567 21 175 8.4
5 1 0 0 0 0 2 564 571 22 222 8.14
9 0 1 4 4 0 2 562 564 13 147 6.49
9 0 6 0 5 0 3 570 572 573 2 227 8.45
7 0 5 8 5 6 1 569 22 214 7.62
7 0 0 0 6 8 2 564 569 30 153 9.37
8 0 7 4 8 0 1 567 37 205 9.45
6 1 0 0 0 0 1 566 30 154 5.44
10 0 8 0 8 2 1 569 36 184 8.66
2 0 4 0 0 2 1 573 45 164 7.76
1 0 10 8 1 1 1 574 21 233 9.89
9 0 10 3 9 3 1 573 46 225 8.0
3 1 0 0 0 0 1 574 21 243 7.39
7 0 10 0 6 0 1 574 27 159 8.29
10 0 6 4 6 8 1 575 11 175 6.89
7 0 9 0 8 1 1 575 55 189 10.37
9 0 0 7 8 9 1 575 34 243 9.71
1 0 0 0 0 0 0 62 197 5.74
1 0 0 0 0 0 3 577 578 579 0 216 7.05
6 0 4 5 10 9 3 582 584 596 1 191 6.5
3 0 7 9 1 3 3 583 589 590 1 139 5.83
9 0 9 10 6 5 3 580 581 586 1 140 6.28
3 0 2 9 1 4 3 582 584 590 10 182 7.28
8 0 10 10 3 8 1 588 10 179 7.43
3 0 4 1 8 6 3 585 587 593 13 148 5.41
1 0 8 7 9 8 3 585 586 587 4 232 9.76
10 0 7 2 2 3 3 591 597 600 13 147 9.68
8 0 8 4 8 7 3 588 595 597 16 176 7.99
4 0 9 5 9 6 3 593 598 606 10 195 6.45
9 0 1 5 10 3 3 588 597 600 16 176 10.0
4 0 9 10 9 7 2 605 606 25 154 9.08
9 0 5 1 3 8 3 591 595 599 4 143 10.55
8 0 1 6 4 8 3 592 594 600 13 155 6.85
5 1 0 0 0 0 3 598 603 606 23 216 10.07
7 1 0 0 0 0 3 593 595 596 21 217 8.74
2 0 9 10 7 7 2 599 601 28 228 6.09
9 0 9 10 4 6 2 596 602 21 180 8.86
9 0 6 10 5 9 2 602 603 28 232 5.97
10 0 4 5 2 2 2 599 605 30 159 5.89
9 0 10 10 5 4 1 598 25 146 8.82
3 1 0 0 0 0 1 601 34 171 8.07
8 0 7 10 8 8 1 604 40 264 8.97
7 1 0 0 0 0 2 601 603 25 202 5.5
4 0 3 8 5 7 1 602 37 222 5.57
4 0 2 2 7 6 2 604 605 41 242 5.65
2 0 5 9 9 7 1 604 37 171 8.21
9 0 10 3 1 6 1 607 48 222 7.94
9 0 8 2 5 1 1 607 45 241 9.43
9 0 9 10 5 7 1 607 29 183 7.13
1 0 0 0 0 0 0 57 185 10.24
119.56 114.07 111.4 107.72 107.31 115.58 153.71 173.8 181.36 163.18 141.45 121.23 125.33 124.09 136.91 152.78 140.3 126.84 125.09 140.0 120.0 109.21 131.31 88.52 78.92 86.98 135.0 105.01 88.55 99.0 145.0 194.13 169.7 143.69 116.05 104.85 107.55 117.2 130.96 135.7 145.75 143.93 145.0 156.88 156.01 137.8 141.47 128.2 129.26 127.91 126.82 126.59 128.74 128.87 141.3 173.11 180.0 174.92 168.75 168.43 157.95 159.23 141.48 150.0 160.1 162.69 181.66 183.99 152.14 144.99 139.78 133.0 132.38 140.12 150.74 144.49 146.91 133.16 135.3 270.7 251.77 222.64 205.6 185.9 176.9 184.44 190.0 211.71 200.21 207.33 205.5 196.52 176.36 162.92 153.12 139.32 139.65 137.01 131.66 131.43 130.78 140.09 163.63 224.86 261.75 214.52 180.61 163.74 150.06 149.42 157.07 172.21 196.88 292.25 288.53 224.61 183.55 163.6 153.0 140.03 135.66 130.69 120.25 118.7 118.97 120.87 134.52 149.23 150.53 137.05 124.59 118.36 112.39 110.01 116.42 129.59 145.64 164.02 175.23 161.46 141.16 116.37 130.3 120.32 134.11 128.9 123.57 119.9 119.57 119.84 118.05 124.47 123.77 125.75 131.48 128.92 127.85 121.36 123.67 127.33 139.52 170.0 172.12 168.8 155.51 134.93 132.06 131.51 125.9 121.06 120.34 125.94 129.5 126.7 157.39 208.25 209.79 171.3 139.67 116.94 113.24 106.55 118.11 135.02 173.29 225.32 271.52 216.5 179.08 151.4 131.21 122.95 134.75 126.4 127.5 114.54 110.45 108.19 135.32 186.2 193.8 141.92 117.27 98.81 79.06 84.62 98.35 104.87 190.7 189.76 176.77 165.0 142.03 141.9 119.58 103.61 94.31 93.84 96.91 95.24 102.66 141.4 155.0 180.26 166.37 128.76 109.88 92.9 90.14 91.8 92.23 107.41 147.49 161.25 159.24 160.76 141.4 109.61 103.4 91.8 114.41 118.13 130.0 113.87 113.59 130.0 148.54 140.0 129.45 114.24 104.15 94.18 97.41 93.06 100.4 97.28 114.1 139.8 156.19 150.71 147.34 121.67 118.79 90.0 73.45 70.72 73.03 72.42 81.11 120.0 125.17 165.34 150.72 131.26 104.33 87.37 79.1 77.95 91.97 87.88 165.72 148.62 154.5 152.0 163.87 82.7 82.9 97.94 71.48 71.73 71.92 71.65 72.29 80.0 113.21 123.18 115.0 70.93 58.53 57.76 54.57 56.75 68.09 73.31 82.0 115.0 99.24 95.0 105.0 100.0 75.3 71.54 77.95 67.63 72.42 69.74 72.51 72.53 92.28 102.91 112.52 100.63 85.49 88.98 72.5 72.48 85.6 106.6 127.71 145.54 152.08 135.33 136.61 117.64 130.0 103.81 78.91 105.0 73.83 73.2 73.2 77.5 104.0 181.78 196.24 124.4 182.35 110.0 105.0 82.1 73.13 77.53 83.93 120.0 120.0 119.4 100.33 87.23 94.06 95.42 74.35 89.16 81.26 82.35 86.45 90.09 123.16 146.91 170.88 154.68 141.5 127.78 125.97 127.61 136.49 150.81 158.69 189.96 216.32 174.62 149.42 137.98 127.44 109.8 123.78 121.07 117.85 117.07 117.62 115.58 144.3 175.0 177.8 159.79 143.14 130.76 120.54 120.65 126.59 130.93 141.79 156.15 162.62 155.0 136.33 107.16 117.43 109.34 97.31 103.81 101.94 100.5 100.94 105.09 126.64 155.0 156.28 140.42 129.19 103.97 103.06 115.06 117.36 133.27 155.0 168.49 171.94 161.29 148.41 136.82 123.12 114.89 114.33 110.54 109.38 107.0 112.32 111.63 132.78 148.2 161.92 146.35 128.5 116.72 109.73 109.04 111.82 125.87 131.65 147.66 151.31 149.37 135.47 128.58 125.88 118.52 128.39 120.52 117.16 112.5 110.0 114.77 120.42 136.23 139.21 138.43 126.03 113.04 102.8 98.25 101.07 111.95 122.91 137.13 148.67 142.21 133.83 127.36 123.65 119.92 123.5 105.19 98.19 90.69 90.74 89.89 88.78 97.19 101.45 89.0 68.3 49.0 27.5 9.16 20.7 57.89 74.34 122.38 140.0 142.71 128.21 114.09 119.82 114.45 119.13 111.96 110.07 105.47 108.85 121.02 139.61 163.0 147.64 107.97 85.5 62.58 21.68 50.54 72.41 86.29 104.29 144.34 170.0 173.67 147.64 119.96 118.77 117.53 130.55 114.53 108.49 109.3 95.71 100.37 133.31 167.75 141.95 115.85 97.28 24.87 36.75 29.72 70.91 79.13 101.38 142.36 169.41 156.59 125.55 104.29 107.28 100.01 78.64 76.16 91.23 86.02 71.84 81.25 108.18 155.0 107.19 73.19 17.91 10.31 5.42 0.78 5.04 68.05 87.86 129.89 135.0 139.41 114.96 98.02 104.22 90.64 78.59 79.99 85.01 85.01 91.77 87.0 135.0 152.32 108.5 80.01 59.91 5.02 0.7 0.32 13.16 72.12 118.8 145.0 153.93 136.74 117.64 101.77 94.57 84.76 87.42 88.14 90.97 91.69 100.57 117.57 146.26 149.54 123.13 83.13 65.48 31.81 12.79 8.03 37.6 92.58 130.5 159.26 216.63 180.77 150.79 135.56 121.41 113.04 125.69 115.29 119.78 118.39 120.23 122.85 129.31 121.4 98.04 72.54 18.05 2.14 0.12 -0.05 0.07 57.7 104.01 149.25 176.09 136.59 111.41 101.02 95.6 97.78 95.38 96.06 96.13 99.31 101.65 104.63 103.48 94.89 66.39 29.27 10.1 0.85 -0.91 -1.25 0.39 17.39 92.3 128.3 135.73 135.49 128.82 121.74 113.06 107.14 97.27 95.59 96.7 96.87 95.85 107.83 149.64 159.75 133.83 98.92 82.86 76.9 76.02 77.32 84.34 98.64 129.32 147.74 176.19 160.0 141.99 127.36 107.24 98.25 105.01 102.47 100.09 101.02 103.45 111.75 146.9 151.76 146.05 127.22 102.0 97.75 96.84 99.04 103.19 113.96 135.39 169.2 201.75 180.05 149.11 133.5 121.9 107.34 101.86 100.33 97.93 97.38 102.47 111.47 142.89 159.18 147.42 125.0 101.42 99.6 98.06 99.65 101.62 118.14 140.0 154.74 194.78 179.35 148.15 132.2 120.0 109.91 108.13 99.46 93.88 92.48 96.34 105.97 133.09 160.65 160.0 150.0 126.4 113.26 111.86 108.18 109.09 110.18 121.78 142.65 166.05 173.47 149.0 135.69 118.45 108.91 109.09 106.0 105.9 103.83 105.3 114.06 143.14 155.32 156.96 133.7 113.62 108.36 106.01 106.01 108.1 109.92 125.85 145.35 154.7 151.13 130.01 111.39 114.0 105.17 112.15 103.14 96.0 89.9 86.9 90.55 97.01 99.42 99.53 87.37 71.14 60.17 57.02 48.0 54.51 71.59 84.65 128.13 139.58 132.96 121.46 108.5 105.02 95.25 90.01 85.79 79.62 78.18 78.6 80.51 85.14 82.07 77.95 77.14 36.86 17.75 9.61 7.22 13.62 31.0 71.48 118.11 131.69 140.0 125.79 108.29 101.41 80.97 80.37 80.95 79.75 80.91 85.85 103.3 135.18 152.87 135.96 107.38 90.62 87.9 64.65 36.35 50.21 70.56 100.22 146.43 176.5 170.0 141.5 119.19 108.11 93.5 92.2 89.99 92.64 89.77 96.35 112.01 140.16 136.68 106.52 74.26 32.93 2.24 3.38 4.28 8.44 63.68 98.36 143.47 171.92 167.11 143.45 123.77 117.17 103.62 108.77 105.01 103.52 102.61 107.33 124.46 160.27 148.08 108.95 45.9 34.23 2.48 1.42 2.18 5.6 66.88 112.16 156.99 250.73 220.41 176.68 141.18 126.84 112.23 119.77 104.88 101.26 102.34 106.05 122.29 148.32 142.04 100.27 79.23 38.56 3.42 0.43 0.65 16.83 80.13 121.72 157.59 278.23 250.3 161.79 138.78 128.17 120.61 127.07 117.53 114.42 108.26 112.54 131.38 162.72 148.8 111.39 74.75 43.62 7.37 1.26 0.09 3.73 64.19 122.15 137.1 150.0 190.0 177.0 100.0 100.0 95.0 90.0 94.1 94.1 99.93 100.0 103.15 90.0 69.75 43.24 33.7 13.24 11.81 17.64 27.61 42.51 70.0 75.8 118.97 159.8 157.46 147.1 84.14 77.04 65.04 32.68 35.14 43.85 42.35 42.39 42.14 44.71 36.24 27.91 23.25 13.78 9.6 13.49 5.01 11.46 42.78 86.51 126.61 142.0 143.02 141.47 130.65 126.32 114.24 111.25 107.14 101.8 98.77 101.77 119.72 141.87 164.45 162.19 135.43 111.32 108.5 102.79 104.17 111.1 119.7 132.69 155.06 213.73 193.29 161.93 138.95 125.58 115.16 102.54 102.02 100.38 103.72 103.19 108.48 137.76 142.87 138.87 114.85 109.0 103.71 93.5 94.53 100.01 100.01 110.8 143.56 174.98 172.26 148.6 122.35 116.87 102.05 101.02 98.25 97.78 97.52 96.03 101.06 129.4 142.88 137.46 111.86 100.0 96.64 94.94 84.72 93.5 99.43 111.16 136.34 163.91 169.94 154.77 130.25 121.35 109.11 104.93 99.04 97.8 98.85 97.43 105.11 130.6 140.15 123.5 89.92 78.92 45.58 32.04 14.8 46.3 77.86 96.71 130.06 160.0 171.79 141.87 124.68 113.35 100.96 90.74 79.4 79.02 79.38 79.93 106.94 129.4 122.2 102.08 77.75 60.6 34.0 35.37 40.32 62.46 75.98 105.0 132.77 166.87 166.38 149.33 126.25 118.04 110.0 115.44 105.36 97.93 97.71 97.75 93.74 99.2 99.81 96.13 80.27 101.5 98.68 95.42 51.42 50.38 68.42 76.25 102.14 148.13 154.14 127.06 101.09 83.21 68.77
