608 5
1 42 48 43 50
1 0 0 0 0 0 3 1 2 3 0 150 4.91
5 0 0 0 8 0 3 4 5 6 1 166 7.74
6 0 0 0 0 5 3 7 16 19 1 195 5.04
8 0 5 0 0 0 3 10 15 25 1 181 6.06
6 0 0 0 0 4 2 8 18 6 211 4.27
5 0 0 0 4 0 1 17 6 215 6.32
4 0 0 0 1 0 2 17 24 6 205 4.89
6 0 0 0 6 0 3 9 14 26 7 147 4.19
5 0 0 3 0 0 3 11 12 13 12 151 5.29
8 0 0 0 0 3 1 10 13 226 7.93
10 1 0 0 0 0 1 28 21 231 6.54
8 0 0 0 0 8 1 24 17 156 5.17
9 0 0 0 0 4 3 15 26 28 17 257 7.21
7 0 0 0 0 1 2 19 30 17 197 4.59
3 0 0 0 2 0 3 15 18 21 13 187 6.67
9 0 0 0 1 0 3 17 20 22 26 243 6.3
1 0 0 10 0 0 1 21 7 237 4.41
1 1 0 0 0 0 1 29 35 265 4.94
6 0 0 0 0 1 3 20 23 24 16 221 5.01
6 1 0 0 0 0 2 25 26 24 171 6.77
6 0 5 0 0 0 1 27 35 232 4.68
7 0 0 0 9 0 3 22 23 25 16 205 6.94
5 0 0 0 0 4 1 30 35 170 6.39
6 0 0 0 0 2 1 29 23 240 7.25
8 1 0 0 0 0 1 30 25 217 6.3
5 1 0 0 0 0 2 27 28 30 157 4.2
3 1 0 0 0 0 1 27 30 223 7.46
8 0 0 9 0 0 1 29 41 179 5.53
6 0 0 0 3 0 1 31 35 215 5.73
10 0 0 0 0 6 1 31 49 201 7.94
8 0 0 0 0 10 1 31 40 269 6.96
1 0 0 0 0 0 0 59 255 4.56
1 0 0 0 0 0 3 33 34 35 0 236 4.76
5 0 0 3 0 0 3 36 38 44 1 211 4.36
1 0 7 0 0 0 1 42 1 153 5.81
6 0 9 0 0 0 3 37 39 45 1 218 6.94
8 0 0 0 1 0 2 42 47 6 251 6.89
5 0 0 0 0 3 2 42 49 7 199 5.53
1 0 8 0 0 0 3 40 47 50 6 158 5.51
4 0 0 0 1 0 3 41 43 62 7 242 7.58
10 0 0 0 9 0 1 51 7 143 5.0
7 0 0 9 0 0 3 49 50 53 11 202 6.65
3 0 6 0 0 0 1 56 14 176 4.7
1 0 0 0 5 0 1 46 11 238 7.06
10 0 0 0 8 0 3 52 57 58 6 176 6.86
4 0 0 0 2 0 3 51 52 58 7 153 4.04
4 0 0 7 0 0 1 51 12 178 5.93
4 0 0 5 0 0 3 48 54 56 14 140 5.14
5 1 0 0 0 0 1 55 18 251 7.01
7 1 0 0 0 0 3 54 57 61 18 244 7.82
3 1 0 0 0 0 1 55 18 199 5.96
7 0 0 10 0 0 2 56 57 17 156 5.34
3 1 0 0 0 0 3 53 59 62 16 255 7.51
2 1 0 0 0 0 1 60 19 218 6.09
4 0 3 0 0 0 1 55 25 156 7.81
1 0 0 0 0 10 1 59 29 225 4.39
1 0 9 0 0 0 1 61 24 228 6.82
5 0 0 0 0 8 1 60 25 215 7.43
9 0 0 0 0 4 3 59 61 62 16 170 6.14
4 0 0 3 0 0 1 60 30 241 4.79
6 0 5 0 0 0 1 63 34 270 4.51
10 0 0 9 0 0 1 63 25 177 4.16
2 1 0 0 0 0 1 63 25 224 4.89
1 0 0 0 0 0 0 40 247 4.16
1 0 0 0 0 0 3 65 66 67 0 122 4.66
5 0 4 7 3 8 3 79 81 88 1 190 7.76
4 0 2 10 9 0 3 68 86 93 1 210 5.06
8 0 9 2 4 7 3 69 71 73 1 219 7.7
1 0 7 6 6 9 2 84 85 5 244 7.34
4 0 6 0 0 2 3 70 82 88 9 216 6.43
7 0 10 6 0 0 3 72 74 75 13 157 6.35
8 0 3 7 6 1 2 88 94 9 166 6.86
2 1 0 0 0 0 2 80 89 20 202 7.0
2 0 0 5 4 0 3 77 78 82 9 245 6.76
4 1 0 0 0 0 2 79 91 20 248 6.57
7 1 0 0 0 0 3 76 80 91 20 202 7.72
10 1 0 0 0 0 3 78 84 90 27 191 7.44
8 0 2 4 9 0 1 81 11 152 7.88
4 0 5 9 7 10 2 87 92 37 174 4.36
2 1 0 0 0 0 1 85 24 259 5.57
6 1 0 0 0 0 1 83 27 254 7.23
9 0 4 0 6 0 3 85 86 93 19 201 5.5
10 1 0 0 0 0 1 87 13 191 6.12
4 0 5 0 9 2 1 92 33 261 4.17
2 0 2 4 4 7 1 87 37 218 5.74
8 0 9 6 0 0 2 89 90 28 251 4.15
1 1 0 0 0 0 2 89 90 28 191 5.57
7 0 4 0 0 7 1 94 41 204 4.62
4 0 7 3 5 8 1 91 17 182 6.68
3 0 4 0 5 1 1 94 36 223 4.83
6 0 10 10 5 2 1 92 37 214 5.81
4 0 0 6 1 0 1 93 27 213 7.54
5 0 0 1 0 9 1 95 43 197 7.01
3 0 0 5 4 7 1 95 31 152 6.18
1 0 3 6 7 2 1 95 48 208 4.66
1 0 0 0 0 0 0 49 169 4.83
1 0 0 0 0 0 3 97 98 99 0 161 7.66
5 0 2 4 7 9 3 100 102 110 1 216 5.35
4 0 3 1 7 2 3 116 118 120 1 131 7.91
6 0 1 3 10 2 3 101 108 113 1 134 5.52
1 0 2 7 7 3 3 104 106 113 6 159 6.8
4 0 5 8 1 5 3 103 106 109 7 206 7.64
4 0 9 1 9 7 3 105 111 118 6 244 6.77
8 0 2 9 7 3 3 104 112 117 11 175 6.49
9 0 8 3 1 3 3 111 114 124 19 265 4.85
5 0 10 5 1 2 3 107 113 117 10 151 7.89
4 0 6 10 9 5 3 111 112 117 11 203 4.26
3 0 6 7 2 5 3 108 109 120 15 156 7.66
4 0 6 5 10 6 2 114 122 18 194 6.58
2 0 8 2 9 1 2 114 119 18 144 7.51
1 0 9 7 9 1 3 115 122 125 6 207 7.28
10 1 0 0 0 0 1 115 28 244 5.45
5 0 5 5 1 9 3 118 119 123 19 195 4.09
9 0 5 3 2 2 2 116 119 15 204 7.93
7 0 5 8 4 4 2 115 125 28 198 4.19
10 0 3 5 10 5 2 116 123 38 268 7.02
1 0 7 3 7 7 1 126 48 186 4.51
4 0 2 3 2 5 2 120 121 19 218 4.79
9 1 0 0 0 0 1 121 24 218 7.06
8 0 7 5 10 9 3 121 122 124 24 200 4.77
8 1 0 0 0 0 2 123 124 23 221 5.51
10 0 4 3 1 1 1 125 33 199 5.24
10 0 2 6 8 9 1 126 32 256 5.53
1 0 4 4 7 7 1 126 48 269 6.53
6 1 0 0 0 0 1 127 32 234 5.15
1 0 6 2 9 8 1 127 43 180 4.58
10 0 8 8 2 3 1 127 49 203 5.04
1 0 0 0 0 0 0 59 182 5.26
1 0 0 0 0 0 3 129 130 131 0 242 6.65
4 0 6 9 9 5 1 140 1 225 5.87
6 0 5 6 2 3 3 135 148 154 1 151 5.44
1 0 2 3 3 2 2 132 136 1 181 5.19
9 0 2 10 4 5 3 133 148 153 2 187 7.13
1 0 4 9 4 8 3 134 137 142 11 156 6.09
9 0 10 9 3 3 2 140 143 12 184 4.92
2 0 2 4 4 5 1 136 7 235 6.4
4 0 5 4 4 6 2 141 149 9 215 7.1
2 0 8 7 10 7 2 138 140 12 237 7.5
2 0 9 7 1 9 2 139 144 14 245 5.6
4 0 4 2 10 1 3 141 145 154 16 161 5.69
7 1 0 0 0 0 2 146 149 21 266 4.96
9 1 0 0 0 0 3 143 147 151 20 244 5.0
2 0 7 9 4 6 2 149 150 12 247 5.52
2 0 5 6 5 8 1 152 29 259 5.32
3 1 0 0 0 0 3 145 146 150 16 151 7.16
7 1 0 0 0 0 2 147 151 20 249 5.88
3 0 4 7 6 3 1 154 28 254 6.35
8 0 9 4 2 10 1 152 29 269 7.22
7 0 3 4 2 7 1 157 11 167 4.64
5 1 0 0 0 0 2 155 156 28 178 5.37
2 1 0 0 0 0 2 152 157 19 146 6.59
4 0 5 2 8 3 2 157 158 29 215 5.83
9 0 5 8 9 3 1 158 37 222 6.55
7 0 5 5 10 1 2 155 156 11 163 6.01
2 0 9 5 10 1 2 155 156 31 190 6.63
2 0 9 5 5 4 1 158 33 256 7.2
2 0 6 6 9 7 1 159 33 205 7.87
3 0 4 5 7 4 1 159 33 234 5.5
6 0 1 7 9 10 1 159 46 209 5.15
1 0 0 0 0 0 0 52 190 5.27
1 0 0 0 0 0 3 161 162 163 0 224 5.58
5 0 0 0 9 0 3 164 169 181 1 216 4.42
1 0 0 0 0 4 3 175 177 185 1 225 7.86
7 0 0 0 0 7 3 165 167 168 1 223 5.84
6 0 0 0 0 10 3 165 166 168 6 225 6.49
8 0 0 0 0 1 3 171 174 184 12 255 4.83
6 0 0 7 0 0 3 172 176 178 12 204 5.33
10 0 0 0 0 10 3 169 170 175 8 241 7.81
2 0 0 0 0 8 3 171 176 178 12 197 5.05
7 0 8 0 0 0 2 174 180 18 200 7.87
6 0 9 0 0 0 3 173 178 184 18 199 6.07
2 0 0 0 6 0 2 177 180 20 178 6.31
3 0 0 0 0 5 3 180 182 184 18 221 5.81
8 1 0 0 0 0 3 174 176 179 24 230 6.31
4 1 0 0 0 0 3 182 183 188 32 249 7.17
1 0 0 0 0 10 2 179 190 18 229 5.13
4 1 0 0 0 0 3 177 187 188 32 176 7.56
2 1 0 0 0 0 1 183 36 237 6.06
2 0 6 0 0 0 2 182 183 24 260 6.38
10 1 0 0 0 0 1 181 32 186 7.6
6 1 0 0 0 0 2 185 186 25 176 4.5
10 0 10 0 0 0 1 187 42 258 7.57
8 0 0 0 8 0 2 186 189 36 244 7.52
2 0 0 0 5 0 1 186 38 229 7.34
8 1 0 0 0 0 3 185 187 188 24 223 6.61
9 0 0 0 0 2 2 189 190 32 242 6.65
10 0 0 8 0 0 1 190 44 281 4.72
7 0 0 0 0 4 1 189 52 179 7.3
3 1 0 0 0 0 1 191 36 219 5.36
6 0 0 0 5 0 1 191 59 214 6.75
8 0 0 0 1 0 1 191 54 182 5.07
1 0 0 0 0 0 0 65 235 4.54
1 0 0 0 0 0 3 193 194 195 0 144 4.5
1 0 2 5 2 8 3 196 203 211 1 189 7.95
4 0 6 7 6 9 2 202 207 1 238 4.86
2 0 5 8 7 3 3 200 202 204 1 144 7.59
2 0 10 5 4 3 3 197 198 199 2 174 5.4
5 0 3 7 7 4 1 210 4 150 7.52
6 0 4 1 2 4 3 205 214 215 4 234 7.76
4 0 1 4 3 8 2 201 202 4 154 6.84
10 0 4 1 3 7 3 206 207 221 3 137 5.15
7 0 1 7 1 4 1 208 8 235 6.69
7 0 4 6 10 4 1 208 8 174 5.94
9 0 7 2 7 3 3 212 215 216 2 251 4.66
5 0 8 9 9 10 2 209 213 3 172 7.75
3 0 7 6 3 9 1 220 10 172 4.19
2 1 0 0 0 0 1 210 13 151 4.14
3 1 0 0 0 0 2 208 222 13 248 5.27
5 0 3 7 9 8 3 209 210 217 16 246 6.16
3 1 0 0 0 0 1 212 21 158 5.02
3 1 0 0 0 0 1 220 21 193 4.53
5 0 7 2 6 3 2 212 213 2 202 5.0
1 0 8 8 6 4 1 219 24 215 5.64
5 0 5 7 1 10 2 214 215 8 237 7.93
6 1 0 0 0 0 2 216 218 13 171 4.37
9 1 0 0 0 0 3 217 218 221 13 151 5.42
3 0 10 1 6 4 2 217 222 19 246 7.66
8 0 6 3 8 10 1 219 22 188 5.04
3 0 8 2 4 8 2 219 222 22 149 6.02
2 0 4 7 1 3 1 220 30 262 5.23
4 0 1 2 8 9 1 223 32 216 4.23
8 0 8 3 2 3 1 223 22 239 7.01
9 0 5 8 8 10 1 223 25 264 4.41
1 0 0 0 0 0 0 36 175 4.23
1 0 0 0 0 0 3 225 226 227 0 179 4.68
5 0 0 1 10 0 3 228 231 236 1 181 7.99
6 0 6 0 3 0 3 235 240 243 1 245 6.1
2 0 6 3 8 6 3 228 229 236 1 207 7.25
1 0 5 0 2 0 3 232 237 238 6 202 4.36
3 0 7 0 0 0 3 230 240 246 3 140 5.84
7 0 0 5 5 3 3 231 238 243 6 199 6.72
4 0 0 10 0 0 2 234 244 13 176 4.54
7 0 8 10 0 0 3 233 243 246 7 230 7.62
10 1 0 0 0 0 3 235 240 241 14 219 7.82
1 0 1 0 7 0 2 235 237 17 239 7.54
5 1 0 0 0 0 2 239 250 24 150 4.92
10 0 0 9 0 0 3 246 248 250 6 253 5.25
10 0 0 0 0 8 3 241 247 249 18 236 7.24
8 0 0 0 5 2 3 241 244 248 13 197 5.32
2 1 0 0 0 0 1 242 29 182 5.49
3 1 0 0 0 0 2 242 252 24 261 4.68
10 1 0 0 0 0 1 250 28 176 4.19
2 0 4 6 2 9 3 245 247 251 31 195 7.04
10 1 0 0 0 0 3 244 245 251 14 247 6.62
10 0 2 0 0 0 2 247 249 24 249 5.6
6 0 1 4 4 0 2 248 249 33 167 7.18
10 0 0 0 2 1 3 252 253 254 16 215 4.77
7 0 6 0 9 0 1 253 34 185 7.7
10 0 7 0 6 0 1 254 39 243 7.39
4 0 3 0 0 0 1 254 39 219 4.72
2 0 0 0 3 1 2 251 252 38 240 7.39
6 0 0 0 0 2 1 253 40 200 6.28
4 0 4 0 7 4 1 255 40 251 7.05
5 0 6 3 0 0 1 255 46 230 7.25
1 0 8 2 3 0 1 255 49 190 6.03
1 0 0 0 0 0 0 51 250 4.11
1 0 0 0 0 0 3 257 258 259 0 205 6.95
7 0 4 2 0 0 2 282 286 1 244 7.13
1 0 0 0 1 0 3 260 261 269 1 148 7.95
7 0 0 0 7 0 3 267 269 272 1 183 5.28
8 0 0 0 0 10 3 262 263 268 2 141 4.52
5 0 0 0 9 0 3 264 265 277 2 160 4.87
3 0 2 0 0 0 3 266 270 277 10 181 5.96
4 0 7 9 0 8 3 270 272 280 10 157 7.12
4 0 8 0 2 8 3 268 275 281 7 132 7.22
10 0 0 9 0 0 3 268 270 280 7 247 6.41
7 0 1 0 0 3 3 267 271 279 13 236 4.08
5 0 0 9 5 0 3 273 274 283 20 216 4.29
5 1 0 0 0 0 3 272 276 284 17 189 6.33
8 0 0 0 0 3 3 273 274 277 8 175 6.06
6 0 0 8 1 8 3 271 273 279 17 237 6.49
8 1 0 0 0 0 1 278 23 249 6.63
5 0 8 9 0 0 1 285 22 221 4.5
8 0 1 4 2 0 3 276 282 284 25 168 7.67
10 0 3 0 0 8 1 275 25 250 7.46
8 1 0 0 0 0 2 276 282 35 185 4.98
5 0 0 7 2 7 1 278 43 246 7.84
3 0 0 2 0 7 3 278 279 280 16 194 7.74
7 0 0 4 0 2 1 286 48 199 5.31
3 1 0 0 0 0 3 281 283 284 23 241 5.65
5 1 0 0 0 0 2 281 283 19 202 7.65
9 0 0 5 0 3 1 286 26 181 5.23
7 0 0 0 7 6 1 285 43 272 5.12
7 0 0 0 0 4 1 285 26 256 4.82
9 0 10 8 0 7 1 287 33 178 4.42
8 0 6 0 5 0 1 287 50 208 6.82
8 0 4 6 0 4 1 287 55 218 4.07
1 0 0 0 0 0 0 63 265 7.43
1 0 0 0 0 0 3 289 290 291 0 180 6.85
2 0 0 3 0 0 3 296 307 309 1 190 4.43
10 0 0 8 10 3 3 293 302 305 1 183 6.52
7 0 3 4 10 8 3 292 294 295 1 176 7.65
9 0 6 4 10 0 3 303 307 309 8 209 4.3
7 0 0 8 1 0 3 300 304 310 11 256 6.06
2 0 0 5 10 3 2 300 311 8 153 7.54
4 0 1 4 0 0 3 297 315 316 8 145 7.97
2 0 1 2 0 0 3 298 299 301 3 134 7.33
2 1 0 0 0 0 1 303 12 235 7.9
10 0 0 6 1 1 2 310 313 5 191 4.14
8 0 10 8 4 0 2 305 311 5 182 7.62
8 1 0 0 0 0 3 303 307 312 18 183 6.09
2 0 0 0 0 7 3 304 308 313 5 233 5.14
6 0 0 0 0 3 2 306 312 11 160 6.14
3 0 3 1 0 9 1 313 26 215 6.46
3 1 0 0 0 0 1 306 18 247 6.95
4 0 0 5 0 0 1 316 13 254 6.77
2 1 0 0 0 0 1 318 21 153 4.57
5 0 0 0 9 4 2 316 318 26 197 4.34
10 0 2 0 0 0 1 310 7 227 7.2
2 1 0 0 0 0 2 315 317 17 174 7.39
6 1 0 0 0 0 1 311 18 158 7.88
8 0 0 0 0 5 1 312 24 196 7.75
5 0 9 0 10 0 2 314 317 32 197 6.23
7 0 5 0 0 0 1 317 29 174 7.49
3 0 0 0 9 5 1 315 37 207 5.98
5 0 0 0 0 8 1 318 40 201 7.0
10 0 0 3 1 0 1 319 31 182 7.16
4 0 0 6 6 9 1 319 37 226 6.84
3 0 0 1 7 2 1 319 45 205 4.9
1 0 0 0 0 0 0 48 204 7.96
1 0 0 0 0 0 3 321 322 323 0 142 7.27
2 0 3 4 7 1 1 330 1 187 5.47
8 0 0 0 0 3 2 325 327 1 140 6.88
8 0 7 8 0 3 2 324 326 1 223 6.88
10 0 6 1 7 0 1 346 9 210 6.74
8 0 4 7 4 0 3 332 333 335 9 248 7.36
7 0 9 1 4 4 1 327 9 206 6.9
7 0 4 0 7 4 3 328 333 335 16 239 7.68
1 1 0 0 0 0 2 329 331 23 195 7.3
9 1 0 0 0 0 3 334 338 343 24 205 6.51
7 0 7 7 4 7 1 342 3 157 4.49
7 1 0 0 0 0 2 340 341 24 234 6.76
9 0 0 1 1 0 3 339 343 349 17 236 6.37
5 1 0 0 0 0 1 336 23 209 6.74
5 1 0 0 0 0 2 336 347 33 200 5.26
1 1 0 0 0 0 1 337 23 147 7.82
9 0 10 1 10 7 1 344 38 175 7.25
3 1 0 0 0 0 1 340 24 155 4.25
10 0 6 0 1 3 1 345 33 227 6.29
9 0 0 2 1 0 1 344 26 236 5.04
3 1 0 0 0 0 2 346 350 31 225 4.47
6 1 0 0 0 0 2 342 346 31 160 4.79
10 0 5 2 5 6 1 350 37 255 6.82
8 0 9 0 6 10 1 345 33 171 7.3
10 0 0 10 0 0 1 350 47 283 7.53
4 0 3 3 0 0 1 347 43 252 6.74
1 0 8 2 4 2 1 348 37 184 7.31
1 0 2 5 10 7 1 348 47 211 4.24
9 0 4 2 9 8 1 351 48 197 6.69
10 0 0 1 4 4 1 351 26 186 5.52
4 0 7 1 8 1 1 351 57 189 6.04
1 0 0 0 0 0 0 61 261 7.71
1 0 0 0 0 0 3 353 354 355 0 153 7.64
9 0 10 7 0 7 3 357 358 368 1 177 7.48
7 0 8 0 1 7 3 363 366 371 1 145 4.25
8 0 8 0 5 4 2 356 357 1 141 4.75
6 0 1 9 0 5 1 377 9 176 7.97
4 0 7 0 10 6 2 361 364 10 136 5.89
2 0 9 0 10 5 3 359 380 381 10 211 4.59
2 0 9 2 10 8 3 360 362 373 12 184 4.77
4 0 9 3 10 2 1 365 14 180 6.88
8 0 0 10 6 5 3 366 367 369 14 173 4.39
6 0 0 1 0 5 2 365 375 14 226 5.54
5 0 1 3 0 4 2 370 372 8 224 4.13
2 0 10 10 1 9 3 365 370 371 14 194 4.7
6 1 0 0 0 0 2 374 377 20 174 7.44
1 1 0 0 0 0 3 370 376 378 22 239 4.74
2 1 0 0 0 0 1 373 22 230 6.08
5 0 2 6 4 4 2 372 374 10 235 5.03
3 0 0 9 7 0 3 373 377 379 22 162 6.06
6 1 0 0 0 0 2 374 375 23 248 5.18
10 0 10 7 4 0 1 381 16 192 4.27
9 0 1 3 0 0 1 376 15 198 5.07
5 0 10 3 1 2 2 375 378 25 256 5.73
9 0 2 2 3 2 1 382 29 207 6.5
7 0 9 5 9 0 1 382 30 273 5.94
10 0 8 5 0 3 2 379 380 24 259 4.16
4 1 0 0 0 0 1 378 26 201 5.98
7 0 2 7 0 5 1 382 30 220 5.32
9 0 0 0 5 1 1 381 34 258 6.43
3 0 8 10 3 0 1 383 34 211 5.6
6 0 4 1 4 0 1 383 43 249 4.49
4 0 5 0 0 8 1 383 38 211 7.4
1 0 0 0 0 0 0 49 224 6.04
1 0 0 0 0 0 3 385 386 387 0 125 6.05
8 0 10 3 2 10 3 388 396 403 1 133 6.92
4 0 7 8 0 1 3 389 390 391 1 189 7.58
2 0 1 8 10 0 2 388 398 1 182 7.45
5 0 5 0 3 7 2 394 405 9 151 5.08
9 0 4 8 0 2 3 393 398 403 5 148 4.32
7 0 4 3 0 8 2 393 395 5 243 7.24
7 0 8 10 4 8 2 392 413 5 194 6.19
7 0 0 2 0 0 3 397 400 403 12 181 7.33
6 0 7 0 3 0 3 394 399 409 14 146 4.8
8 1 0 0 0 0 1 401 20 264 4.75
10 1 0 0 0 0 3 396 405 407 12 172 7.51
5 0 7 2 0 0 1 404 22 243 4.93
3 0 1 7 10 3 3 399 402 409 19 164 5.97
4 0 0 9 3 7 1 409 14 198 5.91
10 1 0 0 0 0 1 405 22 243 4.12
10 0 3 4 7 6 2 408 412 19 186 4.3
10 1 0 0 0 0 2 407 411 28 230 6.22
5 0 0 2 9 1 1 406 22 226 4.36
4 1 0 0 0 0 2 411 414 19 220 7.73
1 1 0 0 0 0 2 406 413 27 216 6.99
6 0 9 10 5 0 1 410 32 207 4.52
1 0 4 0 10 4 2 408 411 28 176 6.91
9 0 8 2 0 8 2 408 410 38 169 7.05
4 0 0 5 7 0 1 414 47 239 6.38
9 1 0 0 0 0 2 410 414 22 226 6.26
3 0 2 0 10 0 1 412 47 197 7.32
4 0 1 7 9 3 1 412 38 261 4.79
10 0 10 4 0 0 1 415 50 215 7.2
5 0 0 10 0 4 1 415 28 169 4.82
9 0 8 5 9 9 1 415 51 195 7.32
1 0 0 0 0 0 0 60 251 7.0
1 0 0 0 0 0 3 417 418 419 0 218 6.9
7 0 5 1 4 7 3 420 426 434 1 152 5.23
1 0 3 9 2 2 1 431 1 189 7.43
8 0 4 7 4 5 3 421 422 429 1 145 7.01
2 0 4 4 10 7 3 423 424 427 8 175 4.18
5 0 1 1 6 5 2 425 438 9 228 6.19
8 0 9 4 2 6 1 439 9 224 7.75
7 0 1 4 2 6 1 442 10 228 4.74
10 0 2 4 2 3 1 437 10 205 4.48
6 0 5 3 10 5 1 428 14 193 6.49
4 0 4 10 8 3 1 436 8 163 7.33
6 0 3 10 8 6 2 428 430 10 244 7.12
4 1 0 0 0 0 3 433 440 441 20 216 5.29
5 0 1 7 4 9 1 439 9 226 7.95
10 0 6 8 1 3 2 432 437 16 186 5.12
9 0 7 8 1 2 2 434 446 2 189 5.63
10 0 5 3 2 4 1 435 26 156 7.93
7 0 1 5 1 3 1 443 24 183 7.3
3 0 2 6 2 7 1 444 11 219 6.1
7 0 10 1 10 1 1 444 36 200 4.08
5 0 10 8 10 8 1 443 12 215 5.4
4 1 0 0 0 0 1 446 26 259 4.35
7 0 8 2 3 7 1 445 14 196 4.04
7 0 5 6 6 8 3 440 441 446 17 166 4.87
5 1 0 0 0 0 2 443 445 24 250 7.86
6 1 0 0 0 0 1 442 24 183 6.57
4 1 0 0 0 0 1 445 30 173 6.38
8 0 2 5 7 3 1 444 31 193 5.81
9 0 4 8 5 9 1 447 43 193 7.97
3 0 6 9 1 2 1 447 34 191 5.03
2 0 5 6 8 4 1 447 30 236 7.77
1 0 0 0 0 0 0 52 274 6.29
1 0 0 0 0 0 3 449 450 451 0 178 6.44
7 0 3 8 1 4 2 461 466 1 202 5.36
7 0 7 8 1 2 1 470 1 199 7.25
4 0 9 7 8 5 3 452 456 458 1 131 6.04
8 0 9 9 9 2 3 453 465 468 5 151 4.94
9 0 7 10 2 4 2 454 457 13 232 7.75
3 1 0 0 0 0 3 455 459 466 22 236 6.8
9 1 0 0 0 0 3 460 462 469 25 264 5.57
10 0 3 9 1 2 2 462 463 5 247 5.94
6 1 0 0 0 0 2 461 466 22 188 4.55
2 0 4 7 7 4 1 465 5 188 7.79
7 1 0 0 0 0 3 464 471 473 25 265 6.91
9 0 6 5 10 4 2 467 475 34 163 7.69
10 1 0 0 0 0 3 462 471 474 28 241 4.76
9 0 2 9 10 5 1 470 38 179 6.72
4 0 6 5 10 1 3 468 473 474 15 208 6.56
5 0 2 2 9 2 2 472 474 32 258 4.68
3 0 6 3 8 4 1 470 13 147 6.7
3 0 10 10 1 6 3 467 472 477 28 213 6.42
2 0 4 3 6 9 1 471 43 189 4.5
3 0 1 5 4 5 1 477 19 225 4.07
3 0 2 2 9 4 1 473 34 211 6.06
10 0 1 5 4 5 1 478 47 267 5.45
7 0 3 2 3 5 1 476 45 256 6.95
9 0 1 5 1 9 2 475 478 37 249 6.25
1 0 5 2 10 5 2 476 478 37 251 6.27
2 0 5 4 7 8 2 475 477 38 180 7.56
1 0 3 9 10 8 1 476 46 221 4.98
3 0 9 9 6 1 1 479 52 174 5.17
8 0 2 1 4 10 1 479 40 210 5.47
2 0 3 10 8 8 1 479 57 279 5.19
1 0 0 0 0 0 0 59 187 4.53
1 0 0 0 0 0 3 481 482 483 0 131 4.08
10 0 9 10 0 5 2 496 504 1 185 6.75
3 0 0 0 0 6 3 485 487 494 1 155 4.6
4 0 4 6 2 9 3 484 491 492 1 202 4.31
8 0 6 0 0 0 3 488 494 509 5 174 5.73
1 0 0 0 1 3 3 486 489 492 4 203 6.44
10 0 10 0 0 9 2 495 496 5 142 6.78
3 0 0 2 2 0 3 488 498 500 4 151 6.76
5 0 8 0 0 0 3 490 497 499 13 203 4.12
6 0 0 4 9 2 3 493 502 504 5 183 4.16
5 1 0 0 0 0 2 501 506 18 241 5.71
1 0 0 6 3 0 1 502 5 200 5.29
7 0 0 0 6 5 2 493 501 5 135 5.0
4 0 0 0 0 8 1 507 12 250 5.43
4 0 0 0 1 10 1 508 13 146 6.38
7 1 0 0 0 0 1 510 15 157 7.1
1 1 0 0 0 0 3 497 498 509 15 177 4.41
10 1 0 0 0 0 2 503 508 18 240 5.11
8 1 0 0 0 0 1 505 16 176 7.88
1 0 0 0 0 2 2 503 506 18 251 4.97
10 0 0 0 0 5 2 502 507 7 235 7.15
1 1 0 0 0 0 1 510 23 177 5.07
6 0 6 1 0 4 2 503 505 17 246 4.58
1 0 9 0 0 1 1 510 28 193 4.94
10 0 0 6 4 2 2 505 507 11 208 4.52
3 0 2 0 4 0 1 506 24 252 7.0
6 0 0 1 0 6 1 508 27 263 6.0
10 0 7 0 0 1 1 509 21 161 6.53
4 0 0 0 2 4 1 511 33 232 7.1
10 0 0 4 0 0 1 511 31 170 5.04
9 0 1 3 7 0 1 511 29 273 6.11
1 0 0 0 0 0 0 41 160 7.67
1 0 0 0 0 0 3 513 514 515 0 138 7.17
3 0 0 0 0 4 3 516 532 537 1 206 4.43
4 0 4 9 1 4 1 527 1 136 6.53
2 0 4 0 2 0 1 525 1 141 6.37
10 0 6 2 10 0 3 517 519 521 4 233 4.37
9 0 0 9 10 0 3 518 520 523 14 162 5.8
5 0 4 0 0 0 3 522 528 529 23 213 7.02
3 1 0 0 0 0 1 531 14 194 6.27
9 0 4 0 6 0 2 522 526 23 263 4.46
5 0 10 4 0 0 2 523 539 14 202 6.19
7 1 0 0 0 0 1 524 32 171 5.52
6 0 2 9 0 2 2 526 530 23 166 6.94
1 0 0 0 4 0 1 541 39 232 4.88
9 0 5 4 0 6 1 534 3 168 6.76
4 0 1 0 0 0 1 541 32 189 4.2
8 0 2 0 0 9 1 529 5 138 7.07
9 1 0 0 0 0 1 535 28 229 5.86
9 1 0 0 0 0 1 535 28 173 7.2
4 0 0 10 6 0 1 533 29 156 6.96
2 1 0 0 0 0 1 538 17 235 5.87
4 0 9 3 0 0 3 535 538 542 4 184 7.36
2 0 5 0 0 0 1 542 33 272 6.77
5 0 0 3 0 1 2 538 539 12 168 5.18
4 0 3 0 5 4 1 536 37 160 7.76
9 0 0 3 6 8 1 540 41 241 6.6
1 1 0 0 0 0 2 541 542 4 149 5.84
10 0 6 0 0 0 1 540 19 188 5.85
8 0 6 5 0 10 1 540 19 258 6.48
7 0 6 0 0 0 1 543 50 188 7.76
7 0 9 0 0 0 1 543 40 222 7.79
8 0 0 0 4 0 1 543 35 243 6.11
1 0 0 0 0 0 0 57 186 5.94
1 0 0 0 0 0 3 545 546 547 0 127 7.3
4 0 6 9 9 5 1 556 1 243 6.43
6 0 5 6 2 3 3 551 564 570 1 128 4.74
1 0 2 3 3 2 2 548 552 1 177 4.86
9 0 2 10 4 5 3 549 564 569 2 215 5.39
1 0 4 9 4 8 3 550 553 558 11 198 7.82
9 0 10 9 3 3 2 556 559 12 242 4.21
2 0 2 4 4 5 1 552 7 191 7.99
4 0 5 4 4 6 2 557 565 9 224 4.97
2 0 8 7 10 7 2 554 556 12 187 6.89
2 0 9 7 1 9 2 555 560 14 202 4.45
4 0 4 2 10 1 3 557 561 570 16 190 4.26
7 1 0 0 0 0 2 562 565 21 170 6.04
9 0 8 9 4 7 3 559 563 567 20 209 7.54
2 0 7 9 4 6 2 565 566 12 171 6.12
2 1 0 0 0 0 1 568 29 256 4.97
3 1 0 0 0 0 3 561 562 566 16 165 7.85
7 1 0 0 0 0 2 563 567 20 198 5.91
3 0 4 7 6 3 1 570 28 162 6.57
8 0 9 4 2 10 1 568 29 256 7.99
7 0 3 4 2 7 1 573 11 206 6.63
5 1 0 0 0 0 2 571 572 28 207 5.57
2 1 0 0 0 0 2 568 573 19 198 4.13
4 0 5 2 8 3 2 573 574 29 180 6.93
9 0 5 8 9 3 1 574 37 174 7.13
7 0 5 5 10 1 2 571 572 11 252 5.66
2 0 9 5 10 1 2 571 572 31 168 4.31
2 0 9 5 5 4 1 574 33 167 7.61
2 0 6 6 9 7 1 575 33 209 7.26
3 0 4 5 7 4 1 575 33 253 7.7
6 0 1 7 9 10 1 575 46 273 5.15
1 0 0 0 0 0 0 52 283 7.72
1 0 0 0 0 0 3 577 578 579 0 160 7.18
5 0 0 0 0 2 3 581 582 593 1 210 5.66
8 0 0 0 9 0 2 580 585 1 173 7.26
1 0 0 0 0 3 3 588 590 602 1 148 4.61
9 0 0 10 0 0 1 584 9 238 6.91
5 0 0 3 0 0 2 583 603 6 168 6.78
9 0 0 0 0 8 3 586 592 606 6 220 6.08
6 0 0 0 5 0 1 594 11 182 4.68
8 0 0 0 9 0 2 587 598 18 264 7.81
8 0 0 0 0 7 1 602 9 239 6.31
7 0 0 0 10 0 1 595 15 248 7.17
5 1 0 0 0 0 1 591 26 248 5.75
6 0 0 0 0 8 2 589 597 2 209 4.89
9 0 0 9 0 0 1 604 8 185 4.15
3 0 0 0 9 0 3 595 596 600 2 241 5.42
6 1 0 0 0 0 1 601 31 222 6.05
3 1 0 0 0 0 1 597 15 257 6.68
3 0 0 0 0 5 1 605 6 157 7.29
9 0 0 0 0 7 1 597 17 217 5.3
7 0 0 0 0 7 2 599 604 22 220 5.28
6 0 8 0 0 0 2 601 603 5 196 6.97
7 0 10 0 0 0 1 600 26 257 6.74
5 0 0 8 0 0 2 601 602 26 204 6.45
9 0 0 6 0 0 1 605 29 234 7.64
5 0 0 0 6 0 1 604 33 222 5.31
9 0 0 0 2 0 1 605 37 274 6.96
8 0 0 0 0 5 1 606 31 220 5.17
9 0 0 0 7 0 1 606 11 217 5.3
4 0 0 0 0 6 1 607 38 229 4.67
6 0 0 10 0 0 1 607 46 188 7.32
8 0 0 0 3 0 1 607 39 182 4.6
1 0 0 0 0 0 0 52 262 7.56
95.28 87.03 83.48 81.78 82.6 101.79 114.33 123.39 108.88 91.97 70.01 35.02 10.0 5.93 6.78 25.2 59.45 88.12 111.51 157.12 227.31 137.47 115.04 105.15 105.52 101.05 97.8 96.22 98.05 105.41 123.03 122.7 106.64 90.0 73.77 62.72 42.78 26.28 38.05 73.05 89.43 106.86 130.67 193.46 185.66 124.99 109.69 99.37 98.91 90.23 86.76 87.9 90.91 98.72 110.37 115.52 113.64 101.63 83.54 81.08 65.36 51.78 51.32 76.84 85.94 106.04 133.45 218.26 217.95 127.79 113.63 103.57 97.15 92.01 87.98 87.74 91.23 98.38 120.86 136.33 123.46 83.31 71.7 61.79 57.78 53.81 63.61 70.11 92.15 126.1 155.84 188.26 150.6 122.93 106.89 91.59 85.16 84.97 84.76 83.9 86.29 94.5 113.29 119.52 117.86 109.01 87.94 84.87 73.31 57.53 62.83 77.05 88.78 109.37 131.23 156.02 141.73 120.69 100.29 89.96 93.16 87.41 83.92 81.51 84.54 89.28 94.58 97.44 89.43 80.04 37.19 5.23 0.0 0.0 0.0 3.11 30.83 92.49 111.22 126.86 131.73 119.52 104.87 89.63 87.32 77.52 69.3 65.77 62.57 66.75 67.33 64.06 22.3 5.28 0.0 -0.01 -0.1 -0.98 -0.61 0.0 26.37 82.74 118.77 137.67 134.23 115.33 103.42 91.67 86.59 85.1 84.31 83.32 84.89 95.66 120.63 127.19 114.2 99.42 78.94 68.68 39.12 24.72 42.64 69.5 85.01 110.97 160.72 241.5 210.56 121.44 111.29 99.57 93.16 88.84 90.09 91.53 93.87 105.14 129.45 151.47 147.32 118.93 97.23 86.24 80.59 78.03 76.67 82.45 97.44 118.07 172.44 302.75 258.2 138.17 109.35 93.64 100.15 88.94 84.81 80.02 81.52 95.05 120.61 122.47 109.4 85.12 33.8 5.22 4.02 3.58 3.48 21.43 59.9 87.1 120.44 189.72 164.8 107.02 93.89 81.12 57.92 42.83 40.58 43.77 66.38 90.63 118.13 121.23 108.61 76.95 40.98 5.79 3.2 3.33 34.22 69.58 93.12 129.1 189.29 338.31 246.26 134.16 110.17 103.32 97.24 86.42 84.79 84.5 84.65 96.8 118.31 131.29 125.0 101.07 89.51 86.57 80.3 73.94 72.25 79.49 93.61 120.0 125.0 151.47 149.89 113.25 101.43 98.45 101.7 101.39 100.66 99.28 98.39 99.37 101.76 99.56 97.17 80.63 11.57 0.0 -0.02 -0.86 -0.99 -0.01 42.63 86.36 107.2 161.52 136.23 100.9 95.99 84.68 88.7 84.31 80.1 82.69 82.22 81.97 80.43 54.92 0.0 -0.09 -4.0 -20.09 -40.02 -53.4 -46.97 -20.71 -2.71 19.23 108.69 131.47 126.15 107.05 98.6 92.11 84.42 86.67 85.85 84.8 86.32 98.33 123.46 149.8 125.0 101.94 85.83 76.73 65.92 61.47 70.56 79.89 101.44 132.42 210.51 413.66 308.52 150.28 119.37 108.69 108.12 109.21 106.31 104.25 104.21 107.35 182.39 294.59 193.65 125.7 102.57 96.01 84.74 84.27 87.45 94.85 105.81 131.17 192.68 386.4 210.0 130.02 112.62 105.9 104.86 103.61 100.57 101.42 100.87 110.31 133.35 216.33 165.29 122.31 113.97 114.82 103.58 96.03 86.56 95.58 110.26 126.54 170.59 276.46 172.73 117.57 98.94 84.59 85.95 83.19 75.65 67.14 66.2 71.23 105.95 123.07 121.14 104.81 76.01 38.73 51.48 49.23 57.64 54.03 46.92 89.09 126.33 188.92 151.12 116.25 92.43 81.94 48.33 42.49 35.11 33.23 41.42 73.44 114.49 123.43 109.04 92.68 58.95 49.64 47.43 46.93 59.75 76.99 92.55 97.99 130.14 200.52 165.0 119.39 104.84 98.65 94.3 79.39 72.93 73.75 79.32 82.83 86.36 78.23 72.18 54.48 14.27 2.37 0.0 0.01 0.01 0.02 41.22 101.57 123.7 142.34 127.6 113.87 100.62 88.1 85.5 77.16 79.68 84.97 92.72 99.3 99.25 103.59 107.52 87.7 61.58 17.66 6.57 0.0 -0.01 0.0 19.63 95.86 126.39 153.29 126.73 96.36 88.69 59.17 45.18 38.07 18.19 16.89 17.23 77.52 251.79 162.58 143.47 88.21 22.55 18.6 25.0 33.72 29.71 62.02 84.92 100.0 140.0 105.0 120.61 98.72 69.71 9.48 33.47 58.49 63.4 77.12 73.94 62.83 131.6 195.0 145.3 119.72 80.87 52.97 66.91 59.72 71.3 87.25 138.17 238.48 146.08 149.05 111.0 98.67 103.88 66.86 70.8 63.52 50.97 47.81 57.66 70.46 112.71 124.24 112.69 94.26 69.34 43.5 12.04 8.56 11.66 45.8 83.64 109.11 114.0 170.32 136.63 110.0 100.0 78.66 57.64 49.63 38.85 38.75 49.22 75.94 115.0 117.81 112.9 91.36 66.01 5.94 0.2 0.0 0.0 0.53 51.54 120.86 144.94 212.26 147.12 110.0 102.07 88.2 74.09 72.22 70.58 70.29 70.38 86.1 118.42 141.48 117.45 92.51 53.21 13.12 0.99 0.0 0.0 11.97 76.93 118.68 255.21 409.24 167.05 110.91 95.47 80.03 90.15 80.58 77.19 77.04 77.0 82.66 91.11 89.67 77.66 24.91 0.98 -0.89 -7.45 -10.25 -4.7 0.1 28.84 96.69 118.22 126.99 95.47 79.14 75.12 49.18 3.45 1.14 2.64 0.62 1.29 0.58 4.41 5.23 3.15 0.4 -0.25 -6.87 -10.36 -10.73 -2.58 -0.07 9.47 88.87 110.72 118.6 117.58 103.57 97.59 90.59 84.95 81.26 77.32 76.98 77.79 91.71 119.98 129.86 128.51 106.34 88.11 69.61 70.41 65.06 70.42 76.05 88.42 122.95 143.06 216.38 144.51 114.24 100.24 92.77 86.64 86.71 86.15 86.08 88.7 101.47 126.62 172.36 159.13 119.37 89.84 88.92 80.86 77.82 77.56 88.6 102.65 127.01 157.33 216.73 125.53 101.58 96.92 91.98 75.64 70.05 69.46 70.17 58.67 71.28 110.41 130.2 119.5 92.86 62.28 41.17 27.1 28.68 28.21 65.69 76.26 91.19 113.08 119.62 108.42 88.11 81.54 63.78 73.22 70.16 67.15 66.86 70.34 79.6 110.1 120.11 124.72 99.11 85.73 136.26 114.15 65.81 50.98 78.75 84.24 106.5 116.52 136.61 123.61 101.82 89.58 81.09 78.48 75.08 73.18 73.2 75.12 82.3 105.52 119.97 124.63 114.16 105.0 99.9 98.86 83.35 83.78 82.88 99.34 110.88 124.17 132.96 119.61 106.21 96.9 89.9 85.01 83.76 83.3 83.19 86.07 90.0 90.5 104.69 109.63 97.26 89.58 79.73 64.26 36.66 49.45 79.79 95.03 112.74 133.07 147.26 120.0 109.15 104.98 94.47 98.57 96.34 94.41 91.61 95.03 97.06 99.7 105.16 98.24 92.93 83.52 37.73 17.11 8.53 13.0 63.03 83.45 99.01 125.43 127.81 118.45 107.4 97.34 96.71 92.44 90.35 89.52 89.69 89.81 100.0 130.03 212.21 164.86 120.68 91.09 86.24 80.0 78.5 85.11 89.16 102.3 134.81 274.59 402.21 165.12 121.13 101.83 89.41 101.42 98.15 97.22 96.68 99.78 101.37 137.47 244.0 209.23 136.34 116.64 98.43 89.56 88.06 89.94 98.77 114.54 156.02 250.86 356.15 138.73 104.71 95.0 91.39 85.56 82.32 78.54 90.17 89.01 97.37 127.3 175.46 138.74 105.23 86.5 75.97 71.47 74.29 78.48 87.45 98.01 135.0 249.52 339.75 150.72 113.11 98.93 90.99 91.44 88.59 87.5 90.3 92.28 96.83 130.8 179.79 137.16 100.04 91.26 79.97 68.09 63.52 74.36 83.69 90.02 124.84 173.05 188.22 126.3 101.78 99.9 88.26 86.63 77.25 74.57 74.96 77.73 89.46 118.58 130.22 111.44 90.17 64.99 43.12 28.56 20.18 31.7 59.82 82.79 110.97 146.1 140.78 107.36 78.64 62.33 36.3 52.99 40.71 44.13 21.12 24.5 4.81 28.02 46.89 51.67 36.88 19.0 2.03 0.72 3.81 18.98 40.01 46.27 40.39 37.87 72.34 49.47 17.08 35.7 3.26 -0.79 1.27 -1.09 -1.17 -1.06 -0.99 -1.72 -0.31 15.04 16.23 16.02 10.44 15.94 6.66 1.62 6.57 8.03 64.94 100.81 185.0 136.63 65.0 65.0 65.0 53.01 86.57 63.27 42.37 20.73 25.66 105.0 120.0 110.01 120.0 101.53 90.62 89.43 83.92 93.3 92.2 94.16 110.0 127.96 158.37 126.94 120.19 119.33 105.89 100.68 94.18 90.38 90.07 93.83 97.29 134.49 228.56 284.54 208.59 152.29 131.35 112.92 108.5 107.75 115.64 124.61 152.46 204.46 217.86 146.41 123.24 107.42 97.48 93.45 88.44 87.56 87.2 90.27 98.29 116.8 154.23 165.96 134.62 117.18 104.18 91.34 90.11 91.41 100.62 118.7 148.89 179.14 198.98 140.0 112.81 108.86 98.07 97.38 92.95 93.66 91.76 94.02 102.79 126.61 144.82 149.94 133.23 110.81 98.32 94.14 89.59 88.91 97.61 99.46 109.39 116.52 114.63 106.55 96.17 88.08 77.77 86.49 84.36 79.52 78.04 78.04 78.01 93.58 111.82 121.99 107.93 93.33 82.88 77.77 77.75 80.96 91.5 96.87 111.41 107.47 109.56 105.76 97.8 93.51 91.53 92.96 88.84 87.79 84.61 82.75 85.05 90.27 96.75 100.46 94.54 84.96 74.92 59.14 45.84 49.82 77.57 87.3 116.24 125.9 130.5 120.98 113.33 107.49 95.15 96.33 93.02 89.62 86.28 87.45 88.01 88.89 89.54 88.81 84.69 80.78 76.54 52.46 52.59 65.38 84.17 92.42 105.35 102.41 108.53 108.56 108.8 108.75 93.97 94.62 91.27 92.03 91.57 96.57 100.54 122.73 204.07 195.24 148.74 127.45 113.19 95.92 91.31 94.34 104.46 111.58 165.0 287.83 287.51 167.91 124.82 122.0 111.66 109.86 103.77 100.41 100.32 101.8 107.57 128.3 169.18 197.16 159.02 134.08 121.54 109.67 106.57 113.28 130.91 157.9 221.54 391.95 400.62
