32 5
1 38 40 30 24
1 0 0 0 0 0 3 1 2 3 0 19 9.6
1 0 9 5 1 9 3 4 9 27 1 22 7.62
7 0 3 7 10 8 3 5 8 10 1 24 8.27
1 0 7 4 10 4 3 6 10 23 1 21 9.07
7 0 10 6 3 4 3 16 18 21 2 26 9.76
7 0 1 7 3 3 3 7 14 21 8 33 6.55
1 0 2 10 9 1 2 19 20 2 22 5.91
7 0 10 9 10 8 3 19 22 24 15 39 8.32
4 0 4 10 7 7 2 26 27 8 28 5.54
4 0 4 4 9 9 2 12 23 2 22 6.07
2 0 4 9 5 7 2 11 26 8 28 5.45
1 0 8 2 4 9 1 17 10 24 9.07
1 0 7 2 6 6 3 13 17 18 6 24 9.6
6 0 9 2 10 3 1 15 7 29 5.83
1 0 2 10 6 8 3 17 22 30 15 29 8.8
7 0 1 10 2 3 1 24 13 38 5.35
9 1 0 0 0 0 3 19 28 29 9 36 5.48
3 0 9 7 8 4 1 20 16 32 9.55
10 0 4 5 1 1 2 20 24 9 37 8.38
3 1 0 0 0 0 1 30 22 39 9.57
10 1 0 0 0 0 2 25 28 19 37 6.47
8 1 0 0 0 0 1 30 15 40 9.67
1 0 5 2 9 4 2 23 25 22 36 6.72
6 1 0 0 0 0 1 26 23 41 6.43
1 1 0 0 0 0 1 25 22 38 6.4
3 0 4 5 7 5 1 29 29 46 9.18
9 0 10 1 7 1 1 29 29 48 6.78
8 0 7 5 7 3 1 28 12 31 7.68
3 0 10 5 10 6 1 31 29 46 8.84
6 0 9 5 8 8 1 31 38 54 8.48
8 0 8 4 2 7 1 31 25 44 9.47
1 0 0 0 0 0 0 44 55 9.0
88.48 84.81 84.39 83.28 84.1 90.91 103.44 117.83 110.97 100.01 91.8 81.93 81.05 75.59 74.32 78.0 84.01 97.05 109.74 134.5 141.68 121.99 113.19 100.11 95.96 87.52 84.6 84.17 85.25 92.45 111.58 121.0 117.88 104.71 86.75 82.28 80.91 81.94 81.77 80.54 84.44 100.06 115.89 121.82 119.33 111.03 104.67 89.93 96.59 90.38 88.38 86.19 88.16 89.49 106.29 120.0 132.11 113.04 97.55 95.94 92.04 95.36 94.14 99.19 107.83 115.88 122.22 147.01 155.14 137.43 119.43 111.47 100.0 96.94 96.0 96.37 96.53 103.72 119.12 148.33 162.7 136.45 109.44 109.01 111.91 99.32 98.84 113.16 114.84 114.73 123.63 146.33 132.8 114.08 113.99 101.66 98.53 90.55 89.84 90.0 90.82 98.81 115.11 130.05 139.48 115.0 113.54 116.55 105.16 93.84
