32 5
1 30 25 28 28
1 0 0 0 0 0 3 1 2 3 0 27 6.21
4 0 5 2 4 9 2 7 17 1 23 5.64
6 0 9 7 10 10 3 4 5 9 1 26 6.0
2 0 5 7 6 8 1 6 1 16 7.97
7 0 6 2 2 2 3 12 13 25 7 26 9.64
2 0 4 6 5 4 2 19 24 7 33 5.76
5 0 2 5 9 9 1 30 3 29 8.31
9 0 1 6 5 9 3 8 15 20 5 37 8.72
8 0 7 10 7 3 2 10 11 14 35 4.91
1 0 2 4 7 4 1 18 7 33 6.9
8 0 2 6 8 1 1 13 22 51 5.9
10 0 1 2 1 8 3 16 21 22 22 48 9.8
10 0 4 7 1 3 1 28 14 37 8.5
7 1 0 0 0 0 1 14 30 49 7.82
10 0 3 10 9 5 1 23 37 61 8.2
4 0 3 4 10 2 2 18 27 14 42 6.22
8 0 9 4 10 10 1 18 32 57 8.74
2 0 3 9 3 7 1 25 5 30 7.38
4 1 0 0 0 0 1 28 40 55 5.55
9 0 10 8 7 8 3 21 25 27 9 38 6.16
10 1 0 0 0 0 2 23 27 14 37 9.07
8 0 4 10 4 2 1 30 32 58 9.38
9 0 9 5 4 5 1 30 32 57 6.6
9 0 8 2 10 10 1 26 47 68 6.34
2 0 6 5 6 2 1 28 9 26 6.69
1 1 0 0 0 0 1 26 18 42 7.84
8 0 2 10 6 5 1 29 56 77 7.48
9 0 8 1 8 9 1 29 24 43 8.63
3 0 9 3 6 6 1 31 44 61 9.33
4 0 9 8 2 10 1 31 64 76 7.68
2 0 5 9 5 10 1 31 41 61 5.12
1 0 0 0 0 0 0 68 78 8.53
88.81 92.21 69.54 66.9 79.78 94.61 130.46 109.44 91.87 51.48 38.02 50.01 84.3 110.22 100.41 142.84 166.99 139.0 250.0 196.34 152.6 125.0 103.11 84.39 103.63 102.38 99.68 95.61 79.55 108.35 125.43 118.18 111.65 120.75 46.91 55.34 74.14 76.35 68.17 54.37 100.0 120.99 135.0 101.96 138.44 120.24 165.03 130.94 82.97 74.81 73.34 72.05 73.82 80.55 105.72 112.01 98.44 72.08 25.74 15.77 27.37 26.51 57.69 66.84 74.29 89.11 113.92 149.24 198.96 240.25 170.94 124.57 119.95 108.09 103.39 99.91 100.02 104.51 120.14 121.01 106.79 96.87 88.26 81.57 70.5 69.41 68.33 80.0 97.39 104.45 125.0 158.95 169.86 147.17 108.36 89.68 74.97 69.34 67.91 73.25 75.68 84.35 105.58 113.2 107.7 91.16 79.18 67.45 55.25 74.77 91.97 97.56 92.63 82.01 87.88 100.72 119.73 134.89 125.79 106.69 92.87 89.72 82.18 76.9 70.45 75.65 74.53 58.98 27.8 2.34 0.01 0.3 1.26 2.25 -0.56 1.22 28.15 49.77
