32 5
1 17 14 20 22
1 0 0 0 0 0 3 1 2 3 0 16 10.78
3 0 9 3 0 1 3 9 11 20 1 27 8.17
10 0 0 0 8 9 3 9 25 26 1 29 8.33
6 0 7 0 0 6 3 4 5 10 1 20 5.71
9 0 3 4 7 7 3 7 15 28 7 34 9.26
7 0 0 3 0 10 3 6 7 8 7 31 5.44
2 0 1 9 4 10 3 13 17 18 14 38 9.68
1 0 4 3 6 1 3 16 19 20 16 36 8.0
6 0 4 1 0 7 3 9 11 20 14 37 6.67
10 0 0 2 0 10 3 12 15 18 20 47 7.9
4 0 0 0 10 7 3 11 13 15 7 26 10.65
3 0 1 4 0 0 3 17 19 21 20 40 6.08
9 1 0 0 0 0 3 13 17 22 30 57 9.54
10 0 1 3 0 5 1 14 39 62 8.72
3 0 6 0 5 4 3 16 23 28 49 66 7.66
10 0 4 5 10 6 1 24 30 56 8.51
6 0 1 5 4 8 1 29 52 73 10.69
6 0 0 5 1 8 1 27 39 56 10.69
1 1 0 0 0 0 3 22 28 30 30 46 7.43
8 0 4 1 9 5 3 23 25 26 23 48 6.92
4 0 0 5 0 7 3 21 23 26 20 36 5.76
7 1 0 0 0 0 3 22 24 25 24 42 6.97
3 0 6 5 9 7 1 29 39 61 8.71
5 0 8 0 4 6 2 24 27 52 66 8.02
3 0 0 9 10 8 1 30 57 73 5.67
10 1 0 0 0 0 1 29 31 54 8.58
6 1 0 0 0 0 1 27 31 54 9.03
1 0 1 2 0 1 1 30 57 71 5.45
10 0 0 3 8 9 1 31 52 69 5.82
5 0 7 1 0 2 1 31 58 71 5.44
6 0 7 3 10 0 1 31 60 77 9.35
1 0 0 0 0 0 0 66 77 6.98
114.75 111.14 108.96 99.56 110.0 112.79 136.43 168.8 165.83 130.51 126.86 101.76 101.76 101.36 97.42 96.88 96.83 100.99 122.33 143.61 142.78 134.25 122.82 109.16 105.31 102.07 101.1 101.29 100.55 101.27 127.0 140.27 154.88 133.99 106.21 108.62 125.0 121.81 113.75 125.0 123.89 98.45 108.21 130.46 135.14 121.53 109.78 100.61 103.12 97.54 99.92 98.95 101.33 105.87 130.0 140.34 140.28 122.83 103.95 102.51 91.93 108.46 106.49 84.21 113.4 115.6 128.65 141.82 130.76 122.82 109.9 101.66 100.19 94.35 96.76 94.98 97.18 102.78 127.97 144.48 144.69 130.02 107.41 96.94 94.23 89.61 88.7 87.63 92.09 103.76 128.99 142.1 146.21 134.57 129.6 97.48 91.52 87.19 90.26 92.52 92.58 97.05 122.07 135.39 134.57 106.88 90.16 75.44 89.06 96.47 95.0 97.65 88.08 99.85 126.0 143.12 148.85 130.0 118.4 100.03 102.18 96.06 94.02 92.99 91.29 96.0 99.82 103.19 100.63 88.95 76.56 48.96 29.7 13.09 8.44 32.78 77.12 95.0
