32 5
1 20 15 18 13
1 0 0 0 0 0 3 1 2 3 0 19 27.5
10 0 6 0 10 0 3 4 9 17 1 25 17.35
8 0 10 0 0 1 2 7 29 1 19 16.08
5 0 6 0 0 2 3 5 6 9 1 27 27.71
10 0 0 0 6 4 3 8 11 22 11 30 14.79
4 0 0 4 7 7 2 18 22 6 24 18.23
2 0 5 0 8 0 2 10 16 6 26 25.52
3 0 0 0 2 0 3 12 16 19 9 30 17.54
6 1 0 0 0 0 3 10 13 18 21 39 22.53
2 0 8 0 0 6 3 12 14 16 11 26 24.39
6 0 0 6 2 0 3 19 24 26 27 47 15.32
7 1 0 0 0 0 2 15 25 21 42 25.43
3 0 6 6 9 0 1 28 13 35 16.68
6 1 0 0 0 0 3 19 20 27 27 45 21.71
9 0 0 7 0 4 1 21 13 40 27.55
4 0 0 0 10 1 1 21 28 47 26.3
7 0 5 0 2 0 2 21 23 13 33 27.56
3 0 4 0 0 2 3 20 24 26 11 31 21.03
1 1 0 0 0 0 1 30 27 37 26.97
5 0 10 1 2 9 2 23 28 33 51 19.44
5 0 5 0 1 0 1 23 33 50 21.11
9 0 6 0 0 1 1 30 32 48 25.14
5 0 6 0 0 8 1 27 21 43 25.68
3 0 1 0 0 5 1 30 38 48 25.95
4 0 0 0 5 2 1 27 33 50 19.15
9 0 0 8 0 5 1 26 28 46 21.5
3 0 0 10 0 2 1 29 37 47 27.12
1 0 8 0 8 0 2 28 29 37 49 23.73
4 0 5 0 0 5 1 31 38 55 20.82
5 0 0 7 6 2 1 31 40 57 16.72
6 0 0 0 9 0 1 31 41 58 22.41
1 0 0 0 0 0 0 47 57 20.95
97.87 87.02 82.24 80.38 80.8 86.2 105.62 116.88 118.42 108.0 100.75 93.19 84.1 80.21 72.36 77.93 80.45 90.43 88.61 90.9 94.03 99.18 99.56 93.52 88.51 85.86 84.7 84.05 86.25 95.18 101.38 108.9 96.98 82.12 68.77 56.28 25.06 8.95 11.67 21.47 55.14 74.27 85.81 107.85 141.01 116.33 108.83 100.96 96.09 92.03 87.07 85.17 87.15 97.15 100.98 98.65 90.99 72.7 58.59 40.45 24.79 17.69 10.7 28.25 54.23 81.08 84.43 121.34 113.2 108.13 99.62 96.29 94.81 88.24 78.39 75.82 78.37 87.12 100.52 100.69 93.96 85.62 72.89 71.88 62.44 49.48 35.27 56.25 73.74 88.12 90.87 114.17 131.28 118.62 107.87 102.21 104.96 98.01 91.74 88.3 93.62 100.52 106.43 110.0 106.13 98.62 77.66 71.83 72.48 63.67 50.41 50.76
