640 5
1 46 45 51 46
1 0 0 0 0 0 3 1 2 3 0 203 14.96
9 0 0 6 0 1 3 10 23 26 1 128 9.96
7 0 0 0 1 0 3 5 7 8 1 158 7.69
1 0 5 7 10 0 3 4 9 13 1 137 10.3
1 0 6 9 1 0 3 5 6 10 2 146 7.82
10 0 0 3 0 0 3 14 20 23 8 130 8.84
4 0 7 7 1 0 3 11 17 18 3 127 13.13
5 0 2 0 0 0 3 14 22 23 8 181 10.32
10 0 0 10 10 0 3 10 11 15 8 153 8.07
6 0 0 0 6 0 3 15 24 30 2 136 10.35
9 1 0 0 0 0 3 16 17 19 18 164 11.49
7 0 3 0 0 0 3 12 14 27 18 211 7.99
6 1 0 0 0 0 3 20 21 26 25 192 11.03
8 0 0 10 0 6 3 15 18 19 2 135 12.38
6 1 0 0 0 0 3 19 25 26 25 154 11.73
6 1 0 0 0 0 2 22 25 18 153 11.67
7 1 0 0 0 0 3 18 24 28 27 197 14.7
9 0 0 0 3 5 1 30 27 222 10.67
5 0 0 2 0 9 3 20 21 27 34 157 13.48
6 0 0 0 10 6 1 21 31 233 8.12
8 0 0 5 0 2 1 22 39 239 13.54
8 0 5 0 3 0 1 30 39 227 12.67
3 0 3 2 10 0 1 29 47 174 11.11
6 0 0 0 5 9 3 24 27 28 18 203 12.31
7 0 2 0 0 0 1 25 34 157 13.33
2 0 7 1 3 0 1 29 41 230 11.52
5 0 6 2 0 2 1 28 31 237 9.0
8 0 0 9 0 0 1 29 39 161 7.76
10 0 0 10 5 0 1 31 36 198 12.61
2 0 4 0 0 3 1 31 50 241 11.16
2 0 10 0 8 0 1 31 47 172 10.98
1 0 0 0 0 0 0 52 219 11.27
1 0 0 0 0 0 3 33 34 35 0 195 14.95
9 0 0 6 6 0 3 36 38 48 1 161 15.06
6 0 7 3 1 0 3 39 46 53 1 134 7.72
10 0 0 0 9 1 3 37 43 57 1 210 8.41
5 0 5 0 0 5 2 40 42 10 142 8.26
6 0 4 7 0 8 2 50 54 11 129 12.53
8 0 9 8 8 3 2 41 58 10 167 8.3
3 0 0 0 0 9 1 62 7 145 11.06
8 0 0 0 0 3 3 44 57 61 15 135 8.52
7 1 0 0 0 0 2 45 52 18 230 13.2
2 1 0 0 0 0 1 57 15 216 11.75
4 0 0 0 6 0 2 47 53 11 132 15.06
7 0 4 9 0 0 1 52 23 160 8.32
10 0 0 4 8 0 1 60 25 217 12.35
8 0 0 5 6 0 1 55 7 165 7.83
6 1 0 0 0 0 3 49 51 56 15 158 15.28
3 0 10 0 0 9 1 58 10 214 12.66
7 1 0 0 0 0 1 59 21 190 8.49
5 0 0 8 2 0 1 60 17 137 13.31
10 1 0 0 0 0 1 59 21 228 14.08
8 0 2 5 0 0 1 60 30 158 7.95
1 0 0 0 3 0 1 54 15 175 9.49
5 0 8 2 0 1 1 62 17 144 10.16
2 0 1 0 0 0 1 59 15 131 15.09
1 1 0 0 0 0 1 58 21 225 12.25
7 0 0 2 3 0 1 62 23 169 10.42
4 0 2 0 0 0 1 61 22 155 15.02
8 0 0 0 9 1 1 61 31 169 10.56
4 0 3 0 6 0 1 63 38 179 14.73
5 0 0 0 7 10 1 63 39 185 10.05
10 0 0 6 6 0 1 63 30 145 12.94
1 0 0 0 0 0 0 44 188 12.75
1 0 0 0 0 0 3 65 66 67 0 130 14.48
7 0 2 0 9 0 3 68 69 74 1 115 13.56
1 0 10 0 6 0 3 77 80 86 1 127 8.57
7 0 0 8 0 9 3 68 79 89 1 184 10.46
2 0 0 3 0 0 3 70 71 72 8 157 10.16
8 0 5 0 0 7 3 70 73 76 8 126 11.45
8 1 0 0 0 0 3 75 78 86 16 145 7.9
4 0 0 0 0 7 3 73 76 77 10 130 8.66
5 0 0 0 0 2 3 78 82 91 10 197 9.38
3 0 0 9 1 4 3 80 81 85 16 156 13.51
4 0 0 8 0 0 3 79 86 92 8 220 12.72
1 1 0 0 0 0 2 80 83 24 143 10.72
9 0 0 6 5 5 3 82 90 91 16 223 15.02
9 0 8 0 6 0 3 78 82 94 14 220 8.76
3 1 0 0 0 0 3 81 85 87 24 191 10.84
4 0 0 3 7 0 3 83 84 88 12 150 13.94
2 1 0 0 0 0 2 88 92 25 153 11.32
7 0 0 3 2 3 2 84 90 27 209 12.83
7 1 0 0 0 0 2 83 84 25 135 8.71
7 0 6 0 2 8 2 85 87 32 155 14.72
10 0 10 2 0 7 1 93 34 226 9.02
1 0 0 9 6 5 1 93 39 152 11.01
7 0 5 0 0 5 2 87 88 24 194 9.04
9 0 0 10 0 0 1 93 39 207 9.07
7 0 0 0 10 2 1 94 31 171 7.96
9 0 0 0 0 7 2 90 91 8 224 7.96
8 0 0 0 10 0 1 92 34 173 13.72
3 1 0 0 0 0 1 94 25 188 8.72
1 0 2 8 0 4 1 95 42 165 13.47
9 0 4 0 0 0 1 95 48 218 13.98
8 0 0 0 2 3 1 95 38 222 11.29
1 0 0 0 0 0 0 57 253 7.85
1 0 0 0 0 0 3 97 98 99 0 112 14.34
8 0 0 8 8 0 3 103 104 105 1 178 13.48
4 0 0 0 9 10 2 112 123 1 209 9.31
9 0 5 7 5 5 3 100 101 109 1 186 12.19
6 0 0 0 3 0 3 102 108 115 10 156 14.53
8 0 1 10 8 4 3 106 108 116 10 170 10.4
8 0 1 5 4 0 1 114 16 182 8.76
4 0 10 8 3 0 1 111 9 118 12.77
6 0 5 10 7 0 2 110 111 9 211 9.75
10 0 4 9 9 7 2 107 124 9 150 12.9
5 0 8 5 6 0 2 113 126 18 181 12.48
1 0 9 0 1 1 1 120 19 182 8.11
2 0 0 7 4 6 1 126 18 181 12.05
5 0 9 0 4 4 1 121 10 207 11.33
9 0 6 10 10 0 1 117 15 163 12.08
10 0 9 4 2 7 1 117 15 198 11.04
6 0 4 0 5 8 1 125 5 157 7.66
10 1 0 0 0 0 2 118 122 23 193 8.0
6 1 0 0 0 0 2 119 120 24 174 8.35
8 0 4 2 1 5 1 124 16 145 14.79
10 0 1 0 10 0 2 123 125 18 172 9.75
3 0 2 10 0 5 1 123 25 193 15.01
7 0 8 0 0 10 1 119 33 152 10.87
7 0 1 4 3 9 1 121 40 218 11.25
10 0 2 10 1 0 1 122 30 186 10.27
3 0 3 8 0 4 1 124 47 247 12.63
3 0 3 7 3 0 1 125 40 162 9.21
2 1 0 0 0 0 1 126 28 221 12.26
8 0 4 9 6 2 1 127 50 255 11.18
1 0 0 0 2 8 1 127 43 146 13.29
2 0 10 8 3 0 1 127 30 172 12.07
1 0 0 0 0 0 0 58 242 13.84
1 0 0 0 0 0 3 129 130 131 0 122 11.28
7 0 3 8 1 4 2 141 146 1 206 11.56
7 0 7 8 1 2 1 150 1 205 13.41
4 0 9 7 8 5 3 132 136 138 1 155 9.77
8 0 9 9 9 2 3 133 145 148 5 167 14.65
9 0 7 10 2 4 2 134 137 13 166 7.92
3 1 0 0 0 0 3 135 139 146 22 147 12.86
9 0 1 7 7 5 3 140 142 149 25 181 13.63
10 0 3 9 1 2 2 142 143 5 178 12.19
6 1 0 0 0 0 2 141 146 22 182 11.44
2 0 4 7 7 4 1 145 5 207 8.02
7 1 0 0 0 0 3 144 151 153 25 225 15.28
9 0 6 5 10 4 2 147 155 34 153 8.75
10 1 0 0 0 0 3 142 151 154 28 151 8.34
9 0 2 9 10 5 1 150 38 171 9.33
4 0 6 5 10 1 3 148 153 154 15 218 9.55
5 1 0 0 0 0 2 152 154 32 232 11.67
3 0 6 3 8 4 1 150 13 217 13.2
3 0 10 10 1 6 3 147 152 157 28 154 10.23
2 0 4 3 6 9 1 151 43 246 14.29
3 0 1 5 4 5 1 157 19 168 10.05
3 0 2 2 9 4 1 153 34 219 11.51
10 0 1 5 4 5 1 158 47 237 8.39
7 0 3 2 3 5 1 156 45 222 12.31
9 0 1 5 1 9 2 155 158 37 246 9.17
1 0 5 2 10 5 2 156 158 37 232 12.45
2 0 5 4 7 8 2 155 157 38 179 14.87
1 0 3 9 10 8 1 156 46 199 8.13
3 0 9 9 6 1 1 159 52 157 12.16
8 0 2 1 4 10 1 159 40 149 9.8
2 0 3 10 8 8 1 159 57 228 10.99
1 0 0 0 0 0 0 59 171 11.62
1 0 0 0 0 0 3 161 162 163 0 192 15.06
10 0 9 10 0 5 2 176 184 1 164 12.69
3 0 0 0 0 6 3 165 167 174 1 145 9.26
4 0 4 6 2 9 3 164 171 172 1 176 12.97
8 0 6 0 0 0 3 168 174 189 5 165 9.95
1 0 0 0 1 3 3 166 169 172 4 216 9.59
10 0 10 0 0 9 2 175 176 5 216 12.08
3 0 0 2 2 0 3 168 178 180 4 134 8.93
5 0 8 0 0 0 3 170 177 179 13 139 10.07
6 0 0 4 9 2 3 173 182 184 5 147 9.16
5 1 0 0 0 0 2 181 186 18 215 10.03
1 0 0 6 3 0 1 182 5 130 13.97
7 0 0 0 6 5 2 173 181 5 190 12.23
4 1 0 0 0 0 1 187 12 216 9.01
4 1 0 0 0 0 1 188 13 178 8.54
7 1 0 0 0 0 1 190 15 133 8.87
1 0 0 1 4 5 3 177 178 189 15 170 13.89
10 1 0 0 0 0 2 183 188 18 175 13.55
8 1 0 0 0 0 1 185 16 172 11.78
1 0 0 0 0 2 2 183 186 18 148 9.82
10 0 0 0 0 5 2 182 187 7 212 14.46
1 0 9 3 2 0 1 190 23 140 12.45
6 0 6 1 0 4 2 183 185 17 209 11.41
1 0 9 0 0 1 1 190 28 168 15.13
10 0 0 6 4 2 2 185 187 11 125 13.5
3 0 2 0 4 0 1 186 24 184 10.2
6 0 0 1 0 6 1 188 27 196 7.99
10 0 7 0 0 1 1 189 21 217 10.6
4 0 0 0 2 4 1 191 33 167 9.69
10 0 0 4 0 0 1 191 31 229 12.34
9 0 1 3 7 0 1 191 29 187 10.14
1 0 0 0 0 0 0 41 149 8.75
1 0 0 0 0 0 3 193 194 195 0 111 11.04
9 0 0 9 0 6 1 204 1 117 9.51
3 0 0 6 3 9 2 196 197 1 211 10.21
9 0 0 5 1 10 2 199 203 1 201 10.08
2 0 2 4 0 0 3 198 204 212 4 121 10.29
7 0 0 10 8 6 2 209 211 4 193 8.36
10 0 4 6 9 9 3 200 206 208 6 125 8.47
7 0 0 4 6 10 3 201 202 215 10 165 11.87
3 0 5 4 0 0 3 201 202 210 16 227 10.12
7 1 0 0 0 0 1 209 19 157 9.24
5 0 1 0 4 10 2 216 221 19 182 13.77
7 0 0 9 9 5 3 204 205 218 10 206 9.44
10 1 0 0 0 0 3 210 221 222 17 211 7.71
9 0 7 3 2 7 1 207 17 190 11.7
2 0 5 7 8 6 2 210 215 16 197 13.75
1 1 0 0 0 0 2 212 217 26 156 14.06
7 0 8 0 8 2 2 209 211 16 146 13.54
5 1 0 0 0 0 2 216 217 26 195 8.27
3 0 0 10 0 6 1 220 27 147 10.52
7 0 4 1 0 0 2 213 216 23 226 10.6
4 0 2 5 0 0 2 219 220 27 146 13.4
3 1 0 0 0 0 1 214 30 153 14.57
2 1 0 0 0 0 1 215 33 220 15.12
10 0 2 10 3 0 1 218 35 209 10.0
7 0 4 6 1 9 3 218 219 220 31 223 14.28
10 0 8 0 4 0 2 219 221 31 144 11.93
5 0 3 4 10 3 1 222 45 181 8.05
5 0 8 10 1 1 1 222 41 182 14.47
5 0 2 2 9 1 1 223 38 227 9.76
3 0 5 0 7 6 1 223 41 205 14.72
10 0 7 6 7 5 1 223 50 243 14.98
1 0 0 0 0 0 0 60 243 12.32
1 0 0 0 0 0 3 225 226 227 0 212 9.0
4 0 4 0 0 0 3 229 234 236 1 196 8.94
7 0 8 0 0 0 3 228 230 239 1 137 8.16
8 0 10 0 0 0 3 228 232 236 1 190 10.77
5 0 0 0 0 8 3 235 237 244 9 188 14.3
7 0 0 0 6 0 3 233 240 249 5 133 12.1
5 0 0 0 0 1 3 231 236 246 8 206 13.55
1 0 0 5 0 0 3 235 238 253 13 222 14.22
1 0 0 0 0 1 3 237 239 242 9 212 12.81
4 0 0 0 2 0 3 237 239 247 12 222 8.88
10 0 2 0 0 0 3 235 249 250 5 195 15.3
2 0 0 0 10 0 2 240 243 15 177 10.7
8 0 3 0 0 0 3 238 240 247 13 145 8.54
7 1 0 0 0 0 3 238 241 248 16 192 10.25
1 0 0 10 0 0 2 245 252 23 198 11.1
5 0 0 0 1 0 3 246 248 252 16 220 13.03
2 0 0 0 6 0 1 245 21 200 10.95
3 0 0 0 7 0 1 243 23 201 10.12
1 0 3 0 0 0 3 244 248 249 10 202 14.08
1 0 0 0 5 0 1 252 26 140 10.34
7 0 0 0 3 0 3 245 246 247 14 135 7.84
4 0 10 0 0 0 1 254 24 169 12.81
7 0 7 0 0 0 2 251 254 21 149 10.65
8 1 0 0 0 0 2 250 251 21 163 8.89
7 1 0 0 0 0 2 250 253 23 177 12.9
4 1 0 0 0 0 1 251 15 135 9.9
7 0 6 0 0 0 1 254 30 173 11.17
4 0 0 8 0 0 1 253 29 147 13.78
5 0 0 5 0 0 1 255 27 210 9.41
7 0 2 0 0 0 1 255 33 233 14.03
7 0 0 0 6 0 1 255 37 198 13.66
1 0 0 0 0 0 0 44 165 13.97
1 0 0 0 0 0 3 257 258 259 0 135 12.9
2 0 0 0 0 9 3 262 273 274 1 155 12.38
5 0 0 0 0 1 3 260 261 265 1 207 14.4
4 0 0 0 7 0 3 263 265 276 1 216 8.01
6 0 0 0 0 8 3 262 264 271 6 118 10.71
9 0 0 2 0 0 3 266 268 270 6 125 13.78
8 0 0 3 0 0 3 268 285 286 12 165 12.71
1 0 2 0 0 0 3 267 268 271 5 111 11.51
9 0 0 0 2 0 3 266 274 280 12 170 9.6
5 0 0 0 0 6 3 269 279 280 6 204 10.2
10 1 0 0 0 0 3 269 276 283 21 166 13.66
9 0 0 0 9 0 2 272 275 6 221 9.01
6 1 0 0 0 0 2 269 278 20 185 12.57
7 0 0 0 7 0 1 284 31 151 9.0
1 0 10 0 0 0 3 271 272 276 15 204 13.82
5 0 0 6 0 0 3 278 281 282 16 221 13.72
1 0 0 0 0 5 1 273 16 217 15.17
4 0 0 9 0 0 3 277 279 280 17 150 9.75
10 1 0 0 0 0 3 275 277 286 21 147 13.81
4 0 5 0 0 0 2 278 279 31 154 8.86
3 0 8 0 0 0 2 277 282 31 225 12.93
8 0 0 0 5 0 1 284 34 246 10.05
7 0 0 0 0 1 1 284 35 157 11.49
2 0 2 0 0 0 2 281 283 35 225 7.92
7 1 0 0 0 0 3 281 282 283 21 155 15.11
7 0 8 0 0 0 1 285 37 173 12.32
8 0 0 4 0 0 1 286 34 208 14.86
2 0 0 0 3 0 1 285 37 190 11.12
4 0 0 0 1 0 1 287 42 224 8.51
8 0 0 0 0 10 1 287 44 195 10.8
1 0 0 8 0 0 1 287 42 150 8.95
1 0 0 0 0 0 0 52 193 10.44
1 0 0 0 0 0 3 289 290 291 0 132 8.34
3 0 1 4 5 2 3 295 299 312 1 168 10.19
3 0 0 0 0 9 3 293 303 313 1 124 8.94
4 0 5 8 5 0 3 292 300 302 1 135 13.46
1 0 0 0 10 10 3 294 304 308 5 196 13.14
6 0 0 4 3 10 2 298 311 4 212 12.79
4 0 10 7 10 7 1 312 6 185 14.95
1 0 1 9 0 5 3 296 301 307 4 114 13.21
2 0 8 2 7 0 2 297 316 5 153 12.98
6 0 3 0 0 0 2 300 302 7 210 10.99
8 0 0 6 4 0 2 306 315 10 174 14.64
4 0 5 7 3 5 1 306 4 114 14.84
3 0 0 2 3 4 2 305 315 13 190 15.09
6 0 4 0 4 1 2 305 316 5 207 10.15
2 0 5 8 0 4 1 313 13 180 14.76
3 0 9 10 10 9 2 306 309 4 166 12.94
9 0 2 2 9 8 3 305 313 318 6 145 8.75
5 1 0 0 0 0 1 311 16 146 13.79
7 0 10 9 0 7 2 310 314 18 188 8.79
10 0 9 9 7 0 2 310 318 5 167 9.51
4 1 0 0 0 0 3 309 311 312 6 199 11.33
3 1 0 0 0 0 3 310 315 317 10 194 7.81
9 0 4 2 2 0 1 316 25 139 8.98
7 0 0 8 3 2 1 314 21 145 10.86
7 0 4 8 8 3 1 314 10 164 13.32
6 0 5 1 0 5 1 317 15 175 11.82
1 0 7 5 3 4 1 317 28 170 13.63
10 0 5 0 5 8 1 318 18 212 10.1
7 0 8 8 0 5 1 319 34 213 14.23
3 0 2 8 7 9 1 319 29 206 12.57
4 0 1 3 2 1 1 319 28 207 14.21
1 0 0 0 0 0 0 41 240 14.16
1 0 0 0 0 0 3 321 322 323 0 170 11.26
8 0 8 2 2 7 3 327 328 329 1 127 13.73
7 0 7 5 5 4 3 325 331 336 1 180 10.07
4 0 3 10 1 8 3 324 333 334 1 188 11.49
10 0 7 10 8 7 3 326 330 332 5 168 10.8
7 0 2 10 10 10 3 335 341 343 8 159 8.52
1 0 4 6 1 10 2 335 350 15 201 13.28
1 0 7 1 10 3 3 332 337 341 9 132 10.93
1 0 6 5 10 2 2 331 338 9 153 11.48
5 0 8 10 5 1 3 332 334 337 9 219 13.56
3 0 7 9 5 5 3 339 341 346 15 152 12.68
4 0 9 1 10 5 3 339 342 343 10 186 8.06
8 0 5 3 7 6 3 335 344 346 15 205 14.72
7 0 9 9 2 9 3 336 338 342 5 155 9.04
10 0 2 9 10 3 3 336 338 343 14 168 12.3
5 0 8 9 1 4 1 349 23 136 11.66
6 1 0 0 0 0 2 340 347 24 185 8.09
10 0 3 10 2 4 3 339 342 346 14 200 14.35
5 1 0 0 0 0 2 340 345 24 209 9.08
1 1 0 0 0 0 2 340 344 24 177 14.43
3 1 0 0 0 0 2 348 350 30 136 8.16
6 0 2 2 6 5 1 345 18 231 10.75
3 1 0 0 0 0 2 344 349 24 134 8.49
4 1 0 0 0 0 1 348 24 220 13.93
5 1 0 0 0 0 1 345 27 157 12.44
3 0 5 3 5 5 1 347 32 200 11.69
3 0 8 3 5 9 2 347 349 24 209 10.81
7 0 8 7 1 9 2 348 350 35 192 12.8
9 0 1 5 10 2 1 351 42 206 12.56
8 0 1 2 4 6 1 351 28 167 13.74
3 0 9 2 4 4 1 351 42 200 10.78
1 0 0 0 0 0 0 51 163 10.05
1 0 0 0 0 0 3 353 354 355 0 130 8.17
7 0 4 6 10 3 3 356 362 366 1 140 11.77
9 0 5 8 1 4 1 368 1 156 13.56
9 0 1 1 1 2 3 359 363 365 1 183 8.78
6 0 9 3 5 1 3 357 358 360 8 211 14.18
1 0 3 7 1 6 1 363 14 199 14.95
3 0 10 4 10 10 2 364 371 14 149 11.16
3 0 6 2 3 6 1 373 10 121 7.89
2 0 3 4 6 10 1 361 14 214 12.19
2 0 6 2 1 10 1 370 16 184 10.45
10 0 6 7 8 5 2 363 369 8 154 11.51
5 1 0 0 0 0 1 381 18 153 8.8
5 0 8 4 9 7 2 367 375 17 196 7.7
4 0 5 3 3 7 1 370 10 170 12.49
7 0 4 6 1 5 2 372 376 8 199 9.87
1 0 10 9 3 3 1 374 22 158 15.29
5 0 6 4 9 10 1 378 10 192 9.14
3 1 0 0 0 0 1 370 18 132 8.7
6 1 0 0 0 0 1 380 21 139 9.7
2 0 8 4 10 4 2 375 381 17 177 10.48
10 0 7 6 1 10 2 373 375 15 211 8.98
8 1 0 0 0 0 2 374 377 25 207 12.99
7 0 1 1 10 3 1 379 33 154 9.07
4 1 0 0 0 0 1 377 25 202 10.98
7 0 10 6 3 4 1 379 15 143 15.03
1 0 8 8 4 5 1 380 33 138 15.27
4 0 1 5 5 3 3 379 380 382 15 178 9.11
5 0 5 4 2 1 1 381 40 196 12.79
6 0 2 3 8 3 1 383 34 244 12.67
7 0 1 6 4 5 1 383 45 174 11.56
4 1 0 0 0 0 1 383 19 165 7.7
1 0 0 0 0 0 0 52 251 10.59
1 0 0 0 0 0 3 385 386 387 0 183 11.95
2 0 5 0 3 0 3 395 408 411 1 143 14.27
5 0 10 7 5 5 3 390 391 393 1 198 10.78
9 0 4 9 8 0 3 388 400 406 1 185 15.25
7 0 3 0 6 2 3 389 392 395 10 190 8.45
6 0 0 10 1 0 3 402 403 407 17 221 14.28
7 0 1 7 2 7 3 395 397 401 6 140 14.66
9 0 9 0 8 7 3 394 399 404 6 140 12.51
2 0 5 0 0 0 3 397 401 407 17 197 13.3
5 0 3 0 8 8 3 396 397 400 6 177 12.96
2 0 6 10 9 0 3 396 398 409 15 168 8.43
10 0 7 0 1 0 3 396 399 404 17 138 14.04
8 0 0 1 5 7 2 413 414 27 220 13.74
5 1 0 0 0 0 3 399 402 405 19 157 15.15
8 0 0 3 6 6 3 405 406 411 17 174 10.88
6 0 0 9 4 9 3 409 410 414 27 196 9.37
7 1 0 0 0 0 3 403 404 410 11 160 12.05
7 0 9 7 5 5 2 402 403 19 208 11.15
5 1 0 0 0 0 3 408 409 414 26 212 9.09
9 0 0 0 1 1 1 411 26 154 9.52
10 0 0 4 0 5 1 405 27 154 12.39
8 0 8 2 7 0 1 413 37 245 14.61
10 0 8 8 0 5 1 407 25 164 10.17
7 0 4 6 9 10 1 408 35 148 10.37
1 0 4 1 10 10 2 410 413 42 178 13.37
2 0 1 2 9 8 1 412 33 181 11.77
4 0 4 8 9 7 1 412 43 233 7.8
7 0 7 8 0 4 1 412 35 234 10.9
9 0 0 1 0 10 1 415 47 229 11.78
2 0 5 7 10 10 1 415 45 182 7.96
1 0 0 1 8 1 1 415 35 191 13.82
1 0 0 0 0 0 0 56 216 10.05
1 0 0 0 0 0 3 417 418 419 0 188 10.01
9 0 6 3 4 9 3 420 421 425 1 116 8.08
10 0 3 3 6 10 3 421 437 438 1 163 10.26
4 0 8 3 10 1 3 424 425 435 1 150 10.81
1 0 4 2 10 7 3 422 423 426 10 182 14.37
9 0 6 5 3 10 3 422 429 432 11 169 10.73
4 0 6 1 10 4 2 434 436 20 142 7.67
6 0 8 2 4 5 3 427 429 438 11 205 8.62
1 0 7 4 5 5 3 429 430 443 5 199 10.1
1 0 2 5 1 1 3 428 434 436 10 124 9.45
2 0 2 10 9 3 3 430 433 440 11 180 11.15
3 0 7 3 4 9 3 428 431 432 17 124 9.13
4 0 3 10 10 6 3 430 440 442 20 215 14.24
7 0 9 4 8 4 1 439 20 180 10.0
10 0 1 4 1 10 1 437 24 224 14.46
8 0 1 8 5 6 3 433 434 437 20 195 12.88
9 0 5 9 3 4 3 433 440 441 20 184 14.53
7 1 0 0 0 0 2 435 444 29 190 13.27
4 1 0 0 0 0 3 439 441 443 28 137 11.84
9 0 5 6 10 3 2 436 439 36 190 8.1
10 0 7 2 2 9 2 442 443 45 185 13.85
5 0 6 6 1 1 1 441 34 227 13.75
10 1 0 0 0 0 2 442 444 17 130 13.83
8 0 10 8 6 5 2 445 446 45 197 12.09
9 0 2 7 3 4 1 444 29 177 12.43
1 0 8 9 2 2 1 446 39 168 8.23
5 0 2 4 2 9 2 445 446 55 238 11.7
6 0 8 10 9 3 1 445 55 186 7.76
8 0 5 10 4 10 1 447 38 184 12.31
5 0 1 7 6 8 1 447 61 216 8.24
6 0 4 8 1 10 1 447 60 229 9.67
1 0 0 0 0 0 0 66 261 10.05
1 0 0 0 0 0 3 449 450 451 0 208 13.48
1 0 5 7 10 5 3 460 473 475 1 188 14.02
7 0 5 4 10 7 3 452 456 459 1 206 11.26
1 0 10 3 2 7 3 453 455 462 1 202 11.06
4 0 10 3 6 8 3 454 465 469 8 141 10.51
2 0 1 9 9 2 1 467 2 201 11.13
6 0 6 6 8 3 3 458 463 475 12 162 12.39
8 0 10 6 8 7 3 457 458 468 2 169 10.77
5 0 8 6 8 5 3 458 465 468 8 151 14.39
4 0 10 10 1 9 2 466 472 10 201 11.42
1 0 7 10 8 5 1 473 18 184 14.28
7 0 9 10 10 5 2 461 468 8 175 11.09
5 0 10 10 6 7 3 464 477 478 2 179 14.12
4 0 8 4 1 8 1 478 15 193 9.21
9 0 4 10 10 9 2 466 474 2 210 12.83
9 0 8 1 4 6 3 467 470 476 18 150 8.51
4 0 10 10 3 6 1 469 7 119 13.2
2 0 10 6 1 7 3 472 473 475 13 132 13.2
7 0 9 2 5 4 1 469 14 155 11.3
8 1 0 0 0 0 1 471 27 188 12.56
3 0 4 7 10 8 2 470 478 15 198 12.15
10 1 0 0 0 0 1 476 21 208 7.86
2 1 0 0 0 0 1 471 27 165 14.47
7 0 10 10 4 5 1 472 35 233 14.01
10 0 5 9 4 1 1 474 42 229 9.56
7 0 9 3 1 3 2 474 476 19 224 8.12
8 0 4 9 2 6 1 477 52 205 12.35
7 0 9 5 3 6 1 477 18 226 9.24
2 1 0 0 0 0 1 479 31 160 9.73
4 0 4 3 7 7 1 479 60 259 12.29
9 1 0 0 0 0 1 479 19 173 7.95
1 0 0 0 0 0 0 64 192 9.39
1 0 0 0 0 0 3 481 482 483 0 137 12.31
5 0 0 0 5 0 3 486 499 506 1 166 10.07
6 0 0 10 0 0 2 484 489 1 178 14.05
2 0 0 0 0 2 3 485 487 488 1 197 14.99
8 0 0 0 0 5 1 491 7 222 13.71
2 0 8 0 0 0 2 507 508 3 114 9.08
4 0 0 0 4 0 3 494 495 504 6 204 11.16
9 0 1 0 0 0 2 490 503 3 221 10.97
1 0 0 0 0 10 1 505 3 163 12.61
1 0 0 6 0 0 3 492 493 496 7 148 8.25
6 1 0 0 0 0 1 506 12 152 14.87
7 0 0 0 0 9 1 495 15 204 10.25
3 0 0 0 0 9 1 510 8 121 14.1
8 0 0 0 9 0 2 497 498 8 208 8.57
7 0 7 0 0 0 1 501 10 158 13.33
5 0 0 5 0 0 1 509 22 208 12.7
9 0 0 0 0 1 2 505 506 8 223 13.98
3 1 0 0 0 0 1 504 16 197 14.21
4 1 0 0 0 0 1 500 16 218 10.09
2 0 0 2 0 0 1 503 6 126 8.33
4 1 0 0 0 0 2 501 502 20 203 12.38
10 0 0 0 3 0 1 509 24 235 14.91
5 0 0 0 0 7 1 504 24 178 10.02
4 0 0 0 0 3 1 505 12 223 11.29
2 0 0 3 0 0 1 510 29 191 14.95
8 0 3 0 0 0 1 509 17 195 11.72
5 0 6 0 0 0 2 507 508 18 191 8.6
8 0 0 0 0 9 1 510 23 135 11.85
9 0 0 6 0 0 1 511 23 179 14.93
1 0 0 6 0 0 1 511 34 183 14.81
1 0 0 0 0 3 1 511 31 237 14.97
1 0 0 0 0 0 0 35 196 10.08
1 0 0 0 0 0 3 513 514 515 0 153 8.6
3 0 8 0 0 0 3 516 517 538 1 206 8.76
10 0 5 0 0 0 3 534 537 538 1 168 7.66
2 0 0 0 5 0 3 520 524 527 1 206 10.49
5 0 9 0 0 0 3 519 522 524 4 180 10.68
10 0 2 0 0 0 3 518 525 541 4 138 11.19
1 0 6 0 0 0 3 523 530 533 14 124 14.85
1 0 0 0 4 0 3 526 528 529 9 140 15.29
10 0 7 0 0 0 3 521 523 533 3 192 15.16
3 0 0 0 0 3 3 525 528 532 13 210 10.12
9 0 1 0 0 0 3 523 525 526 9 225 13.46
5 1 0 0 0 0 2 528 529 18 210 13.24
10 0 0 0 0 8 3 526 532 536 9 129 8.11
5 1 0 0 0 0 3 529 530 536 18 191 13.74
4 1 0 0 0 0 3 530 533 535 19 228 10.76
4 0 0 0 0 5 2 531 532 3 206 8.13
6 0 0 0 9 0 2 536 537 23 170 9.53
6 1 0 0 0 0 1 534 23 163 11.88
6 0 0 1 0 0 1 542 23 172 8.5
8 0 0 0 0 4 3 534 535 538 7 183 10.9
1 1 0 0 0 0 2 535 541 19 213 15.12
8 0 0 0 2 0 2 539 542 23 168 8.68
8 0 0 0 0 7 1 539 29 156 8.46
3 0 0 5 0 0 2 537 540 23 228 14.35
4 0 0 6 0 0 1 539 29 208 11.86
1 1 0 0 0 0 1 542 29 217 12.38
9 0 0 0 3 0 2 540 541 15 179 10.77
3 0 0 1 0 0 1 540 37 177 8.19
5 0 0 0 0 3 1 543 40 237 12.96
7 0 0 0 0 7 1 543 24 221 8.1
2 0 0 0 8 0 1 543 31 213 9.87
1 0 0 0 0 0 0 45 182 8.9
1 0 0 0 0 0 3 545 546 547 0 129 11.92
4 0 4 5 6 2 2 548 550 1 159 8.33
1 0 3 4 7 6 3 548 549 555 1 206 7.77
8 0 5 6 4 5 2 556 563 1 217 15.21
8 0 10 2 2 2 1 572 5 208 14.5
6 0 5 8 5 6 2 554 558 2 134 14.62
2 0 9 9 1 8 3 551 552 553 5 140 14.68
10 0 1 2 1 3 3 566 572 573 7 141 7.92
1 0 9 2 3 5 1 557 7 164 14.19
1 0 4 5 8 1 1 564 7 155 14.28
5 0 2 2 4 10 2 559 571 8 150 13.15
8 0 5 1 3 3 3 560 567 574 2 187 11.69
6 0 3 1 4 6 1 559 9 171 11.86
6 0 9 6 2 10 2 562 566 8 213 12.06
4 0 2 5 2 6 1 565 8 198 8.89
7 0 3 6 3 8 2 561 568 15 206 9.06
3 0 2 4 9 4 2 562 564 10 217 9.24
1 0 8 7 1 6 1 570 22 218 10.49
7 0 5 1 10 3 1 565 14 199 10.1
5 0 5 9 8 4 1 572 9 220 13.47
2 0 3 6 10 3 1 568 13 185 12.75
5 0 6 5 7 5 1 571 21 193 8.06
8 1 0 0 0 0 1 569 17 164 11.83
1 0 8 8 5 1 1 571 10 164 8.0
3 1 0 0 0 0 1 573 22 211 9.69
10 0 3 3 2 2 1 570 25 181 8.22
4 0 10 5 10 2 1 574 35 188 10.72
9 0 7 3 6 7 1 573 26 212 8.11
4 1 0 0 0 0 1 575 17 149 8.22
6 0 8 7 2 3 1 575 35 199 7.71
9 0 1 8 1 3 1 575 39 177 12.01
1 0 0 0 0 0 0 48 211 9.97
1 0 0 0 0 0 3 577 578 579 0 169 11.09
9 0 4 2 1 1 1 600 1 192 12.58
5 0 5 4 8 10 3 580 581 588 1 121 14.24
10 0 9 6 7 6 3 584 589 590 1 124 8.56
4 0 3 4 3 4 3 582 583 591 6 183 13.53
7 0 1 6 9 10 1 606 6 199 14.09
9 0 6 8 8 2 3 586 592 603 10 195 12.42
8 0 4 9 9 7 3 587 593 605 10 219 12.25
8 0 9 5 8 4 2 585 602 11 131 8.93
10 0 4 1 4 9 2 587 592 19 169 9.7
9 1 0 0 0 0 1 589 19 158 13.57
2 1 0 0 0 0 1 599 29 138 15.0
2 0 2 8 8 4 1 605 6 198 12.77
1 1 0 0 0 0 3 596 597 601 28 190 10.88
2 0 7 9 9 10 1 595 11 130 13.03
5 0 2 2 8 1 1 594 10 185 11.2
5 0 2 4 7 10 1 596 29 239 14.63
3 0 4 4 3 10 1 598 18 229 9.09
4 0 2 2 10 2 1 606 15 215 12.55
3 0 4 5 3 10 1 597 13 203 9.62
8 0 3 1 9 7 1 600 34 233 11.78
6 0 1 7 10 1 1 604 29 141 9.26
10 1 0 0 0 0 1 602 21 233 11.89
3 0 9 4 7 5 2 600 606 31 140 12.06
3 0 10 9 1 2 1 604 42 197 9.44
9 0 7 3 3 5 1 602 29 198 14.27
4 0 8 1 2 9 1 604 38 213 8.17
10 1 0 0 0 0 1 605 19 219 12.92
4 0 8 4 4 4 1 607 45 220 11.59
9 0 8 5 3 9 1 607 29 208 11.67
9 0 7 2 7 7 1 607 34 227 14.16
1 0 0 0 0 0 0 49 188 10.05
1 0 0 0 0 0 3 609 610 611 0 170 8.68
3 0 0 0 0 9 3 617 622 638 1 146 8.77
1 0 0 2 0 0 3 618 620 624 1 202 8.62
3 0 10 5 0 9 3 612 613 614 1 141 14.92
1 0 2 0 2 3 3 623 625 627 4 120 10.82
6 0 5 3 1 0 3 615 616 619 4 185 9.87
2 0 1 9 3 7 1 617 4 126 9.42
9 0 0 6 10 0 1 623 10 176 13.62
5 0 0 0 6 0 3 621 630 635 10 190 10.13
8 0 7 4 0 1 2 618 634 6 139 12.6
10 0 0 3 0 7 2 628 632 14 141 9.44
2 0 0 6 0 7 3 623 626 632 10 124 14.64
3 0 8 0 9 0 1 636 2 171 10.41
5 0 0 6 5 0 2 637 638 15 169 8.85
1 0 0 4 0 0 2 628 631 4 156 14.86
7 0 0 0 2 7 3 629 630 631 19 230 9.23
7 0 0 0 0 2 2 627 629 2 179 9.63
7 0 2 0 0 0 1 636 5 173 14.14
4 1 0 0 0 0 2 627 628 12 130 13.24
1 0 5 9 6 0 2 630 634 16 121 11.76
7 1 0 0 0 0 1 633 24 208 11.95
1 1 0 0 0 0 1 633 26 151 12.27
5 1 0 0 0 0 2 633 638 26 156 13.34
10 1 0 0 0 0 1 634 26 155 10.4
8 1 0 0 0 0 1 635 24 230 10.71
8 0 4 1 3 0 1 637 31 149 12.12
3 0 0 9 0 2 2 635 636 36 192 15.0
7 0 0 4 7 5 1 637 39 157 13.77
4 0 8 3 0 0 1 639 39 217 13.78
8 0 0 0 9 0 1 639 46 217 10.19
5 0 7 0 0 8 1 639 31 222 12.1
1 0 0 0 0 0 0 54 179 13.72
80.37 80.95 79.75 80.91 85.85 103.3 135.18 152.87 135.96 107.38 90.62 87.9 64.65 36.35 50.21 70.56 100.22 146.43 176.5 170.0 141.5 119.19 108.11 93.5 92.2 89.99 92.64 89.77 96.35 112.01 140.16 136.68 106.52 74.26 32.93 2.24 3.38 4.28 8.44 63.68 98.36 143.47 171.92 167.11 143.45 123.77 117.17 103.62 108.77 105.01 103.52 102.61 107.33 124.46 160.27 148.08 108.95 45.9 34.23 2.48 1.42 2.18 5.6 66.88 112.16 156.99 250.73 220.41 176.68 141.18 126.84 112.23 119.77 104.88 101.26 102.34 106.05 122.29 148.32 142.04 100.27 79.23 38.56 3.42 0.43 0.65 16.83 80.13 121.72 157.59 278.23 250.3 161.79 138.78 128.17 120.61 127.07 117.53 114.42 108.26 112.54 131.38 162.72 148.8 111.39 74.75 43.62 7.37 1.26 0.09 3.73 64.19 122.15 137.1 150.0 190.0 177.0 100.0 100.0 95.0 90.0 94.1 94.1 99.93 100.0 103.15 90.0 69.75 43.24 33.7 13.24 11.81 17.64 27.61 42.51 70.0 75.8 118.97 159.8 157.46 147.1 84.14 77.04 65.04 32.68 35.14 43.85 42.35 42.39 42.14 44.71 36.24 27.91 23.25 13.78 9.6 13.49 5.01 11.46 42.78 86.51 126.61 142.0 143.02 141.47 130.65 126.32 114.24 111.25 107.14 101.8 98.77 101.77 119.72 141.87 164.45 162.19 135.43 111.32 108.5 102.79 104.17 111.1 119.7 132.69 155.06 213.73 193.29 161.93 138.95 125.58 115.16 102.54 102.02 100.38 103.72 103.19 108.48 137.76 142.87 138.87 114.85 109.0 103.71 93.5 94.53 100.01 100.01 110.8 143.56 174.98 172.26 148.6 122.35 116.87 102.05 101.02 98.25 97.78 97.52 96.03 101.06 129.4 142.88 137.46 111.86 100.0 96.64 94.94 84.72 93.5 99.43 111.16 136.34 163.91 169.94 154.77 130.25 121.35 109.11 104.93 99.04 97.8 98.85 97.43 105.11 130.6 140.15 123.5 89.92 78.92 45.58 32.04 14.8 46.3 77.86 96.71 130.06 160.0 171.79 141.87 124.68 113.35 100.96 90.74 79.4 79.02 79.38 79.93 106.94 129.4 122.2 102.08 77.75 60.6 34.0 35.37 40.32 62.46 75.98 105.0 132.77 166.87 166.38 149.33 126.25 118.04 110.0 115.44 105.36 97.93 97.71 97.75 93.74 99.2 99.81 96.13 80.27 101.5 98.68 95.42 51.42 50.38 68.42 76.25 102.14 148.13 154.14 127.06 101.09 83.21 68.77 46.26 15.89 15.89 5.09 1.2 0.09 0.89 0.95 1.39 0.08 -2.47 -8.16 -17.1 -24.5 -24.94 -12.61 -4.04 5.14 65.07 93.23 95.13 85.69 81.97 57.17 71.58 64.89 65.26 68.65 70.9 94.42 125.84 169.5 176.15 135.51 112.24 102.19 90.43 84.31 75.01 72.83 80.68 106.15 136.55 193.78 177.12 135.68 115.62 102.34 102.04 95.83 93.8 94.79 92.6 102.04 131.25 178.53 159.37 109.28 87.69 73.78 61.16 25.46 28.64 41.86 77.51 87.79 126.85 161.74 140.4 113.1 96.67 80.29 69.27 68.67 68.58 70.01 71.02 84.43 117.5 152.77 125.47 85.45 61.22 39.44 31.11 19.09 17.03 28.63 68.17 68.49 105.0 141.27 127.01 103.68 85.81 73.64 68.47 69.66 68.55 70.4 73.84 95.81 134.77 165.0 133.3 79.11 41.0 0.19 -0.95 -7.15 -5.04 1.15 25.91 79.02 141.28 184.01 174.44 139.91 114.52 105.62 110.0 104.92 105.1 105.33 108.46 114.3 154.79 182.25 140.78 96.23 65.17 7.82 0.0 -1.13 -1.07 -0.05 31.05 79.84 128.71 172.61 159.72 120.3 103.31 96.97 109.19 102.92 99.91 100.48 99.46 98.29 103.63 107.23 100.41 57.45 0.66 -0.85 -21.04 -47.34 -49.39 -29.98 -3.31 5.16 72.68 95.83 89.0 78.93 78.99 68.75 70.45 61.66 63.51 69.45 71.21 78.88 78.18 79.73 42.41 0.1 -2.02 -27.76 -60.4 -104.76 -109.67 -66.68 -17.81 11.14 118.37 136.1 135.48 123.12 113.13 101.14 88.35 86.84 83.37 85.41 87.18 100.46 132.06 176.44 144.5 108.02 84.23 64.57 27.99 23.89 30.0 65.29 83.54 105.14 131.7 173.84 164.32 137.8 116.32 102.52 94.89 88.85 90.16 91.48 93.25 108.74 146.31 180.55 136.77 91.31 81.16 81.04 50.08 47.9 59.1 65.55 78.47 92.0 115.0 173.66 174.75 140.84 122.64 107.28 108.64 99.74 97.29 97.64 98.63 114.12 158.07 175.56 131.56 100.44 84.16 66.16 15.48 11.03 26.56 48.59 72.36 89.44 102.39 125.0 130.89 105.0 98.55 100.49 94.84 92.22 91.47 90.69 93.35 101.32 137.63 174.11 136.88 103.38 87.12 68.25 39.09 2.49 0.08 2.22 64.43 72.67 105.23 153.82 157.98 101.14 85.74 83.58 74.31 70.36 64.32 64.99 67.44 88.93 114.0 111.57 90.0 61.39 13.78 0.22 -1.39 -5.06 -4.33 -0.1 15.07 65.62 115.85 140.11 161.49 135.22 123.11 108.14 109.28 105.89 102.31 99.94 100.8 100.77 105.85 101.16 96.91 68.05 20.19 0.0 -8.45 -34.11 -36.54 -14.41 -0.19 61.75 112.99 151.66 139.9 99.59 78.0 45.94 53.65 44.72 41.89 41.54 31.8 33.0 35.93 27.75 13.15 8.43 0.0 -0.02 -3.32 -18.84 -25.38 -9.93 -0.01 20.31 100.0 123.71 120.0 109.0 104.94 96.64 89.92 84.78 84.1 84.37 86.9 99.45 125.0 152.11 144.03 107.54 95.55 76.31 60.49 61.64 66.22 75.8 84.6 99.0 124.29 185.27 158.68 106.12 83.42 79.36 77.96 76.79 70.01 67.27 69.42 75.27 85.46 95.0 100.0 95.0 70.41 92.74 91.28 90.01 80.01 75.01 69.89 86.57 108.76 137.32 145.94 113.58 105.8 97.2 89.32 83.81 84.44 84.93 88.01 103.34 124.04 135.68 109.94 82.49 59.41 37.67 19.62 12.15 13.1 31.9 65.62 94.94 118.39 157.87 154.65 121.83 109.97 98.59 90.44 85.33 83.48 82.34 83.84 90.43 109.6 123.17 124.43 90.0 61.14 45.95 43.0 40.84 36.53 74.14 87.15 100.0 114.39 131.02 124.3 114.17 98.9 96.72 90.26 81.14 78.44 77.73 77.6 77.4 80.0 86.52 88.46 89.0 88.96 86.31 77.82 67.28 65.05 67.51 77.77 91.86 106.14 126.23 133.75 118.8 108.83 101.95 91.61 81.89 86.4 84.44 86.95 92.98 97.71 94.12 82.13 59.9 19.4 4.54 0.0 -2.72 -6.57 -0.78 0.2 66.51 105.94 130.84 149.1 130.44 111.58 99.44 101.48 96.74 97.58 98.3 98.66 103.07 103.5 86.91 63.7 5.8 -0.69 -30.5 -80.69 -84.89 -54.65 -7.53 0.0 68.65 107.04 116.77 142.51 133.91 121.69 110.95 107.96 98.59 95.84 95.98 98.32 98.32 95.72 89.98 79.86 55.56 18.77 9.09 -14.57 -22.49 -0.94 9.53 47.56 84.28 101.2 121.53 139.09 132.1 122.77 106.49 96.63 89.22 87.89 85.33 85.04 98.71 122.53 151.54 140.71 104.45 93.4 83.43 77.19 66.99 71.71 78.64 83.86 101.6 132.36 206.14 259.37 155.9 123.21 111.54 108.66 101.1 99.09 99.12 103.52 111.92 137.55 144.7 123.52 99.89 87.72 88.53 79.59 79.56 86.67 94.26 100.74 109.96 133.14 163.36 169.27 126.8 108.41 97.88 94.72 89.22 87.51 86.32 85.57 92.15 110.82 119.21 117.72 105.07 94.79 89.4 80.72 77.31 78.01 80.04 85.24 97.38 103.94 116.68 121.61 114.48 106.53 93.1 92.38 83.68 82.73 84.31 85.77 95.88 105.04 113.39 108.65 94.86 86.57 74.23 67.93 49.4 42.59 62.77 77.05 85.06 100.08 116.33 123.39 109.63 100.37 92.09 101.25 92.79 91.74 90.3 89.64 91.4 93.54 86.45 71.06 34.45 2.55 -0.01 -5.87 -12.51 -9.86 -2.0 -0.01 30.99 79.17 100.0 107.86 96.21 85.8 73.21 69.11 62.6 58.39 59.28 63.53 68.24 67.96 63.08 35.01 0.04 -3.0 -32.41 -94.9 -123.0 -113.5 -50.5 -5.17 18.35 92.74 110.72 124.48 109.04 99.0 93.85 92.84 87.19 83.31 86.0 91.62 100.01 139.94 131.09 95.79 67.37 9.79 -0.01 -3.67 -5.9 -6.18 -1.54 2.04 72.36 104.34 152.34 196.91 129.07 106.24 96.85 91.27 87.45 82.41 79.94 80.88 91.19 107.09 113.13 94.58 67.9 5.81 0.0 -0.76 -1.9 -1.69 -0.01 14.81 77.49 101.74 139.83 178.26 130.0 109.31 98.19 95.0 90.03 88.19 88.76 92.14 96.36
