640 5
1 25 34 28 31
1 0 0 0 0 0 3 1 2 3 0 181 11.96
6 0 0 7 10 0 3 4 7 10 1 215 17.3
5 0 1 10 0 4 2 8 15 1 161 18.88
8 0 0 6 0 5 3 6 17 21 1 127 13.31
8 0 8 9 0 0 3 5 20 22 7 141 15.41
10 0 10 10 0 4 3 8 9 11 15 153 14.53
10 1 0 0 0 0 3 14 15 16 9 150 20.72
6 0 10 6 0 0 3 13 16 20 7 149 17.8
2 1 0 0 0 0 3 12 18 19 25 192 15.28
1 0 0 0 6 2 3 13 18 19 25 172 18.73
7 0 0 0 7 0 3 11 16 21 7 181 12.61
1 1 0 0 0 0 3 14 18 28 25 181 22.61
2 1 0 0 0 0 3 17 26 27 27 173 13.89
4 1 0 0 0 0 3 14 17 24 26 188 13.46
2 0 0 4 3 0 2 23 29 30 189 18.78
10 0 9 0 0 10 3 20 25 26 19 165 17.13
8 1 0 0 0 0 3 19 22 25 19 191 19.52
3 0 0 4 0 7 2 23 28 30 195 20.03
4 1 0 0 0 0 1 26 27 223 12.94
1 0 8 1 8 0 1 24 27 190 17.74
2 0 1 6 0 0 1 27 29 145 16.42
6 0 0 0 0 10 3 22 23 24 14 153 14.89
6 0 6 0 0 7 2 27 28 27 179 12.4
5 0 0 0 0 8 1 25 33 243 21.83
8 0 3 1 0 0 1 29 30 168 21.4
9 0 0 0 6 3 1 30 38 186 22.59
6 0 9 0 8 1 1 30 31 161 16.62
3 0 0 2 9 5 2 29 30 33 251 17.31
4 0 2 0 0 10 1 31 33 244 22.37
8 0 5 8 0 10 1 31 38 162 14.68
8 0 0 0 0 4 1 31 47 228 21.8
1 0 0 0 0 0 0 55 265 15.64
1 0 0 0 0 0 3 33 34 35 0 136 21.35
10 0 0 8 0 0 3 38 46 52 1 181 19.18
2 0 0 2 8 0 3 36 37 41 1 218 22.62
8 0 0 0 8 3 2 39 43 1 122 19.23
6 0 2 8 0 0 3 40 49 54 3 177 13.92
2 0 0 1 0 0 3 40 45 47 3 190 19.52
6 0 0 4 0 7 3 44 53 54 11 226 22.19
10 0 10 9 1 2 3 45 47 48 9 243 13.7
4 0 0 3 0 8 2 42 48 9 192 13.77
1 0 5 8 7 0 3 43 45 50 3 157 21.3
5 1 0 0 0 0 3 50 52 57 13 215 16.75
1 0 0 0 0 1 3 44 52 58 9 132 14.78
6 0 0 2 0 0 2 49 51 17 183 16.79
8 1 0 0 0 0 3 49 57 59 19 220 16.76
1 0 2 0 0 8 3 48 50 51 11 157 21.99
6 0 0 0 0 4 3 51 53 55 19 210 13.69
4 1 0 0 0 0 3 53 55 62 19 154 11.91
6 1 0 0 0 0 1 56 27 227 18.95
4 1 0 0 0 0 3 58 60 62 18 223 14.78
3 1 0 0 0 0 2 56 61 25 143 13.11
3 0 0 6 0 6 3 56 59 60 18 233 12.13
9 1 0 0 0 0 1 57 25 187 13.66
8 0 3 7 0 0 1 55 17 207 18.28
9 1 0 0 0 0 2 58 60 25 177 16.32
7 0 2 9 0 2 1 62 33 217 21.13
1 0 0 5 3 4 1 61 34 172 21.56
9 0 3 0 6 0 1 59 34 243 16.29
9 0 2 0 3 0 1 61 43 234 23.5
3 1 0 0 0 0 1 63 34 193 22.24
4 0 0 7 7 9 1 63 52 188 15.76
9 0 0 0 0 7 1 63 40 261 14.25
1 0 0 0 0 0 0 56 215 12.28
1 0 0 0 0 0 3 65 66 67 0 198 12.42
7 0 7 0 0 0 2 68 76 1 156 12.5
10 0 0 3 0 0 1 81 1 173 14.28
3 0 0 0 0 10 2 80 91 1 119 14.95
10 0 0 9 0 0 3 69 71 75 8 151 12.99
5 0 0 0 0 4 3 70 72 74 18 174 20.8
2 1 0 0 0 0 1 81 23 227 21.49
10 0 0 0 0 7 1 73 18 159 20.76
9 1 0 0 0 0 2 79 80 23 244 16.35
9 1 0 0 0 0 3 83 91 93 28 256 12.62
8 0 0 0 2 0 3 78 79 92 23 172 15.3
2 0 0 1 0 0 3 78 83 89 18 244 13.97
4 0 0 9 0 0 2 77 85 8 226 14.65
8 1 0 0 0 0 1 92 12 222 23.53
1 0 0 2 0 0 3 84 86 87 31 224 13.64
1 1 0 0 0 0 2 82 86 32 164 19.92
9 1 0 0 0 0 2 82 90 32 230 19.01
7 0 0 3 0 0 3 89 90 94 25 208 17.15
2 0 10 0 0 0 3 84 87 89 41 177 16.3
3 1 0 0 0 0 1 84 37 235 20.76
1 0 0 0 0 6 1 88 43 154 21.3
8 0 0 0 0 4 2 87 90 12 221 21.14
4 1 0 0 0 0 2 88 91 33 254 16.5
3 0 0 0 0 1 1 88 43 162 15.63
8 0 0 0 0 5 1 94 46 268 12.65
10 0 10 0 0 0 1 93 43 270 12.88
5 0 0 0 3 0 2 92 93 41 252 14.96
1 1 0 0 0 0 1 94 37 170 17.92
8 0 0 5 0 0 1 95 46 215 13.03
1 0 0 0 5 0 1 95 53 195 21.62
7 0 5 0 0 0 1 95 54 218 20.07
1 0 0 0 0 0 0 61 246 13.61
1 0 0 0 0 0 3 97 98 99 0 161 16.79
1 0 0 4 0 0 3 101 102 111 1 170 12.51
10 0 4 0 0 0 3 103 117 120 1 134 14.93
5 0 0 0 5 0 2 100 103 1 228 22.65
8 0 6 0 0 0 3 105 116 126 6 195 19.54
5 0 0 1 0 0 3 106 107 110 2 124 23.33
9 0 0 0 0 1 2 104 113 2 209 20.22
1 0 7 0 0 0 2 115 118 11 132 19.08
8 0 1 0 0 0 3 108 117 118 11 193 22.05
8 0 0 0 6 0 2 106 109 14 153 22.09
6 1 0 0 0 0 2 108 112 22 150 16.07
6 0 0 7 0 0 2 118 121 7 152 23.07
6 0 0 0 10 0 2 122 123 28 155 11.9
6 1 0 0 0 0 1 119 22 147 22.96
1 0 1 0 0 0 1 113 7 166 13.86
6 0 0 0 0 6 2 114 115 2 194 18.99
1 0 0 0 1 0 3 114 121 122 28 199 17.12
3 0 8 0 0 0 2 115 119 11 203 11.87
7 0 0 7 0 0 1 117 29 190 15.05
10 0 10 0 0 0 2 116 126 14 186 22.13
8 1 0 0 0 0 2 124 125 24 156 14.23
10 0 0 8 0 0 1 123 36 240 12.01
8 0 0 0 0 2 1 126 19 162 13.21
3 0 0 7 0 0 1 120 28 199 22.51
3 0 3 0 0 0 2 121 122 31 211 23.13
7 0 0 0 0 1 2 123 125 34 152 19.8
7 0 1 0 0 0 1 125 34 229 15.55
3 0 0 3 0 0 1 124 46 193 11.93
5 0 0 0 6 0 1 127 49 214 20.25
5 0 0 2 0 0 1 127 41 199 14.94
1 1 0 0 0 0 1 127 27 206 22.33
1 0 0 0 0 0 0 54 264 18.66
1 0 0 0 0 0 3 129 130 131 0 144 16.41
6 0 3 5 0 3 1 136 1 141 21.81
5 0 8 1 7 0 3 132 135 143 1 162 14.76
4 0 0 3 7 3 1 142 1 157 16.25
7 0 2 5 9 2 3 133 136 146 6 217 19.02
5 0 4 3 5 5 3 134 137 158 13 163 22.87
8 0 5 6 8 9 2 138 139 18 228 17.48
10 0 0 1 0 2 2 141 150 6 180 15.75
10 0 0 9 1 10 1 140 13 233 17.29
8 0 9 2 1 2 3 145 148 150 18 249 21.16
4 0 8 0 8 0 3 140 142 153 26 233 17.89
4 1 0 0 0 0 2 140 147 26 199 21.09
4 0 2 0 4 5 2 144 149 30 198 18.44
8 0 8 10 9 4 3 144 145 147 16 207 22.79
9 0 3 10 0 0 3 144 147 150 30 150 18.0
2 0 9 0 7 0 1 153 6 223 12.67
9 0 8 9 5 5 1 151 39 161 22.07
1 1 0 0 0 0 1 149 26 157 11.9
5 0 0 0 2 7 2 154 157 13 225 17.47
2 0 8 9 4 2 2 155 156 39 158 21.23
4 1 0 0 0 0 2 151 153 26 156 17.46
2 1 0 0 0 0 2 152 156 34 248 13.45
6 0 9 3 10 4 3 151 152 154 39 244 21.29
6 0 8 0 7 0 1 157 48 209 17.93
4 0 9 4 8 3 1 155 45 257 16.98
6 1 0 0 0 0 2 154 155 30 255 16.55
6 0 5 4 4 0 1 156 45 218 14.11
1 0 4 1 0 10 1 157 49 245 22.54
4 0 2 0 10 0 1 159 51 229 20.91
2 0 7 8 2 6 1 159 54 164 21.38
9 0 2 3 0 4 1 159 18 199 22.41
1 0 0 0 0 0 0 56 190 17.06
1 0 0 0 0 0 3 161 162 163 0 170 20.79
2 0 9 4 0 0 1 164 1 208 14.31
10 0 10 0 0 4 3 165 182 190 1 192 22.51
4 0 0 0 0 7 3 179 181 186 1 151 18.88
2 1 0 0 0 0 3 167 171 177 3 230 22.2
1 0 8 0 8 1 3 166 168 180 11 137 16.45
4 0 0 4 7 5 3 169 170 172 12 135 16.95
1 0 0 4 9 0 1 174 5 167 16.41
10 0 0 0 8 9 2 170 179 12 175 19.17
10 0 0 0 3 0 3 171 176 186 16 227 17.99
6 0 0 4 0 0 3 173 175 185 22 189 22.58
6 1 0 0 0 0 1 178 26 250 19.1
1 0 0 0 3 7 3 176 177 181 16 173 20.61
3 1 0 0 0 0 3 177 181 187 28 176 13.4
3 0 6 0 9 4 3 175 178 183 6 187 13.19
7 1 0 0 0 0 2 176 187 28 244 14.66
7 0 8 2 2 0 1 189 35 245 21.42
9 0 8 9 0 0 1 186 31 233 14.72
1 1 0 0 0 0 1 179 32 229 13.43
9 0 0 0 0 5 1 184 33 228 23.37
3 0 9 1 0 0 1 185 12 175 20.96
2 1 0 0 0 0 1 188 31 252 13.88
7 0 6 2 0 0 2 184 188 11 190 17.29
9 1 0 0 0 0 2 184 190 9 154 19.87
1 0 0 2 7 0 1 185 42 181 19.58
5 0 3 0 0 4 1 187 43 234 14.39
9 0 7 2 0 0 2 188 189 40 177 20.63
7 0 3 0 0 7 1 189 48 200 23.03
10 0 3 0 0 7 1 191 49 209 14.27
3 0 0 7 0 0 1 191 55 224 20.69
8 0 2 0 0 10 1 191 18 193 18.1
1 0 0 0 0 0 0 59 242 19.68
1 0 0 0 0 0 3 193 194 195 0 187 16.62
3 0 0 10 0 0 2 196 198 1 150 19.32
8 0 0 0 0 7 3 196 197 198 1 189 20.51
5 0 0 4 0 0 3 201 210 212 1 185 21.27
5 0 0 0 9 0 2 201 215 9 214 12.16
1 0 0 7 0 0 3 199 208 214 9 233 20.58
4 0 2 0 0 0 1 203 9 231 13.59
2 0 0 0 4 0 2 200 204 10 175 14.8
2 0 0 0 0 1 3 202 205 207 12 154 17.5
2 0 0 0 0 10 3 204 207 208 14 167 20.68
8 1 0 0 0 0 1 218 14 171 23.04
7 0 0 1 0 0 2 208 215 13 182 14.82
2 0 7 0 0 0 2 205 217 16 176 13.11
6 1 0 0 0 0 3 206 211 221 18 145 21.35
1 1 0 0 0 0 1 209 24 162 17.33
2 1 0 0 0 0 3 211 216 222 16 167 16.75
7 0 1 0 0 0 3 209 211 216 20 190 12.64
7 0 0 6 0 0 1 218 27 251 17.24
7 0 0 0 0 7 1 218 6 158 16.46
5 1 0 0 0 0 1 220 27 250 20.1
5 0 6 0 0 0 1 213 6 129 16.03
8 0 3 0 0 0 2 214 215 11 165 12.06
10 0 0 7 0 0 2 216 217 19 202 12.83
2 0 8 0 0 0 2 220 221 20 219 18.38
10 0 0 0 2 0 1 221 29 206 19.48
1 1 0 0 0 0 1 219 29 179 18.08
6 0 7 0 0 0 1 222 34 153 12.66
5 0 8 0 0 0 2 220 222 30 167 18.57
4 0 0 0 0 4 1 223 35 201 21.11
2 0 0 0 0 4 1 223 39 247 20.16
7 0 0 0 3 0 1 223 40 207 16.22
1 0 0 0 0 0 0 47 198 19.81
1 0 0 0 0 0 3 225 226 227 0 173 21.67
4 0 0 9 0 0 3 228 235 242 1 188 19.68
5 0 0 0 7 0 2 232 238 1 185 12.1
10 0 2 0 0 0 3 229 230 233 1 224 17.64
8 0 0 0 0 8 3 231 237 240 5 225 18.83
8 0 0 0 0 6 2 236 237 11 161 13.83
5 0 0 0 9 0 3 238 239 247 11 204 20.08
7 0 0 0 6 0 1 236 13 233 17.89
8 0 0 0 0 3 3 237 240 242 6 213 14.85
3 0 0 0 0 1 3 234 238 245 11 191 22.59
9 0 0 2 0 0 1 241 14 137 17.11
3 0 0 0 0 9 1 245 5 144 14.64
6 0 0 0 2 0 1 249 20 228 18.01
6 0 0 5 0 0 3 239 246 252 19 218 20.71
8 1 0 0 0 0 1 243 16 243 21.56
6 0 0 0 8 0 1 253 25 214 17.65
10 0 8 0 0 0 2 250 252 14 148 18.53
2 1 0 0 0 0 1 244 23 245 21.82
6 0 0 1 0 0 2 246 247 14 134 18.58
6 1 0 0 0 0 2 249 251 24 183 14.83
4 1 0 0 0 0 2 248 254 25 168 23.27
1 1 0 0 0 0 2 246 251 14 146 21.97
2 1 0 0 0 0 1 248 25 171 21.72
8 0 0 0 8 0 3 249 250 251 20 192 22.59
5 0 0 8 0 0 1 250 29 230 13.19
3 0 0 0 0 1 2 252 254 30 228 23.46
5 0 0 2 0 0 1 253 34 226 14.39
1 0 0 0 9 0 2 253 254 30 220 14.75
3 0 0 0 0 3 1 255 33 241 22.72
9 0 0 0 0 2 1 255 39 230 19.71
2 0 10 0 0 0 1 255 33 205 22.3
1 0 0 0 0 0 0 48 189 18.88
1 0 0 0 0 0 3 257 258 259 0 211 16.71
4 0 2 0 8 5 3 262 264 273 1 199 18.46
2 0 0 10 3 10 3 265 266 270 1 192 11.91
1 0 10 0 0 1 3 260 270 277 1 215 18.84
2 0 9 10 8 9 3 261 269 281 2 136 21.18
3 0 0 4 8 0 3 272 273 276 4 138 16.43
9 0 5 9 7 0 3 263 268 269 5 151 22.94
9 0 1 6 8 0 3 271 274 279 14 157 22.32
3 0 0 4 0 3 3 265 270 281 5 174 12.6
7 0 0 10 0 1 3 267 271 286 8 225 23.52
10 0 8 9 2 2 3 267 271 275 3 135 12.86
8 0 0 3 3 6 2 269 274 15 229 14.37
4 0 4 9 8 0 3 274 277 278 14 221 23.0
6 0 4 9 0 7 2 272 279 23 163 14.47
3 0 1 5 3 2 2 272 280 8 154 12.36
9 1 0 0 0 0 2 276 283 23 207 12.44
6 0 8 1 10 6 2 278 284 29 152 21.71
8 0 3 1 5 4 2 280 286 7 154 20.21
4 1 0 0 0 0 2 276 283 23 187 22.15
3 0 6 1 6 7 3 277 278 281 13 132 12.29
4 0 10 0 6 0 2 282 285 32 253 15.82
5 0 0 6 0 0 2 279 282 18 225 21.37
6 0 3 8 0 5 1 283 35 261 16.67
7 0 3 0 4 5 2 280 284 29 215 15.85
9 0 5 10 10 4 1 285 36 202 13.91
5 0 0 8 4 9 2 282 286 16 181 20.98
1 0 3 7 3 7 1 284 36 189 22.14
4 0 0 0 2 3 1 285 41 163 21.3
5 0 6 4 2 7 1 287 37 229 16.57
5 0 1 7 6 0 1 287 45 243 18.99
1 1 0 0 0 0 1 287 21 212 20.24
1 0 0 0 0 0 0 50 218 21.27
1 0 0 0 0 0 3 289 290 291 0 175 14.94
9 0 0 4 0 10 3 292 294 298 1 147 15.79
5 0 0 2 0 9 2 295 317 1 143 18.65
9 0 1 10 0 0 3 296 302 308 1 157 20.48
8 1 0 0 0 0 3 293 303 307 10 183 15.36
6 1 0 0 0 0 1 309 18 215 13.87
3 0 9 0 0 10 2 300 301 10 175 16.52
10 0 0 0 0 3 2 297 302 6 161 16.33
10 0 0 5 2 0 2 299 312 10 212 16.03
8 0 0 0 9 0 2 304 306 16 184 15.1
3 0 1 0 2 0 1 301 10 182 19.32
9 0 4 0 0 0 2 313 317 20 148 23.23
1 0 0 0 0 4 2 303 309 13 205 16.4
7 1 0 0 0 0 2 313 314 13 166 21.91
1 0 5 0 3 9 1 305 16 184 23.57
4 1 0 0 0 0 1 304 18 198 12.9
7 1 0 0 0 0 1 310 24 245 22.05
1 0 1 5 0 0 1 316 17 170 20.18
2 1 0 0 0 0 2 312 315 24 184 22.32
1 0 2 0 1 0 1 317 18 144 17.57
8 0 4 0 9 0 1 312 10 173 14.53
8 0 5 0 9 7 1 311 24 232 15.14
9 0 4 0 2 0 1 318 31 150 21.88
7 0 2 0 9 0 1 313 32 256 17.17
6 1 0 0 0 0 1 314 26 210 13.14
10 0 5 4 0 6 1 316 39 252 16.58
9 0 0 8 4 0 1 316 32 245 23.58
5 1 0 0 0 0 1 318 26 174 21.15
8 0 10 0 3 6 1 319 49 266 14.91
4 0 9 0 0 0 1 319 29 248 11.86
4 0 0 1 0 5 1 319 40 177 22.24
1 0 0 0 0 0 0 57 223 22.15
1 0 0 0 0 0 3 321 322 323 0 117 21.49
9 0 4 0 0 0 3 324 326 340 1 170 19.97
5 0 6 0 2 0 3 327 328 329 1 179 13.64
6 0 5 0 10 1 2 334 340 1 140 21.7
1 0 8 0 0 3 3 325 331 332 10 207 20.92
9 1 0 0 0 0 3 330 335 348 11 229 15.05
9 0 3 0 0 6 3 330 332 339 10 165 20.39
3 0 5 0 2 3 2 333 340 6 164 22.4
10 0 0 9 9 0 1 342 6 165 20.0
5 0 6 5 0 0 1 330 6 141 17.93
5 0 6 7 0 2 1 334 20 232 18.07
1 0 0 8 9 0 2 333 334 11 175 16.44
2 1 0 0 0 0 1 337 19 242 14.34
7 0 0 0 0 7 3 336 344 345 12 208 18.8
1 0 9 7 8 0 3 336 338 349 25 246 13.1
6 0 9 5 2 0 3 338 339 347 20 228 21.79
1 0 2 0 0 7 1 350 26 156 18.18
8 1 0 0 0 0 3 341 342 346 21 176 16.61
2 0 6 2 0 0 1 343 26 154 18.29
1 0 0 10 8 0 1 345 26 196 19.99
5 0 0 0 0 9 1 348 10 238 15.68
9 1 0 0 0 0 2 343 345 29 201 17.72
2 0 10 0 0 0 3 343 347 348 29 210 17.75
6 0 0 0 5 2 1 350 38 253 15.5
9 1 0 0 0 0 1 346 19 183 17.77
2 0 0 2 1 3 2 349 350 38 231 12.06
1 0 0 9 0 0 1 347 29 203 19.47
3 0 0 0 8 0 1 349 31 185 23.54
6 0 0 0 10 0 1 351 31 235 11.95
7 0 1 3 6 8 1 351 40 260 18.9
10 0 0 9 0 4 1 351 44 226 14.44
1 0 0 0 0 0 0 54 232 22.0
1 0 0 0 0 0 3 353 354 355 0 201 21.31
3 0 2 0 5 5 1 360 1 232 15.5
3 0 0 0 2 2 3 357 358 366 1 171 17.05
8 0 0 7 6 4 2 356 363 1 142 20.73
6 0 0 10 0 4 2 359 361 9 160 21.89
8 0 2 0 0 7 2 371 375 4 227 21.74
8 0 0 10 3 5 2 364 371 4 189 17.27
5 0 4 10 1 0 3 370 379 380 15 242 21.59
4 0 0 8 0 9 2 365 378 4 184 20.52
8 0 0 0 5 0 1 362 15 162 22.39
9 0 0 8 4 0 3 367 372 373 23 217 18.49
3 0 2 0 10 0 1 369 9 155 18.59
5 0 10 0 8 8 1 367 12 205 17.79
10 1 0 0 0 0 2 368 375 8 131 20.89
3 0 8 3 2 0 1 376 4 187 16.19
4 0 0 2 0 0 1 369 32 149 12.78
9 0 4 0 3 8 2 369 377 18 147 13.27
7 0 0 0 0 4 1 382 36 233 19.23
8 0 0 1 0 0 3 373 375 377 20 172 20.0
10 0 0 1 0 4 1 372 12 227 18.2
4 0 2 0 0 3 1 380 32 243 12.73
6 0 0 7 10 1 1 374 32 207 22.49
1 0 0 2 7 0 1 381 38 225 14.65
3 0 9 2 0 3 1 381 28 252 20.79
5 0 0 0 0 7 1 380 7 202 12.85
9 0 0 0 0 8 1 382 28 227 13.06
6 1 0 0 0 0 1 382 8 168 20.27
8 1 0 0 0 0 1 381 20 177 17.2
4 0 0 9 0 6 1 383 36 178 12.19
5 0 0 0 4 5 1 383 39 228 12.7
1 0 0 0 9 3 1 383 43 196 20.62
1 0 0 0 0 0 0 44 186 23.06
1 0 0 0 0 0 3 385 386 387 0 163 15.24
5 0 0 6 10 9 3 393 399 412 1 153 14.04
4 0 7 10 6 0 3 388 395 398 1 125 16.84
7 0 0 8 7 6 3 391 394 407 1 136 13.64
2 0 3 0 7 0 3 389 390 405 5 167 12.65
6 0 2 1 2 6 2 396 400 7 148 20.21
4 0 5 10 5 5 1 392 7 124 14.31
10 0 6 0 0 3 2 393 404 8 235 17.73
10 0 3 7 0 9 2 407 409 11 169 18.26
5 0 10 9 4 2 1 406 18 194 13.23
2 0 0 6 8 0 1 404 8 152 22.96
10 0 8 1 1 3 1 397 5 170 19.02
1 0 2 0 3 7 1 403 13 207 20.73
3 0 5 0 8 0 1 410 15 166 19.49
8 0 6 3 10 6 1 403 5 185 20.98
9 0 2 4 3 6 3 401 402 409 6 185 18.5
9 0 0 0 7 7 2 403 406 13 134 18.31
7 0 8 0 0 0 1 411 15 160 22.8
2 0 9 9 0 0 1 414 15 173 12.75
8 1 0 0 0 0 1 404 22 168 17.27
6 0 1 1 1 1 1 408 30 195 17.77
6 0 2 1 0 7 1 408 7 177 16.97
8 0 7 9 6 6 1 411 23 248 20.82
1 1 0 0 0 0 1 411 21 183 14.21
4 0 7 3 0 0 1 414 36 241 13.4
1 1 0 0 0 0 1 413 21 205 16.72
10 0 4 9 9 5 1 412 18 139 14.8
1 0 9 5 2 8 2 413 414 31 184 14.15
10 0 0 5 0 8 1 415 28 204 20.44
3 0 2 0 8 5 1 415 32 215 22.14
5 0 0 5 8 0 1 415 40 223 22.21
1 0 0 0 0 0 0 45 226 13.7
1 0 0 0 0 0 3 417 418 419 0 128 20.98
6 0 1 6 8 6 3 420 423 425 1 160 15.84
7 0 4 7 7 4 2 432 444 1 204 13.95
6 0 5 4 1 7 3 421 422 432 1 158 20.02
4 0 6 10 3 9 3 422 433 437 7 145 16.6
7 0 4 9 8 3 3 426 427 428 7 183 22.57
6 0 10 2 2 5 1 424 11 184 22.52
7 1 0 0 0 0 3 429 440 444 7 232 20.91
8 0 2 9 1 2 2 426 434 17 164 20.12
7 0 4 3 2 3 3 431 435 441 7 147 12.93
9 0 3 10 3 8 1 435 25 176 21.8
5 1 0 0 0 0 3 436 438 442 14 162 12.44
9 0 2 6 1 1 3 429 430 439 14 190 22.46
7 0 4 1 6 10 2 435 446 23 201 14.22
1 0 2 3 3 9 2 440 445 23 172 14.48
10 0 9 1 7 10 2 438 442 14 166 15.11
2 0 6 4 3 1 1 436 8 185 12.02
6 0 2 3 10 9 1 434 11 192 13.89
10 1 0 0 0 0 1 439 25 184 16.78
10 0 10 5 4 4 1 438 34 262 11.98
3 1 0 0 0 0 3 437 439 440 19 226 17.19
5 0 3 6 10 2 1 443 22 184 20.39
1 0 1 1 4 6 1 443 44 165 21.78
3 1 0 0 0 0 1 443 35 176 15.51
9 0 4 9 8 4 1 446 24 176 18.2
2 1 0 0 0 0 2 442 444 14 190 23.42
8 0 10 4 7 2 2 445 446 24 188 19.58
6 0 1 10 6 9 1 445 45 189 16.74
3 1 0 0 0 0 1 447 16 239 12.83
5 0 6 6 10 10 1 447 51 267 14.0
8 0 9 5 4 9 1 447 33 188 11.97
1 0 0 0 0 0 0 56 216 18.01
1 0 0 0 0 0 3 449 450 451 0 222 12.92
9 0 0 0 6 0 3 453 461 477 1 154 17.86
1 0 0 4 4 6 2 452 476 1 186 15.22
1 0 2 0 0 0 3 454 455 457 1 177 23.45
2 0 0 5 0 0 3 456 459 464 2 118 12.0
9 0 9 0 0 8 1 470 10 140 14.97
8 0 4 7 5 0 3 456 458 471 2 164 23.42
5 0 4 7 3 2 1 475 2 173 18.44
1 0 0 0 9 0 1 469 10 218 17.33
8 0 0 7 4 0 2 462 468 2 138 23.02
2 0 3 0 5 3 1 462 10 198 20.07
10 0 5 0 0 0 2 460 463 4 153 11.96
4 0 3 0 0 0 1 466 14 182 18.73
4 0 0 3 7 0 1 465 10 190 12.65
8 0 0 1 0 0 1 473 12 180 14.51
7 0 0 0 9 0 1 467 14 233 21.97
10 0 0 6 0 0 1 467 4 201 19.99
10 0 0 10 0 3 2 473 474 14 210 22.1
7 1 0 0 0 0 2 472 475 18 146 22.94
7 0 0 9 4 6 2 469 477 21 228 16.45
10 0 7 2 6 0 1 472 10 203 18.01
4 0 6 0 0 5 1 475 28 160 14.82
3 1 0 0 0 0 1 473 19 197 18.41
7 0 1 0 8 10 2 472 478 10 152 16.74
9 0 0 5 0 0 1 477 25 163 16.37
6 0 0 3 9 10 1 476 24 165 21.2
4 0 5 0 3 0 1 476 24 177 21.42
5 0 0 9 0 0 1 478 32 250 15.12
10 0 8 4 0 7 1 479 30 233 19.74
4 0 10 5 0 1 1 479 34 242 23.29
5 0 4 6 9 0 1 479 37 261 16.1
1 0 0 0 0 0 0 42 213 11.86
1 0 0 0 0 0 3 481 482 483 0 143 20.68
5 0 0 4 8 1 3 486 490 495 1 157 17.13
4 0 6 0 5 0 3 484 491 496 1 144 12.0
9 0 0 0 6 0 3 485 489 492 1 154 19.39
8 0 0 1 7 0 1 502 5 172 21.0
9 0 0 7 0 3 3 487 498 505 10 151 14.27
6 0 0 0 0 6 3 488 492 498 6 142 12.8
4 0 0 6 0 4 3 493 499 507 19 193 17.95
6 0 0 0 0 4 3 491 496 501 12 199 15.97
6 0 3 5 10 10 3 490 491 498 10 226 15.02
10 0 0 7 0 1 3 494 497 499 16 145 14.96
10 1 0 0 0 0 2 493 499 18 241 22.73
2 0 6 0 0 4 3 496 497 507 12 232 17.56
8 0 4 0 0 0 2 503 510 28 156 17.63
7 1 0 0 0 0 2 500 501 26 214 17.69
6 0 0 1 7 1 2 497 500 6 125 18.64
10 0 6 0 6 0 3 500 502 506 18 186 18.12
1 1 0 0 0 0 1 505 26 173 16.62
6 0 0 9 9 0 3 501 503 506 19 149 23.51
2 0 0 8 0 0 3 504 506 509 28 153 18.27
7 0 7 0 8 0 3 503 504 505 33 154 19.5
8 0 0 0 8 8 2 502 507 33 213 12.4
4 0 0 0 0 1 3 504 509 510 41 208 18.73
6 0 0 2 2 5 1 509 40 185 14.01
2 0 5 8 0 6 1 508 45 197 12.25
2 0 10 5 0 0 1 508 40 241 22.56
7 0 0 0 5 0 1 510 30 252 13.58
5 0 0 8 7 0 1 508 41 188 17.99
6 0 0 0 6 9 1 511 47 185 13.82
2 0 0 2 0 2 1 511 46 242 21.23
1 0 9 0 0 6 1 511 45 213 21.16
1 0 0 0 0 0 0 53 232 15.55
1 0 0 0 0 0 3 513 514 515 0 147 15.4
3 0 7 0 0 0 3 516 518 520 1 171 15.59
5 0 0 1 0 0 3 522 523 531 1 165 13.94
4 0 0 0 0 2 1 517 1 135 21.85
10 0 1 0 0 0 3 524 533 537 4 134 18.28
8 0 0 0 0 10 1 519 5 197 21.24
1 0 0 0 8 0 1 530 4 126 17.8
6 0 6 0 0 0 3 521 525 540 13 219 16.83
10 0 0 0 0 5 2 526 539 4 218 22.95
6 0 0 0 6 0 1 523 19 141 16.68
6 0 6 0 0 0 1 527 6 176 13.9
5 1 0 0 0 0 1 533 25 222 22.51
3 0 0 4 0 0 2 528 538 14 197 18.76
7 0 0 0 6 0 1 539 19 229 12.98
7 0 9 0 0 0 3 527 532 534 14 154 22.12
8 1 0 0 0 0 2 529 536 21 148 15.01
10 0 3 0 0 0 2 532 540 17 239 15.79
3 0 0 0 3 0 1 542 29 229 17.63
8 0 0 0 2 0 1 534 5 172 18.59
10 0 0 0 0 6 2 535 542 6 136 12.03
5 0 5 0 0 0 1 536 27 171 16.88
9 0 7 0 0 0 1 535 30 164 20.82
4 1 0 0 0 0 1 535 21 238 20.72
7 0 0 1 0 0 1 536 39 229 17.94
4 0 7 0 0 0 1 541 46 261 18.22
8 0 0 2 0 0 1 538 14 194 15.52
8 1 0 0 0 0 1 540 22 242 13.32
7 1 0 0 0 0 1 542 26 214 22.88
10 0 0 0 0 10 1 543 30 216 19.3
7 0 0 3 0 0 1 543 50 235 14.84
6 0 0 0 0 4 1 543 33 257 17.42
1 0 0 0 0 0 0 57 176 21.46
1 0 0 0 0 0 3 545 546 547 0 199 16.62
7 0 4 0 6 0 3 548 552 555 1 148 14.77
1 0 0 7 8 1 3 551 559 563 1 136 23.61
10 0 0 2 1 0 3 549 550 553 1 133 18.76
5 0 9 0 10 0 3 549 550 556 8 225 21.83
7 0 0 10 0 5 3 551 557 558 13 234 20.21
5 0 0 0 7 9 3 560 569 571 13 154 23.38
6 0 0 0 6 0 3 560 562 570 20 229 19.69
10 0 2 0 0 2 3 554 561 564 8 150 17.44
5 0 0 0 0 9 3 554 555 556 11 191 21.42
4 0 0 3 0 0 3 557 558 565 18 238 15.99
1 0 0 4 6 0 3 557 562 565 16 198 16.82
10 0 3 0 7 0 3 559 561 564 16 138 13.67
7 1 0 0 0 0 3 559 563 566 22 209 21.47
8 1 0 0 0 0 3 563 570 571 22 197 12.5
10 1 0 0 0 0 3 560 570 574 29 161 13.87
2 1 0 0 0 0 1 573 39 155 21.94
4 0 0 1 0 0 2 567 569 26 151 12.01
2 1 0 0 0 0 2 564 569 26 235 19.86
10 1 0 0 0 0 1 572 30 168 14.68
7 0 2 0 2 9 1 566 28 248 18.37
7 1 0 0 0 0 1 566 22 214 23.52
5 0 0 0 4 8 2 567 573 35 204 23.12
1 1 0 0 0 0 2 568 572 40 253 12.9
9 0 6 4 0 8 1 571 41 186 13.33
2 1 0 0 0 0 2 573 574 30 236 13.67
6 0 0 5 10 0 1 572 39 240 23.12
3 0 9 0 6 0 1 574 50 246 13.71
3 0 0 0 4 0 1 575 45 192 21.81
1 0 9 0 5 2 1 575 41 262 18.82
8 0 7 10 7 0 1 575 53 248 21.97
1 0 0 0 0 0 0 61 233 19.88
1 0 0 0 0 0 3 577 578 579 0 165 14.87
2 0 3 9 1 9 3 580 583 589 1 122 18.15
4 0 8 8 3 10 3 583 597 606 1 128 18.88
4 0 3 4 3 1 3 581 585 586 1 216 23.45
1 0 1 7 6 4 3 581 582 587 3 145 19.05
10 0 1 2 5 4 2 594 602 5 166 20.23
10 0 7 5 7 10 3 590 591 598 4 139 14.86
7 0 6 3 1 3 2 584 600 5 194 13.19
2 0 1 8 7 6 3 591 592 599 12 144 16.76
7 0 2 9 3 4 2 587 588 5 215 21.86
2 0 8 5 3 3 3 592 595 602 5 173 12.38
3 0 1 6 8 2 3 593 594 596 12 222 17.91
4 0 1 9 10 7 3 590 593 595 12 160 15.9
3 0 5 8 2 5 3 590 591 598 3 213 23.1
3 0 3 10 4 9 3 592 594 596 16 190 19.88
5 1 0 0 0 0 1 605 14 228 15.62
6 1 0 0 0 0 1 604 19 211 14.99
1 0 8 2 6 8 3 598 601 606 16 188 15.79
9 1 0 0 0 0 3 597 600 606 19 245 15.14
7 0 6 8 5 4 2 596 597 16 216 20.66
4 0 5 3 4 10 3 599 600 604 23 177 20.91
5 1 0 0 0 0 2 599 601 28 201 18.24
5 1 0 0 0 0 2 602 603 17 191 15.91
8 0 4 4 4 2 1 603 33 188 22.02
4 0 4 10 7 8 2 601 603 28 192 18.59
3 0 4 10 3 1 1 605 33 203 21.52
8 0 10 10 7 1 1 604 22 197 20.11
7 0 7 3 6 6 1 605 41 170 20.38
9 0 5 1 10 7 1 607 30 235 12.06
6 0 3 2 4 5 1 607 48 215 13.87
2 0 7 3 2 8 1 607 28 237 18.0
1 0 0 0 0 0 0 54 215 14.76
1 0 0 0 0 0 3 609 610 611 0 199 18.05
2 0 9 4 0 0 1 612 1 124 20.06
10 0 10 0 0 4 3 613 630 638 1 126 16.65
4 0 0 0 0 7 3 627 629 634 1 159 17.19
2 1 0 0 0 0 3 615 619 625 3 206 15.08
1 0 8 0 8 1 3 614 616 628 11 200 12.06
4 0 0 4 7 5 3 617 618 620 12 175 12.97
1 0 0 4 9 0 1 622 5 141 13.28
10 0 0 0 8 9 2 618 627 12 187 21.11
10 0 0 0 3 0 3 619 624 634 16 210 19.23
6 1 0 0 0 0 3 621 623 633 22 147 20.9
6 0 0 0 4 1 1 626 26 175 18.93
1 0 0 0 3 7 3 624 625 629 16 156 18.27
3 1 0 0 0 0 3 625 629 635 28 251 23.04
3 1 0 0 0 0 3 623 626 631 6 151 13.27
7 1 0 0 0 0 2 624 635 28 208 14.43
7 0 8 2 2 0 1 637 35 197 23.6
9 0 8 9 0 0 1 634 31 250 21.56
1 1 0 0 0 0 1 627 32 166 18.92
9 0 0 0 0 5 1 632 33 233 20.34
3 0 9 1 0 0 1 633 12 151 15.94
2 1 0 0 0 0 1 636 31 160 13.2
7 0 6 2 0 0 2 632 636 11 222 21.34
9 0 0 0 4 9 2 632 638 9 155 23.16
1 0 0 2 7 0 1 633 42 234 19.74
5 0 3 0 0 4 1 635 43 180 22.96
9 0 7 2 0 0 2 636 637 40 181 22.46
7 0 3 0 0 7 1 637 48 255 18.23
10 0 3 0 0 7 1 639 49 169 15.12
3 0 0 7 0 0 1 639 55 270 22.4
8 0 2 0 0 10 1 639 18 249 14.37
1 0 0 0 0 0 0 59 181 23.13
87.57 82.76 82.38 82.95 86.24 100.16 142.17 145.29 109.98 73.06 10.85 3.94 0.36 -4.66 -9.2 18.56 37.67 79.56 109.13 148.9 200.08 135.52 101.71 94.17 94.54 90.18 90.53 95.0 97.86 107.68 137.6 128.6 100.29 80.49 18.73 2.06 0.97 -4.47 1.23 6.06 6.93 74.73 108.71 154.44 257.56 152.65 113.79 103.59 103.88 98.89 97.07 98.94 99.7 104.54 126.88 122.38 99.46 71.7 2.52 1.38 -11.12 -21.34 -22.95 -4.1 8.4 39.13 89.66 111.33 158.42 131.4 111.07 101.31 98.92 90.67 89.3 89.25 91.8 100.22 122.62 126.49 100.41 72.4 22.19 15.1 8.01 0.44 -2.43 38.21 69.14 70.01 80.96 117.23 145.53 125.44 110.13 101.61 94.98 88.9 85.85 85.42 89.2 97.19 112.28 117.13 106.05 81.09 21.8 6.29 8.75 25.9 38.95 41.43 56.32 75.01 95.5 122.43 146.35 138.86 116.1 99.3 93.16 93.46 88.78 88.91 90.0 94.11 91.72 89.79 59.52 0.88 0.0 0.2 -4.41 -10.07 -11.32 -6.44 1.28 28.9 75.05 91.54 109.06 125.01 130.03 109.08 106.7 101.54 98.62 97.45 98.41 98.05 91.3 87.2 65.28 9.23 0.0 -0.2 -2.0 -7.37 -15.0 -8.97 -0.2 16.56 92.44 108.04 124.52 130.98 118.86 104.17 111.21 104.19 97.44 94.3 100.58 111.92 132.74 136.4 113.64 94.79 70.9 28.81 12.77 5.0 8.0 28.58 74.99 99.3 116.82 149.23 231.01 154.91 129.65 114.48 116.99 107.35 104.17 106.33 112.6 121.82 144.38 132.49 97.54 77.61 62.82 16.0 7.74 9.07 10.87 28.29 72.91 99.9 109.98 132.32 193.13 152.12 121.93 110.2 107.93 102.33 97.9 94.9 93.7 102.49 112.48 116.54 107.82 84.82 42.22 57.3 50.0 45.17 55.07 70.54 71.62 110.3 122.4 179.0 114.35 110.27 100.72 90.0 101.9 91.14 86.89 86.53 87.33 94.1 112.33 112.03 103.39 98.92 92.89 88.25 90.0 81.26 84.62 95.73 98.9 112.07 134.29 123.69 154.93 131.5 119.6 105.0 104.4 96.58 90.17 89.74 96.2 110.05 132.28 136.37 118.04 88.47 74.43 61.31 23.0 19.58 20.0 64.98 63.58 68.39 114.95 137.77 181.42 146.75 128.14 110.68 106.05 95.88 89.49 84.88 83.36 81.29 83.46 76.84 62.05 12.26 -0.02 -0.33 -0.45 -0.55 -0.9 -1.85 -0.39 50.1 85.92 115.14 134.06 122.87 101.3 91.52 66.23 32.0 16.83 8.36 3.85 2.72 1.2 1.24 -0.02 -0.03 -0.6 -1.31 -1.73 -5.68 -7.2 -6.98 -2.0 0.34 17.45 95.62 109.81 111.77 103.62 94.45 89.84 79.97 75.12 74.41 79.81 88.13 119.49 146.41 130.98 93.48 61.34 24.23 16.4 11.28 6.14 9.7 26.35 57.95 111.65 146.07 212.9 170.69 129.25 106.4 99.03 86.4 77.9 76.44 80.21 83.42 95.01 86.36 69.35 51.1 4.39 3.49 0.16 0.68 1.84 12.73 59.63 88.33 111.39 135.18 182.47 134.28 111.86 92.79 86.59 73.07 70.42 65.61 68.26 79.11 94.64 101.37 96.19 91.7 78.29 73.3 66.97 59.9 57.86 73.48 73.52 98.82 116.22 131.57 159.1 136.24 121.7 104.56 97.6 93.19 90.94 90.45 90.33 90.51 84.78 84.39 82.11 61.49 18.77 1.65 0.24 2.22 0.23 5.48 1.6 15.17 65.09 97.03 121.25 105.81 92.95 75.96 63.73 72.62 48.6 33.95 37.39 56.54 82.17 68.38 53.01 29.13 1.85 0.21 7.44 4.84 -1.56 1.44 0.22 30.36 73.81 123.62 148.34 144.49 130.19 108.2 107.0 100.32 99.42 100.0 100.91 99.1 91.62 79.94 54.19 1.0 -0.02 -1.0 -3.07 -13.17 -7.75 -3.0 -0.05 42.26 88.98 131.6 192.35 192.37 133.16 102.5 91.87 85.29 79.1 73.77 71.34 65.15 35.45 13.0 2.4 -0.01 -0.6 -2.11 -5.48 -12.93 -20.41 -15.61 -6.0 -4.64 10.62 81.25 94.91 100.0 106.67 91.43 83.43 76.96 76.14 79.02 85.08 95.08 109.2 113.48 102.13 86.88 58.73 33.21 20.0 12.78 11.0 19.75 58.25 89.94 124.8 194.41 273.75 244.46 139.44 112.37 114.6 112.55 104.28 101.89 99.45 116.14 134.71 121.52 87.38 59.16 9.74 11.34 14.44 12.36 10.66 21.84 76.45 94.3 95.67 140.89 198.86 136.66 105.25 91.69 70.69 66.16 64.09 64.37 67.64 81.86 100.48 113.08 105.38 65.98 49.02 38.59 18.13 9.69 18.42 46.85 76.59 101.37 120.38 155.33 205.64 138.82 112.43 92.91 105.34 98.78 91.88 90.87 92.47 91.83 111.72 126.85 114.22 80.06 65.62 47.6 20.11 11.6 7.68 21.41 65.66 84.98 106.77 126.48 165.36 119.07 99.8 86.87 77.55 64.81 60.3 54.73 49.3 65.69 97.45 100.0 61.47 11.35 0.08 1.09 6.58 19.12 15.18 20.35 29.65 10.59 52.57 135.0 139.7 134.0 125.31 103.86 111.48 90.4 86.28 90.0 94.54 90.58 85.47 86.74 77.57 63.13 29.64 9.44 1.19 -0.01 -0.02 -0.02 11.17 18.76 72.6 127.6 110.0 103.11 109.7 91.44 94.42 84.85 77.88 76.49 68.55 56.89 40.12 3.87 0.0 -0.5 -2.0 1.8 -14.23 -15.85 -22.95 5.0 4.32 125.6 141.25 200.0 228.34 164.81 96.97 85.68 79.91 68.58 49.25 48.46 44.74 52.32 119.91 103.5 79.65 9.96 0.4 7.37 11.79 -13.76 -13.66 -1.4 7.57 114.4 120.0 119.28 155.95 150.28 125.45 103.15 88.35 79.95 70.42 60.94 55.17 64.85 79.95 83.92 84.6 65.74 22.64 0.7 -0.01 -1.4 3.43 18.39 31.83 105.0 128.4 123.38 134.24 109.02 97.46 102.2 96.08 88.58 74.42 71.15 73.04 90.0 124.71 124.8 92.84 65.19 21.1 1.32 1.19 1.87 1.0 6.12 22.91 79.08 94.63 136.68 217.0 176.83 119.4 95.93 96.43 88.02 85.62 85.4 89.76 93.37 114.18 104.3 78.24 36.33 0.0 -0.2 -7.67 -15.42 -8.67 5.97 8.4 41.7 91.9 123.45 166.41 131.79 131.49 115.08 90.0 90.0 83.11 77.77 75.37 80.1 103.6 87.26 76.49 40.02 4.52 0.12 -1.03 -4.56 -2.38 8.72 13.48 126.56 96.62 122.55 147.83 125.0 109.48 84.8 115.5 90.51 92.35 97.62 69.49 64.57 53.24 21.97 8.28 0.0 -2.45 -10.45 -35.0 -36.75 -25.97 -6.77 -0.39 8.42 85.96 123.83 139.15 130.0 117.59 109.61 91.93 87.92 86.24 89.75 91.34 91.58 83.13 63.59 20.71 1.61 0.0 -0.02 -1.41 -5.75 -5.0 -2.0 -0.01 57.66 99.89 116.85 135.82 138.4 149.75 110.23 104.25 91.34 85.14 84.83 83.22 90.46 110.96 123.49 107.05 82.66 61.96 80.01 80.01 79.64 76.29 79.0 132.03 97.04 93.33 118.49 186.12 189.94 125.79 102.56 103.51 96.61 94.3 93.81 94.71 102.51 118.0 106.38 97.67 70.74 4.58 2.29 1.56 -1.01 -0.09 4.57 27.76 91.21 105.02 139.17 245.0 241.38 136.65 115.77 112.91 106.55 101.4 95.46 96.68 102.89 111.77 114.56 110.18 77.31 22.24 1.17 1.31 1.53 2.87 28.39 28.64 92.72 115.17 138.07 182.43 175.18 132.98 114.59 112.67 106.42 104.65 99.43 99.97 96.21 100.22 89.25 87.48 19.39 0.44 5.61 -12.0 0.44 -29.99 5.36 12.66 160.08 83.36 118.96 132.0 137.25 126.69 105.61 109.34 104.57 104.26 105.37 104.69 109.29 120.56 117.15 104.91 73.23 17.61 4.35 -0.46 -1.15 -0.21 2.49 32.24 93.45 110.58 136.54 202.88 179.61 137.05 121.38 118.78 110.48 108.15 106.86 108.99 104.38 100.71 90.74 75.93 23.4 -0.07 -2.37 -15.91 -29.21 -23.56 -3.17 0.11 64.11 106.3 129.53 157.3 165.82 140.65 118.68 108.61 101.05 96.91 92.65 90.34 88.49 72.75 26.44 0.0 -0.09 -11.11 -37.5 -64.11 -91.87 -75.14 -36.95 -6.08 7.89 107.72 119.23 137.2 137.11 126.42 101.63 88.81 92.21 69.54 66.9 79.78 94.61 130.46 109.44 91.87 51.48 38.02 50.01 84.3 110.22 100.41 142.84 166.99 139.0 250.0 196.34 152.6 125.0 103.11 84.39 103.63 102.38 99.68 95.61 79.55 108.35 125.43 118.18 111.65 120.75 46.91 55.34 74.14 76.35 68.17 54.37 100.0 120.99 135.0 101.96 138.44 120.24 165.03 130.94 82.97 74.81 73.34 72.05 73.82 80.55 105.72 112.01 98.44 72.08 25.74 15.77 27.37 26.51 57.69 66.84 74.29 89.11 113.92 149.24 198.96 240.25 170.94 124.57 119.95 108.09 103.39 99.91 100.02 104.51 120.14 121.01 106.79 96.87 88.26 81.57 70.5 69.41 68.33 80.0 97.39 104.45 125.0 158.95 169.86 147.17 108.36 89.68 74.97 69.34 67.91 73.25 75.68 84.35 105.58 113.2 107.7 91.16 79.18 67.45 55.25 74.77 91.97 97.56 92.63 82.01 87.88 100.72 119.73 134.89 125.79 106.69 92.87 89.72 82.18 76.9 70.45 75.65 74.53 58.98 27.8 2.34 0.01 0.3 1.26 2.25 -0.56 1.22
