640 5
1 54 45 48 38
1 0 0 0 0 0 3 1 2 3 0 203 7.33
10 0 0 7 0 0 3 6 16 18 1 213 10.09
6 0 10 0 4 0 2 8 11 1 212 11.34
10 0 9 2 2 0 3 4 5 10 1 162 10.59
8 0 4 0 5 0 3 17 23 27 11 213 8.58
6 0 2 0 3 4 1 7 11 170 7.84
4 0 2 6 8 0 2 9 12 11 234 11.84
5 1 0 0 0 0 3 14 19 22 17 196 10.78
5 0 0 10 0 3 2 13 30 7 207 11.82
9 1 0 0 0 0 1 28 15 179 6.9
9 0 8 0 6 0 1 23 11 173 11.48
10 0 0 3 0 0 2 18 21 7 226 11.82
9 0 0 9 0 0 2 24 26 15 175 6.69
9 1 0 0 0 0 2 15 20 12 160 8.72
5 0 8 0 6 9 1 26 22 208 9.71
9 0 6 0 5 10 1 25 21 148 10.73
9 0 7 0 2 3 1 25 11 225 7.93
5 0 9 0 0 1 1 29 19 187 9.02
4 0 0 2 0 1 2 20 22 17 157 10.98
7 1 0 0 0 0 1 23 22 228 8.8
4 0 0 4 7 0 1 28 21 174 11.24
5 0 0 0 0 3 1 28 17 207 10.5
6 0 0 2 0 0 1 27 22 181 7.15
5 0 0 0 10 5 1 25 29 143 7.84
8 0 2 9 3 0 1 29 24 216 7.32
2 0 5 1 3 0 1 29 34 200 8.13
7 0 2 0 0 8 1 30 27 209 10.65
4 0 0 5 0 0 1 30 28 242 10.01
5 0 5 0 0 0 1 31 25 202 7.49
8 0 8 10 6 0 1 31 36 214 9.16
7 0 0 0 4 5 1 31 34 184 8.09
1 0 0 0 0 0 0 44 184 9.35
1 0 0 0 0 0 3 33 34 35 0 120 10.42
10 0 2 9 0 0 3 41 46 52 1 199 8.87
1 0 0 0 8 6 3 37 38 50 1 214 8.11
8 0 6 7 4 6 3 36 40 43 1 205 8.16
7 0 0 9 2 10 3 47 49 55 9 197 10.87
10 0 0 2 6 0 3 39 45 54 2 162 7.73
4 0 0 5 7 1 3 42 48 49 2 163 9.03
2 0 3 6 0 0 3 41 46 47 12 204 8.82
9 0 4 10 0 1 3 41 50 52 9 147 8.16
9 0 10 0 2 1 3 49 56 60 18 232 11.56
1 0 5 6 8 10 3 43 45 46 6 155 7.24
4 0 6 5 0 0 3 44 52 54 9 138 7.53
8 0 3 9 5 1 1 47 13 133 8.07
7 0 7 0 0 8 2 51 53 12 203 11.55
1 0 9 5 1 0 2 51 53 14 224 8.51
2 0 0 0 9 0 2 51 57 21 187 10.96
7 1 0 0 0 0 3 55 59 62 6 198 10.42
3 0 7 10 10 9 2 59 62 27 170 11.45
10 0 0 2 4 5 3 53 54 55 18 190 7.65
2 1 0 0 0 0 1 56 23 241 8.33
2 1 0 0 0 0 2 58 61 18 201 7.28
6 1 0 0 0 0 3 57 60 61 28 228 9.75
7 1 0 0 0 0 3 56 57 59 28 207 11.73
5 0 2 3 5 3 1 60 28 190 8.77
7 0 2 0 7 8 1 58 35 235 11.27
7 0 4 4 0 5 1 58 35 247 6.99
2 0 5 9 4 3 1 62 42 207 6.65
8 0 5 6 0 2 1 61 35 252 10.97
8 0 4 4 6 3 1 63 34 245 6.53
4 0 0 4 7 0 1 63 43 175 8.21
9 0 0 7 9 2 1 63 44 212 8.78
1 0 0 0 0 0 0 53 233 7.4
1 0 0 0 0 0 3 65 66 67 0 169 11.82
7 0 0 2 0 0 3 70 75 91 1 160 6.62
4 0 0 0 4 0 3 68 74 79 1 163 8.72
1 0 0 0 7 0 3 69 71 76 1 177 10.58
5 0 0 0 0 4 3 76 78 91 5 214 6.41
9 0 0 0 6 0 3 73 78 86 2 230 9.96
7 0 0 0 5 0 3 71 79 80 8 212 6.94
5 0 0 0 0 7 3 72 77 81 15 213 6.17
7 0 0 0 2 0 3 83 84 88 20 235 7.4
10 0 0 0 0 2 3 80 82 88 11 165 11.15
8 0 0 0 0 9 3 77 87 89 5 124 9.69
2 0 0 10 0 0 3 76 81 85 8 124 7.16
6 0 0 8 0 0 3 80 87 88 10 233 9.07
2 1 0 0 0 0 2 78 86 20 223 10.94
6 1 0 0 0 0 2 85 90 22 171 6.11
5 1 0 0 0 0 3 81 85 90 15 141 9.97
7 1 0 0 0 0 2 84 92 21 157 7.11
4 0 10 0 0 0 3 83 86 87 20 194 7.6
9 0 0 0 0 5 3 83 84 91 21 221 6.24
3 1 0 0 0 0 1 93 30 182 6.88
7 0 0 0 2 0 2 89 90 30 206 12.01
7 1 0 0 0 0 1 92 28 164 9.81
6 0 0 0 0 9 1 93 24 154 7.55
5 0 0 8 0 0 1 92 24 142 9.62
6 1 0 0 0 0 1 89 27 244 10.95
10 0 8 0 0 0 2 93 94 37 238 6.26
2 0 0 5 0 0 1 94 37 206 11.99
5 0 0 0 3 0 1 94 30 187 9.96
3 0 0 9 0 0 1 95 35 251 10.74
7 0 0 0 1 0 1 95 47 252 6.22
5 0 5 0 0 0 1 95 47 191 9.28
1 0 0 0 0 0 0 54 184 6.51
1 0 0 0 0 0 3 97 98 99 0 216 9.32
6 0 5 0 0 8 3 108 111 114 1 213 7.94
6 0 0 0 0 9 2 106 125 1 189 7.54
10 0 0 8 4 0 3 100 109 124 1 183 11.84
1 0 10 7 0 0 2 101 105 11 205 9.87
7 0 4 0 0 7 3 102 103 104 12 188 10.19
10 0 0 0 6 6 2 110 113 19 188 9.92
5 0 3 7 10 0 2 112 116 19 136 6.87
6 1 0 0 0 0 2 110 117 19 202 7.67
4 0 7 0 3 0 3 107 108 111 12 134 10.75
8 0 0 1 0 5 3 119 120 124 7 229 11.58
8 1 0 0 0 0 1 116 16 221 9.16
10 0 6 10 0 0 2 113 116 16 153 6.25
3 0 6 0 4 6 1 118 11 221 8.18
6 1 0 0 0 0 3 111 115 122 29 165 11.54
3 1 0 0 0 0 1 126 35 145 11.46
7 1 0 0 0 0 1 114 24 238 7.19
4 1 0 0 0 0 3 115 122 125 29 241 10.59
4 0 7 0 0 0 3 115 121 122 31 152 9.88
3 0 0 0 5 0 2 119 120 35 160 9.42
5 1 0 0 0 0 1 117 26 190 10.56
3 1 0 0 0 0 2 118 120 31 177 6.51
1 0 5 8 10 2 2 119 121 34 180 9.61
3 1 0 0 0 0 1 126 38 243 9.25
9 0 0 1 5 10 1 123 38 180 10.84
3 1 0 0 0 0 1 125 35 182 7.25
3 1 0 0 0 0 1 123 35 232 9.16
8 0 0 0 4 10 1 126 47 264 11.42
9 0 0 0 2 0 1 127 15 147 6.42
7 0 0 0 0 4 1 127 38 184 6.82
9 0 0 8 7 0 1 127 55 233 11.2
1 0 0 0 0 0 0 64 210 11.62
1 0 0 0 0 0 3 129 130 131 0 211 11.97
5 0 7 0 0 0 3 140 143 146 1 206 10.22
3 0 6 0 0 0 3 132 134 139 1 220 11.56
5 0 0 0 7 0 3 135 139 144 1 146 8.79
3 0 0 0 1 0 3 133 141 151 4 195 6.6
10 0 0 0 0 5 2 143 144 7 177 6.82
5 0 0 0 0 9 3 138 142 144 4 198 11.15
1 0 0 0 7 0 3 136 137 143 6 162 8.86
4 0 0 0 0 5 3 138 142 151 7 154 9.2
1 0 0 5 0 0 3 138 142 150 7 187 10.62
1 0 0 0 0 1 2 140 149 11 160 6.68
8 0 0 0 1 0 3 141 146 152 6 194 9.66
8 0 0 0 0 8 2 145 153 12 216 11.19
8 1 0 0 0 0 3 148 150 154 14 223 8.28
7 0 0 0 6 0 3 149 152 157 11 138 9.13
6 0 0 0 0 1 3 145 153 154 17 156 7.02
5 0 0 0 0 6 3 145 146 153 17 206 8.64
8 1 0 0 0 0 1 147 23 219 9.74
1 1 0 0 0 0 3 148 150 157 22 155 10.78
3 0 0 0 0 7 1 152 31 232 6.5
2 0 0 0 6 0 2 149 156 23 136 6.41
6 0 0 0 0 10 1 158 25 157 8.51
3 0 0 0 0 2 2 155 158 23 171 8.06
7 0 0 0 4 0 1 154 11 204 9.64
1 0 0 0 4 0 1 155 34 218 11.67
9 0 0 0 0 5 2 156 157 23 146 11.61
9 0 1 0 0 0 2 155 158 23 211 6.11
3 0 0 0 6 0 1 156 35 179 9.19
10 0 0 1 0 0 1 159 38 163 10.63
9 0 0 6 0 0 1 159 32 215 7.0
5 0 0 0 0 4 1 159 32 218 7.67
1 0 0 0 0 0 0 48 237 10.17
1 0 0 0 0 0 3 161 162 163 0 162 11.27
6 1 0 0 0 0 2 176 178 1 206 6.16
7 0 7 0 1 9 3 167 170 177 1 172 8.47
7 0 10 3 1 8 3 164 165 187 1 130 10.72
4 0 6 1 3 0 2 166 180 8 194 7.22
10 0 0 7 5 0 1 168 8 143 10.23
1 0 9 0 2 9 2 171 189 12 159 11.97
1 0 2 0 0 3 1 187 8 225 11.4
6 1 0 0 0 0 2 169 185 18 206 7.89
2 0 2 0 0 0 2 179 184 24 163 7.81
9 0 2 9 9 0 1 186 8 217 6.55
4 0 4 2 7 7 3 172 175 176 13 181 9.25
4 0 4 1 0 0 1 173 17 148 9.18
6 1 0 0 0 0 3 174 178 183 21 149 6.21
6 0 0 10 2 8 2 182 186 27 231 6.16
8 0 7 10 0 9 1 179 17 208 7.45
3 0 1 6 4 9 1 181 17 159 10.35
2 0 7 2 8 7 1 190 8 164 8.69
8 0 4 4 8 7 1 184 27 246 8.61
9 1 0 0 0 0 1 181 26 229 8.22
8 0 6 3 0 0 1 184 12 173 10.87
6 0 5 8 5 2 1 188 35 236 9.71
8 0 7 0 7 1 1 185 33 175 6.98
4 1 0 0 0 0 2 185 190 27 204 9.95
4 0 5 7 0 8 1 188 35 189 9.24
1 0 1 7 4 9 1 188 41 256 9.75
1 0 0 7 8 5 1 190 33 215 7.17
6 0 0 3 6 9 1 189 9 202 8.37
4 0 4 9 9 7 1 191 42 255 8.47
8 1 0 0 0 0 1 191 15 140 7.34
8 0 7 4 6 6 1 191 34 243 10.39
1 0 0 0 0 0 0 46 232 6.51
1 0 0 0 0 0 3 193 194 195 0 222 8.37
2 0 0 7 4 7 3 197 198 199 1 216 12.02
6 0 3 4 7 0 3 196 198 214 1 214 8.61
8 0 7 0 10 8 3 202 206 213 1 158 6.63
6 0 0 9 3 10 3 197 201 208 7 159 9.97
8 0 4 5 0 4 3 200 202 211 13 174 9.96
3 1 0 0 0 0 3 207 213 215 7 180 11.17
3 0 0 2 8 6 3 201 205 208 3 219 8.01
4 1 0 0 0 0 3 203 204 218 21 136 7.59
7 0 10 3 6 10 3 203 211 218 13 192 9.93
6 0 7 6 0 0 3 209 212 222 21 149 10.96
4 1 0 0 0 0 3 207 212 216 25 138 6.43
2 1 0 0 0 0 3 209 213 215 25 233 8.25
5 0 1 8 0 3 3 209 214 215 6 182 11.14
10 0 4 2 7 2 3 207 210 214 9 148 8.1
5 0 3 3 1 0 1 217 29 171 8.18
3 1 0 0 0 0 3 210 212 222 13 158 6.53
10 0 8 0 6 4 1 219 27 235 11.07
7 1 0 0 0 0 2 211 220 19 172 6.32
1 0 3 6 0 1 1 217 26 187 8.64
7 0 7 1 0 0 2 219 221 29 144 11.22
3 0 10 2 4 0 2 220 221 27 239 10.73
1 1 0 0 0 0 2 216 218 19 196 6.75
1 1 0 0 0 0 1 216 27 194 10.07
7 0 1 2 7 0 1 217 29 176 11.56
4 0 3 8 4 5 1 221 36 157 11.1
4 0 0 10 7 0 2 219 222 25 180 6.8
2 0 0 4 0 0 1 220 37 248 9.33
7 0 3 3 1 9 1 223 39 218 10.6
8 0 5 5 10 2 1 223 40 196 7.86
10 0 3 9 2 4 1 223 29 162 8.21
1 0 0 0 0 0 0 48 259 9.38
1 0 0 0 0 0 3 225 226 227 0 184 8.15
10 0 0 0 0 4 3 228 230 231 1 124 11.56
1 0 0 0 0 10 1 234 1 168 7.8
9 0 4 0 0 0 2 229 239 1 200 11.22
3 0 6 0 0 0 2 238 246 11 177 9.79
1 0 3 0 0 0 2 233 235 10 207 11.3
7 1 0 0 0 0 3 232 237 248 11 185 11.34
1 0 0 0 0 2 1 236 11 205 11.8
4 1 0 0 0 0 1 247 18 133 9.46
10 0 0 0 0 2 1 245 11 185 10.8
6 0 0 0 10 0 3 237 239 247 2 135 6.27
2 0 0 0 0 6 2 236 244 11 150 11.04
3 0 0 7 0 0 3 240 247 253 13 220 10.07
1 1 0 0 0 0 1 241 18 213 10.03
3 0 0 0 0 6 2 239 252 14 231 9.99
1 1 0 0 0 0 1 242 17 170 9.09
3 0 0 0 0 7 1 241 16 213 11.74
10 0 0 0 0 9 2 243 254 19 137 8.88
1 1 0 0 0 0 1 251 18 237 10.23
3 0 5 0 0 0 1 249 29 199 9.75
4 0 0 3 0 0 1 251 13 128 10.76
2 0 8 0 0 0 1 251 21 143 10.35
4 0 1 0 0 0 1 250 14 144 10.12
2 0 3 0 0 0 2 249 254 22 171 8.07
4 1 0 0 0 0 1 253 18 206 10.64
6 0 0 0 0 7 1 252 32 181 10.44
9 1 0 0 0 0 1 253 18 161 7.45
2 1 0 0 0 0 1 254 23 169 10.89
1 0 0 0 9 0 1 255 38 218 9.33
1 1 0 0 0 0 1 255 27 237 8.82
9 0 0 0 4 0 1 255 29 165 10.56
1 0 0 0 0 0 0 39 209 8.5
1 0 0 0 0 0 3 257 258 259 0 135 10.41
2 0 0 0 0 7 3 260 261 268 1 176 10.16
3 0 0 0 0 8 2 267 270 1 150 9.36
4 0 10 0 0 0 3 262 263 272 1 226 10.37
4 0 0 0 9 0 2 263 275 3 209 10.24
3 0 0 0 0 7 1 264 3 183 7.47
5 0 0 9 0 0 3 264 265 271 5 217 10.01
7 0 0 0 0 9 1 282 7 232 11.25
7 0 0 0 1 0 3 266 279 280 10 157 11.34
8 0 5 0 0 0 2 267 279 10 154 6.51
2 0 1 0 0 0 3 269 275 277 17 232 10.51
7 0 8 0 0 0 1 284 18 172 9.65
2 0 1 0 0 0 3 270 274 278 3 210 9.77
4 1 0 0 0 0 2 274 283 19 210 8.14
10 0 0 0 0 9 2 273 285 5 197 11.13
5 0 0 0 0 8 1 281 10 126 10.34
5 0 0 0 5 0 2 279 282 5 161 11.46
8 0 0 0 0 8 2 276 280 15 179 6.82
2 1 0 0 0 0 2 276 286 23 133 11.41
9 0 0 0 8 0 2 276 278 19 206 6.35
10 0 0 5 0 0 1 281 28 208 8.92
7 1 0 0 0 0 2 278 284 19 219 8.79
8 0 0 0 6 0 2 282 283 28 225 9.11
10 1 0 0 0 0 1 285 18 178 9.72
4 0 0 0 0 5 2 281 283 23 223 11.9
6 0 0 0 0 6 1 284 38 226 7.35
6 0 3 0 0 0 2 285 286 36 253 10.64
10 0 9 0 0 0 1 286 36 158 11.27
4 0 0 8 0 0 1 287 44 179 8.31
3 0 0 0 0 6 1 287 42 178 10.93
5 0 0 0 0 2 1 287 46 196 10.87
1 0 0 0 0 0 0 51 210 9.63
1 0 0 0 0 0 3 289 290 291 0 133 8.96
6 0 0 0 0 2 3 298 307 315 1 132 11.64
6 0 0 0 0 8 2 293 297 1 162 11.76
7 0 0 0 0 2 3 292 294 297 1 215 8.59
6 0 4 0 0 0 3 295 296 308 8 157 6.22
10 0 0 0 8 0 3 298 308 313 7 143 6.86
7 0 0 6 0 0 3 299 300 308 8 192 6.15
10 0 0 0 0 9 3 302 303 306 14 176 11.07
4 0 0 7 0 0 3 298 300 310 14 218 8.6
6 0 2 0 0 0 3 301 307 312 8 143 6.98
8 0 1 0 0 0 2 305 309 18 209 9.46
8 0 0 4 0 0 3 301 304 309 15 192 10.8
8 1 0 0 0 0 3 306 309 318 18 136 9.16
4 1 0 0 0 0 3 302 303 317 23 140 10.02
2 1 0 0 0 0 2 305 310 27 184 8.53
5 1 0 0 0 0 3 311 314 318 27 179 8.48
2 1 0 0 0 0 3 305 306 310 23 173 8.28
8 0 0 0 0 4 1 314 29 154 7.28
1 1 0 0 0 0 3 307 312 314 26 164 6.45
2 1 0 0 0 0 2 311 313 27 174 7.24
7 1 0 0 0 0 3 311 315 317 17 154 11.92
6 0 0 3 0 0 1 312 26 221 8.17
9 0 4 0 0 0 2 313 315 29 196 11.25
1 0 0 0 3 0 1 316 32 160 12.05
5 0 10 0 0 0 1 317 32 211 8.64
5 0 0 0 8 0 1 316 38 184 7.82
2 0 0 0 2 0 1 316 37 174 6.34
7 0 2 0 0 0 1 318 38 242 9.95
2 0 0 0 3 0 1 319 43 249 7.37
10 0 7 0 0 0 1 319 37 181 11.71
9 0 0 0 0 8 1 319 45 248 9.16
1 0 0 0 0 0 0 54 166 9.47
1 0 0 0 0 0 3 321 322 323 0 120 7.94
2 0 0 3 0 0 3 328 339 341 1 172 11.85
10 0 0 8 10 3 3 325 334 337 1 180 8.61
7 0 3 4 10 8 3 324 326 327 1 145 6.39
9 0 6 4 10 0 3 335 339 341 8 154 6.32
7 0 0 8 1 0 3 332 336 342 11 148 7.92
2 0 0 5 10 3 2 332 343 8 162 7.22
4 0 1 4 0 0 3 329 347 348 8 202 6.68
2 0 1 2 0 0 3 330 331 333 3 151 10.08
2 1 0 0 0 0 1 335 12 138 9.23
10 0 0 6 1 1 2 342 345 5 204 9.61
8 0 10 8 4 0 2 337 343 5 194 6.3
8 1 0 0 0 0 3 335 339 344 18 138 6.16
2 0 0 0 0 7 3 336 340 345 5 172 6.9
6 0 0 0 0 3 2 338 344 11 164 12.02
3 0 3 1 0 9 1 345 26 167 6.29
3 0 0 4 0 0 1 338 18 163 9.98
4 0 0 5 0 0 1 348 13 126 6.17
2 1 0 0 0 0 1 350 21 173 11.26
5 1 0 0 0 0 2 348 350 26 203 9.4
10 0 2 0 0 0 1 342 7 127 11.1
2 1 0 0 0 0 2 347 349 17 130 10.36
6 0 5 0 4 2 1 343 18 178 10.98
8 1 0 0 0 0 1 344 24 152 11.35
5 0 9 0 10 0 2 346 349 32 235 6.39
7 0 5 0 0 0 1 349 29 215 6.43
3 0 0 0 9 5 1 347 37 151 11.26
5 0 0 0 0 8 1 350 40 178 9.18
10 0 0 3 1 0 1 351 31 213 6.37
4 0 0 6 6 9 1 351 37 215 8.12
3 0 0 1 7 2 1 351 45 156 10.62
1 0 0 0 0 0 0 48 186 10.78
1 0 0 0 0 0 3 353 354 355 0 173 8.29
4 0 4 0 0 0 3 357 362 364 1 152 10.76
7 0 8 0 0 0 3 356 358 367 1 156 6.27
8 0 10 0 0 0 3 356 360 364 1 214 9.54
5 0 0 0 0 8 3 363 365 372 9 194 11.4
7 0 0 0 6 0 3 361 368 377 5 168 6.21
5 0 0 0 0 1 3 359 364 374 8 185 7.89
1 0 0 5 0 0 3 363 366 381 13 151 8.99
1 0 0 0 0 1 3 365 367 370 9 131 7.84
4 0 0 0 2 0 3 365 367 375 12 218 10.83
10 0 2 0 0 0 3 363 377 378 5 170 8.86
2 0 0 0 10 0 2 368 371 15 211 10.09
8 0 3 0 0 0 3 366 368 375 13 184 6.49
7 1 0 0 0 0 3 366 369 376 16 232 7.74
1 1 0 0 0 0 2 373 380 23 184 6.85
5 0 0 0 1 0 3 374 376 380 16 222 8.6
2 0 0 0 6 0 1 373 21 171 8.56
3 0 0 0 7 0 1 371 23 157 9.03
1 0 3 0 0 0 3 372 376 377 10 138 11.52
1 0 0 0 5 0 1 380 26 184 7.42
7 1 0 0 0 0 3 373 374 375 14 153 7.78
4 0 10 0 0 0 1 382 24 161 8.65
7 0 7 0 0 0 2 379 382 21 220 8.94
8 0 8 0 0 0 2 378 379 21 191 6.75
7 0 0 0 10 0 2 378 381 23 202 9.87
4 1 0 0 0 0 1 379 15 228 10.79
7 0 6 0 0 0 1 382 30 146 11.35
4 0 0 8 0 0 1 381 29 190 8.29
5 0 0 5 0 0 1 383 27 230 9.71
7 0 2 0 0 0 1 383 33 218 6.57
7 0 0 0 6 0 1 383 37 159 10.74
1 0 0 0 0 0 0 44 190 11.96
1 0 0 0 0 0 3 385 386 387 0 123 10.1
2 0 5 0 0 0 2 389 401 1 125 11.11
10 0 5 0 0 0 3 388 398 405 1 194 8.28
10 0 0 4 0 0 2 392 397 1 123 10.97
8 0 0 7 0 0 3 393 399 401 11 140 8.33
4 0 0 0 9 0 3 390 394 396 3 139 7.29
7 0 0 0 0 2 2 391 406 7 178 8.94
6 0 0 9 0 0 1 400 14 200 11.21
5 0 0 2 0 0 2 404 410 11 151 11.28
7 0 0 0 0 7 2 397 409 19 218 11.81
2 0 0 1 0 0 3 395 398 414 7 226 7.37
10 0 0 7 0 0 3 402 407 413 9 136 6.64
5 0 9 0 0 0 2 397 402 7 198 11.74
2 1 0 0 0 0 3 407 411 413 26 191 8.67
2 0 0 0 4 0 2 403 413 11 136 9.93
8 0 0 0 0 8 2 406 409 19 211 11.74
1 1 0 0 0 0 2 412 414 20 208 10.75
10 0 0 1 0 0 3 404 406 410 19 178 6.43
8 0 0 0 0 4 2 403 408 19 190 8.36
4 1 0 0 0 0 1 404 27 187 10.29
3 0 0 0 0 9 1 409 31 246 11.26
6 0 0 5 0 0 1 408 11 148 10.76
8 1 0 0 0 0 2 408 414 29 155 10.1
6 1 0 0 0 0 1 410 28 185 10.36
10 0 0 0 0 10 1 411 37 177 10.02
9 0 0 0 0 10 1 411 34 208 6.05
3 0 0 0 5 0 1 412 34 186 11.47
6 0 0 1 0 0 1 412 47 217 7.61
1 0 2 0 0 0 1 415 53 203 7.42
7 0 0 0 0 9 1 415 28 172 10.75
10 0 0 0 10 0 1 415 37 199 9.39
1 0 0 0 0 0 0 54 203 9.95
1 0 0 0 0 0 3 417 418 419 0 217 10.7
1 0 7 0 2 0 2 434 444 1 222 10.39
3 0 0 3 3 6 3 422 425 435 1 183 8.8
8 0 9 0 3 4 3 420 421 431 1 153 9.76
1 0 4 0 7 7 3 423 426 428 9 134 7.21
4 0 2 0 0 0 2 427 429 9 214 7.23
4 0 9 0 0 8 1 430 4 226 10.97
3 0 10 5 10 0 1 424 10 215 10.87
7 1 0 0 0 0 1 437 13 217 9.31
9 0 8 0 0 0 2 436 439 4 221 6.45
2 0 2 0 2 0 1 432 10 178 8.15
8 0 0 10 6 0 1 432 13 207 7.85
6 0 0 9 2 0 3 438 440 442 10 141 7.26
2 0 8 6 3 0 1 441 13 131 9.55
8 1 0 0 0 0 2 438 440 8 211 8.11
9 0 0 7 0 10 3 433 443 445 9 236 9.28
2 1 0 0 0 0 1 446 21 178 8.06
10 0 0 0 0 6 2 442 444 18 206 8.89
8 1 0 0 0 0 1 440 2 143 9.58
7 1 0 0 0 0 1 443 4 231 11.28
5 0 5 6 0 0 1 441 13 135 11.17
5 1 0 0 0 0 1 438 20 140 10.59
8 0 0 9 3 1 1 444 25 183 10.47
8 0 6 0 0 10 1 445 13 160 10.8
1 0 3 0 1 5 1 441 16 227 7.27
10 0 8 0 0 0 1 443 18 180 7.28
5 0 6 0 0 4 1 446 28 173 6.61
10 0 4 7 3 10 1 446 28 251 10.44
3 0 0 1 0 0 1 447 33 240 9.65
8 0 0 0 7 0 1 447 21 142 11.44
10 0 0 0 2 0 1 447 38 249 9.9
1 0 0 0 0 0 0 48 187 11.21
1 0 0 0 0 0 3 449 450 451 0 129 9.94
6 0 10 10 4 0 2 470 476 1 175 6.93
6 0 9 3 0 0 3 457 460 473 1 126 7.14
9 0 1 0 2 2 3 452 453 454 1 179 8.94
1 0 1 0 8 6 3 465 467 471 10 163 6.85
5 0 0 9 5 4 3 458 461 470 10 219 6.13
10 0 0 9 6 0 3 455 456 464 10 200 7.76
2 1 0 0 0 0 2 459 467 20 211 6.36
6 1 0 0 0 0 1 463 20 237 11.43
7 0 3 5 0 2 3 459 462 464 7 208 11.56
1 0 0 4 8 0 1 462 15 214 6.07
6 0 4 4 4 8 1 468 22 164 8.93
1 0 8 3 5 5 1 469 7 156 8.05
10 0 0 3 9 9 2 466 474 15 163 8.4
8 1 0 0 0 0 2 466 467 16 150 10.43
5 0 0 9 10 0 2 468 472 26 204 7.37
7 1 0 0 0 0 2 468 474 20 167 8.63
9 0 7 6 7 0 1 466 11 192 8.53
5 1 0 0 0 0 3 469 475 478 25 239 10.63
10 0 2 3 4 7 2 475 477 24 157 11.69
3 0 0 8 0 3 3 469 470 475 31 191 8.34
5 0 1 1 5 3 1 477 34 221 10.8
2 0 7 6 7 8 1 478 34 156 11.35
4 0 0 8 5 8 1 473 11 163 11.43
8 0 0 4 6 4 3 473 474 477 31 214 6.14
2 0 1 0 7 3 1 478 39 180 6.82
2 0 6 0 7 4 1 476 39 203 9.51
6 0 10 8 10 1 1 476 34 225 10.17
2 0 0 7 4 3 1 479 41 227 8.04
10 0 6 8 1 6 1 479 39 198 9.08
9 0 0 4 0 2 1 479 41 215 9.32
1 0 0 0 0 0 0 50 169 6.76
1 0 0 0 0 0 3 481 482 483 0 125 6.35
2 0 9 9 4 1 3 486 491 492 1 166 9.63
1 0 9 9 10 5 3 484 485 487 1 147 7.46
4 0 4 8 6 3 1 500 1 130 10.38
10 0 6 10 7 2 2 489 497 2 202 9.28
10 0 10 8 9 2 3 490 495 501 2 153 8.78
1 0 3 2 10 6 1 494 3 195 12.06
1 0 6 1 7 2 2 488 493 2 164 8.23
4 0 6 2 4 9 1 508 3 180 7.87
10 0 1 3 6 9 1 509 12 213 11.93
3 0 1 4 9 2 3 498 503 504 12 211 8.21
1 0 10 10 9 2 1 510 3 196 6.69
2 0 5 4 1 3 3 494 505 506 3 122 11.65
3 0 10 1 2 3 1 499 3 161 10.45
10 0 6 2 2 4 1 497 5 127 8.64
3 0 5 3 1 5 2 496 508 12 226 7.29
4 0 10 9 9 10 1 500 15 212 7.74
10 0 4 10 7 4 1 502 15 195 11.27
5 0 3 6 2 8 2 499 507 15 191 6.37
5 0 1 3 5 4 1 508 20 133 10.42
1 1 0 0 0 0 2 503 509 19 198 7.73
6 0 4 8 10 1 1 504 12 152 10.46
2 1 0 0 0 0 1 509 25 201 9.91
4 1 0 0 0 0 1 507 20 161 8.33
8 0 5 8 9 7 1 505 18 135 9.88
5 0 2 6 4 2 1 507 26 245 11.17
4 0 7 3 1 1 1 510 5 211 6.61
10 0 5 1 6 3 1 510 31 209 9.23
10 0 1 7 8 8 1 511 25 247 9.61
4 0 7 2 5 3 1 511 27 183 11.07
4 0 7 4 5 10 1 511 41 153 10.48
1 0 0 0 0 0 0 45 232 6.59
1 0 0 0 0 0 3 513 514 515 0 196 8.89
2 0 0 5 5 9 1 530 1 162 9.36
10 0 2 9 10 0 2 517 525 1 156 7.31
4 0 5 0 0 5 3 516 528 533 1 156 6.69
6 0 6 8 0 0 3 519 522 523 5 143 9.54
5 0 2 8 7 0 2 518 520 11 142 7.13
4 1 0 0 0 0 2 528 542 16 171 11.67
7 0 0 0 3 2 1 541 11 196 11.98
2 0 0 7 0 0 1 521 16 151 11.35
1 1 0 0 0 0 3 526 530 531 18 171 10.91
7 0 0 0 0 9 1 542 11 146 7.15
10 0 10 8 0 0 1 524 11 180 8.88
6 0 0 2 0 0 2 534 537 21 166 7.79
5 0 0 0 5 0 1 527 11 189 11.96
2 0 4 0 1 0 1 539 19 173 11.3
3 0 2 0 1 0 1 535 16 213 7.38
8 1 0 0 0 0 3 529 532 536 20 136 8.99
3 0 7 3 0 0 2 538 540 28 200 11.22
8 1 0 0 0 0 1 537 19 169 6.53
3 1 0 0 0 0 1 535 19 143 7.11
8 0 5 1 0 0 1 535 28 168 9.75
8 0 0 3 5 0 1 540 5 160 9.95
8 0 9 10 8 8 1 541 27 189 10.42
1 0 0 0 1 0 2 538 540 36 173 11.18
3 0 0 4 0 5 2 537 538 28 180 10.34
8 0 1 0 6 9 1 539 31 199 9.38
3 0 0 7 5 9 1 539 37 154 7.53
2 0 2 0 0 3 1 541 40 227 11.29
1 0 0 0 0 1 1 543 37 237 8.82
2 0 0 4 0 0 1 543 42 257 9.68
6 1 0 0 0 0 1 543 20 221 8.28
1 0 0 0 0 0 0 44 248 11.76
1 0 0 0 0 0 3 545 546 547 0 184 9.27
6 0 1 6 8 6 3 548 551 553 1 147 9.51
7 0 4 7 7 4 2 560 572 1 199 9.7
6 0 5 4 1 7 3 549 550 560 1 223 11.56
4 0 6 10 3 9 3 550 561 565 7 178 8.59
7 0 4 9 8 3 3 554 555 556 7 220 6.45
6 0 10 2 2 5 1 552 11 194 10.99
7 1 0 0 0 0 3 557 568 572 7 134 9.28
8 0 2 9 1 2 2 554 562 17 194 8.42
7 0 4 3 2 3 3 559 563 569 7 177 8.48
9 0 3 10 3 8 1 563 25 241 8.02
5 0 3 2 1 4 3 564 566 570 14 182 10.77
9 0 2 6 1 1 3 557 558 567 14 187 10.09
7 0 4 1 6 10 2 563 574 23 208 7.7
1 1 0 0 0 0 2 568 573 23 172 7.77
10 0 9 1 7 10 2 566 570 14 184 6.36
2 1 0 0 0 0 1 564 8 191 6.47
6 0 2 3 10 9 1 562 11 226 8.92
10 1 0 0 0 0 1 567 25 189 6.57
10 0 10 5 4 4 1 566 34 171 6.06
3 1 0 0 0 0 3 565 567 568 19 150 6.62
5 0 3 6 10 2 1 571 22 238 10.61
1 0 1 1 4 6 1 571 44 151 9.35
3 1 0 0 0 0 1 571 35 176 11.22
9 0 4 9 8 4 1 574 24 206 6.72
2 0 8 5 1 7 2 570 572 14 172 8.26
8 0 10 4 7 2 2 573 574 24 227 11.05
6 0 1 10 6 9 1 573 45 246 10.25
3 1 0 0 0 0 1 575 16 172 9.11
5 0 6 6 10 10 1 575 51 184 10.11
8 0 9 5 4 9 1 575 33 197 8.83
1 0 0 0 0 0 0 56 224 6.44
1 0 0 0 0 0 3 577 578 579 0 149 7.52
10 0 6 9 7 10 3 580 590 594 1 161 7.19
2 0 5 6 6 5 3 581 586 601 1 192 10.39
8 0 2 7 6 2 3 584 589 596 1 163 8.7
5 0 2 1 4 8 3 582 583 595 11 131 6.66
8 0 3 1 9 7 3 585 593 597 3 210 11.17
8 0 5 2 3 6 1 587 16 231 6.17
1 0 2 3 9 3 1 586 16 195 6.19
3 0 6 10 3 2 1 605 9 175 8.46
1 1 0 0 0 0 2 591 606 11 199 7.75
9 0 8 6 1 5 1 588 17 151 10.99
10 1 0 0 0 0 2 592 597 24 248 8.41
1 0 5 3 1 10 1 598 26 208 8.05
6 0 1 9 5 5 1 600 9 233 11.28
9 0 10 6 5 2 2 592 599 11 195 7.46
7 0 4 1 9 6 1 602 12 149 11.34
3 0 1 5 2 8 2 603 606 34 215 10.94
9 0 3 4 5 5 1 605 11 197 7.67
9 0 9 1 1 8 1 596 11 229 10.44
2 0 3 5 10 3 1 602 16 218 6.36
5 1 0 0 0 0 1 601 20 192 9.5
2 0 6 8 9 3 1 598 34 196 6.36
8 0 1 10 2 3 2 599 604 36 207 8.67
2 0 9 3 4 9 1 603 44 227 7.74
6 0 1 10 2 10 1 603 15 218 8.26
10 0 9 6 6 3 1 602 25 201 8.86
9 0 4 3 2 2 1 604 35 178 10.19
2 0 7 6 5 6 1 605 46 207 10.2
3 0 2 9 4 2 1 607 44 181 11.64
4 0 1 5 2 3 1 607 48 220 9.67
4 0 5 2 10 1 1 607 37 230 11.73
1 0 0 0 0 0 0 52 243 8.8
1 0 0 0 0 0 3 609 610 611 0 129 7.0
7 0 4 1 10 1 3 616 625 628 1 195 7.63
4 0 5 3 5 5 3 614 615 617 1 184 10.98
1 0 3 9 5 5 3 612 613 632 1 115 6.97
3 0 1 9 10 1 3 616 618 619 2 192 8.1
6 0 3 5 3 1 2 619 621 2 158 8.14
8 0 2 2 5 10 3 621 627 631 5 138 11.47
9 0 6 5 10 6 3 628 633 635 5 206 9.65
5 0 6 3 1 9 3 624 629 631 8 222 10.8
8 0 7 9 8 8 3 622 628 630 5 156 9.31
3 0 4 9 6 5 3 620 621 631 5 190 7.1
3 0 3 2 7 2 3 620 622 623 8 209 6.66
9 0 4 9 10 1 3 624 626 633 11 142 10.35
5 0 1 3 5 1 3 623 625 634 13 127 10.28
7 0 2 7 2 6 3 625 627 634 13 207 10.85
2 1 0 0 0 0 3 626 629 630 18 224 11.11
7 1 0 0 0 0 2 627 630 20 164 7.68
10 1 0 0 0 0 2 626 629 20 208 11.96
2 1 0 0 0 0 1 637 30 173 7.65
2 0 4 2 1 7 1 636 27 149 10.61
8 1 0 0 0 0 2 632 638 14 222 9.86
7 0 2 2 8 6 2 633 635 30 203 6.41
8 0 8 4 6 6 2 635 637 27 182 8.39
6 1 0 0 0 0 2 634 638 13 144 10.1
6 0 1 1 9 10 1 636 22 181 6.19
10 0 7 7 6 2 1 638 37 213 9.65
5 0 3 4 4 7 1 637 20 182 11.65
1 0 1 1 2 4 1 636 37 227 8.29
9 0 7 1 9 4 1 639 38 252 7.27
3 0 9 4 5 10 1 639 35 244 10.83
2 0 2 7 3 9 1 639 47 224 11.52
1 0 0 0 0 0 0 49 235 8.59
118.61 106.45 101.44 98.81 100.99 110.05 134.2 143.67 149.08 132.38 110.37 109.41 90.85 97.69 99.79 85.42 114.43 105.42 109.84 142.85 151.22 131.88 110.4 91.46 104.19 94.75 89.95 88.99 89.44 93.67 111.41 118.73 116.13 91.29 83.34 81.26 86.08 79.91 76.02 74.34 84.79 92.57 89.0 112.47 128.72 119.55 115.9 100.0 95.1 83.93 80.72 81.43 81.54 94.05 113.66 116.46 114.08 96.59 84.68 77.34 63.67 46.02 36.98 49.8 76.89 81.48 101.47 118.11 138.09 137.6 117.58 104.57 100.91 95.73 89.1 86.4 87.77 98.5 107.29 107.57 104.93 88.28 79.62 65.33 45.17 39.34 39.25 56.39 76.55 86.99 100.03 112.59 132.34 132.27 120.31 107.33 103.55 98.01 93.32 89.8 90.67 95.58 104.78 102.99 101.96 92.19 81.38 71.53 61.66 41.05 32.04 50.0 70.94 95.0 105.88 112.89 120.83 117.01 109.68 103.13 112.0 104.43 103.56 97.52 93.47 89.89 85.09 87.79 82.96 60.06 18.19 3.0 0.22 0.0 0.0 0.22 23.08 71.54 106.94 110.28 119.41 123.65 125.0 115.42 115.05 108.56 107.78 106.85 104.04 100.25 95.11 91.59 79.26 36.95 4.28 0.05 0.0 0.0 0.0 0.0 2.32 71.81 102.22 115.58 122.12 128.07 126.94 115.63 113.78 103.11 97.31 93.57 97.3 108.18 117.87 119.7 103.12 87.75 81.22 77.69 71.95 65.01 58.01 67.28 85.23 99.88 117.0 150.05 186.21 164.52 128.73 114.94 107.59 102.64 92.71 88.22 87.18 93.0 110.69 113.26 106.74 90.29 76.31 64.27 61.73 49.76 50.47 64.91 83.37 100.22 117.11 136.16 147.62 144.83 120.52 110.6 97.93 92.89 85.63 82.27 82.94 88.98 106.05 112.86 111.66 103.18 88.93 85.5 82.8 81.76 78.61 83.81 91.1 95.54 105.52 125.0 143.17 134.85 116.44 108.94 105.09 100.09 91.7 89.3 90.21 93.89 108.91 114.11 105.92 93.1 85.0 77.07 70.17 67.76 57.1 71.34 88.48 94.73 112.75 128.76 139.96 134.5 125.07 114.18 107.84 99.69 96.24 96.29 97.95 107.46 116.86 115.82 109.4 97.77 84.84 82.01 80.0 73.02 71.2 72.68 87.65 91.87 101.9 120.0 142.41 139.5 124.58 111.94 103.49 104.13 102.01 99.65 96.93 95.73 97.07 86.1 78.11 52.32 10.0 0.65 0.0 -0.01 0.0 4.09 40.39 84.6 106.66 115.13 120.72 111.15 105.48 98.02 98.1 88.55 91.3 99.42 99.81 96.71 95.24 78.03 74.6 40.61 8.52 1.96 0.0 -0.01 0.0 8.53 69.88 94.7 104.51 115.63 122.54 126.75 117.31 108.24 91.62 84.97 84.12 83.96 84.96 94.24 116.33 123.34 118.99 105.0 97.67 93.45 84.94 83.84 82.95 84.94 92.6 103.86 119.85 145.57 111.39 113.65 101.91 99.9 90.37 87.53 84.89 82.27 83.7 91.4 109.11 108.66 100.22 91.99 83.17 70.01 64.53 23.99 12.57 42.89 69.94 87.04 112.05 135.55 99.43 106.55 101.3 101.58 93.63 88.67 88.96 84.58 88.72 93.04 95.34 102.74 96.5 82.81 70.63 76.77 69.62 69.5 69.06 70.66 82.27 95.45 122.48 181.21 176.27 93.76 98.89 100.0 97.21 99.22 94.6 93.45 95.37 102.99 110.98 115.44 109.36 96.42 89.86 85.09 82.69 83.21 84.56 89.86 98.56 105.66 106.58 110.0 102.96 123.04 107.47 106.47 109.66 104.06 98.39 94.29 98.85 99.2 110.0 112.29 110.94 98.44 94.93 85.24 83.33 80.31 78.77 86.34 91.55 92.77 116.96 137.6 183.66 135.21 105.39 107.18 108.78 103.92 94.8 96.0 96.45 97.0 98.78 97.23 88.72 87.08 81.02 76.61 67.54 63.14 62.17 71.96 85.2 100.69 92.47 93.86 100.81 115.0 113.62 107.99 102.03 97.0 92.48 89.38 90.06 87.17 87.86 85.6 80.85 80.1 77.09 71.24 46.2 15.04 8.85 17.66 47.08 81.86 82.62 90.79 94.59 115.47 110.0 102.57 97.87 87.02 82.24 80.38 80.8 86.2 105.62 116.88 118.42 108.0 100.75 93.19 84.1 80.21 72.36 77.93 80.45 90.43 88.61 90.9 94.03 99.18 99.56 93.52 88.51 85.86 84.7 84.05 86.25 95.18 101.38 108.9 96.98 82.12 68.77 56.28 25.06 8.95 11.67 21.47 55.14 74.27 85.81 107.85 141.01 116.33 108.83 100.96 96.09 92.03 87.07 85.17 87.15 97.15 100.98 98.65 90.99 72.7 58.59 40.45 24.79 17.69 10.7 28.25 54.23 81.08 84.43 121.34 113.2 108.13 99.62 96.29 94.81 88.24 78.39 75.82 78.37 87.12 100.52 100.69 93.96 85.62 72.89 71.88 62.44 49.48 35.27 56.25 73.74 88.12 90.87 114.17 131.28 118.62 107.87 102.21 104.96 98.01 91.74 88.3 93.62 100.52 106.43 110.0 106.13 98.62 77.66 71.83 72.48 63.67 50.41 50.76 72.4 77.48 91.84 107.62 105.0 99.37 106.42 101.11 104.13 100.0 97.59 92.19 91.37 90.87 89.53 84.61 77.91 61.53 31.71 5.68 2.95 0.0 0.0 0.0 5.43 61.96 92.52 100.14 101.15 100.34 101.05 94.13 82.96 77.4 71.52 68.87 66.59 60.8 47.24 26.18 6.16 0.0 -1.01 -2.1 -3.0 -9.9 -10.08 -4.98 -1.78 -11.06 58.84 79.91 85.38 89.62 94.0 85.09 81.29 70.07 69.97 69.91 73.31 81.9 94.44 102.03 98.6 91.4 72.89 53.83 14.9 4.05 0.66 11.02 34.96 65.28 81.0 90.65 93.08 89.09 68.34 62.14 9.5 15.71 11.54 24.55 54.79 74.46 92.24 94.42 75.45 3.91 0.03 -1.8 -4.81 -6.18 -11.72 -5.54 21.6 55.01 60.8 103.44 114.28 103.44 85.0 79.94 75.0 60.44 59.64 59.37 58.98 83.01 99.68 99.85 83.98 27.84 0.0 -1.01 -4.11 -6.47 -2.87 5.52 19.18 45.97 95.92 109.11 169.88 156.88 110.0 101.58 97.65 97.7 92.13 89.87 90.16 94.42 109.67 105.0 72.67 41.83 6.77 0.0 -0.12 -2.71 -0.25 -0.01 17.09 63.53 98.24 111.57 146.42 127.54 110.0 101.28 94.64 90.38 86.47 83.66 82.0 91.14 101.07 102.69 92.89 65.12 30.52 7.48 0.0 -0.01 -0.01 0.0 10.49 75.6 100.0 133.22 164.05 154.54 122.22 108.68 102.93 102.39 102.0 99.09 100.0 100.0 99.23 93.45 69.73 15.34 -0.02 -1.0 -8.67 -15.96 -15.2 -3.47 -0.01 33.15 82.07 106.38 120.0 119.26 107.77 95.6 84.88 83.43 83.41 78.31 81.12 84.16 82.51 71.97 26.43 -0.01 -3.32 -15.6 -38.92 -61.21 -50.62 -21.0 -0.95 10.9 81.36 109.09 123.64 120.23 107.16 98.87 101.36 93.13 88.36 85.99 94.18 105.51 132.2 131.05 103.44 57.85 22.77 2.54 0.0 0.0 0.0 9.0 58.06 94.83 113.01 169.56 217.3 140.0 108.87 96.0 93.0 89.67 85.41 85.32 87.01 94.82 108.05 105.07 97.94 84.58 38.06 22.56 8.38 3.0 5.15 35.05 73.34 99.96 118.39 183.56 212.05 146.12 114.35 98.07 96.42 90.0 86.89 84.71 87.07 93.52 108.93 107.62 104.34 76.99 45.83 41.84 20.83 16.96 41.39 70.9 84.3 96.64 121.94 204.58 235.8 154.57 123.21 106.27 98.1 92.0 88.45 88.02 88.36 97.49 108.92 110.23 99.92 91.43 77.41 66.74 52.26 41.36 54.9 69.43 78.99 101.51 129.83 233.8 274.02 154.56 120.34 105.95 99.77 99.09 93.63 89.92 91.63 96.47 101.15 100.86 95.62 75.64 32.41 3.0 0.08 0.0 0.0 1.73 31.89 81.5 106.71 117.47 128.68 111.97 105.93 95.92 95.82 90.68 89.62 85.21 83.94 86.88 90.43 89.64 79.86 66.52 25.45 3.8 0.17 -0.01 -0.01 -0.01 29.76 70.01 73.45 81.78 88.0 93.02 93.56 89.98 91.22 85.05 86.15 85.77 86.57 88.56 88.43 79.15 74.4 27.39 8.15 0.32 -0.05 -0.78 -1.03 0.65 14.0 70.55 94.8 109.12 109.84 110.04 105.02 102.41 91.43 86.73 83.81 82.78 87.9 98.84 117.11 125.34 108.78 88.51 71.02 45.93 20.04 14.23 18.34 54.56 71.68 93.82 110.93 185.7 211.45 125.19 107.2 101.25 100.92 94.61 88.0 86.13 89.8 102.21 110.84 109.58 98.05 88.57 69.64 43.23 25.21 20.77 28.79 42.92 65.47 95.33 120.11 155.37 165.78 115.95 104.24 98.22 97.51 92.93 87.44 85.52 89.59 98.68 109.06 109.55 102.58 87.69 76.37 66.19 48.56 35.0 41.89 72.39 80.69 103.73 114.26 136.15 133.62 116.14 105.02 98.95 97.02 88.8 86.23 89.28 90.52 107.21 114.02 115.32 106.73 99.11 88.1 80.09 71.8 70.01 69.62 78.23 84.22 102.03 113.4 129.68 132.91 112.93 103.96 94.17 88.33 80.75 77.23 75.91 75.56 86.3 104.74 106.3 102.09 91.08
