640 5
1 34 33 34 37
1 0 0 0 0 0 3 1 2 3 0 238 8.95
9 0 3 7 0 10 3 4 9 10 1 145 8.06
5 0 0 2 10 6 3 6 12 17 1 132 5.08
9 0 7 5 7 0 3 5 8 15 1 208 6.33
10 0 4 6 10 8 1 14 10 144 8.06
8 0 8 4 7 8 3 7 11 16 10 155 7.73
1 0 9 7 1 3 1 21 6 181 8.54
10 0 3 0 2 4 1 13 18 253 7.7
6 0 4 0 3 8 1 21 10 183 9.33
3 0 0 7 4 0 3 13 28 30 10 234 7.45
9 0 4 0 4 8 1 20 10 218 7.08
10 1 0 0 0 0 1 29 18 160 6.41
4 0 6 0 5 3 2 15 24 6 142 6.12
2 1 0 0 0 0 1 24 28 196 6.98
4 0 0 0 4 7 1 18 20 226 8.41
10 0 3 6 4 0 2 19 25 10 169 5.05
9 1 0 0 0 0 1 22 18 214 8.7
9 0 5 2 3 4 1 21 6 157 9.02
10 0 0 9 0 0 2 20 22 24 149 6.89
1 0 5 4 4 2 1 23 20 144 5.52
7 0 7 0 6 4 1 27 34 157 6.58
9 0 5 5 2 1 2 24 28 16 159 7.58
5 0 4 0 9 9 1 29 34 263 9.49
5 1 0 0 0 0 2 27 30 21 160 6.25
3 1 0 0 0 0 1 25 30 231 9.25
8 0 7 10 9 0 1 26 33 232 8.54
4 0 0 7 8 10 1 27 41 192 9.07
2 0 3 0 1 0 1 29 45 247 5.5
1 0 0 9 2 7 1 31 25 174 6.46
7 0 2 2 3 8 1 31 47 209 9.64
8 0 0 7 2 5 1 31 26 164 7.59
1 0 0 0 0 0 0 54 236 7.08
1 0 0 0 0 0 3 33 34 35 0 195 6.16
2 0 0 0 0 9 3 38 49 50 1 200 5.74
5 0 0 0 0 1 3 36 37 41 1 198 5.44
4 0 0 0 7 0 3 39 41 52 1 223 6.0
6 0 0 0 0 8 3 38 40 47 6 163 6.48
9 0 0 2 0 0 3 42 44 46 6 159 8.43
8 0 0 3 0 0 3 44 61 62 12 153 7.23
1 0 2 0 0 0 3 43 44 47 5 198 8.91
9 0 0 0 2 0 3 42 50 56 12 228 9.63
5 0 0 0 0 6 3 45 55 56 6 243 6.11
10 1 0 0 0 0 3 45 52 59 21 227 7.3
9 0 0 0 9 0 2 48 51 6 179 9.05
6 1 0 0 0 0 2 45 54 20 199 5.75
7 0 0 0 7 0 1 60 31 195 8.72
1 0 10 0 0 0 3 47 48 52 15 164 5.63
5 0 0 6 0 0 3 54 57 58 16 232 7.06
1 0 0 0 0 5 1 49 16 170 9.45
4 1 0 0 0 0 3 53 55 56 17 180 5.4
10 0 2 0 0 0 3 51 53 62 21 148 6.27
4 1 0 0 0 0 2 54 55 31 174 9.16
3 0 8 0 0 0 2 53 58 31 216 5.15
8 0 0 0 5 0 1 60 34 237 6.59
7 0 0 0 0 1 1 60 35 235 9.53
2 0 2 0 0 0 2 57 59 35 168 9.07
7 0 0 0 0 10 3 57 58 59 21 231 6.96
7 0 8 0 0 0 1 61 37 226 9.4
8 0 0 4 0 0 1 62 34 214 7.36
2 0 0 0 3 0 1 61 37 208 8.68
4 0 0 0 1 0 1 63 42 267 7.57
8 0 0 0 0 10 1 63 44 275 7.6
1 0 0 8 0 0 1 63 42 231 6.09
1 0 0 0 0 0 0 52 190 7.62
1 0 0 0 0 0 3 65 66 67 0 152 8.55
1 0 0 6 0 0 3 72 74 83 1 129 6.56
9 0 9 4 9 3 2 68 71 1 139 8.67
4 0 4 1 7 9 2 69 75 1 134 9.06
10 0 0 0 7 0 1 70 10 225 9.54
10 0 2 8 0 4 3 85 88 89 5 158 6.58
7 1 0 0 0 0 3 73 84 87 20 209 5.63
2 0 0 0 0 5 1 79 10 155 9.19
5 0 4 10 0 0 1 78 2 139 9.4
7 1 0 0 0 0 1 82 27 238 8.45
8 0 8 4 0 0 2 77 94 2 195 8.61
9 0 0 0 0 2 3 76 77 81 5 207 8.15
7 0 0 0 0 2 1 88 14 247 9.26
3 0 0 7 0 0 1 80 14 191 5.61
10 0 2 0 2 0 1 91 7 151 8.01
3 0 0 6 0 0 1 82 12 178 6.83
3 0 3 0 6 0 1 93 17 176 7.78
9 0 0 2 7 0 1 84 14 139 6.33
5 1 0 0 0 0 2 86 90 34 264 5.39
8 0 7 3 0 0 2 89 93 2 185 9.15
8 0 1 7 0 0 3 85 88 91 27 179 7.51
9 0 0 5 1 0 1 90 35 187 8.25
7 0 0 4 0 2 1 89 39 235 5.58
7 0 0 8 8 0 1 92 27 165 6.76
8 0 0 10 8 0 1 94 35 179 6.32
9 0 1 6 6 0 1 92 46 179 9.67
10 0 5 0 6 0 1 94 44 226 7.74
7 0 0 4 0 0 1 93 35 162 9.4
1 0 0 3 1 9 1 95 55 171 5.26
8 0 9 6 7 4 1 95 42 255 6.62
4 0 6 0 0 6 1 95 54 222 9.25
1 0 0 0 0 0 0 58 246 5.68
1 0 0 0 0 0 3 97 98 99 0 173 6.87
8 0 9 10 7 4 3 104 105 110 1 211 7.0
7 0 9 3 4 6 3 103 109 120 1 147 7.74
9 0 1 7 2 5 3 100 101 106 1 176 8.82
7 0 5 4 5 2 3 107 110 113 10 216 9.69
5 0 7 5 10 5 3 102 103 120 10 204 9.42
10 0 3 5 10 2 3 104 109 113 15 143 8.23
5 0 8 8 9 9 3 108 111 116 15 146 8.24
7 1 0 0 0 0 3 108 115 116 25 155 8.56
8 0 1 10 5 10 3 108 111 113 9 159 6.84
10 0 7 6 5 2 3 111 114 118 10 161 5.84
7 0 10 7 3 5 3 116 120 122 17 211 6.52
5 0 7 8 4 8 2 112 124 32 211 5.05
8 1 0 0 0 0 2 123 126 25 215 5.31
7 1 0 0 0 0 3 114 117 118 17 239 9.61
8 0 3 4 2 5 1 115 20 201 5.02
8 1 0 0 0 0 3 114 119 121 37 175 6.46
8 0 9 9 3 9 2 117 123 25 151 9.29
7 0 5 6 6 10 1 122 45 182 5.26
3 0 1 10 5 5 2 122 124 32 165 8.04
7 0 5 7 7 2 2 117 118 32 242 9.87
6 0 4 2 1 2 2 119 121 39 244 7.75
9 0 7 7 10 8 3 119 121 124 39 219 6.78
2 0 5 2 4 7 1 125 48 163 6.2
2 0 5 3 6 9 2 125 126 24 214 9.21
10 0 7 9 8 4 1 126 48 227 5.9
3 0 9 1 1 2 1 123 52 194 9.78
3 0 2 4 1 7 1 125 55 260 6.49
4 0 4 6 10 10 1 127 48 247 4.99
7 0 4 8 9 4 1 127 58 220 8.32
1 0 9 6 7 9 1 127 58 213 6.06
1 0 0 0 0 0 0 65 186 6.65
1 0 0 0 0 0 3 129 130 131 0 121 8.33
7 0 0 0 4 4 3 133 137 139 1 151 8.16
4 0 5 2 0 0 2 135 147 1 213 9.79
4 0 4 3 0 0 3 132 138 140 1 237 7.47
9 0 8 0 0 2 3 134 143 145 5 131 8.19
7 0 2 10 0 9 3 142 144 149 8 233 7.23
6 0 3 0 2 7 3 136 146 156 14 154 7.78
1 0 2 0 0 4 3 137 141 158 5 160 7.9
8 1 0 0 0 0 1 144 20 225 6.85
3 0 0 8 0 2 2 156 157 8 219 8.22
8 0 0 0 8 5 1 151 5 181 8.81
1 0 7 6 0 9 3 142 149 152 8 160 8.05
10 0 0 0 1 7 1 147 5 170 7.69
6 0 0 0 0 5 2 144 150 6 151 6.26
4 1 0 0 0 0 3 145 146 156 15 247 5.83
9 0 5 0 8 8 3 146 149 152 14 238 5.18
8 0 9 0 2 0 1 155 28 221 5.37
2 0 4 2 0 0 1 153 19 254 8.48
5 1 0 0 0 0 3 151 153 158 23 184 8.91
1 0 0 0 0 10 3 148 150 158 15 172 5.94
3 0 2 7 0 0 1 155 16 235 4.97
1 0 0 0 5 10 1 150 23 207 6.56
3 1 0 0 0 0 1 151 24 185 7.45
7 0 5 0 0 0 1 154 28 225 9.39
5 0 2 3 0 4 1 153 23 246 6.68
6 0 0 10 6 0 1 154 28 202 9.53
3 0 0 0 10 0 1 155 35 179 8.65
7 0 2 0 0 2 1 157 38 267 9.75
2 1 0 0 0 0 1 159 20 185 6.28
4 0 7 0 2 0 1 159 45 194 6.82
3 1 0 0 0 0 1 159 28 257 6.11
1 0 0 0 0 0 0 49 200 7.64
1 0 0 0 0 0 3 161 162 163 0 154 5.84
10 0 10 7 8 10 3 167 171 178 1 203 7.81
3 0 1 5 2 10 3 164 165 166 1 186 9.0
7 0 3 3 4 10 1 173 1 151 5.21
2 0 6 9 4 9 2 170 188 4 230 8.11
5 0 3 4 7 5 3 179 187 189 4 151 7.06
6 0 10 9 3 8 2 168 175 4 197 9.01
7 0 7 2 3 10 2 169 182 11 214 6.61
1 0 8 6 10 3 1 176 10 241 6.3
3 1 0 0 0 0 1 176 18 163 6.5
4 0 10 9 10 4 1 181 6 186 9.22
8 0 1 7 5 6 2 172 174 11 174 6.73
4 1 0 0 0 0 3 176 185 187 19 211 8.69
6 0 9 4 2 7 1 179 8 236 9.8
1 1 0 0 0 0 2 179 185 19 242 6.69
3 0 7 9 4 7 1 189 10 240 9.4
1 1 0 0 0 0 2 177 186 23 210 5.8
2 0 2 6 9 8 1 180 24 142 5.14
4 1 0 0 0 0 1 188 11 206 8.16
4 0 4 3 2 6 1 181 20 160 8.5
2 1 0 0 0 0 1 183 26 167 9.31
4 1 0 0 0 0 1 190 24 255 5.25
4 0 2 4 1 6 1 186 18 236 5.18
1 1 0 0 0 0 1 184 28 255 5.69
10 0 8 10 4 9 1 188 29 169 9.1
4 1 0 0 0 0 2 186 189 23 214 7.39
10 0 3 6 8 5 1 190 27 177 6.61
7 1 0 0 0 0 1 190 23 247 6.47
10 0 9 9 3 5 1 191 39 162 5.36
2 1 0 0 0 0 1 191 27 145 6.37
2 0 8 6 8 8 1 191 37 206 7.34
1 0 0 0 0 0 0 49 167 8.62
1 0 0 0 0 0 3 193 194 195 0 141 7.29
4 0 0 10 10 0 3 204 205 209 1 219 5.67
10 0 10 3 4 0 2 202 204 1 174 8.27
4 0 8 0 0 0 3 196 197 198 1 226 5.23
5 0 0 2 1 3 2 199 211 5 127 8.13
8 0 6 0 7 0 2 213 221 5 142 9.18
2 0 0 0 4 6 1 214 5 240 5.23
2 0 0 10 3 0 2 200 201 10 196 9.88
10 1 0 0 0 0 1 208 12 213 6.04
2 0 0 0 0 1 3 203 206 219 12 190 9.03
6 0 1 0 0 6 2 205 217 11 211 8.34
7 0 0 1 0 0 1 215 14 248 9.75
2 1 0 0 0 0 3 207 218 220 11 247 5.42
10 0 0 7 0 2 1 212 17 196 8.3
4 0 0 0 0 8 1 222 14 213 9.78
9 1 0 0 0 0 1 222 13 185 9.06
2 0 0 1 2 4 2 210 216 22 198 9.63
8 1 0 0 0 0 1 213 5 216 9.61
6 0 0 0 0 6 1 213 24 203 7.21
8 0 0 5 10 4 1 214 10 212 6.48
4 0 5 0 0 6 1 220 27 228 9.59
3 0 0 9 0 7 1 219 30 244 5.96
1 0 6 7 0 0 1 219 18 150 8.9
2 1 0 0 0 0 1 221 21 168 8.7
4 0 5 0 1 5 2 217 218 24 218 9.62
6 0 7 0 6 1 1 222 28 220 6.7
5 0 0 0 10 0 1 221 28 230 9.56
1 0 0 1 10 6 1 220 33 175 6.67
6 0 0 4 6 0 1 223 34 187 6.89
2 0 3 2 0 1 1 223 33 233 5.47
5 0 4 0 0 1 1 223 34 204 6.76
1 0 0 0 0 0 0 40 226 7.79
1 0 0 0 0 0 3 225 226 227 0 182 7.22
4 0 6 0 3 0 1 228 1 173 8.29
3 0 5 8 5 9 3 230 239 246 1 220 8.36
7 0 0 10 9 1 3 230 233 234 1 148 5.99
3 0 0 9 0 0 3 229 231 236 5 176 6.55
9 0 9 3 9 7 3 232 237 246 8 244 5.17
7 0 7 0 9 8 2 243 247 8 239 7.8
7 0 0 2 4 7 2 238 244 8 239 8.39
8 0 8 0 1 8 3 239 247 254 17 215 6.99
9 0 8 1 5 7 3 241 244 247 8 185 6.14
7 0 6 2 10 1 3 235 248 250 8 221 9.15
3 0 0 3 6 0 1 240 15 225 8.88
6 0 7 1 0 3 1 238 8 214 8.63
2 0 4 0 4 0 2 240 252 17 181 9.9
6 1 0 0 0 0 2 243 245 15 171 6.7
4 0 3 0 2 0 2 250 251 25 172 7.39
10 1 0 0 0 0 2 241 244 19 199 8.59
1 1 0 0 0 0 3 242 243 251 29 255 6.23
4 0 0 9 9 5 1 245 30 159 7.07
9 0 6 7 7 6 1 249 30 170 5.28
1 0 8 4 0 8 1 251 29 156 5.86
2 0 1 5 8 10 1 249 34 188 6.33
9 1 0 0 0 0 1 248 17 173 6.42
1 0 3 6 7 8 2 250 253 25 143 6.39
2 0 0 0 5 8 3 249 252 253 26 259 6.52
3 0 7 2 9 8 1 254 39 192 7.97
1 0 0 7 0 9 1 252 29 167 6.71
2 0 7 10 10 2 1 253 30 151 5.98
3 0 0 3 0 0 1 255 30 221 8.38
6 0 5 6 7 0 1 255 32 238 6.8
8 0 10 0 6 10 1 255 42 264 5.35
1 0 0 0 0 0 0 50 215 9.85
1 0 0 0 0 0 3 257 258 259 0 125 8.4
5 0 10 5 8 5 3 262 265 266 1 225 9.01
2 0 9 3 8 7 3 263 271 274 1 230 5.14
6 0 5 9 4 1 3 260 261 274 1 210 5.37
10 0 5 7 6 4 3 267 268 269 7 239 8.89
7 0 9 4 2 10 3 263 272 283 7 154 9.04
10 0 7 2 10 6 3 264 267 277 6 165 8.42
9 0 4 5 2 6 3 268 269 270 14 206 9.2
3 0 6 3 6 6 3 271 274 280 16 247 9.67
8 0 8 10 10 9 3 269 272 278 6 143 7.24
10 0 4 6 4 8 3 273 276 282 6 157 9.05
1 0 9 5 4 4 3 271 272 282 17 208 9.54
6 0 10 3 10 9 2 273 276 23 204 5.68
6 1 0 0 0 0 3 275 277 279 23 181 8.5
9 0 4 5 4 9 2 273 278 23 183 7.13
9 0 10 7 9 8 3 275 283 285 19 252 8.85
4 0 7 4 10 3 2 280 281 18 204 6.69
4 1 0 0 0 0 1 286 32 160 7.78
4 0 2 7 3 2 3 275 281 282 19 214 8.34
3 1 0 0 0 0 1 284 29 251 5.65
9 1 0 0 0 0 2 277 278 29 211 7.17
4 0 3 3 5 2 1 284 38 219 7.6
3 0 2 5 4 3 2 279 280 38 156 5.76
6 0 5 4 9 7 2 281 285 41 247 6.56
9 0 5 7 8 5 2 284 285 41 184 9.5
3 0 9 1 4 2 1 286 47 193 7.18
8 1 0 0 0 0 1 283 23 222 5.75
6 1 0 0 0 0 1 286 31 227 7.74
10 0 8 7 9 3 1 287 50 222 7.04
8 0 1 5 7 8 1 287 50 185 5.83
10 0 5 2 8 1 1 287 50 246 8.04
1 0 0 0 0 0 0 60 237 9.65
1 0 0 0 0 0 3 289 290 291 0 184 8.57
2 0 0 6 8 9 3 297 298 316 1 177 5.2
4 0 0 2 0 0 3 292 309 310 1 182 8.47
5 0 4 0 0 0 3 293 294 303 1 236 8.3
6 0 4 0 0 0 3 296 299 318 5 145 6.12
10 0 0 0 0 5 3 295 296 301 6 224 8.87
9 0 0 7 4 0 2 312 313 6 239 6.51
3 0 1 0 9 3 2 305 308 16 249 5.73
1 0 6 9 0 5 3 306 311 316 16 211 8.34
10 0 0 7 7 10 1 300 3 146 5.01
4 0 6 9 0 0 3 307 310 313 3 163 5.22
9 0 10 1 0 9 2 316 317 11 190 5.49
8 0 5 0 7 0 3 302 304 308 13 195 5.48
8 0 10 6 0 0 2 302 318 16 205 8.61
8 0 0 7 8 10 1 315 24 193 5.26
9 0 10 0 5 4 2 308 317 6 139 5.94
5 0 0 2 0 8 2 306 311 21 214 9.59
1 0 4 0 0 0 2 306 309 19 207 5.03
2 1 0 0 0 0 2 307 314 26 162 7.16
8 1 0 0 0 0 1 312 28 186 6.37
3 1 0 0 0 0 1 318 21 217 5.34
6 1 0 0 0 0 2 311 312 20 195 5.82
2 0 0 4 0 0 1 314 7 231 6.09
9 1 0 0 0 0 1 313 26 157 8.38
8 0 3 3 0 6 1 315 36 222 5.4
1 1 0 0 0 0 1 314 35 248 8.52
8 0 10 0 0 0 1 315 36 201 9.91
6 0 8 0 0 8 1 317 44 165 5.29
8 0 2 0 7 0 1 319 20 207 5.17
9 0 8 8 0 8 1 319 50 243 4.99
10 0 8 0 0 6 1 319 24 156 6.7
1 0 0 0 0 0 0 59 219 5.5
1 0 0 0 0 0 3 321 322 323 0 217 5.79
6 0 4 5 10 9 3 326 328 340 1 169 6.1
3 0 7 9 1 3 3 327 333 334 1 152 8.53
9 0 9 10 6 5 3 324 325 330 1 236 7.02
3 0 2 9 1 4 3 326 328 334 10 192 7.35
8 0 10 10 3 8 1 332 10 195 9.01
3 0 4 1 8 6 3 329 331 337 13 225 5.68
1 0 8 7 9 8 3 329 330 331 4 203 7.28
10 0 7 2 2 3 3 335 341 344 13 160 7.88
8 0 8 4 8 7 3 332 339 341 16 215 6.63
4 0 9 5 9 6 3 337 342 350 10 198 5.9
9 0 1 5 10 3 3 332 341 344 16 170 7.8
4 0 9 10 9 7 2 349 350 25 180 9.24
9 0 5 1 3 8 3 335 339 343 4 149 6.39
8 0 1 6 4 8 3 336 338 344 13 213 8.62
5 1 0 0 0 0 3 342 347 350 23 227 9.51
7 1 0 0 0 0 3 337 339 340 21 200 9.9
2 0 9 10 7 7 2 343 345 28 151 7.72
9 0 9 10 4 6 2 340 346 21 177 5.11
9 0 6 10 5 9 2 346 347 28 208 5.82
10 0 4 5 2 2 2 343 349 30 165 6.58
9 1 0 0 0 0 1 342 25 154 9.2
3 1 0 0 0 0 1 345 34 188 9.54
8 0 7 10 8 8 1 348 40 226 6.55
7 0 3 5 7 9 2 345 347 25 197 7.86
4 0 3 8 5 7 1 346 37 198 9.47
4 0 2 2 7 6 2 348 349 41 224 8.52
2 0 5 9 9 7 1 348 37 226 5.9
9 0 10 3 1 6 1 351 48 274 6.88
9 0 8 2 5 1 1 351 45 212 8.92
9 0 9 10 5 7 1 351 29 260 9.84
1 0 0 0 0 0 0 57 266 7.44
1 0 0 0 0 0 3 353 354 355 0 146 8.35
3 0 0 0 0 3 3 361 366 367 1 125 9.37
2 0 10 0 0 0 3 358 362 367 1 149 8.46
8 0 0 7 7 0 3 356 357 381 1 133 9.88
4 0 2 0 9 6 3 365 369 370 9 172 7.03
3 0 0 0 8 0 3 359 363 366 9 199 5.86
4 0 0 5 0 0 3 360 364 368 3 239 5.46
1 0 9 0 0 0 3 360 368 371 12 225 7.78
5 0 0 0 3 0 3 365 375 376 13 239 9.32
3 0 4 0 8 0 3 365 370 371 4 218 5.72
4 0 2 0 4 4 3 364 373 374 3 128 8.32
2 0 5 3 2 2 3 371 372 377 12 185 8.16
8 0 0 10 1 0 3 366 369 381 7 209 9.41
10 0 5 9 0 9 1 373 18 147 7.37
3 0 0 4 0 5 3 370 378 382 15 248 7.36
9 0 2 3 0 0 1 374 4 207 9.75
2 0 0 0 0 3 3 369 372 373 13 166 8.85
2 0 1 0 0 0 2 375 379 15 206 8.85
7 1 0 0 0 0 2 372 377 18 165 6.2
10 0 0 0 10 0 3 376 379 382 14 197 6.65
6 0 0 0 6 1 1 375 25 249 5.8
4 0 0 1 5 3 2 377 378 28 239 5.11
9 1 0 0 0 0 3 376 381 382 13 164 8.25
10 0 6 0 0 2 1 380 31 201 6.48
8 1 0 0 0 0 1 378 24 259 9.1
3 1 0 0 0 0 1 379 32 185 5.27
2 0 3 5 1 10 1 380 32 160 5.05
5 1 0 0 0 0 1 380 35 208 5.26
9 0 8 2 0 0 1 383 41 203 8.16
8 0 10 10 10 7 1 383 22 245 6.56
4 1 0 0 0 0 1 383 24 256 8.42
1 0 0 0 0 0 0 50 174 7.98
1 0 0 0 0 0 3 385 386 387 0 131 6.54
10 0 0 3 0 6 3 388 390 395 1 179 9.17
8 0 7 0 4 7 3 388 389 397 1 139 8.08
5 0 3 1 7 9 3 388 389 400 1 195 7.57
2 0 1 5 7 8 2 405 412 11 156 8.73
5 0 5 3 9 5 3 391 392 402 9 238 6.4
10 0 1 3 8 7 2 391 397 11 157 5.09
3 1 0 0 0 0 3 394 398 405 21 231 6.8
6 0 10 9 5 10 1 393 14 137 7.9
4 0 1 0 0 6 3 396 399 401 20 240 7.65
4 0 10 0 7 4 2 401 409 24 198 7.66
10 0 2 7 10 1 3 400 401 406 11 226 5.3
2 0 7 1 0 0 3 404 408 411 24 153 8.17
2 1 0 0 0 0 3 399 400 403 21 164 9.43
1 1 0 0 0 0 3 403 406 408 24 242 7.81
10 1 0 0 0 0 1 406 24 245 7.17
7 1 0 0 0 0 3 402 405 407 23 179 5.24
1 1 0 0 0 0 3 403 404 407 28 149 5.72
6 1 0 0 0 0 3 404 409 412 30 246 7.02
6 1 0 0 0 0 1 410 29 221 9.87
2 1 0 0 0 0 1 410 36 245 8.6
9 0 10 10 1 2 3 408 410 411 30 180 7.64
7 0 8 0 1 2 2 407 413 34 245 6.8
5 0 0 0 9 9 2 411 412 41 259 9.77
8 0 0 9 3 0 2 409 414 39 271 8.53
9 0 2 0 10 7 1 413 47 276 6.56
9 0 0 5 3 6 2 413 414 39 171 4.96
9 0 7 0 7 5 1 414 46 239 9.4
7 0 3 1 10 1 1 415 46 266 8.65
2 0 1 0 8 0 1 415 56 182 6.09
3 0 0 7 9 8 1 415 55 186 5.7
1 0 0 0 0 0 0 58 248 6.98
1 0 0 0 0 0 3 417 418 419 0 186 5.55
1 0 1 5 1 5 3 420 427 428 1 229 9.05
8 0 7 4 9 9 3 422 431 433 1 179 8.73
10 0 1 1 9 6 3 421 425 432 1 190 8.19
3 0 8 3 10 5 3 423 429 432 2 234 7.52
2 0 3 6 5 5 3 422 431 435 11 147 6.43
8 1 0 0 0 0 3 424 439 444 13 199 9.51
7 0 10 6 9 9 3 426 431 434 5 186 6.43
1 1 0 0 0 0 1 429 21 192 9.46
8 0 10 10 10 1 2 427 437 11 153 8.99
4 0 4 7 4 2 3 430 435 444 12 149 9.84
10 0 1 8 8 7 3 430 433 434 19 211 7.24
5 1 0 0 0 0 3 429 430 437 2 227 5.02
8 0 10 2 7 10 3 438 440 441 22 175 6.42
8 0 10 2 10 9 2 439 442 29 237 8.01
5 1 0 0 0 0 2 437 442 13 151 6.0
5 0 2 6 6 9 3 433 434 444 11 177 5.03
7 1 0 0 0 0 2 435 438 29 266 9.74
10 0 8 6 6 5 3 436 439 441 29 237 5.73
8 0 7 5 8 6 2 440 443 36 226 7.19
8 1 0 0 0 0 2 438 446 39 258 8.38
9 0 1 9 5 7 2 441 446 19 247 9.19
1 0 6 10 4 1 1 442 47 204 8.79
6 0 6 5 10 9 2 440 443 39 222 7.65
2 0 2 10 5 7 2 445 446 45 212 9.45
1 0 3 3 10 6 1 445 39 255 6.25
10 0 6 6 9 2 1 443 48 257 8.66
4 0 10 9 10 6 1 445 58 235 9.15
3 0 7 1 1 8 1 447 21 149 4.96
2 0 5 5 1 1 1 447 62 216 9.03
1 0 4 2 2 1 1 447 47 199 6.13
1 0 0 0 0 0 0 64 217 6.43
1 0 0 0 0 0 3 449 450 451 0 203 8.26
7 0 4 0 6 0 3 452 456 459 1 209 8.31
1 0 0 7 8 1 3 455 463 467 1 190 6.28
10 0 0 2 1 0 3 453 454 457 1 236 8.21
5 0 9 0 10 0 3 453 454 460 8 155 6.43
7 0 0 10 0 5 3 455 461 462 13 183 5.74
5 0 0 0 7 9 3 464 473 475 13 180 7.84
6 0 0 0 6 0 3 464 466 474 20 230 5.51
10 0 2 0 0 2 3 458 465 468 8 210 9.9
5 0 0 0 0 9 3 458 459 460 11 151 9.53
4 0 0 3 0 0 3 461 462 469 18 229 7.64
1 0 0 4 6 0 3 461 466 469 16 201 8.9
10 0 3 0 7 0 3 463 465 468 16 143 8.78
7 0 0 0 8 0 3 463 467 470 22 236 5.06
8 1 0 0 0 0 3 467 474 475 22 202 8.5
10 0 3 3 0 0 3 464 474 478 29 153 6.74
2 1 0 0 0 0 1 477 39 244 5.56
4 1 0 0 0 0 2 471 473 26 207 6.07
2 1 0 0 0 0 2 468 473 26 225 5.29
10 1 0 0 0 0 1 476 30 225 8.09
7 1 0 0 0 0 1 470 28 227 8.71
7 0 2 1 0 7 1 470 22 255 8.33
5 1 0 0 0 0 2 471 477 35 261 9.25
1 1 0 0 0 0 2 472 476 40 243 7.17
9 0 6 4 0 8 1 475 41 273 7.04
2 1 0 0 0 0 2 477 478 30 223 6.67
6 0 0 5 10 0 1 476 39 181 8.49
3 0 9 0 6 0 1 478 50 214 7.89
3 0 0 0 4 0 1 479 45 169 6.05
1 0 9 0 5 2 1 479 41 231 7.53
8 0 7 10 7 0 1 479 53 228 7.23
1 0 0 0 0 0 0 61 276 5.04
1 0 0 0 0 0 3 481 482 483 0 166 8.66
10 0 10 7 8 10 3 487 491 498 1 197 6.21
3 0 1 5 2 10 3 484 485 486 1 158 5.52
7 0 3 3 4 10 1 493 1 128 8.82
2 0 6 9 4 9 2 490 508 4 199 8.75
5 0 3 4 7 5 3 499 507 509 4 138 6.9
6 0 10 9 3 8 2 488 495 4 196 9.5
7 0 7 2 3 10 2 489 502 11 152 9.79
1 0 8 6 10 3 1 496 10 202 7.64
3 1 0 0 0 0 1 496 18 138 6.11
4 0 10 9 10 4 1 501 6 202 6.13
8 0 1 7 5 6 2 492 494 11 171 5.19
4 1 0 0 0 0 3 496 505 507 19 215 6.57
6 0 9 4 2 7 1 499 8 192 7.97
1 1 0 0 0 0 2 499 505 19 217 8.03
3 1 0 0 0 0 1 509 10 236 5.41
1 1 0 0 0 0 2 497 506 23 186 5.02
2 0 2 6 9 8 1 500 24 219 5.49
4 1 0 0 0 0 1 508 11 137 7.47
4 1 0 0 0 0 1 501 20 229 8.69
2 1 0 0 0 0 1 503 26 255 5.63
4 1 0 0 0 0 1 510 24 175 6.74
4 1 0 0 0 0 1 506 18 228 9.55
1 0 3 6 10 10 1 504 28 242 9.01
10 0 8 10 4 9 1 508 29 249 5.55
4 0 3 2 2 4 2 506 509 23 235 9.13
10 0 3 6 8 5 1 510 27 247 5.95
7 1 0 0 0 0 1 510 23 241 6.36
10 0 9 9 3 5 1 511 39 230 6.7
2 0 8 5 5 8 1 511 27 194 5.6
2 0 8 6 8 8 1 511 37 220 6.12
1 0 0 0 0 0 0 49 193 5.54
1 0 0 0 0 0 3 513 514 515 0 236 5.94
1 0 0 0 0 10 3 518 526 531 1 195 7.15
6 0 0 0 0 7 2 520 535 1 229 9.11
8 0 0 0 0 4 3 516 521 522 1 145 9.76
1 0 0 0 0 7 3 517 519 527 9 195 6.41
3 0 0 0 8 0 1 528 10 142 9.27
5 0 0 0 0 7 1 523 2 240 7.02
6 0 0 0 0 5 3 528 530 538 10 223 7.96
8 0 0 4 0 0 1 533 7 211 5.14
7 0 3 0 0 0 3 524 525 533 9 144 6.52
5 0 8 0 0 0 2 532 534 9 167 8.66
6 0 0 0 0 10 2 537 541 7 152 6.65
8 0 0 4 0 0 2 526 540 16 155 5.36
5 0 10 0 0 0 2 527 529 16 168 6.08
6 1 0 0 0 0 1 530 24 222 8.91
5 1 0 0 0 0 1 539 21 189 5.67
10 0 0 10 0 0 1 531 16 193 8.62
4 0 0 6 0 0 1 540 21 157 8.62
3 0 0 0 5 0 1 534 30 250 8.55
6 1 0 0 0 0 1 537 26 162 7.83
1 0 0 4 0 0 1 540 14 198 7.37
3 1 0 0 0 0 1 536 16 189 9.24
7 0 0 0 0 7 1 537 33 226 7.62
10 0 0 0 0 9 1 536 7 171 9.81
5 0 0 0 2 0 1 541 19 221 6.81
3 0 0 0 0 10 1 542 40 192 9.4
1 0 3 0 0 0 1 542 16 221 8.62
4 0 0 0 2 0 1 541 26 228 9.83
1 0 4 0 0 0 1 543 25 171 9.76
10 0 0 0 0 4 1 543 30 261 6.93
5 0 3 0 0 0 1 543 43 266 8.98
1 0 0 0 0 0 0 48 180 5.01
1 0 0 0 0 0 3 545 546 547 0 157 9.29
9 0 5 5 0 9 3 550 552 558 1 170 8.04
8 0 1 8 0 0 3 549 560 572 1 194 8.71
3 0 3 8 0 0 3 548 551 555 1 167 5.35
1 0 0 0 1 7 1 557 4 233 7.94
1 0 3 0 3 0 2 556 562 9 234 7.97
10 0 7 8 0 3 2 557 573 10 212 8.58
7 0 0 0 7 5 3 553 554 569 4 185 8.98
4 0 9 8 0 9 3 564 568 569 10 244 9.27
5 0 7 0 0 7 2 556 565 11 162 6.37
4 0 1 0 0 0 2 562 572 11 160 5.66
7 0 10 0 0 3 1 559 4 228 7.52
6 1 0 0 0 0 2 570 571 16 165 7.16
1 1 0 0 0 0 1 566 20 221 8.79
6 0 0 0 0 6 3 561 562 568 10 141 5.39
2 0 0 5 0 5 3 563 569 570 11 179 7.1
4 0 8 0 0 3 2 565 573 9 134 8.04
9 0 0 5 7 0 2 564 566 16 175 9.57
5 0 0 4 0 5 2 565 570 16 160 7.36
5 0 0 0 1 8 3 564 566 568 13 193 5.32
5 0 0 0 9 5 1 567 25 154 9.75
9 0 3 0 8 0 1 574 21 253 6.63
7 0 3 1 0 0 1 567 25 229 5.34
3 0 0 0 7 5 1 572 32 155 6.03
9 0 2 0 0 0 2 571 574 18 157 9.06
6 1 0 0 0 0 1 571 14 148 8.0
3 1 0 0 0 0 1 574 22 146 6.46
2 0 1 0 9 3 1 573 27 200 6.73
1 0 10 0 1 2 1 575 35 174 6.5
7 0 8 0 0 0 1 575 29 265 5.29
9 0 5 0 6 0 1 575 30 159 9.0
1 0 0 0 0 0 0 39 215 5.58
1 0 0 0 0 0 3 577 578 579 0 158 6.58
10 0 5 3 8 10 3 587 595 599 1 200 9.45
10 0 8 2 3 8 3 580 581 589 1 188 9.46
3 0 8 2 1 10 3 582 588 598 1 203 7.19
2 0 1 1 4 4 2 584 600 11 188 9.66
10 0 7 10 3 6 3 591 595 596 11 234 8.98
9 0 8 1 1 4 3 583 591 599 4 130 7.68
6 0 4 1 3 9 3 585 586 592 13 146 5.8
6 0 10 5 5 3 2 590 599 13 149 5.96
2 0 5 9 5 1 2 594 604 19 183 8.04
1 1 0 0 0 0 2 600 605 19 140 6.22
5 1 0 0 0 0 3 591 597 603 11 141 8.87
3 0 4 7 9 8 1 589 4 164 8.99
1 0 9 8 10 8 1 592 11 166 8.72
3 0 5 2 9 4 3 593 597 603 19 175 8.32
5 1 0 0 0 0 1 604 21 164 6.39
2 1 0 0 0 0 2 600 601 19 137 6.03
10 0 10 1 2 8 2 598 602 22 210 7.91
1 1 0 0 0 0 1 601 21 240 9.31
8 1 0 0 0 0 2 598 602 21 185 6.34
1 1 0 0 0 0 2 597 602 21 147 9.88
8 1 0 0 0 0 2 605 606 22 210 8.32
6 0 6 3 10 1 1 601 32 211 6.34
2 1 0 0 0 0 1 606 19 148 7.83
2 1 0 0 0 0 1 603 21 194 9.78
8 0 3 10 4 6 1 605 38 189 6.38
6 0 7 1 3 3 1 604 32 195 8.7
4 1 0 0 0 0 1 606 23 205 7.17
3 0 9 8 1 9 1 607 38 159 7.48
8 0 4 3 10 8 1 607 46 258 9.01
1 0 7 4 5 1 1 607 30 220 7.37
1 0 0 0 0 0 0 54 248 6.23
1 0 0 0 0 0 3 609 610 611 0 190 7.23
1 0 0 0 10 0 3 612 627 631 1 147 6.33
5 0 0 0 0 5 3 618 621 631 1 173 7.3
7 0 0 0 0 3 3 613 614 615 1 214 6.34
6 0 0 0 9 0 2 616 621 2 146 8.59
2 0 0 0 0 7 2 616 619 8 184 9.67
9 0 0 2 0 0 1 616 8 218 9.89
4 0 0 2 0 0 3 617 622 628 8 244 5.94
9 0 9 0 0 0 2 620 626 17 147 5.74
7 0 0 0 0 2 3 619 624 625 12 219 7.12
3 0 0 0 0 8 3 622 623 629 6 153 5.84
10 0 0 0 0 1 1 638 19 144 6.19
6 0 0 0 8 0 2 622 636 26 233 5.07
9 0 0 0 0 2 1 624 8 147 8.92
4 0 0 0 3 0 1 635 32 176 7.36
5 0 0 0 8 0 3 627 630 635 9 147 5.7
10 1 0 0 0 0 1 634 19 216 7.57
10 1 0 0 0 0 3 626 631 636 19 174 6.18
5 0 0 10 0 0 1 635 29 216 7.2
10 0 0 0 0 5 1 634 14 162 5.57
1 0 0 1 0 0 3 630 632 633 12 229 7.91
1 0 0 10 0 0 2 632 633 9 222 8.49
8 0 0 0 0 2 1 638 14 198 8.55
10 0 0 1 0 0 2 632 633 29 190 6.43
3 0 9 0 0 0 1 637 39 209 6.65
4 0 8 0 0 0 1 638 39 265 9.1
3 1 0 0 0 0 2 636 637 29 259 9.6
4 0 0 1 0 0 1 637 36 248 7.38
3 0 0 10 0 0 1 639 32 194 5.14
3 0 0 6 0 0 1 639 42 262 6.67
2 0 0 6 0 0 1 639 43 270 5.2
1 0 0 0 0 0 0 45 242 7.68
74.83 94.76 78.09 74.49 75.47 99.0 101.31 143.85 156.25 125.92 105.16 84.75 86.48 111.71 119.08 118.0 134.4 157.07 153.35 163.26 165.13 142.18 109.0 73.96 36.5 64.29 65.24 16.73 73.9 95.38 132.63 160.0 130.0 134.47 135.0 134.0 138.1 160.0 150.0 135.0 135.0 135.0 140.0 150.0 130.67 108.87 98.17 74.79 91.9 74.49 72.45 70.87 74.49 94.72 149.35 147.92 137.4 125.56 109.89 102.38 105.53 110.01 120.0 135.31 144.73 153.96 148.64 148.16 136.35 127.09 116.13 104.77 103.8 103.02 101.14 98.67 102.42 106.11 129.74 147.26 161.7 153.5 145.17 137.77 126.54 122.34 126.62 131.61 130.26 127.73 131.49 120.2 113.36 100.29 100.01 89.06 87.67 80.5 80.4 79.14 71.98 82.15 92.68 112.27 136.85 135.41 123.57 113.59 107.43 105.01 110.01 128.69 131.41 141.55 143.35 140.01 134.75 122.51 120.0 114.97 108.67 99.83 96.52 93.17 92.34 94.05 96.3 93.82 109.69 105.89 103.46 99.74 96.81 93.15 100.72 104.76 106.95 115.88 120.91 111.7 110.66 104.72 104.39 106.2 87.22 86.15 87.87 85.27 85.0 85.48 87.52 101.75 117.68 120.07 117.77 105.61 102.99 99.61 105.09 119.43 133.94 141.84 146.66 143.9 135.34 127.63 121.36 114.9 112.39 105.07 104.46 100.37 100.0 110.15 140.28 180.0 220.91 173.53 141.49 121.08 114.26 118.34 119.76 141.59 134.07 146.21 147.81 138.69 118.5 118.19 115.57 103.84 108.44 105.52 101.09 99.84 103.23 108.88 147.76 159.75 183.97 151.94 123.72 117.43 112.05 112.97 115.35 123.7 122.33 145.63 155.13 148.25 126.47 100.8 114.93 127.32 106.14 111.75 110.48 108.91 105.85 108.88 128.02 189.75 301.07 307.36 299.88 294.05 299.39 296.95 277.91 278.85 320.03 368.41 320.52 268.72 180.95 151.2 140.72 123.9 126.14 117.84 117.38 114.72 114.38 120.87 128.06 162.75 197.25 175.0 151.9 140.64 132.21 133.21 138.91 159.07 171.96 187.68 184.32 179.97 159.6 138.33 140.96 127.6 119.83 121.5 118.11 115.27 115.58 121.93 140.8 175.01 208.13 175.34 158.0 140.74 126.44 124.03 133.25 151.98 166.42 178.02 179.92 174.22 157.91 145.0 139.97 129.09 126.97 121.42 121.77 118.96 117.46 119.88 118.35 137.54 146.2 144.1 135.94 121.96 118.87 115.01 119.36 132.7 139.43 160.0 167.57 167.85 156.12 143.42 136.4 129.36 130.04 125.6 124.18 121.24 120.18 120.0 121.77 124.65 123.74 126.82 127.5 126.21 112.25 107.51 116.81 126.88 136.94 144.8 155.42 152.75 143.82 134.7 136.78 124.72 122.64 120.11 116.64 114.41 115.45 130.43 157.86 262.23 418.43 291.7 236.29 196.09 181.38 171.39 191.9 277.05 381.61 563.13 473.28 295.57 220.0 170.0 164.46 146.37 128.04 124.74 116.86 109.16 104.41 107.58 118.07 139.33 182.65 185.39 180.0 141.91 123.12 124.43 125.4 167.12 199.3 284.16 244.75 200.27 172.45 153.82 136.59 121.22 128.83 125.47 122.91 122.4 124.01 124.98 140.01 168.87 229.46 199.41 179.06 172.94 165.0 170.0 179.92 193.22 173.93 181.09 165.0 150.33 104.81 117.61 127.0 104.67 108.01 103.33 108.55 103.09 98.75 108.01 140.0 136.6 155.0 170.0 149.61 151.0 148.85 160.59 151.9 155.0 140.0 132.7 130.72 141.07 140.0 134.36 132.7 100.02 108.01 108.01 85.9 84.59 84.59 112.01 150.0 159.79 165.0 155.0 155.0 145.0 164.97 161.9 165.0 150.0 142.98 150.0 144.92 120.72 112.52 84.59 78.49 69.69 78.81 79.28 85.0 85.89 83.08 87.35 86.48 93.34 99.43 97.58 90.98 88.95 84.76 83.83 93.78 111.34 128.12 143.36 148.87 143.84 134.26 137.76 136.07 122.98 128.16 117.41 113.77 108.6 107.9 110.17 112.83 120.0 127.4 124.96 108.2 103.36 97.14 92.16 105.97 114.2 129.53 135.05 124.79 113.78 111.15 100.88 82.0 77.55 74.89 70.06 38.09 41.5 74.3 80.24 229.52 262.77 179.0 139.31 99.15 95.78 129.35 105.39 131.67 150.0 165.0 145.0 130.0 165.0 145.44 116.26 130.0 88.67 79.25 80.38 81.28 80.57 84.17 101.8 122.89 133.83 146.8 132.61 125.2 120.56 118.25 121.75 125.94 135.95 146.66 152.24 141.76 133.9 118.07 94.05 100.5 86.66 86.54 84.95 81.03 79.81 84.95 95.93 119.06 133.72 144.22 133.53 108.03 91.41 85.6 86.04 92.91 115.15 119.94 140.72 150.0 145.35 135.08 123.06 115.19 100.21 97.39 97.02 96.22 97.37 96.94 111.24 141.97 153.11 160.3 151.64 132.75 123.25 113.85 113.3 129.8 153.72 161.45 178.92 174.84 161.29 150.56 134.48 126.66 120.2 120.0 117.35 114.01 114.01 116.58 121.01 154.37 159.87 163.7 154.82 130.1 126.2 120.06 121.19 119.89 151.47 168.59 184.56 184.48 178.99 162.66 152.7 152.38 134.97 139.56 131.39 125.78 119.17 119.22 120.86 127.18 144.74 153.46 142.44 128.4 120.08 110.29 103.4 113.7 129.91 155.04 168.01 167.41 162.98 156.6 145.24 141.73 131.74 133.26 126.91 122.99 120.66 122.34 123.41 128.09 135.9 137.3 137.7 130.04 129.33 122.24 111.88 116.65 128.89 153.14 165.25 172.32 173.95 165.5 155.77 148.44 133.24 129.54 126.63 124.72 120.04 123.24 127.77 159.18 207.88 243.23 178.04 149.95 126.16 117.27 115.52 124.31 147.32 169.51 214.64 200.73 201.1 167.74 153.0 144.21 135.81 132.4 125.54 123.18 123.99 123.25 127.63 155.37 191.13 211.99 163.31 136.53 126.71 117.55 113.18 120.09 138.47 170.43 178.26 175.0 171.02 152.85 131.0 130.77 123.05 115.2 110.86 110.27 109.09 115.43 122.5 147.67 168.12 180.81 159.33 133.5 121.97 117.02 119.5 128.85 144.12 160.36 177.15 189.9 189.63 170.0 155.42 143.7 133.68 133.67 129.8 125.95 125.0 125.01 134.5 154.93 180.09 219.08 178.95 160.22 150.88 145.88 142.97 139.07 150.09 171.17 176.63 169.12 162.12 135.15 123.54 131.27 121.95 126.05 112.7 108.82 105.0 114.14 127.75 178.61 181.71 164.98 150.47 134.44 117.05 113.52 118.79 122.32 151.3 133.7 132.92 136.89 132.27 111.54 87.65 98.8 100.0 83.39 86.49 86.39 88.13 89.69 90.99 88.95 93.24 112.24 97.54 94.55 86.74 85.4 87.56 92.77 118.0 136.88 144.46 160.47 160.33 155.17 149.0 143.56 135.53 135.0 127.75 124.07 119.3 116.81 117.0 117.0 133.43 136.77 120.94 113.7 109.1 87.08 98.01 109.9 120.4 138.0 142.93 155.76 150.6 144.55 142.16 143.0 128.54 119.56 114.07 111.4 107.72 107.31 115.58 153.71 173.8 181.36 163.18 141.45 121.23 125.33 124.09 136.91 152.78 140.3 126.84 125.09 140.0 120.0 109.21 131.31 88.52 78.92 86.98 135.0 105.01 88.55 99.0 145.0 194.13 169.7 143.69 116.05 104.85 107.55 117.2 130.96 135.7 145.75 143.93 145.0 156.88 156.01 137.8 141.47 128.2 129.26 127.91 126.82 126.59 128.74 128.87 141.3 173.11 180.0 174.92 168.75 168.43 157.95 159.23 141.48 150.0 160.1 162.69 181.66 183.99 152.14 144.99 139.78 133.0 132.38 140.12 150.74 144.49 146.91 133.16 135.3 270.7 251.77 222.64 205.6 185.9 176.9 184.44 190.0 211.71 200.21 207.33 205.5 196.52 176.36 162.92 153.12 139.32 139.65 137.01 131.66 131.43 130.78 140.09 163.63 224.86 261.75 214.52 180.61 163.74 150.06 149.42 157.07 172.21 196.88 292.25 288.53 224.61 183.55 163.6 153.0 140.03 135.66 130.69 120.25 118.7 118.97 120.87 134.52 149.23 150.53 137.05 124.59 118.36 112.39 110.01 116.42 129.59 145.64 164.02 175.23 161.46 141.16 116.37 130.3 120.32 134.11 128.9 123.57 119.9 119.57 119.84 118.05 124.47 123.77 125.75 131.48 128.92 127.85 121.36 123.67 127.33 139.52 170.0 172.12 168.8 155.51 134.93 132.06 131.51 125.9 121.06 120.34 125.94 129.5 126.7 157.39 208.25 209.79 171.3 139.67 116.94 113.24 106.55 118.11 135.02 173.29 225.32 271.52 216.5 179.08 151.4 131.21 122.95 134.75 126.4 127.5 114.54 110.45 108.19 135.32 186.2 193.8 141.92 117.27 98.81 79.06 84.62 98.35 104.87 190.7 189.76 176.77 165.0 142.03 141.9 119.58 103.61 94.31 93.84 96.91 95.24 102.66 141.4 155.0 180.26 166.37 128.76 109.88 92.9 90.14 91.8 92.23 107.41 147.49 161.25 159.24 160.76 141.4 109.61 103.4 91.8 114.41 118.13 130.0 113.87 113.59 130.0 148.54 140.0 129.45 114.24 104.15 94.18 97.41 93.06 100.4 97.28 114.1 139.8 156.19 150.71 147.34 121.67 118.79 90.0 73.45 70.72 73.03 72.42 81.11 120.0 125.17 165.34 150.72 131.26 104.33 87.37 79.1 77.95 91.97 87.88 165.72 148.62 154.5 152.0 163.87 82.7 82.9 97.94 71.48 71.73 71.92 71.65 72.29 80.0 113.21 123.18 115.0 70.93 58.53 57.76 54.57 56.75 68.09 73.31 82.0 115.0 99.24 95.0 105.0 100.0 75.3 71.54 77.95 67.63 72.42 69.74 72.51 72.53 92.28 102.91 112.52 100.63 85.49 88.98 72.5 72.48 85.6 106.6 127.71 145.54 152.08 135.33 136.61 117.64 130.0 103.81 78.91 105.0 73.83 73.2 73.2 77.5 104.0 181.78 196.24 124.4
