640 5
1 42 39 43 48
1 0 0 0 0 0 3 1 2 3 0 173 8.72
8 0 4 0 3 8 1 4 1 197 7.67
2 0 7 0 6 0 3 4 9 12 1 169 9.62
9 0 7 0 7 4 3 10 11 12 1 220 7.35
1 0 0 4 0 8 3 5 6 7 9 132 4.99
5 0 0 10 0 0 3 8 19 23 10 202 8.79
2 0 3 0 4 0 2 8 13 10 206 5.1
2 0 0 8 0 0 1 18 10 202 7.34
6 1 0 0 0 0 3 21 26 30 15 154 8.26
4 0 0 3 5 1 2 13 15 3 189 5.35
10 0 4 0 0 6 1 30 10 141 8.8
7 0 7 0 0 0 1 17 10 223 7.16
7 0 7 0 4 0 3 14 20 29 10 150 8.15
2 0 0 10 2 0 3 16 25 27 12 177 6.01
9 1 0 0 0 0 2 15 18 17 238 7.84
3 1 0 0 0 0 1 24 26 229 5.02
8 0 0 0 6 6 1 21 14 212 6.4
7 0 8 0 0 0 3 21 24 25 17 181 5.72
4 0 9 10 9 0 3 22 23 24 26 203 8.8
6 1 0 0 0 0 2 22 29 15 159 5.45
9 0 0 10 4 0 2 22 23 17 178 7.63
7 0 3 0 0 0 2 28 29 24 168 7.82
4 0 1 3 0 2 1 26 30 243 8.81
2 0 0 7 8 6 2 25 30 30 203 9.62
4 0 0 0 0 4 1 26 30 142 7.53
6 0 4 0 2 7 1 28 32 172 8.63
4 0 10 4 0 0 1 27 34 235 6.72
2 0 3 0 7 0 1 28 38 171 8.4
3 0 1 9 0 0 1 31 40 157 7.73
7 0 8 2 0 0 1 31 31 225 5.72
2 0 5 0 0 1 1 31 32 166 4.92
1 0 0 0 0 0 0 43 167 5.14
1 0 0 0 0 0 3 33 34 35 0 193 6.25
6 0 7 4 8 9 3 36 38 40 1 117 8.58
7 0 3 4 7 5 3 42 44 59 1 198 7.61
8 0 8 5 10 3 3 37 40 48 1 214 5.33
6 0 4 4 8 5 3 37 39 44 7 182 7.17
2 0 4 4 4 9 3 50 56 58 13 141 9.35
2 0 4 10 8 7 2 41 55 7 204 7.85
3 0 1 5 10 7 3 41 46 47 13 216 7.38
8 1 0 0 0 0 3 52 59 61 9 158 7.13
6 0 7 7 1 9 3 53 54 58 16 176 6.88
6 0 7 2 1 6 3 43 47 48 8 136 5.2
2 0 2 4 5 9 3 46 49 57 14 161 5.41
7 0 2 4 6 5 3 45 47 57 13 160 7.52
4 0 2 2 4 8 2 46 49 20 232 5.58
6 0 2 8 3 1 2 50 51 24 235 5.28
7 1 0 0 0 0 3 49 50 51 20 239 5.63
2 0 9 7 2 9 2 51 55 14 183 5.31
6 0 5 9 7 9 3 52 53 58 27 192 7.85
2 0 4 2 1 3 1 55 30 242 9.46
10 1 0 0 0 0 2 52 53 30 203 7.36
5 0 4 2 8 3 1 62 40 201 9.7
6 0 4 2 5 7 1 56 40 171 6.47
9 1 0 0 0 0 3 56 57 59 22 225 8.44
4 0 3 1 1 8 1 60 32 149 8.56
4 0 4 7 7 2 2 60 61 46 218 6.68
9 0 7 7 1 9 1 60 31 147 6.21
9 0 8 6 3 6 2 61 62 33 201 6.67
8 0 10 5 1 2 1 62 31 149 6.77
7 0 4 6 10 5 1 63 50 185 5.4
10 0 7 2 1 8 1 63 50 186 8.67
6 0 2 1 3 3 1 63 45 155 7.6
1 0 0 0 0 0 0 60 189 6.6
1 0 0 0 0 0 3 65 66 67 0 170 5.99
10 0 5 3 6 9 3 75 81 85 1 180 6.02
2 0 0 1 0 8 3 68 71 72 1 167 5.45
10 0 2 0 6 6 3 69 74 82 1 130 9.05
9 0 6 7 6 3 3 70 77 86 3 158 6.21
9 0 4 0 0 0 3 73 75 81 11 148 7.74
9 0 3 5 10 0 3 73 76 78 12 189 8.04
9 0 9 8 10 7 3 79 83 86 3 122 7.9
4 0 0 10 8 1 3 76 77 88 3 222 6.68
6 1 0 0 0 0 3 79 80 92 21 175 9.75
1 0 5 4 6 3 3 80 86 91 11 185 4.97
1 1 0 0 0 0 2 84 88 20 187 9.31
10 1 0 0 0 0 3 80 82 83 21 235 5.95
5 1 0 0 0 0 2 79 84 12 231 5.79
5 1 0 0 0 0 3 81 82 85 21 159 6.68
1 1 0 0 0 0 2 87 89 27 223 8.75
4 0 2 9 0 10 1 89 31 142 5.24
1 0 9 0 5 1 2 88 90 26 212 9.63
6 0 1 0 5 0 3 90 91 93 31 173 9.41
10 0 0 8 9 4 2 84 85 31 232 7.33
2 0 7 8 5 0 1 94 41 227 7.47
5 0 0 8 8 10 1 87 41 199 7.54
8 0 8 3 0 2 3 87 89 92 12 139 6.27
10 0 6 5 2 6 1 93 46 242 7.71
10 0 0 2 4 0 3 91 92 93 27 236 5.47
5 0 6 0 0 6 1 90 35 207 6.08
3 0 9 10 7 0 1 94 40 229 5.76
4 0 2 2 0 0 1 94 37 148 5.96
8 0 5 4 10 0 1 95 37 224 9.65
4 0 3 8 5 0 1 95 56 258 8.32
8 0 2 5 6 8 1 95 43 255 6.66
1 0 0 0 0 0 0 60 259 9.01
1 0 0 0 0 0 3 97 98 99 0 152 6.22
10 0 4 6 6 3 3 100 101 103 1 173 8.27
8 0 1 9 0 5 2 105 108 1 125 8.98
4 0 3 5 4 0 2 112 124 1 203 9.41
10 0 1 4 3 2 3 102 106 111 11 216 5.36
7 0 10 0 3 5 1 108 11 137 8.56
1 1 0 0 0 0 2 104 107 21 186 7.1
3 0 2 2 0 0 2 113 117 11 125 9.54
2 1 0 0 0 0 2 116 120 22 182 6.24
5 0 4 1 9 5 2 114 118 9 144 9.09
6 1 0 0 0 0 1 109 21 154 6.3
9 1 0 0 0 0 1 121 22 147 5.93
7 0 7 0 4 0 1 116 18 142 8.45
5 0 1 10 10 8 2 110 123 27 240 7.37
3 1 0 0 0 0 2 113 118 32 206 9.27
3 1 0 0 0 0 1 113 21 222 8.83
4 0 6 10 8 0 1 118 5 140 5.11
5 0 2 8 2 8 1 122 35 221 8.91
10 0 1 0 0 3 2 115 125 14 227 5.88
9 0 10 8 0 4 1 124 24 192 5.9
3 1 0 0 0 0 1 119 25 134 7.89
1 0 4 5 2 0 3 121 122 126 14 187 5.73
6 0 2 4 7 0 1 122 35 151 7.68
1 0 7 7 6 0 1 124 28 196 6.06
5 1 0 0 0 0 1 126 24 151 8.13
1 1 0 0 0 0 1 125 31 198 9.47
3 0 10 0 9 1 1 125 41 192 6.24
7 0 5 5 7 3 1 126 32 154 8.25
9 0 6 4 0 3 1 127 33 183 9.1
10 0 3 7 10 0 1 127 44 214 8.81
2 0 9 10 7 8 1 127 39 154 7.11
1 0 0 0 0 0 0 54 173 8.43
1 0 0 0 0 0 3 129 130 131 0 192 8.0
4 0 4 5 6 2 2 132 134 1 214 9.06
1 0 3 4 7 6 3 132 133 139 1 206 7.04
8 0 5 6 4 5 2 140 147 1 224 7.35
8 0 10 2 2 2 1 156 5 169 7.53
6 0 5 8 5 6 2 138 142 2 155 7.89
2 0 9 9 1 8 3 135 136 137 5 201 6.0
10 0 1 2 1 3 3 150 156 157 7 177 4.94
1 0 9 2 3 5 1 141 7 154 5.37
1 0 4 5 8 1 1 148 7 139 5.63
5 0 2 2 4 10 2 143 155 8 227 8.9
8 0 5 1 3 3 3 144 151 158 2 163 5.64
6 0 3 1 4 6 1 143 9 154 7.35
6 0 9 6 2 10 2 146 150 8 192 8.43
4 0 2 5 2 6 1 149 8 192 5.39
7 0 3 6 3 8 2 145 152 15 207 7.84
3 0 2 4 9 4 2 146 148 10 155 5.08
1 1 0 0 0 0 1 154 22 168 5.51
7 0 5 1 10 3 1 149 14 207 8.34
5 0 5 9 8 4 1 156 9 170 7.88
2 0 3 6 10 3 1 152 13 158 8.42
5 1 0 0 0 0 1 155 21 230 6.57
8 0 8 8 10 6 1 153 17 226 7.37
1 0 8 8 5 1 1 155 10 179 9.43
3 1 0 0 0 0 1 157 22 137 5.28
10 0 3 3 2 2 1 154 25 178 6.93
4 0 10 5 10 2 1 158 35 240 7.41
9 0 7 3 6 7 1 157 26 169 9.23
4 0 2 4 3 5 1 159 17 144 9.66
6 0 8 7 2 3 1 159 35 246 5.49
9 0 1 8 1 3 1 159 39 179 6.79
1 0 0 0 0 0 0 48 163 6.6
1 0 0 0 0 0 3 161 162 163 0 186 5.83
8 0 0 0 4 0 3 166 171 172 1 212 7.66
5 0 9 0 0 0 3 167 168 170 1 128 6.73
1 0 0 0 3 0 2 164 173 1 216 6.97
1 0 0 0 2 0 3 165 189 190 2 142 6.41
2 0 8 0 0 0 2 169 182 3 140 5.67
7 0 0 0 0 5 3 168 179 187 9 182 8.0
8 0 0 0 0 7 1 179 6 224 6.41
6 1 0 0 0 0 1 174 16 214 4.89
7 0 10 0 0 0 1 183 5 127 8.6
8 0 3 0 0 0 3 174 181 183 6 156 6.95
9 0 1 0 0 0 1 175 9 185 5.89
2 0 4 0 0 0 2 173 176 9 151 5.97
8 0 10 0 0 0 2 180 189 11 197 9.6
7 0 0 0 0 7 2 184 185 22 236 7.95
6 0 0 0 10 0 3 177 178 185 18 210 8.89
2 0 0 0 6 0 3 179 182 185 11 147 5.41
4 1 0 0 0 0 2 186 190 24 206 7.99
8 0 0 0 0 10 2 181 182 24 196 9.71
9 1 0 0 0 0 2 180 184 16 210 7.54
10 0 0 0 5 0 2 183 190 25 141 7.54
4 1 0 0 0 0 2 184 187 32 159 6.11
7 1 0 0 0 0 1 187 32 148 8.74
2 0 0 3 0 0 1 186 35 234 5.17
3 0 0 10 0 0 2 188 189 36 164 4.98
1 0 0 0 8 0 1 186 29 195 6.07
8 0 8 0 0 0 1 188 37 183 7.21
2 1 0 0 0 0 1 188 39 192 5.33
9 0 0 0 0 3 1 191 45 166 9.58
3 0 0 0 9 0 1 191 39 215 5.52
5 0 0 4 0 0 1 191 35 232 7.55
1 0 0 0 0 0 0 54 174 7.13
1 0 0 0 0 0 3 193 194 195 0 211 5.17
9 0 0 0 6 0 3 197 205 221 1 146 5.53
1 0 0 4 4 6 2 196 220 1 110 8.22
1 0 2 0 0 0 3 198 199 201 1 152 5.14
2 0 0 5 0 0 3 200 203 208 2 129 5.05
9 0 9 0 0 8 1 214 10 202 6.7
8 0 4 7 5 0 3 200 202 215 2 150 8.84
5 0 4 7 3 2 1 219 2 217 7.93
1 0 0 0 9 0 1 213 10 159 7.23
8 0 0 7 4 0 2 206 212 2 177 8.62
2 0 3 0 5 3 1 206 10 137 8.51
10 0 5 0 0 0 2 204 207 4 202 5.96
4 0 3 0 0 0 1 210 14 196 4.95
4 0 0 3 7 0 1 209 10 144 9.33
8 0 0 1 0 0 1 217 12 135 6.46
7 0 0 0 9 0 1 211 14 145 9.24
10 0 0 6 0 0 1 211 4 211 6.94
10 1 0 0 0 0 2 217 218 14 158 6.16
7 1 0 0 0 0 2 216 219 18 204 5.09
7 0 0 9 4 6 2 213 221 21 201 7.77
10 0 7 2 6 0 1 216 10 192 5.34
4 0 6 0 0 5 1 219 28 142 8.5
3 0 0 6 3 0 1 217 19 192 7.42
7 0 1 0 8 10 2 216 222 10 204 8.74
9 0 0 5 0 0 1 221 25 233 5.73
6 0 0 3 9 10 1 220 24 217 6.94
4 0 5 0 3 0 1 220 24 134 7.8
5 0 0 9 0 0 1 222 32 159 7.31
10 0 8 4 0 7 1 223 30 232 7.95
4 0 10 5 0 1 1 223 34 239 5.92
5 0 4 6 9 0 1 223 37 180 4.96
1 0 0 0 0 0 0 42 209 8.96
1 0 0 0 0 0 3 225 226 227 0 139 5.02
2 0 5 10 0 10 3 236 247 248 1 191 7.65
4 0 5 10 10 7 3 228 229 230 1 154 6.04
3 0 3 1 1 4 3 235 237 238 1 217 6.56
2 0 0 9 9 0 3 233 240 242 5 211 6.38
6 0 6 7 8 8 3 231 234 242 5 129 5.73
4 0 4 0 0 3 2 232 233 5 156 7.81
6 0 10 5 4 1 1 241 11 216 5.18
10 0 7 4 7 0 3 234 237 241 9 201 5.2
10 0 1 0 1 3 3 236 243 246 9 148 5.36
5 0 7 0 3 0 3 235 236 243 19 165 6.61
8 1 0 0 0 0 3 240 244 249 24 189 5.88
3 0 0 10 8 3 3 249 250 254 24 207 5.24
1 1 0 0 0 0 3 240 251 253 19 229 8.01
7 0 6 0 10 1 3 239 243 244 4 137 8.08
2 0 2 6 0 6 3 242 246 249 11 188 9.57
9 0 2 0 1 8 2 245 250 32 157 6.6
7 1 0 0 0 0 2 244 251 19 197 6.02
6 1 0 0 0 0 3 245 248 251 13 159 7.94
5 0 0 6 3 0 3 247 248 250 24 147 8.01
4 0 0 9 10 0 3 245 246 253 32 201 9.59
4 0 9 1 0 0 1 247 41 251 8.01
3 0 3 7 8 0 1 252 36 152 5.8
7 0 7 8 3 0 1 254 45 236 7.86
5 0 1 0 0 4 1 252 29 161 5.91
9 0 0 0 5 2 1 253 32 171 6.84
7 0 7 9 0 9 1 252 41 243 9.12
7 0 9 1 7 7 1 254 26 228 8.12
5 0 2 3 8 10 1 255 48 206 9.43
5 0 4 4 9 6 1 255 41 219 9.73
2 0 3 6 7 7 1 255 52 187 6.85
1 0 0 0 0 0 0 54 178 7.41
1 0 0 0 0 0 3 257 258 259 0 183 9.48
9 0 8 7 9 4 2 266 270 1 175 8.34
5 0 10 5 6 10 3 263 269 272 1 132 9.06
8 0 9 8 3 2 3 260 261 274 1 153 9.5
3 0 6 7 9 10 1 280 9 170 5.78
9 0 4 10 1 1 2 262 282 9 166 9.46
4 0 3 4 5 9 2 264 267 18 140 7.61
4 0 9 4 2 1 3 265 273 276 6 224 7.81
2 1 0 0 0 0 2 269 271 22 231 8.77
9 0 8 3 9 4 3 266 274 280 10 208 6.86
9 0 4 5 3 1 3 267 279 283 19 169 5.38
9 0 3 4 7 2 3 268 275 281 28 224 7.44
5 0 6 2 3 5 1 286 37 203 8.14
2 0 4 7 10 6 1 277 24 159 7.84
5 1 0 0 0 0 3 272 278 285 10 166 7.28
8 1 0 0 0 0 3 272 279 284 24 185 7.2
9 0 2 6 4 3 1 280 32 201 8.99
10 1 0 0 0 0 1 284 10 138 5.43
10 1 0 0 0 0 3 275 277 282 19 184 8.66
9 0 3 6 1 3 2 278 286 37 187 6.86
1 0 1 6 7 2 3 277 278 281 10 122 6.32
5 0 9 2 4 4 1 279 29 176 5.96
7 0 4 9 8 7 1 284 46 177 6.34
6 0 8 8 8 8 1 285 34 196 9.6
8 0 9 8 2 9 1 283 41 154 6.79
9 0 2 8 10 1 1 285 37 160 7.04
3 1 0 0 0 0 1 283 29 231 8.36
7 0 6 2 10 2 1 286 49 231 5.08
7 0 8 10 4 10 1 287 53 254 6.84
1 0 3 9 10 8 1 287 46 160 6.31
6 0 9 7 10 3 1 287 56 195 7.93
1 0 0 0 0 0 0 62 188 5.18
1 0 0 0 0 0 3 289 290 291 0 122 6.7
1 0 2 5 2 8 3 292 299 307 1 133 6.82
4 0 6 7 6 9 2 298 303 1 115 6.14
2 0 5 8 7 3 3 296 298 300 1 159 8.33
2 0 10 5 4 3 3 293 294 295 2 158 6.67
5 0 3 7 7 4 1 306 4 215 5.29
6 0 4 1 2 4 3 301 310 311 4 162 7.97
4 0 1 4 3 8 2 297 298 4 155 9.69
10 0 4 1 3 7 3 302 303 317 3 132 5.01
7 0 1 7 1 4 1 304 8 186 8.13
7 0 4 6 10 4 1 304 8 145 6.55
9 0 7 2 7 3 3 308 311 312 2 130 8.39
5 0 8 9 9 10 2 305 309 3 218 6.09
3 0 7 6 3 9 1 316 10 225 7.89
2 1 0 0 0 0 1 306 13 203 8.05
3 1 0 0 0 0 2 304 318 13 155 6.51
5 1 0 0 0 0 3 305 306 313 16 212 5.22
3 0 4 10 6 3 1 308 21 161 6.89
3 1 0 0 0 0 1 316 21 227 5.14
5 0 7 2 6 3 2 308 309 2 220 7.25
1 0 8 8 6 4 1 315 24 234 6.59
5 0 5 7 1 10 2 310 311 8 145 8.57
6 1 0 0 0 0 2 312 314 13 152 5.94
9 0 1 10 1 2 3 313 314 317 13 129 8.07
3 1 0 0 0 0 2 313 318 19 130 5.13
8 0 6 3 8 10 1 315 22 139 6.16
3 0 8 2 4 8 2 315 318 22 220 5.92
2 0 4 7 1 3 1 316 30 242 6.77
4 0 1 2 8 9 1 319 32 177 7.84
8 0 8 3 2 3 1 319 22 164 8.07
9 0 5 8 8 10 1 319 25 221 9.59
1 0 0 0 0 0 0 36 174 9.46
1 0 0 0 0 0 3 321 322 323 0 139 7.64
5 0 3 0 0 0 3 326 329 335 1 201 5.05
2 0 0 9 0 0 3 324 331 335 1 128 6.61
5 0 0 1 0 0 3 324 325 327 1 176 5.96
6 0 0 7 0 0 3 329 343 349 6 152 6.02
7 0 0 0 1 0 3 330 332 334 6 162 9.76
8 0 0 0 0 2 3 331 332 337 6 186 5.81
1 0 0 0 0 9 3 328 332 342 6 215 8.68
7 0 0 1 0 0 3 331 337 339 7 223 6.41
5 0 0 0 0 2 1 340 12 135 7.66
6 0 0 0 5 0 3 333 335 337 13 218 5.52
9 0 0 0 0 3 2 338 344 14 201 8.9
5 0 0 0 0 10 1 339 14 200 6.8
10 0 0 0 0 2 1 340 19 192 8.21
8 0 10 0 0 0 3 339 345 346 13 148 6.27
5 0 2 0 0 0 3 336 341 343 19 173 8.54
7 1 0 0 0 0 3 338 340 344 24 143 7.25
2 0 0 8 0 0 3 338 341 343 19 152 6.32
8 1 0 0 0 0 3 346 347 349 31 230 6.67
2 1 0 0 0 0 2 341 349 21 159 9.75
4 0 0 5 0 0 1 342 31 193 6.53
5 1 0 0 0 0 2 347 350 24 153 7.56
8 0 8 0 0 0 2 345 348 35 170 4.93
7 0 0 6 0 0 1 344 24 188 5.0
7 1 0 0 0 0 3 345 346 347 31 234 6.68
3 0 0 4 0 0 1 350 43 154 5.55
5 0 0 4 0 0 2 348 350 39 207 9.5
1 1 0 0 0 0 1 348 39 181 9.57
5 0 0 0 10 0 1 351 44 169 6.1
3 0 0 6 0 0 1 351 39 236 9.53
10 0 6 0 0 0 1 351 46 190 8.63
1 0 0 0 0 0 0 56 170 4.97
1 0 0 0 0 0 3 353 354 355 0 130 6.75
10 0 0 0 0 4 3 356 358 359 1 147 9.26
1 0 0 0 0 10 1 362 1 214 8.82
9 0 4 0 0 0 2 357 367 1 149 7.2
3 0 6 0 0 0 2 366 374 11 229 8.88
1 0 3 0 0 0 2 361 363 10 216 7.19
7 1 0 0 0 0 3 360 365 376 11 133 8.31
1 0 0 0 0 2 1 364 11 135 6.58
4 1 0 0 0 0 1 375 18 131 8.23
10 0 0 0 0 2 1 373 11 129 6.81
6 0 0 0 10 0 3 365 367 375 2 219 7.61
2 0 0 0 0 6 2 364 372 11 155 6.8
3 0 0 7 0 0 3 368 375 381 13 135 8.65
1 0 0 0 3 0 1 369 18 232 8.14
3 0 0 0 0 6 2 367 380 14 201 8.42
1 1 0 0 0 0 1 370 17 181 4.97
3 1 0 0 0 0 1 369 16 151 6.0
10 0 0 0 0 9 2 371 382 19 197 9.21
1 1 0 0 0 0 1 379 18 135 6.05
3 0 5 0 0 0 1 377 29 221 8.81
4 0 0 3 0 0 1 379 13 208 6.26
2 1 0 0 0 0 1 379 21 207 6.56
4 0 1 0 0 0 1 378 14 205 9.69
2 1 0 0 0 0 2 377 382 22 211 7.39
4 0 0 9 0 0 1 381 18 227 6.13
6 0 0 0 0 7 1 380 32 151 8.69
9 1 0 0 0 0 1 381 18 217 9.38
2 0 0 0 0 5 1 382 23 210 9.32
1 0 0 0 9 0 1 383 38 234 5.73
1 1 0 0 0 0 1 383 27 136 5.76
9 0 0 0 4 0 1 383 29 186 4.98
1 0 0 0 0 0 0 39 238 8.31
1 0 0 0 0 0 3 385 386 387 0 217 6.73
10 0 0 0 0 7 2 406 413 1 124 5.61
6 0 0 4 0 0 3 388 407 412 1 186 6.83
2 0 6 0 0 0 3 389 391 401 1 217 6.07
9 0 0 0 10 0 2 393 400 7 185 9.38
7 0 0 10 0 0 3 390 392 412 3 183 8.61
7 0 0 9 0 0 2 393 408 10 218 5.89
9 0 0 0 3 0 1 394 3 121 5.52
4 0 0 0 0 3 3 396 397 405 10 209 5.89
2 0 0 0 5 0 3 396 403 410 17 233 9.23
3 0 0 0 5 0 3 395 404 409 12 224 8.42
10 0 0 9 0 0 3 396 399 407 15 171 6.9
7 1 0 0 0 0 1 413 25 188 7.44
4 0 0 0 3 0 2 398 408 14 139 5.67
6 1 0 0 0 0 2 406 413 18 233 5.93
6 1 0 0 0 0 2 410 412 25 213 8.54
5 0 0 0 0 4 3 403 405 409 16 150 8.01
6 0 0 10 0 0 3 402 405 406 3 218 7.91
4 0 3 0 0 0 2 403 404 9 121 5.71
1 0 0 4 0 0 1 411 21 226 9.11
9 0 2 0 0 0 1 407 15 201 5.7
2 1 0 0 0 0 1 408 21 189 5.67
2 0 0 0 0 4 1 409 24 232 7.6
2 0 9 0 0 0 1 414 25 135 6.68
5 1 0 0 0 0 1 411 23 148 8.24
10 0 0 0 0 10 1 410 26 143 8.25
9 0 0 0 6 0 1 411 36 200 6.3
5 0 9 0 0 0 1 414 45 192 6.06
3 1 0 0 0 0 1 415 31 185 8.21
1 1 0 0 0 0 1 415 32 146 5.31
2 0 0 0 8 0 1 415 50 173 8.77
1 0 0 0 0 0 0 52 243 7.25
1 0 0 0 0 0 3 417 418 419 0 163 7.98
7 0 1 9 7 2 1 420 1 192 5.14
7 0 6 10 2 1 3 421 424 430 1 219 5.17
6 0 6 5 2 4 3 422 434 444 1 187 7.3
7 0 5 9 9 2 3 423 427 436 8 225 9.6
7 0 10 2 7 7 2 426 433 8 197 5.06
7 0 7 2 5 2 1 431 7 150 6.53
3 0 3 5 7 8 2 425 438 15 199 6.37
4 0 1 9 5 1 1 437 8 201 9.34
6 1 0 0 0 0 3 439 443 445 18 184 5.13
2 0 6 8 1 10 2 427 436 15 172 6.35
1 0 8 8 2 8 3 428 429 431 17 148 9.09
1 1 0 0 0 0 1 432 18 153 7.87
5 0 6 9 7 4 3 435 437 438 18 182 9.35
3 0 4 7 8 5 2 431 433 8 151 7.43
4 1 0 0 0 0 1 446 18 210 6.74
1 1 0 0 0 0 2 437 442 19 223 9.59
6 0 9 5 3 9 3 438 440 445 15 191 9.5
5 0 8 10 10 7 2 440 442 7 222 7.07
4 1 0 0 0 0 2 439 441 23 204 7.75
10 0 2 8 5 4 3 439 441 443 17 229 6.91
5 0 9 9 8 1 1 441 23 227 7.65
9 0 8 5 1 9 1 443 23 208 7.46
7 1 0 0 0 0 2 440 442 27 238 5.66
10 0 9 1 10 4 1 446 34 202 8.92
5 0 5 9 10 9 2 444 445 28 140 6.17
6 0 5 8 6 5 1 446 34 198 8.08
6 0 1 8 5 10 1 444 32 155 6.21
7 0 2 3 9 10 1 447 38 172 5.46
7 0 8 5 6 9 1 447 33 168 6.49
7 0 3 1 4 5 1 447 44 168 6.27
1 0 0 0 0 0 0 51 210 5.03
1 0 0 0 0 0 3 449 450 451 0 146 6.54
6 0 7 9 7 0 3 461 463 474 1 172 8.76
10 0 6 8 9 0 2 453 454 1 190 6.41
10 0 6 2 6 8 3 452 455 471 1 135 9.67
3 0 0 6 1 6 3 456 458 459 11 129 5.66
10 0 9 3 9 0 1 460 11 229 9.67
8 0 0 0 3 0 2 457 464 11 149 9.39
1 0 8 10 0 8 1 463 11 180 9.44
4 0 10 4 3 0 2 462 472 14 207 9.24
9 1 0 0 0 0 2 468 473 19 206 8.06
5 0 4 10 0 5 3 467 473 475 14 186 4.97
4 0 2 7 0 4 1 477 14 224 8.67
8 1 0 0 0 0 1 466 21 195 9.7
10 0 0 1 0 1 1 465 7 152 9.3
9 0 9 0 4 0 1 463 18 189 5.39
10 0 10 2 10 5 1 466 27 191 7.18
9 0 1 9 4 2 1 476 19 145 7.31
6 1 0 0 0 0 1 468 17 147 6.66
7 0 2 5 4 2 2 469 470 37 183 5.48
8 0 10 2 6 2 1 472 19 153 5.17
2 1 0 0 0 0 1 472 28 152 5.94
1 0 4 8 9 5 1 476 44 150 6.86
10 0 2 9 7 0 1 478 44 180 8.27
1 0 2 0 7 0 2 475 478 11 149 8.75
6 0 9 5 0 4 1 476 30 176 8.81
10 0 9 10 0 2 2 474 478 28 202 8.35
6 0 3 6 2 2 1 477 38 251 7.73
10 0 1 9 2 9 1 477 19 139 7.98
5 0 1 0 10 7 1 479 45 193 9.72
4 0 10 7 4 1 1 479 44 227 7.46
1 0 0 2 0 0 1 479 54 214 5.92
1 0 0 0 0 0 0 55 183 7.43
1 0 0 0 0 0 3 481 482 483 0 191 9.67
7 0 3 10 7 0 3 490 494 498 1 172 9.03
2 0 4 0 0 0 3 487 489 491 1 151 8.22
4 0 0 0 0 4 3 484 485 486 1 124 6.36
7 0 4 8 0 0 1 489 5 218 6.15
9 0 0 8 1 3 3 497 499 502 5 153 8.35
6 0 2 0 7 7 3 488 504 505 5 215 8.54
3 0 0 9 2 2 3 500 506 508 3 172 7.39
5 0 4 9 0 0 1 492 11 214 9.42
9 0 0 0 10 1 2 499 502 12 158 9.61
9 0 8 7 0 0 2 491 492 8 212 9.18
6 1 0 0 0 0 2 493 495 17 141 5.53
1 1 0 0 0 0 1 500 17 217 9.44
1 0 0 0 0 1 3 496 502 503 23 162 7.25
4 0 0 2 3 4 3 499 505 509 8 193 9.17
3 1 0 0 0 0 1 496 23 190 8.25
2 1 0 0 0 0 1 507 26 168 6.77
3 0 8 7 0 0 2 498 501 14 206 7.84
6 1 0 0 0 0 1 503 17 177 5.11
6 0 3 6 0 2 3 500 501 508 21 217 8.18
9 0 10 0 0 3 1 510 27 196 8.07
6 0 0 2 0 0 1 506 27 239 5.45
6 1 0 0 0 0 2 504 509 24 155 5.3
3 0 0 7 10 0 2 507 509 24 200 9.32
8 0 10 0 2 2 1 506 30 217 6.22
5 0 5 10 9 0 1 507 12 155 6.58
4 0 0 7 4 0 1 510 38 146 8.7
1 0 0 0 9 5 2 508 510 28 151 5.64
1 0 9 9 0 6 1 511 29 156 7.4
5 0 0 7 3 0 1 511 30 155 9.66
5 0 0 0 0 3 1 511 42 231 7.73
1 0 0 0 0 0 0 47 173 8.99
1 0 0 0 0 0 3 513 514 515 0 125 9.14
10 0 1 0 1 0 2 517 525 1 203 5.08
4 0 4 0 0 3 3 516 524 533 1 160 7.15
5 0 0 2 6 4 3 518 520 521 1 130 6.75
1 0 0 0 7 5 1 523 5 214 7.78
5 0 8 4 7 6 3 519 521 528 11 186 5.96
9 0 8 6 0 0 3 527 530 535 6 179 8.0
3 0 0 0 7 7 1 530 16 138 9.66
9 0 0 0 10 8 3 522 533 536 6 224 9.15
7 0 0 2 0 0 1 522 16 235 5.0
9 1 0 0 0 0 3 526 529 539 23 208 7.4
8 0 4 0 0 6 1 529 6 221 4.9
1 0 0 6 0 1 2 534 539 5 209 5.99
7 0 2 0 0 0 2 527 538 11 130 8.07
9 0 4 0 0 0 2 532 535 32 182 5.04
5 0 0 0 0 10 3 531 536 537 18 180 8.77
4 1 0 0 0 0 2 533 534 16 183 6.73
2 1 0 0 0 0 2 538 540 32 184 9.33
8 0 8 0 0 0 2 532 534 19 231 6.01
6 0 8 9 1 10 2 539 541 23 191 9.26
2 0 8 7 0 1 1 537 41 213 6.88
3 1 0 0 0 0 2 535 540 20 149 5.76
4 1 0 0 0 0 2 537 542 27 196 8.28
7 0 0 0 8 6 1 538 41 191 8.51
1 1 0 0 0 0 2 541 542 23 150 9.03
7 0 0 1 9 0 1 541 43 186 8.6
7 0 0 0 0 2 1 542 48 185 5.85
8 0 5 5 4 0 1 540 32 233 7.43
5 0 1 0 7 6 1 543 40 184 7.57
10 0 0 5 0 0 1 543 50 256 7.42
9 0 0 10 0 10 1 543 55 200 7.8
1 0 0 0 0 0 0 64 221 6.58
1 0 0 0 0 0 3 545 546 547 0 131 4.96
4 0 0 0 0 5 3 549 556 567 1 139 6.46
4 0 0 0 4 0 3 548 550 555 1 121 8.24
1 0 0 0 0 4 1 552 1 149 8.62
2 0 9 0 0 0 3 551 558 568 5 220 7.97
4 0 0 0 0 7 2 553 569 5 187 5.6
1 0 0 0 0 2 2 554 567 5 157 7.44
7 0 0 0 0 4 1 561 7 218 9.15
9 0 9 0 0 0 1 557 2 164 5.76
6 0 8 0 0 0 1 563 9 159 7.82
2 0 0 7 0 0 1 558 6 171 5.86
3 0 4 0 0 0 2 571 574 5 150 5.75
9 0 0 0 0 9 2 559 560 5 165 8.89
3 0 0 1 0 0 1 566 11 135 6.44
4 0 0 0 0 7 2 560 571 8 167 9.23
5 0 0 6 0 0 3 561 568 572 14 154 9.45
5 0 0 0 8 0 1 573 14 170 9.1
7 1 0 0 0 0 3 562 564 571 19 161 4.96
9 0 4 0 0 0 1 569 26 183 5.29
2 0 0 0 4 0 1 565 15 135 8.85
10 0 6 0 0 0 1 573 26 211 5.71
3 0 3 0 0 0 1 566 17 186 6.78
2 1 0 0 0 0 1 570 20 208 6.18
7 0 0 0 0 5 1 569 6 207 7.94
10 1 0 0 0 0 1 570 19 140 8.1
8 0 0 9 0 0 1 570 35 156 9.71
3 0 0 0 5 0 1 574 43 196 5.69
9 0 0 0 2 0 1 573 26 176 9.51
4 1 0 0 0 0 1 575 19 198 6.79
1 0 0 0 0 2 1 575 36 147 7.3
2 0 0 0 0 3 1 575 46 180 8.0
1 0 0 0 0 0 0 48 206 6.8
1 0 0 0 0 0 3 577 578 579 0 209 6.6
1 0 6 7 0 0 3 581 585 586 1 142 6.31
2 0 0 6 3 10 3 580 582 606 1 161 8.65
10 0 0 1 3 10 3 583 589 595 1 146 5.72
9 0 0 3 7 5 3 584 587 605 3 210 4.99
5 0 3 6 4 6 1 604 2 138 9.76
7 0 0 3 0 3 2 597 598 3 210 6.68
3 0 6 10 4 0 2 588 591 11 151 9.07
8 0 0 4 3 4 2 590 601 12 185 7.08
2 0 6 4 6 1 2 592 593 2 113 5.84
3 0 4 1 2 8 1 594 2 166 7.09
1 0 0 1 1 3 2 590 603 12 129 6.88
2 0 8 1 7 4 2 592 594 14 131 9.2
9 0 2 8 1 0 2 590 592 11 142 6.34
5 1 0 0 0 0 1 597 20 193 5.02
2 1 0 0 0 0 3 593 594 600 14 123 6.87
4 0 7 0 4 0 2 596 598 20 159 8.65
4 0 10 1 3 7 3 601 602 605 16 176 9.12
5 1 0 0 0 0 1 599 16 148 7.64
7 0 1 0 9 0 3 598 599 605 11 224 8.91
10 1 0 0 0 0 3 599 600 606 24 227 5.62
8 0 7 4 0 9 1 602 25 187 7.64
6 1 0 0 0 0 1 600 24 232 7.68
5 1 0 0 0 0 1 603 34 169 6.64
5 1 0 0 0 0 2 601 602 34 230 5.9
10 0 0 7 0 7 1 603 39 157 6.2
2 0 9 4 10 6 1 604 39 164 8.58
5 0 3 10 0 0 1 604 49 209 5.14
10 0 0 0 4 1 1 607 54 187 7.41
9 0 10 1 5 9 1 607 20 232 8.12
3 0 7 10 0 1 1 607 34 207 7.98
1 0 0 0 0 0 0 64 230 6.67
1 0 0 0 0 0 3 609 610 611 0 113 5.33
5 0 7 0 6 9 3 612 618 621 1 181 6.53
4 0 2 0 0 0 3 613 615 617 1 172 8.45
6 0 3 0 0 0 3 616 624 632 1 118 5.97
4 0 10 2 0 10 3 613 614 622 6 180 6.47
7 0 0 6 0 8 3 616 624 634 10 129 5.15
6 0 0 0 9 9 3 615 623 626 10 126 7.74
10 0 0 0 2 0 2 629 631 16 136 8.52
3 0 0 10 0 0 3 631 633 636 17 163 5.34
6 0 4 0 9 1 3 619 621 624 5 128 7.97
7 0 5 0 5 0 3 622 625 627 6 121 9.05
6 0 8 5 5 0 3 620 623 625 11 137 9.02
7 0 0 1 0 0 3 627 630 637 17 235 6.33
8 0 0 1 0 0 2 622 625 11 198 5.08
4 1 0 0 0 0 2 626 628 19 213 8.2
1 0 8 0 0 4 2 627 628 17 205 7.97
2 0 0 3 5 0 2 631 638 17 148 5.91
2 1 0 0 0 0 3 626 630 636 19 138 9.18
10 1 0 0 0 0 1 635 23 150 6.01
8 1 0 0 0 0 3 632 633 634 24 194 5.78
6 1 0 0 0 0 3 629 633 637 23 135 4.91
6 0 0 10 6 3 3 630 634 635 29 197 6.69
3 0 5 0 1 0 1 632 35 229 6.0
7 0 0 10 0 10 1 637 26 154 8.53
8 0 0 0 0 2 1 638 38 253 5.5
8 0 0 0 10 8 1 635 32 249 8.62
6 0 8 1 1 4 1 636 35 187 8.55
2 0 0 0 7 7 1 638 40 173 5.87
10 0 3 10 7 0 1 639 41 199 6.56
10 0 10 0 0 4 1 639 33 227 9.29
6 0 0 9 0 3 1 639 46 241 5.7
1 0 0 0 0 0 0 52 167 8.55
96.6 87.84 81.42 74.71 89.29 99.59 110.49 115.79 99.97 87.39 54.14 47.19 62.81 62.0 65.34 74.1 82.35 100.98 120.0 172.01 154.62 130.22 110.99 101.06 99.6 92.65 90.66 89.96 87.67 89.19 101.64 105.39 90.28 78.78 59.12 28.31 23.78 21.89 23.54 45.85 70.26 95.01 107.3 124.57 140.0 133.04 118.1 107.89 106.87 97.45 93.2 93.83 94.36 99.49 118.42 140.7 129.58 109.51 99.57 94.83 92.11 87.14 90.15 93.45 97.44 110.63 131.12 155.99 158.57 136.1 119.9 99.99 104.88 98.38 97.95 95.1 94.37 101.09 121.27 134.41 133.0 115.54 103.07 95.03 91.62 89.98 89.98 94.23 100.07 112.82 130.0 150.0 146.0 129.08 116.63 107.3 105.02 101.29 100.67 100.23 100.42 102.93 118.36 137.96 122.08 106.85 95.85 89.05 86.28 82.85 84.16 89.4 97.48 109.69 129.35 158.05 147.89 127.18 109.01 100.43 101.18 96.58 95.02 91.94 93.39 94.09 100.7 90.21 83.02 79.37 69.4 41.83 25.45 14.86 12.59 25.01 74.78 100.81 115.49 129.19 125.92 132.53 123.71 112.54 113.99 110.59 105.17 105.01 103.09 104.76 104.85 99.69 98.99 86.62 73.68 44.0 20.52 13.25 13.84 33.81 78.98 95.1 112.0 128.8 140.0 139.54 126.71 111.95 96.6 87.84 81.42 74.71 89.29 99.59 110.49 115.79 99.97 87.39 54.14 47.19 62.81 62.0 65.34 74.1 82.35 100.98 120.0 172.01 154.62 130.22 110.99 101.06 99.6 92.65 90.66 89.96 87.67 89.19 101.64 105.39 90.28 78.78 59.12 28.31 23.78 21.89 23.54 45.85 70.26 95.01 107.3 124.57 140.0 133.04 118.1 107.89 106.87 97.45 93.2 93.83 94.36 99.49 118.42 140.7 129.58 109.51 99.57 94.83 92.11 87.14 90.15 93.45 97.44 110.63 131.12 155.99 158.57 136.1 119.9 99.99 104.88 98.38 97.95 95.1 94.37 101.09 121.27 134.41 133.0 115.54 103.07 95.03 91.62 89.98 89.98 94.23 100.07 112.82 130.0 150.0 146.0 129.08 116.63 107.3 105.02 101.29 100.67 100.23 100.42 102.93 118.36 137.96 122.08 106.85 95.85 89.05 86.28 82.85 84.16 89.4 97.48 109.69 129.35 158.05 147.89 127.18 109.01 100.43 101.18 96.58 95.02 91.94 93.39 94.09 100.7 90.21 83.02 79.37 69.4 41.83 25.45 14.86 12.59 25.01 74.78 100.81 115.49 129.19 125.92 132.53 123.71 112.54 113.99 110.59 105.17 105.01 103.09 104.76 104.85 99.69 98.99 86.62 73.68 44.0 20.52 13.25 13.84 33.81 78.98 95.1 112.0 128.8 140.0 139.54 126.71 111.95 96.6 87.84 81.42 74.71 89.29 99.59 110.49 115.79 99.97 87.39 54.14 47.19 62.81 62.0 65.34 74.1 82.35 100.98 120.0 172.01 154.62 130.22 110.99 101.06 99.6 92.65 90.66 89.96 87.67 89.19 101.64 105.39 90.28 78.78 59.12 28.31 23.78 21.89 23.54 45.85 70.26 95.01 107.3 124.57 140.0 133.04 118.1 107.89 106.87 97.45 93.2 93.83 94.36 99.49 118.42 140.7 129.58 109.51 99.57 94.83 92.11 87.14 90.15 93.45 97.44 110.63 131.12 155.99 158.57 136.1 119.9 99.99 104.88 98.38 97.95 95.1 94.37 101.09 121.27 134.41 133.0 115.54 103.07 95.03 91.62 89.98 89.98 94.23 100.07 112.82 130.0 150.0 146.0 129.08 116.63 107.3 105.02 101.29 100.67 100.23 100.42 102.93 118.36 137.96 122.08 106.85 95.85 89.05 86.28 82.85 84.16 89.4 97.48 109.69 129.35 158.05 147.89 127.18 109.01 100.43 101.18 96.58 95.02 91.94 93.39 94.09 100.7 90.21 83.02 79.37 69.4 41.83 25.45 14.86 12.59 25.01 74.78 100.81 115.49 129.19 125.92 132.53 123.71 112.54 113.99 110.59 105.17 105.01 103.09 104.76 104.85 99.69 98.99 86.62 73.68 44.0 20.52 13.25 13.84 33.81 78.98 95.1 112.0 128.8 140.0 139.54 126.71 111.95 96.6 87.84 81.42 74.71 89.29 99.59 110.49 115.79 99.97 87.39 54.14 47.19 62.81 62.0 65.34 74.1 82.35 100.98 120.0 172.01 154.62 130.22 110.99 101.06 99.6 92.65 90.66 89.96 87.67 89.19 101.64 105.39 90.28 78.78 59.12 28.31 23.78 21.89 23.54 45.85 70.26 95.01 107.3 124.57 140.0 133.04 118.1 107.89 106.87 97.45 93.2 93.83 94.36 99.49 118.42 140.7 129.58 109.51 99.57 94.83 92.11 87.14 90.15 93.45 97.44 110.63 131.12 155.99 158.57 136.1 119.9 99.99 104.88 98.38 97.95 95.1 94.37 101.09 121.27 134.41 133.0 115.54 103.07 95.03 91.62 89.98 89.98 94.23 100.07 112.82 130.0 150.0 146.0 129.08 116.63 107.3 105.02 101.29 100.67 100.23 100.42 102.93 118.36 137.96 122.08 106.85 95.85 89.05 86.28 82.85 84.16 89.4 97.48 109.69 129.35 158.05 147.89 127.18 109.01 100.43 101.18 96.58 95.02 91.94 93.39 94.09 100.7 90.21 83.02 79.37 69.4 41.83 25.45 14.86 12.59 25.01 74.78 100.81 115.49 129.19 125.92 132.53 123.71 112.54 113.99 110.59 105.17 105.01 103.09 104.76 104.85 99.69 98.99 86.62 73.68 44.0 20.52 13.25 13.84 33.81 78.98 95.1 112.0 128.8 140.0 139.54 126.71 111.95 96.6 87.84 81.42 74.71 89.29 99.59 110.49 115.79 99.97 87.39 54.14 47.19 62.81 62.0 65.34 74.1 82.35 100.98 120.0 172.01 154.62 130.22 110.99 101.06 99.6 92.65 90.66 89.96 87.67 89.19 101.64 105.39 90.28 78.78 59.12 28.31 23.78 21.89 23.54 45.85 70.26 95.01 107.3 124.57 140.0 133.04 118.1 107.89 106.87 97.45 93.2 93.83 94.36 99.49 118.42 140.7 129.58 109.51 99.57 94.83 92.11 87.14 90.15 93.45 97.44 110.63 131.12 155.99 158.57 136.1 119.9 99.99 104.88 98.38 97.95 95.1 94.37 101.09 121.27 134.41 133.0 115.54 103.07 95.03 91.62 89.98 89.98 94.23 100.07 112.82 130.0 150.0 146.0 129.08 116.63 107.3 105.02 101.29 100.67 100.23 100.42 102.93 118.36 137.96 122.08 106.85 95.85 89.05 86.28 82.85 84.16 89.4 97.48 109.69 129.35 158.05 147.89 127.18 109.01 100.43 101.18 96.58 95.02 91.94 93.39 94.09 100.7 90.21 83.02 79.37 69.4 41.83 25.45 14.86 12.59 25.01 74.78 100.81 115.49 129.19 125.92 132.53 123.71 112.54 113.99 110.59 105.17 105.01 103.09 104.76 104.85 99.69 98.99 86.62 73.68 44.0 20.52 13.25 13.84 33.81 78.98 95.1 112.0 128.8 140.0 139.54 126.71 111.95 96.6 87.84 81.42 74.71 89.29 99.59 110.49 115.79 99.97 87.39 54.14 47.19 62.81 62.0 65.34 74.1 82.35 100.98 120.0 172.01 154.62 130.22 110.99 101.06 99.6 92.65 90.66 89.96 87.67 89.19 101.64 105.39 90.28 78.78 59.12 28.31 23.78 21.89 23.54 45.85 70.26 95.01 107.3 124.57 140.0 133.04 118.1 107.89 106.87 97.45 93.2 93.83 94.36 99.49 118.42 140.7 129.58 109.51 99.57 94.83 92.11 87.14 90.15 93.45 97.44 110.63 131.12 155.99 158.57 136.1 119.9 99.99 104.88 98.38 97.95 95.1 94.37 101.09 121.27 134.41 133.0 115.54 103.07 95.03 91.62 89.98 89.98 94.23 100.07 112.82 130.0 150.0 146.0 129.08 116.63 107.3 105.02 101.29 100.67 100.23 100.42 102.93 118.36 137.96 122.08 106.85 95.85 89.05 86.28 82.85 84.16 89.4 97.48 109.69 129.35 158.05 147.89 127.18 109.01 100.43 101.18 96.58 95.02 91.94 93.39 94.09 100.7 90.21 83.02 79.37 69.4 41.83 25.45 14.86 12.59 25.01 74.78 100.81 115.49 129.19 125.92 132.53 123.71 112.54 113.99 110.59 105.17 105.01 103.09 104.76 104.85 99.69 98.99 86.62 73.68 44.0 20.52 13.25 13.84 33.81 78.98 95.1 112.0 128.8 140.0 139.54 126.71 111.95 96.6 87.84 81.42 74.71 89.29 99.59 110.49 115.79 99.97 87.39 54.14 47.19 62.81 62.0 65.34 74.1 82.35 100.98 120.0 172.01 154.62 130.22 110.99 101.06 99.6 92.65 90.66 89.96 87.67 89.19 101.64 105.39 90.28 78.78 59.12 28.31 23.78 21.89 23.54 45.85 70.26 95.01 107.3 124.57 140.0 133.04 118.1 107.89 106.87 97.45 93.2 93.83 94.36 99.49 118.42 140.7 129.58 109.51 99.57 94.83 92.11 87.14 90.15 93.45 97.44 110.63 131.12 155.99 158.57 136.1 119.9 99.99 104.88 98.38 97.95 95.1 94.37 101.09 121.27 134.41 133.0 115.54
