64 5
1 22 32 23 30
1 0 0 0 0 0 3 1 2 3 0 33 7.42
4 0 0 5 3 0 3 8 14 23 1 30 7.07
10 0 0 6 0 10 3 4 21 22 1 44 9.73
1 0 0 0 10 8 2 5 11 1 28 9.92
5 0 1 3 0 0 3 7 13 29 11 50 5.64
4 0 0 9 9 0 2 6 9 2 41 9.93
3 0 6 2 0 6 3 8 19 21 6 43 7.5
9 0 4 1 0 0 3 9 10 12 16 43 5.61
8 0 4 6 0 0 1 13 9 42 9.73
1 1 0 0 0 0 2 20 28 25 63 8.31
9 1 0 0 0 0 1 25 25 53 6.0
4 0 4 1 0 10 2 12 16 2 44 8.94
8 0 3 3 1 0 3 17 20 23 25 56 9.98
8 0 0 0 5 8 1 17 17 60 6.21
10 0 7 0 0 10 3 15 16 18 5 36 6.47
5 0 0 10 0 0 2 17 24 15 45 9.42
8 0 10 0 0 0 2 24 26 15 58 6.73
4 1 0 0 0 0 1 27 33 57 10.18
1 0 0 0 0 8 2 22 27 15 46 6.42
3 0 2 0 0 0 1 25 9 51 5.82
2 0 0 5 0 7 1 30 33 70 8.41
8 0 3 5 0 0 3 23 25 29 11 38 9.65
7 0 0 10 0 0 3 24 26 29 16 53 9.51
7 0 3 0 7 3 1 26 33 71 10.04
4 1 0 0 0 0 1 30 23 51 10.34
7 0 9 0 0 1 1 30 34 75 8.53
4 0 0 6 10 6 1 28 40 60 7.81
10 0 0 10 4 0 1 28 37 76 5.66
10 0 0 3 0 0 1 31 47 79 6.9
9 1 0 0 0 0 1 31 23 54 7.88
8 0 6 9 0 0 1 31 41 70 7.18
1 0 0 0 0 0 0 57 79 8.06
1 0 0 0 0 0 3 33 34 35 0 31 5.5
5 0 0 7 1 0 3 41 43 62 1 32 8.64
8 0 0 7 0 5 2 39 52 1 42 6.88
10 0 5 0 0 3 2 36 57 1 43 6.96
10 0 4 7 0 0 3 37 40 46 11 48 6.27
9 0 2 0 0 10 2 38 59 21 58 5.67
7 1 0 0 0 0 3 48 49 58 30 56 5.59
1 0 5 7 10 0 1 41 9 35 6.24
5 0 2 6 0 0 3 42 53 55 21 51 10.08
10 0 9 8 0 0 2 47 50 10 44 10.13
10 1 0 0 0 0 2 48 52 26 65 7.64
8 0 3 3 4 8 2 44 45 6 36 5.29
4 0 0 0 0 8 2 47 50 14 45 8.98
9 0 9 8 3 0 1 52 14 47 8.2
8 0 7 5 0 0 3 47 51 54 21 47 6.78
8 0 2 9 0 0 2 48 55 29 54 5.98
1 0 9 0 0 6 1 56 37 66 5.31
9 1 0 0 0 0 2 50 56 37 73 6.24
10 0 0 0 4 7 2 53 61 46 81 6.28
8 1 0 0 0 0 2 53 62 29 72 5.38
5 1 0 0 0 0 3 54 56 58 36 68 7.27
6 0 9 4 0 0 1 60 56 91 5.97
5 1 0 0 0 0 1 59 41 66 5.37
9 1 0 0 0 0 2 58 59 37 71 8.83
6 0 3 10 0 0 1 60 46 80 7.65
1 0 0 0 10 0 1 62 11 47 7.17
10 0 0 9 0 0 1 61 46 77 9.12
8 0 5 0 0 0 2 60 61 46 83 9.76
8 0 0 0 0 1 1 63 62 86 5.99
2 0 7 0 0 4 1 63 56 82 9.7
10 0 6 6 7 7 1 63 37 73 8.53
1 0 0 0 0 0 0 70 87 5.75
91.43 86.73 83.81 82.78 87.9 98.84 117.11 125.34 108.78 88.51 71.02 45.93 20.04 14.23 18.34 54.56 71.68 93.82 110.93 185.7 211.45 125.19 107.2 101.25 100.92 94.61 88.0 86.13 89.8 102.21 110.84 109.58 98.05 88.57 69.64 43.23 25.21 20.77 28.79 42.92 65.47 95.33 120.11 155.37 165.78 115.95 104.24 98.22 97.51 92.93 87.44 85.52 89.59 98.68 109.06 109.55 102.58 87.69 76.37 66.19 48.56 35.0 41.89 72.39 80.69 103.73 114.26 136.15 133.62 116.14 105.02 98.95 97.02 88.8 86.23 89.28 90.52 107.21 114.02 115.32 106.73 99.11 88.1 80.09 71.8 70.01 69.62 78.23 84.22 102.03 113.4 129.68 132.91 112.93 103.96 94.17 88.33 80.75 77.23 75.91 75.56 86.3 104.74 106.3 102.09 91.08 72.35 41.5 14.85 4.4 0.7 4.73 45.3 72.22 94.17 105.08 112.82 107.45 103.02 94.37 95.33 89.32 87.61 85.05 85.35 85.46 86.59 86.77 83.29 60.4 13.71 3.32 1.34 0.07 0.17 3.52 12.59 75.36 97.69 109.0 120.28 120.32 111.16 105.24 100.5 95.12 94.2 91.87 90.91 90.8 90.0 84.9 48.37 2.64 -0.01 -0.07 -1.98 -7.45 -7.4 -0.1 0.0 65.46 100.87 110.4 117.21 114.32 107.5 100.52 95.28 87.03 83.48 81.78 82.6 101.79 114.33 123.39 108.88 91.97 70.01 35.02 10.0 5.93 6.78 25.2 59.45 88.12 111.51 157.12 227.31 137.47 115.04 105.15 105.52 101.05 97.8 96.22 98.05 105.41 123.03 122.7 106.64 90.0 73.77 62.72 42.78 26.28 38.05 73.05 89.43 106.86 130.67 193.46
