64 5
1 35 27 32 27
1 0 0 0 0 0 3 1 2 3 0 14 18.83
10 0 7 9 0 10 3 5 8 12 1 27 17.41
5 0 0 1 8 0 2 4 7 1 27 12.18
7 0 8 5 7 1 2 9 15 1 25 16.35
5 0 1 8 0 0 3 6 14 23 6 32 13.91
4 1 0 0 0 0 1 28 11 29 17.63
6 1 0 0 0 0 3 11 18 26 11 35 13.74
2 0 10 3 9 5 3 11 13 28 6 22 11.42
2 0 0 0 1 3 3 10 18 19 11 31 19.04
5 0 9 1 4 0 3 10 16 17 8 33 15.1
9 1 0 0 0 0 2 21 26 13 32 10.0
1 1 0 0 0 0 1 15 17 39 10.87
8 0 9 0 6 8 3 17 21 24 11 41 17.78
6 0 5 5 9 0 3 15 18 22 8 29 18.99
10 0 7 0 3 8 1 30 11 38 17.78
9 0 2 10 4 2 2 21 24 18 45 13.35
4 0 0 7 4 8 3 20 25 29 13 34 16.83
8 0 0 1 1 9 1 25 19 47 16.31
4 1 0 0 0 0 1 27 17 39 9.69
1 0 0 6 1 6 3 20 23 24 13 34 16.95
6 1 0 0 0 0 1 22 17 33 12.99
1 0 7 9 9 5 1 27 27 40 13.02
4 1 0 0 0 0 1 26 23 43 9.72
6 0 0 9 1 0 1 25 14 35 12.08
3 0 10 10 0 0 1 27 27 43 16.26
10 0 2 3 1 5 2 28 30 27 50 9.78
6 0 9 0 6 9 1 30 27 52 13.69
5 0 4 0 8 3 1 29 30 53 16.0
5 0 9 7 6 0 1 31 37 56 11.36
1 0 0 1 1 0 1 31 35 52 14.82
3 0 5 2 0 1 1 31 37 53 16.83
1 0 0 0 0 0 0 42 52 16.18
1 0 0 0 0 0 3 33 34 35 0 26 12.26
2 0 8 10 8 7 3 38 40 55 1 18 13.2
3 0 3 7 7 3 3 37 52 61 1 27 12.37
2 0 8 8 7 7 3 36 40 44 1 27 18.89
7 0 10 6 1 8 3 42 50 53 3 30 13.1
6 0 8 2 5 1 3 41 45 49 4 25 18.26
6 0 2 7 1 3 3 39 47 48 3 33 12.58
4 0 1 5 2 1 1 54 9 34 12.17
8 0 10 7 5 1 3 43 46 50 3 28 18.28
2 0 9 4 9 7 2 47 57 10 29 11.11
4 0 5 6 8 4 3 49 55 58 10 34 12.55
7 0 8 1 6 7 1 58 11 35 14.58
10 0 10 6 4 1 2 51 58 3 30 17.89
8 0 6 8 7 3 2 46 60 10 38 9.71
5 0 7 9 2 10 1 47 18 44 10.75
1 0 6 5 4 8 1 62 23 35 17.41
9 0 10 5 5 10 1 56 9 36 16.53
1 1 0 0 0 0 1 54 14 33 18.96
7 0 5 3 8 1 2 51 52 11 32 15.27
7 1 0 0 0 0 2 54 59 18 42 18.01
6 0 1 8 3 10 1 60 18 39 11.05
8 0 6 2 4 10 3 56 57 62 10 34 15.41
8 0 3 5 5 1 2 57 62 25 49 15.09
9 0 1 10 6 3 2 56 59 14 35 10.48
8 0 8 1 10 9 1 61 23 40 12.1
3 0 10 9 9 5 1 60 33 54 18.62
6 1 0 0 0 0 1 59 18 37 18.84
9 0 7 8 5 7 1 61 25 43 14.03
9 0 4 10 5 1 1 63 36 53 10.87
8 0 6 7 2 10 1 63 34 56 13.65
5 0 3 1 2 5 1 63 33 47 12.76
1 0 0 0 0 0 0 45 54 18.19
74.83 94.76 78.09 74.49 75.47 99.0 101.31 143.85 156.25 125.92 105.16 84.75 86.48 111.71 119.08 118.0 134.4 157.07 153.35 163.26 165.13 142.18 109.0 73.96 36.5 64.29 65.24 16.73 73.9 95.38 132.63 160.0 130.0 134.47 135.0 134.0 138.1 160.0 150.0 135.0 135.0 135.0 140.0 150.0 130.67 108.87 98.17 74.79 91.9 74.49 72.45 70.87 74.49 94.72 149.35 147.92 137.4 125.56 109.89 102.38 105.53 110.01 120.0 135.31 144.73 153.96 148.64 148.16 136.35 127.09 116.13 104.77 103.8 103.02 101.14 98.67 102.42 106.11 129.74 147.26 161.7 153.5 145.17 137.77 126.54 122.34 126.62 131.61 130.26 127.73 131.49 120.2 113.36 100.29 100.01 89.06 87.67 80.5 80.4 79.14 71.98 82.15 92.68 112.27 136.85 135.41 123.57 113.59 107.43 105.01 110.01 128.69 131.41 141.55 143.35 140.01 134.75 122.51 120.0 114.97 108.67 99.83 96.52 93.17 92.34 94.05 96.3 93.82 109.69 105.89
