64 5
1 22 32 25 26
1 0 0 0 0 0 3 1 2 3 0 36 8.11
7 0 3 8 1 4 2 13 18 1 39 9.32
7 0 7 8 1 2 1 22 1 26 7.24
4 0 9 7 8 5 3 4 8 10 1 35 7.49
8 0 9 9 9 2 3 5 17 20 5 37 7.84
9 0 7 10 2 4 2 6 9 13 45 9.68
3 0 3 3 3 4 3 7 11 18 22 42 7.04
9 1 0 0 0 0 3 12 14 21 25 54 9.54
10 0 3 9 1 2 2 14 15 5 31 7.78
6 0 2 10 8 9 2 13 18 22 46 10.08
2 0 4 7 7 4 1 17 5 35 10.98
7 1 0 0 0 0 3 16 23 25 25 48 8.02
9 0 6 5 10 4 2 19 27 34 65 7.07
10 1 0 0 0 0 3 14 23 26 28 53 10.14
9 0 2 9 10 5 1 22 38 62 8.12
4 0 6 5 10 1 3 20 25 26 15 34 10.47
5 1 0 0 0 0 2 24 26 32 61 7.44
3 0 6 3 8 4 1 22 13 43 7.6
3 0 10 10 1 6 3 19 24 29 28 60 6.01
2 0 4 3 6 9 1 23 43 70 7.77
3 1 0 0 0 0 1 29 19 48 9.46
3 0 2 2 9 4 1 25 34 60 6.13
10 0 1 5 4 5 1 30 47 73 9.87
7 0 3 2 3 5 1 28 45 69 10.31
9 0 1 5 1 9 2 27 30 37 65 8.62
1 0 5 2 10 5 2 28 30 37 53 8.75
2 0 5 4 7 8 2 27 29 38 65 7.51
1 0 3 9 10 8 1 28 46 69 8.07
3 0 9 9 6 1 1 31 52 71 11.76
8 0 2 1 4 10 1 31 40 65 8.08
2 0 3 10 8 8 1 31 57 82 8.19
1 0 0 0 0 0 0 59 78 9.94
1 0 0 0 0 0 3 33 34 35 0 28 7.28
7 0 0 9 7 3 3 36 37 38 1 39 9.26
8 0 4 0 8 0 3 40 42 43 1 42 9.4
9 0 9 6 6 8 2 41 58 1 40 9.24
2 0 1 6 3 0 3 39 44 50 8 27 9.38
9 0 0 3 3 10 2 44 56 8 35 11.02
6 1 0 0 0 0 2 46 47 8 35 10.0
6 0 2 3 7 3 2 49 51 10 35 7.06
6 0 0 0 7 9 1 54 9 35 7.65
5 0 8 0 8 7 3 47 48 52 10 42 7.24
3 0 0 10 2 7 3 48 55 60 9 40 11.87
7 0 0 5 0 3 2 57 59 9 48 10.58
9 1 0 0 0 0 3 45 46 49 17 51 7.38
9 1 0 0 0 0 3 47 58 62 26 54 10.84
10 0 0 0 8 8 1 62 26 51 8.55
1 0 5 0 7 9 1 54 35 51 9.09
3 1 0 0 0 0 1 49 15 37 9.98
3 0 2 1 4 10 1 61 26 47 6.7
1 0 0 5 6 0 3 51 52 56 10 33 8.06
10 0 5 8 0 7 1 53 16 52 10.93
5 0 6 6 5 1 3 54 59 62 15 45 9.97
8 1 0 0 0 0 2 57 59 26 55 10.44
6 0 0 9 10 10 2 60 61 36 64 7.25
7 1 0 0 0 0 1 56 12 39 6.38
10 0 0 3 1 7 1 57 19 49 7.09
3 0 0 10 6 5 1 58 34 58 7.29
3 0 5 5 7 2 1 61 37 53 7.89
2 0 10 4 6 3 1 60 34 50 7.33
2 0 2 0 5 0 1 63 42 69 10.97
1 0 4 4 1 1 1 63 42 67 8.92
9 0 0 9 1 10 1 63 36 58 8.41
1 0 0 0 0 0 0 45 69 11.32
84.42 86.67 85.85 84.8 86.32 98.33 123.46 149.8 125.0 101.94 85.83 76.73 65.92 61.47 70.56 79.89 101.44 132.42 210.51 413.66 308.52 150.28 119.37 108.69 108.12 109.21 106.31 104.25 104.21 107.35 182.39 294.59 193.65 125.7 102.57 96.01 84.74 84.27 87.45 94.85 105.81 131.17 192.68 386.4 210.0 130.02 112.62 105.9 104.86 103.61 100.57 101.42 100.87 110.31 133.35 216.33 165.29 122.31 113.97 114.82 103.58 96.03 86.56 95.58 110.26 126.54 170.59 276.46 172.73 117.57 98.94 84.59 85.95 83.19 75.65 67.14 66.2 71.23 105.95 123.07 121.14 104.81 76.01 38.73 51.48 49.23 57.64 54.03 46.92 89.09 126.33 188.92 151.12 116.25 92.43 81.94 48.33 42.49 35.11 33.23 41.42 73.44 114.49 123.43 109.04 92.68 58.95 49.64 47.43 46.93 59.75 76.99 92.55 97.99 130.14 200.52 165.0 119.39 104.84 98.65 94.3 79.39 72.93 73.75 79.32 82.83 86.36 78.23 72.18 54.48 14.27 2.37 0.0 0.01 0.01 0.02 41.22 101.57 123.7 142.34 127.6 113.87 100.62 88.1 85.5 77.16 79.68 84.97 92.72 99.3 99.25 103.59 107.52 87.7 61.58 17.66 6.57 0.0 -0.01 0.0 19.63 95.86 126.39 153.29 126.73 96.36 88.69 59.17 45.18 38.07 18.19 16.89 17.23 77.52 251.79 162.58 143.47 88.21
