96 5
1 18 27 23 38
1 0 0 0 0 0 3 1 2 3 0 39 8.38
9 0 5 0 0 2 3 4 8 18 1 46 4.83
4 0 0 5 0 9 3 9 12 13 1 31 5.78
5 0 4 0 0 0 3 5 6 7 1 32 8.15
7 0 3 2 7 0 1 5 10 42 8.38
1 0 6 2 0 0 1 25 17 52 4.99
3 0 0 0 0 3 1 27 6 45 6.34
9 0 0 0 0 9 1 25 6 52 6.49
8 0 7 0 5 3 3 10 13 16 10 46 5.95
10 0 0 1 0 0 3 11 15 17 5 49 5.19
6 0 0 4 4 9 2 14 30 18 61 5.53
5 0 0 1 0 0 1 28 15 48 8.8
10 0 0 0 9 0 2 22 23 5 38 7.48
3 0 8 4 0 7 3 19 27 29 18 43 5.09
6 0 0 5 2 7 1 21 24 57 9.03
9 0 0 0 2 0 1 26 15 51 8.91
3 0 0 0 0 5 2 27 30 18 56 7.3
4 0 0 9 8 7 1 29 15 49 6.03
10 0 0 2 1 0 1 20 10 44 5.47
7 1 0 0 0 0 1 24 21 59 8.37
10 1 0 0 0 0 1 25 20 52 7.73
6 1 0 0 0 0 1 22 30 57 7.19
7 0 4 9 5 2 1 26 36 64 6.77
8 0 0 7 0 10 1 24 15 46 4.92
1 1 0 0 0 0 1 26 28 64 6.17
7 0 6 0 4 10 1 29 30 56 4.79
3 0 9 0 8 0 1 28 43 72 5.64
7 1 0 0 0 0 1 28 21 58 6.44
8 0 0 5 5 0 1 31 46 76 6.67
3 0 4 0 1 5 1 31 37 73 7.35
3 0 2 0 0 3 1 31 24 52 7.02
1 0 0 0 0 0 0 54 72 9.07
1 0 0 0 0 0 3 33 34 35 0 36 8.27
7 0 1 0 0 0 3 41 44 55 1 42 6.34
4 0 7 0 0 0 3 38 39 46 1 33 6.22
7 0 10 0 0 0 3 36 39 61 1 34 8.77
3 0 0 0 3 0 3 37 42 44 8 41 6.86
4 0 0 0 7 0 3 38 40 46 11 48 7.93
3 0 0 0 8 0 3 41 47 55 15 41 8.52
9 0 0 0 0 8 3 48 52 53 8 46 4.61
2 0 0 0 0 7 3 47 51 57 15 44 5.19
8 0 3 0 0 0 3 43 45 49 18 53 6.51
10 0 0 0 4 0 2 60 62 11 44 8.74
2 0 0 0 10 0 3 48 50 51 26 65 4.94
9 0 0 0 0 1 3 45 46 47 11 52 5.58
6 1 0 0 0 0 3 50 51 53 26 56 6.32
1 0 0 0 0 2 3 49 53 56 20 55 7.48
6 0 0 0 6 0 2 49 50 20 57 6.46
5 1 0 0 0 0 2 54 57 28 61 8.7
7 1 0 0 0 0 2 59 62 26 68 7.37
10 1 0 0 0 0 2 52 56 32 72 8.22
2 1 0 0 0 0 3 52 54 58 32 69 7.07
9 0 0 0 0 10 1 59 42 77 6.79
8 1 0 0 0 0 2 54 57 32 64 8.53
2 0 0 0 0 2 1 60 40 77 4.97
3 0 0 0 0 7 1 56 18 59 5.51
1 0 0 4 0 0 1 58 42 77 6.62
6 0 3 0 0 0 1 58 40 68 6.02
6 0 0 7 0 0 2 59 62 46 70 6.68
4 0 0 0 0 7 1 60 52 83 6.3
8 0 0 5 0 0 1 63 56 93 5.39
4 0 9 0 0 0 1 63 8 50 4.95
2 0 0 0 9 0 1 63 52 83 6.72
1 0 0 0 0 0 0 64 89 5.51
1 0 0 0 0 0 3 65 66 67 0 27 5.95
2 0 5 10 0 10 3 76 87 88 1 30 6.48
4 0 5 10 10 7 3 68 69 70 1 37 4.62
3 0 3 1 1 4 3 75 77 78 1 43 5.91
2 0 0 9 9 0 3 73 80 82 5 48 7.11
6 0 6 7 8 8 3 71 74 82 5 39 6.55
4 0 4 0 0 3 2 72 73 5 39 5.46
6 0 10 5 4 1 1 81 11 39 4.61
10 0 7 4 7 0 3 74 77 81 9 49 5.23
10 0 1 0 1 3 3 76 83 86 9 52 6.75
5 0 7 0 3 0 3 75 76 83 19 60 6.18
8 0 4 0 9 8 3 80 84 89 24 62 7.9
3 1 0 0 0 0 3 89 90 94 24 54 7.19
1 1 0 0 0 0 3 80 91 93 19 52 8.34
7 0 6 0 10 1 3 79 83 84 4 43 5.87
2 0 2 6 0 6 3 82 86 89 11 54 8.9
9 0 2 0 1 8 2 85 90 32 70 4.61
7 1 0 0 0 0 2 84 91 19 46 8.31
6 1 0 0 0 0 3 85 88 91 13 41 7.72
5 0 0 6 3 0 3 87 88 90 24 49 4.68
4 0 0 9 10 0 3 85 86 93 32 54 5.18
4 0 9 1 0 0 1 87 41 68 9.04
3 0 3 7 8 0 1 92 36 71 9.07
7 0 7 8 3 0 1 94 45 68 6.25
5 0 1 0 0 4 1 92 29 56 5.3
9 0 0 0 5 2 1 93 32 74 6.32
7 0 7 9 0 9 1 92 41 79 6.29
7 0 9 1 7 7 1 94 26 64 6.07
5 0 2 3 8 10 1 95 48 71 6.18
5 0 4 4 9 6 1 95 41 64 4.59
2 0 3 6 7 7 1 95 52 70 6.28
1 0 0 0 0 0 0 54 80 7.22
81.86 80.19 79.95 79.54 82.9 85.97 109.02 117.93 121.79 135.48 120.0 106.54 93.35 115.0 118.12 132.8 147.81 123.5 120.17 115.18 111.77 97.78 94.55 92.81 101.9 101.09 99.99 100.55 99.99 96.07 113.68 124.87 130.33 130.39 129.35 113.86 106.68 119.76 135.95 145.29 151.1 151.48 134.97 132.38 128.92 119.62 116.64 104.1 96.18 94.03 91.48 91.38 94.28 98.81 119.69 134.91 140.0 131.89 126.81 122.19 125.23 129.61 132.76 135.91 138.31 138.66 136.56 122.18 114.71 108.46 106.8 94.91 87.89 102.66 83.46 81.46 82.0 87.63 101.95 123.73 129.68 129.24 125.0 99.46 98.2 103.82 118.8 121.29 138.01 120.07 116.83 103.98 86.03 84.36 83.67 70.18 71.81 80.26 82.53 83.21 83.82 87.39 101.38 100.22 108.41 115.0 110.89 109.58 97.31 103.13 101.83 106.3 109.9 119.1 117.21 113.97 115.0 106.45 105.26 91.61 91.28 86.84 87.09 88.18 89.35 90.81 97.39 105.37 114.44 116.1 114.11 112.75 112.1 117.45 122.27 125.12 128.85 125.42 123.12 116.57 109.6 105.16 102.52 92.89 97.36 91.06 88.75 87.77 87.42 88.68 90.67 95.49 103.75 109.12 107.57 106.72 105.16 105.49 109.19 109.36 110.13 112.16 107.66 107.06 104.01 101.9 94.08 82.94 81.22 79.54 78.54 76.01 79.32 85.18 93.99 109.36 113.03 113.18 107.92 103.68 101.79 113.23 114.87 116.89 125.33 116.38 115.15 116.17 109.66 94.0 97.98 87.38 78.08 70.96 80.01 82.93 75.19 78.08 86.36 91.9 99.51 114.99 114.99 117.87 114.99 116.55 114.99 109.99 107.14 102.05 109.11 107.0 95.88 85.96 84.59 76.09 73.65 68.73
