96 5
1 33 33 32 37
1 0 0 0 0 0 3 1 2 3 0 45 6.95
10 0 9 9 8 4 2 6 12 1 59 5.13
10 0 3 9 5 10 3 13 19 25 1 40 6.56
10 0 6 5 5 9 3 4 7 16 1 56 7.28
5 0 5 1 6 7 3 5 8 29 11 40 7.63
6 0 1 7 6 6 3 6 13 20 16 55 8.25
5 1 0 0 0 0 2 15 23 22 68 7.52
10 0 9 9 3 2 3 9 13 23 11 61 5.93
1 1 0 0 0 0 1 21 16 60 7.78
2 1 0 0 0 0 2 10 27 21 63 4.53
1 0 6 5 9 2 3 11 14 20 23 70 5.73
5 1 0 0 0 0 1 18 24 54 4.68
7 1 0 0 0 0 2 15 22 11 66 5.77
10 1 0 0 0 0 2 15 22 22 65 4.74
1 0 1 7 5 8 1 17 24 65 4.74
9 1 0 0 0 0 2 27 28 32 72 5.58
6 0 10 7 3 1 1 24 11 61 4.54
7 0 2 10 3 4 1 24 25 65 7.3
1 0 7 4 5 4 3 24 25 28 29 58 5.22
3 0 8 7 1 5 2 20 23 11 39 7.39
3 1 0 0 0 0 1 21 24 68 4.78
5 0 5 9 7 7 2 22 26 27 64 6.94
6 0 8 2 2 4 2 28 30 32 68 6.17
4 1 0 0 0 0 2 26 27 27 56 6.81
4 0 2 7 5 2 2 26 29 32 77 7.35
8 0 7 1 5 6 1 29 30 71 6.1
10 0 6 10 7 5 1 30 36 76 5.01
10 0 5 2 1 6 1 30 41 93 8.06
10 0 8 10 1 10 1 31 41 89 6.77
7 0 2 2 10 2 1 31 38 70 6.66
4 0 10 4 9 1 1 31 51 79 8.18
1 0 0 0 0 0 0 55 95 8.1
1 0 0 0 0 0 3 33 34 35 0 33 4.57
4 0 1 0 0 0 3 36 38 51 1 47 8.12
3 0 0 0 0 2 1 53 1 36 6.87
10 0 0 0 0 4 1 49 1 58 5.87
10 0 0 0 1 0 3 37 40 41 5 50 8.01
5 0 0 10 0 0 1 61 15 49 7.24
1 0 0 3 0 0 3 39 42 52 5 37 6.13
7 0 3 0 0 0 1 61 6 44 5.53
4 0 0 0 0 1 3 44 45 47 15 67 4.85
5 0 0 0 0 6 1 50 15 57 7.35
7 0 0 0 0 6 1 43 6 38 8.02
10 1 0 0 0 0 2 48 56 13 55 7.52
2 1 0 0 0 0 2 52 54 19 59 6.82
4 1 0 0 0 0 2 46 58 19 60 8.16
5 1 0 0 0 0 1 59 23 53 7.56
5 1 0 0 0 0 1 60 19 67 7.34
4 0 0 0 0 4 1 55 23 54 5.71
3 0 0 0 7 0 2 50 54 11 58 6.38
7 1 0 0 0 0 1 62 20 62 6.15
6 0 8 0 0 0 1 54 5 60 7.64
2 0 0 0 2 0 1 55 21 52 6.13
5 0 0 0 8 0 2 57 58 4 48 7.25
8 0 10 0 0 0 2 57 62 21 55 5.98
3 0 0 0 7 0 1 59 27 57 5.4
3 0 5 0 0 0 2 58 59 23 58 6.65
2 0 8 0 0 0 1 61 29 60 4.62
10 0 0 0 5 0 1 62 26 70 5.19
3 0 0 0 0 9 1 60 30 69 4.82
5 0 8 0 0 0 1 63 33 61 7.66
5 0 7 0 0 0 1 63 31 73 7.13
1 0 5 0 0 0 1 63 36 68 4.97
1 0 0 0 0 0 0 38 78 7.78
1 0 0 0 0 0 3 65 66 67 0 48 6.99
5 0 10 5 8 5 3 70 73 74 1 52 7.18
2 0 9 3 8 7 3 71 79 82 1 32 4.98
6 0 5 9 4 1 3 68 69 82 1 48 7.08
10 0 5 7 6 4 3 75 76 77 7 60 6.72
7 0 9 4 2 10 3 71 80 91 7 57 7.87
10 0 7 2 10 6 3 72 75 85 6 45 7.74
9 0 4 5 2 6 3 76 77 78 14 59 5.24
3 0 6 3 6 6 3 79 82 88 16 53 4.67
8 0 8 10 10 9 3 77 80 86 6 38 5.16
10 0 4 6 4 8 3 81 84 90 6 64 8.35
1 0 9 5 4 4 3 79 80 90 17 60 7.84
6 1 0 0 0 0 2 81 84 23 53 4.7
6 1 0 0 0 0 3 83 85 87 23 74 5.31
9 0 4 5 4 9 2 81 86 23 61 6.88
9 0 10 7 9 8 3 83 91 93 19 73 4.33
4 0 7 4 10 3 2 88 89 18 52 7.18
4 1 0 0 0 0 1 94 32 74 8.47
4 0 2 7 3 2 3 83 89 90 19 55 5.91
3 0 6 10 3 10 1 92 29 71 6.34
9 1 0 0 0 0 2 85 86 29 68 5.93
4 0 3 3 5 2 1 92 38 78 6.14
3 0 2 5 4 3 2 87 88 38 63 6.1
6 0 5 4 9 7 2 89 93 41 86 6.7
9 0 5 7 8 5 2 92 93 41 76 8.48
3 0 9 1 4 2 1 94 47 72 7.48
8 1 0 0 0 0 1 91 23 71 7.53
6 1 0 0 0 0 1 94 31 68 4.88
10 0 8 7 9 3 1 95 50 81 7.74
8 0 1 5 7 8 1 95 50 87 7.03
10 0 5 2 8 1 1 95 50 82 7.46
1 0 0 0 0 0 0 60 100 6.03
116.15 104.79 102.75 106.02 105.19 122.36 143.33 168.79 149.12 124.57 109.78 104.0 100.0 96.0 93.22 96.94 97.96 103.58 116.58 128.96 135.69 126.9 112.95 96.51 78.96 73.1 70.01 63.56 65.9 74.28 102.7 115.69 119.54 104.2 82.94 76.69 74.15 87.77 105.0 116.22 110.0 96.0 98.38 114.85 120.28 116.25 108.46 97.23 77.62 70.96 71.0 70.0 72.52 79.83 106.47 114.49 117.49 110.0 80.83 88.1 78.01 78.01 78.01 64.95 71.07 79.09 102.19 120.0 133.52 130.04 111.0 102.74 100.59 91.15 89.24 87.18 90.72 96.03 100.67 99.02 95.0 87.74 78.0 75.82 73.11 45.76 29.41 47.89 71.56 84.55 102.82 116.52 124.14 117.04 109.61 98.76 93.02 83.2 80.23 77.03 83.79 98.78 110.0 109.58 106.0 93.75 70.37 60.32 60.55 57.69 57.87 63.56 71.41 86.5 105.4 120.0 124.62 110.65 99.79 85.78 78.74 74.0 68.07 65.67 64.9 65.34 62.08 62.46 59.76 40.04 4.7 0.78 0.26 -0.32 -0.08 0.0 1.32 25.94 53.68 78.44 87.69 81.06 78.6 73.02 52.2 40.04 33.88 28.75 29.83 27.56 30.73 27.55 20.0 2.14 0.0 -0.47 -6.7 -22.47 -22.96 -16.12 -0.41 2.22 41.34 85.49 90.87 91.0 89.94 83.5 116.15 104.79 102.75 106.02 105.19 122.36 143.33 168.79 149.12 124.57 109.78 104.0 100.0 96.0 93.22 96.94 97.96 103.58 116.58 128.96 135.69 126.9 112.95 96.51 78.96 73.1 70.01 63.56 65.9 74.28 102.7 115.69 119.54 104.2 82.94 76.69 74.15 87.77 105.0 116.22 110.0 96.0 98.38 114.85 120.28 116.25 108.46 97.23 77.62 70.96 71.0 70.0 72.52 79.83 106.47 114.49 117.49 110.0 80.83 88.1 78.01 78.01 78.01 64.95 71.07 79.09 102.19 120.0 133.52 130.04 111.0 102.74 100.59 91.15 89.24 87.18 90.72 96.03 100.67 99.02 95.0 87.74 78.0 75.82 73.11 45.76 29.41 47.89 71.56 84.55 102.82 116.52 124.14 117.04
