128 5
1 26 32 32 28
1 0 0 0 0 0 3 1 2 3 0 39 8.45
10 0 8 1 10 6 1 26 1 46 6.85
9 0 4 6 2 9 2 8 9 1 55 7.73
5 0 2 4 10 10 3 4 6 7 1 59 6.06
1 0 4 1 5 3 3 5 14 22 6 50 6.21
1 0 4 1 3 9 2 13 29 7 44 10.0
9 0 9 7 2 4 2 10 11 6 53 5.52
5 0 6 5 1 8 1 17 6 53 9.26
9 1 0 0 0 0 1 18 10 64 6.69
4 0 9 2 9 5 2 12 19 10 55 7.77
8 0 10 10 2 9 3 13 21 24 15 66 7.39
7 0 9 6 10 3 3 13 15 23 15 58 7.06
2 1 0 0 0 0 1 25 14 43 7.63
3 1 0 0 0 0 1 20 23 71 7.39
1 0 8 7 2 2 2 18 29 7 50 7.92
8 0 9 10 1 5 1 16 22 59 6.23
9 0 8 9 2 10 1 26 30 77 6.61
8 0 7 3 1 4 2 26 27 11 52 9.31
4 0 4 10 5 2 1 30 19 63 5.86
5 1 0 0 0 0 1 23 14 54 7.97
2 0 1 10 1 6 1 25 26 69 7.49
10 0 10 2 6 2 1 25 23 68 7.96
2 0 2 8 1 3 1 28 7 45 8.95
4 0 3 3 2 3 1 29 22 57 9.42
1 0 2 2 1 4 1 30 23 59 8.8
6 0 10 1 7 5 2 27 28 33 79 9.81
2 0 9 6 5 5 1 28 39 73 6.22
4 0 3 1 5 8 1 30 39 82 9.99
1 0 6 6 10 4 1 31 41 76 6.12
2 0 7 10 7 3 1 31 26 69 7.27
2 0 5 4 5 7 1 31 43 74 7.13
1 0 0 0 0 0 0 45 82 8.26
1 0 0 0 0 0 3 33 34 35 0 54 7.63
10 0 0 8 0 0 3 40 45 58 1 50 6.95
3 0 0 0 0 3 3 37 42 61 1 56 5.61
7 0 0 0 0 5 3 36 38 41 1 58 9.58
5 0 0 0 0 7 2 50 55 8 48 5.74
5 0 0 0 0 7 3 39 46 50 4 59 9.14
10 0 2 0 0 0 1 51 8 51 5.61
5 0 3 0 0 0 3 43 44 49 9 50 9.2
9 0 0 0 6 0 3 44 46 47 11 53 8.9
4 0 0 0 0 2 3 48 49 56 8 51 7.94
7 0 9 0 0 0 2 55 57 4 40 9.51
10 0 2 0 0 0 2 52 57 14 66 5.71
7 1 0 0 0 0 2 52 56 20 54 8.61
8 0 0 7 0 0 3 52 54 56 11 59 6.58
10 1 0 0 0 0 2 54 60 20 65 8.68
5 1 0 0 0 0 3 48 49 50 20 68 9.1
7 1 0 0 0 0 1 59 25 57 10.33
3 1 0 0 0 0 3 53 57 59 25 71 7.41
9 0 0 3 0 0 1 60 25 63 8.2
6 1 0 0 0 0 1 54 18 63 9.82
5 0 0 0 0 3 1 53 27 66 5.96
8 0 0 10 0 0 1 55 32 70 6.34
9 0 0 3 0 0 1 59 30 70 6.48
2 0 0 6 0 0 1 62 40 85 10.39
6 0 0 0 6 0 1 62 27 67 5.64
8 0 0 0 8 0 1 60 28 59 8.33
2 0 1 0 0 0 1 61 11 46 7.37
4 0 0 0 1 0 1 62 39 86 5.7
4 0 0 2 0 0 1 63 36 71 9.19
8 0 0 4 0 0 1 63 13 58 6.81
7 0 1 0 0 0 1 63 43 73 9.0
1 0 0 0 0 0 0 50 84 9.29
1 0 0 0 0 0 3 65 66 67 0 45 9.46
7 0 4 1 10 1 3 72 81 84 1 43 6.06
4 0 5 3 5 5 3 70 71 73 1 53 8.99
1 0 3 9 5 5 3 68 69 88 1 48 9.1
3 0 1 9 10 1 3 72 74 75 2 58 8.28
6 0 3 5 3 1 2 75 77 2 59 8.37
8 0 2 2 5 10 3 77 83 87 5 55 9.91
9 0 6 5 10 6 3 84 89 91 5 51 9.12
5 0 6 3 1 9 3 80 85 87 8 41 8.99
8 0 7 9 8 8 3 78 84 86 5 53 9.83
3 0 4 9 6 5 3 76 77 87 5 45 6.17
3 0 3 2 7 2 3 76 78 79 8 52 10.04
9 0 4 9 10 1 3 80 82 89 11 68 8.63
5 0 1 3 5 1 3 79 81 90 13 49 5.49
7 0 2 7 2 6 3 81 83 90 13 55 6.3
2 1 0 0 0 0 3 82 85 86 18 45 9.3
7 1 0 0 0 0 2 83 86 20 69 7.35
10 1 0 0 0 0 2 82 85 20 78 5.98
2 1 0 0 0 0 1 93 30 74 8.29
2 0 4 2 1 7 1 92 27 76 5.93
8 1 0 0 0 0 2 88 94 14 50 10.1
7 0 2 2 8 6 2 89 91 30 64 5.36
8 0 8 4 6 6 2 91 93 27 62 8.92
6 0 6 8 2 2 2 90 94 13 55 7.43
6 0 1 1 9 10 1 92 22 71 9.44
10 0 7 7 6 2 1 94 37 91 6.89
5 1 0 0 0 0 1 93 20 51 5.78
1 0 1 1 2 4 1 92 37 78 6.99
9 0 7 1 9 4 1 95 38 70 8.47
3 0 9 4 5 10 1 95 35 75 9.37
2 0 2 7 3 9 1 95 47 83 8.84
1 0 0 0 0 0 0 49 93 7.84
1 0 0 0 0 0 3 97 98 99 0 51 8.23
8 0 7 9 9 5 2 100 101 1 59 7.23
9 0 3 4 8 1 3 104 117 119 1 52 8.72
7 0 1 3 10 3 3 100 104 108 1 50 6.74
6 0 1 1 10 10 3 102 105 110 9 63 9.07
9 0 10 6 10 1 2 102 104 9 53 6.38
4 0 6 2 1 4 3 103 107 111 18 64 6.38
10 1 0 0 0 0 3 106 109 112 22 58 10.25
5 1 0 0 0 0 3 113 114 120 18 53 6.28
2 0 1 2 7 9 3 118 121 122 15 64 6.08
1 0 6 3 1 5 3 114 116 117 32 62 9.8
8 1 0 0 0 0 2 109 116 22 63 5.89
5 0 7 1 2 10 3 109 111 120 8 58 6.79
1 1 0 0 0 0 3 113 114 119 32 78 6.1
9 0 10 5 2 9 3 111 115 125 15 51 6.05
10 0 3 8 4 1 1 121 24 67 8.64
6 1 0 0 0 0 3 113 115 116 32 67 9.08
5 0 4 1 7 7 1 122 38 65 6.43
1 1 0 0 0 0 2 122 123 33 62 10.37
3 0 1 7 8 6 2 117 120 38 81 9.41
4 0 1 7 8 6 2 118 119 38 88 5.8
4 0 7 7 9 10 2 118 123 41 86 9.42
7 0 9 8 9 3 1 126 45 78 7.33
3 0 5 3 3 1 2 121 125 42 84 7.66
4 0 9 9 8 7 1 124 41 74 6.99
1 0 7 8 6 7 2 123 126 45 68 8.12
6 0 8 4 4 4 3 124 125 126 43 75 7.32
5 0 9 6 2 9 1 124 46 87 8.04
1 0 9 1 3 8 1 127 51 84 8.24
3 0 6 5 3 6 1 127 49 84 8.3
7 0 3 4 1 1 1 127 52 101 6.38
1 0 0 0 0 0 0 59 81 9.7
98.48 91.8 91.48 90.04 91.31 98.57 139.56 159.37 165.0 153.3 125.13 116.49 110.92 104.66 109.49 116.75 138.96 170.21 208.61 240.0 163.41 147.33 135.2 119.22 127.58 114.04 108.37 104.83 111.54 123.25 154.74 174.67 191.05 159.44 134.89 113.15 108.91 105.32 112.5 124.28 140.86 163.23 173.88 164.24 143.34 141.33 128.82 106.48 92.52 93.55 93.76 96.5 100.01 105.74 144.7 178.59 157.53 125.0 89.0 76.92 70.09 64.0 73.25 96.5 129.16 142.14 136.12 126.49 117.74 102.62 93.9 66.79 47.54 39.14 29.77 19.35 41.57 72.26 111.12 136.88 136.26 127.0 122.47 123.66 124.44 118.84 118.74 124.2 134.57 135.08 142.12 139.92 116.83 95.46 97.12 83.6 78.61 66.16 63.38 53.84 48.25 68.83 103.56 121.5 124.03 124.76 120.0 112.57 100.75 94.57 93.01 95.36 99.52 111.19 121.58 125.41 104.85 84.41 80.09 56.75 53.1 37.27 39.74 33.54 36.1 34.35 43.2 67.47 74.82 58.58 44.83 31.1 20.8 10.0 13.21 44.3 85.36 111.35 123.5 111.95 96.63 71.71 66.16 40.15 50.84 30.36 18.61 15.63 18.35 34.32 30.26 58.2 63.03 69.8 60.28 54.36 44.99 29.19 41.25 57.43 80.7 123.99 135.77 139.02 126.05 112.47 102.18 96.66 98.48 91.8 91.48 90.04 91.31 98.57 139.56 159.37 165.0 153.3 125.13 116.49 110.92 104.66 109.49 116.75 138.96 170.21 208.61 240.0 163.41 147.33 135.2 119.22 127.58 114.04 108.37 104.83 111.54 123.25 154.74 174.67 191.05 159.44 134.89 113.15 108.91 105.32 112.5 124.28 140.86 163.23 173.88 164.24 143.34 141.33 128.82 106.48 92.52 93.55 93.76 96.5 100.01 105.74 144.7 178.59 157.53 125.0 89.0 76.92 70.09 64.0 73.25 96.5 129.16 142.14 136.12 126.49 117.74 102.62 93.9 66.79 47.54 39.14 29.77 19.35 41.57 72.26 111.12 136.88 136.26 127.0 122.47 123.66 124.44 118.84 118.74 124.2 134.57 135.08 142.12 139.92 116.83 95.46 97.12 83.6 78.61 66.16 63.38 53.84 48.25 68.83 103.56 121.5
