128 5
1 26 26 22 27
1 0 0 0 0 0 3 1 2 3 0 28 9.31
3 0 0 10 0 0 2 4 6 1 32 8.09
8 0 0 0 0 7 3 4 5 6 1 43 11.34
5 0 0 4 0 0 3 9 18 20 1 35 8.64
5 0 0 0 9 0 2 9 23 9 49 8.73
1 0 0 7 0 0 3 7 16 22 9 39 6.47
4 0 2 0 0 0 1 11 9 50 10.8
2 0 0 0 4 0 2 8 12 10 34 9.78
2 0 0 0 0 1 3 10 13 15 12 42 8.82
2 0 0 0 0 10 3 12 15 16 14 38 6.46
8 1 0 0 0 0 1 26 14 60 6.17
7 0 0 1 0 0 2 16 23 13 42 6.72
2 0 7 0 0 0 2 13 25 16 49 11.41
6 1 0 0 0 0 3 14 19 29 18 60 11.26
1 1 0 0 0 0 1 17 24 56 7.56
2 0 0 0 1 0 3 19 24 30 16 43 10.71
7 1 0 0 0 0 3 17 19 24 20 50 9.09
7 0 0 6 0 0 1 26 27 69 6.54
7 0 0 0 0 7 1 26 6 46 10.28
5 1 0 0 0 0 1 28 27 57 6.88
5 0 6 0 0 0 1 21 6 48 8.37
8 0 3 0 0 0 2 22 23 11 52 11.45
10 0 0 7 0 0 2 24 25 19 62 7.18
2 1 0 0 0 0 2 28 29 20 57 10.18
10 0 0 0 2 0 1 29 29 73 6.31
1 0 0 0 0 8 1 27 29 53 10.23
6 0 7 0 0 0 1 30 34 66 11.51
5 0 8 0 0 0 2 28 30 30 63 10.63
4 0 0 0 0 4 1 31 35 70 11.19
2 0 0 0 0 4 1 31 39 59 7.3
7 0 0 0 3 0 1 31 40 65 9.07
1 0 0 0 0 0 0 47 68 11.14
1 0 0 0 0 0 3 33 34 35 0 36 7.55
4 0 6 0 0 0 3 38 42 45 1 40 6.44
3 0 4 0 0 0 3 36 38 39 1 35 7.53
10 0 2 0 0 0 3 37 40 41 1 34 7.9
10 0 5 0 0 0 3 42 54 58 4 38 6.04
2 0 0 4 0 0 3 46 51 60 11 53 10.43
7 0 5 0 0 0 3 49 51 55 5 45 9.22
7 0 0 0 8 0 3 40 54 58 4 46 11.03
1 0 6 0 0 0 3 47 52 59 11 39 11.66
10 0 0 2 0 0 3 42 43 45 11 58 7.97
9 0 0 6 0 0 3 49 52 56 21 58 9.5
9 1 0 0 0 0 2 44 50 21 66 6.17
4 1 0 0 0 0 3 48 51 52 30 53 9.19
6 0 8 0 0 0 3 46 48 56 21 50 8.21
10 0 0 10 0 0 3 47 49 57 27 63 6.5
2 0 0 4 0 0 1 53 37 74 7.81
8 0 6 0 0 0 3 54 57 58 34 72 10.96
3 0 0 0 2 0 1 50 37 60 9.03
1 0 0 4 0 0 2 53 62 40 64 10.75
7 0 7 0 0 0 3 53 56 57 34 75 11.11
2 1 0 0 0 0 2 55 61 34 54 11.39
3 0 0 3 0 0 1 61 41 62 7.0
8 0 0 0 2 0 2 55 59 42 71 6.01
4 0 0 0 1 0 1 60 50 79 9.83
1 0 0 2 0 0 1 62 41 59 6.76
2 0 0 0 5 0 1 61 42 70 10.24
10 0 0 0 3 0 1 59 42 77 8.32
2 0 0 0 0 10 2 60 62 52 70 7.7
5 0 0 0 0 6 1 63 54 84 11.35
1 0 0 9 0 0 1 63 44 65 9.18
5 0 0 0 5 0 1 63 54 90 8.82
1 0 0 0 0 0 0 59 76 11.06
1 0 0 0 0 0 3 65 66 67 0 39 6.09
1 0 2 7 9 1 3 83 90 91 1 37 7.69
5 0 4 2 9 1 2 72 89 1 45 10.56
9 0 5 8 1 1 3 68 70 71 1 46 11.43
6 0 10 8 3 10 3 69 73 74 10 49 10.45
1 0 6 3 1 7 1 88 16 45 10.09
8 0 5 10 3 1 2 77 78 10 53 9.52
3 1 0 0 0 0 1 91 10 38 10.63
9 0 8 10 2 9 1 77 6 50 6.06
6 0 7 3 10 8 1 79 16 57 9.23
7 0 4 3 3 4 2 75 76 16 43 7.88
1 1 0 0 0 0 1 93 23 58 11.49
8 1 0 0 0 0 2 84 92 23 50 10.76
10 0 7 4 5 5 1 80 18 53 8.62
2 0 7 2 6 8 1 88 18 56 11.3
8 0 10 4 1 9 1 82 22 52 11.39
9 1 0 0 0 0 3 81 85 87 28 73 9.5
6 0 6 8 4 8 1 90 37 71 8.72
10 0 10 8 10 10 1 86 30 70 6.88
9 0 2 1 10 6 2 84 92 2 36 6.31
7 0 5 10 6 8 1 86 31 67 8.49
1 0 6 8 7 9 2 86 88 37 71 10.81
7 0 1 1 2 7 1 93 40 73 6.83
4 0 4 7 7 9 1 94 37 67 11.33
8 0 4 7 4 2 1 91 38 77 11.79
10 0 8 1 1 4 1 90 6 36 9.85
1 0 10 4 3 1 1 93 43 73 10.27
5 0 3 5 6 9 2 92 94 46 81 6.66
1 0 9 1 2 1 1 95 51 72 7.92
8 0 4 2 5 2 1 95 47 79 10.5
8 0 9 2 2 7 1 95 51 87 8.76
1 0 0 0 0 0 0 59 87 7.2
1 0 0 0 0 0 3 97 98 99 0 40 8.86
3 0 3 6 0 7 3 100 101 102 1 36 7.64
5 0 8 6 0 2 3 108 111 116 1 33 6.66
8 0 10 0 10 3 3 103 105 115 1 30 7.93
5 0 0 6 6 0 3 104 106 107 4 40 7.03
3 0 0 1 4 1 3 103 117 120 4 35 9.68
5 0 7 7 7 10 3 104 109 110 4 29 10.54
3 0 9 3 9 3 2 106 123 9 51 10.47
10 0 0 1 7 2 3 112 115 119 9 55 6.43
6 0 0 7 5 2 3 107 110 116 9 38 9.78
7 0 6 1 2 6 3 108 109 110 12 42 10.65
8 0 3 3 4 0 3 111 113 124 15 58 10.31
7 1 0 0 0 0 2 112 114 19 52 7.64
1 0 5 2 0 2 3 114 118 121 19 39 10.82
8 0 0 0 1 8 3 112 113 119 19 51 8.35
4 1 0 0 0 0 2 117 119 23 59 10.21
6 0 1 2 0 6 2 118 122 27 52 9.57
3 1 0 0 0 0 1 114 27 66 9.92
9 1 0 0 0 0 1 125 30 70 9.73
6 0 3 0 2 10 2 116 117 19 62 6.8
5 1 0 0 0 0 3 118 120 121 25 65 9.68
6 0 9 0 7 0 1 126 27 58 6.68
7 0 2 6 0 3 2 124 126 33 61 11.44
3 1 0 0 0 0 2 121 125 27 65 10.03
9 0 2 0 8 0 3 122 123 125 30 57 8.8
10 0 2 8 1 0 1 122 30 62 11.05
6 0 1 0 5 7 1 126 40 75 8.84
2 0 10 3 6 5 1 124 39 58 10.88
9 0 5 2 10 8 1 127 41 77 6.99
1 0 5 9 8 5 1 127 39 57 9.27
5 0 7 0 6 7 1 127 46 79 11.16
1 0 0 0 0 0 0 51 72 11.96
75.13 64.38 60.28 39.41 49.2 75.26 113.36 164.96 180.0 178.4 166.12 169.99 159.15 158.72 159.82 167.49 174.66 175.93 182.18 175.8 164.22 140.34 132.0 108.31 106.1 96.47 94.63 90.7 95.64 108.6 142.77 167.67 174.33 169.49 165.16 159.01 154.99 155.43 158.23 158.83 157.59 160.94 155.24 148.57 136.78 114.06 104.18 67.83 19.48 5.43 7.91 1.96 15.15 57.0 113.9 155.41 166.02 177.57 161.21 156.02 157.83 143.03 147.84 148.16 153.11 157.97 155.22 156.0 146.14 128.01 123.78 103.32 77.0 80.19 61.15 61.71 60.01 78.25 132.12 160.0 155.22 170.01 152.78 144.62 137.25 139.79 135.0 121.85 122.77 134.84 147.05 142.34 143.58 113.32 102.7 80.56 87.74 80.71 85.99 56.23 63.2 81.21 101.03 136.79 141.12 139.17 128.68 145.8 148.22 128.67 119.46 123.31 129.47 124.5 169.35 170.87 172.98 132.93 135.0 108.23 111.0 108.06 91.18 80.18 80.01 80.01 79.3 111.39 93.71 124.4 86.19 97.24 108.38 90.66 94.05 77.18 99.51 114.19 141.21 117.01 123.64 105.0 117.43 77.18 25.24 45.86 21.12 5.42 4.18 5.27 17.16 44.21 100.0 138.57 155.0 145.0 154.09 125.0 114.33 120.0 118.42 145.6 140.0 155.0 143.12 116.49 118.02 66.33 75.13 64.38 60.28 39.41 49.2 75.26 113.36 164.96 180.0 178.4 166.12 169.99 159.15 158.72 159.82 167.49 174.66 175.93 182.18 175.8 164.22 140.34 132.0 108.31 106.1 96.47 94.63 90.7 95.64 108.6 142.77 167.67 174.33 169.49 165.16 159.01 154.99 155.43 158.23 158.83 157.59 160.94 155.24 148.57 136.78 114.06 104.18 67.83 19.48 5.43
