128 5
1 25 30 28 28
1 0 0 0 0 0 3 1 2 3 0 41 11.43
9 0 9 5 5 1 3 7 9 11 1 44 15.29
7 0 2 4 9 6 3 4 5 8 1 47 11.66
7 0 5 5 5 2 3 5 16 18 1 54 13.5
2 0 7 8 3 4 3 6 9 22 8 42 15.42
4 0 1 5 7 5 3 6 10 13 8 41 16.38
2 0 1 3 9 7 3 12 17 20 12 53 9.01
2 0 4 1 9 4 2 16 22 10 58 16.59
7 0 1 3 8 4 3 13 15 20 8 40 15.48
4 0 5 9 7 7 3 10 14 26 10 58 11.5
9 0 3 10 4 9 3 21 23 27 14 60 14.87
6 0 8 3 5 6 3 13 15 18 10 47 11.88
8 0 7 3 2 6 3 21 28 29 14 48 12.1
4 0 7 6 9 10 2 17 27 16 47 15.49
8 0 1 3 1 2 3 15 20 29 14 52 16.31
7 1 0 0 0 0 3 16 24 25 22 72 14.67
10 0 9 1 8 10 1 23 29 79 14.59
5 1 0 0 0 0 2 19 21 20 63 9.98
2 1 0 0 0 0 2 19 22 16 64 14.42
2 1 0 0 0 0 2 23 26 25 67 10.08
10 0 1 2 8 3 2 24 25 22 63 10.44
10 1 0 0 0 0 1 30 25 65 9.87
6 0 4 5 1 9 3 24 25 26 18 67 12.82
9 0 2 5 3 5 1 28 39 82 10.18
10 0 5 8 9 3 1 30 32 69 9.79
6 0 8 10 6 9 2 27 28 32 79 15.96
10 0 3 10 4 6 1 29 27 66 10.71
4 0 8 3 9 3 1 30 38 81 15.61
8 0 8 2 9 8 1 31 48 80 16.58
7 0 10 8 5 5 1 31 37 74 12.44
1 0 8 10 4 10 1 31 42 73 13.06
1 0 0 0 0 0 0 56 88 12.61
1 0 0 0 0 0 3 33 34 35 0 30 14.05
1 0 0 0 0 7 3 39 41 47 1 51 10.14
6 0 3 0 0 0 3 42 49 51 1 49 14.53
4 0 6 0 0 0 2 36 39 1 31 16.33
8 0 8 0 0 0 3 37 38 48 5 39 16.78
4 0 0 0 0 7 3 43 46 52 13 63 12.27
1 0 0 0 6 0 3 42 44 45 13 49 10.88
4 0 0 0 0 3 3 40 43 48 5 50 10.39
3 0 0 9 0 0 3 45 51 52 9 56 12.02
10 0 0 0 7 0 3 46 53 59 2 46 14.29
3 0 0 0 0 8 3 47 54 55 14 56 14.78
3 0 9 0 0 0 3 50 56 57 17 44 13.94
1 0 0 8 0 0 3 47 49 55 14 63 16.0
7 0 0 0 0 10 2 53 59 14 61 15.98
4 0 0 0 0 1 2 51 61 17 69 14.05
10 1 0 0 0 0 2 50 58 17 57 12.2
3 0 0 7 0 0 3 49 52 57 13 61 11.57
6 1 0 0 0 0 3 50 61 62 16 56 9.39
4 0 0 9 0 0 1 60 27 75 14.43
5 1 0 0 0 0 2 56 58 21 72 13.92
5 0 0 4 0 0 3 54 55 59 17 51 11.86
9 0 0 0 8 0 3 54 56 57 21 57 10.5
4 0 0 0 8 0 1 61 30 69 9.04
9 1 0 0 0 0 1 58 22 75 14.0
2 1 0 0 0 0 1 60 30 77 10.15
6 0 0 2 0 0 1 60 30 79 13.84
9 0 0 0 8 0 1 62 31 63 13.96
10 1 0 0 0 0 1 62 22 64 15.43
2 0 0 5 0 0 1 63 36 77 13.58
6 0 0 1 0 0 1 63 34 63 11.65
9 0 0 0 0 2 1 63 40 88 11.3
1 0 0 0 0 0 0 49 81 15.62
1 0 0 0 0 0 3 65 66 67 0 40 8.78
5 0 0 0 0 9 3 68 75 78 1 35 16.5
2 0 9 0 0 0 2 76 77 1 42 16.39
5 0 0 0 0 3 3 69 71 83 1 33 10.47
8 0 0 0 0 10 2 73 86 6 49 13.51
8 0 0 0 7 0 3 70 72 79 6 46 9.78
9 0 0 0 0 10 3 73 81 90 14 72 13.18
6 0 0 0 8 0 1 81 6 39 9.13
1 0 10 0 0 0 3 74 80 82 14 44 11.02
10 0 0 0 10 0 3 85 87 89 23 57 12.12
2 0 0 0 5 0 1 81 15 55 12.04
2 0 0 9 0 0 3 77 82 92 6 52 11.99
7 0 0 5 0 0 3 84 88 92 3 46 14.39
5 0 0 2 0 0 1 86 8 60 12.76
10 0 0 0 0 9 3 79 85 90 6 62 9.0
9 0 0 8 0 0 2 82 89 16 61 14.09
8 0 0 0 6 0 3 87 89 94 15 63 12.59
9 0 0 0 0 6 2 87 92 23 68 11.36
10 1 0 0 0 0 1 88 25 81 10.5
8 1 0 0 0 0 2 88 94 6 57 9.37
6 0 0 10 0 0 1 86 10 58 13.27
3 0 0 0 2 0 1 94 33 62 16.48
10 1 0 0 0 0 1 93 16 57 8.71
1 0 8 0 0 0 1 91 33 79 8.59
5 0 0 0 0 7 1 93 35 67 14.7
4 0 0 7 0 0 1 91 33 76 13.99
7 1 0 0 0 0 1 91 23 61 11.31
8 0 0 8 0 0 1 93 37 70 13.19
2 0 3 0 0 0 1 95 32 57 10.03
1 0 0 0 7 0 1 95 45 70 12.17
10 0 0 0 0 6 1 95 36 72 16.61
1 0 0 0 0 0 0 46 90 12.16
1 0 0 0 0 0 3 97 98 99 0 45 15.76
5 0 8 2 2 10 3 100 106 115 1 52 9.92
6 0 9 8 3 8 3 101 112 114 1 54 13.95
4 0 6 3 10 3 3 103 105 107 1 38 12.87
3 0 5 6 3 9 3 102 104 110 6 51 9.01
3 0 9 5 9 3 2 102 104 7 38 11.89
10 0 3 5 4 1 1 108 10 48 15.27
9 0 6 10 8 4 2 109 113 5 46 8.46
2 0 3 4 5 6 1 119 10 53 12.77
1 0 2 3 2 3 1 109 5 46 13.4
4 0 4 6 2 6 1 117 6 45 11.06
5 1 0 0 0 0 1 111 5 59 15.16
7 0 6 6 4 6 1 124 20 71 12.98
10 0 8 9 2 4 1 126 14 63 13.8
5 1 0 0 0 0 1 121 9 43 16.39
2 1 0 0 0 0 3 113 116 121 10 57 16.07
2 0 2 8 4 6 3 119 122 124 7 49 9.41
6 0 7 10 9 3 1 123 14 56 10.52
4 0 8 6 6 1 1 117 7 38 13.38
9 0 3 5 6 6 2 118 122 6 52 10.36
9 0 3 7 5 5 1 118 12 52 15.64
2 0 9 2 4 9 1 120 11 56 12.38
4 0 7 6 9 1 1 126 21 54 13.31
3 1 0 0 0 0 1 121 12 50 14.91
2 0 3 6 1 6 1 126 13 42 13.22
3 0 8 1 8 5 1 123 15 51 16.67
9 1 0 0 0 0 1 125 15 63 9.99
6 0 1 1 1 5 1 125 20 54 8.92
6 0 1 10 1 3 1 127 27 65 10.47
2 0 9 7 10 9 1 127 26 66 12.2
4 0 9 5 3 6 1 127 25 61 12.17
1 0 0 0 0 0 0 33 57 10.76
142.27 140.41 140.51 140.21 142.24 151.06 216.0 218.98 218.96 216.1 212.92 210.08 207.8 196.66 204.99 207.45 210.05 216.1 215.25 200.09 179.41 151.06 143.95 111.41 121.96 130.91 126.49 120.27 124.69 130.01 146.02 198.0 185.98 160.76 153.39 149.25 146.01 146.01 152.06 158.59 169.96 201.71 219.54 212.97 197.17 139.82 132.71 123.39 115.08 114.87 118.79 109.58 116.95 119.34 154.4 195.99 202.21 195.97 190.0 190.04 187.91 167.83 187.73 190.1 190.1 219.0 249.12 257.28 231.79 215.81 211.79 196.7 200.46 192.61 185.1 172.23 172.91 174.88 203.67 233.46 240.32 225.56 199.99 193.67 169.97 167.9 176.35 184.55 195.98 215.77 229.58 212.49 187.28 179.37 176.91 136.66 180.01 176.73 168.87 164.09 165.0 171.3 196.95 221.46 221.78 179.53 151.36 145.49 162.28 159.26 140.61 168.15 191.92 220.57 243.35 241.18 221.31 213.13 205.48 190.1 195.91 187.2 184.89 170.24 166.0 162.45 160.64 162.56 157.24 121.8 115.76 121.27 111.83 109.03 115.34 116.85 171.56 194.89 191.8 148.81 121.12 104.74 109.29 101.7 88.07 98.65 99.78 99.14 104.22 99.91 93.99 88.55 88.06 60.0 73.03 67.23 30.08 43.25 50.12 81.78 101.6 168.76 136.0 144.91 142.04 131.02 126.0 97.65 142.27 140.41 140.51 140.21 142.24 151.06 216.0 218.98 218.96 216.1 212.92 210.08 207.8 196.66 204.99 207.45 210.05 216.1 215.25 200.09 179.41 151.06 143.95 111.41 121.96 130.91 126.49 120.27 124.69 130.01 146.02 198.0 185.98 160.76 153.39 149.25 146.01 146.01 152.06 158.59 169.96 201.71 219.54 212.97 197.17 139.82 132.71 123.39 115.08 114.87 118.79 109.58 116.95 119.34 154.4 195.99 202.21 195.97 190.0 190.04 187.91 167.83 187.73 190.1 190.1 219.0 249.12 257.28 231.79 215.81 211.79 196.7 200.46 192.61 185.1 172.23 172.91 174.88 203.67 233.46 240.32 225.56 199.99 193.67 169.97 167.9 176.35 184.55 195.98 215.77 229.58 212.49 187.28 179.37 176.91 136.66 180.01 176.73 168.87 164.09
