128 5
1 32 27 26 25
1 0 0 0 0 0 3 1 2 3 0 43 7.18
8 0 6 3 8 5 3 4 5 13 1 50 6.82
6 0 8 10 7 4 1 12 1 48 7.86
6 0 7 10 3 2 3 5 6 17 1 44 6.18
8 0 4 8 6 6 3 7 10 18 9 46 8.5
3 0 9 6 7 5 2 15 21 9 62 7.1
9 0 10 9 6 4 3 8 14 26 7 57 8.01
7 0 8 8 4 2 3 11 23 26 17 52 6.12
10 0 6 5 5 10 3 9 16 20 16 63 5.09
9 0 4 10 6 7 1 13 26 60 6.58
9 0 10 10 4 6 2 20 27 17 60 6.05
2 1 0 0 0 0 2 17 25 24 73 5.88
3 0 4 4 3 1 3 16 17 22 7 36 5.0
2 0 10 4 10 6 1 30 35 59 8.85
2 0 2 5 1 9 2 19 30 16 47 5.81
1 0 1 6 8 6 1 19 12 41 9.62
2 0 9 2 7 9 1 28 26 57 9.2
9 0 9 2 8 1 1 24 26 75 7.51
6 1 0 0 0 0 2 24 25 17 59 9.11
7 1 0 0 0 0 2 20 23 18 51 6.68
9 0 6 4 9 7 1 24 26 59 8.84
6 0 1 10 8 10 2 22 30 12 53 7.17
5 0 7 5 3 8 2 23 26 18 46 6.62
4 0 7 6 8 4 2 25 27 25 62 5.73
2 0 5 3 9 3 2 28 29 35 73 9.1
2 0 10 9 7 8 1 29 29 66 8.81
8 0 9 1 3 10 2 27 28 24 70 5.9
6 0 5 1 10 4 1 29 32 62 5.63
7 0 8 9 8 7 1 31 37 86 5.43
3 0 1 10 1 8 1 31 38 84 5.98
3 0 6 8 8 4 1 31 37 75 5.57
1 0 0 0 0 0 0 44 83 9.45
1 0 0 0 0 0 3 33 34 35 0 44 6.03
9 0 0 0 6 0 3 36 38 45 1 52 7.26
7 0 0 6 0 0 2 44 50 1 42 8.35
1 0 0 5 0 0 3 37 38 47 1 53 5.0
10 0 0 5 0 0 2 46 56 10 57 8.15
8 0 0 0 1 0 3 39 40 54 2 58 6.45
8 0 0 0 1 0 1 51 10 51 7.77
2 0 0 6 0 0 2 41 43 10 53 6.68
7 0 10 0 0 0 3 44 45 49 10 55 5.11
3 1 0 0 0 0 3 42 46 48 12 52 5.85
6 1 0 0 0 0 1 58 15 49 6.7
1 1 0 0 0 0 3 50 53 59 12 45 8.8
10 0 0 0 0 10 3 53 56 58 17 65 6.71
9 0 1 0 0 0 1 61 17 67 6.19
7 0 0 6 0 0 1 51 20 52 7.09
7 0 0 0 7 0 1 55 2 45 7.96
6 1 0 0 0 0 3 49 52 53 15 60 7.72
5 0 5 0 0 0 2 56 59 21 67 7.17
8 1 0 0 0 0 3 52 55 60 13 64 7.29
5 0 0 0 0 2 1 55 27 60 6.54
1 1 0 0 0 0 1 57 21 70 6.11
4 0 4 0 0 0 1 60 27 70 5.11
2 0 0 0 0 8 2 57 58 10 39 8.86
6 0 0 0 0 10 1 62 32 82 9.59
4 1 0 0 0 0 1 61 27 75 5.68
3 0 0 0 4 0 2 61 62 22 63 7.09
7 0 0 0 0 3 2 59 62 27 77 7.8
10 0 4 0 0 0 1 60 34 87 9.51
7 0 4 0 0 0 1 63 44 83 5.94
4 0 6 0 0 0 1 63 31 78 5.68
10 0 0 0 8 0 1 63 38 69 9.59
1 0 0 0 0 0 0 51 83 5.71
1 0 0 0 0 0 3 65 66 67 0 38 6.32
4 0 5 10 0 0 3 69 75 83 1 42 7.27
10 0 8 0 0 0 2 68 79 1 55 5.75
1 0 0 9 3 6 3 68 71 75 1 46 6.46
10 0 9 0 5 0 3 70 74 81 11 60 9.61
8 0 6 0 4 7 2 70 79 5 60 5.76
2 0 8 0 0 10 3 73 86 89 21 65 9.12
2 0 3 10 0 5 3 72 76 92 2 29 6.48
3 0 0 0 0 8 1 78 4 56 5.83
4 0 5 0 6 0 3 80 85 87 23 58 9.65
4 0 0 7 0 0 3 76 77 87 21 50 5.7
1 0 10 0 1 0 3 76 84 87 5 32 9.31
3 1 0 0 0 0 3 80 88 89 25 67 8.82
10 1 0 0 0 0 3 80 82 92 25 71 9.5
7 0 0 0 0 4 3 79 81 82 7 60 7.7
9 0 1 0 9 0 2 89 91 14 58 7.47
6 1 0 0 0 0 2 91 94 35 83 6.1
8 0 0 0 5 0 3 83 84 94 21 55 5.46
6 1 0 0 0 0 3 83 84 90 35 78 8.86
8 0 0 4 0 5 2 85 86 41 87 9.78
2 1 0 0 0 0 2 85 86 41 85 5.73
7 0 0 0 0 7 2 88 91 49 95 6.08
5 0 9 1 0 5 1 88 49 81 9.55
3 1 0 0 0 0 2 90 92 27 53 5.32
7 0 3 1 0 7 1 93 56 91 8.03
9 1 0 0 0 0 2 90 93 28 76 9.31
7 0 0 4 6 8 1 94 41 87 5.8
4 0 0 6 1 0 1 93 56 83 8.85
8 0 5 0 0 6 1 95 35 83 7.31
1 0 8 0 0 10 1 95 63 83 6.49
10 0 8 0 8 4 1 95 48 87 8.92
1 0 0 0 0 0 0 64 86 9.74
1 0 0 0 0 0 3 97 98 99 0 28 7.65
6 0 1 0 0 2 1 102 1 46 6.37
9 0 7 7 3 0 2 103 108 1 37 5.92
7 0 10 0 10 3 3 100 101 113 1 55 7.6
1 0 1 0 8 9 2 106 110 8 42 8.94
2 0 0 0 5 9 3 104 107 112 8 47 8.95
5 0 5 0 10 0 2 105 115 7 38 7.61
7 0 0 0 3 9 2 117 121 10 66 5.58
7 0 0 5 1 0 2 111 119 10 45 5.23
7 0 7 2 0 0 2 120 124 12 47 6.56
1 0 8 0 3 10 1 108 9 52 5.1
3 0 5 6 0 0 2 123 125 10 39 8.75
1 0 0 7 0 8 3 109 114 124 10 59 7.71
8 0 8 0 10 4 1 118 11 49 6.44
1 0 9 0 0 0 1 122 9 53 8.63
7 0 0 0 0 9 1 122 17 61 9.09
1 0 0 0 10 0 1 114 10 52 6.2
2 0 3 7 0 0 1 120 8 60 5.36
6 0 0 0 0 8 1 116 11 63 7.47
4 0 0 9 5 0 2 119 125 12 59 5.32
9 1 0 0 0 0 1 120 17 50 9.62
6 1 0 0 0 0 1 126 17 60 9.0
5 1 0 0 0 0 1 122 19 67 6.75
2 0 0 0 8 0 2 121 126 17 67 8.34
9 0 9 0 8 0 1 126 26 79 9.61
1 1 0 0 0 0 1 123 19 47 9.56
2 1 0 0 0 0 1 125 24 67 8.16
8 1 0 0 0 0 1 124 20 52 9.29
5 0 0 9 9 5 1 127 28 60 9.46
5 0 5 6 0 0 1 127 26 62 4.94
10 0 4 4 8 6 1 127 35 87 6.98
1 0 0 0 0 0 0 45 72 7.5
91.11 87.45 82.44 77.4 75.0 79.05 107.41 124.69 135.4 126.02 112.94 105.46 101.61 103.11 108.31 115.32 122.54 139.21 189.49 221.7 184.5 135.54 120.0 112.7 104.0 100.6 99.9 99.52 97.58 112.41 134.32 195.8 193.16 136.2 117.09 107.7 99.96 96.74 102.5 111.85 122.78 145.58 147.19 145.0 123.69 103.68 100.33 82.15 77.43 55.12 46.59 45.09 49.07 62.15 110.56 137.4 132.78 106.77 72.07 48.84 43.96 40.51 48.32 47.04 80.0 118.79 137.21 117.38 125.0 103.77 99.61 89.77 78.31 89.76 92.72 88.53 89.04 102.6 126.5 132.84 148.39 138.52 128.06 121.93 111.0 104.29 108.38 120.0 125.28 146.83 170.27 220.98 149.18 129.36 123.5 109.84 123.99 115.0 107.14 101.4 102.11 110.86 142.55 163.09 147.81 132.05 99.0 72.02 63.79 49.35 56.16 54.09 70.28 88.47 118.13 100.0 69.85 61.5 61.68 41.5 32.39 30.53 26.07 34.25 40.23 40.15 52.57 20.68 19.89 20.6 30.0 22.42 21.81 10.73 24.06 36.55 46.48 83.69 112.35 138.31 106.09 91.54 79.66 52.41 21.64 10.69 7.45 10.69 7.3 8.8 7.66 29.44 22.1 36.81 39.23 46.1 31.08 5.67 4.33 35.19 48.58 88.42 141.63 138.37 136.37 120.16 114.91 89.73 91.11 87.45 82.44 77.4 75.0 79.05 107.41 124.69 135.4 126.02 112.94 105.46 101.61 103.11 108.31 115.32 122.54 139.21 189.49 221.7 184.5 135.54 120.0 112.7 104.0 100.6 99.9 99.52 97.58 112.41 134.32 195.8 193.16 136.2 117.09 107.7 99.96 96.74 102.5 111.85 122.78 145.58 147.19 145.0 123.69 103.68 100.33 82.15 77.43 55.12 46.59 45.09 49.07 62.15 110.56 137.4 132.78 106.77 72.07 48.84 43.96 40.51 48.32 47.04 80.0 118.79 137.21 117.38 125.0 103.77 99.61 89.77 78.31 89.76 92.72 88.53 89.04 102.6 126.5 132.84 148.39 138.52 128.06 121.93 111.0 104.29 108.38 120.0 125.28 146.83 170.27 220.98 149.18 129.36
