128 5
1 41 39 27 38
1 0 0 0 0 0 3 1 2 3 0 27 10.07
9 0 5 0 0 2 3 4 8 18 1 50 10.67
4 0 0 5 0 9 3 9 12 13 1 41 12.59
5 0 4 0 0 0 3 5 6 7 1 35 10.58
7 0 3 2 7 0 1 5 10 53 17.31
1 0 6 2 0 0 1 25 17 48 16.55
3 0 0 0 0 3 1 27 6 50 11.53
9 0 0 0 0 9 1 25 6 52 12.73
8 0 7 0 5 3 3 10 13 16 10 48 13.49
10 0 0 1 0 0 3 11 15 17 5 51 16.98
6 0 0 4 4 9 2 14 30 18 56 13.55
5 0 0 1 0 0 1 28 15 40 15.34
10 0 0 0 9 0 2 22 23 5 45 9.86
3 0 8 4 0 7 3 19 27 29 18 49 10.0
6 1 0 0 0 0 1 21 24 55 16.3
9 0 0 0 2 0 1 26 15 56 16.2
3 0 0 0 0 5 2 27 30 18 51 15.59
4 0 0 9 8 7 1 29 15 46 13.15
10 0 0 2 1 0 1 20 10 52 9.65
7 0 0 0 9 0 1 24 21 61 15.93
10 1 0 0 0 0 1 25 20 52 14.35
6 1 0 0 0 0 1 22 30 57 13.43
7 0 4 9 5 2 1 26 36 71 11.74
8 0 0 7 0 10 1 24 15 59 15.94
1 0 0 6 0 9 1 26 28 60 17.52
7 0 6 0 4 10 1 29 30 68 10.09
3 0 9 0 8 0 1 28 43 82 15.09
7 1 0 0 0 0 1 28 21 54 14.13
8 0 0 5 5 0 1 31 46 80 13.09
3 0 4 0 1 5 1 31 37 65 13.27
3 1 0 0 0 0 1 31 24 58 12.0
1 0 0 0 0 0 0 54 86 14.16
1 0 0 0 0 0 3 33 34 35 0 24 13.79
10 0 0 0 0 4 3 36 38 39 1 42 16.98
1 0 0 0 0 10 1 42 1 43 12.64
9 0 4 0 0 0 2 37 47 1 32 18.42
3 0 6 0 0 0 2 46 54 11 47 12.84
1 0 3 0 0 0 2 41 43 10 37 9.97
7 1 0 0 0 0 3 40 45 56 11 42 11.07
1 0 0 0 0 2 1 44 11 35 18.23
4 1 0 0 0 0 1 55 18 42 9.82
10 0 0 0 0 2 1 53 11 42 13.95
6 0 0 0 10 0 3 45 47 55 2 51 10.37
2 0 0 0 0 6 2 44 52 11 41 10.25
3 0 0 7 0 0 3 48 55 61 13 37 16.53
1 1 0 0 0 0 1 49 18 49 13.36
3 0 0 0 0 6 2 47 60 14 55 14.88
1 1 0 0 0 0 1 50 17 38 16.66
3 1 0 0 0 0 1 49 16 47 11.64
10 0 0 0 0 9 2 51 62 19 64 18.03
1 1 0 0 0 0 1 59 18 44 18.09
3 0 5 0 0 0 1 57 29 51 16.35
4 0 0 3 0 0 1 59 13 58 10.44
2 0 8 0 0 0 1 59 21 43 14.3
4 0 1 0 0 0 1 58 14 54 10.11
2 0 3 0 0 0 2 57 62 22 49 14.15
4 1 0 0 0 0 1 61 18 47 14.5
6 0 0 0 0 7 1 60 32 74 13.53
9 1 0 0 0 0 1 61 18 63 18.91
2 1 0 0 0 0 1 62 23 46 18.34
1 0 0 0 9 0 1 63 38 65 17.96
1 0 0 0 9 0 1 63 27 55 15.71
9 0 0 0 4 0 1 63 29 64 18.89
1 0 0 0 0 0 0 39 72 12.43
1 0 0 0 0 0 3 65 66 67 0 40 13.35
9 0 10 7 0 7 3 69 70 80 1 46 11.42
7 0 8 0 1 7 3 75 78 83 1 30 11.55
8 0 8 0 5 4 2 68 69 1 48 11.21
6 0 1 9 0 5 1 89 9 38 15.43
4 0 7 0 10 6 2 73 76 10 39 12.19
2 0 9 0 10 5 3 71 92 93 10 33 17.4
2 0 9 2 10 8 3 72 74 85 12 41 14.67
4 0 9 3 10 2 1 77 14 55 15.74
8 0 0 10 6 5 3 78 79 81 14 48 18.57
6 0 0 1 0 5 2 77 87 14 40 14.67
5 0 1 3 0 4 2 82 84 8 38 14.04
2 0 10 10 1 9 3 77 82 83 14 47 16.33
6 0 6 0 7 0 2 86 89 20 56 17.58
1 1 0 0 0 0 3 82 88 90 22 57 15.34
2 1 0 0 0 0 1 85 22 45 12.63
5 0 2 6 4 4 2 84 86 10 50 11.33
3 0 0 9 7 0 3 85 89 91 22 48 14.74
6 1 0 0 0 0 2 86 87 23 56 14.86
10 0 10 7 4 0 1 93 16 63 18.64
9 0 1 3 0 0 1 88 15 52 16.91
5 1 0 0 0 0 2 87 90 25 57 15.08
9 0 2 2 3 2 1 94 29 74 12.48
7 0 9 5 9 0 1 94 30 74 14.23
10 0 8 5 0 3 2 91 92 24 68 18.87
4 1 0 0 0 0 1 90 26 64 13.53
7 0 2 7 0 5 1 94 30 68 16.18
9 0 0 0 5 1 1 93 34 66 12.58
3 0 8 10 3 0 1 95 34 66 15.04
6 0 4 1 4 0 1 95 43 81 18.76
4 0 5 0 0 8 1 95 38 61 17.59
1 0 0 0 0 0 0 49 67 18.31
1 0 0 0 0 0 3 97 98 99 0 29 17.5
4 0 0 0 0 5 3 101 108 119 1 37 13.9
4 0 0 0 4 0 3 100 102 107 1 31 15.06
1 0 0 0 0 4 1 104 1 30 11.02
2 0 9 0 0 0 3 103 110 120 5 33 16.92
4 0 0 0 0 7 2 105 121 5 36 15.12
1 0 0 0 0 2 2 106 119 5 48 11.26
7 0 0 0 0 4 1 113 7 55 12.64
9 0 9 0 0 0 1 109 2 50 10.64
6 0 8 0 0 0 1 115 9 36 18.49
2 0 0 7 0 0 1 110 6 49 10.85
3 0 4 0 0 0 2 123 126 5 44 13.28
9 0 0 0 0 9 2 111 112 5 49 12.33
3 0 0 1 0 0 1 118 11 48 11.83
4 0 0 0 0 7 2 112 123 8 54 10.52
5 0 0 6 0 0 3 113 120 124 14 50 17.41
5 0 0 0 8 0 1 125 14 43 18.53
7 0 5 0 0 0 3 114 116 123 19 63 18.47
9 0 4 0 0 0 1 121 26 58 17.34
2 0 0 0 4 0 1 117 15 56 13.19
10 0 6 0 0 0 1 125 26 56 11.31
3 1 0 0 0 0 1 118 17 40 13.31
2 1 0 0 0 0 1 122 20 56 13.45
7 0 0 0 0 5 1 121 6 38 9.71
10 1 0 0 0 0 1 122 19 53 11.5
8 0 0 9 0 0 1 122 35 73 12.56
3 0 0 0 5 0 1 126 43 69 15.73
9 0 0 0 2 0 1 125 26 63 16.68
4 1 0 0 0 0 1 127 19 50 15.92
1 0 0 0 0 2 1 127 36 74 11.56
2 0 0 0 0 3 1 127 46 80 19.13
1 0 0 0 0 0 0 48 68 9.79
182.38 184.98 184.6 185.68 195.55 220.56 264.91 299.93 285.03 255.0 214.92 190.71 187.85 181.84 179.98 179.77 182.86 219.39 263.32 296.99 290.37 267.81 247.99 204.4 192.9 188.71 184.13 183.0 185.55 191.53 229.54 268.78 260.33 219.02 182.51 172.32 136.12 110.02 103.32 118.14 139.9 179.4 215.47 235.09 233.47 205.0 177.46 137.74 161.67 165.81 163.31 167.63 180.73 212.32 248.74 267.52 273.83 254.25 212.9 192.45 188.72 195.04 200.05 196.0 200.47 241.25 266.2 298.95 301.63 269.03 250.0 231.94 232.45 207.63 200.14 198.05 199.97 204.46 254.0 272.33 282.11 252.78 216.35 212.54 202.24 195.19 193.64 191.99 194.53 212.8 244.94 271.07 272.31 265.46 253.68 234.36 214.9 198.45 194.28 190.49 191.86 196.86 205.33 220.78 209.88 189.92 190.62 186.55 160.03 167.65 157.38 151.11 155.01 179.32 196.21 228.35 235.99 208.84 205.09 196.24 191.16 183.37 178.0 174.21 171.81 179.54 188.98 191.12 189.6 172.62 146.58 121.99 82.36 61.02 34.61 40.32 65.84 107.71 171.19 195.08 205.81 194.47 175.84 166.88 160.22 139.97 121.76 123.38 133.96 106.67 98.62 122.36 133.55 100.0 75.92 41.29 26.29 4.87 0.0 0.08 15.0 66.2 158.02 182.55 191.54 187.88 171.46 158.07 182.38 184.98 184.6 185.68 195.55 220.56 264.91 299.93 285.03 255.0 214.92 190.71 187.85 181.84 179.98 179.77 182.86 219.39 263.32 296.99 290.37 267.81 247.99 204.4 192.9 188.71 184.13 183.0 185.55 191.53 229.54 268.78 260.33 219.02 182.51 172.32 136.12 110.02 103.32 118.14 139.9 179.4 215.47 235.09 233.47 205.0 177.46 137.74 161.67 165.81 163.31 167.63 180.73 212.32 248.74 267.52 273.83 254.25
