128 5
1 33 25 28 27
1 0 0 0 0 0 3 1 2 3 0 35 18.02
8 0 4 0 3 8 1 4 1 42 16.8
2 0 7 0 6 0 3 4 9 12 1 41 15.74
9 0 7 0 7 4 3 10 11 12 1 36 11.73
1 0 0 4 0 8 3 5 6 7 9 34 13.74
5 0 0 10 0 0 3 8 19 23 10 38 18.25
2 0 3 0 4 0 2 8 13 10 46 15.76
2 0 0 8 0 0 1 18 10 30 13.67
6 1 0 0 0 0 3 21 26 30 15 49 16.67
4 0 0 3 5 1 2 13 15 3 25 9.83
10 0 4 0 0 6 1 30 10 40 16.14
7 0 7 0 0 0 1 17 10 34 14.4
7 0 7 0 4 0 3 14 20 29 10 41 13.15
2 0 0 10 2 0 3 16 25 27 12 48 14.67
9 0 2 0 0 7 2 15 18 17 50 13.35
3 1 0 0 0 0 1 24 26 49 9.45
8 0 0 0 6 6 1 21 14 44 10.43
7 0 8 0 0 0 3 21 24 25 17 54 18.15
4 0 9 10 9 0 3 22 23 24 26 49 17.35
6 1 0 0 0 0 2 22 29 15 53 10.41
9 1 0 0 0 0 2 22 23 17 44 12.14
7 0 3 0 0 0 2 28 29 24 62 12.8
4 0 1 3 0 2 1 26 30 66 10.43
2 0 0 7 8 6 2 25 30 30 63 16.87
4 0 0 0 0 4 1 26 30 55 14.3
6 0 4 0 2 7 1 28 32 61 10.82
4 0 10 4 0 0 1 27 34 63 11.76
2 0 3 0 7 0 1 28 38 65 15.16
3 0 1 9 0 0 1 31 40 61 15.13
7 0 8 2 0 0 1 31 31 61 13.53
2 0 5 0 0 1 1 31 32 60 14.87
1 0 0 0 0 0 0 43 60 14.97
1 0 0 0 0 0 3 33 34 35 0 26 11.58
1 0 3 3 3 10 3 36 38 39 1 32 16.65
6 0 0 1 0 6 3 46 47 55 1 25 11.2
5 0 8 1 10 9 3 37 44 47 1 25 11.94
1 0 0 9 7 1 3 43 48 57 2 26 15.87
4 0 5 0 2 3 3 42 53 55 6 45 13.15
5 0 5 4 7 8 3 40 42 51 2 34 13.03
7 0 10 5 7 8 3 41 44 46 2 41 16.34
10 0 6 8 0 0 3 44 45 52 7 52 18.35
1 0 9 2 5 2 3 43 47 57 9 33 14.67
2 1 0 0 0 0 3 48 54 61 10 44 16.56
8 0 0 0 10 8 3 49 50 51 10 47 14.29
6 1 0 0 0 0 3 56 58 62 17 47 13.11
8 0 3 4 8 2 2 46 50 17 49 10.51
1 1 0 0 0 0 3 48 49 54 25 53 9.57
8 0 5 2 0 6 3 50 51 58 10 53 17.61
2 0 4 0 1 9 1 60 26 51 15.31
8 0 3 10 10 0 1 53 26 58 11.91
4 0 0 2 1 5 2 56 60 25 49 16.82
7 1 0 0 0 0 2 53 59 18 56 10.42
3 0 4 3 0 0 3 54 55 56 17 44 12.06
3 0 10 10 4 0 1 62 34 63 14.3
3 1 0 0 0 0 1 59 26 52 10.72
5 1 0 0 0 0 2 57 59 20 55 13.52
4 0 0 10 9 8 1 61 29 57 15.58
10 0 0 9 9 9 2 58 60 25 63 9.64
2 0 7 0 4 6 1 61 35 59 13.68
9 0 10 2 7 1 1 62 29 55 10.16
2 0 9 0 5 4 1 63 35 58 17.82
6 0 2 6 0 0 1 63 37 66 15.27
6 0 8 2 0 0 1 63 38 71 11.97
1 0 0 0 0 0 0 44 71 18.55
1 0 0 0 0 0 3 65 66 67 0 33 17.26
7 0 6 5 4 0 3 71 73 76 1 36 12.52
9 0 5 4 6 5 3 68 72 82 1 37 18.71
1 0 4 7 1 4 3 69 79 80 1 36 16.94
1 0 5 2 0 10 3 73 81 94 10 37 15.08
9 0 8 8 4 5 2 70 85 2 31 9.73
8 0 7 0 7 0 1 91 11 44 13.4
3 0 7 7 8 5 2 74 75 8 30 16.33
1 0 1 0 6 4 2 77 90 10 33 17.21
10 0 7 2 0 0 1 93 11 49 13.38
9 0 6 8 8 6 1 87 11 43 14.16
10 0 5 4 2 2 2 78 84 11 38 10.79
2 0 1 9 1 10 1 80 8 34 16.85
1 0 4 7 0 7 1 83 11 47 17.76
5 0 3 0 4 0 1 93 21 59 16.4
3 0 0 0 0 7 1 88 2 28 13.13
9 0 9 9 5 10 1 84 10 40 13.74
8 0 2 2 0 10 1 92 11 54 15.49
4 0 0 1 9 0 3 83 86 87 10 50 17.09
10 0 9 0 8 5 1 84 14 44 9.74
5 0 4 4 8 3 1 91 24 62 16.97
3 1 0 0 0 0 1 89 11 35 14.77
4 1 0 0 0 0 1 89 14 45 9.56
5 1 0 0 0 0 2 88 92 20 52 11.51
7 0 0 4 6 7 1 93 25 53 18.42
5 0 10 3 9 9 1 91 18 41 17.4
2 0 1 0 8 9 1 94 11 43 12.09
2 0 8 0 8 9 1 94 29 62 10.34
2 0 5 0 0 4 1 95 25 45 14.73
6 0 0 7 0 8 1 95 32 69 16.41
6 0 7 1 0 8 1 95 31 52 13.88
1 0 0 0 0 0 0 38 59 12.63
1 0 0 0 0 0 3 97 98 99 0 33 9.84
7 0 6 5 4 0 3 103 105 108 1 43 15.0
9 0 5 4 6 5 3 100 104 114 1 45 10.38
1 0 4 7 1 4 3 101 111 112 1 25 13.76
1 0 5 2 0 10 3 105 113 126 10 42 15.05
9 0 8 8 4 5 2 102 117 2 34 10.94
8 0 7 0 7 0 1 123 11 36 15.75
3 0 7 7 8 5 2 106 107 8 34 17.62
1 0 1 0 6 4 2 109 122 10 34 11.53
10 0 7 2 0 0 1 125 11 48 12.38
9 0 6 8 8 6 1 119 11 52 13.21
10 0 5 4 2 2 2 110 116 11 38 10.14
2 0 1 9 1 10 1 112 8 33 9.99
1 0 4 7 0 7 1 115 11 45 11.59
5 0 3 0 4 0 1 125 21 49 18.23
3 0 0 0 0 7 1 120 2 28 17.99
9 1 0 0 0 0 1 116 10 39 11.08
8 0 2 2 0 10 1 124 11 51 9.83
4 0 0 1 9 0 3 115 118 119 10 49 16.91
10 0 9 0 8 5 1 116 14 55 12.48
5 0 4 4 8 3 1 123 24 49 17.95
3 1 0 0 0 0 1 121 11 35 10.54
4 0 0 4 5 9 1 121 14 36 13.85
5 1 0 0 0 0 2 120 124 20 54 16.09
7 0 0 4 6 7 1 125 25 53 16.89
5 0 10 3 9 9 1 123 18 48 11.32
2 0 1 0 8 9 1 126 11 40 17.78
2 0 8 0 8 9 1 126 29 51 13.32
2 0 5 0 0 4 1 127 25 58 14.59
6 0 0 7 0 8 1 127 32 68 17.3
6 0 7 1 0 8 1 127 31 64 12.98
1 0 0 0 0 0 0 38 70 17.52
122.64 120.11 116.64 114.41 115.45 130.43 157.86 262.23 418.43 291.7 236.29 196.09 181.38 171.39 191.9 277.05 381.61 563.13 473.28 295.57 220.0 170.0 164.46 146.37 128.04 124.74 116.86 109.16 104.41 107.58 118.07 139.33 182.65 185.39 180.0 141.91 123.12 124.43 125.4 167.12 199.3 284.16 244.75 200.27 172.45 153.82 136.59 121.22 128.83 125.47 122.91 122.4 124.01 124.98 140.01 168.87 229.46 199.41 179.06 172.94 165.0 170.0 179.92 193.22 173.93 181.09 165.0 150.33 104.81 117.61 127.0 104.67 108.01 103.33 108.55 103.09 98.75 108.01 140.0 136.6 155.0 170.0 149.61 151.0 148.85 160.59 151.9 155.0 140.0 132.7 130.72 141.07 140.0 134.36 132.7 100.02 108.01 108.01 85.9 84.59 84.59 112.01 150.0 159.79 165.0 155.0 155.0 145.0 164.97 161.9 165.0 150.0 142.98 150.0 144.92 120.72 112.52 84.59 78.49 69.69 78.81 79.28 85.0 85.89 83.08 87.35 86.48 93.34 99.43 97.58 90.98 88.95 84.76 83.83 93.78 111.34 128.12 143.36 148.87 143.84 134.26 137.76 136.07 122.98 128.16 117.41 113.77 108.6 107.9 110.17 112.83 120.0 127.4 124.96 108.2 103.36 97.14 92.16 105.97 114.2 129.53 135.05 124.79 113.78 111.15 100.88 82.0 77.55 74.89 70.06 38.09 41.5 74.3 80.24 229.52 262.77 179.0 139.31 99.15 95.78 129.35 105.39 131.67 150.0 165.0 145.0 130.0 165.0 145.44 116.26 130.0 88.67 79.25 80.38 81.28 80.57
