160 5
1 22 23 21 32
1 0 0 0 0 0 3 1 2 3 0 61 9.61
3 0 10 9 8 5 3 5 11 15 1 57 13.6
1 0 7 0 5 2 3 4 5 7 1 33 8.03
10 0 5 0 0 4 3 10 13 24 1 49 8.33
9 0 0 10 2 0 3 6 9 17 2 41 11.98
5 0 7 7 4 0 1 22 4 59 9.68
10 0 4 8 5 2 3 10 11 16 11 67 13.39
4 0 7 5 10 8 3 8 20 30 2 40 10.4
7 0 7 0 0 0 3 14 17 28 6 64 7.64
6 0 6 9 5 8 2 25 26 11 64 8.53
3 0 0 7 1 0 3 12 27 30 21 57 14.4
6 0 8 7 0 9 2 13 20 21 65 11.2
9 1 0 0 0 0 1 29 24 79 14.91
10 0 7 1 2 9 1 14 27 84 13.23
1 1 0 0 0 0 1 23 37 83 14.85
7 0 6 5 4 5 1 21 4 46 11.32
9 1 0 0 0 0 3 18 20 27 21 70 12.83
8 0 0 0 8 10 3 18 19 21 13 67 14.69
10 0 2 9 10 9 2 22 25 30 90 13.14
7 1 0 0 0 0 1 23 21 66 10.2
4 1 0 0 0 0 2 22 28 30 87 12.37
2 1 0 0 0 0 1 23 21 54 13.94
10 0 0 0 8 7 1 29 40 76 12.85
7 0 4 5 4 3 1 25 38 74 7.98
3 0 0 0 7 2 1 26 11 58 13.96
8 0 8 10 4 9 1 29 45 78 14.08
5 0 7 0 5 0 2 27 30 17 67 10.62
8 0 5 10 0 10 1 28 30 66 8.21
7 0 0 3 4 7 1 31 38 80 14.04
10 0 1 7 5 1 1 31 53 88 9.6
7 0 8 0 10 9 1 31 24 65 12.53
1 0 0 0 0 0 0 63 97 9.89
1 0 0 0 0 0 3 33 34 35 0 58 12.52
3 0 1 6 8 7 3 36 37 50 1 39 11.14
1 0 8 2 6 9 2 39 51 1 57 9.09
7 0 1 3 2 9 3 42 51 53 1 50 9.06
5 0 2 9 4 2 1 38 4 46 13.09
7 0 1 4 1 3 3 39 40 41 4 64 13.81
10 1 0 0 0 0 1 45 9 72 14.12
9 0 3 9 2 4 1 43 11 55 13.56
9 0 8 6 6 6 3 47 56 57 11 67 9.74
9 0 7 7 9 3 2 44 49 11 49 10.52
9 0 5 9 8 10 1 52 8 47 9.06
3 1 0 0 0 0 3 44 55 58 20 74 9.03
7 1 0 0 0 0 2 46 59 23 76 13.46
6 0 9 6 4 2 2 48 58 19 70 7.53
5 1 0 0 0 0 1 57 30 86 10.93
9 1 0 0 0 0 1 51 20 56 7.89
8 0 1 6 2 1 1 55 25 69 11.66
5 0 3 1 1 7 1 61 20 63 9.99
10 1 0 0 0 0 1 55 4 69 14.61
6 0 5 8 9 2 1 60 29 88 10.63
7 0 4 7 9 10 1 57 17 76 14.67
5 0 8 9 8 3 1 54 8 62 10.73
7 0 8 3 5 5 1 56 13 58 9.61
3 0 4 5 9 9 1 60 33 65 10.43
5 0 5 4 7 8 1 61 20 60 9.96
8 0 1 7 8 9 1 62 35 75 13.49
1 0 8 5 7 7 2 60 61 25 67 8.87
1 0 7 3 10 8 1 62 30 58 14.35
5 0 9 2 8 6 1 63 36 69 10.85
3 0 2 6 3 8 1 63 26 63 8.29
3 0 8 1 10 10 1 63 43 74 14.52
1 0 0 0 0 0 0 46 83 9.19
1 0 0 0 0 0 3 65 66 67 0 45 10.71
8 0 8 3 3 8 2 68 78 1 47 7.71
2 0 2 10 0 5 3 69 72 74 1 51 12.4
9 0 3 0 10 7 3 71 73 76 1 60 14.9
5 0 2 2 0 0 3 69 74 80 9 61 10.68
6 0 3 0 9 0 3 70 71 73 14 73 9.61
3 0 10 10 0 6 3 75 77 85 20 58 12.78
3 0 3 10 9 0 3 75 81 90 20 69 11.03
6 0 10 1 6 0 3 78 85 86 3 42 11.07
2 0 3 10 9 0 3 77 81 86 20 52 9.18
5 0 4 0 1 5 3 82 88 89 14 63 11.79
2 0 3 1 9 0 2 83 93 23 74 12.03
4 0 1 4 5 0 3 78 79 91 10 54 11.87
5 1 0 0 0 0 2 82 87 23 68 7.61
8 0 6 3 8 0 3 84 93 94 14 62 13.09
10 1 0 0 0 0 3 82 83 88 14 60 8.18
7 1 0 0 0 0 3 81 83 87 14 51 13.44
8 1 0 0 0 0 2 85 89 23 66 14.86
3 1 0 0 0 0 2 84 90 28 64 12.01
5 0 9 0 3 6 2 84 86 25 69 11.36
10 0 5 7 0 3 1 92 31 82 13.46
7 0 8 5 5 1 1 91 31 75 10.56
5 0 0 0 9 0 1 89 30 73 9.01
7 0 8 9 9 2 3 88 90 91 28 69 11.31
8 0 0 4 0 6 1 93 35 88 14.04
10 0 2 3 0 3 2 92 94 35 88 13.3
2 0 5 4 7 0 1 92 35 79 14.82
5 0 4 0 1 4 1 94 38 81 14.16
5 0 6 6 2 5 1 95 45 91 13.92
3 0 10 9 7 1 1 95 43 87 12.53
2 0 5 5 4 6 1 95 45 90 10.76
1 0 0 0 0 0 0 50 80 11.74
1 0 0 0 0 0 3 97 98 99 0 39 7.88
2 0 0 0 4 0 1 123 1 40 13.74
3 0 2 0 1 1 1 107 1 52 13.08
7 0 0 10 10 0 3 100 101 106 1 66 9.29
1 0 6 9 4 0 2 103 109 8 68 8.91
8 0 4 0 8 0 1 102 8 51 8.75
3 1 0 0 0 0 1 122 16 69 12.9
3 0 0 0 2 8 3 104 105 107 9 41 10.64
2 0 0 5 0 6 1 111 12 48 8.08
9 0 10 4 0 7 2 108 112 12 50 13.07
10 0 7 0 0 4 1 124 8 66 11.18
8 0 0 8 0 1 2 114 115 12 58 14.04
6 1 0 0 0 0 2 115 121 21 82 10.4
3 0 0 1 0 10 1 110 9 60 11.43
1 0 0 0 0 8 3 114 119 121 12 58 11.94
9 0 0 8 1 0 3 112 113 116 14 64 9.04
7 0 5 2 4 0 1 122 23 71 10.49
4 0 10 5 0 2 1 125 23 64 10.29
1 0 0 1 5 0 1 120 20 62 11.64
5 0 0 0 3 4 3 117 118 120 27 65 10.35
9 0 10 5 0 10 2 118 119 23 84 10.83
4 0 0 0 0 10 1 125 32 89 12.9
7 0 3 6 0 0 1 126 32 68 12.43
6 0 5 7 6 0 1 122 32 82 14.89
5 0 3 7 0 0 1 126 32 88 13.67
7 0 0 3 0 10 1 124 27 68 8.62
1 0 4 0 0 0 1 125 38 78 12.87
6 0 0 2 0 0 1 124 3 52 10.46
4 0 6 0 0 7 1 127 34 70 13.03
5 0 0 2 0 3 1 127 39 70 7.78
3 0 5 0 9 6 1 127 39 82 11.77
1 0 0 0 0 0 0 44 80 12.71
1 0 0 0 0 0 3 129 130 131 0 61 11.5
3 0 9 0 0 0 3 133 135 141 1 39 14.51
1 0 0 0 0 10 2 134 148 1 48 12.65
7 0 0 0 0 7 3 132 133 136 1 60 9.35
1 0 0 0 0 2 3 142 145 155 8 66 12.9
9 0 0 0 0 2 3 134 137 147 8 49 10.99
9 0 0 0 0 1 3 140 142 144 17 53 11.9
6 0 5 0 0 0 3 139 140 143 4 55 10.37
5 0 0 6 0 0 2 138 142 8 43 8.27
8 0 9 0 0 0 3 138 140 148 17 60 14.05
10 1 0 0 0 0 3 144 145 149 25 82 13.67
9 0 4 0 0 0 3 145 147 148 10 74 8.08
1 0 0 2 0 0 2 149 152 26 61 8.97
10 0 5 0 0 0 3 143 149 152 4 50 14.21
5 1 0 0 0 0 3 146 150 151 26 66 10.34
10 0 0 5 0 0 3 150 154 158 14 65 13.82
10 0 0 0 0 7 3 146 155 157 35 95 9.31
5 1 0 0 0 0 1 158 35 75 10.82
8 0 0 0 8 0 2 153 156 45 82 7.93
8 0 7 0 0 0 3 151 153 154 19 59 10.21
2 1 0 0 0 0 3 151 152 153 25 80 8.42
1 1 0 0 0 0 1 150 35 76 8.77
8 0 0 0 0 10 1 157 36 90 9.0
7 0 0 0 0 10 1 157 31 88 12.33
2 1 0 0 0 0 2 154 155 27 70 7.65
7 0 1 0 0 0 1 158 53 84 13.19
6 0 6 0 0 0 1 156 29 83 13.96
8 0 0 0 3 0 1 156 45 82 8.19
2 0 0 0 2 0 1 159 53 93 9.79
2 0 0 6 0 0 1 159 45 95 11.97
4 0 0 0 0 2 1 159 60 97 13.32
1 0 0 0 0 0 0 64 112 12.77
20.89 9.7 9.7 7.07 8.99 15.34 80.0 102.48 131.47 135.53 107.46 110.08 119.78 117.0 111.57 111.39 124.51 148.49 138.0 117.64 117.71 95.95 105.68 95.26 103.7 108.27 105.92 103.41 102.71 114.23 156.91 182.64 178.91 190.0 189.88 182.42 182.46 179.59 179.0 180.93 166.69 189.88 184.94 178.99 156.12 140.92 137.92 97.56 105.31 97.29 84.5 75.38 79.11 94.79 118.04 124.69 147.74 147.18 138.56 129.99 131.97 130.67 134.6 146.61 161.18 170.0 139.88 135.75 119.93 98.09 118.71 99.68 99.85 101.32 110.01 111.55 123.37 149.94 185.92 228.25 228.92 212.9 215.5 231.9 226.0 209.2 216.06 230.77 245.95 274.11 273.44 245.48 226.14 208.31 178.75 124.7 128.92 118.4 103.01 101.91 101.98 114.99 140.19 170.53 175.66 161.85 161.37 166.06 166.54 166.04 169.43 189.7 201.97 243.11 253.81 237.05 224.33 213.81 185.94 148.32 164.17 152.83 166.0 160.86 160.0 154.3 166.0 182.91 215.89 231.0 228.95 215.39 206.68 185.0 169.52 162.8 200.89 189.9 177.11 140.23 162.02 102.18 102.29 114.11 85.03 84.4 80.24 55.46 49.29 62.06 74.29 84.44 97.26 119.97 134.96 149.4 165.13 165.06 170.09 189.04 190.96 223.3 243.94 240.0 230.82 214.02 215.88 203.8 20.89 9.7 9.7 7.07 8.99 15.34 80.0 102.48 131.47 135.53 107.46 110.08 119.78 117.0 111.57 111.39 124.51 148.49 138.0 117.64 117.71 95.95 105.68 95.26 103.7 108.27 105.92 103.41 102.71 114.23 156.91 182.64 178.91 190.0 189.88 182.42 182.46 179.59 179.0 180.93 166.69 189.88 184.94 178.99 156.12 140.92 137.92 97.56 105.31 97.29 84.5 75.38 79.11 94.79 118.04 124.69 147.74 147.18 138.56 129.99 131.97 130.67 134.6 146.61 161.18 170.0 139.88 135.75 119.93 98.09 118.71 99.68 99.85 101.32 110.01 111.55 123.37 149.94 185.92 228.25 228.92 212.9 215.5 231.9 226.0 209.2 216.06 230.77 245.95 274.11 273.44 245.48 226.14 208.31 178.75 124.7 128.92 118.4 103.01 101.91 101.98 114.99 140.19 170.53 175.66 161.85 161.37 166.06 166.54 166.04 169.43 189.7 201.97 243.11 253.81 237.05 224.33 213.81 185.94 148.32 164.17 152.83 166.0 160.86 160.0 154.3 166.0 182.91 215.89 231.0 228.95 215.39 206.68 185.0 169.52 162.8
