160 5
1 41 48 37 50
1 0 0 0 0 0 3 1 2 3 0 52 27.51
5 0 5 10 9 7 3 6 10 11 1 33 22.4
2 0 10 4 1 9 3 4 5 28 1 47 34.32
7 0 4 5 4 6 2 8 9 1 43 32.19
4 0 0 6 2 0 1 15 3 44 20.4
1 0 9 0 0 8 1 29 3 33 28.72
3 0 5 5 0 9 3 7 24 25 6 49 27.65
9 0 7 0 7 1 1 20 9 55 36.53
8 0 7 0 3 0 1 18 8 44 33.96
10 0 9 8 0 7 1 14 8 54 28.84
10 0 0 5 0 8 1 21 6 55 35.82
8 0 0 0 1 9 2 12 13 6 61 31.77
9 0 1 9 6 0 1 19 14 53 37.17
10 0 1 3 10 8 1 17 14 57 27.0
4 0 9 10 8 10 3 16 17 26 18 62 30.89
9 0 7 1 5 9 1 24 7 46 23.07
6 1 0 0 0 0 1 22 22 65 34.03
3 1 0 0 0 0 3 21 27 30 24 52 26.84
9 0 8 0 9 0 2 22 25 16 74 20.65
8 1 0 0 0 0 1 24 23 66 27.72
4 0 3 0 1 0 2 22 26 18 61 34.93
3 1 0 0 0 0 1 23 27 65 25.17
4 1 0 0 0 0 1 28 28 73 33.33
9 0 4 8 7 4 1 29 30 70 36.28
9 0 10 0 2 7 2 26 29 31 84 23.19
5 0 8 9 3 6 1 30 25 78 33.7
4 0 4 4 7 8 1 30 40 75 23.77
7 0 9 0 0 9 1 28 27 73 24.73
7 0 0 1 8 1 1 31 34 76 22.94
1 0 9 10 1 4 1 31 40 75 28.94
9 0 2 3 0 0 1 31 44 79 23.1
1 0 0 0 0 0 0 53 77 32.25
1 0 0 0 0 0 3 33 34 35 0 41 30.84
7 0 2 2 6 2 1 46 1 58 30.78
3 0 10 2 5 9 3 37 39 41 1 57 37.31
5 0 3 4 4 8 1 36 1 51 30.87
4 0 10 5 7 7 2 38 56 6 60 27.42
3 0 5 5 8 8 3 40 44 50 4 48 28.91
4 0 2 1 8 9 1 42 10 54 24.88
1 0 6 3 6 10 2 45 54 4 33 23.76
2 0 10 10 10 6 2 43 62 7 59 29.99
4 0 6 5 6 8 3 47 51 57 4 39 26.85
7 1 0 0 0 0 1 58 14 49 34.73
1 0 9 7 1 5 2 48 53 9 43 23.31
5 0 1 4 2 3 1 47 7 53 33.71
7 0 9 9 6 10 2 49 51 5 53 23.81
3 0 8 5 1 2 3 52 54 60 8 46 27.78
4 1 0 0 0 0 2 53 59 12 63 22.07
9 1 0 0 0 0 1 56 10 53 34.97
5 0 10 3 4 8 2 55 61 12 49 20.6
6 0 4 7 3 8 1 52 7 55 35.71
5 1 0 0 0 0 1 53 12 68 28.25
10 0 3 4 1 6 1 61 13 49 24.41
6 0 8 6 3 7 1 56 17 70 20.26
7 0 3 1 5 8 1 61 11 65 21.07
5 0 5 9 1 2 1 59 17 60 24.54
3 0 8 3 1 5 1 60 23 54 20.17
1 0 7 3 5 4 1 62 8 51 27.02
6 0 3 4 3 10 1 59 21 67 31.53
3 0 10 7 3 4 1 60 27 67 21.46
5 0 6 10 1 10 1 63 30 72 32.87
6 0 1 8 5 9 1 63 23 68 24.09
6 0 5 8 6 3 1 63 9 58 26.07
1 0 0 0 0 0 0 35 71 32.74
1 0 0 0 0 0 3 65 66 67 0 41 27.07
9 0 0 0 8 7 2 81 90 1 44 18.91
3 0 5 6 0 6 3 69 74 87 1 37 31.37
6 0 6 9 3 9 3 68 76 80 1 48 23.16
8 0 7 0 10 6 3 71 72 73 7 54 33.89
8 0 0 5 0 0 3 70 71 84 4 53 24.55
7 0 0 0 0 3 3 75 78 86 12 46 31.87
3 0 0 0 0 2 1 85 15 50 23.94
7 0 0 4 0 0 2 78 87 15 71 27.17
1 0 0 0 0 5 1 77 15 60 32.47
10 0 8 0 9 9 2 79 94 4 43 33.59
1 0 0 0 9 9 1 80 19 64 23.68
7 0 0 0 8 7 1 82 7 57 23.27
7 0 0 6 0 2 1 90 16 61 36.26
7 0 0 8 0 0 1 79 22 53 24.51
6 0 0 3 0 8 2 83 93 29 78 31.04
9 1 0 0 0 0 1 85 20 75 29.76
2 0 0 0 4 0 1 84 10 48 18.81
7 1 0 0 0 0 1 89 14 46 25.38
3 0 0 10 0 3 1 88 35 83 27.35
3 1 0 0 0 0 1 85 12 63 25.87
8 0 7 0 0 0 1 91 29 63 33.58
9 1 0 0 0 0 1 94 19 58 36.97
1 1 0 0 0 0 1 94 22 56 36.82
1 0 0 0 2 4 1 92 38 80 21.71
3 1 0 0 0 0 1 90 21 56 23.09
10 0 0 10 0 2 1 92 24 76 19.33
3 0 8 5 5 0 2 92 93 37 80 25.07
6 0 1 0 0 8 1 95 40 80 33.53
4 0 2 0 10 0 1 95 40 76 24.35
3 0 9 3 6 1 1 95 28 55 28.22
1 0 0 0 0 0 0 46 70 31.13
1 0 0 0 0 0 3 97 98 99 0 37 31.44
6 0 8 4 7 7 3 100 118 122 1 41 24.02
1 0 5 1 5 1 3 102 107 111 1 42 32.68
8 0 1 4 1 3 2 103 104 1 35 35.69
8 0 6 2 1 9 2 101 105 7 66 34.04
9 0 1 2 8 6 3 102 108 120 15 52 26.84
8 0 3 5 1 7 1 115 24 67 33.82
6 1 0 0 0 0 1 109 9 60 31.27
5 1 0 0 0 0 3 106 117 118 9 55 22.57
1 0 9 5 3 1 3 110 113 124 15 42 27.77
8 0 1 10 4 6 1 126 14 66 30.41
4 0 2 3 7 10 1 114 2 54 34.77
3 0 2 1 10 6 1 126 24 58 29.93
1 1 0 0 0 0 2 112 121 15 57 25.5
3 0 5 2 6 6 2 115 116 16 53 35.22
1 0 3 10 10 8 1 116 2 39 37.21
6 0 10 8 4 8 1 123 16 66 25.97
1 1 0 0 0 0 1 119 16 53 31.75
7 0 3 9 4 7 1 120 6 51 27.51
10 0 8 4 3 5 1 121 32 66 19.59
4 0 10 1 7 7 1 120 19 64 28.89
2 1 0 0 0 0 2 122 124 14 57 29.4
10 0 3 2 8 9 1 126 14 67 29.6
2 0 3 1 3 7 1 123 17 64 25.19
6 1 0 0 0 0 1 121 24 59 22.84
2 0 10 1 10 1 1 123 42 81 18.7
3 0 4 9 4 1 1 125 16 69 33.7
7 0 8 4 10 1 1 125 44 81 35.12
2 0 8 10 7 3 1 127 16 51 21.8
2 0 9 7 8 1 1 127 51 88 34.24
1 0 9 3 6 6 1 127 27 74 27.8
1 0 0 0 0 0 0 53 81 31.33
1 0 0 0 0 0 3 129 130 131 0 54 23.99
7 0 5 1 4 7 3 132 138 146 1 37 30.41
1 0 3 9 2 2 1 143 1 51 37.05
8 0 4 7 4 5 3 133 134 141 1 52 34.53
2 0 4 4 10 7 3 135 136 139 8 47 35.59
5 0 1 1 6 5 2 137 150 9 51 25.45
8 0 9 4 2 6 1 151 9 48 36.39
7 0 1 4 2 6 1 154 10 59 20.98
10 0 2 4 2 3 1 149 10 70 28.23
6 0 5 3 10 5 1 140 14 54 34.98
4 0 4 10 8 3 1 148 8 48 18.84
6 0 3 10 8 6 2 140 142 10 63 28.12
4 1 0 0 0 0 3 145 152 153 20 69 24.59
5 0 1 7 4 9 1 151 9 47 34.78
10 0 6 8 1 3 2 144 149 16 67 25.92
9 0 7 8 1 2 2 146 158 2 38 25.01
10 0 5 3 2 4 1 147 26 76 29.76
7 1 0 0 0 0 1 155 24 56 31.18
3 0 2 6 2 7 1 156 11 55 33.14
7 0 10 1 10 1 1 156 36 79 25.88
5 0 10 8 10 8 1 155 12 67 31.52
4 0 10 10 3 1 1 158 26 57 37.17
7 0 8 2 3 7 1 157 14 46 35.04
7 0 5 6 6 8 3 152 153 158 17 68 33.03
5 1 0 0 0 0 2 155 157 24 56 34.73
6 1 0 0 0 0 1 154 24 71 34.71
4 0 9 5 6 5 1 157 30 63 22.84
8 0 2 5 7 3 1 156 31 85 36.55
9 0 4 8 5 9 1 159 43 88 25.55
3 0 6 9 1 2 1 159 34 60 24.94
2 1 0 0 0 0 1 159 30 76 36.03
1 0 0 0 0 0 0 52 91 36.95
310.08 270.86 280.47 278.39 273.26 310.38 414.42 420.99 414.68 384.55 341.34 339.29 338.3 339.65 345.85 347.72 362.43 406.1 440.97 495.9 494.05 455.0 429.15 391.2 330.76 298.92 298.95 289.2 295.75 320.01 382.92 414.98 426.22 383.99 310.09 288.85 306.36 304.65 303.9 302.79 306.99 361.05 424.59 469.8 469.72 428.67 406.45 343.31 297.01 286.98 298.71 285.6 293.99 297.59 343.72 393.5 395.51 356.26 302.9 293.77 288.83 294.02 286.07 289.33 303.1 353.0 409.93 449.0 454.73 420.0 406.84 355.01 309.92 300.03 310.0 306.3 312.0 347.06 407.41 419.99 414.92 397.16 355.1 337.65 328.55 325.13 330.2 351.33 376.72 401.31 450.0 539.9 534.75 446.0 414.99 390.0 422.1 405.0 395.72 391.95 402.62 408.06 469.54 513.31 508.0 472.56 419.9 406.94 388.62 418.22 442.78 437.38 451.88 450.0 489.99 560.0 565.4 507.78 469.47 424.02 427.23 400.71 387.87 374.09 375.79 382.76 379.9 388.74 399.9 374.5 350.01 338.37 329.58 297.44 309.03 338.57 357.42 412.3 466.2 503.26 504.7 479.94 461.91 425.89 416.3 397.2 377.9 354.0 350.06 351.01 352.77 350.05 355.17 339.94 309.0 286.79 229.51 186.5 151.1 231.52 321.76 382.96 415.9 454.91 459.96 462.6 455.42 398.97 310.08 270.86 280.47 278.39 273.26 310.38 414.42 420.99 414.68 384.55 341.34 339.29 338.3 339.65 345.85 347.72 362.43 406.1 440.97 495.9 494.05 455.0 429.15 391.2 330.76 298.92 298.95 289.2 295.75 320.01 382.92 414.98 426.22 383.99 310.09 288.85 306.36 304.65 303.9 302.79 306.99 361.05 424.59 469.8 469.72 428.67 406.45 343.31 297.01 286.98 298.71 285.6 293.99 297.59 343.72 393.5 395.51 356.26 302.9 293.77 288.83 294.02 286.07 289.33 303.1 353.0 409.93 449.0 454.73 420.0 406.84 355.01 309.92 300.03 310.0 306.3 312.0 347.06 407.41 419.99 414.92 397.16 355.1 337.65 328.55 325.13 330.2 351.33 376.72 401.31 450.0 539.9 534.75 446.0 414.99 390.0 422.1 405.0 395.72 391.95 402.62 408.06 469.54 513.31 508.0 472.56
