160 5
1 26 21 27 25
1 0 0 0 0 0 3 1 2 3 0 52 15.86
1 0 0 5 7 7 3 9 10 14 1 39 17.74
9 0 0 8 5 4 3 4 7 11 1 66 18.18
5 0 0 10 0 8 1 18 1 60 20.34
6 0 0 6 10 2 3 5 6 8 10 48 21.12
4 0 2 0 0 10 3 13 19 27 16 58 14.17
9 0 5 0 4 0 3 12 15 29 16 77 12.47
7 0 0 0 7 0 1 21 10 55 14.94
4 0 0 0 10 0 3 10 16 25 16 77 18.08
8 0 0 1 0 0 2 11 17 2 48 13.98
10 0 2 0 0 8 1 22 20 73 21.25
4 0 2 0 0 0 1 25 10 58 17.15
10 0 0 7 5 0 3 18 21 23 25 66 18.34
2 1 0 0 0 0 2 20 26 20 72 20.02
8 0 0 7 0 1 3 15 16 24 2 45 11.42
9 1 0 0 0 0 3 18 22 28 25 94 21.88
10 0 0 10 0 7 3 21 27 28 20 71 12.04
3 0 8 2 0 0 2 19 20 10 57 20.84
10 0 10 6 0 6 1 30 35 84 16.13
4 1 0 0 0 0 2 23 24 20 60 21.8
5 1 0 0 0 0 1 24 22 61 16.69
3 1 0 0 0 0 1 22 35 95 16.74
6 0 5 3 8 0 1 30 38 84 15.9
5 1 0 0 0 0 1 25 35 99 18.34
6 0 0 6 7 6 1 29 27 71 19.74
4 0 0 0 0 10 1 26 40 77 18.59
4 0 9 0 1 0 2 28 30 44 93 16.42
4 0 0 8 9 1 1 29 30 92 12.48
5 0 0 0 3 0 1 31 48 100 12.87
3 0 7 10 9 1 1 31 34 71 12.15
6 0 9 0 5 5 1 31 48 86 19.6
1 0 0 0 0 0 0 54 107 18.68
1 0 0 0 0 0 3 33 34 35 0 34 18.63
7 0 4 0 6 0 3 36 40 43 1 70 19.6
1 0 0 7 8 1 3 39 47 51 1 37 22.05
10 0 0 2 1 0 3 37 38 41 1 51 11.73
5 0 9 0 10 0 3 37 38 44 8 72 21.1
7 0 0 10 0 5 3 39 45 46 13 65 17.52
5 0 0 0 7 9 3 48 57 59 13 51 16.63
6 0 0 0 6 0 3 48 50 58 20 60 19.6
10 0 2 0 0 2 3 42 49 52 8 81 22.45
5 0 0 0 0 9 3 42 43 44 11 61 17.59
4 0 0 3 0 0 3 45 46 53 18 55 16.82
1 0 0 4 6 0 3 45 50 53 16 64 19.16
10 0 3 0 7 0 3 47 49 52 16 73 12.72
7 0 0 0 8 0 3 47 51 54 22 60 22.65
8 0 0 3 2 0 3 51 58 59 22 83 21.73
10 1 0 0 0 0 3 48 58 62 29 74 12.16
2 1 0 0 0 0 1 61 39 87 21.48
4 1 0 0 0 0 2 55 57 26 77 21.12
2 1 0 0 0 0 2 52 57 26 66 12.61
10 1 0 0 0 0 1 60 30 73 16.44
7 1 0 0 0 0 1 54 28 73 16.79
7 0 2 1 0 7 1 54 22 86 18.73
5 1 0 0 0 0 2 55 61 35 79 22.5
1 1 0 0 0 0 2 56 60 40 94 21.68
9 0 6 4 0 8 1 59 41 88 19.26
2 1 0 0 0 0 2 61 62 30 83 14.4
6 0 0 5 10 0 1 60 39 88 13.43
3 0 9 0 6 0 1 62 50 100 15.58
3 0 0 0 4 0 1 63 45 105 15.5
1 0 9 0 5 2 1 63 41 75 20.42
8 0 7 10 7 0 1 63 53 89 20.11
1 0 0 0 0 0 0 61 101 20.31
1 0 0 0 0 0 3 65 66 67 0 55 19.22
2 0 3 4 7 1 1 74 1 41 11.47
8 0 0 0 0 3 2 69 71 1 51 18.68
8 0 7 8 0 3 2 68 70 1 59 17.57
10 0 6 1 7 0 1 90 9 73 13.46
8 0 4 7 4 0 3 76 77 79 9 67 17.72
7 0 9 1 4 4 1 71 9 75 16.76
7 0 4 0 7 4 3 72 77 79 16 63 12.09
1 1 0 0 0 0 2 73 75 23 84 13.79
9 0 3 0 6 0 3 78 82 87 24 90 13.83
7 0 7 7 4 7 1 86 3 75 21.96
7 1 0 0 0 0 2 84 85 24 62 14.99
9 0 0 1 1 0 3 83 87 93 17 80 16.65
5 1 0 0 0 0 1 80 23 61 19.69
5 0 2 0 7 5 2 80 91 33 82 18.11
1 1 0 0 0 0 1 81 23 55 15.43
9 0 10 1 10 7 1 88 38 103 16.2
3 1 0 0 0 0 1 84 24 69 20.47
10 0 6 0 1 3 1 89 33 101 21.58
9 1 0 0 0 0 1 88 26 81 21.55
3 1 0 0 0 0 2 90 94 31 91 16.54
6 1 0 0 0 0 2 86 90 31 86 17.14
10 0 5 2 5 6 1 94 37 103 20.11
8 1 0 0 0 0 1 89 33 98 18.07
10 0 0 10 0 0 1 94 47 87 16.71
4 0 3 3 0 0 1 91 43 94 20.51
1 0 8 2 4 2 1 92 37 86 20.23
1 0 2 5 10 7 1 92 47 97 17.83
9 0 4 2 9 8 1 95 48 89 20.27
10 0 0 1 4 4 1 95 26 85 19.11
4 0 7 1 8 1 1 95 57 114 17.64
1 0 0 0 0 0 0 61 113 19.28
1 0 0 0 0 0 3 97 98 99 0 45 14.62
2 0 3 0 0 3 1 112 1 64 17.59
9 0 6 5 10 1 1 104 1 43 12.74
8 0 7 9 6 4 2 100 108 1 47 14.51
6 0 9 1 9 8 3 101 102 114 9 49 11.93
2 0 5 3 2 0 3 105 109 116 15 56 15.24
3 0 0 1 9 7 3 103 117 120 15 68 13.67
9 0 5 1 10 3 3 106 107 110 18 59 12.36
9 0 5 0 7 2 2 105 113 10 77 21.8
4 1 0 0 0 0 3 110 112 123 19 67 17.23
6 0 0 8 7 10 2 124 126 27 70 18.22
5 0 10 6 10 9 1 119 27 62 22.63
10 0 4 2 4 10 2 121 124 9 67 15.75
8 0 10 4 3 8 2 111 120 17 75 21.86
2 1 0 0 0 0 1 118 27 60 19.83
9 0 6 5 2 0 2 118 126 25 70 20.28
2 0 7 0 4 9 1 125 23 61 18.98
3 0 4 0 0 9 3 115 116 120 19 71 15.64
1 0 5 0 9 2 2 116 117 15 49 13.39
2 0 9 0 0 5 3 117 119 121 22 73 21.74
10 1 0 0 0 0 2 118 121 22 67 14.61
7 0 0 4 3 0 2 122 123 24 75 19.79
7 0 6 1 2 0 1 119 34 85 19.32
9 0 6 0 0 0 1 122 41 95 11.63
6 0 10 0 0 0 2 123 125 25 66 12.95
6 0 7 4 0 8 2 122 126 32 86 19.3
2 0 3 0 1 0 1 125 50 93 19.82
1 0 0 7 10 5 1 124 31 79 16.37
7 0 1 0 0 6 1 127 33 96 13.38
5 0 9 7 10 8 1 127 52 104 11.73
2 0 9 7 9 8 1 127 38 74 17.48
1 0 0 0 0 0 0 57 85 21.74
1 0 0 0 0 0 3 129 130 131 0 47 15.26
2 0 1 0 0 0 3 132 137 138 1 69 11.7
3 0 0 4 0 0 3 134 136 138 1 58 14.43
10 0 0 0 0 8 3 133 135 137 1 52 15.13
5 0 0 0 0 1 3 133 134 143 3 45 17.25
8 0 0 0 0 6 1 156 11 50 14.85
2 0 5 0 0 0 2 140 141 8 63 19.95
3 0 3 0 0 0 3 139 142 146 11 62 18.18
7 0 0 0 0 8 3 142 147 152 4 54 11.49
3 0 0 0 8 0 3 140 151 157 11 56 17.25
4 0 8 0 0 0 1 147 4 62 20.82
10 0 0 0 0 5 3 140 149 152 14 78 20.28
9 0 7 0 0 0 2 144 158 24 83 17.33
3 0 10 0 0 0 2 144 145 10 62 21.79
7 1 0 0 0 0 1 157 14 83 13.79
2 0 0 0 3 0 2 147 149 8 70 22.07
1 0 0 0 0 4 1 150 33 91 15.14
7 1 0 0 0 0 1 154 13 60 13.94
8 0 7 0 0 0 1 149 14 70 14.1
9 1 0 0 0 0 2 148 150 11 70 16.82
2 0 0 5 0 0 1 153 20 60 11.56
2 1 0 0 0 0 3 150 153 155 24 84 22.18
2 0 0 0 0 5 1 156 34 80 14.86
9 0 0 6 0 0 2 156 158 14 76 13.13
6 0 0 8 0 0 2 154 155 24 87 12.54
9 0 0 0 9 0 1 154 26 69 22.19
7 0 0 0 1 0 1 157 35 78 11.84
9 0 0 0 0 7 1 158 30 73 16.35
1 0 0 7 0 0 1 159 36 78 21.32
3 0 0 3 0 0 1 159 42 90 19.83
3 0 6 0 0 0 1 159 39 91 21.52
1 0 0 0 0 0 0 45 79 13.74
91.43 86.73 83.81 82.78 87.9 98.84 117.11 125.34 108.78 88.51 71.02 45.93 20.04 14.23 18.34 54.56 71.68 93.82 110.93 185.7 211.45 125.19 107.2 101.25 100.92 94.61 88.0 86.13 89.8 102.21 110.84 109.58 98.05 88.57 69.64 43.23 25.21 20.77 28.79 42.92 65.47 95.33 120.11 155.37 165.78 115.95 104.24 98.22 97.51 92.93 87.44 85.52 89.59 98.68 109.06 109.55 102.58 87.69 76.37 66.19 48.56 35.0 41.89 72.39 80.69 103.73 114.26 136.15 133.62 116.14 105.02 98.95 97.02 88.8 86.23 89.28 90.52 107.21 114.02 115.32 106.73 99.11 88.1 80.09 71.8 70.01 69.62 78.23 84.22 102.03 113.4 129.68 132.91 112.93 103.96 94.17 88.33 80.75 77.23 75.91 75.56 86.3 104.74 106.3 102.09 91.08 72.35 41.5 14.85 4.4 0.7 4.73 45.3 72.22 94.17 105.08 112.82 107.45 103.02 94.37 95.33 89.32 87.61 85.05 85.35 85.46 86.59 86.77 83.29 60.4 13.71 3.32 1.34 0.07 0.17 3.52 12.59 75.36 97.69 109.0 120.28 120.32 111.16 105.24 100.5 95.12 94.2 91.87 90.91 90.8 90.0 84.9 48.37 2.64 -0.01 -0.07 -1.98 -7.45 -7.4 -0.1 0.0 65.46 100.87 110.4 117.21 114.32 107.5 100.52 95.28 87.03 83.48 81.78 82.6 101.79 114.33 123.39 108.88 91.97 70.01 35.02 10.0 5.93 6.78 25.2 59.45 88.12 111.51 157.12 227.31 137.47 115.04 105.15 105.52 101.05 97.8 96.22 98.05 105.41 123.03 122.7 106.64 90.0 73.77 62.72 42.78 26.28 38.05 73.05 89.43 106.86 130.67 193.46 185.66 124.99 109.69 99.37 98.91 90.23 86.76 87.9 90.91 98.72 110.37 115.52 113.64 101.63 83.54 81.08 65.36 51.78 51.32 76.84 85.94 106.04 133.45 218.26 217.95 127.79 113.63 103.57 97.15 92.01 87.98 87.74 91.23 98.38 120.86 136.33 123.46 83.31 71.7 61.79 57.78 53.81 63.61 70.11 92.15 126.1 155.84 188.26 150.6 122.93 106.89 91.59 85.16 84.97 84.76 83.9 86.29 94.5 113.29 119.52 117.86 109.01 87.94 84.87 73.31 57.53 62.83 77.05 88.78 109.37 131.23 156.02 141.73 120.69 100.29 89.96 93.16 87.41 83.92 81.51 84.54 89.28 94.58 97.44 89.43 80.04 37.19 5.23 0.0 0.0 0.0 3.11 30.83 92.49 111.22 126.86 131.73 119.52 104.87 89.63 87.32 77.52 69.3 65.77 62.57 66.75 67.33 64.06 22.3 5.28 0.0 -0.01 -0.1 -0.98 -0.61 0.0 26.37 82.74 118.77 137.67 134.23 115.33 103.42 91.67
