160 5
1 34 32 27 32
1 0 0 0 0 0 3 1 2 3 0 57 9.01
5 0 0 0 7 0 3 4 13 27 1 48 11.93
4 0 0 0 0 2 3 5 6 7 1 60 7.92
2 0 0 8 3 0 3 13 16 24 1 52 10.13
7 0 0 4 0 0 3 5 8 12 6 65 7.28
1 1 0 0 0 0 3 14 16 26 13 49 8.59
8 0 2 8 0 1 3 9 10 21 5 54 11.2
10 0 0 0 3 8 3 15 18 19 5 70 11.97
7 0 0 0 0 7 3 11 18 21 13 57 8.4
4 0 5 0 9 0 3 12 17 18 13 72 11.73
8 0 0 0 6 8 2 11 13 13 52 8.41
10 0 0 3 0 7 3 14 16 17 21 72 10.96
5 0 0 0 4 0 2 14 22 17 75 9.63
2 1 0 0 0 0 2 20 28 21 65 8.68
5 0 9 0 0 0 3 19 23 29 31 90 10.56
9 0 0 0 0 8 3 20 21 27 15 63 6.25
1 0 0 5 2 6 1 19 31 68 7.34
7 1 0 0 0 0 3 20 22 23 31 79 7.4
6 0 9 1 7 4 2 23 26 20 76 6.52
3 1 0 0 0 0 2 25 30 36 87 7.34
1 1 0 0 0 0 1 26 38 67 9.68
9 1 0 0 0 0 3 22 25 29 24 78 8.19
8 1 0 0 0 0 1 24 38 84 8.72
9 0 1 3 0 0 2 24 25 38 86 10.86
9 0 0 0 10 0 1 28 47 98 9.66
10 0 0 9 8 3 1 28 47 89 6.64
9 0 9 5 1 6 1 30 39 89 10.98
5 0 0 2 0 0 2 29 30 24 60 6.35
6 0 0 2 5 7 1 31 57 100 8.4
10 0 0 0 10 10 1 31 36 87 7.02
6 0 0 6 0 5 1 31 48 107 6.21
1 0 0 0 0 0 0 63 111 8.17
1 0 0 0 0 0 3 33 34 35 0 59 11.32
7 0 2 0 2 1 3 40 47 49 1 59 7.1
10 0 0 7 0 7 3 36 37 39 1 65 6.19
1 0 8 1 0 10 3 38 43 47 1 46 10.72
1 0 6 2 4 10 3 42 49 52 11 50 7.31
7 0 4 3 6 1 3 41 44 51 11 76 7.18
3 0 10 6 0 9 3 41 42 45 2 68 12.01
2 0 4 8 3 1 2 42 59 11 54 11.63
8 0 5 8 6 0 2 45 50 8 66 10.22
4 0 5 6 2 0 3 46 48 57 18 78 9.27
1 0 0 8 9 0 3 55 60 62 13 70 10.75
4 0 3 5 1 4 3 46 48 53 2 38 6.94
8 0 0 3 1 8 3 45 47 50 18 56 9.82
2 1 0 0 0 0 3 46 56 61 26 78 11.99
4 1 0 0 0 0 1 54 28 79 6.18
10 0 9 7 6 10 2 48 52 26 73 11.79
5 0 5 0 6 1 3 54 55 58 36 87 6.3
1 0 4 0 2 0 2 53 54 12 65 12.03
4 1 0 0 0 0 3 56 57 58 26 81 11.67
4 0 3 10 3 4 1 52 18 79 6.65
7 1 0 0 0 0 3 53 56 58 36 94 6.66
2 1 0 0 0 0 3 55 57 62 43 87 11.87
4 0 9 10 7 0 1 59 41 88 6.46
8 0 0 1 1 2 1 61 45 105 11.48
9 0 0 9 0 1 1 59 43 98 7.49
1 0 6 8 3 0 1 61 45 84 10.11
8 0 0 9 9 3 2 60 62 43 90 9.58
10 0 10 4 4 6 1 60 52 105 8.18
6 0 0 6 0 0 1 63 62 103 11.82
6 0 8 5 0 10 1 63 53 108 7.29
7 0 0 2 0 10 1 63 51 109 6.22
1 0 0 0 0 0 0 68 105 8.32
1 0 0 0 0 0 3 65 66 67 0 36 6.77
4 0 3 3 5 9 3 68 88 89 1 68 10.01
2 0 3 6 5 2 3 72 80 82 1 46 7.21
6 0 1 1 10 6 3 69 70 71 1 58 10.66
1 0 2 4 1 2 3 74 79 84 5 60 6.92
3 0 8 6 1 2 3 73 75 88 7 68 8.22
2 0 6 2 1 8 3 75 77 85 7 70 11.8
7 0 6 5 3 1 3 74 83 88 7 58 11.64
6 0 8 8 10 2 1 87 3 66 9.17
3 0 10 8 4 9 2 79 82 10 58 7.85
2 0 4 1 9 7 3 77 78 90 14 71 6.59
7 0 10 8 1 10 2 76 93 10 77 10.69
5 1 0 0 0 0 2 79 87 17 73 10.55
9 0 1 1 3 3 1 91 16 56 11.51
10 0 2 8 9 8 1 80 16 68 6.81
2 1 0 0 0 0 2 90 92 22 59 6.66
5 1 0 0 0 0 3 81 92 94 26 73 9.17
3 1 0 0 0 0 1 86 31 88 6.29
5 0 5 3 7 5 2 83 89 13 59 11.53
4 1 0 0 0 0 1 84 18 53 11.19
4 0 2 7 2 2 2 85 86 22 68 9.08
7 1 0 0 0 0 1 91 26 83 7.45
5 0 6 10 3 5 1 93 34 92 9.69
3 0 2 5 6 1 1 89 22 81 11.26
6 1 0 0 0 0 1 93 14 80 10.97
6 0 2 2 2 5 2 91 92 25 79 10.49
6 0 5 2 8 1 1 94 24 72 7.03
7 0 6 7 5 5 1 94 33 96 10.03
10 0 8 8 5 2 1 95 31 90 9.75
6 0 5 10 3 8 1 95 39 75 11.55
9 0 10 9 9 5 1 95 40 83 12.05
1 0 0 0 0 0 0 49 79 10.03
1 0 0 0 0 0 3 97 98 99 0 58 10.02
2 0 2 5 8 7 3 101 111 112 1 49 7.58
8 0 4 8 1 6 3 100 107 118 1 70 7.2
1 0 9 9 5 9 3 106 108 117 1 48 10.99
10 0 1 2 5 6 3 102 103 104 9 52 9.26
10 0 7 10 1 7 1 120 3 56 7.01
1 1 0 0 0 0 3 109 122 124 19 52 10.35
4 1 0 0 0 0 1 105 19 81 6.44
3 1 0 0 0 0 1 110 19 59 12.0
8 1 0 0 0 0 2 113 116 23 61 7.23
6 0 3 8 6 6 1 111 2 65 12.09
8 0 5 3 6 9 2 112 113 9 65 10.38
6 0 10 6 1 8 1 124 2 56 6.44
7 1 0 0 0 0 3 110 115 117 20 79 9.0
5 1 0 0 0 0 1 112 27 66 7.76
4 0 5 1 4 9 1 114 8 62 6.07
7 0 3 9 8 3 1 119 32 76 10.14
7 0 10 5 5 7 1 122 31 87 6.77
8 0 8 8 6 10 1 121 12 79 9.66
1 0 8 2 4 4 1 116 27 75 11.81
10 0 6 9 2 6 1 125 31 88 8.14
3 0 9 6 5 4 1 119 27 60 11.98
2 0 1 2 7 1 1 120 9 65 11.3
3 0 9 9 2 2 1 120 39 71 7.12
8 0 3 1 4 10 1 126 42 104 7.29
4 1 0 0 0 0 2 124 126 20 71 7.59
4 0 3 10 2 5 1 123 38 92 6.15
1 0 4 1 2 4 1 125 42 72 10.23
8 0 4 5 4 1 1 127 24 64 8.81
2 0 1 4 8 3 1 127 43 99 10.32
2 0 8 8 6 6 1 127 50 102 8.73
1 0 0 0 0 0 0 52 86 6.91
1 0 0 0 0 0 3 129 130 131 0 49 10.54
9 0 0 0 0 6 3 133 135 139 1 72 10.45
3 0 0 1 0 0 3 132 145 149 1 58 10.2
8 0 6 0 0 0 3 134 136 141 1 54 7.91
3 0 0 0 0 1 3 135 138 152 4 58 10.62
5 0 0 6 0 0 1 143 10 53 8.89
5 0 0 0 0 4 3 137 138 145 9 57 11.38
5 0 0 0 0 9 2 141 156 10 65 10.75
7 0 0 10 0 0 3 137 143 145 9 51 8.08
3 0 0 2 0 0 3 140 146 147 16 76 7.27
8 0 0 0 0 10 3 142 144 147 14 73 8.86
9 0 3 0 0 0 3 141 143 144 10 63 9.69
9 0 0 0 0 4 3 142 144 153 19 70 8.63
6 0 8 0 0 0 1 157 19 73 8.79
10 0 0 0 0 6 2 148 150 28 74 9.84
3 1 0 0 0 0 3 146 147 152 19 67 11.76
1 1 0 0 0 0 3 148 150 155 28 71 10.26
3 1 0 0 0 0 3 148 152 154 16 70 7.36
8 1 0 0 0 0 2 154 158 22 81 9.28
9 0 0 0 0 2 2 151 154 22 69 9.18
9 0 0 0 6 0 1 151 38 100 8.62
3 0 0 10 0 0 3 150 151 153 4 58 10.99
8 0 0 0 0 4 1 158 38 77 10.16
2 0 0 10 0 0 3 156 157 158 47 83 12.05
10 1 0 0 0 0 1 153 22 90 6.45
1 0 4 0 0 0 2 155 157 32 71 11.26
1 1 0 0 0 0 1 155 31 86 10.69
3 0 0 0 2 0 1 156 33 67 9.73
5 0 0 2 0 0 1 159 49 106 8.66
6 0 9 0 0 0 1 159 49 104 8.08
4 0 9 0 0 0 1 159 49 104 10.9
1 0 0 0 0 0 0 55 86 11.2
86.34 80.16 74.08 73.81 83.09 90.84 116.06 128.76 123.45 101.53 90.34 86.37 85.01 88.04 92.41 94.1 104.92 113.59 90.44 87.21 86.79 72.56 64.49 57.21 23.51 68.08 71.0 68.45 31.47 59.42 94.45 110.34 109.02 84.11 72.1 64.3 61.98 76.85 90.08 120.43 148.24 149.62 102.69 112.21 112.51 93.16 90.57 80.16 73.33 72.09 74.63 73.77 77.27 87.2 109.3 112.02 109.42 93.57 82.45 77.56 76.6 85.3 100.25 119.47 129.47 138.88 116.78 102.38 96.06 90.98 80.63 81.97 96.26 93.73 94.32 93.75 95.3 93.73 113.63 125.0 118.45 94.61 86.35 84.67 84.73 88.01 100.36 124.88 132.04 139.58 127.88 117.47 109.96 97.55 95.31 89.12 91.23 90.2 91.15 91.62 92.61 95.29 106.92 127.4 126.75 109.28 94.8 91.11 90.06 93.66 103.2 129.48 162.81 180.69 143.5 127.94 115.99 104.5 97.8 91.6 96.4 97.37 95.01 95.52 96.93 95.46 95.84 104.56 106.98 104.52 102.34 96.81 95.03 95.8 102.86 120.18 126.42 137.03 136.12 131.43 124.16 114.51 107.18 97.57 97.2 95.56 93.98 92.33 92.88 92.81 90.83 90.53 99.2 99.02 98.67 99.09 99.57 100.38 102.04 106.86 120.23 129.59 128.25 125.21 117.22 105.66 100.48 92.81 89.95 88.43 89.7 89.26 88.94 94.95 119.33 146.14 159.38 145.3 132.48 120.88 110.86 120.58 137.43 153.89 165.89 157.81 144.49 129.01 123.13 105.74 102.95 93.79 87.51 85.51 82.05 82.54 83.13 88.06 92.52 118.12 119.09 110.91 95.63 90.82 89.43 92.95 105.63 125.09 142.73 140.36 127.67 122.91 113.64 107.62 103.19 89.79 81.44 80.8 78.5 78.66 83.81 96.05 120.15 138.24 119.79 93.36 80.26 71.56 72.73 83.45 99.32 129.27 137.0 119.75 110.32 96.72 92.76 79.49 79.26 72.4 35.11 27.61 25.35 23.94 41.2 74.33 115.0 123.57 103.63 81.97 79.99 74.33 79.88 81.97 81.97 110.0 124.05 123.04 124.55 125.6 127.65 119.7 113.93 106.61 101.49 98.6 97.64 93.54 95.33 98.1 121.14 140.79 138.99 124.06 115.27 108.94 104.49 110.68 124.01 135.35 140.0 135.31 133.78 128.97 119.4 107.27 107.4 90.73 76.27 80.77 79.71 79.67 77.57 75.43 86.01 95.46 94.84 94.35 96.51 95.0 93.69 99.57 109.28 123.4 120.73 124.74 124.2 117.81 114.66 105.3 104.16 97.98 93.09 96.19 94.81 92.32 87.87 90.89 88.66 96.05 100.62 103.44 101.64 104.81
