160 5
1 43 40 44 37
1 0 0 0 0 0 3 1 2 3 0 41 5.74
1 0 0 0 0 10 3 4 5 11 1 69 8.39
7 0 0 0 3 0 2 6 16 1 52 5.4
9 0 6 0 0 0 3 7 14 24 1 53 9.34
6 0 0 0 0 7 1 7 2 64 9.11
8 0 7 0 0 0 1 17 2 60 7.61
7 0 0 7 0 0 3 9 15 26 8 72 8.0
9 0 0 5 0 0 3 8 10 12 10 61 5.64
10 1 0 0 0 0 2 25 28 19 75 5.93
8 1 0 0 0 0 1 12 15 79 9.66
4 1 0 0 0 0 3 17 20 29 19 58 5.65
8 0 0 0 3 0 2 13 23 2 55 9.73
9 0 0 0 10 0 1 19 23 76 9.76
8 0 0 0 0 10 1 18 10 60 8.91
3 0 7 0 0 0 1 17 10 52 10.19
4 0 0 0 0 1 3 20 21 22 15 64 5.22
1 0 0 0 0 9 1 30 8 47 7.08
8 1 0 0 0 0 1 18 23 87 6.45
1 0 0 8 0 0 1 21 31 76 10.13
10 0 3 0 0 0 1 29 32 93 8.74
9 1 0 0 0 0 1 30 23 76 8.22
6 0 0 0 8 0 1 27 32 82 5.26
3 0 0 0 9 0 1 30 19 85 9.48
9 0 0 0 0 8 1 27 10 51 9.71
4 0 0 0 0 9 1 27 10 49 6.23
8 0 0 0 2 0 1 29 29 82 5.41
1 1 0 0 0 0 1 28 15 53 9.11
2 0 0 5 0 0 1 28 38 77 6.17
4 0 0 1 0 0 1 31 40 98 8.02
5 0 0 0 0 7 1 31 42 103 10.09
8 0 10 0 0 0 1 31 32 70 6.73
1 0 0 0 0 0 0 47 101 8.66
1 0 0 0 0 0 3 33 34 35 0 46 10.22
7 0 3 10 4 4 3 36 46 52 1 63 5.68
10 0 5 8 9 8 3 38 39 45 1 74 8.42
2 0 4 4 3 9 3 42 45 55 1 46 5.26
6 0 7 5 9 10 3 37 40 41 8 67 8.11
8 0 4 7 3 4 3 39 44 61 14 81 9.45
1 0 2 6 9 7 3 44 46 52 11 59 7.26
8 1 0 0 0 0 2 47 49 22 61 9.95
1 0 10 4 8 3 3 42 47 51 14 57 8.36
7 0 10 10 3 1 3 43 49 50 14 74 6.1
4 0 4 1 4 5 3 48 54 57 15 59 9.0
6 1 0 0 0 0 3 44 45 53 21 69 6.66
4 0 7 7 8 10 2 47 62 27 84 9.21
9 0 7 9 8 8 3 54 58 60 27 78 5.82
10 0 8 1 3 9 3 49 50 51 12 79 9.6
1 1 0 0 0 0 1 48 31 63 8.8
7 0 10 2 8 5 1 60 32 75 8.54
8 0 6 3 3 8 3 55 56 57 30 85 6.24
6 1 0 0 0 0 3 53 58 59 22 61 10.39
2 1 0 0 0 0 2 56 59 22 63 7.59
5 0 6 5 9 1 3 53 54 58 12 76 5.34
6 1 0 0 0 0 3 55 56 57 28 65 7.72
2 0 2 10 8 4 1 59 36 91 9.55
2 0 10 10 7 7 1 60 38 78 10.12
6 0 6 7 9 5 1 62 38 102 7.61
9 0 8 6 4 7 1 62 38 95 7.84
4 0 7 5 7 7 1 61 36 76 8.04
10 0 2 10 9 4 1 61 38 85 5.36
3 0 7 9 6 6 1 63 40 85 6.45
5 0 10 4 6 4 1 63 48 107 9.42
8 0 9 4 4 9 1 63 47 86 7.36
1 0 0 0 0 0 0 55 110 8.47
1 0 0 0 0 0 3 65 66 67 0 60 9.43
6 0 10 10 4 0 2 86 92 1 68 9.52
6 0 9 3 0 0 3 73 76 89 1 44 5.49
9 0 1 0 2 2 3 68 69 70 1 73 10.1
1 0 1 0 8 6 3 81 83 87 10 75 7.52
5 0 0 9 5 4 3 74 77 86 10 62 9.75
10 0 0 9 6 0 3 71 72 80 10 60 5.76
2 1 0 0 0 0 2 75 83 20 62 10.11
6 0 2 0 4 10 1 79 20 88 10.01
7 0 3 5 0 2 3 75 78 80 7 74 9.88
1 0 0 4 8 0 1 78 15 79 8.81
6 1 0 0 0 0 1 84 22 70 6.31
1 0 8 3 5 5 1 85 7 45 9.32
10 0 0 3 9 9 2 82 90 15 72 9.1
8 1 0 0 0 0 2 82 83 16 83 5.83
5 0 0 9 10 0 2 84 88 26 72 6.83
7 1 0 0 0 0 2 84 90 20 62 6.74
9 0 7 6 7 0 1 82 11 72 8.41
5 1 0 0 0 0 3 85 91 94 25 70 8.95
10 0 2 3 4 7 2 91 93 24 89 9.56
3 0 0 8 0 3 3 85 86 91 31 65 9.62
5 0 1 1 5 3 1 93 34 98 10.25
2 0 7 6 7 8 1 94 34 92 9.69
4 0 0 8 5 8 1 89 11 58 8.51
8 0 0 4 6 4 3 89 90 93 31 79 8.12
2 0 1 0 7 3 1 94 39 80 7.58
2 0 6 0 7 4 1 92 39 73 7.84
6 0 10 8 10 1 1 92 34 83 7.4
2 0 0 7 4 3 1 95 41 72 6.37
10 0 6 8 1 6 1 95 39 102 10.04
9 0 0 4 0 2 1 95 41 100 5.29
1 0 0 0 0 0 0 50 90 9.16
1 0 0 0 0 0 3 97 98 99 0 64 5.95
3 0 8 0 0 9 3 102 103 106 1 57 5.94
7 0 3 0 1 9 3 100 104 115 1 70 6.42
6 0 10 7 6 9 3 108 110 111 1 58 9.15
4 0 7 6 8 10 3 101 108 109 8 59 9.14
6 0 10 4 7 0 2 107 117 12 78 8.05
7 0 6 6 0 9 1 118 4 43 6.89
9 0 0 8 3 7 2 105 120 4 63 10.09
9 0 2 2 10 4 2 108 109 8 64 6.69
3 0 1 9 3 8 3 114 116 126 13 50 9.27
7 0 5 7 9 6 2 113 119 4 54 5.65
8 0 0 0 2 10 1 112 18 84 7.7
1 0 1 10 10 4 3 114 116 118 17 58 10.16
5 0 1 7 4 1 2 118 119 17 84 6.21
5 0 10 1 0 6 3 112 117 125 7 76 7.62
5 0 5 6 7 6 2 114 123 7 50 6.54
10 1 0 0 0 0 1 113 26 79 6.72
5 1 0 0 0 0 1 120 36 91 9.28
1 1 0 0 0 0 1 124 18 50 7.7
10 0 0 5 0 1 3 122 123 125 8 76 8.73
2 0 4 0 6 8 3 117 122 125 18 69 8.27
7 0 3 4 0 0 1 124 20 75 6.2
8 0 5 5 9 0 1 121 22 76 6.02
4 0 10 3 9 0 1 126 22 65 10.34
4 0 1 5 0 10 2 121 122 41 91 5.73
9 0 0 8 0 4 1 123 45 95 7.92
8 0 9 4 0 0 1 124 45 85 10.32
5 0 1 6 0 3 1 126 54 107 6.66
10 0 0 3 0 2 1 127 53 117 6.4
4 1 0 0 0 0 1 127 20 78 5.32
1 0 5 6 6 0 1 127 59 97 8.52
1 0 0 0 0 0 0 63 94 7.29
1 0 0 0 0 0 3 129 130 131 0 34 6.39
8 0 10 9 4 7 3 135 148 156 1 52 9.65
8 0 9 5 9 9 3 132 133 147 1 46 7.07
5 0 8 10 8 1 3 135 136 145 1 53 8.99
2 0 8 5 3 10 1 134 9 65 6.75
6 0 10 2 8 6 2 140 141 9 61 8.8
10 0 7 1 9 5 2 137 143 11 67 7.99
8 1 0 0 0 0 3 139 152 153 9 62 10.07
6 0 10 3 8 7 1 138 6 59 8.72
5 0 2 5 10 5 3 139 142 144 21 65 9.21
3 0 2 10 6 7 2 146 151 12 70 8.55
6 0 6 2 2 7 1 155 26 71 7.05
7 0 9 2 3 3 3 142 146 154 15 78 6.39
3 0 5 6 3 4 3 142 151 154 15 61 9.17
10 1 0 0 0 0 2 148 155 26 89 7.13
10 1 0 0 0 0 2 146 150 21 80 10.12
10 1 0 0 0 0 1 149 26 80 8.05
3 1 0 0 0 0 2 147 151 6 44 6.46
1 1 0 0 0 0 1 148 31 91 9.46
5 0 2 2 9 2 2 150 158 9 53 5.57
9 0 1 1 1 3 3 152 153 158 36 94 5.9
7 0 9 5 7 8 3 150 154 156 36 78 9.73
2 0 8 2 2 1 1 157 43 91 5.78
5 0 2 2 5 5 1 156 18 60 7.59
7 0 7 10 3 10 1 157 45 90 5.44
8 0 1 10 7 4 1 157 45 91 7.49
9 0 9 10 7 7 1 155 43 107 6.97
8 0 3 6 7 10 1 158 52 90 6.42
9 0 6 9 10 2 1 159 43 96 8.01
1 0 5 9 7 3 1 159 53 89 8.72
6 0 2 8 6 10 1 159 60 100 7.16
1 0 0 0 0 0 0 66 117 8.88
100.07 100.19 101.28 100.05 98.59 105.06 143.27 177.22 195.13 151.52 128.07 109.03 102.26 103.22 107.0 129.08 141.43 160.36 173.38 163.48 141.65 122.45 114.56 92.76 101.33 97.21 94.54 89.46 93.57 97.62 118.08 140.55 141.89 136.35 128.37 125.0 118.99 112.54 114.76 134.84 137.68 142.71 151.7 153.81 133.45 119.31 114.1 102.78 99.07 94.56 89.49 86.19 87.32 95.33 124.14 150.33 152.87 141.18 129.93 124.91 117.68 115.57 123.44 138.54 145.27 151.88 155.18 158.75 139.46 126.42 120.06 112.8 90.0 90.53 88.37 87.56 90.22 100.0 122.55 138.17 146.71 149.0 146.37 140.0 131.11 120.09 119.6 122.12 131.83 142.61 151.57 149.41 135.13 120.7 117.06 104.85 104.56 97.15 93.8 92.63 95.05 102.11 127.46 146.07 154.8 152.7 143.81 135.65 121.95 114.48 108.56 114.95 129.88 134.01 143.76 143.63 125.4 102.7 97.69 93.7 84.6 68.61 64.59 55.0 59.98 67.76 66.19 93.53 98.43 97.56 87.01 69.75 68.0 65.56 70.74 84.31 110.04 137.55 147.32 124.41 102.3 92.22 81.8 51.81 35.26 22.31 7.94 7.03 6.56 6.68 6.91 19.41 16.35 7.75 7.47 6.89 6.93 5.82 7.45 14.08 36.22 70.79 77.53 78.46 77.4 65.74 57.52 53.53 100.07 100.19 101.28 100.05 98.59 105.06 143.27 177.22 195.13 151.52 128.07 109.03 102.26 103.22 107.0 129.08 141.43 160.36 173.38 163.48 141.65 122.45 114.56 92.76 101.33 97.21 94.54 89.46 93.57 97.62 118.08 140.55 141.89 136.35 128.37 125.0 118.99 112.54 114.76 134.84 137.68 142.71 151.7 153.81 133.45 119.31 114.1 102.78 99.07 94.56 89.49 86.19 87.32 95.33 124.14 150.33 152.87 141.18 129.93 124.91 117.68 115.57 123.44 138.54 145.27 151.88 155.18 158.75 139.46 126.42 120.06 112.8 90.0 90.53 88.37 87.56 90.22 100.0 122.55 138.17 146.71 149.0 146.37 140.0 131.11 120.09 119.6 122.12 131.83 142.61 151.57 149.41 135.13 120.7 117.06 104.85 104.56 97.15 93.8 92.63 95.05 102.11 127.46 146.07 154.8 152.7 143.81 135.65 121.95 114.48 108.56 114.95 129.88 134.01 143.76 143.63 125.4 102.7 97.69 93.7 84.6 68.61 64.59 55.0 59.98 67.76 66.19 93.53 98.43 97.56 87.01 69.75 68.0 65.56 70.74 84.31 110.04 137.55 147.32 124.41 102.3 92.22 81.8 51.81 35.26 22.31 7.94 7.03 6.56 6.68 6.91 19.41 16.35 7.75 7.47 6.89 6.93 5.82 7.45 14.08 36.22 70.79 77.53 78.46 77.4 65.74 57.52 53.53 100.07 100.19
