160 5
1 24 20 24 30
1 0 0 0 0 0 3 1 2 3 0 34 12.76
7 0 0 0 4 4 3 5 9 11 1 51 13.22
4 0 5 2 0 0 2 7 19 1 36 8.95
4 0 4 3 0 0 3 4 10 12 1 46 12.58
9 0 8 0 0 2 3 6 15 17 5 43 7.71
7 0 2 10 0 9 3 14 16 21 8 50 13.52
6 0 3 0 2 7 3 8 18 28 14 48 11.37
1 0 2 0 0 4 3 9 13 30 5 37 12.63
8 0 0 0 2 0 1 16 20 54 7.11
3 0 0 8 0 2 2 28 29 8 56 11.42
8 0 0 0 8 5 1 23 5 45 9.43
1 0 7 6 0 9 3 14 21 24 8 48 8.49
10 0 0 0 1 7 1 19 5 45 10.07
6 0 0 0 0 5 2 16 22 6 39 12.24
4 1 0 0 0 0 3 17 18 28 15 41 13.63
9 0 5 0 8 8 3 18 21 24 14 54 10.27
8 0 9 0 2 0 1 27 28 66 8.5
2 0 4 2 0 0 1 25 19 65 10.34
5 1 0 0 0 0 3 23 25 30 23 56 13.05
1 0 0 0 0 10 3 20 22 30 15 51 12.81
3 0 2 7 0 0 1 27 16 57 8.77
1 1 0 0 0 0 1 22 23 65 12.96
3 1 0 0 0 0 1 23 24 64 12.74
7 0 5 0 0 0 1 26 28 59 12.59
5 0 2 3 0 4 1 25 23 70 13.75
6 0 0 10 6 0 1 26 28 61 13.55
3 0 0 0 10 0 1 27 35 71 9.7
7 0 2 0 0 2 1 29 38 77 7.15
2 1 0 0 0 0 1 31 20 59 7.92
4 0 7 0 2 0 1 31 45 79 11.54
3 1 0 0 0 0 1 31 28 72 10.78
1 0 0 0 0 0 0 49 82 8.35
1 0 0 0 0 0 3 33 34 35 0 47 7.95
4 0 0 0 9 0 1 50 1 48 11.91
1 0 8 2 0 0 3 38 39 45 1 32 10.07
1 0 6 2 0 0 3 36 40 56 1 27 11.59
8 0 0 0 4 0 2 37 45 2 37 11.77
4 0 0 4 1 0 3 43 48 54 10 46 12.59
8 0 0 8 3 9 1 53 2 44 8.24
7 0 9 0 10 0 3 41 56 62 2 43 12.94
10 0 2 0 2 8 1 60 2 39 12.14
9 0 0 9 0 0 2 42 44 9 46 8.56
3 0 0 0 6 0 1 55 18 62 10.27
10 0 6 0 0 8 1 47 14 68 7.39
8 0 0 10 0 0 3 46 50 58 18 50 10.39
5 0 0 0 10 0 1 49 10 46 9.91
8 1 0 0 0 0 1 57 26 74 7.96
1 0 10 7 9 5 1 59 24 69 9.75
4 0 1 0 8 10 1 59 14 54 8.52
9 1 0 0 0 0 1 51 15 50 13.01
8 1 0 0 0 0 2 52 57 26 68 11.42
7 0 10 6 9 4 2 53 55 24 69 12.35
8 0 0 0 5 0 2 54 55 34 82 9.16
4 0 6 0 1 0 1 62 31 67 9.52
10 0 5 0 10 0 1 61 42 76 9.13
3 0 0 10 6 3 1 60 42 84 11.32
2 1 0 0 0 0 1 59 9 38 8.68
4 1 0 0 0 0 1 60 34 78 8.87
6 0 9 0 0 0 1 61 26 75 12.74
7 0 0 0 3 7 1 61 25 62 7.35
3 0 0 1 6 0 1 63 45 77 11.96
2 0 0 0 3 5 1 63 52 73 7.37
10 0 2 10 0 8 1 63 35 73 13.64
1 0 0 0 0 0 0 54 84 9.98
1 0 0 0 0 0 3 65 66 67 0 37 9.33
4 0 6 0 3 0 1 68 1 35 7.37
3 0 5 8 5 9 3 70 79 86 1 48 9.19
7 0 0 10 9 1 3 70 73 74 1 39 11.71
3 0 0 9 0 0 3 69 71 76 5 52 11.21
9 0 9 3 9 7 3 72 77 86 8 46 8.77
7 0 7 0 9 8 2 83 87 8 50 8.67
7 0 0 2 4 7 2 78 84 8 56 7.98
8 0 8 0 1 8 3 79 87 94 17 47 13.43
9 0 8 1 5 7 3 81 84 87 8 51 10.31
7 0 6 2 10 1 3 75 88 90 8 38 12.22
3 0 0 3 6 0 1 80 15 45 11.37
6 0 7 1 0 3 1 78 8 42 10.23
2 0 4 0 4 0 2 80 92 17 47 8.95
6 1 0 0 0 0 2 83 85 15 58 8.17
4 0 3 0 2 0 2 90 91 25 50 11.31
10 1 0 0 0 0 2 81 84 19 57 9.55
1 1 0 0 0 0 3 82 83 91 29 60 7.1
4 0 0 9 9 5 1 85 30 66 10.0
9 0 6 7 7 6 1 89 30 65 13.45
1 0 8 4 0 8 1 91 29 72 13.6
2 0 1 5 8 10 1 89 34 74 10.82
9 0 8 0 7 4 1 88 17 58 8.75
1 0 3 6 7 8 2 90 93 25 59 12.94
2 1 0 0 0 0 3 89 92 93 26 70 13.26
3 0 7 2 9 8 1 94 39 66 8.48
1 0 0 7 0 9 1 92 29 66 12.92
2 0 7 10 10 2 1 93 30 53 8.43
3 0 0 3 0 0 1 95 30 70 7.17
6 0 5 6 7 0 1 95 32 62 7.84
8 0 10 0 6 10 1 95 42 83 13.2
1 0 0 0 0 0 0 50 74 10.63
1 0 0 0 0 0 3 97 98 99 0 25 9.7
8 0 4 0 3 8 1 100 1 45 12.37
2 0 7 0 6 0 3 100 105 108 1 50 8.81
9 0 7 0 7 4 3 106 107 108 1 44 12.21
1 0 0 4 0 8 3 101 102 103 9 45 12.12
5 0 0 10 0 0 3 104 115 119 10 47 7.65
2 0 3 0 4 0 2 104 109 10 57 9.89
2 0 0 8 0 0 1 114 10 50 8.68
6 1 0 0 0 0 3 117 122 126 15 43 7.62
4 0 0 3 5 1 2 109 111 3 32 11.14
10 0 4 0 0 6 1 126 10 52 7.26
7 0 7 0 0 0 1 113 10 47 9.15
7 0 7 0 4 0 3 110 116 125 10 48 7.6
2 0 0 10 2 0 3 112 121 123 12 42 11.41
9 1 0 0 0 0 2 111 114 17 53 9.18
3 0 7 0 0 10 1 120 26 60 10.96
8 0 0 0 6 6 1 117 14 67 7.9
7 1 0 0 0 0 3 117 120 121 17 51 11.65
4 0 9 10 9 0 3 118 119 120 26 73 9.31
6 1 0 0 0 0 2 118 125 15 50 11.87
9 0 0 10 4 0 2 118 119 17 50 11.85
7 0 3 0 0 0 2 124 125 24 63 8.38
4 0 1 3 0 2 1 122 30 70 11.13
2 0 0 7 8 6 2 121 126 30 64 12.78
4 0 0 0 0 4 1 122 30 74 11.63
6 0 4 0 2 7 1 124 32 63 9.2
4 0 10 4 0 0 1 123 34 78 7.77
2 0 3 0 7 0 1 124 38 81 11.05
3 0 1 9 0 0 1 127 40 71 7.91
7 0 8 2 0 0 1 127 31 78 12.02
2 0 5 0 0 1 1 127 32 55 10.28
1 0 0 0 0 0 0 43 78 12.28
1 0 0 0 0 0 3 129 130 131 0 50 8.29
1 0 0 0 0 10 3 134 142 147 1 40 12.69
6 0 0 0 0 7 2 136 151 1 43 9.63
8 0 0 0 0 4 3 132 137 138 1 56 12.77
1 0 0 0 0 7 3 133 135 143 9 41 9.62
3 0 0 0 8 0 1 144 10 38 13.16
5 0 0 0 0 7 1 139 2 49 11.83
6 0 0 0 0 5 3 144 146 154 10 44 8.57
8 0 0 4 0 0 1 149 7 61 10.03
7 0 3 0 0 0 3 140 141 149 9 44 12.48
5 0 8 0 0 0 2 148 150 9 38 8.33
6 0 0 0 0 10 2 153 157 7 40 11.76
8 0 0 4 0 0 2 142 156 16 47 10.89
5 0 10 0 0 0 2 143 145 16 54 9.91
6 0 0 0 8 0 1 146 24 56 13.93
5 0 7 0 0 0 1 155 21 68 9.93
10 0 0 10 0 0 1 147 16 59 9.92
4 1 0 0 0 0 1 156 21 62 11.61
3 0 0 0 5 0 1 150 30 74 10.03
6 1 0 0 0 0 1 153 26 71 8.95
1 0 0 4 0 0 1 156 14 56 8.86
3 1 0 0 0 0 1 152 16 55 10.7
7 0 0 0 0 7 1 153 33 77 13.89
10 0 0 0 0 9 1 152 7 46 12.23
5 0 0 0 2 0 1 157 19 46 8.45
3 0 0 0 0 10 1 158 40 64 12.44
1 0 3 0 0 0 1 158 16 46 12.24
4 0 0 0 2 0 1 157 26 68 11.97
1 1 0 0 0 0 1 159 25 59 7.07
10 0 0 0 0 4 1 159 30 72 8.65
5 0 3 0 0 0 1 159 43 78 9.84
1 0 0 0 0 0 0 48 71 9.38
104.25 91.34 85.14 84.83 83.22 90.46 110.96 123.49 107.05 82.66 61.96 80.01 80.01 79.64 76.29 79.0 132.03 97.04 93.33 118.49 186.12 189.94 125.79 102.56 103.51 96.61 94.3 93.81 94.71 102.51 118.0 106.38 97.67 70.74 4.58 2.29 1.56 -1.01 -0.09 4.57 27.76 91.21 105.02 139.17 245.0 241.38 136.65 115.77 112.91 106.55 101.4 95.46 96.68 102.89 111.77 114.56 110.18 77.31 22.24 1.17 1.31 1.53 2.87 28.39 28.64 92.72 115.17 138.07 182.43 175.18 132.98 114.59 112.67 106.42 104.65 99.43 99.97 96.21 100.22 89.25 87.48 19.39 0.44 5.61 -12.0 0.44 -29.99 5.36 12.66 160.08 83.36 118.96 132.0 137.25 126.69 105.61 109.34 104.57 104.26 105.37 104.69 109.29 120.56 117.15 104.91 73.23 17.61 4.35 -0.46 -1.15 -0.21 2.49 32.24 93.45 110.58 136.54 202.88 179.61 137.05 121.38 118.78 110.48 108.15 106.86 108.99 104.38 100.71 90.74 75.93 23.4 -0.07 -2.37 -15.91 -29.21 -23.56 -3.17 0.11 64.11 106.3 129.53 157.3 165.82 140.65 118.68 108.61 101.05 96.91 92.65 90.34 88.49 72.75 26.44 0.0 -0.09 -11.11 -37.5 -64.11 -91.87 -75.14 -36.95 -6.08 7.89 107.72 119.23 137.2 137.11 126.42 101.63 88.81 92.21 69.54 66.9 79.78 94.61 130.46 109.44 91.87 51.48 38.02 50.01 84.3 110.22 100.41 142.84 166.99 139.0 250.0 196.34 152.6 125.0 103.11 84.39 103.63 102.38 99.68 95.61 79.55 108.35 125.43 118.18 111.65 120.75 46.91 55.34 74.14 76.35 68.17 54.37 100.0 120.99 135.0 101.96 138.44 120.24 165.03 130.94 82.97 74.81 73.34 72.05 73.82 80.55 105.72 112.01 98.44 72.08 25.74 15.77 27.37 26.51 57.69 66.84 74.29 89.11 113.92 149.24 198.96 240.25 170.94 124.57 119.95 108.09 103.39 99.91 100.02 104.51 120.14 121.01
