192 5
1 45 32 46 34
1 0 0 0 0 0 3 1 2 3 0 69 30.45
9 0 0 0 2 0 3 8 9 24 1 94 30.76
2 0 0 0 0 1 3 4 5 7 1 52 28.4
4 0 0 0 1 0 3 6 7 8 1 65 43.62
5 0 0 0 0 3 3 10 12 13 3 69 36.39
9 0 0 0 1 0 3 8 9 21 3 92 26.5
7 0 0 0 9 0 3 11 12 14 5 74 26.59
9 0 1 0 0 0 3 18 19 25 5 74 24.48
3 0 4 0 0 0 2 11 13 12 77 32.86
10 0 0 0 0 9 2 18 30 12 106 30.17
3 0 0 1 0 0 3 11 14 15 8 82 26.15
8 1 0 0 0 0 2 26 29 15 78 35.48
1 0 2 0 0 0 3 16 21 30 12 103 27.8
8 1 0 0 0 0 3 20 22 25 15 110 30.95
6 0 0 0 10 0 3 19 20 25 12 73 42.76
5 0 0 3 0 0 2 16 17 11 74 32.03
3 0 0 0 7 0 3 18 22 24 16 102 27.19
5 0 0 8 0 0 1 19 16 83 30.36
7 1 0 0 0 0 2 20 29 22 79 28.76
8 1 0 0 0 0 2 21 22 21 116 36.08
10 0 0 0 5 0 1 26 29 101 44.95
8 1 0 0 0 0 2 23 24 29 125 35.7
1 0 0 8 0 0 2 23 28 29 83 43.68
2 0 0 0 1 0 1 27 37 100 35.62
9 0 0 0 1 0 2 26 27 37 98 29.01
6 1 0 0 0 0 3 27 28 30 23 83 34.43
9 0 9 0 0 0 1 28 46 113 33.27
3 0 0 0 9 0 1 29 46 104 38.03
4 0 0 0 0 8 1 31 55 119 40.83
10 0 0 10 0 0 1 31 49 131 42.67
6 0 2 0 0 0 1 31 29 88 46.87
1 0 0 0 0 0 0 59 109 33.59
1 0 0 0 0 0 3 33 34 35 0 71 47.0
10 0 0 5 0 0 3 36 40 61 1 91 28.87
6 0 0 10 0 0 3 37 39 43 1 80 27.21
8 0 0 0 0 1 2 44 54 1 87 43.17
6 0 0 2 0 0 1 48 11 96 27.66
5 1 0 0 0 0 3 38 46 48 7 96 28.1
9 1 0 0 0 0 1 41 12 111 36.21
1 1 0 0 0 0 1 55 7 69 37.22
6 0 6 0 0 0 3 42 47 50 11 102 42.43
6 0 0 2 0 0 1 60 21 105 30.34
6 0 0 8 0 0 2 53 56 17 81 43.59
1 1 0 0 0 0 2 45 49 7 87 27.17
4 0 2 0 0 0 1 58 9 61 37.46
1 1 0 0 0 0 1 58 8 57 42.49
7 1 0 0 0 0 1 57 12 69 24.36
8 0 0 0 0 10 3 49 52 55 17 95 46.82
4 1 0 0 0 0 1 53 17 76 42.6
3 1 0 0 0 0 1 51 25 104 30.27
3 1 0 0 0 0 2 51 60 17 73 30.96
2 1 0 0 0 0 1 59 28 87 27.15
1 0 2 0 0 0 1 53 25 110 37.76
3 1 0 0 0 0 2 57 59 26 100 27.7
6 0 0 0 1 0 1 55 9 62 28.85
10 0 0 0 0 3 1 59 25 80 39.65
1 0 0 0 0 4 1 62 23 76 35.71
4 1 0 0 0 0 1 62 29 84 36.41
6 0 0 0 0 7 1 60 13 102 36.98
6 0 0 2 0 0 1 62 35 123 48.1
3 0 0 0 10 0 1 63 27 96 36.94
4 0 0 0 0 9 1 63 11 67 34.7
8 0 1 0 0 0 1 63 41 121 29.07
1 0 0 0 0 0 0 49 95 39.29
1 0 0 0 0 0 3 65 66 67 0 80 43.3
2 0 3 4 7 1 1 74 1 68 42.2
8 0 0 0 0 3 2 69 71 1 60 28.53
8 0 7 8 0 3 2 68 70 1 60 37.87
10 0 6 1 7 0 1 90 9 85 31.24
8 0 4 7 4 0 3 76 77 79 9 89 45.99
7 0 9 1 4 4 1 71 9 100 35.59
7 0 4 0 7 4 3 72 77 79 16 107 24.6
1 1 0 0 0 0 2 73 75 23 89 27.37
9 1 0 0 0 0 3 78 82 87 24 106 41.75
7 0 7 7 4 7 1 86 3 86 25.54
7 1 0 0 0 0 2 84 85 24 94 29.71
9 0 0 1 1 0 3 83 87 93 17 84 43.68
5 1 0 0 0 0 1 80 23 106 37.75
5 0 2 0 7 5 2 80 91 33 109 46.64
1 1 0 0 0 0 1 81 23 79 37.86
9 0 10 1 10 7 1 88 38 97 44.33
3 1 0 0 0 0 1 84 24 100 43.03
10 0 6 0 1 3 1 89 33 104 30.92
9 1 0 0 0 0 1 88 26 91 44.45
3 1 0 0 0 0 2 90 94 31 114 28.31
6 1 0 0 0 0 2 86 90 31 98 42.13
10 0 5 2 5 6 1 94 37 99 42.06
8 0 9 0 6 10 1 89 33 112 34.86
10 0 0 10 0 0 1 94 47 116 35.3
4 0 3 3 0 0 1 91 43 99 40.64
1 0 8 2 4 2 1 92 37 83 29.81
1 0 2 5 10 7 1 92 47 96 40.85
9 0 4 2 9 8 1 95 48 142 35.83
10 0 0 1 4 4 1 95 26 98 31.42
4 0 7 1 8 1 1 95 57 111 42.82
1 0 0 0 0 0 0 61 135 46.23
1 0 0 0 0 0 3 97 98 99 0 66 42.15
9 0 4 0 7 2 3 101 103 105 1 64 26.44
9 0 0 6 9 0 3 107 115 124 1 74 35.03
2 0 8 7 8 0 3 100 105 118 1 52 47.35
5 0 4 5 2 10 3 102 104 113 3 97 25.63
9 0 6 1 0 3 3 102 108 110 10 87 48.29
5 0 3 10 7 10 3 109 117 121 19 89 46.37
10 0 0 10 1 7 3 104 106 108 10 91 28.2
9 1 0 0 0 0 3 112 121 122 20 120 28.17
1 1 0 0 0 0 3 107 111 114 10 95 38.27
2 0 0 10 1 2 3 110 115 122 20 83 37.46
9 1 0 0 0 0 2 109 112 11 105 41.66
6 0 10 6 0 2 3 112 114 116 20 99 43.85
5 0 8 0 0 0 2 119 125 24 118 39.48
4 0 9 10 10 8 3 113 114 118 22 98 42.92
2 1 0 0 0 0 3 116 122 126 11 81 39.73
10 1 0 0 0 0 2 117 125 29 124 40.51
5 0 7 7 6 2 3 121 123 126 26 85 36.23
9 1 0 0 0 0 3 117 120 123 26 112 31.14
2 1 0 0 0 0 2 116 118 22 114 26.86
4 0 8 10 1 0 1 120 26 87 34.38
7 0 5 9 10 2 1 119 39 116 32.77
3 0 1 9 4 0 2 119 120 26 85 43.07
4 0 2 9 6 5 1 126 46 107 33.33
2 0 0 0 8 10 1 125 35 90 43.39
9 0 6 4 0 0 1 124 31 92 39.22
6 1 0 0 0 0 1 123 29 97 39.12
9 0 9 0 1 3 1 124 35 125 47.45
8 0 5 6 0 9 1 127 44 116 32.38
8 0 0 10 7 0 1 127 39 133 37.41
10 0 9 0 10 3 1 127 50 120 39.5
1 0 0 0 0 0 0 60 139 44.54
1 0 0 0 0 0 3 129 130 131 0 61 35.38
4 0 4 8 7 10 3 133 134 136 1 60 36.75
9 0 8 3 8 10 3 135 137 140 1 68 45.51
5 0 2 9 1 8 2 132 133 1 70 38.0
9 0 3 3 9 3 3 134 136 157 6 106 29.42
7 0 8 8 5 7 2 144 155 6 66 41.9
8 0 4 8 9 1 3 141 145 146 15 89 41.47
10 0 4 1 10 10 1 152 10 96 30.31
8 0 5 7 4 10 2 138 139 15 103 37.2
9 0 8 4 8 6 2 138 139 10 79 29.5
2 1 0 0 0 0 2 143 151 23 117 40.8
8 1 0 0 0 0 1 153 23 92 39.59
6 0 3 6 2 6 1 147 10 93 47.76
6 0 10 9 8 2 2 142 143 23 106 33.59
1 1 0 0 0 0 2 148 149 29 115 30.55
1 1 0 0 0 0 3 147 148 152 29 108 44.75
9 0 2 6 7 1 3 146 148 157 13 107 28.36
10 0 10 10 9 7 3 147 149 151 23 95 25.91
7 0 8 2 9 7 1 153 23 84 37.86
7 0 5 8 2 5 1 155 33 106 42.31
2 1 0 0 0 0 2 156 158 30 88 42.17
1 1 0 0 0 0 2 150 153 33 108 35.55
2 1 0 0 0 0 1 154 34 92 37.31
9 0 5 7 9 9 2 152 155 33 98 25.84
3 0 10 3 3 7 1 154 42 124 30.09
2 1 0 0 0 0 1 154 34 85 26.04
9 0 8 5 3 1 2 156 158 45 140 42.86
10 0 3 7 3 5 1 158 42 97 37.67
8 0 4 4 9 9 1 159 54 123 28.19
5 1 0 0 0 0 1 159 22 76 39.19
5 0 5 9 2 2 1 159 54 120 36.05
1 0 0 0 0 0 0 62 127 42.92
1 0 0 0 0 0 3 161 162 163 0 70 24.74
5 0 6 0 6 3 3 165 167 183 1 64 26.04
4 0 0 10 0 1 3 170 173 176 1 88 24.78
10 0 0 0 7 1 3 164 166 168 1 96 46.11
10 0 0 1 6 7 3 170 173 176 11 87 30.23
2 0 0 3 6 6 2 177 181 6 57 30.04
3 0 9 10 1 3 3 174 181 187 11 77 24.68
9 0 6 10 1 0 3 169 170 174 6 91 34.3
9 0 5 0 7 5 3 175 183 189 11 67 38.57
3 0 9 1 5 4 3 171 173 184 15 78 41.53
9 1 0 0 0 0 3 177 178 184 21 106 37.12
2 0 9 0 1 9 3 172 178 185 18 72 40.5
10 1 0 0 0 0 3 175 180 189 20 86 42.01
2 1 0 0 0 0 2 180 182 21 93 38.4
4 0 3 5 0 3 3 179 180 185 15 90 27.98
1 1 0 0 0 0 2 177 179 30 118 38.48
4 0 0 8 0 0 3 178 181 183 21 71 44.54
7 0 2 3 0 9 2 182 190 31 112 38.44
1 1 0 0 0 0 3 179 182 186 30 90 40.72
7 0 3 1 9 0 1 188 31 127 41.31
6 0 5 0 2 1 1 190 30 83 42.31
2 1 0 0 0 0 3 184 185 188 25 118 34.65
8 0 4 0 0 8 1 187 38 96 39.48
7 0 10 0 8 6 1 187 25 121 30.99
2 1 0 0 0 0 2 186 190 30 96 44.18
1 1 0 0 0 0 1 186 27 81 39.75
10 0 8 2 7 0 1 189 32 88 47.8
1 0 9 2 9 9 1 188 46 95 29.75
10 0 3 2 1 8 1 191 47 136 28.34
10 0 0 1 4 8 1 191 42 104 30.06
3 0 0 4 9 6 1 191 38 100 42.56
1 0 0 0 0 0 0 57 108 39.03
119.56 114.07 111.4 107.72 107.31 115.58 153.71 173.8 181.36 163.18 141.45 121.23 125.33 124.09 136.91 152.78 140.3 126.84 125.09 140.0 120.0 109.21 131.31 88.52 78.92 86.98 135.0 105.01 88.55 99.0 145.0 194.13 169.7 143.69 116.05 104.85 107.55 117.2 130.96 135.7 145.75 143.93 145.0 156.88 156.01 137.8 141.47 128.2 129.26 127.91 126.82 126.59 128.74 128.87 141.3 173.11 180.0 174.92 168.75 168.43 157.95 159.23 141.48 150.0 160.1 162.69 181.66 183.99 152.14 144.99 139.78 133.0 132.38 140.12 150.74 144.49 146.91 133.16 135.3 270.7 251.77 222.64 205.6 185.9 176.9 184.44 190.0 211.71 200.21 207.33 205.5 196.52 176.36 162.92 153.12 139.32 139.65 137.01 131.66 131.43 130.78 140.09 163.63 224.86 261.75 214.52 180.61 163.74 150.06 149.42 157.07 172.21 196.88 292.25 288.53 224.61 183.55 163.6 153.0 140.03 135.66 130.69 120.25 118.7 118.97 120.87 134.52 149.23 150.53 137.05 124.59 118.36 112.39 110.01 116.42 129.59 145.64 164.02 175.23 161.46 141.16 116.37 130.3 120.32 134.11 128.9 123.57 119.9 119.57 119.84 118.05 124.47 123.77 125.75 131.48 128.92 127.85 121.36 123.67 127.33 139.52 170.0 172.12 168.8 155.51 134.93 132.06 131.51 125.9 121.06 120.34 125.94 129.5 126.7 157.39 208.25 209.79 171.3 139.67 116.94 113.24 106.55 118.11 135.02 173.29 225.32 271.52 216.5 179.08 151.4 131.21 122.95 134.75 126.4 127.5 114.54 110.45 108.19 135.32 186.2 193.8 141.92 117.27 98.81 79.06 84.62 98.35 104.87 190.7 189.76 176.77 165.0 142.03 141.9 119.58 103.61 94.31 93.84 96.91 95.24 102.66 141.4 155.0 180.26 166.37 128.76 109.88 92.9 90.14 91.8 92.23 107.41 147.49 161.25 159.24 160.76 141.4 109.61 103.4 91.8 114.41 118.13 130.0 113.87 113.59 130.0 148.54 140.0 129.45 114.24 104.15 94.18 97.41 93.06 100.4 97.28 114.1 139.8 156.19 150.71 147.34 121.67 118.79 90.0 73.45 70.72 73.03 72.42 81.11 120.0 125.17 165.34 150.72 131.26 104.33 87.37 79.1 77.95 91.97 87.88 165.72 148.62 154.5 152.0 163.87 82.7 82.9 97.94 71.48 71.73 71.92 71.65 72.29 80.0 113.21 123.18 115.0 70.93 58.53 57.76 54.57 56.75 68.09 73.31 82.0 115.0 99.24 95.0 105.0 100.0 75.3 71.54 77.95 67.63 72.42 69.74 72.51 72.53 92.28 102.91 112.52 100.63 85.49 88.98 72.5 72.48 85.6 106.6 127.71 145.54 152.08 135.33 136.61 117.64 130.0 103.81 78.91 105.0 73.83 73.2 73.2 77.5 104.0 181.78 196.24 124.4 182.35 110.0 105.0 82.1 73.13 77.53 83.93 120.0 120.0 119.4 100.33 87.23 94.06 95.42 74.35 89.16 81.26 82.35 86.45 90.09 123.16 146.91 170.88 154.68 141.5 127.78 125.97 127.61 136.49 150.81 158.69 189.96 216.32 174.62 149.42 137.98 127.44 109.8 123.78 121.07 117.85 117.07 117.62 115.58 144.3 175.0 177.8 159.79 143.14 130.76 120.54 120.65 126.59 130.93 141.79 156.15 162.62 155.0 136.33 107.16 117.43 109.34 97.31 103.81 101.94 100.5 100.94 105.09 126.64 155.0 156.28 140.42 129.19 103.97 103.06 115.06 117.36 133.27 155.0 168.49 171.94 161.29 148.41 136.82 123.12 114.89 114.33 110.54 109.38 107.0 112.32 111.63 132.78 148.2 161.92 146.35 128.5 116.72 109.73 109.04 111.82 125.87 131.65 147.66 151.31 149.37 135.47 128.58 125.88 118.52 128.39 120.52 117.16 112.5 110.0 114.77 120.42 136.23 139.21 138.43 126.03 113.04 102.8 98.25 101.07 111.95 122.91 137.13 148.67 142.21 133.83 127.36 123.65 119.92 123.5 105.19 98.19 90.69 90.74 89.89
