192 5
1 40 30 25 25
1 0 0 0 0 0 3 1 2 3 0 78 14.46
1 0 6 1 0 9 1 8 1 51 19.64
7 0 2 2 8 7 3 5 17 22 1 67 12.39
6 0 0 0 4 10 2 4 11 1 48 12.21
7 0 9 4 3 4 3 7 9 10 7 79 13.88
4 0 0 0 1 8 1 6 8 71 9.99
10 0 0 1 2 2 2 11 29 12 85 19.03
4 0 7 2 4 5 3 14 19 27 14 99 12.42
6 0 1 1 5 3 2 10 12 2 74 17.14
9 0 0 8 1 5 3 12 15 19 14 82 17.44
6 0 5 1 1 4 2 13 21 14 65 14.53
9 1 0 0 0 0 1 24 22 86 11.1
4 0 3 0 5 2 3 13 16 18 23 86 19.04
8 1 0 0 0 0 3 17 26 28 27 88 11.4
7 0 5 2 0 3 2 17 21 18 78 16.2
3 1 0 0 0 0 3 16 24 25 23 71 19.15
2 1 0 0 0 0 2 20 23 27 106 11.21
8 0 8 1 9 1 1 29 35 103 14.8
1 0 0 6 4 0 3 20 23 24 27 101 13.58
1 0 2 1 6 3 1 30 23 87 11.28
8 1 0 0 0 0 1 28 29 96 16.56
6 0 0 1 10 6 2 22 25 25 89 17.21
4 1 0 0 0 0 2 23 26 31 82 14.88
6 0 8 6 5 1 1 29 35 82 18.26
2 0 10 0 9 0 2 27 30 31 89 18.23
9 1 0 0 0 0 1 26 31 87 14.62
6 0 10 0 0 4 1 30 40 99 14.74
10 0 5 0 0 0 1 28 33 85 13.1
8 0 9 3 8 0 1 31 43 120 15.2
7 0 0 10 9 0 1 31 43 124 12.69
4 0 5 8 8 1 1 31 46 117 19.42
1 0 0 0 0 0 0 51 115 14.08
1 0 0 0 0 0 3 33 34 35 0 81 10.93
6 0 5 7 7 2 3 36 39 45 1 86 10.8
8 0 6 9 5 6 2 37 43 1 51 11.2
5 0 7 10 5 9 1 52 1 69 13.87
9 0 9 9 10 9 3 38 46 54 7 80 17.8
7 0 9 8 4 5 2 40 53 9 84 11.9
8 0 7 9 2 5 2 41 49 16 96 13.79
10 0 4 9 2 9 2 49 51 7 92 16.62
6 0 7 9 10 1 1 42 16 63 19.39
1 0 9 2 2 6 3 48 57 58 24 85 16.06
10 1 0 0 0 0 1 44 22 96 16.28
6 0 4 7 9 6 1 56 9 85 15.25
3 1 0 0 0 0 2 47 56 32 88 14.78
6 0 2 5 6 3 1 47 7 66 18.44
8 0 2 4 1 10 2 50 55 16 83 17.54
2 0 4 4 1 8 1 59 35 113 18.47
8 1 0 0 0 0 1 52 25 72 19.12
6 0 6 7 3 7 2 55 59 24 81 11.12
9 1 0 0 0 0 1 53 24 99 16.89
6 1 0 0 0 0 1 60 17 97 13.86
9 0 1 8 5 5 1 61 33 110 13.37
10 0 4 3 4 4 2 61 62 33 107 11.95
3 1 0 0 0 0 1 56 16 94 13.33
4 0 4 9 8 1 2 58 62 30 73 18.41
10 0 8 2 1 7 1 58 35 112 13.38
4 1 0 0 0 0 1 59 25 78 16.56
9 0 9 9 10 8 1 60 45 124 13.5
9 0 5 8 6 9 1 62 37 92 18.13
3 0 4 9 8 2 1 63 54 104 15.75
9 0 5 7 7 9 1 63 43 107 17.57
1 0 9 7 3 3 1 63 46 116 16.86
1 0 0 0 0 0 0 57 109 12.61
1 0 0 0 0 0 3 65 66 67 0 55 16.87
4 0 4 8 0 0 3 68 70 79 1 53 15.04
1 0 5 0 0 5 2 69 77 1 56 16.26
5 0 4 0 0 3 2 71 90 1 75 13.83
9 0 0 3 0 3 3 78 81 93 5 92 18.93
10 0 0 4 3 0 3 73 74 89 2 67 11.86
6 0 9 0 2 2 1 84 5 54 9.83
1 0 0 4 0 0 3 72 74 92 6 68 10.01
9 0 9 5 0 0 2 82 85 7 83 13.6
2 0 0 10 7 0 1 80 12 72 15.2
8 0 0 0 7 3 3 75 76 83 12 94 14.49
8 1 0 0 0 0 1 82 20 82 13.54
8 1 0 0 0 0 1 85 20 94 12.14
2 0 4 10 0 7 1 85 2 49 19.19
2 0 8 0 3 0 3 83 88 91 14 89 13.58
10 0 3 2 4 5 1 91 5 89 19.28
8 0 7 5 0 0 1 93 14 88 16.96
10 0 10 3 0 0 1 86 14 80 11.92
2 1 0 0 0 0 1 88 28 81 12.94
10 0 0 0 2 7 1 94 20 104 14.43
5 0 3 0 5 0 1 87 11 93 16.3
3 0 2 2 0 9 1 88 28 97 10.42
6 1 0 0 0 0 1 87 24 93 15.54
5 0 2 5 0 4 1 89 30 97 15.54
10 0 0 0 0 2 1 94 31 85 18.74
10 0 5 6 0 10 1 94 35 116 9.87
8 0 0 5 0 0 1 91 6 89 15.53
10 0 0 5 0 0 1 92 16 99 10.22
2 1 0 0 0 0 1 95 26 85 10.62
10 1 0 0 0 0 1 95 22 71 17.16
3 0 3 0 5 0 1 95 45 108 18.44
1 0 0 0 0 0 0 48 104 17.53
1 0 0 0 0 0 3 97 98 99 0 79 19.6
5 0 2 2 3 4 3 102 104 108 1 78 9.95
10 0 4 6 1 9 2 105 109 1 69 16.0
5 0 10 4 1 3 3 100 101 106 1 86 13.12
2 0 1 6 6 1 3 105 114 119 6 60 10.69
3 0 9 4 9 1 3 104 108 116 6 63 15.82
3 0 7 3 3 4 3 103 109 110 6 58 11.05
3 1 0 0 0 0 3 113 115 126 9 91 13.67
5 0 1 10 8 5 3 112 115 117 9 66 11.2
8 0 8 9 5 8 3 118 122 123 11 95 10.25
2 0 9 10 2 1 3 107 110 115 6 91 11.94
3 0 8 5 1 3 3 111 114 121 8 83 16.5
9 0 1 3 2 8 3 109 110 113 9 84 15.35
9 0 1 1 9 3 3 117 119 126 18 71 17.2
6 0 10 9 10 6 2 112 121 18 97 16.57
3 0 3 6 7 2 3 113 116 117 11 69 13.52
5 0 10 2 2 8 3 114 119 123 24 85 16.82
5 0 9 5 5 4 2 120 125 18 65 10.99
1 1 0 0 0 0 2 118 124 29 77 13.99
2 1 0 0 0 0 3 121 122 123 14 96 12.6
6 1 0 0 0 0 1 118 14 83 12.58
9 1 0 0 0 0 1 120 27 79 18.07
9 0 6 4 7 9 1 126 30 94 16.22
4 1 0 0 0 0 2 120 125 29 104 13.76
7 0 6 7 6 3 1 122 36 111 15.43
6 0 4 10 5 8 1 124 24 100 16.33
10 0 10 3 10 1 1 124 43 104 15.54
10 0 1 3 7 1 1 125 29 107 17.79
4 0 8 5 1 1 1 127 53 95 17.18
7 0 9 1 3 10 1 127 39 119 16.67
6 0 5 7 5 10 1 127 39 82 15.01
1 0 0 0 0 0 0 57 123 15.9
1 0 0 0 0 0 3 129 130 131 0 80 10.05
9 0 0 10 4 8 3 133 134 137 1 81 11.47
3 0 7 3 3 4 1 133 1 49 14.37
1 0 10 7 5 10 3 132 136 147 1 45 18.33
7 0 4 0 0 9 3 133 135 141 2 67 17.16
7 0 6 10 0 3 1 138 10 69 12.52
4 0 10 6 2 5 3 139 140 146 10 90 18.27
3 0 5 4 10 3 1 144 9 67 18.04
9 1 0 0 0 0 3 139 154 157 2 90 11.93
1 0 6 2 10 2 2 149 157 10 75 13.38
2 0 5 10 0 10 1 152 17 100 18.0
2 0 2 7 7 0 2 153 155 14 59 14.37
6 0 1 0 0 6 1 145 14 69 17.41
1 0 5 9 0 9 2 142 143 9 61 10.28
3 0 5 0 6 1 1 152 10 89 15.6
6 0 1 6 7 0 1 157 10 95 13.18
6 1 0 0 0 0 1 153 12 59 14.64
9 1 0 0 0 0 1 148 20 100 19.07
4 0 0 3 0 5 1 147 14 58 15.45
3 0 0 0 0 10 2 150 156 18 82 15.17
10 0 3 8 8 2 1 149 29 92 16.78
6 0 10 7 4 1 2 151 158 39 86 18.48
3 1 0 0 0 0 1 152 21 84 13.99
4 0 8 10 0 0 1 153 45 95 15.69
8 0 2 0 8 1 1 154 24 104 16.51
1 0 0 9 5 9 1 156 49 115 18.37
6 0 9 7 10 6 1 155 32 100 16.09
7 0 7 0 0 1 1 158 38 92 17.01
4 0 7 1 0 4 1 159 50 107 18.97
3 0 7 6 0 1 1 159 16 59 17.88
1 0 7 9 5 0 1 159 45 110 10.96
1 0 0 0 0 0 0 54 92 10.35
1 0 0 0 0 0 3 161 162 163 0 65 15.54
5 0 3 0 0 0 3 166 169 175 1 55 14.76
2 0 0 9 0 0 3 164 171 175 1 86 17.72
5 0 0 1 0 0 3 164 165 167 1 73 11.58
6 0 0 7 0 0 3 169 183 189 6 74 16.63
7 0 0 0 1 0 3 170 172 174 6 85 17.77
8 0 0 0 0 2 3 171 172 177 6 89 13.47
1 0 0 0 0 9 3 168 172 182 6 90 14.78
7 0 0 1 0 0 3 171 177 179 7 73 13.36
5 0 0 0 0 2 1 180 12 58 18.05
6 0 0 0 5 0 3 173 175 177 13 71 11.54
9 0 0 0 0 3 2 178 184 14 95 18.66
5 0 0 0 0 10 1 179 14 64 15.53
10 1 0 0 0 0 1 180 19 85 17.19
8 0 10 0 0 0 3 179 185 186 13 70 14.55
5 0 2 0 0 0 3 176 181 183 19 85 10.25
7 1 0 0 0 0 3 178 180 184 24 89 19.43
2 0 0 8 0 0 3 178 181 183 19 78 12.7
8 0 10 0 0 0 3 186 187 189 31 112 10.05
2 1 0 0 0 0 2 181 189 21 85 16.22
4 1 0 0 0 0 1 182 31 87 12.03
5 1 0 0 0 0 2 187 190 24 82 10.73
8 0 8 0 0 0 2 185 188 35 117 18.53
7 0 0 6 0 0 1 184 24 82 19.26
7 1 0 0 0 0 3 185 186 187 31 102 18.01
3 0 0 4 0 0 1 190 43 92 14.64
5 0 0 4 0 0 2 188 190 39 97 15.02
1 0 5 0 0 0 1 188 39 88 10.73
5 0 0 0 10 0 1 191 44 116 15.99
3 0 0 6 0 0 1 191 39 112 14.0
10 0 6 0 0 0 1 191 46 96 13.4
1 0 0 0 0 0 0 56 94 12.72
74.89 70.06 38.09 41.5 74.3 80.24 229.52 262.77 179.0 139.31 99.15 95.78 129.35 105.39 131.67 150.0 165.0 145.0 130.0 165.0 145.44 116.26 130.0 88.67 79.25 80.38 81.28 80.57 84.17 101.8 122.89 133.83 146.8 132.61 125.2 120.56 118.25 121.75 125.94 135.95 146.66 152.24 141.76 133.9 118.07 94.05 100.5 86.66 86.54 84.95 81.03 79.81 84.95 95.93 119.06 133.72 144.22 133.53 108.03 91.41 85.6 86.04 92.91 115.15 119.94 140.72 150.0 145.35 135.08 123.06 115.19 100.21 97.39 97.02 96.22 97.37 96.94 111.24 141.97 153.11 160.3 151.64 132.75 123.25 113.85 113.3 129.8 153.72 161.45 178.92 174.84 161.29 150.56 134.48 126.66 120.2 120.0 117.35 114.01 114.01 116.58 121.01 154.37 159.87 163.7 154.82 130.1 126.2 120.06 121.19 119.89 151.47 168.59 184.56 184.48 178.99 162.66 152.7 152.38 134.97 139.56 131.39 125.78 119.17 119.22 120.86 127.18 144.74 153.46 142.44 128.4 120.08 110.29 103.4 113.7 129.91 155.04 168.01 167.41 162.98 156.6 145.24 141.73 131.74 133.26 126.91 122.99 120.66 122.34 123.41 128.09 135.9 137.3 137.7 130.04 129.33 122.24 111.88 116.65 128.89 153.14 165.25 172.32 173.95 165.5 155.77 148.44 133.24 129.54 126.63 124.72 120.04 123.24 127.77 159.18 207.88 243.23 178.04 149.95 126.16 117.27 115.52 124.31 147.32 169.51 214.64 200.73 201.1 167.74 153.0 144.21 135.81 132.4 125.54 123.18 123.99 123.25 127.63 155.37 191.13 211.99 163.31 136.53 126.71 117.55 113.18 120.09 138.47 170.43 178.26 175.0 171.02 152.85 131.0 130.77 123.05 115.2 110.86 110.27 109.09 115.43 122.5 147.67 168.12 180.81 159.33 133.5 121.97 117.02 119.5 128.85 144.12 160.36 177.15 189.9 189.63 170.0 155.42 143.7 133.68 133.67 129.8 125.95 125.0 125.01 134.5 154.93 180.09 219.08 178.95 160.22 150.88 145.88 142.97 139.07 150.09 171.17 176.63 169.12 162.12 135.15 123.54 131.27 121.95 126.05 112.7 108.82 105.0 114.14 127.75 178.61 181.71 164.98 150.47 134.44 117.05 113.52 118.79 122.32 151.3 133.7 132.92 136.89 132.27 111.54 87.65 98.8 100.0 83.39 86.49 86.39 88.13 89.69 90.99 88.95 93.24 112.24 97.54 94.55 86.74 85.4 87.56 92.77 118.0 136.88 144.46 160.47 160.33 155.17 149.0 143.56 135.53 135.0 127.75 124.07 119.3 116.81 117.0 117.0 133.43 136.77 120.94 113.7 109.1 87.08 98.01 109.9 120.4 138.0 142.93 155.76 150.6 144.55 142.16 143.0 128.54 119.56 114.07 111.4 107.72 107.31 115.58 153.71 173.8 181.36 163.18 141.45 121.23 125.33 124.09 136.91 152.78 140.3 126.84 125.09 140.0 120.0 109.21 131.31 88.52 78.92 86.98 135.0 105.01 88.55 99.0 145.0 194.13 169.7 143.69 116.05 104.85 107.55 117.2 130.96 135.7 145.75 143.93 145.0 156.88 156.01 137.8 141.47 128.2 129.26 127.91 126.82 126.59 128.74 128.87 141.3 173.11 180.0 174.92 168.75 168.43 157.95 159.23 141.48 150.0 160.1 162.69 181.66 183.99 152.14 144.99 139.78 133.0 132.38 140.12 150.74 144.49 146.91 133.16 135.3 270.7 251.77 222.64 205.6 185.9 176.9 184.44 190.0 211.71
