192 5
1 38 40 30 24
1 0 0 0 0 0 3 1 2 3 0 46 17.99
10 0 6 9 7 10 3 4 14 18 1 63 19.19
2 0 5 6 6 5 3 5 10 25 1 55 14.06
8 0 2 7 6 2 3 8 13 20 1 47 12.37
5 0 2 1 4 8 3 6 7 19 11 52 15.67
8 0 3 1 9 7 3 9 17 21 3 50 16.43
8 0 5 2 3 6 1 11 16 62 23.4
1 0 2 3 9 3 1 10 16 65 18.93
3 0 6 10 3 2 1 29 9 51 21.06
1 1 0 0 0 0 2 15 30 11 44 17.45
9 0 8 6 1 5 1 12 17 68 14.69
10 0 9 1 8 7 2 16 21 24 87 19.44
1 0 5 3 1 10 1 22 26 66 15.05
6 0 1 9 5 5 1 24 9 58 20.84
9 0 10 6 5 2 2 16 23 11 73 12.29
7 0 4 1 9 6 1 26 12 66 18.12
3 0 1 5 2 8 2 27 30 34 69 14.54
9 0 3 4 5 5 1 29 11 59 18.27
9 0 9 1 1 8 1 20 11 65 14.68
2 0 3 5 10 3 1 26 16 65 22.4
5 0 3 7 8 9 1 25 20 68 20.17
2 1 0 0 0 0 1 22 34 77 19.58
8 0 1 10 2 3 2 23 28 36 82 16.72
2 0 9 3 4 9 1 27 44 75 18.91
6 1 0 0 0 0 1 27 15 64 21.25
10 0 9 6 6 3 1 26 25 64 22.23
9 0 4 3 2 2 1 28 35 82 19.52
2 0 7 6 5 6 1 29 46 96 19.29
3 0 2 9 4 2 1 31 44 82 19.82
4 0 1 5 2 3 1 31 48 87 17.11
4 0 5 2 10 1 1 31 37 79 15.78
1 0 0 0 0 0 0 52 104 16.6
1 0 0 0 0 0 3 33 34 35 0 57 20.9
6 0 0 0 8 1 3 36 39 54 1 42 22.01
1 0 0 8 6 5 3 39 45 48 1 50 19.91
2 0 9 2 0 5 3 37 40 44 1 66 13.83
9 0 0 3 0 3 3 38 51 52 7 53 22.22
8 0 0 0 0 1 3 38 42 51 3 56 20.33
5 0 0 3 0 9 1 45 16 53 19.05
5 0 0 7 5 0 3 41 43 47 7 56 21.56
6 0 0 0 0 7 3 55 56 57 3 46 19.79
4 0 8 9 1 3 2 44 53 12 68 20.27
8 0 0 10 0 3 3 47 49 59 11 59 18.48
4 0 0 0 0 8 3 46 49 56 12 54 19.66
10 0 0 2 5 0 1 58 16 70 22.66
9 1 0 0 0 0 2 49 53 21 87 11.83
2 1 0 0 0 0 1 61 16 60 22.44
7 0 8 0 1 2 2 50 56 19 58 18.96
6 0 0 6 7 6 1 50 2 60 15.85
1 1 0 0 0 0 1 50 30 88 17.92
9 0 8 0 0 9 2 58 61 31 77 13.23
10 0 0 10 0 0 1 55 16 69 19.32
7 0 1 3 0 8 2 53 55 16 76 19.94
10 0 0 0 8 1 1 58 30 76 15.35
10 1 0 0 0 0 1 62 7 53 21.19
9 0 0 3 0 0 2 59 62 26 92 17.19
3 1 0 0 0 0 1 61 26 67 12.26
5 0 0 10 0 7 2 59 62 9 49 12.63
5 0 2 0 8 10 1 60 40 94 20.84
7 0 6 0 10 1 1 60 35 90 21.22
8 0 5 0 0 0 1 63 45 101 23.2
8 0 5 5 10 0 1 63 40 88 20.59
10 0 7 0 3 2 1 63 35 74 12.66
1 0 0 0 0 0 0 53 82 14.04
1 0 0 0 0 0 3 65 66 67 0 62 15.5
8 0 10 3 2 10 3 68 76 83 1 60 19.74
4 0 7 8 0 1 3 69 70 71 1 42 22.79
2 0 1 8 10 0 2 68 78 1 43 19.34
5 0 5 0 3 7 2 74 85 9 65 20.06
9 0 4 8 0 2 3 73 78 83 5 57 13.64
7 0 4 3 0 8 2 73 75 5 64 13.68
7 0 8 10 4 8 2 72 93 5 68 14.43
7 0 0 2 0 0 3 77 80 83 12 75 12.11
6 0 7 0 3 0 3 74 79 89 14 62 15.38
8 0 1 8 0 5 1 81 20 66 14.87
10 1 0 0 0 0 3 76 85 87 12 73 22.84
5 1 0 0 0 0 1 84 22 61 13.5
3 0 1 7 10 3 3 79 82 89 19 71 19.33
4 0 0 9 3 7 1 89 14 61 17.3
10 1 0 0 0 0 1 85 22 89 18.5
10 0 3 4 7 6 2 88 92 19 66 12.77
10 1 0 0 0 0 2 87 91 28 77 23.59
5 0 0 2 9 1 1 86 22 70 19.06
4 0 2 10 9 8 2 91 94 19 67 19.07
1 1 0 0 0 0 2 86 93 27 71 14.9
6 0 9 10 5 0 1 90 32 94 14.43
1 1 0 0 0 0 2 88 91 28 78 12.33
9 0 8 2 0 8 2 88 90 38 89 18.03
4 0 0 5 7 0 1 94 47 102 19.72
9 0 6 3 9 0 2 90 94 22 89 20.74
3 0 2 0 10 0 1 92 47 85 12.67
4 1 0 0 0 0 1 92 38 78 17.04
10 0 10 4 0 0 1 95 50 110 16.1
5 0 0 10 0 4 1 95 28 90 18.55
9 0 8 5 9 9 1 95 51 104 18.9
1 0 0 0 0 0 0 60 95 20.47
1 0 0 0 0 0 3 97 98 99 0 63 21.02
1 0 9 5 1 9 3 100 105 123 1 40 12.99
7 0 3 7 10 8 3 101 104 106 1 69 15.18
1 0 7 4 10 4 3 102 106 119 1 47 13.17
7 0 10 6 3 4 3 112 114 117 2 53 20.16
7 0 1 7 3 3 3 103 110 117 8 66 17.41
1 0 2 10 9 1 2 115 116 2 46 13.92
7 0 10 9 10 8 3 115 118 120 15 64 19.13
4 0 4 10 7 7 2 122 123 8 65 12.0
4 0 4 4 9 9 2 108 119 2 38 15.86
2 0 4 9 5 7 2 107 122 8 46 20.19
1 0 8 2 4 9 1 113 10 46 13.11
1 0 7 2 6 6 3 109 113 114 6 46 23.46
6 0 9 2 10 3 1 111 7 48 11.88
1 0 2 10 6 8 3 113 118 126 15 57 11.94
7 0 1 10 2 3 1 120 13 78 19.76
9 1 0 0 0 0 3 115 124 125 9 65 19.07
3 1 0 0 0 0 1 116 16 58 22.4
10 0 4 5 1 1 2 116 120 9 72 18.03
3 1 0 0 0 0 1 126 22 63 15.34
10 0 6 1 6 5 2 121 124 19 62 15.71
8 1 0 0 0 0 1 126 15 79 22.07
1 1 0 0 0 0 2 119 121 22 78 20.34
6 1 0 0 0 0 1 122 23 79 11.86
1 0 6 8 8 2 1 121 22 75 12.57
3 0 4 5 7 5 1 125 29 69 12.57
9 0 10 1 7 1 1 125 29 72 16.27
8 0 7 5 7 3 1 124 12 80 13.56
3 0 10 5 10 6 1 127 29 84 15.93
6 0 9 5 8 8 1 127 38 90 13.01
8 0 8 4 2 7 1 127 25 79 17.73
1 0 0 0 0 0 0 44 78 17.22
1 0 0 0 0 0 3 129 130 131 0 45 15.06
2 0 9 4 0 0 1 132 1 47 15.66
10 0 10 0 0 4 3 133 150 158 1 66 18.68
4 0 0 0 0 7 3 147 149 154 1 37 12.9
2 1 0 0 0 0 3 135 139 145 3 36 15.26
1 0 8 0 8 1 3 134 136 148 11 62 20.56
4 0 0 4 7 5 3 137 138 140 12 65 22.81
1 1 0 0 0 0 1 142 5 45 13.83
10 0 0 0 8 9 2 138 147 12 57 14.11
10 0 0 0 3 0 3 139 144 154 16 77 17.45
6 0 0 4 0 0 3 141 143 153 22 67 18.45
6 1 0 0 0 0 1 146 26 69 15.31
1 0 0 0 3 7 3 144 145 149 16 67 14.4
3 0 4 7 0 8 3 145 149 155 28 68 18.62
3 1 0 0 0 0 3 143 146 151 6 68 14.75
7 1 0 0 0 0 2 144 155 28 79 16.8
7 0 8 2 2 0 1 157 35 79 15.0
9 0 8 9 0 0 1 154 31 84 14.83
1 1 0 0 0 0 1 147 32 90 17.04
9 0 0 0 0 5 1 152 33 77 23.42
3 0 9 1 0 0 1 153 12 72 13.62
2 1 0 0 0 0 1 156 31 62 16.15
7 0 6 2 0 0 2 152 156 11 56 15.07
9 0 0 0 4 9 2 152 158 9 68 14.57
1 0 0 2 7 0 1 153 42 95 13.01
5 0 3 0 0 4 1 155 43 88 12.24
9 0 7 2 0 0 2 156 157 40 96 12.62
7 0 3 0 0 7 1 157 48 85 11.94
10 0 3 0 0 7 1 159 49 93 16.81
3 0 0 7 0 0 1 159 55 108 20.64
8 0 2 0 0 10 1 159 18 62 14.67
1 0 0 0 0 0 0 59 109 16.0
1 0 0 0 0 0 3 161 162 163 0 55 23.48
1 0 0 0 3 0 3 164 165 166 1 47 19.65
2 0 0 1 0 0 2 184 189 1 50 15.74
2 0 0 0 10 0 3 168 169 180 1 34 12.34
2 0 0 2 0 0 1 177 2 39 23.33
1 0 0 8 0 0 1 176 2 52 13.24
2 0 0 1 0 0 1 167 2 61 12.4
10 0 0 0 6 0 2 175 188 4 53 17.3
8 0 0 0 1 0 2 170 172 3 57 22.82
5 0 0 0 0 3 1 176 3 54 19.55
4 0 0 0 3 0 3 171 173 183 11 75 23.48
1 0 3 0 0 0 2 174 186 15 50 14.12
3 0 0 2 0 0 1 177 11 69 23.57
10 0 7 0 0 0 3 179 182 187 15 83 16.55
1 0 10 0 0 0 1 176 16 50 18.41
6 0 0 0 10 0 2 178 190 14 57 16.69
4 1 0 0 0 0 1 185 17 78 22.33
7 0 0 0 0 10 2 178 190 14 65 16.23
10 1 0 0 0 0 2 181 185 21 81 20.35
10 1 0 0 0 0 1 190 25 63 21.89
10 0 0 6 0 0 1 185 3 43 21.88
9 0 2 0 0 0 1 186 31 91 16.6
10 0 0 0 4 0 1 186 25 78 20.94
4 0 0 1 0 0 1 188 15 61 12.61
2 0 3 0 0 0 1 188 3 56 16.62
7 0 0 0 0 4 1 187 31 70 15.95
4 0 10 0 0 0 1 189 40 97 18.07
4 0 0 0 7 0 1 189 38 72 19.66
5 1 0 0 0 0 1 191 19 72 21.31
10 0 8 0 0 0 1 191 44 107 12.93
9 0 0 0 0 6 1 191 35 71 13.95
1 0 0 0 0 0 0 54 93 15.41
89.92 84.78 84.1 84.37 86.9 99.45 125.0 152.11 144.03 107.54 95.55 76.31 60.49 61.64 66.22 75.8 84.6 99.0 124.29 185.27 158.68 106.12 83.42 79.36 77.96 76.79 70.01 67.27 69.42 75.27 85.46 95.0 100.0 95.0 70.41 92.74 91.28 90.01 80.01 75.01 69.89 86.57 108.76 137.32 145.94 113.58 105.8 97.2 89.32 83.81 84.44 84.93 88.01 103.34 124.04 135.68 109.94 82.49 59.41 37.67 19.62 12.15 13.1 31.9 65.62 94.94 118.39 157.87 154.65 121.83 109.97 98.59 90.44 85.33 83.48 82.34 83.84 90.43 109.6 123.17 124.43 90.0 61.14 45.95 43.0 40.84 36.53 74.14 87.15 100.0 114.39 131.02 124.3 114.17 98.9 96.72 90.26 81.14 78.44 77.73 77.6 77.4 80.0 86.52 88.46 89.0 88.96 86.31 77.82 67.28 65.05 67.51 77.77 91.86 106.14 126.23 133.75 118.8 108.83 101.95 91.61 81.89 86.4 84.44 86.95 92.98 97.71 94.12 82.13 59.9 19.4 4.54 0.0 -2.72 -6.57 -0.78 0.2 66.51 105.94 130.84 149.1 130.44 111.58 99.44 101.48 96.74 97.58 98.3 98.66 103.07 103.5 86.91 63.7 5.8 -0.69 -30.5 -80.69 -84.89 -54.65 -7.53 0.0 68.65 107.04 116.77 142.51 133.91 121.69 110.95 107.96 98.59 95.84 95.98 98.32 98.32 95.72 89.98 79.86 55.56 18.77 9.09 -14.57 -22.49 -0.94 9.53 47.56 84.28 101.2 121.53 139.09 132.1 122.77 106.49 96.63 89.22 87.89 85.33 85.04 98.71 122.53 151.54 140.71 104.45 93.4 83.43 77.19 66.99 71.71 78.64 83.86 101.6 132.36 206.14 259.37 155.9 123.21 111.54 108.66 101.1 99.09 99.12 103.52 111.92 137.55 144.7 123.52 99.89 87.72 88.53 79.59 79.56 86.67 94.26 100.74 109.96 133.14 163.36 169.27 126.8 108.41 97.88 94.72 89.22 87.51 86.32 85.57 92.15 110.82 119.21 117.72 105.07 94.79 89.4 80.72 77.31 78.01 80.04 85.24 97.38 103.94 116.68 121.61 114.48 106.53 93.1 92.38 83.68 82.73 84.31 85.77 95.88 105.04 113.39 108.65 94.86 86.57 74.23 67.93 49.4 42.59 62.77 77.05 85.06 100.08 116.33 123.39 109.63 100.37 92.09 101.25 92.79 91.74 90.3 89.64 91.4 93.54 86.45 71.06 34.45 2.55 -0.01 -5.87 -12.51 -9.86 -2.0 -0.01 30.99 79.17 100.0 107.86 96.21 85.8 73.21 69.11 62.6 58.39 59.28 63.53 68.24 67.96 63.08 35.01 0.04
