192 5
1 33 35 38 34
1 0 0 0 0 0 3 1 2 3 0 38 12.98
5 0 5 4 5 2 3 5 6 8 1 60 12.59
2 0 7 3 3 10 3 11 12 17 1 66 14.94
9 0 7 1 2 5 3 4 11 15 1 60 13.85
3 0 6 7 4 6 3 21 24 26 10 69 10.59
2 0 9 2 7 2 3 7 9 10 6 74 19.15
6 0 4 9 7 4 3 9 10 17 6 72 17.55
5 0 1 3 5 2 3 13 14 21 8 70 11.59
7 0 5 7 3 1 3 12 14 15 6 64 16.18
1 0 5 1 4 2 3 15 25 28 12 49 15.53
2 0 6 9 2 3 3 23 27 29 12 69 19.42
7 0 4 9 2 1 3 13 14 18 10 77 14.12
10 0 2 8 10 9 3 18 20 22 13 80 17.57
7 0 2 8 8 1 2 16 22 17 74 20.71
8 0 10 3 2 5 3 20 28 29 17 76 12.9
1 1 0 0 0 0 1 30 13 59 15.97
9 0 6 10 9 10 2 19 23 24 69 17.02
9 0 7 10 8 4 3 19 20 22 12 76 12.66
2 1 0 0 0 0 3 19 21 23 23 84 13.36
4 1 0 0 0 0 2 24 26 33 69 17.12
10 1 0 0 0 0 1 25 25 84 19.05
10 0 6 2 7 10 1 29 25 67 18.5
9 1 0 0 0 0 2 24 25 24 78 10.71
6 1 0 0 0 0 2 26 28 33 78 12.59
7 0 6 10 4 8 1 27 37 98 14.06
8 0 1 3 2 5 1 27 35 85 15.31
9 0 6 3 4 6 1 30 39 85 11.08
8 0 8 2 9 9 1 30 44 94 12.92
6 0 5 5 8 3 1 31 39 105 20.79
9 0 7 5 3 8 1 31 35 80 12.23
9 0 6 9 1 7 1 31 52 106 14.78
1 0 0 0 0 0 0 61 112 18.86
1 0 0 0 0 0 3 33 34 35 0 50 14.55
4 0 5 6 7 7 3 41 43 51 1 61 16.48
5 0 8 7 6 10 3 37 47 53 1 58 19.81
3 0 6 9 4 6 2 36 37 1 40 13.83
6 0 8 2 10 4 3 40 43 50 4 59 14.57
6 0 5 6 4 10 3 38 41 42 6 64 11.22
1 0 7 5 10 6 3 39 48 51 12 54 18.86
1 0 4 9 8 9 3 46 49 58 13 67 12.06
10 0 8 4 1 7 3 47 51 53 10 58 14.91
5 0 4 6 6 5 3 44 46 56 12 51 18.31
6 0 2 10 1 9 3 44 54 55 12 52 17.96
5 0 3 1 9 4 3 44 47 55 10 71 14.43
3 1 0 0 0 0 3 45 48 60 18 65 20.13
9 1 0 0 0 0 2 58 61 21 87 19.69
9 0 6 9 3 6 3 54 60 62 17 85 11.66
7 1 0 0 0 0 3 48 49 59 20 87 14.69
9 0 3 2 5 6 3 52 57 61 27 90 12.87
6 0 1 9 1 10 1 56 27 91 17.54
2 0 4 3 8 10 2 52 53 10 74 12.99
4 1 0 0 0 0 2 52 54 20 74 12.44
1 0 5 2 9 5 1 58 36 90 17.8
4 0 10 7 1 1 3 55 56 59 20 63 16.14
9 0 3 1 3 4 1 59 26 77 20.47
9 0 2 7 10 4 1 57 24 82 18.88
4 0 2 2 5 9 2 57 60 33 87 17.25
3 0 9 5 2 7 1 62 37 71 11.74
6 0 5 6 9 9 1 62 37 76 16.9
8 0 1 9 7 3 1 61 35 74 12.38
4 0 2 7 10 8 1 63 37 102 11.96
2 0 6 9 4 5 1 63 43 98 17.03
1 0 9 6 7 9 1 63 43 87 14.34
1 0 0 0 0 0 0 45 104 16.82
1 0 0 0 0 0 3 65 66 67 0 40 18.36
1 0 6 3 1 6 3 70 77 81 1 58 20.95
2 0 6 5 9 6 2 69 72 1 68 17.49
6 0 4 9 5 7 3 68 76 81 1 71 11.0
3 0 9 2 5 10 3 69 71 73 7 46 16.81
2 0 3 5 6 9 3 83 84 85 10 69 17.73
10 0 7 7 3 1 3 74 80 94 2 79 12.1
7 0 9 9 9 8 3 75 78 79 10 77 16.71
3 0 2 8 1 5 3 81 87 88 3 49 17.97
4 0 4 6 9 9 2 77 78 10 81 20.27
5 0 8 5 5 9 3 78 79 88 12 74 20.1
2 0 3 8 6 5 2 80 85 17 78 16.33
2 0 9 4 4 8 3 79 86 94 7 76 16.18
7 0 2 9 4 8 3 80 84 85 14 82 13.65
1 0 5 8 2 1 1 82 17 63 13.62
4 0 3 1 9 6 2 82 89 17 69 15.95
3 1 0 0 0 0 3 83 86 87 21 87 15.0
7 0 3 5 6 7 3 82 89 94 7 71 15.16
5 1 0 0 0 0 3 83 84 90 21 84 16.59
2 0 5 3 10 3 2 92 93 26 72 20.19
3 1 0 0 0 0 1 93 26 78 16.74
6 1 0 0 0 0 3 86 87 88 21 86 12.51
8 1 0 0 0 0 1 89 27 73 20.76
9 0 8 9 9 7 2 91 92 27 87 19.62
2 1 0 0 0 0 1 90 27 64 16.21
7 0 10 6 8 2 2 90 92 35 89 17.0
2 0 8 1 4 5 1 91 42 91 10.89
4 0 3 3 10 3 1 93 44 85 13.04
10 0 5 5 7 5 1 95 42 101 13.22
7 0 1 3 3 4 1 95 48 95 16.59
6 0 7 6 2 5 1 95 14 69 17.39
1 0 0 0 0 0 0 55 109 14.92
1 0 0 0 0 0 3 97 98 99 0 59 11.41
4 0 1 0 0 1 3 101 109 118 1 44 17.24
6 0 3 0 9 0 3 100 103 104 1 70 16.12
9 0 4 0 9 0 3 104 106 112 1 46 17.08
1 0 0 3 9 8 3 107 112 119 7 63 14.86
1 0 7 0 9 10 3 102 104 105 5 40 14.46
3 0 3 8 0 10 3 103 107 116 6 74 18.67
10 1 0 0 0 0 2 117 125 9 84 14.66
9 0 6 3 3 3 3 110 117 119 10 81 16.93
7 0 2 0 9 9 2 107 113 6 52 20.83
3 0 4 3 9 3 3 108 110 114 10 77 20.21
4 1 0 0 0 0 2 111 115 13 59 11.61
6 0 5 3 3 10 3 111 118 119 13 54 15.8
3 0 5 0 0 7 3 110 114 121 5 76 13.07
7 1 0 0 0 0 2 115 116 19 72 12.03
4 0 0 7 2 3 1 121 19 62 17.93
2 1 0 0 0 0 2 118 126 10 58 13.64
9 0 2 4 0 4 3 114 115 121 13 58 14.24
1 1 0 0 0 0 3 116 117 123 22 67 20.55
7 1 0 0 0 0 1 120 26 91 20.23
7 0 5 6 2 10 2 122 125 26 75 16.2
2 0 10 0 4 3 1 126 23 77 18.04
1 1 0 0 0 0 2 120 124 19 54 14.5
4 0 2 0 0 10 3 120 122 124 19 84 19.77
5 0 0 3 8 9 1 123 33 93 10.8
7 1 0 0 0 0 3 122 123 124 23 73 14.93
2 0 10 5 3 4 1 126 33 74 20.19
1 0 8 4 2 0 1 125 38 74 19.29
8 0 8 9 7 0 1 127 30 69 11.32
9 0 8 2 1 10 1 127 39 93 11.07
10 0 4 0 8 6 1 127 35 91 18.85
1 0 0 0 0 0 0 48 84 15.74
1 0 0 0 0 0 3 129 130 131 0 61 14.69
1 0 3 1 3 2 3 132 137 140 1 46 20.52
5 0 2 7 6 1 3 133 136 142 1 49 20.73
7 0 0 5 10 2 1 155 1 72 17.37
2 0 4 2 3 7 2 139 156 2 62 12.88
8 0 5 4 6 7 3 134 135 140 6 77 16.49
10 0 2 6 0 7 3 143 146 149 14 66 19.34
3 0 2 3 0 2 1 158 14 84 12.91
7 0 3 7 7 0 1 143 6 68 15.33
2 0 4 3 0 7 2 138 141 2 69 18.37
10 0 9 10 3 4 1 142 4 74 14.3
7 0 4 0 1 0 2 148 150 4 65 13.58
9 0 0 0 3 7 1 152 14 80 15.78
5 0 0 0 6 0 1 151 4 49 20.62
5 0 0 2 6 2 3 144 153 154 14 76 18.14
6 1 0 0 0 0 1 151 24 92 15.99
9 0 7 3 4 3 2 145 147 19 60 20.55
6 0 0 0 9 0 1 148 28 80 15.95
6 1 0 0 0 0 1 150 24 73 18.96
7 0 0 5 1 5 1 148 28 88 10.79
4 0 4 7 0 7 1 157 35 71 12.93
8 1 0 0 0 0 1 153 24 76 10.72
5 0 3 5 0 4 1 152 30 85 20.86
10 0 2 7 5 1 2 155 156 30 74 18.8
5 0 6 5 10 3 1 157 35 75 18.84
3 0 2 10 0 8 1 156 32 71 16.35
7 0 2 10 0 0 1 158 19 61 14.29
5 0 6 8 0 3 1 157 40 86 17.67
2 0 4 1 10 7 1 159 40 98 15.19
4 0 3 3 1 5 1 159 45 105 14.33
5 0 0 5 1 1 1 159 26 63 11.22
1 0 0 0 0 0 0 49 101 15.73
1 0 0 0 0 0 3 161 162 163 0 40 20.16
6 0 0 2 0 0 3 168 181 183 1 61 12.18
4 0 0 0 9 0 2 165 171 1 63 19.16
10 0 7 0 0 0 3 164 166 189 1 45 12.83
9 0 0 5 0 0 3 167 173 176 11 63 13.09
3 0 0 0 7 0 1 187 5 70 18.44
4 0 0 0 9 0 1 188 11 55 12.51
4 0 5 0 0 0 2 170 172 20 88 11.22
3 0 0 9 0 0 2 169 174 7 54 17.58
8 0 4 0 0 0 1 178 10 69 16.59
5 1 0 0 0 0 2 183 185 24 75 11.06
6 0 0 0 2 0 1 180 5 59 12.71
2 1 0 0 0 0 3 175 179 182 24 59 19.23
8 0 0 0 8 0 1 180 20 60 12.68
4 0 0 0 0 7 1 175 10 60 20.78
10 0 0 0 0 2 1 180 26 79 13.07
8 0 0 0 0 10 1 177 20 83 19.36
2 0 0 0 2 0 1 186 28 82 10.65
4 0 8 0 0 0 1 189 18 70 13.45
10 0 4 0 0 0 2 184 185 26 99 11.28
4 1 0 0 0 0 1 190 36 91 21.08
4 0 0 0 8 0 1 186 7 65 20.82
5 1 0 0 0 0 1 184 26 81 11.1
1 1 0 0 0 0 2 188 190 29 92 15.69
6 0 0 0 3 0 1 186 36 104 13.65
10 0 0 0 8 0 1 187 36 107 19.4
1 0 0 6 0 0 2 187 190 42 83 11.01
8 0 0 0 1 0 1 188 46 97 14.53
6 0 5 0 0 0 1 191 54 111 20.75
8 1 0 0 0 0 1 191 22 84 11.16
9 0 0 0 1 0 1 191 43 101 19.6
1 0 0 0 0 0 0 60 95 14.18
78.57 77.21 83.23 77.21 78.86 141.4 230.96 227.26 269.64 185.21 159.46 152.8 145.25 172.46 195.14 205.03 213.93 248.12 268.72 308.72 230.0 194.36 173.54 159.34 186.01 174.3 174.3 171.54 173.62 189.12 282.58 263.84 345.64 297.93 253.55 240.4 211.76 212.61 208.45 230.25 259.53 323.9 440.0 482.06 315.0 295.02 262.03 258.54 236.57 222.21 207.95 198.99 219.9 240.37 307.03 479.08 477.08 330.0 283.71 249.24 218.14 220.87 219.0 223.92 254.49 295.09 378.4 479.97 323.73 273.02 243.63 228.57 218.66 210.0 193.8 182.96 195.02 218.46 259.36 271.49 332.41 301.56 271.49 277.7 262.7 254.99 255.0 263.58 266.65 277.61 319.24 343.77 290.1 248.65 226.8 179.7 231.32 219.6 212.12 211.62 218.92 229.49 283.83 350.0 355.0 327.39 297.26 247.54 262.01 238.37 221.42 242.69 258.6 274.0 290.0 303.43 266.99 217.94 220.03 193.0 191.76 174.0 163.8 144.74 139.9 133.36 147.49 153.06 189.3 199.33 185.09 160.0 144.91 136.57 125.44 137.91 152.44 135.78 220.0 217.84 189.45 156.02 145.64 134.76 90.33 77.12 83.58 73.28 81.02 91.58 85.82 34.84 80.4 98.94 88.47 84.17 63.63 46.92 45.61 73.6 96.62 167.78 168.58 200.0 167.19 144.96 140.04 134.55 78.57 77.21 83.23 77.21 78.86 141.4 230.96 227.26 269.64 185.21 159.46 152.8 145.25 172.46 195.14 205.03 213.93 248.12 268.72 308.72 230.0 194.36 173.54 159.34 186.01 174.3 174.3 171.54 173.62 189.12 282.58 263.84 345.64 297.93 253.55 240.4 211.76 212.61 208.45 230.25 259.53 323.9 440.0 482.06 315.0 295.02 262.03 258.54 236.57 222.21 207.95 198.99 219.9 240.37 307.03 479.08 477.08 330.0 283.71 249.24 218.14 220.87 219.0 223.92 254.49 295.09 378.4 479.97 323.73 273.02 243.63 228.57 218.66 210.0 193.8 182.96 195.02 218.46 259.36 271.49 332.41 301.56 271.49 277.7 262.7 254.99 255.0 263.58 266.65 277.61 319.24 343.77 290.1 248.65 226.8 179.7 231.32 219.6 212.12 211.62 218.92 229.49 283.83 350.0 355.0 327.39 297.26 247.54 262.01 238.37 221.42 242.69 258.6 274.0 290.0 303.43 266.99 217.94 220.03 193.0 191.76 174.0 163.8 144.74 139.9 133.36 147.49 153.06 189.3 199.33 185.09 160.0 144.91 136.57 125.44 137.91 152.44 135.78 220.0 217.84 189.45 156.02 145.64 134.76 90.33 77.12 83.58 73.28 81.02 91.58 85.82 34.84 80.4 98.94 88.47 84.17 63.63 46.92 45.61 73.6 96.62 167.78 168.58 200.0 167.19 144.96 140.04 134.55 78.57 77.21 83.23 77.21 78.86 141.4 230.96 227.26 269.64 185.21 159.46 152.8 145.25 172.46 195.14 205.03
