192 5
1 22 25 21 32
1 0 0 0 0 0 3 1 2 3 0 77 19.52
3 0 10 9 8 5 3 5 11 15 1 74 33.87
1 0 7 0 5 2 3 4 5 7 1 58 21.86
10 0 5 0 0 4 3 10 13 24 1 53 30.92
9 0 0 10 2 0 3 6 9 17 2 60 29.23
5 0 7 7 4 0 1 22 4 56 29.71
10 0 4 8 5 2 3 10 11 16 11 60 34.25
4 0 7 5 10 8 3 8 20 30 2 76 19.28
7 0 7 0 0 0 3 14 17 28 6 81 19.48
6 0 6 9 5 8 2 25 26 11 89 21.91
3 0 0 7 1 0 3 12 27 30 21 73 21.68
6 0 8 7 0 9 2 13 20 21 74 30.98
9 0 0 6 9 9 1 29 24 88 23.49
10 1 0 0 0 0 1 14 27 105 33.66
1 1 0 0 0 0 1 23 37 79 32.99
7 0 6 5 4 5 1 21 4 72 33.7
9 1 0 0 0 0 3 18 20 27 21 80 34.75
8 0 0 0 8 10 3 18 19 21 13 67 26.67
10 0 2 9 10 9 2 22 25 30 101 20.73
7 1 0 0 0 0 1 23 21 63 25.13
4 0 9 9 0 7 2 22 28 30 72 28.9
2 1 0 0 0 0 1 23 21 72 32.96
10 0 0 0 8 7 1 29 40 116 27.86
7 0 4 5 4 3 1 25 38 105 27.56
3 0 0 0 7 2 1 26 11 51 20.22
8 0 8 10 4 9 1 29 45 87 20.89
5 1 0 0 0 0 2 27 30 17 61 23.76
8 0 5 10 0 10 1 28 30 93 32.68
7 0 0 3 4 7 1 31 38 101 35.91
10 0 1 7 5 1 1 31 53 116 34.85
7 0 8 0 10 9 1 31 24 75 29.36
1 0 0 0 0 0 0 63 126 24.43
1 0 0 0 0 0 3 33 34 35 0 73 36.12
3 0 9 2 4 2 3 36 38 40 1 51 34.87
9 0 7 2 6 8 2 37 44 1 69 22.42
3 0 7 1 6 9 3 43 44 52 1 50 22.72
1 0 10 2 2 4 3 39 46 48 4 48 35.89
9 0 7 1 7 6 3 43 47 52 10 85 33.99
2 0 2 8 2 10 3 42 45 58 4 54 31.38
7 0 2 5 1 5 3 41 45 58 5 86 32.98
10 0 6 8 2 6 3 42 43 46 4 76 20.92
10 0 7 7 4 7 3 47 51 62 12 74 30.18
4 0 1 10 4 2 3 44 48 61 14 62 29.97
5 0 3 6 3 1 3 49 51 57 19 89 20.99
9 0 6 5 3 5 2 47 51 18 92 30.59
2 0 4 4 6 10 2 52 56 12 71 26.74
10 0 3 7 6 7 3 53 54 62 14 95 21.61
6 1 0 0 0 0 2 50 53 27 70 33.99
8 1 0 0 0 0 3 50 55 57 18 67 20.38
8 0 6 4 2 4 3 50 54 55 24 97 36.14
8 0 4 1 6 7 2 56 59 33 80 30.45
4 0 2 10 6 6 1 53 27 101 24.82
3 0 5 9 8 2 2 57 61 19 78 35.13
5 1 0 0 0 0 2 55 59 33 76 31.22
6 1 0 0 0 0 2 58 59 32 72 29.88
10 0 4 4 4 5 1 56 38 108 27.73
8 0 9 5 2 10 1 60 48 108 19.9
1 0 2 5 10 3 2 60 62 26 64 29.56
8 0 3 5 10 9 1 61 38 89 35.83
6 0 8 10 1 5 1 60 41 107 36.45
5 0 10 10 5 3 1 63 56 114 18.61
7 0 6 7 4 6 1 63 46 113 26.16
5 0 1 5 4 5 1 63 27 80 35.16
1 0 0 0 0 0 0 61 101 30.54
1 0 0 0 0 0 3 65 66 67 0 46 34.56
7 0 0 0 0 3 3 68 72 86 1 53 24.35
10 0 0 0 3 0 2 73 75 1 75 32.64
5 0 0 4 0 0 3 69 77 94 1 50 33.16
7 0 0 3 0 0 2 69 70 8 76 27.5
8 0 0 0 10 0 3 71 76 78 15 84 27.31
1 0 6 0 0 0 3 71 88 94 15 75 23.88
9 1 0 0 0 0 3 73 74 90 23 101 24.5
6 0 0 0 2 0 3 73 81 83 8 72 35.93
2 1 0 0 0 0 1 92 32 74 34.68
6 1 0 0 0 0 2 82 91 32 95 26.49
6 0 10 0 0 0 2 80 87 11 63 34.37
8 0 8 0 0 0 3 79 82 85 23 95 24.21
5 0 0 7 0 0 1 82 6 83 30.26
4 0 0 9 0 0 2 79 83 23 71 29.14
8 0 1 0 0 0 2 84 91 31 84 19.49
4 0 0 0 0 5 1 88 17 77 20.9
8 0 0 0 0 3 2 84 87 14 70 21.17
10 0 0 0 0 9 1 84 38 84 29.85
7 1 0 0 0 0 2 85 89 27 91 32.77
6 0 0 0 2 0 1 89 48 103 27.14
3 0 0 0 3 0 1 88 34 94 30.96
6 0 0 6 0 0 2 89 90 8 86 25.82
8 0 3 0 0 0 1 94 22 80 28.3
9 1 0 0 0 0 2 90 91 37 113 23.36
4 0 0 7 0 0 1 93 54 101 20.55
2 0 0 0 6 0 2 92 93 46 111 32.02
3 0 0 0 0 5 1 92 46 93 24.36
10 0 0 0 3 0 1 95 49 111 32.82
2 0 0 0 4 0 1 95 58 113 22.98
6 1 0 0 0 0 1 95 30 74 20.26
1 0 0 0 0 0 0 60 109 19.38
1 0 0 0 0 0 3 97 98 99 0 70 22.32
3 0 0 0 0 9 3 105 110 126 1 76 24.34
1 0 0 2 0 0 3 106 108 112 1 41 34.93
3 0 10 5 0 9 3 100 101 102 1 44 31.39
1 0 2 0 2 3 3 111 113 115 4 69 30.81
6 0 5 3 1 0 3 103 104 107 4 72 29.67
2 0 1 9 3 7 1 105 4 81 28.46
9 0 0 6 10 0 1 111 10 65 27.17
5 0 0 0 6 0 3 109 118 123 10 58 28.23
8 0 7 4 0 1 2 106 122 6 80 22.52
10 0 0 3 0 7 2 116 120 14 79 31.23
2 0 0 6 0 7 3 111 114 120 10 65 33.96
3 0 8 0 9 0 1 124 2 69 27.58
5 0 0 6 5 0 2 125 126 15 76 18.88
1 0 0 4 0 0 2 116 119 4 71 22.07
7 1 0 0 0 0 3 117 118 119 19 87 18.79
7 0 0 0 0 2 2 115 117 2 77 30.43
7 0 2 0 0 0 1 124 5 50 32.07
4 1 0 0 0 0 2 115 116 12 57 19.56
1 1 0 0 0 0 2 118 122 16 79 33.33
7 0 10 0 0 10 1 121 24 95 35.34
1 1 0 0 0 0 1 121 26 66 19.71
5 1 0 0 0 0 2 121 126 26 82 24.35
10 1 0 0 0 0 1 122 26 87 35.54
8 0 5 5 0 0 1 123 24 87 35.55
8 0 4 1 3 0 1 125 31 91 19.25
3 0 0 9 0 2 2 123 124 36 80 19.41
7 0 0 4 7 5 1 125 39 99 32.3
4 0 8 3 0 0 1 127 39 78 30.01
8 0 0 0 9 0 1 127 46 109 24.09
5 0 7 0 0 8 1 127 31 74 22.87
1 0 0 0 0 0 0 54 110 29.33
1 0 0 0 0 0 3 129 130 131 0 41 32.71
9 0 0 0 8 0 3 140 146 147 1 50 21.76
3 0 1 0 0 0 3 132 133 138 1 50 27.64
3 0 0 0 8 0 3 142 148 152 1 54 21.22
6 0 0 0 0 8 2 146 158 4 50 32.85
6 0 0 0 0 2 2 134 137 4 52 23.66
9 0 0 0 0 3 3 135 136 149 10 67 19.84
7 1 0 0 0 0 1 143 19 91 34.46
10 0 0 0 0 2 3 139 143 151 19 69 31.1
1 0 1 0 0 0 2 141 153 10 75 30.63
8 0 0 0 0 2 1 157 4 64 29.4
7 0 0 0 0 8 1 145 29 71 34.73
5 0 9 0 0 0 1 151 10 82 31.48
4 0 0 0 0 1 1 144 11 61 27.39
7 0 0 1 0 0 1 156 4 51 24.83
9 0 0 4 0 0 1 156 29 85 33.71
4 0 0 5 0 0 2 155 156 15 64 29.53
2 0 0 0 9 0 1 152 36 91 18.75
2 1 0 0 0 0 1 155 10 82 28.77
2 1 0 0 0 0 1 153 10 77 28.49
7 0 0 0 7 0 1 154 4 81 22.8
8 1 0 0 0 0 1 150 19 90 19.13
6 1 0 0 0 0 2 153 154 27 90 25.66
1 1 0 0 0 0 1 152 29 89 31.89
5 0 0 0 6 0 1 155 38 90 25.68
10 0 0 5 0 0 1 157 33 105 18.8
10 0 10 0 0 0 1 158 33 108 24.19
5 0 4 0 0 0 1 157 43 82 29.45
1 0 4 0 0 0 1 159 38 80 24.85
3 0 0 7 0 0 1 159 48 88 24.95
4 0 10 0 0 0 1 159 43 90 25.93
1 0 0 0 0 0 0 51 102 31.64
1 0 0 0 0 0 3 161 162 163 0 77 20.44
8 0 0 6 0 0 1 166 1 80 27.63
9 0 2 4 8 0 3 164 168 173 1 56 22.21
2 0 0 5 0 0 3 165 167 170 1 77 30.97
5 0 7 0 0 0 2 169 174 10 65 25.01
8 0 4 9 0 0 3 171 181 184 3 73 18.81
2 0 0 6 0 1 3 173 179 181 9 84 35.67
6 0 0 3 5 2 1 176 3 55 28.9
1 0 4 0 0 9 3 172 182 183 10 60 29.88
3 1 0 0 0 0 2 178 179 15 56 22.35
6 0 2 0 9 10 2 183 185 3 71 22.03
7 1 0 0 0 0 1 177 11 77 36.28
8 0 4 8 9 6 1 188 11 81 26.55
8 0 0 5 2 0 1 175 11 55 26.42
7 0 6 8 5 0 3 175 181 182 15 66 26.4
5 0 0 1 5 2 2 183 184 22 94 32.89
7 1 0 0 0 0 3 178 180 184 9 65 31.17
1 1 0 0 0 0 1 179 18 80 35.58
4 1 0 0 0 0 2 185 186 18 87 31.41
8 0 4 5 8 8 2 180 186 19 98 31.69
5 0 0 0 1 0 3 182 185 187 27 88 26.83
6 0 6 0 3 8 1 189 22 83 34.13
3 0 0 0 3 2 1 190 32 85 22.38
5 1 0 0 0 0 1 186 27 101 27.67
6 0 4 0 1 0 1 187 27 69 25.66
1 0 0 0 0 8 2 189 190 32 86 32.75
10 0 3 0 4 0 1 187 32 96 30.58
7 0 0 4 9 0 3 188 189 190 42 86 19.0
3 0 8 0 0 0 1 191 49 111 31.28
4 0 0 1 1 0 1 191 49 109 34.58
4 0 0 8 0 0 1 191 49 87 24.94
1 0 0 0 0 0 0 53 116 34.54
113.78 103.11 97.31 93.57 97.3 108.18 117.87 119.7 103.12 87.75 81.22 77.69 71.95 65.01 58.01 67.28 85.23 99.88 117.0 150.05 186.21 164.52 128.73 114.94 107.59 102.64 92.71 88.22 87.18 93.0 110.69 113.26 106.74 90.29 76.31 64.27 61.73 49.76 50.47 64.91 83.37 100.22 117.11 136.16 147.62 144.83 120.52 110.6 97.93 92.89 85.63 82.27 82.94 88.98 106.05 112.86 111.66 103.18 88.93 85.5 82.8 81.76 78.61 83.81 91.1 95.54 105.52 125.0 143.17 134.85 116.44 108.94 105.09 100.09 91.7 89.3 90.21 93.89 108.91 114.11 105.92 93.1 85.0 77.07 70.17 67.76 57.1 71.34 88.48 94.73 112.75 128.76 139.96 134.5 125.07 114.18 107.84 99.69 96.24 96.29 97.95 107.46 116.86 115.82 109.4 97.77 84.84 82.01 80.0 73.02 71.2 72.68 87.65 91.87 101.9 120.0 142.41 139.5 124.58 111.94 103.49 104.13 102.01 99.65 96.93 95.73 97.07 86.1 78.11 52.32 10.0 0.65 0.0 -0.01 0.0 4.09 40.39 84.6 106.66 115.13 120.72 111.15 105.48 98.02 98.1 88.55 91.3 99.42 99.81 96.71 95.24 78.03 74.6 40.61 8.52 1.96 0.0 -0.01 0.0 8.53 69.88 94.7 104.51 115.63 122.54 126.75 117.31 108.24 91.62 84.97 84.12 83.96 84.96 94.24 116.33 123.34 118.99 105.0 97.67 93.45 84.94 83.84 82.95 84.94 92.6 103.86 119.85 145.57 111.39 113.65 101.91 99.9 90.37 87.53 84.89 82.27 83.7 91.4 109.11 108.66 100.22 91.99 83.17 70.01 64.53 23.99 12.57 42.89 69.94 87.04 112.05 135.55 99.43 106.55 101.3 101.58 93.63 88.67 88.96 84.58 88.72 93.04 95.34 102.74 96.5 82.81 70.63 76.77 69.62 69.5 69.06 70.66 82.27 95.45 122.48 181.21 176.27 93.76 98.89 100.0 97.21 99.22 94.6 93.45 95.37 102.99 110.98 115.44 109.36 96.42 89.86 85.09 82.69 83.21 84.56 89.86 98.56 105.66 106.58 110.0 102.96 123.04 107.47 106.47 109.66 104.06 98.39 94.29 98.85 99.2 110.0 112.29 110.94 98.44 94.93 85.24 83.33 80.31 78.77 86.34 91.55 92.77 116.96 137.6 183.66 135.21 105.39 107.18 108.78 103.92 94.8 96.0 96.45 97.0 98.78 97.23 88.72 87.08 81.02 76.61 67.54 63.14 62.17 71.96 85.2 100.69 92.47 93.86 100.81 115.0 113.62 107.99 102.03 97.0 92.48 89.38 90.06 87.17 87.86 85.6 80.85 80.1 77.09 71.24 46.2 15.04 8.85 17.66 47.08 81.86 82.62 90.79 94.59 115.47 110.0 102.57 97.87 87.02 82.24 80.38 80.8 86.2 105.62 116.88 118.42 108.0 100.75 93.19 84.1 80.21 72.36 77.93 80.45 90.43 88.61 90.9 94.03 99.18 99.56 93.52 88.51 85.86 84.7 84.05 86.25 95.18 101.38 108.9 96.98 82.12 68.77 56.28 25.06 8.95 11.67 21.47 55.14 74.27 85.81 107.85 141.01 116.33
