192 5
1 34 35 38 39
1 0 0 0 0 0 3 1 2 3 0 69 7.85
1 0 6 3 1 6 3 6 13 17 1 64 7.46
2 0 6 5 9 6 2 5 8 1 70 7.32
6 0 4 9 5 7 3 4 12 17 1 67 8.5
3 0 9 2 5 10 3 5 7 9 7 69 10.45
2 0 3 5 6 9 3 19 20 21 10 80 7.05
10 0 7 7 3 1 3 10 16 30 2 72 8.4
7 0 9 9 9 8 3 11 14 15 10 83 10.45
3 0 2 8 1 5 3 17 23 24 3 65 10.49
4 0 4 6 9 9 2 13 14 10 59 6.58
5 0 8 5 5 9 3 14 15 24 12 62 7.95
2 0 3 8 6 5 2 16 21 17 75 11.24
2 0 9 4 4 8 3 15 22 30 7 55 8.67
7 0 2 9 4 8 3 16 20 21 14 57 7.39
1 0 5 8 2 1 1 18 17 69 11.09
4 0 3 1 9 6 2 18 25 17 61 6.89
3 1 0 0 0 0 3 19 22 23 21 80 10.88
7 0 3 5 6 7 3 18 25 30 7 52 10.93
5 1 0 0 0 0 3 19 20 26 21 82 9.28
2 1 0 0 0 0 2 28 29 26 79 11.82
3 1 0 0 0 0 1 29 26 77 8.49
6 1 0 0 0 0 3 22 23 24 21 92 9.67
8 1 0 0 0 0 1 25 27 85 11.28
9 0 8 9 9 7 2 27 28 27 81 10.35
2 0 8 4 10 2 1 26 27 82 11.79
7 0 10 6 8 2 2 26 28 35 100 7.04
2 0 8 1 4 5 1 27 42 86 9.14
4 0 3 3 10 3 1 29 44 114 10.26
10 0 5 5 7 5 1 31 42 101 6.94
7 0 1 3 3 4 1 31 48 119 9.63
6 0 7 6 2 5 1 31 14 67 6.64
1 0 0 0 0 0 0 55 119 8.28
1 0 0 0 0 0 3 33 34 35 0 76 10.54
9 0 6 2 1 10 3 39 45 50 1 76 8.84
7 0 5 0 1 7 3 36 37 47 1 59 8.21
9 0 9 0 0 0 2 38 43 1 62 11.14
3 0 0 2 10 3 3 42 53 56 8 54 10.36
4 0 6 5 0 0 3 45 51 61 8 70 8.8
9 1 0 0 0 0 1 57 10 64 6.42
10 0 7 0 0 3 3 40 41 44 10 60 11.76
3 1 0 0 0 0 3 46 54 55 20 79 9.91
4 0 6 3 0 0 3 47 52 59 20 90 8.48
7 0 0 3 8 0 1 49 11 91 11.67
8 0 3 1 2 1 3 46 48 62 10 70 7.92
6 0 4 0 3 8 2 46 48 20 81 8.14
6 0 1 4 4 5 2 54 58 12 72 10.61
10 0 4 5 0 3 1 59 26 81 8.62
9 0 2 2 7 0 2 60 61 24 99 11.5
6 1 0 0 0 0 1 49 26 88 11.03
7 1 0 0 0 0 2 51 55 32 106 6.21
3 0 0 8 7 8 3 51 58 61 10 77 6.74
7 0 10 4 0 3 1 54 39 92 8.85
2 1 0 0 0 0 1 56 24 89 10.45
4 0 5 6 0 7 2 55 62 11 70 9.6
4 0 7 0 2 2 1 57 46 87 8.59
7 0 7 7 4 10 1 57 39 110 10.43
3 0 9 7 7 4 1 58 26 87 7.5
9 0 10 5 5 2 1 59 50 100 9.11
4 1 0 0 0 0 2 60 62 29 103 10.71
3 0 9 9 4 0 1 60 59 107 6.8
2 0 7 5 3 1 1 63 62 112 9.13
1 0 9 10 0 10 1 63 33 96 7.3
9 1 0 0 0 0 1 63 33 89 10.61
1 0 0 0 0 0 0 64 124 11.68
1 0 0 0 0 0 3 65 66 67 0 75 10.75
10 0 5 3 6 9 3 75 81 85 1 75 11.29
2 0 0 1 0 8 3 68 71 72 1 60 8.74
10 0 2 0 6 6 3 69 74 82 1 53 9.87
9 0 6 7 6 3 3 70 77 86 3 87 10.97
9 0 4 0 0 0 3 73 75 81 11 82 12.01
9 0 3 5 10 0 3 73 76 78 12 68 7.47
9 0 9 8 10 7 3 79 83 86 3 73 9.24
4 0 0 10 8 1 3 76 77 88 3 53 7.13
6 1 0 0 0 0 3 79 80 92 21 86 7.5
1 0 5 4 6 3 3 80 86 91 11 55 8.6
1 0 9 0 5 9 2 84 88 20 69 7.28
10 1 0 0 0 0 3 80 82 83 21 92 11.48
5 1 0 0 0 0 2 79 84 12 68 10.42
5 1 0 0 0 0 3 81 82 85 21 92 9.67
1 1 0 0 0 0 2 87 89 27 97 11.73
4 0 2 9 0 10 1 89 31 86 7.77
1 1 0 0 0 0 2 88 90 26 63 10.2
6 0 1 0 5 0 3 90 91 93 31 88 10.42
10 0 0 8 9 4 2 84 85 31 84 8.66
2 0 7 8 5 0 1 94 41 88 10.18
5 0 0 8 8 10 1 87 41 114 7.46
8 0 8 3 0 2 3 87 89 92 12 60 10.54
10 0 6 5 2 6 1 93 46 105 6.56
10 0 0 2 4 0 3 91 92 93 27 74 9.62
5 0 6 0 0 6 1 90 35 82 8.05
3 0 9 10 7 0 1 94 40 88 9.43
4 0 2 2 0 0 1 94 37 104 9.1
8 0 5 4 10 0 1 95 37 112 7.43
4 0 3 8 5 0 1 95 56 108 10.68
8 0 2 5 6 8 1 95 43 105 10.55
1 0 0 0 0 0 0 60 116 6.31
1 0 0 0 0 0 3 97 98 99 0 69 9.41
5 0 2 4 7 9 3 100 102 110 1 49 10.77
4 0 3 1 7 2 3 116 118 120 1 46 6.37
6 0 1 3 10 2 3 101 108 113 1 48 9.68
1 0 2 7 7 3 3 104 106 113 6 62 6.37
4 0 5 8 1 5 3 103 106 109 7 77 7.47
4 0 9 1 9 7 3 105 111 118 6 54 10.9
8 0 2 9 7 3 3 104 112 117 11 77 10.93
9 0 8 3 1 3 3 111 114 124 19 79 11.5
5 0 10 5 1 2 3 107 113 117 10 55 6.59
4 0 6 10 9 5 3 111 112 117 11 79 9.82
3 0 6 7 2 5 3 108 109 120 15 72 7.96
4 0 6 5 10 6 2 114 122 18 59 11.68
2 0 8 2 9 1 2 114 119 18 86 11.02
1 0 9 7 9 1 3 115 122 125 6 69 6.69
10 1 0 0 0 0 1 115 28 84 7.03
5 0 5 5 1 9 3 118 119 123 19 92 11.2
9 0 5 3 2 2 2 116 119 15 73 8.92
7 1 0 0 0 0 2 115 125 28 77 9.17
10 0 3 5 10 5 2 116 123 38 112 10.25
1 0 7 3 7 7 1 126 48 101 6.38
4 0 2 3 2 5 2 120 121 19 79 9.71
9 0 6 6 3 5 1 121 24 73 6.64
8 1 0 0 0 0 3 121 122 124 24 71 11.45
8 0 2 1 1 4 2 123 124 23 89 11.17
10 0 4 3 1 1 1 125 33 88 11.99
10 0 2 6 8 9 1 126 32 94 6.36
1 0 4 4 7 7 1 126 48 83 7.82
6 1 0 0 0 0 1 127 32 74 6.78
1 0 6 2 9 8 1 127 43 96 10.68
10 0 8 8 2 3 1 127 49 107 7.63
1 0 0 0 0 0 0 59 93 7.12
1 0 0 0 0 0 3 129 130 131 0 57 8.05
6 0 7 3 4 0 3 138 143 155 1 45 9.39
3 0 7 5 9 0 3 132 137 138 1 72 6.34
10 0 0 5 6 0 3 133 135 136 1 60 9.68
6 0 2 4 0 7 1 147 4 63 8.64
9 0 7 7 3 0 1 134 11 71 10.03
2 0 7 6 9 0 1 140 20 87 8.44
8 0 0 9 10 10 3 139 147 148 11 58 9.58
6 0 0 0 1 3 3 142 144 148 11 58 11.26
7 0 0 5 2 0 1 156 4 73 11.9
3 0 8 1 7 3 1 154 7 53 7.11
9 0 7 0 10 3 2 143 149 19 74 10.77
10 0 9 2 0 5 1 141 22 77 6.63
4 1 0 0 0 0 3 145 147 151 32 76 8.34
5 0 0 0 9 0 2 146 150 17 82 7.81
1 1 0 0 0 0 2 151 158 28 83 11.23
3 0 2 1 3 1 2 149 150 17 58 8.7
6 0 5 0 7 3 3 152 153 154 36 81 7.89
4 0 8 7 5 6 3 149 151 152 22 65 9.66
8 1 0 0 0 0 2 150 153 36 79 6.68
4 1 0 0 0 0 1 152 19 76 6.11
5 1 0 0 0 0 2 153 157 28 70 6.13
5 0 4 4 0 8 1 158 44 96 11.28
5 1 0 0 0 0 2 154 157 36 80 6.72
5 1 0 0 0 0 2 155 157 42 101 9.31
10 0 0 0 3 3 2 155 156 44 115 10.9
2 1 0 0 0 0 1 156 42 100 10.52
2 0 7 3 10 7 1 158 54 122 11.45
9 0 5 10 0 4 1 159 54 108 9.54
8 0 4 10 2 1 1 159 47 104 7.83
9 0 1 8 8 7 1 159 56 102 10.98
1 0 0 0 0 0 0 65 119 9.71
1 0 0 0 0 0 3 161 162 163 0 55 6.6
10 0 0 6 4 0 3 164 179 180 1 64 9.93
2 0 6 0 6 0 3 165 166 169 1 60 9.45
5 0 0 8 9 5 2 174 186 1 75 10.74
7 0 2 0 7 3 3 170 181 187 11 72 8.0
2 0 10 5 5 10 3 167 171 184 3 50 6.38
7 0 0 0 3 3 2 172 173 3 62 11.89
9 0 3 5 4 8 3 168 176 177 5 60 11.58
6 1 0 0 0 0 1 189 14 65 9.84
3 0 0 9 10 1 1 182 3 64 9.56
9 0 0 10 1 10 1 185 18 71 7.2
9 0 4 0 1 7 2 174 176 5 54 11.58
4 0 7 0 6 1 3 175 178 188 10 88 7.45
10 0 0 0 7 5 1 181 10 87 7.58
5 0 1 4 0 2 1 183 14 78 8.37
6 1 0 0 0 0 1 182 14 92 10.86
5 0 2 0 5 10 1 190 14 67 8.07
5 1 0 0 0 0 1 187 14 87 8.67
7 0 10 0 3 5 1 185 14 83 10.64
10 0 0 7 0 8 1 182 11 89 7.54
6 1 0 0 0 0 1 187 11 72 7.77
5 0 9 3 6 0 1 189 20 79 9.33
4 0 1 9 0 1 1 184 21 84 11.27
9 0 3 4 0 8 1 188 19 96 8.16
1 0 8 0 8 6 1 190 25 86 11.42
2 0 4 2 2 10 1 189 27 77 11.92
2 0 3 5 7 10 1 188 6 68 9.92
10 0 9 9 8 10 1 190 19 90 7.73
8 0 10 9 5 4 1 191 28 80 9.59
4 0 0 8 8 5 1 191 29 89 9.98
3 0 0 4 2 10 1 191 29 87 9.99
1 0 0 0 0 0 0 36 85 6.09
19.8 21.7 20.31 12.79 25.86 39.93 81.79 109.65 108.18 105.8 99.3 98.11 91.01 98.55 106.03 119.66 133.38 141.46 128.4 119.95 104.49 88.83 80.81 65.06 51.74 39.15 31.06 24.15 25.3 39.19 65.01 89.38 90.75 87.18 82.38 77.11 77.52 91.48 102.48 95.75 102.83 109.54 108.62 104.55 98.7 87.65 81.44 77.03 70.89 68.74 68.31 69.39 68.56 79.33 102.7 111.89 100.25 86.2 73.24 71.61 71.89 77.3 88.97 119.89 143.23 150.08 136.12 128.07 115.49 98.02 93.86 87.29 77.86 72.35 70.55 66.55 59.97 67.03 97.61 100.62 97.29 76.54 60.97 66.66 62.22 64.18 68.38 76.87 86.45 111.45 109.28 109.41 97.79 95.46 104.37 88.87 105.0 97.72 93.64 84.8 78.26 90.8 120.0 120.53 111.27 85.1 77.89 76.3 78.11 86.41 109.48 130.62 162.55 175.95 122.19 110.14 101.11 96.86 88.97 68.2 72.31 67.75 59.24 76.25 81.51 63.73 83.5 95.0 37.93 35.3 18.3 15.76 21.02 31.51 69.0 115.0 77.75 95.0 84.88 86.05 81.53 78.57 81.41 78.46 84.18 75.8 73.46 72.21 77.77 78.87 84.28 77.79 79.18 82.38 79.08 79.15 78.91 86.76 95.98 114.55 120.67 131.83 129.81 116.92 111.78 101.25 98.12 86.94 86.34 80.16 74.08 73.81 83.09 90.84 116.06 128.76 123.45 101.53 90.34 86.37 85.01 88.04 92.41 94.1 104.92 113.59 90.44 87.21 86.79 72.56 64.49 57.21 23.51 68.08 71.0 68.45 31.47 59.42 94.45 110.34 109.02 84.11 72.1 64.3 61.98 76.85 90.08 120.43 148.24 149.62 102.69 112.21 112.51 93.16 90.57 80.16 73.33 72.09 74.63 73.77 77.27 87.2 109.3 112.02 109.42 93.57 82.45 77.56 76.6 85.3 100.25 119.47 129.47 138.88 116.78 102.38 96.06 90.98 80.63 81.97 96.26 93.73 94.32 93.75 95.3 93.73 113.63 125.0 118.45 94.61 86.35 84.67 84.73 88.01 100.36 124.88 132.04 139.58 127.88 117.47 109.96 97.55 95.31 89.12 91.23 90.2 91.15 91.62 92.61 95.29 106.92 127.4 126.75 109.28 94.8 91.11 90.06 93.66 103.2 129.48 162.81 180.69 143.5 127.94 115.99 104.5 97.8 91.6 96.4 97.37 95.01 95.52 96.93 95.46 95.84 104.56 106.98 104.52 102.34 96.81 95.03 95.8 102.86 120.18 126.42 137.03 136.12 131.43 124.16 114.51 107.18 97.57 97.2 95.56 93.98 92.33 92.88 92.81 90.83 90.53 99.2 99.02 98.67 99.09 99.57 100.38 102.04 106.86 120.23 129.59 128.25 125.21 117.22 105.66 100.48 92.81 89.95 88.43 89.7 89.26 88.94 94.95 119.33 146.14 159.38 145.3 132.48 120.88 110.86 120.58 137.43 153.89 165.89 157.81 144.49 129.01 123.13 105.74 102.95 93.79 87.51 85.51 82.05 82.54 83.13 88.06 92.52 118.12 119.09 110.91 95.63 90.82 89.43 92.95 105.63 125.09 142.73 140.36 127.67 122.91 113.64 107.62 103.19 89.79 81.44 80.8 78.5 78.66
