224 5
1 42 39 51 44
1 0 0 0 0 0 3 1 2 3 0 62 23.24
3 0 1 0 0 0 2 4 11 1 78 26.37
8 1 0 0 0 0 2 13 25 1 60 33.37
7 0 0 0 0 3 3 9 10 27 1 63 23.9
9 0 0 0 2 0 3 5 7 19 4 82 26.34
4 0 0 0 7 0 3 6 8 24 13 102 27.94
9 1 0 0 0 0 3 14 15 20 17 78 31.15
6 1 0 0 0 0 3 12 13 22 13 100 33.06
8 1 0 0 0 0 3 12 17 20 17 91 33.08
8 0 10 0 0 0 2 16 18 8 95 31.02
10 0 0 0 1 0 2 12 19 8 72 35.24
10 0 0 0 0 7 1 22 4 92 33.12
5 0 0 0 2 0 1 21 25 100 32.57
1 1 0 0 0 0 3 15 21 24 19 94 31.36
2 0 0 4 0 0 1 28 26 81 32.84
3 0 0 0 9 0 1 30 26 95 24.93
1 0 0 0 0 1 2 26 29 16 82 29.74
3 0 0 7 0 0 1 21 25 103 31.29
8 0 0 0 0 6 3 20 23 24 16 108 32.6
3 0 7 0 0 0 2 23 26 18 87 25.77
9 0 0 9 0 0 2 25 29 26 109 26.27
2 0 0 0 0 9 1 23 30 116 30.48
2 1 0 0 0 0 2 25 27 19 70 18.36
6 0 0 0 0 8 1 30 32 85 29.24
3 0 0 0 3 0 2 26 29 24 109 22.23
1 0 6 0 0 0 1 30 35 113 25.16
10 0 2 0 0 0 1 28 27 98 29.9
9 0 7 0 0 0 1 28 21 112 23.23
1 0 0 0 0 1 1 31 37 97 20.17
2 0 0 8 0 0 1 31 35 99 26.92
1 0 0 0 0 8 1 31 38 97 21.99
1 0 0 0 0 0 0 39 110 30.87
1 0 0 0 0 0 3 33 34 35 0 76 23.18
6 0 6 7 2 0 3 36 38 44 1 73 27.47
3 0 5 6 0 3 3 37 39 44 1 51 20.97
5 0 10 3 3 9 3 37 42 52 1 51 27.08
5 0 1 2 0 9 3 42 45 48 7 96 30.96
3 0 4 5 5 5 2 40 46 6 99 29.59
6 0 0 0 10 3 3 40 49 50 7 92 19.82
10 0 8 8 0 10 3 47 48 49 4 62 36.5
2 0 0 5 0 3 2 41 53 13 76 19.06
10 0 0 10 6 6 3 43 54 55 15 109 30.22
6 1 0 0 0 0 3 46 49 50 12 106 18.72
9 1 0 0 0 0 2 45 47 25 96 32.12
2 0 5 4 0 4 3 46 47 48 7 57 25.64
5 0 6 5 5 3 2 56 61 34 94 26.37
1 1 0 0 0 0 2 53 56 18 63 35.32
9 0 3 8 0 0 2 51 59 34 87 22.44
10 0 4 5 9 10 3 50 55 56 14 100 30.87
10 1 0 0 0 0 3 51 55 61 18 104 23.68
6 0 0 8 9 7 3 51 53 61 24 113 21.75
10 0 5 5 5 7 2 57 62 43 97 19.62
5 0 6 1 8 0 2 58 59 6 95 32.33
3 1 0 0 0 0 3 54 57 62 30 91 34.52
10 0 10 6 4 9 1 58 33 123 26.37
3 0 5 0 10 7 1 57 28 76 20.95
3 0 4 6 1 3 1 59 39 123 30.31
4 0 2 9 3 8 1 58 53 128 19.16
1 0 0 4 9 4 1 60 57 108 24.01
5 0 0 3 3 10 2 60 62 43 104 30.02
5 0 2 5 0 0 1 63 58 113 25.34
10 0 7 0 0 6 1 63 39 103 23.47
3 0 1 0 7 10 1 63 53 136 25.45
1 0 0 0 0 0 0 63 115 30.48
1 0 0 0 0 0 3 65 66 67 0 51 35.73
10 0 9 0 0 0 3 68 69 78 1 87 18.97
8 0 9 4 10 0 3 70 76 81 1 59 33.42
10 0 4 6 10 0 3 77 78 89 1 76 31.49
2 1 0 0 0 0 3 71 74 76 11 94 32.05
9 0 5 0 0 5 3 73 74 81 11 99 24.07
9 0 0 10 6 0 3 72 74 77 9 88 26.82
2 1 0 0 0 0 3 81 82 83 13 97 21.66
9 0 0 0 4 7 2 75 78 18 106 25.72
10 1 0 0 0 0 3 76 80 85 20 80 30.86
10 1 0 0 0 0 3 83 90 91 20 103 21.39
8 1 0 0 0 0 3 79 82 85 27 115 22.62
9 0 0 5 6 0 2 84 86 30 100 32.75
9 0 0 0 8 0 2 86 88 18 99 26.57
3 1 0 0 0 0 1 79 27 112 27.37
6 1 0 0 0 0 2 80 90 35 90 36.08
6 0 7 0 6 2 3 84 87 93 41 116 19.45
10 0 9 5 0 0 2 90 91 20 83 23.32
9 0 0 0 10 4 3 84 87 89 35 119 34.24
2 0 0 0 5 6 2 85 86 30 84 28.96
4 0 0 0 0 5 2 88 91 47 125 26.37
10 0 0 5 0 10 3 87 88 89 35 105 35.95
1 0 3 2 1 4 2 93 94 39 98 20.14
9 0 4 0 0 3 1 94 47 122 22.59
5 0 0 0 5 5 1 92 51 106 36.5
2 0 0 0 0 3 1 92 45 114 20.79
8 0 0 7 0 0 1 93 41 117 31.22
8 0 1 3 3 0 2 92 94 51 138 33.23
1 0 4 2 0 0 1 95 59 121 22.77
8 0 4 7 2 6 1 95 49 115 24.42
1 0 0 10 4 7 1 95 59 112 32.85
1 0 0 0 0 0 0 60 131 24.75
1 0 0 0 0 0 3 97 98 99 0 90 27.37
1 0 1 8 7 0 3 100 101 105 1 55 20.58
6 0 0 0 9 9 1 121 1 88 19.52
10 0 1 10 0 3 3 104 109 112 1 81 26.83
10 0 9 5 9 8 2 103 119 2 102 26.91
2 0 0 1 1 7 3 102 106 110 2 50 20.19
9 0 3 2 9 7 2 117 120 4 100 33.14
9 0 5 8 10 6 2 114 122 12 101 35.53
7 0 0 6 6 9 1 116 11 89 18.33
5 0 0 1 10 6 3 107 108 111 2 72 35.47
5 0 0 3 8 8 2 117 120 4 68 31.09
1 0 0 1 0 10 1 126 7 67 19.36
9 0 7 0 1 0 1 122 7 86 32.32
6 0 8 6 2 9 1 113 11 100 28.35
7 0 2 6 6 0 1 125 4 78 22.36
4 0 0 2 0 8 1 115 7 101 31.96
4 0 9 5 2 1 1 125 11 59 30.65
9 1 0 0 0 0 1 123 17 77 23.54
1 0 5 0 1 5 2 116 124 21 80 25.74
8 0 6 1 6 0 1 120 11 76 23.93
3 1 0 0 0 0 2 118 123 22 70 24.82
2 0 4 6 4 5 1 125 13 63 27.66
5 1 0 0 0 0 1 121 25 109 23.67
3 0 0 7 9 0 2 121 123 12 59 34.01
1 1 0 0 0 0 1 124 19 83 33.69
10 0 2 4 0 10 1 126 30 123 22.55
8 0 0 0 0 7 1 124 21 97 28.56
1 1 0 0 0 0 1 126 26 99 35.03
5 0 5 8 6 6 1 127 29 119 26.14
7 0 9 2 6 3 1 127 15 99 29.36
8 0 0 10 10 3 1 127 40 118 35.32
1 0 0 0 0 0 0 48 110 30.45
1 0 0 0 0 0 3 129 130 131 0 84 23.52
2 0 0 9 0 0 3 132 133 134 1 60 19.9
7 0 0 0 2 0 3 137 141 142 1 85 33.19
9 0 8 6 0 3 3 132 134 135 1 91 34.3
7 0 2 9 2 0 3 139 140 144 10 92 24.56
6 0 8 0 2 0 3 138 140 145 3 61 21.43
2 0 0 8 0 0 3 136 141 155 10 88 23.98
2 0 0 10 7 0 3 141 149 152 10 94 18.85
8 0 0 3 0 0 3 139 148 158 12 104 25.73
6 0 1 0 0 10 1 138 8 104 28.76
8 0 10 6 0 6 2 143 144 14 107 20.93
2 0 7 3 0 0 2 143 151 20 102 18.57
1 1 0 0 0 0 3 143 146 149 17 99 31.35
9 0 9 0 3 9 3 148 150 151 12 74 34.72
3 0 0 4 0 2 3 147 149 152 8 68 30.79
7 0 0 9 5 0 1 157 22 77 27.79
2 1 0 0 0 0 2 146 147 22 85 30.34
3 0 0 0 5 9 3 146 148 152 9 96 25.84
7 1 0 0 0 0 3 150 155 156 24 81 28.05
8 1 0 0 0 0 2 150 154 24 94 19.8
6 1 0 0 0 0 2 153 156 21 81 24.85
6 1 0 0 0 0 2 151 154 18 76 31.31
2 0 6 10 0 5 2 153 158 32 119 34.0
3 1 0 0 0 0 1 156 24 99 23.24
8 1 0 0 0 0 3 153 154 158 12 91 21.78
6 0 6 10 5 0 1 157 34 115 25.32
9 0 0 3 0 9 1 155 32 93 26.67
4 0 0 0 0 8 1 157 41 95 21.54
8 0 4 8 9 10 1 159 31 104 21.66
2 0 0 4 0 5 1 159 45 109 31.24
9 0 5 0 0 5 1 159 34 114 19.67
1 0 0 0 0 0 0 47 118 27.92
1 0 0 0 0 0 3 161 162 163 0 86 33.91
4 0 0 1 0 0 3 170 171 172 1 90 28.59
10 0 0 0 0 3 3 166 173 178 1 70 27.39
7 0 0 7 0 0 3 164 167 180 1 91 27.01
6 0 0 0 0 8 3 165 169 175 8 72 18.39
5 0 3 0 0 0 3 172 174 176 14 95 20.88
4 0 0 0 0 6 3 167 171 177 11 66 32.44
5 0 0 0 6 0 2 168 174 15 80 19.85
1 0 0 0 5 0 2 184 187 20 89 25.44
9 0 2 0 0 0 3 172 173 188 14 108 18.73
4 0 1 0 0 0 3 173 178 183 5 86 18.94
7 0 9 0 0 0 3 174 180 184 15 69 30.33
6 0 0 6 0 0 2 177 189 23 78 26.98
8 1 0 0 0 0 2 182 186 23 89 34.88
5 1 0 0 0 0 3 179 181 183 22 81 27.84
1 0 7 0 0 0 3 179 183 186 14 87 19.63
10 0 0 0 7 0 3 177 179 181 19 95 27.18
10 0 0 0 0 5 1 187 29 104 28.07
9 0 0 0 0 5 2 180 184 11 77 35.11
4 1 0 0 0 0 3 182 188 190 29 113 30.71
10 0 0 0 9 0 1 181 22 98 27.33
3 1 0 0 0 0 2 182 186 32 116 29.11
8 0 6 0 0 0 1 185 35 100 19.65
1 1 0 0 0 0 2 185 188 27 109 29.41
2 1 0 0 0 0 2 185 190 22 71 23.62
6 0 0 0 0 2 1 189 43 116 26.38
4 0 0 5 0 0 2 187 189 35 104 22.11
5 0 1 0 0 0 1 190 39 118 24.22
3 1 0 0 0 0 1 191 33 90 31.68
8 0 0 0 9 0 1 191 49 122 32.46
8 0 0 1 0 0 1 191 44 106 34.08
1 0 0 0 0 0 0 57 113 19.47
1 0 0 0 0 0 3 193 194 195 0 73 25.28
5 0 7 0 6 9 3 196 202 205 1 95 23.63
4 0 2 0 0 0 3 197 199 201 1 64 32.99
6 0 3 0 0 0 3 200 208 216 1 87 25.4
4 0 10 2 0 10 3 197 198 206 6 79 32.8
7 0 0 6 0 8 3 200 208 218 10 68 28.6
6 0 0 0 9 9 3 199 207 210 10 69 35.66
10 0 0 0 2 0 2 213 215 16 78 30.81
3 0 0 10 0 0 3 215 217 220 17 89 29.21
6 0 4 0 9 1 3 203 205 208 5 58 30.97
7 0 5 0 5 0 3 206 209 211 6 86 21.96
6 0 8 5 5 0 3 204 207 209 11 79 34.23
7 0 0 1 0 0 3 211 214 221 17 89 24.71
8 0 0 1 0 0 2 206 209 11 68 23.74
4 1 0 0 0 0 2 210 212 19 110 27.77
1 0 8 0 0 4 2 211 212 17 62 36.25
2 0 0 3 5 0 2 215 222 17 64 32.37
2 0 7 8 6 0 3 210 214 220 19 95 20.11
10 1 0 0 0 0 1 219 23 84 28.88
8 1 0 0 0 0 3 216 217 218 24 114 19.79
6 1 0 0 0 0 3 213 217 221 23 98 19.39
6 1 0 0 0 0 3 214 218 219 29 84 28.11
3 0 5 0 1 0 1 216 35 87 25.22
7 0 0 10 0 10 1 221 26 101 25.02
8 0 0 0 0 2 1 222 38 91 18.31
8 0 0 0 10 8 1 219 32 107 20.67
6 0 8 1 1 4 1 220 35 125 21.72
2 0 0 0 7 7 1 222 40 110 24.7
10 0 3 10 7 0 1 223 41 120 22.01
10 0 10 0 0 4 1 223 33 115 25.64
6 0 0 9 0 3 1 223 46 93 28.91
1 0 0 0 0 0 0 52 105 27.35
122.64 120.11 116.64 114.41 115.45 130.43 157.86 262.23 418.43 291.7 236.29 196.09 181.38 171.39 191.9 277.05 381.61 563.13 473.28 295.57 220.0 170.0 164.46 146.37 128.04 124.74 116.86 109.16 104.41 107.58 118.07 139.33 182.65 185.39 180.0 141.91 123.12 124.43 125.4 167.12 199.3 284.16 244.75 200.27 172.45 153.82 136.59 121.22 128.83 125.47 122.91 122.4 124.01 124.98 140.01 168.87 229.46 199.41 179.06 172.94 165.0 170.0 179.92 193.22 173.93 181.09 165.0 150.33 104.81 117.61 127.0 104.67 108.01 103.33 108.55 103.09 98.75 108.01 140.0 136.6 155.0 170.0 149.61 151.0 148.85 160.59 151.9 155.0 140.0 132.7 130.72 141.07 140.0 134.36 132.7 100.02 108.01 108.01 85.9 84.59 84.59 112.01 150.0 159.79 165.0 155.0 155.0 145.0 164.97 161.9 165.0 150.0 142.98 150.0 144.92 120.72 112.52 84.59 78.49 69.69 78.81 79.28 85.0 85.89 83.08 87.35 86.48 93.34 99.43 97.58 90.98 88.95 84.76 83.83 93.78 111.34 128.12 143.36 148.87 143.84 134.26 137.76 136.07 122.98 128.16 117.41 113.77 108.6 107.9 110.17 112.83 120.0 127.4 124.96 108.2 103.36 97.14 92.16 105.97 114.2 129.53 135.05 124.79 113.78 111.15 100.88 82.0 77.55 74.89 70.06 38.09 41.5 74.3 80.24 229.52 262.77 179.0 139.31 99.15 95.78 129.35 105.39 131.67 150.0 165.0 145.0 130.0 165.0 145.44 116.26 130.0 88.67 79.25 80.38 81.28 80.57 84.17 101.8 122.89 133.83 146.8 132.61 125.2 120.56 118.25 121.75 125.94 135.95 146.66 152.24 141.76 133.9 118.07 94.05 100.5 86.66 86.54 84.95 81.03 79.81 84.95 95.93 119.06 133.72 144.22 133.53 108.03 91.41 85.6 86.04 92.91 115.15 119.94 140.72 150.0 145.35 135.08 123.06 115.19 100.21 97.39 97.02 96.22 97.37 96.94 111.24 141.97 153.11 160.3 151.64 132.75 123.25 113.85 113.3 129.8 153.72 161.45 178.92 174.84 161.29 150.56 134.48 126.66 120.2 120.0 117.35 114.01 114.01 116.58 121.01 154.37 159.87 163.7 154.82 130.1 126.2 120.06 121.19 119.89 151.47 168.59 184.56 184.48 178.99 162.66 152.7 152.38 134.97 139.56 131.39 125.78 119.17 119.22 120.86 127.18 144.74 153.46 142.44 128.4 120.08 110.29 103.4 113.7 129.91 155.04 168.01 167.41 162.98 156.6 145.24 141.73 131.74 133.26 126.91 122.99 120.66 122.34 123.41 128.09 135.9 137.3 137.7 130.04 129.33 122.24 111.88 116.65 128.89 153.14 165.25 172.32 173.95 165.5 155.77 148.44 133.24 129.54 126.63 124.72 120.04 123.24 127.77 159.18 207.88 243.23 178.04 149.95 126.16 117.27 115.52 124.31 147.32 169.51 214.64 200.73 201.1 167.74 153.0 144.21 135.81 132.4 125.54 123.18 123.99 123.25 127.63 155.37 191.13 211.99 163.31 136.53 126.71 117.55 113.18 120.09 138.47 170.43 178.26 175.0 171.02 152.85 131.0 130.77 123.05 115.2 110.86 110.27 109.09 115.43 122.5 147.67 168.12 180.81 159.33 133.5 121.97 117.02 119.5 128.85 144.12 160.36 177.15 189.9 189.63 170.0 155.42 143.7 133.68 133.67 129.8 125.95 125.0 125.01 134.5 154.93 180.09 219.08 178.95 160.22 150.88 145.88 142.97 139.07 150.09 171.17 176.63 169.12 162.12 135.15 123.54 131.27 121.95 126.05 112.7 108.82 105.0 114.14 127.75 178.61 181.71 164.98 150.47 134.44 117.05 113.52 118.79 122.32 151.3 133.7 132.92 136.89 132.27 111.54 87.65 98.8 100.0 83.39 86.49 86.39 88.13 89.69 90.99 88.95 93.24
