224 5
1 27 31 30 29
1 0 0 0 0 0 3 1 2 3 0 80 12.42
10 0 6 9 7 10 3 4 14 18 1 77 13.41
2 0 5 6 6 5 3 5 10 25 1 47 11.95
8 0 2 7 6 2 3 8 13 20 1 64 12.31
5 0 2 1 4 8 3 6 7 19 11 90 11.06
8 0 3 1 9 7 3 9 17 21 3 73 13.22
8 0 5 2 3 6 1 11 16 86 11.45
1 0 2 3 9 3 1 10 16 86 9.85
3 0 6 10 3 2 1 29 9 70 7.56
1 0 9 1 1 9 2 15 30 11 94 7.86
9 0 8 6 1 5 1 12 17 76 11.78
10 1 0 0 0 0 2 16 21 24 107 9.21
1 0 5 3 1 10 1 22 26 82 10.23
6 0 1 9 5 5 1 24 9 75 11.7
9 0 10 6 5 2 2 16 23 11 95 13.34
7 0 4 1 9 6 1 26 12 91 11.68
3 0 1 5 2 8 2 27 30 34 87 11.07
9 0 3 4 5 5 1 29 11 101 12.12
9 0 9 1 1 8 1 20 11 95 14.1
2 0 3 5 10 3 1 26 16 92 8.61
5 0 3 7 8 9 1 25 20 96 7.82
2 1 0 0 0 0 1 22 34 93 13.11
8 0 1 10 2 3 2 23 28 36 98 7.73
2 0 9 3 4 9 1 27 44 92 7.99
6 1 0 0 0 0 1 27 15 90 8.28
10 0 9 6 6 3 1 26 25 84 9.99
9 0 4 3 2 2 1 28 35 117 8.26
2 0 7 6 5 6 1 29 46 122 13.73
3 0 2 9 4 2 1 31 44 96 12.16
4 0 1 5 2 3 1 31 48 96 11.61
4 0 5 2 10 1 1 31 37 79 8.76
1 0 0 0 0 0 0 52 113 9.98
1 0 0 0 0 0 3 33 34 35 0 79 13.06
9 0 9 0 0 0 3 37 43 56 1 77 9.64
3 0 0 0 4 0 3 36 38 59 1 47 13.86
9 0 8 0 0 0 3 40 42 48 1 64 8.97
3 0 0 0 3 0 2 48 49 4 66 11.81
7 0 0 0 5 0 3 41 51 53 10 85 10.88
10 0 0 8 0 0 3 39 44 45 4 63 13.14
1 0 0 0 5 0 2 47 54 14 88 11.49
5 0 0 0 0 10 3 45 46 57 10 84 7.87
9 1 0 0 0 0 3 52 55 59 17 101 12.61
3 0 0 6 0 0 3 47 50 55 10 59 8.14
4 0 5 0 0 0 1 57 10 55 10.85
8 0 0 0 3 0 1 56 14 102 13.25
9 0 1 0 0 0 2 52 53 15 67 10.32
9 0 0 0 0 4 1 51 15 90 13.19
1 0 0 0 0 7 2 52 58 15 60 8.45
9 0 0 0 0 3 1 51 10 80 14.24
1 0 0 0 0 10 2 55 58 7 49 8.16
2 0 0 0 6 0 1 59 13 94 10.58
2 0 0 0 0 8 1 54 24 104 10.52
6 0 7 0 0 0 2 60 62 26 96 10.88
4 1 0 0 0 0 2 54 58 24 77 10.83
9 0 0 0 0 10 2 60 62 28 99 8.65
9 0 0 5 0 0 2 61 62 26 101 9.21
8 0 5 0 0 0 1 57 22 76 7.24
4 0 9 0 0 0 1 61 30 74 14.29
1 1 0 0 0 0 1 61 28 81 13.68
1 0 0 0 0 3 1 60 26 105 8.01
7 0 0 5 0 0 1 63 37 105 12.83
9 0 0 0 1 0 1 63 35 99 11.16
4 0 0 7 0 0 1 63 37 107 10.23
1 0 0 0 0 0 0 44 101 7.83
1 0 0 0 0 0 3 65 66 67 0 67 12.15
9 0 2 0 0 10 3 72 75 76 1 90 9.55
7 0 10 9 9 6 3 68 70 84 1 87 10.89
3 0 8 8 9 0 1 86 1 80 12.93
6 0 0 10 4 6 3 69 71 78 8 56 12.05
7 0 2 0 10 8 2 73 85 14 88 12.29
5 0 5 5 3 1 1 74 8 85 13.89
9 0 0 6 0 6 2 77 89 14 77 11.51
4 0 4 4 3 0 1 73 10 94 7.92
10 0 0 7 0 4 3 74 80 93 21 108 7.5
9 1 0 0 0 0 1 79 31 100 10.16
6 1 0 0 0 0 1 82 10 72 9.7
7 0 0 2 7 8 2 83 86 10 59 12.81
8 0 0 9 9 8 1 81 23 80 12.26
7 1 0 0 0 0 1 90 14 83 8.63
8 1 0 0 0 0 1 87 40 87 9.96
4 0 5 5 8 9 1 88 31 88 9.21
3 0 0 0 3 4 2 82 91 31 78 9.43
1 0 10 8 6 9 2 92 94 34 78 10.25
4 0 3 7 7 2 1 94 17 80 7.9
9 0 1 8 0 9 1 91 8 84 8.05
8 0 3 8 0 10 1 88 21 76 13.17
9 1 0 0 0 0 2 87 93 17 83 8.8
6 0 3 6 1 8 2 90 91 48 103 9.86
9 0 0 3 0 0 1 94 35 87 13.16
3 0 2 2 0 5 1 93 23 82 9.45
6 0 0 3 5 4 1 92 54 101 9.38
8 0 7 3 5 2 1 92 54 133 8.36
2 0 1 4 0 7 1 95 62 101 10.92
7 0 4 8 7 6 1 95 31 90 13.4
2 0 9 0 5 10 1 95 44 99 7.93
1 0 0 0 0 0 0 64 103 12.89
1 0 0 0 0 0 3 97 98 99 0 60 8.18
9 1 0 0 0 0 1 120 1 54 10.51
2 0 3 10 7 7 2 101 108 1 61 13.3
2 0 2 8 1 8 3 100 102 104 1 82 7.3
10 0 4 5 9 5 2 103 110 3 64 8.48
10 0 9 4 4 7 3 106 119 120 3 65 9.3
7 0 9 1 5 7 1 115 3 91 8.22
6 0 5 3 5 1 3 105 113 118 13 60 7.49
10 0 7 6 9 2 3 107 114 115 3 54 14.04
6 1 0 0 0 0 2 114 117 19 105 11.41
3 1 0 0 0 0 2 122 125 13 63 7.94
10 0 10 10 6 8 3 109 116 121 13 95 10.82
8 0 1 5 6 5 2 112 114 3 56 7.93
3 1 0 0 0 0 3 111 117 118 23 81 11.57
4 0 9 4 6 6 1 111 13 65 11.85
7 0 8 6 9 5 3 112 119 122 26 78 13.65
8 0 10 6 10 3 1 120 33 85 9.45
10 1 0 0 0 0 3 116 121 126 19 69 9.67
9 0 4 4 8 5 2 116 123 25 103 7.66
6 0 1 1 9 1 2 118 122 13 92 11.2
7 0 6 2 4 2 1 124 34 101 7.21
9 1 0 0 0 0 2 119 124 26 77 10.07
2 0 10 6 10 6 1 126 26 105 14.21
8 0 9 6 9 8 2 123 125 35 94 11.1
7 0 1 9 6 1 1 124 41 105 14.08
3 0 9 1 8 9 1 125 29 92 8.75
5 0 6 8 10 4 1 123 33 77 9.41
5 0 5 4 1 8 1 126 43 109 8.68
6 0 1 2 6 5 1 127 48 104 7.87
2 0 7 2 4 10 1 127 43 96 9.37
4 0 4 7 5 2 1 127 48 114 11.5
1 0 0 0 0 0 0 54 93 12.67
1 0 0 0 0 0 3 129 130 131 0 83 12.52
2 0 1 7 2 2 3 134 137 149 1 55 9.94
5 0 7 3 3 6 1 149 1 88 12.39
8 0 9 7 3 8 3 132 133 135 1 85 12.27
6 0 6 5 1 1 3 139 148 152 9 66 10.21
8 0 1 7 1 1 3 134 136 141 9 96 7.3
1 0 10 1 1 3 1 150 17 68 11.06
4 0 10 9 6 2 2 138 153 9 56 8.98
1 0 6 3 8 3 3 143 144 145 17 71 12.6
8 0 5 7 4 8 2 142 148 3 56 10.9
5 0 3 3 7 9 3 146 151 152 13 84 7.73
2 0 1 8 1 4 1 140 15 90 9.59
4 0 3 5 9 2 1 143 17 73 8.07
9 1 0 0 0 0 2 147 148 17 105 13.93
5 0 1 10 6 1 2 146 157 11 89 11.18
9 1 0 0 0 0 3 151 153 155 21 104 9.23
2 0 7 4 5 9 2 146 156 18 99 7.85
7 1 0 0 0 0 2 147 154 18 98 9.55
2 1 0 0 0 0 1 158 20 64 10.23
4 0 7 3 3 3 1 155 26 94 12.99
1 0 5 1 1 5 2 150 154 26 76 13.32
9 1 0 0 0 0 3 150 152 153 6 80 11.38
5 0 7 9 8 4 1 155 27 80 14.08
3 1 0 0 0 0 2 154 156 30 79 8.4
3 0 1 8 5 10 1 156 18 84 12.43
4 0 3 6 2 1 2 157 158 30 108 13.83
10 0 6 6 4 7 1 158 33 100 10.76
2 0 8 8 9 8 1 157 32 110 9.46
5 0 7 2 1 6 1 159 33 82 10.0
1 0 7 9 1 9 1 159 34 74 12.4
8 0 9 1 5 3 1 159 43 112 12.31
1 0 0 0 0 0 0 51 110 10.39
1 0 0 0 0 0 3 161 162 163 0 70 13.24
5 0 3 8 1 1 3 166 179 185 1 56 12.79
9 0 2 3 4 1 3 164 168 170 1 63 13.4
2 0 8 5 6 3 3 169 171 176 1 81 9.76
6 0 3 7 3 5 3 165 166 167 10 88 13.01
10 0 9 8 3 6 3 174 177 182 16 69 9.11
2 0 10 3 9 5 3 172 173 188 16 69 7.64
6 0 6 7 3 10 3 169 172 180 16 72 9.51
9 0 8 10 10 2 3 171 172 173 10 86 7.88
4 0 5 3 7 8 3 179 184 189 22 102 10.67
3 1 0 0 0 0 3 178 180 181 10 67 10.05
4 1 0 0 0 0 3 174 175 177 19 99 7.39
9 1 0 0 0 0 2 182 187 22 88 8.81
10 0 7 3 9 1 3 176 181 186 19 100 7.8
2 1 0 0 0 0 3 181 183 184 26 97 8.82
1 0 5 1 3 1 3 178 183 184 23 66 12.4
10 0 4 9 6 10 2 182 187 29 92 8.43
2 1 0 0 0 0 3 178 180 183 26 70 10.74
4 0 7 9 2 3 2 179 187 28 97 7.88
3 0 2 10 6 3 2 186 188 32 81 8.3
10 0 8 6 9 3 1 185 28 106 8.3
6 0 3 4 1 1 1 189 29 88 7.53
7 0 10 8 4 3 1 189 39 112 8.46
4 0 5 3 1 1 1 190 28 109 13.14
8 0 9 2 5 1 1 185 28 92 12.49
2 0 1 10 7 9 2 186 188 38 113 11.62
1 0 4 6 10 9 1 190 40 93 11.45
4 0 6 9 3 4 1 190 39 114 13.85
5 0 5 6 10 4 1 191 40 105 12.17
1 0 2 1 6 3 1 191 46 108 11.47
4 0 5 2 5 7 1 191 43 97 14.17
1 0 0 0 0 0 0 47 123 11.98
1 0 0 0 0 0 3 193 194 195 0 47 13.62
4 0 8 4 9 5 3 196 200 215 1 64 11.52
4 0 5 3 6 2 3 199 205 214 1 77 10.91
8 0 5 0 0 9 2 198 206 1 52 12.03
2 0 0 1 4 0 2 197 202 5 64 8.88
7 0 3 0 9 0 2 208 210 7 72 7.39
4 0 0 8 1 6 1 201 9 61 12.32
1 0 3 3 5 3 1 220 5 61 12.53
9 0 4 7 1 4 3 202 204 211 5 63 7.92
8 1 0 0 0 0 2 209 218 13 99 12.87
5 1 0 0 0 0 3 203 212 213 14 95 10.4
10 1 0 0 0 0 1 216 19 108 8.36
10 0 1 7 0 8 1 207 14 85 7.72
10 1 0 0 0 0 1 211 5 95 13.56
4 0 0 1 4 3 1 214 9 81 10.14
3 1 0 0 0 0 1 210 24 104 7.52
2 1 0 0 0 0 2 212 214 14 94 8.25
4 0 2 0 10 9 1 217 21 72 8.82
7 0 8 1 1 10 1 221 27 81 8.55
5 0 3 5 0 1 1 221 15 73 7.53
7 0 7 2 5 1 1 219 19 75 11.92
6 0 0 9 5 0 1 216 19 74 11.56
5 0 5 10 0 1 2 217 218 16 94 12.47
10 0 6 8 3 6 1 221 5 73 8.02
1 0 5 3 4 0 1 217 29 84 13.44
2 0 0 5 0 3 1 222 30 95 10.93
1 0 1 10 8 10 2 219 222 21 65 11.18
1 0 5 4 6 8 1 220 26 102 13.47
10 0 0 7 0 1 1 223 27 103 13.3
8 0 0 0 9 1 1 223 34 105 13.9
3 0 4 1 0 0 1 223 32 104 8.79
1 0 0 0 0 0 0 42 115 14.13
118.61 106.45 101.44 98.81 100.99 110.05 134.2 143.67 149.08 132.38 110.37 109.41 90.85 97.69 99.79 85.42 114.43 105.42 109.84 142.85 151.22 131.88 110.4 91.46 104.19 94.75 89.95 88.99 89.44 93.67 111.41 118.73 116.13 91.29 83.34 81.26 86.08 79.91 76.02 74.34 84.79 92.57 89.0 112.47 128.72 119.55 115.9 100.0 95.1 83.93 80.72 81.43 81.54 94.05 113.66 116.46 114.08 96.59 84.68 77.34 63.67 46.02 36.98 49.8 76.89 81.48 101.47 118.11 138.09 137.6 117.58 104.57 100.91 95.73 89.1 86.4 87.77 98.5 107.29 107.57 104.93 88.28 79.62 65.33 45.17 39.34 39.25 56.39 76.55 86.99 100.03 112.59 132.34 132.27 120.31 107.33 103.55 98.01 93.32 89.8 90.67 95.58 104.78 102.99 101.96 92.19 81.38 71.53 61.66 41.05 32.04 50.0 70.94 95.0 105.88 112.89 120.83 117.01 109.68 103.13 112.0 104.43 103.56 97.52 93.47 89.89 85.09 87.79 82.96 60.06 18.19 3.0 0.22 0.0 0.0 0.22 23.08 71.54 106.94 110.28 119.41 123.65 125.0 115.42 115.05 108.56 107.78 106.85 104.04 100.25 95.11 91.59 79.26 36.95 4.28 0.05 0.0 0.0 0.0 0.0 2.32 71.81 102.22 115.58 122.12 128.07 126.94 115.63 113.78 103.11 97.31 93.57 97.3 108.18 117.87 119.7 103.12 87.75 81.22 77.69 71.95 65.01 58.01 67.28 85.23 99.88 117.0 150.05 186.21 164.52 128.73 114.94 107.59 102.64 92.71 88.22 87.18 93.0 110.69 113.26 106.74 90.29 76.31 64.27 61.73 49.76 50.47 64.91 83.37 100.22 117.11 136.16 147.62 144.83 120.52 110.6 97.93 92.89 85.63 82.27 82.94 88.98 106.05 112.86 111.66 103.18 88.93 85.5 82.8 81.76 78.61 83.81 91.1 95.54 105.52 125.0 143.17 134.85 116.44 108.94 105.09 100.09 91.7 89.3 90.21 93.89 108.91 114.11 105.92 93.1 85.0 77.07 70.17 67.76 57.1 71.34 88.48 94.73 112.75 128.76 139.96 134.5 125.07 114.18 107.84 99.69 96.24 96.29 97.95 107.46 116.86 115.82 109.4 97.77 84.84 82.01 80.0 73.02 71.2 72.68 87.65 91.87 101.9 120.0 142.41 139.5 124.58 111.94 103.49 104.13 102.01 99.65 96.93 95.73 97.07 86.1 78.11 52.32 10.0 0.65 0.0 -0.01 0.0 4.09 40.39 84.6 106.66 115.13 120.72 111.15 105.48 98.02 98.1 88.55 91.3 99.42 99.81 96.71 95.24 78.03 74.6 40.61 8.52 1.96 0.0 -0.01 0.0 8.53 69.88 94.7 104.51 115.63 122.54 126.75 117.31 108.24 91.62 84.97 84.12 83.96 84.96 94.24 116.33 123.34 118.99 105.0 97.67 93.45 84.94 83.84 82.95 84.94 92.6 103.86 119.85 145.57 111.39 113.65 101.91 99.9 90.37 87.53 84.89 82.27 83.7 91.4 109.11 108.66 100.22 91.99 83.17 70.01 64.53 23.99 12.57 42.89 69.94 87.04 112.05 135.55 99.43 106.55 101.3 101.58 93.63 88.67 88.96 84.58 88.72 93.04 95.34 102.74 96.5 82.81 70.63 76.77 69.62 69.5 69.06 70.66 82.27 95.45 122.48 181.21 176.27 93.76 98.89 100.0 97.21 99.22 94.6 93.45 95.37 102.99 110.98 115.44 109.36 96.42 89.86 85.09 82.69 83.21 84.56 89.86 98.56 105.66
