224 5
1 31 35 32 33
1 0 0 0 0 0 3 1 2 3 0 74 14.26
8 0 9 1 8 9 3 15 17 18 1 78 12.95
2 0 7 10 5 2 3 5 12 14 1 79 14.12
6 0 8 6 10 10 3 4 6 27 1 46 21.39
10 0 10 7 1 4 2 7 11 7 58 23.55
1 0 5 3 8 7 3 8 11 22 3 48 24.14
8 0 5 7 7 3 2 13 16 7 83 17.54
6 1 0 0 0 0 2 15 17 17 77 14.07
8 0 9 1 1 9 2 9 10 4 62 17.23
8 0 7 6 7 10 1 16 12 84 20.72
1 0 7 4 6 2 1 28 12 51 15.3
1 1 0 0 0 0 3 17 18 25 17 72 18.69
4 0 1 5 8 2 3 26 27 30 3 58 14.13
3 0 5 4 6 3 2 14 21 15 57 22.58
4 1 0 0 0 0 2 22 29 18 80 22.83
5 0 2 8 6 4 2 22 29 23 67 16.11
7 1 0 0 0 0 3 18 20 23 20 67 23.91
6 0 1 5 8 10 2 19 24 23 95 23.0
5 1 0 0 0 0 1 24 27 87 18.9
6 0 1 10 2 2 1 23 29 77 13.12
10 0 7 9 7 2 1 25 27 107 19.04
8 0 5 2 8 3 2 24 25 18 92 12.41
8 0 4 5 8 5 1 23 28 75 20.54
2 0 1 10 5 9 1 30 36 104 14.04
8 0 1 8 4 9 1 26 32 75 14.35
4 0 7 6 7 9 3 26 29 30 37 81 15.83
2 0 8 1 8 10 1 28 41 87 15.35
10 0 6 1 4 5 1 28 7 77 16.07
6 0 5 8 9 8 1 31 43 101 13.56
9 0 7 10 3 6 1 31 41 110 19.78
7 0 10 3 3 2 1 31 41 88 19.39
1 0 0 0 0 0 0 50 118 14.44
1 0 0 0 0 0 3 33 34 35 0 71 17.87
7 0 3 9 6 5 3 38 39 43 1 68 22.16
9 0 10 5 8 10 2 36 43 1 80 18.7
7 0 5 5 9 2 1 37 1 72 20.73
4 0 5 4 8 8 1 61 10 83 16.81
9 0 9 8 10 4 3 40 45 47 8 80 16.29
7 0 1 9 5 5 1 60 8 69 13.04
5 0 6 8 6 8 3 44 54 56 8 70 15.41
7 0 8 5 7 2 3 41 42 49 17 97 23.59
5 1 0 0 0 0 1 51 24 96 13.55
4 0 4 9 8 5 3 53 58 59 24 92 24.03
9 0 7 9 7 4 1 45 10 72 22.48
3 1 0 0 0 0 3 46 50 52 13 90 15.98
2 0 6 2 4 9 1 48 19 78 12.78
5 1 0 0 0 0 1 60 16 70 18.49
8 1 0 0 0 0 1 48 17 69 24.09
2 0 6 5 2 3 1 55 25 80 21.27
9 0 7 8 6 1 1 58 24 75 19.4
1 1 0 0 0 0 1 51 16 93 13.97
10 0 9 6 5 3 1 53 29 86 22.41
5 1 0 0 0 0 1 57 16 96 17.49
2 0 8 1 2 2 2 55 57 39 77 13.4
2 0 3 4 9 10 1 59 13 62 13.87
10 0 6 3 4 3 1 61 41 118 19.5
8 0 9 4 8 8 2 57 62 13 70 21.03
1 0 7 2 9 5 1 60 41 77 17.03
9 0 4 1 4 2 1 62 33 93 12.81
4 0 10 5 7 6 1 62 28 77 20.93
8 0 10 4 5 7 1 63 42 113 21.07
4 0 1 3 1 5 1 63 51 101 14.08
1 0 4 2 3 8 1 63 42 87 22.35
1 0 0 0 0 0 0 55 111 19.86
1 0 0 0 0 0 3 65 66 67 0 66 18.0
8 0 10 5 3 0 2 71 75 1 48 19.05
6 0 0 3 0 6 3 69 70 79 1 56 15.53
8 0 0 8 3 6 3 68 72 83 1 78 20.28
6 0 9 5 2 10 3 70 76 78 9 71 21.37
8 0 5 0 0 4 1 85 7 87 23.94
6 0 2 6 0 0 1 73 15 63 13.82
2 0 3 2 2 5 2 91 94 9 52 24.33
8 0 3 9 10 4 2 82 86 9 57 21.65
2 1 0 0 0 0 3 74 77 82 21 93 19.54
4 1 0 0 0 0 2 80 81 23 83 13.59
7 0 4 10 0 9 3 77 83 92 9 91 22.11
4 0 6 2 10 0 3 84 85 92 15 76 22.79
3 1 0 0 0 0 1 90 23 95 17.4
7 0 0 8 9 3 3 82 88 89 15 62 15.12
5 0 4 0 10 1 2 84 85 7 84 22.01
5 1 0 0 0 0 1 87 27 74 19.6
3 0 5 4 1 4 2 86 90 27 87 19.76
10 1 0 0 0 0 2 87 90 23 105 22.91
7 0 2 9 0 0 1 88 16 67 23.07
8 0 2 7 2 8 2 88 89 19 100 17.68
6 1 0 0 0 0 2 89 91 19 84 19.68
2 1 0 0 0 0 1 87 30 104 16.63
3 0 4 3 10 0 2 92 94 33 101 12.58
10 0 4 1 0 0 2 93 94 27 98 23.9
3 0 0 0 7 7 1 93 27 84 17.5
8 0 5 0 7 0 1 91 33 101 23.62
4 0 0 9 10 7 1 93 41 100 24.39
4 0 6 4 4 8 1 95 36 90 22.8
5 0 1 0 0 4 1 95 45 96 22.63
4 0 2 3 8 9 1 95 37 104 23.99
1 0 0 0 0 0 0 50 111 16.58
1 0 0 0 0 0 3 97 98 99 0 61 20.16
6 0 0 0 8 1 3 100 103 118 1 61 15.96
1 0 0 8 6 5 3 103 109 112 1 77 15.08
2 0 9 2 0 5 3 101 104 108 1 73 20.09
9 0 0 3 0 3 3 102 115 116 7 70 15.42
8 0 0 0 0 1 3 102 106 115 3 79 15.32
5 0 0 3 0 9 1 109 16 64 16.18
5 0 0 7 5 0 3 105 107 111 7 78 12.42
6 0 0 0 0 7 3 119 120 121 3 69 14.62
4 1 0 0 0 0 2 108 117 12 82 21.36
8 0 0 10 0 3 3 111 113 123 11 58 20.29
4 0 0 0 0 8 3 110 113 120 12 77 15.07
10 0 0 2 5 0 1 122 16 82 22.85
9 0 0 0 9 0 2 113 117 21 103 24.1
2 1 0 0 0 0 1 125 16 59 21.62
7 0 8 0 1 2 2 114 120 19 70 15.13
6 0 0 6 7 6 1 114 2 81 12.62
1 1 0 0 0 0 1 114 30 75 14.92
9 0 8 0 0 9 2 122 125 31 83 18.39
10 0 0 10 0 0 1 119 16 88 15.1
7 0 1 3 0 8 2 117 119 16 88 23.29
10 0 0 0 8 1 1 122 30 105 15.64
10 1 0 0 0 0 1 126 7 79 18.87
9 0 0 3 0 0 2 123 126 26 87 24.36
3 1 0 0 0 0 1 125 26 75 14.81
5 0 0 10 0 7 2 123 126 9 87 12.65
5 0 2 0 8 10 1 124 40 102 14.53
7 0 6 0 10 1 1 124 35 104 19.01
8 0 5 0 0 0 1 127 45 97 15.74
8 0 5 5 10 0 1 127 40 91 15.29
10 0 7 0 3 2 1 127 35 107 19.58
1 0 0 0 0 0 0 53 104 20.08
1 0 0 0 0 0 3 129 130 131 0 56 15.09
5 0 3 0 0 0 3 134 137 143 1 75 13.11
2 0 0 9 0 0 3 132 139 143 1 45 21.78
5 0 0 1 0 0 3 132 133 135 1 80 12.5
6 0 0 7 0 0 3 137 151 157 6 70 14.03
7 0 0 0 1 0 3 138 140 142 6 78 14.02
8 0 0 0 0 2 3 139 140 145 6 73 18.73
1 0 0 0 0 9 3 136 140 150 6 71 19.84
7 0 0 1 0 0 3 139 145 147 7 83 14.43
5 0 0 0 0 2 1 148 12 90 20.45
6 0 0 0 5 0 3 141 143 145 13 81 22.87
9 0 0 0 0 3 2 146 152 14 94 18.37
5 0 0 0 0 10 1 147 14 63 16.74
10 1 0 0 0 0 1 148 19 90 21.55
8 0 10 0 0 0 3 147 153 154 13 69 14.96
5 0 2 0 0 0 3 144 149 151 19 91 17.15
7 1 0 0 0 0 3 146 148 152 24 91 14.64
2 0 0 8 0 0 3 146 149 151 19 61 21.57
8 1 0 0 0 0 3 154 155 157 31 108 18.79
2 1 0 0 0 0 2 149 157 21 81 13.77
4 0 0 5 0 0 1 150 31 85 16.67
5 1 0 0 0 0 2 155 158 24 96 13.69
8 0 8 0 0 0 2 153 156 35 107 21.51
7 1 0 0 0 0 1 152 24 90 22.66
7 0 0 0 0 9 3 153 154 155 31 74 19.11
3 0 0 4 0 0 1 158 43 81 19.52
5 0 0 4 0 0 2 156 158 39 90 12.59
1 0 5 0 0 0 1 156 39 92 18.77
5 0 0 0 10 0 1 159 44 89 19.29
3 0 0 6 0 0 1 159 39 94 16.93
10 0 6 0 0 0 1 159 46 108 21.58
1 0 0 0 0 0 0 56 99 12.47
1 0 0 0 0 0 3 161 162 163 0 53 20.92
10 0 1 0 0 0 2 167 174 1 62 22.46
5 0 0 0 0 10 3 170 172 186 1 69 17.19
2 0 4 0 5 8 3 164 166 175 1 49 13.0
4 0 2 0 0 8 3 165 178 180 3 82 16.63
6 0 0 0 4 2 1 182 7 69 15.87
6 0 0 4 7 2 2 169 189 3 76 16.77
2 0 0 1 0 2 3 168 171 179 11 79 22.98
2 0 7 0 0 6 2 176 181 13 63 19.28
7 0 9 0 8 0 2 173 186 9 67 15.44
2 0 1 0 4 0 1 171 6 65 18.54
2 0 2 2 6 5 1 184 13 62 12.73
6 0 1 5 0 0 1 184 6 66 18.84
7 0 0 6 0 0 2 177 183 16 83 13.51
1 0 0 10 0 0 1 186 11 61 14.35
3 0 7 4 1 0 1 187 3 81 15.73
5 0 0 4 1 0 2 178 189 15 62 18.2
4 1 0 0 0 0 1 184 23 95 13.77
4 1 0 0 0 0 1 185 20 92 15.97
5 0 0 7 0 3 1 185 13 74 14.16
9 0 6 5 0 0 1 189 7 78 22.28
2 0 9 6 0 0 1 183 15 75 21.68
9 0 7 4 1 10 2 188 190 13 88 15.8
7 1 0 0 0 0 1 185 23 77 19.11
10 0 6 0 6 0 1 187 27 90 13.43
9 0 0 8 0 0 1 188 30 79 13.49
1 0 0 0 0 7 1 187 16 62 22.95
8 0 0 3 0 8 1 190 37 83 17.25
2 0 0 2 0 8 1 191 39 106 21.21
6 0 0 7 9 7 1 191 20 82 14.54
4 0 7 0 0 6 1 191 45 92 17.42
1 0 0 0 0 0 0 49 91 12.51
1 0 0 0 0 0 3 193 194 195 0 72 16.64
8 0 8 3 3 8 2 196 206 1 66 14.85
2 0 2 10 0 5 3 197 200 202 1 61 12.63
9 0 3 0 10 7 3 199 201 204 1 79 13.24
5 0 2 2 0 0 3 197 202 208 9 57 24.5
6 0 3 0 9 0 3 198 199 201 14 76 14.6
3 0 10 10 0 6 3 203 205 213 20 85 13.14
3 1 0 0 0 0 3 203 209 218 20 94 19.87
6 0 10 1 6 0 3 206 213 214 3 68 13.93
2 0 3 10 9 0 3 205 209 214 20 94 12.97
5 0 4 0 1 5 3 210 216 217 14 93 18.42
2 1 0 0 0 0 2 211 221 23 64 13.26
4 0 1 4 5 0 3 206 207 219 10 72 22.15
5 1 0 0 0 0 2 210 215 23 88 14.94
8 0 6 3 8 0 3 212 221 222 14 87 13.55
10 1 0 0 0 0 3 210 211 216 14 81 18.32
7 0 0 8 10 7 3 209 211 215 14 85 18.67
8 1 0 0 0 0 2 213 217 23 91 14.88
3 0 0 3 0 4 2 212 218 28 102 14.72
5 0 9 0 3 6 2 212 214 25 78 19.57
10 0 5 7 0 3 1 220 31 108 23.9
7 0 8 5 5 1 1 219 31 98 23.81
5 0 0 0 9 0 1 217 30 83 17.14
7 0 8 9 9 2 3 216 218 219 28 98 22.92
8 0 0 4 0 6 1 221 35 92 16.33
10 0 2 3 0 3 2 220 222 35 108 14.21
2 0 5 4 7 0 1 220 35 98 21.89
5 0 4 0 1 4 1 222 38 99 20.76
5 0 6 6 2 5 1 223 45 98 18.5
3 0 10 9 7 1 1 223 43 91 20.53
2 0 5 5 4 6 1 223 45 87 22.49
1 0 0 0 0 0 0 50 116 19.28
70.16 75.77 49.86 75.77 81.4 83.41 99.48 115.82 114.3 109.19 105.26 105.0 106.69 104.1 110.38 114.04 135.05 134.37 133.83 137.35 126.04 125.0 114.54 82.24 80.32 79.22 79.74 79.85 81.35 89.58 107.0 115.74 130.51 115.46 108.71 107.88 106.03 110.98 126.26 126.47 138.57 140.0 140.0 130.0 115.31 99.28 94.91 72.8 75.77 75.77 72.0 75.29 77.42 82.79 107.52 115.52 110.69 113.27 100.69 90.53 89.66 97.25 103.26 111.82 116.31 115.55 115.0 115.0 100.53 99.63 90.64 84.26 86.81 84.12 82.44 83.42 85.29 89.99 100.92 125.0 114.66 113.31 103.57 100.51 98.73 98.68 103.87 111.48 118.2 122.02 119.54 117.06 112.28 103.81 99.01 94.94 91.57 92.05 93.08 93.21 93.09 96.19 115.46 126.04 132.17 127.54 122.93 119.51 114.01 119.73 128.64 133.96 155.0 147.84 134.4 130.04 121.48 114.62 106.87 97.49 97.98 95.14 91.76 88.59 88.21 91.54 94.82 100.48 106.57 108.51 104.16 100.36 97.62 98.45 102.39 116.89 120.91 120.74 116.91 111.2 100.7 98.61 98.16 90.35 91.55 91.09 84.25 81.08 82.4 83.41 83.41 85.49 89.0 115.0 115.0 112.71 96.76 94.15 92.95 106.29 113.47 110.0 110.0 105.61 101.39 96.02 91.95 92.1 81.86 80.19 79.95 79.54 82.9 85.97 109.02 117.93 121.79 135.48 120.0 106.54 93.35 115.0 118.12 132.8 147.81 123.5 120.17 115.18 111.77 97.78 94.55 92.81 101.9 101.09 99.99 100.55 99.99 96.07 113.68 124.87 130.33 130.39 129.35 113.86 106.68 119.76 135.95 145.29 151.1 151.48 134.97 132.38 128.92 119.62 116.64 104.1 96.18 94.03 91.48 91.38 94.28 98.81 119.69 134.91 140.0 131.89 126.81 122.19 125.23 129.61 132.76 135.91 138.31 138.66 136.56 122.18 114.71 108.46 106.8 94.91 87.89 102.66 83.46 81.46 82.0 87.63 101.95 123.73 129.68 129.24 125.0 99.46 98.2 103.82 118.8 121.29 138.01 120.07 116.83 103.98 86.03 84.36 83.67 70.18 71.81 80.26 82.53 83.21 83.82 87.39 101.38 100.22 108.41 115.0 110.89 109.58 97.31 103.13 101.83 106.3 109.9 119.1 117.21 113.97 115.0 106.45 105.26 91.61 91.28 86.84 87.09 88.18 89.35 90.81 97.39 105.37 114.44 116.1 114.11 112.75 112.1 117.45 122.27 125.12 128.85 125.42 123.12 116.57 109.6 105.16 102.52 92.89 97.36 91.06 88.75 87.77 87.42 88.68 90.67 95.49 103.75 109.12 107.57 106.72 105.16 105.49 109.19 109.36 110.13 112.16 107.66 107.06 104.01 101.9 94.08 82.94 81.22 79.54 78.54 76.01 79.32 85.18 93.99 109.36 113.03 113.18 107.92 103.68 101.79 113.23 114.87 116.89 125.33 116.38 115.15 116.17 109.66 94.0 97.98 87.38 78.08 70.96 80.01 82.93 75.19 78.08 86.36 91.9 99.51 114.99 114.99 117.87 114.99 116.55 114.99 109.99 107.14 102.05 109.11 107.0 95.88 85.96 84.59 76.09 73.65 68.73 69.6 66.65 63.53 68.12 67.26 76.55 87.79 93.89 94.71 89.99 89.99 94.99
