224 5
1 28 37 35 37
1 0 0 0 0 0 3 1 2 3 0 74 11.73
5 0 0 0 0 2 3 5 6 17 1 86 8.7
8 0 0 0 9 0 2 4 9 1 64 7.08
1 0 0 0 0 3 3 12 14 26 1 70 9.23
9 0 0 10 0 0 1 8 9 83 11.82
5 0 0 3 0 0 2 7 27 6 75 13.21
9 0 0 0 0 8 3 10 16 30 6 65 13.04
6 0 0 0 5 0 1 18 11 87 7.41
8 0 0 0 9 0 2 11 22 18 66 12.11
8 0 0 0 0 7 1 26 9 69 10.88
7 0 0 0 10 0 1 19 15 94 11.57
5 1 0 0 0 0 1 15 26 89 10.17
6 0 0 0 0 8 2 13 21 2 54 11.95
9 0 0 9 0 0 1 28 8 86 7.54
3 0 0 0 9 0 3 19 20 24 2 65 13.33
6 1 0 0 0 0 1 25 31 78 9.14
3 1 0 0 0 0 1 21 15 70 13.02
3 0 0 0 0 5 1 29 6 85 9.73
9 0 0 0 0 7 1 21 17 93 12.08
7 0 0 0 0 7 2 23 28 22 98 7.71
6 0 8 0 0 0 2 25 27 5 73 11.24
7 0 10 0 0 0 1 24 26 71 10.49
5 0 0 8 0 0 2 25 26 26 89 13.14
9 0 0 6 0 0 1 29 29 88 11.02
5 0 0 0 6 0 1 28 33 106 12.37
9 0 0 0 2 0 1 29 37 90 13.07
8 0 0 0 0 5 1 30 31 88 12.67
9 0 0 0 7 0 1 30 11 62 11.38
4 0 0 0 0 6 1 31 38 100 10.92
6 0 0 10 0 0 1 31 46 122 12.69
8 0 0 0 3 0 1 31 39 92 8.13
1 0 0 0 0 0 0 52 110 7.45
1 0 0 0 0 0 3 33 34 35 0 83 12.55
3 0 3 0 1 0 3 36 39 43 1 73 7.58
3 0 0 0 0 2 3 41 42 44 1 50 7.68
5 0 2 1 10 0 3 37 38 45 1 47 12.54
3 0 0 0 0 2 3 48 51 60 4 52 10.69
7 0 10 6 0 4 3 40 44 50 6 81 11.95
2 0 0 2 0 10 3 40 42 44 6 89 6.85
3 0 9 0 4 4 3 40 42 51 4 48 11.38
8 0 2 4 7 6 3 47 52 55 13 97 9.91
9 0 0 2 0 9 3 46 49 51 4 85 9.29
8 0 0 4 0 0 3 46 49 56 8 72 12.55
8 0 10 9 4 0 3 48 56 60 4 66 9.75
10 0 0 7 5 0 3 46 52 59 13 73 10.65
4 0 2 4 0 0 3 47 50 59 6 66 12.3
2 1 0 0 0 0 3 47 48 54 23 73 7.27
6 1 0 0 0 0 2 53 62 25 89 12.71
5 0 0 8 9 0 1 53 25 92 12.4
9 0 0 3 10 0 2 50 61 16 75 7.62
5 1 0 0 0 0 2 52 62 25 95 12.92
7 0 0 0 0 2 2 53 57 13 84 13.28
4 0 8 0 0 3 1 58 30 110 9.62
4 0 0 4 5 0 1 61 31 85 11.31
1 1 0 0 0 0 2 57 58 25 95 8.41
10 1 0 0 0 0 2 56 58 21 102 10.76
10 0 0 0 0 9 2 57 59 31 109 10.53
9 0 9 0 0 4 1 61 41 101 10.83
4 0 0 2 2 8 1 60 34 96 7.62
3 0 0 0 0 10 1 62 41 104 8.86
5 0 5 0 3 2 1 63 38 100 8.98
6 0 0 6 0 1 1 63 50 91 9.34
8 0 0 9 0 7 1 63 44 105 9.02
1 0 0 0 0 0 0 56 126 11.39
1 0 0 0 0 0 3 65 66 67 0 42 11.73
2 0 5 8 10 6 3 69 75 80 1 67 8.33
2 0 0 10 6 7 3 71 73 74 1 69 9.04
7 0 10 10 5 0 2 68 79 1 65 8.66
5 0 8 6 5 0 1 77 8 78 9.58
9 0 3 0 8 6 3 70 72 76 3 76 7.96
9 0 0 8 5 0 3 81 84 86 12 80 13.14
3 0 3 10 6 7 2 76 82 3 75 12.13
10 0 0 3 0 4 2 73 74 12 99 13.14
10 1 0 0 0 0 3 81 85 89 22 80 9.76
6 1 0 0 0 0 3 78 91 93 22 87 6.83
3 0 5 8 2 4 3 81 85 88 3 50 8.74
7 0 10 6 0 7 2 77 85 12 73 7.16
5 0 0 5 6 7 2 84 92 19 78 12.22
8 1 0 0 0 0 1 90 28 95 7.32
1 0 3 2 0 4 1 89 8 70 6.85
7 0 2 3 0 0 3 82 87 90 3 90 10.13
3 1 0 0 0 0 1 83 32 80 8.26
3 0 2 7 9 5 2 83 92 10 89 12.7
8 0 6 2 7 6 1 93 35 100 11.29
9 0 6 3 2 3 1 88 24 92 11.18
6 0 3 1 7 0 1 94 32 85 9.83
3 1 0 0 0 0 1 90 21 68 13.51
6 0 8 7 3 8 2 88 89 10 95 11.68
7 0 4 9 1 2 2 91 93 33 77 12.43
9 0 0 3 9 0 1 91 32 81 11.25
2 0 10 1 1 5 2 92 94 36 102 12.61
7 0 5 8 2 0 1 94 41 114 11.68
1 0 5 0 0 8 1 95 38 85 6.84
7 0 0 1 10 0 1 95 43 93 13.22
6 0 0 0 7 2 1 95 48 125 9.68
1 0 0 0 0 0 0 54 93 7.71
1 0 0 0 0 0 3 97 98 99 0 61 6.99
1 0 0 0 0 2 3 101 102 104 1 78 11.25
9 0 10 0 0 3 3 105 108 114 1 68 9.59
5 0 5 4 7 7 3 100 106 110 1 55 11.23
2 0 0 0 6 2 3 103 115 126 6 66 12.14
7 0 4 8 0 3 3 107 109 111 2 54 12.97
9 0 1 9 1 10 1 117 2 80 12.52
6 0 4 10 2 4 2 111 116 8 67 9.12
7 0 5 6 10 7 3 112 113 118 2 78 9.35
10 0 10 0 9 8 3 115 118 119 10 61 7.87
6 0 5 8 6 9 1 112 6 58 11.89
5 0 0 7 10 0 2 110 121 9 81 9.72
10 0 1 0 0 3 3 109 115 119 10 62 11.47
5 1 0 0 0 0 2 110 113 20 90 9.32
6 0 4 3 5 0 3 112 120 125 25 87 7.37
10 1 0 0 0 0 1 117 14 71 12.97
2 0 0 7 3 2 1 123 31 84 8.64
5 0 9 9 1 3 1 122 25 76 6.92
10 0 0 9 4 2 2 116 120 10 80 10.19
9 0 0 5 3 9 2 122 124 20 100 10.16
3 0 2 0 3 7 1 124 20 65 11.45
1 0 6 2 0 4 2 118 122 24 77 7.46
7 0 9 10 0 0 1 125 25 90 12.27
2 1 0 0 0 0 2 120 121 20 87 11.75
2 0 1 7 9 0 1 126 31 85 13.13
9 0 5 0 7 10 1 126 22 79 7.78
8 0 4 10 0 9 1 125 30 103 8.1
1 0 2 4 1 0 1 124 33 78 10.4
1 0 10 5 0 9 1 127 34 109 9.4
1 0 5 1 9 1 1 127 38 79 7.43
3 0 8 0 7 4 1 127 33 82 10.6
1 0 0 0 0 0 0 39 99 6.78
1 0 0 0 0 0 3 129 130 131 0 78 8.13
3 0 8 0 0 9 3 134 135 138 1 57 9.08
7 0 3 0 1 9 3 132 136 147 1 63 12.02
6 0 10 7 6 9 3 140 142 143 1 54 11.79
4 0 7 6 8 10 3 133 140 141 8 87 11.04
6 0 10 4 7 0 2 139 149 12 91 9.95
7 0 6 6 0 9 1 150 4 77 9.28
9 0 0 8 3 7 2 137 152 4 75 8.4
9 0 2 2 10 4 2 140 141 8 77 13.13
3 0 1 9 3 8 3 146 148 158 13 86 11.45
7 0 5 7 9 6 2 145 151 4 87 13.09
8 0 0 0 2 10 1 144 18 79 11.02
1 0 1 10 10 4 3 146 148 150 17 94 10.24
5 0 1 7 4 1 2 150 151 17 75 10.78
5 0 10 1 0 6 3 144 149 157 7 84 11.08
5 0 5 6 7 6 2 146 155 7 62 8.63
10 1 0 0 0 0 1 145 26 75 10.1
5 1 0 0 0 0 1 152 36 95 10.54
1 0 5 0 6 5 1 156 18 73 7.89
10 0 0 5 0 1 3 154 155 157 8 73 11.43
2 0 4 0 6 8 3 149 154 157 18 82 11.22
7 0 3 4 0 0 1 156 20 72 8.28
8 0 5 5 9 0 1 153 22 88 11.68
4 1 0 0 0 0 1 158 22 85 9.41
4 0 1 5 0 10 2 153 154 41 82 12.51
9 0 0 8 0 4 1 155 45 104 13.16
8 0 9 4 0 0 1 156 45 107 9.2
5 0 1 6 0 3 1 158 54 116 7.2
10 0 0 3 0 2 1 159 53 115 13.23
4 1 0 0 0 0 1 159 20 66 9.41
1 0 5 6 6 0 1 159 59 95 8.74
1 0 0 0 0 0 0 63 101 8.08
1 0 0 0 0 0 3 161 162 163 0 43 10.05
2 0 0 9 0 0 3 164 165 166 1 75 8.05
7 0 0 0 2 0 3 169 173 174 1 68 7.89
9 0 8 6 0 3 3 164 166 167 1 64 7.28
7 1 0 0 0 0 3 171 172 176 10 63 12.11
6 0 8 0 2 0 3 170 172 177 3 51 7.4
2 0 0 8 0 0 3 168 173 187 10 75 8.7
2 0 0 10 7 0 3 173 181 184 10 65 8.74
8 0 0 3 0 0 3 171 180 190 12 84 8.19
6 0 1 0 0 10 1 170 8 84 10.87
8 0 10 6 0 6 2 175 176 14 95 10.48
2 1 0 0 0 0 2 175 183 20 79 11.32
1 0 9 0 0 3 3 175 178 181 17 74 8.5
9 1 0 0 0 0 3 180 182 183 12 78 13.02
3 0 0 4 0 2 3 179 181 184 8 75 9.05
7 0 0 9 5 0 1 189 22 72 9.91
2 1 0 0 0 0 2 178 179 22 70 9.03
3 0 0 0 5 9 3 178 180 184 9 59 9.3
7 0 3 3 0 7 3 182 187 188 24 71 8.6
8 1 0 0 0 0 2 182 186 24 81 11.39
6 1 0 0 0 0 2 185 188 21 71 8.23
6 1 0 0 0 0 2 183 186 18 102 13.35
2 0 6 10 0 5 2 185 190 32 99 11.63
3 1 0 0 0 0 1 188 24 80 8.19
8 0 7 0 6 0 3 185 186 190 12 92 11.53
6 0 6 10 5 0 1 189 34 106 7.06
9 0 0 3 0 9 1 187 32 84 10.44
4 0 0 0 0 8 1 189 41 105 13.05
8 0 4 8 9 10 1 191 31 108 10.73
2 0 0 4 0 5 1 191 45 96 10.27
9 0 5 0 0 5 1 191 34 110 12.41
1 0 0 0 0 0 0 47 106 9.24
1 0 0 0 0 0 3 193 194 195 0 64 7.33
1 0 0 0 0 7 3 199 201 207 1 69 7.42
6 0 3 0 0 0 3 202 209 211 1 78 11.25
4 0 6 0 0 0 2 196 199 1 78 12.12
8 0 8 0 0 0 3 197 198 208 5 62 9.15
4 0 0 0 0 7 3 203 206 212 13 66 13.21
1 0 0 0 6 0 3 202 204 205 13 74 11.65
4 0 0 0 0 3 3 200 203 208 5 71 9.93
3 0 0 9 0 0 3 205 211 212 9 69 11.72
10 0 0 0 7 0 3 206 213 219 2 70 12.6
3 0 0 0 0 8 3 207 214 215 14 66 8.69
3 0 9 0 0 0 3 210 216 217 17 87 11.0
1 0 0 8 0 0 3 207 209 215 14 77 8.63
7 0 0 0 0 10 2 213 219 14 65 11.57
4 0 0 0 0 1 2 211 221 17 99 11.61
10 1 0 0 0 0 2 210 218 17 98 10.68
3 0 0 7 0 0 3 209 212 217 13 60 11.34
6 0 0 1 0 0 3 210 221 222 16 63 9.44
4 0 0 9 0 0 1 220 27 90 8.16
5 1 0 0 0 0 2 216 218 21 74 7.97
5 0 0 4 0 0 3 214 215 219 17 65 10.54
9 1 0 0 0 0 3 214 216 217 21 96 11.21
4 0 0 0 8 0 1 221 30 103 12.66
9 1 0 0 0 0 1 218 22 74 11.4
2 1 0 0 0 0 1 220 30 86 10.77
6 0 0 2 0 0 1 220 30 88 12.91
9 0 0 0 8 0 1 222 31 112 9.53
10 1 0 0 0 0 1 222 22 91 9.04
2 0 0 5 0 0 1 223 36 103 13.09
6 0 0 1 0 0 1 223 34 108 6.82
9 0 0 0 0 2 1 223 40 114 6.94
1 0 0 0 0 0 0 49 120 6.95
94.62 91.27 92.03 91.57 96.57 100.54 122.73 204.07 195.24 148.74 127.45 113.19 95.92 91.31 94.34 104.46 111.58 165.0 287.83 287.51 167.91 124.82 122.0 111.66 109.86 103.77 100.41 100.32 101.8 107.57 128.3 169.18 197.16 159.02 134.08 121.54 109.67 106.57 113.28 130.91 157.9 221.54 391.95 400.62 217.31 150.0 126.38 114.46 117.0 113.79 109.43 105.67 108.85 115.33 155.0 282.83 275.88 180.05 141.56 128.26 121.83 115.58 119.14 126.81 141.78 155.09 201.75 205.73 136.19 110.61 90.04 70.91 87.81 86.49 90.82 88.61 91.01 89.36 107.52 115.79 132.85 120.2 93.13 88.46 84.0 82.62 85.14 86.88 105.01 121.62 134.02 139.96 123.61 107.79 103.02 93.95 89.51 82.6 84.41 82.75 88.54 97.49 116.38 137.75 146.31 129.02 118.2 99.84 89.74 89.4 92.13 99.68 113.94 129.65 139.1 140.0 120.66 106.09 99.82 92.82 77.35 75.11 78.62 79.9 82.95 80.55 87.76 104.61 112.37 106.97 96.1 84.02 76.34 71.35 76.08 86.26 93.82 117.8 126.58 117.8 107.59 95.43 97.57 94.57 92.63 84.81 78.82 79.33 81.1 85.62 90.42 93.03 91.2 80.7 72.1 62.21 34.88 20.62 37.12 69.7 92.01 120.93 124.31 109.1 94.36 89.44 80.7 65.11 73.92 69.83 67.28 66.54 67.52 81.68 120.0 132.61 124.43 107.51 94.45 84.44 91.11 94.06 88.14 104.04 113.17 113.73 99.95 86.25 75.7 72.22 73.7 63.18 70.02 56.22 53.26 46.12 51.19 65.08 78.53 120.0 116.48 91.74 96.15 100.05 99.28 93.19 78.84 72.71 82.18 112.85 117.66 115.47 105.11 93.96 88.83 80.7 92.42 92.04 91.57 92.72 92.57 93.64 112.83 129.89 130.37 125.9 105.42 90.41 86.16 85.05 92.98 113.66 147.49 203.85 293.73 274.02 185.28 137.43 125.98 111.72 105.01 103.21 98.46 87.42 82.86 93.34 116.33 126.62 120.97 105.38 85.2 71.54 68.8 67.05 75.55 92.32 106.66 114.91 118.8 116.56 105.0 89.52 82.75 70.74 38.87 30.2 24.41 23.04 30.06 44.4 82.0 168.7 193.66 180.3 134.4 134.01 144.23 98.57 85.64 82.0 107.17 105.04 154.02 178.46 129.2 78.0 54.09 36.63 20.38 18.78 18.15 16.55 16.01 16.01 13.28 78.33 80.0 70.0 58.14 40.01 18.43 22.87 31.07 52.06 69.38 72.37 115.1 139.3 83.83 24.68 25.89 19.66 29.42 35.77 34.43 31.71 29.44 37.62 48.02 53.47 44.16 40.7 15.65 26.82 20.0 33.93 50.2 78.19 78.14 133.5 181.34 194.77 170.68 66.73 48.97 61.96 19.8 21.7 20.31 12.79 25.86 39.93 81.79 109.65 108.18 105.8 99.3 98.11 91.01 98.55 106.03 119.66 133.38 141.46 128.4 119.95 104.49 88.83 80.81 65.06 51.74 39.15 31.06 24.15 25.3 39.19 65.01 89.38 90.75 87.18 82.38 77.11 77.52 91.48 102.48 95.75 102.83 109.54 108.62 104.55 98.7 87.65 81.44 77.03 70.89 68.74 68.31 69.39 68.56 79.33 102.7 111.89 100.25 86.2 73.24 71.61 71.89 77.3 88.97 119.89 143.23 150.08 136.12 128.07 115.49 98.02 93.86 87.29 77.86 72.35 70.55 66.55 59.97 67.03
