224 5
1 38 42 46 34
1 0 0 0 0 0 3 1 2 3 0 50 5.48
8 0 9 10 7 4 3 8 9 14 1 71 3.94
7 0 9 3 4 6 3 7 13 24 1 62 4.43
9 0 1 7 2 5 3 4 5 10 1 80 3.33
7 0 5 4 5 2 3 11 14 17 10 78 5.11
5 0 7 5 10 5 3 6 7 24 10 87 2.92
10 0 3 5 10 2 3 8 13 17 15 73 4.17
5 0 8 8 9 9 3 12 15 20 15 67 4.58
7 1 0 0 0 0 3 12 19 20 25 74 3.16
8 0 1 10 5 10 3 12 15 17 9 85 4.94
10 0 7 6 5 2 3 15 18 22 10 78 3.41
7 0 10 7 3 5 3 20 24 26 17 94 3.98
5 1 0 0 0 0 2 16 28 32 82 3.63
8 0 7 1 8 10 2 27 30 25 97 4.61
7 1 0 0 0 0 3 18 21 22 17 61 5.45
8 0 3 4 2 5 1 19 20 90 5.17
8 1 0 0 0 0 3 18 23 25 37 99 3.93
8 0 9 9 3 9 2 21 27 25 98 4.3
7 0 5 6 6 10 1 26 45 94 3.26
3 0 1 10 5 5 2 26 28 32 74 3.33
7 0 5 7 7 2 2 21 22 32 91 4.34
6 0 4 2 1 2 2 23 25 39 109 3.79
9 0 7 7 10 8 3 23 25 28 39 86 3.22
2 0 5 2 4 7 1 29 48 102 3.89
2 0 5 3 6 9 2 29 30 24 93 3.82
10 0 7 9 8 4 1 30 48 103 5.01
3 0 9 1 1 2 1 27 52 111 3.86
3 0 2 4 1 7 1 29 55 119 4.74
4 0 4 6 10 10 1 31 48 87 3.94
7 0 4 8 9 4 1 31 58 96 4.53
1 0 9 6 7 9 1 31 58 116 5.06
1 0 0 0 0 0 0 65 107 2.92
1 0 0 0 0 0 3 33 34 35 0 75 3.4
2 0 0 7 4 7 3 37 38 39 1 62 5.13
6 0 3 4 7 0 3 36 38 54 1 50 4.08
8 0 7 0 10 8 3 42 46 53 1 65 4.61
6 0 0 9 3 10 3 37 41 48 7 53 3.07
8 0 4 5 0 4 3 40 42 51 13 76 3.07
3 1 0 0 0 0 3 47 53 55 7 61 5.2
3 0 0 2 8 6 3 41 45 48 3 45 3.5
4 1 0 0 0 0 3 43 44 58 21 93 4.98
7 0 10 3 6 10 3 43 51 58 13 77 5.26
6 1 0 0 0 0 3 49 52 62 21 75 5.29
4 0 9 6 0 4 3 47 52 56 25 82 4.35
2 1 0 0 0 0 3 49 53 55 25 71 3.54
5 0 1 8 0 3 3 49 54 55 6 69 4.59
10 0 4 2 7 2 3 47 50 54 9 79 4.76
5 1 0 0 0 0 1 57 29 97 5.18
3 1 0 0 0 0 3 50 52 62 13 77 5.65
10 0 8 0 6 4 1 59 27 70 3.13
7 1 0 0 0 0 2 51 60 19 71 3.99
1 0 3 6 0 1 1 57 26 72 3.2
7 0 7 1 0 0 2 59 61 29 104 4.75
3 0 10 2 4 0 2 60 61 27 83 5.22
1 0 0 8 2 5 2 56 58 19 58 4.06
1 1 0 0 0 0 1 56 27 73 5.26
7 0 1 2 7 0 1 57 29 96 4.71
4 0 3 8 4 5 1 61 36 100 4.62
4 0 0 10 7 0 2 59 62 25 85 4.22
2 0 0 4 0 0 1 60 37 72 3.73
7 0 3 3 1 9 1 63 39 102 2.92
8 0 5 5 10 2 1 63 40 93 3.2
10 0 3 9 2 4 1 63 29 96 4.04
1 0 0 0 0 0 0 48 89 4.19
1 0 0 0 0 0 3 65 66 67 0 56 3.13
3 0 0 7 0 0 3 68 69 71 1 68 4.72
4 0 9 0 0 0 3 74 79 81 1 62 5.7
4 0 0 10 0 0 2 72 77 1 61 4.06
9 0 0 0 1 0 3 70 73 74 4 61 4.24
10 0 0 0 10 0 3 75 81 85 4 66 4.33
10 0 0 0 10 0 3 72 75 79 13 68 4.08
3 0 0 0 0 1 3 78 81 89 4 66 5.2
5 1 0 0 0 0 3 78 85 92 23 70 4.47
6 1 0 0 0 0 3 79 80 88 13 85 3.83
5 0 0 0 0 1 3 77 82 83 13 55 3.9
2 1 0 0 0 0 3 76 83 87 23 65 3.85
3 1 0 0 0 0 3 77 80 84 25 73 5.06
3 1 0 0 0 0 3 78 86 92 28 71 4.05
1 0 0 0 0 7 2 88 90 31 84 5.25
7 1 0 0 0 0 3 82 86 87 23 81 3.15
6 1 0 0 0 0 2 90 91 28 84 4.99
5 0 7 0 0 0 1 84 14 90 5.32
2 1 0 0 0 0 2 85 89 30 68 5.35
8 0 8 0 0 0 3 84 86 88 25 97 4.72
6 0 0 0 1 0 2 91 92 33 98 3.94
8 0 0 0 6 0 1 91 32 102 4.5
8 0 0 0 0 9 1 94 33 101 3.11
8 0 0 3 0 0 1 89 30 83 3.9
2 0 0 5 0 0 1 93 33 90 5.42
8 0 4 0 0 0 2 90 94 38 86 5.77
1 0 0 0 8 0 1 93 46 105 5.7
6 0 3 0 0 0 2 93 94 40 106 3.21
6 0 0 0 7 0 1 95 39 103 4.48
6 0 0 8 0 0 1 95 47 95 3.56
1 0 0 1 0 0 1 95 46 79 5.44
1 0 0 0 0 0 0 53 98 5.72
1 0 0 0 0 0 3 97 98 99 0 75 3.37
8 0 9 1 8 9 3 111 113 114 1 80 4.82
2 0 7 10 5 2 3 101 108 110 1 65 4.74
6 0 8 6 10 10 3 100 102 123 1 62 2.92
10 0 10 7 1 4 2 103 107 7 63 4.42
1 0 5 3 8 7 3 104 107 118 3 45 4.1
8 0 5 7 7 3 2 109 112 7 55 4.29
6 1 0 0 0 0 2 111 113 17 90 4.51
8 0 9 1 1 9 2 105 106 4 84 3.97
8 0 7 6 7 10 1 112 12 65 5.18
1 0 7 4 6 2 1 124 12 54 3.18
1 1 0 0 0 0 3 113 114 121 17 81 4.13
4 0 1 5 8 2 3 122 123 126 3 65 2.97
3 0 5 4 6 3 2 110 117 15 83 4.92
4 1 0 0 0 0 2 118 125 18 58 4.47
5 0 2 8 6 4 2 118 125 23 75 4.8
7 1 0 0 0 0 3 114 116 119 20 86 3.11
6 0 1 5 8 10 2 115 120 23 94 3.57
5 0 6 8 2 5 1 120 27 74 5.23
6 0 1 10 2 2 1 119 29 69 3.03
10 1 0 0 0 0 1 121 27 99 4.05
8 0 5 2 8 3 2 120 121 18 95 5.46
8 0 4 5 8 5 1 119 28 103 5.23
2 0 1 10 5 9 1 126 36 81 4.88
8 0 1 8 4 9 1 122 32 76 3.45
4 0 7 6 7 9 3 122 125 126 37 84 3.3
2 0 8 1 8 10 1 124 41 101 4.55
10 0 6 1 4 5 1 124 7 73 4.47
6 0 5 8 9 8 1 127 43 112 3.54
9 0 7 10 3 6 1 127 41 104 4.42
7 0 10 3 3 2 1 127 41 106 4.16
1 0 0 0 0 0 0 50 107 3.41
1 0 0 0 0 0 3 129 130 131 0 72 4.77
10 0 1 2 5 3 3 132 139 143 1 71 4.03
9 0 3 10 6 10 1 135 1 61 5.4
6 0 2 2 4 7 3 133 140 149 1 45 3.28
1 0 2 8 7 3 3 134 137 150 11 63 5.7
1 0 9 7 5 4 3 136 141 148 7 58 3.03
10 0 3 3 10 5 3 138 140 144 12 76 3.81
7 0 8 5 10 6 3 136 141 143 10 80 3.0
5 0 4 7 1 7 1 151 17 71 4.1
4 0 6 3 9 5 2 146 152 12 63 3.08
9 0 8 2 8 4 2 156 158 22 94 3.35
10 0 9 5 3 1 1 150 11 74 3.81
6 1 0 0 0 0 1 148 22 95 3.05
4 0 9 9 3 8 3 142 147 153 17 86 5.41
7 1 0 0 0 0 3 152 154 155 21 74 3.53
7 0 10 2 9 3 2 153 158 17 82 4.54
8 0 7 4 8 8 3 145 147 155 22 98 5.2
1 1 0 0 0 0 3 148 154 157 30 70 5.52
4 0 1 2 10 10 1 149 16 60 5.17
4 1 0 0 0 0 2 151 157 30 71 5.14
7 0 3 1 8 1 2 152 156 31 100 3.4
2 1 0 0 0 0 1 151 20 69 4.36
1 1 0 0 0 0 1 153 21 81 4.33
9 0 5 10 1 7 1 154 34 102 4.78
10 0 5 10 6 7 1 158 38 96 5.76
9 0 7 4 3 8 1 155 24 98 4.95
10 0 10 9 1 10 1 156 43 108 5.6
7 0 8 6 10 4 1 157 33 95 3.6
2 0 3 6 2 9 1 159 53 87 3.13
1 0 9 9 9 2 1 159 40 82 4.95
3 0 2 7 9 6 1 159 48 94 3.1
1 0 0 0 0 0 0 55 101 5.74
1 0 0 0 0 0 3 161 162 163 0 45 4.77
8 0 0 8 8 0 3 167 168 169 1 50 3.27
4 0 0 0 9 10 2 176 187 1 77 4.28
9 0 5 7 5 5 3 164 165 173 1 51 4.24
6 0 0 0 3 0 3 166 172 179 10 76 4.87
8 0 1 10 8 4 3 170 172 180 10 83 3.47
8 0 1 5 4 0 1 178 16 87 4.7
4 0 10 8 3 0 1 175 9 84 5.39
6 0 5 10 7 0 2 174 175 9 78 5.69
10 0 4 9 9 7 2 171 188 9 63 3.01
5 0 8 5 6 0 2 177 190 18 59 4.87
1 0 9 0 1 1 1 184 19 65 4.25
2 0 0 7 4 6 1 190 18 56 4.37
5 0 9 0 4 4 1 185 10 53 4.09
9 0 6 10 10 0 1 181 15 70 4.4
10 0 9 4 2 7 1 181 15 84 4.63
6 0 4 0 5 8 1 189 5 69 4.92
10 1 0 0 0 0 2 182 186 23 67 2.99
6 0 9 3 7 4 2 183 184 24 74 3.83
8 0 4 2 1 5 1 188 16 65 5.36
10 0 1 0 10 0 2 187 189 18 92 4.06
3 1 0 0 0 0 1 187 25 82 4.37
7 0 8 0 0 10 1 183 33 105 4.55
7 0 1 4 3 9 1 185 40 98 3.68
10 0 2 10 1 0 1 186 30 94 3.47
3 0 3 8 0 4 1 188 47 87 2.94
3 0 3 7 3 0 1 189 40 81 5.22
2 1 0 0 0 0 1 190 28 66 3.17
8 0 4 9 6 2 1 191 50 92 5.01
1 0 0 0 2 8 1 191 43 104 3.35
2 0 10 8 3 0 1 191 30 79 2.97
1 0 0 0 0 0 0 58 116 3.74
1 0 0 0 0 0 3 193 194 195 0 45 4.35
5 0 0 0 0 8 3 197 198 201 1 77 5.62
3 0 0 7 0 0 1 211 1 66 5.14
7 0 4 0 0 0 1 196 1 66 5.73
3 0 0 0 6 0 2 199 208 8 54 5.03
4 0 0 9 0 0 1 204 6 80 4.12
6 0 8 0 0 0 1 203 6 67 4.4
7 0 5 0 0 0 3 200 205 207 11 69 4.38
2 0 7 0 0 0 3 210 212 213 18 59 4.61
10 0 0 3 0 0 3 202 206 215 6 75 3.16
6 0 0 0 5 0 1 222 16 73 5.14
5 0 0 0 10 0 1 221 12 52 3.31
5 1 0 0 0 0 1 205 10 75 4.36
8 0 0 6 0 0 2 218 222 18 80 3.81
7 0 4 0 0 0 1 209 16 60 3.15
7 0 7 0 0 0 1 217 18 79 3.75
3 0 0 0 0 5 1 216 11 51 4.71
6 1 0 0 0 0 3 213 216 218 23 71 5.29
7 0 6 0 0 0 1 214 20 70 3.2
8 0 0 8 0 0 2 217 220 4 71 4.36
9 1 0 0 0 0 2 216 217 20 86 5.13
10 0 0 0 0 7 2 220 222 29 103 5.31
7 0 0 0 0 5 1 220 27 71 4.42
6 0 0 0 0 10 1 221 16 74 5.07
5 0 0 0 0 3 1 219 29 75 4.72
1 0 0 0 0 9 1 219 29 68 2.94
1 0 9 0 0 0 1 219 29 86 5.73
5 0 0 0 8 0 1 221 34 89 2.95
1 0 5 0 0 0 1 223 39 79 5.01
4 0 0 1 0 0 1 223 39 88 5.57
2 0 0 6 0 0 1 223 39 88 4.9
1 0 0 0 0 0 0 43 78 4.26
89.84 79.97 75.12 74.41 79.81 88.13 119.49 146.41 130.98 93.48 61.34 24.23 16.4 11.28 6.14 9.7 26.35 57.95 111.65 146.07 212.9 170.69 129.25 106.4 99.03 86.4 77.9 76.44 80.21 83.42 95.01 86.36 69.35 51.1 4.39 3.49 0.16 0.68 1.84 12.73 59.63 88.33 111.39 135.18 182.47 134.28 111.86 92.79 86.59 73.07 70.42 65.61 68.26 79.11 94.64 101.37 96.19 91.7 78.29 73.3 66.97 59.9 57.86 73.48 73.52 98.82 116.22 131.57 159.1 136.24 121.7 104.56 97.6 93.19 90.94 90.45 90.33 90.51 84.78 84.39 82.11 61.49 18.77 1.65 0.24 2.22 0.23 5.48 1.6 15.17 65.09 97.03 121.25 105.81 92.95 75.96 63.73 72.62 48.6 33.95 37.39 56.54 82.17 68.38 53.01 29.13 1.85 0.21 7.44 4.84 -1.56 1.44 0.22 30.36 73.81 123.62 148.34 144.49 130.19 108.2 107.0 100.32 99.42 100.0 100.91 99.1 91.62 79.94 54.19 1.0 -0.02 -1.0 -3.07 -13.17 -7.75 -3.0 -0.05 42.26 88.98 131.6 192.35 192.37 133.16 102.5 91.87 85.29 79.1 73.77 71.34 65.15 35.45 13.0 2.4 -0.01 -0.6 -2.11 -5.48 -12.93 -20.41 -15.61 -6.0 -4.64 10.62 81.25 94.91 100.0 106.67 91.43 83.43 76.96 76.14 79.02 85.08 95.08 109.2 113.48 102.13 86.88 58.73 33.21 20.0 12.78 11.0 19.75 58.25 89.94 124.8 194.41 273.75 244.46 139.44 112.37 114.6 112.55 104.28 101.89 99.45 116.14 134.71 121.52 87.38 59.16 9.74 11.34 14.44 12.36 10.66 21.84 76.45 94.3 95.67 140.89 198.86 136.66 105.25 91.69 70.69 66.16 64.09 64.37 67.64 81.86 100.48 113.08 105.38 65.98 49.02 38.59 18.13 9.69 18.42 46.85 76.59 101.37 120.38 155.33 205.64 138.82 112.43 92.91 105.34 98.78 91.88 90.87 92.47 91.83 111.72 126.85 114.22 80.06 65.62 47.6 20.11 11.6 7.68 21.41 65.66 84.98 106.77 126.48 165.36 119.07 99.8 86.87 77.55 64.81 60.3 54.73 49.3 65.69 97.45 100.0 61.47 11.35 0.08 1.09 6.58 19.12 15.18 20.35 29.65 10.59 52.57 135.0 139.7 134.0 125.31 103.86 111.48 90.4 86.28 90.0 94.54 90.58 85.47 86.74 77.57 63.13 29.64 9.44 1.19 -0.01 -0.02 -0.02 11.17 18.76 72.6 127.6 110.0 103.11 109.7 91.44 94.42 84.85 77.88 76.49 68.55 56.89 40.12 3.87 0.0 -0.5 -2.0 1.8 -14.23 -15.85 -22.95 5.0 4.32 125.6 141.25 200.0 228.34 164.81 96.97 85.68 79.91 68.58 49.25 48.46 44.74 52.32 119.91 103.5 79.65 9.96 0.4 7.37 11.79 -13.76 -13.66 -1.4 7.57 114.4 120.0 119.28 155.95 150.28 125.45 103.15 88.35 79.95 70.42 60.94 55.17 64.85 79.95 83.92 84.6 65.74 22.64 0.7 -0.01 -1.4 3.43 18.39
