224 5
1 54 45 48 38
1 0 0 0 0 0 3 1 2 3 0 78 13.11
10 0 5 3 8 10 3 11 19 23 1 83 13.99
10 0 8 2 3 8 3 4 5 13 1 66 10.12
3 0 8 2 1 10 3 6 12 22 1 71 11.7
2 0 1 1 4 4 2 8 24 11 72 11.35
10 0 7 10 3 6 3 15 19 20 11 82 15.83
9 0 8 1 1 4 3 7 15 23 4 84 12.44
6 0 4 1 3 9 3 9 10 16 13 85 11.81
6 0 10 5 5 3 2 14 23 13 98 10.25
2 1 0 0 0 0 2 18 28 19 84 14.56
1 1 0 0 0 0 2 24 29 19 64 11.45
5 1 0 0 0 0 3 15 21 27 11 64 9.01
3 0 4 7 9 8 1 13 4 68 10.07
1 0 9 8 10 8 1 16 11 78 13.93
3 0 5 2 9 4 3 17 21 27 19 88 10.29
5 1 0 0 0 0 1 28 21 91 12.96
2 1 0 0 0 0 2 24 25 19 89 15.86
10 1 0 0 0 0 2 22 26 22 98 15.76
1 1 0 0 0 0 1 25 21 95 14.37
8 0 10 3 6 1 2 22 26 21 102 11.1
1 1 0 0 0 0 2 21 26 21 78 13.03
8 1 0 0 0 0 2 29 30 22 82 16.11
6 0 6 3 10 1 1 25 32 98 10.02
2 0 2 3 9 9 1 30 19 70 14.35
2 0 9 5 4 8 1 27 21 99 14.72
8 0 3 10 4 6 1 29 38 105 9.8
6 0 7 1 3 3 1 28 32 90 8.47
4 1 0 0 0 0 1 30 23 97 10.7
3 0 9 8 1 9 1 31 38 90 9.25
8 0 4 3 10 8 1 31 46 126 10.24
1 1 0 0 0 0 1 31 30 84 12.13
1 0 0 0 0 0 0 54 99 13.63
1 0 0 0 0 0 3 33 34 35 0 81 10.11
9 0 0 0 6 0 3 36 38 45 1 53 14.06
7 0 0 6 0 0 2 44 50 1 85 12.46
1 0 0 5 0 0 3 37 38 47 1 64 13.28
10 0 0 5 0 0 2 46 56 10 79 8.58
8 0 0 0 1 0 3 39 40 54 2 59 8.66
8 0 0 0 1 0 1 51 10 73 15.95
2 0 0 6 0 0 2 41 43 10 61 12.86
7 0 10 0 0 0 3 44 45 49 10 60 13.07
3 1 0 0 0 0 3 42 46 48 12 60 13.31
6 1 0 0 0 0 1 58 15 70 15.96
1 1 0 0 0 0 3 50 53 59 12 57 12.53
10 0 0 0 0 10 3 53 56 58 17 67 15.25
9 0 1 0 0 0 1 61 17 95 10.79
7 0 0 6 0 0 1 51 20 77 9.26
7 0 0 0 7 0 1 55 2 76 13.71
6 1 0 0 0 0 3 49 52 53 15 78 9.54
5 0 5 0 0 0 2 56 59 21 85 10.1
8 1 0 0 0 0 3 52 55 60 13 64 14.07
5 0 0 0 0 2 1 55 27 89 9.91
1 1 0 0 0 0 1 57 21 76 9.87
4 0 4 0 0 0 1 60 27 102 15.84
2 0 0 0 0 8 2 57 58 10 62 15.49
6 0 0 0 0 10 1 62 32 88 11.92
4 1 0 0 0 0 1 61 27 88 8.21
3 0 0 0 4 0 2 61 62 22 76 8.56
7 0 0 0 0 3 2 59 62 27 98 10.12
10 0 4 0 0 0 1 60 34 105 12.33
7 0 4 0 0 0 1 63 44 111 13.19
4 0 6 0 0 0 1 63 31 103 9.08
10 0 0 0 8 0 1 63 38 97 13.81
1 0 0 0 0 0 0 51 103 15.2
1 0 0 0 0 0 3 65 66 67 0 47 12.08
10 0 0 7 0 0 3 70 80 82 1 76 9.27
6 0 10 0 4 0 2 72 75 1 56 13.69
10 0 9 2 2 0 3 68 69 74 1 69 9.32
8 0 4 0 5 0 3 81 87 91 11 97 8.5
6 0 2 0 3 4 1 71 11 63 13.12
4 0 2 6 8 0 2 73 76 11 55 13.06
5 0 0 0 3 0 3 78 83 86 17 69 14.64
5 0 0 10 0 3 2 77 94 7 64 15.16
9 0 9 0 0 8 1 92 15 95 11.23
9 0 8 0 6 0 1 87 11 76 13.93
10 0 0 3 0 0 2 82 85 7 64 14.39
9 0 0 9 0 0 2 88 90 15 72 12.98
9 1 0 0 0 0 2 79 84 12 99 13.62
5 0 8 0 6 9 1 90 22 94 9.49
9 0 6 0 5 10 1 89 21 68 15.99
9 0 7 0 2 3 1 89 11 89 12.69
5 0 9 0 0 1 1 93 19 85 13.39
4 0 0 2 0 1 2 84 86 17 88 13.06
7 1 0 0 0 0 1 87 22 89 12.49
4 1 0 0 0 0 1 92 21 64 10.82
5 0 0 0 0 3 1 92 17 84 8.36
6 1 0 0 0 0 1 91 22 88 9.5
5 0 0 0 10 5 1 89 29 94 9.83
8 0 2 9 3 0 1 93 24 104 14.17
2 0 5 1 3 0 1 93 34 108 12.81
7 0 2 0 0 8 1 94 27 106 13.96
4 0 0 5 0 0 1 94 28 87 8.39
5 0 5 0 0 0 1 95 25 72 10.67
8 0 8 10 6 0 1 95 36 108 14.58
7 0 0 0 4 5 1 95 34 82 10.07
1 0 0 0 0 0 0 44 108 11.82
1 0 0 0 0 0 3 97 98 99 0 62 10.83
4 0 7 1 3 10 1 104 1 69 14.69
4 0 10 10 3 4 1 118 1 58 9.89
5 0 8 5 7 8 3 100 104 106 1 78 15.08
3 0 10 6 7 8 3 101 102 103 6 58 12.0
8 0 5 8 5 5 3 111 114 118 9 85 15.62
2 0 3 1 10 9 2 108 113 9 54 15.33
1 0 3 1 5 4 3 105 107 115 9 56 9.59
5 0 3 5 7 1 1 117 6 61 11.03
1 0 8 6 8 10 2 111 112 10 71 13.99
3 0 2 5 2 9 2 110 119 6 60 10.12
6 0 4 4 3 3 2 109 112 10 82 11.53
6 0 5 9 7 8 2 112 116 11 67 15.53
3 0 5 9 8 4 3 113 119 121 16 62 9.49
2 0 7 7 5 7 2 117 124 9 56 11.45
8 0 8 1 9 10 1 123 17 72 8.96
6 1 0 0 0 0 3 119 120 122 17 62 13.59
3 1 0 0 0 0 2 117 118 19 87 8.84
4 1 0 0 0 0 3 115 122 125 17 78 13.2
2 1 0 0 0 0 1 116 21 97 13.95
6 1 0 0 0 0 2 120 121 23 102 13.82
5 0 1 6 1 6 1 123 22 66 15.61
3 1 0 0 0 0 3 122 125 126 22 69 8.83
2 1 0 0 0 0 2 123 124 23 89 13.68
7 0 9 5 7 3 1 126 29 105 14.45
4 0 4 1 1 3 1 126 29 79 10.74
2 1 0 0 0 0 1 124 25 66 9.0
10 0 9 5 3 5 1 125 27 100 11.62
6 0 2 6 9 5 1 127 27 90 15.44
8 0 1 8 3 3 1 127 37 94 12.33
5 0 8 8 10 4 1 127 36 112 13.69
1 0 0 0 0 0 0 45 111 15.41
1 0 0 0 0 0 3 129 130 131 0 53 10.58
5 0 0 0 6 3 3 135 139 148 1 50 10.51
4 0 0 0 2 8 3 132 133 140 1 76 8.56
9 0 10 6 9 10 3 133 140 152 1 89 12.04
10 0 0 10 0 5 3 134 135 142 5 92 16.14
5 0 6 5 3 10 3 136 138 142 10 54 11.41
8 0 2 1 0 2 3 136 139 146 15 85 13.75
4 0 9 0 4 10 3 143 146 147 15 74 8.48
5 1 0 0 0 0 2 137 149 23 97 11.28
8 0 9 4 5 10 3 150 151 154 28 91 16.13
7 0 8 0 5 3 3 144 145 147 15 91 14.78
10 0 1 9 3 0 2 151 152 23 96 12.46
6 0 5 10 4 3 3 141 145 147 10 88 8.44
9 0 0 2 0 3 3 144 148 153 16 69 14.15
6 0 0 2 3 0 3 145 146 148 15 82 16.12
4 1 0 0 0 0 2 152 156 19 72 16.08
8 1 0 0 0 0 2 149 150 25 75 10.95
5 1 0 0 0 0 1 153 22 103 10.61
10 1 0 0 0 0 1 154 23 87 15.44
1 1 0 0 0 0 3 149 150 153 22 97 8.8
3 0 9 2 6 9 2 155 157 25 85 8.17
4 0 1 10 8 7 2 151 154 33 77 11.66
3 0 8 0 7 10 2 156 158 36 105 13.73
6 0 6 0 1 0 1 157 37 90 10.54
9 0 10 4 0 3 1 158 33 96 14.87
1 1 0 0 0 0 2 155 156 27 77 11.35
6 0 0 6 3 10 2 155 157 37 110 11.23
10 0 7 2 5 6 1 158 43 118 9.05
6 0 0 0 0 1 1 159 39 94 13.24
5 0 3 10 6 5 1 159 43 86 8.67
4 0 0 4 4 5 1 159 53 126 15.25
1 0 0 0 0 0 0 57 103 9.08
1 0 0 0 0 0 3 161 162 163 0 75 11.82
7 0 0 0 0 10 1 167 1 69 13.93
8 0 9 0 0 0 3 169 171 183 1 69 9.13
8 0 0 7 0 0 3 164 165 174 1 71 14.98
7 0 0 0 9 0 3 166 170 185 9 94 14.71
6 0 0 0 0 1 3 168 177 183 9 75 15.82
7 0 0 0 0 2 1 176 16 82 13.48
8 0 0 0 7 0 2 168 180 8 60 10.32
7 0 0 2 0 0 3 179 182 187 16 64 11.18
10 0 0 0 2 0 2 173 175 9 70 14.58
5 0 0 0 0 1 3 172 173 184 16 66 11.1
3 0 0 0 6 0 3 172 184 185 9 54 10.16
3 1 0 0 0 0 1 188 21 67 8.4
1 0 4 0 0 0 1 187 21 94 13.96
1 0 0 0 7 0 2 177 178 9 90 8.24
5 0 0 0 0 9 3 176 179 185 19 77 15.71
9 0 0 1 0 0 3 177 178 186 24 104 9.27
5 1 0 0 0 0 2 180 182 33 109 9.85
1 1 0 0 0 0 2 182 190 33 110 12.75
3 1 0 0 0 0 1 189 24 71 16.08
9 0 0 0 3 0 1 181 38 120 10.2
5 0 0 0 10 0 1 188 47 113 15.59
6 0 0 0 7 0 1 188 38 118 11.29
8 0 0 0 8 0 2 184 186 15 97 10.79
10 1 0 0 0 0 1 190 23 100 8.49
3 1 0 0 0 0 2 187 189 24 86 12.12
8 0 0 0 9 0 1 189 33 86 14.92
8 0 1 0 0 0 1 190 27 103 8.44
6 0 8 0 0 0 1 191 52 119 16.01
9 0 0 10 0 0 1 191 41 96 9.43
6 0 0 0 7 0 1 191 35 95 9.67
1 0 0 0 0 0 0 58 97 15.83
1 0 0 0 0 0 3 193 194 195 0 64 15.83
2 0 9 9 4 1 3 198 203 204 1 60 15.84
1 0 9 9 10 5 3 196 197 199 1 54 15.75
4 0 4 8 6 3 1 212 1 47 13.99
10 0 6 10 7 2 2 201 209 2 53 10.16
10 0 10 8 9 2 3 202 207 213 2 60 15.54
1 0 3 2 10 6 1 206 3 79 10.76
1 0 6 1 7 2 2 200 205 2 63 15.76
4 0 6 2 4 9 1 220 3 60 10.14
10 0 1 3 6 9 1 221 12 62 11.63
3 0 1 4 9 2 3 210 215 216 12 92 14.66
1 0 10 10 9 2 1 222 3 61 13.24
2 0 5 4 1 3 3 206 217 218 3 75 12.23
3 0 10 1 2 3 1 211 3 49 14.79
10 0 6 2 2 4 1 209 5 64 12.21
3 0 5 3 1 5 2 208 220 12 67 13.46
4 0 10 9 9 10 1 212 15 84 14.45
10 0 4 10 7 4 1 214 15 88 13.25
5 0 3 6 2 8 2 211 219 15 59 10.76
5 0 1 3 5 4 1 220 20 68 12.72
1 1 0 0 0 0 2 215 221 19 96 11.21
6 0 4 8 10 1 1 216 12 65 12.76
2 0 3 7 2 7 1 221 25 100 9.77
4 1 0 0 0 0 1 219 20 101 11.94
8 1 0 0 0 0 1 217 18 84 15.67
5 0 2 6 4 2 1 219 26 75 14.65
4 0 7 3 1 1 1 222 5 86 12.84
10 0 5 1 6 3 1 222 31 101 10.58
10 0 1 7 8 8 1 223 25 88 9.62
4 0 7 2 5 3 1 223 27 71 10.03
4 0 7 4 5 10 1 223 41 113 10.28
1 0 0 0 0 0 0 45 85 11.36
128.31 114.41 105.65 89.64 94.02 124.68 165.02 232.37 262.49 202.23 132.79 122.81 106.34 125.69 131.6 152.22 184.31 234.95 277.19 266.48 249.49 198.62 163.35 145.29 141.64 135.71 140.35 139.95 150.54 154.85 207.72 272.55 286.73 245.8 202.56 180.56 167.39 153.92 154.82 170.24 203.98 230.8 264.24 276.12 225.0 176.92 163.24 154.14 134.34 125.18 121.42 125.18 133.39 148.76 169.93 239.81 247.74 211.59 182.47 172.73 152.41 146.73 142.91 156.26 169.84 197.44 240.55 235.33 192.01 156.27 152.72 135.47 128.37 116.03 86.78 100.93 104.96 136.26 190.82 210.0 214.91 167.65 169.83 157.98 156.43 147.67 146.5 168.9 178.33 229.84 227.48 237.83 199.98 174.74 166.27 149.33 132.61 118.62 113.36 111.01 114.08 133.24 170.18 232.38 239.46 221.29 186.24 179.28 174.91 166.59 178.22 188.38 216.65 220.38 229.9 230.94 200.91 178.38 164.21 144.39 146.16 134.74 128.69 132.08 131.99 134.19 134.17 145.61 154.53 156.7 156.39 150.16 144.52 137.01 130.58 130.32 142.89 167.82 181.99 184.37 168.33 143.0 137.01 132.42 110.66 99.15 93.54 90.0 91.73 88.56 102.81 109.56 121.19 114.81 96.0 93.29 83.77 76.17 78.31 88.64 102.37 120.76 132.61 134.88 120.47 107.49 100.97 86.11 128.31 114.41 105.65 89.64 94.02 124.68 165.02 232.37 262.49 202.23 132.79 122.81 106.34 125.69 131.6 152.22 184.31 234.95 277.19 266.48 249.49 198.62 163.35 145.29 141.64 135.71 140.35 139.95 150.54 154.85 207.72 272.55 286.73 245.8 202.56 180.56 167.39 153.92 154.82 170.24 203.98 230.8 264.24 276.12 225.0 176.92 163.24 154.14 134.34 125.18 121.42 125.18 133.39 148.76 169.93 239.81 247.74 211.59 182.47 172.73 152.41 146.73 142.91 156.26 169.84 197.44 240.55 235.33 192.01 156.27 152.72 135.47 128.37 116.03 86.78 100.93 104.96 136.26 190.82 210.0 214.91 167.65 169.83 157.98 156.43 147.67 146.5 168.9 178.33 229.84 227.48 237.83 199.98 174.74 166.27 149.33 132.61 118.62 113.36 111.01 114.08 133.24 170.18 232.38 239.46 221.29 186.24 179.28 174.91 166.59 178.22 188.38 216.65 220.38 229.9 230.94 200.91 178.38 164.21 144.39 146.16 134.74 128.69 132.08 131.99 134.19 134.17 145.61 154.53 156.7 156.39 150.16 144.52 137.01 130.58 130.32 142.89 167.82 181.99 184.37 168.33 143.0 137.01 132.42 110.66 99.15 93.54 90.0 91.73 88.56 102.81 109.56 121.19 114.81 96.0 93.29 83.77 76.17 78.31 88.64 102.37 120.76 132.61 134.88 120.47 107.49 100.97 86.11 128.31 114.41 105.65 89.64 94.02 124.68 165.02 232.37 262.49 202.23 132.79 122.81 106.34 125.69 131.6 152.22 184.31 234.95 277.19 266.48 249.49 198.62 163.35 145.29 141.64 135.71 140.35 139.95 150.54 154.85 207.72 272.55 286.73 245.8 202.56 180.56 167.39 153.92 154.82 170.24 203.98 230.8 264.24 276.12 225.0 176.92 163.24 154.14 134.34 125.18 121.42 125.18 133.39 148.76 169.93 239.81 247.74 211.59 182.47 172.73 152.41 146.73 142.91 156.26 169.84 197.44 240.55 235.33 192.01 156.27 152.72 135.47 128.37 116.03 86.78 100.93 104.96 136.26
