256 5
1 31 27 27 28
1 0 0 0 0 0 3 1 2 3 0 77 8.77
10 0 0 0 5 0 1 6 1 77 7.71
4 0 0 9 0 0 1 5 1 103 5.29
3 0 0 0 1 0 3 4 5 8 1 93 7.93
1 0 6 0 0 0 3 7 18 20 4 78 5.57
5 0 0 0 4 0 1 22 5 93 8.59
4 0 0 10 0 0 1 18 11 103 5.76
6 0 0 0 0 7 3 9 14 16 5 99 8.61
4 0 5 0 0 0 3 13 17 23 4 63 7.43
4 0 0 0 0 8 3 10 17 22 11 110 5.65
7 0 10 0 0 0 3 11 12 21 15 93 4.71
2 1 0 0 0 0 1 15 22 75 5.16
3 0 3 0 0 0 2 19 27 22 120 7.44
5 0 0 0 0 3 2 19 26 8 100 5.13
6 0 0 0 8 0 2 23 30 11 75 7.15
10 0 0 9 0 0 2 19 25 24 106 8.54
4 0 0 0 8 0 3 21 22 26 11 66 4.69
3 1 0 0 0 0 1 24 15 91 6.09
7 1 0 0 0 0 3 21 25 30 15 106 6.11
9 1 0 0 0 0 1 24 34 115 8.59
4 0 0 2 0 0 2 24 25 5 64 6.27
3 0 0 0 3 0 1 29 22 89 8.6
9 1 0 0 0 0 2 23 27 15 84 6.39
3 1 0 0 0 0 2 28 29 24 91 7.46
10 0 0 0 2 0 2 28 30 43 107 8.4
8 1 0 0 0 0 2 26 28 34 125 6.19
4 0 0 0 4 0 1 27 42 106 7.85
8 0 0 0 4 0 1 29 46 124 8.23
1 0 0 8 0 0 1 31 53 114 6.55
10 0 0 3 0 0 1 31 54 126 6.95
9 0 0 4 0 0 1 31 53 118 6.31
1 0 0 0 0 0 0 64 139 6.05
1 0 0 0 0 0 3 33 34 35 0 55 4.98
10 0 0 5 2 3 2 46 57 1 63 4.87
7 0 7 0 2 7 2 37 39 1 58 7.93
7 0 8 10 4 4 3 36 38 55 1 104 8.16
5 0 2 1 0 0 1 48 8 66 7.87
7 0 10 1 0 0 1 46 8 109 8.65
8 0 9 5 1 2 1 60 8 86 4.91
3 0 3 8 1 6 3 40 41 44 8 63 7.05
1 0 1 4 8 9 2 43 45 11 94 7.36
10 0 2 7 10 4 2 42 54 11 82 6.47
9 0 0 0 7 2 1 47 21 126 7.68
9 0 8 0 0 9 1 58 12 102 7.15
3 0 9 6 3 6 3 47 51 53 11 96 4.97
4 0 8 10 3 8 1 58 12 106 7.12
9 0 1 6 5 0 3 49 50 52 15 109 7.03
5 0 4 0 2 9 1 52 30 90 7.96
8 1 0 0 0 0 1 62 13 95 5.87
3 1 0 0 0 0 2 54 59 24 107 4.59
10 0 7 0 3 1 1 56 24 85 7.25
9 1 0 0 0 0 1 55 14 92 6.56
3 0 8 7 1 0 1 61 35 93 8.21
5 0 0 2 2 4 2 57 61 14 101 5.15
10 0 10 0 0 3 1 58 27 127 5.62
7 0 0 8 5 0 2 59 62 23 109 5.16
2 0 1 0 0 8 1 61 34 109 6.61
8 0 9 10 9 7 1 59 19 122 4.45
2 0 0 4 7 10 1 62 37 125 7.81
7 0 7 1 1 0 1 60 30 93 6.14
6 0 3 0 0 1 1 63 37 135 5.4
10 0 2 2 0 9 1 63 38 94 4.84
1 0 3 0 8 10 1 63 39 105 7.1
1 0 0 0 0 0 0 48 105 6.12
1 0 0 0 0 0 3 65 66 67 0 88 7.19
6 0 4 10 2 2 1 91 1 96 4.54
1 0 1 9 8 1 3 68 73 75 1 92 8.32
10 0 3 5 6 4 3 69 71 72 1 92 8.46
7 0 8 4 4 6 2 70 74 2 87 5.4
3 0 10 2 7 8 2 77 78 11 67 5.44
9 0 4 4 8 1 3 80 82 89 9 113 7.21
8 0 1 4 6 6 1 76 11 72 7.34
2 0 6 1 3 4 3 81 84 86 11 76 6.1
9 0 10 6 10 2 2 74 90 2 100 6.64
8 0 6 5 3 2 2 81 84 11 87 5.07
9 0 1 4 1 4 3 79 83 91 2 90 4.43
5 1 0 0 0 0 3 82 87 89 19 106 8.02
10 0 3 8 4 5 3 80 82 84 14 79 8.64
8 1 0 0 0 0 2 93 94 14 110 5.64
3 0 10 1 3 10 3 86 87 92 11 75 8.79
8 1 0 0 0 0 3 81 83 87 24 122 5.87
5 1 0 0 0 0 2 91 93 32 117 7.15
6 0 1 1 8 1 1 90 24 112 6.72
3 0 10 1 1 10 1 85 32 107 5.98
3 1 0 0 0 0 1 89 24 95 8.77
6 0 6 6 8 7 1 86 35 122 4.89
1 0 10 2 4 9 1 88 41 92 5.22
6 0 2 7 5 8 1 94 32 108 6.09
2 0 4 6 8 2 2 90 93 42 129 8.53
2 0 10 1 5 5 1 92 27 98 5.3
5 0 6 10 2 3 1 94 44 139 5.75
1 0 7 4 3 3 1 92 37 131 8.5
6 0 3 6 5 3 1 95 38 106 5.42
8 0 7 8 5 1 1 95 44 106 8.04
5 0 7 6 10 1 1 95 49 139 6.32
1 0 0 0 0 0 0 54 118 5.9
1 0 0 0 0 0 3 97 98 99 0 88 7.15
1 0 0 0 0 10 3 100 101 107 1 63 6.45
7 0 0 0 3 0 2 102 112 1 92 6.71
9 0 6 0 0 0 3 103 110 120 1 93 5.43
6 0 0 0 0 7 1 103 2 100 8.61
8 0 7 0 0 0 1 113 2 64 5.76
7 0 0 7 0 0 3 105 111 122 8 66 5.05
9 0 0 5 0 0 3 104 106 108 10 82 6.85
10 0 2 0 0 0 2 121 124 19 106 5.58
8 1 0 0 0 0 1 108 15 117 7.36
4 0 0 0 5 0 3 113 116 125 19 106 5.67
8 0 0 0 3 0 2 109 119 2 85 6.22
9 1 0 0 0 0 1 115 23 102 5.25
8 0 0 0 0 10 1 114 10 74 5.41
3 0 7 0 0 0 1 113 10 98 7.69
4 0 0 0 0 1 3 116 117 118 15 81 5.25
1 0 0 0 0 9 1 126 8 84 7.98
8 1 0 0 0 0 1 114 23 119 5.78
1 1 0 0 0 0 1 117 31 98 4.58
10 0 3 0 0 0 1 125 32 126 7.66
9 1 0 0 0 0 1 126 23 103 7.31
6 0 0 0 8 0 1 123 32 117 7.29
3 0 0 0 9 0 1 126 19 101 6.64
9 0 0 0 0 8 1 123 10 101 5.64
4 0 0 0 0 9 1 123 10 105 5.74
8 0 0 0 2 0 1 125 29 128 5.11
1 1 0 0 0 0 1 124 15 92 7.12
2 0 0 5 0 0 1 124 38 89 7.68
4 0 0 1 0 0 1 127 40 112 7.86
5 0 0 0 0 7 1 127 42 123 4.91
8 0 10 0 0 0 1 127 32 116 4.91
1 0 0 0 0 0 0 47 104 6.35
1 0 0 0 0 0 3 129 130 131 0 93 6.98
10 0 5 3 6 9 3 139 145 149 1 76 5.86
2 0 0 1 0 8 3 132 135 136 1 78 8.67
10 0 2 0 6 6 3 133 138 146 1 65 5.52
9 0 6 7 6 3 3 134 141 150 3 86 7.75
9 0 4 0 0 0 3 137 139 145 11 82 6.92
9 0 3 5 10 0 3 137 140 142 12 80 8.64
9 0 9 8 10 7 3 143 147 150 3 105 6.06
4 0 0 10 8 1 3 140 141 152 3 94 5.74
6 1 0 0 0 0 3 143 144 156 21 75 7.13
1 0 5 4 6 3 3 144 150 155 11 79 5.79
1 1 0 0 0 0 2 148 152 20 104 5.47
10 1 0 0 0 0 3 144 146 147 21 83 6.55
5 0 4 5 5 0 2 143 148 12 106 6.71
5 0 6 0 1 7 3 145 146 149 21 122 4.96
1 1 0 0 0 0 2 151 153 27 95 6.69
4 0 2 9 0 10 1 153 31 113 7.45
1 1 0 0 0 0 2 152 154 26 105 6.45
6 0 1 0 5 0 3 154 155 157 31 85 4.45
10 0 0 8 9 4 2 148 149 31 126 6.38
2 0 7 8 5 0 1 158 41 130 5.23
5 0 0 8 8 10 1 151 41 109 4.65
8 1 0 0 0 0 3 151 153 156 12 113 7.87
10 0 6 5 2 6 1 157 46 141 6.68
10 0 0 2 4 0 3 155 156 157 27 130 8.7
5 0 6 0 0 6 1 154 35 111 6.47
3 0 9 10 7 0 1 158 40 101 8.32
4 0 2 2 0 0 1 158 37 91 6.76
8 0 5 4 10 0 1 159 37 132 7.21
4 0 3 8 5 0 1 159 56 142 8.26
8 0 2 5 6 8 1 159 43 114 5.42
1 0 0 0 0 0 0 60 145 8.69
1 0 0 0 0 0 3 161 162 163 0 66 5.02
8 0 4 5 7 5 2 178 179 1 104 5.51
7 0 2 3 4 3 3 164 168 174 1 61 7.27
1 0 9 7 3 10 3 166 172 190 1 53 8.34
10 0 2 10 6 8 3 165 169 185 8 78 6.53
6 1 0 0 0 0 3 167 173 178 18 109 8.68
5 0 5 4 6 3 2 179 188 2 86 5.08
1 1 0 0 0 0 3 177 183 187 24 113 5.56
1 0 6 2 4 2 3 170 171 175 8 88 8.48
7 0 6 8 8 10 2 176 179 18 110 5.01
9 0 5 2 1 7 3 172 177 178 9 73 7.93
8 0 9 8 1 4 1 185 9 105 6.8
10 1 0 0 0 0 1 173 18 98 5.34
10 0 4 3 3 9 1 186 28 132 7.53
10 0 2 1 7 3 1 176 8 90 7.26
9 0 1 4 8 1 3 177 180 187 9 100 4.74
1 0 8 3 5 10 3 181 188 190 25 100 5.17
4 0 4 5 8 2 1 182 25 101 8.44
1 0 5 7 5 7 2 184 189 24 91 7.71
2 0 6 8 8 3 2 181 187 25 100 7.32
8 0 5 4 8 10 3 181 184 185 18 104 8.85
2 0 10 6 1 7 1 186 27 100 6.69
3 0 2 6 5 8 1 190 29 116 4.92
9 0 5 3 9 10 1 184 25 99 7.87
5 0 8 10 7 2 1 188 34 114 6.85
3 0 9 2 10 6 1 186 26 111 6.72
2 0 1 6 6 8 1 189 38 125 5.94
1 0 8 10 3 7 1 189 27 84 7.89
2 0 7 1 1 4 1 191 39 103 5.46
1 0 9 6 3 1 1 191 40 132 8.23
1 0 1 2 4 2 1 191 32 126 5.73
1 0 0 0 0 0 0 41 131 5.03
1 0 0 0 0 0 3 193 194 195 0 64 7.12
6 0 0 0 2 0 3 197 203 209 1 106 8.05
9 0 9 0 0 0 2 214 217 1 99 6.02
5 0 0 0 2 0 3 196 201 221 1 73 5.66
7 0 0 0 0 6 3 198 210 212 6 100 5.35
5 0 0 3 0 0 3 199 200 205 7 72 7.09
9 0 0 6 0 0 2 206 209 13 108 4.45
9 0 0 0 0 9 2 202 213 12 69 6.61
9 0 0 0 0 6 1 204 12 69 7.06
1 0 4 0 0 0 1 214 6 70 8.69
1 1 0 0 0 0 1 207 21 109 5.67
6 0 0 3 0 0 2 208 218 7 107 5.92
5 1 0 0 0 0 1 207 21 106 8.41
3 0 0 8 0 0 2 208 219 12 78 7.44
3 1 0 0 0 0 1 219 22 116 5.41
2 0 0 7 0 0 2 216 220 26 97 5.71
5 0 0 0 5 0 1 215 15 100 5.29
4 0 0 0 0 8 1 214 22 107 8.27
8 0 0 0 0 1 1 211 13 74 5.09
8 0 0 0 10 0 1 215 21 86 7.7
2 0 0 3 0 0 1 217 13 103 8.18
2 1 0 0 0 0 1 221 21 119 7.28
3 0 0 0 3 0 2 218 219 26 99 6.02
6 0 0 0 0 4 1 222 29 119 8.51
9 0 0 0 9 0 1 222 28 90 7.11
4 1 0 0 0 0 1 220 15 94 5.53
2 0 0 2 0 0 1 220 29 121 7.04
2 0 2 0 0 0 1 222 29 84 5.81
3 0 2 0 0 0 1 223 31 109 4.49
2 1 0 0 0 0 1 223 23 92 5.11
3 0 0 0 9 0 1 223 37 104 6.16
1 0 0 0 0 0 0 40 118 7.92
1 0 0 0 0 0 3 225 226 227 0 88 8.41
6 0 3 0 0 9 3 230 232 242 1 61 6.63
3 0 7 0 0 8 2 232 233 1 105 6.27
6 0 0 0 0 9 3 228 234 236 1 58 5.22
7 0 0 4 0 9 3 229 230 232 7 100 8.68
9 0 0 5 0 9 3 237 240 243 14 96 5.3
10 0 3 0 0 7 3 231 235 239 14 99 7.15
9 1 0 0 0 0 2 240 249 24 82 7.72
2 0 5 0 0 1 3 238 239 240 14 95 4.58
6 0 0 0 0 10 3 234 237 243 4 87 6.83
3 0 6 2 2 0 2 242 250 10 70 5.08
3 1 0 0 0 0 3 238 241 246 24 78 7.32
4 0 5 4 0 0 3 244 246 251 7 74 8.56
9 1 0 0 0 0 3 242 246 247 23 108 8.83
7 1 0 0 0 0 3 244 245 248 27 88 7.93
4 1 0 0 0 0 3 245 247 254 24 106 6.44
1 0 0 7 0 5 3 247 250 252 33 100 8.64
1 0 8 0 0 0 2 243 248 27 95 8.3
6 0 0 10 0 0 2 244 254 32 104 5.08
10 1 0 0 0 0 2 245 254 28 94 7.29
4 0 0 0 4 1 1 249 38 102 7.26
10 0 7 3 10 8 3 249 250 251 38 140 5.78
2 1 0 0 0 0 1 252 32 108 5.53
6 1 0 0 0 0 2 248 251 34 91 7.61
6 0 3 0 3 1 1 253 40 120 4.43
10 0 3 3 2 0 1 252 48 139 7.58
8 0 7 8 3 0 1 253 48 123 7.78
2 0 4 0 0 0 1 253 48 120 8.02
8 0 10 4 0 0 1 255 58 118 7.41
10 0 4 6 10 0 1 255 56 146 6.02
5 1 0 0 0 0 1 255 38 124 6.15
1 0 0 0 0 0 0 66 114 5.98
112.49 102.0 94.3 91.94 93.31 105.13 121.38 132.61 134.27 117.95 105.28 95.88 90.08 84.3 83.02 89.59 100.22 113.79 134.8 165.49 175.85 178.3 162.77 133.7 124.41 115.63 105.25 100.33 98.83 111.52 123.26 125.45 120.95 105.1 95.44 88.23 75.8 73.72 81.19 90.01 101.41 110.01 132.49 170.01 179.38 133.62 131.53 103.18 98.47 91.0 90.0 82.09 83.67 85.28 102.32 118.08 120.0 112.16 120.0 135.0 200.0 192.74 193.59 185.63 117.5 113.2 106.19 125.46 142.55 154.32 130.23 115.5 106.37 98.73 95.38 93.94 93.64 95.93 107.53 122.51 119.1 104.69 95.44 107.43 95.01 106.4 100.58 95.01 93.99 102.03 111.86 130.78 140.32 144.29 135.04 117.72 101.0 96.36 92.46 92.68 92.38 97.89 111.61 112.49 102.6 85.07 79.71 76.54 73.95 69.9 74.87 79.17 85.6 96.43 112.34 136.65 137.45 123.36 100.53 84.52 84.85 61.69 29.15 19.93 16.42 13.69 19.21 22.6 29.95 17.41 4.63 0.0 -0.01 -0.13 -1.02 -0.1 -0.41 12.9 68.34 77.51 81.56 76.13 82.92 71.82 54.38 19.6 -0.35 -1.91 -1.77 -2.17 -3.43 -1.1 -1.76 -5.26 -8.26 -10.55 -12.24 -17.3 -22.01 -7.65 11.69 19.76 48.96 95.47 102.85 111.84 116.26 114.43 112.49 102.0 94.3 91.94 93.31 105.13 121.38 132.61 134.27 117.95 105.28 95.88 90.08 84.3 83.02 89.59 100.22 113.79 134.8 165.49 175.85 178.3 162.77 133.7 124.41 115.63 105.25 100.33 98.83 111.52 123.26 125.45 120.95 105.1 95.44 88.23 75.8 73.72 81.19 90.01 101.41 110.01 132.49 170.01 179.38 133.62 131.53 103.18 98.47 91.0 90.0 82.09 83.67 85.28 102.32 118.08 120.0 112.16 120.0 135.0 200.0 192.74 193.59 185.63 117.5 113.2 106.19 125.46 142.55 154.32 130.23 115.5 106.37 98.73 95.38 93.94 93.64 95.93 107.53 122.51 119.1 104.69 95.44 107.43 95.01 106.4 100.58 95.01 93.99 102.03 111.86 130.78 140.32 144.29 135.04 117.72 101.0 96.36 92.46 92.68 92.38 97.89 111.61 112.49 102.6 85.07 79.71 76.54 73.95 69.9 74.87 79.17 85.6 96.43 112.34 136.65 137.45 123.36 100.53 84.52 84.85 61.69 29.15 19.93 16.42 13.69 19.21 22.6 29.95 17.41 4.63 0.0 -0.01 -0.13 -1.02 -0.1 -0.41 12.9 68.34 77.51 81.56 76.13 82.92 71.82 54.38 19.6 -0.35 -1.91 -1.77 -2.17 -3.43 -1.1 -1.76 -5.26 -8.26 -10.55 -12.24 -17.3 -22.01 -7.65 11.69 19.76 48.96 95.47 102.85 111.84 116.26 114.43 112.49 102.0 94.3 91.94 93.31 105.13 121.38 132.61 134.27 117.95 105.28 95.88 90.08 84.3 83.02 89.59 100.22 113.79 134.8 165.49 175.85 178.3 162.77 133.7 124.41 115.63 105.25 100.33 98.83 111.52 123.26 125.45 120.95 105.1 95.44 88.23 75.8 73.72 81.19 90.01 101.41 110.01 132.49 170.01 179.38 133.62 131.53 103.18 98.47 91.0 90.0 82.09 83.67 85.28 102.32 118.08 120.0 112.16 120.0 135.0 200.0 192.74 193.59 185.63 117.5 113.2 106.19 125.46 142.55 154.32 130.23 115.5 106.37 98.73 95.38 93.94 93.64 95.93 107.53 122.51 119.1 104.69 95.44 107.43 95.01 106.4 100.58 95.01 93.99 102.03 111.86 130.78 140.32 144.29 135.04 117.72 101.0 96.36 92.46 92.68 92.38 97.89 111.61 112.49 102.6 85.07 79.71 76.54 73.95 69.9 74.87 79.17 85.6 96.43 112.34 136.65 137.45 123.36 100.53 84.52 84.85 61.69 29.15 19.93 16.42 13.69 19.21 22.6 29.95 17.41 4.63 0.0 -0.01 -0.13 -1.02 -0.1 -0.41 12.9 68.34 77.51 81.56 76.13 82.92 71.82 54.38 19.6 -0.35 -1.91 -1.77 -2.17 -3.43 -1.1 -1.76 -5.26 -8.26 -10.55 -12.24 -17.3 -22.01 -7.65 11.69 19.76 48.96 95.47 102.85 111.84 116.26 114.43 112.49 102.0 94.3 91.94 93.31 105.13
