256 5
1 41 48 37 50
1 0 0 0 0 0 3 1 2 3 0 76 6.97
10 0 0 0 0 9 3 7 10 21 1 83 6.09
3 0 10 8 10 6 3 4 8 9 1 51 10.66
4 0 0 0 0 1 3 5 11 19 1 78 5.84
9 0 7 6 0 0 3 6 12 18 4 66 9.91
6 0 0 7 9 0 3 9 10 14 5 62 8.21
4 0 10 0 2 6 3 13 20 30 13 65 9.33
7 0 10 3 0 0 3 9 11 17 11 75 6.84
2 1 0 0 0 0 3 14 19 25 4 69 5.43
2 0 2 0 4 7 3 15 20 26 18 81 8.81
4 0 6 2 7 0 3 18 23 24 11 75 9.73
9 0 0 6 1 8 3 15 16 23 18 90 5.45
7 0 5 0 0 0 3 14 15 17 13 85 6.83
2 1 0 0 0 0 3 16 21 23 17 72 10.41
3 1 0 0 0 0 3 16 27 29 20 102 9.89
1 1 0 0 0 0 2 22 30 27 102 6.42
1 0 5 0 1 4 1 28 27 78 5.57
6 1 0 0 0 0 2 22 24 20 96 7.47
6 0 6 7 0 10 3 20 22 26 15 61 7.21
1 1 0 0 0 0 3 21 24 28 6 54 9.23
2 1 0 0 0 0 1 25 21 91 6.34
3 1 0 0 0 0 1 29 19 62 6.11
8 1 0 0 0 0 1 25 28 83 8.89
2 0 0 8 7 0 1 26 27 105 9.34
3 1 0 0 0 0 1 30 26 71 5.87
9 0 0 0 0 9 1 27 36 120 9.26
5 1 0 0 0 0 2 27 29 29 95 8.46
10 0 0 7 0 9 1 28 45 103 6.07
9 0 3 0 0 0 1 31 55 100 7.35
10 0 0 0 0 4 1 31 34 86 9.17
5 0 4 0 9 0 1 31 29 85 9.33
1 0 0 0 0 0 0 64 126 6.98
1 0 0 0 0 0 3 33 34 35 0 67 7.54
10 0 8 1 10 6 1 58 1 66 8.11
9 0 4 6 2 9 2 40 41 1 89 5.66
5 0 2 4 10 10 3 36 38 39 1 57 7.62
1 0 4 1 5 3 3 37 46 54 6 61 7.51
1 0 4 1 3 9 2 45 61 7 67 7.62
9 0 9 7 2 4 2 42 43 6 82 6.64
5 0 6 5 1 8 1 49 6 82 9.61
9 0 4 3 5 5 1 50 10 70 6.84
4 0 9 2 9 5 2 44 51 10 70 7.56
8 0 10 10 2 9 3 45 53 56 15 75 10.17
7 0 9 6 10 3 3 45 47 55 15 98 10.17
2 1 0 0 0 0 1 57 14 79 5.41
3 1 0 0 0 0 1 52 23 85 5.91
1 0 8 7 2 2 2 50 61 7 65 8.95
8 1 0 0 0 0 1 48 22 70 10.2
9 0 8 9 2 10 1 58 30 104 6.67
8 0 7 3 1 4 2 58 59 11 73 6.94
4 0 4 10 5 2 1 62 19 93 7.37
5 1 0 0 0 0 1 55 14 83 6.14
2 0 1 10 1 6 1 57 26 67 6.71
10 0 10 2 6 2 1 57 23 108 7.55
2 0 2 8 1 3 1 60 7 64 9.99
4 0 3 3 2 3 1 61 22 89 7.93
1 0 2 2 1 4 1 62 23 85 8.47
6 0 10 1 7 5 2 59 60 33 102 10.31
2 0 9 6 5 5 1 60 39 96 7.99
4 0 3 1 5 8 1 62 39 97 10.29
1 0 6 6 10 4 1 63 41 87 8.94
2 0 7 10 7 3 1 63 26 93 5.35
2 0 5 4 5 7 1 63 43 84 8.18
1 0 0 0 0 0 0 45 103 7.23
1 0 0 0 0 0 3 65 66 67 0 85 8.08
7 0 5 1 4 7 3 68 74 82 1 69 9.16
1 0 3 9 2 2 1 79 1 52 7.01
8 0 4 7 4 5 3 69 70 77 1 82 8.57
2 0 4 4 10 7 3 71 72 75 8 57 7.7
5 0 1 1 6 5 2 73 86 9 69 9.13
8 0 9 4 2 6 1 87 9 57 5.65
7 0 1 4 2 6 1 90 10 67 8.32
10 0 2 4 2 3 1 85 10 94 10.39
6 0 5 3 10 5 1 76 14 86 9.12
4 0 4 10 8 3 1 84 8 77 6.77
6 0 3 10 8 6 2 76 78 10 77 5.39
4 1 0 0 0 0 3 81 88 89 20 89 5.41
5 0 1 7 4 9 1 87 9 56 5.42
10 0 6 8 1 3 2 80 85 16 96 6.02
9 0 7 8 1 2 2 82 94 2 54 8.47
10 0 5 3 2 4 1 83 26 92 8.89
7 1 0 0 0 0 1 91 24 80 9.41
3 0 2 6 2 7 1 92 11 81 7.0
7 0 10 1 10 1 1 92 36 80 10.37
5 0 10 8 10 8 1 91 12 74 8.22
4 0 10 10 3 1 1 94 26 73 7.22
7 0 8 2 3 7 1 93 14 77 10.16
7 0 5 6 6 8 3 88 89 94 17 80 7.74
5 1 0 0 0 0 2 91 93 24 69 7.47
6 0 7 10 1 3 1 90 24 84 8.32
4 1 0 0 0 0 1 93 30 103 6.57
8 0 2 5 7 3 1 92 31 99 6.29
9 0 4 8 5 9 1 95 43 91 7.4
3 0 6 9 1 2 1 95 34 75 9.9
2 1 0 0 0 0 1 95 30 80 10.4
1 0 0 0 0 0 0 52 108 5.53
1 0 0 0 0 0 3 97 98 99 0 83 6.15
4 0 8 4 9 5 3 100 104 119 1 55 6.73
4 0 5 3 6 2 3 103 109 118 1 61 7.34
8 0 5 0 0 9 2 102 110 1 75 10.39
2 0 0 1 4 0 2 101 106 5 66 9.39
7 0 3 0 9 0 2 112 114 7 75 9.75
4 1 0 0 0 0 1 105 9 82 5.52
1 0 3 3 5 3 1 124 5 89 10.16
9 0 4 7 1 4 3 106 108 115 5 70 6.41
8 1 0 0 0 0 2 113 122 13 101 9.17
5 1 0 0 0 0 3 107 116 117 14 78 5.4
10 0 4 5 10 3 1 120 19 75 5.92
10 0 1 7 0 8 1 111 14 92 7.51
10 1 0 0 0 0 1 115 5 63 6.75
4 0 0 1 4 3 1 118 9 88 9.19
3 1 0 0 0 0 1 114 24 83 5.9
2 1 0 0 0 0 2 116 118 14 81 7.86
4 0 2 0 10 9 1 121 21 98 7.65
7 0 8 1 1 10 1 125 27 101 8.36
5 0 3 5 0 1 1 125 15 64 9.49
7 0 7 2 5 1 1 123 19 90 10.31
6 0 0 9 5 0 1 120 19 69 9.08
5 0 5 10 0 1 2 121 122 16 62 9.36
10 0 6 8 3 6 1 125 5 86 6.98
1 0 5 3 4 0 1 121 29 100 6.66
2 0 0 5 0 3 1 126 30 84 5.42
1 0 1 10 8 10 2 123 126 21 97 7.3
1 0 5 4 6 8 1 124 26 77 7.98
10 0 0 7 0 1 1 127 27 97 7.09
8 0 0 0 9 1 1 127 34 115 8.73
3 0 4 1 0 0 1 127 32 106 6.02
1 0 0 0 0 0 0 42 113 7.4
1 0 0 0 0 0 3 129 130 131 0 82 5.93
2 0 0 7 4 7 3 133 134 135 1 45 5.73
6 0 3 4 7 0 3 132 134 150 1 72 9.23
8 0 7 0 10 8 3 138 142 149 1 75 5.79
6 0 0 9 3 10 3 133 137 144 7 64 7.58
8 0 4 5 0 4 3 136 138 147 13 77 8.69
3 1 0 0 0 0 3 143 149 151 7 63 8.52
3 0 0 2 8 6 3 137 141 144 3 50 10.26
4 1 0 0 0 0 3 139 140 154 21 64 9.01
7 0 10 3 6 10 3 139 147 154 13 92 10.48
6 1 0 0 0 0 3 145 148 158 21 82 8.31
4 0 9 6 0 4 3 143 148 152 25 83 7.52
2 0 7 3 5 0 3 145 149 151 25 76 9.44
5 0 1 8 0 3 3 145 150 151 6 90 9.62
10 0 4 2 7 2 3 143 146 150 9 64 8.96
5 1 0 0 0 0 1 153 29 96 10.03
3 0 3 0 7 8 3 146 148 158 13 65 9.15
10 0 8 0 6 4 1 155 27 109 5.77
7 1 0 0 0 0 2 147 156 19 80 6.02
1 1 0 0 0 0 1 153 26 86 5.92
7 0 7 1 0 0 2 155 157 29 109 6.47
3 0 10 2 4 0 2 156 157 27 78 6.88
1 1 0 0 0 0 2 152 154 19 61 8.0
1 1 0 0 0 0 1 152 27 77 7.79
7 0 1 2 7 0 1 153 29 110 10.67
4 0 3 8 4 5 1 157 36 89 7.11
4 0 0 10 7 0 2 155 158 25 92 10.08
2 0 0 4 0 0 1 156 37 77 7.82
7 0 3 3 1 9 1 159 39 84 9.78
8 0 5 5 10 2 1 159 40 108 6.87
10 0 3 9 2 4 1 159 29 97 6.15
1 0 0 0 0 0 0 48 103 7.13
1 0 0 0 0 0 3 161 162 163 0 47 5.96
5 0 0 0 0 9 3 164 171 174 1 85 10.38
2 0 9 0 0 0 2 172 173 1 65 8.77
5 0 0 0 0 3 3 165 167 179 1 59 6.0
8 1 0 0 0 0 2 169 182 6 93 9.2
8 0 0 0 7 0 3 166 168 175 6 72 9.96
9 0 0 0 0 10 3 169 177 186 14 88 8.14
6 0 0 0 8 0 1 177 6 82 8.34
1 0 10 0 0 0 3 170 176 178 14 80 9.22
10 0 0 0 10 0 3 181 183 185 23 88 5.57
2 0 0 0 5 0 1 177 15 90 10.12
2 0 0 9 0 0 3 173 178 188 6 50 5.73
7 0 0 5 0 0 3 180 184 188 3 61 6.15
5 0 0 2 0 0 1 182 8 82 6.6
10 0 0 0 0 9 3 175 181 186 6 74 9.18
9 0 0 8 0 0 2 178 185 16 87 5.47
8 0 0 0 6 0 3 183 185 190 15 88 6.53
9 0 0 0 0 6 2 183 188 23 101 5.35
10 1 0 0 0 0 1 184 25 89 8.67
8 0 0 0 10 0 2 184 190 6 68 9.98
6 1 0 0 0 0 1 182 10 58 8.21
3 0 0 0 2 0 1 190 33 98 7.48
10 1 0 0 0 0 1 189 16 72 6.7
1 0 8 0 0 0 1 187 33 95 8.45
5 0 0 0 0 7 1 189 35 83 9.23
4 0 0 7 0 0 1 187 33 111 6.94
7 0 4 0 0 0 1 187 23 77 6.83
8 0 0 8 0 0 1 189 37 88 9.76
2 0 3 0 0 0 1 191 32 98 8.12
1 0 0 0 7 0 1 191 45 83 7.99
10 0 0 0 0 6 1 191 36 95 6.92
1 0 0 0 0 0 0 46 105 7.63
1 0 0 0 0 0 3 193 194 195 0 82 8.24
1 0 2 0 9 0 1 202 1 60 7.7
5 0 2 8 3 0 3 196 198 206 1 65 5.79
7 0 6 7 0 0 3 197 199 200 1 74 5.61
10 0 0 0 1 0 2 208 210 6 72 8.05
1 0 0 8 0 0 3 201 204 215 8 87 8.46
5 0 0 5 0 0 3 203 207 208 6 70 6.93
1 0 6 0 0 6 3 204 209 214 8 76 8.57
5 0 0 3 1 0 3 202 213 215 8 77 5.72
9 0 0 0 0 10 2 217 221 9 97 7.6
3 0 1 9 7 0 1 205 13 61 9.41
7 0 2 10 0 8 2 204 220 11 77 10.04
4 1 0 0 0 0 1 212 18 76 6.68
2 0 7 10 0 0 2 210 212 16 63 5.96
7 0 4 7 3 1 1 207 6 57 9.69
6 1 0 0 0 0 2 209 219 13 65 7.42
7 0 3 10 7 10 2 209 211 16 64 8.64
8 0 10 0 10 10 2 212 213 23 106 8.93
8 1 0 0 0 0 1 216 18 100 6.41
8 0 0 4 6 0 3 213 214 219 23 71 9.13
4 0 0 1 1 6 1 217 31 79 7.21
5 0 0 0 4 0 1 218 31 110 7.02
3 0 0 2 0 7 2 218 222 31 111 9.06
5 0 0 1 10 0 2 216 217 13 87 8.81
10 0 0 0 3 2 2 218 219 26 76 6.74
3 0 4 0 1 3 1 222 35 113 5.54
4 0 7 0 0 0 2 220 221 36 86 8.91
3 0 0 1 3 0 1 220 36 88 8.35
1 0 0 2 0 0 1 223 40 100 9.01
3 0 0 0 6 6 1 223 40 118 9.82
1 0 0 7 0 0 1 223 38 84 6.9
1 0 0 0 0 0 0 43 110 6.76
1 0 0 0 0 0 3 225 226 227 0 65 9.72
9 0 0 10 4 8 3 229 230 233 1 65 9.19
3 0 7 3 3 4 1 229 1 45 10.09
1 0 10 7 5 10 3 228 232 243 1 52 6.82
7 0 4 0 0 9 3 229 231 237 2 63 8.88
7 0 6 10 0 3 1 234 10 87 9.94
4 0 10 6 2 5 3 235 236 242 10 71 9.66
3 0 5 4 10 3 1 240 9 86 7.2
9 1 0 0 0 0 3 235 250 253 2 53 10.48
1 0 6 2 10 2 2 245 253 10 60 5.47
2 1 0 0 0 0 1 248 17 95 9.38
2 0 2 7 7 0 2 249 251 14 78 8.63
6 0 1 0 0 6 1 241 14 91 8.02
1 0 5 9 0 9 2 238 239 9 64 7.66
3 0 5 0 6 1 1 248 10 79 8.47
6 0 1 6 7 0 1 253 10 76 6.72
6 1 0 0 0 0 1 249 12 61 8.88
9 0 3 6 0 1 1 244 20 81 8.7
4 0 0 3 0 5 1 243 14 75 8.9
3 0 0 0 0 10 2 246 252 18 98 7.66
10 0 3 8 8 2 1 245 29 102 6.24
6 0 10 7 4 1 2 247 254 39 91 5.51
3 1 0 0 0 0 1 248 21 86 9.11
4 0 8 10 0 0 1 249 45 111 6.2
8 0 2 0 8 1 1 250 24 82 7.81
1 0 0 9 5 9 1 252 49 99 9.55
6 0 9 7 10 6 1 251 32 78 8.96
7 0 7 0 0 1 1 254 38 83 7.5
4 0 7 1 0 4 1 255 50 119 9.12
3 0 7 6 0 1 1 255 16 88 5.85
1 0 7 9 5 0 1 255 45 90 6.73
1 0 0 0 0 0 0 54 121 9.6
98.21 81.85 78.14 71.9 70.0 72.96 80.0 76.86 68.64 54.52 23.18 14.46 11.09 -2.0 -0.01 1.38 11.18 22.07 127.1 153.73 215.84 204.14 226.35 186.99 79.64 2.42 2.89 1.09 6.16 68.91 131.93 200.65 200.0 200.0 87.71 105.0 56.81 52.97 41.51 70.89 130.0 105.0 130.8 162.46 165.38 141.39 130.8 111.0 97.68 86.57 81.44 79.97 81.48 97.84 127.18 145.0 136.41 131.99 120.0 111.56 100.71 97.36 97.62 97.07 100.34 109.99 133.59 151.36 145.0 125.0 109.3 97.95 97.23 85.09 88.03 72.86 88.03 94.78 153.37 161.55 153.4 140.74 170.57 98.19 92.85 99.44 108.6 115.71 112.78 127.33 139.03 171.12 180.57 159.81 138.99 131.82 118.09 112.8 116.54 112.8 113.14 127.4 144.74 171.95 171.31 151.11 132.96 121.11 108.92 106.59 107.2 109.38 106.29 116.65 138.16 149.36 150.58 126.2 124.98 120.29 123.9 112.0 114.38 108.0 105.14 103.55 105.56 104.85 106.21 101.89 98.27 93.97 88.23 83.02 82.68 82.56 92.8 98.81 112.66 132.79 134.51 127.8 127.71 119.3 111.55 103.49 102.68 101.09 102.63 103.5 103.5 103.37 110.43 114.68 111.04 107.83 104.05 98.16 94.49 94.04 95.82 100.74 115.21 132.88 140.0 135.0 129.97 125.35 98.21 81.85 78.14 71.9 70.0 72.96 80.0 76.86 68.64 54.52 23.18 14.46 11.09 -2.0 -0.01 1.38 11.18 22.07 127.1 153.73 215.84 204.14 226.35 186.99 79.64 2.42 2.89 1.09 6.16 68.91 131.93 200.65 200.0 200.0 87.71 105.0 56.81 52.97 41.51 70.89 130.0 105.0 130.8 162.46 165.38 141.39 130.8 111.0 97.68 86.57 81.44 79.97 81.48 97.84 127.18 145.0 136.41 131.99 120.0 111.56 100.71 97.36 97.62 97.07 100.34 109.99 133.59 151.36 145.0 125.0 109.3 97.95 97.23 85.09 88.03 72.86 88.03 94.78 153.37 161.55 153.4 140.74 170.57 98.19 92.85 99.44 108.6 115.71 112.78 127.33 139.03 171.12 180.57 159.81 138.99 131.82 118.09 112.8 116.54 112.8 113.14 127.4 144.74 171.95 171.31 151.11 132.96 121.11 108.92 106.59 107.2 109.38 106.29 116.65 138.16 149.36 150.58 126.2 124.98 120.29 123.9 112.0 114.38 108.0 105.14 103.55 105.56 104.85 106.21 101.89 98.27 93.97 88.23 83.02 82.68 82.56 92.8 98.81 112.66 132.79 134.51 127.8 127.71 119.3 111.55 103.49 102.68 101.09 102.63 103.5 103.5 103.37 110.43 114.68 111.04 107.83 104.05 98.16 94.49 94.04 95.82 100.74 115.21 132.88 140.0 135.0 129.97 125.35 98.21 81.85 78.14 71.9 70.0 72.96 80.0 76.86 68.64 54.52 23.18 14.46 11.09 -2.0 -0.01 1.38 11.18 22.07 127.1 153.73 215.84 204.14 226.35 186.99 79.64 2.42 2.89 1.09 6.16 68.91 131.93 200.65 200.0 200.0 87.71 105.0 56.81 52.97 41.51 70.89 130.0 105.0 130.8 162.46 165.38 141.39 130.8 111.0 97.68 86.57 81.44 79.97 81.48 97.84 127.18 145.0 136.41 131.99 120.0 111.56 100.71 97.36 97.62 97.07 100.34 109.99 133.59 151.36 145.0 125.0 109.3 97.95 97.23 85.09 88.03 72.86 88.03 94.78 153.37 161.55 153.4 140.74 170.57 98.19 92.85 99.44
