256 5
1 37 45 32 30
1 0 0 0 0 0 3 1 2 3 0 59 4.38
6 0 0 2 0 9 3 5 14 17 1 62 4.95
9 0 1 0 5 4 3 4 14 17 1 66 4.97
1 0 0 2 10 8 3 5 6 15 1 62 6.66
9 0 0 10 7 7 3 7 13 15 10 66 6.17
1 0 8 5 0 1 3 7 10 13 7 74 5.29
5 0 7 0 9 7 3 8 11 22 2 43 4.95
7 0 6 0 6 0 3 9 11 16 19 59 6.35
1 0 0 10 3 2 3 9 12 19 7 69 4.62
10 0 0 3 7 10 2 21 29 26 83 4.87
6 0 1 2 7 1 3 18 22 24 8 79 6.54
8 0 0 0 7 5 1 20 26 66 7.2
5 0 0 2 4 7 3 14 17 18 8 75 7.85
9 0 7 10 8 0 3 16 18 24 19 62 4.41
5 0 9 0 1 7 2 28 30 13 68 5.45
9 0 0 7 2 0 3 22 26 29 19 91 4.96
1 1 0 0 0 0 2 19 20 28 95 7.29
1 0 8 7 0 0 3 21 24 26 13 56 6.21
3 1 0 0 0 0 3 20 25 27 28 93 4.48
6 0 0 6 4 7 3 23 25 26 29 76 4.67
8 0 7 0 6 9 2 21 29 34 89 5.78
6 0 10 4 9 6 1 23 42 98 7.54
4 1 0 0 0 0 1 28 28 82 4.96
5 0 7 1 6 4 1 28 48 88 7.93
4 1 0 0 0 0 2 25 27 28 80 6.41
3 0 7 9 7 10 1 30 35 79 6.23
2 0 9 0 4 1 1 27 35 84 6.76
9 0 1 10 0 3 1 30 37 95 6.63
7 0 9 10 3 2 1 31 53 120 7.15
3 0 4 10 10 10 1 31 42 79 7.67
2 0 10 8 0 10 1 31 46 83 4.24
1 0 0 0 0 0 0 60 95 7.3
1 0 0 0 0 0 3 33 34 35 0 60 6.7
10 0 2 10 7 2 3 36 38 56 1 68 4.28
9 0 10 10 8 8 2 41 43 1 45 7.77
3 0 3 7 5 7 3 38 39 45 1 50 4.74
5 0 1 1 6 5 1 37 11 77 8.01
10 0 10 5 6 7 3 40 44 55 16 83 5.75
4 1 0 0 0 0 3 46 47 62 11 82 6.05
9 0 1 9 5 8 1 50 4 64 7.7
3 1 0 0 0 0 2 42 53 26 82 6.64
6 0 8 10 3 9 1 57 10 56 5.58
2 1 0 0 0 0 2 47 52 29 86 7.15
3 0 7 3 8 9 1 48 10 74 4.73
2 1 0 0 0 0 2 49 58 26 68 7.38
6 0 4 1 6 9 1 54 4 75 4.15
8 0 8 7 3 8 1 53 15 71 6.46
2 0 9 5 7 2 2 50 60 31 90 4.14
5 0 3 5 3 3 1 51 13 66 7.9
7 0 10 4 1 4 2 50 54 28 85 6.8
4 0 6 9 2 2 1 61 35 75 4.28
9 0 1 8 3 10 1 60 18 81 6.45
6 0 3 9 3 5 1 61 31 76 5.26
5 0 4 4 8 1 1 58 29 86 4.18
7 0 8 6 9 6 1 59 35 79 6.39
2 1 0 0 0 0 1 57 26 94 5.92
8 0 9 7 9 8 1 60 11 83 7.24
10 0 5 2 7 3 2 58 59 28 93 8.12
2 0 8 4 2 9 1 61 38 99 4.82
7 0 7 4 8 5 1 62 42 88 6.88
8 0 1 7 7 2 1 63 33 91 6.57
5 0 2 1 5 8 1 63 40 87 7.67
10 0 5 5 7 3 1 63 49 115 6.97
1 0 0 0 0 0 0 59 107 7.9
1 0 0 0 0 0 3 65 66 67 0 69 5.21
4 0 2 0 8 5 3 70 72 81 1 68 6.02
2 0 0 10 3 10 3 73 74 78 1 68 5.34
1 0 10 0 0 1 3 68 78 85 1 67 5.86
2 0 9 10 8 9 3 69 77 89 2 75 7.76
3 0 0 4 8 0 3 80 81 84 4 43 6.44
9 0 5 9 7 0 3 71 76 77 5 71 7.72
9 0 1 6 8 0 3 79 82 87 14 79 7.97
3 0 0 4 0 3 3 73 78 89 5 57 4.8
7 0 0 10 0 1 3 75 79 94 8 72 7.04
10 0 8 9 2 2 3 75 79 83 3 50 6.07
8 0 0 3 3 6 2 77 82 15 58 7.96
4 0 4 9 8 0 3 82 85 86 14 54 6.72
6 0 4 9 0 7 2 80 87 23 88 5.31
3 0 1 5 3 2 2 80 88 8 80 4.92
9 0 3 9 8 10 2 84 91 23 93 5.69
6 0 8 1 10 6 2 86 92 29 81 7.02
8 0 3 1 5 4 2 88 94 7 54 4.29
4 1 0 0 0 0 2 84 91 23 92 6.01
3 0 6 1 6 7 3 85 86 89 13 58 6.67
4 0 10 0 6 0 2 90 93 32 69 7.45
5 1 0 0 0 0 2 87 90 18 67 7.89
6 0 3 8 0 5 1 91 35 80 5.26
7 0 3 0 4 5 2 88 92 29 100 7.6
9 0 5 10 10 4 1 93 36 82 5.59
5 0 0 8 4 9 2 90 94 16 80 4.26
1 0 3 7 3 7 1 92 36 88 5.17
4 0 0 0 2 3 1 93 41 86 4.39
5 0 6 4 2 7 1 95 37 101 5.58
5 0 1 7 6 0 1 95 45 104 4.27
1 1 0 0 0 0 1 95 21 65 4.87
1 0 0 0 0 0 0 50 93 7.69
1 0 0 0 0 0 3 97 98 99 0 48 4.34
6 0 0 0 8 0 3 102 115 120 1 65 8.06
6 0 8 0 0 0 3 100 116 121 1 56 6.82
9 0 8 0 0 0 3 103 104 105 1 45 4.41
7 0 0 0 0 5 3 101 122 124 7 71 4.33
3 0 9 0 0 0 2 112 117 14 67 6.09
2 0 0 0 0 2 2 118 119 7 48 7.66
10 0 0 7 0 0 1 106 10 57 4.4
4 0 0 0 1 0 2 107 115 10 71 4.87
2 0 8 0 0 0 2 117 123 10 47 5.75
8 0 0 0 0 6 3 108 110 111 20 76 6.32
7 0 0 0 0 10 3 112 114 126 14 78 5.45
8 1 0 0 0 0 3 109 118 126 28 80 4.28
8 1 0 0 0 0 1 114 36 107 4.61
1 1 0 0 0 0 1 113 28 67 7.02
10 0 0 0 0 5 3 113 114 120 28 76 4.56
9 0 3 0 0 0 1 125 21 67 7.4
3 0 4 0 0 0 2 115 119 38 86 5.05
8 0 0 0 0 10 2 117 124 44 88 5.55
3 1 0 0 0 0 1 118 41 92 6.69
7 0 0 0 0 6 2 120 123 7 68 7.32
7 0 0 10 0 0 1 125 52 107 5.84
9 0 0 0 0 6 2 121 125 44 89 7.57
2 1 0 0 0 0 2 121 122 41 99 7.42
1 1 0 0 0 0 1 122 38 72 5.75
4 0 3 0 0 0 1 123 53 105 6.3
6 0 0 0 0 2 1 126 43 99 5.28
7 0 0 0 0 2 1 124 57 118 8.02
7 0 0 6 0 0 1 127 64 111 4.69
8 0 3 0 0 0 1 127 59 119 4.97
1 0 0 0 5 0 1 127 49 112 4.31
1 0 0 0 0 0 0 71 121 5.36
1 0 0 0 0 0 3 129 130 131 0 60 6.46
6 0 1 7 6 0 2 136 138 1 77 5.42
5 0 0 0 0 4 3 132 135 137 1 44 6.15
7 0 0 6 9 5 3 133 137 145 1 52 6.81
7 0 9 8 6 0 1 147 6 55 4.4
4 0 0 5 7 0 3 134 138 140 8 73 4.2
9 0 5 0 3 5 1 136 12 66 4.61
9 0 6 5 0 8 1 139 6 79 5.22
5 0 6 0 0 1 3 143 148 151 21 70 6.36
4 0 5 0 9 0 1 142 8 60 7.02
2 0 1 10 0 5 1 152 12 79 6.4
10 0 0 2 7 10 2 144 151 15 75 7.11
7 1 0 0 0 0 1 141 12 83 5.12
7 0 5 10 0 8 3 146 149 158 19 63 6.25
1 0 4 1 3 3 2 144 155 12 50 4.7
3 0 5 5 1 10 2 147 154 26 80 6.69
6 1 0 0 0 0 1 149 25 66 5.8
2 0 1 4 9 0 2 156 157 8 72 5.57
5 0 9 10 7 0 1 152 26 68 7.0
10 0 8 0 6 7 1 155 29 102 7.43
4 1 0 0 0 0 1 150 26 94 6.98
1 0 9 0 9 7 1 154 31 76 4.1
4 0 8 6 2 1 1 155 30 98 7.42
8 0 1 8 8 5 1 157 26 85 4.46
2 0 0 9 5 2 1 153 31 89 5.66
7 0 10 1 6 10 1 157 33 99 5.1
3 0 9 3 7 7 1 156 32 81 5.28
9 0 6 0 5 9 1 158 39 82 7.66
9 0 5 10 2 0 1 159 35 76 7.31
3 0 1 0 9 9 1 159 40 85 5.62
5 0 0 0 3 0 1 159 48 95 8.06
1 0 0 0 0 0 0 53 110 4.16
1 0 0 0 0 0 3 161 162 163 0 55 5.74
6 0 7 4 8 9 3 164 166 168 1 65 4.81
7 0 3 4 7 5 3 170 172 187 1 54 7.2
8 0 8 5 10 3 3 165 168 176 1 54 5.68
6 0 4 4 8 5 3 165 167 172 7 53 5.91
2 0 4 4 4 9 3 178 184 186 13 58 7.11
2 0 4 10 8 7 2 169 183 7 45 6.35
3 0 1 5 10 7 3 169 174 175 13 51 5.62
8 1 0 0 0 0 3 180 187 189 9 85 7.39
6 0 7 7 1 9 3 181 182 186 16 80 6.98
6 0 7 2 1 6 3 171 175 176 8 50 6.13
2 0 2 4 5 9 3 174 177 185 14 71 6.96
7 0 2 4 6 5 3 173 175 185 13 70 5.76
4 0 2 2 4 8 2 174 177 20 87 4.99
6 0 2 8 3 1 2 178 179 24 89 4.14
7 1 0 0 0 0 3 177 178 179 20 88 5.77
2 1 0 0 0 0 2 179 183 14 52 4.95
6 0 5 9 7 9 3 180 181 186 27 82 8.07
2 0 4 2 1 3 1 183 30 90 6.83
10 1 0 0 0 0 2 180 181 30 99 4.34
5 0 4 2 8 3 1 190 40 86 5.69
6 0 4 2 5 7 1 184 40 79 4.76
9 0 3 2 3 7 3 184 185 187 22 67 4.72
4 0 3 1 1 8 1 188 32 84 4.15
4 0 4 7 7 2 2 188 189 46 87 5.48
9 0 7 7 1 9 1 188 31 77 6.02
9 0 8 6 3 6 2 189 190 33 75 5.66
8 0 10 5 1 2 1 190 31 97 5.53
7 0 4 6 10 5 1 191 50 88 6.14
10 0 7 2 1 8 1 191 50 97 7.4
6 0 2 1 3 3 1 191 45 109 5.45
1 0 0 0 0 0 0 60 103 5.86
1 0 0 0 0 0 3 193 194 195 0 45 7.67
8 0 0 0 0 4 3 196 197 198 1 75 5.77
2 0 7 4 5 3 1 200 1 41 7.15
10 0 9 8 0 0 1 221 1 67 6.8
1 0 4 10 8 6 2 208 211 9 63 6.84
10 0 6 7 2 6 3 199 202 204 9 70 5.18
2 0 1 10 2 4 1 215 9 61 5.68
5 0 1 5 5 4 2 207 210 19 78 4.32
2 0 1 10 0 2 3 201 203 209 3 57 6.94
6 0 6 0 8 0 1 205 5 66 6.82
6 1 0 0 0 0 3 206 207 215 19 59 6.25
3 0 0 4 1 2 1 219 5 67 5.97
3 0 8 0 5 3 1 212 19 57 7.23
1 0 4 7 2 9 2 210 217 11 50 7.47
8 0 9 6 0 1 1 219 25 96 7.15
6 1 0 0 0 0 1 211 25 86 6.71
9 0 0 10 8 0 1 213 10 80 7.91
10 0 7 10 1 0 1 219 5 81 4.94
7 1 0 0 0 0 2 218 220 24 72 5.72
9 0 1 0 5 4 1 222 31 97 6.83
5 1 0 0 0 0 2 220 221 22 65 7.66
5 1 0 0 0 0 3 214 216 218 19 60 8.07
4 1 0 0 0 0 1 217 24 61 8.09
3 1 0 0 0 0 1 216 25 85 7.98
4 0 9 4 7 2 1 221 28 73 4.43
10 0 9 0 2 0 1 222 28 85 7.38
9 0 7 10 2 0 1 222 31 102 6.35
7 0 0 0 3 0 1 220 33 93 4.45
7 0 1 7 5 7 1 223 40 87 6.4
7 0 1 8 9 0 1 223 32 97 6.64
8 0 0 8 2 5 1 223 40 98 6.9
1 0 0 0 0 0 0 48 95 5.64
1 0 0 0 0 0 3 225 226 227 0 54 4.71
7 0 4 1 10 1 3 232 241 244 1 70 7.52
4 0 5 3 5 5 3 230 231 233 1 54 7.2
1 0 3 9 5 5 3 228 229 248 1 69 7.89
3 0 1 9 10 1 3 232 234 235 2 40 4.44
6 0 3 5 3 1 2 235 237 2 77 7.2
8 0 2 2 5 10 3 237 243 247 5 79 5.56
9 0 6 5 10 6 3 244 249 251 5 77 7.32
5 0 6 3 1 9 3 240 245 247 8 78 5.8
8 0 7 9 8 8 3 238 244 246 5 70 6.86
3 0 4 9 6 5 3 236 237 247 5 50 6.04
3 0 3 2 7 2 3 236 238 239 8 70 7.28
9 0 4 9 10 1 3 240 242 249 11 66 7.52
5 0 1 3 5 1 3 239 241 250 13 77 5.41
7 0 2 7 2 6 3 241 243 250 13 84 5.88
2 1 0 0 0 0 3 242 245 246 18 76 7.23
7 1 0 0 0 0 2 243 246 20 69 5.98
10 0 3 2 4 3 2 242 245 20 93 6.89
2 0 4 5 5 9 1 253 30 67 5.08
2 1 0 0 0 0 1 252 27 64 4.7
8 1 0 0 0 0 2 248 254 14 65 7.84
7 0 2 2 8 6 2 249 251 30 93 4.83
8 0 8 4 6 6 2 251 253 27 94 5.8
6 1 0 0 0 0 2 250 254 13 62 6.79
6 0 1 1 9 10 1 252 22 62 5.61
10 0 7 7 6 2 1 254 37 105 4.75
5 1 0 0 0 0 1 253 20 72 5.47
1 0 1 1 2 4 1 252 37 77 7.27
9 0 7 1 9 4 1 255 38 90 8.06
3 0 9 4 5 10 1 255 35 96 7.83
2 0 2 7 3 9 1 255 47 93 7.47
1 0 0 0 0 0 0 49 103 4.34
116.15 104.79 102.75 106.02 105.19 122.36 143.33 168.79 149.12 124.57 109.78 104.0 100.0 96.0 93.22 96.94 97.96 103.58 116.58 128.96 135.69 126.9 112.95 96.51 78.96 73.1 70.01 63.56 65.9 74.28 102.7 115.69 119.54 104.2 82.94 76.69 74.15 87.77 105.0 116.22 110.0 96.0 98.38 114.85 120.28 116.25 108.46 97.23 77.62 70.96 71.0 70.0 72.52 79.83 106.47 114.49 117.49 110.0 80.83 88.1 78.01 78.01 78.01 64.95 71.07 79.09 102.19 120.0 133.52 130.04 111.0 102.74 100.59 91.15 89.24 87.18 90.72 96.03 100.67 99.02 95.0 87.74 78.0 75.82 73.11 45.76 29.41 47.89 71.56 84.55 102.82 116.52 124.14 117.04 109.61 98.76 93.02 83.2 80.23 77.03 83.79 98.78 110.0 109.58 106.0 93.75 70.37 60.32 60.55 57.69 57.87 63.56 71.41 86.5 105.4 120.0 124.62 110.65 99.79 85.78 78.74 74.0 68.07 65.67 64.9 65.34 62.08 62.46 59.76 40.04 4.7 0.78 0.26 -0.32 -0.08 0.0 1.32 25.94 53.68 78.44 87.69 81.06 78.6 73.02 52.2 40.04 33.88 28.75 29.83 27.56 30.73 27.55 20.0 2.14 0.0 -0.47 -6.7 -22.47 -22.96 -16.12 -0.41 2.22 41.34 85.49 90.87 91.0 89.94 83.5 116.15 104.79 102.75 106.02 105.19 122.36 143.33 168.79 149.12 124.57 109.78 104.0 100.0 96.0 93.22 96.94 97.96 103.58 116.58 128.96 135.69 126.9 112.95 96.51 78.96 73.1 70.01 63.56 65.9 74.28 102.7 115.69 119.54 104.2 82.94 76.69 74.15 87.77 105.0 116.22 110.0 96.0 98.38 114.85 120.28 116.25 108.46 97.23 77.62 70.96 71.0 70.0 72.52 79.83 106.47 114.49 117.49 110.0 80.83 88.1 78.01 78.01 78.01 64.95 71.07 79.09 102.19 120.0 133.52 130.04 111.0 102.74 100.59 91.15 89.24 87.18 90.72 96.03 100.67 99.02 95.0 87.74 78.0 75.82 73.11 45.76 29.41 47.89 71.56 84.55 102.82 116.52 124.14 117.04 109.61 98.76 93.02 83.2 80.23 77.03 83.79 98.78 110.0 109.58 106.0 93.75 70.37 60.32 60.55 57.69 57.87 63.56 71.41 86.5 105.4 120.0 124.62 110.65 99.79 85.78 78.74 74.0 68.07 65.67 64.9 65.34 62.08 62.46 59.76 40.04 4.7 0.78 0.26 -0.32 -0.08 0.0 1.32 25.94 53.68 78.44 87.69 81.06 78.6 73.02 52.2 40.04 33.88 28.75 29.83 27.56 30.73 27.55 20.0 2.14 0.0 -0.47 -6.7 -22.47 -22.96 -16.12 -0.41 2.22 41.34 85.49 90.87 91.0 89.94 83.5 116.15 104.79 102.75 106.02 105.19 122.36 143.33 168.79 149.12 124.57 109.78 104.0 100.0 96.0 93.22 96.94 97.96 103.58 116.58 128.96 135.69 126.9 112.95 96.51
