256 5
1 23 22 25 28
1 0 0 0 0 0 3 1 2 3 0 61 12.61
6 0 3 5 9 3 1 4 1 57 11.25
6 0 10 2 7 0 1 10 1 56 14.75
8 0 0 2 6 10 3 6 7 15 1 72 13.3
5 0 9 3 5 9 1 5 7 68 14.36
8 1 0 0 0 0 1 18 12 64 14.76
2 0 0 6 7 0 3 8 23 27 9 65 8.22
5 0 5 5 0 2 2 21 24 9 91 11.74
5 0 0 8 0 7 3 9 11 13 11 85 14.36
6 0 7 9 5 9 3 12 14 16 16 78 15.1
3 0 3 6 4 0 3 17 28 30 7 84 9.04
6 0 8 1 5 0 1 16 16 88 12.24
4 0 6 0 6 3 2 20 24 22 106 8.58
5 0 9 4 3 8 2 19 25 16 80 13.78
6 0 0 8 0 8 1 28 22 111 11.88
6 1 0 0 0 0 1 21 9 67 13.52
5 1 0 0 0 0 1 18 22 110 10.68
4 0 3 1 7 0 2 22 26 10 65 11.86
4 0 8 6 8 8 2 20 29 27 103 13.86
7 1 0 0 0 0 1 20 21 78 10.19
9 0 0 3 9 10 1 21 31 116 11.07
8 0 3 1 0 10 1 28 40 115 14.77
7 0 4 1 8 10 1 29 14 94 14.03
2 0 1 6 10 0 1 26 11 94 9.19
5 0 0 5 2 5 1 26 26 110 10.47
5 1 0 0 0 0 1 30 21 93 11.3
3 1 0 0 0 0 1 29 31 91 11.81
4 0 8 0 6 1 1 30 11 69 15.16
8 0 8 4 7 5 1 31 48 111 13.45
7 0 0 2 2 8 1 31 34 108 11.39
6 0 10 6 9 0 1 31 26 101 14.77
1 0 0 0 0 0 0 56 129 9.63
1 0 0 0 0 0 3 33 34 35 0 69 11.09
5 0 7 0 6 9 3 36 42 45 1 67 14.02
4 0 2 0 0 0 3 37 39 41 1 53 11.16
6 0 3 0 0 0 3 40 48 56 1 96 14.04
4 0 10 2 0 10 3 37 38 46 6 55 8.18
7 0 0 6 0 8 3 40 48 58 10 63 10.43
6 0 0 0 9 9 3 39 47 50 10 93 14.77
10 0 0 0 2 0 2 53 55 16 79 9.98
3 0 0 10 0 0 3 55 57 60 17 73 11.08
6 0 4 0 9 1 3 43 45 48 5 59 8.81
7 0 5 0 5 0 3 46 49 51 6 90 15.11
6 0 8 5 5 0 3 44 47 49 11 103 8.28
7 0 0 1 0 0 3 51 54 61 17 95 14.31
8 0 0 1 0 0 2 46 49 11 82 11.75
4 0 0 0 6 0 2 50 52 19 94 10.47
1 0 8 0 0 4 2 51 52 17 85 12.28
2 0 0 3 5 0 2 55 62 17 67 12.4
2 1 0 0 0 0 3 50 54 60 19 91 10.35
10 1 0 0 0 0 1 59 23 110 10.93
8 0 5 0 3 0 3 56 57 58 24 83 13.13
6 1 0 0 0 0 3 53 57 61 23 103 14.51
6 1 0 0 0 0 3 54 58 59 29 88 12.32
3 0 5 0 1 0 1 56 35 111 10.05
7 1 0 0 0 0 1 61 26 82 14.42
8 0 0 0 0 2 1 62 38 96 10.36
8 0 0 0 10 8 1 59 32 121 10.19
6 0 8 1 1 4 1 60 35 117 10.64
2 0 0 0 7 7 1 62 40 112 12.39
10 0 3 10 7 0 1 63 41 128 13.57
10 0 10 0 0 4 1 63 33 112 8.18
6 0 0 9 0 3 1 63 46 97 12.25
1 0 0 0 0 0 0 52 114 9.78
1 0 0 0 0 0 3 65 66 67 0 55 10.82
9 0 0 0 0 6 3 69 71 75 1 94 13.78
3 0 0 1 0 0 3 68 81 85 1 55 9.34
8 0 6 0 0 0 3 70 72 77 1 66 11.8
3 0 0 0 0 1 3 71 74 88 4 84 12.16
5 0 0 6 0 0 1 79 10 67 10.0
5 0 0 0 0 4 3 73 74 81 9 93 8.86
5 0 0 0 0 9 2 77 92 10 59 8.44
7 0 0 10 0 0 3 73 79 81 9 68 11.48
3 0 0 2 0 0 3 76 82 83 16 85 9.41
8 0 0 0 0 10 3 78 80 83 14 93 9.9
9 0 3 0 0 0 3 77 79 80 10 84 11.42
9 0 0 0 0 4 3 78 80 89 19 103 10.21
6 0 8 0 0 0 1 93 19 84 9.07
10 0 0 0 0 6 2 84 86 28 86 13.8
3 1 0 0 0 0 3 82 83 88 19 98 14.55
1 1 0 0 0 0 3 84 86 91 28 100 14.97
3 0 0 0 0 6 3 84 88 90 16 66 10.53
8 1 0 0 0 0 2 90 94 22 87 14.21
9 1 0 0 0 0 2 87 90 22 85 9.78
9 0 0 0 6 0 1 87 38 128 13.72
3 0 0 10 0 0 3 86 87 89 4 55 12.75
8 0 0 0 0 4 1 94 38 117 14.2
2 0 0 10 0 0 3 92 93 94 47 103 10.65
10 0 0 0 0 6 1 89 22 108 8.6
1 1 0 0 0 0 2 91 93 32 105 10.82
1 1 0 0 0 0 1 91 31 108 12.53
3 0 0 0 2 0 1 92 33 102 11.75
5 0 0 2 0 0 1 95 49 115 10.34
6 0 9 0 0 0 1 95 49 114 11.63
4 0 9 0 0 0 1 95 49 112 13.99
1 0 0 0 0 0 0 55 116 13.63
1 0 0 0 0 0 3 97 98 99 0 48 13.96
1 0 0 0 0 5 2 118 119 1 84 10.11
1 0 0 3 0 0 3 100 101 112 1 79 13.66
1 0 8 0 0 0 2 102 115 1 78 7.95
7 0 0 0 2 0 3 105 117 123 2 64 12.97
6 0 0 0 0 3 1 113 2 69 8.11
4 0 1 0 0 0 3 103 104 107 2 94 14.89
5 0 0 0 10 0 3 109 116 122 6 59 13.37
8 0 0 0 3 0 2 106 111 6 65 14.68
7 0 0 0 0 1 1 111 9 75 13.88
8 0 9 0 0 0 1 112 14 70 13.63
1 0 7 0 0 0 3 108 110 111 6 55 11.85
2 0 0 3 0 0 1 125 7 60 11.86
3 1 0 0 0 0 1 114 11 92 10.79
10 0 0 7 0 0 1 121 7 100 11.47
10 0 3 0 0 0 1 120 16 77 13.37
2 1 0 0 0 0 1 119 22 79 9.86
10 0 0 0 4 0 1 116 8 84 12.47
1 0 0 0 0 3 1 120 14 79 11.65
1 0 0 0 7 0 2 120 122 2 76 9.84
7 0 0 2 0 0 1 117 18 96 14.61
9 0 0 0 0 10 2 124 125 25 110 10.52
9 0 0 0 7 0 1 126 2 81 8.15
4 1 0 0 0 0 1 122 24 80 13.14
4 0 0 3 0 0 1 121 26 90 14.39
1 0 0 0 4 0 1 125 30 105 9.99
1 1 0 0 0 0 1 123 28 76 11.53
8 0 0 0 0 9 1 126 29 99 11.5
1 0 0 0 0 1 1 127 34 80 8.83
2 0 0 8 0 0 1 127 34 117 9.57
7 0 0 4 0 0 1 127 37 121 14.53
1 0 0 0 0 0 0 44 100 14.33
1 0 0 0 0 0 3 129 130 131 0 71 10.67
8 0 7 9 9 5 2 132 133 1 67 11.62
9 0 3 4 8 1 3 136 149 151 1 74 10.99
7 0 1 3 10 3 3 132 136 140 1 71 11.3
6 0 1 1 10 10 3 134 137 142 9 75 14.78
9 0 10 6 10 1 2 134 136 9 72 12.22
4 0 6 2 1 4 3 135 139 143 18 80 10.61
10 1 0 0 0 0 3 138 141 144 22 82 11.6
5 1 0 0 0 0 3 145 146 152 18 107 8.9
2 0 1 2 7 9 3 150 153 154 15 63 14.51
1 0 6 3 1 5 3 146 148 149 32 99 13.24
8 1 0 0 0 0 2 141 148 22 97 9.24
5 0 7 1 2 10 3 141 143 152 8 64 12.36
1 0 6 7 10 2 3 145 146 151 32 107 15.29
9 0 10 5 2 9 3 143 147 157 15 86 12.17
10 1 0 0 0 0 1 153 24 89 14.7
6 1 0 0 0 0 3 145 147 148 32 84 13.54
5 0 4 1 7 7 1 154 38 124 9.09
1 1 0 0 0 0 2 154 155 33 111 7.8
3 0 1 7 8 6 2 149 152 38 110 12.27
4 0 1 7 8 6 2 150 151 38 110 9.04
4 0 7 7 9 10 2 150 155 41 117 10.22
7 0 9 8 9 3 1 158 45 92 8.84
3 0 5 3 3 1 2 153 157 42 88 13.91
4 0 9 9 8 7 1 156 41 93 9.87
1 0 7 8 6 7 2 155 158 45 107 11.38
6 0 8 4 4 4 3 156 157 158 43 100 11.02
5 0 9 6 2 9 1 156 46 125 15.28
1 0 9 1 3 8 1 159 51 123 9.69
3 0 6 5 3 6 1 159 49 109 14.65
7 0 3 4 1 1 1 159 52 109 10.13
1 0 0 0 0 0 0 59 129 13.86
1 0 0 0 0 0 3 161 162 163 0 91 14.74
10 0 2 4 3 3 3 164 166 169 1 79 9.61
10 0 6 8 3 1 3 166 175 179 1 55 8.47
2 0 2 10 1 1 3 168 169 170 1 92 14.13
8 0 6 10 4 3 3 165 179 181 11 98 10.62
10 0 6 1 7 3 3 168 170 174 19 105 15.16
1 1 0 0 0 0 3 167 168 177 11 57 7.74
7 1 0 0 0 0 3 173 181 186 12 97 13.38
8 0 2 1 3 6 3 172 180 182 29 82 12.05
9 0 8 1 3 9 3 180 182 187 11 85 14.95
8 0 8 1 8 9 3 171 177 180 29 120 13.76
8 0 9 3 7 5 3 172 175 182 37 96 13.15
2 0 8 8 10 1 3 173 178 185 45 110 10.23
1 0 3 1 5 8 1 176 47 99 12.82
4 1 0 0 0 0 3 176 177 186 29 96 15.17
9 1 0 0 0 0 3 176 178 183 45 109 11.87
5 0 2 10 1 10 1 184 54 100 10.92
1 1 0 0 0 0 2 189 190 37 94 11.06
5 0 2 4 6 8 3 184 187 189 54 129 9.95
8 0 9 6 7 3 1 183 19 108 7.73
9 1 0 0 0 0 3 183 185 188 37 113 13.32
2 0 7 4 4 8 1 187 19 101 9.07
8 0 4 6 6 4 3 185 188 190 45 112 11.8
2 0 10 4 6 6 1 184 54 101 14.17
4 0 10 9 2 8 1 190 59 131 10.0
5 0 4 10 2 10 1 186 53 103 11.08
6 0 1 8 3 2 1 189 58 135 12.41
7 0 2 10 9 4 1 188 59 119 8.05
7 0 2 3 7 4 1 191 66 119 15.19
7 0 6 2 3 10 1 191 64 120 11.12
2 0 2 2 4 4 1 191 63 108 13.16
1 0 0 0 0 0 0 73 131 9.84
1 0 0 0 0 0 3 193 194 195 0 72 13.84
10 0 9 0 0 0 3 197 199 203 1 91 11.51
6 0 1 0 0 0 3 196 198 208 1 64 8.69
10 0 2 0 0 0 1 217 1 68 8.29
9 0 0 8 0 0 2 202 211 7 94 15.11
7 0 0 0 0 2 3 206 215 217 11 86 7.84
3 0 0 0 0 4 2 200 209 7 59 15.27
10 0 9 0 0 0 2 205 212 11 108 14.52
8 0 0 0 0 10 2 201 217 10 63 8.73
10 0 0 0 3 0 3 203 204 207 18 88 8.16
7 0 0 0 6 0 3 205 210 216 16 92 13.86
6 0 0 0 0 3 2 216 222 28 109 12.93
10 0 7 0 0 0 2 206 215 28 94 7.79
3 0 0 0 7 0 2 209 218 23 76 9.01
7 1 0 0 0 0 3 210 211 212 38 126 9.98
10 0 0 5 0 0 2 214 219 28 120 14.87
4 0 0 0 4 0 1 209 7 90 14.32
3 0 0 0 0 1 1 222 26 109 9.86
3 1 0 0 0 0 2 214 219 45 111 9.32
10 1 0 0 0 0 2 214 220 45 99 10.43
10 0 0 0 6 0 2 213 221 45 116 14.07
6 0 2 0 0 0 2 218 222 55 118 8.35
9 0 2 0 0 0 1 221 55 125 13.96
4 1 0 0 0 0 1 216 38 91 10.2
5 0 5 0 0 0 1 218 42 98 15.23
7 0 0 0 3 0 2 220 221 18 101 14.74
7 0 6 0 0 0 1 219 61 140 13.76
9 0 5 0 0 0 1 220 68 151 13.35
7 0 1 0 0 0 1 223 77 126 13.4
4 0 0 0 0 1 1 223 64 110 8.28
6 0 0 6 0 0 1 223 61 123 7.92
1 0 0 0 0 0 0 84 132 14.3
1 0 0 0 0 0 3 225 226 227 0 60 9.02
6 0 5 3 4 7 1 252 1 57 10.4
2 0 1 2 10 5 3 228 229 230 1 93 14.76
9 0 3 4 7 7 3 237 243 244 1 81 14.62
8 0 2 8 3 10 3 234 248 254 3 94 8.86
1 0 10 5 1 7 3 239 241 242 3 79 8.78
4 0 9 1 1 7 3 231 232 235 3 94 9.86
2 1 0 0 0 0 1 243 7 97 8.65
1 0 1 4 6 2 1 233 7 59 8.71
3 0 10 2 7 5 2 238 245 8 75 11.3
2 0 1 2 2 8 2 236 249 11 93 11.29
6 0 9 1 2 9 1 241 7 65 11.66
5 0 7 10 4 4 1 238 13 65 11.15
3 0 2 3 3 4 1 245 10 95 15.04
1 0 8 5 2 8 1 240 18 97 14.11
7 0 2 1 9 4 1 247 4 68 12.05
2 1 0 0 0 0 1 247 19 105 9.31
10 0 4 5 3 3 2 244 246 13 109 7.81
3 0 8 8 3 10 1 243 4 73 12.42
8 0 3 9 2 3 1 254 10 99 11.34
6 1 0 0 0 0 1 254 23 71 10.92
6 1 0 0 0 0 1 246 13 105 14.71
9 0 7 10 2 9 2 248 252 23 91 9.87
9 1 0 0 0 0 2 251 253 21 74 8.05
1 0 8 3 7 1 1 249 32 102 13.47
7 0 10 9 7 6 1 250 33 111 11.96
2 0 7 4 5 5 1 253 40 103 12.48
5 0 4 9 7 2 1 252 30 87 10.65
9 0 4 5 8 10 1 255 35 98 14.88
2 0 7 5 1 2 1 255 42 86 11.26
2 0 5 1 5 4 1 255 29 114 15.31
1 0 0 0 0 0 0 44 107 10.42
84.42 86.67 85.85 84.8 86.32 98.33 123.46 149.8 125.0 101.94 85.83 76.73 65.92 61.47 70.56 79.89 101.44 132.42 210.51 413.66 308.52 150.28 119.37 108.69 108.12 109.21 106.31 104.25 104.21 107.35 182.39 294.59 193.65 125.7 102.57 96.01 84.74 84.27 87.45 94.85 105.81 131.17 192.68 386.4 210.0 130.02 112.62 105.9 104.86 103.61 100.57 101.42 100.87 110.31 133.35 216.33 165.29 122.31 113.97 114.82 103.58 96.03 86.56 95.58 110.26 126.54 170.59 276.46 172.73 117.57 98.94 84.59 85.95 83.19 75.65 67.14 66.2 71.23 105.95 123.07 121.14 104.81 76.01 38.73 51.48 49.23 57.64 54.03 46.92 89.09 126.33 188.92 151.12 116.25 92.43 81.94 48.33 42.49 35.11 33.23 41.42 73.44 114.49 123.43 109.04 92.68 58.95 49.64 47.43 46.93 59.75 76.99 92.55 97.99 130.14 200.52 165.0 119.39 104.84 98.65 94.3 79.39 72.93 73.75 79.32 82.83 86.36 78.23 72.18 54.48 14.27 2.37 0.0 0.01 0.01 0.02 41.22 101.57 123.7 142.34 127.6 113.87 100.62 88.1 85.5 77.16 79.68 84.97 92.72 99.3 99.25 103.59 107.52 87.7 61.58 17.66 6.57 0.0 -0.01 0.0 19.63 95.86 126.39 153.29 126.73 96.36 88.69 59.17 45.18 38.07 18.19 16.89 17.23 77.52 251.79 162.58 143.47 88.21 22.55 18.6 25.0 33.72 29.71 62.02 84.92 100.0 140.0 105.0 120.61 98.72 69.71 9.48 33.47 58.49 63.4 77.12 73.94 62.83 131.6 195.0 145.3 119.72 80.87 52.97 66.91 59.72 71.3 87.25 138.17 238.48 146.08 149.05 111.0 98.67 103.88 66.86 70.8 63.52 50.97 47.81 57.66 70.46 112.71 124.24 112.69 94.26 69.34 43.5 12.04 8.56 11.66 45.8 83.64 109.11 114.0 170.32 136.63 110.0 100.0 78.66 57.64 49.63 38.85 38.75 49.22 75.94 115.0 117.81 112.9 91.36 66.01 5.94 0.2 0.0 0.0 0.53 51.54 120.86 144.94 212.26 147.12 110.0 102.07 88.2 74.09 72.22 70.58 70.29 70.38 86.1 118.42 141.48 117.45 92.51 53.21 13.12 0.99 0.0 0.0 11.97 76.93 118.68 255.21 409.24 167.05 110.91 95.47 80.03 90.15 80.58 77.19 77.04 77.0 82.66 91.11 89.67 77.66 24.91 0.98 -0.89 -7.45 -10.25 -4.7 0.1 28.84 96.69 118.22 126.99 95.47 79.14 75.12 49.18 3.45 1.14 2.64 0.62 1.29 0.58 4.41 5.23 3.15 0.4 -0.25 -6.87 -10.36 -10.73 -2.58 -0.07 9.47 88.87 110.72 118.6 117.58 103.57 97.59 90.59 84.95 81.26 77.32 76.98 77.79 91.71 119.98 129.86 128.51 106.34 88.11 69.61 70.41 65.06 70.42 76.05 88.42 122.95 143.06 216.38 144.51 114.24 100.24 92.77 86.64 86.71 86.15 86.08 88.7 101.47 126.62 172.36 159.13 119.37 89.84 88.92 80.86 77.82 77.56 88.6 102.65 127.01 157.33 216.73 125.53 101.58 96.92 91.98 75.64 70.05 69.46 70.17 58.67 71.28 110.41 130.2 119.5 92.86 62.28 41.17 27.1 28.68 28.21 65.69 76.26 91.19 113.08 119.62 108.42 88.11 81.54 63.78 73.22 70.16 67.15 66.86 70.34 79.6 110.1 120.11 124.72 99.11 85.73 136.26 114.15 65.81 50.98 78.75 84.24 106.5 116.52 136.61 123.61 101.82 89.58 81.09 78.48 75.08 73.18 73.2 75.12 82.3 105.52 119.97 124.63 114.16 105.0 99.9 98.86 83.35 83.78 82.88 99.34 110.88 124.17 132.96 119.61 106.21 96.9 89.9
