256 5
1 33 52 35 59
1 0 0 0 0 0 3 1 2 3 0 62 8.96
6 0 0 0 5 0 2 9 12 1 73 12.69
6 0 6 0 6 3 3 4 5 6 1 69 13.79
3 0 0 3 0 0 3 8 11 20 1 107 13.31
5 0 0 0 4 0 3 10 18 19 7 121 14.7
7 0 8 5 0 2 3 9 13 19 7 82 11.2
3 0 0 0 9 3 2 7 15 7 71 14.24
9 0 6 0 4 0 3 9 18 20 10 104 10.77
8 0 10 4 0 0 3 15 17 18 4 108 12.17
9 0 0 0 0 4 1 17 19 92 11.7
7 0 0 3 0 5 3 11 12 16 12 124 9.61
6 0 5 1 6 0 3 15 17 29 19 128 10.46
9 0 10 0 0 7 3 14 21 29 19 100 13.15
10 0 0 0 10 0 3 14 16 21 14 78 8.73
9 0 0 7 5 0 3 20 22 30 28 140 11.56
5 1 0 0 0 0 2 25 26 25 101 13.44
8 1 0 0 0 0 2 23 24 24 101 9.31
10 1 0 0 0 0 3 21 22 23 28 104 13.14
9 0 0 0 7 0 3 22 23 24 19 84 11.79
2 0 8 0 8 5 2 24 27 14 81 7.9
10 0 10 9 8 0 2 25 27 37 136 11.85
6 0 3 0 4 1 2 26 30 38 147 11.38
2 0 1 0 4 0 3 25 26 27 38 129 7.71
1 0 0 9 3 0 1 30 38 95 9.76
3 1 0 0 0 0 1 29 32 94 9.66
2 0 10 10 0 5 1 28 47 145 11.42
3 0 0 0 10 7 1 28 44 114 11.61
1 0 6 6 6 0 1 28 47 107 12.63
9 0 0 1 0 0 1 31 49 111 10.3
5 0 1 0 8 0 1 31 35 122 10.71
2 0 3 0 0 10 1 31 44 112 10.56
1 0 0 0 0 0 0 58 153 12.55
1 0 0 0 0 0 3 33 34 35 0 77 10.96
10 0 10 10 10 0 3 42 46 48 1 85 14.02
9 0 10 9 2 0 3 36 37 38 1 121 13.8
4 0 2 9 0 0 3 41 44 45 1 100 13.57
8 0 4 9 7 0 3 39 43 59 10 79 15.2
1 0 6 9 5 1 3 41 45 50 10 111 11.53
5 0 10 2 9 0 3 41 51 57 10 99 12.86
8 0 3 3 8 0 2 40 42 18 88 11.8
1 0 6 7 5 2 3 44 47 56 26 89 13.14
7 0 2 1 2 7 2 43 59 15 109 15.16
9 1 0 0 0 0 3 49 50 52 26 98 11.33
6 0 9 9 2 4 3 48 49 53 22 104 14.99
4 0 6 8 2 8 3 46 55 58 27 84 10.94
10 1 0 0 0 0 3 51 52 59 11 98 14.65
2 0 4 0 2 1 2 54 57 31 128 12.17
9 1 0 0 0 0 3 48 49 52 27 135 10.02
5 1 0 0 0 0 1 62 36 129 13.96
1 1 0 0 0 0 3 54 55 58 36 105 10.0
6 1 0 0 0 0 3 51 54 56 35 130 10.91
10 1 0 0 0 0 2 53 55 41 112 9.52
6 0 0 0 3 8 1 53 36 132 12.44
9 0 9 3 10 10 2 58 62 51 145 14.62
2 1 0 0 0 0 2 60 61 41 143 15.01
5 0 1 5 5 3 1 60 51 150 7.84
10 0 9 9 6 4 2 57 60 41 126 14.86
8 0 0 0 1 6 1 62 51 160 9.04
10 0 0 9 8 3 1 61 60 152 10.4
5 1 0 0 0 0 1 61 22 135 12.2
2 0 4 0 9 9 1 63 56 132 13.66
6 0 5 1 0 1 1 63 70 128 13.52
1 0 2 5 0 0 1 63 60 136 13.9
1 0 0 0 0 0 0 76 147 14.95
1 0 0 0 0 0 3 65 66 67 0 97 12.05
2 0 8 1 2 4 3 68 71 80 1 65 9.06
9 0 1 9 1 3 1 86 1 67 13.2
3 0 4 7 1 9 3 69 72 78 1 115 7.92
7 0 10 8 7 10 2 70 75 3 77 15.32
2 0 10 10 9 2 2 77 81 4 118 8.46
9 0 5 4 5 5 2 85 90 10 108 10.57
8 0 4 9 4 3 1 73 3 91 15.31
10 0 3 1 2 10 1 74 4 111 10.21
5 0 3 7 8 9 2 76 79 11 94 13.82
7 1 0 0 0 0 2 89 93 14 84 10.3
4 0 4 6 4 7 1 85 10 72 8.37
2 0 4 10 10 7 2 88 93 16 74 10.43
2 0 4 5 1 8 2 82 83 6 86 10.2
8 0 2 6 4 8 2 86 94 4 95 13.99
10 0 7 1 2 6 2 82 88 16 113 7.83
4 0 3 8 8 9 1 83 3 104 11.77
7 0 6 6 7 8 1 83 6 112 11.21
2 0 4 9 3 9 1 90 26 124 13.05
7 1 0 0 0 0 2 84 92 13 129 14.2
4 0 6 8 4 6 1 87 20 94 10.46
3 1 0 0 0 0 1 88 19 118 9.62
4 0 10 10 3 9 2 91 93 12 71 8.42
6 0 2 1 9 8 1 94 24 112 9.61
1 0 2 1 4 2 1 91 26 116 9.56
4 0 1 6 4 3 1 90 21 93 9.96
3 0 3 10 5 7 1 92 28 121 7.79
7 0 6 4 3 8 1 92 27 121 12.74
1 0 3 5 4 9 1 95 34 114 8.75
5 0 9 4 7 1 1 95 21 106 14.51
2 0 3 5 2 10 1 95 30 118 14.26
1 0 0 0 0 0 0 35 135 14.19
1 0 0 0 0 0 3 97 98 99 0 70 10.57
7 0 1 6 4 9 3 105 106 124 1 85 9.4
4 0 9 1 3 9 3 100 101 103 1 81 12.01
1 0 3 4 8 5 3 106 107 108 1 80 8.65
5 0 5 7 4 8 2 102 122 5 118 10.09
7 0 2 9 1 7 3 105 116 118 5 82 12.43
9 0 1 5 6 7 2 107 121 10 92 9.83
8 0 8 6 8 3 3 104 109 110 5 114 14.06
5 0 2 9 2 10 3 105 111 115 13 112 9.9
6 1 0 0 0 0 1 125 18 96 10.54
10 0 5 9 3 1 1 119 8 100 9.35
2 1 0 0 0 0 2 109 115 19 112 9.54
10 0 4 1 8 3 2 109 120 2 108 11.18
4 1 0 0 0 0 2 117 123 21 120 13.69
7 0 10 8 6 5 2 113 126 13 117 12.21
5 0 1 7 6 10 3 112 120 123 18 109 12.9
4 0 9 1 1 3 1 114 23 104 11.2
9 0 1 4 5 4 1 121 20 126 8.0
6 1 0 0 0 0 2 116 122 27 138 12.92
6 0 2 9 5 4 2 117 119 21 116 14.84
10 1 0 0 0 0 1 117 33 105 13.32
7 0 1 3 5 10 2 124 126 43 115 12.55
9 0 2 6 3 2 2 119 121 12 101 13.17
9 0 4 8 4 9 2 123 125 27 93 15.37
4 0 10 10 5 8 1 122 23 91 13.89
10 0 7 6 10 10 1 124 29 129 14.78
8 0 1 7 7 10 1 125 33 132 12.18
6 0 2 6 5 3 1 126 36 135 10.13
3 0 6 3 7 4 1 127 50 154 11.93
6 0 5 5 3 5 1 127 41 116 12.68
1 0 7 10 4 10 1 127 50 121 15.17
1 0 0 0 0 0 0 53 143 9.03
1 0 0 0 0 0 3 129 130 131 0 62 9.21
8 0 9 1 8 9 3 143 145 146 1 81 8.96
2 0 7 10 5 2 3 133 140 142 1 65 9.78
6 0 8 6 10 10 3 132 134 155 1 99 12.99
10 0 10 7 1 4 2 135 139 7 106 15.0
1 0 5 3 8 7 3 136 139 150 3 77 13.93
8 0 5 7 7 3 2 141 144 7 92 13.51
6 1 0 0 0 0 2 143 145 17 113 8.82
8 0 9 1 1 9 2 137 138 4 103 14.35
8 0 7 6 7 10 1 144 12 92 11.64
1 0 7 4 6 2 1 156 12 111 10.31
1 0 6 4 8 10 3 145 146 153 17 84 11.92
4 0 1 5 8 2 3 154 155 158 3 97 14.95
3 0 5 4 6 3 2 142 149 15 123 13.01
4 1 0 0 0 0 2 150 157 18 76 13.21
5 0 2 8 6 4 2 150 157 23 84 8.64
7 1 0 0 0 0 3 146 148 151 20 114 10.3
6 0 1 5 8 10 2 147 152 23 103 11.58
5 1 0 0 0 0 1 152 27 101 12.96
6 0 1 10 2 2 1 151 29 137 8.19
10 1 0 0 0 0 1 153 27 99 15.14
8 0 5 2 8 3 2 152 153 18 88 10.17
8 0 4 5 8 5 1 151 28 128 8.27
2 0 1 10 5 9 1 158 36 137 9.01
8 0 1 8 4 9 1 154 32 134 11.94
4 0 7 6 7 9 3 154 157 158 37 138 13.81
2 0 8 1 8 10 1 156 41 142 9.81
10 0 6 1 4 5 1 156 7 121 9.52
6 0 5 8 9 8 1 159 43 137 15.18
9 0 7 10 3 6 1 159 41 142 9.79
7 0 10 3 3 2 1 159 41 125 15.32
1 0 0 0 0 0 0 50 111 12.55
1 0 0 0 0 0 3 161 162 163 0 92 11.75
7 0 3 2 0 6 1 167 1 110 12.07
1 0 0 0 7 5 3 164 165 166 1 65 10.16
7 0 0 0 4 0 2 168 181 1 68 14.05
7 0 0 0 2 10 1 167 2 91 11.96
4 0 9 2 10 0 3 170 180 184 2 101 9.01
10 0 5 10 7 2 2 169 172 2 118 11.56
7 0 0 0 8 0 2 175 176 9 78 15.22
9 0 10 0 0 4 1 188 8 112 8.01
8 1 0 0 0 0 3 171 176 177 12 98 9.71
9 0 7 0 0 0 3 174 179 181 6 101 11.03
1 0 0 10 8 0 1 173 20 104 11.4
3 1 0 0 0 0 1 185 12 118 10.76
3 0 0 10 0 5 2 182 190 21 108 15.22
10 0 4 0 0 5 1 185 15 86 12.92
6 0 0 0 7 1 1 178 16 113 12.86
7 0 8 9 0 10 1 189 20 98 10.65
8 0 9 5 0 0 3 183 186 187 20 126 13.95
7 1 0 0 0 0 1 183 22 108 9.67
9 1 0 0 0 0 1 186 15 117 14.26
9 0 0 2 0 0 2 181 190 6 101 10.43
10 1 0 0 0 0 1 188 15 88 10.7
2 0 7 0 7 0 1 185 24 102 14.06
1 0 0 0 8 0 1 189 29 137 8.23
4 1 0 0 0 0 1 187 6 91 10.66
1 0 9 0 0 9 1 189 26 134 9.1
3 0 6 7 0 0 1 190 28 119 14.73
1 0 3 10 5 0 1 188 28 94 15.15
4 0 7 0 7 6 1 191 29 89 14.22
7 0 7 6 2 0 1 191 30 132 12.66
4 0 0 4 3 0 1 191 31 93 14.56
1 0 0 0 0 0 0 37 144 8.63
1 0 0 0 0 0 3 193 194 195 0 58 15.37
6 0 5 7 7 2 3 196 199 205 1 90 11.0
8 0 6 9 5 6 2 197 203 1 70 10.71
5 0 7 10 5 9 1 212 1 88 11.0
9 0 9 9 10 9 3 198 206 214 7 90 11.71
7 0 9 8 4 5 2 200 213 9 79 11.36
8 0 7 9 2 5 2 201 209 16 116 10.81
10 0 4 9 2 9 2 209 211 7 91 11.82
6 0 7 9 10 1 1 202 16 77 15.0
1 0 9 2 2 6 3 208 217 218 24 118 11.44
10 1 0 0 0 0 1 204 22 90 12.81
6 0 4 7 9 6 1 216 9 107 9.56
3 1 0 0 0 0 2 207 216 32 141 12.73
6 1 0 0 0 0 1 207 7 82 11.36
8 0 2 4 1 10 2 210 215 16 91 13.05
2 0 4 4 1 8 1 219 35 104 14.59
8 1 0 0 0 0 1 212 25 140 13.65
6 0 6 7 3 7 2 215 219 24 127 11.57
9 1 0 0 0 0 1 213 24 89 8.8
6 1 0 0 0 0 1 220 17 116 9.44
9 0 1 8 5 5 1 221 33 139 9.11
10 0 4 3 4 4 2 221 222 33 131 9.69
3 1 0 0 0 0 1 216 16 114 13.47
4 0 4 9 8 1 2 218 222 30 92 10.61
10 0 8 2 1 7 1 218 35 110 12.41
4 0 2 10 2 8 1 219 25 122 7.95
9 0 9 9 10 8 1 220 45 111 7.81
9 0 5 8 6 9 1 222 37 105 13.41
3 0 4 9 8 2 1 223 54 149 11.52
9 0 5 7 7 9 1 223 43 154 8.33
1 0 9 7 3 3 1 223 46 130 13.44
1 0 0 0 0 0 0 57 127 9.58
1 0 0 0 0 0 3 225 226 227 0 100 13.13
3 0 0 0 0 3 3 233 238 239 1 61 7.95
2 0 10 0 0 0 3 230 234 239 1 103 9.46
8 0 0 7 7 0 3 228 229 253 1 117 12.46
4 0 2 0 9 6 3 237 241 242 9 98 7.83
3 0 0 0 8 0 3 231 235 238 9 119 12.69
4 0 0 5 0 0 3 232 236 240 3 95 10.73
1 0 9 0 0 0 3 232 240 243 12 73 12.19
5 0 0 0 3 0 3 237 247 248 13 125 13.8
3 0 4 0 8 0 3 237 242 243 4 98 11.31
4 0 2 0 4 4 3 236 245 246 3 64 8.38
2 0 5 3 2 2 3 243 244 249 12 109 8.93
8 0 0 10 1 0 3 238 241 253 7 81 9.53
10 0 5 9 0 9 1 245 18 88 12.38
3 0 0 4 0 5 3 242 250 254 15 78 12.37
9 0 2 3 0 0 1 246 4 77 10.48
2 0 0 0 0 3 3 241 244 245 13 120 14.04
2 0 1 0 0 0 2 247 251 15 112 15.1
7 1 0 0 0 0 2 244 249 18 90 8.38
10 0 0 0 10 0 3 248 251 254 14 87 13.65
6 0 0 0 6 1 1 247 25 134 12.01
4 1 0 0 0 0 2 249 250 28 122 9.18
9 0 0 5 3 4 3 248 253 254 13 103 11.46
10 0 6 0 0 2 1 252 31 103 13.51
8 1 0 0 0 0 1 250 24 114 13.11
3 1 0 0 0 0 1 251 32 117 13.9
2 0 3 5 1 10 1 252 32 89 7.96
5 1 0 0 0 0 1 252 35 105 9.69
9 0 8 2 0 0 1 255 41 148 11.91
8 0 10 10 10 7 1 255 22 111 14.61
4 1 0 0 0 0 1 255 24 130 10.46
1 0 0 0 0 0 0 50 124 9.47
145.0 143.73 145.19 141.8 140.1 148.93 175.75 200.65 213.39 200.92 185.1 179.26 168.16 158.99 162.77 169.42 181.8 198.94 213.5 205.38 186.21 166.52 159.7 154.0 146.39 143.13 140.96 140.21 141.62 149.15 170.54 198.04 214.16 191.85 173.16 151.91 151.24 148.36 158.0 171.98 189.98 222.26 245.6 229.0 199.07 188.18 173.45 163.2 160.14 155.24 150.01 148.02 145.97 151.51 175.71 196.64 216.85 178.92 141.24 137.26 136.57 136.67 143.01 150.74 163.27 183.99 192.45 170.43 157.15 146.27 133.88 127.17 117.02 123.95 120.74 120.15 125.13 137.96 161.87 184.3 159.44 144.69 128.32 112.26 109.82 109.88 118.86 154.83 168.45 170.0 170.0 150.65 161.22 133.29 120.44 116.12 125.6 124.9 115.96 118.01 120.79 129.64 155.74 185.52 197.02 157.68 130.62 136.89 126.24 124.62 130.54 145.51 160.0 170.0 167.74 150.29 142.1 151.52 118.64 115.92 120.01 120.01 119.39 120.01 120.01 164.64 140.0 155.0 157.0 157.0 156.1 134.79 121.18 140.0 131.12 126.24 141.47 159.98 160.0 146.61 143.56 137.97 143.8 138.77 130.6 126.28 131.77 127.92 125.38 125.2 126.39 129.47 149.4 145.04 145.56 140.07 129.89 120.0 120.0 124.63 135.16 158.54 168.42 170.04 160.9 148.49 156.69 144.95 145.0 143.73 145.19 141.8 140.1 148.93 175.75 200.65 213.39 200.92 185.1 179.26 168.16 158.99 162.77 169.42 181.8 198.94 213.5 205.38 186.21 166.52 159.7 154.0 146.39 143.13 140.96 140.21 141.62 149.15 170.54 198.04 214.16 191.85 173.16 151.91 151.24 148.36 158.0 171.98 189.98 222.26 245.6 229.0 199.07 188.18 173.45 163.2 160.14 155.24 150.01 148.02 145.97 151.51 175.71 196.64 216.85 178.92 141.24 137.26 136.57 136.67 143.01 150.74 163.27 183.99 192.45 170.43 157.15 146.27 133.88 127.17 117.02 123.95 120.74 120.15 125.13 137.96 161.87 184.3 159.44 144.69 128.32 112.26 109.82 109.88 118.86 154.83 168.45 170.0 170.0 150.65 161.22 133.29 120.44 116.12 125.6 124.9 115.96 118.01 120.79 129.64 155.74 185.52 197.02 157.68 130.62 136.89 126.24 124.62 130.54 145.51 160.0 170.0 167.74 150.29 142.1 151.52 118.64 115.92 120.01 120.01 119.39 120.01 120.01 164.64 140.0 155.0 157.0 157.0 156.1 134.79 121.18 140.0 131.12 126.24 141.47 159.98 160.0 146.61 143.56 137.97 143.8 138.77 130.6 126.28 131.77 127.92 125.38 125.2 126.39 129.47 149.4 145.04 145.56 140.07 129.89 120.0 120.0 124.63 135.16 158.54 168.42 170.04 160.9 148.49 156.69 144.95 145.0 143.73 145.19 141.8 140.1 148.93 175.75 200.65 213.39 200.92 185.1 179.26 168.16 158.99 162.77 169.42 181.8 198.94 213.5 205.38 186.21 166.52 159.7 154.0 146.39 143.13 140.96 140.21 141.62 149.15 170.54 198.04 214.16 191.85 173.16 151.91 151.24 148.36 158.0 171.98 189.98 222.26 245.6 229.0 199.07 188.18 173.45 163.2 160.14 155.24 150.01 148.02 145.97 151.51 175.71 196.64 216.85 178.92 141.24 137.26 136.57 136.67 143.01 150.74 163.27 183.99 192.45 170.43 157.15 146.27 133.88 127.17 117.02 123.95 120.74 120.15 125.13 137.96 161.87 184.3 159.44 144.69 128.32 112.26 109.82 109.88 118.86 154.83 168.45 170.0 170.0 150.65 161.22 133.29 120.44 116.12 125.6 124.9 115.96 118.01 120.79 129.64 155.74 185.52 197.02 157.68 130.62 136.89 126.24 124.62 130.54 145.51 160.0 170.0 167.74 150.29 142.1 151.52 118.64 115.92 120.01 120.01 119.39 120.01 120.01 164.64 140.0 155.0 157.0 157.0 156.1 134.79 121.18 140.0 131.12 126.24 141.47 159.98 160.0 146.61 143.56 137.97 143.8 138.77 130.6 126.28 131.77 127.92 125.38 125.2 126.39 129.47 149.4 145.04 145.56 140.07 129.89 120.0 120.0 124.63 135.16 158.54 168.42 170.04 160.9 148.49 156.69 144.95 145.0 143.73 145.19 141.8 140.1 148.93 175.75 200.65 213.39 200.92 185.1 179.26 168.16 158.99 162.77 169.42 181.8 198.94 213.5 205.38 186.21 166.52 159.7 154.0 146.39 143.13 140.96 140.21 141.62 149.15 170.54 198.04 214.16 191.85 173.16 151.91 151.24 148.36 158.0 171.98 189.98 222.26 245.6 229.0 199.07 188.18 173.45 163.2 160.14 155.24 150.01 148.02 145.97 151.51 175.71 196.64 216.85 178.92 141.24 137.26 136.57 136.67 143.01 150.74
