256 5
1 27 18 22 21
1 0 0 0 0 0 3 1 2 3 0 97 8.78
2 0 8 9 10 2 1 4 1 95 8.8
5 0 1 4 8 9 2 6 10 1 62 9.17
8 0 0 1 6 3 2 7 13 1 115 13.7
3 0 6 1 0 8 2 5 8 3 92 11.45
4 0 2 3 5 1 3 18 19 29 6 91 7.95
1 0 9 0 10 3 2 15 16 6 67 9.43
7 0 6 0 2 5 3 9 12 22 9 100 11.94
2 0 5 7 5 0 1 26 6 68 11.49
3 1 0 0 0 0 2 17 18 16 98 13.22
3 0 7 7 3 0 2 11 30 6 101 8.09
10 0 6 6 9 0 1 21 9 101 10.22
7 0 10 2 3 0 3 14 21 24 16 96 8.45
2 0 3 5 0 6 3 16 20 25 9 78 10.21
8 0 0 4 7 9 1 20 23 95 13.88
10 0 0 4 0 8 1 19 7 72 7.76
9 0 7 4 0 6 1 19 11 98 11.18
6 1 0 0 0 0 1 24 19 122 13.56
6 0 6 0 10 8 1 30 19 124 13.93
3 1 0 0 0 0 1 28 20 96 10.3
3 1 0 0 0 0 2 23 27 31 108 14.27
10 1 0 0 0 0 1 23 23 97 11.02
7 0 8 0 6 1 1 26 16 117 14.42
10 0 9 0 6 4 1 29 34 128 7.88
9 0 0 0 2 7 1 27 25 86 11.85
9 0 4 8 7 9 1 27 11 79 9.14
7 1 0 0 0 0 1 29 23 129 13.17
8 0 5 10 9 1 1 28 34 95 15.14
2 0 0 3 0 8 1 31 42 107 9.0
7 0 1 7 0 6 1 31 44 147 10.36
5 0 9 1 4 2 1 31 25 102 14.09
1 0 0 0 0 0 0 51 109 13.82
1 0 0 0 0 0 3 33 34 35 0 76 7.95
2 0 8 9 10 2 1 36 1 99 9.54
5 0 1 4 8 9 2 38 42 1 99 10.62
8 0 0 1 6 3 2 39 45 1 95 12.74
3 0 6 1 0 8 2 37 40 3 99 7.78
4 0 2 3 5 1 3 50 51 61 6 71 12.56
1 0 9 0 10 3 2 47 48 6 107 14.89
7 0 6 0 2 5 3 41 44 54 9 104 15.2
2 0 5 7 5 0 1 58 6 77 9.69
3 1 0 0 0 0 2 49 50 16 101 14.76
3 0 7 7 3 0 2 43 62 6 112 11.14
10 0 6 6 9 0 1 53 9 72 7.74
7 0 10 2 3 0 3 46 53 56 16 88 9.09
2 0 3 5 0 6 3 48 52 57 9 93 14.84
8 0 0 4 7 9 1 52 23 114 11.91
10 0 0 4 0 8 1 51 7 118 13.79
9 0 7 4 0 6 1 51 11 114 15.21
6 0 8 8 0 0 1 56 19 78 12.04
6 0 6 0 10 8 1 62 19 91 15.32
3 1 0 0 0 0 1 60 20 79 13.47
3 1 0 0 0 0 2 55 59 31 132 13.59
10 1 0 0 0 0 1 55 23 91 14.76
7 1 0 0 0 0 1 58 16 125 12.19
10 0 9 0 6 4 1 61 34 117 10.62
9 0 0 0 2 7 1 59 25 100 8.56
9 0 4 8 7 9 1 59 11 124 10.16
7 1 0 0 0 0 1 61 23 83 9.92
8 0 5 10 9 1 1 60 34 104 9.08
2 0 0 3 0 8 1 63 42 135 9.25
7 0 1 7 0 6 1 63 44 120 13.58
5 0 9 1 4 2 1 63 25 125 11.87
1 0 0 0 0 0 0 51 134 12.41
1 0 0 0 0 0 3 65 66 67 0 62 14.82
2 0 8 0 0 0 2 68 76 1 87 13.11
9 0 7 0 0 0 3 69 74 84 1 109 7.97
8 0 5 0 0 0 3 72 75 77 1 113 10.08
7 0 0 0 2 0 3 71 79 81 3 106 14.25
7 0 2 0 0 0 3 70 71 82 10 91 10.36
6 1 0 0 0 0 2 73 80 17 103 9.83
3 0 0 0 0 6 1 88 17 85 13.29
4 0 10 0 0 0 1 83 9 109 10.79
2 0 0 0 6 0 1 87 23 104 9.13
3 0 0 0 0 8 1 78 10 95 13.57
6 0 2 0 0 0 1 78 9 71 7.98
7 0 0 0 0 6 1 82 3 109 14.6
3 0 10 0 0 0 1 90 9 75 15.05
2 0 3 0 0 0 1 83 15 108 12.37
1 0 0 7 0 0 1 88 10 88 10.8
7 0 0 0 8 0 1 89 23 113 13.4
4 0 0 0 9 0 1 86 10 93 14.17
4 1 0 0 0 0 2 83 91 17 107 13.02
7 1 0 0 0 0 1 85 21 107 12.77
5 0 5 0 0 0 2 86 88 10 72 14.63
3 0 0 0 10 0 1 94 28 102 8.36
8 0 0 2 0 0 2 87 89 15 75 11.4
9 0 0 0 3 0 1 94 25 115 12.28
7 1 0 0 0 0 1 92 20 89 14.61
5 0 0 0 0 7 3 92 93 94 30 130 11.12
9 0 0 1 0 0 1 93 12 96 11.12
7 1 0 0 0 0 1 92 21 80 9.0
7 0 8 0 0 0 1 95 35 114 9.9
8 0 0 0 0 9 1 95 35 137 12.72
1 0 0 0 0 7 1 95 35 123 9.28
1 0 0 0 0 0 0 43 102 7.68
1 0 0 0 0 0 3 97 98 99 0 109 12.19
7 0 4 2 0 0 2 122 126 1 82 10.81
1 0 0 0 1 0 3 100 101 109 1 73 8.16
7 0 0 0 7 0 3 107 109 112 1 90 11.06
8 0 0 0 0 10 3 102 103 108 2 105 11.6
5 0 0 0 9 0 3 104 105 117 2 78 11.1
3 0 2 0 0 0 3 106 110 117 10 117 9.53
4 0 7 9 0 8 3 110 112 120 10 116 9.31
4 0 8 0 2 8 3 108 115 121 7 103 10.87
10 0 0 9 0 0 3 108 110 120 7 81 8.46
7 0 1 0 0 3 3 107 111 119 13 80 10.27
5 0 0 9 5 0 3 113 114 123 20 89 14.39
5 1 0 0 0 0 3 112 116 124 17 80 12.07
8 0 0 0 0 3 3 113 114 117 8 88 9.73
6 1 0 0 0 0 3 111 113 119 17 99 7.77
8 1 0 0 0 0 1 118 23 121 9.59
5 0 8 9 0 0 1 125 22 103 10.85
8 0 1 4 2 0 3 116 122 124 25 110 14.41
10 0 3 0 0 8 1 115 25 95 8.46
8 1 0 0 0 0 2 116 122 35 117 8.23
5 0 0 7 2 7 1 118 43 123 14.52
3 0 0 2 0 7 3 118 119 120 16 87 9.26
7 0 0 4 0 2 1 126 48 115 15.2
3 1 0 0 0 0 3 121 123 124 23 94 9.76
5 0 10 6 3 10 2 121 123 19 124 10.65
9 0 0 5 0 3 1 126 26 88 10.01
7 0 0 0 7 6 1 125 43 122 13.25
7 0 0 0 0 4 1 125 26 123 10.83
9 0 10 8 0 7 1 127 33 117 10.09
8 0 6 0 5 0 1 127 50 154 11.93
8 0 4 6 0 4 1 127 55 119 10.29
1 0 0 0 0 0 0 63 159 14.83
1 0 0 0 0 0 3 129 130 131 0 106 14.16
3 0 1 6 8 7 3 132 133 146 1 110 11.46
1 0 8 2 6 9 2 135 147 1 82 8.1
7 0 1 3 2 9 3 138 147 149 1 111 8.9
5 0 2 9 4 2 1 134 4 74 8.41
7 0 1 4 1 3 3 135 136 137 4 64 10.17
10 0 1 4 3 5 1 141 9 116 12.99
9 0 3 9 2 4 1 139 11 85 12.1
9 0 8 6 6 6 3 143 152 153 11 102 13.31
9 0 7 7 9 3 2 140 145 11 88 9.72
9 0 5 9 8 10 1 148 8 78 8.57
3 1 0 0 0 0 3 140 151 154 20 113 13.62
7 1 0 0 0 0 2 142 155 23 123 9.79
6 1 0 0 0 0 2 144 154 19 99 11.35
5 0 1 7 10 7 1 153 30 96 11.25
9 0 4 1 8 1 1 147 20 113 12.56
8 0 1 6 2 1 1 151 25 112 14.54
5 1 0 0 0 0 1 157 20 102 13.44
10 1 0 0 0 0 1 151 4 83 15.03
6 0 5 8 9 2 1 156 29 105 12.67
7 0 4 7 9 10 1 153 17 88 13.7
5 1 0 0 0 0 1 150 8 78 10.88
7 0 8 3 5 5 1 152 13 109 9.5
3 0 4 5 9 9 1 156 33 123 13.34
5 0 5 4 7 8 1 157 20 109 13.87
8 0 1 7 8 9 1 158 35 117 9.62
1 0 8 5 7 7 2 156 157 25 127 13.86
1 0 7 3 10 8 1 158 30 126 14.42
5 0 9 2 8 6 1 159 36 110 15.02
3 0 2 6 3 8 1 159 26 105 13.09
3 0 8 1 10 10 1 159 43 112 13.44
1 0 0 0 0 0 0 46 129 14.99
1 0 0 0 0 0 3 161 162 163 0 98 13.29
3 0 10 10 5 5 3 167 173 174 1 64 8.96
2 0 10 2 3 8 3 165 166 175 1 107 8.21
1 0 5 9 2 8 3 164 169 170 1 59 13.86
7 0 3 2 10 10 3 168 178 180 2 87 10.65
2 0 4 6 10 8 1 171 3 90 9.09
1 1 0 0 0 0 1 172 3 65 8.63
9 0 10 8 8 2 1 179 4 68 14.72
8 1 0 0 0 0 1 188 9 104 12.42
8 1 0 0 0 0 1 184 2 116 9.94
8 0 2 9 2 5 1 177 2 93 14.61
4 0 8 2 6 2 2 183 188 5 92 13.36
10 0 9 1 2 6 1 179 4 74 9.61
4 0 8 4 10 9 2 182 183 4 91 14.78
10 0 4 6 4 1 2 176 190 4 85 14.09
7 0 7 8 8 2 1 181 3 91 8.25
1 1 0 0 0 0 1 182 14 76 10.34
4 0 6 4 5 2 2 178 186 10 68 10.8
9 1 0 0 0 0 1 179 14 122 8.22
1 0 6 3 5 5 1 181 23 122 8.2
4 0 1 6 3 4 2 182 186 9 80 10.45
3 0 4 3 10 8 1 185 24 113 11.58
5 0 10 9 5 6 2 184 187 15 74 13.96
4 0 5 6 9 10 1 186 9 86 8.53
3 0 6 10 9 4 2 185 188 20 119 11.33
1 0 9 3 10 2 1 189 27 96 13.27
7 1 0 0 0 0 1 187 14 107 9.92
6 0 3 9 1 9 1 189 21 126 11.43
9 0 7 6 6 10 1 191 23 93 11.81
7 0 8 9 6 5 1 191 28 115 8.73
3 0 1 2 7 7 1 191 14 116 7.8
1 0 0 0 0 0 0 35 132 13.98
1 0 0 0 0 0 3 193 194 195 0 98 9.23
9 0 0 0 6 0 3 196 200 205 1 78 13.53
10 0 7 0 0 0 3 198 209 211 1 111 14.59
8 0 9 0 0 0 3 203 214 215 1 89 9.82
9 0 0 0 0 10 3 197 198 206 10 72 9.47
7 0 0 0 4 0 3 199 201 203 19 124 8.85
1 0 0 0 0 6 3 207 208 212 19 76 14.94
4 0 0 5 0 0 3 202 204 211 26 104 10.6
1 0 0 0 10 0 3 202 203 204 10 85 8.33
4 1 0 0 0 0 3 209 212 214 26 92 13.01
8 0 0 0 0 2 3 208 213 218 30 130 13.54
5 1 0 0 0 0 1 210 26 110 14.73
10 1 0 0 0 0 3 208 209 214 30 114 11.35
5 0 0 0 6 0 2 215 220 10 120 14.98
6 0 7 0 0 0 1 211 19 98 10.46
5 0 0 0 0 4 2 210 217 20 95 15.17
4 1 0 0 0 0 3 210 216 219 40 142 14.59
3 1 0 0 0 0 3 213 216 221 40 133 9.4
4 0 0 2 0 0 1 220 44 139 11.14
10 1 0 0 0 0 3 212 215 219 30 106 9.69
10 0 0 0 3 0 2 213 216 40 114 8.74
1 1 0 0 0 0 1 222 50 126 13.68
7 0 9 0 0 0 3 217 218 219 40 124 7.75
5 0 7 0 0 0 2 218 222 40 99 13.41
8 0 4 0 0 0 2 217 222 50 118 13.69
9 0 0 0 5 0 1 220 58 145 7.73
1 0 0 3 0 0 1 221 47 121 11.68
10 0 9 0 0 0 1 221 47 135 14.98
10 0 1 0 0 0 1 223 67 134 9.92
1 0 5 0 0 0 1 223 57 138 14.1
9 0 0 0 9 0 1 223 58 117 11.59
1 0 0 0 0 0 0 77 170 14.89
1 0 0 0 0 0 3 225 226 227 0 80 12.66
6 0 0 0 0 2 3 234 243 251 1 109 9.41
6 0 0 0 0 8 2 229 233 1 81 7.87
7 0 0 0 0 2 3 228 230 233 1 65 13.3
6 0 4 0 0 0 3 231 232 244 8 76 10.69
10 0 0 0 8 0 3 234 244 249 7 72 14.41
7 0 0 6 0 0 3 235 236 244 8 102 7.67
10 0 0 0 0 9 3 238 239 242 14 88 11.05
4 0 0 7 0 0 3 234 236 246 14 96 14.52
6 0 2 0 0 0 3 237 243 248 8 80 13.59
8 0 1 0 0 0 2 241 245 18 104 9.19
8 0 0 4 0 0 3 237 240 245 15 107 12.25
8 1 0 0 0 0 3 242 245 254 18 78 13.03
4 1 0 0 0 0 3 238 239 253 23 113 13.12
2 1 0 0 0 0 2 241 246 27 89 15.1
5 1 0 0 0 0 3 247 250 254 27 84 14.04
2 1 0 0 0 0 3 241 242 246 23 96 10.43
8 0 0 0 0 4 1 250 29 89 13.84
1 1 0 0 0 0 3 243 248 250 26 103 11.23
2 1 0 0 0 0 2 247 249 27 122 13.97
7 0 0 8 0 0 3 247 251 253 17 103 8.36
6 0 0 3 0 0 1 248 26 126 8.33
9 1 0 0 0 0 2 249 251 29 113 12.67
1 0 0 0 3 0 1 252 32 118 8.77
5 0 10 0 0 0 1 253 32 91 14.35
5 0 0 0 8 0 1 252 38 113 13.16
2 0 0 0 2 0 1 252 37 137 8.59
7 0 2 0 0 0 1 254 38 129 12.38
2 0 0 0 3 0 1 255 43 120 12.2
10 0 7 0 0 0 1 255 37 132 11.99
9 0 0 0 0 8 1 255 45 151 12.85
1 0 0 0 0 0 0 54 142 13.23
74.89 70.06 38.09 41.5 74.3 80.24 229.52 262.77 179.0 139.31 99.15 95.78 129.35 105.39 131.67 150.0 165.0 145.0 130.0 165.0 145.44 116.26 130.0 88.67 79.25 80.38 81.28 80.57 84.17 101.8 122.89 133.83 146.8 132.61 125.2 120.56 118.25 121.75 125.94 135.95 146.66 152.24 141.76 133.9 118.07 94.05 100.5 86.66 86.54 84.95 81.03 79.81 84.95 95.93 119.06 133.72 144.22 133.53 108.03 91.41 85.6 86.04 92.91 115.15 119.94 140.72 150.0 145.35 135.08 123.06 115.19 100.21 97.39 97.02 96.22 97.37 96.94 111.24 141.97 153.11 160.3 151.64 132.75 123.25 113.85 113.3 129.8 153.72 161.45 178.92 174.84 161.29 150.56 134.48 126.66 120.2 120.0 117.35 114.01 114.01 116.58 121.01 154.37 159.87 163.7 154.82 130.1 126.2 120.06 121.19 119.89 151.47 168.59 184.56 184.48 178.99 162.66 152.7 152.38 134.97 139.56 131.39 125.78 119.17 119.22 120.86 127.18 144.74 153.46 142.44 128.4 120.08 110.29 103.4 113.7 129.91 155.04 168.01 167.41 162.98 156.6 145.24 141.73 131.74 133.26 126.91 122.99 120.66 122.34 123.41 128.09 135.9 137.3 137.7 130.04 129.33 122.24 111.88 116.65 128.89 153.14 165.25 172.32 173.95 165.5 155.77 148.44 133.24 129.54 126.63 124.72 120.04 123.24 127.77 159.18 207.88 243.23 178.04 149.95 126.16 117.27 115.52 124.31 147.32 169.51 214.64 200.73 201.1 167.74 153.0 144.21 135.81 132.4 125.54 123.18 123.99 123.25 127.63 155.37 191.13 211.99 163.31 136.53 126.71 117.55 113.18 120.09 138.47 170.43 178.26 175.0 171.02 152.85 131.0 130.77 123.05 115.2 110.86 110.27 109.09 115.43 122.5 147.67 168.12 180.81 159.33 133.5 121.97 117.02 119.5 128.85 144.12 160.36 177.15 189.9 189.63 170.0 155.42 143.7 133.68 133.67 129.8 125.95 125.0 125.01 134.5 154.93 180.09 219.08 178.95 160.22 150.88 145.88 142.97 139.07 150.09 171.17 176.63 169.12 162.12 135.15 123.54 131.27 121.95 126.05 112.7 108.82 105.0 114.14 127.75 178.61 181.71 164.98 150.47 134.44 117.05 113.52 118.79 122.32 151.3 133.7 132.92 136.89 132.27 111.54 87.65 98.8 100.0 83.39 86.49 86.39 88.13 89.69 90.99 88.95 93.24 112.24 97.54 94.55 86.74 85.4 87.56 92.77 118.0 136.88 144.46 160.47 160.33 155.17 149.0 143.56 135.53 135.0 127.75 124.07 119.3 116.81 117.0 117.0 133.43 136.77 120.94 113.7 109.1 87.08 98.01 109.9 120.4 138.0 142.93 155.76 150.6 144.55 142.16 143.0 128.54 119.56 114.07 111.4 107.72 107.31 115.58 153.71 173.8 181.36 163.18 141.45 121.23 125.33 124.09 136.91 152.78 140.3 126.84 125.09 140.0 120.0 109.21 131.31 88.52 78.92 86.98 135.0 105.01 88.55 99.0 145.0 194.13 169.7 143.69 116.05 104.85 107.55 117.2 130.96 135.7 145.75 143.93 145.0 156.88 156.01 137.8 141.47 128.2 129.26 127.91 126.82 126.59 128.74 128.87 141.3 173.11 180.0 174.92 168.75 168.43 157.95 159.23 141.48 150.0 160.1 162.69 181.66 183.99 152.14 144.99 139.78 133.0 132.38 140.12 150.74 144.49 146.91 133.16 135.3 270.7 251.77 222.64 205.6 185.9 176.9 184.44 190.0 211.71 200.21 207.33 205.5 196.52 176.36 162.92 153.12 139.32 139.65 137.01 131.66 131.43 130.78 140.09 163.63 224.86 261.75 214.52 180.61 163.74 150.06 149.42 157.07 172.21 196.88 292.25 288.53 224.61 183.55 163.6 153.0 140.03 135.66 130.69 120.25 118.7 118.97 120.87 134.52 149.23 150.53 137.05 124.59 118.36 112.39 110.01 116.42 129.59 145.64 164.02 175.23 161.46 141.16 116.37 130.3 120.32 134.11 128.9 123.57 119.9 119.57 119.84 118.05 124.47 123.77 125.75 131.48 128.92 127.85 121.36 123.67 127.33 139.52 170.0 172.12 168.8 155.51 134.93 132.06 131.51 125.9 121.06 120.34 125.94 129.5 126.7 157.39 208.25 209.79 171.3 139.67 116.94 113.24 106.55 118.11 135.02 173.29 225.32 271.52 216.5 179.08 151.4 131.21 122.95 134.75 126.4 127.5 114.54 110.45 108.19 135.32 186.2 193.8 141.92 117.27 98.81 79.06 84.62
