256 5
1 57 48 47 47
1 0 0 0 0 0 3 1 2 3 0 48 7.31
2 0 9 0 8 0 3 6 8 26 1 63 10.84
2 0 3 0 3 8 2 8 22 1 76 12.87
10 0 0 7 10 2 3 4 16 21 1 85 6.87
6 0 7 0 0 3 2 5 22 11 90 8.47
2 0 0 8 0 2 1 14 17 89 8.35
5 0 0 0 8 7 3 7 9 10 3 73 10.0
2 0 5 3 7 0 1 12 8 65 7.22
8 0 7 0 0 7 3 11 13 27 3 75 7.12
9 0 2 0 7 2 2 19 21 8 91 7.7
6 0 4 0 3 0 3 15 19 25 8 87 10.61
4 0 0 3 0 0 3 15 17 30 11 81 8.68
1 0 10 0 1 0 3 13 16 18 10 90 8.34
2 0 0 6 3 1 3 14 17 28 11 88 12.6
7 1 0 0 0 0 2 24 30 19 72 10.57
4 0 0 2 2 0 1 24 15 67 11.07
7 0 0 0 5 4 1 23 11 68 8.41
1 1 0 0 0 0 1 21 15 61 10.49
7 0 4 0 0 0 3 20 23 27 11 86 11.25
4 1 0 0 0 0 2 22 27 17 73 10.81
3 1 0 0 0 0 2 25 28 18 102 8.87
5 1 0 0 0 0 2 23 25 17 70 12.23
2 1 0 0 0 0 1 24 21 95 9.36
8 0 1 0 0 6 1 29 22 115 9.9
5 0 6 0 0 0 1 29 26 77 9.39
5 0 4 0 0 9 1 29 22 93 12.38
2 0 0 4 0 0 1 28 3 85 12.7
8 0 10 6 0 3 1 30 21 96 8.31
10 0 6 0 0 6 1 31 21 77 7.49
10 0 2 0 7 0 1 31 31 117 7.04
2 0 7 0 0 0 1 31 29 74 10.31
1 0 0 0 0 0 0 41 91 7.63
1 0 0 0 0 0 3 33 34 35 0 68 11.95
3 0 0 0 0 9 3 43 47 57 1 82 10.63
8 0 0 0 0 7 3 39 44 53 1 68 12.38
4 0 0 7 0 0 3 36 37 43 1 73 13.15
4 0 0 3 0 0 3 45 49 53 5 61 8.01
6 0 0 0 9 0 2 38 39 5 82 7.63
5 0 0 0 3 0 3 44 49 53 11 87 8.81
7 0 10 0 0 0 3 40 41 50 11 74 12.81
2 0 0 0 7 0 3 42 45 46 18 92 12.72
5 0 0 0 7 0 3 46 51 54 18 76 7.72
1 1 0 0 0 0 2 48 56 20 80 10.15
9 0 0 0 5 0 3 44 48 50 5 83 10.45
9 0 0 0 0 5 3 45 51 61 16 94 12.89
5 0 9 0 0 0 1 55 25 74 7.78
10 1 0 0 0 0 2 52 56 23 103 12.1
8 1 0 0 0 0 2 50 52 4 80 6.92
10 1 0 0 0 0 2 49 54 21 115 10.4
2 1 0 0 0 0 3 52 55 58 31 113 8.45
8 0 0 0 0 4 3 51 54 59 18 97 9.77
8 0 0 5 0 0 2 55 60 26 120 10.91
9 0 0 4 0 0 1 62 33 106 6.92
1 0 0 0 2 0 2 57 59 16 88 9.34
3 1 0 0 0 0 1 58 31 86 10.28
7 0 3 0 0 0 1 62 34 94 11.83
10 0 0 0 3 0 2 57 59 33 94 9.6
6 0 0 0 0 9 3 58 60 61 43 93 11.68
5 0 0 0 0 7 1 62 49 109 9.04
10 0 0 0 4 0 2 60 61 43 97 9.8
10 0 0 0 0 9 1 63 53 124 10.34
10 0 2 0 0 0 1 63 53 139 8.59
8 0 0 2 0 0 1 63 54 116 11.43
1 0 0 0 0 0 0 63 117 9.0
1 0 0 0 0 0 3 65 66 67 0 51 7.89
4 0 0 9 0 0 1 93 1 60 7.26
5 0 6 0 0 0 3 68 70 74 1 77 7.15
6 0 0 0 4 0 2 75 78 1 76 8.83
3 0 0 0 10 0 3 69 71 80 6 84 7.47
3 0 0 8 0 0 1 90 9 79 11.93
3 0 0 0 0 8 2 73 92 6 91 12.16
5 0 3 0 0 0 3 72 76 86 9 79 12.47
7 0 0 0 0 2 1 82 14 93 7.74
1 0 0 6 0 0 1 88 9 84 12.62
10 0 2 0 0 0 1 83 6 80 7.51
1 0 0 0 7 0 2 80 87 7 82 10.39
8 0 0 0 6 0 2 77 87 14 90 8.12
7 1 0 0 0 0 2 79 81 22 92 7.9
9 0 0 0 6 0 1 84 7 71 12.96
8 1 0 0 0 0 1 90 29 96 9.27
7 0 5 0 0 0 2 85 90 9 77 10.77
6 0 0 4 0 0 2 83 94 29 117 11.62
1 1 0 0 0 0 1 89 21 110 8.28
3 1 0 0 0 0 2 84 91 35 85 6.93
10 0 9 0 0 0 2 85 89 38 99 12.39
5 0 0 0 0 1 1 92 48 120 6.8
10 0 0 6 0 0 1 89 14 94 8.19
8 0 0 0 8 0 1 88 22 89 8.99
1 1 0 0 0 0 1 94 30 106 8.63
4 0 0 0 0 7 1 93 48 102 11.95
5 0 0 6 0 0 1 91 37 98 11.32
2 0 0 9 0 0 1 92 42 87 10.17
8 0 5 0 0 0 1 95 53 125 9.66
7 0 0 0 0 10 1 95 52 106 9.88
8 0 0 0 0 3 1 95 35 122 7.02
1 0 0 0 0 0 0 61 137 8.65
1 0 0 0 0 0 3 97 98 99 0 64 7.68
9 0 1 5 1 3 3 103 119 124 1 71 8.23
10 0 7 5 8 7 3 106 107 112 1 89 11.64
7 0 5 4 4 7 3 100 101 105 1 68 12.54
2 0 10 10 10 1 3 104 118 120 8 87 8.03
9 0 4 10 9 5 2 102 113 8 80 9.56
8 0 8 6 6 7 3 109 110 122 17 98 6.84
6 0 6 3 10 2 3 107 108 114 10 79 11.99
4 0 4 3 10 2 2 115 116 10 67 9.24
9 1 0 0 0 0 1 114 8 96 10.08
2 0 1 8 2 9 3 111 113 115 11 80 7.28
10 1 0 0 0 0 2 109 125 16 103 8.59
7 1 0 0 0 0 2 115 116 16 106 11.88
2 0 10 10 9 4 1 120 26 76 10.12
8 0 10 3 6 1 1 117 25 97 7.77
5 0 2 5 8 1 1 126 13 80 6.8
6 0 2 5 8 7 2 122 124 11 72 13.05
7 0 9 7 3 8 3 117 124 125 17 95 7.44
10 0 5 5 3 4 3 116 118 120 17 83 11.53
7 1 0 0 0 0 1 122 23 104 11.09
9 0 8 10 6 8 2 117 121 27 114 12.28
5 0 9 9 5 1 1 123 36 86 6.99
4 0 10 6 4 1 1 126 27 100 10.75
7 1 0 0 0 0 2 121 125 10 83 13.04
3 0 4 3 9 8 1 121 28 92 9.42
2 0 10 5 5 5 1 123 36 123 7.37
7 0 10 7 4 10 1 123 30 117 8.48
2 0 1 9 6 1 1 126 41 119 7.72
9 0 5 8 7 6 1 127 24 119 8.17
6 0 9 3 6 4 1 127 26 76 10.38
8 0 5 3 4 3 1 127 43 107 12.32
1 0 0 0 0 0 0 51 97 13.18
1 0 0 0 0 0 3 129 130 131 0 75 10.78
7 0 0 7 0 1 3 135 143 147 1 71 10.15
5 0 0 0 6 6 3 134 136 148 1 94 7.36
8 0 10 8 5 1 3 132 133 154 1 83 12.14
1 0 4 0 1 0 1 139 9 58 12.35
3 0 0 9 0 10 2 137 148 9 74 9.68
3 0 0 10 0 4 2 137 145 6 72 8.76
1 0 2 2 9 0 2 146 148 8 77 12.54
6 0 0 8 0 6 2 138 142 6 73 7.71
2 0 0 0 10 0 2 144 149 12 75 11.68
8 0 4 0 0 3 3 139 140 150 12 103 7.78
2 0 0 3 2 8 1 152 20 80 11.38
5 1 0 0 0 0 3 141 151 154 20 84 12.37
5 1 0 0 0 0 3 145 157 158 25 93 10.72
7 0 0 0 0 1 2 143 146 12 75 12.47
10 0 10 9 4 8 3 145 149 155 19 107 12.52
1 0 0 5 3 0 1 147 14 77 7.27
2 1 0 0 0 0 1 156 30 104 13.17
9 1 0 0 0 0 1 155 19 84 12.91
3 0 0 3 3 0 2 152 153 15 74 11.98
5 0 4 6 1 0 2 157 158 12 94 12.97
7 1 0 0 0 0 2 151 156 29 99 12.55
10 0 6 0 0 8 3 152 153 154 20 101 11.32
4 0 0 2 0 2 1 153 36 102 10.37
10 0 9 0 1 6 1 158 30 109 8.76
9 0 0 0 6 0 1 157 40 117 9.59
2 1 0 0 0 0 1 155 30 114 9.14
6 0 6 0 6 9 1 156 32 96 12.61
4 0 6 5 0 0 1 159 38 86 11.04
5 0 0 2 0 0 1 159 49 134 6.96
8 0 0 0 8 0 1 159 40 99 8.0
1 0 0 0 0 0 0 54 107 8.18
1 0 0 0 0 0 3 161 162 163 0 68 8.83
1 0 6 1 0 9 1 168 1 92 12.56
7 0 2 2 8 7 3 165 177 182 1 94 6.85
6 0 0 0 4 10 2 164 171 1 63 9.28
7 0 9 4 3 4 3 167 169 170 7 92 8.21
4 0 0 0 1 8 1 166 8 75 10.04
10 0 0 1 2 2 2 171 189 12 66 7.1
4 0 7 2 4 5 3 174 179 187 14 87 11.66
6 0 1 1 5 3 2 170 172 2 95 8.54
9 0 0 8 1 5 3 172 175 179 14 90 10.62
6 0 5 1 1 4 2 173 181 14 105 8.62
9 0 0 10 1 9 1 184 22 92 8.85
4 0 3 0 5 2 3 173 176 178 23 89 7.43
8 1 0 0 0 0 3 177 186 188 27 92 12.97
7 0 5 2 0 3 2 177 181 18 68 7.66
3 0 5 4 10 8 3 176 184 185 23 96 9.22
2 1 0 0 0 0 2 180 183 27 74 8.01
8 0 8 1 9 1 1 189 35 102 12.57
1 0 0 6 4 0 3 180 183 184 27 99 9.7
1 0 2 1 6 3 1 190 23 96 7.54
8 1 0 0 0 0 1 188 29 108 7.09
6 1 0 0 0 0 2 182 185 25 96 12.02
4 1 0 0 0 0 2 183 186 31 77 7.35
6 1 0 0 0 0 1 189 35 90 9.63
2 1 0 0 0 0 2 187 190 31 94 9.21
9 0 0 1 0 10 1 186 31 121 10.39
6 0 10 0 0 4 1 190 40 87 8.51
10 0 5 0 0 0 1 188 33 90 12.32
8 0 9 3 8 0 1 191 43 99 9.44
7 0 0 10 9 0 1 191 43 101 7.78
4 0 5 8 8 1 1 191 46 93 9.38
1 0 0 0 0 0 0 51 95 8.3
1 0 0 0 0 0 3 193 194 195 0 76 11.16
4 0 4 10 10 0 3 197 199 203 1 74 8.98
6 0 0 3 8 2 2 198 218 1 76 12.46
1 0 1 0 0 5 1 196 1 52 11.68
6 0 0 6 8 0 3 205 207 210 2 58 12.92
9 0 0 10 9 9 2 200 201 5 95 10.36
3 1 0 0 0 0 1 219 7 59 8.02
7 0 0 0 0 1 2 212 220 5 74 12.9
2 0 4 0 0 5 1 202 14 95 11.46
8 0 8 0 0 0 3 204 213 221 14 71 7.46
7 0 0 0 7 1 1 217 16 81 8.44
7 0 10 0 0 7 1 218 5 82 11.46
2 0 4 10 0 2 1 206 22 74 6.86
8 0 8 0 3 0 3 211 213 216 8 89 11.0
5 1 0 0 0 0 3 208 209 214 24 108 7.65
4 0 0 8 0 0 2 215 222 8 98 8.48
1 1 0 0 0 0 2 212 216 29 106 13.25
10 0 9 0 5 4 1 218 29 109 11.81
9 0 6 0 9 0 1 212 8 70 8.14
8 0 0 0 0 9 1 214 16 109 7.6
6 0 1 8 9 0 1 217 30 116 11.98
8 1 0 0 0 0 1 217 22 99 12.49
1 1 0 0 0 0 1 219 29 88 12.24
6 1 0 0 0 0 1 216 12 89 10.01
1 0 0 10 4 2 1 219 30 111 8.21
8 0 0 8 0 0 1 222 36 127 12.36
10 0 1 0 0 0 1 222 39 129 12.49
2 0 1 0 0 6 1 220 31 107 10.97
4 0 0 0 3 5 1 223 33 105 11.34
10 0 0 4 0 7 1 223 22 113 7.8
2 0 0 9 8 0 1 223 49 132 7.15
1 0 0 0 0 0 0 51 120 12.5
1 0 0 0 0 0 3 225 226 227 0 55 8.1
5 0 10 4 6 3 1 237 1 55 12.2
5 0 2 4 4 10 2 246 254 1 79 6.81
1 0 6 4 7 4 3 228 238 242 1 70 7.15
4 0 5 4 9 8 3 229 230 234 2 85 12.39
6 0 7 1 9 10 1 232 6 62 13.05
3 0 5 10 5 9 3 231 233 235 6 91 8.96
4 0 1 3 7 2 1 241 9 91 10.02
4 0 7 5 6 9 1 245 12 101 9.32
3 0 2 4 2 2 2 247 253 9 85 6.88
8 0 7 7 10 8 2 240 250 6 69 12.59
3 0 3 8 5 6 3 236 239 243 9 64 9.95
3 0 1 7 5 4 2 250 251 12 86 7.16
4 0 2 3 5 2 1 238 6 79 10.81
9 0 10 3 3 2 2 245 253 10 65 7.13
8 0 10 10 2 10 2 240 251 12 105 6.64
3 0 10 6 7 4 1 248 20 88 12.14
9 1 0 0 0 0 1 249 13 90 7.17
6 0 9 4 2 4 2 243 252 2 91 11.65
4 0 6 4 1 4 1 244 12 75 11.56
7 1 0 0 0 0 1 250 16 82 12.87
3 0 6 7 7 2 1 249 19 84 7.66
10 0 8 4 4 4 1 248 6 95 8.96
5 0 6 2 9 4 1 252 12 101 6.85
1 1 0 0 0 0 1 252 23 84 13.2
8 0 8 9 5 3 1 254 22 84 9.96
3 0 5 9 8 5 1 254 23 88 12.25
10 0 4 5 6 6 1 253 20 84 13.23
10 0 7 10 10 7 1 255 24 86 10.56
7 0 4 10 5 4 1 255 30 101 8.31
6 0 1 1 7 2 1 255 30 113 12.8
1 0 0 0 0 0 0 37 121 11.63
118.63 91.81 88.0 81.56 87.49 92.64 190.0 190.0 235.0 230.0 221.07 227.92 239.94 230.04 209.11 206.92 209.95 186.02 230.07 244.94 239.91 120.0 165.06 109.13 92.8 103.0 62.74 60.39 76.38 121.02 200.03 220.07 232.03 229.51 227.0 230.09 214.24 222.98 208.49 222.97 224.41 262.21 278.24 309.93 277.91 226.47 189.65 163.64 112.87 140.0 126.56 121.67 126.59 118.48 165.6 177.84 179.61 159.36 113.97 163.02 157.03 147.0 137.91 144.02 150.86 126.26 165.54 221.75 194.77 134.34 109.11 98.6 81.73 72.17 69.23 71.48 74.79 74.13 148.78 136.61 151.41 95.96 90.42 87.16 86.68 84.67 84.9 86.91 87.68 108.45 152.58 185.0 120.0 87.62 87.63 27.35 14.33 47.38 54.5 5.0 8.79 44.51 95.37 147.26 150.0 87.0 81.85 86.54 88.19 91.41 130.77 166.11 186.11 202.31 229.9 267.77 259.04 221.8 189.8 159.98 119.25 110.6 92.51 83.22 79.12 76.14 76.56 88.15 90.56 89.42 68.36 43.42 71.75 68.09 51.05 74.55 50.0 22.44 85.38 96.97 105.0 90.95 89.77 69.88 70.96 26.15 52.0 25.67 40.04 36.85 25.95 49.08 47.48 44.77 29.11 21.58 8.75 8.8 5.13 5.0 8.52 71.03 139.9 233.51 252.18 239.54 238.28 224.3 118.63 91.81 88.0 81.56 87.49 92.64 190.0 190.0 235.0 230.0 221.07 227.92 239.94 230.04 209.11 206.92 209.95 186.02 230.07 244.94 239.91 120.0 165.06 109.13 92.8 103.0 62.74 60.39 76.38 121.02 200.03 220.07 232.03 229.51 227.0 230.09 214.24 222.98 208.49 222.97 224.41 262.21 278.24 309.93 277.91 226.47 189.65 163.64 112.87 140.0 126.56 121.67 126.59 118.48 165.6 177.84 179.61 159.36 113.97 163.02 157.03 147.0 137.91 144.02 150.86 126.26 165.54 221.75 194.77 134.34 109.11 98.6 81.73 72.17 69.23 71.48 74.79 74.13 148.78 136.61 151.41 95.96 90.42 87.16 86.68 84.67 84.9 86.91 87.68 108.45 152.58 185.0 120.0 87.62 87.63 27.35 14.33 47.38 54.5 5.0 8.79 44.51 95.37 147.26 150.0 87.0 81.85 86.54 88.19 91.41 130.77 166.11 186.11 202.31 229.9 267.77 259.04 221.8 189.8 159.98 119.25 110.6 92.51 83.22 79.12 76.14 76.56 88.15 90.56 89.42 68.36 43.42 71.75 68.09 51.05 74.55 50.0 22.44 85.38 96.97 105.0 90.95 89.77 69.88 70.96 26.15 52.0 25.67 40.04 36.85 25.95 49.08 47.48 44.77 29.11 21.58 8.75 8.8 5.13 5.0 8.52 71.03 139.9 233.51 252.18 239.54 238.28 224.3 118.63 91.81 88.0 81.56 87.49 92.64 190.0 190.0 235.0 230.0 221.07 227.92 239.94 230.04 209.11 206.92 209.95 186.02 230.07 244.94 239.91 120.0 165.06 109.13 92.8 103.0 62.74 60.39 76.38 121.02 200.03 220.07 232.03 229.51 227.0 230.09 214.24 222.98 208.49 222.97 224.41 262.21 278.24 309.93 277.91 226.47 189.65 163.64 112.87 140.0 126.56 121.67 126.59 118.48 165.6 177.84 179.61 159.36 113.97 163.02 157.03 147.0 137.91 144.02 150.86 126.26 165.54 221.75 194.77 134.34 109.11 98.6 81.73 72.17 69.23 71.48 74.79 74.13 148.78 136.61 151.41 95.96 90.42 87.16 86.68 84.67 84.9 86.91 87.68 108.45 152.58 185.0 120.0 87.62 87.63 27.35 14.33 47.38 54.5 5.0 8.79 44.51 95.37 147.26 150.0 87.0 81.85 86.54 88.19 91.41 130.77 166.11 186.11 202.31 229.9 267.77 259.04 221.8 189.8 159.98 119.25 110.6 92.51 83.22 79.12 76.14 76.56 88.15
