256 5
1 37 35 32 28
1 0 0 0 0 0 3 1 2 3 0 86 17.46
6 0 0 9 8 7 3 9 13 16 1 63 14.12
10 0 10 1 7 0 3 5 8 18 1 100 15.47
10 0 8 2 0 6 3 4 7 8 1 71 17.87
5 0 0 7 8 0 3 6 10 16 11 90 20.76
8 0 1 6 0 3 2 12 24 11 99 18.56
3 1 0 0 0 0 2 12 22 16 84 13.77
8 0 8 7 6 6 3 9 10 11 11 78 19.29
10 0 6 8 2 5 3 14 16 20 11 74 17.59
6 0 0 7 6 3 3 14 18 20 19 84 22.61
7 0 0 2 10 10 3 15 21 22 19 100 20.53
8 1 0 0 0 0 2 13 28 19 74 17.45
5 1 0 0 0 0 3 13 14 20 19 93 15.47
2 1 0 0 0 0 2 19 23 27 83 12.26
6 0 2 7 4 0 3 17 26 28 25 78 15.72
6 1 0 0 0 0 1 23 26 97 13.02
9 1 0 0 0 0 3 19 22 28 21 121 14.48
10 0 0 6 0 6 2 19 27 31 113 15.23
4 1 0 0 0 0 3 21 24 27 25 96 19.34
6 0 3 2 4 2 1 21 41 99 21.49
10 0 5 4 3 9 1 23 25 90 14.08
7 0 6 1 5 8 2 25 30 47 135 15.81
7 0 0 0 3 8 2 24 26 30 112 13.55
9 0 7 8 3 6 3 25 26 27 35 125 15.57
3 0 1 9 10 0 1 25 37 120 21.96
6 0 1 0 0 8 1 29 54 145 21.41
5 0 1 5 10 7 2 29 30 44 108 15.65
3 0 0 1 10 5 2 29 30 44 134 12.89
10 0 9 9 0 1 1 31 31 96 13.34
3 0 5 5 7 0 1 31 60 126 21.07
10 0 0 0 0 5 1 31 54 122 16.86
1 0 0 0 0 0 0 64 118 12.99
1 0 0 0 0 0 3 33 34 35 0 73 13.47
10 0 9 9 8 4 2 38 44 1 94 17.14
10 0 3 9 5 10 3 45 51 57 1 82 18.28
10 0 6 5 5 9 3 36 39 48 1 60 14.91
5 0 5 1 6 7 3 37 40 61 11 95 16.66
6 0 1 7 6 6 3 38 45 52 16 81 14.78
5 0 2 7 7 3 2 47 55 22 102 19.37
10 0 9 9 3 2 3 41 45 55 11 103 20.68
1 0 4 6 1 9 1 53 16 106 19.42
2 0 2 7 9 3 2 42 59 21 105 19.06
1 1 0 0 0 0 3 43 46 52 23 87 13.04
5 1 0 0 0 0 1 50 24 95 13.75
7 1 0 0 0 0 2 47 54 11 76 15.84
10 1 0 0 0 0 2 47 54 22 84 12.92
1 1 0 0 0 0 1 49 24 116 12.08
9 1 0 0 0 0 2 59 60 32 121 17.94
6 0 10 7 3 1 1 56 11 75 14.3
7 0 2 10 3 4 1 56 25 103 16.54
1 0 7 4 5 4 3 56 57 60 29 77 12.95
3 1 0 0 0 0 2 52 55 11 105 16.65
3 1 0 0 0 0 1 53 24 109 23.24
5 0 5 9 7 7 2 54 58 27 102 16.36
6 0 8 2 2 4 2 60 62 32 87 18.66
4 1 0 0 0 0 2 58 59 27 85 22.09
4 0 2 7 5 2 2 58 61 32 92 22.04
8 0 7 1 5 6 1 61 30 103 22.19
10 0 6 10 7 5 1 62 36 132 19.69
10 0 5 2 1 6 1 62 41 106 18.75
10 0 8 10 1 10 1 63 41 96 13.49
7 0 2 2 10 2 1 63 38 134 14.12
4 0 10 4 9 1 1 63 51 141 16.07
1 0 0 0 0 0 0 55 122 14.99
1 0 0 0 0 0 3 65 66 67 0 94 22.42
4 0 0 0 0 5 3 69 76 87 1 75 22.54
4 0 0 0 4 0 3 68 70 75 1 72 18.63
1 0 0 0 0 4 1 72 1 97 23.07
2 0 9 0 0 0 3 71 78 88 5 68 15.98
4 0 0 0 0 7 2 73 89 5 103 23.14
1 0 0 0 0 2 2 74 87 5 87 12.45
7 0 0 0 0 4 1 81 7 102 14.54
9 0 9 0 0 0 1 77 2 101 21.25
6 0 8 0 0 0 1 83 9 64 16.77
2 0 0 7 0 0 1 78 6 68 21.54
3 0 4 0 0 0 2 91 94 5 99 13.41
9 0 0 0 0 9 2 79 80 5 94 13.75
3 0 0 1 0 0 1 86 11 76 21.89
4 0 0 0 0 7 2 80 91 8 81 22.94
5 0 0 6 0 0 3 81 88 92 14 84 22.22
5 0 0 0 8 0 1 93 14 110 16.59
7 1 0 0 0 0 3 82 84 91 19 77 12.86
9 0 4 0 0 0 1 89 26 114 19.12
2 0 0 0 4 0 1 85 15 89 20.57
10 0 6 0 0 0 1 93 26 123 22.89
3 0 3 0 0 0 1 86 17 89 20.87
2 1 0 0 0 0 1 90 20 115 21.26
7 0 0 0 0 5 1 89 6 107 12.32
10 1 0 0 0 0 1 90 19 120 18.4
8 0 0 9 0 0 1 90 35 88 21.38
3 0 0 0 5 0 1 94 43 95 14.49
9 0 0 0 2 0 1 93 26 113 18.87
4 1 0 0 0 0 1 95 19 91 19.82
1 0 0 0 0 2 1 95 36 126 14.2
2 0 0 0 0 3 1 95 46 134 12.36
1 0 0 0 0 0 0 48 99 22.94
1 0 0 0 0 0 3 97 98 99 0 79 18.24
10 0 0 7 0 0 3 102 112 114 1 85 20.42
6 0 10 0 4 0 2 104 107 1 64 13.96
10 0 9 2 2 0 3 100 101 106 1 59 17.71
8 0 4 0 5 0 3 113 119 123 11 92 13.17
6 0 2 0 3 4 1 103 11 91 18.66
4 0 2 6 8 0 2 105 108 11 84 22.87
5 1 0 0 0 0 3 110 115 118 17 83 17.14
5 0 0 10 0 3 2 109 126 7 107 12.08
9 1 0 0 0 0 1 124 15 108 21.63
9 0 8 0 6 0 1 119 11 72 22.85
10 0 0 3 0 0 2 114 117 7 92 16.34
9 0 0 9 0 0 2 120 122 15 71 15.87
9 1 0 0 0 0 2 111 116 12 97 14.65
5 0 8 0 6 9 1 122 22 80 20.75
9 0 6 0 5 10 1 121 21 116 14.81
9 0 7 0 2 3 1 121 11 92 17.66
5 0 9 0 0 1 1 125 19 90 14.61
4 0 0 2 0 1 2 116 118 17 97 12.15
7 0 2 4 1 0 1 119 22 94 18.59
4 0 0 4 7 0 1 124 21 110 17.88
5 0 0 0 0 3 1 124 17 107 16.25
6 1 0 0 0 0 1 123 22 76 19.88
5 0 0 0 10 5 1 121 29 80 17.79
8 0 2 9 3 0 1 125 24 92 17.36
2 0 5 1 3 0 1 125 34 125 17.26
7 0 2 0 0 8 1 126 27 81 21.88
4 0 0 5 0 0 1 126 28 93 11.83
5 0 5 0 0 0 1 127 25 83 15.59
8 0 8 10 6 0 1 127 36 97 13.56
7 0 0 0 4 5 1 127 34 96 22.68
1 0 0 0 0 0 0 44 116 18.25
1 0 0 0 0 0 3 129 130 131 0 87 21.77
7 0 2 0 9 0 3 132 133 138 1 89 22.16
1 0 10 0 6 0 3 141 144 150 1 80 20.55
7 0 0 8 0 9 3 132 143 153 1 75 13.61
2 0 0 3 0 0 3 134 135 136 8 78 21.45
8 0 5 0 0 7 3 134 137 140 8 71 20.7
8 1 0 0 0 0 3 139 142 150 16 117 21.4
4 0 0 0 0 7 3 137 140 141 10 94 18.31
5 0 0 0 0 2 3 142 146 155 10 72 12.36
3 0 0 9 1 4 3 144 145 149 16 105 17.24
4 0 0 8 0 0 3 143 150 156 8 108 16.59
1 0 0 0 3 0 2 144 147 24 100 20.57
9 0 0 6 5 5 3 146 154 155 16 81 13.19
9 0 8 0 6 0 3 142 146 158 14 116 14.25
3 1 0 0 0 0 3 145 149 151 24 109 15.3
4 0 0 3 7 0 3 147 148 152 12 78 15.51
2 1 0 0 0 0 2 152 156 25 104 17.7
7 1 0 0 0 0 2 148 154 27 93 12.15
7 1 0 0 0 0 2 147 148 25 111 18.59
7 0 6 0 2 8 2 149 151 32 91 17.34
10 0 10 2 0 7 1 157 34 104 19.91
1 0 0 9 6 5 1 157 39 94 15.04
7 1 0 0 0 0 2 151 152 24 100 14.63
9 0 0 10 0 0 1 157 39 94 17.48
7 0 0 0 10 2 1 158 31 127 17.45
9 0 0 0 0 7 2 154 155 8 105 18.63
8 0 0 0 10 0 1 156 34 90 21.23
3 0 2 2 4 0 1 158 25 89 12.89
1 0 2 8 0 4 1 159 42 101 16.1
9 0 4 0 0 0 1 159 48 112 21.01
8 0 0 0 2 3 1 159 38 94 14.82
1 0 0 0 0 0 0 57 106 23.13
1 0 0 0 0 0 3 161 162 163 0 63 17.27
4 0 5 5 0 10 2 167 171 1 81 20.68
8 0 5 3 6 4 3 165 173 182 1 78 21.38
8 0 2 5 0 10 3 164 166 171 1 104 13.02
4 0 3 7 7 0 3 165 174 175 9 103 13.66
1 0 9 0 1 5 3 168 169 181 13 99 18.45
7 0 4 9 7 0 3 168 169 170 9 66 17.8
9 0 2 0 0 10 3 170 173 178 5 70 19.86
3 1 0 0 0 0 3 177 183 184 16 101 19.36
8 0 8 7 0 6 2 177 183 16 108 23.07
5 1 0 0 0 0 2 179 185 16 108 23.14
2 0 0 6 10 8 3 172 180 181 9 90 15.49
10 0 9 1 5 0 3 175 178 179 11 110 12.45
3 0 7 9 0 9 2 175 176 14 95 21.62
3 0 0 0 1 4 3 179 180 186 13 68 14.35
8 1 0 0 0 0 3 184 185 187 21 112 19.01
4 1 0 0 0 0 3 177 181 184 17 86 16.91
7 0 4 4 5 3 2 180 187 24 119 12.0
10 0 8 10 6 7 3 182 186 189 21 116 12.18
4 0 9 9 6 5 1 182 21 108 17.26
7 0 3 0 3 9 1 188 31 104 17.91
4 1 0 0 0 0 3 183 185 187 21 92 20.77
1 0 8 0 9 0 1 190 31 122 11.72
10 0 0 1 7 4 1 189 25 83 14.35
8 0 4 10 10 9 1 190 29 95 15.34
4 0 0 10 0 0 1 186 29 93 21.83
8 0 0 2 7 6 1 188 33 131 15.28
2 0 1 7 3 4 3 188 189 190 31 117 22.4
2 0 4 2 4 6 1 191 41 100 22.45
6 0 6 3 1 0 1 191 35 99 18.11
2 0 0 4 7 4 1 191 37 105 20.97
1 0 0 0 0 0 0 43 128 18.86
1 0 0 0 0 0 3 193 194 195 0 95 13.43
1 0 0 4 0 0 3 203 205 218 1 67 19.57
3 0 9 0 0 0 3 196 209 210 1 87 18.61
6 0 0 9 0 5 3 198 199 201 1 102 11.84
8 0 1 0 0 2 3 197 198 200 4 71 19.93
1 0 0 1 2 6 3 203 204 207 12 76 21.87
10 0 0 4 8 2 3 212 214 221 12 100 19.46
5 0 0 0 7 2 3 202 209 211 7 90 17.07
10 0 7 10 10 10 3 201 203 211 12 85 18.18
2 1 0 0 0 0 3 212 216 218 22 83 15.08
3 0 4 0 0 1 3 205 206 222 12 73 20.01
3 1 0 0 0 0 3 208 212 213 22 108 12.92
1 1 0 0 0 0 3 211 214 218 13 86 20.83
10 0 0 6 0 0 3 207 210 217 15 81 12.46
3 0 5 0 0 1 3 207 208 210 15 108 17.94
2 0 0 9 9 0 1 215 25 105 17.49
10 1 0 0 0 0 2 215 217 25 80 17.49
1 1 0 0 0 0 1 216 12 95 15.75
6 1 0 0 0 0 2 213 214 25 93 13.83
8 1 0 0 0 0 2 213 216 22 117 16.06
2 0 0 0 0 8 1 219 25 73 16.47
4 0 5 5 0 0 2 219 221 31 89 18.51
9 0 2 0 7 0 1 215 31 129 14.63
2 0 1 0 5 0 1 220 40 117 21.99
4 1 0 0 0 0 2 217 222 30 113 22.97
1 0 0 4 2 3 2 220 221 35 117 19.78
7 1 0 0 0 0 2 219 222 24 82 19.32
10 0 6 8 0 10 1 220 35 112 16.88
9 0 2 0 0 8 1 223 45 110 18.76
4 0 0 0 0 9 1 223 36 106 23.34
6 0 0 0 1 8 1 223 34 89 22.14
1 0 0 0 0 0 0 54 140 21.15
1 0 0 0 0 0 3 225 226 227 0 53 18.82
1 0 2 0 0 0 1 229 1 57 12.75
4 0 0 0 4 0 3 228 231 242 1 86 18.17
8 0 0 7 0 0 3 230 232 236 1 64 19.74
6 0 0 1 0 0 2 232 239 5 96 17.85
3 0 0 2 0 0 3 233 234 235 2 89 18.81
3 0 0 0 0 7 3 237 241 247 9 80 17.46
9 0 0 0 6 0 3 240 249 251 5 81 21.48
2 0 0 2 0 0 1 245 11 90 19.19
6 0 1 0 0 0 2 241 242 5 75 20.96
8 0 0 0 8 0 2 238 241 5 91 19.87
4 0 0 0 1 0 2 237 250 5 69 19.28
9 0 0 0 8 0 1 249 9 110 16.7
4 0 0 0 0 1 1 244 12 74 22.74
10 0 0 8 0 0 2 242 250 13 102 11.96
9 0 0 0 0 5 1 244 11 110 12.71
4 0 0 0 6 0 2 243 246 14 79 14.84
10 0 7 0 0 0 3 244 249 250 13 86 20.38
9 0 8 0 0 0 3 243 246 254 23 90 16.76
9 0 0 0 1 0 1 252 32 118 16.91
9 0 0 5 0 0 1 246 23 84 12.31
7 0 0 5 0 0 2 248 251 13 99 21.56
3 0 0 0 1 0 2 248 252 32 103 22.54
2 0 0 0 10 0 2 248 251 12 89 14.88
4 0 0 8 0 0 1 253 35 118 20.27
7 0 0 0 0 10 2 252 253 23 112 12.92
1 0 10 0 0 0 2 253 254 23 79 18.82
2 1 0 0 0 0 1 254 20 88 13.62
1 0 0 1 0 0 1 255 41 105 17.87
1 0 0 0 0 8 1 255 39 93 15.11
2 0 0 0 7 0 1 255 32 115 19.99
1 0 0 0 0 0 0 42 95 13.57
129.54 126.63 124.72 120.04 123.24 127.77 159.18 207.88 243.23 178.04 149.95 126.16 117.27 115.52 124.31 147.32 169.51 214.64 200.73 201.1 167.74 153.0 144.21 135.81 132.4 125.54 123.18 123.99 123.25 127.63 155.37 191.13 211.99 163.31 136.53 126.71 117.55 113.18 120.09 138.47 170.43 178.26 175.0 171.02 152.85 131.0 130.77 123.05 115.2 110.86 110.27 109.09 115.43 122.5 147.67 168.12 180.81 159.33 133.5 121.97 117.02 119.5 128.85 144.12 160.36 177.15 189.9 189.63 170.0 155.42 143.7 133.68 133.67 129.8 125.95 125.0 125.01 134.5 154.93 180.09 219.08 178.95 160.22 150.88 145.88 142.97 139.07 150.09 171.17 176.63 169.12 162.12 135.15 123.54 131.27 121.95 126.05 112.7 108.82 105.0 114.14 127.75 178.61 181.71 164.98 150.47 134.44 117.05 113.52 118.79 122.32 151.3 133.7 132.92 136.89 132.27 111.54 87.65 98.8 100.0 83.39 86.49 86.39 88.13 89.69 90.99 88.95 93.24 112.24 97.54 94.55 86.74 85.4 87.56 92.77 118.0 136.88 144.46 160.47 160.33 155.17 149.0 143.56 135.53 135.0 127.75 124.07 119.3 116.81 117.0 117.0 133.43 136.77 120.94 113.7 109.1 87.08 98.01 109.9 120.4 138.0 142.93 155.76 150.6 144.55 142.16 143.0 128.54 119.56 114.07 111.4 107.72 107.31 115.58 153.71 173.8 181.36 163.18 141.45 121.23 125.33 124.09 136.91 152.78 140.3 126.84 125.09 140.0 120.0 109.21 131.31 88.52 78.92 86.98 135.0 105.01 88.55 99.0 145.0 194.13 169.7 143.69 116.05 104.85 107.55 117.2 130.96 135.7 145.75 143.93 145.0 156.88 156.01 137.8 141.47 128.2 129.26 127.91 126.82 126.59 128.74 128.87 141.3 173.11 180.0 174.92 168.75 168.43 157.95 159.23 141.48 150.0 160.1 162.69 181.66 183.99 152.14 144.99 139.78 133.0 132.38 140.12 150.74 144.49 146.91 133.16 135.3 270.7 251.77 222.64 205.6 185.9 176.9 184.44 190.0 211.71 200.21 207.33 205.5 196.52 176.36 162.92 153.12 139.32 139.65 137.01 131.66 131.43 130.78 140.09 163.63 224.86 261.75 214.52 180.61 163.74 150.06 149.42 157.07 172.21 196.88 292.25 288.53 224.61 183.55 163.6 153.0 140.03 135.66 130.69 120.25 118.7 118.97 120.87 134.52 149.23 150.53 137.05 124.59 118.36 112.39 110.01 116.42 129.59 145.64 164.02 175.23 161.46 141.16 116.37 130.3 120.32 134.11 128.9 123.57 119.9 119.57 119.84 118.05 124.47 123.77 125.75 131.48 128.92 127.85 121.36 123.67 127.33 139.52 170.0 172.12 168.8 155.51 134.93 132.06 131.51 125.9 121.06 120.34 125.94 129.5 126.7 157.39 208.25 209.79 171.3 139.67 116.94 113.24 106.55 118.11 135.02 173.29 225.32 271.52 216.5 179.08 151.4 131.21 122.95 134.75 126.4 127.5 114.54 110.45 108.19 135.32 186.2 193.8 141.92 117.27 98.81 79.06 84.62 98.35 104.87 190.7 189.76 176.77 165.0 142.03 141.9 119.58 103.61 94.31 93.84 96.91 95.24 102.66 141.4 155.0 180.26 166.37 128.76 109.88 92.9 90.14 91.8 92.23 107.41 147.49 161.25 159.24 160.76 141.4 109.61 103.4 91.8 114.41 118.13 130.0 113.87 113.59 130.0 148.54 140.0 129.45 114.24 104.15 94.18 97.41 93.06 100.4 97.28 114.1 139.8 156.19 150.71 147.34 121.67 118.79 90.0 73.45 70.72 73.03 72.42 81.11 120.0 125.17 165.34 150.72 131.26 104.33 87.37 79.1 77.95 91.97 87.88 165.72 148.62 154.5 152.0 163.87 82.7 82.9 97.94 71.48 71.73 71.92 71.65 72.29 80.0 113.21 123.18 115.0 70.93 58.53 57.76 54.57 56.75 68.09 73.31 82.0 115.0 99.24 95.0 105.0 100.0 75.3 71.54 77.95 67.63 72.42 69.74 72.51 72.53 92.28 102.91 112.52 100.63 85.49 88.98
