288 5
1 41 39 32 30
1 0 0 0 0 0 3 1 2 3 0 82 6.39
4 0 5 5 0 10 2 7 11 1 90 6.15
8 0 5 3 6 4 3 5 13 22 1 62 9.79
8 0 2 5 0 10 3 4 6 11 1 53 5.42
4 0 3 7 7 0 3 5 14 15 9 68 7.76
1 0 9 0 1 5 3 8 9 21 13 87 6.28
7 0 4 9 7 0 3 8 9 10 9 83 8.68
9 0 2 0 0 10 3 10 13 18 5 71 9.81
3 1 0 0 0 0 3 17 23 24 16 60 9.56
8 0 8 7 0 6 2 17 23 16 82 7.61
5 1 0 0 0 0 2 19 25 16 89 9.86
2 0 0 6 10 8 3 12 20 21 9 74 8.06
10 0 9 1 5 0 3 15 18 19 11 89 8.48
3 0 7 9 0 9 2 15 16 14 72 7.97
3 0 0 0 1 4 3 19 20 26 13 92 6.39
8 1 0 0 0 0 3 24 25 27 21 109 8.46
4 1 0 0 0 0 3 17 21 24 17 87 9.53
7 0 4 4 5 3 2 20 27 24 112 7.57
10 0 8 10 6 7 3 22 26 29 21 90 7.22
4 1 0 0 0 0 1 22 21 91 5.91
7 0 3 0 3 9 1 28 31 95 6.81
4 0 5 5 2 1 3 23 25 27 21 88 5.47
1 0 8 0 9 0 1 30 31 78 8.68
10 0 0 1 7 4 1 29 25 105 9.78
8 0 4 10 10 9 1 30 29 94 9.31
4 0 0 10 0 0 1 26 29 77 6.25
8 0 0 2 7 6 1 28 33 82 7.12
2 0 1 7 3 4 3 28 29 30 31 97 8.5
2 0 4 2 4 6 1 31 41 89 8.03
6 0 6 3 1 0 1 31 35 81 5.02
2 0 0 4 7 4 1 31 37 99 8.41
1 0 0 0 0 0 0 43 119 6.03
1 0 0 0 0 0 3 33 34 35 0 78 5.49
9 0 10 7 0 7 3 37 38 48 1 61 9.37
7 0 8 0 1 7 3 43 46 51 1 63 6.27
8 0 8 0 5 4 2 36 37 1 67 7.24
6 0 1 9 0 5 1 57 9 58 7.71
4 0 7 0 10 6 2 41 44 10 65 8.04
2 0 9 0 10 5 3 39 60 61 10 89 5.77
2 0 9 2 10 8 3 40 42 53 12 86 9.45
4 0 9 3 10 2 1 45 14 85 6.07
8 0 0 10 6 5 3 46 47 49 14 64 6.85
6 0 0 1 0 5 2 45 55 14 73 8.4
5 0 1 3 0 4 2 50 52 8 86 8.4
2 0 10 10 1 9 3 45 50 51 14 59 7.88
6 0 6 0 7 0 2 54 57 20 100 9.16
1 1 0 0 0 0 3 50 56 58 22 77 9.35
2 0 5 5 0 4 1 53 22 85 8.49
5 0 2 6 4 4 2 52 54 10 74 7.34
3 1 0 0 0 0 3 53 57 59 22 106 5.14
6 1 0 0 0 0 2 54 55 23 72 8.06
10 0 10 7 4 0 1 61 16 87 5.94
9 0 1 3 0 0 1 56 15 99 5.04
5 1 0 0 0 0 2 55 58 25 71 9.83
9 0 2 2 3 2 1 62 29 88 6.66
7 0 9 5 9 0 1 62 30 92 7.37
10 0 8 5 0 3 2 59 60 24 76 7.51
4 1 0 0 0 0 1 58 26 99 6.47
7 0 2 7 0 5 1 62 30 110 7.68
9 0 0 0 5 1 1 61 34 91 9.61
3 0 8 10 3 0 1 63 34 104 9.15
6 0 4 1 4 0 1 63 43 117 8.01
4 0 5 0 0 8 1 63 38 95 7.56
1 0 0 0 0 0 0 49 122 6.19
1 0 0 0 0 0 3 65 66 67 0 75 6.51
6 0 8 4 7 7 3 68 86 90 1 72 9.44
1 0 5 1 5 1 3 70 75 79 1 71 6.17
8 0 1 4 1 3 2 71 72 1 88 6.92
8 0 6 2 1 9 2 69 73 7 95 9.08
9 0 1 2 8 6 3 70 76 88 15 72 9.58
8 0 3 5 1 7 1 83 24 95 9.08
6 1 0 0 0 0 1 77 9 60 6.43
5 0 3 3 3 4 3 74 85 86 9 88 6.6
1 0 9 5 3 1 3 78 81 92 15 77 9.34
8 0 1 10 4 6 1 94 14 87 5.41
4 0 2 3 7 10 1 82 2 86 8.76
3 1 0 0 0 0 1 94 24 105 6.23
1 1 0 0 0 0 2 80 89 15 70 8.34
3 0 5 2 6 6 2 83 84 16 61 9.49
1 0 3 10 10 8 1 84 2 61 5.09
6 0 10 8 4 8 1 91 16 101 9.57
1 1 0 0 0 0 1 87 16 70 5.5
7 0 3 9 4 7 1 88 6 85 5.58
10 0 8 4 3 5 1 89 32 100 6.97
4 0 10 1 7 7 1 88 19 100 7.24
2 1 0 0 0 0 2 90 92 14 98 6.41
10 0 3 2 8 9 1 94 14 101 9.2
2 0 3 1 3 7 1 91 17 87 7.92
6 1 0 0 0 0 1 89 24 96 6.07
2 0 10 1 10 1 1 91 42 121 6.28
3 0 4 9 4 1 1 93 16 60 5.29
7 0 8 4 10 1 1 93 44 92 7.06
2 0 8 10 7 3 1 95 16 91 7.97
2 0 9 7 8 1 1 95 51 107 7.87
1 0 9 3 6 6 1 95 27 99 6.22
1 0 0 0 0 0 0 53 126 9.21
1 0 0 0 0 0 3 97 98 99 0 58 8.53
2 0 0 1 8 0 2 100 104 1 79 8.4
2 0 4 0 0 4 3 101 102 103 1 68 8.86
10 0 0 8 0 6 3 105 118 123 1 87 5.48
6 0 3 0 5 10 3 109 111 115 3 62 9.28
5 0 8 0 6 8 1 112 3 71 9.84
5 0 6 6 7 0 1 106 3 73 5.64
8 0 4 5 5 1 1 126 3 83 8.27
5 0 5 0 4 0 3 107 108 113 3 69 5.22
10 0 8 6 6 9 2 111 124 11 92 9.9
3 0 6 0 10 0 2 113 117 8 78 7.54
8 0 1 6 8 1 1 114 8 93 8.89
3 0 0 10 2 9 2 110 122 8 68 6.52
9 0 4 0 3 6 1 126 9 65 9.1
1 0 2 9 2 2 1 120 11 94 8.01
1 1 0 0 0 0 3 114 116 119 21 77 6.34
1 0 9 8 5 0 1 115 8 87 8.91
3 0 1 1 0 6 1 120 11 57 8.18
2 0 1 1 5 0 1 122 22 76 8.46
6 1 0 0 0 0 1 125 9 62 7.6
10 1 0 0 0 0 1 121 22 100 6.27
10 1 0 0 0 0 2 120 124 11 91 7.85
2 0 0 0 5 8 1 121 11 62 6.7
7 1 0 0 0 0 1 125 22 87 7.4
3 0 3 0 0 10 1 125 21 92 9.6
9 0 10 8 6 0 1 122 32 108 8.79
3 0 0 8 9 2 1 126 41 90 9.94
2 0 5 7 8 0 1 124 11 71 5.65
4 0 8 8 10 3 1 127 21 83 8.57
6 0 3 5 4 10 1 127 29 77 5.8
6 0 6 4 9 0 1 127 44 113 8.81
1 0 0 0 0 0 0 50 91 9.82
1 0 0 0 0 0 3 129 130 131 0 77 6.71
5 0 5 0 8 3 2 133 136 1 55 8.57
4 0 6 7 8 0 1 138 1 66 8.98
7 0 8 0 4 5 3 132 134 144 1 94 5.62
3 1 0 0 0 0 3 135 140 149 8 60 7.43
10 0 5 3 6 9 1 139 6 72 9.0
4 0 1 8 1 8 3 137 146 155 8 75 6.63
2 0 5 5 0 3 1 156 11 65 9.81
7 0 2 3 0 0 3 140 145 147 6 89 5.63
7 0 1 0 0 8 1 145 12 69 9.33
3 0 5 9 0 6 2 143 158 5 57 5.35
2 1 0 0 0 0 1 142 16 74 6.49
4 0 0 4 7 4 2 141 146 13 64 9.53
2 0 3 8 2 0 1 153 17 80 5.43
2 1 0 0 0 0 1 151 18 103 6.04
7 1 0 0 0 0 1 155 8 73 9.63
5 1 0 0 0 0 1 148 8 57 9.89
3 0 6 10 9 0 1 150 19 64 6.51
6 0 5 6 0 8 1 154 17 100 5.05
4 0 5 3 9 0 2 149 152 13 74 8.33
6 0 8 8 10 8 2 153 154 13 80 7.65
5 0 1 4 0 2 1 153 17 76 8.37
7 0 0 0 10 2 2 154 157 22 108 5.74
3 1 0 0 0 0 2 152 157 20 92 8.03
2 0 0 10 8 4 1 158 23 81 7.07
6 0 4 9 10 2 1 155 22 82 7.39
1 0 1 7 3 2 1 156 29 71 8.14
4 0 0 4 6 5 1 156 28 81 9.26
4 0 5 0 8 0 1 159 32 102 5.58
9 0 0 6 4 3 1 159 29 112 9.45
1 0 0 5 1 6 1 159 25 95 6.79
1 0 0 0 0 0 0 38 87 8.07
1 0 0 0 0 0 3 161 162 163 0 71 6.67
6 0 0 2 0 9 3 165 174 177 1 58 9.72
9 0 1 0 5 4 3 164 174 177 1 90 9.92
1 0 0 2 10 8 3 165 166 175 1 82 7.71
9 0 0 10 7 7 3 167 173 175 10 65 9.41
1 0 8 5 0 1 3 167 170 173 7 86 9.67
5 0 7 0 9 7 3 168 171 182 2 71 6.3
7 0 6 0 6 0 3 169 171 176 19 84 5.46
1 0 0 10 3 2 3 169 172 179 7 89 6.89
10 0 0 3 7 10 2 181 189 26 107 9.18
6 0 1 2 7 1 3 178 182 184 8 85 8.87
8 1 0 0 0 0 1 180 26 81 8.85
5 0 0 2 4 7 3 174 177 178 8 88 8.24
9 0 7 10 8 0 3 176 178 184 19 89 8.58
5 0 9 0 1 7 2 188 190 13 67 9.8
9 0 0 7 2 0 3 182 186 189 19 97 6.99
1 1 0 0 0 0 2 179 180 28 97 7.02
1 0 8 7 0 0 3 181 184 186 13 65 5.43
3 1 0 0 0 0 3 180 185 187 28 79 5.1
6 0 0 6 4 7 3 183 185 186 29 89 5.44
8 0 7 0 6 9 2 181 189 34 86 6.26
6 0 10 4 9 6 1 183 42 125 6.11
4 1 0 0 0 0 1 188 28 111 8.89
5 0 7 1 6 4 1 188 48 119 5.29
4 0 4 4 0 5 2 185 187 28 75 7.31
3 0 7 9 7 10 1 190 35 83 9.36
2 0 9 0 4 1 1 187 35 105 6.12
9 0 1 10 0 3 1 190 37 124 8.88
7 0 9 10 3 2 1 191 53 122 8.5
3 0 4 10 10 10 1 191 42 104 8.96
2 0 10 8 0 10 1 191 46 125 7.48
1 0 0 0 0 0 0 60 136 8.42
1 0 0 0 0 0 3 193 194 195 0 74 6.25
3 0 0 0 1 0 3 197 199 216 1 87 5.76
8 0 8 0 0 0 1 222 1 79 8.41
6 0 0 0 0 9 3 196 200 204 1 70 5.67
5 0 0 6 0 0 3 197 198 214 7 55 5.76
4 0 0 0 0 9 3 207 208 213 12 89 7.11
1 0 3 0 0 0 3 202 207 219 12 94 6.83
6 0 0 0 0 7 3 200 206 212 4 95 6.98
10 0 0 5 0 0 2 201 215 10 88 6.33
2 1 0 0 0 0 3 208 210 213 20 73 7.06
5 0 0 0 5 0 1 203 13 68 9.4
3 1 0 0 0 0 2 210 218 18 80 9.81
8 0 4 0 0 0 3 205 211 217 7 92 7.96
7 1 0 0 0 0 2 208 220 15 75 9.26
1 0 5 0 0 0 1 220 10 53 8.39
3 1 0 0 0 0 2 209 217 16 76 5.13
2 0 3 0 0 0 3 209 218 222 22 75 8.07
8 0 0 3 0 0 1 221 24 97 6.36
4 1 0 0 0 0 1 221 22 100 7.54
8 0 0 2 0 0 1 212 15 91 7.05
2 1 0 0 0 0 2 213 215 23 96 5.19
3 0 0 7 0 0 1 222 25 85 6.64
10 0 0 0 0 1 2 215 216 12 98 6.16
7 0 0 0 1 0 1 219 25 90 6.38
8 0 0 0 0 7 2 217 219 22 92 8.74
2 0 0 0 0 4 1 218 30 80 7.78
10 0 0 3 0 0 1 221 32 121 8.53
5 0 0 0 9 0 1 220 32 87 7.67
1 0 9 0 0 0 1 223 37 108 5.89
1 0 0 0 3 0 1 223 42 89 9.93
9 0 0 0 2 0 1 223 28 88 8.5
1 0 0 0 0 0 0 43 104 6.94
1 0 0 0 0 0 3 225 226 227 0 80 8.41
9 0 2 0 0 0 3 229 241 244 1 77 5.81
3 0 0 0 2 0 2 228 229 1 71 5.76
2 0 0 0 0 4 1 248 1 75 7.18
4 0 10 0 0 0 3 230 232 237 4 63 7.67
10 0 0 0 1 0 1 245 10 82 7.86
2 0 0 0 4 0 3 231 233 234 8 94 5.14
7 0 0 9 0 0 3 239 253 254 10 96 5.89
6 0 0 0 4 0 2 234 254 8 88 6.68
9 0 8 0 0 0 2 235 251 10 74 5.67
2 0 8 0 0 0 2 236 246 14 73 9.87
5 0 3 0 0 0 1 250 19 89 5.13
6 1 0 0 0 0 3 239 240 241 16 79 8.16
5 0 0 0 3 0 2 238 242 8 97 5.03
9 0 0 0 6 0 3 239 243 244 13 73 5.95
9 0 0 0 10 0 1 252 22 76 9.32
8 1 0 0 0 0 2 242 244 22 76 9.38
5 1 0 0 0 0 2 242 248 22 90 8.2
3 0 0 9 0 0 1 251 30 84 7.98
2 0 0 6 0 0 3 245 247 248 22 75 6.62
2 1 0 0 0 0 1 249 30 113 7.09
9 1 0 0 0 0 1 246 24 82 7.71
8 0 0 0 0 4 1 250 33 104 8.01
3 1 0 0 0 0 2 249 254 24 70 8.14
6 0 0 0 0 9 1 249 27 91 6.98
5 0 0 6 0 0 2 250 251 33 89 6.58
8 0 0 4 0 0 2 252 253 41 87 6.86
8 0 0 0 0 5 2 252 253 38 108 5.75
4 0 0 0 0 1 1 255 49 118 7.17
3 0 0 0 0 2 1 255 49 94 7.05
3 0 0 0 2 0 1 255 27 84 6.12
1 0 0 0 0 0 0 53 96 5.46
1 0 0 0 0 0 3 257 258 259 0 54 6.29
8 0 5 4 10 10 2 265 276 1 71 6.1
6 0 0 5 6 0 3 260 272 273 1 68 5.7
4 0 7 7 8 0 3 261 263 284 1 58 8.43
4 0 0 3 7 5 3 261 262 274 7 76 5.08
8 0 0 5 5 0 1 286 11 100 5.22
3 0 3 4 5 10 3 264 269 278 11 72 5.82
5 0 10 7 7 2 2 266 282 5 89 8.59
3 0 5 0 1 0 3 267 275 279 14 74 8.31
4 0 4 5 0 10 1 280 9 71 7.9
1 0 3 7 0 10 2 272 277 10 95 6.15
10 0 0 3 8 0 1 268 17 104 6.99
2 0 0 5 7 0 2 270 281 27 72 6.86
7 0 1 6 8 5 2 270 271 14 73 7.43
5 1 0 0 0 0 2 276 285 29 84 7.07
2 1 0 0 0 0 3 275 276 277 21 70 8.42
7 0 3 8 6 3 2 274 285 11 70 5.55
1 0 5 6 10 0 2 275 280 7 76 7.41
10 0 0 0 3 2 1 286 18 71 8.53
3 1 0 0 0 0 2 281 283 23 76 6.7
4 0 0 3 4 5 2 282 283 34 88 6.56
1 1 0 0 0 0 1 279 23 88 7.36
10 0 9 7 1 10 3 279 280 281 14 82 5.0
5 0 0 8 0 5 1 285 24 70 8.24
10 1 0 0 0 0 2 282 283 24 85 8.69
10 0 9 2 10 0 1 284 29 101 6.53
8 0 4 8 10 10 1 286 38 89 9.02
10 0 8 0 5 2 1 284 38 119 9.15
8 0 4 6 9 0 1 287 48 115 7.72
9 0 9 5 3 4 1 287 34 91 5.23
1 0 8 0 7 6 1 287 46 97 5.11
1 0 0 0 0 0 0 56 104 9.18
68.3 62.68 59.91 59.39 64.4 80.43 104.77 130.48 130.0 122.16 115.04 111.39 107.25 116.21 123.49 130.0 136.85 144.55 139.98 130.0 120.0 107.01 108.05 97.76 102.75 98.2 96.12 91.17 95.75 101.04 122.46 135.74 141.88 136.92 135.0 134.72 139.37 139.2 138.38 141.45 142.72 146.64 142.08 132.35 124.79 110.52 110.91 98.04 98.0 95.01 95.01 92.0 92.48 94.73 119.92 139.33 150.59 131.54 115.28 104.0 96.27 106.12 121.81 125.57 131.9 134.1 129.89 119.32 107.19 90.83 91.13 75.07 64.97 46.05 41.12 30.13 58.92 70.41 130.61 124.76 125.57 101.84 89.06 85.9 85.0 91.21 95.0 100.1 95.11 105.0 98.65 114.63 87.0 72.31 72.15 19.56 11.39 11.26 4.38 2.29 8.0 32.97 83.69 105.31 117.37 105.17 100.0 93.71 89.68 90.13 102.0 109.46 113.02 107.69 109.44 102.0 89.16 79.09 80.38 76.1 78.07 74.03 72.07 71.61 69.99 74.19 79.81 87.08 94.29 91.63 89.17 87.06 84.72 82.98 90.09 97.02 115.06 124.1 127.56 127.2 121.38 114.28 102.41 89.57 72.58 83.37 76.87 74.67 76.85 76.57 82.01 80.19 78.8 83.95 75.19 93.19 88.98 99.02 115.1 123.26 134.15 143.82 148.59 143.3 135.91 122.41 118.99 99.66 68.3 62.68 59.91 59.39 64.4 80.43 104.77 130.48 130.0 122.16 115.04 111.39 107.25 116.21 123.49 130.0 136.85 144.55 139.98 130.0 120.0 107.01 108.05 97.76 102.75 98.2 96.12 91.17 95.75 101.04 122.46 135.74 141.88 136.92 135.0 134.72 139.37 139.2 138.38 141.45 142.72 146.64 142.08 132.35 124.79 110.52 110.91 98.04 98.0 95.01 95.01 92.0 92.48 94.73 119.92 139.33 150.59 131.54 115.28 104.0 96.27 106.12 121.81 125.57 131.9 134.1 129.89 119.32 107.19 90.83 91.13 75.07 64.97 46.05 41.12 30.13 58.92 70.41 130.61 124.76 125.57 101.84 89.06 85.9 85.0 91.21 95.0 100.1 95.11 105.0 98.65 114.63 87.0 72.31 72.15 19.56 11.39 11.26 4.38 2.29 8.0 32.97 83.69 105.31 117.37 105.17 100.0 93.71 89.68 90.13 102.0 109.46 113.02 107.69 109.44 102.0 89.16 79.09 80.38 76.1 78.07 74.03 72.07 71.61 69.99 74.19 79.81 87.08 94.29 91.63 89.17 87.06 84.72 82.98 90.09 97.02 115.06 124.1 127.56 127.2 121.38 114.28 102.41 89.57 72.58 83.37 76.87 74.67 76.85 76.57 82.01 80.19 78.8 83.95 75.19 93.19 88.98 99.02 115.1 123.26 134.15 143.82 148.59 143.3 135.91 122.41 118.99 99.66 68.3 62.68 59.91 59.39 64.4 80.43 104.77 130.48 130.0 122.16 115.04 111.39 107.25 116.21 123.49 130.0 136.85 144.55 139.98 130.0 120.0 107.01 108.05 97.76 102.75 98.2 96.12 91.17 95.75 101.04 122.46 135.74 141.88 136.92 135.0 134.72 139.37 139.2 138.38 141.45 142.72 146.64 142.08 132.35 124.79 110.52 110.91 98.04 98.0 95.01 95.01 92.0 92.48 94.73 119.92 139.33 150.59 131.54 115.28 104.0 96.27 106.12 121.81 125.57 131.9 134.1 129.89 119.32 107.19 90.83 91.13 75.07 64.97 46.05 41.12 30.13 58.92 70.41 130.61 124.76 125.57 101.84 89.06 85.9 85.0 91.21 95.0 100.1 95.11 105.0 98.65 114.63 87.0 72.31 72.15 19.56 11.39 11.26 4.38 2.29 8.0 32.97
