288 5
1 24 32 32 28
1 0 0 0 0 0 3 1 2 3 0 121 8.84
6 0 0 2 0 0 3 8 21 23 1 93 11.76
4 0 0 0 9 0 2 5 11 1 68 11.27
10 0 7 0 0 0 3 4 6 29 1 77 11.72
9 0 0 5 0 0 3 7 13 16 11 103 11.29
3 0 0 0 7 0 1 27 5 117 11.26
4 0 0 0 9 0 1 28 11 110 7.99
4 0 5 0 0 0 2 10 12 20 82 7.62
3 0 0 9 0 0 2 9 14 7 96 8.94
8 0 4 0 0 0 1 18 10 121 10.37
5 1 0 0 0 0 2 23 25 24 108 9.51
6 0 0 0 2 0 1 20 5 84 11.11
2 0 5 0 0 0 3 15 19 22 24 110 11.14
8 0 0 0 8 0 1 20 20 135 8.13
4 0 0 0 0 7 1 15 10 121 9.84
10 1 0 0 0 0 1 20 26 125 6.4
8 0 0 0 0 10 1 17 20 128 9.98
2 0 0 0 2 0 1 26 28 116 10.35
4 0 8 0 0 0 1 29 18 125 12.2
10 1 0 0 0 0 2 24 25 26 147 11.52
4 1 0 0 0 0 1 30 36 137 8.37
4 0 0 0 8 0 1 26 7 119 6.83
5 1 0 0 0 0 1 24 26 128 9.21
1 0 0 0 10 0 2 28 30 29 137 10.02
6 0 0 0 3 0 1 26 36 122 11.21
10 0 0 0 8 0 1 27 36 156 11.23
1 0 0 6 0 0 2 27 30 42 102 7.98
8 0 0 0 1 0 1 28 46 136 9.42
6 0 5 0 0 0 1 31 54 138 6.91
8 1 0 0 0 0 1 31 22 116 9.98
9 0 0 0 1 0 1 31 43 123 10.93
1 0 0 0 0 0 0 60 167 6.19
1 0 0 0 0 0 3 33 34 35 0 107 11.89
2 0 0 0 0 8 3 36 39 42 1 118 9.61
10 0 0 3 0 0 3 37 44 51 1 81 7.71
10 0 0 0 6 0 3 36 49 53 1 90 7.05
6 0 0 2 0 0 3 41 43 44 11 85 10.44
10 0 0 0 0 9 3 38 40 52 11 109 10.93
6 1 0 0 0 0 3 45 48 56 21 128 9.32
1 0 0 0 8 0 3 49 50 56 3 67 6.75
5 1 0 0 0 0 3 42 45 46 21 110 10.43
2 0 0 0 0 10 3 47 51 55 17 124 10.25
7 1 0 0 0 0 3 50 54 59 26 133 6.88
5 0 0 0 4 0 3 47 48 51 17 109 11.43
7 0 0 0 5 0 3 45 47 48 17 90 9.78
6 0 0 0 9 0 1 59 27 101 7.5
8 1 0 0 0 0 3 53 55 56 26 128 12.13
5 1 0 0 0 0 1 61 24 108 8.81
10 1 0 0 0 0 3 50 54 57 27 106 12.25
8 0 0 0 8 0 3 52 55 57 11 125 6.57
6 0 0 3 0 0 2 60 61 37 156 7.72
5 1 0 0 0 0 2 52 54 22 141 10.83
9 1 0 0 0 0 1 62 27 104 10.38
9 0 7 0 0 0 3 58 60 61 34 134 11.26
2 0 4 0 0 0 1 62 37 133 6.75
4 0 0 0 6 0 2 58 60 34 120 7.85
3 1 0 0 0 0 1 57 34 107 9.22
5 0 0 0 0 3 1 58 37 118 8.19
4 0 0 0 0 8 1 59 43 118 7.27
10 0 0 0 1 0 1 62 47 130 9.93
3 0 0 0 5 0 1 63 43 110 9.5
5 0 0 0 0 4 1 63 43 123 7.62
3 0 3 0 0 0 1 63 57 117 7.78
1 0 0 0 0 0 0 60 155 10.54
1 0 0 0 0 0 3 65 66 67 0 120 6.67
7 0 4 1 10 1 3 72 81 84 1 100 9.24
4 0 5 3 5 5 3 70 71 73 1 96 8.09
1 0 3 9 5 5 3 68 69 88 1 118 7.77
3 0 1 9 10 1 3 72 74 75 2 106 11.69
6 0 3 5 3 1 2 75 77 2 110 12.23
8 0 2 2 5 10 3 77 83 87 5 88 8.3
9 0 6 5 10 6 3 84 89 91 5 92 6.67
5 0 6 3 1 9 3 80 85 87 8 106 11.65
8 0 7 9 8 8 3 78 84 86 5 126 6.66
3 0 4 9 6 5 3 76 77 87 5 75 6.72
3 0 3 2 7 2 3 76 78 79 8 72 11.12
9 0 4 9 10 1 3 80 82 89 11 91 12.24
5 0 1 3 5 1 3 79 81 90 13 127 8.25
7 0 2 7 2 6 3 81 83 90 13 82 11.39
2 1 0 0 0 0 3 82 85 86 18 100 10.99
7 1 0 0 0 0 2 83 86 20 98 10.64
10 1 0 0 0 0 2 82 85 20 102 8.37
2 0 4 5 5 9 1 93 30 124 7.9
2 1 0 0 0 0 1 92 27 110 8.01
8 1 0 0 0 0 2 88 94 14 124 9.36
7 0 2 2 8 6 2 89 91 30 135 9.39
8 0 8 4 6 6 2 91 93 27 134 11.09
6 0 6 8 2 2 2 90 94 13 108 7.15
6 0 1 1 9 10 1 92 22 124 8.95
10 0 7 7 6 2 1 94 37 104 10.68
5 1 0 0 0 0 1 93 20 88 9.24
1 0 1 1 2 4 1 92 37 119 10.19
9 0 7 1 9 4 1 95 38 108 7.77
3 0 9 4 5 10 1 95 35 116 11.11
2 0 2 7 3 9 1 95 47 115 6.64
1 0 0 0 0 0 0 49 129 11.84
1 0 0 0 0 0 3 97 98 99 0 97 7.79
7 0 7 8 0 0 2 110 117 1 88 9.0
1 0 0 2 1 0 3 100 108 113 1 112 7.05
3 0 3 0 0 0 3 103 107 121 1 76 11.74
9 0 0 6 6 8 3 101 102 105 2 129 8.01
6 0 7 0 0 0 1 104 11 106 6.14
3 0 4 0 10 0 2 112 114 11 91 9.71
5 0 5 8 0 0 2 119 123 4 87 9.84
6 0 0 4 8 2 1 114 17 105 9.26
1 0 7 0 0 0 2 106 115 11 92 11.45
9 0 0 8 4 0 2 123 125 12 123 9.68
10 0 0 0 0 6 2 109 110 4 80 9.71
8 0 6 2 1 6 3 111 116 121 2 102 11.54
5 0 2 8 7 4 2 115 116 14 117 8.18
7 0 8 1 0 0 2 111 116 14 111 10.15
4 1 0 0 0 0 3 112 114 118 21 119 11.94
4 1 0 0 0 0 2 120 123 25 109 9.66
4 1 0 0 0 0 1 122 2 117 11.42
4 1 0 0 0 0 1 119 25 108 8.95
1 1 0 0 0 0 2 117 119 19 98 11.59
9 0 9 7 7 1 1 118 21 109 6.95
7 1 0 0 0 0 2 118 120 20 130 10.43
8 0 0 0 1 0 1 122 30 149 8.42
5 0 10 5 0 0 2 124 126 29 108 9.69
9 0 0 8 7 9 2 122 125 29 128 11.18
2 0 0 5 6 3 1 125 10 117 10.38
6 0 6 0 0 0 2 124 126 38 148 8.64
9 0 7 0 1 0 2 124 126 29 118 11.34
1 0 9 0 0 2 1 127 44 115 10.6
1 0 0 0 0 2 1 127 38 104 8.46
5 0 10 0 0 0 1 127 44 113 9.7
1 0 0 0 0 0 0 49 123 10.27
1 0 0 0 0 0 3 129 130 131 0 93 7.1
9 0 0 0 6 0 3 132 136 141 1 75 7.86
10 0 7 0 0 0 3 134 145 147 1 101 11.31
8 0 9 0 0 0 3 139 150 151 1 92 11.96
9 0 0 0 0 10 3 133 134 142 10 136 10.12
7 0 0 0 4 0 3 135 137 139 19 89 7.78
1 0 0 0 0 6 3 143 144 148 19 119 7.88
4 0 0 5 0 0 3 138 140 147 26 134 7.85
1 0 0 0 10 0 3 138 139 140 10 72 9.41
4 0 0 10 0 0 3 145 148 150 26 95 7.85
8 1 0 0 0 0 3 144 149 154 30 118 8.54
5 1 0 0 0 0 1 146 26 115 7.61
10 0 0 5 0 0 3 144 145 150 30 99 11.49
5 0 0 0 6 0 2 151 156 10 101 6.97
6 0 7 0 0 0 1 147 19 140 8.16
5 0 0 0 0 4 2 146 153 20 95 10.76
4 1 0 0 0 0 3 146 152 155 40 129 6.76
3 1 0 0 0 0 3 149 152 157 40 154 7.91
4 0 0 2 0 0 1 156 44 144 6.66
10 0 5 0 0 0 3 148 151 155 30 120 10.98
10 1 0 0 0 0 2 149 152 40 157 12.2
1 1 0 0 0 0 1 158 50 155 6.64
7 1 0 0 0 0 3 153 154 155 40 124 9.68
5 0 7 0 0 0 2 154 158 40 135 11.24
8 0 4 0 0 0 2 153 158 50 127 11.75
9 0 0 0 5 0 1 156 58 149 11.77
1 0 0 3 0 0 1 157 47 138 10.03
10 0 9 0 0 0 1 157 47 137 10.04
10 0 1 0 0 0 1 159 67 140 6.93
1 0 5 0 0 0 1 159 57 121 10.92
9 0 0 0 9 0 1 159 58 152 8.61
1 0 0 0 0 0 0 77 145 10.22
1 0 0 0 0 0 3 161 162 163 0 107 9.85
7 0 10 1 9 3 3 165 172 181 1 86 8.26
3 0 1 4 7 4 3 166 176 179 1 85 6.72
2 0 3 7 6 10 3 164 168 173 1 87 8.76
1 0 5 4 7 5 3 167 169 170 3 84 7.84
9 0 8 10 10 3 3 169 170 176 8 109 10.56
7 0 3 7 4 10 3 174 178 181 4 92 11.33
5 0 4 6 10 7 3 171 176 180 4 97 11.28
3 0 10 8 1 7 3 170 172 187 3 78 10.49
4 1 0 0 0 0 3 171 174 177 17 103 6.16
9 0 6 10 1 5 2 175 190 17 118 10.88
5 1 0 0 0 0 3 179 182 184 21 137 8.95
7 0 5 9 10 9 3 174 177 184 8 131 6.44
2 0 3 10 8 8 3 178 185 186 3 120 7.43
5 0 8 9 8 6 1 188 21 93 11.76
5 1 0 0 0 0 2 177 184 26 127 11.9
6 0 7 2 5 1 3 178 183 186 17 94 9.14
8 1 0 0 0 0 2 179 180 31 151 10.06
7 0 8 4 7 2 3 182 187 188 23 119 10.65
5 0 3 1 6 10 1 183 39 129 7.52
1 1 0 0 0 0 2 183 189 39 105 10.49
5 1 0 0 0 0 3 182 185 186 11 129 9.78
9 0 1 8 3 1 1 190 30 128 9.36
9 0 3 5 10 4 1 185 44 121 7.87
6 0 2 8 5 5 1 189 31 141 9.85
10 0 10 10 2 6 1 188 53 145 7.78
7 0 7 9 5 4 2 187 189 23 104 10.07
6 0 2 4 10 8 1 190 30 125 6.75
2 0 10 7 6 4 1 191 63 156 8.17
7 0 8 10 1 3 1 191 40 105 8.27
5 0 9 10 9 9 1 191 39 124 8.63
1 0 0 0 0 0 0 65 124 9.65
1 0 0 0 0 0 3 193 194 195 0 64 9.43
2 0 9 4 0 0 1 196 1 97 7.34
10 0 10 0 0 4 3 197 214 222 1 99 6.14
4 0 0 0 0 7 3 211 213 218 1 106 8.67
2 1 0 0 0 0 3 199 203 209 3 94 10.01
1 0 8 0 8 1 3 198 200 212 11 80 9.93
4 0 0 4 7 5 3 201 202 204 12 120 9.37
1 0 0 4 9 0 1 206 5 84 12.16
10 0 0 0 8 9 2 202 211 12 119 10.35
10 0 0 0 3 0 3 203 208 218 16 124 9.79
6 1 0 0 0 0 3 205 207 217 22 133 6.39
6 1 0 0 0 0 1 210 26 139 10.72
1 0 0 0 3 7 3 208 209 213 16 124 7.99
3 1 0 0 0 0 3 209 213 219 28 133 11.84
3 1 0 0 0 0 3 207 210 215 6 113 6.79
7 1 0 0 0 0 2 208 219 28 103 9.19
7 0 8 2 2 0 1 221 35 128 6.46
9 0 8 9 0 0 1 218 31 120 9.68
1 1 0 0 0 0 1 211 32 93 9.84
9 0 0 0 0 5 1 216 33 120 12.07
3 0 9 1 0 0 1 217 12 120 6.77
2 0 1 0 1 7 1 220 31 118 8.2
7 0 6 2 0 0 2 216 220 11 120 10.46
9 0 0 0 4 9 2 216 222 9 110 7.52
1 0 0 2 7 0 1 217 42 144 9.89
5 0 3 0 0 4 1 219 43 124 9.82
9 0 7 2 0 0 2 220 221 40 112 7.52
7 0 3 0 0 7 1 221 48 130 9.88
10 0 3 0 0 7 1 223 49 131 7.07
3 0 0 7 0 0 1 223 55 141 8.85
8 0 2 0 0 10 1 223 18 132 8.99
1 0 0 0 0 0 0 59 159 7.62
1 0 0 0 0 0 3 225 226 227 0 110 7.83
9 0 0 0 0 6 3 229 231 235 1 79 10.75
3 0 0 1 0 0 3 228 241 245 1 120 9.32
8 0 6 0 0 0 3 230 232 237 1 117 6.95
3 0 0 0 0 1 3 231 234 248 4 76 10.61
5 0 0 6 0 0 1 239 10 76 6.37
5 0 0 0 0 4 3 233 234 241 9 131 9.78
5 0 0 0 0 9 2 237 252 10 117 11.03
7 0 0 10 0 0 3 233 239 241 9 106 11.58
3 0 0 2 0 0 3 236 242 243 16 88 12.06
8 0 0 0 0 10 3 238 240 243 14 137 8.21
9 0 3 0 0 0 3 237 239 240 10 107 7.69
9 0 0 0 0 4 3 238 240 249 19 120 6.86
6 0 8 0 0 0 1 253 19 106 11.81
10 0 0 0 0 6 2 244 246 28 101 6.68
3 1 0 0 0 0 3 242 243 248 19 117 10.95
1 1 0 0 0 0 3 244 246 251 28 88 6.44
3 1 0 0 0 0 3 244 248 250 16 121 11.63
8 1 0 0 0 0 2 250 254 22 145 7.68
9 1 0 0 0 0 2 247 250 22 129 9.22
9 0 0 0 6 0 1 247 38 120 7.68
3 0 0 10 0 0 3 246 247 249 4 96 7.45
8 0 0 0 0 4 1 254 38 138 10.33
2 0 0 10 0 0 3 252 253 254 47 120 12.05
10 0 0 0 0 6 1 249 22 91 8.78
1 0 4 0 0 0 2 251 253 32 147 10.74
1 1 0 0 0 0 1 251 31 142 7.49
3 0 0 0 2 0 1 252 33 111 6.75
5 0 0 2 0 0 1 255 49 127 8.12
6 0 9 0 0 0 1 255 49 143 7.87
4 0 9 0 0 0 1 255 49 159 11.24
1 0 0 0 0 0 0 55 114 9.78
1 0 0 0 0 0 3 257 258 259 0 106 8.27
6 0 7 9 7 0 3 269 271 282 1 77 7.62
10 0 6 8 9 0 2 261 262 1 74 11.71
10 0 6 2 6 8 3 260 263 279 1 113 7.68
3 0 0 6 1 6 3 264 266 267 11 131 7.45
10 0 9 3 9 0 1 268 11 128 11.37
8 0 0 0 3 0 2 265 272 11 106 12.1
1 0 8 10 0 8 1 271 11 72 6.5
4 0 10 4 3 0 2 270 280 14 120 11.4
9 0 0 3 3 0 2 276 281 19 121 8.1
5 0 4 10 0 5 3 275 281 283 14 81 7.17
4 0 2 7 0 4 1 285 14 92 9.39
8 1 0 0 0 0 1 274 21 130 8.54
10 0 0 1 0 1 1 273 7 100 11.85
9 0 9 0 4 0 1 271 18 140 11.41
10 0 10 2 10 5 1 274 27 105 8.9
9 1 0 0 0 0 1 284 19 142 10.56
6 1 0 0 0 0 1 276 17 82 10.18
7 0 2 5 4 2 2 277 278 37 131 7.49
8 0 10 2 6 2 1 280 19 101 10.0
2 1 0 0 0 0 1 280 28 137 11.83
1 0 4 8 9 5 1 284 44 154 10.12
10 0 2 9 7 0 1 286 44 119 7.17
1 0 2 0 7 0 2 283 286 11 132 11.47
6 0 9 5 0 4 1 284 30 93 10.85
10 0 9 10 0 2 2 282 286 28 136 7.02
6 0 3 6 2 2 1 285 38 129 8.23
10 0 1 9 2 9 1 285 19 134 10.52
5 0 1 0 10 7 1 287 45 143 11.17
4 0 10 7 4 1 1 287 44 131 10.8
1 0 0 2 0 0 1 287 54 154 10.17
1 0 0 0 0 0 0 55 121 11.43
63.02 56.08 52.93 44.39 50.08 71.36 105.08 140.64 146.39 147.87 145.61 143.35 144.38 143.76 148.2 155.34 162.79 170.45 174.74 164.6 153.0 141.67 134.91 124.22 130.01 120.0 118.76 115.0 113.63 116.27 138.92 159.92 169.17 171.18 168.57 169.49 164.5 160.91 163.06 166.42 169.59 165.85 168.23 160.99 149.62 135.03 119.03 104.95 90.34 80.01 77.87 62.38 80.01 88.44 107.48 132.33 135.0 133.09 125.0 123.38 129.67 120.92 121.55 115.29 121.43 156.88 133.58 155.83 153.14 149.69 150.09 105.03 112.27 117.85 104.17 56.07 90.74 113.43 120.27 150.0 153.73 144.97 140.03 144.25 142.2 142.72 151.03 159.48 172.73 193.42 194.67 177.98 163.99 152.0 144.64 127.0 107.21 101.1 96.73 82.72 84.99 90.26 100.76 123.33 127.38 128.27 124.89 117.69 117.77 113.38 127.84 138.09 145.28 155.93 163.5 146.74 139.27 129.99 129.94 121.21 101.02 100.92 96.34 89.43 85.01 86.96 97.41 103.21 128.66 135.71 126.08 122.97 120.0 117.14 122.24 123.58 99.99 103.86 115.0 104.83 110.0 98.41 98.74 70.27 57.66 58.82 51.71 39.15 50.25 49.78 55.4 62.86 79.01 97.55 102.4 103.87 101.69 99.0 104.29 107.91 125.6 133.98 127.83 119.68 120.0 106.05 100.24 81.35 63.02 56.08 52.93 44.39 50.08 71.36 105.08 140.64 146.39 147.87 145.61 143.35 144.38 143.76 148.2 155.34 162.79 170.45 174.74 164.6 153.0 141.67 134.91 124.22 130.01 120.0 118.76 115.0 113.63 116.27 138.92 159.92 169.17 171.18 168.57 169.49 164.5 160.91 163.06 166.42 169.59 165.85 168.23 160.99 149.62 135.03 119.03 104.95 90.34 80.01 77.87 62.38 80.01 88.44 107.48 132.33 135.0 133.09 125.0 123.38 129.67 120.92 121.55 115.29 121.43 156.88 133.58 155.83 153.14 149.69 150.09 105.03 112.27 117.85 104.17 56.07 90.74 113.43 120.27 150.0 153.73 144.97 140.03 144.25 142.2 142.72 151.03 159.48 172.73 193.42 194.67 177.98 163.99 152.0 144.64 127.0 107.21 101.1 96.73 82.72 84.99 90.26 100.76 123.33 127.38 128.27 124.89 117.69 117.77 113.38 127.84 138.09 145.28 155.93 163.5 146.74 139.27 129.99 129.94 121.21 101.02 100.92 96.34 89.43 85.01 86.96 97.41 103.21 128.66 135.71 126.08 122.97 120.0 117.14 122.24 123.58 99.99 103.86 115.0 104.83 110.0 98.41 98.74 70.27 57.66 58.82 51.71 39.15 50.25 49.78 55.4 62.86 79.01 97.55 102.4 103.87 101.69 99.0 104.29 107.91 125.6 133.98 127.83 119.68 120.0 106.05 100.24 81.35 63.02 56.08 52.93 44.39 50.08 71.36 105.08 140.64 146.39 147.87 145.61 143.35 144.38 143.76 148.2 155.34 162.79 170.45 174.74 164.6 153.0 141.67 134.91 124.22 130.01 120.0 118.76 115.0 113.63 116.27 138.92 159.92 169.17 171.18 168.57 169.49 164.5 160.91 163.06 166.42 169.59 165.85 168.23 160.99 149.62 135.03 119.03 104.95 90.34 80.01 77.87 62.38 80.01 88.44 107.48 132.33 135.0 133.09 125.0 123.38 129.67 120.92 121.55 115.29 121.43 156.88 133.58 155.83 153.14 149.69 150.09 105.03 112.27 117.85 104.17 56.07 90.74 113.43 120.27 150.0 153.73 144.97 140.03 144.25 142.2 142.72 151.03 159.48 172.73 193.42 194.67 177.98 163.99 152.0 144.64 127.0 107.21 101.1 96.73 82.72 84.99 90.26 100.76 123.33 127.38 128.27 124.89 117.69 117.77 113.38 127.84 138.09 145.28 155.93 163.5 146.74 139.27 129.99 129.94 121.21 101.02 100.92 96.34 89.43 85.01 86.96 97.41 103.21 128.66 135.71 126.08 122.97 120.0 117.14 122.24 123.58 99.99 103.86 115.0 104.83 110.0 98.41 98.74 70.27 57.66 58.82 51.71 39.15 50.25 49.78 55.4 62.86 79.01 97.55 102.4 103.87 101.69 99.0 104.29 107.91 125.6 133.98 127.83 119.68 120.0 106.05 100.24 81.35 63.02 56.08 52.93 44.39 50.08 71.36 105.08 140.64 146.39 147.87 145.61 143.35 144.38 143.76 148.2 155.34 162.79 170.45 174.74 164.6 153.0 141.67 134.91 124.22 130.01 120.0 118.76 115.0 113.63 116.27 138.92 159.92 169.17 171.18 168.57 169.49 164.5 160.91 163.06 166.42 169.59 165.85 168.23 160.99 149.62 135.03 119.03 104.95 90.34 80.01 77.87 62.38 80.01 88.44 107.48 132.33 135.0 133.09 125.0 123.38 129.67 120.92 121.55 115.29 121.43 156.88 133.58 155.83 153.14 149.69 150.09 105.03 112.27 117.85 104.17 56.07 90.74 113.43 120.27 150.0 153.73 144.97 140.03 144.25 142.2 142.72 151.03 159.48 172.73 193.42 194.67 177.98 163.99 152.0 144.64 127.0 107.21 101.1 96.73 82.72 84.99 90.26 100.76 123.33 127.38 128.27 124.89 117.69
