288 5
1 37 43 44 33
1 0 0 0 0 0 3 1 2 3 0 95 27.15
10 0 10 10 10 0 3 10 14 16 1 80 30.34
9 0 10 9 2 0 3 4 5 6 1 80 30.37
4 0 2 9 0 0 3 9 12 13 1 94 33.82
8 0 4 9 7 0 3 7 11 27 10 102 34.37
1 0 6 9 5 1 3 9 13 18 10 78 27.05
5 0 10 2 9 0 3 9 19 25 10 80 34.53
8 0 3 3 8 0 2 8 10 18 125 23.83
1 1 0 0 0 0 3 12 15 24 26 115 28.7
7 0 2 1 2 7 2 11 27 15 127 30.19
9 0 0 0 9 5 3 17 18 20 26 114 30.88
6 0 9 9 2 4 3 16 17 21 22 129 19.65
4 1 0 0 0 0 3 14 23 26 27 93 30.82
10 1 0 0 0 0 3 19 20 27 11 116 20.59
2 0 4 0 2 1 2 22 25 31 91 23.74
9 1 0 0 0 0 3 16 17 20 27 135 33.31
5 1 0 0 0 0 1 30 36 146 34.53
1 0 6 0 0 0 3 22 23 26 36 128 28.98
6 0 5 0 4 3 3 19 22 24 35 100 27.82
10 1 0 0 0 0 2 21 23 41 118 26.21
6 1 0 0 0 0 1 21 36 129 19.69
9 0 9 3 10 10 2 26 30 51 134 18.81
2 1 0 0 0 0 2 28 29 41 143 26.82
5 0 1 5 5 3 1 28 51 126 27.11
10 0 9 9 6 4 2 25 28 41 141 24.65
8 0 0 0 1 6 1 30 51 148 30.31
10 0 0 9 8 3 1 29 60 171 32.91
5 1 0 0 0 0 1 29 22 134 26.09
2 0 4 0 9 9 1 31 56 144 34.6
6 0 5 1 0 1 1 31 70 128 30.51
1 0 2 5 0 0 1 31 60 134 20.41
1 0 0 0 0 0 0 76 160 35.67
1 0 0 0 0 0 3 33 34 35 0 116 23.95
8 0 0 0 2 1 1 37 1 106 22.81
9 0 1 8 1 6 2 36 38 1 108 25.19
1 0 2 1 4 6 1 49 1 74 26.7
4 0 4 6 0 9 1 43 10 70 33.79
4 0 7 9 0 0 2 40 48 9 119 30.25
8 0 8 4 7 0 2 39 47 10 113 25.04
3 0 5 6 2 6 2 41 46 18 93 27.22
3 0 0 6 7 7 2 42 44 13 74 27.28
9 1 0 0 0 0 2 51 53 21 102 25.26
6 0 2 0 5 0 1 47 16 114 30.57
3 0 3 2 6 6 2 45 50 14 115 28.73
5 0 6 4 9 2 3 47 54 56 16 94 27.81
4 1 0 0 0 0 2 51 58 17 118 23.88
9 1 0 0 0 0 1 55 21 107 29.23
5 1 0 0 0 0 2 52 59 22 110 21.07
9 0 1 4 4 0 2 50 52 13 100 19.96
9 0 6 0 5 0 3 58 60 61 2 78 19.78
7 1 0 0 0 0 1 57 22 112 28.38
7 0 0 0 6 8 2 52 57 30 93 19.9
8 0 7 4 8 0 1 55 37 125 19.98
6 1 0 0 0 0 1 54 30 141 33.69
10 0 8 0 8 2 1 57 36 131 28.32
2 0 4 0 0 2 1 61 45 129 19.99
1 0 10 8 1 1 1 62 21 101 32.12
9 0 10 3 9 3 1 61 46 159 20.67
3 1 0 0 0 0 1 62 21 135 21.81
7 0 10 0 6 0 1 62 27 94 21.42
10 0 6 4 6 8 1 63 11 124 21.44
7 0 9 0 8 1 1 63 55 145 27.77
9 0 0 7 8 9 1 63 34 123 20.96
1 0 0 0 0 0 0 62 161 29.25
1 0 0 0 0 0 3 65 66 67 0 102 34.61
8 0 8 7 5 2 2 76 91 1 101 19.78
6 0 5 3 9 6 3 69 71 72 1 115 27.14
4 0 8 4 8 8 2 68 90 1 94 19.58
4 0 5 5 3 4 1 79 5 76 35.42
10 0 1 3 2 6 3 70 84 90 7 111 18.15
3 0 3 10 6 8 2 73 86 17 113 34.4
1 0 1 7 10 5 3 74 85 86 7 101 29.64
5 0 4 8 2 10 1 78 7 112 28.86
2 1 0 0 0 0 1 81 20 103 35.53
3 0 6 2 5 9 3 75 77 79 8 119 35.54
7 0 2 8 5 2 1 94 11 125 27.61
3 0 6 3 10 5 1 93 9 107 28.05
4 0 2 10 9 4 2 80 87 11 125 25.31
5 0 8 7 4 7 1 82 12 98 35.37
1 0 6 5 5 4 1 91 11 78 19.26
4 0 10 5 3 5 2 82 89 15 87 25.51
8 1 0 0 0 0 1 83 22 98 34.63
5 1 0 0 0 0 1 88 19 87 32.54
7 0 6 10 7 3 1 88 30 132 27.67
6 0 6 6 10 3 1 87 17 80 22.41
7 0 2 6 5 2 3 88 89 92 8 99 33.16
6 1 0 0 0 0 1 92 20 109 32.0
5 1 0 0 0 0 1 93 23 103 27.64
6 0 9 4 1 6 1 93 37 149 28.72
7 0 2 6 9 8 1 94 19 124 30.63
3 0 1 8 8 6 1 91 17 131 25.7
10 0 8 7 7 6 1 92 20 124 33.85
8 0 6 7 3 3 1 95 30 105 27.77
9 0 10 4 6 7 1 95 43 134 29.68
2 1 0 0 0 0 1 95 26 93 33.39
1 0 0 0 0 0 0 52 140 26.84
1 0 0 0 0 0 3 97 98 99 0 76 22.32
1 0 2 7 9 1 3 115 122 123 1 112 35.08
5 0 4 2 9 1 2 104 121 1 73 25.81
9 0 5 8 1 1 3 100 102 103 1 124 24.67
6 0 10 8 3 10 3 101 105 106 10 85 27.88
1 0 6 3 1 7 1 120 16 129 22.01
8 0 5 10 3 1 2 109 110 10 111 20.75
3 0 9 6 3 4 1 123 10 93 24.18
9 0 8 10 2 9 1 109 6 100 27.72
6 0 7 3 10 8 1 111 16 113 31.12
7 0 4 3 3 4 2 107 108 16 95 18.57
1 1 0 0 0 0 1 125 23 100 29.52
8 1 0 0 0 0 2 116 124 23 112 19.35
10 0 7 4 5 5 1 112 18 129 31.46
2 0 7 2 6 8 1 120 18 93 28.15
8 1 0 0 0 0 1 114 22 95 27.56
9 1 0 0 0 0 3 113 117 119 28 129 26.56
6 0 6 8 4 8 1 122 37 150 34.57
10 0 10 8 10 10 1 118 30 113 25.88
9 0 2 1 10 6 2 116 124 2 106 24.04
7 0 5 10 6 8 1 118 31 129 33.53
1 0 6 8 7 9 2 118 120 37 104 33.39
7 0 1 1 2 7 1 125 40 131 30.51
4 0 4 7 7 9 1 126 37 123 26.23
8 0 4 7 4 2 1 123 38 125 28.02
10 0 8 1 1 4 1 122 6 107 25.48
1 0 10 4 3 1 1 125 43 149 32.19
5 0 3 5 6 9 2 124 126 46 130 20.71
1 0 9 1 2 1 1 127 51 124 22.31
8 0 4 2 5 2 1 127 47 121 22.09
8 0 9 2 2 7 1 127 51 115 32.96
1 0 0 0 0 0 0 59 127 33.59
1 0 0 0 0 0 3 129 130 131 0 94 29.0
10 0 3 1 0 0 2 132 138 1 80 24.13
5 0 2 2 0 0 3 133 137 139 1 64 24.17
9 0 7 7 0 4 3 136 141 142 1 69 32.44
2 0 3 0 5 10 3 134 135 140 11 91 35.05
3 0 0 6 0 0 3 135 141 153 6 95 32.67
4 0 7 5 3 0 3 136 142 144 13 94 23.71
10 0 0 7 0 0 3 147 152 154 13 101 34.29
5 0 0 8 0 0 3 143 150 151 17 94 25.61
5 0 0 8 2 2 3 138 141 142 6 90 26.53
6 0 10 2 0 7 3 140 143 151 11 112 30.65
3 0 0 0 2 0 3 143 154 158 6 105 32.08
3 0 8 0 0 3 3 144 148 149 17 106 19.28
10 0 9 6 0 0 2 144 157 11 125 29.01
10 0 0 9 10 7 3 145 148 149 17 119 20.41
9 1 0 0 0 0 2 147 148 22 98 33.68
8 1 0 0 0 0 2 147 152 21 91 31.38
9 1 0 0 0 0 1 146 27 138 21.93
1 1 0 0 0 0 3 150 151 152 36 128 26.62
7 1 0 0 0 0 1 155 31 126 26.24
4 0 0 0 2 2 2 156 157 31 115 33.03
1 1 0 0 0 0 1 150 27 84 34.49
4 0 2 0 0 0 2 153 156 37 131 31.31
5 0 3 2 2 4 2 153 155 37 95 25.03
7 0 5 0 9 0 2 155 158 37 110 19.3
7 0 0 0 10 6 2 154 158 42 104 27.48
3 0 0 0 0 2 1 157 49 113 31.05
6 0 0 0 0 2 1 156 44 125 33.41
9 0 1 9 0 5 1 159 50 139 21.83
1 0 0 3 0 5 1 159 52 147 32.66
10 0 0 0 1 2 1 159 49 142 25.63
1 0 0 0 0 0 0 59 113 26.62
1 0 0 0 0 0 3 161 162 163 0 63 35.43
2 0 0 0 4 0 1 187 1 93 29.54
3 0 2 0 1 1 1 171 1 82 34.25
7 0 0 10 10 0 3 164 165 170 1 94 25.42
1 0 6 9 4 0 2 167 173 8 79 23.39
8 0 4 0 8 0 1 166 8 90 33.46
3 0 0 10 0 0 1 186 16 87 27.98
3 0 0 0 2 8 3 168 169 171 9 117 23.62
2 0 0 5 0 6 1 175 12 89 26.91
9 0 10 4 0 7 2 172 176 12 106 22.12
10 0 7 0 0 4 1 188 8 97 23.77
8 0 0 8 0 1 2 178 179 12 124 35.56
6 1 0 0 0 0 2 179 185 21 110 21.32
3 0 0 1 0 10 1 174 9 97 29.14
1 0 0 0 0 8 3 178 183 185 12 121 18.38
9 0 0 8 1 0 3 176 177 180 14 95 24.15
7 0 5 2 4 0 1 186 23 123 20.44
4 0 10 5 0 2 1 189 23 89 23.38
1 1 0 0 0 0 1 184 20 95 19.0
5 0 0 0 3 4 3 181 182 184 27 140 18.59
9 0 10 5 0 10 2 182 183 23 121 24.61
4 0 0 0 0 10 1 189 32 113 35.89
7 0 3 6 0 0 1 190 32 111 19.65
6 0 5 7 6 0 1 186 32 126 35.01
5 0 3 7 0 0 1 190 32 140 30.62
7 0 0 3 0 10 1 188 27 91 24.88
1 0 4 0 0 0 1 189 38 117 25.89
6 0 0 2 0 0 1 188 3 70 28.65
4 0 6 0 0 7 1 191 34 115 22.77
5 0 0 2 0 3 1 191 39 131 24.54
3 0 5 0 9 6 1 191 39 100 23.76
1 0 0 0 0 0 0 44 143 24.29
1 0 0 0 0 0 3 193 194 195 0 93 27.94
8 0 10 0 0 0 3 200 208 216 1 86 34.45
3 0 0 4 0 0 3 196 201 202 1 95 19.98
6 0 0 5 0 0 3 199 206 210 1 119 33.7
9 0 0 4 0 0 3 197 198 204 4 126 24.55
8 0 0 0 6 0 1 206 13 84 24.23
6 0 0 0 0 8 2 221 222 13 81 27.82
4 0 0 0 0 5 2 203 205 7 78 31.26
5 0 0 8 0 0 3 209 213 214 9 97 23.25
4 0 0 0 0 1 2 203 205 4 118 21.47
5 0 8 0 0 0 2 204 220 4 111 24.04
7 0 10 0 0 0 1 218 11 101 20.22
1 1 0 0 0 0 1 219 13 104 23.53
10 0 0 8 0 0 1 207 11 91 19.24
1 1 0 0 0 0 1 219 21 110 32.76
5 1 0 0 0 0 1 209 21 104 25.03
4 0 0 0 0 9 2 210 211 9 125 18.28
10 0 0 0 10 0 1 212 26 144 21.84
3 1 0 0 0 0 1 217 13 105 35.82
5 0 0 0 5 0 1 217 13 103 21.5
10 0 0 2 0 0 1 220 36 107 19.7
1 0 0 0 5 0 1 218 14 115 27.14
1 1 0 0 0 0 1 215 14 90 31.27
3 1 0 0 0 0 1 218 15 76 23.25
10 0 0 8 0 0 1 217 9 81 34.4
1 0 0 0 0 3 1 219 19 81 23.93
1 0 0 1 0 0 1 220 18 130 33.67
7 0 0 0 5 0 1 222 22 131 19.32
8 0 0 10 0 0 1 223 46 142 24.92
9 0 0 0 7 0 1 223 19 98 30.61
2 0 0 6 0 0 1 223 29 132 31.53
1 0 0 0 0 0 0 54 157 23.08
1 0 0 0 0 0 3 225 226 227 0 70 18.67
4 0 5 10 0 0 3 229 235 243 1 76 18.11
10 0 8 0 0 0 2 228 239 1 113 31.95
1 0 0 9 3 6 3 228 231 235 1 60 35.66
10 0 9 0 5 0 3 230 234 241 11 118 26.34
8 0 6 0 4 7 2 230 239 5 94 27.22
2 0 8 0 0 10 3 233 246 249 21 127 28.94
2 0 3 10 0 5 3 232 236 252 2 68 23.91
3 0 0 0 0 8 1 238 4 107 33.93
4 1 0 0 0 0 3 240 245 247 23 129 24.39
4 0 0 7 0 0 3 236 237 247 21 105 21.82
1 1 0 0 0 0 3 236 244 247 5 110 25.64
3 0 3 6 0 0 3 240 248 249 25 127 25.09
10 1 0 0 0 0 3 240 242 252 25 125 22.0
7 0 0 0 0 4 3 239 241 242 7 97 22.9
9 0 1 0 9 0 2 249 251 14 133 35.34
6 1 0 0 0 0 2 251 254 35 96 20.6
8 0 0 0 5 0 3 243 244 254 21 119 34.96
6 1 0 0 0 0 3 243 244 250 35 138 35.93
8 0 0 4 0 5 2 245 246 41 128 31.63
2 0 8 2 0 3 2 245 246 41 100 25.79
7 0 0 0 0 7 2 248 251 49 139 19.24
5 0 9 1 0 5 1 248 49 107 29.76
3 1 0 0 0 0 2 250 252 27 140 28.77
7 0 3 1 0 7 1 253 56 137 18.37
9 0 0 0 10 10 2 250 253 28 107 30.28
7 0 0 4 6 8 1 254 41 106 19.5
4 0 0 6 1 0 1 253 56 132 32.37
8 1 0 0 0 0 1 255 35 132 25.92
1 0 8 0 0 10 1 255 63 160 21.94
10 0 8 0 8 4 1 255 48 152 21.68
1 0 0 0 0 0 0 64 138 34.23
1 0 0 0 0 0 3 257 258 259 0 68 20.77
5 0 6 0 6 3 3 261 263 279 1 73 28.21
4 0 0 10 0 1 3 266 269 272 1 88 30.37
10 0 0 0 7 1 3 260 262 264 1 99 28.61
10 0 0 1 6 7 3 266 269 272 11 121 29.04
2 0 0 3 6 6 2 273 277 6 87 22.65
3 0 9 10 1 3 3 270 277 283 11 107 27.97
9 0 6 10 1 0 3 265 266 270 6 119 22.78
9 0 5 0 7 5 3 271 279 285 11 110 33.07
3 0 9 1 5 4 3 267 269 280 15 78 31.41
9 1 0 0 0 0 3 273 274 280 21 106 20.81
2 0 9 0 1 9 3 268 274 281 18 130 20.87
10 1 0 0 0 0 3 271 276 285 20 111 27.33
2 1 0 0 0 0 2 276 278 21 101 23.89
4 0 3 5 0 3 3 275 276 281 15 122 19.15
1 0 1 2 5 5 2 273 275 30 95 28.88
4 1 0 0 0 0 3 274 277 279 21 117 22.63
7 1 0 0 0 0 2 278 286 31 144 33.5
1 1 0 0 0 0 3 275 278 282 30 90 35.01
7 0 3 1 9 0 1 284 31 96 30.4
6 0 5 0 2 1 1 286 30 104 32.55
2 0 10 0 7 8 3 280 281 284 25 115 35.05
8 0 4 0 0 8 1 283 38 152 33.15
7 0 10 0 8 6 1 283 25 122 26.21
2 1 0 0 0 0 2 282 286 30 92 34.23
1 1 0 0 0 0 1 282 27 116 33.77
10 0 8 2 7 0 1 285 32 149 18.94
1 0 9 2 9 9 1 284 46 147 33.67
10 0 3 2 1 8 1 287 47 150 20.3
10 0 0 1 4 8 1 287 42 108 21.91
3 0 0 4 9 6 1 287 38 107 25.17
1 0 0 0 0 0 0 57 112 23.76
84.95 81.26 77.32 76.98 77.79 91.71 119.98 129.86 128.51 106.34 88.11 69.61 70.41 65.06 70.42 76.05 88.42 122.95 143.06 216.38 144.51 114.24 100.24 92.77 86.64 86.71 86.15 86.08 88.7 101.47 126.62 172.36 159.13 119.37 89.84 88.92 80.86 77.82 77.56 88.6 102.65 127.01 157.33 216.73 125.53 101.58 96.92 91.98 75.64 70.05 69.46 70.17 58.67 71.28 110.41 130.2 119.5 92.86 62.28 41.17 27.1 28.68 28.21 65.69 76.26 91.19 113.08 119.62 108.42 88.11 81.54 63.78 73.22 70.16 67.15 66.86 70.34 79.6 110.1 120.11 124.72 99.11 85.73 136.26 114.15 65.81 50.98 78.75 84.24 106.5 116.52 136.61 123.61 101.82 89.58 81.09 78.48 75.08 73.18 73.2 75.12 82.3 105.52 119.97 124.63 114.16 105.0 99.9 98.86 83.35 83.78 82.88 99.34 110.88 124.17 132.96 119.61 106.21 96.9 89.9 85.01 83.76 83.3 83.19 86.07 90.0 90.5 104.69 109.63 97.26 89.58 79.73 64.26 36.66 49.45 79.79 95.03 112.74 133.07 147.26 120.0 109.15 104.98 94.47 98.57 96.34 94.41 91.61 95.03 97.06 99.7 105.16 98.24 92.93 83.52 37.73 17.11 8.53 13.0 63.03 83.45 99.01 125.43 127.81 118.45 107.4 97.34 96.71 92.44 90.35 89.52 89.69 89.81 100.0 130.03 212.21 164.86 120.68 91.09 86.24 80.0 78.5 85.11 89.16 102.3 134.81 274.59 402.21 165.12 121.13 101.83 89.41 101.42 98.15 97.22 96.68 99.78 101.37 137.47 244.0 209.23 136.34 116.64 98.43 89.56 88.06 89.94 98.77 114.54 156.02 250.86 356.15 138.73 104.71 95.0 91.39 85.56 82.32 78.54 90.17 89.01 97.37 127.3 175.46 138.74 105.23 86.5 75.97 71.47 74.29 78.48 87.45 98.01 135.0 249.52 339.75 150.72 113.11 98.93 90.99 91.44 88.59 87.5 90.3 92.28 96.83 130.8 179.79 137.16 100.04 91.26 79.97 68.09 63.52 74.36 83.69 90.02 124.84 173.05 188.22 126.3 101.78 99.9 88.26 86.63 77.25 74.57 74.96 77.73 89.46 118.58 130.22 111.44 90.17 64.99 43.12 28.56 20.18 31.7 59.82 82.79 110.97 146.1 140.78 107.36 78.64 62.33 36.3 52.99 40.71 44.13 21.12 24.5 4.81 28.02 46.89 51.67 36.88 19.0 2.03 0.72 3.81 18.98 40.01 46.27 40.39 37.87 72.34 49.47 17.08 35.7 3.26 -0.79 1.27 -1.09 -1.17 -1.06 -0.99 -1.72 -0.31 15.04 16.23 16.02 10.44 15.94 6.66 1.62 6.57 8.03 64.94 100.81 185.0 136.63 65.0 65.0 65.0 53.01 86.57 63.27 42.37 20.73 25.66 105.0 120.0 110.01 120.0 101.53 90.62 89.43 83.92 93.3 92.2 94.16 110.0 127.96 158.37 126.94 120.19 119.33 105.89 100.68 94.18 90.38 90.07 93.83 97.29 134.49 228.56 284.54 208.59 152.29 131.35 112.92 108.5 107.75 115.64 124.61 152.46 204.46 217.86 146.41 123.24 107.42 97.48 93.45 88.44 87.56 87.2 90.27 98.29 116.8 154.23 165.96 134.62 117.18 104.18 91.34 90.11 91.41 100.62 118.7 148.89 179.14 198.98 140.0 112.81 108.86 98.07 97.38 92.95 93.66 91.76 94.02 102.79 126.61 144.82 149.94 133.23 110.81 98.32 94.14 89.59 88.91 97.61 99.46 109.39 116.52 114.63 106.55 96.17 88.08 77.77 86.49 84.36 79.52 78.04 78.04 78.01 93.58 111.82 121.99 107.93 93.33 82.88 77.77 77.75 80.96 91.5 96.87 111.41 107.47 109.56 105.76 97.8 93.51 91.53 92.96 88.84 87.79 84.61 82.75 85.05 90.27 96.75 100.46 94.54 84.96 74.92 59.14 45.84 49.82 77.57 87.3 116.24 125.9 130.5 120.98 113.33 107.49 95.15 96.33 93.02 89.62 86.28 87.45 88.01 88.89 89.54 88.81 84.69 80.78 76.54 52.46 52.59 65.38 84.17 92.42 105.35 102.41 108.53 108.56 108.8 108.75 93.97 94.62 91.27 92.03 91.57 96.57 100.54 122.73 204.07 195.24 148.74 127.45 113.19 95.92 91.31 94.34 104.46 111.58 165.0 287.83 287.51 167.91 124.82 122.0 111.66 109.86 103.77 100.41 100.32 101.8 107.57 128.3 169.18 197.16 159.02 134.08 121.54 109.67 106.57 113.28 130.91 157.9 221.54 391.95 400.62 217.31 150.0 126.38 114.46 117.0 113.79 109.43 105.67 108.85 115.33 155.0 282.83 275.88 180.05 141.56 128.26 121.83 115.58 119.14 126.81 141.78 155.09 201.75 205.73 136.19 110.61 90.04 70.91 87.81 86.49 90.82 88.61
