288 5
1 36 35 45 37
1 0 0 0 0 0 3 1 2 3 0 95 10.01
3 0 0 0 9 0 2 9 30 1 94 9.79
9 0 0 7 0 0 3 4 13 21 1 93 8.39
4 0 9 0 0 2 2 5 6 1 92 7.84
10 0 10 3 3 10 2 7 14 10 119 11.21
9 0 0 0 8 4 2 8 18 5 110 10.98
2 0 2 6 1 0 1 30 5 110 12.68
4 0 8 0 8 4 3 10 15 16 20 122 12.79
4 0 0 0 4 0 1 11 14 86 9.34
10 0 0 0 8 0 2 12 18 4 107 6.99
7 0 10 0 0 0 1 12 24 129 13.07
7 1 0 0 0 0 2 13 25 18 111 12.27
1 0 3 0 0 0 2 28 29 31 107 13.27
6 0 0 10 8 0 1 27 25 100 6.68
7 1 0 0 0 0 1 17 20 126 10.2
1 1 0 0 0 0 1 19 24 125 12.18
1 1 0 0 0 0 2 18 20 24 112 8.18
4 0 10 6 1 0 1 30 27 111 11.8
6 1 0 0 0 0 1 28 25 134 8.43
6 1 0 0 0 0 1 29 25 87 9.37
5 1 0 0 0 0 1 22 25 87 7.01
6 0 5 0 0 0 2 23 26 10 92 11.84
6 1 0 0 0 0 2 23 25 30 89 11.42
10 0 0 8 0 5 1 24 36 114 13.11
4 0 0 4 0 9 2 27 28 46 101 8.92
7 0 9 0 5 0 1 26 36 140 7.29
3 0 0 9 0 5 1 27 43 123 9.47
6 0 2 8 3 8 1 29 50 121 9.54
9 0 0 0 0 7 1 31 50 121 7.85
1 0 0 0 0 4 1 31 56 132 11.79
10 0 5 0 0 7 1 31 31 144 9.0
1 0 0 0 0 0 0 59 119 13.1
1 0 0 0 0 0 3 33 34 35 0 96 7.92
10 0 5 3 8 10 3 43 51 55 1 98 8.58
10 0 8 2 3 8 3 36 37 45 1 88 10.3
3 0 8 2 1 10 3 38 44 54 1 102 11.71
2 0 1 1 4 4 2 40 56 11 89 12.93
10 0 7 10 3 6 3 47 51 52 11 110 12.51
9 0 8 1 1 4 3 39 47 55 4 119 10.38
6 0 4 1 3 9 3 41 42 48 13 98 7.0
6 0 10 5 5 3 2 46 55 13 120 10.74
2 1 0 0 0 0 2 50 60 19 121 12.64
1 1 0 0 0 0 2 56 61 19 118 7.13
5 1 0 0 0 0 3 47 53 59 11 81 11.39
3 0 4 7 9 8 1 45 4 88 7.73
1 0 9 8 10 8 1 48 11 114 13.26
3 1 0 0 0 0 3 49 53 59 19 109 10.58
5 1 0 0 0 0 1 60 21 132 12.55
2 0 2 1 8 4 2 56 57 19 75 12.14
10 0 10 1 2 8 2 54 58 22 102 11.34
1 1 0 0 0 0 1 57 21 100 9.93
8 1 0 0 0 0 2 54 58 21 113 8.57
1 1 0 0 0 0 2 53 58 21 86 9.91
8 1 0 0 0 0 2 61 62 22 89 8.2
6 0 6 3 10 1 1 57 32 109 9.49
2 1 0 0 0 0 1 62 19 112 8.63
2 0 9 5 4 8 1 59 21 96 8.16
8 0 3 10 4 6 1 61 38 121 8.87
6 0 7 1 3 3 1 60 32 89 10.34
4 1 0 0 0 0 1 62 23 129 11.76
3 0 9 8 1 9 1 63 38 140 6.88
8 0 4 3 10 8 1 63 46 136 6.77
1 0 7 4 5 1 1 63 30 136 10.53
1 0 0 0 0 0 0 54 149 7.77
1 0 0 0 0 0 3 65 66 67 0 110 10.95
1 0 1 5 1 5 3 68 75 76 1 109 12.49
8 0 7 4 9 9 3 70 79 81 1 67 12.74
10 0 1 1 9 6 3 69 73 80 1 100 12.55
3 0 8 3 10 5 3 71 77 80 2 78 12.96
2 0 3 6 5 5 3 70 79 83 11 71 11.69
8 0 4 4 8 3 3 72 87 92 13 81 10.44
7 0 10 6 9 9 3 74 79 82 5 66 10.32
1 1 0 0 0 0 1 77 21 99 8.38
8 0 10 10 10 1 2 75 85 11 77 7.04
4 0 4 7 4 2 3 78 83 92 12 92 13.18
10 0 1 8 8 7 3 78 81 82 19 94 10.65
5 1 0 0 0 0 3 77 78 85 2 72 8.46
8 1 0 0 0 0 3 86 88 89 22 134 11.49
8 0 10 2 10 9 2 87 90 29 89 13.04
5 1 0 0 0 0 2 85 90 13 115 6.95
5 0 2 6 6 9 3 81 82 92 11 108 8.75
7 1 0 0 0 0 2 83 86 29 112 8.88
10 1 0 0 0 0 3 84 87 89 29 107 7.04
8 0 7 5 8 6 2 88 91 36 116 9.61
8 0 9 10 6 8 2 86 94 39 121 12.76
9 0 1 9 5 7 2 89 94 19 110 9.17
1 0 6 10 4 1 1 90 47 117 10.24
6 0 6 5 10 9 2 88 91 39 145 13.11
2 0 2 10 5 7 2 93 94 45 101 11.97
1 0 3 3 10 6 1 93 39 137 13.14
10 0 6 6 9 2 1 91 48 119 12.87
4 0 10 9 10 6 1 93 58 146 12.62
3 0 7 1 1 8 1 95 21 130 8.92
2 0 5 5 1 1 1 95 62 142 12.99
1 0 4 2 2 1 1 95 47 147 12.19
1 0 0 0 0 0 0 64 135 7.96
1 0 0 0 0 0 3 97 98 99 0 99 10.12
5 0 2 4 7 9 3 100 102 110 1 116 12.19
4 0 3 1 7 2 3 116 118 120 1 78 8.65
6 0 1 3 10 2 3 101 108 113 1 78 7.77
1 0 2 7 7 3 3 104 106 113 6 70 12.29
4 0 5 8 1 5 3 103 106 109 7 90 7.57
4 0 9 1 9 7 3 105 111 118 6 103 12.6
8 0 2 9 7 3 3 104 112 117 11 108 8.1
9 0 8 3 1 3 3 111 114 124 19 99 12.06
5 0 10 5 1 2 3 107 113 117 10 104 7.87
4 0 6 10 9 5 3 111 112 117 11 97 11.62
3 0 6 7 2 5 3 108 109 120 15 116 12.38
4 0 6 5 10 6 2 114 122 18 103 8.52
2 0 8 2 9 1 2 114 119 18 97 11.21
1 0 9 7 9 1 3 115 122 125 6 69 8.99
10 1 0 0 0 0 1 115 28 128 7.37
5 0 5 5 1 9 3 118 119 123 19 130 12.96
9 0 5 3 2 2 2 116 119 15 114 8.83
7 1 0 0 0 0 2 115 125 28 124 10.43
10 0 3 5 10 5 2 116 123 38 128 9.57
1 0 7 3 7 7 1 126 48 115 10.78
4 0 2 3 2 5 2 120 121 19 116 7.5
9 0 6 6 3 5 1 121 24 93 10.27
8 1 0 0 0 0 3 121 122 124 24 89 10.64
8 0 2 1 1 4 2 123 124 23 125 7.09
10 0 4 3 1 1 1 125 33 104 10.94
10 0 2 6 8 9 1 126 32 115 11.56
1 0 4 4 7 7 1 126 48 145 9.3
6 1 0 0 0 0 1 127 32 131 7.81
1 0 6 2 9 8 1 127 43 127 7.95
10 0 8 8 2 3 1 127 49 150 10.43
1 0 0 0 0 0 0 59 127 7.92
1 0 0 0 0 0 3 129 130 131 0 112 8.63
5 0 9 5 5 4 2 136 148 1 110 10.49
5 0 1 3 10 4 3 133 134 137 1 98 10.37
9 0 10 1 7 5 2 132 142 1 105 9.25
9 0 3 8 3 2 3 135 140 143 10 85 13.13
2 0 1 10 2 5 2 140 152 6 99 10.1
6 0 5 1 2 3 3 138 139 147 6 92 10.19
4 0 9 8 2 5 1 149 19 78 9.19
1 0 1 1 10 6 3 151 155 157 6 75 10.67
2 0 6 1 9 6 1 142 6 79 12.47
6 1 0 0 0 0 1 149 12 80 7.4
10 0 3 9 8 7 3 140 141 144 12 113 13.12
2 1 0 0 0 0 2 149 156 22 102 11.7
10 1 0 0 0 0 3 150 151 155 22 136 11.97
9 0 3 9 7 2 2 145 150 10 92 13.06
2 1 0 0 0 0 3 146 148 150 19 82 9.54
4 0 8 1 5 3 3 145 148 153 22 129 12.95
4 1 0 0 0 0 2 146 155 26 84 11.92
3 0 8 7 4 7 1 151 30 129 8.29
4 1 0 0 0 0 1 157 12 103 7.13
6 0 6 4 9 3 2 152 154 26 90 10.44
1 1 0 0 0 0 1 153 24 90 8.9
9 0 4 6 8 6 1 158 32 92 11.53
5 0 4 1 10 8 2 152 158 33 136 10.23
7 0 2 10 7 4 1 156 38 141 9.66
7 0 8 2 7 9 1 154 26 130 11.81
10 0 4 9 9 2 1 157 33 133 8.98
4 0 2 10 10 8 2 156 158 32 139 8.18
2 0 4 4 7 10 1 159 45 138 6.75
1 0 3 6 6 8 1 159 43 143 13.2
3 0 5 8 10 2 1 159 41 127 11.39
1 0 0 0 0 0 0 47 120 12.98
1 0 0 0 0 0 3 161 162 163 0 86 8.22
7 0 9 4 8 9 1 164 1 72 12.32
4 0 0 0 3 0 3 165 167 176 1 85 8.96
4 0 2 0 0 0 3 168 170 177 1 68 9.82
5 0 10 9 5 3 3 166 179 180 8 113 12.28
2 0 0 0 0 10 2 174 185 5 88 12.83
1 0 8 0 0 0 1 173 13 74 8.9
7 0 0 10 8 0 1 181 5 111 12.36
3 0 3 10 0 5 1 169 5 87 6.7
7 0 7 0 0 0 1 176 8 112 8.41
6 0 5 0 9 7 2 171 176 5 84 7.91
8 0 0 0 1 6 3 172 178 183 11 98 11.87
3 1 0 0 0 0 1 175 19 105 8.91
1 0 7 10 6 0 2 182 188 14 101 10.73
8 0 4 2 10 0 2 186 189 7 106 9.34
5 0 1 0 0 0 1 188 22 87 9.1
3 1 0 0 0 0 1 187 15 120 12.11
8 0 10 3 10 0 2 179 184 5 90 11.87
2 1 0 0 0 0 1 184 19 81 9.32
5 0 10 7 0 0 2 185 189 13 93 9.17
7 0 0 0 7 2 2 186 190 13 114 8.96
8 0 0 9 4 8 1 187 12 77 10.88
8 0 9 2 6 0 1 184 15 128 12.12
5 1 0 0 0 0 1 185 19 124 7.43
7 0 10 0 7 0 1 190 23 122 9.39
6 0 0 0 7 0 1 187 24 109 8.18
4 1 0 0 0 0 1 188 20 114 12.26
2 0 0 1 0 0 1 190 30 128 9.24
7 0 0 0 0 3 1 191 27 112 10.17
4 1 0 0 0 0 1 191 18 114 8.83
10 0 3 0 5 0 1 191 32 121 11.34
1 0 0 0 0 0 0 42 114 7.01
1 0 0 0 0 0 3 193 194 195 0 63 10.2
9 0 3 0 0 5 3 199 208 211 1 99 11.31
10 0 6 8 4 3 3 196 197 202 1 104 9.46
6 0 3 1 1 4 3 200 202 205 1 86 11.7
9 0 5 5 1 4 3 205 207 213 11 94 8.01
4 0 3 9 1 7 2 198 209 11 79 9.32
8 0 3 1 6 1 3 201 204 206 15 90 9.28
3 0 2 4 10 0 3 200 202 205 10 115 9.36
4 0 3 0 6 0 3 204 207 215 13 96 7.28
7 1 0 0 0 0 3 203 207 213 23 119 12.38
5 0 5 0 9 5 3 203 209 212 13 95 9.45
2 1 0 0 0 0 3 214 221 222 30 124 8.7
1 1 0 0 0 0 3 210 218 220 23 90 7.81
10 0 6 3 8 4 2 209 217 20 135 12.46
9 1 0 0 0 0 2 211 220 23 115 10.47
1 0 0 2 5 1 3 210 212 214 30 130 12.46
8 0 6 10 6 10 3 210 214 218 10 98 6.69
6 1 0 0 0 0 3 215 216 222 30 133 8.09
9 0 10 0 5 0 1 217 31 99 12.14
2 1 0 0 0 0 2 213 215 32 120 8.52
5 1 0 0 0 0 2 216 219 31 103 12.32
1 0 0 0 6 3 2 217 219 34 111 10.1
5 1 0 0 0 0 1 216 32 139 10.74
10 0 7 10 3 3 2 218 219 36 141 7.8
4 1 0 0 0 0 1 220 37 134 10.05
6 0 3 4 3 10 1 222 40 115 7.9
7 0 9 6 0 0 1 221 46 129 12.19
8 0 0 5 1 0 1 221 46 137 12.11
10 0 10 0 7 2 1 223 41 130 12.56
10 0 0 0 9 2 1 223 54 151 8.0
4 0 8 3 0 1 1 223 46 107 9.99
1 0 0 0 0 0 0 64 149 8.47
1 0 0 0 0 0 3 225 226 227 0 96 8.68
10 0 9 0 0 0 3 229 231 235 1 65 13.13
6 0 1 0 0 0 3 228 230 240 1 97 10.14
10 0 2 0 0 0 1 249 1 94 9.98
9 0 0 8 0 0 2 234 243 7 116 11.84
7 0 0 0 0 2 3 238 247 249 11 114 12.87
3 0 0 0 0 4 2 232 241 7 109 8.09
10 0 9 0 0 0 2 237 244 11 100 9.15
8 0 0 0 0 10 2 233 249 10 78 8.29
10 0 0 0 3 0 3 235 236 239 18 121 9.15
7 0 0 0 6 0 3 237 242 248 16 97 11.4
6 0 0 0 0 3 2 248 254 28 118 10.7
10 0 7 0 0 0 2 238 247 28 96 7.8
3 0 0 0 7 0 2 241 250 23 121 12.12
7 1 0 0 0 0 3 242 243 244 38 122 10.41
10 0 0 5 0 0 2 246 251 28 114 9.94
4 0 0 0 4 0 1 241 7 110 6.72
3 0 0 0 0 1 1 254 26 91 10.09
3 1 0 0 0 0 2 246 251 45 118 7.21
10 0 0 0 0 6 2 246 252 45 113 11.04
10 0 0 0 6 0 2 245 253 45 113 6.96
6 0 2 0 0 0 2 250 254 55 131 13.22
9 0 2 0 0 0 1 253 55 126 8.67
4 1 0 0 0 0 1 248 38 112 9.13
5 1 0 0 0 0 1 250 42 127 10.79
7 0 0 0 3 0 2 252 253 18 91 9.41
7 0 6 0 0 0 1 251 61 138 7.57
9 0 5 0 0 0 1 252 68 150 7.74
7 0 1 0 0 0 1 255 77 139 6.73
4 0 0 0 0 1 1 255 64 124 9.57
6 0 0 6 0 0 1 255 61 145 11.62
1 0 0 0 0 0 0 84 156 8.08
1 0 0 0 0 0 3 257 258 259 0 96 10.33
1 0 8 0 0 0 3 260 261 262 1 106 12.13
3 0 0 0 0 6 2 268 278 1 75 12.89
4 0 0 10 0 0 2 264 266 1 96 10.59
7 0 4 0 0 0 3 265 270 275 2 107 12.11
4 0 0 0 0 8 1 263 2 86 7.89
3 0 2 0 0 0 1 286 2 97 10.12
1 0 10 0 0 0 2 267 271 6 94 8.11
2 0 0 0 0 9 1 268 5 61 10.71
10 0 0 3 0 0 1 272 9 91 10.96
8 0 0 1 0 0 2 267 270 5 94 9.89
4 0 0 9 0 0 1 277 13 74 10.4
8 0 0 8 0 0 1 269 7 75 10.61
1 0 0 5 0 0 1 273 15 81 13.3
3 0 0 0 0 8 1 284 13 114 11.13
1 0 0 0 8 0 2 274 277 7 80 10.06
6 0 0 0 0 7 1 278 19 96 9.93
8 0 0 0 10 0 1 280 16 106 8.5
10 0 0 10 0 0 2 276 279 8 82 8.79
4 0 8 0 0 0 1 280 9 83 11.91
8 0 4 0 0 0 2 281 282 18 125 13.03
5 0 0 4 0 0 2 278 279 17 95 11.23
9 0 2 0 0 0 1 286 25 124 6.72
9 1 0 0 0 0 1 280 22 126 9.13
10 0 0 0 0 10 2 281 283 31 116 8.51
1 0 0 2 0 0 3 284 285 286 41 94 11.25
6 1 0 0 0 0 1 283 26 102 12.78
9 0 0 3 0 0 1 285 41 144 11.35
7 0 0 0 0 5 1 287 42 119 8.0
8 0 0 1 0 0 1 287 50 127 8.14
10 0 0 0 4 0 1 287 42 124 8.85
1 0 0 0 0 0 0 58 153 9.26
111.21 104.19 97.44 94.3 100.58 111.92 132.74 136.4 113.64 94.79 70.9 28.81 12.77 5.0 8.0 28.58 74.99 99.3 116.82 149.23 231.01 154.91 129.65 114.48 116.99 107.35 104.17 106.33 112.6 121.82 144.38 132.49 97.54 77.61 62.82 16.0 7.74 9.07 10.87 28.29 72.91 99.9 109.98 132.32 193.13 152.12 121.93 110.2 107.93 102.33 97.9 94.9 93.7 102.49 112.48 116.54 107.82 84.82 42.22 57.3 50.0 45.17 55.07 70.54 71.62 110.3 122.4 179.0 114.35 110.27 100.72 90.0 101.9 91.14 86.89 86.53 87.33 94.1 112.33 112.03 103.39 98.92 92.89 88.25 90.0 81.26 84.62 95.73 98.9 112.07 134.29 123.69 154.93 131.5 119.6 105.0 104.4 96.58 90.17 89.74 96.2 110.05 132.28 136.37 118.04 88.47 74.43 61.31 23.0 19.58 20.0 64.98 63.58 68.39 114.95 137.77 181.42 146.75 128.14 110.68 106.05 95.88 89.49 84.88 83.36 81.29 83.46 76.84 62.05 12.26 -0.02 -0.33 -0.45 -0.55 -0.9 -1.85 -0.39 50.1 85.92 115.14 134.06 122.87 101.3 91.52 66.23 32.0 16.83 8.36 3.85 2.72 1.2 1.24 -0.02 -0.03 -0.6 -1.31 -1.73 -5.68 -7.2 -6.98 -2.0 0.34 17.45 95.62 109.81 111.77 103.62 94.45 89.84 79.97 75.12 74.41 79.81 88.13 119.49 146.41 130.98 93.48 61.34 24.23 16.4 11.28 6.14 9.7 26.35 57.95 111.65 146.07 212.9 170.69 129.25 106.4 99.03 86.4 77.9 76.44 80.21 83.42 95.01 86.36 69.35 51.1 4.39 3.49 0.16 0.68 1.84 12.73 59.63 88.33 111.39 135.18 182.47 134.28 111.86 92.79 86.59 73.07 70.42 65.61 68.26 79.11 94.64 101.37 96.19 91.7 78.29 73.3 66.97 59.9 57.86 73.48 73.52 98.82 116.22 131.57 159.1 136.24 121.7 104.56 97.6 93.19 90.94 90.45 90.33 90.51 84.78 84.39 82.11 61.49 18.77 1.65 0.24 2.22 0.23 5.48 1.6 15.17 65.09 97.03 121.25 105.81 92.95 75.96 63.73 72.62 48.6 33.95 37.39 56.54 82.17 68.38 53.01 29.13 1.85 0.21 7.44 4.84 -1.56 1.44 0.22 30.36 73.81 123.62 148.34 144.49 130.19 108.2 107.0 100.32 99.42 100.0 100.91 99.1 91.62 79.94 54.19 1.0 -0.02 -1.0 -3.07 -13.17 -7.75 -3.0 -0.05 42.26 88.98 131.6 192.35 192.37 133.16 102.5 91.87 85.29 79.1 73.77 71.34 65.15 35.45 13.0 2.4 -0.01 -0.6 -2.11 -5.48 -12.93 -20.41 -15.61 -6.0 -4.64 10.62 81.25 94.91 100.0 106.67 91.43 83.43 76.96 76.14 79.02 85.08 95.08 109.2 113.48 102.13 86.88 58.73 33.21 20.0 12.78 11.0 19.75 58.25 89.94 124.8 194.41 273.75 244.46 139.44 112.37 114.6 112.55 104.28 101.89 99.45 116.14 134.71 121.52 87.38 59.16 9.74 11.34 14.44 12.36 10.66 21.84 76.45 94.3 95.67 140.89 198.86 136.66 105.25 91.69 70.69 66.16 64.09 64.37 67.64 81.86 100.48 113.08 105.38 65.98 49.02 38.59 18.13 9.69 18.42 46.85 76.59 101.37 120.38 155.33 205.64 138.82 112.43 92.91 105.34 98.78 91.88 90.87 92.47 91.83 111.72 126.85 114.22 80.06 65.62 47.6 20.11 11.6 7.68 21.41 65.66 84.98 106.77 126.48 165.36 119.07 99.8 86.87 77.55 64.81 60.3 54.73 49.3 65.69 97.45 100.0 61.47 11.35 0.08 1.09 6.58 19.12 15.18 20.35 29.65 10.59 52.57 135.0 139.7 134.0 125.31 103.86 111.48 90.4 86.28 90.0 94.54 90.58 85.47 86.74 77.57 63.13 29.64 9.44 1.19 -0.01 -0.02 -0.02 11.17 18.76 72.6 127.6 110.0 103.11 109.7 91.44 94.42 84.85 77.88 76.49 68.55 56.89 40.12 3.87 0.0 -0.5 -2.0 1.8 -14.23 -15.85 -22.95 5.0 4.32 125.6 141.25 200.0 228.34 164.81 96.97 85.68 79.91 68.58 49.25 48.46 44.74 52.32 119.91 103.5 79.65 9.96 0.4 7.37 11.79 -13.76 -13.66 -1.4 7.57 114.4 120.0 119.28 155.95 150.28 125.45 103.15 88.35 79.95 70.42 60.94 55.17 64.85 79.95 83.92 84.6 65.74 22.64 0.7 -0.01 -1.4 3.43 18.39 31.83 105.0 128.4 123.38 134.24 109.02 97.46 102.2 96.08 88.58 74.42 71.15
