288 5
1 35 33 38 38
1 0 0 0 0 0 3 1 2 3 0 80 30.94
5 0 0 0 7 0 3 4 13 27 1 99 34.82
4 0 0 0 0 2 3 5 6 7 1 85 27.98
2 0 0 8 3 0 3 13 16 24 1 103 25.51
7 0 0 4 0 0 3 5 8 12 6 102 20.38
1 1 0 0 0 0 3 14 16 26 13 71 36.57
8 0 2 8 0 1 3 9 10 21 5 74 24.15
10 0 0 0 3 8 3 15 18 19 5 112 21.06
7 0 0 0 0 7 3 11 18 21 13 116 22.13
4 0 5 0 9 0 3 12 17 18 13 73 32.99
8 0 0 0 6 8 2 11 13 13 82 29.72
10 0 0 3 0 7 3 14 16 17 21 79 35.45
5 0 0 0 4 0 2 14 22 17 89 31.94
2 0 5 0 1 0 2 20 28 21 115 30.88
5 1 0 0 0 0 3 19 23 29 31 100 33.42
9 0 0 0 0 8 3 20 21 27 15 82 30.9
1 1 0 0 0 0 1 19 31 83 26.55
7 0 5 5 0 0 3 20 22 23 31 112 20.32
6 0 9 1 7 4 2 23 26 20 109 28.67
3 1 0 0 0 0 2 25 30 36 92 24.5
1 1 0 0 0 0 1 26 38 96 27.99
9 0 0 3 3 4 3 22 25 29 24 121 28.09
8 1 0 0 0 0 1 24 38 111 24.33
9 0 1 3 0 0 2 24 25 38 107 29.48
9 0 0 0 10 0 1 28 47 126 24.94
10 0 0 9 8 3 1 28 47 115 32.07
9 0 9 5 1 6 1 30 39 123 36.67
5 1 0 0 0 0 2 29 30 24 116 35.5
6 0 0 2 5 7 1 31 57 118 24.28
10 0 0 0 10 10 1 31 36 117 18.89
6 0 0 6 0 5 1 31 48 142 33.27
1 0 0 0 0 0 0 63 110 21.35
1 0 0 0 0 0 3 33 34 35 0 72 20.02
3 0 0 0 9 0 2 41 62 1 83 29.35
9 0 0 7 0 0 3 36 45 53 1 101 22.01
4 0 9 0 0 2 2 37 38 1 85 31.76
10 0 10 3 3 10 2 39 46 10 72 30.46
9 0 0 0 8 4 2 40 50 5 80 19.72
2 0 2 6 1 0 1 62 5 95 21.38
4 0 8 0 8 4 3 42 47 48 20 90 30.46
4 0 0 0 4 0 1 43 14 79 21.66
10 0 0 0 8 0 2 44 50 4 106 33.07
7 0 10 0 0 0 1 44 24 95 19.09
7 1 0 0 0 0 2 45 57 18 117 37.41
1 1 0 0 0 0 2 60 61 31 123 26.35
6 0 0 10 8 0 1 59 25 112 26.06
7 1 0 0 0 0 1 49 20 122 28.2
1 1 0 0 0 0 1 51 24 103 33.85
1 0 3 0 0 0 2 50 52 24 107 28.81
4 1 0 0 0 0 1 62 27 95 35.15
6 1 0 0 0 0 1 60 25 97 29.37
6 1 0 0 0 0 1 61 25 121 31.06
5 0 6 0 4 0 1 54 25 117 24.8
6 0 5 0 0 0 2 55 58 10 106 30.96
6 1 0 0 0 0 2 55 57 30 127 23.59
10 0 0 8 0 5 1 56 36 102 21.26
4 0 0 4 0 9 2 59 60 46 128 30.93
7 0 9 0 5 0 1 58 36 127 35.99
3 0 0 9 0 5 1 59 43 127 27.83
6 0 2 8 3 8 1 61 50 109 32.94
9 0 0 0 0 7 1 63 50 115 21.49
1 0 0 0 0 4 1 63 56 115 29.32
10 0 5 0 0 7 1 63 31 94 33.46
1 0 0 0 0 0 0 59 107 31.07
1 0 0 0 0 0 3 65 66 67 0 101 19.64
2 0 0 0 0 7 3 68 69 76 1 86 36.83
3 0 0 0 0 8 2 75 78 1 68 31.31
4 0 10 0 0 0 3 70 71 80 1 67 34.84
4 0 0 0 9 0 2 71 83 3 70 29.48
3 0 0 0 0 7 1 72 3 56 25.86
5 0 0 9 0 0 3 72 73 79 5 88 23.16
7 0 0 0 0 9 1 90 7 102 27.94
7 0 0 0 1 0 3 74 87 88 10 70 24.19
8 0 5 0 0 0 2 75 87 10 76 26.2
2 0 1 0 0 0 3 77 83 85 17 88 36.31
7 0 8 0 0 0 1 92 18 101 32.62
2 0 1 0 0 0 3 78 82 86 3 64 27.21
4 1 0 0 0 0 2 82 91 19 90 19.83
10 0 0 0 0 9 2 81 93 5 68 37.66
5 0 0 0 0 8 1 89 10 105 29.9
5 0 0 0 5 0 2 87 90 5 71 29.29
8 0 0 0 0 8 2 84 88 15 87 35.47
2 1 0 0 0 0 2 84 94 23 112 32.06
9 1 0 0 0 0 2 84 86 19 108 25.37
10 0 0 5 0 0 1 89 28 124 34.21
7 1 0 0 0 0 2 86 92 19 118 19.42
8 0 0 0 6 0 2 90 91 28 123 33.41
10 0 10 0 0 0 1 93 18 105 36.55
4 0 0 0 0 5 2 89 91 23 111 31.16
6 0 0 0 0 6 1 92 38 109 26.04
6 0 3 0 0 0 2 93 94 36 123 34.84
10 0 9 0 0 0 1 94 36 103 20.7
4 0 0 8 0 0 1 95 44 116 24.47
3 0 0 0 0 6 1 95 42 129 33.39
5 0 0 0 0 2 1 95 46 114 25.6
1 0 0 0 0 0 0 51 106 29.08
1 0 0 0 0 0 3 97 98 99 0 88 36.77
5 0 8 2 4 9 3 101 102 111 1 59 27.5
5 0 10 6 4 7 3 106 110 124 1 94 19.36
10 0 8 10 10 9 3 100 103 105 1 102 34.24
4 0 5 3 5 3 2 117 123 11 72 25.87
4 0 6 6 10 9 3 104 110 124 6 102 26.35
8 0 6 5 8 10 3 105 107 112 6 110 20.19
1 0 7 9 2 1 3 106 116 117 11 71 34.95
9 0 9 10 9 6 3 106 107 120 10 104 31.96
1 0 1 8 7 1 3 113 114 115 14 91 21.0
6 0 8 5 8 3 2 113 119 19 80 29.63
2 0 6 4 4 8 1 108 19 108 29.63
6 0 5 10 1 5 2 109 115 21 81 30.12
10 1 0 0 0 0 3 114 116 119 27 117 30.22
8 0 8 3 7 3 3 112 113 117 10 101 31.85
1 0 4 9 10 10 3 112 119 124 6 72 25.63
1 0 3 9 10 9 3 114 115 120 18 94 31.86
1 0 8 1 1 2 2 118 122 25 118 29.99
10 0 7 3 5 5 2 118 123 37 94 21.53
4 1 0 0 0 0 2 116 118 27 87 33.28
9 0 4 9 6 10 2 121 122 37 133 32.77
2 0 5 3 9 1 3 120 121 126 18 116 37.4
1 0 6 8 3 3 2 121 126 47 97 36.79
9 0 1 8 8 1 1 122 37 108 21.24
2 0 2 1 3 3 1 125 20 88 21.58
3 0 6 4 8 3 1 125 48 123 26.05
6 0 4 4 8 9 1 123 46 133 22.91
8 0 8 6 8 9 2 125 126 52 141 34.75
1 0 2 5 3 8 1 127 10 107 21.42
4 0 9 8 4 3 1 127 60 112 34.89
1 0 10 2 1 10 1 127 60 147 29.18
1 0 0 0 0 0 0 64 145 20.65
1 0 0 0 0 0 3 129 130 131 0 82 22.94
10 0 0 9 0 0 2 142 143 1 79 33.34
9 0 2 0 0 0 3 132 134 135 1 92 32.02
3 0 0 6 0 0 1 133 1 61 19.5
5 0 3 0 0 0 3 137 144 156 10 105 25.05
5 0 0 0 4 0 3 136 137 141 4 90 30.95
1 0 0 0 4 0 1 140 10 107 21.59
1 0 0 7 0 0 2 136 139 10 69 33.95
5 0 0 0 10 0 3 138 147 153 11 92 22.46
5 1 0 0 0 0 1 143 15 109 37.41
6 1 0 0 0 0 1 150 16 114 32.08
4 0 6 0 0 0 3 140 142 144 11 86 22.28
10 1 0 0 0 0 2 145 150 15 102 26.43
4 0 0 4 0 0 3 147 149 154 9 67 37.52
10 0 0 0 0 7 3 146 148 152 15 74 20.17
1 1 0 0 0 0 2 152 158 20 92 19.32
5 0 0 8 0 0 3 145 148 157 15 74 25.25
4 0 0 5 0 0 1 147 25 98 31.49
8 0 0 0 0 6 3 151 153 156 25 124 24.34
3 0 0 0 5 0 1 158 29 98 27.31
8 0 0 10 0 0 1 153 25 85 30.7
4 0 0 6 0 0 2 151 155 13 76 35.89
1 0 0 0 4 0 3 151 152 155 25 86 27.06
4 0 0 0 1 0 1 157 33 119 33.18
4 0 0 10 0 0 1 157 26 97 26.17
1 0 0 8 0 0 1 158 33 92 33.64
7 0 0 0 7 0 1 155 13 103 37.24
4 0 0 0 0 6 1 156 26 96 25.57
2 0 0 0 0 10 1 159 33 109 20.57
1 0 0 4 0 0 1 159 37 122 20.55
2 0 0 0 0 5 1 159 34 123 27.43
1 0 0 0 0 0 0 38 105 21.38
1 0 0 0 0 0 3 161 162 163 0 56 36.08
4 0 0 0 10 6 2 166 170 1 57 34.96
6 0 6 0 0 3 2 172 185 1 77 22.03
5 0 0 2 0 0 3 164 177 179 1 72 26.65
5 0 0 0 0 9 2 165 167 6 86 33.73
5 0 0 0 1 9 3 168 171 174 11 71 24.15
8 0 0 4 0 7 1 173 5 90 33.74
8 0 1 1 0 8 2 169 184 11 87 28.02
7 0 7 0 0 3 1 176 16 116 28.26
1 1 0 0 0 0 1 181 19 106 22.92
4 0 7 9 10 0 3 178 184 187 5 99 29.09
5 0 10 7 8 7 2 175 190 16 71 21.26
4 0 7 0 0 0 1 174 7 98 30.83
6 0 0 0 10 5 2 180 183 13 114 27.62
10 0 0 4 7 0 1 180 16 98 25.31
2 1 0 0 0 0 3 180 184 187 21 92 29.3
5 1 0 0 0 0 1 178 23 111 36.18
6 1 0 0 0 0 1 181 6 100 23.44
8 0 0 0 10 8 1 182 28 94 20.51
10 0 10 0 0 0 1 188 6 105 33.82
8 1 0 0 0 0 1 186 26 91 37.02
7 0 0 0 3 0 1 187 20 92 28.01
7 0 0 7 0 0 1 189 36 125 36.99
7 0 10 3 0 10 1 186 19 86 19.61
7 1 0 0 0 0 1 185 23 88 34.67
10 0 7 0 0 0 2 186 188 30 130 26.07
10 0 0 2 6 0 1 189 40 133 24.74
10 0 7 0 0 7 1 189 27 112 36.67
3 0 7 0 0 5 1 191 40 124 36.61
9 0 9 5 0 8 1 191 50 104 21.87
1 0 0 4 0 0 1 191 21 109 32.07
1 0 0 0 0 0 0 59 145 22.95
1 0 0 0 0 0 3 193 194 195 0 89 33.02
9 0 9 4 0 0 2 197 218 1 69 29.86
7 0 2 0 2 9 3 200 202 205 1 80 26.9
5 0 6 2 0 4 3 196 203 206 1 63 24.25
6 0 1 0 7 0 3 198 199 209 6 87 23.92
4 0 3 0 0 0 1 210 10 84 27.65
3 0 0 10 10 3 1 204 12 92 24.04
5 0 6 0 0 0 1 215 12 112 36.94
9 0 0 9 9 0 1 201 8 88 24.0
6 1 0 0 0 0 2 208 213 17 107 26.37
10 0 0 0 7 9 1 208 8 109 25.78
7 0 0 6 0 3 1 212 6 65 27.18
9 0 0 6 7 0 1 214 15 116 25.84
9 1 0 0 0 0 2 210 216 8 85 36.79
1 0 6 0 0 10 1 207 6 105 21.09
4 0 2 0 10 0 1 215 7 74 31.03
2 0 7 0 10 6 2 211 220 23 93 25.13
6 0 6 0 0 0 2 212 222 12 96 28.16
2 1 0 0 0 0 2 211 213 17 88 34.38
1 1 0 0 0 0 1 222 25 99 20.45
5 1 0 0 0 0 1 217 18 81 26.45
2 0 0 3 4 10 2 215 220 23 117 32.61
4 1 0 0 0 0 1 218 24 77 32.47
9 0 0 9 0 1 1 222 25 91 25.09
4 0 0 0 1 2 2 219 221 17 116 31.75
5 0 2 0 9 0 1 219 23 76 36.7
4 0 1 0 0 0 2 219 221 28 99 20.71
6 0 2 10 0 5 1 220 32 92 27.98
7 0 0 0 0 9 1 223 38 131 22.61
2 0 0 0 6 0 1 223 32 81 35.94
3 0 0 8 4 0 1 223 34 103 28.96
1 0 0 0 0 0 0 45 114 24.74
1 0 0 0 0 0 3 225 226 227 0 66 29.51
5 0 7 0 0 3 1 228 1 95 24.02
3 0 4 4 0 4 3 229 240 249 1 76 29.89
1 0 0 2 0 1 3 233 237 242 1 77 32.42
1 0 6 9 0 8 3 235 239 241 6 80 21.26
5 0 0 0 8 0 3 230 231 238 4 97 31.76
2 0 3 8 0 0 3 232 234 243 9 92 32.44
2 0 0 8 4 0 1 245 9 106 27.27
8 0 3 0 0 10 1 246 11 80 31.07
9 0 4 3 0 9 1 244 2 76 21.43
1 0 0 6 9 0 1 236 11 83 18.92
4 0 6 0 10 9 2 240 254 7 77 25.59
2 0 10 0 0 0 1 252 12 65 36.04
4 0 0 1 2 0 1 250 2 66 35.77
1 0 5 0 0 0 2 242 252 9 85 20.87
1 0 0 0 1 0 2 249 250 7 84 32.05
3 0 0 9 0 0 2 250 251 11 75 28.39
7 0 9 4 9 0 2 242 248 7 93 25.12
6 0 8 9 0 2 1 251 14 91 37.09
1 1 0 0 0 0 1 248 11 72 24.76
8 0 0 5 0 1 1 253 11 85 21.56
3 0 0 5 0 8 1 247 11 79 33.46
3 1 0 0 0 0 1 254 19 113 22.06
10 1 0 0 0 0 1 251 14 113 32.8
8 1 0 0 0 0 1 254 14 78 30.13
7 1 0 0 0 0 1 252 8 94 29.35
4 0 0 7 0 10 1 253 14 73 25.28
5 0 0 2 5 0 1 253 24 105 28.46
2 1 0 0 0 0 1 255 15 87 26.52
7 0 0 6 9 0 1 255 29 85 21.84
5 0 2 9 8 3 1 255 22 87 31.24
1 0 0 0 0 0 0 36 103 35.3
1 0 0 0 0 0 3 257 258 259 0 66 24.83
3 0 0 0 0 3 3 265 270 271 1 92 26.91
2 0 10 0 0 0 3 262 266 271 1 65 34.82
8 0 0 7 7 0 3 260 261 285 1 87 18.91
4 0 2 0 9 6 3 269 273 274 9 80 36.29
3 0 0 0 8 0 3 263 267 270 9 66 23.97
4 0 0 5 0 0 3 264 268 272 3 93 34.24
1 0 9 0 0 0 3 264 272 275 12 67 22.6
5 0 0 0 3 0 3 269 279 280 13 107 28.77
3 0 4 0 8 0 3 269 274 275 4 94 35.48
4 0 2 0 4 4 3 268 277 278 3 103 31.7
2 0 5 3 2 2 3 275 276 281 12 112 20.06
8 0 0 10 1 0 3 270 273 285 7 73 19.48
10 0 5 9 0 9 1 277 18 84 30.56
3 0 0 4 0 5 3 274 282 286 15 107 29.28
9 0 2 3 0 0 1 278 4 69 20.57
2 0 0 0 0 3 3 273 276 277 13 73 27.41
2 0 1 0 0 0 2 279 283 15 65 20.01
7 1 0 0 0 0 2 276 281 18 84 20.33
10 0 0 0 10 0 3 280 283 286 14 75 20.63
6 1 0 0 0 0 1 279 25 108 21.77
4 0 0 1 5 3 2 281 282 28 122 33.2
9 1 0 0 0 0 3 280 285 286 13 91 21.3
10 0 6 0 0 2 1 284 31 127 21.1
8 1 0 0 0 0 1 282 24 120 28.52
3 1 0 0 0 0 1 283 32 83 32.97
2 0 3 5 1 10 1 284 32 83 22.69
5 1 0 0 0 0 1 284 35 94 19.25
9 0 8 2 0 0 1 287 41 112 31.63
8 0 10 10 10 7 1 287 22 78 36.93
4 0 4 0 9 0 1 287 24 81 28.54
1 0 0 0 0 0 0 50 127 29.6
310.08 270.86 280.47 278.39 273.26 310.38 414.42 420.99 414.68 384.55 341.34 339.29 338.3 339.65 345.85 347.72 362.43 406.1 440.97 495.9 494.05 455.0 429.15 391.2 330.76 298.92 298.95 289.2 295.75 320.01 382.92 414.98 426.22 383.99 310.09 288.85 306.36 304.65 303.9 302.79 306.99 361.05 424.59 469.8 469.72 428.67 406.45 343.31 297.01 286.98 298.71 285.6 293.99 297.59 343.72 393.5 395.51 356.26 302.9 293.77 288.83 294.02 286.07 289.33 303.1 353.0 409.93 449.0 454.73 420.0 406.84 355.01 309.92 300.03 310.0 306.3 312.0 347.06 407.41 419.99 414.92 397.16 355.1 337.65 328.55 325.13 330.2 351.33 376.72 401.31 450.0 539.9 534.75 446.0 414.99 390.0 422.1 405.0 395.72 391.95 402.62 408.06 469.54 513.31 508.0 472.56 419.9 406.94 388.62 418.22 442.78 437.38 451.88 450.0 489.99 560.0 565.4 507.78 469.47 424.02 427.23 400.71 387.87 374.09 375.79 382.76 379.9 388.74 399.9 374.5 350.01 338.37 329.58 297.44 309.03 338.57 357.42 412.3 466.2 503.26 504.7 479.94 461.91 425.89 416.3 397.2 377.9 354.0 350.06 351.01 352.77 350.05 355.17 339.94 309.0 286.79 229.51 186.5 151.1 231.52 321.76 382.96 415.9 454.91 459.96 462.6 455.42 398.97 310.08 270.86 280.47 278.39 273.26 310.38 414.42 420.99 414.68 384.55 341.34 339.29 338.3 339.65 345.85 347.72 362.43 406.1 440.97 495.9 494.05 455.0 429.15 391.2 330.76 298.92 298.95 289.2 295.75 320.01 382.92 414.98 426.22 383.99 310.09 288.85 306.36 304.65 303.9 302.79 306.99 361.05 424.59 469.8 469.72 428.67 406.45 343.31 297.01 286.98 298.71 285.6 293.99 297.59 343.72 393.5 395.51 356.26 302.9 293.77 288.83 294.02 286.07 289.33 303.1 353.0 409.93 449.0 454.73 420.0 406.84 355.01 309.92 300.03 310.0 306.3 312.0 347.06 407.41 419.99 414.92 397.16 355.1 337.65 328.55 325.13 330.2 351.33 376.72 401.31 450.0 539.9 534.75 446.0 414.99 390.0 422.1 405.0 395.72 391.95 402.62 408.06 469.54 513.31 508.0 472.56 419.9 406.94 388.62 418.22 442.78 437.38 451.88 450.0 489.99 560.0 565.4 507.78 469.47 424.02 427.23 400.71 387.87 374.09 375.79 382.76 379.9 388.74 399.9 374.5 350.01 338.37 329.58 297.44 309.03 338.57 357.42 412.3 466.2 503.26 504.7 479.94 461.91 425.89 416.3 397.2 377.9 354.0 350.06 351.01 352.77 350.05 355.17 339.94 309.0 286.79 229.51 186.5 151.1 231.52 321.76 382.96 415.9 454.91 459.96 462.6 455.42 398.97 310.08 270.86 280.47 278.39 273.26 310.38 414.42 420.99 414.68 384.55 341.34 339.29 338.3 339.65 345.85 347.72 362.43 406.1 440.97 495.9 494.05 455.0 429.15 391.2 330.76 298.92 298.95 289.2 295.75 320.01 382.92 414.98 426.22 383.99 310.09 288.85 306.36 304.65 303.9 302.79 306.99 361.05 424.59 469.8 469.72 428.67 406.45 343.31 297.01 286.98 298.71 285.6 293.99 297.59 343.72 393.5 395.51 356.26 302.9 293.77 288.83 294.02 286.07 289.33 303.1 353.0 409.93 449.0 454.73 420.0 406.84 355.01 309.92 300.03 310.0 306.3 312.0 347.06 407.41 419.99 414.92 397.16 355.1 337.65 328.55 325.13 330.2 351.33 376.72 401.31 450.0 539.9 534.75 446.0 414.99 390.0 422.1 405.0 395.72 391.95 402.62 408.06 469.54 513.31 508.0 472.56 419.9 406.94 388.62 418.22 442.78 437.38 451.88 450.0 489.99 560.0 565.4 507.78 469.47 424.02 427.23 400.71 387.87 374.09 375.79 382.76 379.9 388.74 399.9 374.5 350.01 338.37 329.58 297.44 309.03 338.57 357.42 412.3 466.2 503.26 504.7 479.94 461.91 425.89 416.3 397.2 377.9 354.0 350.06 351.01 352.77 350.05 355.17 339.94 309.0 286.79 229.51 186.5 151.1 231.52 321.76 382.96 415.9 454.91 459.96 462.6 455.42 398.97
